0.34475696, 1.0000000, 0.95926434, 9.3851709, 9.7459631, 9.8625250, 9.9612694, 9.9802465, 9.9921579, 19.998735, 19.999678, 19.999704, 19.976204, 0.34382871, 0.34744763, 0.34861913, 0.34960976, 0.34980097, 0.34992084, 0.34999356, 0.34999835, 0.34999853, 0.34988102, 0.95926434
0.32360327, 1.0000000, 0.88262057, 8.0275927, 9.5312109, 9.7190762, 9.8822451, 9.9373369, 9.9716816, 19.992693, 19.998104, 19.997797, 19.953644, 0.33027330, 0.34531024, 0.34718981, 0.34882224, 0.34937328, 0.34971678, 0.34996346, 0.34999052, 0.34998900, 0.34976822, 0.88262057
0.28558046, 1.0000000, 0.74485666, 5.4389477, 9.3419685, 9.5724611, 9.7692204, 9.8687134, 9.9354496, 19.980043, 19.994766, 19.993101, 19.933319, 0.30438778, 0.34341791, 0.34572372, 0.34769201, 0.34868705, 0.34935448, 0.34990022, 0.34997383, 0.34996551, 0.34966660, 0.74485666
0.25005820, 1.0000000, 0.61615288, 2.9850900, 9.1646185, 9.5401468, 9.7218580, 9.8305435, 9.9113798, 19.969275, 19.991732, 19.985636, 19.916035, 0.27985010, 0.34164473, 0.34540072, 0.34721842, 0.34830534, 0.34911376, 0.34984636, 0.34995866, 0.34992817, 0.34958017, 0.61615288
0.24368697, 1.0000000, 0.59306872, 2.7102857, 8.7866716, 9.6607819, 9.7719660, 9.8520164, 9.9174614, 19.966999, 19.990503, 19.975895, 19.902018, 0.27710205, 0.33786514, 0.34660694, 0.34771949, 0.34852007, 0.34917459, 0.34983498, 0.34995252, 0.34987947, 0.34951007, 0.59306872
0.35599178, 1.0000000, 0.99997014, 9.9996357, 9.9997940, 9.9998951, 9.9999695, 9.9999819, 9.9999962, 19.999998, 19.999998, 19.999998, 19.994993, 0.34999582, 0.34999761, 0.34999880, 0.34999967, 0.34999979, 0.34999996, 0.34999999, 0.34999999, 0.34999999, 0.34997496, 0.99997014
0.35600001, 1.0000000, 1.0000000, 9.9999990, 9.9999990, 9.9999990, 9.9999990, 9.9999990, 9.9999990, 19.999998, 19.999998, 19.999998, 19.998999, 0.34999999, 0.34999999, 0.34999999, 0.34999999, 0.34999999, 0.34999999, 0.34999999, 0.34999999, 0.34999999, 0.34999499, 1.0000000
0.35600001, 1.0000000, 1.0000000, 9.9999990, 9.9999990, 9.9999990, 9.9999990, 9.9999962, 9.9999990, 19.999998, 19.999998, 19.999998, 19.995995, 0.34999999, 0.34999999, 0.34999999, 0.34999999, 0.34999996, 0.34999999, 0.34999999, 0.34999999, 0.34999999, 0.34997997, 1.0000000
0.35599983, 1.0000000, 0.99999928, 9.9999990, 9.9999990, 9.9999990, 9.9999990, 9.9999990, 9.9999990, 19.999998, 19.999998, 19.999998, 19.998999, 0.34999990, 0.34999993, 0.34999996, 0.34999999, 0.34999999, 0.34999999, 0.34999999, 0.34999999, 0.34999999, 0.34999499, 0.99999928
0.34645766, 1.0000000, 0.96542633, 9.4845972, 9.7768030, 9.8804188, 9.9650640, 9.9821825, 9.9926977, 19.998615, 19.999647, 19.999678, 19.975233, 0.34482044, 0.34775478, 0.34879744, 0.34964740, 0.34982020, 0.34992614, 0.34999293, 0.34999821, 0.34999838, 0.34987617, 0.96542633
0.30944586, 1.0000000, 0.83132553, 7.2662201, 9.3185654, 9.5930986, 9.8090954, 9.8980770, 9.9511738, 19.985031, 19.996113, 19.997179, 19.952625, 0.32199025, 0.34284183, 0.34575555, 0.34800190, 0.34893537, 0.34948859, 0.34992096, 0.34997946, 0.34998560, 0.34976307, 0.83132553
0.23597293, 1.0000000, 0.56511927, 2.6368380, 8.3643599, 9.3612852, 9.6058512, 9.7642698, 9.8751326, 19.953669, 19.987671, 19.991003, 19.932112, 0.27544144, 0.33316785, 0.34336993, 0.34593526, 0.34757981, 0.34871927, 0.34976253, 0.34993684, 0.34995463, 0.34966049, 0.56511927
0.18990490, 1.0000000, 0.39820614, 0.69578588, 5.9095845, 9.3644762, 9.5826664, 9.7315941, 9.8489389, 19.934662, 19.981869, 19.982658, 19.914846, 0.25658488, 0.30890390, 0.34354633, 0.34577689, 0.34729055, 0.34847647, 0.34967095, 0.34990874, 0.34991315, 0.34957421, 0.39820614
0.16321100, 1.0000000, 0.30148911, 0.0000000, 3.7644644, 9.3697424, 9.5813131, 9.7242279, 9.8400249, 19.921461, 19.976860, 19.971798, 19.900839, 0.24999015, 0.28758276, 0.34366456, 0.34579700, 0.34723407, 0.34839606, 0.34960654, 0.34988412, 0.34985894, 0.34950420, 0.30148911
0.15039471, 0.85009247, 0.25505325, 0.0000000, 2.5381267, 8.7081566, 9.5933008, 9.7285137, 9.8396978, 19.912945, 19.972059, 19.959002, 19.889828, 0.24999015, 0.27538031, 0.33707991, 0.34593266, 0.34728497, 0.34839693, 0.34956473, 0.34986031, 0.34979501, 0.34944913, 0.25505325
0.13952160, 0.71878809, 0.21565799, 0.0000000, 1.7436564, 7.6709170, 9.5925274, 9.7273865, 9.8378515, 19.905956, 19.966343, 19.944986, 19.881414, 0.24999015, 0.26743609, 0.32670814, 0.34592500, 0.34727374, 0.34837845, 0.34952977, 0.34983170, 0.34972495, 0.34940708, 0.21565799
0.12753083, 0.57398635, 0.17221312, 0.0000000, 0.85326135, 6.5625806, 9.5733604, 9.7143497, 9.8289280, 19.896402, 19.958296, 19.930479, 19.875036, 0.24999015, 0.25852567, 0.31562060, 0.34573138, 0.34714234, 0.34828874, 0.34948191, 0.34979144, 0.34965241, 0.34937519, 0.17221312
0.11780554, 0.45654300, 0.13697660, 0.0000000, 0.18879175, 5.5385079, 9.5824003, 9.7185488, 9.8302946, 19.892096, 19.949886, 19.916962, 19.870369, 0.24999015, 0.25188774, 0.30538237, 0.34582308, 0.34718502, 0.34830281, 0.34946048, 0.34974945, 0.34958482, 0.34935185, 0.13697660
0.11278017, 0.39585608, 0.11876871, 0.0000000, 0.0000000, 4.6935635, 9.6143646, 9.7367048, 9.8382931, 19.890171, 19.940668, 19.904905, 19.867006, 0.24999015, 0.24999702, 0.29693440, 0.34614316, 0.34736678, 0.34838283, 0.34945086, 0.34970334, 0.34952453, 0.34933501, 0.11876871
0.11067241, 0.37040272, 0.11113193, 0.0000000, 0.0000000, 4.1688595, 9.6718245, 9.7721176, 9.8560925, 19.892849, 19.931784, 19.894878, 19.864649, 0.24999015, 0.24999702, 0.29168701, 0.34671751, 0.34772077, 0.34856081, 0.34946424, 0.34965891, 0.34947440, 0.34932324, 0.11113193
0.10798410, 0.33793834, 0.10139164, 0.0000000, 0.0000000, 3.5246561, 9.6507311, 9.7631493, 9.8532505, 19.890303, 19.921230, 19.886271, 19.862906, 0.24999015, 0.24999702, 0.28524554, 0.34650674, 0.34763122, 0.34853241, 0.34945151, 0.34960616, 0.34943134, 0.34931451, 0.10139164
0.10517223, 0.30398202, 0.91203727E-1, 0.0000000, 0.0000000, 2.8965116, 9.4111652, 9.7365751, 9.8385992, 19.881102, 19.909073, 19.878912, 19.861567, 0.24999015, 0.24999702, 0.27896419, 0.34411106, 0.34736544, 0.34838590, 0.34940550, 0.34954536, 0.34939456, 0.34930784, 0.91203727E-1
0.10407086, 0.29068181, 0.87213263E-1, 0.0000000, 0.0000000, 2.6804805, 9.1449871, 9.7658978, 9.8511229, 19.879427, 19.899611, 19.873631, 19.860731, 0.24999015, 0.24999702, 0.27680293, 0.34144858, 0.34765831, 0.34851098, 0.34939712, 0.34949806, 0.34936816, 0.34930366, 0.87213263E-1
0.10240327, 0.27054375, 0.81171244E-1, 0.0000000, 0.0000000, 2.3458095, 8.8113022, 9.7532568, 9.8448830, 19.873100, 19.890068, 19.869303, 19.860067, 0.24999015, 0.24999702, 0.27345690, 0.33811212, 0.34753209, 0.34844863, 0.34936550, 0.34945035, 0.34934652, 0.34930032, 0.81171244E-1
0.10137683, 0.25814843, 0.77452280E-1, 0.0000000, 0.0000000, 2.1460652, 8.5589695, 9.7728720, 9.8529797, 19.870344, 19.882746, 19.866243, 19.859663, 0.24999015, 0.24999702, 0.27145988, 0.33558908, 0.34772837, 0.34852967, 0.34935170, 0.34941372, 0.34933120, 0.34929830, 0.77452280E-1
0.10035384, 0.24579480, 0.73745817E-1, 0.0000000, 0.0000000, 1.9441873, 8.3280401, 9.7820959, 9.8554392, 19.865442, 19.876135, 19.863852, 19.859356, 0.24999015, 0.24999702, 0.26944080, 0.33327946, 0.34782043, 0.34855422, 0.34932721, 0.34938067, 0.34931925, 0.34929678, 0.73745817E-1
0.98997980E-1, 0.22942126, 0.68833262E-1, 0.0000000, 0.0000000, 1.6745687, 8.0530043, 9.7706547, 9.8481464, 19.857874, 19.869980, 19.861874, 19.859121, 0.24999015, 0.24999702, 0.26673144, 0.33052242, 0.34770259, 0.34847954, 0.34928903, 0.34934983, 0.34930936, 0.34929562, 0.68833262E-1
0.98305419E-1, 0.22105780, 0.66323973E-1, 0.0000000, 0.0000000, 1.5408128, 7.8650780, 9.7933531, 9.8570080, 19.855709, 19.866241, 19.860762, 19.859022, 0.24999015, 0.24999702, 0.26540709, 0.32864973, 0.34793288, 0.34856987, 0.34927854, 0.34933120, 0.34930381, 0.34929511, 0.66323973E-1
0.15109962, 0.85860515, 0.25760731, 2.4390249, 2.4334371, 1.4291495, 7.7103662, 9.8113623, 9.8639374, 19.853971, 19.863432, 19.859961, 19.858934, 0.27416590, 0.27421984, 0.26423320, 0.32707381, 0.34809837, 0.34863162, 0.34926847, 0.34931681, 0.34929970, 0.34929463, 0.25760731
0.15431866, 0.89747858, 0.26927051, 2.2762327, 2.2600322, 2.8745532, 8.5029182, 9.8313894, 9.8725462, 19.854208, 19.861780, 19.859507, 19.858917, 0.27266878, 0.27255255, 0.27872112, 0.33501673, 0.34830755, 0.34872222, 0.34927043, 0.34930876, 0.34929749, 0.34929460, 0.26927051
0.16739154, 1.0000000, 0.31663597, 2.3711534, 2.3229604, 5.3346777, 9.5704803, 9.8172646, 9.8648529, 19.849707, 19.859365, 19.858902, 19.858828, 0.27371147, 0.27322957, 0.30334672, 0.34570476, 0.34817263, 0.34864852, 0.34924853, 0.34929684, 0.34929451, 0.34929413, 0.31663597
0.13497582, 0.66389281, 0.19918777, 0.81422925, 1.5061915, 4.4662480, 9.6178141, 9.7585859, 9.8347387, 19.836596, 19.855009, 19.857805, 19.858652, 0.25783971, 0.26490724, 0.29458302, 0.34613767, 0.34756520, 0.34833691, 0.34918106, 0.34927455, 0.34928891, 0.34929323, 0.19918777
0.11568750, 0.43096542, 0.12930256, 0.0000000, 0.83707273, 3.7400372, 9.6272259, 9.7443094, 9.8248281, 19.828794, 19.852264, 19.857117, 19.858517, 0.24999920, 0.25828826, 0.28735718, 0.34625024, 0.34743184, 0.34824261, 0.34914297, 0.34926105, 0.34928551, 0.34929255, 0.12930256
0.10382262, 0.28768402, 0.86313844E-1, 0.0000000, 0.0000000, 2.6469767, 9.1912918, 9.6554537, 9.7765322, 19.806166, 19.845634, 19.855406, 19.858124, 0.24999920, 0.24999154, 0.27627200, 0.34181154, 0.34650281, 0.34773907, 0.34902611, 0.34922695, 0.34927669, 0.34929052, 0.86313844E-1
0.99968359E-1, 0.24113962, 0.72349124E-1, 0.0000000, 0.0000000, 1.8663496, 8.4485331, 9.6297035, 9.7581730, 19.791510, 19.840981, 19.854195, 19.857864, 0.24999920, 0.24999154, 0.26847807, 0.33438981, 0.34624818, 0.34755704, 0.34895310, 0.34920374, 0.34927067, 0.34928924, 0.72349124E-1
0.95896833E-1, 0.19197159, 0.57597235E-1, 0.0000000, 0.0000000, 1.0570884, 7.6404085, 9.6079006, 9.7434053, 19.779413, 19.836935, 19.853140, 19.857639, 0.24999920, 0.24999154, 0.26029828, 0.32626310, 0.34600669, 0.34739751, 0.34889051, 0.34918299, 0.34926525, 0.34928808, 0.57597235E-1
0.92420280E-1, 0.14998835, 0.45001008E-1, 0.0000000, 0.0000000, 0.36462545, 6.8374414, 9.6120262, 9.7439795, 19.775595, 19.835093, 19.852652, 19.857565, 0.24999920, 0.24999154, 0.25348750, 0.31829095, 0.34607711, 0.34741813, 0.34887415, 0.34917447, 0.34926298, 0.34928775, 0.45001008E-1
0.90514697E-1, 0.12697642, 0.38096733E-1, 0.0000000, 0.0000000, 0.0000000, 6.2526183, 9.6484213, 9.7630262, 19.782078, 19.836353, 19.852993, 19.857670, 0.24999920, 0.24999154, 0.24999997, 0.31248724, 0.34646368, 0.34762013, 0.34890866, 0.34918132, 0.34926486, 0.34928831, 0.38096733E-1
0.89835823E-1, 0.11877830, 0.35637055E-1, 0.0000000, 0.0000000, 0.0000000, 5.4680042, 9.6106653, 9.7462025, 19.778307, 19.835041, 19.852657, 19.857613, 0.24999920, 0.24999154, 0.24999997, 0.30453670, 0.34603208, 0.34742460, 0.34888491, 0.34917349, 0.34926283, 0.34928793, 0.35637055E-1
0.89560874E-1, 0.11545797, 0.34640856E-1, 0.0000000, 0.0000000, 0.0000000, 5.0684996, 9.6964369, 9.7887220, 19.793238, 19.838926, 19.853685, 19.857893, 0.24999920, 0.24999154, 0.24999997, 0.30067587, 0.34695902, 0.34788474, 0.34896582, 0.34919456, 0.34926841, 0.34928948, 0.34640856E-1
0.89202642E-1, 0.11113197, 0.33342928E-1, 0.0000000, 0.0000000, 0.0000000, 4.6371021, 9.6915302, 9.7895956, 19.797739, 19.840309, 19.854078, 19.858006, 0.24999920, 0.24999154, 0.24999997, 0.29637003, 0.34691426, 0.34789559, 0.34898871, 0.34920156, 0.34927040, 0.34929001, 0.33342928E-1
0.88712506E-1, 0.10521298, 0.31567052E-1, 0.0000000, 0.0000000, 0.0000000, 4.0722957, 9.6599913, 9.7740564, 19.793289, 19.839304, 19.853832, 19.857929, 0.24999920, 0.24999154, 0.24999997, 0.29065451, 0.34656382, 0.34772250, 0.34896329, 0.34919569, 0.34926894, 0.34928960, 0.31567052E-1
0.87953992E-1, 0.96053109E-1, 0.28818816E-1, 0.0000000, 0.0000000, 0.0000000, 3.2067945, 9.5841599, 9.7343349, 19.777994, 19.835155, 19.852747, 19.857658, 0.24999920, 0.24999154, 0.24999997, 0.28195357, 0.34578064, 0.34731293, 0.34888467, 0.34917441, 0.34926337, 0.34928820, 0.28818816E-1
0.87357543E-1, 0.88850342E-1, 0.26657769E-1, 0.0000000, 0.0000000, 0.0000000, 2.6578784, 9.2349339, 9.7245970, 19.775118, 19.834064, 19.852468, 19.857571, 0.24999920, 0.24999154, 0.24999997, 0.27650163, 0.34230688, 0.34722498, 0.34887204, 0.34916940, 0.34926212, 0.34928781, 0.26657769E-1
0.86943068E-1, 0.83845109E-1, 0.25156049E-1, 0.0000000, 0.0000000, 0.0000000, 2.3571701, 8.8128004, 9.7373848, 19.779922, 19.835142, 19.852741, 19.857664, 0.24999920, 0.24999154, 0.24999997, 0.27356368, 0.33812252, 0.34737131, 0.34889928, 0.34917563, 0.34926367, 0.34928831, 0.25156049E-1
0.86647987E-1, 0.80281720E-1, 0.24086924E-1, 0.0000000, 0.0000000, 0.0000000, 2.1607728, 8.4834919, 9.7591009, 19.789841, 19.837814, 19.853436, 19.857859, 0.24999920, 0.24999154, 0.24999997, 0.27160743, 0.33483437, 0.34759080, 0.34894919, 0.34918907, 0.34926718, 0.34928930, 0.24086924E-1
0.86259089E-1, 0.75585313E-1, 0.22677861E-1, 0.0000000, 0.0000000, 0.0000000, 1.8937618, 8.0815992, 9.7489815, 19.792585, 19.838736, 19.853706, 19.857935, 0.24999920, 0.24999154, 0.24999997, 0.26893714, 0.33081499, 0.34748939, 0.34896293, 0.34919369, 0.34926853, 0.34928969, 0.22677861E-1
0.86122423E-1, 0.73934942E-1, 0.22182701E-1, 0.0000000, 0.0000000, 0.0000000, 1.8151581, 7.8934360, 9.7947054, 19.804697, 19.842184, 19.854654, 19.858135, 0.24999920, 0.24999154, 0.24999997, 0.26815116, 0.32893345, 0.34794667, 0.34902349, 0.34921092, 0.34927326, 0.34929067, 0.22182701E-1
0.85938394E-1, 0.71712554E-1, 0.21515917E-1, 0.0000000, 0.0000000, 0.0000000, 1.6953170, 7.6869130, 9.8001404, 19.810743, 19.844164, 19.855198, 19.858259, 0.24999920, 0.24999154, 0.24999997, 0.26695248, 0.32686755, 0.34800076, 0.34905371, 0.34922081, 0.34927601, 0.34929129, 0.21515917E-1
0.85544117E-1, 0.66951275E-1, 0.20087391E-1, 0.0000000, 0.0000000, 0.0000000, 1.4253169, 7.2889533, 9.7568693, 19.806557, 19.843369, 19.854980, 19.858198, 0.24999920, 0.24999154, 0.24999997, 0.26425260, 0.32288805, 0.34756804, 0.34903279, 0.34921685, 0.34927490, 0.34929100, 0.20087391E-1
0.85221462E-1, 0.63054867E-1, 0.18918352E-1, 0.0000000, 0.0000000, 0.0000000, 1.2160301, 6.9283905, 9.7555771, 19.806824, 19.843599, 19.855057, 19.858212, 0.24999920, 0.24999154, 0.24999997, 0.26216015, 0.31928352, 0.34755558, 0.34903413, 0.34921801, 0.34927529, 0.34929106, 0.18918352E-1
0.85082188E-1, 0.61372980E-1, 0.18413736E-1, 0.0000000, 0.0000000, 0.0000000, 1.1316270, 6.7469778, 9.7969103, 19.813749, 19.845583, 19.855598, 19.858358, 0.24999920, 0.24999154, 0.24999997, 0.26131618, 0.31746954, 0.34796900, 0.34906876, 0.34922791, 0.34927800, 0.34929180, 0.18413736E-1
0.13956623, 0.71932691, 0.21581966, 2.5934010, 2.2635460, 0.0000000, 1.1144072, 6.6564112, 9.8335114, 19.823503, 19.848372, 19.856335, 19.858511, 0.27593380, 0.27263534, 0.24999997, 0.26114407, 0.31656408, 0.34833512, 0.34911752, 0.34924185, 0.34928167, 0.34929255, 0.21581966
0.13003102, 0.60417885, 0.18127178, 2.1686256, 1.8357694, 0.0000000, 1.0192454, 6.5300593, 9.8338270, 19.824583, 19.848885, 19.856476, 19.858522, 0.27168590, 0.26835752, 0.24999997, 0.26019245, 0.31530055, 0.34833825, 0.34912291, 0.34924442, 0.34928238, 0.34929261, 0.18127178
0.11775143, 0.45588964, 0.13678057, 1.5446275, 1.4085114, 0.0000000, 0.92626810, 6.3999019, 9.8326750, 19.825668, 19.849337, 19.856598, 19.858522, 0.26544610, 0.26408502, 0.24999997, 0.25926268, 0.31399900, 0.34832674, 0.34912834, 0.34924668, 0.34928298, 0.34929261, 0.13678057
0.99011406E-1, 0.22958340, 0.68881907E-1, 0.51966906, 0.87406337, 0.0000000, 0.79794824, 6.2512889, 9.8255234, 19.823400, 19.848879, 19.856459, 19.858475, 0.25519583, 0.25873977, 0.24999997, 0.25797939, 0.31251258, 0.34825507, 0.34911701, 0.34924439, 0.34928229, 0.34929237, 0.68881907E-1
0.84869869E-1, 0.58809008E-1, 0.17644467E-1, 0.0000000, 0.77176094E-1, 0.0000000, 0.59677660, 6.0102134, 9.7971106, 19.816820, 19.847151, 19.856022, 19.858376, 0.24998188, 0.25065100, 0.24999997, 0.25593600, 0.31008384, 0.34796169, 0.34908262, 0.34923536, 0.34928003, 0.34929183, 0.17644467E-1
0.84049270E-1, 0.48899367E-1, 0.14671277E-1, 0.0000000, 0.0000000, 0.0000000, 0.41286051, 5.6984248, 9.7706709, 19.813984, 19.846355, 19.855810, 19.858347, 0.24998188, 0.24999765, 0.24999997, 0.25412843, 0.30698299, 0.34770599, 0.34906992, 0.34923178, 0.34927905, 0.34929174, 0.14671277E-1
0.83756365E-1, 0.45362204E-1, 0.13610022E-1, 0.0000000, 0.0000000, 0.0000000, 0.23708642, 5.3481483, 9.7538538, 19.812256, 19.845842, 19.855669, 19.858322, 0.24990547, 0.24999765, 0.24999997, 0.25237069, 0.30347964, 0.34753740, 0.34906128, 0.34922922, 0.34927833, 0.34929162, 0.13610022E-1
0.83407171E-1, 0.41145299E-1, 0.12344824E-1, 0.0000000, 0.0000000, 0.0000000, 0.27436018E-1, 4.9304295, 9.7339554, 19.807791, 19.844578, 19.855333, 19.858259, 0.24990547, 0.24999765, 0.24999997, 0.25027436, 0.29930371, 0.34733918, 0.34903896, 0.34922290, 0.34927666, 0.34929129, 0.12344824E-1
0.83198376E-1, 0.38623862E-1, 0.11588317E-1, 0.0000000, 0.0000000, 0.0000000, 0.0000000, 4.4845190, 9.7233992, 19.807255, 19.844330, 19.855291, 19.858240, 0.24990547, 0.24999765, 0.24999997, 0.24999896, 0.29484433, 0.34723336, 0.34903628, 0.34922165, 0.34927645, 0.34929121, 0.11588317E-1
0.83087169E-1, 0.37280906E-1, 0.11185391E-1, 0.0000000, 0.0000000, 0.0000000, 0.0000000, 4.2033606, 9.7610893, 19.812752, 19.845726, 19.855680, 19.858347, 0.24990547, 0.24999765, 0.24999997, 0.24999896, 0.29203257, 0.34761009, 0.34906375, 0.34922862, 0.34927839, 0.34929174, 0.11185391E-1
0.82953207E-1, 0.35663195E-1, 0.10700028E-1, 0.0000000, 0.0000000, 0.0000000, 0.0000000, 3.8819878, 9.7542725, 19.810326, 19.845100, 19.855505, 19.858311, 0.24990547, 0.24999765, 0.24999997, 0.24999896, 0.28881940, 0.34754235, 0.34905162, 0.34922549, 0.34927753, 0.34929156, 0.10700028E-1
0.82868412E-1, 0.34639169E-1, 0.10392790E-1, 0.0000000, 0.0000000, 0.0000000, 0.0000000, 3.6684804, 9.7803907, 19.817703, 19.847067, 19.855989, 19.858463, 0.24990547, 0.24999765, 0.24999997, 0.24999896, 0.28668416, 0.34780332, 0.34908852, 0.34923533, 0.34927994, 0.34929231, 0.10392790E-1
0.88167526E-1, 0.98631732E-1, 0.29592479E-1, 0.39028525, 0.0000000, 0.0000000, 0.0000000, 3.4569578, 9.7891703, 19.820412, 19.847878, 19.856236, 19.858469, 0.25390249, 0.24999765, 0.24999997, 0.24999896, 0.28456947, 0.34789160, 0.34910205, 0.34923938, 0.34928119, 0.34929234, 0.29592479E-1
0.85446425E-1, 0.65771483E-1, 0.19733418E-1, 0.19877851, 0.0000000, 0.0000000, 0.0000000, 3.2654715, 9.7937899, 19.822342, 19.848495, 19.856394, 19.858475, 0.25198767, 0.24999765, 0.24999997, 0.24999896, 0.28265464, 0.34793782, 0.34911171, 0.34924248, 0.34928197, 0.34929237, 0.19733418E-1
0.16822231, 1.0000000, 0.31964600, 2.4175045, 3.4026818, 4.8871441, 2.3195386, 7.6759200, 9.8234425, 19.825800, 19.849503, 19.856634, 19.858517, 0.27417493, 0.28402668, 0.29887137, 0.27319539, 0.32675919, 0.34823442, 0.34912899, 0.34924752, 0.34928316, 0.34929258, 0.31964600
0.10005970, 0.24224272, 0.72680086E-1, 0.0000000, 0.76065063, 1.3713270, 3.6454568, 9.5435028, 9.7770920, 19.805716, 19.844206, 19.855202, 19.858141, 0.24996153, 0.25738707, 0.26360077, 0.28639716, 0.34540519, 0.34775585, 0.34902591, 0.34922031, 0.34927583, 0.34929064, 0.72680086E-1
0.90934053E-1, 0.13204060, 0.39616145E-1, 0.0000000, 0.0000000, 0.76625645, 2.9858470, 9.5229912, 9.7627392, 19.799242, 19.842232, 19.854679, 19.858040, 0.24996153, 0.24996758, 0.25766200, 0.27985802, 0.34522921, 0.34762716, 0.34899622, 0.34921116, 0.34927338, 0.34929019, 0.39616145E-1
0.87949619E-1, 0.96000306E-1, 0.28802972E-1, 0.0000000, 0.0000000, 0.15913546, 2.6307611, 9.1014080, 9.7447519, 19.792723, 19.840187, 19.854124, 19.857935, 0.24996153, 0.24996758, 0.25159112, 0.27630681, 0.34101269, 0.34744701, 0.34896362, 0.34920093, 0.34927061, 0.34928969, 0.28802972E-1
0.86851224E-1, 0.82736030E-1, 0.24823291E-1, 0.0000000, 0.0000000, 0.0000000, 2.3204060, 8.6619034, 9.7394257, 19.792780, 19.839930, 19.854078, 19.857952, 0.24996153, 0.24996758, 0.24999365, 0.27320325, 0.33661753, 0.34739369, 0.34896392, 0.34919965, 0.34927040, 0.34928977, 0.24823291E-1
0.86457543E-1, 0.77981912E-1, 0.23396913E-1, 0.0000000, 0.0000000, 0.0000000, 2.0482392, 8.2530556, 9.7463284, 19.794550, 19.840229, 19.854160, 19.857988, 0.24996153, 0.24996758, 0.24999365, 0.27048153, 0.33252883, 0.34746259, 0.34897274, 0.34920114, 0.34927079, 0.34928995, 0.23396913E-1
0.86281613E-1, 0.75857282E-1, 0.22759462E-1, 0.0000000, 0.0000000, 0.0000000, 1.9417495, 8.0276022, 9.7862787, 19.804983, 19.842987, 19.854877, 19.858141, 0.24996153, 0.24996758, 0.24999365, 0.26941699, 0.33027497, 0.34786236, 0.34902492, 0.34921494, 0.34927440, 0.34929070, 0.22759462E-1
0.86082071E-1, 0.73447585E-1, 0.22036480E-1, 0.0000000, 0.0000000, 0.0000000, 1.8161356, 7.7947359, 9.7920885, 19.811596, 19.844898, 19.855373, 19.858282, 0.24996153, 0.24996758, 0.24999365, 0.26816124, 0.32794711, 0.34792081, 0.34905797, 0.34922451, 0.34927687, 0.34929141, 0.22036480E-1
0.85777253E-1, 0.69766663E-1, 0.20932093E-1, 0.0000000, 0.0000000, 0.0000000, 1.6096950, 7.4777250, 9.7730131, 19.811087, 19.844942, 19.855392, 19.858297, 0.24996153, 0.24996758, 0.24999365, 0.26609683, 0.32477695, 0.34773001, 0.34905544, 0.34922472, 0.34927696, 0.34929150, 0.20932093E-1
0.85626796E-1, 0.67949645E-1, 0.20386932E-1, 0.0000000, 0.0000000, 0.0000000, 1.5170127, 7.2902102, 9.8015871, 19.816927, 19.846621, 19.855860, 19.858440, 0.24996153, 0.24996758, 0.24999365, 0.26516983, 0.32290137, 0.34801555, 0.34908465, 0.34923309, 0.34927928, 0.34929222, 0.20386932E-1
0.85347600E-1, 0.64578086E-1, 0.19375363E-1, 0.0000000, 0.0000000, 0.0000000, 1.3214052, 7.0125523, 9.7853212, 19.814306, 19.846060, 19.855740, 19.858381, 0.24996153, 0.24996758, 0.24999365, 0.26321360, 0.32012433, 0.34785265, 0.34907153, 0.34923029, 0.34927869, 0.34929192, 0.19375363E-1
0.17240101, 1.0000000, 0.33478627, 2.1831989, 2.5983989, 6.8215690, 8.8524599, 9.2609930, 9.8136892, 19.820786, 19.847878, 19.856236, 19.858469, 0.27183142, 0.27598357, 0.31821516, 0.33852446, 0.34260988, 0.34813687, 0.34910393, 0.34923938, 0.34928119, 0.34929234, 0.33478627
0.13326204, 0.64319700, 0.19297840, 0.79999268, 1.2895286, 4.4523182, 9.4034100, 9.6059341, 9.7815466, 19.805883, 19.844017, 19.855209, 19.858192, 0.25799975, 0.26289514, 0.29452291, 0.34403399, 0.34605929, 0.34781542, 0.34902942, 0.34922010, 0.34927604, 0.34929097, 0.19297840
0.10486375, 0.30025676, 0.90086035E-1, 0.0000000, 0.0000000, 2.8899968, 9.2300730, 9.6091814, 9.7532940, 19.789982, 19.839594, 19.854036, 19.857910, 0.24997665, 0.24999990, 0.27875608, 0.34222695, 0.34605414, 0.34751388, 0.34894651, 0.34919709, 0.34926993, 0.34928948, 0.90086035E-1
0.10061090, 0.24889898, 0.74677162E-1, 0.0000000, 0.0000000, 2.0328851, 8.3545198, 9.6005421, 9.7428484, 19.781977, 19.836998, 19.853312, 19.857748, 0.24997665, 0.24999990, 0.27023962, 0.33349884, 0.34598160, 0.34741658, 0.34890780, 0.34918445, 0.34926641, 0.34928870, 0.74677162E-1
0.97012706E-1, 0.20544694, 0.61640248E-1, 0.0000000, 0.0000000, 1.3204962, 7.5209904, 9.6010094, 9.7429256, 19.781076, 19.836349, 19.853117, 19.857729, 0.24997665, 0.24999990, 0.26320335, 0.32520810, 0.34600893, 0.34742886, 0.34890538, 0.34918174, 0.34926558, 0.34928864, 0.61640248E-1
0.94806179E-1, 0.17880075, 0.53645588E-1, 0.0000000, 0.0000000, 0.90992749, 6.9009757, 9.6459360, 9.7659407, 19.788944, 19.838186, 19.853588, 19.857883, 0.24997665, 0.24999990, 0.25906557, 0.31899053, 0.34644899, 0.34765449, 0.34894395, 0.34919071, 0.34926787, 0.34928942, 0.53645588E-1
0.93748525E-1, 0.16602844, 0.49813513E-1, 0.0000000, 0.0000000, 0.72043538, 6.5176597, 9.7045956, 9.7963409, 19.800938, 19.841406, 19.854439, 19.858088, 0.24997665, 0.24999990, 0.25720388, 0.31517577, 0.34704533, 0.34796318, 0.34900469, 0.34920704, 0.34927219, 0.34929043, 0.49813513E-1
0.91670856E-1, 0.14093833, 0.42285729E-1, 0.0000000, 0.0000000, 0.33468902, 5.9583254, 9.6666727, 9.7825851, 19.802317, 19.841953, 19.854591, 19.858105, 0.24997665, 0.24999990, 0.25334659, 0.30958223, 0.34666592, 0.34782559, 0.34901160, 0.34920976, 0.34927297, 0.34929052, 0.42285729E-1
0.89703433E-1, 0.11717955, 0.35157382E-1, 0.0000000, 0.0000000, 0.0000000, 5.2781420, 9.6273527, 9.7648544, 19.799812, 19.841425, 19.854450, 19.858057, 0.24997665, 0.24999990, 0.24999689, 0.30278030, 0.34627253, 0.34764823, 0.34899905, 0.34920713, 0.34927225, 0.34929028, 0.35157382E-1
0.89226380E-1, 0.11141860, 0.33428922E-1, 0.0000000, 0.0000000, 0.0000000, 4.6911383, 9.6459484, 9.7738943, 19.803497, 19.842478, 19.854738, 19.858118, 0.24997665, 0.24999990, 0.24999689, 0.29691061, 0.34645867, 0.34773868, 0.34901750, 0.34921238, 0.34927368, 0.34929058, 0.33428922E-1
0.88799298E-1, 0.10626111, 0.31881522E-1, 0.0000000, 0.0000000, 0.0000000, 4.1662602, 9.6612873, 9.7820568, 19.807116, 19.843569, 19.855021, 19.858181, 0.24997665, 0.24999990, 0.24999689, 0.29166216, 0.34661236, 0.34782040, 0.34903556, 0.34921783, 0.34927511, 0.34929091, 0.31881522E-1
0.88227317E-1, 0.99353857E-1, 0.29809138E-1, 0.0000000, 0.0000000, 0.0000000, 3.5008254, 9.6169853, 9.7632513, 19.805586, 19.843290, 19.854963, 19.858164, 0.24997665, 0.24999990, 0.24999689, 0.28500742, 0.34616870, 0.34763214, 0.34902793, 0.34921646, 0.34927481, 0.34929082, 0.29809138E-1
0.87537594E-1, 0.91024622E-1, 0.27310118E-1, 0.0000000, 0.0000000, 0.0000000, 2.8503866, 9.2639112, 9.7271395, 19.796593, 19.840906, 19.854343, 19.858017, 0.24997665, 0.24999990, 0.24999689, 0.27850303, 0.34263775, 0.34727091, 0.34898296, 0.34920454, 0.34927171, 0.34929007, 0.27310118E-1
0.87020621E-1, 0.84781684E-1, 0.25437050E-1, 0.0000000, 0.0000000, 0.0000000, 2.4877162, 8.7409391, 9.7266226, 19.794214, 19.840149, 19.854136, 19.857952, 0.24997665, 0.24999990, 0.24999689, 0.27487579, 0.33740696, 0.34726533, 0.34897107, 0.34920076, 0.34927067, 0.34928977, 0.25437050E-1
0.86538702E-1, 0.78961998E-1, 0.23690969E-1, 0.0000000, 0.0000000, 0.0000000, 2.1532238, 8.2454510, 9.7272873, 19.793007, 19.839699, 19.854019, 19.857935, 0.24997665, 0.24999990, 0.24999689, 0.27153140, 0.33245289, 0.34727225, 0.34896505, 0.34919849, 0.34927011, 0.34928969, 0.23690969E-1
0.86083919E-1, 0.73469944E-1, 0.22043187E-1, 0.0000000, 0.0000000, 0.0000000, 1.8382549, 7.7760782, 9.7291269, 19.791960, 19.839334, 19.853901, 19.857922, 0.24997665, 0.24999990, 0.24999689, 0.26838216, 0.32775995, 0.34729090, 0.34895980, 0.34919667, 0.34926951, 0.34928960, 0.22043187E-1
0.85541680E-1, 0.66921875E-1, 0.20078570E-1, 0.0000000, 0.0000000, 0.0000000, 1.4699340, 7.2100105, 9.7087965, 19.788355, 19.838245, 19.853617, 19.857864, 0.24997665, 0.24999990, 0.24999689, 0.26469845, 0.32209790, 0.34708700, 0.34894177, 0.34919122, 0.34926808, 0.34928933, 0.20078570E-1
0.85033774E-1, 0.60788285E-1, 0.18238310E-1, 0.0000000, 0.0000000, 0.0000000, 1.1339456, 6.6553135, 9.7073803, 19.786688, 19.837664, 19.853453, 19.857828, 0.24997665, 0.24999990, 0.24999689, 0.26133922, 0.31655246, 0.34707347, 0.34893343, 0.34918833, 0.34926727, 0.34928915, 0.18238310E-1
0.84817864E-1, 0.58180999E-1, 0.17456045E-1, 0.0000000, 0.0000000, 0.0000000, 0.99807978, 6.3862281, 9.7652254, 19.796083, 19.840130, 19.854101, 19.857988, 0.24997665, 0.24999990, 0.24999689, 0.25998062, 0.31386173, 0.34765199, 0.34898043, 0.34920067, 0.34927052, 0.34928995, 0.17456045E-1
0.13023674, 0.60666317, 0.18201716, 2.1041923, 2.0246394, 0.0000000, 0.78385770, 6.1369166, 9.7733269, 19.795084, 19.840006, 19.854107, 19.857971, 0.27098495, 0.27021724, 0.24999689, 0.25783113, 0.31136531, 0.34773126, 0.34897506, 0.34919995, 0.34927049, 0.34928986, 0.18201716
0.88089451E-1, 0.97688980E-1, 0.29309625E-1, 0.0000000, 0.49691796, 0.0000000, 0.44232607, 5.7493997, 9.7431240, 19.785917, 19.837532, 19.853424, 19.857811, 0.24987091, 0.25483361, 0.24999689, 0.25438857, 0.30747443, 0.34742117, 0.34892794, 0.34918725, 0.34926701, 0.34928903, 0.29309625E-1
0.83703108E-1, 0.44719085E-1, 0.13417067E-1, 0.0000000, 0.0000000, 0.0000000, 0.19963086, 5.3047495, 9.7231255, 19.787584, 19.837831, 19.853470, 19.857853, 0.24987091, 0.24996154, 0.24999689, 0.25199613, 0.30304495, 0.34722972, 0.34893793, 0.34918916, 0.34926736, 0.34928927, 0.13417067E-1
0.83330989E-1, 0.40225282E-1, 0.12068792E-1, 0.0000000, 0.0000000, 0.0000000, 0.0000000, 4.8103132, 9.7068968, 19.790953, 19.838675, 19.853706, 19.857935, 0.24987091, 0.24996154, 0.24999689, 0.24999999, 0.29810244, 0.34706852, 0.34895477, 0.34919336, 0.34926853, 0.34928969, 0.12068792E-1
0.83170034E-1, 0.38281661E-1, 0.11485647E-1, 0.0000000, 0.0000000, 0.0000000, 0.0000000, 4.4145956, 9.7277679, 19.798634, 19.840807, 19.854298, 19.858065, 0.24987091, 0.24996154, 0.24999689, 0.24999999, 0.29414526, 0.34727716, 0.34899318, 0.34920403, 0.34927148, 0.34929031, 0.11485647E-1
0.83005138E-1, 0.36290307E-1, 0.10888181E-1, 0.0000000, 0.0000000, 0.0000000, 0.0000000, 4.0173249, 9.7248430, 19.800278, 19.841394, 19.854439, 19.858076, 0.24987091, 0.24996154, 0.24999689, 0.24999999, 0.29017204, 0.34724748, 0.34900138, 0.34920698, 0.34927219, 0.34929037, 0.10888181E-1
0.82826339E-1, 0.34131169E-1, 0.10240375E-1, 0.0000000, 0.0000000, 0.0000000, 0.0000000, 3.5890765, 9.7139740, 19.799019, 19.841185, 19.854391, 19.858051, 0.24987091, 0.24996154, 0.24999689, 0.24999999, 0.28588960, 0.34713870, 0.34899509, 0.34920591, 0.34927195, 0.34929025, 0.10240375E-1
0.88001549E-1, 0.96627429E-1, 0.28991127E-1, 0.38634837, 0.0000000, 0.0000000, 0.0000000, 3.2121816, 9.7256174, 19.802206, 19.842113, 19.854643, 19.858099, 0.25386202, 0.24996154, 0.24999689, 0.24999999, 0.28212145, 0.34725583, 0.34901103, 0.34921056, 0.34927320, 0.34929049, 0.28991127E-1
0.13959078, 0.71962351, 0.21590865, 2.2731483, 2.1503582, 1.8885181, 0.0000000, 3.0162978, 9.7876263, 19.808975, 19.844034, 19.855167, 19.858217, 0.27273071, 0.27150312, 0.26888499, 0.24999999, 0.28016296, 0.34787622, 0.34904486, 0.34922016, 0.34927583, 0.34929109, 0.21590865
0.15761641, 0.93730241, 0.28121886, 2.6356936, 2.1545916, 2.7687044, 8.1687183, 9.5121088, 9.8203325, 19.818428, 19.846756, 19.855875, 19.858381, 0.27629691, 0.27151534, 0.27767128, 0.33167908, 0.34511694, 0.34820125, 0.34909177, 0.34923369, 0.34927934, 0.34929192, 0.28121886
0.11612290, 0.43622327, 0.13088007, 0.51211715, 1.0426849, 2.1553187, 7.4338303, 9.6454363, 9.7919359, 19.808783, 19.844412, 19.855291, 19.858234, 0.25512102, 0.26042664, 0.27155298, 0.32433817, 0.34645426, 0.34791932, 0.34904391, 0.34922206, 0.34927645, 0.34929118, 0.13088007
0.10054469, 0.24809949, 0.74437290E-1, 0.0000000, 0.30142367, 1.6908616, 6.8770561, 9.6725073, 9.7897100, 19.808050, 19.844257, 19.855257, 19.858246, 0.24999309, 0.25301385, 0.26690754, 0.31876969, 0.34672448, 0.34789690, 0.34904024, 0.34922129, 0.34927627, 0.34929124, 0.74437290E-1
0.10737914, 0.33063287, 0.99199779E-1, 0.79895556, 0.0000000, 1.3675421, 6.4325547, 9.6971025, 9.7993031, 19.811527, 19.845222, 19.855511, 19.858311, 0.25798887, 0.24999386, 0.26367506, 0.31432521, 0.34697077, 0.34799293, 0.34905764, 0.34922612, 0.34927756, 0.34929156, 0.99199779E-1
0.10024079, 0.24442954, 0.73336199E-1, 0.35939515, 0.0000000, 1.1690646, 6.1093197, 9.7302113, 9.8152065, 19.817226, 19.846815, 19.855917, 19.858452, 0.25359389, 0.24999386, 0.26169059, 0.31109315, 0.34730205, 0.34815204, 0.34908614, 0.34923407, 0.34927958, 0.34929225, 0.73336199E-1
0.94154134E-1, 0.17092657, 0.51283099E-1, 0.0000000, 0.0000000, 0.95729232, 5.8015480, 9.7394867, 9.8207741, 19.820553, 19.847822, 19.856199, 19.858469, 0.24997547, 0.24999386, 0.25957265, 0.30801514, 0.34739459, 0.34820765, 0.34910277, 0.34923911, 0.34928101, 0.34929234, 0.51283099E-1
0.92536762E-1, 0.15139502, 0.45423049E-1, 0.0000000, 0.0000000, 0.64977705, 5.4022703, 9.7107010, 9.8092165, 19.819643, 19.847700, 19.856176, 19.858452, 0.24997547, 0.24999386, 0.25649729, 0.30402189, 0.34710625, 0.34809193, 0.34909821, 0.34923851, 0.34928089, 0.34929225, 0.45423049E-1
0.91302007E-1, 0.13648400, 0.40949296E-1, 0.0000000, 0.0000000, 0.42602718, 5.0264101, 9.7158852, 9.8121471, 19.821655, 19.848335, 19.856335, 19.858469, 0.24997547, 0.24999386, 0.25426018, 0.30026385, 0.34715861, 0.34812137, 0.34910828, 0.34924167, 0.34928167, 0.34929234, 0.40949296E-1
0.34508598, 1.0000000, 0.96045649, 9.5231628, 9.7080069, 9.6379995, 9.6349630, 9.7786846, 9.8408232, 19.829830, 19.850592, 19.856943, 19.858610, 0.34523091, 0.34707963, 0.34637979, 0.34634960, 0.34778681, 0.34840822, 0.34914917, 0.34925297, 0.34928471, 0.34929305, 0.96045649
0.32309097, 1.0000000, 0.88076442, 8.1083355, 9.4481840, 9.5848312, 9.7055588, 9.7929468, 9.8478498, 19.832743, 19.851494, 19.857164, 19.858683, 0.33099756, 0.34443748, 0.34582570, 0.34704438, 0.34792376, 0.34847561, 0.34916317, 0.34925732, 0.34928578, 0.34929341, 0.88076442
0.35599768, 1.0000000, 0.99999166, 9.9999275, 9.9999542, 9.9999790, 9.9999933, 9.9999990, 9.9999990, 19.999998, 19.999998, 19.999998, 19.995995, 0.34999886, 0.34999928, 0.34999967, 0.34999990, 0.34999999, 0.34999999, 0.34999999, 0.34999999, 0.34999999, 0.34997997, 0.99999166
0.35223401, 1.0000000, 0.98635507, 9.8033199, 9.9005938, 9.9485350, 9.9852991, 9.9925508, 9.9969101, 19.999361, 19.999832, 19.999859, 19.981098, 0.34803319, 0.34900594, 0.34948534, 0.34985298, 0.34992552, 0.34996909, 0.34999681, 0.34999916, 0.34999931, 0.34990549, 0.98635507
0.34777296, 1.0000000, 0.97019184, 9.6167898, 9.7284346, 9.8478661, 9.9447660, 9.9713593, 9.9872179, 19.996708, 19.999140, 19.998562, 19.958214, 0.34616739, 0.34728405, 0.34847853, 0.34944764, 0.34971356, 0.34987217, 0.34998354, 0.34999570, 0.34999281, 0.34979108, 0.97019184
0.35482281, 1.0000000, 0.99573469, 9.9387474, 9.9689131, 9.9840631, 9.9926462, 9.9962397, 9.9981251, 19.999350, 19.999826, 19.999941, 19.990986, 0.34938714, 0.34968892, 0.34984055, 0.34992644, 0.34996241, 0.34998125, 0.34999675, 0.34999913, 0.34999970, 0.34995493, 0.99573469
0.35599542, 1.0000000, 0.99998337, 9.9998264, 9.9998922, 9.9999456, 9.9999847, 9.9999990, 9.9999962, 19.999992, 19.999998, 19.999990, 19.992998, 0.34999773, 0.34999859, 0.34999931, 0.34999982, 0.34999996, 0.34999996, 0.34999996, 0.34999999, 0.34999996, 0.34996498, 0.99998337
0.35275215, 1.0000000, 0.98823231, 9.8752728, 9.9074898, 9.8358536, 9.9244461, 9.9607515, 9.9830666, 19.996113, 19.998985, 19.999624, 19.980062, 0.34875274, 0.34907490, 0.34835854, 0.34924448, 0.34960753, 0.34983066, 0.34998056, 0.34999493, 0.34999812, 0.34990031, 0.98823231
0.35155529, 1.0000000, 0.98389602, 9.9346905, 9.7666006, 9.6545286, 9.8342857, 9.9090290, 9.9581671, 19.989079, 19.997143, 19.997927, 19.957169, 0.34934691, 0.34766600, 0.34654528, 0.34834287, 0.34909028, 0.34958166, 0.34994540, 0.34998572, 0.34998962, 0.34978583, 0.98389602
0.31380314, 1.0000000, 0.84711272, 7.5000887, 9.3264751, 9.5528784, 9.7580433, 9.8595362, 9.9315786, 19.980347, 19.994801, 19.993916, 19.936476, 0.32499981, 0.34326395, 0.34552836, 0.34758034, 0.34859532, 0.34931579, 0.34990174, 0.34997401, 0.34996957, 0.34968239, 0.84711272
0.35600001, 1.0000000, 1.0000000, 9.9999990, 9.9999990, 9.9999990, 9.9999990, 9.9999990, 9.9999990, 19.999998, 19.999998, 19.999998, 19.998999, 0.34999999, 0.34999999, 0.34999999, 0.34999999, 0.34999999, 0.34999999, 0.34999999, 0.34999999, 0.34999999, 0.34999499, 1.0000000
0.33019447, 1.0000000, 0.90650159, 8.4953909, 9.5371361, 9.7335348, 9.9032393, 9.9495344, 9.9779663, 19.994774, 19.998634, 19.999416, 19.975163, 0.33495283, 0.34537065, 0.34733498, 0.34903231, 0.34949532, 0.34977967, 0.34997386, 0.34999317, 0.34999707, 0.34987581, 0.90650159
0.35586345, 1.0000000, 0.99950528, 9.9933100, 9.9960613, 9.9980240, 9.9995461, 9.9997702, 9.9999161, 19.999987, 19.999998, 19.999990, 19.991999, 0.34993163, 0.34995973, 0.34997979, 0.34999537, 0.34999767, 0.34999916, 0.34999993, 0.34999999, 0.34999996, 0.34996000, 0.99950528
0.34472764, 1.0000000, 0.95915806, 9.4079800, 9.7162914, 9.8334389, 9.9419537, 9.9682465, 9.9872694, 19.997883, 19.999451, 19.999802, 19.984020, 0.34407938, 0.34716263, 0.34833425, 0.34941950, 0.34968245, 0.34987271, 0.34998941, 0.34999725, 0.34999901, 0.34992009, 0.95915806
0.35600001, 1.0000000, 1.0000000, 9.9999990, 9.9999990, 9.9999990, 9.9999990, 9.9999990, 9.9999990, 19.999998, 19.999998, 19.999998, 19.998999, 0.34999999, 0.34999999, 0.34999999, 0.34999999, 0.34999999, 0.34999999, 0.34999999, 0.34999999, 0.34999999, 0.34999499, 1.0000000
0.35599607, 1.0000000, 0.99998569, 9.9998417, 9.9999037, 9.9999514, 9.9999905, 9.9999933, 9.9999990, 19.999998, 19.999998, 19.999990, 19.992998, 0.34999803, 0.34999880, 0.34999940, 0.34999987, 0.34999993, 0.34999999, 0.34999999, 0.34999999, 0.34999996, 0.34996498, 0.99998569
0.35599971, 1.0000000, 0.99999887, 9.9999990, 9.9999990, 9.9999990, 9.9999990, 9.9999990, 9.9999990, 19.999998, 19.999998, 19.999992, 19.998726, 0.34999985, 0.34999990, 0.34999993, 0.34999999, 0.34999999, 0.34999999, 0.34999999, 0.34999999, 0.34999996, 0.34999365, 0.99999887
0.34838492, 1.0000000, 0.97240901, 9.5896111, 9.8173733, 9.9026337, 9.9659195, 9.9825296, 9.9921236, 19.997866, 19.999439, 19.999788, 19.983046, 0.34589612, 0.34817374, 0.34902632, 0.34965920, 0.34982529, 0.34992123, 0.34998932, 0.34999719, 0.34999895, 0.34991524, 0.97240901
0.31865349, 1.0000000, 0.86468655, 7.7311010, 9.4546509, 9.6704569, 9.8568859, 9.9233246, 9.9644537, 19.990051, 19.997383, 19.998283, 19.959948, 0.32731065, 0.34454623, 0.34670442, 0.34856883, 0.34923324, 0.34964454, 0.34995025, 0.34998691, 0.34999141, 0.34979975, 0.86468655
0.35291511, 1.0000000, 0.98882270, 9.8649998, 9.9281235, 9.9117384, 9.7771873, 9.8416471, 9.9203472, 19.974268, 19.993162, 19.994114, 19.938810, 0.34864980, 0.34928113, 0.34911734, 0.34777188, 0.34841648, 0.34920347, 0.34987134, 0.34996581, 0.34997058, 0.34969404, 0.98882270
0.31712294, 1.0000000, 0.85914105, 7.6981158, 9.3906231, 9.5783072, 9.7204580, 9.8188906, 9.9043417, 19.966227, 19.990810, 19.987686, 19.920670, 0.32698116, 0.34390622, 0.34578305, 0.34720457, 0.34818891, 0.34904343, 0.34983113, 0.34995407, 0.34993842, 0.34960335, 0.85914105
0.24378321, 1.0000000, 0.59341735, 2.9093714, 8.6427469, 9.3584280, 9.5882072, 9.7380247, 9.8562117, 19.943029, 19.984007, 19.977242, 19.905401, 0.27909288, 0.33642602, 0.34358346, 0.34588191, 0.34738016, 0.34856209, 0.34971514, 0.34992003, 0.34988621, 0.34952700, 0.59341735
0.19454978, 1.0000000, 0.41503543, 0.96476376, 5.9464478, 9.3470888, 9.5679932, 9.7168417, 9.8384819, 19.926662, 19.977951, 19.964638, 19.893288, 0.25964758, 0.30946431, 0.34347072, 0.34567991, 0.34716842, 0.34838483, 0.34963331, 0.34988976, 0.34982318, 0.34946644, 0.41503543
0.17809089, 1.0000000, 0.35540175, 1.1313707, 3.6599770, 9.3852663, 9.5852804, 9.7223825, 9.8372326, 19.916224, 19.972076, 19.950708, 19.884035, 0.26131350, 0.28659934, 0.34385216, 0.34585267, 0.34722376, 0.34837231, 0.34958112, 0.34986037, 0.34975356, 0.34942019, 0.35540175
0.14404082, 0.77336246, 0.23203194, 0.0000000, 2.0508349, 8.1641302, 9.5347176, 9.6899614, 9.8179941, 19.900810, 19.963140, 19.935776, 19.876915, 0.24997453, 0.27050784, 0.33164027, 0.34534693, 0.34689951, 0.34817991, 0.34950405, 0.34981570, 0.34967887, 0.34938458, 0.23203194
0.12421075, 0.53389269, 0.16018383, 0.0000000, 0.62417090, 6.2456374, 9.4703712, 9.6462822, 9.7924700, 19.883282, 19.951496, 19.920933, 19.871546, 0.24997453, 0.25624147, 0.31245518, 0.34470335, 0.34646264, 0.34792465, 0.34941640, 0.34975749, 0.34960467, 0.34935772, 0.16018383
0.11137661, 0.37890679, 0.11368340, 0.0000000, 0.0000000, 4.3979096, 9.4580641, 9.6351566, 9.7845554, 19.872730, 19.939713, 19.907631, 19.867670, 0.24997453, 0.24998087, 0.29397643, 0.34457949, 0.34635097, 0.34784535, 0.34936365, 0.34969857, 0.34953815, 0.34933835, 0.11368340
0.10475424, 0.29893431, 0.89689262E-1, 0.0000000, 0.0000000, 2.8823943, 9.0514965, 9.6113701, 9.7701511, 19.860432, 19.926130, 19.895794, 19.864777, 0.24997453, 0.24998087, 0.27882206, 0.34051377, 0.34611309, 0.34770131, 0.34930217, 0.34963065, 0.34947896, 0.34932387, 0.89689262E-1
0.99359870E-1, 0.23379146, 0.70144452E-1, 0.0000000, 0.0000000, 1.8060446, 7.9422178, 9.5710831, 9.7487259, 19.848793, 19.912016, 19.885818, 19.862701, 0.24997453, 0.24998087, 0.26805836, 0.32942036, 0.34570971, 0.34748688, 0.34924397, 0.34956008, 0.34942910, 0.34931350, 0.70144452E-1
0.95397115E-1, 0.18593688, 0.55786643E-1, 0.0000000, 0.0000000, 1.0488361, 6.9384518, 9.5777740, 9.7507458, 19.843159, 19.899748, 19.878082, 19.861296, 0.24997453, 0.24998087, 0.26048675, 0.31938240, 0.34577629, 0.34750694, 0.34921581, 0.34949875, 0.34939042, 0.34930646, 0.55786643E-1
0.90939276E-1, 0.13210364, 0.39635055E-1, 0.0000000, 0.0000000, 0.21404326, 5.7528825, 9.5364075, 9.7268810, 19.828938, 19.886129, 19.871391, 19.860134, 0.24997453, 0.24998087, 0.25213984, 0.30752563, 0.34536141, 0.34726793, 0.34914470, 0.34943065, 0.34935695, 0.34930068, 0.39635055E-1
0.89000225E-1, 0.10868748, 0.32609504E-1, 0.0000000, 0.0000000, 0.0000000, 4.4933147, 9.5157051, 9.7137680, 19.818823, 19.874756, 19.866373, 19.859346, 0.24997453, 0.24998087, 0.24998255, 0.29493129, 0.34515509, 0.34713703, 0.34909412, 0.34937379, 0.34933186, 0.34929675, 0.32609504E-1
0.88199891E-1, 0.99022590E-1, 0.29709749E-1, 0.0000000, 0.0000000, 0.0000000, 3.5111134, 9.5420446, 9.7279749, 19.818085, 19.867456, 19.863144, 19.858969, 0.24997453, 0.24998087, 0.24998255, 0.28510991, 0.34541878, 0.34727919, 0.34909043, 0.34933728, 0.34931570, 0.34929484, 0.29709749E-1
0.35514128, 1.0000000, 0.99688864, 9.9591303, 9.9772596, 9.9884987, 9.9955797, 9.9460621, 9.7886801, 19.824476, 19.863680, 19.861328, 19.858805, 0.34958947, 0.34977150, 0.34988442, 0.34995568, 0.34946057, 0.34788677, 0.34912238, 0.34931839, 0.34930664, 0.34929401, 0.99688864
0.32811028, 1.0000000, 0.89895016, 8.3737450, 9.5084248, 9.7090988, 9.8794298, 9.8827028, 9.8226814, 19.830759, 19.861385, 19.860205, 19.858757, 0.33373743, 0.34508425, 0.34709099, 0.34879428, 0.34882703, 0.34822682, 0.34915379, 0.34930694, 0.34930104, 0.34929377, 0.89895016
0.25400117, 1.0000000, 0.63043898, 3.3419986, 9.1285915, 9.4058027, 9.6336613, 9.7323151, 9.7973900, 19.819855, 19.855528, 19.858379, 19.858458, 0.28341964, 0.34128532, 0.34405774, 0.34633654, 0.34732312, 0.34797388, 0.34909928, 0.34927765, 0.34929189, 0.34929228, 0.63043898
0.18531488, 1.0000000, 0.38157564, 0.32715797, 5.9399624, 9.2761240, 9.5079031, 9.6580486, 9.7737646, 19.806644, 19.849653, 19.856655, 19.858170, 0.25327116, 0.30939522, 0.34275782, 0.34507832, 0.34658012, 0.34773752, 0.34903324, 0.34924826, 0.34928328, 0.34929085, 0.38157564
0.15402204, 0.89389640, 0.26819575, 0.0000000, 2.9225886, 8.8488941, 9.4839172, 9.6420393, 9.7676172, 19.800629, 19.846167, 19.855659, 19.858040, 0.24999748, 0.27922329, 0.33848503, 0.34483832, 0.34641999, 0.34767601, 0.34900314, 0.34923083, 0.34927830, 0.34929019, 0.26819575
0.16645208, 1.0000000, 0.31323212, 1.9980878, 1.8520415, 7.3242745, 9.5167561, 9.6608305, 9.7762232, 19.800404, 19.844707, 19.855232, 19.858028, 0.26997763, 0.26851863, 0.32323918, 0.34516665, 0.34660783, 0.34776208, 0.34900200, 0.34922355, 0.34927616, 0.34929013, 0.31323212
0.35600001, 1.0000000, 1.0000000, 9.9999990, 9.9999990, 9.9999990, 9.9999990, 9.9999990, 9.9999990, 19.999998, 19.999998, 19.999998, 19.998999, 0.34999999, 0.34999999, 0.34999999, 0.34999999, 0.34999999, 0.34999999, 0.34999999, 0.34999999, 0.34999999, 0.34999499, 1.0000000
0.32160318, 1.0000000, 0.87537378, 7.9733877, 9.4161119, 9.6523552, 9.8584490, 9.9250393, 9.9660568, 19.991043, 19.997662, 19.999142, 19.975090, 0.32973254, 0.34416017, 0.34652308, 0.34858438, 0.34925032, 0.34966055, 0.34995520, 0.34998831, 0.34999570, 0.34987545, 0.87537378
0.31392279, 1.0000000, 0.84754634, 7.4880109, 9.3515768, 9.5709105, 9.7617817, 9.8624086, 9.9321051, 19.979097, 19.994493, 19.996719, 19.952522, 0.32487881, 0.34351477, 0.34570861, 0.34761772, 0.34862402, 0.34932104, 0.34989548, 0.34997246, 0.34998360, 0.34976262, 0.84754634
0.35599852, 1.0000000, 0.99999452, 9.9999514, 9.9999695, 9.9999847, 9.9999962, 9.9999990, 9.9999990, 19.999998, 19.999998, 19.999998, 19.996996, 0.34999925, 0.34999955, 0.34999976, 0.34999993, 0.34999999, 0.34999999, 0.34999999, 0.34999999, 0.34999999, 0.34998497, 0.99999452
0.35599095, 1.0000000, 0.99996722, 9.9995728, 9.9997435, 9.9998713, 9.9999723, 9.9999847, 9.9999962, 19.999998, 19.999998, 19.999990, 19.991999, 0.34999549, 0.34999728, 0.34999862, 0.34999970, 0.34999985, 0.34999996, 0.34999999, 0.34999999, 0.34999996, 0.34996000, 0.99996722
0.35599792, 1.0000000, 0.99999237, 9.9999485, 9.9999695, 9.9999819, 9.9999933, 9.9999990, 9.9999990, 19.999998, 19.999998, 19.999998, 19.996996, 0.34999895, 0.34999937, 0.34999967, 0.34999990, 0.34999996, 0.34999999, 0.34999999, 0.34999999, 0.34999999, 0.34998497, 0.99999237
0.35600001, 1.0000000, 1.0000000, 9.9999990, 9.9999990, 9.9999990, 9.9999990, 9.9999990, 9.9999990, 19.999998, 19.999998, 19.999998, 19.998999, 0.34999999, 0.34999999, 0.34999999, 0.34999999, 0.34999999, 0.34999999, 0.34999999, 0.34999999, 0.34999999, 0.34999499, 1.0000000
0.35600001, 1.0000000, 1.0000000, 9.9999990, 9.9999990, 9.9999990, 9.9999990, 9.9999990, 9.9999990, 19.999998, 19.999998, 19.999998, 19.996996, 0.34999999, 0.34999999, 0.34999999, 0.34999999, 0.34999999, 0.34999999, 0.34999999, 0.34999999, 0.34999999, 0.34998497, 1.0000000
0.31026781, 1.0000000, 0.83430362, 7.2176266, 9.3384714, 9.5977983, 9.8236446, 9.9055643, 9.9561853, 19.987698, 19.996786, 19.998850, 19.973112, 0.32217547, 0.34338409, 0.34597766, 0.34823638, 0.34905562, 0.34956187, 0.34993848, 0.34998393, 0.34999424, 0.34986556, 0.83430362
0.23490532, 1.0000000, 0.56125110, 2.7544856, 7.8164577, 9.3716450, 9.6233034, 9.7746706, 9.8849440, 19.962019, 19.989954, 19.995293, 19.950476, 0.27754349, 0.32816225, 0.34371504, 0.34623274, 0.34774655, 0.34884939, 0.34981009, 0.34994978, 0.34997648, 0.34975237, 0.56125110
0.35596651, 1.0000000, 0.99987870, 9.9987984, 9.9992781, 9.9996386, 9.9999275, 9.9999609, 9.9999876, 19.999998, 19.999998, 19.999998, 19.994993, 0.34998330, 0.34998998, 0.34999499, 0.34999901, 0.34999946, 0.34999982, 0.34999999, 0.34999999, 0.34999999, 0.34997496, 0.99987870
0.35600001, 1.0000000, 1.0000000, 9.9999990, 9.9999990, 9.9999990, 9.9999990, 9.9999990, 9.9999990, 19.999998, 19.999998, 19.999998, 19.998999, 0.34999999, 0.34999999, 0.34999999, 0.34999999, 0.34999999, 0.34999999, 0.34999999, 0.34999999, 0.34999999, 0.34999499, 1.0000000
0.32401311, 1.0000000, 0.88410544, 8.1094170, 9.4608650, 9.6849365, 9.8818874, 9.9380970, 9.9728832, 19.993546, 19.998312, 19.999321, 19.975138, 0.33109355, 0.34460822, 0.34684917, 0.34881881, 0.34938094, 0.34972882, 0.34996772, 0.34999156, 0.34999660, 0.34987569, 0.88410544
0.27575165, 1.0000000, 0.70924503, 4.8013391, 9.2516823, 9.5131264, 9.7414360, 9.8531399, 9.9288111, 19.978937, 19.994452, 19.996719, 19.952530, 0.29800937, 0.34251219, 0.34512889, 0.34741390, 0.34853116, 0.34928802, 0.34989470, 0.34997225, 0.34998360, 0.34976265, 0.70924503
0.23566227, 1.0000000, 0.56399369, 2.6022940, 8.0972795, 9.4840031, 9.6840906, 9.8060904, 9.8987541, 19.965687, 19.990767, 19.991810, 19.932343, 0.27602211, 0.33097124, 0.34483913, 0.34684074, 0.34806082, 0.34898752, 0.34982842, 0.34995383, 0.34995905, 0.34966171, 0.56399369
0.18597412, 1.0000000, 0.38396418, 0.68562627, 5.3700843, 9.3509054, 9.5929260, 9.7417231, 9.8600712, 19.947334, 19.985430, 19.983606, 19.915071, 0.25685608, 0.30369997, 0.34350830, 0.34592912, 0.34741715, 0.34860069, 0.34973666, 0.34992716, 0.34991804, 0.34957534, 0.38396418
0.15471619, 0.90227914, 0.27071083, 0.0000000, 2.9655008, 8.9074459, 9.5538998, 9.7090054, 9.8370228, 19.930922, 19.979921, 19.972609, 19.900991, 0.24999689, 0.27965322, 0.33907175, 0.34553844, 0.34708977, 0.34837013, 0.34965461, 0.34989959, 0.34986305, 0.34950495, 0.27071083
0.14119352, 0.73897827, 0.22171566, 0.0000000, 1.9838303, 7.6026087, 9.5631561, 9.7095757, 9.8325043, 19.919231, 19.974512, 19.959633, 19.889927, 0.24999689, 0.26983690, 0.32602340, 0.34563088, 0.34709540, 0.34832492, 0.34959614, 0.34987256, 0.34979817, 0.34944963, 0.22171566
0.12780422, 0.57728797, 0.17320371, 0.0000000, 1.0481715, 6.2443805, 9.5456762, 9.6978693, 9.8249617, 19.909176, 19.968138, 19.945402, 19.881443, 0.24999689, 0.26048127, 0.31244248, 0.34545639, 0.34697849, 0.34824955, 0.34954590, 0.34984070, 0.34972700, 0.34940723, 0.17320371
0.11831532, 0.46269915, 0.13882363, 0.0000000, 0.44714510, 5.1469059, 9.5743361, 9.7140102, 9.8321009, 19.905485, 19.961792, 19.931297, 19.875141, 0.24999689, 0.25447109, 0.30146703, 0.34574261, 0.34713972, 0.34832090, 0.34952742, 0.34980896, 0.34965649, 0.34937569, 0.13882363
0.18067741, 1.0000000, 0.36477324, 2.3511858, 2.6446640, 7.9563060, 9.6559200, 9.7626944, 9.8552418, 19.907774, 19.955441, 19.918245, 19.870577, 0.27351069, 0.27644587, 0.32956189, 0.34655890, 0.34762681, 0.34855235, 0.34953886, 0.34977719, 0.34959123, 0.34935290, 0.36477324
0.34750229, 1.0000000, 0.96921122, 9.5450296, 9.7910910, 9.8893661, 9.9706964, 9.9851227, 9.9934006, 19.964310, 19.948433, 19.906681, 19.867300, 0.34545028, 0.34791091, 0.34889367, 0.34970695, 0.34985122, 0.34993401, 0.34982154, 0.34974217, 0.34953341, 0.34933650, 0.96921122
0.32551143, 1.0000000, 0.88953412, 8.2029390, 9.4793491, 9.6964569, 9.8871183, 9.9408731, 9.9741077, 19.993843, 19.998390, 19.999489, 19.981979, 0.33202940, 0.34479350, 0.34696457, 0.34887117, 0.34940875, 0.34974107, 0.34996921, 0.34999195, 0.34999746, 0.34990990, 0.88953412
0.35427374, 1.0000000, 0.99374527, 9.9267931, 9.9591284, 9.9545307, 9.8376284, 9.8874788, 9.9475651, 19.986317, 19.996393, 19.997910, 19.958961, 0.34926736, 0.34959096, 0.34954512, 0.34837624, 0.34887475, 0.34947565, 0.34993160, 0.34998196, 0.34998953, 0.34979481, 0.99374527
0.34889501, 1.0000000, 0.97425723, 9.6661453, 9.7654047, 9.8747902, 9.9653072, 9.9823532, 9.9929743, 19.998837, 19.999695, 19.999916, 19.988997, 0.34666145, 0.34765404, 0.34874791, 0.34965307, 0.34982353, 0.34992975, 0.34999418, 0.34999847, 0.34999958, 0.34994498, 0.97425723
0.31169063, 1.0000000, 0.83945876, 7.2859411, 9.3827295, 9.6214561, 9.8369732, 9.9123087, 9.9604588, 19.990046, 19.997389, 19.998644, 19.965511, 0.32285920, 0.34382713, 0.34621447, 0.34836969, 0.34912309, 0.34960458, 0.34995022, 0.34998694, 0.34999323, 0.34982756, 0.83945876
0.24581680, 1.0000000, 0.60078549, 2.9684484, 8.7463999, 9.4209347, 9.6684361, 9.8046036, 9.9027920, 19.970367, 19.992157, 19.994797, 19.943724, 0.27968392, 0.33746299, 0.34420881, 0.34668425, 0.34804597, 0.34902790, 0.34985185, 0.34996077, 0.34997398, 0.34971863, 0.60078549
0.26732519, 1.0000000, 0.67871445, 4.6553569, 8.5947437, 9.3248158, 9.5703840, 9.7289801, 9.8548288, 19.948263, 19.985928, 19.988033, 19.924597, 0.29655355, 0.33594745, 0.34324816, 0.34570384, 0.34728980, 0.34854829, 0.34974131, 0.34992963, 0.34994018, 0.34962299, 0.67871445
0.22137530, 1.0000000, 0.51222932, 2.3106189, 6.9456921, 9.3426771, 9.5683346, 9.7173376, 9.8405609, 19.932728, 19.980852, 19.978693, 19.908726, 0.27310506, 0.31945491, 0.34342539, 0.34568307, 0.34717324, 0.34840554, 0.34966365, 0.34990427, 0.34989345, 0.34954363, 0.51222932
0.16089484, 0.97689313, 0.29309726, 0.13625622E-1, 3.5146656, 9.2674522, 9.5141230, 9.6793480, 9.8164558, 19.913977, 19.973989, 19.966400, 19.895847, 0.25013626, 0.28514558, 0.34267312, 0.34514093, 0.34679332, 0.34816450, 0.34956989, 0.34986994, 0.34983200, 0.34947923, 0.29309726
0.15130015, 0.86102676, 0.25833386, 0.0000000, 2.6100397, 8.7752934, 9.6241121, 9.7422848, 9.8457842, 19.914524, 19.971058, 19.953533, 19.886145, 0.24999611, 0.27609944, 0.33775133, 0.34624076, 0.34742266, 0.34845778, 0.34957263, 0.34985530, 0.34976766, 0.34943074, 0.25833386
0.14383063, 0.77082413, 0.23127037, 0.0000000, 2.1021395, 7.9799600, 9.6468277, 9.7601786, 9.8560324, 19.913765, 19.966612, 19.939756, 19.878752, 0.24999934, 0.27102107, 0.32979897, 0.34646812, 0.34760168, 0.34856030, 0.34956881, 0.34983307, 0.34969878, 0.34939376, 0.23127037
0.13065802, 0.61175054, 0.18354352, 0.0000000, 1.1500567, 6.7225485, 9.5711870, 9.7169161, 9.8346958, 19.903736, 19.958082, 19.925453, 19.873089, 0.24999934, 0.26150021, 0.31722447, 0.34571159, 0.34716901, 0.34834689, 0.34951869, 0.34979039, 0.34962726, 0.34936544, 0.18354352
0.16143534, 0.98342007, 0.29505554, 1.9667149, 2.0491421, 5.7923622, 9.6131668, 9.7385788, 9.8437757, 19.902317, 19.950052, 19.912645, 19.869030, 0.26966605, 0.27049074, 0.30792263, 0.34613135, 0.34738562, 0.34843770, 0.34951159, 0.34975025, 0.34956324, 0.34934515, 0.29505554
0.32478565, 1.0000000, 0.88690454, 8.5727806, 9.0093670, 9.2967005, 9.6545372, 9.7632418, 9.8551807, 19.902086, 19.941078, 19.901413, 19.866093, 0.33572751, 0.34009349, 0.34296691, 0.34654534, 0.34763241, 0.34855181, 0.34951043, 0.34970540, 0.34950706, 0.34933046, 0.88690454
0.35600001, 1.0000000, 1.0000000, 9.9999990, 9.9999990, 9.9999990, 9.9999990, 9.9999990, 9.9999990, 19.998899, 19.942213, 19.892052, 19.864023, 0.34999999, 0.34999999, 0.34999999, 0.34999999, 0.34999999, 0.34999999, 0.34999448, 0.34971106, 0.34946024, 0.34932011, 1.0000000
0.34882653, 1.0000000, 0.97400916, 9.6237831, 9.8180933, 9.9022331, 9.9402122, 9.9548969, 9.9811926, 19.996229, 19.985962, 19.884809, 19.862543, 0.34623784, 0.34818095, 0.34902233, 0.34940213, 0.34954897, 0.34981191, 0.34998113, 0.34992981, 0.34942406, 0.34931272, 0.97400916
0.31693739, 1.0000000, 0.85846865, 7.6423364, 9.4160070, 9.6385727, 9.8261251, 9.8962393, 9.9527950, 19.987726, 19.967726, 19.878262, 19.861425, 0.32642257, 0.34415948, 0.34638542, 0.34826118, 0.34896237, 0.34952796, 0.34993863, 0.34983861, 0.34939131, 0.34930712, 0.85846865
0.25826836, 1.0000000, 0.64589983, 3.6028171, 9.1771984, 9.4489117, 9.6851501, 9.8111372, 9.9058304, 19.969141, 19.946861, 19.872540, 19.860474, 0.28602672, 0.34176975, 0.34448799, 0.34685126, 0.34811124, 0.34905827, 0.34984571, 0.34973431, 0.34936270, 0.34930235, 0.64589983
0.22354092, 1.0000000, 0.52007580, 1.8952757, 7.8285928, 9.4564877, 9.6633568, 9.7878389, 9.8862829, 19.953415, 19.928093, 19.868341, 19.859875, 0.26895222, 0.32828456, 0.34456405, 0.34663337, 0.34787831, 0.34886280, 0.34976709, 0.34964046, 0.34934169, 0.34929937, 0.52007580
0.17847094, 1.0000000, 0.35677871, 0.26459098, 5.1630859, 9.3566418, 9.5952034, 9.7400427, 9.8566418, 19.931732, 19.909979, 19.864874, 19.859352, 0.25264561, 0.30162734, 0.34356323, 0.34595138, 0.34740010, 0.34856629, 0.34965867, 0.34954989, 0.34932438, 0.34929675, 0.35677871
0.16118105, 0.98034936, 0.29413423, 0.19969642, 3.1585016, 9.4019089, 9.6101208, 9.7423859, 9.8514872, 19.913982, 19.895527, 19.862495, 19.859081, 0.25199690, 0.28158432, 0.34401807, 0.34610102, 0.34742373, 0.34851483, 0.34956992, 0.34947765, 0.34931248, 0.34929541, 0.29413423
0.35600001, 1.0000000, 1.0000000, 9.9999990, 9.9999990, 9.9999990, 9.9999990, 9.9999990, 9.9999990, 19.999998, 19.999998, 19.999998, 19.997997, 0.34999999, 0.34999999, 0.34999999, 0.34999999, 0.34999999, 0.34999999, 0.34999999, 0.34999999, 0.34999999, 0.34998998, 1.0000000
0.35599941, 1.0000000, 0.99999779, 9.9999990, 9.9999990, 9.9999990, 9.9999990, 9.9999990, 9.9999990, 19.999998, 19.999998, 19.999998, 19.996996, 0.34999970, 0.34999982, 0.34999990, 0.34999996, 0.34999999, 0.34999999, 0.34999999, 0.34999999, 0.34999999, 0.34998497, 0.99999779
0.34736818, 1.0000000, 0.96872514, 9.5367527, 9.7901783, 9.8886213, 9.9690533, 9.9818506, 9.9894695, 19.998247, 19.999546, 19.999800, 19.983057, 0.34536454, 0.34789994, 0.34888530, 0.34969035, 0.34981841, 0.34989467, 0.34999123, 0.34999773, 0.34999901, 0.34991530, 0.96872514
0.28737435, 1.0000000, 0.75135630, 5.6587262, 9.2272978, 9.5062408, 9.7542639, 9.8623114, 9.9319191, 19.980490, 19.994875, 19.997574, 19.959785, 0.30658558, 0.34227130, 0.34506154, 0.34754246, 0.34862301, 0.34931916, 0.34990245, 0.34997436, 0.34998786, 0.34979892, 0.75135630
0.35600001, 1.0000000, 1.0000000, 9.9999990, 9.9999990, 9.9999990, 9.9999990, 9.9999962, 9.9999990, 19.999998, 19.999998, 19.999998, 19.997997, 0.34999999, 0.34999999, 0.34999999, 0.34999999, 0.34999996, 0.34999999, 0.34999999, 0.34999999, 0.34999999, 0.34998998, 1.0000000
0.33214003, 1.0000000, 0.91355073, 8.6396341, 9.5327358, 9.7302790, 9.9080362, 9.9521551, 9.9799395, 19.995964, 19.998955, 19.999456, 19.974216, 0.33639506, 0.34532651, 0.34730238, 0.34908026, 0.34952152, 0.34979939, 0.34997982, 0.34999478, 0.34999728, 0.34987110, 0.91355073
0.32168981, 1.0000000, 0.87568766, 7.9501157, 9.4547701, 9.6743612, 9.8574858, 9.9239902, 9.9641314, 19.989342, 19.997215, 19.999157, 19.979939, 0.32949892, 0.34454611, 0.34674281, 0.34857467, 0.34923980, 0.34964129, 0.34994671, 0.34998608, 0.34999579, 0.34989971, 0.87568766
0.25492564, 1.0000000, 0.63378853, 3.3859487, 9.1452599, 9.4290113, 9.6799374, 9.8132591, 9.9067955, 19.970345, 19.992176, 19.996613, 19.956867, 0.28385815, 0.34145042, 0.34428898, 0.34679914, 0.34813246, 0.34906793, 0.34985173, 0.34996086, 0.34998307, 0.34978434, 0.63378853
0.21933137, 1.0000000, 0.50482374, 1.8248469, 7.4475636, 9.4398775, 9.6525688, 9.7820110, 9.8838081, 19.958281, 19.988695, 19.992273, 19.936138, 0.26824737, 0.32447293, 0.34439704, 0.34652534, 0.34781992, 0.34883803, 0.34979141, 0.34994346, 0.34996137, 0.34968069, 0.50482374
0.35599571, 1.0000000, 0.99998438, 9.9998150, 9.9998894, 9.9999428, 9.9999876, 9.9999933, 9.9999990, 19.999998, 19.999998, 19.999996, 19.993994, 0.34999785, 0.34999871, 0.34999934, 0.34999985, 0.34999993, 0.34999999, 0.34999999, 0.34999999, 0.34999996, 0.34996998, 0.99998438
0.35600001, 1.0000000, 0.99999988, 9.9999990, 9.9999962, 9.9999990, 9.9999990, 9.9999990, 9.9999990, 19.999998, 19.999998, 19.999998, 19.998999, 0.34999999, 0.34999996, 0.34999999, 0.34999999, 0.34999999, 0.34999999, 0.34999999, 0.34999999, 0.34999999, 0.34999499, 0.99999988
0.35600001, 1.0000000, 1.0000000, 9.9999990, 9.9999990, 9.9999990, 9.9999990, 9.9999990, 9.9999990, 19.999998, 19.999998, 19.999998, 19.996996, 0.34999999, 0.34999999, 0.34999999, 0.34999999, 0.34999999, 0.34999999, 0.34999999, 0.34999999, 0.34999999, 0.34998497, 1.0000000
0.34531641, 1.0000000, 0.96129125, 9.4558172, 9.7036333, 9.8381777, 9.9531326, 9.9760294, 9.9903793, 19.998377, 19.999577, 19.999578, 19.973270, 0.34455818, 0.34703633, 0.34838179, 0.34953132, 0.34976029, 0.34990379, 0.34999189, 0.34999788, 0.34999788, 0.34986636, 0.96129125
0.34014368, 1.0000000, 0.94254959, 9.1736155, 9.5881662, 9.7675648, 9.9253941, 9.9614372, 9.9839993, 19.996876, 19.999182, 19.999666, 19.980425, 0.34173614, 0.34588167, 0.34767565, 0.34925395, 0.34961438, 0.34983999, 0.34998438, 0.34999591, 0.34999833, 0.34990212, 0.94254959
0.32120502, 1.0000000, 0.87393123, 8.0129070, 9.3441725, 9.5837908, 9.7998867, 9.8893404, 9.9487066, 19.986496, 19.996447, 19.997761, 19.957453, 0.33012852, 0.34344134, 0.34583768, 0.34799883, 0.34889337, 0.34948707, 0.34993249, 0.34998223, 0.34998882, 0.34978727, 0.87393123
0.28757036, 1.0000000, 0.75206643, 5.6100740, 9.3169870, 9.5412235, 9.7366829, 9.8430958, 9.9217815, 19.976725, 19.993793, 19.993732, 19.936689, 0.30610064, 0.34316978, 0.34541216, 0.34736684, 0.34843096, 0.34921783, 0.34988362, 0.34996897, 0.34996867, 0.34968346, 0.75206643
0.27169678, 1.0000000, 0.69455349, 4.4933429, 9.2816839, 9.5097160, 9.7047739, 9.8159533, 9.9034529, 19.967968, 19.991276, 19.986908, 19.918892, 0.29493344, 0.34281683, 0.34509715, 0.34704775, 0.34815952, 0.34903452, 0.34983984, 0.34995639, 0.34993455, 0.34959447, 0.69455349
0.23972581, 1.0000000, 0.57871670, 2.7661948, 8.3224087, 9.4713602, 9.6764669, 9.7937613, 9.8883104, 19.958996, 19.988317, 19.977171, 19.904184, 0.27766195, 0.33322409, 0.34471360, 0.34676468, 0.34793761, 0.34888309, 0.34979498, 0.34994158, 0.34988585, 0.34952092, 0.57871670
0.20428807, 1.0000000, 0.45031902, 1.4770478, 6.2179794, 9.4269905, 9.6440353, 9.7702084, 9.8732481, 19.949263, 19.984400, 19.964931, 19.892500, 0.26477036, 0.31217954, 0.34426969, 0.34644032, 0.34770206, 0.34873247, 0.34974632, 0.34992200, 0.34982467, 0.34946251, 0.45031902
0.20097487, 1.0000000, 0.43831471, 2.4485469, 4.2001858, 9.4286098, 9.6311102, 9.7579479, 9.8632212, 19.939390, 19.979250, 19.951071, 19.883505, 0.27448454, 0.29200089, 0.34428501, 0.34631088, 0.34757936, 0.34863219, 0.34969693, 0.34989625, 0.34975535, 0.34941751, 0.43831471
0.18440193, 1.0000000, 0.37826782, 2.0625858, 2.9495625, 9.2067137, 9.6552916, 9.7700996, 9.8672380, 19.934679, 19.973875, 19.936964, 19.876757, 0.27062547, 0.27949530, 0.34206662, 0.34655279, 0.34770095, 0.34867236, 0.34967339, 0.34986937, 0.34968483, 0.34938377, 0.37826782
0.14822134, 0.82384670, 0.24717873, 0.44757426, 1.9413590, 7.8865247, 9.5827141, 9.7270746, 9.8452139, 19.923088, 19.964785, 19.922718, 19.871593, 0.25447574, 0.26941359, 0.32886523, 0.34582713, 0.34727076, 0.34845215, 0.34961545, 0.34982392, 0.34961361, 0.34935796, 0.24717873
0.12977070, 0.60103518, 0.18032859, 0.0000000, 1.1314660, 6.5466590, 9.5671272, 9.7138329, 9.8366814, 19.915163, 19.954678, 19.909819, 19.867870, 0.24998967, 0.26131392, 0.31546441, 0.34567064, 0.34713802, 0.34836668, 0.34957582, 0.34977338, 0.34954908, 0.34933937, 0.18032859
0.12248349, 0.51303434, 0.15392570, 0.0000000, 0.71379542, 5.6096897, 9.6119270, 9.7394152, 9.8481874, 19.913412, 19.944735, 19.898911, 19.865257, 0.24999437, 0.25713769, 0.30609584, 0.34611893, 0.34739399, 0.34848180, 0.34956706, 0.34972367, 0.34949455, 0.34932628, 0.15392570
0.11341717, 0.40354866, 0.12107671, 0.0000000, 0.17171800, 4.5106158, 9.5861292, 9.7246885, 9.8409872, 19.907190, 19.932787, 19.889458, 19.863306, 0.24989474, 0.25171718, 0.29510617, 0.34586129, 0.34724689, 0.34840986, 0.34953594, 0.34966394, 0.34944728, 0.34931654, 0.12107671
0.10599343, 0.31389898, 0.94179116E-1, 0.0000000, 0.0000000, 3.0843668, 9.5018663, 9.6722889, 9.8138485, 19.893957, 19.918793, 19.881294, 19.861807, 0.24989474, 0.24999413, 0.28083944, 0.34501603, 0.34672156, 0.34813803, 0.34946978, 0.34959397, 0.34940648, 0.34930903, 0.94179116E-1
0.10235716, 0.26998708, 0.81004225E-1, 0.0000000, 0.0000000, 2.3248167, 8.9150410, 9.6601639, 9.8036203, 19.881983, 19.905552, 19.874838, 19.860756, 0.24989474, 0.24999413, 0.27324528, 0.33914816, 0.34660044, 0.34803578, 0.34940991, 0.34952778, 0.34937418, 0.34930378, 0.81004225E-1
0.25312954, 1.0000000, 0.62728101, 3.9205399, 8.4046869, 8.8048267, 9.1881485, 9.7316236, 9.8349476, 19.880770, 19.896242, 19.870512, 19.860167, 0.28920153, 0.33404189, 0.33804569, 0.34188095, 0.34731594, 0.34834939, 0.34940386, 0.34948123, 0.34935257, 0.34930083, 0.62728101
0.35600001, 1.0000000, 1.0000000, 9.9999990, 9.9999990, 9.9999990, 9.9999990, 9.9999990, 9.9999990, 19.999998, 19.999998, 19.999998, 19.998999, 0.34999999, 0.34999999, 0.34999999, 0.34999999, 0.34999999, 0.34999999, 0.34999999, 0.34999999, 0.34999999, 0.34999499, 1.0000000
0.35599869, 1.0000000, 0.99999517, 9.9999990, 9.9999990, 9.9999990, 9.9999990, 9.9999990, 9.9999990, 19.999998, 19.999998, 19.999998, 19.998999, 0.34999934, 0.34999961, 0.34999979, 0.34999996, 0.34999996, 0.34999999, 0.34999999, 0.34999999, 0.34999999, 0.34999499, 0.99999517
0.34595048, 1.0000000, 0.96358865, 9.6458721, 9.5255728, 9.7266235, 9.9045200, 9.9502964, 9.9787970, 19.995399, 19.998800, 19.999538, 19.979063, 0.34645873, 0.34525573, 0.34726623, 0.34904522, 0.34950298, 0.34978798, 0.34997699, 0.34999400, 0.34999770, 0.34989530, 0.96358865
0.34490716, 1.0000000, 0.95980847, 9.5811844, 9.5277014, 9.6951990, 9.8706541, 9.9290543, 9.9692440, 19.993725, 19.998365, 19.998167, 19.956350, 0.34581184, 0.34527701, 0.34695199, 0.34870654, 0.34929055, 0.34969243, 0.34996861, 0.34999183, 0.34999084, 0.34978175, 0.95980847
0.32598794, 1.0000000, 0.89126062, 8.2724342, 9.4557610, 9.6482000, 9.8127489, 9.8925610, 9.9486685, 19.986269, 19.996391, 19.994162, 19.935787, 0.33272323, 0.34455687, 0.34648162, 0.34812739, 0.34892559, 0.34948668, 0.34993136, 0.34998196, 0.34997082, 0.34967893, 0.89126062
0.35562211, 1.0000000, 0.99863088, 9.9998083, 9.9986715, 9.9229040, 9.9583902, 9.9787407, 9.9914865, 19.998550, 19.999630, 19.999861, 19.986019, 0.34999776, 0.34998652, 0.34922895, 0.34958386, 0.34978741, 0.34991485, 0.34999275, 0.34999815, 0.34999931, 0.34993011, 0.99863088
0.35140878, 1.0000000, 0.98336506, 9.9193354, 9.6764660, 9.8207264, 9.9466209, 9.9725990, 9.9889879, 19.998127, 19.999510, 19.999815, 19.984032, 0.34919336, 0.34676465, 0.34820727, 0.34946620, 0.34972599, 0.34988987, 0.34999064, 0.34999755, 0.34999907, 0.34992015, 0.98336506
0.33859271, 1.0000000, 0.93693018, 9.1359653, 9.5138626, 9.6800518, 9.8761616, 9.9338074, 9.9721785, 19.994780, 19.998640, 19.998657, 19.960945, 0.34135965, 0.34513861, 0.34680051, 0.34876162, 0.34933808, 0.34972179, 0.34997389, 0.34999320, 0.34999329, 0.34980473, 0.93693018
0.31834000, 1.0000000, 0.86355078, 7.7206287, 9.4524822, 9.6458578, 9.8145266, 9.8949223, 9.9506006, 19.987232, 19.996653, 19.995188, 19.939852, 0.32720572, 0.34452441, 0.34645838, 0.34814525, 0.34894919, 0.34950602, 0.34993616, 0.34998327, 0.34997594, 0.34969926, 0.86355078
0.29716080, 1.0000000, 0.78681439, 6.3809738, 9.2269592, 9.4784832, 9.6983643, 9.8197937, 9.9095612, 19.972872, 19.992765, 19.988466, 19.921452, 0.31380975, 0.34226960, 0.34478483, 0.34698364, 0.34819794, 0.34909561, 0.34986436, 0.34996384, 0.34994233, 0.34960726, 0.78681439
0.35600001, 1.0000000, 1.0000000, 9.9999990, 9.9999990, 9.9999990, 9.9999990, 9.9999990, 9.9999990, 19.999998, 19.999998, 19.999998, 19.996996, 0.34999999, 0.34999999, 0.34999999, 0.34999999, 0.34999999, 0.34999999, 0.34999999, 0.34999999, 0.34999999, 0.34998497, 1.0000000
0.34277678, 1.0000000, 0.95208973, 9.4638109, 9.4708986, 9.6824102, 9.8838758, 9.9390688, 9.9740210, 19.994488, 19.998568, 19.999311, 19.973228, 0.34463656, 0.34470806, 0.34682363, 0.34883866, 0.34939063, 0.34974018, 0.34997243, 0.34999284, 0.34999657, 0.34986615, 0.95208973
0.31276774, 1.0000000, 0.84336138, 7.3761725, 9.3779202, 9.6021662, 9.7998829, 9.8876801, 9.9472761, 19.985924, 19.996315, 19.996973, 19.950897, 0.32375893, 0.34377706, 0.34602055, 0.34799862, 0.34887668, 0.34947273, 0.34992963, 0.34998158, 0.34998485, 0.34975448, 0.84336138
0.26222742, 1.0000000, 0.66024429, 3.8727002, 9.1994438, 9.4604111, 9.6883030, 9.8136148, 9.9062347, 19.971336, 19.992374, 19.991758, 19.930897, 0.28872520, 0.34199190, 0.34460279, 0.34688276, 0.34813601, 0.34906229, 0.34985667, 0.34996188, 0.34995878, 0.34965450, 0.66024429
0.21515009, 1.0000000, 0.48967421, 1.6701967, 7.2296767, 9.3904467, 9.6183815, 9.7600374, 9.8716583, 19.954645, 19.987608, 19.983477, 19.913923, 0.26670107, 0.32229447, 0.34390298, 0.34618351, 0.34760022, 0.34871653, 0.34977323, 0.34993804, 0.34991738, 0.34956962, 0.48967421
0.17602277, 1.0000000, 0.34790859, 0.34762025, 4.7231207, 9.3686152, 9.5935802, 9.7362642, 9.8534822, 19.941067, 19.982973, 19.972534, 19.900129, 0.25347602, 0.29722983, 0.34368479, 0.34593552, 0.34736249, 0.34853476, 0.34970534, 0.34991485, 0.34986266, 0.34950066, 0.34790859
0.21095540, 1.0000000, 0.47447604, 2.2451997, 5.7059264, 9.4949532, 9.6704617, 9.7782402, 9.8717690, 19.939997, 19.980755, 19.960243, 19.889467, 0.27245194, 0.30705917, 0.34494945, 0.34670457, 0.34778240, 0.34871769, 0.34969997, 0.34990376, 0.34980121, 0.34944734, 0.47447604
0.35600001, 1.0000000, 1.0000000, 9.9999990, 9.9999990, 9.9999990, 9.9999990, 9.9999990, 9.9999990, 19.999998, 19.999998, 19.999998, 19.998999, 0.34999999, 0.34999999, 0.34999999, 0.34999999, 0.34999999, 0.34999999, 0.34999999, 0.34999999, 0.34999999, 0.34999499, 1.0000000
0.35600001, 1.0000000, 1.0000000, 9.9999990, 9.9999990, 9.9999990, 9.9999990, 9.9999990, 9.9999990, 19.999998, 19.999998, 19.999998, 19.998999, 0.34999999, 0.34999999, 0.34999999, 0.34999999, 0.34999999, 0.34999999, 0.34999999, 0.34999999, 0.34999999, 0.34999499, 1.0000000
0.35600001, 1.0000000, 1.0000000, 9.9999990, 9.9999990, 9.9999990, 9.9999990, 9.9999990, 9.9999990, 19.999998, 19.999998, 19.999998, 19.996996, 0.34999999, 0.34999999, 0.34999999, 0.34999999, 0.34999999, 0.34999999, 0.34999999, 0.34999999, 0.34999999, 0.34998497, 1.0000000
0.35533667, 1.0000000, 0.99759650, 9.9657536, 9.9820318, 9.9908333, 9.9962072, 9.9980650, 9.9990606, 19.999695, 19.999916, 19.999964, 19.988997, 0.34965754, 0.34982032, 0.34990832, 0.34996206, 0.34998065, 0.34999061, 0.34999847, 0.34999958, 0.34999982, 0.34994498, 0.99759650
0.34405112, 1.0000000, 0.95670694, 9.3342237, 9.7442961, 9.8589811, 9.9443836, 9.9711485, 9.9865074, 19.995975, 19.998943, 19.999062, 19.965607, 0.34334210, 0.34744287, 0.34858978, 0.34944385, 0.34971148, 0.34986508, 0.34997988, 0.34999472, 0.34999532, 0.34982803, 0.95670694
0.34836400, 1.0000000, 0.97233319, 9.5917635, 9.8114815, 9.9003773, 9.9727764, 9.9861727, 9.9944916, 19.999075, 19.999754, 19.999910, 19.988003, 0.34591764, 0.34811482, 0.34900376, 0.34972775, 0.34986174, 0.34994492, 0.34999537, 0.34999877, 0.34999955, 0.34994000, 0.97233319
0.33006632, 1.0000000, 0.90603745, 8.4590502, 9.5726480, 9.7506552, 9.9091120, 9.9523592, 9.9795246, 19.995489, 19.998819, 19.998968, 19.964651, 0.33459049, 0.34572649, 0.34750655, 0.34909111, 0.34952360, 0.34979525, 0.34997743, 0.34999409, 0.34999484, 0.34982327, 0.90603745
0.27576667, 1.0000000, 0.70929950, 4.7988853, 9.2537899, 9.5150223, 9.7533274, 9.8606787, 9.9346285, 19.982590, 19.995422, 19.995520, 19.943054, 0.29798862, 0.34253764, 0.34515008, 0.34753326, 0.34860680, 0.34934628, 0.34991294, 0.34997711, 0.34997761, 0.34971526, 0.70929950
0.22914281, 1.0000000, 0.54037249, 2.4005890, 7.6677828, 9.4433498, 9.6712360, 9.8000336, 9.8991985, 19.969965, 19.991962, 19.989410, 19.924202, 0.27400556, 0.32667720, 0.34443310, 0.34671226, 0.34800032, 0.34899199, 0.34984982, 0.34995982, 0.34994704, 0.34962100, 0.54037249
0.19527653, 1.0000000, 0.41766855, 1.2245595, 5.5518646, 9.4232492, 9.6470222, 9.7761059, 9.8813744, 19.960512, 19.989012, 19.980524, 19.908520, 0.26224500, 0.30551702, 0.34423110, 0.34646994, 0.34776092, 0.34881368, 0.34980255, 0.34994507, 0.34990263, 0.34954259, 0.41766855
0.19310826, 1.0000000, 0.40981248, 2.5163531, 3.1630759, 9.3822622, 9.6093092, 9.7474632, 9.8625507, 19.949530, 19.985020, 19.968878, 19.895876, 0.27516222, 0.28162977, 0.34382117, 0.34609279, 0.34747449, 0.34862545, 0.34974766, 0.34992510, 0.34984440, 0.34947938, 0.40981248
0.21830288, 1.0000000, 0.50109738, 2.7399392, 5.7925272, 9.4427719, 9.6880646, 9.7900085, 9.8792601, 19.947319, 19.982336, 19.955946, 19.886185, 0.27739882, 0.30792457, 0.34442714, 0.34688053, 0.34790003, 0.34879258, 0.34973660, 0.34991169, 0.34977973, 0.34943092, 0.50109738
0.21307322, 1.0000000, 0.48214936, 2.2279949, 6.0324907, 9.4202271, 9.6384211, 9.7630749, 9.8654461, 19.937862, 19.976349, 19.941582, 19.878710, 0.27227816, 0.31032202, 0.34420002, 0.34638375, 0.34763050, 0.34865436, 0.34968930, 0.34988174, 0.34970790, 0.34939355, 0.48214936
0.18550196, 1.0000000, 0.38225350, 1.2332141, 4.3470836, 9.4450302, 9.6469669, 9.7662840, 9.8653946, 19.932295, 19.969542, 19.927555, 19.873163, 0.26233092, 0.29346827, 0.34444749, 0.34646910, 0.34766254, 0.34865385, 0.34966147, 0.34984770, 0.34963778, 0.34936583, 0.38225350
0.15082811, 0.85532635, 0.25662357, 0.0000000, 2.6630878, 8.5670576, 9.5759315, 9.7222557, 9.8415842, 19.919022, 19.958744, 19.913893, 19.868946, 0.24996379, 0.27662963, 0.33566856, 0.34575889, 0.34722233, 0.34841576, 0.34959510, 0.34979373, 0.34956947, 0.34934473, 0.25662357
0.13864267, 0.70817393, 0.21247344, 0.0000000, 1.8021762, 7.3458495, 9.5805836, 9.7206831, 9.8374796, 19.910151, 19.947273, 19.901951, 19.865906, 0.24996379, 0.26801839, 0.32345161, 0.34580404, 0.34720591, 0.34837449, 0.34955075, 0.34973636, 0.34950975, 0.34932953, 0.21247344
0.13006601, 0.60460138, 0.18139856, 0.0000000, 1.2524515, 6.3638473, 9.6124287, 9.7387962, 9.8456488, 19.906702, 19.936138, 19.892099, 19.863802, 0.24996379, 0.26252437, 0.31363812, 0.34612417, 0.34738791, 0.34845647, 0.34953350, 0.34968069, 0.34946048, 0.34931901, 0.18139856
0.11971463, 0.47959730, 0.14389358, 0.0000000, 0.57548285, 5.2261691, 9.5813847, 9.7211208, 9.8367777, 19.898865, 19.923483, 19.883745, 19.862247, 0.24996379, 0.25575408, 0.30225837, 0.34581262, 0.34721059, 0.34836757, 0.34949434, 0.34961742, 0.34941873, 0.34931123, 0.14389358
0.10875434, 0.34723985, 0.10418238, 0.0000000, 0.0000000, 3.7511790, 9.5037241, 9.6721983, 9.8106117, 19.884409, 19.909365, 19.876625, 19.861019, 0.24996379, 0.24999076, 0.28750584, 0.34503424, 0.34672043, 0.34810561, 0.34942204, 0.34954682, 0.34938312, 0.34930509, 0.10418238
0.35380489, 1.0000000, 0.99204654, 9.8899508, 9.9396420, 9.9693136, 9.9918385, 9.9958801, 9.9983368, 19.999695, 19.999916, 19.999971, 19.989990, 0.34887913, 0.34938410, 0.34968695, 0.34991717, 0.34995818, 0.34998316, 0.34999847, 0.34999958, 0.34999985, 0.34994996, 0.99204654
0.35033494, 1.0000000, 0.97947437, 9.6932344, 9.8665657, 9.9288292, 9.9723139, 9.9857931, 9.9933558, 19.997984, 19.999474, 19.999266, 19.966606, 0.34693110, 0.34866488, 0.34928790, 0.34972304, 0.34985790, 0.34993356, 0.34998992, 0.34999737, 0.34999633, 0.34983304, 0.97947437
0.32250762, 1.0000000, 0.87865078, 7.9945803, 9.4707499, 9.6860752, 9.8773041, 9.9350214, 9.9711189, 19.992819, 19.998121, 19.996550, 19.944950, 0.32994425, 0.34470639, 0.34686020, 0.34877291, 0.34935015, 0.34971115, 0.34996408, 0.34999061, 0.34998274, 0.34972474, 0.87865078
0.27270037, 1.0000000, 0.69818968, 4.5763927, 9.2554598, 9.5149584, 9.7497330, 9.8572960, 9.9324150, 19.981627, 19.995152, 19.990799, 19.925833, 0.29576188, 0.34255216, 0.34514832, 0.34749708, 0.34857285, 0.34932414, 0.34990814, 0.34997576, 0.34995401, 0.34962916, 0.69818968
0.22925116, 1.0000000, 0.54076505, 2.4345398, 7.6198854, 9.4507103, 9.6776791, 9.8032742, 9.9007120, 19.970434, 19.991936, 19.982101, 19.909830, 0.27434480, 0.32619771, 0.34450641, 0.34677663, 0.34803268, 0.34900710, 0.34985217, 0.34995967, 0.34991050, 0.34954914, 0.54076505
0.19358924, 1.0000000, 0.41155517, 1.1638075, 5.4535575, 9.4157877, 9.6418056, 9.7730303, 9.8796263, 19.959726, 19.988253, 19.970737, 19.896944, 0.26163787, 0.30453500, 0.34415737, 0.34641796, 0.34773025, 0.34879622, 0.34979862, 0.34994125, 0.34985369, 0.34948471, 0.41155517
0.15873003, 0.95075077, 0.28525376, 0.48226118E-1, 3.1307435, 9.3703117, 9.6081285, 9.7471924, 9.8628206, 19.949757, 19.983789, 19.957399, 19.886892, 0.25048220, 0.28130540, 0.34370011, 0.34608066, 0.34747159, 0.34862810, 0.34974879, 0.34991896, 0.34978700, 0.34943447, 0.28525376
0.14919436, 0.83559698, 0.25070417, 0.0000000, 2.4432569, 8.5931358, 9.6441059, 9.7651072, 9.8685074, 19.945547, 19.979425, 19.943443, 19.879335, 0.24999917, 0.27443174, 0.33592990, 0.34644073, 0.34765089, 0.34868503, 0.34972775, 0.34989712, 0.34971720, 0.34939668, 0.25070417
0.35116512, 1.0000000, 0.98248219, 9.7460012, 9.8747091, 9.9348688, 9.9794674, 9.9895563, 9.9954681, 19.998896, 19.999712, 19.999918, 19.989990, 0.34745964, 0.34874687, 0.34934857, 0.34979466, 0.34989557, 0.34995466, 0.34999448, 0.34999856, 0.34999961, 0.34994996, 0.98248219
0.34573030, 1.0000000, 0.96279091, 9.4400349, 9.7615919, 9.8717518, 9.9650640, 9.9822130, 9.9930515, 19.998974, 19.999737, 19.999887, 19.985031, 0.34440035, 0.34761593, 0.34871751, 0.34965065, 0.34982213, 0.34993052, 0.34999487, 0.34999868, 0.34999943, 0.34992516, 0.96279091
0.30383483, 1.0000000, 0.81099570, 6.7396441, 9.3566723, 9.6002131, 9.8246603, 9.9050360, 9.9573097, 19.989502, 19.997263, 19.998356, 19.961763, 0.31739643, 0.34356672, 0.34600213, 0.34824660, 0.34905034, 0.34957311, 0.34994751, 0.34998631, 0.34999177, 0.34980881, 0.81099570
0.28458208, 1.0000000, 0.74123943, 5.2656746, 9.4653082, 9.6503353, 9.8120956, 9.8904963, 9.9474678, 19.985912, 19.996271, 19.995222, 19.940622, 0.30265626, 0.34465256, 0.34650308, 0.34812090, 0.34890494, 0.34947467, 0.34992957, 0.34998137, 0.34997612, 0.34970310, 0.74123943
0.24954693, 1.0000000, 0.61430043, 2.9559045, 9.1465187, 9.5446939, 9.7435369, 9.8456774, 9.9225779, 19.977182, 19.993862, 19.989014, 19.922190, 0.27955729, 0.34146193, 0.34544525, 0.34743500, 0.34845659, 0.34922573, 0.34988591, 0.34996933, 0.34994507, 0.34961095, 0.61430043
0.20987812, 1.0000000, 0.47057286, 1.4347523, 6.9583549, 9.4340696, 9.6587658, 9.7880764, 9.8888397, 19.963179, 19.989773, 19.979498, 19.906818, 0.26434579, 0.31957847, 0.34433725, 0.34658694, 0.34788042, 0.34888828, 0.34981591, 0.34994885, 0.34989750, 0.34953409, 0.47057286
0.17009965, 1.0000000, 0.32644796, 0.23269653E-1, 4.5434532, 9.3757515, 9.6084194, 9.7494040, 9.8636827, 19.949280, 19.984957, 19.967384, 19.894501, 0.25023264, 0.29542670, 0.34374940, 0.34608251, 0.34749320, 0.34863654, 0.34974641, 0.34992477, 0.34983692, 0.34947249, 0.32644796
0.15214285, 0.87120330, 0.26138714, 0.0000000, 2.7598948, 8.6920328, 9.5782681, 9.7249365, 9.8465614, 19.936232, 19.979130, 19.953497, 19.884954, 0.24999872, 0.27759245, 0.33691010, 0.34578043, 0.34724823, 0.34846523, 0.34968117, 0.34989566, 0.34976748, 0.34942478, 0.26138714
0.13798365, 0.70021552, 0.21008566, 0.0000000, 1.7562360, 7.2853160, 9.5585108, 9.7088671, 9.8349886, 19.924437, 19.971952, 19.938910, 19.877720, 0.24999872, 0.26755643, 0.32284084, 0.34558189, 0.34708703, 0.34834930, 0.34962219, 0.34985977, 0.34969455, 0.34938860, 0.21008566
0.12449437, 0.53731787, 0.16121149, 0.0000000, 0.84280372, 5.8580470, 9.5384970, 9.6943293, 9.8252897, 19.913736, 19.963110, 19.924562, 19.872311, 0.24999872, 0.25842655, 0.30857524, 0.34538326, 0.34694242, 0.34825259, 0.34956867, 0.34981555, 0.34962282, 0.34936154, 0.16121149
0.11122736, 0.37710440, 0.11314264, 0.0000000, 0.0000000, 4.3474240, 9.5105152, 9.6748037, 9.8133841, 19.902767, 19.952198, 19.911173, 19.868330, 0.24999872, 0.24999790, 0.29346275, 0.34510010, 0.34674549, 0.34813297, 0.34951383, 0.34976098, 0.34955585, 0.34934166, 0.11314264
0.10547627, 0.30765361, 0.92305318E-1, 0.0000000, 0.0000000, 2.9730110, 9.4427614, 9.6650982, 9.8068972, 19.894148, 19.940313, 19.899443, 19.865435, 0.24999872, 0.24999790, 0.27971908, 0.34442061, 0.34664741, 0.34806776, 0.34947073, 0.34970158, 0.34949720, 0.34932718, 0.92305318E-1
0.10201439, 0.26584765, 0.79762273E-1, 0.0000000, 0.0000000, 2.2845955, 8.7089462, 9.6505156, 9.8017941, 19.891344, 19.929102, 19.889891, 19.863436, 0.24999872, 0.24999790, 0.27284029, 0.33708519, 0.34650278, 0.34801713, 0.34945673, 0.34964550, 0.34944946, 0.34931719, 0.79762273E-1
0.99035814E-1, 0.22987813, 0.68970338E-1, 0.0000000, 0.0000000, 1.7053962, 8.0085011, 9.6518154, 9.8000746, 19.884861, 19.916798, 19.881908, 19.861965, 0.24999872, 0.24999790, 0.26704657, 0.33007807, 0.34651396, 0.34799930, 0.34942430, 0.34958398, 0.34940955, 0.34930983, 0.68970338E-1
0.96685678E-1, 0.20149770, 0.60455360E-1, 0.0000000, 0.0000000, 1.2661666, 7.3606415, 9.6576920, 9.8032646, 19.881674, 19.905935, 19.875799, 19.860956, 0.24999872, 0.24999790, 0.26265800, 0.32360217, 0.34657413, 0.34803170, 0.34940836, 0.34952968, 0.34937900, 0.34930480, 0.60455360E-1
0.94753824E-1, 0.17816848, 0.53455889E-1, 0.0000000, 0.0000000, 0.91977417, 6.7544274, 9.6631289, 9.8062582, 19.878786, 19.896267, 19.871134, 19.860281, 0.24999872, 0.24999790, 0.25919688, 0.31754300, 0.34663036, 0.34806228, 0.34939393, 0.34948134, 0.34935567, 0.34930140, 0.53455889E-1
0.26558238, 1.0000000, 0.67239988, 4.3222747, 8.9861116, 9.2413788, 9.5024385, 9.7703896, 9.8526850, 19.880861, 19.889263, 19.867983, 19.859903, 0.29322201, 0.33986020, 0.34241331, 0.34502429, 0.34770384, 0.34852681, 0.34940431, 0.34944633, 0.34933990, 0.34929952, 0.67239988
0.24103986, 1.0000000, 0.58347768, 2.7618437, 8.4732876, 9.5045557, 9.6739292, 9.7914906, 9.8631821, 19.877447, 19.882214, 19.865349, 19.859562, 0.27761662, 0.33472952, 0.34504369, 0.34673890, 0.34791470, 0.34863177, 0.34938723, 0.34941107, 0.34932673, 0.34929782, 0.58347768
0.21668507, 1.0000000, 0.49523574, 1.8942714, 6.9783950, 9.5038099, 9.6819620, 9.7847052, 9.8596458, 19.870920, 19.875614, 19.863205, 19.859299, 0.26893988, 0.31977770, 0.34503385, 0.34681875, 0.34784660, 0.34859630, 0.34935459, 0.34937808, 0.34931603, 0.34929651, 0.49523574
0.19926780, 1.0000000, 0.43212974, 1.3167620, 5.8194962, 9.5343037, 9.7005253, 9.7925558, 9.8622465, 19.866690, 19.870768, 19.861757, 19.859175, 0.26316583, 0.30819020, 0.34533915, 0.34700444, 0.34792516, 0.34862232, 0.34933347, 0.34935385, 0.34930879, 0.34929588, 0.43212974
0.17831126, 1.0000000, 0.35620019, 0.66582263, 4.3978877, 9.4884844, 9.6826763, 9.7820024, 9.8570337, 19.861755, 19.866669, 19.860643, 19.859058, 0.25665805, 0.29397812, 0.34488404, 0.34682658, 0.34781992, 0.34857032, 0.34930879, 0.34933335, 0.34930322, 0.34929529, 0.35620019
0.31322008, 1.0000000, 0.84500033, 7.7229962, 8.8730240, 9.5895586, 9.7281208, 9.8064766, 9.8667088, 19.860590, 19.864304, 19.860025, 19.859011, 0.32722852, 0.33872923, 0.34589505, 0.34728110, 0.34806472, 0.34866706, 0.34930295, 0.34932151, 0.34930012, 0.34929505, 0.84500033
0.35206068, 1.0000000, 0.98572707, 9.9419403, 9.7069597, 9.8392296, 9.9566698, 9.9779072, 9.9916162, 19.999022, 19.999743, 19.999809, 19.980110, 0.34941941, 0.34706959, 0.34839231, 0.34956670, 0.34977907, 0.34991616, 0.34999511, 0.34999871, 0.34999904, 0.34990054, 0.98572707
0.35401571, 1.0000000, 0.99281061, 9.8987522, 9.9445200, 9.9717474, 9.9930506, 9.9964924, 9.9986525, 19.999813, 19.999950, 19.999956, 19.987026, 0.34898585, 0.34944421, 0.34971696, 0.34993041, 0.34996486, 0.34998649, 0.34999907, 0.34999976, 0.34999979, 0.34993511, 0.99281061
0.34510291, 1.0000000, 0.96051776, 9.3973122, 9.7588911, 9.8687601, 9.9650793, 9.9822197, 9.9932508, 19.999207, 19.999790, 19.999172, 19.963797, 0.34397161, 0.34758794, 0.34868711, 0.34965071, 0.34982213, 0.34993246, 0.34999603, 0.34999895, 0.34999585, 0.34981897, 0.96051776
0.32669544, 1.0000000, 0.89382410, 8.2183847, 9.5702152, 9.7449427, 9.9068251, 9.9509020, 9.9795008, 19.996161, 19.998985, 19.996309, 19.942448, 0.33218223, 0.34570101, 0.34744886, 0.34906814, 0.34950897, 0.34979498, 0.34998080, 0.34999493, 0.34998155, 0.34971225, 0.89382410
0.31243575, 1.0000000, 0.84215844, 7.1940227, 9.5667439, 9.7297726, 9.8770933, 9.9321241, 9.9699459, 19.993534, 19.998255, 19.990820, 19.923864, 0.32193947, 0.34566683, 0.34729743, 0.34877086, 0.34932122, 0.34969947, 0.34996766, 0.34999126, 0.34995410, 0.34961933, 0.84215844
0.27256173, 1.0000000, 0.69768739, 4.5179009, 9.3123713, 9.5557508, 9.7752056, 9.8711872, 9.9399328, 19.985365, 19.995888, 19.982010, 19.908272, 0.29517722, 0.34312147, 0.34555638, 0.34775183, 0.34871176, 0.34939930, 0.34992683, 0.34997943, 0.34991005, 0.34954137, 0.69768739
0.24765813, 1.0000000, 0.60745698, 2.9555531, 8.8990126, 9.5790567, 9.7612448, 9.8548756, 9.9282856, 19.981041, 19.994040, 19.970839, 19.895823, 0.27955493, 0.33898905, 0.34579000, 0.34761232, 0.34854871, 0.34928283, 0.34990519, 0.34997019, 0.34985420, 0.34947911, 0.60745698
0.23032276, 1.0000000, 0.54464763, 2.3360312, 7.8369989, 9.5843916, 9.7538166, 9.8457680, 9.9199581, 19.976200, 19.991219, 19.957726, 19.886133, 0.27335879, 0.32836688, 0.34584203, 0.34753779, 0.34845749, 0.34919953, 0.34988099, 0.34995610, 0.34978864, 0.34943068, 0.54464763
0.21685894, 1.0000000, 0.49586570, 1.8879056, 6.9503522, 9.5976210, 9.7600555, 9.8464947, 9.9178057, 19.973003, 19.987473, 19.943789, 19.878815, 0.26887810, 0.31950143, 0.34597477, 0.34760025, 0.34846479, 0.34917799, 0.34986502, 0.34993738, 0.34971893, 0.34939408, 0.49586570
0.19196904, 1.0000000, 0.40568486, 1.0724962, 5.3612995, 9.4952564, 9.7072811, 9.8145485, 9.9016314, 19.966581, 19.981110, 19.929674, 19.873283, 0.26072484, 0.30361262, 0.34495220, 0.34707275, 0.34814546, 0.34901631, 0.34983289, 0.34990555, 0.34964836, 0.34936643, 0.40568486
0.18260288, 1.0000000, 0.37174958, 0.81521869, 4.6000748, 9.6019697, 9.7507772, 9.8361826, 9.9092054, 19.964819, 19.973957, 19.916670, 19.869305, 0.25815198, 0.29600003, 0.34601894, 0.34750763, 0.34836173, 0.34909204, 0.34982410, 0.34986979, 0.34958336, 0.34934652, 0.37174958
0.15682967, 0.92780173, 0.27836835, 0.0000000, 2.9952435, 9.3283644, 9.6642933, 9.7860832, 9.8836613, 19.953333, 19.962368, 19.904446, 19.866213, 0.24998124, 0.27994725, 0.34327558, 0.34664127, 0.34786001, 0.34883630, 0.34976667, 0.34981185, 0.34952223, 0.34933108, 0.27836835
0.14443816, 0.77816081, 0.23347160, 0.0000000, 2.0910978, 8.1594810, 9.6080875, 9.7478981, 9.8609858, 19.939518, 19.948629, 19.893795, 19.863966, 0.24998124, 0.27090603, 0.33158517, 0.34607860, 0.34747782, 0.34860948, 0.34969759, 0.34974316, 0.34946898, 0.34931982, 0.23347160
0.13295472, 0.63948572, 0.19186491, 0.0000000, 1.3017386, 6.9706650, 9.5889988, 9.7311163, 9.8486795, 19.926678, 19.934340, 19.885050, 19.862341, 0.24998124, 0.26301256, 0.31969371, 0.34588644, 0.34730935, 0.34848619, 0.34963340, 0.34967169, 0.34942526, 0.34931171, 0.19186491
0.12104934, 0.49571553, 0.14872953, 0.0000000, 0.50522387, 5.7089105, 9.5602474, 9.7107096, 9.8349113, 19.911724, 19.919580, 19.877865, 19.861143, 0.24998124, 0.25500032, 0.30704758, 0.34558421, 0.34709781, 0.34834486, 0.34955803, 0.34959775, 0.34938928, 0.34930572, 0.14872953
0.11089133, 0.37304637, 0.11192510, 0.0000000, 0.0000000, 4.2721395, 9.5168200, 9.6808205, 9.8158865, 19.893484, 19.904705, 19.871971, 19.860228, 0.24998124, 0.24999173, 0.29264063, 0.34512836, 0.34678787, 0.34814933, 0.34946600, 0.34952313, 0.34935978, 0.34930110, 0.11192510
0.10554282, 0.30845723, 0.92546426E-1, 0.0000000, 0.0000000, 2.9851842, 9.5215311, 9.6799097, 9.8109770, 19.878376, 19.891956, 19.867542, 19.859610, 0.24998124, 0.24999173, 0.27972218, 0.34514633, 0.34676394, 0.34809306, 0.34938928, 0.34945908, 0.34933752, 0.34929800, 0.92546426E-1
0.11778006, 0.45623526, 0.13688427, 0.97649693, 0.0000000, 2.7381449, 9.1693506, 9.7399139, 9.8378973, 19.875383, 19.883953, 19.864923, 19.859356, 0.25975731, 0.24999173, 0.27737501, 0.34168920, 0.34739685, 0.34837818, 0.34937692, 0.34941977, 0.34932461, 0.34929678, 0.13688427
0.10894033, 0.34948593, 0.10485627, 0.42230487, 0.0000000, 2.5035410, 8.8765936, 9.7587414, 9.8478622, 19.871801, 19.877346, 19.862986, 19.859217, 0.25422257, 0.24999173, 0.27503455, 0.33876529, 0.34758708, 0.34847850, 0.34935901, 0.34938672, 0.34931493, 0.34929609, 0.10485627
0.10305651, 0.27843234, 0.83538055E-1, 0.62027574E-1, 0.0000000, 2.3288341, 8.6385527, 9.7780447, 9.8567820, 19.869003, 19.872320, 19.861662, 19.859133, 0.25062001, 0.24999173, 0.27328521, 0.33638319, 0.34777912, 0.34856737, 0.34934503, 0.34936160, 0.34930831, 0.34929568, 0.83538055E-1
0.10086852, 0.25201002, 0.75610571E-1, 0.0000000, 0.0000000, 2.0693750, 8.3333311, 9.7629499, 9.8510551, 19.864962, 19.868086, 19.860632, 19.859045, 0.24998775, 0.24999173, 0.27069375, 0.33333331, 0.34762949, 0.34851056, 0.34932482, 0.34934044, 0.34930316, 0.34929523, 0.75610571E-1
0.99085979E-1, 0.23048393, 0.69152094E-1, 0.0000000, 0.0000000, 1.7257243, 7.9188128, 9.7290087, 9.8358755, 19.859739, 19.864429, 19.859777, 19.858934, 0.24998775, 0.24999173, 0.26725635, 0.32918733, 0.34728959, 0.34835857, 0.34929869, 0.34932214, 0.34929889, 0.34929466, 0.69152094E-1
0.97757712E-1, 0.21444367, 0.64339533E-1, 0.0000000, 0.0000000, 1.4771104, 7.5555153, 9.7347670, 9.8357878, 19.855659, 19.861685, 19.859203, 19.858833, 0.24998775, 0.24999173, 0.26476917, 0.32555315, 0.34734640, 0.34835744, 0.34927830, 0.34930843, 0.34929603, 0.34929416, 0.64339533E-1
0.96353516E-1, 0.19748645, 0.59251860E-1, 0.0000000, 0.0000000, 1.2127280, 7.1842933, 9.7303953, 9.8314400, 19.850306, 19.859138, 19.858643, 19.858757, 0.24998775, 0.24999173, 0.26212564, 0.32184100, 0.34730265, 0.34831396, 0.34925154, 0.34929568, 0.34929320, 0.34929377, 0.59251860E-1
0.94905108E-1, 0.17999542, 0.54004025E-1, 0.0000000, 0.0000000, 0.94740391, 6.7717457, 9.7147789, 9.8236275, 19.846153, 19.857235, 19.858200, 19.858709, 0.24998775, 0.24999173, 0.25947106, 0.31771320, 0.34714475, 0.34823525, 0.34923077, 0.34928617, 0.34929100, 0.34929353, 0.54004025E-1
0.94396584E-1, 0.17385440, 0.52161537E-1, 0.0000000, 0.0000000, 0.86755753, 6.5306053, 9.7597914, 9.8425035, 19.847765, 19.857059, 19.858219, 19.858709, 0.24998775, 0.24999173, 0.25867343, 0.31530285, 0.34759548, 0.34842423, 0.34923881, 0.34928530, 0.34929109, 0.34929353, 0.52161537E-1
0.93657590E-1, 0.16493027, 0.49484029E-1, 0.0000000, 0.0000000, 0.74418187, 6.2556343, 9.7555189, 9.8422470, 19.847979, 19.856724, 19.858189, 19.858709, 0.24998775, 0.24999173, 0.25744182, 0.31255633, 0.34755519, 0.34842247, 0.34923989, 0.34928364, 0.34929094, 0.34929353, 0.49484029E-1
0.92459045E-1, 0.15045653, 0.45141473E-1, 0.0000000, 0.0000000, 0.53629279, 5.8688068, 9.7187300, 9.8264475, 19.845039, 19.855700, 19.857952, 19.858675, 0.24998775, 0.24999173, 0.25536266, 0.30868748, 0.34718680, 0.34826431, 0.34922519, 0.34927851, 0.34928977, 0.34929338, 0.45141473E-1
0.91079347E-1, 0.13379513, 0.40142555E-1, 0.0000000, 0.0000000, 0.30166805, 5.3945436, 9.6883535, 9.8111210, 19.840914, 19.854414, 19.857683, 19.858652, 0.24998775, 0.24999173, 0.25301534, 0.30394059, 0.34687918, 0.34810975, 0.34920457, 0.34927207, 0.34928840, 0.34929326, 0.40142555E-1
0.89920565E-1, 0.11980163, 0.35944082E-1, 0.0000000, 0.0000000, 0.12494028, 4.8877850, 9.6712294, 9.8025608, 19.839251, 19.853836, 19.857571, 19.858675, 0.24998775, 0.24999173, 0.25124910, 0.29887557, 0.34671006, 0.34802487, 0.34919626, 0.34926918, 0.34928787, 0.34929338, 0.35944082E-1
0.89411095E-1, 0.11364921, 0.34098174E-1, 0.0000000, 0.0000000, 0.61041117E-1, 4.5631189, 9.7220821, 9.8238411, 19.841560, 19.854368, 19.857759, 19.858709, 0.24998775, 0.24999173, 0.25061020, 0.29562798, 0.34721741, 0.34823725, 0.34920782, 0.34927183, 0.34928879, 0.34929353, 0.34098174E-1
0.14187732, 0.74723595, 0.22419320, 2.5505841, 2.1098077, 0.39902329E-1, 4.3911810, 9.7831964, 9.8498945, 19.844809, 19.855169, 19.857973, 19.858709, 0.27550551, 0.27109793, 0.25039902, 0.29391178, 0.34783193, 0.34849894, 0.34922403, 0.34927586, 0.34928986, 0.34929353, 0.22419320
0.14848050, 0.82697660, 0.24811779, 2.2531509, 2.1195679, 2.6220708, 4.2913609, 9.8229837, 9.8671360, 19.847559, 19.855879, 19.858183, 19.858709, 0.27253151, 0.27119568, 0.27622071, 0.29291362, 0.34822983, 0.34867138, 0.34923780, 0.34927940, 0.34929091, 0.34929353, 0.24811779
0.14215675, 0.75061023, 0.22520559, 1.9353777, 1.9465595, 2.5228918, 4.1754618, 9.8238773, 9.8686285, 19.848389, 19.856119, 19.858208, 19.858709, 0.26935378, 0.26946560, 0.27522892, 0.29175460, 0.34823877, 0.34868628, 0.34924194, 0.34928060, 0.34929103, 0.34929353, 0.22520559
0.12789890, 0.57843125, 0.17354673, 1.2210608, 1.5498430, 2.2955508, 3.9858851, 9.7947693, 9.8561630, 19.845310, 19.855305, 19.857977, 19.858688, 0.26220906, 0.26549724, 0.27295464, 0.28985855, 0.34794730, 0.34856153, 0.34922653, 0.34927651, 0.34928989, 0.34929344, 0.17354673
0.12115897, 0.49703926, 0.14912669, 0.89415014, 1.3547599, 2.1767111, 3.8359754, 9.8033695, 9.8597994, 19.845881, 19.855453, 19.858061, 19.858709, 0.25893959, 0.26354584, 0.27176571, 0.28835925, 0.34803307, 0.34859779, 0.34922940, 0.34927726, 0.34929031, 0.34929353, 0.14912669
0.12151891, 0.50138593, 0.15043083, 1.1190385, 1.1163235, 2.0238757, 3.6725059, 9.7967682, 9.8574696, 19.845751, 19.855431, 19.858072, 19.858709, 0.26118904, 0.26116243, 0.27023804, 0.28672478, 0.34796733, 0.34857458, 0.34922874, 0.34927714, 0.34929037, 0.34929353, 0.15043083
0.10459045, 0.29695636, 0.89095816E-1, 0.27310848, 0.65368414, 1.7355353, 3.4158711, 9.7627878, 9.8414726, 19.840944, 19.854137, 19.857729, 19.858641, 0.25272983, 0.25653505, 0.26735297, 0.28415778, 0.34762654, 0.34841427, 0.34920472, 0.34927070, 0.34928864, 0.34929320, 0.89095816E-1
0.95495850E-1, 0.18712923, 0.56144383E-1, 0.0000000, 0.20388961, 1.4157176, 3.1014838, 9.7304602, 9.8266096, 19.837023, 19.853094, 19.857454, 19.858616, 0.24996687, 0.25203544, 0.26415077, 0.28101194, 0.34730062, 0.34826472, 0.34918508, 0.34926546, 0.34928727, 0.34929308, 0.56144383E-1
0.92522480E-1, 0.15122257, 0.45371309E-1, 0.0000000, 0.0000000, 1.1569053, 2.9046030, 9.5979319, 9.8214025, 19.836529, 19.852926, 19.857418, 19.858646, 0.24996687, 0.24998447, 0.26156700, 0.27904499, 0.34597763, 0.34821343, 0.34918264, 0.34926462, 0.34928709, 0.34929323, 0.45371309E-1
0.15857643, 0.94889575, 0.28469720, 2.4991572, 2.3753405, 2.9940395, 8.1061888, 9.5685863, 9.8389673, 19.839153, 19.853609, 19.857635, 19.858709, 0.27498850, 0.27375168, 0.27993929, 0.33106130, 0.34568551, 0.34838957, 0.34919578, 0.34926805, 0.34928817, 0.34929353, 0.28469720
0.18077281, 1.0000000, 0.36511889, 2.2873330, 3.4412217, 6.6285405, 9.5291824, 9.7196789, 9.8407259, 19.838806, 19.853535, 19.857624, 19.858698, 0.27287334, 0.28441221, 0.31628540, 0.34529182, 0.34719679, 0.34840727, 0.34919402, 0.34926766, 0.34928811, 0.34929350, 0.36511889
0.16176492, 0.98740029, 0.29624972, 1.6653210, 1.9612283, 7.0428801, 9.6513252, 9.7630682, 9.8451424, 19.838894, 19.853569, 19.857649, 19.858704, 0.26665130, 0.26961091, 0.32042634, 0.34651259, 0.34763035, 0.34845132, 0.34919447, 0.34926784, 0.34928825, 0.34929353, 0.29624972
0.17786539, 1.0000000, 0.35458472, 2.4108291, 2.3001342, 7.7523284, 9.7119370, 9.7939692, 9.8549604, 19.841192, 19.854170, 19.857796, 19.858709, 0.27410829, 0.27300134, 0.32752329, 0.34711936, 0.34793970, 0.34854960, 0.34920597, 0.34927085, 0.34928897, 0.34929353, 0.35458472
0.16010028, 0.96729785, 0.29021838, 1.5985042, 1.8550307, 7.0677600, 9.6815481, 9.7771683, 9.8467188, 19.839544, 19.853733, 19.857670, 19.858675, 0.26598418, 0.26854971, 0.32067648, 0.34681517, 0.34777153, 0.34846711, 0.34919772, 0.34926867, 0.34928834, 0.34929338, 0.29021838
0.14796764, 0.82078320, 0.24625959, 1.0794997, 1.5487880, 6.4780502, 9.6894321, 9.7806168, 9.8481493, 19.840267, 19.853939, 19.857719, 19.858709, 0.26079375, 0.26548681, 0.31477824, 0.34689364, 0.34780583, 0.34848136, 0.34920132, 0.34926969, 0.34928858, 0.34929353, 0.24625959
0.13899855, 0.71247166, 0.21376288, 0.70378780, 1.3214648, 6.0139661, 9.7088490, 9.7915497, 9.8527508, 19.841415, 19.854233, 19.857771, 19.858709, 0.25703627, 0.26321283, 0.31013551, 0.34708714, 0.34791481, 0.34852725, 0.34920707, 0.34927118, 0.34928885, 0.34929353, 0.21376288
0.12689778, 0.56634158, 0.16991948, 0.20626783, 0.99713206, 5.4034615, 9.6834059, 9.7779799, 9.8474798, 19.840899, 19.854103, 19.857708, 19.858692, 0.25206265, 0.25997123, 0.30403441, 0.34683397, 0.34777978, 0.34847480, 0.34920448, 0.34927052, 0.34928852, 0.34929347, 0.16991948
0.11958402, 0.47801998, 0.14342034, 0.0000000, 0.76034069, 4.7999434, 9.6766558, 9.7739916, 9.8469124, 19.842058, 19.854404, 19.857784, 19.858709, 0.24999212, 0.25760299, 0.29799810, 0.34676602, 0.34773964, 0.34846905, 0.34921029, 0.34927201, 0.34928891, 0.34929353, 0.14342034
0.11468033, 0.41880262, 0.12565336, 0.0000000, 0.49989223, 4.1404014, 9.6611795, 9.7649117, 9.8434610, 19.842157, 19.854416, 19.857784, 19.858709, 0.24999212, 0.25499871, 0.29140314, 0.34661138, 0.34764892, 0.34843457, 0.34921080, 0.34927207, 0.34928891, 0.34929353, 0.12565336
0.11057344, 0.36920759, 0.11077335, 0.0000000, 0.27776361, 3.5897801, 9.6727896, 9.7708254, 9.8453150, 19.842087, 19.854399, 19.857771, 19.858709, 0.24999212, 0.25277740, 0.28589615, 0.34672701, 0.34770781, 0.34845302, 0.34921044, 0.34927198, 0.34928885, 0.34929353, 0.11077335
0.10694962, 0.32544595, 0.97643547E-1, 0.0000000, 0.11372566, 3.0448060, 9.6631498, 9.7662296, 9.8444395, 19.842972, 19.854614, 19.857824, 19.858709, 0.24999212, 0.25113720, 0.28044739, 0.34663108, 0.34766209, 0.34844434, 0.34921485, 0.34927309, 0.34928912, 0.34929353, 0.97643547E-1
0.10527321, 0.30520144, 0.91569595E-1, 0.0000000, 0.0000000, 2.8916597, 9.5276604, 9.7956638, 9.8556738, 19.844135, 19.854929, 19.857918, 19.858709, 0.24999212, 0.24999999, 0.27891111, 0.34527299, 0.34795478, 0.34855610, 0.34922069, 0.34927464, 0.34928960, 0.34929353, 0.91569595E-1
0.10455407, 0.29651704, 0.88964015E-1, 0.0000000, 0.0000000, 2.7523816, 9.3497696, 9.8029881, 9.8583527, 19.844090, 19.854959, 19.857937, 19.858709, 0.24999212, 0.24999999, 0.27752116, 0.34349588, 0.34802893, 0.34858319, 0.34922045, 0.34927481, 0.34928969, 0.34929353, 0.88964015E-1
0.10421219, 0.29238847, 0.87725319E-1, 0.0000000, 0.0000000, 2.6908307, 9.2316875, 9.8232441, 9.8667707, 19.845734, 19.855425, 19.858072, 19.858709, 0.24999212, 0.24999999, 0.27690804, 0.34231669, 0.34823236, 0.34866768, 0.34922868, 0.34927714, 0.34929037, 0.34929353, 0.87725319E-1
0.10360668, 0.28507626, 0.85531436E-1, 0.0000000, 0.0000000, 2.5737853, 9.0871801, 9.8212500, 9.8660574, 19.845734, 19.855431, 19.858084, 19.858709, 0.24999212, 0.24999999, 0.27573684, 0.34087110, 0.34821212, 0.34866047, 0.34922868, 0.34927714, 0.34929043, 0.34929353, 0.85531436E-1
0.10262078, 0.27317050, 0.81959344E-1, 0.0000000, 0.0000000, 2.3783894, 8.8859968, 9.8017845, 9.8574181, 19.843401, 19.854818, 19.857931, 19.858704, 0.24999212, 0.24999999, 0.27378061, 0.33885753, 0.34801650, 0.34857374, 0.34921700, 0.34927410, 0.34928966, 0.34929353, 0.81959344E-1
0.10194014, 0.26495108, 0.79493277E-1, 0.0000000, 0.0000000, 2.2494137, 8.7192364, 9.8069487, 9.8589745, 19.842983, 19.854706, 19.857918, 19.858709, 0.24999212, 0.24999999, 0.27246752, 0.33717790, 0.34806198, 0.34858617, 0.34921435, 0.34927338, 0.34928957, 0.34929353, 0.79493277E-1
0.10102298, 0.25387534, 0.76170221E-1, 0.0000000, 0.0000000, 2.0679326, 8.5126657, 9.7957783, 9.8540201, 19.841534, 19.854311, 19.857824, 19.858704, 0.24999212, 0.24999999, 0.27067509, 0.33512387, 0.34795624, 0.34853956, 0.34920761, 0.34927157, 0.34928912, 0.34929353, 0.76170221E-1
0.10018443, 0.24374895, 0.73132001E-1, 0.0000000, 0.0000000, 1.9068867, 8.3097515, 9.7927504, 9.8526964, 19.841045, 19.854164, 19.857759, 19.858709, 0.24999212, 0.24999999, 0.26905969, 0.33309177, 0.34792438, 0.34852561, 0.34920508, 0.34927079, 0.34928879, 0.34929353, 0.73132001E-1
0.99051170E-1, 0.23006360, 0.69025986E-1, 0.0000000, 0.0000000, 1.6878605, 8.0445395, 9.7718267, 9.8444328, 19.839827, 19.853849, 19.857647, 19.858688, 0.24999212, 0.24999999, 0.26687568, 0.33044261, 0.34771657, 0.34844378, 0.34919912, 0.34926924, 0.34928823, 0.34929344, 0.69025986E-1
0.97983040E-1, 0.21716474, 0.65155938E-1, 0.0000000, 0.0000000, 1.4843285, 7.7755299, 9.7650709, 9.8410616, 19.838724, 19.853550, 19.857573, 19.858692, 0.24999212, 0.24999999, 0.26484135, 0.32775328, 0.34764946, 0.34841019, 0.34919363, 0.34926775, 0.34928787, 0.34929347, 0.65155938E-1
0.96299529E-1, 0.19683453, 0.59056267E-1, 0.0000000, 0.0000000, 1.1588722, 7.3907590, 9.7292881, 9.8240786, 19.833664, 19.852194, 19.857235, 19.858610, 0.24999212, 0.24999999, 0.26158622, 0.32390440, 0.34729075, 0.34824008, 0.34916833, 0.34926099, 0.34928617, 0.34929305, 0.59056267E-1
0.94685823E-1, 0.17734724, 0.53209495E-1, 0.0000000, 0.0000000, 0.86189806, 6.9501238, 9.7056980, 9.8134470, 19.831327, 19.851526, 19.857059, 19.858580, 0.24999212, 0.24999999, 0.25859952, 0.31948766, 0.34704909, 0.34813106, 0.34915626, 0.34925756, 0.34928527, 0.34929290, 0.53209495E-1
0.93850076E-1, 0.16725478, 0.50181452E-1, 0.0000000, 0.0000000, 0.72079003, 6.6197429, 9.7336912, 9.8258972, 19.834349, 19.852289, 19.857283, 19.858646, 0.24999212, 0.24999999, 0.25720653, 0.31619492, 0.34733507, 0.34825835, 0.34917176, 0.34926146, 0.34928641, 0.34929323, 0.50181452E-1
0.93110882E-1, 0.15832818, 0.47503203E-1, 0.0000000, 0.0000000, 0.59826374, 6.3312168, 9.7463198, 9.8326435, 19.836834, 19.852936, 19.857443, 19.858709, 0.24999212, 0.24999999, 0.25598255, 0.31331199, 0.34746307, 0.34832639, 0.34918416, 0.34926468, 0.34928721, 0.34929353, 0.47503203E-1
0.92245795E-1, 0.14788130, 0.44368830E-1, 0.0000000, 0.0000000, 0.46050549, 5.9862199, 9.7264729, 9.8266764, 19.838617, 19.853415, 19.857597, 19.858709, 0.24999212, 0.24999999, 0.25460488, 0.30986175, 0.34726438, 0.34826666, 0.34919310, 0.34926707, 0.34928799, 0.34929353, 0.44368830E-1
0.91130801E-1, 0.13441652, 0.40328991E-1, 0.0000000, 0.0000000, 0.27931631, 5.5602627, 9.7008181, 9.8155022, 19.837795, 19.853220, 19.857540, 19.858675, 0.24999212, 0.24999999, 0.25279301, 0.30560195, 0.34700760, 0.34815484, 0.34918898, 0.34926611, 0.34928769, 0.34929338, 0.40328991E-1
0.90392157E-1, 0.12549664, 0.37652757E-1, 0.0000000, 0.0000000, 0.15718937, 5.2590504, 9.7366915, 9.8286963, 19.838112, 19.853325, 19.857573, 19.858709, 0.24999212, 0.24999999, 0.25157154, 0.30258811, 0.34736472, 0.34828621, 0.34919056, 0.34926662, 0.34928787, 0.34929353, 0.37652757E-1
0.90129681E-1, 0.12232692, 0.36701746E-1, 0.0000000, 0.0000000, 0.12079775, 5.0949240, 9.7873440, 9.8502970, 19.841564, 19.854227, 19.857838, 19.858709, 0.24999212, 0.24999999, 0.25120777, 0.30094740, 0.34787169, 0.34850237, 0.34920782, 0.34927112, 0.34928918, 0.34929353, 0.36701746E-1
0.89725398E-1, 0.11744477, 0.35236955E-1, 0.0000000, 0.0000000, 0.56785345E-1, 4.9234295, 9.7924910, 9.8538904, 19.843040, 19.854635, 19.857918, 19.858709, 0.24999212, 0.24999999, 0.25056776, 0.29923287, 0.34792349, 0.34853843, 0.34921521, 0.34927318, 0.34928960, 0.34929353, 0.35236955E-1
0.89230001E-1, 0.11146235, 0.33442050E-1, 0.0000000, 0.0000000, 0.0000000, 4.6351380, 9.7459593, 9.8360472, 19.841446, 19.854246, 19.857801, 19.858698, 0.24999212, 0.24999999, 0.24999976, 0.29635069, 0.34745887, 0.34836024, 0.34920722, 0.34927124, 0.34928900, 0.34929350, 0.33442050E-1
0.88960588E-1, 0.10820884, 0.32465898E-1, 0.0000000, 0.0000000, 0.0000000, 4.3185554, 9.7317944, 9.8285608, 19.839203, 19.853657, 19.857634, 19.858669, 0.24999212, 0.24999999, 0.24999976, 0.29318199, 0.34731391, 0.34828427, 0.34919602, 0.34926829, 0.34928817, 0.34929335, 0.32465898E-1
0.88686600E-1, 0.10490017, 0.31473201E-1, 0.0000000, 0.0000000, 0.0000000, 3.9909830, 9.7266331, 9.8245869, 19.836792, 19.853025, 19.857483, 19.858658, 0.24999212, 0.24999999, 0.24999976, 0.28990588, 0.34726149, 0.34824422, 0.34918398, 0.34926513, 0.34928742, 0.34929329, 0.31473201E-1
0.88445790E-1, 0.10199214, 0.30600702E-1, 0.0000000, 0.0000000, 0.0000000, 3.6951249, 9.7395239, 9.8281565, 19.835070, 19.852547, 19.857330, 19.858683, 0.24999212, 0.24999999, 0.24999976, 0.28693172, 0.34738261, 0.34827587, 0.34917456, 0.34926254, 0.34928659, 0.34929341, 0.30600702E-1
0.88212468E-1, 0.99174522E-1, 0.29755332E-1, 0.0000000, 0.0000000, 0.0000000, 3.4116628, 9.7444592, 9.8291950, 19.833391, 19.852087, 19.857225, 19.858664, 0.24999212, 0.24999999, 0.24999976, 0.28408965, 0.34742814, 0.34828427, 0.34916583, 0.34926015, 0.34928605, 0.34929329, 0.29755332E-1
0.88075913E-1, 0.97525410E-1, 0.29260550E-1, 0.0000000, 0.0000000, 0.0000000, 3.2230210, 9.7796535, 9.8445406, 19.836334, 19.852823, 19.857449, 19.858709, 0.24999212, 0.24999999, 0.24999976, 0.28222972, 0.34779581, 0.34844518, 0.34918168, 0.34926412, 0.34928724, 0.34929353, 0.29260550E-1
0.87871656E-1, 0.95058791E-1, 0.28520489E-1, 0.0000000, 0.0000000, 0.0000000, 2.9941111, 9.7497091, 9.8374062, 19.835096, 19.852497, 19.857372, 19.858704, 0.24999212, 0.24999999, 0.24999976, 0.27992874, 0.34748897, 0.34837037, 0.34917498, 0.34926236, 0.34928682, 0.34929353, 0.28520489E-1
0.87784648E-1, 0.94008073E-1, 0.28205242E-1, 0.0000000, 0.0000000, 0.0000000, 2.9385209, 9.6446571, 9.8465748, 19.837404, 19.853107, 19.857536, 19.858709, 0.24999212, 0.24999999, 0.24999976, 0.27938417, 0.34644488, 0.34846517, 0.34918702, 0.34926555, 0.34928769, 0.34929353, 0.28205242E-1
0.87650001E-1, 0.92382051E-1, 0.27717387E-1, 0.0000000, 0.0000000, 0.0000000, 2.8464854, 9.5052271, 9.8413420, 19.837294, 19.853085, 19.857567, 19.858704, 0.24999212, 0.24999999, 0.24999976, 0.27846384, 0.34505060, 0.34841284, 0.34918648, 0.34926543, 0.34928784, 0.34929353, 0.27717387E-1
0.87591961E-1, 0.91681160E-1, 0.27507100E-1, 0.0000000, 0.0000000, 0.0000000, 2.8160214, 9.4218874, 9.8546829, 19.840790, 19.854034, 19.857807, 19.858709, 0.24999212, 0.24999999, 0.24999976, 0.27815825, 0.34421560, 0.34854570, 0.34920394, 0.34927016, 0.34928903, 0.34929353, 0.27507100E-1
0.87519161E-1, 0.90802088E-1, 0.27243352E-1, 0.0000000, 0.0000000, 0.0000000, 2.7723134, 9.3317299, 9.8576279, 19.842688, 19.854559, 19.857906, 19.858709, 0.24999212, 0.24999999, 0.24999976, 0.27772313, 0.34331730, 0.34857628, 0.34921342, 0.34927279, 0.34928954, 0.34929353, 0.27243352E-1
0.87414466E-1, 0.89537770E-1, 0.26864018E-1, 0.0000000, 0.0000000, 0.0000000, 2.7031393, 9.2192078, 9.8530483, 19.842600, 19.854548, 19.857895, 19.858709, 0.24999212, 0.24999999, 0.24999976, 0.27703014, 0.34218994, 0.34852970, 0.34921300, 0.34927273, 0.34928948, 0.34929353, 0.26864018E-1
0.87331936E-1, 0.88541090E-1, 0.26564984E-1, 0.0000000, 0.0000000, 0.0000000, 2.6528387, 9.1195107, 9.8551445, 19.843807, 19.854887, 19.857979, 19.858709, 0.24999212, 0.24999999, 0.24999976, 0.27652776, 0.34119400, 0.34855106, 0.34921902, 0.34927443, 0.34928989, 0.34929353, 0.26564984E-1
0.87228775E-1, 0.87295368E-1, 0.26191229E-1, 0.0000000, 0.0000000, 0.0000000, 2.5851517, 9.0067453, 9.8523016, 19.843489, 19.854818, 19.857948, 19.858709, 0.24999212, 0.24999999, 0.24999976, 0.27585068, 0.34006599, 0.34852248, 0.34921744, 0.34927410, 0.34928975, 0.34929353, 0.26191229E-1
0.87121181E-1, 0.85996054E-1, 0.25801398E-1, 0.0000000, 0.0000000, 0.0000000, 2.5150924, 8.8877220, 9.8495693, 19.843256, 19.854759, 19.857912, 19.858709, 0.24999212, 0.24999999, 0.24999976, 0.27515051, 0.33887649, 0.34849542, 0.34921628, 0.34927380, 0.34928957, 0.34929353, 0.25801398E-1
0.87022230E-1, 0.84801108E-1, 0.25442878E-1, 0.0000000, 0.0000000, 0.0000000, 2.4534373, 8.7722378, 9.8495274, 19.843727, 19.854887, 19.857943, 19.858709, 0.24999212, 0.24999999, 0.24999976, 0.27453345, 0.33772072, 0.34849465, 0.34921864, 0.34927443, 0.34928972, 0.34929353, 0.25442878E-1
0.86824708E-1, 0.82415789E-1, 0.24727210E-1, 0.0000000, 0.0000000, 0.0000000, 2.3263395, 8.5574341, 9.8253260, 19.842087, 19.854458, 19.857832, 19.858692, 0.24999212, 0.24999999, 0.24999976, 0.27326238, 0.33557245, 0.34825253, 0.34921044, 0.34927228, 0.34928915, 0.34929347, 0.24727210E-1
0.86616851E-1, 0.79905666E-1, 0.23974098E-1, 0.0000000, 0.0000000, 0.0000000, 2.1905839, 8.3306818, 9.8134632, 19.839520, 19.853781, 19.857647, 19.858664, 0.24999212, 0.24999999, 0.24999976, 0.27190518, 0.33330557, 0.34813413, 0.34919760, 0.34926891, 0.34928823, 0.34929332, 0.23974098E-1
0.86506143E-1, 0.78568734E-1, 0.23572978E-1, 0.0000000, 0.0000000, 0.0000000, 2.1267533, 8.1853180, 9.8295918, 19.840981, 19.854156, 19.857731, 19.858709, 0.24999212, 0.24999999, 0.24999976, 0.27126744, 0.33185300, 0.34829587, 0.34920490, 0.34927079, 0.34928864, 0.34929353, 0.23572978E-1
0.86392902E-1, 0.77201270E-1, 0.23162698E-1, 0.0000000, 0.0000000, 0.0000000, 2.0590663, 8.0453444, 9.8351898, 19.841782, 19.854368, 19.857784, 19.858709, 0.24999212, 0.24999999, 0.24999976, 0.27059048, 0.33045310, 0.34835175, 0.34920889, 0.34927183, 0.34928891, 0.34929353, 0.23162698E-1
0.86225428E-1, 0.75178862E-1, 0.22555914E-1, 0.0000000, 0.0000000, 0.0000000, 1.9472301, 7.8674378, 9.8262463, 19.839378, 19.853720, 19.857590, 19.858675, 0.24999212, 0.24999999, 0.24999976, 0.26947221, 0.32867420, 0.34826240, 0.34919688, 0.34926862, 0.34928796, 0.34929338, 0.22555914E-1
0.86064801E-1, 0.73239073E-1, 0.21973919E-1, 0.0000000, 0.0000000, 0.0000000, 1.8380731, 7.7039294, 9.8264341, 19.836834, 19.853025, 19.857435, 19.858683, 0.24999212, 0.24999999, 0.24999976, 0.26835811, 0.32702422, 0.34825704, 0.34918320, 0.34926489, 0.34928712, 0.34929338, 0.21973919E-1
0.85832454E-1, 0.70433229E-1, 0.21132082E-1, 0.0000000, 0.0000000, 0.0000000, 1.6760200, 7.4702048, 9.8069239, 19.832144, 19.851748, 19.857136, 19.858616, 0.24999212, 0.24999999, 0.24999976, 0.26674941, 0.32469335, 0.34806511, 0.34916031, 0.34925860, 0.34928563, 0.34929308, 0.21132082E-1
0.85649036E-1, 0.68218254E-1, 0.20467523E-1, 0.0000000, 0.0000000, 0.0000000, 1.5574932, 7.2614655, 9.8079290, 19.831568, 19.851532, 19.857090, 19.858616, 0.24999212, 0.24999999, 0.24999976, 0.26557326, 0.32261106, 0.34807768, 0.34915784, 0.34925765, 0.34928545, 0.34929308, 0.20467523E-1
0.85407607E-1, 0.65302759E-1, 0.19592788E-1, 0.0000000, 0.0000000, 0.0000000, 1.4136463, 6.9723697, 9.7877998, 19.831314, 19.851433, 19.857090, 19.858622, 0.24999212, 0.24999999, 0.24999976, 0.26413563, 0.31972164, 0.34787706, 0.34915656, 0.34925717, 0.34928545, 0.34929311, 0.19592788E-1
0.85155688E-1, 0.62260535E-1, 0.18680029E-1, 0.0000000, 0.0000000, 0.0000000, 1.2574613, 6.6787648, 9.7807093, 19.829102, 19.850838, 19.856932, 19.858580, 0.24999212, 0.24999999, 0.24999976, 0.26257348, 0.31678468, 0.34780565, 0.34914550, 0.34925419, 0.34928465, 0.34929290, 0.18680029E-1
0.84918231E-1, 0.59393000E-1, 0.17819682E-1, 0.0000000, 0.0000000, 0.0000000, 1.1024147, 6.4199505, 9.7853279, 19.826000, 19.849974, 19.856716, 19.858500, 0.24999212, 0.24999999, 0.24999976, 0.26099965, 0.31418353, 0.34784514, 0.34912890, 0.34924957, 0.34928352, 0.34929246, 0.17819682E-1
0.84634051E-1, 0.55961203E-1, 0.16790040E-1, 0.0000000, 0.0000000, 0.0000000, 0.91216266, 6.1207438, 9.7744102, 19.821127, 19.848612, 19.856339, 19.858423, 0.24999212, 0.24999999, 0.24999976, 0.25908554, 0.31118500, 0.34773254, 0.34910399, 0.34924263, 0.34928158, 0.34929207, 0.16790040E-1
0.13891931, 0.71151459, 0.21347573, 2.2508650, 2.2546709, 1.2479544, 0.71457624, 5.7602792, 9.7568541, 19.817593, 19.847586, 19.856098, 19.858364, 0.27235246, 0.27246657, 0.26243937, 0.25712562, 0.30759218, 0.34756309, 0.34908700, 0.34923768, 0.34928042, 0.34929180, 0.21347573
0.11256091, 0.39320835, 0.11797430, 0.90985596, 1.4983565, 0.91883838, 0.57546794, 5.5298524, 9.7866039, 19.817446, 19.847443, 19.856033, 19.858393, 0.25893217, 0.26489672, 0.25914490, 0.25573298, 0.30528677, 0.34785998, 0.34908623, 0.34923694, 0.34928012, 0.34929195, 0.11797430
0.93161508E-1, 0.15893956, 0.47686636E-1, 0.0000000, 0.81405342, 0.60591996, 0.44025779, 5.3148217, 9.7926617, 19.817385, 19.847349, 19.856041, 19.858393, 0.24998751, 0.25813693, 0.25605786, 0.25440237, 0.30314702, 0.34792590, 0.34908694, 0.34923676, 0.34928021, 0.34929198, 0.47686636E-1
0.84371381E-1, 0.52789155E-1, 0.15838331E-1, 0.0000000, 0.0000000, 0.18228889, 0.24331808, 5.0244136, 9.7720728, 19.812674, 19.846003, 19.855663, 19.858297, 0.24998751, 0.24999990, 0.25179476, 0.25241935, 0.30023146, 0.34771344, 0.34906274, 0.34922987, 0.34927830, 0.34929150, 0.15838331E-1
0.83336912E-1, 0.40296838E-1, 0.12090260E-1, 0.0000000, 0.0000000, 0.0000000, 0.87782741E-1, 4.6466122, 9.7414103, 19.812588, 19.845898, 19.855669, 19.858328, 0.24998751, 0.24999990, 0.24998717, 0.25084591, 0.29644293, 0.34740096, 0.34906146, 0.34922910, 0.34927824, 0.34929159, 0.12090260E-1
0.83115645E-1, 0.37624829E-1, 0.11288578E-1, 0.0000000, 0.0000000, 0.0000000, 0.0000000, 4.2801914, 9.7382126, 19.816023, 19.846767, 19.855906, 19.858406, 0.24998751, 0.24999990, 0.24998717, 0.24999984, 0.29279757, 0.34737885, 0.34908012, 0.34923384, 0.34927952, 0.34929204, 0.11288578E-1
0.82918338E-1, 0.35242107E-1, 0.10573690E-1, 0.0000000, 0.0000000, 0.0000000, 0.0000000, 3.8137300, 9.7069054, 19.816589, 19.846926, 19.855965, 19.858427, 0.24998751, 0.24999990, 0.24998717, 0.24999984, 0.28813544, 0.34706748, 0.34908295, 0.34923464, 0.34927982, 0.34929213, 0.10573690E-1
0.82730688E-1, 0.32976046E-1, 0.98938029E-2, 0.0000000, 0.0000000, 0.0000000, 0.0000000, 3.3604343, 9.7070866, 19.818369, 19.847404, 19.856106, 19.858433, 0.24998751, 0.24999990, 0.24998717, 0.24999984, 0.28360236, 0.34706897, 0.34909183, 0.34923702, 0.34928054, 0.34929216, 0.98938029E-2
0.82581818E-1, 0.31178238E-1, 0.93544070E-2, 0.0000000, 0.0000000, 0.0000000, 0.0000000, 2.9952612, 9.7232342, 19.819557, 19.847775, 19.856188, 19.858440, 0.24998751, 0.24999990, 0.24998717, 0.24999984, 0.27995211, 0.34723181, 0.34909779, 0.34923887, 0.34928095, 0.34929222, 0.93544070E-2
0.82502231E-1, 0.30217201E-1, 0.90660667E-2, 0.0000000, 0.0000000, 0.0000000, 0.0000000, 2.8564990, 9.5767231, 19.816984, 19.847122, 19.856010, 19.858406, 0.24998751, 0.24999990, 0.24998717, 0.24999984, 0.27852613, 0.34574294, 0.34908199, 0.34923482, 0.34927985, 0.34929198, 0.90660667E-2
0.82438461E-1, 0.29447095E-1, 0.88350121E-2, 0.0000000, 0.0000000, 0.0000000, 0.0000000, 2.7461619, 9.4332075, 19.822237, 19.848528, 19.856382, 19.858475, 0.24998751, 0.24999990, 0.24998717, 0.24999984, 0.27745759, 0.34432745, 0.34911120, 0.34924263, 0.34928191, 0.34929237, 0.88350121E-2
0.82334362E-1, 0.28189959E-1, 0.84578339E-2, 0.0000000, 0.0000000, 0.0000000, 0.0000000, 2.5657387, 9.2186661, 19.823015, 19.848787, 19.856436, 19.858463, 0.24998751, 0.24999990, 0.24998717, 0.24999984, 0.27565688, 0.34218603, 0.34911507, 0.34924394, 0.34928218, 0.34929231, 0.84578339E-2
0.82258634E-1, 0.27275443E-1, 0.81834514E-2, 0.0000000, 0.0000000, 0.0000000, 0.0000000, 2.4365842, 9.0577154, 19.824179, 19.849159, 19.856512, 19.858469, 0.24998751, 0.24999990, 0.24998717, 0.24999984, 0.27436450, 0.34057552, 0.34912089, 0.34924579, 0.34928256, 0.34929234, 0.81834514E-2
0.82180485E-1, 0.26331775E-1, 0.79003228E-2, 0.0000000, 0.0000000, 0.0000000, 0.0000000, 2.3042111, 8.8884706, 19.825325, 19.849503, 19.856598, 19.858486, 0.24998751, 0.24999990, 0.24998717, 0.24999984, 0.27304104, 0.33888334, 0.34912664, 0.34924752, 0.34928298, 0.34929243, 0.79003228E-2
0.82072563E-1, 0.25028439E-1, 0.75092828E-2, 0.0000000, 0.0000000, 0.0000000, 0.0000000, 2.1194100, 8.6603327, 19.823065, 19.848936, 19.856440, 19.858458, 0.24998751, 0.24999990, 0.24998717, 0.24999984, 0.27119410, 0.33660334, 0.34911531, 0.34924468, 0.34928221, 0.34929228, 0.75092828E-2
0.81974991E-1, 0.23850152E-1, 0.71557616E-2, 0.0000000, 0.0000000, 0.0000000, 0.0000000, 1.9558340, 8.4447632, 19.822781, 19.848858, 19.856419, 19.858452, 0.24998751, 0.24999990, 0.24998717, 0.24999984, 0.26955667, 0.33444521, 0.34911391, 0.34924430, 0.34928209, 0.34929225, 0.71557616E-2
0.81876822E-1, 0.22664659E-1, 0.68000779E-2, 0.0000000, 0.0000000, 0.0000000, 0.0000000, 1.7922074, 8.2237377, 19.821989, 19.848663, 19.856365, 19.858452, 0.24998751, 0.24999990, 0.24998717, 0.24999984, 0.26792163, 0.33223668, 0.34910995, 0.34924331, 0.34928182, 0.34929225, 0.68000779E-2
0.81835076E-1, 0.22160528E-1, 0.66488236E-2, 0.0000000, 0.0000000, 0.0000000, 0.0000000, 1.7290175, 8.1117125, 19.827597, 19.850155, 19.856752, 19.858522, 0.24998751, 0.24999990, 0.24998717, 0.24999984, 0.26728773, 0.33111328, 0.34913799, 0.34925076, 0.34928375, 0.34929261, 0.66488236E-2
0.81817299E-1, 0.21945873E-1, 0.65844208E-2, 0.0000000, 0.0000000, 0.0000000, 0.0000000, 1.7050385, 8.0544615, 19.832893, 19.851612, 19.857141, 19.858635, 0.24998751, 0.24999990, 0.24998717, 0.24999984, 0.26704878, 0.33054209, 0.34916446, 0.34925807, 0.34928572, 0.34929317, 0.65844208E-2
0.81798457E-1, 0.21718377E-1, 0.65161651E-2, 0.0000000, 0.0000000, 0.0000000, 0.0000000, 1.6782314, 7.9976344, 19.836254, 19.852571, 19.857389, 19.858709, 0.24998751, 0.24999990, 0.24998717, 0.24999984, 0.26678231, 0.32997635, 0.34918126, 0.34926286, 0.34928694, 0.34929353, 0.65161651E-2
0.81705868E-1, 0.20600207E-1, 0.61806804E-2, 0.0000000, 0.0000000, 0.0000000, 0.0000000, 1.5281886, 7.7773099, 19.833294, 19.851852, 19.857225, 19.858629, 0.24998751, 0.24999990, 0.24998717, 0.24999984, 0.26528078, 0.32777125, 0.34916645, 0.34925926, 0.34928614, 0.34929314, 0.61806804E-2
0.81649035E-1, 0.19913932E-1, 0.59747775E-2, 0.0000000, 0.0000000, 0.0000000, 0.0000000, 1.4404714, 7.6288090, 19.834612, 19.852230, 19.857307, 19.858683, 0.24998751, 0.24999990, 0.24998717, 0.24999984, 0.26440331, 0.32628560, 0.34917307, 0.34926116, 0.34928653, 0.34929341, 0.59747775E-2
0.81567965E-1, 0.18934915E-1, 0.56810426E-2, 0.0000000, 0.0000000, 0.0000000, 0.0000000, 1.3112724, 7.4285135, 19.831972, 19.851564, 19.857141, 19.858622, 0.24998751, 0.24999990, 0.24998717, 0.24999984, 0.26311222, 0.32428420, 0.34915987, 0.34925783, 0.34928572, 0.34929311, 0.56810426E-2
0.10909482, 0.35135156, 0.10541601, 1.9973695, 0.0000000, 0.0000000, 0.0000000, 1.2613535, 7.3297877, 19.834972, 19.852365, 19.857325, 19.858688, 0.26997182, 0.24999990, 0.24998717, 0.24999984, 0.26261351, 0.32329783, 0.34917486, 0.34926182, 0.34928662, 0.34929344, 0.10541601
0.95223494E-1, 0.18384025, 0.55157591E-1, 0.99471807, 0.0000000, 0.0000000, 0.0000000, 1.1975706, 7.2506542, 19.831861, 19.851564, 19.857130, 19.858622, 0.25994718, 0.24999990, 0.24998717, 0.24999984, 0.26197571, 0.32250655, 0.34915930, 0.34925783, 0.34928566, 0.34929311, 0.55157591E-1
0.93400031E-1, 0.16181998, 0.48550852E-1, 0.86416006, 0.0000000, 0.0000000, 0.0000000, 1.1772901, 7.2036934, 19.835449, 19.852520, 19.857372, 19.858709, 0.25863662, 0.24999990, 0.24998717, 0.24999984, 0.26177269, 0.32203650, 0.34917724, 0.34926260, 0.34928685, 0.34929353, 0.48550852E-1
0.27929983, 1.0000000, 0.72210073, 6.1138268, 8.1868448, 8.4304848, 8.7118015, 9.0238495, 9.3767452, 19.840536, 19.853891, 19.857744, 19.858709, 0.31113666, 0.33186716, 0.33430418, 0.33711788, 0.34023845, 0.34376743, 0.34920269, 0.34926945, 0.34928873, 0.34929353, 0.72210073
0.25215250, 1.0000000, 0.62374091, 3.2286820, 9.1669302, 9.3121128, 9.4531670, 9.5928917, 9.7367802, 19.842793, 19.854509, 19.857866, 19.858709, 0.28228682, 0.34166929, 0.34312111, 0.34453166, 0.34592891, 0.34736779, 0.34921396, 0.34927255, 0.34928933, 0.34929353, 0.62374091
0.22512026, 1.0000000, 0.52579802, 2.0980835, 7.7172246, 9.4133577, 9.5788212, 9.6955891, 9.8000479, 19.839178, 19.853579, 19.857622, 19.858641, 0.27098060, 0.32717174, 0.34413329, 0.34578815, 0.34695587, 0.34800047, 0.34919590, 0.34926790, 0.34928811, 0.34929320, 0.52579802
0.23535065, 1.0000000, 0.56286466, 2.6498497, 8.0176268, 9.4338684, 9.6127701, 9.7255287, 9.8173399, 19.834692, 19.852413, 19.857319, 19.858599, 0.27649850, 0.33017626, 0.34433869, 0.34612769, 0.34725529, 0.34817341, 0.34917346, 0.34926206, 0.34928659, 0.34929299, 0.56286466
0.31215683, 1.0000000, 0.84114790, 7.8169575, 8.6742544, 9.4451647, 9.6261406, 9.7367315, 9.8224716, 19.830795, 19.851370, 19.857035, 19.858553, 0.32816958, 0.33674255, 0.34445164, 0.34626141, 0.34736732, 0.34822470, 0.34915397, 0.34925684, 0.34928519, 0.34929276, 0.84114790
0.35586309, 1.0000000, 0.99950385, 9.9951315, 9.9973688, 9.9986668, 9.9994669, 9.9941826, 9.8938694, 19.836535, 19.852859, 19.857443, 19.858692, 0.34993854, 0.34996673, 0.34998316, 0.34999332, 0.34994113, 0.34893838, 0.34918261, 0.34926429, 0.34928721, 0.34929347, 0.99950385
0.35575140, 1.0000000, 0.99909920, 9.9999990, 9.9997120, 9.9466162, 9.9762917, 9.9879894, 9.9954653, 19.999439, 19.999863, 19.999882, 19.982080, 0.34999999, 0.34999710, 0.34946615, 0.34976292, 0.34987989, 0.34995466, 0.34999719, 0.34999931, 0.34999940, 0.34991041, 0.99909920
0.35594821, 1.0000000, 0.99981230, 9.9977169, 9.9987478, 9.9993649, 9.9997635, 9.9998865, 9.9999428, 19.999975, 19.999998, 19.999983, 19.990009, 0.34997365, 0.34998536, 0.34999260, 0.34999743, 0.34999874, 0.34999940, 0.34999987, 0.34999999, 0.34999990, 0.34995005, 0.99981230
0.35600001, 1.0000000, 1.0000000, 9.9999990, 9.9999990, 9.9999990, 9.9999990, 9.9999990, 9.9999990, 19.999998, 19.999992, 19.999992, 19.995995, 0.34999999, 0.34999999, 0.34999999, 0.34999999, 0.34999999, 0.34999999, 0.34999999, 0.34999996, 0.34999996, 0.34997997, 1.0000000
0.34949338, 1.0000000, 0.97642529, 9.6962433, 9.7828903, 9.8835230, 9.9673004, 9.9833422, 9.9933434, 19.998873, 19.999695, 19.999586, 19.972338, 0.34696242, 0.34782889, 0.34883523, 0.34967300, 0.34983343, 0.34993345, 0.34999436, 0.34999847, 0.34999794, 0.34986168, 0.97642529
0.33596218, 1.0000000, 0.92739916, 8.8516874, 9.6143103, 9.7777920, 9.9275761, 9.9622946, 9.9847813, 19.997471, 19.999331, 19.997679, 19.950186, 0.33851689, 0.34614310, 0.34777790, 0.34927577, 0.34962294, 0.34984782, 0.34998736, 0.34999666, 0.34998840, 0.34975094, 0.92739916
0.31514800, 1.0000000, 0.85198534, 7.4468064, 9.4941416, 9.6901636, 9.8680010, 9.9283848, 9.9686956, 19.993277, 19.998226, 19.993118, 19.930468, 0.32446647, 0.34494019, 0.34690100, 0.34867990, 0.34928378, 0.34968692, 0.34996638, 0.34999114, 0.34996560, 0.34965235, 0.85198534
0.30155343, 1.0000000, 0.80272979, 6.4162340, 9.5590515, 9.7158995, 9.8534908, 9.9160004, 9.9609280, 19.990566, 19.997385, 19.985779, 19.913801, 0.31416151, 0.34558979, 0.34715861, 0.34853482, 0.34915999, 0.34960929, 0.34995282, 0.34998691, 0.34992889, 0.34956902, 0.80272979
0.34099150, 1.0000000, 0.94562125, 9.1791344, 9.6630907, 9.7993412, 9.9439898, 9.9713469, 9.9890118, 19.998604, 19.999647, 19.999823, 19.982075, 0.34179109, 0.34663075, 0.34799331, 0.34943986, 0.34971347, 0.34989011, 0.34999302, 0.34999824, 0.34999913, 0.34991038, 0.94562125
0.35597765, 1.0000000, 0.99991906, 9.9991741, 9.9995050, 9.9997492, 9.9999456, 9.9999723, 9.9999905, 19.999998, 19.999998, 19.999784, 19.967964, 0.34998888, 0.34999332, 0.34999663, 0.34999928, 0.34999964, 0.34999987, 0.34999999, 0.34999999, 0.34999892, 0.34983981, 0.99991906
0.35600001, 1.0000000, 1.0000000, 9.9999990, 9.9999990, 9.9999990, 9.9999990, 9.9999990, 9.9999990, 19.999998, 19.999998, 19.999998, 19.998999, 0.34999999, 0.34999999, 0.34999999, 0.34999999, 0.34999999, 0.34999999, 0.34999999, 0.34999999, 0.34999999, 0.34999499, 1.0000000
0.35529292, 1.0000000, 0.99743801, 9.9633741, 9.9813709, 9.9904528, 9.9954700, 9.9976969, 9.9988489, 19.999594, 19.999891, 19.999950, 19.987009, 0.34963223, 0.34981278, 0.34990409, 0.34995461, 0.34997690, 0.34998846, 0.34999797, 0.34999946, 0.34999976, 0.34993505, 0.99743801
0.35598600, 1.0000000, 0.99994922, 9.9994984, 9.9997015, 9.9998503, 9.9999695, 9.9999847, 9.9999933, 19.999998, 19.999998, 19.999998, 19.994993, 0.34999299, 0.34999582, 0.34999791, 0.34999958, 0.34999979, 0.34999990, 0.34999999, 0.34999999, 0.34999999, 0.34997496, 0.99994922
0.35600001, 1.0000000, 1.0000000, 9.9999990, 9.9999990, 9.9999990, 9.9999990, 9.9999990, 9.9999990, 19.999998, 19.999998, 19.999998, 19.998999, 0.34999999, 0.34999999, 0.34999999, 0.34999999, 0.34999999, 0.34999999, 0.34999999, 0.34999999, 0.34999999, 0.34999499, 1.0000000
0.35600001, 1.0000000, 1.0000000, 9.9999990, 9.9999990, 9.9999990, 9.9999990, 9.9999990, 9.9999990, 19.999998, 19.999998, 19.999998, 19.998999, 0.34999999, 0.34999999, 0.34999999, 0.34999999, 0.34999999, 0.34999999, 0.34999999, 0.34999999, 0.34999999, 0.34999499, 1.0000000
0.35600001, 1.0000000, 1.0000000, 9.9999990, 9.9999990, 9.9999990, 9.9999990, 9.9999990, 9.9999990, 19.999998, 19.999998, 19.999998, 19.995995, 0.34999999, 0.34999999, 0.34999999, 0.34999999, 0.34999999, 0.34999999, 0.34999999, 0.34999999, 0.34999999, 0.34997997, 1.0000000
0.33468664, 1.0000000, 0.92277747, 8.7783413, 9.5876732, 9.7673674, 9.9303522, 9.9641666, 9.9858637, 19.997871, 19.999439, 19.999657, 19.976179, 0.33778200, 0.34587580, 0.34767321, 0.34930342, 0.34964162, 0.34985861, 0.34998935, 0.34999719, 0.34999830, 0.34988090, 0.92277747
0.30013543, 1.0000000, 0.79759216, 6.4594774, 9.3724070, 9.6086454, 9.8284178, 9.9065170, 9.9589520, 19.991043, 19.997650, 19.997702, 19.953613, 0.31459379, 0.34372321, 0.34608600, 0.34828410, 0.34906512, 0.34958950, 0.34995520, 0.34998825, 0.34998852, 0.34976807, 0.79759216
0.27227461, 1.0000000, 0.69664705, 4.4366407, 9.3889122, 9.6008940, 9.7903252, 9.8779488, 9.9427843, 19.986280, 19.996367, 19.993532, 19.933426, 0.29436386, 0.34388587, 0.34600729, 0.34790292, 0.34877932, 0.34942779, 0.34993142, 0.34998184, 0.34996766, 0.34966713, 0.69664705
0.35528171, 1.0000000, 0.99739748, 9.9971399, 9.9903030, 9.9015141, 9.8394098, 9.8992805, 9.9489784, 19.986353, 19.996212, 19.986828, 19.916313, 0.34996685, 0.34990031, 0.34901381, 0.34839383, 0.34899265, 0.34948972, 0.34993178, 0.34998107, 0.34993413, 0.34958157, 0.99739748
0.34736466, 1.0000000, 0.96871257, 9.5478401, 9.7929754, 9.8712349, 9.8840733, 9.9026794, 9.9496737, 19.986019, 19.995665, 19.977289, 19.902285, 0.34547591, 0.34792820, 0.34871158, 0.34884059, 0.34902671, 0.34949669, 0.34993011, 0.34997833, 0.34988645, 0.34951141, 0.96871257
0.32370448, 1.0000000, 0.88298714, 8.0735388, 9.4956760, 9.6808882, 9.8263035, 9.8817759, 9.9396048, 19.982924, 19.993862, 19.965252, 19.891153, 0.33072954, 0.34495264, 0.34680679, 0.34826261, 0.34881756, 0.34939599, 0.34991461, 0.34996933, 0.34982628, 0.34945577, 0.88298714
0.30273327, 1.0000000, 0.80700457, 6.5758214, 9.4749594, 9.6536360, 9.8038292, 9.8727808, 9.9336090, 19.979839, 19.990990, 19.951721, 19.882620, 0.31575492, 0.34474674, 0.34653491, 0.34803799, 0.34872767, 0.34933603, 0.34989920, 0.34995496, 0.34975860, 0.34941310, 0.80700457
0.28947815, 1.0000000, 0.75897878, 5.5700712, 9.5327902, 9.6854582, 9.8130932, 9.8782625, 9.9345989, 19.978359, 19.987007, 19.937790, 19.876196, 0.30569911, 0.34532624, 0.34685373, 0.34813076, 0.34878254, 0.34934595, 0.34989178, 0.34993502, 0.34968895, 0.34938097, 0.75897878
0.26234984, 1.0000000, 0.66068774, 3.7325029, 9.3737020, 9.5871601, 9.7701731, 9.8547316, 9.9229946, 19.973669, 19.980309, 19.924015, 19.871365, 0.28732410, 0.34373561, 0.34587088, 0.34770158, 0.34854725, 0.34922990, 0.34986836, 0.34990156, 0.34962007, 0.34935683, 0.66068774
0.24679011, 1.0000000, 0.60431194, 2.8434813, 8.9593744, 9.6187029, 9.7772236, 9.8566561, 9.9224558, 19.971125, 19.972155, 19.911531, 19.867870, 0.27843466, 0.33959344, 0.34618688, 0.34777221, 0.34856653, 0.34922457, 0.34985563, 0.34986079, 0.34955767, 0.34933937, 0.60431194
0.24023521, 1.0000000, 0.58056235, 2.6321917, 8.4786720, 9.6938524, 9.8048401, 9.8710184, 9.9275684, 19.969078, 19.962372, 19.900633, 19.865347, 0.27632192, 0.33478671, 0.34693852, 0.34804839, 0.34871018, 0.34927568, 0.34984538, 0.34981185, 0.34950316, 0.34932673, 0.58056235
0.22623046, 1.0000000, 0.52982050, 2.1684079, 7.6021481, 9.6161928, 9.7824841, 9.8594141, 9.9225178, 19.964811, 19.950756, 19.891336, 19.863489, 0.27168369, 0.32602069, 0.34616143, 0.34782472, 0.34859407, 0.34922513, 0.34982407, 0.34975380, 0.34945667, 0.34931743, 0.52982050
0.23415096, 1.0000000, 0.55851793, 2.9816389, 7.1574059, 9.7007256, 9.8100719, 9.8737659, 9.9278097, 19.961199, 19.938793, 19.883831, 19.862179, 0.27981621, 0.32157382, 0.34700707, 0.34810069, 0.34873763, 0.34927809, 0.34980601, 0.34969395, 0.34941915, 0.34931090, 0.55851793
0.23764697, 1.0000000, 0.57118464, 2.5592148, 8.2490196, 9.7627325, 9.8372164, 9.8890629, 9.9339342, 19.956741, 19.926867, 19.877840, 19.861233, 0.27559215, 0.33249021, 0.34762734, 0.34837216, 0.34889063, 0.34933934, 0.34978372, 0.34963435, 0.34938920, 0.34930617, 0.57118464
0.29866767, 1.0000000, 0.79227406, 6.2109532, 9.5296993, 9.7656574, 9.8464823, 9.8952675, 9.9363108, 19.950521, 19.915359, 19.873129, 19.860584, 0.31210953, 0.34529698, 0.34765658, 0.34846482, 0.34895268, 0.34936312, 0.34975260, 0.34957680, 0.34936565, 0.34930292, 0.79227406
0.28515318, 1.0000000, 0.74330860, 5.2337546, 9.5540113, 9.7136335, 9.8327045, 9.8886595, 9.9328575, 19.942083, 19.904617, 19.869450, 19.860104, 0.30233738, 0.34553993, 0.34713623, 0.34832701, 0.34888661, 0.34932858, 0.34971040, 0.34952310, 0.34934723, 0.34930050, 0.74330860
0.26340988, 1.0000000, 0.66452855, 3.7720308, 9.4159126, 9.6208086, 9.7949133, 9.8677893, 9.9223690, 19.931170, 19.894815, 19.866568, 19.859734, 0.28771937, 0.34415770, 0.34620735, 0.34794900, 0.34867781, 0.34922364, 0.34965584, 0.34947407, 0.34933284, 0.34929866, 0.66452855
0.24658670, 1.0000000, 0.60357493, 2.8445780, 8.9372301, 9.6094799, 9.7822819, 9.8586617, 9.9158497, 19.920536, 19.886656, 19.864429, 19.859468, 0.27844530, 0.33937138, 0.34609431, 0.34782273, 0.34858656, 0.34915847, 0.34960267, 0.34943327, 0.34932214, 0.34929734, 0.60357493
0.23873931, 1.0000000, 0.57514238, 2.7052760, 8.2026873, 9.6457205, 9.7892370, 9.8600082, 9.9129457, 19.910345, 19.880030, 19.862846, 19.859299, 0.27705258, 0.33202657, 0.34645703, 0.34789234, 0.34860006, 0.34912947, 0.34955174, 0.34940016, 0.34931424, 0.34929651, 0.57514238
0.22081034, 1.0000000, 0.51018238, 2.0991654, 7.0877018, 9.5741501, 9.7567749, 9.8400583, 9.9006920, 19.898703, 19.874203, 19.861557, 19.859200, 0.27099165, 0.32087702, 0.34574151, 0.34756774, 0.34840059, 0.34900692, 0.34949350, 0.34937102, 0.34930778, 0.34929600, 0.51018238
0.21128620, 1.0000000, 0.47567463, 1.8222839, 6.3690748, 9.6297293, 9.7750816, 9.8471346, 9.8999329, 19.890394, 19.870153, 19.860752, 19.859163, 0.26822257, 0.31369019, 0.34629688, 0.34775072, 0.34847131, 0.34899932, 0.34945196, 0.34935075, 0.34930375, 0.34929582, 0.47567463
0.25125107, 1.0000000, 0.62047487, 3.0266593, 9.1356239, 9.7257814, 9.8120041, 9.8656158, 9.9040461, 19.883917, 19.867218, 19.860216, 19.859144, 0.28026658, 0.34135625, 0.34725782, 0.34812003, 0.34865615, 0.34904045, 0.34941959, 0.34933609, 0.34930107, 0.34929574, 0.62047487
0.24915050, 1.0000000, 0.61286414, 2.9387295, 9.0420008, 9.6991768, 9.8109150, 9.8645353, 9.9006701, 19.877495, 19.864740, 19.859781, 19.859110, 0.27938730, 0.34042001, 0.34699178, 0.34810916, 0.34864536, 0.34900671, 0.34938747, 0.34932369, 0.34929889, 0.34929556, 0.61286414
0.23626190, 1.0000000, 0.56616634, 2.5095224, 8.2352295, 9.6366186, 9.7881050, 9.8510036, 9.8924837, 19.871239, 19.862629, 19.859426, 19.859070, 0.27509499, 0.33235180, 0.34636593, 0.34788099, 0.34851000, 0.34892485, 0.34935620, 0.34931314, 0.34929714, 0.34929535, 0.56616634
0.22761834, 1.0000000, 0.53484905, 2.2470860, 7.6180892, 9.6577377, 9.7925863, 9.8514500, 9.8903437, 19.867079, 19.861269, 19.859217, 19.859034, 0.27246979, 0.32617870, 0.34657601, 0.34792560, 0.34851435, 0.34890339, 0.34933540, 0.34930634, 0.34929609, 0.34929517, 0.53484905
0.21080802, 1.0000000, 0.47394207, 1.7117381, 6.5303569, 9.5672417, 9.7528095, 9.8281889, 9.8788290, 19.861877, 19.859766, 19.858952, 19.858963, 0.26711708, 0.31530288, 0.34567192, 0.34752801, 0.34828183, 0.34878826, 0.34930938, 0.34929883, 0.34929475, 0.34929481, 0.47394207
0.18918827, 1.0000000, 0.39560971, 1.0390848, 5.0816226, 9.4980774, 9.7060175, 9.7992086, 9.8645010, 19.856079, 19.858175, 19.858566, 19.858862, 0.26039010, 0.30081403, 0.34497872, 0.34705976, 0.34799188, 0.34864494, 0.34928039, 0.34929088, 0.34929281, 0.34929430, 0.39560971
0.16706470, 1.0000000, 0.31545177, 0.39745569, 3.5069575, 9.4517803, 9.6709652, 9.7759552, 9.8524961, 19.851017, 19.856819, 19.858213, 19.858757, 0.25397426, 0.28506801, 0.34451568, 0.34670925, 0.34775934, 0.34852490, 0.34925508, 0.34928411, 0.34929106, 0.34929377, 0.31545177
0.15503064, 0.90607637, 0.27185011, 0.60093403E-1, 2.8123558, 9.0534163, 9.6900883, 9.7840176, 9.8544302, 19.849451, 19.856348, 19.858154, 19.858757, 0.25060093, 0.27812356, 0.34053415, 0.34690088, 0.34784019, 0.34854430, 0.34924725, 0.34928173, 0.34929079, 0.34929377, 0.27185011
0.14833032, 0.82516277, 0.24757358, 0.0000000, 2.4372368, 8.3851318, 9.6918058, 9.7847309, 9.8539839, 19.848001, 19.855953, 19.858095, 19.858757, 0.24999830, 0.27437237, 0.33385131, 0.34691805, 0.34784731, 0.34853983, 0.34924001, 0.34927976, 0.34929049, 0.34929377, 0.24757358
0.14042780, 0.72973132, 0.21894130, 0.0000000, 1.9257486, 7.5085950, 9.6583624, 9.7651300, 9.8448963, 19.845114, 19.855206, 19.857937, 19.858709, 0.24999830, 0.26925662, 0.32508424, 0.34658319, 0.34765109, 0.34844887, 0.34922558, 0.34927604, 0.34928969, 0.34929353, 0.21894130
0.35391766, 1.0000000, 0.99245512, 9.9989023, 9.9513063, 9.6866693, 9.6906137, 9.7820206, 9.8516684, 19.845837, 19.855383, 19.858021, 19.858709, 0.34998903, 0.34951305, 0.34686670, 0.34690613, 0.34782022, 0.34851667, 0.34922919, 0.34927690, 0.34929010, 0.34929353, 0.99245512
0.35600001, 1.0000000, 1.0000000, 9.9999990, 9.9999990, 9.9999990, 9.9999990, 9.9999990, 9.9999990, 19.999998, 19.999998, 19.999998, 19.998999, 0.34999999, 0.34999999, 0.34999999, 0.34999999, 0.34999999, 0.34999999, 0.34999999, 0.34999999, 0.34999999, 0.34999499, 1.0000000
0.35600001, 1.0000000, 1.0000000, 9.9999990, 9.9999990, 9.9999990, 9.9999990, 9.9999990, 9.9999990, 19.999998, 19.999998, 19.999998, 19.998999, 0.34999999, 0.34999999, 0.34999999, 0.34999999, 0.34999999, 0.34999999, 0.34999999, 0.34999999, 0.34999999, 0.34999499, 1.0000000
0.35600001, 1.0000000, 1.0000000, 9.9999990, 9.9999990, 9.9999990, 9.9999990, 9.9999990, 9.9999990, 19.999998, 19.999998, 19.999998, 19.995995, 0.34999999, 0.34999999, 0.34999999, 0.34999999, 0.34999999, 0.34999999, 0.34999999, 0.34999999, 0.34999999, 0.34997997, 1.0000000
0.35600001, 1.0000000, 1.0000000, 9.9999990, 9.9999990, 9.9999990, 9.9999990, 9.9999990, 9.9999990, 19.999998, 19.999998, 19.999998, 19.998999, 0.34999999, 0.34999999, 0.34999999, 0.34999999, 0.34999999, 0.34999999, 0.34999999, 0.34999999, 0.34999999, 0.34999499, 1.0000000
0.35600001, 1.0000000, 1.0000000, 9.9999990, 9.9999990, 9.9999990, 9.9999962, 9.9999990, 9.9999990, 19.999992, 19.999998, 19.999990, 19.991629, 0.34999999, 0.34999999, 0.34999999, 0.34999996, 0.34999999, 0.34999999, 0.34999996, 0.34999999, 0.34999996, 0.34995815, 1.0000000
0.34048826, 1.0000000, 0.94379789, 9.1289682, 9.6745834, 9.8201590, 9.9506521, 9.9747839, 9.9903975, 19.998848, 19.999695, 19.999372, 19.968143, 0.34128970, 0.34674585, 0.34820157, 0.34950653, 0.34974784, 0.34990397, 0.34999424, 0.34999847, 0.34999686, 0.34984070, 0.94379789
0.35598528, 1.0000000, 0.99994659, 9.9993382, 9.9996033, 9.9998026, 9.9999609, 9.9999790, 9.9999933, 19.999998, 19.999998, 19.999990, 19.992998, 0.34999263, 0.34999558, 0.34999782, 0.34999958, 0.34999976, 0.34999993, 0.34999999, 0.34999999, 0.34999996, 0.34996498, 0.99994659
0.35600001, 1.0000000, 1.0000000, 9.9999990, 9.9999990, 9.9999990, 9.9999990, 9.9999990, 9.9999990, 19.999998, 19.999998, 19.999998, 19.997997, 0.34999999, 0.34999999, 0.34999999, 0.34999999, 0.34999999, 0.34999999, 0.34999999, 0.34999999, 0.34999999, 0.34998998, 1.0000000
0.35600001, 1.0000000, 1.0000000, 9.9999990, 9.9999990, 9.9999990, 9.9999990, 9.9999990, 9.9999990, 19.999998, 19.999998, 19.999998, 19.996996, 0.34999999, 0.34999999, 0.34999999, 0.34999999, 0.34999999, 0.34999999, 0.34999999, 0.34999999, 0.34999999, 0.34998497, 1.0000000
0.35586244, 1.0000000, 0.99950159, 9.9931402, 9.9958973, 9.9979429, 9.9995880, 9.9997940, 9.9999313, 19.999998, 19.999998, 19.999989, 19.991005, 0.34993142, 0.34995896, 0.34997943, 0.34999588, 0.34999794, 0.34999931, 0.34999999, 0.34999999, 0.34999993, 0.34995502, 0.99950159
0.34203225, 1.0000000, 0.94939214, 9.2231073, 9.6967506, 9.8338423, 9.9550915, 9.9770908, 9.9912691, 19.998932, 19.999718, 19.999788, 19.979128, 0.34223107, 0.34696752, 0.34833843, 0.34955090, 0.34977090, 0.34991270, 0.34999466, 0.34999859, 0.34999895, 0.34989566, 0.94939214
0.31096503, 1.0000000, 0.83682984, 7.2078648, 9.4116659, 9.6421738, 9.8604727, 9.9254684, 9.9686079, 19.994040, 19.998449, 19.998190, 19.956373, 0.32207865, 0.34411666, 0.34642175, 0.34860474, 0.34925467, 0.34968609, 0.34997019, 0.34999225, 0.34999096, 0.34978187, 0.83682984
0.27590996, 1.0000000, 0.70981860, 4.7437840, 9.3310099, 9.5695028, 9.7881813, 9.8795061, 9.9455509, 19.988222, 19.996916, 19.994305, 19.935837, 0.29743785, 0.34331009, 0.34569502, 0.34788182, 0.34879506, 0.34945551, 0.34994110, 0.34998459, 0.34997153, 0.34967917, 0.70981860
0.24699435, 1.0000000, 0.60505193, 2.9074163, 8.9155769, 9.5468636, 9.7553005, 9.8533478, 9.9298248, 19.983620, 19.995577, 19.987686, 19.918240, 0.27907416, 0.33915576, 0.34546864, 0.34755301, 0.34853348, 0.34929824, 0.34991810, 0.34997788, 0.34993842, 0.34959120, 0.60505193
0.25762516, 1.0000000, 0.64356941, 3.4646177, 9.2478800, 9.5916214, 9.7637300, 9.8524466, 9.9253759, 19.980728, 19.994440, 19.978279, 19.903790, 0.28464574, 0.34247813, 0.34591585, 0.34763724, 0.34852442, 0.34925377, 0.34990364, 0.34997219, 0.34989139, 0.34951895, 0.64356941
0.35590684, 1.0000000, 0.99966240, 9.9953556, 9.9972143, 9.9986076, 9.9997225, 9.9998589, 9.9999514, 19.999998, 19.999998, 19.999989, 19.991005, 0.34995356, 0.34997213, 0.34998608, 0.34999722, 0.34999859, 0.34999952, 0.34999999, 0.34999999, 0.34999993, 0.34995502, 0.99966240
0.34997302, 1.0000000, 0.97816306, 9.6828089, 9.8440218, 9.9185781, 9.9800434, 9.9899178, 9.9962187, 19.999577, 19.999886, 19.999407, 19.967562, 0.34682810, 0.34844023, 0.34918576, 0.34980044, 0.34989917, 0.34996217, 0.34999788, 0.34999943, 0.34999704, 0.34983781, 0.97816306
0.32121426, 1.0000000, 0.87396473, 7.8979168, 9.4732924, 9.6869507, 9.8885927, 9.9414330, 9.9757957, 19.995632, 19.998854, 19.996864, 19.945827, 0.32897916, 0.34473294, 0.34686950, 0.34888592, 0.34941432, 0.34975797, 0.34997815, 0.34999427, 0.34998432, 0.34972912, 0.87396473
0.35146987, 1.0000000, 0.98358649, 9.7644892, 9.8786583, 9.9373217, 9.9850349, 9.9924498, 9.9971962, 19.999706, 19.999922, 19.999964, 19.988020, 0.34764490, 0.34878659, 0.34937322, 0.34985036, 0.34992450, 0.34997195, 0.34999853, 0.34999961, 0.34999982, 0.34994009, 0.98358649
0.33210242, 1.0000000, 0.91341454, 8.6023312, 9.5751629, 9.7561617, 9.9242592, 9.9608002, 9.9845324, 19.997734, 19.999409, 19.999123, 19.964699, 0.33602256, 0.34575114, 0.34756139, 0.34924254, 0.34960797, 0.34984532, 0.34998867, 0.34999704, 0.34999561, 0.34982350, 0.91341454
0.34323281, 1.0000000, 0.95374197, 9.3547049, 9.6538544, 9.7866716, 9.9117594, 9.9522495, 9.9800081, 19.996559, 19.999105, 19.996492, 19.943285, 0.34353852, 0.34653327, 0.34786403, 0.34911704, 0.34952223, 0.34979999, 0.34998280, 0.34999552, 0.34998247, 0.34971642, 0.95374197
0.35517371, 1.0000000, 0.99700618, 9.9999962, 9.9972010, 9.8343401, 9.8925962, 9.9401102, 9.9744196, 19.995684, 19.998869, 19.991213, 19.924597, 0.34999996, 0.34997201, 0.34834340, 0.34892595, 0.34940112, 0.34974420, 0.34997842, 0.34999436, 0.34995607, 0.34962299, 0.99700618
0.35600001, 1.0000000, 0.99999994, 9.9999990, 9.9999990, 9.9999962, 9.9999990, 9.9999990, 9.9999990, 19.999998, 19.999998, 19.999998, 19.998999, 0.34999999, 0.34999999, 0.34999996, 0.34999999, 0.34999999, 0.34999999, 0.34999999, 0.34999999, 0.34999999, 0.34999499, 0.99999994
0.35600001, 1.0000000, 1.0000000, 9.9999990, 9.9999990, 9.9999990, 9.9999990, 9.9999990, 9.9999990, 19.999998, 19.999998, 19.999998, 19.998999, 0.34999999, 0.34999999, 0.34999999, 0.34999999, 0.34999999, 0.34999999, 0.34999999, 0.34999999, 0.34999999, 0.34999499, 1.0000000
0.35600001, 1.0000000, 1.0000000, 9.9999990, 9.9999990, 9.9999990, 9.9999990, 9.9999990, 9.9999990, 19.999998, 19.999998, 19.999998, 19.995995, 0.34999999, 0.34999999, 0.34999999, 0.34999999, 0.34999999, 0.34999999, 0.34999999, 0.34999999, 0.34999999, 0.34997997, 1.0000000
0.35600001, 1.0000000, 1.0000000, 9.9999990, 9.9999990, 9.9999990, 9.9999990, 9.9999990, 9.9999990, 19.999998, 19.999998, 19.999998, 19.998999, 0.34999999, 0.34999999, 0.34999999, 0.34999999, 0.34999999, 0.34999999, 0.34999999, 0.34999999, 0.34999999, 0.34999499, 1.0000000
0.35600001, 1.0000000, 1.0000000, 9.9999990, 9.9999990, 9.9999990, 9.9999990, 9.9999990, 9.9999990, 19.999998, 19.999998, 19.999998, 19.997997, 0.34999999, 0.34999999, 0.34999999, 0.34999999, 0.34999999, 0.34999999, 0.34999999, 0.34999999, 0.34999999, 0.34998998, 1.0000000
0.35600001, 1.0000000, 1.0000000, 9.9999990, 9.9999990, 9.9999990, 9.9999990, 9.9999990, 9.9999990, 19.999998, 19.999998, 19.999998, 19.998999, 0.34999999, 0.34999999, 0.34999999, 0.34999999, 0.34999999, 0.34999999, 0.34999999, 0.34999999, 0.34999999, 0.34999499, 1.0000000
0.33795381, 1.0000000, 0.93461508, 8.9747343, 9.6384706, 9.7978563, 9.9415846, 9.9700089, 9.9883242, 19.998360, 19.999577, 19.999643, 19.975210, 0.33974499, 0.34638318, 0.34797779, 0.34941569, 0.34970000, 0.34988323, 0.34999180, 0.34999788, 0.34999821, 0.34987605, 0.93461508
0.30764818, 1.0000000, 0.82481229, 6.9666448, 9.4145555, 9.6406364, 9.8555870, 9.9222431, 9.9672270, 19.993933, 19.998419, 19.997765, 19.952765, 0.31966645, 0.34414557, 0.34640637, 0.34855586, 0.34922242, 0.34967226, 0.34996966, 0.34999210, 0.34998882, 0.34976381, 0.82481229
0.26545817, 1.0000000, 0.67194986, 4.0329733, 9.2762966, 9.5310707, 9.7662144, 9.8662109, 9.9396000, 19.987377, 19.996695, 19.993383, 19.932674, 0.29032761, 0.34276009, 0.34530923, 0.34766185, 0.34866196, 0.34939593, 0.34993690, 0.34998348, 0.34996691, 0.34966338, 0.67194986
0.23634449, 1.0000000, 0.56646550, 2.5763571, 8.2041130, 9.5093441, 9.7312279, 9.8378906, 9.9221497, 19.982262, 19.995193, 19.986235, 19.915586, 0.27576137, 0.33203691, 0.34509099, 0.34731176, 0.34837863, 0.34922141, 0.34991130, 0.34997597, 0.34993118, 0.34957793, 0.56646550
0.20604825, 1.0000000, 0.45669651, 1.6003668, 6.2036805, 9.4569092, 9.6871824, 9.8056288, 9.9023962, 19.975565, 19.992958, 19.976133, 19.901606, 0.26600319, 0.31203568, 0.34456822, 0.34687164, 0.34805620, 0.34902394, 0.34987783, 0.34996480, 0.34988067, 0.34950802, 0.45669651
0.18929318, 1.0000000, 0.39598975, 1.1385113, 4.9199667, 9.5109959, 9.7094975, 9.8137283, 9.9022226, 19.972704, 19.991041, 19.963980, 19.890623, 0.26138511, 0.29919967, 0.34510997, 0.34709498, 0.34813729, 0.34902221, 0.34986353, 0.34995520, 0.34981990, 0.34945312, 0.39598975
0.16761188, 1.0000000, 0.31743434, 0.52930117, 3.3503032, 9.4517736, 9.6810760, 9.7960501, 9.8925066, 19.968065, 19.987530, 19.950291, 19.882179, 0.25529301, 0.28350303, 0.34451774, 0.34681076, 0.34796050, 0.34892505, 0.34984034, 0.34993765, 0.34975144, 0.34941089, 0.31743434
0.15405059, 0.89424121, 0.26829919, 0.12854040, 2.6407032, 8.9303150, 9.6871319, 9.7977104, 9.8915081, 19.964748, 19.982798, 19.936274, 19.875837, 0.25128531, 0.27640581, 0.33930108, 0.34687087, 0.34797686, 0.34891498, 0.34982374, 0.34991398, 0.34968138, 0.34937918, 0.26829919
0.14485162, 0.78315377, 0.23496963, 0.0000000, 2.1675110, 8.0855560, 9.6773806, 9.7911587, 9.8876133, 19.961018, 19.976074, 19.922689, 19.871105, 0.24998263, 0.27167481, 0.33085501, 0.34677368, 0.34791154, 0.34887609, 0.34980509, 0.34988037, 0.34961346, 0.34935552, 0.23496963
0.13687165, 0.68678695, 0.20605670, 0.0000000, 1.6709894, 7.1568351, 9.6573172, 9.7782650, 9.8806753, 19.956339, 19.967152, 19.910183, 19.867634, 0.24998263, 0.26670909, 0.32156661, 0.34657270, 0.34778240, 0.34880665, 0.34978169, 0.34983575, 0.34955090, 0.34933817, 0.20605670
0.13229966, 0.63157535, 0.18949156, 0.0000000, 1.4283866, 6.5280623, 9.6927414, 9.7976294, 9.8886757, 19.954611, 19.957363, 19.899475, 19.865171, 0.24998263, 0.26428387, 0.31528062, 0.34692740, 0.34797630, 0.34888676, 0.34977305, 0.34978682, 0.34949738, 0.34932587, 0.18949156
0.35169131, 1.0000000, 0.98438877, 9.9995432, 9.8748379, 9.2885132, 9.7302227, 9.8197765, 9.8983479, 19.952471, 19.946358, 19.890472, 19.863390, 0.34999117, 0.34874585, 0.34288394, 0.34730199, 0.34819764, 0.34898344, 0.34976235, 0.34973180, 0.34945238, 0.34931695, 0.98438877
0.33020520, 1.0000000, 0.90654063, 8.6151123, 9.4301491, 9.5918131, 9.7630262, 9.8401947, 9.9078712, 19.949787, 19.934853, 19.883154, 19.862125, 0.33615112, 0.34430149, 0.34591812, 0.34763026, 0.34840196, 0.34907871, 0.34974894, 0.34967425, 0.34941578, 0.34931064, 0.90654063
0.31405950, 1.0000000, 0.84804159, 7.4020615, 9.4755821, 9.6400700, 9.7789974, 9.8510275, 9.9126654, 19.944860, 19.923067, 19.877253, 19.861202, 0.32402062, 0.34475583, 0.34640071, 0.34778997, 0.34851027, 0.34912664, 0.34972429, 0.34961534, 0.34938627, 0.34930602, 0.84804159
0.30405241, 1.0000000, 0.81178409, 6.6456246, 9.5125942, 9.6662388, 9.7939720, 9.8606262, 9.9167328, 19.938974, 19.911972, 19.872669, 19.860550, 0.31645626, 0.34512594, 0.34666240, 0.34793973, 0.34860626, 0.34916732, 0.34969488, 0.34955984, 0.34936336, 0.34930274, 0.81178409
0.35512376, 1.0000000, 0.99682528, 9.9561329, 9.9744015, 9.9871197, 9.9973803, 9.9986877, 9.9995613, 19.999992, 19.999998, 19.999989, 19.991005, 0.34955993, 0.34974319, 0.34987077, 0.34997371, 0.34998685, 0.34999561, 0.34999996, 0.34999999, 0.34999993, 0.34995502, 0.99682528
0.35600001, 1.0000000, 1.0000000, 9.9999990, 9.9999990, 9.9999990, 9.9999990, 9.9999990, 9.9999990, 19.999998, 19.999998, 19.999998, 19.998999, 0.34999999, 0.34999999, 0.34999999, 0.34999999, 0.34999999, 0.34999999, 0.34999999, 0.34999999, 0.34999999, 0.34999499, 1.0000000
0.34191132, 1.0000000, 0.94895411, 9.2161608, 9.6943903, 9.8325033, 9.9551249, 9.9771051, 9.9913559, 19.999010, 19.999731, 19.999678, 19.975233, 0.34216160, 0.34694391, 0.34832504, 0.34955126, 0.34977105, 0.34991357, 0.34999505, 0.34999865, 0.34999838, 0.34987617, 0.94895411
0.35600001, 1.0000000, 1.0000000, 9.9999990, 9.9999990, 9.9999990, 9.9999990, 9.9999990, 9.9999990, 19.999998, 19.999998, 19.999998, 19.994993, 0.34999999, 0.34999999, 0.34999999, 0.34999999, 0.34999999, 0.34999999, 0.34999999, 0.34999999, 0.34999999, 0.34997496, 1.0000000
0.35600001, 1.0000000, 1.0000000, 9.9999990, 9.9999990, 9.9999990, 9.9999990, 9.9999990, 9.9999990, 19.999998, 19.999998, 19.999998, 19.998999, 0.34999999, 0.34999999, 0.34999999, 0.34999999, 0.34999999, 0.34999999, 0.34999999, 0.34999999, 0.34999999, 0.34999499, 1.0000000
0.35600001, 1.0000000, 1.0000000, 9.9999990, 9.9999990, 9.9999990, 9.9999990, 9.9999990, 9.9999990, 19.999998, 19.999998, 19.999998, 19.995995, 0.34999999, 0.34999999, 0.34999999, 0.34999999, 0.34999999, 0.34999999, 0.34999999, 0.34999999, 0.34999999, 0.34997997, 1.0000000
0.35600001, 1.0000000, 1.0000000, 9.9999990, 9.9999990, 9.9999990, 9.9999990, 9.9999990, 9.9999990, 19.999998, 19.999998, 19.999998, 19.994993, 0.34999999, 0.34999999, 0.34999999, 0.34999999, 0.34999999, 0.34999999, 0.34999999, 0.34999999, 0.34999999, 0.34997496, 1.0000000
0.35600001, 1.0000000, 1.0000000, 9.9999990, 9.9999990, 9.9999990, 9.9999990, 9.9999990, 9.9999990, 19.999998, 19.999998, 19.999998, 19.997997, 0.34999999, 0.34999999, 0.34999999, 0.34999999, 0.34999999, 0.34999999, 0.34999999, 0.34999999, 0.34999999, 0.34998998, 1.0000000
0.35600001, 1.0000000, 1.0000000, 9.9999990, 9.9999990, 9.9999990, 9.9999990, 9.9999990, 9.9999990, 19.999998, 19.999998, 19.999998, 19.998999, 0.34999999, 0.34999999, 0.34999999, 0.34999999, 0.34999999, 0.34999999, 0.34999999, 0.34999999, 0.34999999, 0.34999499, 1.0000000
0.33162564, 1.0000000, 0.91168708, 8.5889072, 9.5473166, 9.7418747, 9.9210720, 9.9592371, 9.9838724, 19.997566, 19.999367, 19.999714, 19.980080, 0.33588907, 0.34547317, 0.34741876, 0.34921071, 0.34959239, 0.34983873, 0.34998783, 0.34999683, 0.34999856, 0.34990039, 0.91168708
0.33236706, 1.0000000, 0.91437322, 8.7181082, 9.4649334, 9.6702070, 9.8651009, 9.9268799, 9.9693699, 19.994715, 19.998623, 19.998320, 19.957283, 0.33718058, 0.34464902, 0.34670189, 0.34865096, 0.34926876, 0.34969372, 0.34997356, 0.34999311, 0.34999159, 0.34978640, 0.91437322
0.31082928, 1.0000000, 0.83633792, 7.1870465, 9.4374447, 9.6382046, 9.8215790, 9.8980675, 9.9544258, 19.991032, 19.997648, 19.994678, 19.936661, 0.32187048, 0.34437445, 0.34638205, 0.34821579, 0.34898067, 0.34954426, 0.34995514, 0.34998825, 0.34997338, 0.34968331, 0.83633792
0.33467442, 1.0000000, 0.92273331, 8.9195814, 9.4335165, 9.6337357, 9.8121462, 9.8881006, 9.9479609, 19.989603, 19.997173, 19.988394, 19.919003, 0.33919582, 0.34433517, 0.34633735, 0.34812146, 0.34888101, 0.34947962, 0.34994802, 0.34998587, 0.34994197, 0.34959501, 0.92273331
0.30634075, 1.0000000, 0.82007521, 6.9152231, 9.3756037, 9.5941067, 9.7865629, 9.8705196, 9.9375973, 19.986628, 19.996027, 19.979105, 19.904409, 0.31915224, 0.34375602, 0.34594107, 0.34786564, 0.34870520, 0.34937596, 0.34993315, 0.34998015, 0.34989554, 0.34952205, 0.82007521
0.26437059, 1.0000000, 0.66800934, 3.9875045, 9.2430401, 9.4975691, 9.7246304, 9.8314075, 9.9166698, 19.980442, 19.993505, 19.967155, 19.892750, 0.28987503, 0.34243041, 0.34497568, 0.34724629, 0.34831408, 0.34916669, 0.34990221, 0.34996754, 0.34983578, 0.34946376, 0.66800934
0.23494153, 1.0000000, 0.56138229, 2.5326104, 8.1146555, 9.5011148, 9.7111998, 9.8181849, 9.9066143, 19.975630, 19.990332, 19.953674, 19.883799, 0.27532461, 0.33114365, 0.34500945, 0.34711164, 0.34818166, 0.34906608, 0.34987813, 0.34995165, 0.34976837, 0.34941900, 0.56138229
0.35595906, 1.0000000, 0.99985170, 9.9981785, 9.9989052, 9.9994545, 9.9998894, 9.9999456, 9.9999819, 19.999998, 19.999998, 19.999996, 19.993994, 0.34997961, 0.34998775, 0.34999388, 0.34999877, 0.34999940, 0.34999979, 0.34999999, 0.34999999, 0.34999996, 0.34996998, 0.99985170
0.35519695, 1.0000000, 0.99709040, 9.9595766, 9.9766006, 9.9882202, 9.9974585, 9.9987240, 9.9995527, 19.999975, 19.999992, 19.999983, 19.990009, 0.34959576, 0.34976602, 0.34988219, 0.34997457, 0.34998724, 0.34999552, 0.34999987, 0.34999996, 0.34999990, 0.34995005, 0.99709040
0.35600001, 1.0000000, 1.0000000, 9.9999990, 9.9999990, 9.9999990, 9.9999990, 9.9999990, 9.9999990, 19.999998, 19.999998, 19.999998, 19.998999, 0.34999999, 0.34999999, 0.34999999, 0.34999999, 0.34999999, 0.34999999, 0.34999999, 0.34999999, 0.34999999, 0.34999499, 1.0000000
0.34561521, 1.0000000, 0.96237385, 9.5068836, 9.6663885, 9.8155966, 9.9492645, 9.9740725, 9.9901028, 19.998789, 19.999683, 19.999849, 19.983057, 0.34506884, 0.34666389, 0.34815598, 0.34949264, 0.34974071, 0.34990102, 0.34999394, 0.34999841, 0.34999925, 0.34991530, 0.96237385
0.35600001, 1.0000000, 1.0000000, 9.9999990, 9.9999990, 9.9999990, 9.9999962, 9.9999990, 9.9999990, 19.999998, 19.999998, 19.999998, 19.998999, 0.34999999, 0.34999999, 0.34999999, 0.34999996, 0.34999999, 0.34999999, 0.34999999, 0.34999999, 0.34999999, 0.34999499, 1.0000000
0.32408646, 1.0000000, 0.88437116, 8.0987349, 9.4807224, 9.6951389, 9.8967485, 9.9460611, 9.9779787, 19.996178, 19.999004, 19.999512, 19.975185, 0.33098570, 0.34480605, 0.34695080, 0.34896737, 0.34946054, 0.34977975, 0.34998089, 0.34999502, 0.34999755, 0.34987593, 0.88437116
0.30159014, 1.0000000, 0.80286288, 6.5058970, 9.4446487, 9.6550894, 9.8543892, 9.9198608, 9.9662237, 19.994320, 19.998520, 19.997807, 19.952789, 0.31505612, 0.34444398, 0.34654960, 0.34854361, 0.34919849, 0.34966221, 0.34997159, 0.34999260, 0.34998903, 0.34976393, 0.80286288
0.27331564, 1.0000000, 0.70041895, 4.5163941, 9.3794861, 9.6018209, 9.8060808, 9.8883705, 9.9503822, 19.990984, 19.997643, 19.993641, 19.932728, 0.29515997, 0.34378991, 0.34601566, 0.34806031, 0.34888342, 0.34950373, 0.34995490, 0.34998822, 0.34996819, 0.34966365, 0.70041895
0.35600001, 1.0000000, 1.0000000, 9.9999990, 9.9999990, 9.9999990, 9.9999990, 9.9999990, 9.9999990, 19.999998, 19.999998, 19.999998, 19.997997, 0.34999999, 0.34999999, 0.34999999, 0.34999999, 0.34999999, 0.34999999, 0.34999999, 0.34999999, 0.34999999, 0.34998998, 1.0000000
0.34389251, 1.0000000, 0.95613223, 9.4541035, 9.5773830, 9.7591000, 9.9274902, 9.9625893, 9.9853783, 19.997961, 19.999468, 19.999586, 19.974239, 0.34454104, 0.34577382, 0.34759098, 0.34927490, 0.34962589, 0.34985378, 0.34998980, 0.34999734, 0.34999794, 0.34987119, 0.95613223
0.34218812, 1.0000000, 0.94995695, 9.3886824, 9.5184727, 9.6945858, 9.8849773, 9.9381647, 9.9751902, 19.996660, 19.999123, 19.997845, 19.951935, 0.34388682, 0.34518474, 0.34694585, 0.34884977, 0.34938166, 0.34975189, 0.34998330, 0.34999561, 0.34998924, 0.34975967, 0.94995695
0.30938929, 1.0000000, 0.83112061, 7.1333432, 9.3711739, 9.6024799, 9.8185434, 9.8981409, 9.9561749, 19.992657, 19.998077, 19.993540, 19.931971, 0.32133344, 0.34371173, 0.34602481, 0.34818542, 0.34898141, 0.34956175, 0.34996328, 0.34999040, 0.34996769, 0.34965986, 0.83112061
0.27297205, 1.0000000, 0.69917411, 4.5610185, 9.2973108, 9.5431509, 9.7667379, 9.8629913, 9.9374266, 19.988306, 19.996830, 19.986320, 19.915030, 0.29560947, 0.34297222, 0.34543106, 0.34766731, 0.34862986, 0.34937423, 0.34994152, 0.34998414, 0.34993160, 0.34957516, 0.69917411
0.26059586, 1.0000000, 0.65433282, 3.6255903, 9.3503485, 9.5685291, 9.7613201, 9.8537474, 9.9291954, 19.985479, 19.995621, 19.976393, 19.901217, 0.28625458, 0.34350145, 0.34568426, 0.34761301, 0.34853736, 0.34929192, 0.34992740, 0.34997809, 0.34988195, 0.34950608, 0.65433282
0.35599715, 1.0000000, 0.99998957, 9.9998560, 9.9999132, 9.9999542, 9.9999905, 9.9999933, 9.9999990, 19.999998, 19.999998, 19.999992, 19.994993, 0.34999856, 0.34999913, 0.34999955, 0.34999990, 0.34999993, 0.34999999, 0.34999999, 0.34999999, 0.34999996, 0.34997496, 0.99998957
0.35600001, 1.0000000, 1.0000000, 9.9999990, 9.9999990, 9.9999990, 9.9999990, 9.9999990, 9.9999990, 19.999998, 19.999998, 19.999998, 19.996996, 0.34999999, 0.34999999, 0.34999999, 0.34999999, 0.34999999, 0.34999999, 0.34999999, 0.34999999, 0.34999999, 0.34998497, 1.0000000
0.35600001, 1.0000000, 1.0000000, 9.9999990, 9.9999990, 9.9999990, 9.9999990, 9.9999990, 9.9999990, 19.999998, 19.999998, 19.999998, 19.997997, 0.34999999, 0.34999999, 0.34999999, 0.34999999, 0.34999999, 0.34999999, 0.34999999, 0.34999999, 0.34999999, 0.34998998, 1.0000000
0.33777642, 1.0000000, 0.93397242, 9.0274916, 9.5558968, 9.7473698, 9.9251623, 9.9614439, 9.9850664, 19.998032, 19.999487, 19.999599, 19.974239, 0.34027493, 0.34555897, 0.34747368, 0.34925163, 0.34961444, 0.34985065, 0.34999016, 0.34999743, 0.34999800, 0.34987119, 0.93397242
0.35598630, 1.0000000, 0.99995035, 9.9993172, 9.9995909, 9.9997911, 9.9999580, 9.9999790, 9.9999905, 19.999998, 19.999998, 19.999990, 19.992998, 0.34999317, 0.34999591, 0.34999791, 0.34999958, 0.34999979, 0.34999990, 0.34999999, 0.34999999, 0.34999996, 0.34996498, 0.99995035
0.32809883, 1.0000000, 0.89890873, 8.3856144, 9.4838791, 9.6992159, 9.9030085, 9.9495583, 9.9799232, 19.996935, 19.999195, 19.999598, 19.977108, 0.33385614, 0.34483880, 0.34699216, 0.34903008, 0.34949559, 0.34979922, 0.34998468, 0.34999597, 0.34999800, 0.34988552, 0.89890873
0.32773674, 1.0000000, 0.89759684, 8.4063520, 9.4397964, 9.6468382, 9.8434925, 9.9136848, 9.9632292, 19.993492, 19.998287, 19.997957, 19.954510, 0.33406353, 0.34439796, 0.34646839, 0.34843493, 0.34913686, 0.34963229, 0.34996745, 0.34999144, 0.34998977, 0.34977254, 0.89759684
0.29470241, 1.0000000, 0.77790719, 6.0949492, 9.3437681, 9.5784473, 9.7922487, 9.8800058, 9.9460649, 19.989676, 19.997292, 19.993971, 19.934233, 0.31094950, 0.34343767, 0.34578449, 0.34792250, 0.34880006, 0.34946066, 0.34994838, 0.34998646, 0.34996986, 0.34967116, 0.77790719
0.27336007, 1.0000000, 0.70058000, 4.5918689, 9.2995653, 9.5385475, 9.7528868, 9.8515558, 9.9296160, 19.985323, 19.996016, 19.987120, 19.916910, 0.29591045, 0.34298560, 0.34538034, 0.34752783, 0.34851503, 0.34929597, 0.34992662, 0.34998009, 0.34993559, 0.34958455, 0.70058000
0.35600001, 1.0000000, 1.0000000, 9.9999990, 9.9999990, 9.9999990, 9.9999990, 9.9999990, 9.9999990, 19.999998, 19.999998, 19.999998, 19.995995, 0.34999999, 0.34999999, 0.34999999, 0.34999999, 0.34999999, 0.34999999, 0.34999999, 0.34999999, 0.34999999, 0.34997997, 1.0000000
0.35600001, 1.0000000, 1.0000000, 9.9999990, 9.9999990, 9.9999990, 9.9999990, 9.9999990, 9.9999990, 19.999998, 19.999998, 19.999998, 19.998999, 0.34999999, 0.34999999, 0.34999999, 0.34999999, 0.34999999, 0.34999999, 0.34999999, 0.34999999, 0.34999999, 0.34999499, 1.0000000
0.35137665, 1.0000000, 0.98324865, 9.9125051, 9.7170715, 9.7599869, 9.9255772, 9.9614973, 9.9847136, 19.997650, 19.999392, 19.999594, 19.975210, 0.34912506, 0.34717071, 0.34759986, 0.34925577, 0.34961498, 0.34984714, 0.34998825, 0.34999695, 0.34999797, 0.34987605, 0.98324865
0.32283160, 1.0000000, 0.87982458, 8.0583477, 9.4276276, 9.6431942, 9.8588381, 9.9236450, 9.9685783, 19.995066, 19.998718, 19.997854, 19.952789, 0.33058140, 0.34427482, 0.34643120, 0.34858823, 0.34923637, 0.34968576, 0.34997532, 0.34999359, 0.34998927, 0.34976393, 0.87982458
0.28889728, 1.0000000, 0.75687414, 5.6677685, 9.3512173, 9.5835934, 9.7988453, 9.8852396, 9.9494696, 19.990936, 19.997637, 19.993641, 19.932722, 0.30667725, 0.34351173, 0.34583569, 0.34798840, 0.34885237, 0.34949470, 0.34995466, 0.34998819, 0.34996819, 0.34966362, 0.75687414
0.25870189, 1.0000000, 0.64747059, 3.5077240, 9.3223858, 9.5574493, 9.7690392, 9.8622580, 9.9359798, 19.987709, 19.996683, 19.986626, 19.915682, 0.28507566, 0.34322134, 0.34557319, 0.34769014, 0.34862244, 0.34935975, 0.34993854, 0.34998342, 0.34993312, 0.34957841, 0.64747059
0.33927989, 1.0000000, 0.93941987, 9.0615177, 9.6491404, 9.8059635, 9.9465027, 9.9726486, 9.9895468, 19.998711, 19.999664, 19.999851, 19.984043, 0.34061342, 0.34649029, 0.34805906, 0.34946489, 0.34972644, 0.34989545, 0.34999356, 0.34999833, 0.34999925, 0.34992021, 0.93941987
0.35597390, 1.0000000, 0.99990547, 9.9987001, 9.9992189, 9.9996090, 9.9999218, 9.9999580, 9.9999847, 19.999998, 19.999998, 19.999998, 19.994993, 0.34998700, 0.34999219, 0.34999609, 0.34999922, 0.34999958, 0.34999985, 0.34999999, 0.34999999, 0.34999999, 0.34997496, 0.99990547
0.35600001, 1.0000000, 1.0000000, 9.9999990, 9.9999990, 9.9999990, 9.9999990, 9.9999990, 9.9999990, 19.999998, 19.999998, 19.999998, 19.994993, 0.34999999, 0.34999999, 0.34999999, 0.34999999, 0.34999999, 0.34999999, 0.34999999, 0.34999999, 0.34999999, 0.34997496, 1.0000000
0.34143382, 1.0000000, 0.94722384, 9.1870966, 9.6872797, 9.8281975, 9.9553137, 9.9772377, 9.9916134, 19.999260, 19.999807, 19.999847, 19.981091, 0.34187096, 0.34687281, 0.34828198, 0.34955314, 0.34977239, 0.34991613, 0.34999630, 0.34999904, 0.34999925, 0.34990546, 0.94722384
0.32059735, 1.0000000, 0.87172943, 7.8488441, 9.4796324, 9.6884508, 9.8900290, 9.9418955, 9.9769344, 19.996887, 19.999182, 19.998562, 19.958214, 0.32848844, 0.34479633, 0.34688452, 0.34890029, 0.34941894, 0.34976935, 0.34998444, 0.34999591, 0.34999281, 0.34979108, 0.87172943
0.35598689, 1.0000000, 0.99995250, 9.9993467, 9.9996061, 9.9998026, 9.9999580, 9.9999790, 9.9999905, 19.999998, 19.999998, 19.999992, 19.994993, 0.34999347, 0.34999606, 0.34999803, 0.34999958, 0.34999979, 0.34999990, 0.34999999, 0.34999999, 0.34999996, 0.34997496, 0.99995250
0.35529399, 1.0000000, 0.99744189, 9.9999990, 9.9979229, 9.8571510, 9.9089832, 9.9527922, 9.9814939, 19.997448, 19.999331, 19.999727, 19.981050, 0.34999999, 0.34997922, 0.34857151, 0.34908983, 0.34952793, 0.34981495, 0.34998724, 0.34999666, 0.34999865, 0.34990525, 0.99744189
0.33008736, 1.0000000, 0.90611362, 8.5548916, 9.4710360, 9.6555023, 9.8486481, 9.9174633, 9.9664383, 19.995464, 19.998814, 19.998466, 19.958185, 0.33554891, 0.34471035, 0.34655502, 0.34848648, 0.34917462, 0.34966439, 0.34997731, 0.34999406, 0.34999233, 0.34979093, 0.90611362
0.28842479, 1.0000000, 0.75516224, 5.6874475, 9.2867594, 9.5395384, 9.7727528, 9.8695936, 9.9425297, 19.990236, 19.997435, 19.994833, 19.937429, 0.30687448, 0.34286758, 0.34539539, 0.34772754, 0.34869593, 0.34942529, 0.34995118, 0.34998718, 0.34997416, 0.34968716, 0.75516224
0.25059277, 1.0000000, 0.61808974, 2.9724905, 9.2639685, 9.5096607, 9.7301235, 9.8373833, 9.9229527, 19.984734, 19.995880, 19.988373, 19.919571, 0.27972433, 0.34263864, 0.34509608, 0.34730113, 0.34837377, 0.34922948, 0.34992367, 0.34997940, 0.34994185, 0.34959787, 0.61808974
0.23543401, 1.0000000, 0.56316668, 2.5481076, 8.1012840, 9.5818624, 9.7550964, 9.8455410, 9.9223976, 19.983196, 19.995121, 19.979315, 19.904900, 0.27548108, 0.33101285, 0.34581864, 0.34755096, 0.34845540, 0.34922397, 0.34991598, 0.34997562, 0.34989658, 0.34952450, 0.56316668
0.21819903, 1.0000000, 0.50072110, 2.0418019, 6.8698115, 9.5709543, 9.7505512, 9.8410654, 9.9181519, 19.980812, 19.993628, 19.967718, 19.893187, 0.27041802, 0.31869811, 0.34570953, 0.34750551, 0.34841067, 0.34918153, 0.34990406, 0.34996814, 0.34983858, 0.34946594, 0.50072110
0.21035467, 1.0000000, 0.47229949, 1.8516839, 6.1987152, 9.6435852, 9.7834349, 9.8583755, 9.9243126, 19.980309, 19.991646, 19.954569, 19.884207, 0.26851684, 0.31198716, 0.34643584, 0.34783435, 0.34858376, 0.34924313, 0.34990156, 0.34995824, 0.34977284, 0.34942102, 0.47229949
0.19596288, 1.0000000, 0.42015529, 1.4322191, 5.1891651, 9.5895967, 9.7643614, 9.8483009, 9.9196663, 19.977985, 19.987768, 19.940580, 19.877357, 0.26432219, 0.30189165, 0.34589598, 0.34764361, 0.34848303, 0.34919667, 0.34988993, 0.34993884, 0.34970289, 0.34938678, 0.42015529
0.17855729, 1.0000000, 0.35709161, 1.0937870, 3.7120128, 9.4805937, 9.7160625, 9.8205347, 9.9079113, 19.975403, 19.981989, 19.926832, 19.872259, 0.26093787, 0.28712013, 0.34480593, 0.34716064, 0.34820536, 0.34907910, 0.34987700, 0.34990996, 0.34963417, 0.34936130, 0.35709161
0.16892399, 1.0000000, 0.32218835, 0.86710751, 2.9670060, 9.3932886, 9.7399178, 9.8319664, 9.9114141, 19.974197, 19.974625, 19.914160, 19.868540, 0.25867108, 0.27967006, 0.34393290, 0.34739918, 0.34831965, 0.34911415, 0.34987098, 0.34987313, 0.34957081, 0.34934270, 0.32218835
0.15232006, 0.87334329, 0.26202920, 0.32461286, 2.3680596, 8.4050598, 9.6791477, 9.7971220, 9.8954449, 19.969080, 19.964382, 19.902704, 19.865789, 0.25324613, 0.27368060, 0.33405060, 0.34679148, 0.34797123, 0.34895444, 0.34984541, 0.34982193, 0.34951353, 0.34932894, 0.26202920
0.13697311, 0.68801236, 0.20642436, 0.0000000, 1.6952991, 7.1422491, 9.6196842, 9.7587109, 9.8758774, 19.962128, 19.952274, 19.892855, 19.863771, 0.24994607, 0.26695246, 0.32142136, 0.34619653, 0.34758696, 0.34875870, 0.34981063, 0.34976137, 0.34946427, 0.34931886, 0.20642436
0.12877178, 0.58897227, 0.17670935, 0.0000000, 1.2399822, 6.0732560, 9.6183729, 9.7540140, 9.8706722, 19.956024, 19.939741, 19.884867, 19.862354, 0.24994607, 0.26239833, 0.31072888, 0.34618255, 0.34753954, 0.34870651, 0.34978011, 0.34969872, 0.34942433, 0.34931177, 0.17670935
0.12430736, 0.53505957, 0.16053392, 0.0000000, 1.0390759, 5.3839540, 9.6673193, 9.7811794, 9.8812933, 19.951752, 19.927824, 19.878645, 19.861378, 0.24994607, 0.26038909, 0.30383524, 0.34667164, 0.34781101, 0.34881267, 0.34975874, 0.34963912, 0.34939322, 0.34930688, 0.16053392
0.11963069, 0.47858372, 0.14358948, 0.19233525, 0.67109168, 4.3629160, 9.6123867, 9.7500553, 9.8678942, 19.943611, 19.915665, 19.873594, 19.860643, 0.25192335, 0.25671092, 0.29362917, 0.34612387, 0.34750056, 0.34867895, 0.34971806, 0.34957832, 0.34936798, 0.34930322, 0.14358948
0.11481129, 0.42038417, 0.12612787, 0.55283308E-1, 0.55772960, 3.8638904, 9.6827374, 9.7892942, 9.8826380, 19.936768, 19.905138, 19.869850, 19.860151, 0.25055283, 0.25557730, 0.28863889, 0.34682739, 0.34789294, 0.34882638, 0.34968382, 0.34952569, 0.34934926, 0.34930074, 0.12612787
0.11199079, 0.38632357, 0.11590867, 0.0000000, 0.47737658, 3.5166230, 9.7304173, 9.8179197, 9.8943443, 19.929062, 19.895924, 19.867018, 19.859816, 0.24999735, 0.25477085, 0.28515542, 0.34729818, 0.34817618, 0.34894243, 0.34964532, 0.34947962, 0.34933507, 0.34929907, 0.11590867
0.11109640, 0.37552285, 0.11266813, 0.0000000, 0.44776201, 3.3432972, 9.7854624, 9.8504925, 9.9073877, 19.921202, 19.888184, 19.864914, 19.859562, 0.24999735, 0.25447762, 0.28343296, 0.34785461, 0.34850493, 0.34907389, 0.34960601, 0.34944093, 0.34932458, 0.34929782, 0.11266813
0.13918111, 0.71467614, 0.21442430, 2.1152945, 0.40254295, 3.1631360, 9.7971535, 9.8595514, 9.9109306, 19.912830, 19.881721, 19.863323, 19.859409, 0.27115294, 0.25402543, 0.28163135, 0.34797153, 0.34859550, 0.34910929, 0.34956414, 0.34940860, 0.34931663, 0.34929705, 0.21442430
0.35600001, 1.0000000, 1.0000000, 9.9999990, 9.9999990, 9.9999990, 9.9999990, 9.9999990, 9.9999990, 19.999998, 19.999998, 19.999996, 19.993994, 0.34999999, 0.34999999, 0.34999999, 0.34999999, 0.34999999, 0.34999999, 0.34999999, 0.34999999, 0.34999996, 0.34996998, 1.0000000
0.33151585, 1.0000000, 0.91128922, 8.6092300, 9.5120096, 9.7195778, 9.9157810, 9.9564896, 9.9832344, 19.997913, 19.999451, 19.999426, 19.970396, 0.33609229, 0.34512010, 0.34719577, 0.34915781, 0.34956491, 0.34983236, 0.34998956, 0.34999725, 0.34999713, 0.34985197, 0.91128922
0.29297623, 1.0000000, 0.77165300, 5.9876347, 9.3135796, 9.5712404, 9.8207397, 9.9021320, 9.9594803, 19.993761, 19.998371, 19.997150, 19.948383, 0.30987635, 0.34313580, 0.34571239, 0.34820741, 0.34902132, 0.34959480, 0.34996879, 0.34999186, 0.34998575, 0.34974191, 0.77165300
0.25848329, 1.0000000, 0.64667863, 3.5180242, 9.2870464, 9.5388165, 9.7724867, 9.8682518, 9.9420204, 19.990650, 19.997547, 19.992451, 19.928925, 0.28517959, 0.34286943, 0.34538764, 0.34772474, 0.34868246, 0.34942016, 0.34995323, 0.34998775, 0.34996226, 0.34964463, 0.64667863
0.22964400, 1.0000000, 0.54218835, 2.3260741, 7.8191862, 9.4933853, 9.7300215, 9.8372946, 9.9242964, 19.986940, 19.996429, 19.984785, 19.912506, 0.27326074, 0.32819188, 0.34493387, 0.34730023, 0.34837294, 0.34924296, 0.34993470, 0.34998214, 0.34992391, 0.34956253, 0.54218835
0.30112827, 1.0000000, 0.80118942, 7.0076666, 8.6642218, 9.4723892, 9.7044039, 9.8167925, 9.9101534, 19.982464, 19.994736, 19.974321, 19.899185, 0.32007667, 0.33664221, 0.34472388, 0.34704405, 0.34816793, 0.34910154, 0.34991232, 0.34997368, 0.34987161, 0.34949592, 0.80118942
0.25146306, 1.0000000, 0.62124300, 3.0957527, 9.1963778, 9.4582481, 9.6864977, 9.8020582, 9.8989248, 19.977194, 19.992100, 19.961641, 19.888720, 0.28095567, 0.34196049, 0.34458080, 0.34686461, 0.34802040, 0.34898919, 0.34988597, 0.34996051, 0.34980822, 0.34944361, 0.62124300
0.22962096, 1.0000000, 0.54210490, 2.4935694, 7.5425968, 9.4940128, 9.7007389, 9.8071795, 9.8988285, 19.974842, 19.989004, 19.947920, 19.880760, 0.27493373, 0.32542241, 0.34493786, 0.34700695, 0.34807155, 0.34898821, 0.34987420, 0.34994501, 0.34973961, 0.34940380, 0.54210490
0.20576954, 1.0000000, 0.45568672, 1.8016577, 5.8288155, 9.4679832, 9.6920404, 9.8016834, 9.8953791, 19.971811, 19.984077, 19.933914, 19.874802, 0.26801607, 0.30828717, 0.34467903, 0.34692025, 0.34801674, 0.34895375, 0.34985906, 0.34992039, 0.34966958, 0.34937400, 0.45568672
0.18447727, 1.0000000, 0.37854084, 1.2461811, 4.1892967, 9.4580469, 9.6863871, 9.7976723, 9.8931446, 19.969427, 19.977415, 19.920555, 19.870388, 0.26246044, 0.29189020, 0.34457734, 0.34686324, 0.34797639, 0.34893131, 0.34984714, 0.34988707, 0.34960276, 0.34935194, 0.37854084
0.19074118, 1.0000000, 0.40123612, 2.4589479, 2.9742002, 9.3549643, 9.6975031, 9.8033295, 9.8953104, 19.967804, 19.969002, 19.908503, 19.867182, 0.27458870, 0.27974144, 0.34354877, 0.34697485, 0.34803322, 0.34895307, 0.34983903, 0.34984499, 0.34954250, 0.34933591, 0.40123612
0.16970104, 1.0000000, 0.32500377, 1.6013592, 2.3881702, 8.3139238, 9.6638460, 9.7840939, 9.8864670, 19.963467, 19.958233, 19.897892, 19.864813, 0.26601073, 0.27387914, 0.33313477, 0.34663743, 0.34784040, 0.34886450, 0.34981734, 0.34979117, 0.34948945, 0.34932405, 0.32500377
0.15721415, 0.93244475, 0.27976140, 1.1490464, 2.0310550, 7.5141039, 9.6842127, 9.7941446, 9.8897953, 19.960402, 19.946760, 19.889130, 19.863131, 0.26148844, 0.27030841, 0.32513708, 0.34684110, 0.34794095, 0.34889778, 0.34980202, 0.34973380, 0.34944564, 0.34931564, 0.27976140
0.17337647, 1.0000000, 0.33832052, 2.1827550, 2.6890397, 6.6579432, 9.6724329, 9.7877264, 9.8870592, 19.955845, 19.934607, 19.881990, 19.861925, 0.27182755, 0.27689040, 0.31657943, 0.34672433, 0.34787726, 0.34887058, 0.34977922, 0.34967303, 0.34940994, 0.34930962, 0.33832052
0.19453898, 1.0000000, 0.41499630, 2.5636702, 3.2832804, 9.2994270, 9.7179956, 9.8134756, 9.8974943, 19.951590, 19.922964, 19.876431, 19.861086, 0.27563670, 0.28283280, 0.34299427, 0.34717995, 0.34813476, 0.34897494, 0.34975794, 0.34961483, 0.34938216, 0.34930542, 0.41499630
0.34940833, 1.0000000, 0.97611713, 9.8667326, 9.6768837, 9.5672579, 9.7533236, 9.8346720, 9.9062338, 19.945553, 19.911894, 19.872080, 19.860491, 0.34866732, 0.34676883, 0.34567258, 0.34753323, 0.34834671, 0.34906232, 0.34972775, 0.34955949, 0.34936041, 0.34930247, 0.97611713
0.30682689, 1.0000000, 0.82183647, 7.0396504, 9.2772865, 9.5122328, 9.7239323, 9.8201504, 9.8993540, 19.935354, 19.901142, 19.868559, 19.860010, 0.32039651, 0.34277287, 0.34512234, 0.34723932, 0.34820151, 0.34899354, 0.34967679, 0.34950572, 0.34934279, 0.34930006, 0.82183647
0.35600001, 1.0000000, 1.0000000, 9.9999990, 9.9999990, 9.9999990, 9.9999962, 9.9999990, 9.9999990, 19.999998, 19.999998, 19.999998, 19.997997, 0.34999999, 0.34999999, 0.34999999, 0.34999996, 0.34999999, 0.34999999, 0.34999999, 0.34999999, 0.34999999, 0.34998998, 1.0000000
0.32612509, 1.0000000, 0.89175755, 8.2352324, 9.4925489, 9.7050896, 9.9079666, 9.9522486, 9.9814072, 19.997538, 19.999361, 19.999527, 19.974239, 0.33235234, 0.34492549, 0.34705091, 0.34907967, 0.34952247, 0.34981406, 0.34998769, 0.34999681, 0.34999764, 0.34987119, 0.89175755
0.29088250, 1.0000000, 0.76406699, 5.8100123, 9.3465395, 9.5911016, 9.8288336, 9.9061794, 9.9615774, 19.994678, 19.998623, 19.997677, 19.951910, 0.30809748, 0.34346282, 0.34590971, 0.34828806, 0.34906164, 0.34961572, 0.34997338, 0.34999311, 0.34998840, 0.34975955, 0.76406699
0.26016122, 1.0000000, 0.65275806, 3.6027427, 9.3321285, 9.5689487, 9.7890339, 9.8777819, 9.9468966, 19.992414, 19.998030, 19.993504, 19.931971, 0.28602427, 0.34331638, 0.34568694, 0.34788984, 0.34877756, 0.34946889, 0.34996206, 0.34999016, 0.34996751, 0.34965986, 0.65275806
0.23169404, 1.0000000, 0.54961610, 2.3693056, 7.9874601, 9.5054092, 9.7388906, 9.8435211, 9.9277067, 19.988115, 19.996788, 19.986273, 19.915041, 0.27369305, 0.32987460, 0.34505409, 0.34738892, 0.34843522, 0.34927708, 0.34994057, 0.34998393, 0.34993136, 0.34957522, 0.54961610
0.35587198, 1.0000000, 0.99953610, 9.9954062, 9.9972439, 9.9986229, 9.9997253, 9.9998627, 9.9999514, 19.999998, 19.999998, 19.999998, 19.994993, 0.34993622, 0.34996170, 0.34998086, 0.34999618, 0.34999809, 0.34999934, 0.34999999, 0.34999999, 0.34999999, 0.34997496, 0.99953610
0.35600001, 1.0000000, 1.0000000, 9.9999990, 9.9999990, 9.9999990, 9.9999990, 9.9999990, 9.9999990, 19.999998, 19.999998, 19.999998, 19.998999, 0.34999999, 0.34999999, 0.34999999, 0.34999999, 0.34999999, 0.34999999, 0.34999999, 0.34999999, 0.34999999, 0.34999499, 1.0000000
0.32077211, 1.0000000, 0.87236267, 7.8847442, 9.4477911, 9.6738825, 9.8927984, 9.9440212, 9.9779644, 19.996946, 19.999207, 19.999548, 19.975210, 0.32884744, 0.34447792, 0.34673882, 0.34892797, 0.34944022, 0.34977964, 0.34998474, 0.34999603, 0.34999773, 0.34987605, 0.87236267
0.28853327, 1.0000000, 0.75555533, 5.6356730, 9.3520279, 9.5934238, 9.8248806, 9.9032621, 9.9597635, 19.994034, 19.998449, 19.997776, 19.952789, 0.30635673, 0.34352028, 0.34593424, 0.34824881, 0.34903261, 0.34959763, 0.34997016, 0.34999225, 0.34998888, 0.34976393, 0.75555533
0.26963916, 1.0000000, 0.68709838, 4.2474871, 9.3838301, 9.6034775, 9.8063707, 9.8871450, 9.9507790, 19.993021, 19.998178, 19.993776, 19.932781, 0.29246807, 0.34382930, 0.34603015, 0.34806275, 0.34887096, 0.34950763, 0.34996510, 0.34999090, 0.34996888, 0.34966391, 0.68709838
0.31662413, 1.0000000, 0.85733378, 7.6038809, 9.4456511, 9.6375465, 9.8089600, 9.8843012, 9.9467173, 19.992128, 19.997852, 19.986938, 19.915756, 0.32603630, 0.34445462, 0.34637451, 0.34808940, 0.34884292, 0.34946713, 0.34996063, 0.34998927, 0.34993470, 0.34957880, 0.85733378
0.35599315, 1.0000000, 0.99997503, 9.9996567, 9.9997940, 9.9998951, 9.9999790, 9.9999905, 9.9999962, 19.999998, 19.999998, 19.999998, 19.994993, 0.34999657, 0.34999794, 0.34999895, 0.34999979, 0.34999990, 0.34999996, 0.34999999, 0.34999999, 0.34999999, 0.34997496, 0.99997503
0.35600001, 1.0000000, 1.0000000, 9.9999990, 9.9999990, 9.9999990, 9.9999990, 9.9999990, 9.9999990, 19.999998, 19.999998, 19.999998, 19.995995, 0.34999999, 0.34999999, 0.34999999, 0.34999999, 0.34999999, 0.34999999, 0.34999999, 0.34999999, 0.34999999, 0.34997997, 1.0000000
0.34594005, 1.0000000, 0.96355093, 9.4547329, 9.7624388, 9.8729000, 9.9675188, 9.9835186, 9.9937983, 19.999302, 19.999813, 19.999922, 19.988003, 0.34454364, 0.34762210, 0.34872785, 0.34967494, 0.34983507, 0.34993795, 0.34999651, 0.34999907, 0.34999961, 0.34994000, 0.96355093
0.35600001, 1.0000000, 1.0000000, 9.9999990, 9.9999990, 9.9999990, 9.9999990, 9.9999990, 9.9999990, 19.999998, 19.999998, 19.999998, 19.994993, 0.34999999, 0.34999999, 0.34999999, 0.34999999, 0.34999999, 0.34999999, 0.34999999, 0.34999999, 0.34999999, 0.34997496, 1.0000000
0.35501456, 1.0000000, 0.99642944, 9.9999752, 9.9839478, 9.8086128, 9.9438162, 9.9712582, 9.9892282, 19.998884, 19.999706, 19.999863, 19.984043, 0.34999976, 0.34983948, 0.34808612, 0.34943816, 0.34971258, 0.34989229, 0.34999442, 0.34999853, 0.34999931, 0.34992021, 0.99642944
0.34016925, 1.0000000, 0.94264227, 9.1756907, 9.5867424, 9.7669868, 9.9354486, 9.9669151, 9.9876766, 19.998831, 19.999695, 19.999823, 19.981079, 0.34175691, 0.34586743, 0.34766987, 0.34935448, 0.34966916, 0.34987676, 0.34999415, 0.34999847, 0.34999913, 0.34990540, 0.94264227
0.31131119, 1.0000000, 0.83808392, 7.2337356, 9.4108429, 9.6400814, 9.8645601, 9.9274664, 9.9712658, 19.996494, 19.999086, 19.998550, 19.958214, 0.32233736, 0.34410843, 0.34640080, 0.34864560, 0.34927467, 0.34971267, 0.34998247, 0.34999543, 0.34999275, 0.34979108, 0.83808392
0.27910447, 1.0000000, 0.72139299, 4.9586544, 9.3489866, 9.5851851, 9.8084984, 9.8917856, 9.9544106, 19.993891, 19.998405, 19.995113, 19.937519, 0.29958358, 0.34348652, 0.34585014, 0.34808463, 0.34891766, 0.34954405, 0.34996945, 0.34999204, 0.34997556, 0.34968761, 0.72139299
0.24917787, 1.0000000, 0.61296326, 2.9614778, 9.0827370, 9.5545139, 9.7733727, 9.8661051, 9.9404392, 19.991795, 19.997765, 19.988899, 19.919701, 0.27961478, 0.34082738, 0.34554514, 0.34773374, 0.34866107, 0.34940439, 0.34995896, 0.34998882, 0.34994450, 0.34959850, 0.61296326
0.22357930, 1.0000000, 0.52021480, 2.1955700, 7.3010120, 9.4996681, 9.7312403, 9.8368568, 9.9236794, 19.988354, 19.996559, 19.979712, 19.904976, 0.27195570, 0.32301012, 0.34499669, 0.34731239, 0.34836859, 0.34923679, 0.34994176, 0.34998280, 0.34989855, 0.34952489, 0.52021480
0.20176962, 1.0000000, 0.44119424, 1.6154915, 5.6447592, 9.4835949, 9.7139091, 9.8221264, 9.9134550, 19.985905, 19.995092, 19.968113, 19.893269, 0.26615429, 0.30644631, 0.34483483, 0.34713888, 0.34822115, 0.34913453, 0.34992951, 0.34997547, 0.34984058, 0.34946635, 0.44119424
0.18347873, 1.0000000, 0.37492290, 1.1748195, 4.1772461, 9.4714489, 9.7057524, 9.8145361, 9.9074707, 19.984049, 19.992832, 19.954872, 19.884247, 0.26174819, 0.29177245, 0.34471449, 0.34705752, 0.34814537, 0.34907472, 0.34992024, 0.34996417, 0.34977436, 0.34942123, 0.37492290
0.22247133, 1.0000000, 0.51620042, 2.2989006, 7.0064154, 9.4857283, 9.7055550, 9.8122139, 9.9039402, 19.981699, 19.989016, 19.940880, 19.877415, 0.27298820, 0.32006270, 0.34485629, 0.34705535, 0.34812206, 0.34903938, 0.34990850, 0.34994507, 0.34970438, 0.34938708, 0.51620042
0.20083740, 1.0000000, 0.43781668, 1.7305076, 5.3490491, 9.4708958, 9.6999645, 9.8080568, 9.9011679, 19.979925, 19.983515, 19.927147, 19.872330, 0.26730460, 0.30348963, 0.34470817, 0.34699950, 0.34808049, 0.34901166, 0.34989962, 0.34991759, 0.34963572, 0.34936166, 0.43781668
0.24447012, 1.0000000, 0.59590620, 2.8518438, 8.7022772, 9.5568447, 9.7379980, 9.8287430, 9.9090843, 19.979162, 19.976274, 19.914450, 19.868612, 0.27851689, 0.33701995, 0.34556690, 0.34737965, 0.34828728, 0.34909078, 0.34989581, 0.34988138, 0.34957224, 0.34934306, 0.59590620
0.22618437, 1.0000000, 0.52965349, 2.2615342, 7.4930549, 9.5267191, 9.7305803, 9.8258057, 9.9078388, 19.976412, 19.966656, 19.903095, 19.865883, 0.27261534, 0.32493055, 0.34526718, 0.34730580, 0.34825805, 0.34907839, 0.34988207, 0.34983328, 0.34951547, 0.34932941, 0.52965349
0.26365900, 1.0000000, 0.66543114, 3.9065237, 9.2712278, 9.5372143, 9.7368879, 9.8296165, 9.9093370, 19.973429, 19.955557, 19.893469, 19.863907, 0.28906524, 0.34271228, 0.34537214, 0.34736890, 0.34829617, 0.34909338, 0.34986714, 0.34977779, 0.34946734, 0.34931952, 0.66543114
0.33133346, 1.0000000, 0.91062844, 8.5692301, 9.5454741, 9.7407255, 9.9250002, 9.9613914, 9.9853907, 19.998413, 19.999582, 19.999847, 19.986019, 0.33568990, 0.34545314, 0.34740645, 0.34924984, 0.34961382, 0.34985387, 0.34999207, 0.34999791, 0.34999925, 0.34993011, 0.91062844
0.30444124, 1.0000000, 0.81319290, 6.7282920, 9.4217606, 9.6445379, 9.8614931, 9.9252653, 9.9700480, 19.996155, 19.998991, 19.998861, 19.962831, 0.31728292, 0.34421760, 0.34644538, 0.34861493, 0.34925264, 0.34970048, 0.34998077, 0.34999496, 0.34999430, 0.34981415, 0.81319290
0.26878369, 1.0000000, 0.68399876, 4.2430120, 9.3109684, 9.5594521, 9.7939405, 9.8830042, 9.9502096, 19.992979, 19.998158, 19.995882, 19.941589, 0.29242471, 0.34310257, 0.34559089, 0.34793866, 0.34882966, 0.34950197, 0.34996489, 0.34999079, 0.34997940, 0.34970796, 0.68399876
0.23974879, 1.0000000, 0.57879990, 2.7308762, 8.3493204, 9.5223055, 9.7510033, 9.8520155, 9.9326935, 19.989370, 19.997152, 19.990181, 19.923113, 0.27730420, 0.33348480, 0.34521827, 0.34750906, 0.34851965, 0.34932676, 0.34994686, 0.34998578, 0.34995091, 0.34961557, 0.57879990
0.21591714, 1.0000000, 0.49245340, 2.0182848, 6.6772690, 9.4972677, 9.7238760, 9.8305473, 9.9187336, 19.985853, 19.995964, 19.981560, 19.907751, 0.27017415, 0.31675541, 0.34496036, 0.34723622, 0.34830418, 0.34918693, 0.34992927, 0.34997982, 0.34990782, 0.34953874, 0.49245340
0.19445843, 1.0000000, 0.41470444, 1.4275342, 5.0832381, 9.4786263, 9.7076559, 9.8169098, 9.9090061, 19.982775, 19.994432, 19.970383, 19.895422, 0.26426491, 0.30081013, 0.34476551, 0.34707230, 0.34816694, 0.34908935, 0.34991387, 0.34997216, 0.34985191, 0.34947711, 0.41470444
0.17436102, 1.0000000, 0.34188774, 0.91688037, 3.5175190, 9.4574203, 9.6917286, 9.8047724, 9.9009514, 19.979834, 19.992077, 19.957359, 19.885878, 0.25916427, 0.28516477, 0.34456021, 0.34691441, 0.34804627, 0.34900904, 0.34989917, 0.34996039, 0.34978679, 0.34942940, 0.34188774
0.15857552, 0.94888473, 0.28469390, 0.49569309, 2.6521444, 8.7828217, 9.6751614, 9.7930794, 9.8939495, 19.977150, 19.988422, 19.943413, 19.878633, 0.25495434, 0.27651316, 0.33781451, 0.34674862, 0.34792927, 0.34893897, 0.34988576, 0.34994212, 0.34971708, 0.34939316, 0.28469390
0.14691830, 0.80811119, 0.24245761, 0.19696355, 2.1984994, 7.8694782, 9.6716976, 9.7893867, 9.8908567, 19.974859, 19.983126, 19.929604, 19.873213, 0.25196889, 0.27198011, 0.32868603, 0.34671482, 0.34789276, 0.34890822, 0.34987429, 0.34991562, 0.34964803, 0.34936607, 0.24245761
0.13638985, 0.68096858, 0.20431101, 0.0000000, 1.7517358, 6.8821106, 9.6538687, 9.7781181, 9.8853579, 19.972631, 19.975878, 19.916597, 19.869234, 0.24999981, 0.26751018, 0.31880701, 0.34653473, 0.34777918, 0.34885290, 0.34986317, 0.34987938, 0.34958297, 0.34934616, 0.20431101
0.12967572, 0.59988827, 0.17998448, 0.0000000, 1.3866097, 5.9897389, 9.6500826, 9.7748117, 9.8828478, 19.970032, 19.966633, 19.904974, 19.866306, 0.24999981, 0.26386398, 0.30989280, 0.34649932, 0.34774736, 0.34882826, 0.34985015, 0.34983316, 0.34952486, 0.34933153, 0.17998448
0.12306474, 0.52005351, 0.15603165, 0.0000000, 1.0467231, 5.0782161, 9.6348667, 9.7652493, 9.8780937, 19.966789, 19.955719, 19.894983, 19.864189, 0.24999981, 0.26046225, 0.30077007, 0.34634408, 0.34765017, 0.34878016, 0.34983394, 0.34977859, 0.34947491, 0.34932095, 0.15603165
0.11691032, 0.44573215, 0.13373302, 0.0000000, 0.75653493, 4.1757736, 9.6185732, 9.7548265, 9.8729296, 19.962851, 19.943796, 19.886726, 19.862673, 0.24999981, 0.25756219, 0.29174903, 0.34618172, 0.34754625, 0.34872863, 0.34981424, 0.34971899, 0.34943363, 0.34931338, 0.13373302
0.11074206, 0.37124377, 0.11138427, 0.0000000, 0.48885345, 3.2300131, 9.5907555, 9.7370987, 9.8641710, 19.957422, 19.931410, 19.880043, 19.861589, 0.24999981, 0.25488377, 0.28228438, 0.34589821, 0.34736624, 0.34864008, 0.34978712, 0.34965706, 0.34940022, 0.34930795, 0.11138427
0.10554768, 0.30851600, 0.92564054E-1, 0.0000000, 0.25615394, 2.5300355, 9.1615477, 9.7052593, 9.8485136, 19.950888, 19.919416, 19.874790, 19.860804, 0.24999981, 0.25255832, 0.27528450, 0.34160399, 0.34704652, 0.34848309, 0.34975445, 0.34959710, 0.34937394, 0.34930402, 0.92564054E-1
0.10242552, 0.27081257, 0.81251897E-1, 0.0000000, 0.12922287, 2.1308928, 8.6494074, 9.7055569, 9.8463335, 19.943636, 19.908428, 19.870758, 19.860273, 0.24999981, 0.25129125, 0.27130070, 0.33648741, 0.34705180, 0.34846207, 0.34971818, 0.34954214, 0.34935379, 0.34930137, 0.81251897E-1
0.99466108E-1, 0.23507442, 0.70529379E-1, 0.0000000, 0.21967292E-1, 1.7415971, 8.0978785, 9.6918716, 9.8387470, 19.934830, 19.898540, 19.867657, 19.859880, 0.24999981, 0.25021961, 0.26741371, 0.33097669, 0.34691745, 0.34838706, 0.34967417, 0.34949270, 0.34933829, 0.34929940, 0.70529379E-1
0.97336479E-1, 0.20935684, 0.62813334E-1, 0.0000000, 0.0000000, 1.3898224, 7.5126343, 9.6771021, 9.8301773, 19.925436, 19.890076, 19.865314, 19.859592, 0.24999981, 0.24998917, 0.26389685, 0.32512489, 0.34677008, 0.34830144, 0.34962720, 0.34945038, 0.34932658, 0.34929797, 0.62813334E-1
0.95375419E-1, 0.18567494, 0.55708051E-1, 0.0000000, 0.0000000, 1.0510862, 6.8511896, 9.6535654, 9.8167648, 19.915285, 19.882885, 19.863548, 19.859409, 0.24999981, 0.24998917, 0.26051059, 0.31851155, 0.34653541, 0.34816757, 0.34957641, 0.34941441, 0.34931773, 0.34929705, 0.55708051E-1
0.94274715E-1, 0.17238267, 0.51719971E-1, 0.0000000, 0.0000000, 0.87702274, 6.3733292, 9.6915522, 9.8303032, 19.906122, 19.877232, 19.862270, 19.859299, 0.24999981, 0.24998917, 0.25876653, 0.31372792, 0.34691143, 0.34830165, 0.34953061, 0.34938616, 0.34931135, 0.34929651, 0.51719971E-1
0.16737829, 1.0000000, 0.31658798, 2.6630192, 2.1340907, 4.7617478, 9.4601698, 9.7841997, 9.8680134, 19.898787, 19.873030, 19.861412, 19.859299, 0.27662981, 0.27134073, 0.29761729, 0.34460160, 0.34784198, 0.34868014, 0.34949392, 0.34936514, 0.34930706, 0.34929651, 0.31658798
0.15365721, 0.88949090, 0.26687396, 2.0579040, 1.8288642, 4.0357566, 9.6525764, 9.7886448, 9.8715315, 19.890341, 19.869316, 19.860687, 19.859222, 0.27057904, 0.26828864, 0.29035756, 0.34652576, 0.34788644, 0.34871531, 0.34945172, 0.34934658, 0.34930342, 0.34929612, 0.26687396
0.14196962, 0.74835044, 0.22452760, 1.5431225, 1.5466392, 3.4880471, 9.6779861, 9.7880955, 9.8709440, 19.883078, 19.866444, 19.860136, 19.859194, 0.26543123, 0.26546639, 0.28488046, 0.34677985, 0.34788096, 0.34870943, 0.34941539, 0.34933221, 0.34930068, 0.34929597, 0.22452760
0.12938732, 0.59640551, 0.17893955, 1.0011554, 1.2108594, 2.9605122, 9.5228539, 9.7660761, 9.8612700, 19.877100, 19.864298, 19.859760, 19.859163, 0.26001155, 0.26210859, 0.27960512, 0.34522855, 0.34766075, 0.34861270, 0.34938550, 0.34932148, 0.34929880, 0.34929582, 0.17893955
0.11831360, 0.46267837, 0.13881740, 0.52911639, 0.88045299, 2.5997190, 9.1370411, 9.7453728, 9.8504257, 19.871353, 19.862431, 19.859489, 19.859116, 0.25529096, 0.25880432, 0.27599689, 0.34137020, 0.34745359, 0.34850422, 0.34935677, 0.34931216, 0.34929746, 0.34929559, 0.13881740
0.10975055, 0.35927024, 0.10779186, 0.21294653, 0.60196817, 2.2331059, 8.6969604, 9.7244787, 9.8397036, 19.867031, 19.861135, 19.859299, 19.859076, 0.25212893, 0.25601876, 0.27232933, 0.33696827, 0.34724405, 0.34839681, 0.34933516, 0.34930569, 0.34929651, 0.34929538, 0.10779186
0.14883041, 0.83120191, 0.24938552, 1.7558932, 1.8548071, 3.8555250, 9.5193605, 9.7626982, 9.8523788, 19.864012, 19.860275, 19.859180, 19.859051, 0.26755711, 0.26854691, 0.28855407, 0.34519300, 0.34762669, 0.34852371, 0.34932005, 0.34930137, 0.34929591, 0.34929526, 0.24938552
0.14160657, 0.74396640, 0.22321224, 1.4829367, 1.6829520, 3.3282998, 9.6781054, 9.7908859, 9.8633347, 19.862402, 19.859804, 19.859144, 19.859045, 0.26482937, 0.26682952, 0.28328300, 0.34678105, 0.34790885, 0.34863335, 0.34931201, 0.34929901, 0.34929574, 0.34929523, 0.22321224
0.13274162, 0.63691235, 0.19109282, 1.1073142, 1.4337033, 2.9620557, 9.5772800, 9.7862816, 9.8617811, 19.860477, 19.859346, 19.859064, 19.859022, 0.26106662, 0.26433197, 0.27961531, 0.34576941, 0.34786108, 0.34861723, 0.34930238, 0.34929675, 0.34929532, 0.34929511, 0.19109282
0.12402302, 0.53162581, 0.15950370, 0.73238015, 1.1621565, 2.7063787, 9.2920618, 9.7738523, 9.8564873, 19.858614, 19.858915, 19.858952, 19.858986, 0.25731963, 0.26161760, 0.27705917, 0.34291741, 0.34773687, 0.34856430, 0.34929305, 0.34929457, 0.34929475, 0.34929493, 0.15950370
0.11544673, 0.42805785, 0.12843020, 0.37754476, 0.88576674, 2.4348199, 8.9741802, 9.7600670, 9.8499060, 19.856468, 19.858349, 19.858786, 19.858940, 0.25377309, 0.25885433, 0.27434364, 0.33973843, 0.34759882, 0.34849843, 0.34928232, 0.34929174, 0.34929392, 0.34929469, 0.12843020
0.10841154, 0.34310025, 0.10294037, 0.11675060, 0.64292550, 2.1620572, 8.6260900, 9.7470379, 9.8438568, 19.855005, 19.857952, 19.858662, 19.858904, 0.25116605, 0.25642443, 0.27161244, 0.33625442, 0.34746671, 0.34843734, 0.34927502, 0.34928977, 0.34929329, 0.34929451, 0.10294037
0.10341909, 0.28281096, 0.84851772E-1, 0.0000000, 0.41863322, 1.8740803, 8.2291994, 9.7303133, 9.8362675, 19.853743, 19.857590, 19.858566, 19.858856, 0.24998569, 0.25418359, 0.26873463, 0.33228657, 0.34729993, 0.34836161, 0.34926870, 0.34928796, 0.34929281, 0.34929428, 0.84851772E-1
0.10050313, 0.24759762, 0.74286714E-1, 0.0000000, 0.24485588, 1.6027033, 7.8060308, 9.7165346, 9.8300457, 19.853006, 19.857386, 19.858503, 19.858828, 0.24998569, 0.25244775, 0.26602438, 0.32805774, 0.34716374, 0.34829992, 0.34926504, 0.34928691, 0.34929252, 0.34929413, 0.74286714E-1
0.97643048E-1, 0.21305896, 0.63924082E-1, 0.0000000, 0.10062158, 1.3061821, 7.2929869, 9.6899881, 9.8184948, 19.852512, 19.857227, 19.858509, 19.858828, 0.24998569, 0.25100556, 0.26305747, 0.32292500, 0.34689665, 0.34818384, 0.34926257, 0.34928614, 0.34929255, 0.34929413, 0.63924082E-1
0.95568396E-1, 0.18800534, 0.56407243E-1, 0.0000000, 0.12952089E-1, 1.0781318, 6.8032036, 9.6886549, 9.8169212, 19.852476, 19.857227, 19.858521, 19.858828, 0.24998569, 0.25012946, 0.26077926, 0.31802943, 0.34688470, 0.34816858, 0.34926239, 0.34928614, 0.34929261, 0.34929413, 0.56407243E-1
0.94347432E-1, 0.17326087, 0.51983461E-1, 0.0000000, 0.0000000, 0.90054274, 6.3428569, 9.6954184, 9.8193998, 19.852936, 19.857359, 19.858566, 19.858828, 0.24998569, 0.24999832, 0.25900254, 0.31342450, 0.34695104, 0.34819296, 0.34926468, 0.34928679, 0.34929281, 0.34929413, 0.51983461E-1
0.93414009E-1, 0.16198872, 0.48601478E-1, 0.0000000, 0.0000000, 0.75442195, 5.9412341, 9.7055931, 9.8235865, 19.852648, 19.857281, 19.858521, 19.858828, 0.24998569, 0.24999832, 0.25754023, 0.30940604, 0.34705079, 0.34823415, 0.34926325, 0.34928641, 0.34929261, 0.34929413, 0.48601478E-1
0.92537075E-1, 0.15139881, 0.45424186E-1, 0.0000000, 0.0000000, 0.62494278, 5.5319982, 9.7012110, 9.8224697, 19.852959, 19.857376, 19.858555, 19.858828, 0.24998569, 0.24999832, 0.25624549, 0.30531302, 0.34700602, 0.34822264, 0.34926480, 0.34928688, 0.34929278, 0.34929413, 0.45424186E-1
0.91959566E-1, 0.14442478, 0.43331768E-1, 0.0000000, 0.0000000, 0.54965913, 5.1978941, 9.7214622, 9.8311510, 19.854021, 19.857658, 19.858566, 19.858828, 0.24998569, 0.24999832, 0.25549465, 0.30197528, 0.34721121, 0.34831035, 0.34927011, 0.34928828, 0.34929281, 0.34929413, 0.43331768E-1
0.91110229E-1, 0.13416813, 0.40254466E-1, 0.0000000, 0.0000000, 0.42815804, 4.7955174, 9.6958866, 9.8211641, 19.853365, 19.857458, 19.858509, 19.858828, 0.24998569, 0.24999832, 0.25427809, 0.29794741, 0.34695101, 0.34820899, 0.34926683, 0.34928730, 0.34929255, 0.34929413, 0.40254466E-1
0.90544477E-1, 0.12733604, 0.38204633E-1, 0.0000000, 0.0000000, 0.35378039, 4.4682918, 9.7225409, 9.8307915, 19.853249, 19.857416, 19.858534, 19.858828, 0.24998569, 0.24999832, 0.25353554, 0.29467720, 0.34721917, 0.34830582, 0.34926623, 0.34928709, 0.34929267, 0.34929413, 0.38204633E-1
0.89707926E-1, 0.11723381, 0.35173662E-1, 0.0000000, 0.0000000, 0.24004877, 4.0503836, 9.6800241, 9.8140869, 19.852011, 19.857103, 19.858423, 19.858805, 0.24998569, 0.24999832, 0.25239882, 0.29049823, 0.34679356, 0.34813860, 0.34926006, 0.34928551, 0.34929210, 0.34929401, 0.35173662E-1
0.88968113E-1, 0.10829971, 0.32493163E-1, 0.0000000, 0.0000000, 0.15164912, 3.6063514, 9.6686077, 9.8078346, 19.851397, 19.856915, 19.858355, 19.858805, 0.24998569, 0.24999832, 0.25151461, 0.28605467, 0.34667417, 0.34807432, 0.34925699, 0.34928459, 0.34929177, 0.34929401, 0.32493163E-1
0.88294014E-1, 0.10015924, 0.30050777E-1, 0.0000000, 0.0000000, 0.85586309E-1, 3.1324472, 9.6517563, 9.8000622, 19.851419, 19.856915, 19.858366, 19.858805, 0.24998569, 0.24999832, 0.25085443, 0.28131393, 0.34650129, 0.34799510, 0.34925711, 0.34928459, 0.34929183, 0.34929401, 0.30050777E-1
0.87663949E-1, 0.92550561E-1, 0.27767945E-1, 0.0000000, 0.0000000, 0.23251772E-1, 2.8328419, 9.3565903, 9.7826786, 19.851126, 19.856833, 19.858349, 19.858805, 0.24998569, 0.24999832, 0.25023216, 0.27831966, 0.34355146, 0.34782174, 0.34925562, 0.34928417, 0.34929174, 0.34929401, 0.27767945E-1
0.87253809E-1, 0.87597616E-1, 0.26281914E-1, 0.0000000, 0.0000000, 0.0000000, 2.6527019, 8.9592419, 9.7776537, 19.851133, 19.856844, 19.858355, 19.858805, 0.24998569, 0.24999832, 0.24999671, 0.27652037, 0.33958119, 0.34777245, 0.34925568, 0.34928423, 0.34929177, 0.34929401, 0.26281914E-1
0.86913861E-1, 0.83492443E-1, 0.25050238E-1, 0.0000000, 0.0000000, 0.0000000, 2.4589629, 8.5280552, 9.7681122, 19.850788, 19.856750, 19.858335, 19.858805, 0.24998569, 0.24999832, 0.24999671, 0.27458492, 0.33527240, 0.34767801, 0.34925395, 0.34928375, 0.34929168, 0.34929401, 0.25050238E-1
0.86586528E-1, 0.79539455E-1, 0.23864225E-1, 0.0000000, 0.0000000, 0.0000000, 2.2754490, 8.1073875, 9.7644444, 19.850122, 19.856564, 19.858288, 19.858805, 0.24998569, 0.24999832, 0.24999671, 0.27274549, 0.33105785, 0.34763801, 0.34925061, 0.34928280, 0.34929144, 0.34929401, 0.23864225E-1
0.86286798E-1, 0.75919941E-1, 0.22778260E-1, 0.0000000, 0.0000000, 0.0000000, 2.1108449, 7.7129369, 9.7668762, 19.849617, 19.856441, 19.858250, 19.858805, 0.24998569, 0.24999832, 0.24999671, 0.27109683, 0.32710814, 0.34765980, 0.34924808, 0.34928221, 0.34929127, 0.34929401, 0.22778260E-1
0.85989326E-1, 0.72327614E-1, 0.21700455E-1, 0.0000000, 0.0000000, 0.0000000, 1.9493371, 7.3160148, 9.7646713, 19.849262, 19.856348, 19.858213, 19.858805, 0.24998569, 0.24999832, 0.24999671, 0.26948708, 0.32314837, 0.34764147, 0.34924632, 0.34928173, 0.34929106, 0.34929401, 0.21700455E-1
0.85712098E-1, 0.68979822E-1, 0.20696016E-1, 0.0000000, 0.0000000, 0.0000000, 1.8017381, 6.9412918, 9.7660828, 19.848896, 19.856232, 19.858189, 19.858805, 0.24998569, 0.24999832, 0.24999671, 0.26801080, 0.31940022, 0.34765488, 0.34924448, 0.34928116, 0.34929094, 0.34929401, 0.20696016E-1
0.85419104E-1, 0.65441556E-1, 0.19634431E-1, 0.0000000, 0.0000000, 0.0000000, 1.6466469, 6.5467582, 9.7590761, 19.848251, 19.856054, 19.858166, 19.858805, 0.24998569, 0.24999832, 0.24999671, 0.26645845, 0.31545168, 0.34758285, 0.34924126, 0.34928027, 0.34929082, 0.34929401, 0.19634431E-1
0.85139103E-1, 0.62060270E-1, 0.18619943E-1, 0.0000000, 0.0000000, 0.0000000, 1.5028477, 6.1580195, 9.7566023, 19.848001, 19.855997, 19.858166, 19.858805, 0.24998569, 0.24999832, 0.24999671, 0.26502255, 0.31156799, 0.34755957, 0.34924001, 0.34928000, 0.34929082, 0.34929401, 0.18619943E-1
0.84859267E-1, 0.58680952E-1, 0.17606046E-1, 0.0000000, 0.0000000, 0.0000000, 1.3626188, 5.7636480, 9.7514143, 19.847866, 19.855967, 19.858154, 19.858805, 0.24998569, 0.24999832, 0.24999671, 0.26362178, 0.30762711, 0.34750888, 0.34923932, 0.34927982, 0.34929079, 0.34929401, 0.17606046E-1
0.84579378E-1, 0.55301014E-1, 0.16591964E-1, 0.0000000, 0.0000000, 0.0000000, 1.2293518, 5.3561854, 9.7444649, 19.848337, 19.856079, 19.858183, 19.858805, 0.24998569, 0.24999832, 0.24999671, 0.26228976, 0.30355367, 0.34743968, 0.34924167, 0.34928039, 0.34929091, 0.34929401, 0.16591964E-1
0.84386230E-1, 0.52968517E-1, 0.15892144E-1, 0.0000000, 0.0000000, 0.0000000, 1.1465728, 5.0471597, 9.7648382, 19.849787, 19.856466, 19.858250, 19.858805, 0.24998569, 0.24999832, 0.24999671, 0.26146469, 0.30046928, 0.34764689, 0.34924895, 0.34928232, 0.34929127, 0.34929401, 0.15892144E-1
0.84168434E-1, 0.50338358E-1, 0.15103018E-1, 0.0000000, 0.0000000, 0.0000000, 1.0491222, 4.7174821, 9.7590408, 19.850388, 19.856596, 19.858294, 19.858805, 0.24998569, 0.24999832, 0.24999671, 0.26049110, 0.29717451, 0.34759021, 0.34925193, 0.34928298, 0.34929147, 0.34929401, 0.15103018E-1
0.83932862E-1, 0.47493633E-1, 0.14249515E-1, 0.0000000, 0.0000000, 0.0000000, 0.93951523, 4.3727860, 9.7517319, 19.849586, 19.856396, 19.858225, 19.858805, 0.24998569, 0.24999832, 0.24999671, 0.25938961, 0.29371497, 0.34750772, 0.34924793, 0.34928197, 0.34929112, 0.34929401, 0.14249515E-1
0.83655290E-1, 0.44141598E-1, 0.13243804E-1, 0.0000000, 0.0000000, 0.0000000, 0.81911087, 3.9498518, 9.7247581, 19.849691, 19.856421, 19.858231, 19.858805, 0.24998569, 0.24999832, 0.24999671, 0.25819021, 0.28949633, 0.34724578, 0.34924847, 0.34928209, 0.34929115, 0.34929401, 0.13243804E-1
0.83386414E-1, 0.40894654E-1, 0.12269624E-1, 0.0000000, 0.0000000, 0.0000000, 0.71176887, 3.5186939, 9.7137632, 19.850180, 19.856537, 19.858273, 19.858805, 0.24998569, 0.24999832, 0.24999671, 0.25711691, 0.28518504, 0.34713587, 0.34925091, 0.34928268, 0.34929135, 0.34929401, 0.12269624E-1
0.83124802E-1, 0.37735414E-1, 0.11321757E-1, 0.0000000, 0.0000000, 0.0000000, 0.61092377, 3.0901451, 9.7079039, 19.850353, 19.856583, 19.858278, 19.858805, 0.24998569, 0.24999832, 0.24999671, 0.25610900, 0.28090090, 0.34707844, 0.34925178, 0.34928292, 0.34929138, 0.34929401, 0.11321757E-1
0.82963154E-1, 0.35783276E-1, 0.10736057E-1, 0.0000000, 0.0000000, 0.0000000, 0.53448975, 2.8846235, 9.6116610, 19.849829, 19.856466, 19.858236, 19.858805, 0.24998569, 0.24999832, 0.24999671, 0.25534469, 0.27884567, 0.34611598, 0.34924915, 0.34928232, 0.34929118, 0.34929401, 0.10736057E-1
0.82820967E-1, 0.34066260E-1, 0.10220900E-1, 0.0000000, 0.0000000, 0.0000000, 0.45658350, 2.7529092, 9.4481869, 19.848696, 19.856161, 19.858183, 19.858805, 0.24998569, 0.24999832, 0.24999671, 0.25456333, 0.27752158, 0.34447327, 0.34924346, 0.34928080, 0.34929091, 0.34929401, 0.10220900E-1
0.82672410E-1, 0.32272238E-1, 0.96826395E-2, 0.0000000, 0.0000000, 0.0000000, 0.38010478, 2.6081562, 9.2647390, 19.847954, 19.855984, 19.858143, 19.858805, 0.24998569, 0.24999832, 0.24999671, 0.25379881, 0.27607387, 0.34263828, 0.34923977, 0.34927991, 0.34929073, 0.34929401, 0.96826395E-2
0.82500748E-1, 0.30199312E-1, 0.90606995E-2, 0.0000000, 0.0000000, 0.0000000, 0.29778481, 2.4328649, 9.0395660, 19.847094, 19.855761, 19.858095, 19.858805, 0.24998569, 0.24999832, 0.24999671, 0.25297636, 0.27432257, 0.34038812, 0.34923548, 0.34927881, 0.34929049, 0.34929401, 0.90606995E-2
0.82320184E-1, 0.28018769E-1, 0.84064715E-2, 0.0000000, 0.0000000, 0.0000000, 0.22059381, 2.2381754, 8.7792978, 19.846617, 19.855619, 19.858095, 19.858768, 0.24998569, 0.24999832, 0.24999671, 0.25220433, 0.27237368, 0.33778241, 0.34923309, 0.34927809, 0.34929049, 0.34929383, 0.84064715E-2
0.82167640E-1, 0.26176643E-1, 0.78537781E-2, 0.0000000, 0.0000000, 0.0000000, 0.16491115, 2.0642014, 8.5298471, 19.847214, 19.855797, 19.858154, 19.858757, 0.24998569, 0.24999832, 0.24999671, 0.25164780, 0.27063385, 0.33528721, 0.34923607, 0.34927899, 0.34929079, 0.34929377, 0.78537781E-2
0.82042664E-1, 0.24667438E-1, 0.74009718E-2, 0.0000000, 0.0000000, 0.0000000, 0.12106597, 1.9211620, 8.3124304, 19.847818, 19.855967, 19.858183, 19.858757, 0.24998569, 0.24999832, 0.24999671, 0.25121057, 0.26921090, 0.33312330, 0.34923908, 0.34927982, 0.34929091, 0.34929377, 0.74009718E-2
0.81899546E-1, 0.22939131E-1, 0.68824277E-2, 0.0000000, 0.0000000, 0.0000000, 0.70175529E-1, 1.7603368, 8.0645580, 19.847366, 19.855862, 19.858154, 19.858757, 0.24998569, 0.24999832, 0.24999671, 0.25070149, 0.26759982, 0.33064017, 0.34923685, 0.34927931, 0.34929079, 0.34929377, 0.68824277E-2
0.81785657E-1, 0.21563735E-1, 0.64697675E-2, 0.0000000, 0.0000000, 0.0000000, 0.28428435E-1, 1.6367912, 7.8629079, 19.847071, 19.855787, 19.858131, 19.858757, 0.24998569, 0.24999832, 0.24999671, 0.25028399, 0.26635891, 0.32861468, 0.34923536, 0.34927893, 0.34929067, 0.34929377, 0.64697675E-2
0.81669770E-1, 0.20164287E-1, 0.60498910E-2, 0.0000000, 0.0000000, 0.0000000, 0.0000000, 1.4942497, 7.6198483, 19.847025, 19.855766, 19.858131, 19.858757, 0.24998569, 0.24999832, 0.24999671, 0.24999976, 0.26493651, 0.32618830, 0.34923512, 0.34927884, 0.34929067, 0.34929377, 0.60498910E-2
0.81604332E-1, 0.19374069E-1, 0.58128019E-2, 0.0000000, 0.0000000, 0.0000000, 0.0000000, 1.3942420, 7.4467926, 19.845926, 19.855465, 19.858061, 19.858757, 0.24998569, 0.24999832, 0.24999671, 0.24999976, 0.26393422, 0.32445335, 0.34922963, 0.34927732, 0.34929031, 0.34929377, 0.58128019E-2
0.81535585E-1, 0.18543895E-1, 0.55637248E-2, 0.0000000, 0.0000000, 0.0000000, 0.0000000, 1.2904197, 7.2591224, 19.845209, 19.855284, 19.858047, 19.858757, 0.24998569, 0.24999832, 0.24999671, 0.24999976, 0.26289818, 0.32257995, 0.34922606, 0.34927642, 0.34929025, 0.34929377, 0.55637248E-2
0.81446014E-1, 0.17462177E-1, 0.52391770E-2, 0.0000000, 0.0000000, 0.0000000, 0.0000000, 1.1581630, 7.0050464, 19.844879, 19.855190, 19.858047, 19.858757, 0.24998569, 0.24999832, 0.24999671, 0.24999976, 0.26157928, 0.32004571, 0.34922439, 0.34927595, 0.34929025, 0.34929377, 0.52391770E-2
0.81360623E-1, 0.16431024E-1, 0.49298005E-2, 0.0000000, 0.0000000, 0.0000000, 0.0000000, 1.0351866, 6.7554898, 19.844465, 19.855089, 19.858042, 19.858757, 0.24998569, 0.24999832, 0.24999671, 0.24999976, 0.26034907, 0.31754881, 0.34922233, 0.34927544, 0.34929019, 0.34929377, 0.49298005E-2
0.81300877E-1, 0.15709540E-1, 0.47133332E-2, 0.0000000, 0.0000000, 0.0000000, 0.0000000, 0.94905198, 6.5825186, 19.843225, 19.854782, 19.857954, 19.858757, 0.24998569, 0.24999832, 0.24999671, 0.24999976, 0.25948486, 0.31581208, 0.34921613, 0.34927392, 0.34928977, 0.34929377, 0.47133332E-2
0.81218176E-1, 0.14710778E-1, 0.44136751E-2, 0.0000000, 0.0000000, 0.0000000, 0.0000000, 0.83032548, 6.3437638, 19.840275, 19.853996, 19.857756, 19.858709, 0.24998569, 0.24999832, 0.24999671, 0.24999976, 0.25828710, 0.31341219, 0.34920067, 0.34926981, 0.34928870, 0.34929353, 0.44136751E-2
0.81130728E-1, 0.13654794E-1, 0.40968480E-2, 0.0000000, 0.0000000, 0.0000000, 0.0000000, 0.70664585, 6.0779610, 19.837431, 19.853226, 19.857534, 19.858675, 0.24998569, 0.24999832, 0.24999671, 0.24999976, 0.25705814, 0.31076252, 0.34918690, 0.34926605, 0.34928766, 0.34929338, 0.40968480E-2
0.81044465E-1, 0.12613068E-1, 0.37842991E-2, 0.0000000, 0.0000000, 0.0000000, 0.0000000, 0.58931410, 5.8086495, 19.834909, 19.852524, 19.857347, 19.858683, 0.24998569, 0.24999832, 0.24999671, 0.24999976, 0.25587687, 0.30805537, 0.34917381, 0.34926242, 0.34928668, 0.34929341, 0.37842991E-2
0.80945060E-1, 0.11412622E-1, 0.34241292E-2, 0.0000000, 0.0000000, 0.0000000, 0.0000000, 0.45753419, 5.4859209, 19.831125, 19.851480, 19.857090, 19.858622, 0.24998569, 0.24999832, 0.24999671, 0.24999976, 0.25455469, 0.30481851, 0.34915453, 0.34925711, 0.34928536, 0.34929308, 0.34241292E-2
0.80856763E-1, 0.10346387E-1, 0.31042264E-2, 0.0000000, 0.0000000, 0.0000000, 0.0000000, 0.34712851, 5.1746540, 19.829243, 19.850925, 19.856955, 19.858610, 0.24998569, 0.24999832, 0.24999671, 0.24999976, 0.25345618, 0.30171600, 0.34914529, 0.34925440, 0.34928471, 0.34929302, 0.31042264E-2
0.80779754E-1, 0.94163781E-2, 0.28251961E-2, 0.0000000, 0.0000000, 0.0000000, 0.0000000, 0.25855601, 4.8797793, 19.829147, 19.850857, 19.856960, 19.858616, 0.24998569, 0.24999832, 0.24999671, 0.24999976, 0.25257638, 0.29877478, 0.34914517, 0.34925413, 0.34928477, 0.34929308, 0.28251961E-2
0.80714859E-1, 0.86326953E-2, 0.25900677E-2, 0.0000000, 0.0000000, 0.0000000, 0.0000000, 0.19319952, 4.6025028, 19.831114, 19.851353, 19.857111, 19.858652, 0.24998569, 0.24999832, 0.24999671, 0.24999976, 0.25193021, 0.29601073, 0.34915558, 0.34925675, 0.34928554, 0.34929326, 0.25900677E-2
0.80640197E-1, 0.77311071E-2, 0.23195641E-2, 0.0000000, 0.0000000, 0.0000000, 0.0000000, 0.12949407, 4.2515273, 19.832872, 19.851824, 19.857248, 19.858692, 0.24998569, 0.24999832, 0.24999671, 0.24999976, 0.25129431, 0.29250833, 0.34916437, 0.34925911, 0.34928626, 0.34929347, 0.23195641E-2
0.80572382E-1, 0.69121118E-2, 0.20738409E-2, 0.0000000, 0.0000000, 0.0000000, 0.0000000, 0.78830123E-1, 3.9127171, 19.834509, 19.852293, 19.857355, 19.858698, 0.24998569, 0.24999832, 0.24999671, 0.24999976, 0.25078753, 0.28911424, 0.34917253, 0.34926146, 0.34928676, 0.34929350, 0.20738409E-2
0.80507278E-1, 0.61259703E-2, 0.18379749E-2, 0.0000000, 0.0000000, 0.0000000, 0.0000000, 0.39485097E-1, 3.5596678, 19.836367, 19.852791, 19.857479, 19.858709, 0.24998569, 0.24999832, 0.24999671, 0.24999976, 0.25039420, 0.28557691, 0.34918183, 0.34926397, 0.34928739, 0.34929353, 0.18379749E-2
0.80453403E-1, 0.54753907E-2, 0.16427815E-2, 0.0000000, 0.0000000, 0.0000000, 0.0000000, 0.16972423E-1, 3.2350004, 19.839214, 19.853586, 19.857685, 19.858709, 0.24998569, 0.24999832, 0.24999671, 0.24999976, 0.25016966, 0.28234664, 0.34919608, 0.34926793, 0.34928843, 0.34929353, 0.16427815E-2
0.80397375E-1, 0.47987923E-2, 0.14397816E-2, 0.0000000, 0.0000000, 0.0000000, 0.0000000, 0.0000000, 2.8799505, 19.827671, 19.853968, 19.857744, 19.858709, 0.24998569, 0.24999832, 0.24999671, 0.24999976, 0.24999990, 0.27879563, 0.34913835, 0.34926984, 0.34928873, 0.34929353, 0.14397816E-2
0.80375053E-1, 0.45292173E-2, 0.13589010E-2, 0.0000000, 0.0000000, 0.0000000, 0.0000000, 0.0000000, 2.7188122, 19.800524, 19.854736, 19.857925, 19.858709, 0.24998569, 0.24999832, 0.24999671, 0.24999976, 0.24999990, 0.27717802, 0.34900263, 0.34927368, 0.34928963, 0.34929353, 0.13589010E-2
0.80358423E-1, 0.43283547E-2, 0.12986363E-2, 0.0000000, 0.0000000, 0.0000000, 0.0000000, 0.0000000, 2.5972724, 19.773340, 19.855244, 19.858072, 19.858709, 0.24977003, 0.24999832, 0.24999671, 0.24999976, 0.24999990, 0.27597272, 0.34886670, 0.34927621, 0.34929037, 0.34929353, 0.12986363E-2
0.80323294E-1, 0.39041261E-2, 0.11713550E-2, 0.0000000, 0.0000000, 0.0000000, 0.0000000, 0.0000000, 2.3439078, 19.746292, 19.855644, 19.858177, 19.858709, 0.24977003, 0.24999832, 0.24999671, 0.24999976, 0.24999990, 0.27342710, 0.34873146, 0.34927821, 0.34929088, 0.34929353, 0.11713550E-2
0.80277734E-1, 0.33539112E-2, 0.10062740E-2, 0.0000000, 0.0000000, 0.0000000, 0.0000000, 0.0000000, 2.0125480, 19.717913, 19.855619, 19.858143, 19.858709, 0.24977003, 0.24999832, 0.24999671, 0.24999976, 0.24999990, 0.27012548, 0.34858957, 0.34927809, 0.34929073, 0.34929353, 0.10062740E-2
0.81947014E-1, 0.23512343E-1, 0.70544085E-2, 0.12193024, 0.0000000, 0.0000000, 0.0000000, 0.0000000, 1.9522071, 19.690655, 19.855879, 19.858183, 19.858709, 0.25121567, 0.24999832, 0.24999671, 0.24999976, 0.24999990, 0.26952150, 0.34845328, 0.34927940, 0.34929091, 0.34929353, 0.70544085E-2
0.80251656E-1, 0.30390562E-2, 0.91180805E-3, 0.0000000, 0.0000000, 0.0000000, 0.0000000, 0.0000000, 1.8245965, 19.660650, 19.855431, 19.858061, 19.858709, 0.24992353, 0.24999832, 0.24999671, 0.24999976, 0.24999990, 0.26823616, 0.34830326, 0.34927714, 0.34929031, 0.34929353, 0.91180805E-3
0.80227636E-1, 0.27489993E-2, 0.82478230E-3, 0.0000000, 0.0000000, 0.0000000, 0.0000000, 0.0000000, 1.6506076, 19.632248, 19.855478, 19.858120, 19.858709, 0.24992353, 0.24999832, 0.24999671, 0.24999976, 0.24999990, 0.26649565, 0.34816125, 0.34927738, 0.34929061, 0.34929353, 0.82478230E-3
0.80202319E-1, 0.24432731E-2, 0.73305523E-3, 0.0000000, 0.0000000, 0.0000000, 0.0000000, 0.0000000, 1.4664710, 19.602789, 19.855259, 19.858047, 19.858709, 0.24992353, 0.24999832, 0.24999671, 0.24999976, 0.24999990, 0.26466110, 0.34801394, 0.34927630, 0.34929025, 0.34929353, 0.73305523E-3
0.80173887E-1, 0.20999401E-2, 0.63004502E-3, 0.0000000, 0.0000000, 0.0000000, 0.0000000, 0.0000000, 1.2605280, 19.574848, 19.855478, 19.858120, 19.858709, 0.24992353, 0.24999832, 0.24999671, 0.24999976, 0.24999990, 0.26260090, 0.34787422, 0.34927738, 0.34929061, 0.34929353, 0.63004502E-3
0.80151990E-1, 0.18354360E-2, 0.55068586E-3, 0.0000000, 0.0000000, 0.0000000, 0.0000000, 0.0000000, 1.1014611, 19.547369, 19.855703, 19.858166, 19.858709, 0.24992353, 0.24999832, 0.24999671, 0.24999976, 0.24999990, 0.26101372, 0.34773684, 0.34927851, 0.34929082, 0.34929353, 0.55068586E-3
0.80122538E-1, 0.14798255E-2, 0.44399206E-3, 0.0000000, 0.0000000, 0.0000000, 0.0000000, 0.0000000, 0.88809729, 19.520330, 19.855986, 19.858189, 19.858709, 0.24992353, 0.24999832, 0.24999671, 0.24999976, 0.24999990, 0.25887984, 0.34760165, 0.34927994, 0.34929094, 0.34929353, 0.44399206E-3
0.80099188E-1, 0.11978294E-2, 0.35938475E-3, 0.0000000, 0.0000000, 0.0000000, 0.0000000, 0.0000000, 0.71876943, 19.489756, 19.855358, 19.857979, 19.858704, 0.24992353, 0.24999832, 0.24999671, 0.24999976, 0.24999990, 0.25718769, 0.34744877, 0.34927678, 0.34928989, 0.34929353, 0.35938475E-3
0.80071472E-1, 0.86313300E-3, 0.25896580E-3, 0.0000000, 0.0000000, 0.0000000, 0.0000000, 0.0000000, 0.51924884, 19.456427, 19.854298, 19.857723, 19.858664, 0.24992353, 0.24999832, 0.24999671, 0.24999976, 0.24999990, 0.25517932, 0.34728187, 0.34927142, 0.34928858, 0.34929332, 0.25896580E-3
0.80038659E-1, 0.46684645E-3, 0.14006795E-3, 0.0000000, 0.0000000, 0.0000000, 0.0000000, 0.0000000, 0.28132796, 19.424437, 19.853878, 19.857607, 19.858688, 0.24992353, 0.24999832, 0.24999671, 0.24999976, 0.24999990, 0.25280136, 0.34712210, 0.34926936, 0.34928805, 0.34929344, 0.14006795E-3
0.80287389E-1, 0.34705356E-2, 0.10412649E-2, 0.19329786E-1, 0.0000000, 0.0000000, 0.0000000, 0.0000000, 0.25369823, 19.395714, 19.854300, 19.857759, 19.858709, 0.25018290, 0.24999832, 0.24999671, 0.24999976, 0.24999990, 0.25253561, 0.34697857, 0.34927151, 0.34928879, 0.34929353, 0.10412649E-2
0.88429213E-1, 0.10179193, 0.30540634E-1, 0.60899556, 0.0000000, 0.0000000, 0.0000000, 0.0000000, 0.24042130, 19.365786, 19.854345, 19.857744, 19.858709, 0.25608408, 0.24999832, 0.24999671, 0.24999976, 0.24999990, 0.25240418, 0.34682894, 0.34927171, 0.34928873, 0.34929353, 0.30540634E-1
0.80023430E-1, 0.28292491E-3, 0.84885964E-4, 0.0000000, 0.0000000, 0.0000000, 0.0000000, 0.0000000, 0.17021894, 19.332363, 19.853596, 19.857553, 19.858669, 0.24975266, 0.24999832, 0.24999671, 0.24999976, 0.24999990, 0.25169772, 0.34666181, 0.34926799, 0.34928778, 0.34929335, 0.84885964E-4
0.79999998E-1, 0.0000000, 0.0000000, 0.0000000, 0.0000000, 0.0000000, 0.0000000, 0.0000000, 0.0000000, 19.301092, 19.853550, 19.857573, 19.858692, 0.24975266, 0.24999832, 0.24999671, 0.24999976, 0.24999990, 0.25000000, 0.34650546, 0.34926775, 0.34928787, 0.34929347, 0.0000000
0.79999998E-1, 0.0000000, 0.0000000, 0.0000000, 0.0000000, 0.0000000, 0.0000000, 0.0000000, 0.0000000, 19.273878, 19.854416, 19.857819, 19.858709, 0.24975266, 0.24999832, 0.24999671, 0.24999976, 0.24999990, 0.25000000, 0.34636939, 0.34927207, 0.34928909, 0.34929353, 0.0000000
0.79999998E-1, 0.0000000, 0.0000000, 0.0000000, 0.0000000, 0.0000000, 0.0000000, 0.0000000, 0.0000000, 19.243874, 19.854416, 19.857801, 19.858709, 0.24975266, 0.24999832, 0.24999671, 0.24999976, 0.24999990, 0.25000000, 0.34621936, 0.34927207, 0.34928900, 0.34929353, 0.0000000
0.79999998E-1, 0.0000000, 0.0000000, 0.0000000, 0.0000000, 0.0000000, 0.0000000, 0.0000000, 0.0000000, 19.213520, 19.854347, 19.857759, 19.858709, 0.24975266, 0.24999832, 0.24999671, 0.24999976, 0.24999990, 0.25000000, 0.34606761, 0.34927174, 0.34928879, 0.34929353, 0.0000000
0.79999998E-1, 0.0000000, 0.0000000, 0.0000000, 0.0000000, 0.0000000, 0.0000000, 0.0000000, 0.0000000, 19.184437, 19.854557, 19.857807, 19.858709, 0.24975266, 0.24999832, 0.24999671, 0.24999976, 0.24999990, 0.25000000, 0.34592217, 0.34927279, 0.34928903, 0.34929353, 0.0000000
0.79999998E-1, 0.0000000, 0.0000000, 0.0000000, 0.0000000, 0.0000000, 0.0000000, 0.0000000, 0.0000000, 19.156309, 19.854912, 19.857901, 19.858709, 0.24975266, 0.24999832, 0.24999671, 0.24999976, 0.24999990, 0.25000000, 0.34578153, 0.34927458, 0.34928951, 0.34929353, 0.0000000
0.85003167E-1, 0.60418669E-1, 0.18127413E-1, 0.36313534, 0.0000000, 0.0000000, 0.0000000, 0.0000000, 0.0000000, 19.129578, 19.855490, 19.858072, 19.858709, 0.25362548, 0.24999832, 0.24999671, 0.24999976, 0.24999990, 0.25000000, 0.34564787, 0.34927744, 0.34929037, 0.34929353, 0.18127413E-1
0.79999998E-1, 0.0000000, 0.0000000, 0.0000000, 0.0000000, 0.0000000, 0.0000000, 0.0000000, 0.0000000, 19.096279, 19.854446, 19.857811, 19.858658, 0.24978329, 0.24999832, 0.24999671, 0.24999976, 0.24999990, 0.25000000, 0.34548140, 0.34927222, 0.34928906, 0.34929329, 0.0000000
0.79999998E-1, 0.0000000, 0.0000000, 0.0000000, 0.0000000, 0.0000000, 0.0000000, 0.0000000, 0.0000000, 19.068487, 19.854923, 19.857931, 19.858709, 0.24978329, 0.24999832, 0.24999671, 0.24999976, 0.24999990, 0.25000000, 0.34534243, 0.34927461, 0.34928966, 0.34929353, 0.0000000
0.79999998E-1, 0.0000000, 0.0000000, 0.0000000, 0.0000000, 0.0000000, 0.0000000, 0.0000000, 0.0000000, 19.038374, 19.854740, 19.857889, 19.858704, 0.24978329, 0.24999832, 0.24999671, 0.24999976, 0.24999990, 0.25000000, 0.34519187, 0.34927371, 0.34928945, 0.34929353, 0.0000000
0.79999998E-1, 0.0000000, 0.0000000, 0.0000000, 0.0000000, 0.0000000, 0.0000000, 0.0000000, 0.0000000, 19.007206, 19.854368, 19.857779, 19.858698, 0.24978329, 0.24999832, 0.24999671, 0.24999976, 0.24999990, 0.25000000, 0.34503603, 0.34927183, 0.34928888, 0.34929350, 0.0000000
0.79999998E-1, 0.0000000, 0.0000000, 0.0000000, 0.0000000, 0.0000000, 0.0000000, 0.0000000, 0.0000000, 18.972195, 19.853256, 19.857494, 19.858664, 0.24978329, 0.24999832, 0.24999671, 0.24999976, 0.24999990, 0.25000000, 0.34486026, 0.34926611, 0.34928742, 0.34929332, 0.0000000
0.79999998E-1, 0.0000000, 0.0000000, 0.0000000, 0.0000000, 0.0000000, 0.0000000, 0.0000000, 0.0000000, 18.938154, 19.852730, 19.857365, 19.858675, 0.24978329, 0.24999832, 0.24999671, 0.24999976, 0.24999990, 0.25000000, 0.34469077, 0.34926364, 0.34928682, 0.34929338, 0.0000000
0.79999998E-1, 0.0000000, 0.0000000, 0.0000000, 0.0000000, 0.0000000, 0.0000000, 0.0000000, 0.0000000, 18.908329, 19.853273, 19.857542, 19.858709, 0.24978329, 0.24999832, 0.24999671, 0.24999976, 0.24999990, 0.25000000, 0.34454164, 0.34926635, 0.34928772, 0.34929353, 0.0000000
0.79999998E-1, 0.0000000, 0.0000000, 0.0000000, 0.0000000, 0.0000000, 0.0000000, 0.0000000, 0.0000000, 18.874586, 19.852791, 19.857441, 19.858658, 0.24978329, 0.24999832, 0.24999671, 0.24999976, 0.24999990, 0.25000000, 0.34437293, 0.34926397, 0.34928721, 0.34929329, 0.0000000
0.79999998E-1, 0.0000000, 0.0000000, 0.0000000, 0.0000000, 0.0000000, 0.0000000, 0.0000000, 0.0000000, 18.844326, 19.853220, 19.857578, 19.858709, 0.24978329, 0.24999832, 0.24999671, 0.24999976, 0.24999990, 0.25000000, 0.34422162, 0.34926611, 0.34928790, 0.34929353, 0.0000000
0.95822379E-1, 0.19107240, 0.57327453E-1, 1.1467636, 0.0000000, 0.0000000, 0.0000000, 0.0000000, 0.0000000, 18.810404, 19.852701, 19.857460, 19.858664, 0.26146549, 0.24999832, 0.24999671, 0.24999976, 0.24999990, 0.25000000, 0.34405202, 0.34926349, 0.34928730, 0.34929332, 0.57327453E-1
0.81911258E-1, 0.23080586E-1, 0.69248681E-2, 0.15463531, 0.0000000, 0.0000000, 0.0000000, 0.0000000, 0.0000000, 18.774429, 19.851908, 19.857241, 19.858635, 0.25138497, 0.24999832, 0.24999671, 0.24999976, 0.24999990, 0.25000000, 0.34387118, 0.34925932, 0.34928614, 0.34929314, 0.69248681E-2
0.79999998E-1, 0.0000000, 0.0000000, 0.0000000, 0.0000000, 0.0000000, 0.0000000, 0.0000000, 0.0000000, 18.742918, 19.852371, 19.857325, 19.858683, 0.24997976, 0.24999832, 0.24999671, 0.24999976, 0.24999990, 0.25000000, 0.34371385, 0.34926167, 0.34928656, 0.34929341, 0.0000000
0.79999998E-1, 0.0000000, 0.0000000, 0.0000000, 0.0000000, 0.0000000, 0.0000000, 0.0000000, 0.0000000, 18.710819, 19.852547, 19.857349, 19.858704, 0.24997976, 0.24999832, 0.24999671, 0.24999976, 0.24999990, 0.25000000, 0.34355408, 0.34926274, 0.34928674, 0.34929353, 0.0000000
0.79999998E-1, 0.0000000, 0.0000000, 0.0000000, 0.0000000, 0.0000000, 0.0000000, 0.0000000, 0.0000000, 18.679094, 19.852730, 19.857388, 19.858688, 0.24997976, 0.24999832, 0.24999671, 0.24999976, 0.24999990, 0.25000000, 0.34339547, 0.34926364, 0.34928694, 0.34929344, 0.0000000
0.79999998E-1, 0.0000000, 0.0000000, 0.0000000, 0.0000000, 0.0000000, 0.0000000, 0.0000000, 0.0000000, 18.649185, 19.853273, 19.857561, 19.858709, 0.24997976, 0.24999832, 0.24999671, 0.24999976, 0.24999990, 0.25000000, 0.34324592, 0.34926635, 0.34928781, 0.34929353, 0.0000000
0.79999998E-1, 0.0000000, 0.0000000, 0.0000000, 0.0000000, 0.0000000, 0.0000000, 0.0000000, 0.0000000, 18.617422, 19.853237, 19.857553, 19.858683, 0.24997976, 0.24999832, 0.24999671, 0.24999976, 0.24999990, 0.25000000, 0.34308711, 0.34926617, 0.34928778, 0.34929341, 0.0000000
0.79999998E-1, 0.0000000, 0.0000000, 0.0000000, 0.0000000, 0.0000000, 0.0000000, 0.0000000, 0.0000000, 18.587673, 19.853662, 19.857666, 19.858709, 0.24997976, 0.24999832, 0.24999671, 0.24999976, 0.24999990, 0.25000000, 0.34293836, 0.34926832, 0.34928834, 0.34929353, 0.0000000
0.79999998E-1, 0.0000000, 0.0000000, 0.0000000, 0.0000000, 0.0000000, 0.0000000, 0.0000000, 0.0000000, 18.557034, 19.853750, 19.857685, 19.858704, 0.24997976, 0.24999832, 0.24999671, 0.24999976, 0.24999990, 0.25000000, 0.34278518, 0.34926873, 0.34928843, 0.34929353, 0.0000000
0.15303227, 0.88194412, 0.26460969, 2.8008521, 2.1138608, 2.9721112, 2.4935291, 5.2439198, 2.4461567, 18.527813, 19.854082, 19.857779, 19.858709, 0.27800852, 0.27113861, 0.27972111, 0.27493531, 0.30243921, 0.27446157, 0.34263906, 0.34927040, 0.34928888, 0.34929353, 0.26460969
0.13164732, 0.62369746, 0.18712795, 1.7456591, 1.5812457, 2.6749074, 2.3683996, 2.4302630, 4.2036505, 19.450613, 19.852779, 19.857418, 19.858635, 0.26737520, 0.26577085, 0.27672741, 0.27367330, 0.27429721, 0.29203370, 0.34725255, 0.34926379, 0.34928706, 0.34929317, 0.18712795
0.10716692, 0.32807010, 0.98430879E-1, 0.50842762, 0.92747509, 2.2942066, 2.2063761, 2.3474007, 3.9261112, 19.645420, 19.851068, 19.856962, 19.858522, 0.25489426, 0.25917676, 0.27289063, 0.27203828, 0.27346101, 0.28925446, 0.34822589, 0.34925506, 0.34928474, 0.34929258, 0.98430879E-1
0.91853455E-1, 0.14314339, 0.42947311E-1, 0.0000000, 0.17109513, 1.8102258, 2.0011516, 2.2417426, 3.7527342, 19.720398, 19.849039, 19.856428, 19.858423, 0.24999034, 0.25156316, 0.26802057, 0.26997185, 0.27239710, 0.28751695, 0.34860018, 0.34924471, 0.34928203, 0.34929207, 0.42947311E-1
0.87755047E-1, 0.93650632E-1, 0.28098000E-1, 0.0000000, 0.0000000, 1.2020826, 1.7411649, 2.1057248, 3.5994482, 19.754869, 19.846767, 19.855833, 19.858292, 0.24999034, 0.24999954, 0.26195279, 0.26737839, 0.27104011, 0.28598565, 0.34877285, 0.34923345, 0.34927908, 0.34929141, 0.28098000E-1
0.85191689E-1, 0.62695347E-1, 0.18810486E-1, 0.0000000, 0.0000000, 0.65137446, 1.4907271, 1.9700438, 3.4612792, 19.775150, 19.845631, 19.855549, 19.858234, 0.24999034, 0.24999954, 0.25644425, 0.26487213, 0.26968208, 0.28460330, 0.34887424, 0.34922776, 0.34927765, 0.34929115, 0.18810486E-1
0.83665133E-1, 0.44260513E-1, 0.13279482E-1, 0.0000000, 0.0000000, 0.32821596, 1.3190627, 1.8711776, 3.3513815, 19.792542, 19.846441, 19.855751, 19.858322, 0.24999034, 0.24999954, 0.25323334, 0.26316476, 0.26869804, 0.28350663, 0.34896162, 0.34923190, 0.34927866, 0.34929159, 0.13279482E-1
0.82965285E-1, 0.35809077E-1, 0.10743798E-1, 0.0000000, 0.0000000, 0.18182695, 1.2221187, 1.8119812, 3.2703328, 19.807631, 19.848253, 19.856272, 19.858463, 0.24999034, 0.24999954, 0.25181678, 0.26221919, 0.26811832, 0.28270245, 0.34903815, 0.34924126, 0.34928137, 0.34929231, 0.10743798E-1
0.85154586E-1, 0.62247250E-1, 0.18676043E-1, 0.19805729, 0.0000000, 0.73349476E-1, 1.1451125, 1.7652333, 3.2023203, 19.817905, 19.849754, 19.856676, 19.858522, 0.25197843, 0.24999954, 0.25073326, 0.26145038, 0.26765177, 0.28202283, 0.34908953, 0.34924877, 0.34928340, 0.34929261, 0.18676043E-1
0.15388674, 0.89226264, 0.26770556, 2.8915377, 2.2235737, 3.2554255, 1.1258721, 1.7551303, 3.1593223, 19.827179, 19.851505, 19.857130, 19.858635, 0.27891538, 0.27223575, 0.28255427, 0.26125872, 0.26755130, 0.28159323, 0.34913591, 0.34925753, 0.34928566, 0.34929317, 0.26770556
0.14097433, 0.73633116, 0.22092144, 2.3081064, 2.0516129, 2.1187127, 2.1553874, 2.7745187, 3.1181827, 19.833374, 19.852743, 19.857473, 19.858709, 0.27308106, 0.27051613, 0.27118713, 0.27155387, 0.27774519, 0.28118181, 0.34916687, 0.34926373, 0.34928736, 0.34929353, 0.22092144
0.13797453, 0.70010531, 0.21005261, 2.1530061, 1.9712776, 2.0774932, 2.1377027, 2.7651997, 3.0813055, 19.838402, 19.853857, 19.857771, 19.858709, 0.27153006, 0.26971278, 0.27077493, 0.27137703, 0.27765200, 0.28081307, 0.34919202, 0.34926927, 0.34928885, 0.34929353, 0.21005261
0.13392128, 0.65115809, 0.19536696, 1.9438684, 1.8621862, 2.0211935, 2.1131606, 2.7522802, 3.0442770, 19.841574, 19.854584, 19.857912, 19.858709, 0.26943868, 0.26862186, 0.27021194, 0.27113160, 0.27752280, 0.28044277, 0.34920788, 0.34927291, 0.34928957, 0.34929353, 0.19536696
0.11809760, 0.46006989, 0.13803478, 1.1349648, 1.4275789, 1.7921329, 2.0153074, 2.7002811, 2.9975951, 19.829561, 19.853767, 19.857676, 19.858664, 0.26134741, 0.26427409, 0.26792026, 0.27015284, 0.27700266, 0.27997589, 0.34914780, 0.34926885, 0.34928837, 0.34929332, 0.13803478
0.10317388, 0.27984983, 0.83963349E-1, 0.39194822, 1.0072142, 1.5619785, 1.9149899, 2.6466608, 2.9715867, 19.795620, 19.853085, 19.857506, 19.858669, 0.25385180, 0.26003557, 0.26560032, 0.26914060, 0.27646178, 0.27971345, 0.34897768, 0.34926531, 0.34928751, 0.34929335, 0.83963349E-1
0.94419554E-1, 0.17413181, 0.52244768E-1, 0.0000000, 0.69136918, 1.3750702, 1.8358916, 2.6032507, 2.9509485, 19.763762, 19.853073, 19.857508, 19.858698, 0.24999757, 0.25691143, 0.26374847, 0.26835832, 0.27603209, 0.27950934, 0.34881881, 0.34926537, 0.34928754, 0.34929350, 0.52244768E-1
0.10335484, 0.28203511, 0.84619001E-1, 0.79928339, 0.50587356, 1.2533367, 1.7857730, 2.5748193, 2.9377520, 19.734539, 19.853645, 19.857685, 19.858709, 0.25799140, 0.25505820, 0.26253268, 0.26785755, 0.27574804, 0.27937746, 0.34867269, 0.34926823, 0.34928843, 0.34929353, 0.84619001E-1
0.99291191E-1, 0.23296209, 0.69895618E-1, 0.64626932, 0.33450425, 1.1370510, 1.7362952, 2.5466948, 2.9246478, 19.705458, 19.854088, 19.857784, 19.858709, 0.25646269, 0.25334504, 0.26137051, 0.26736295, 0.27546695, 0.27924648, 0.34852728, 0.34927043, 0.34928891, 0.34929353, 0.69895618E-1
0.14270285, 0.75720513, 0.22718427, 2.0403028, 2.2499709, 2.3727207, 2.9124379, 5.7829027, 9.3350124, 19.727865, 19.854464, 19.857855, 19.858709, 0.27040303, 0.27249971, 0.27372721, 0.27912438, 0.30782902, 0.34335011, 0.34863931, 0.34927231, 0.34928927, 0.34929353, 0.22718427
0.25187397, 1.0000000, 0.62273175, 3.7869163, 8.4683590, 8.8609333, 9.1417532, 9.4265804, 9.7120209, 19.774591, 19.855129, 19.858025, 19.858709, 0.28786916, 0.33468360, 0.33860934, 0.34141752, 0.34426582, 0.34712023, 0.34887296, 0.34927565, 0.34929013, 0.34929353, 0.62273175
0.35600001, 1.0000000, 1.0000000, 9.9999990, 9.9999990, 9.9999990, 9.9999990, 9.9999990, 9.9999990, 19.999998, 19.999998, 19.999998, 19.998999, 0.34999999, 0.34999999, 0.34999999, 0.34999999, 0.34999999, 0.34999999, 0.34999999, 0.34999999, 0.34999999, 0.34999499, 1.0000000
0.35600001, 1.0000000, 1.0000000, 9.9999990, 9.9999990, 9.9999990, 9.9999990, 9.9999990, 9.9999990, 19.999998, 19.999998, 19.999998, 19.998999, 0.34999999, 0.34999999, 0.34999999, 0.34999999, 0.34999999, 0.34999999, 0.34999999, 0.34999999, 0.34999999, 0.34999499, 1.0000000
0.34061956, 1.0000000, 0.94427371, 9.1476746, 9.6701851, 9.8190222, 9.9467373, 9.9727507, 9.9890471, 19.998121, 19.999510, 19.999630, 19.975222, 0.34143466, 0.34667999, 0.34817904, 0.34946200, 0.34972477, 0.34988910, 0.34999037, 0.34999749, 0.34999812, 0.34987611, 0.94427371
0.29916364, 1.0000000, 0.79407108, 6.4546514, 9.3189573, 9.5758505, 9.8003836, 9.8911276, 9.9492931, 19.986073, 19.996346, 19.997232, 19.952660, 0.31439233, 0.34310946, 0.34571761, 0.34798354, 0.34890094, 0.34948769, 0.34992939, 0.34998149, 0.34998611, 0.34976327, 0.79407108
0.26066443, 1.0000000, 0.65458125, 3.6951551, 9.2884407, 9.5284510, 9.7391539, 9.8460903, 9.9240446, 19.977533, 19.994026, 19.992661, 19.932528, 0.28685188, 0.34283087, 0.34525716, 0.34737822, 0.34845415, 0.34923705, 0.34988707, 0.34996998, 0.34996328, 0.34966263, 0.65458125
0.23143341, 1.0000000, 0.54867172, 2.2454767, 8.1689043, 9.5018234, 9.7081060, 9.8195944, 9.9065914, 19.969814, 19.991751, 19.985279, 19.915438, 0.27245450, 0.33168846, 0.34501788, 0.34708101, 0.34819591, 0.34906590, 0.34984908, 0.34995875, 0.34992641, 0.34957719, 0.54867172
0.19952476, 1.0000000, 0.43306071, 1.1475027, 6.1821690, 9.4416142, 9.6647568, 9.7880106, 9.8873034, 19.960808, 19.988691, 19.974979, 19.901440, 0.26147375, 0.31181759, 0.34441298, 0.34664690, 0.34787977, 0.34887290, 0.34980404, 0.34994346, 0.34987491, 0.34950721, 0.43306071
0.17156968, 1.0000000, 0.33177415, 0.23148060, 4.3411694, 9.4284973, 9.6481867, 9.7732286, 9.8761501, 19.952642, 19.985088, 19.962444, 19.890400, 0.25231472, 0.29341075, 0.34428394, 0.34648165, 0.34773216, 0.34876147, 0.34976321, 0.34992546, 0.34981221, 0.34945199, 0.33177415
0.15504336, 0.90623027, 0.27189627, 0.0000000, 2.9680014, 8.9600554, 9.6316748, 9.7605515, 9.8675604, 19.945335, 19.980452, 19.948545, 19.881943, 0.24999723, 0.27967736, 0.33959657, 0.34631589, 0.34760508, 0.34867546, 0.34972668, 0.34990227, 0.34974271, 0.34940970, 0.27189627
0.14786577, 0.81955284, 0.24589044, 0.0000000, 2.4948835, 8.1642084, 9.6638784, 9.7773714, 9.8741398, 19.942682, 19.975435, 19.934582, 19.875626, 0.24999723, 0.27494633, 0.33163801, 0.34663785, 0.34777325, 0.34874123, 0.34971341, 0.34987718, 0.34967291, 0.34937814, 0.24589044
0.14046761, 0.73021227, 0.21908559, 0.0000000, 2.0134063, 7.3400936, 9.6600809, 9.7763681, 9.8743429, 19.940056, 19.968626, 19.921139, 19.870964, 0.24999723, 0.27013406, 0.32340094, 0.34660080, 0.34776369, 0.34874344, 0.34970027, 0.34984314, 0.34960568, 0.34935480, 0.21908559
0.13069415, 0.61218697, 0.18367445, 0.0000000, 1.3759315, 6.2661929, 9.6158285, 9.7501097, 9.8618155, 19.934248, 19.959150, 19.908669, 19.867493, 0.24999723, 0.26375932, 0.31266195, 0.34615830, 0.34750110, 0.34861815, 0.34967124, 0.34979576, 0.34954333, 0.34933746, 0.18367445
0.12565832, 0.55137384, 0.16542870, 0.0000000, 1.0914892, 5.6071043, 9.6629620, 9.7759800, 9.8724146, 19.932688, 19.949316, 19.898092, 19.865036, 0.24999723, 0.26091328, 0.30606687, 0.34662819, 0.34775907, 0.34872392, 0.34966344, 0.34974658, 0.34949046, 0.34932518, 0.16542870
0.12117761, 0.49726444, 0.14919426, 0.0000000, 0.84590316, 5.0107536, 9.6789150, 9.7867184, 9.8780508, 19.930761, 19.938517, 19.889269, 19.863260, 0.24999723, 0.25845903, 0.30010754, 0.34678915, 0.34786719, 0.34878051, 0.34965381, 0.34969258, 0.34944636, 0.34931630, 0.14919426
0.11381240, 0.40832144, 0.12250868, 0.0000000, 0.41766167, 4.1037722, 9.6203775, 9.7530661, 9.8629551, 19.923971, 19.926264, 19.881804, 19.861925, 0.24999723, 0.25417662, 0.29103774, 0.34620377, 0.34753066, 0.34862953, 0.34961987, 0.34963131, 0.34940901, 0.34930962, 0.12250868
0.12216723, 0.50921512, 0.15277982, 0.91817975, 0.21453798, 3.4594853, 9.6515207, 9.7690287, 9.8685284, 19.919689, 19.915125, 19.876089, 19.861032, 0.25918180, 0.25214538, 0.28459486, 0.34651521, 0.34769028, 0.34868529, 0.34959844, 0.34957564, 0.34938043, 0.34930515, 0.15277982
0.11438315, 0.41521391, 0.12457664, 0.57012737, 0.70735812E-1, 3.0167906, 9.6974192, 9.7955008, 9.8788862, 19.914886, 19.904884, 19.871677, 19.860409, 0.25569770, 0.25070709, 0.28016222, 0.34697053, 0.34795317, 0.34878823, 0.34957445, 0.34952444, 0.34935838, 0.34930205, 0.12457664
0.10871468, 0.34676096, 0.10403869, 0.26735663, 0.0000000, 2.8310986, 9.5189381, 9.8061991, 9.8833704, 19.909061, 19.895670, 19.868296, 19.859974, 0.25267324, 0.24999942, 0.27830997, 0.34518871, 0.34806162, 0.34883359, 0.34954530, 0.34947836, 0.34934148, 0.34929988, 0.10403869
0.18504989, 1.0000000, 0.38061550, 2.6590796, 2.9600799, 7.3513565, 9.6246500, 9.8448219, 9.8986750, 19.904552, 19.888243, 19.865850, 19.859686, 0.27659059, 0.27960065, 0.32351339, 0.34624645, 0.34844819, 0.34898674, 0.34952277, 0.34944123, 0.34932926, 0.34929842, 0.38061550
0.19674462, 1.0000000, 0.42298773, 2.4431915, 4.0967302, 8.6059265, 9.7143431, 9.8321037, 9.8923101, 19.896181, 19.881132, 19.863808, 19.859434, 0.27443191, 0.29096729, 0.33605927, 0.34714344, 0.34832102, 0.34892309, 0.34948090, 0.34940565, 0.34931904, 0.34929717, 0.42298773
0.18536174, 1.0000000, 0.38174540, 2.1386056, 2.9094906, 9.2364779, 9.7595787, 9.8411446, 9.8944111, 19.889917, 19.875790, 19.862394, 19.859299, 0.27138558, 0.27909452, 0.34236419, 0.34759566, 0.34841138, 0.34894410, 0.34944957, 0.34937894, 0.34931198, 0.34929651, 0.38174540
0.18781324, 1.0000000, 0.39062765, 2.5064855, 2.7505100, 8.9155531, 9.7785845, 9.8474274, 9.8957253, 19.884630, 19.871664, 19.861429, 19.859251, 0.27506486, 0.27750510, 0.33915552, 0.34778583, 0.34847426, 0.34895724, 0.34942314, 0.34935832, 0.34930715, 0.34929627, 0.39062765
0.18457192, 1.0000000, 0.37888375, 2.0078301, 2.9545188, 9.3802547, 9.8044853, 9.8599157, 9.8989697, 19.880091, 19.868536, 19.860744, 19.859222, 0.27007830, 0.27954519, 0.34380254, 0.34804484, 0.34859917, 0.34898970, 0.34940046, 0.34934267, 0.34930372, 0.34929612, 0.37888375
0.17319335, 1.0000000, 0.33765703, 1.5341997, 2.6252627, 8.8805742, 9.7629395, 9.8368654, 9.8877134, 19.873650, 19.865486, 19.860086, 19.859163, 0.26534131, 0.27625191, 0.33880454, 0.34762913, 0.34836853, 0.34887710, 0.34936824, 0.34932745, 0.34930044, 0.34929582, 0.33765703
0.16417241, 1.0000000, 0.30497247, 1.4319599, 2.0926833, 8.1248426, 9.6972275, 9.7972383, 9.8675518, 19.864454, 19.862185, 19.859362, 19.859028, 0.26431960, 0.27092683, 0.33124843, 0.34697229, 0.34797239, 0.34867552, 0.34932226, 0.34931093, 0.34929681, 0.34929514, 0.30497247
0.15549995, 0.91174394, 0.27355054, 1.0866523, 1.8646389, 7.6344275, 9.7229233, 9.8074961, 9.8696222, 19.861193, 19.860716, 19.859133, 19.858969, 0.26086193, 0.26864168, 0.32633463, 0.34722677, 0.34807372, 0.34869581, 0.34930596, 0.34930357, 0.34929568, 0.34929484, 0.27355054
0.15947117, 0.95970070, 0.28793901, 1.4357030, 1.8362343, 7.4676175, 9.7839785, 9.8399277, 9.8813753, 19.860512, 19.860134, 19.859087, 19.858969, 0.26435703, 0.26836234, 0.32467619, 0.34783977, 0.34839928, 0.34881374, 0.34930256, 0.34930068, 0.34929544, 0.34929484, 0.28793901
0.14973342, 0.84210676, 0.25265729, 1.0294348, 1.5802324, 6.9909935, 9.7482023, 9.8215570, 9.8734560, 19.857578, 19.859108, 19.858873, 19.858923, 0.26029435, 0.26580232, 0.31990993, 0.34748203, 0.34821558, 0.34873456, 0.34928790, 0.34929556, 0.34929436, 0.34929460, 0.25265729
0.15313148, 0.88314223, 0.26496917, 1.7453700, 1.1626989, 6.2772422, 9.6849813, 9.7851448, 9.8567524, 19.852245, 19.857552, 19.858503, 19.858828, 0.26745370, 0.26162699, 0.31277242, 0.34684980, 0.34785146, 0.34856752, 0.34926122, 0.34928775, 0.34929252, 0.34929413, 0.26496917
0.13767408, 0.69647723, 0.20896406, 1.0476381, 0.82949698, 5.5460219, 9.6628189, 9.7696209, 9.8490057, 19.849203, 19.856609, 19.858294, 19.858768, 0.26046968, 0.25829178, 0.30544958, 0.34662446, 0.34769434, 0.34848943, 0.34924603, 0.34928304, 0.34929147, 0.34929383, 0.20896406
0.12717672, 0.56971008, 0.17093012, 0.60941279, 0.60490966, 4.9163404, 9.6702147, 9.7720594, 9.8493595, 19.848310, 19.856291, 19.858200, 19.858757, 0.25609168, 0.25604764, 0.29915750, 0.34669983, 0.34771943, 0.34849322, 0.34924155, 0.34928146, 0.34929100, 0.34929377, 0.17093012
0.12223749, 0.51006359, 0.15303437, 0.42797029, 0.50552487, 4.5147285, 9.7115355, 9.7950449, 9.8586826, 19.849335, 19.856466, 19.858250, 19.858757, 0.25427911, 0.25505483, 0.29514542, 0.34711453, 0.34795004, 0.34858668, 0.34924668, 0.34928232, 0.34929127, 0.34929377, 0.15303437
0.17875481, 1.0000000, 0.35780725, 2.8807073, 2.2628307, 6.4648085, 9.7512398, 9.8180256, 9.8680258, 19.850548, 19.856739, 19.858318, 19.858757, 0.27880707, 0.27262831, 0.31464809, 0.34751239, 0.34818026, 0.34868026, 0.34925273, 0.34928370, 0.34929159, 0.34929377, 0.35780725
0.23755436, 1.0000000, 0.57084912, 2.8451948, 7.9428859, 9.4135427, 9.7979584, 9.8443918, 9.8784428, 19.852057, 19.857103, 19.858423, 19.858757, 0.27845195, 0.32942885, 0.34413543, 0.34797958, 0.34844393, 0.34878442, 0.34926027, 0.34928551, 0.34929210, 0.34929377, 0.57084912
0.24090053, 1.0000000, 0.58297288, 2.9347272, 8.0545053, 9.6947250, 9.8180304, 9.8564682, 9.8832006, 19.852957, 19.857328, 19.858423, 19.858757, 0.27934727, 0.33054507, 0.34694725, 0.34818029, 0.34856468, 0.34883201, 0.34926480, 0.34928665, 0.34929210, 0.34929377, 0.58297288
0.24721792, 1.0000000, 0.60586202, 3.0506828, 8.6514263, 9.6466484, 9.7931213, 9.8444147, 9.8786879, 19.852493, 19.857191, 19.858372, 19.858757, 0.28050682, 0.33651426, 0.34646648, 0.34793121, 0.34844416, 0.34878689, 0.34926248, 0.34928596, 0.34929186, 0.34929377, 0.60586202
0.22182657, 1.0000000, 0.51386434, 2.0530076, 7.3196402, 9.5206861, 9.7243109, 9.8066988, 9.8629036, 19.848944, 19.856255, 19.858171, 19.858709, 0.27053007, 0.32319641, 0.34520686, 0.34724310, 0.34806699, 0.34862903, 0.34924471, 0.34928128, 0.34929085, 0.34929353, 0.51386434
0.20152955, 1.0000000, 0.44032443, 1.4413238, 5.8970103, 9.5080242, 9.7032909, 9.7928495, 9.8567829, 19.847187, 19.855766, 19.858047, 19.858704, 0.26441324, 0.30897009, 0.34508026, 0.34703290, 0.34792849, 0.34856784, 0.34923595, 0.34927884, 0.34929025, 0.34929353, 0.44032443
0.18853298, 1.0000000, 0.39323545, 1.1094540, 4.8631063, 9.5390940, 9.7178040, 9.7998476, 9.8598137, 19.847694, 19.855890, 19.858143, 19.858709, 0.26109454, 0.29863107, 0.34539095, 0.34717804, 0.34799847, 0.34859812, 0.34923846, 0.34927946, 0.34929073, 0.34929353, 0.39323545
0.17488986, 1.0000000, 0.34380379, 0.77361465, 3.7885835, 9.5137815, 9.7114277, 9.7966776, 9.8589916, 19.847954, 19.855967, 19.858166, 19.858709, 0.25773615, 0.28788584, 0.34513780, 0.34711426, 0.34796679, 0.34858993, 0.34923977, 0.34927982, 0.34929082, 0.34929353, 0.34380379
0.18406516, 1.0000000, 0.37704772, 1.8680841, 3.0382111, 9.5762625, 9.7355051, 9.8097849, 9.8641434, 19.848709, 19.856178, 19.858194, 19.858709, 0.26868084, 0.28038210, 0.34576261, 0.34735507, 0.34809786, 0.34864143, 0.34924355, 0.34928089, 0.34929097, 0.34929353, 0.37704772
0.17099246, 1.0000000, 0.32968286, 1.3609022, 2.6090474, 8.9731693, 9.7138138, 9.7983370, 9.8595667, 19.847984, 19.855984, 19.858143, 19.858709, 0.26360902, 0.27609047, 0.33973169, 0.34713814, 0.34798336, 0.34859568, 0.34923992, 0.34927991, 0.34929073, 0.34929353, 0.32968286
0.35600001, 1.0000000, 1.0000000, 9.9999990, 9.9999990, 9.9999990, 9.9999990, 9.9999990, 9.9999990, 19.999998, 19.999998, 19.999998, 19.998999, 0.34999999, 0.34999999, 0.34999999, 0.34999999, 0.34999999, 0.34999999, 0.34999999, 0.34999999, 0.34999999, 0.34999499, 1.0000000
0.35600001, 1.0000000, 1.0000000, 9.9999990, 9.9999990, 9.9999990, 9.9999990, 9.9999990, 9.9999990, 19.999998, 19.999992, 19.999996, 19.994238, 0.34999999, 0.34999999, 0.34999999, 0.34999999, 0.34999999, 0.34999999, 0.34999999, 0.34999996, 0.34999996, 0.34997118, 1.0000000
0.35600001, 1.0000000, 1.0000000, 9.9999990, 9.9999990, 9.9999990, 9.9999990, 9.9999990, 9.9999990, 19.999998, 19.999998, 19.999996, 19.993994, 0.34999999, 0.34999999, 0.34999999, 0.34999999, 0.34999999, 0.34999999, 0.34999999, 0.34999999, 0.34999996, 0.34996998, 1.0000000
0.35600001, 1.0000000, 1.0000000, 9.9999990, 9.9999990, 9.9999990, 9.9999990, 9.9999990, 9.9999990, 19.999998, 19.999998, 19.999998, 19.996996, 0.34999999, 0.34999999, 0.34999999, 0.34999999, 0.34999999, 0.34999999, 0.34999999, 0.34999999, 0.34999999, 0.34998497, 1.0000000
0.35128212, 1.0000000, 0.98290616, 9.7519083, 9.8776217, 9.9362383, 9.9840117, 9.9919195, 9.9969158, 19.999611, 19.999903, 19.999857, 19.980116, 0.34751910, 0.34877622, 0.34936237, 0.34984010, 0.34991920, 0.34996915, 0.34999806, 0.34999952, 0.34999928, 0.34990057, 0.98290616
0.35600001, 1.0000000, 1.0000000, 9.9999990, 9.9999990, 9.9999990, 9.9999990, 9.9999962, 9.9999990, 19.999998, 19.999998, 19.999588, 19.959858, 0.34999999, 0.34999999, 0.34999999, 0.34999999, 0.34999996, 0.34999999, 0.34999999, 0.34999999, 0.34999794, 0.34979928, 1.0000000
0.35600001, 1.0000000, 1.0000000, 9.9999990, 9.9999990, 9.9999990, 9.9999990, 9.9999990, 9.9999990, 19.999998, 19.999998, 19.999998, 19.998999, 0.34999999, 0.34999999, 0.34999999, 0.34999999, 0.34999999, 0.34999999, 0.34999999, 0.34999999, 0.34999999, 0.34999499, 1.0000000
0.35600001, 1.0000000, 1.0000000, 9.9999990, 9.9999990, 9.9999990, 9.9999990, 9.9999990, 9.9999990, 19.999992, 19.999998, 19.999992, 19.998993, 0.34999999, 0.34999999, 0.34999999, 0.34999999, 0.34999999, 0.34999999, 0.34999996, 0.34999999, 0.34999996, 0.34999496, 1.0000000
0.35600001, 1.0000000, 0.99999994, 9.9999990, 9.9999990, 9.9999962, 9.9999962, 9.9999990, 9.9999990, 19.999998, 19.999998, 19.999998, 19.997997, 0.34999999, 0.34999999, 0.34999996, 0.34999996, 0.34999999, 0.34999999, 0.34999999, 0.34999999, 0.34999999, 0.34998998, 0.99999994
0.35600001, 1.0000000, 1.0000000, 9.9999990, 9.9999990, 9.9999990, 9.9999990, 9.9999990, 9.9999990, 19.999998, 19.999998, 19.999998, 19.998999, 0.34999999, 0.34999999, 0.34999999, 0.34999999, 0.34999999, 0.34999999, 0.34999999, 0.34999999, 0.34999999, 0.34999499, 1.0000000
0.35600001, 1.0000000, 1.0000000, 9.9999990, 9.9999990, 9.9999990, 9.9999990, 9.9999990, 9.9999990, 19.999998, 19.999998, 19.999992, 19.997110, 0.34999999, 0.34999999, 0.34999999, 0.34999999, 0.34999999, 0.34999999, 0.34999999, 0.34999999, 0.34999996, 0.34998554, 1.0000000
0.34349263, 1.0000000, 0.95468336, 9.3054028, 9.7271996, 9.8508606, 9.9602242, 9.9797421, 9.9923458, 19.999123, 19.999767, 19.999640, 19.973419, 0.34305239, 0.34727094, 0.34850806, 0.34960213, 0.34979737, 0.34992343, 0.34999561, 0.34999883, 0.34999821, 0.34986711, 0.95468336
0.30673093, 1.0000000, 0.82148886, 6.9282742, 9.3791656, 9.6192617, 9.8496056, 9.9194698, 9.9661827, 19.993742, 19.998365, 19.997530, 19.951111, 0.31928274, 0.34379166, 0.34619263, 0.34849605, 0.34919471, 0.34966183, 0.34996870, 0.34999183, 0.34998766, 0.34975556, 0.82148886
0.26961875, 1.0000000, 0.68702435, 4.3136358, 9.3002777, 9.5488787, 9.7788954, 9.8737726, 9.9435148, 19.988621, 19.997000, 19.993040, 19.931259, 0.29313454, 0.34300041, 0.34548759, 0.34778872, 0.34873760, 0.34943512, 0.34994310, 0.34998500, 0.34996521, 0.34965628, 0.68702435
0.27786756, 1.0000000, 0.71691149, 4.8548303, 9.3694448, 9.5989761, 9.7792311, 9.8664751, 9.9362431, 19.986151, 19.996204, 19.985838, 19.914480, 0.29854792, 0.34369400, 0.34598953, 0.34779227, 0.34866473, 0.34936243, 0.34993076, 0.34998101, 0.34992918, 0.34957239, 0.71691149
0.24411604, 1.0000000, 0.59462333, 2.8181996, 8.7532406, 9.4871845, 9.7128639, 9.8241968, 9.9125481, 19.978342, 19.993649, 19.975471, 19.900696, 0.27818012, 0.33752891, 0.34486997, 0.34712824, 0.34824178, 0.34912542, 0.34989172, 0.34996825, 0.34987736, 0.34950349, 0.59462333
0.21464030, 1.0000000, 0.48782721, 1.8428743, 6.8355141, 9.4657249, 9.6859055, 9.8022156, 9.8976641, 19.971621, 19.990679, 19.962942, 19.889858, 0.26842323, 0.31834289, 0.34464875, 0.34685731, 0.34802130, 0.34897634, 0.34985811, 0.34995338, 0.34981471, 0.34944928, 0.48782721
0.19774602, 1.0000000, 0.42661598, 1.3631731, 5.5717735, 9.5048418, 9.7080631, 9.8116522, 9.8993664, 19.968914, 19.987583, 19.949295, 19.881624, 0.26362792, 0.30570835, 0.34504041, 0.34707901, 0.34811568, 0.34899339, 0.34984457, 0.34993792, 0.34974647, 0.34940812, 0.42661598
0.17012672, 1.0000000, 0.32654607, 0.60179830, 3.5616143, 9.4034147, 9.6544809, 9.7796335, 9.8841696, 19.963608, 19.982206, 19.935141, 19.875391, 0.25601718, 0.28561330, 0.34403038, 0.34654403, 0.34779593, 0.34884158, 0.34981805, 0.34991103, 0.34967571, 0.34937695, 0.32654607
0.15130112, 0.86103845, 0.25833738, 0.58868527E-1, 2.5918694, 8.6076107, 9.6438494, 9.7703028, 9.8776779, 19.959105, 19.975103, 19.921553, 19.870758, 0.25058869, 0.27591830, 0.33607548, 0.34643835, 0.34770298, 0.34877676, 0.34979552, 0.34987551, 0.34960777, 0.34935379, 0.25833738
0.14287178, 0.75924504, 0.22779630, 0.0000000, 2.1296322, 7.6889572, 9.6565390, 9.7763376, 9.8794613, 19.956480, 19.966579, 19.909298, 19.867416, 0.24999869, 0.27129617, 0.32688928, 0.34656534, 0.34776333, 0.34879461, 0.34978241, 0.34983289, 0.34954649, 0.34933707, 0.22779630
0.13787487, 0.69890201, 0.20969158, 0.0000000, 1.8475354, 7.0369983, 9.6916046, 9.7965136, 9.8879938, 19.954716, 19.956642, 19.898718, 19.865005, 0.24999869, 0.26847485, 0.32036904, 0.34691578, 0.34796500, 0.34887990, 0.34977359, 0.34978321, 0.34949359, 0.34932503, 0.20969158
0.13041273, 0.60878849, 0.18265481, 0.0000000, 1.4012665, 6.1366858, 9.6540651, 9.7763023, 9.8797150, 19.949926, 19.944891, 19.889669, 19.863249, 0.24999869, 0.26401266, 0.31136686, 0.34654066, 0.34776303, 0.34879714, 0.34974962, 0.34972447, 0.34944835, 0.34931624, 0.18265481
0.12244866, 0.51261371, 0.15379949, 0.0000000, 0.94197392, 5.1413965, 9.6181221, 9.7538462, 9.8683825, 19.942892, 19.932224, 19.882196, 19.861925, 0.24999869, 0.25941974, 0.30141395, 0.34618121, 0.34753847, 0.34868383, 0.34971446, 0.34966111, 0.34941098, 0.34930962, 0.15379949
0.11711098, 0.44815543, 0.13446008, 0.0000000, 0.68375766, 4.3636322, 9.6374998, 9.7632217, 9.8710260, 19.937403, 19.920383, 19.876431, 19.861055, 0.24999869, 0.25683758, 0.29363632, 0.34637499, 0.34763223, 0.34871027, 0.34968701, 0.34960192, 0.34938216, 0.34930527, 0.13446008
0.35599661, 1.0000000, 0.99998754, 9.9998655, 9.9999218, 9.9999609, 9.9999905, 9.9999962, 9.9999962, 19.999500, 19.953356, 19.872105, 19.860474, 0.34999827, 0.34999898, 0.34999949, 0.34999987, 0.34999996, 0.34999996, 0.34999749, 0.34976679, 0.34936053, 0.34930235, 0.99998754
0.35600001, 1.0000000, 1.0000000, 9.9999990, 9.9999990, 9.9999990, 9.9999990, 9.9999990, 9.9999990, 19.999998, 19.999998, 19.999998, 19.997997, 0.34999999, 0.34999999, 0.34999999, 0.34999999, 0.34999999, 0.34999999, 0.34999999, 0.34999999, 0.34999999, 0.34998998, 1.0000000
0.35581166, 1.0000000, 0.99931759, 9.9909220, 9.9945889, 9.9972849, 9.9994602, 9.9997253, 9.9999104, 19.999998, 19.999998, 19.999989, 19.991005, 0.34990600, 0.34994397, 0.34997189, 0.34999442, 0.34999716, 0.34999907, 0.34999999, 0.34999999, 0.34999993, 0.34995502, 0.99931759
0.33788550, 1.0000000, 0.93436778, 8.9701595, 9.6375570, 9.7973289, 9.9424210, 9.9704685, 9.9886494, 19.998550, 19.999617, 19.999336, 19.967539, 0.33970103, 0.34637523, 0.34797311, 0.34942418, 0.34970465, 0.34988648, 0.34999275, 0.34999809, 0.34999669, 0.34983769, 0.93436778
0.30863053, 1.0000000, 0.82837141, 7.0529604, 9.3958731, 9.6287975, 9.8507996, 9.9197025, 9.9662476, 19.993868, 19.998402, 19.996721, 19.945780, 0.32052961, 0.34395874, 0.34628797, 0.34850800, 0.34919703, 0.34966248, 0.34996933, 0.34999201, 0.34998360, 0.34972888, 0.82837141
0.26492432, 1.0000000, 0.67001563, 4.0169258, 9.2476444, 9.5136690, 9.7611942, 9.8633556, 9.9388781, 19.987883, 19.996819, 19.991447, 19.926643, 0.29016799, 0.34247467, 0.34513581, 0.34761176, 0.34863347, 0.34938875, 0.34993941, 0.34998411, 0.34995723, 0.34963322, 0.67001563
0.22851920, 1.0000000, 0.53811306, 2.3291020, 7.7001843, 9.4586945, 9.7018328, 9.8201494, 9.9140062, 19.981054, 19.994831, 19.983208, 19.910576, 0.27328941, 0.32699862, 0.34458497, 0.34701791, 0.34820127, 0.34913999, 0.34990528, 0.34997416, 0.34991604, 0.34955287, 0.53811306
0.20152304, 1.0000000, 0.44030082, 1.5201211, 5.7996264, 9.4407454, 9.6810560, 9.8009605, 9.9002037, 19.976059, 19.992867, 19.972372, 19.897629, 0.26520121, 0.30799627, 0.34440744, 0.34681055, 0.34800962, 0.34900203, 0.34988028, 0.34996432, 0.34986186, 0.34948814, 0.44030082
0.17624611, 1.0000000, 0.34871778, 0.80342889, 3.9513278, 9.4262047, 9.6636686, 9.7862597, 9.8894348, 19.970882, 19.990019, 19.959486, 19.887522, 0.25803420, 0.28951302, 0.34426174, 0.34663662, 0.34786257, 0.34889436, 0.34985441, 0.34995010, 0.34979743, 0.34943759, 0.34871778
0.15895352, 0.95344949, 0.28606346, 0.32635033, 2.8816283, 8.9794121, 9.6668234, 9.7853565, 9.8865156, 19.967255, 19.986315, 19.945608, 19.879829, 0.25326303, 0.27881381, 0.33979028, 0.34666741, 0.34785315, 0.34886500, 0.34983629, 0.34993157, 0.34972805, 0.34939915, 0.28606346
0.14615230, 0.79886091, 0.23968224, 0.0000000, 2.3525267, 8.0347910, 9.6595688, 9.7802448, 9.8832111, 19.963991, 19.981005, 19.931650, 19.874071, 0.24998677, 0.27352419, 0.33034608, 0.34659526, 0.34780225, 0.34883201, 0.34981996, 0.34990501, 0.34965825, 0.34937036, 0.23968224
0.13653369, 0.68270570, 0.20483220, 0.0000000, 1.7620504, 6.9013391, 9.6281166, 9.7605314, 9.8736315, 19.959888, 19.973513, 19.918339, 19.869829, 0.24998677, 0.26761866, 0.31900975, 0.34628016, 0.34760481, 0.34873614, 0.34979945, 0.34986755, 0.34959170, 0.34934914, 0.20483220
0.12704970, 0.56817621, 0.17046991, 0.0000000, 1.2118787, 5.7176456, 9.6014624, 9.7426252, 9.8639212, 19.955101, 19.963947, 19.906324, 19.866705, 0.24998677, 0.26211858, 0.30717596, 0.34601444, 0.34742615, 0.34863919, 0.34977549, 0.34981972, 0.34953162, 0.34933352, 0.17046991
0.11832271, 0.46278834, 0.13885039, 0.0000000, 0.74063241, 4.5584445, 9.5815029, 9.7287111, 9.8557711, 19.949648, 19.952686, 19.895943, 19.864441, 0.24998677, 0.25740501, 0.29558036, 0.34581330, 0.34728625, 0.34855741, 0.34974825, 0.34976342, 0.34947971, 0.34932220, 0.13885039
0.11305553, 0.39918137, 0.11976639, 0.0000000, 0.51852167, 3.7213564, 9.6130095, 9.7465124, 9.8631830, 19.946880, 19.941288, 19.887506, 19.862848, 0.24998677, 0.25518522, 0.28721356, 0.34613010, 0.34746513, 0.34863183, 0.34973440, 0.34970644, 0.34943753, 0.34931424, 0.11976639
0.10837020, 0.34260103, 0.10279059, 0.0000000, 0.31706989, 2.9907398, 9.6197462, 9.7517014, 9.8657494, 19.942383, 19.929333, 19.880644, 19.861713, 0.24998677, 0.25317049, 0.27990645, 0.34619686, 0.34751672, 0.34865740, 0.34971192, 0.34964666, 0.34940320, 0.34930855, 0.10279059
0.10568987, 0.31023309, 0.93079232E-1, 0.0000000, 0.17465651, 2.6941509, 9.2855072, 9.7576361, 9.8685732, 19.937241, 19.917803, 19.875263, 19.860920, 0.24998677, 0.25174657, 0.27694151, 0.34285507, 0.34757635, 0.34868574, 0.34968621, 0.34958902, 0.34937632, 0.34930462, 0.93079232E-1
0.10353086, 0.28416067, 0.85256733E-1, 0.0000000, 0.82176924E-1, 2.4234474, 8.9564705, 9.7610025, 9.8701172, 19.931498, 19.907253, 19.871136, 19.860355, 0.24998677, 0.25082156, 0.27423131, 0.33956239, 0.34760875, 0.34870076, 0.34965748, 0.34953627, 0.34935567, 0.34930179, 0.85256733E-1
0.35594338, 1.0000000, 0.99979484, 9.9977407, 9.9986467, 9.9993200, 9.9998589, 9.9999313, 9.9999790, 19.999998, 19.999998, 19.999990, 19.992998, 0.34997177, 0.34998310, 0.34999150, 0.34999827, 0.34999913, 0.34999973, 0.34999999, 0.34999999, 0.34999996, 0.34996498, 0.99979484
0.35600001, 1.0000000, 1.0000000, 9.9999990, 9.9999990, 9.9999990, 9.9999990, 9.9999990, 9.9999990, 19.999998, 19.999998, 19.999998, 19.996996, 0.34999999, 0.34999999, 0.34999999, 0.34999999, 0.34999999, 0.34999999, 0.34999999, 0.34999999, 0.34999999, 0.34998497, 1.0000000
0.35600001, 1.0000000, 1.0000000, 9.9999990, 9.9999990, 9.9999990, 9.9999990, 9.9999990, 9.9999990, 19.999998, 19.999998, 19.999998, 19.997997, 0.34999999, 0.34999999, 0.34999999, 0.34999999, 0.34999999, 0.34999999, 0.34999999, 0.34999999, 0.34999999, 0.34998998, 1.0000000
0.35394937, 1.0000000, 0.99257004, 9.8962555, 9.9414978, 9.9703741, 9.9939642, 9.9969721, 9.9989891, 19.999992, 19.999992, 19.999989, 19.991005, 0.34895977, 0.34941331, 0.34970289, 0.34993947, 0.34996963, 0.34998986, 0.34999996, 0.34999996, 0.34999993, 0.34995502, 0.99257004
0.33566839, 1.0000000, 0.92633462, 8.8388233, 9.6004267, 9.7754068, 9.9360886, 9.9671955, 9.9874449, 19.998461, 19.999599, 19.999805, 19.982075, 0.33838779, 0.34600398, 0.34775391, 0.34936085, 0.34967193, 0.34987444, 0.34999231, 0.34999800, 0.34999901, 0.34991038, 0.92633462
0.30141717, 1.0000000, 0.80223614, 6.5434065, 9.3809061, 9.6166954, 9.8440657, 9.9156399, 9.9648800, 19.994106, 19.998466, 19.998453, 19.959099, 0.31543407, 0.34380907, 0.34616697, 0.34844065, 0.34915641, 0.34964880, 0.34997052, 0.34999233, 0.34999228, 0.34979549, 0.80223614
0.33269858, 1.0000000, 0.91557449, 8.8630104, 9.3274260, 9.5645618, 9.7841864, 9.8759823, 9.9449205, 19.989920, 19.997351, 19.994987, 19.938265, 0.33862925, 0.34327373, 0.34564534, 0.34784180, 0.34875980, 0.34944922, 0.34994960, 0.34998676, 0.34997493, 0.34969133, 0.91557449
0.35600001, 1.0000000, 1.0000000, 9.9999990, 9.9999990, 9.9999990, 9.9999990, 9.9999990, 9.9999990, 19.999998, 19.999998, 19.999998, 19.998999, 0.34999999, 0.34999999, 0.34999999, 0.34999999, 0.34999999, 0.34999999, 0.34999999, 0.34999999, 0.34999999, 0.34999499, 1.0000000
0.35298258, 1.0000000, 0.98906726, 9.9804430, 9.7794523, 9.7926540, 9.9409370, 9.9696951, 9.9883633, 19.998556, 19.999622, 19.999825, 19.983057, 0.34980443, 0.34779453, 0.34792656, 0.34940937, 0.34969693, 0.34988362, 0.34999278, 0.34999812, 0.34999913, 0.34991530, 0.98906726
0.33247143, 1.0000000, 0.91475147, 8.7830400, 9.3937740, 9.6232586, 9.8561916, 9.9228668, 9.9688807, 19.995632, 19.998854, 19.998629, 19.960049, 0.33783039, 0.34393775, 0.34623259, 0.34856191, 0.34922868, 0.34968880, 0.34997815, 0.34999427, 0.34999314, 0.34980023, 0.91475147
0.35522157, 1.0000000, 0.99717963, 9.9993248, 9.9922028, 9.8799667, 9.8108864, 9.8922768, 9.9531841, 19.992319, 19.997993, 19.995356, 19.939114, 0.34999326, 0.34992203, 0.34879968, 0.34810886, 0.34892276, 0.34953183, 0.34996158, 0.34998995, 0.34997678, 0.34969556, 0.99717963
0.35600001, 1.0000000, 1.0000000, 9.9999990, 9.9999990, 9.9999990, 9.9999990, 9.9999990, 9.9999990, 19.999998, 19.999998, 19.999998, 19.998999, 0.34999999, 0.34999999, 0.34999999, 0.34999999, 0.34999999, 0.34999999, 0.34999999, 0.34999999, 0.34999999, 0.34999499, 1.0000000
0.35600001, 1.0000000, 1.0000000, 9.9999990, 9.9999990, 9.9999990, 9.9999990, 9.9999990, 9.9999990, 19.999998, 19.999998, 19.999998, 19.997997, 0.34999999, 0.34999999, 0.34999999, 0.34999999, 0.34999999, 0.34999999, 0.34999999, 0.34999999, 0.34999999, 0.34998998, 1.0000000
0.33778614, 1.0000000, 0.93400770, 8.9715528, 9.6259336, 9.7919769, 9.9430237, 9.9708567, 9.9889965, 19.998783, 19.999678, 19.999647, 19.974253, 0.33971453, 0.34625867, 0.34791943, 0.34943017, 0.34970853, 0.34988996, 0.34999391, 0.34999838, 0.34999824, 0.34987128, 0.93400770
0.32292765, 1.0000000, 0.88017261, 7.9828391, 9.5229073, 9.7150888, 9.9017210, 9.9479637, 9.9798346, 19.997787, 19.999420, 19.997921, 19.951946, 0.32982838, 0.34522909, 0.34715089, 0.34901720, 0.34947965, 0.34979835, 0.34998894, 0.34999710, 0.34998959, 0.34975973, 0.88017261
0.30092815, 1.0000000, 0.80046427, 6.4889126, 9.4069099, 9.6297064, 9.8391800, 9.9111681, 9.9627800, 19.994345, 19.998512, 19.993649, 19.931997, 0.31488913, 0.34406909, 0.34629706, 0.34839180, 0.34911168, 0.34962779, 0.34997171, 0.34999257, 0.34996825, 0.34965998, 0.80046427
0.27975363, 1.0000000, 0.72374499, 5.0157108, 9.3406267, 9.5732288, 9.7855062, 9.8757420, 9.9442453, 19.990038, 19.997265, 19.986433, 19.915047, 0.30015710, 0.34340626, 0.34573227, 0.34785506, 0.34875742, 0.34944245, 0.34995019, 0.34998631, 0.34993216, 0.34957522, 0.72374499
0.29081041, 1.0000000, 0.76380581, 5.7883120, 9.3788910, 9.5934229, 9.7833052, 9.8687611, 9.9378586, 19.988163, 19.996330, 19.976553, 19.901245, 0.30788311, 0.34378892, 0.34593421, 0.34783304, 0.34868762, 0.34937859, 0.34994081, 0.34998167, 0.34988278, 0.34950623, 0.76380581
0.26187593, 1.0000000, 0.65897077, 3.7268529, 9.3391657, 9.5646152, 9.7647638, 9.8548355, 9.9290514, 19.985605, 19.994617, 19.964386, 19.890358, 0.28726318, 0.34338367, 0.34564206, 0.34764680, 0.34854794, 0.34929037, 0.34992802, 0.34997308, 0.34982193, 0.34945178, 0.65897077
0.35517520, 1.0000000, 0.99701154, 9.9586582, 9.9757042, 9.9877949, 9.9975357, 9.9987688, 9.9995880, 19.999998, 19.999998, 19.999990, 19.991999, 0.34958658, 0.34975705, 0.34987795, 0.34997535, 0.34998769, 0.34999588, 0.34999999, 0.34999999, 0.34999996, 0.34996000, 0.99701154
0.35542464, 1.0000000, 0.99791533, 9.9923820, 9.9899626, 9.9186344, 9.9528542, 9.9758730, 9.9906559, 19.998724, 19.999659, 19.999863, 19.984043, 0.34992382, 0.34989962, 0.34918636, 0.34952855, 0.34975874, 0.34990656, 0.34999362, 0.34999830, 0.34999931, 0.34992021, 0.99791533
0.35600001, 1.0000000, 1.0000000, 9.9999990, 9.9999990, 9.9999990, 9.9999990, 9.9999990, 9.9999962, 19.999998, 19.999998, 19.999998, 19.996996, 0.34999999, 0.34999999, 0.34999999, 0.34999999, 0.34999999, 0.34999996, 0.34999999, 0.34999999, 0.34999999, 0.34998497, 1.0000000
0.34904015, 1.0000000, 0.97478306, 9.6286278, 9.8269653, 9.9087200, 9.9771357, 9.9884233, 9.9956350, 19.999504, 19.999868, 19.999937, 19.987009, 0.34628627, 0.34826964, 0.34908721, 0.34977135, 0.34988424, 0.34995633, 0.34999752, 0.34999934, 0.34999970, 0.34993505, 0.97478306
0.35560662, 1.0000000, 0.99857467, 9.9803371, 9.9883327, 9.9941502, 9.9988279, 9.9994125, 9.9998026, 19.999998, 19.999998, 19.999989, 19.991005, 0.34980339, 0.34988332, 0.34994149, 0.34998828, 0.34999412, 0.34999803, 0.34999999, 0.34999999, 0.34999993, 0.34995502, 0.99857467
0.33619165, 1.0000000, 0.92823064, 8.8677664, 9.6120491, 9.7818222, 9.9363012, 9.9672489, 9.9872484, 19.998222, 19.999535, 19.999769, 19.981062, 0.33867767, 0.34612048, 0.34781823, 0.34936303, 0.34967250, 0.34987247, 0.34999111, 0.34999767, 0.34999883, 0.34990531, 0.92823064
0.33224028, 1.0000000, 0.91391408, 8.7553749, 9.4119711, 9.6237640, 9.8543739, 9.9216499, 9.9681587, 19.995304, 19.998777, 19.998430, 19.958191, 0.33755374, 0.34411973, 0.34623763, 0.34854373, 0.34921649, 0.34968159, 0.34997651, 0.34999388, 0.34999216, 0.34979096, 0.91391408
0.35599178, 1.0000000, 0.99997014, 9.9995880, 9.9997520, 9.9998770, 9.9999752, 9.9999876, 9.9999962, 19.999998, 19.999998, 19.999998, 19.994993, 0.34999588, 0.34999752, 0.34999877, 0.34999976, 0.34999987, 0.34999996, 0.34999999, 0.34999999, 0.34999999, 0.34997496, 0.99997014
0.35600001, 1.0000000, 1.0000000, 9.9999990, 9.9999990, 9.9999990, 9.9999990, 9.9999990, 9.9999990, 19.999998, 19.999998, 19.999998, 19.996996, 0.34999999, 0.34999999, 0.34999999, 0.34999999, 0.34999999, 0.34999999, 0.34999999, 0.34999999, 0.34999999, 0.34998497, 1.0000000
0.35599095, 1.0000000, 0.99996716, 9.9999990, 9.9999990, 9.9999962, 9.9949636, 9.9894915, 9.9960461, 19.999552, 19.999880, 19.999935, 19.985044, 0.34999999, 0.34999999, 0.34999996, 0.34994963, 0.34989491, 0.34996045, 0.34999776, 0.34999940, 0.34999967, 0.34992522, 0.99996716
0.34973574, 1.0000000, 0.97730333, 9.7126799, 9.7836437, 9.8847609, 9.9711170, 9.9853649, 9.9945488, 19.999426, 19.999849, 19.999825, 19.979128, 0.34712678, 0.34783643, 0.34884760, 0.34971118, 0.34985363, 0.34994549, 0.34999713, 0.34999925, 0.34999913, 0.34989566, 0.97730333
0.35600001, 1.0000000, 1.0000000, 9.9999990, 9.9999990, 9.9999990, 9.9999990, 9.9999962, 9.9999990, 19.999998, 19.999998, 19.999998, 19.994993, 0.34999999, 0.34999999, 0.34999999, 0.34999999, 0.34999996, 0.34999999, 0.34999999, 0.34999999, 0.34999999, 0.34997496, 1.0000000
0.32281965, 1.0000000, 0.87978131, 8.0438709, 9.4348097, 9.6657743, 9.8861217, 9.9403524, 9.9758310, 19.996006, 19.998962, 19.999348, 19.971315, 0.33043870, 0.34434810, 0.34665775, 0.34886122, 0.34940353, 0.34975833, 0.34998003, 0.34999481, 0.34999675, 0.34985659, 0.87978131
0.27414811, 1.0000000, 0.70343518, 4.6885719, 9.2405672, 9.5130768, 9.7712336, 9.8717279, 9.9439554, 19.989283, 19.997192, 19.996984, 19.949183, 0.29688573, 0.34240568, 0.34513077, 0.34771234, 0.34871727, 0.34943956, 0.34994641, 0.34998596, 0.34998491, 0.34974593, 0.70343518
0.22983149, 1.0000000, 0.54286766, 2.5220423, 7.5511231, 9.4320135, 9.6907043, 9.8151932, 9.9135532, 19.982267, 19.995300, 19.992083, 19.929550, 0.27522042, 0.32551122, 0.34432012, 0.34690705, 0.34815192, 0.34913552, 0.34991133, 0.34997651, 0.34996042, 0.34964776, 0.54286766
0.21188971, 1.0000000, 0.47786123, 2.0362258, 6.1540117, 9.5055990, 9.7183371, 9.8230371, 9.9118795, 19.980560, 19.994673, 19.984671, 19.913061, 0.27036226, 0.31154013, 0.34505600, 0.34718338, 0.34823036, 0.34911880, 0.34990281, 0.34997338, 0.34992334, 0.34956530, 0.47786123
0.31429443, 1.0000000, 0.84889281, 7.4386120, 9.4392014, 9.6478195, 9.7761154, 9.8530416, 9.9217968, 19.980131, 19.994022, 19.974581, 19.899687, 0.32438612, 0.34439200, 0.34647819, 0.34776115, 0.34853041, 0.34921795, 0.34990066, 0.34997010, 0.34987289, 0.34949845, 0.84889281
0.28171682, 1.0000000, 0.73085797, 5.1813183, 9.3205299, 9.5483656, 9.7458048, 9.8372965, 9.9143953, 19.976936, 19.991934, 19.962122, 19.889156, 0.30181319, 0.34320530, 0.34548366, 0.34745806, 0.34837297, 0.34914395, 0.34988469, 0.34995967, 0.34981060, 0.34944579, 0.73085797
0.33567023, 1.0000000, 0.92634135, 9.0225849, 9.4150696, 9.5845957, 9.7566156, 9.8422842, 9.9155073, 19.975126, 19.989038, 19.948492, 19.881107, 0.34022585, 0.34415069, 0.34584597, 0.34756616, 0.34842283, 0.34915507, 0.34987563, 0.34994519, 0.34974247, 0.34940553, 0.92634135
0.35596031, 1.0000000, 0.99985605, 9.9980202, 9.9988098, 9.9994097, 9.9998798, 9.9999371, 9.9999819, 19.999998, 19.999998, 19.999990, 19.992998, 0.34998021, 0.34998810, 0.34999409, 0.34999880, 0.34999937, 0.34999982, 0.34999999, 0.34999999, 0.34999996, 0.34996498, 0.99985605
0.32849768, 1.0000000, 0.90035385, 8.3847418, 9.5202837, 9.7228708, 9.9136953, 9.9552546, 9.9824209, 19.997507, 19.999350, 19.999371, 19.969414, 0.33384740, 0.34520283, 0.34722871, 0.34913695, 0.34955254, 0.34982422, 0.34998754, 0.34999675, 0.34999686, 0.34984708, 0.90035385
0.29309642, 1.0000000, 0.77208841, 5.9807639, 9.3322859, 9.5842190, 9.8266668, 9.9053497, 9.9606180, 19.993706, 19.998360, 19.997017, 19.947512, 0.30980763, 0.34332287, 0.34584218, 0.34826666, 0.34905350, 0.34960619, 0.34996852, 0.34999180, 0.34998509, 0.34973755, 0.77208841
0.25648731, 1.0000000, 0.63944674, 3.3859251, 9.2711010, 9.5293226, 9.7690935, 9.8664703, 9.9411602, 19.990269, 19.997438, 19.992163, 19.928165, 0.28385925, 0.34271100, 0.34529322, 0.34769094, 0.34866470, 0.34941161, 0.34995133, 0.34998721, 0.34996080, 0.34964082, 0.63944674
0.23070665, 1.0000000, 0.54603851, 2.2781997, 8.0173779, 9.5135374, 9.7372770, 9.8413277, 9.9251976, 19.985949, 19.996132, 19.984344, 19.911863, 0.27277955, 0.33016866, 0.34513235, 0.34737214, 0.34841296, 0.34925187, 0.34992975, 0.34998065, 0.34992173, 0.34955931, 0.54603851
0.20479855, 1.0000000, 0.45216864, 1.5138030, 6.1901240, 9.4661608, 9.7016029, 9.8153133, 9.9091291, 19.981220, 19.994335, 19.973738, 19.898668, 0.26513803, 0.31190124, 0.34466159, 0.34701604, 0.34815314, 0.34909129, 0.34990609, 0.34997168, 0.34986869, 0.34949332, 0.45216864
0.18150526, 1.0000000, 0.36777264, 0.90631545, 4.4018459, 9.4469042, 9.6829967, 9.7998152, 9.8984728, 19.977270, 19.991983, 19.961056, 19.888325, 0.25906315, 0.29401845, 0.34446904, 0.34682995, 0.34799814, 0.34898472, 0.34988636, 0.34995991, 0.34980530, 0.34944162, 0.36777264
0.16249862, 0.99626052, 0.29890805, 0.44321418, 2.9643774, 9.2782669, 9.6735859, 9.7915621, 9.8922043, 19.973957, 19.988562, 19.947250, 19.880478, 0.25443169, 0.27964196, 0.34277982, 0.34673527, 0.34791532, 0.34892195, 0.34986979, 0.34994280, 0.34973624, 0.34940240, 0.29890805
0.15116437, 0.85938710, 0.25784191, 0.12468398, 2.5291653, 8.4688454, 9.6861248, 9.7969246, 9.8925705, 19.971281, 19.983646, 19.933290, 19.874590, 0.25124684, 0.27529165, 0.33468845, 0.34686124, 0.34796923, 0.34892571, 0.34985641, 0.34991825, 0.34966645, 0.34937295, 0.25784191
0.14171593, 0.74528682, 0.22360842, 0.0000000, 2.0481796, 7.5702639, 9.6664801, 9.7855864, 9.8870411, 19.967802, 19.976576, 19.919909, 19.870207, 0.24999927, 0.27047974, 0.32569882, 0.34666380, 0.34785536, 0.34887022, 0.34983900, 0.34988287, 0.34959954, 0.34935105, 0.22360842
0.13404202, 0.65261614, 0.19580443, 0.0000000, 1.6011685, 6.6159086, 9.6495972, 9.7746000, 9.8816099, 19.964546, 19.967642, 19.907827, 19.867006, 0.24999927, 0.26600841, 0.31615230, 0.34649402, 0.34774500, 0.34881577, 0.34982273, 0.34983820, 0.34953913, 0.34933501, 0.19580443
0.12549134, 0.54935730, 0.16482367, 0.0000000, 1.1218727, 5.5174875, 9.6139078, 9.7521009, 9.8705168, 19.959772, 19.956707, 19.897284, 19.864681, 0.24999927, 0.26121873, 0.30517489, 0.34613907, 0.34752101, 0.34870517, 0.34979886, 0.34978354, 0.34948641, 0.34932339, 0.16482367
0.11783876, 0.45694411, 0.13709694, 0.0000000, 0.74289739, 4.4344306, 9.5900402, 9.7362432, 9.8623495, 19.955168, 19.944796, 19.888521, 19.863014, 0.24999927, 0.25742745, 0.29433978, 0.34589845, 0.34736145, 0.34862316, 0.34977585, 0.34972399, 0.34944260, 0.34931508, 0.13709694
0.11042111, 0.36736795, 0.11022141, 0.0000000, 0.41697919, 3.3036871, 9.5538740, 9.7130718, 9.8509216, 19.949446, 19.932367, 19.881418, 19.861832, 0.24999927, 0.25416979, 0.28303689, 0.34553874, 0.34713072, 0.34850922, 0.34974724, 0.34966183, 0.34940708, 0.34930915, 0.11022141
0.18258882, 1.0000000, 0.37169862, 1.8554837, 3.1023793, 9.1792135, 9.5516462, 9.7385225, 9.8590097, 19.943537, 19.920406, 19.875854, 19.860979, 0.26855218, 0.28102115, 0.34178820, 0.34551567, 0.34738481, 0.34858996, 0.34971768, 0.34960204, 0.34937927, 0.34930488, 0.37169862
0.22919187, 1.0000000, 0.54055023, 2.6941657, 7.2178969, 9.3899937, 9.6282101, 9.7583857, 9.8657532, 19.934361, 19.908714, 19.871407, 19.860355, 0.27694166, 0.32217896, 0.34389994, 0.34628209, 0.34758386, 0.34865755, 0.34967181, 0.34954357, 0.34935704, 0.34930179, 0.54055023
0.26960748, 1.0000000, 0.68698364, 4.3489766, 9.2547255, 9.5432444, 9.7036276, 9.7995224, 9.8829556, 19.926973, 19.898901, 19.868135, 19.859951, 0.29348901, 0.34254631, 0.34543198, 0.34703618, 0.34799516, 0.34882954, 0.34963486, 0.34949452, 0.34934068, 0.34929976, 0.68698364
0.35397881, 1.0000000, 0.99267685, 9.8976755, 9.9418974, 9.9705992, 9.9940147, 9.9969959, 9.9989948, 19.999998, 19.999998, 19.998341, 19.935440, 0.34897676, 0.34941897, 0.34970599, 0.34994015, 0.34996995, 0.34998995, 0.34999999, 0.34999999, 0.34999171, 0.34967721, 0.99267685
0.33788866, 1.0000000, 0.93437904, 9.0454302, 9.5455036, 9.7372770, 9.9183207, 9.9576683, 9.9834242, 19.997715, 19.999399, 19.991755, 19.917974, 0.34045431, 0.34545505, 0.34737277, 0.34918320, 0.34957668, 0.34983423, 0.34998858, 0.34999698, 0.34995878, 0.34958988, 0.93437904
0.30182886, 1.0000000, 0.80372769, 6.6038046, 9.3441734, 9.5919514, 9.8303347, 9.9074383, 9.9614515, 19.993778, 19.998190, 19.982107, 19.903584, 0.31603804, 0.34344172, 0.34591952, 0.34830335, 0.34907439, 0.34961450, 0.34996888, 0.34999096, 0.34991053, 0.34951791, 0.80372769
0.26723284, 1.0000000, 0.67837977, 4.1425414, 9.2977047, 9.5472393, 9.7778635, 9.8717842, 9.9432869, 19.990269, 19.996593, 19.970020, 19.892151, 0.29142541, 0.34297705, 0.34547240, 0.34777862, 0.34871784, 0.34943289, 0.34995133, 0.34998298, 0.34985012, 0.34946075, 0.67837977
0.24355240, 1.0000000, 0.59258115, 2.8077364, 8.6620388, 9.5535231, 9.7637968, 9.8573732, 9.9334345, 19.988131, 19.994423, 19.956339, 19.883389, 0.27807620, 0.33661827, 0.34553406, 0.34763771, 0.34857363, 0.34933433, 0.34994066, 0.34997213, 0.34978169, 0.34941694, 0.59258115
0.22489487, 1.0000000, 0.52498138, 2.2592158, 7.3343687, 9.5345917, 9.7490215, 9.8451061, 9.9248495, 19.985712, 19.990761, 19.941971, 19.876757, 0.27259165, 0.32334268, 0.34534526, 0.34749010, 0.34845102, 0.34924847, 0.34992856, 0.34995380, 0.34970987, 0.34938377, 0.52498138
0.20439230, 1.0000000, 0.45069671, 1.6761333, 5.8497157, 9.5041094, 9.7266817, 9.8292294, 9.9150429, 19.982634, 19.985044, 19.927855, 19.871824, 0.26675814, 0.30849048, 0.34503567, 0.34726572, 0.34829172, 0.34915024, 0.34991318, 0.34992522, 0.34963927, 0.34935912, 0.45069671
0.18618071, 1.0000000, 0.38471270, 1.2030333, 4.4490027, 9.4861927, 9.7141132, 9.8194551, 9.9085331, 19.979872, 19.977331, 19.914787, 19.868210, 0.26202852, 0.29448605, 0.34485766, 0.34714028, 0.34819409, 0.34908518, 0.34989935, 0.34988666, 0.34957394, 0.34934103, 0.38471270
0.16366060, 1.0000000, 0.30311811, 0.59451461, 2.9434772, 9.0986147, 9.6647272, 9.7887182, 9.8929968, 19.974960, 19.967102, 19.903122, 19.865559, 0.25594443, 0.27943268, 0.34098291, 0.34664658, 0.34788683, 0.34892985, 0.34987479, 0.34983552, 0.34951562, 0.34932780, 0.30311811
0.14628416, 0.80045313, 0.24015996, 0.12162328, 2.2563279, 7.8613129, 9.6284256, 9.7641525, 9.8796320, 19.969530, 19.955261, 19.893242, 19.863642, 0.25121620, 0.27256295, 0.32861254, 0.34628412, 0.34764147, 0.34879628, 0.34984764, 0.34977630, 0.34946620, 0.34931821, 0.24015996
0.13396145, 0.65164310, 0.19551249, 0.0000000, 1.6379893, 6.5366731, 9.5995493, 9.7437277, 9.8682480, 19.963751, 19.942606, 19.885176, 19.862261, 0.24997434, 0.26637575, 0.31535852, 0.34599307, 0.34743604, 0.34868205, 0.34981877, 0.34971303, 0.34942588, 0.34931129, 0.19551249
0.12586321, 0.55384803, 0.16617103, 0.0000000, 1.2023449, 5.4513607, 9.6048222, 9.7445927, 9.8660908, 19.957094, 19.929794, 19.878700, 19.861273, 0.24997434, 0.26201835, 0.30450207, 0.34604418, 0.34744388, 0.34866023, 0.34978548, 0.34964898, 0.34939349, 0.34930637, 0.16617103
0.11859042, 0.46602127, 0.13982037, 0.0000000, 0.84230006, 4.4170022, 9.5942211, 9.7378969, 9.8622684, 19.949554, 19.917542, 19.873682, 19.860579, 0.24997434, 0.25841969, 0.29416138, 0.34593844, 0.34737706, 0.34862202, 0.34974778, 0.34958771, 0.34936839, 0.34930289, 0.13982037
0.11180878, 0.38412559, 0.11524920, 0.0000000, 0.52843690, 3.4093161, 9.5788965, 9.7276659, 9.8562775, 19.940325, 19.906183, 19.869757, 19.860085, 0.24997434, 0.25528437, 0.28409317, 0.34578896, 0.34727666, 0.34856278, 0.34970161, 0.34953091, 0.34934878, 0.34930041, 0.11524920
0.10605193, 0.31460533, 0.94391041E-1, 0.0000000, 0.23764074, 2.6753216, 9.2197218, 9.7053890, 9.8442335, 19.929333, 19.895945, 19.866745, 19.859709, 0.24997434, 0.25237584, 0.27675000, 0.34219500, 0.34705272, 0.34844196, 0.34964666, 0.34947973, 0.34933373, 0.34929854, 0.94391041E-1
0.10188456, 0.26427987, 0.79291895E-1, 0.0000000, 0.36999583E-1, 2.1863489, 8.6465874, 9.6913624, 9.8352003, 19.918285, 19.887341, 19.864477, 19.859440, 0.24997434, 0.25036985, 0.27185947, 0.33646268, 0.34691185, 0.34835142, 0.34959143, 0.34943670, 0.34932238, 0.34929720, 0.79291895E-1
0.99259734E-1, 0.23258223, 0.69781646E-1, 0.0000000, 0.0000000, 1.7486244, 8.0457735, 9.6756115, 9.8259964, 19.907873, 19.880371, 19.862829, 19.859287, 0.24997434, 0.24999598, 0.26748011, 0.33045211, 0.34675270, 0.34825879, 0.34953937, 0.34940186, 0.34931415, 0.34929645, 0.69781646E-1
0.96088812E-1, 0.19428989, 0.58292799E-1, 0.0000000, 0.0000000, 1.1704862, 7.1451197, 9.6035166, 9.7897444, 19.895828, 19.874201, 19.861486, 19.859163, 0.24997434, 0.24999598, 0.26170486, 0.32145119, 0.34603518, 0.34789744, 0.34947914, 0.34937102, 0.34930742, 0.34929582, 0.58292799E-1
0.93720853E-1, 0.16569424, 0.49713243E-1, 0.0000000, 0.0000000, 0.77680647, 6.2620182, 9.5947981, 9.7797594, 19.885775, 19.869503, 19.860533, 19.859064, 0.24997434, 0.24999598, 0.25776488, 0.31261504, 0.34594402, 0.34779626, 0.34942886, 0.34934753, 0.34930265, 0.34929532, 0.49713243E-1
0.91221415E-1, 0.13551079, 0.40657301E-1, 0.0000000, 0.0000000, 0.39969981, 5.1620035, 9.5350742, 9.7480955, 19.875740, 19.865520, 19.859751, 19.858963, 0.24997434, 0.24999598, 0.25399667, 0.30161920, 0.34534997, 0.34748068, 0.34937871, 0.34932759, 0.34929875, 0.34929481, 0.40657301E-1
0.89029841E-1, 0.10904519, 0.32716829E-1, 0.0000000, 0.0000000, 0.12828112, 3.9049804, 9.4819613, 9.7173853, 19.866804, 19.862322, 19.859156, 19.858856, 0.24997434, 0.24999598, 0.25128195, 0.28904450, 0.34481317, 0.34717166, 0.34933403, 0.34931162, 0.34929579, 0.34929428, 0.32716829E-1
0.87565303E-1, 0.91359273E-1, 0.27410524E-1, 0.0000000, 0.0000000, 0.0000000, 2.9390783, 9.1641979, 9.7017241, 19.860596, 19.860163, 19.858772, 19.858805, 0.24997434, 0.24999598, 0.24999361, 0.27938390, 0.34163120, 0.34701344, 0.34930298, 0.34930080, 0.34929386, 0.34929401, 0.27410524E-1
0.86924560E-1, 0.83621591E-1, 0.25088986E-1, 0.0000000, 0.0000000, 0.0000000, 2.5547683, 8.3855095, 9.6985550, 19.855577, 19.858515, 19.858423, 19.858757, 0.24997434, 0.24999598, 0.24999361, 0.27554274, 0.33384696, 0.34698242, 0.34927788, 0.34929258, 0.34929210, 0.34929377, 0.25088986E-1
0.86331174E-1, 0.76455854E-1, 0.22939051E-1, 0.0000000, 0.0000000, 0.0000000, 2.2126646, 7.6387105, 9.6949997, 19.852150, 19.857388, 19.858194, 19.858709, 0.24997434, 0.24999598, 0.24999361, 0.27211908, 0.32637402, 0.34694445, 0.34926075, 0.34928694, 0.34929097, 0.34929353, 0.22939051E-1
0.85673839E-1, 0.68517804E-1, 0.20557398E-1, 0.0000000, 0.0000000, 0.0000000, 1.8426269, 6.7975054, 9.6737432, 19.848370, 19.856228, 19.857988, 19.858683, 0.24997434, 0.24999598, 0.24999361, 0.26842046, 0.31796429, 0.34673235, 0.34924185, 0.34928113, 0.34928995, 0.34929341, 0.20557398E-1
0.85157543E-1, 0.62282983E-1, 0.18686764E-1, 0.0000000, 0.0000000, 0.0000000, 1.5790612, 6.0735826, 9.6838732, 19.848593, 19.856205, 19.858084, 19.858709, 0.24997434, 0.24999598, 0.24999361, 0.26578635, 0.31072760, 0.34683436, 0.34924296, 0.34928101, 0.34929043, 0.34929353, 0.18686764E-1
0.14703220, 0.80948657, 0.24287026, 2.3336351, 2.2466242, 2.4559796, 2.2353201, 6.9387755, 9.7727976, 19.846743, 19.855650, 19.858002, 19.858698, 0.27332938, 0.27246222, 0.27455759, 0.27235281, 0.31938714, 0.34772769, 0.34923372, 0.34927824, 0.34929001, 0.34929350, 0.24287026
0.14596204, 0.79656333, 0.23899290, 2.5697083, 1.8460780, 2.2359490, 2.1712959, 6.7762508, 9.8152246, 19.846529, 19.855572, 19.858036, 19.858709, 0.27569708, 0.26846078, 0.27235949, 0.27171296, 0.31776249, 0.34815225, 0.34923264, 0.34927785, 0.34929019, 0.34929353, 0.23899290
0.15263443, 0.87713963, 0.26316822, 2.4917781, 2.3868442, 2.3689330, 4.3406448, 8.9986696, 9.8400583, 19.847570, 19.855856, 19.858166, 19.858709, 0.27491778, 0.27386844, 0.27368933, 0.29340646, 0.33998668, 0.34840059, 0.34923786, 0.34927928, 0.34929082, 0.34929353, 0.26316822
0.14660159, 0.80428648, 0.24131007, 2.2042184, 2.2240491, 2.2866309, 3.5435727, 9.6795473, 9.8563147, 19.849274, 19.856312, 19.858236, 19.858709, 0.27204219, 0.27224049, 0.27286631, 0.28543574, 0.34679547, 0.34856313, 0.34924638, 0.34928155, 0.34929118, 0.34929353, 0.24131007
0.12884668, 0.58987677, 0.17698073, 1.3345540, 1.6988248, 2.0066051, 3.2252717, 9.7276421, 9.8438120, 19.847837, 19.855934, 19.858131, 19.858709, 0.26334554, 0.26698825, 0.27006605, 0.28225273, 0.34727642, 0.34843811, 0.34923917, 0.34927967, 0.34929067, 0.34929353, 0.17698073
0.15344842, 0.88696945, 0.26611745, 2.4859161, 2.3613274, 2.2038996, 6.1629620, 9.6803999, 9.8276892, 19.846245, 19.855515, 19.858036, 19.858709, 0.27485916, 0.27361327, 0.27203900, 0.31162962, 0.34680399, 0.34827688, 0.34923121, 0.34927756, 0.34929019, 0.34929353, 0.26611745
0.35600001, 1.0000000, 1.0000000, 9.9999990, 9.9999990, 9.9999990, 9.9999990, 9.9999990, 9.9999990, 19.999998, 19.999998, 19.999998, 19.997997, 0.34999999, 0.34999999, 0.34999999, 0.34999999, 0.34999999, 0.34999999, 0.34999999, 0.34999999, 0.34999999, 0.34998998, 1.0000000
0.33381200, 1.0000000, 0.91960859, 8.7519426, 9.5411825, 9.7380772, 9.9237089, 9.9607010, 9.9850664, 19.998318, 19.999563, 19.999611, 19.974239, 0.33751944, 0.34541184, 0.34738076, 0.34923708, 0.34960702, 0.34985065, 0.34999159, 0.34999782, 0.34999806, 0.34987119, 0.91960859
0.30217016, 1.0000000, 0.80496436, 6.5952692, 9.3842278, 9.6187048, 9.8454208, 9.9162397, 9.9656858, 19.994892, 19.998669, 19.997713, 19.951899, 0.31595269, 0.34384227, 0.34618706, 0.34845421, 0.34916240, 0.34965685, 0.34997445, 0.34999335, 0.34998858, 0.34975949, 0.80496436
0.25521284, 1.0000000, 0.63482910, 3.3373308, 9.2189274, 9.4928741, 9.7496185, 9.8563175, 9.9367437, 19.989126, 19.997154, 19.993271, 19.931929, 0.28337330, 0.34218928, 0.34492874, 0.34749618, 0.34856316, 0.34936744, 0.34994563, 0.34998578, 0.34996635, 0.34965965, 0.63482910
0.22046670, 1.0000000, 0.50893730, 1.9635618, 7.3452754, 9.4425192, 9.6944761, 9.8154240, 9.9129887, 19.983429, 19.995539, 19.985937, 19.914989, 0.26963562, 0.32345277, 0.34442520, 0.34694475, 0.34815425, 0.34912989, 0.34991714, 0.34997770, 0.34992969, 0.34957495, 0.50893730
0.19469294, 1.0000000, 0.41555408, 1.2425333, 5.4382334, 9.4405670, 9.6798105, 9.7997665, 9.9002657, 19.978819, 19.993839, 19.975891, 19.901146, 0.26242429, 0.30437955, 0.34440327, 0.34679762, 0.34799743, 0.34900257, 0.34989411, 0.34996921, 0.34987944, 0.34950572, 0.41555408
0.17133835, 1.0000000, 0.33093607, 0.62317848, 3.6528394, 9.4371605, 9.6685276, 9.7888794, 9.8911581, 19.974190, 19.991444, 19.963560, 19.890245, 0.25623178, 0.28652841, 0.34437162, 0.34668529, 0.34788880, 0.34891158, 0.34987095, 0.34995723, 0.34981781, 0.34945124, 0.33093607
0.21640691, 1.0000000, 0.49422795, 2.8424501, 5.4070616, 9.4119902, 9.6898584, 9.7984333, 9.8929243, 19.971756, 19.988493, 19.949997, 19.881920, 0.27842450, 0.30407062, 0.34411991, 0.34689859, 0.34798434, 0.34892923, 0.34985879, 0.34994248, 0.34974998, 0.34940961, 0.49422795
0.35600001, 1.0000000, 1.0000000, 9.9999990, 9.9999990, 9.9999990, 9.9999990, 9.9999990, 9.9999990, 19.999998, 19.999998, 19.999998, 19.995995, 0.34999999, 0.34999999, 0.34999999, 0.34999999, 0.34999999, 0.34999999, 0.34999999, 0.34999999, 0.34999999, 0.34997997, 1.0000000
0.35600001, 1.0000000, 1.0000000, 9.9999990, 9.9999990, 9.9999990, 9.9999990, 9.9999990, 9.9999990, 19.999998, 19.999998, 19.999992, 19.997997, 0.34999999, 0.34999999, 0.34999999, 0.34999999, 0.34999999, 0.34999999, 0.34999999, 0.34999999, 0.34999996, 0.34998998, 1.0000000
0.33231962, 1.0000000, 0.91420138, 8.6248941, 9.5652742, 9.7519350, 9.9274940, 9.9626465, 9.9857616, 19.998360, 19.999569, 19.999786, 19.981079, 0.33624893, 0.34565276, 0.34751934, 0.34927493, 0.34962648, 0.34985763, 0.34999180, 0.34999785, 0.34999892, 0.34990540, 0.91420138
0.30614060, 1.0000000, 0.81934994, 6.9302611, 9.3271341, 9.5799866, 9.8276005, 9.9062243, 9.9617300, 19.994583, 19.998587, 19.998407, 19.958191, 0.31930262, 0.34327134, 0.34579986, 0.34827602, 0.34906223, 0.34961730, 0.34997290, 0.34999293, 0.34999204, 0.34979096, 0.81934994
0.34834623, 1.0000000, 0.97226894, 9.7630463, 9.6566715, 9.6728315, 9.8310308, 9.9016666, 9.9566345, 19.993153, 19.998209, 19.995035, 19.937508, 0.34763047, 0.34656671, 0.34672832, 0.34831029, 0.34901667, 0.34956634, 0.34996575, 0.34999105, 0.34997517, 0.34968755, 0.97226894
0.33214355, 1.0000000, 0.91356343, 8.6848364, 9.5002451, 9.6676550, 9.8265724, 9.8957291, 9.9519644, 19.992128, 19.997894, 19.988935, 19.919712, 0.33684838, 0.34500244, 0.34667656, 0.34826571, 0.34895730, 0.34951964, 0.34996063, 0.34998947, 0.34994468, 0.34959856, 0.91356343
0.35461062, 1.0000000, 0.99496597, 9.9298964, 9.9597301, 9.9796715, 9.9958467, 9.9979191, 9.9993048, 19.999992, 19.999998, 19.999983, 19.990009, 0.34929895, 0.34959731, 0.34979671, 0.34995848, 0.34997919, 0.34999305, 0.34999996, 0.34999999, 0.34999990, 0.34995005, 0.99496597
0.33052886, 1.0000000, 0.90771317, 8.5365858, 9.5144739, 9.7190809, 9.9131899, 9.9550438, 9.9825058, 19.997675, 19.999397, 19.999224, 19.966581, 0.33536586, 0.34514475, 0.34719080, 0.34913188, 0.34955043, 0.34982505, 0.34998837, 0.34999698, 0.34999612, 0.34983289, 0.90771317
0.29400283, 1.0000000, 0.77537262, 6.0404515, 9.3404493, 9.5875826, 9.8277826, 9.9058285, 9.9612417, 19.994345, 19.998528, 19.996622, 19.944950, 0.31040451, 0.34340450, 0.34587583, 0.34827784, 0.34905827, 0.34961241, 0.34997171, 0.34999263, 0.34998310, 0.34972474, 0.77537262
0.25179994, 1.0000000, 0.62246352, 3.0741889, 9.2382002, 9.5054598, 9.7561445, 9.8589697, 9.9383898, 19.990650, 19.997534, 19.991383, 19.925964, 0.28074190, 0.34238201, 0.34505460, 0.34756145, 0.34858969, 0.34938389, 0.34995323, 0.34998769, 0.34995693, 0.34962982, 0.62246352
0.22143365, 1.0000000, 0.51244074, 2.0705998, 7.2727003, 9.4614906, 9.7085066, 9.8238554, 9.9178457, 19.986210, 19.996176, 19.983187, 19.910055, 0.27070504, 0.32272497, 0.34461361, 0.34708479, 0.34823841, 0.34917840, 0.34993106, 0.34998089, 0.34991592, 0.34955028, 0.51244074
0.20042318, 1.0000000, 0.43631580, 1.5378624, 5.6206226, 9.4683027, 9.7052002, 9.8161554, 9.9101324, 19.984131, 19.995010, 19.972458, 19.897251, 0.26537755, 0.30620390, 0.34468105, 0.34705159, 0.34816134, 0.34910128, 0.34992066, 0.34997505, 0.34986228, 0.34948626, 0.43631580
0.18078718, 1.0000000, 0.36517096, 1.0771334, 4.0281677, 9.4485664, 9.6931038, 9.8064690, 9.9033070, 19.982214, 19.993134, 19.959732, 19.887287, 0.26077133, 0.29028168, 0.34448567, 0.34693104, 0.34806469, 0.34903306, 0.34991106, 0.34996566, 0.34979865, 0.34943643, 0.36517096
0.17833641, 1.0000000, 0.35629135, 1.5731364, 2.9687583, 9.3197145, 9.7062063, 9.8118601, 9.9034042, 19.980785, 19.990108, 19.945980, 19.879700, 0.26573029, 0.27968636, 0.34319520, 0.34706166, 0.34811839, 0.34903398, 0.34990394, 0.34995055, 0.34972990, 0.34939849, 0.35629135
0.16228327, 0.99365991, 0.29812780, 1.0046333, 2.4494796, 8.3820972, 9.6795712, 9.7959347, 9.8952694, 19.977762, 19.984978, 19.931992, 19.873995, 0.26004633, 0.27449480, 0.33382097, 0.34679571, 0.34795934, 0.34895271, 0.34988880, 0.34992489, 0.34965995, 0.34936997, 0.29812780
0.14567372, 0.79308164, 0.23794830, 0.46150088, 1.8947512, 7.2995877, 9.6447182, 9.7738304, 9.8840017, 19.973919, 19.977661, 19.918663, 19.869781, 0.25461501, 0.26894751, 0.32299587, 0.34644717, 0.34773830, 0.34884003, 0.34986961, 0.34988829, 0.34959331, 0.34934890, 0.23794830
0.13290276, 0.63885820, 0.19167663, 0.12826025, 1.4446765, 6.2313533, 9.6295967, 9.7626123, 9.8776274, 19.970984, 19.968603, 19.906755, 19.866718, 0.25128222, 0.26444420, 0.31230804, 0.34629425, 0.34762526, 0.34877598, 0.34985492, 0.34984303, 0.34953377, 0.34933358, 0.19167663
0.12585072, 0.55369729, 0.16612580, 0.0000000, 1.1847556, 5.4658256, 9.6624441, 9.7799139, 9.8835354, 19.968634, 19.958111, 19.896555, 19.864513, 0.24999316, 0.26184708, 0.30465716, 0.34662405, 0.34779891, 0.34883529, 0.34984317, 0.34979054, 0.34948277, 0.34932256, 0.16612580
0.14331821, 0.76463622, 0.22941381, 1.6001403, 0.94996691, 4.8185964, 9.6708527, 9.7861414, 9.8862791, 19.964817, 19.946272, 19.888014, 19.862913, 0.26600060, 0.25949937, 0.29818526, 0.34670824, 0.34786126, 0.34886274, 0.34982407, 0.34973136, 0.34944007, 0.34931457, 0.22941381
0.14597240, 0.79668838, 0.23903042, 2.1856248, 0.68996549, 4.0352721, 9.6430902, 9.7703714, 9.8799114, 19.959660, 19.933903, 19.881092, 19.861761, 0.27185568, 0.25689954, 0.29035243, 0.34643075, 0.34770367, 0.34879908, 0.34979829, 0.34966952, 0.34940547, 0.34930879, 0.23903042
0.13159710, 0.62309110, 0.18694602, 1.4690638, 0.51320195, 3.3064091, 9.6375885, 9.7660456, 9.8775749, 19.954233, 19.921972, 19.875669, 19.860950, 0.26469064, 0.25513202, 0.28306410, 0.34637588, 0.34766045, 0.34877574, 0.34977117, 0.34960985, 0.34937835, 0.34930474, 0.18694602
0.11717005, 0.44886878, 0.13467410, 0.75241625, 0.27499497, 2.7453840, 9.3620186, 9.7434855, 9.8662224, 19.945187, 19.910242, 19.871330, 19.860355, 0.25752261, 0.25274962, 0.27745214, 0.34361902, 0.34743425, 0.34866202, 0.34972593, 0.34955120, 0.34935665, 0.34930179, 0.13467410
0.10720319, 0.32850811, 0.98562293E-1, 0.28413832, 0.10308623, 2.3367584, 8.9032059, 9.7268658, 9.8566074, 19.935619, 19.899872, 19.868036, 19.859938, 0.25283971, 0.25103050, 0.27336347, 0.33902892, 0.34726691, 0.34856552, 0.34967810, 0.34949934, 0.34934017, 0.34929970, 0.98562293E-1
0.17920175, 1.0000000, 0.35942659, 2.1634550, 2.7331085, 8.0712910, 9.5281105, 9.7792349, 9.8759260, 19.926929, 19.891323, 19.865644, 19.859638, 0.27163455, 0.27733108, 0.33071291, 0.34528109, 0.34779236, 0.34875926, 0.34963465, 0.34945661, 0.34932822, 0.34929818, 0.35942659
0.30702984, 1.0000000, 0.82257193, 7.3997416, 8.8497066, 9.2330875, 9.6584883, 9.7880373, 9.8795156, 19.917295, 19.884031, 19.863808, 19.859451, 0.32399741, 0.33849707, 0.34233087, 0.34658489, 0.34788036, 0.34879515, 0.34958649, 0.34942016, 0.34931904, 0.34929726, 0.82257193
0.29919401, 1.0000000, 0.79418117, 6.4331479, 9.3497705, 9.5473385, 9.7191525, 9.8128204, 9.8876972, 19.907333, 19.877970, 19.862411, 19.859299, 0.31433147, 0.34349769, 0.34547338, 0.34719151, 0.34812820, 0.34887698, 0.34953666, 0.34938985, 0.34931207, 0.34929651, 0.79418117
0.28106254, 1.0000000, 0.72848749, 5.0186734, 9.4720297, 9.6280155, 9.7582989, 9.8337383, 9.8942642, 19.898022, 19.873140, 19.861412, 19.859251, 0.30018672, 0.34472030, 0.34628016, 0.34758300, 0.34833738, 0.34894264, 0.34949011, 0.34936571, 0.34930706, 0.34929627, 0.72848749
0.25807977, 1.0000000, 0.64521652, 3.4216733, 9.3803473, 9.5835562, 9.7571220, 9.8340454, 9.8933544, 19.890154, 19.869484, 19.860710, 19.859217, 0.28421673, 0.34380347, 0.34583557, 0.34757122, 0.34834045, 0.34893355, 0.34945077, 0.34934741, 0.34930354, 0.34929609, 0.64521652
0.23657092, 1.0000000, 0.56728595, 2.5030136, 8.3371000, 9.5417986, 9.7387962, 9.8236246, 9.8869038, 19.882277, 19.866390, 19.860111, 19.859163, 0.27503014, 0.33337098, 0.34541798, 0.34738797, 0.34823626, 0.34886903, 0.34941137, 0.34933195, 0.34930056, 0.34929582, 0.56728595
0.21147594, 1.0000000, 0.47636211, 1.7773747, 6.5531425, 9.4773502, 9.7004490, 9.8001738, 9.8743315, 19.874220, 19.863655, 19.859592, 19.859087, 0.26777375, 0.31553143, 0.34477350, 0.34700447, 0.34800175, 0.34874332, 0.34937111, 0.34931827, 0.34929797, 0.34929544, 0.47636211
0.35598469, 1.0000000, 0.99994451, 9.9993286, 9.9995975, 9.9997969, 9.9999609, 9.9999790, 9.9999933, 19.999998, 19.999998, 19.999998, 19.994993, 0.34999236, 0.34999540, 0.34999770, 0.34999955, 0.34999976, 0.34999993, 0.34999999, 0.34999999, 0.34999999, 0.34997496, 0.99994451
0.35600001, 1.0000000, 1.0000000, 9.9999990, 9.9999990, 9.9999990, 9.9999990, 9.9999990, 9.9999990, 19.999998, 19.999998, 19.999998, 19.997997, 0.34999999, 0.34999999, 0.34999999, 0.34999999, 0.34999999, 0.34999999, 0.34999999, 0.34999999, 0.34999999, 0.34998998, 1.0000000
0.34175682, 1.0000000, 0.94839424, 9.2013683, 9.6998901, 9.8343983, 9.9517117, 9.9752703, 9.9901409, 19.998402, 19.999582, 19.999611, 19.974253, 0.34201369, 0.34699890, 0.34834397, 0.34951711, 0.34975269, 0.34990141, 0.34999201, 0.34999791, 0.34999806, 0.34987128, 0.94839424
0.35066438, 1.0000000, 0.98066807, 9.7168188, 9.8650103, 9.9291573, 9.9842520, 9.9920721, 9.9972677, 19.999922, 19.999981, 19.999933, 19.984056, 0.34716818, 0.34865010, 0.34929156, 0.34984252, 0.34992072, 0.34997267, 0.34999961, 0.34999990, 0.34999967, 0.34992027, 0.98066807
0.34802026, 1.0000000, 0.97108787, 9.5709457, 9.8060560, 9.8969946, 9.9750795, 9.9874010, 9.9954205, 19.999622, 19.999903, 19.999922, 19.984043, 0.34570944, 0.34806055, 0.34896994, 0.34975079, 0.34987402, 0.34995419, 0.34999812, 0.34999952, 0.34999961, 0.34992021, 0.97108787
0.33451819, 1.0000000, 0.92216736, 8.7953005, 9.5530214, 9.7408628, 9.9222269, 9.9597216, 9.9849272, 19.998623, 19.999641, 19.998932, 19.961004, 0.33795300, 0.34553021, 0.34740862, 0.34922227, 0.34959722, 0.34984928, 0.34999311, 0.34999821, 0.34999466, 0.34980503, 0.92216736
0.35598302, 1.0000000, 0.99993849, 9.9996891, 9.9998150, 9.9999065, 9.9998102, 9.9813652, 9.9789381, 19.997608, 19.999386, 19.995907, 19.940001, 0.34999689, 0.34999815, 0.34999907, 0.34999812, 0.34981364, 0.34978938, 0.34998804, 0.34999692, 0.34997952, 0.34970000, 0.99993849
0.35600001, 1.0000000, 1.0000000, 9.9999990, 9.9999990, 9.9999990, 9.9999990, 9.9999990, 9.9999990, 19.999998, 19.999998, 19.999998, 19.996996, 0.34999999, 0.34999999, 0.34999999, 0.34999999, 0.34999999, 0.34999999, 0.34999999, 0.34999999, 0.34999999, 0.34998497, 1.0000000
0.33066231, 1.0000000, 0.90819675, 8.5222263, 9.5433140, 9.7384224, 9.9249115, 9.9613476, 9.9855843, 19.998657, 19.999653, 19.999758, 19.978153, 0.33522227, 0.34543315, 0.34738421, 0.34924912, 0.34961349, 0.34985584, 0.34999329, 0.34999827, 0.34999877, 0.34989077, 0.90819675
0.31991941, 1.0000000, 0.86927307, 7.8578415, 9.4127254, 9.6369467, 9.8582888, 9.9235010, 9.9698496, 19.996744, 19.999159, 19.998276, 19.955513, 0.32857841, 0.34412724, 0.34636948, 0.34858289, 0.34923500, 0.34969848, 0.34998372, 0.34999579, 0.34999138, 0.34977758, 0.86927307
0.30249643, 1.0000000, 0.80614638, 6.5976610, 9.4174786, 9.6285191, 9.8265562, 9.9013786, 9.9586849, 19.995161, 19.998739, 19.994568, 19.935150, 0.31597662, 0.34417480, 0.34628519, 0.34826556, 0.34901378, 0.34958684, 0.34997579, 0.34999371, 0.34997284, 0.34967574, 0.80614638
0.29347283, 1.0000000, 0.77345222, 5.8637471, 9.5219793, 9.6857624, 9.8309746, 9.8992119, 9.9545078, 19.993694, 19.998293, 19.988062, 19.917732, 0.30863747, 0.34521979, 0.34685761, 0.34830976, 0.34899211, 0.34954506, 0.34996846, 0.34999147, 0.34994030, 0.34958866, 0.77345222
0.27214116, 1.0000000, 0.69616359, 4.4216371, 9.3919888, 9.6079321, 9.8028460, 9.8812799, 9.9452868, 19.992271, 19.997599, 19.978672, 19.903406, 0.29421636, 0.34391987, 0.34607932, 0.34802845, 0.34881279, 0.34945285, 0.34996134, 0.34998798, 0.34989336, 0.34951705, 0.69616359
0.24837649, 1.0000000, 0.61005974, 2.9839902, 8.9368382, 9.5781183, 9.7779808, 9.8643427, 9.9354944, 19.990057, 19.996119, 19.966829, 19.892044, 0.27983865, 0.33936611, 0.34577996, 0.34777957, 0.34864330, 0.34935492, 0.34995028, 0.34998059, 0.34983414, 0.34946021, 0.61005974
0.26304948, 1.0000000, 0.66322279, 3.7455211, 9.3879452, 9.6734505, 9.8094215, 9.8788242, 9.9392557, 19.989887, 19.994198, 19.953543, 19.883333, 0.28745431, 0.34387812, 0.34673381, 0.34809408, 0.34878817, 0.34939253, 0.34994942, 0.34997100, 0.34976771, 0.34941667, 0.66322279
0.27717185, 1.0000000, 0.71439070, 4.6265154, 9.5934925, 9.7295656, 9.8352365, 9.8926382, 9.9439373, 19.989641, 19.990810, 19.939667, 19.876757, 0.29626516, 0.34593493, 0.34729564, 0.34835237, 0.34892637, 0.34943938, 0.34994820, 0.34995407, 0.34969833, 0.34938377, 0.71439070
0.26488364, 1.0000000, 0.66986823, 3.7843673, 9.5313416, 9.6935558, 9.8321800, 9.8918123, 9.9436989, 19.989016, 19.985422, 19.926052, 19.871859, 0.28784367, 0.34531343, 0.34693557, 0.34832180, 0.34891814, 0.34943700, 0.34994507, 0.34992713, 0.34963027, 0.34935930, 0.66986823
0.26893818, 1.0000000, 0.68455863, 4.1387534, 9.4563370, 9.6463051, 9.8143005, 9.8823118, 9.9397917, 19.987686, 19.977837, 19.913410, 19.868269, 0.29138753, 0.34456336, 0.34646305, 0.34814301, 0.34882313, 0.34939793, 0.34993842, 0.34988919, 0.34956706, 0.34934133, 0.68455863
0.24856372, 1.0000000, 0.61073810, 2.9819787, 8.9742298, 9.5574303, 9.7676973, 9.8556967, 9.9280519, 19.984566, 19.967871, 19.902195, 19.865618, 0.27981979, 0.33974230, 0.34557432, 0.34767696, 0.34855697, 0.34928054, 0.34992284, 0.34983936, 0.34951097, 0.34932810, 0.61073810
0.24983667, 1.0000000, 0.61535025, 2.9450476, 9.1377010, 9.6529293, 9.7997913, 9.8712187, 9.9331627, 19.982929, 19.956884, 19.892790, 19.863735, 0.27945048, 0.34137702, 0.34652930, 0.34799790, 0.34871218, 0.34933162, 0.34991464, 0.34978443, 0.34946394, 0.34931868, 0.61535025
0.22854146, 1.0000000, 0.53819364, 2.3355575, 7.6456661, 9.5381479, 9.7568455, 9.8474874, 9.9231176, 19.978497, 19.944477, 19.884954, 19.862366, 0.27335325, 0.32645211, 0.34537864, 0.34756786, 0.34847456, 0.34923109, 0.34989250, 0.34972239, 0.34942478, 0.34931183, 0.53819364
0.20888411, 1.0000000, 0.46697140, 1.8212497, 6.1475210, 9.5055714, 9.7336454, 9.8326025, 9.9156389, 19.972847, 19.931839, 19.878696, 19.861378, 0.26821190, 0.31147403, 0.34505478, 0.34733629, 0.34832594, 0.34915635, 0.34986424, 0.34965920, 0.34939349, 0.34930688, 0.46697140
0.18902567, 1.0000000, 0.39502051, 1.3481796, 4.5555224, 9.4754324, 9.7112436, 9.8177309, 9.9078150, 19.965769, 19.919647, 19.873775, 19.860685, 0.26348180, 0.29555523, 0.34475434, 0.34711245, 0.34817731, 0.34907815, 0.34982884, 0.34959823, 0.34936887, 0.34930342, 0.39502051
0.17594424, 1.0000000, 0.34762400, 1.0406166, 3.4577379, 9.5323906, 9.7286234, 9.8252230, 9.9081192, 19.956921, 19.908335, 19.869980, 19.860161, 0.26040599, 0.28457704, 0.34532347, 0.34728613, 0.34825218, 0.34908116, 0.34978461, 0.34954166, 0.34934992, 0.34930080, 0.34762400
0.16484980, 1.0000000, 0.30742681, 0.73402226, 2.8280020, 9.1385565, 9.7274485, 9.8240023, 9.9055958, 19.946320, 19.898226, 19.867071, 19.859810, 0.25733665, 0.27827173, 0.34137219, 0.34727162, 0.34823859, 0.34905547, 0.34973159, 0.34949112, 0.34933537, 0.34929904, 0.30742681
0.15825637, 0.94503057, 0.28353754, 0.55833459, 2.5818884, 8.6194105, 9.7438526, 9.8325462, 9.9072905, 19.935770, 19.889832, 19.864914, 19.859562, 0.25558040, 0.27581069, 0.33618042, 0.34743541, 0.34832391, 0.34907237, 0.34967884, 0.34944916, 0.34932458, 0.34929782, 0.28353754
0.15221772, 0.87210721, 0.26165834, 0.40806234, 2.3503332, 8.1229925, 9.7495632, 9.8357239, 9.9068394, 19.924940, 19.882870, 19.863312, 19.859392, 0.25407839, 0.27349564, 0.33121666, 0.34749243, 0.34835562, 0.34906787, 0.34962469, 0.34941435, 0.34931657, 0.34929696, 0.26165834
0.14585894, 0.79531813, 0.23861931, 0.25449991, 2.1031380, 7.5953116, 9.7430429, 9.8317595, 9.9029922, 19.914068, 19.877176, 19.862082, 19.859287, 0.25254330, 0.27102301, 0.32593799, 0.34742656, 0.34831563, 0.34902927, 0.34957033, 0.34938589, 0.34931040, 0.34929645, 0.23861931
0.13860270, 0.70769143, 0.21232866, 0.86590648E-1, 1.8168658, 6.9791422, 9.7216291, 9.8186703, 9.8948460, 19.903513, 19.872536, 19.861181, 19.859222, 0.25086549, 0.26816335, 0.31978127, 0.34721348, 0.34818527, 0.34894797, 0.34951755, 0.34936267, 0.34930590, 0.34929612, 0.21232866
0.13163662, 0.62356824, 0.18708919, 0.0000000, 1.4889687, 6.2486525, 9.6915398, 9.7991543, 9.8831844, 19.893362, 19.868755, 19.860476, 19.859175, 0.24999717, 0.26488584, 0.31247845, 0.34691289, 0.34799024, 0.34883142, 0.34946680, 0.34934378, 0.34930238, 0.34929588, 0.18708919
0.12578335, 0.55288380, 0.16588172, 0.0000000, 1.1778980, 5.4649458, 9.6667557, 9.7818089, 9.8722448, 19.884602, 19.865849, 19.859964, 19.859127, 0.24999717, 0.26177332, 0.30463630, 0.34666291, 0.34781572, 0.34872165, 0.34942299, 0.34932923, 0.34929982, 0.34929565, 0.16588172
0.19021839, 1.0000000, 0.39934194, 2.1720648, 3.7220397, 8.6890755, 9.7311659, 9.8150282, 9.8821783, 19.879400, 19.864138, 19.859724, 19.859127, 0.27170905, 0.28720847, 0.33687684, 0.34730858, 0.34814870, 0.34882125, 0.34939700, 0.34932068, 0.34929863, 0.34929565, 0.39934194
0.24284934, 1.0000000, 0.59003383, 2.7613587, 8.6602182, 9.5402308, 9.7817564, 9.8433237, 9.8912153, 19.875120, 19.862881, 19.859577, 19.859127, 0.27761358, 0.33660218, 0.34540230, 0.34781757, 0.34843323, 0.34891215, 0.34937561, 0.34931439, 0.34929788, 0.34929565, 0.59003383
0.23245409, 1.0000000, 0.55236989, 2.8312116, 7.2924733, 9.5407162, 9.7479591, 9.8260632, 9.8826818, 19.869671, 19.861412, 19.859299, 19.859087, 0.27831212, 0.32292473, 0.34540716, 0.34747958, 0.34826064, 0.34882683, 0.34934837, 0.34930706, 0.34929651, 0.34929544, 0.55236989
0.21424881, 1.0000000, 0.48640871, 2.2906451, 5.9996943, 9.5351629, 9.7327166, 9.8162766, 9.8768377, 19.865431, 19.860329, 19.859133, 19.859045, 0.27290621, 0.30999655, 0.34535134, 0.34732711, 0.34816274, 0.34876838, 0.34932715, 0.34930164, 0.34929568, 0.34929523, 0.48640871
0.20050073, 1.0000000, 0.43659684, 1.8997610, 4.9773836, 9.5646467, 9.7388630, 9.8179636, 9.8755178, 19.862255, 19.859550, 19.859011, 19.859016, 0.26899233, 0.29976556, 0.34563851, 0.34738702, 0.34817883, 0.34875491, 0.34931129, 0.34929776, 0.34929505, 0.34929508, 0.43659684
0.19815204, 1.0000000, 0.42808712, 1.8804073, 4.6458735, 9.7083120, 9.7950087, 9.8475151, 9.8856850, 19.861448, 19.859404, 19.859011, 19.859016, 0.26880127, 0.29645458, 0.34707880, 0.34794924, 0.34847471, 0.34885672, 0.34930724, 0.34929702, 0.34929505, 0.34929508, 0.42808712
0.19647194, 1.0000000, 0.42199978, 1.8601656, 4.4469285, 9.7599220, 9.8252087, 9.8642483, 9.8912754, 19.860853, 19.859346, 19.859011, 19.859016, 0.26859885, 0.29446530, 0.34759483, 0.34825119, 0.34864202, 0.34891260, 0.34930426, 0.34929675, 0.34929505, 0.34929508, 0.42199978
0.19362786, 1.0000000, 0.41169512, 1.8000185, 4.2098656, 9.7457294, 9.8332367, 9.8691521, 9.8927031, 19.860390, 19.859346, 19.859011, 19.859016, 0.26799700, 0.29209417, 0.34745210, 0.34833133, 0.34869099, 0.34892684, 0.34930193, 0.34929675, 0.34929505, 0.34929508, 0.41169512
0.18027419, 1.0000000, 0.36331227, 1.4018834, 3.3592083, 9.5649452, 9.7697439, 9.8358984, 9.8799829, 19.858461, 19.858860, 19.858881, 19.858986, 0.26401600, 0.28358802, 0.34564370, 0.34769624, 0.34835839, 0.34879962, 0.34929231, 0.34929430, 0.34929439, 0.34929493, 0.36331227
0.16744360, 1.0000000, 0.31682467, 0.99647045, 2.7396946, 9.0694466, 9.7272940, 9.8112764, 9.8699465, 19.856409, 19.858307, 19.858732, 19.858940, 0.25996014, 0.27738941, 0.34068200, 0.34727025, 0.34811142, 0.34869900, 0.34928206, 0.34929153, 0.34929365, 0.34929469, 0.31682467
0.15667787, 0.92596853, 0.27781835, 0.66657066, 2.3641019, 8.3299856, 9.7052164, 9.7970848, 9.8638678, 19.855047, 19.857941, 19.858614, 19.858898, 0.25665843, 0.27362552, 0.33327255, 0.34704581, 0.34796762, 0.34863761, 0.34927523, 0.34928972, 0.34929305, 0.34929448, 0.27781835
0.14719659, 0.81147176, 0.24346587, 0.40049553, 2.0282598, 7.6010427, 9.6950569, 9.7899189, 9.8604898, 19.854137, 19.857676, 19.858555, 19.858875, 0.25399968, 0.27026653, 0.32598034, 0.34694287, 0.34789532, 0.34860358, 0.34927070, 0.34928837, 0.34929278, 0.34929436, 0.24346587
0.13869512, 0.70880747, 0.21266350, 0.20175874, 1.7125547, 6.8417578, 9.6815367, 9.7816391, 9.8571692, 19.853760, 19.857552, 19.858534, 19.858856, 0.25201559, 0.26711538, 0.31839728, 0.34680963, 0.34781352, 0.34857070, 0.34926879, 0.34928775, 0.34929267, 0.34929428, 0.21266350
0.13026039, 0.60694879, 0.18210286, 0.29352307E-1, 1.3939798, 6.0197082, 9.6608515, 9.7692719, 9.8522053, 19.853365, 19.857433, 19.858526, 19.858828, 0.25029331, 0.26393345, 0.31018335, 0.34660411, 0.34769049, 0.34852132, 0.34926683, 0.34928715, 0.34929264, 0.34929413, 0.18210286
0.12408307, 0.53235096, 0.15972127, 0.0000000, 1.1065751, 5.2020655, 9.6468973, 9.7603827, 9.8483467, 19.852987, 19.857351, 19.858509, 19.858828, 0.24999636, 0.26106393, 0.30201641, 0.34646741, 0.34760302, 0.34848320, 0.34926492, 0.34928676, 0.34929255, 0.34929413, 0.15972127
0.16297746, 1.0000000, 0.30064297, 2.9933901, 1.0229021, 4.7706695, 9.7094870, 9.7945995, 9.8614321, 19.854151, 19.857670, 19.858566, 19.858828, 0.27993006, 0.26022822, 0.29770485, 0.34709412, 0.34794560, 0.34861422, 0.34927076, 0.34928834, 0.34929281, 0.34929413, 0.30064297
0.18826708, 1.0000000, 0.39227206, 2.6516290, 2.9623537, 8.1205893, 9.7751360, 9.8318996, 9.8757381, 19.855135, 19.857929, 19.858566, 19.858828, 0.27651629, 0.27962354, 0.33120590, 0.34775135, 0.34831899, 0.34875739, 0.34927568, 0.34928966, 0.34929281, 0.34929413, 0.39227206
0.18012404, 1.0000000, 0.36276823, 2.3175745, 2.7424455, 7.7100444, 9.7628288, 9.8278656, 9.8750334, 19.855370, 19.857988, 19.858566, 19.858828, 0.27317548, 0.27742425, 0.32710019, 0.34762824, 0.34827861, 0.34875032, 0.34927684, 0.34928995, 0.34929281, 0.34929413, 0.36276823
0.16939217, 1.0000000, 0.32388464, 1.8837720, 2.4439216, 7.1699681, 9.7356567, 9.8139229, 9.8701563, 19.855095, 19.857893, 19.858561, 19.858828, 0.26883399, 0.27443632, 0.32169545, 0.34735540, 0.34813866, 0.34870136, 0.34927547, 0.34928948, 0.34929281, 0.34929413, 0.32388464
0.15823340, 0.94475329, 0.28345433, 1.4514178, 2.1253645, 6.5569191, 9.7118750, 9.8003683, 9.8650131, 19.854664, 19.857786, 19.858545, 19.858828, 0.26451418, 0.27125365, 0.31556919, 0.34711874, 0.34800369, 0.34865013, 0.34927332, 0.34928894, 0.34929273, 0.34929413, 0.28345433
0.14884862, 0.83142185, 0.24945150, 1.1048466, 1.8549293, 5.9877610, 9.7062559, 9.7963610, 9.8631134, 19.854244, 19.857662, 19.858545, 19.858828, 0.26104847, 0.26854929, 0.30987760, 0.34706256, 0.34796360, 0.34863114, 0.34927124, 0.34928831, 0.34929273, 0.34929413, 0.24945150
0.14022909, 0.72733170, 0.21822134, 0.80443621, 1.6010821, 5.4197187, 9.7008324, 9.7927408, 9.8614693, 19.853937, 19.857563, 19.858545, 19.858828, 0.25804007, 0.26600569, 0.30418849, 0.34700519, 0.34792581, 0.34861416, 0.34926969, 0.34928781, 0.34929273, 0.34929413, 0.21822134
0.13420311, 0.65456140, 0.19638807, 0.62486231, 1.4182568, 4.9271665, 9.7078915, 9.7965107, 9.8631668, 19.854366, 19.857670, 19.858566, 19.858828, 0.25624397, 0.26417625, 0.29926071, 0.34707460, 0.34796295, 0.34863093, 0.34927183, 0.34928834, 0.34929281, 0.34929413, 0.19638807
0.12794784, 0.57902229, 0.17372407, 0.44178665, 1.2234211, 4.4151421, 9.6993790, 9.7920561, 9.8616905, 19.854496, 19.857695, 19.858566, 19.858828, 0.25441706, 0.26223287, 0.29414898, 0.34699273, 0.34792003, 0.34861672, 0.34927249, 0.34928846, 0.34929281, 0.34929413, 0.17372407
0.12148127, 0.50093144, 0.15029447, 0.26423931, 1.0182619, 3.8608191, 9.6814127, 9.7818937, 9.8578739, 19.854414, 19.857664, 19.858561, 19.858828, 0.25264117, 0.26017979, 0.28860283, 0.34681144, 0.34781757, 0.34857830, 0.34927207, 0.34928831, 0.34929281, 0.34929413, 0.15029447
0.11546694, 0.42830190, 0.12850343, 0.11645854, 0.82594454, 3.2908058, 9.6668015, 9.7730341, 9.8543530, 19.854303, 19.857622, 19.858555, 19.858828, 0.25116313, 0.25825328, 0.28289574, 0.34666076, 0.34772667, 0.34854230, 0.34927151, 0.34928811, 0.34929278, 0.34929413, 0.12850343
0.11027527, 0.36560681, 0.10969301, 0.0000000, 0.63390136, 2.8488576, 9.4743938, 9.7589741, 9.8487196, 19.854055, 19.857552, 19.858545, 19.858828, 0.24999021, 0.25633284, 0.27847469, 0.34473470, 0.34758496, 0.34848559, 0.34927028, 0.34928775, 0.34929273, 0.34929413, 0.10969301
0.10713225, 0.32765141, 0.98305255E-1, 0.0000000, 0.45061409, 2.5325179, 9.1076078, 9.7450323, 9.8427010, 19.853600, 19.857445, 19.858521, 19.858828, 0.24999021, 0.25449830, 0.27530318, 0.34106025, 0.34744185, 0.34842414, 0.34926799, 0.34928721, 0.34929261, 0.34929413, 0.98305255E-1
0.10470734, 0.29836801, 0.89519352E-1, 0.0000000, 0.31981766, 2.2756724, 8.7627897, 9.7461824, 9.8426104, 19.853531, 19.857445, 19.858545, 19.858828, 0.24999021, 0.25319400, 0.27274191, 0.33761647, 0.34745547, 0.34842396, 0.34926766, 0.34928721, 0.34929273, 0.34929413, 0.89519352E-1
0.10230836, 0.26939771, 0.80827393E-1, 0.0000000, 0.19614100, 2.0158410, 8.4002542, 9.7392912, 9.8396368, 19.853230, 19.857399, 19.858534, 19.858828, 0.24999021, 0.25195947, 0.27014849, 0.33399427, 0.34738812, 0.34839475, 0.34926614, 0.34928700, 0.34929267, 0.34929413, 0.80827393E-1
0.10013124, 0.24310665, 0.72939292E-1, 0.0000000, 0.95704198E-1, 1.7671168, 8.0224514, 9.7311945, 9.8362370, 19.853043, 19.857363, 19.858534, 19.858828, 0.24999021, 0.25095600, 0.26766166, 0.33021587, 0.34730670, 0.34836063, 0.34926522, 0.34928682, 0.34929267, 0.34929413, 0.72939292E-1
0.98249748E-1, 0.22038560, 0.66122293E-1, 0.0000000, 0.19398332E-1, 1.5423268, 7.6404629, 9.7273970, 9.8344221, 19.853006, 19.857374, 19.858540, 19.858828, 0.24999021, 0.25019369, 0.26541099, 0.32639244, 0.34726623, 0.34834158, 0.34926504, 0.34928685, 0.34929270, 0.34929413, 0.66122293E-1
0.97188063E-1, 0.20756456, 0.62275596E-1, 0.0000000, 0.0000000, 1.3881892, 7.3168206, 9.7424812, 9.8403969, 19.853661, 19.857540, 19.858566, 19.858828, 0.24999021, 0.24999845, 0.26386553, 0.32315096, 0.34741333, 0.34840009, 0.34926832, 0.34928769, 0.34929281, 0.34929413, 0.62275596E-1
0.10776635, 0.33530876, 0.10060269, 0.79754591, 0.0000000, 1.3209373, 7.1127114, 9.7793007, 9.8550673, 19.854507, 19.857748, 19.858566, 19.858828, 0.25797155, 0.24999845, 0.26320744, 0.32112503, 0.34779158, 0.34855020, 0.34927255, 0.34928873, 0.34929281, 0.34929413, 0.10060269
0.11120794, 0.37686980, 0.11307225, 1.1050403, 0.0000000, 1.1828303, 6.8372350, 9.7609243, 9.8493538, 19.854734, 19.857800, 19.858566, 19.858828, 0.26105040, 0.24999845, 0.26182830, 0.31837234, 0.34760925, 0.34849355, 0.34927368, 0.34928900, 0.34929281, 0.34929413, 0.11307225
0.10922831, 0.35296363, 0.10589968, 0.98251104, 0.0000000, 1.1423200, 6.6728168, 9.7956219, 9.8626528, 19.855642, 19.858046, 19.858566, 19.858828, 0.25982442, 0.24999845, 0.26142296, 0.31672791, 0.34795600, 0.34862646, 0.34927821, 0.34929022, 0.34929281, 0.34929413, 0.10589968
0.10455734, 0.29655659, 0.88975877E-1, 0.69176555, 0.0000000, 1.0344118, 6.4332361, 9.7737827, 9.8555584, 19.855953, 19.858076, 19.858566, 19.858828, 0.25691482, 0.24999845, 0.26034284, 0.31433079, 0.34773663, 0.34855518, 0.34927976, 0.34929037, 0.34929281, 0.34929413, 0.88975877E-1
0.99836946E-1, 0.23955269, 0.71872994E-1, 0.40817559, 0.0000000, 0.90284944, 6.1318121, 9.7458830, 9.8448391, 19.855824, 19.858023, 19.858566, 19.858828, 0.25407937, 0.24999845, 0.25902691, 0.31131598, 0.34745714, 0.34844783, 0.34927911, 0.34929010, 0.34929281, 0.34929413, 0.71872994E-1
0.95490403E-1, 0.18706349, 0.56124661E-1, 0.17531514, 0.0000000, 0.72667003, 5.6709580, 9.6917944, 9.8225517, 19.856100, 19.858070, 19.858566, 19.858828, 0.25175276, 0.24999845, 0.25726622, 0.30670881, 0.34691727, 0.34822533, 0.34928051, 0.34929034, 0.34929281, 0.34929413, 0.56124661E-1
0.94547465E-1, 0.17567645, 0.52708205E-1, 0.13591945, 0.0000000, 0.67722499, 5.4048648, 9.7463560, 9.8424358, 19.856667, 19.858198, 19.858566, 19.858828, 0.25135902, 0.24999845, 0.25677198, 0.30404821, 0.34746316, 0.34842423, 0.34928334, 0.34929100, 0.34929281, 0.34929413, 0.52708205E-1
0.99946260E-1, 0.24087274, 0.72269052E-1, 0.57451725, 0.0000000, 0.58515966, 5.0907197, 9.7318659, 9.8379126, 19.856644, 19.858198, 19.858566, 19.858828, 0.25574112, 0.24999845, 0.25585034, 0.30090505, 0.34731659, 0.34837845, 0.34928322, 0.34929100, 0.34929281, 0.34929413, 0.72269052E-1
0.13995029, 0.72396487, 0.21721119, 2.2675843, 2.0522594, 0.53944588, 4.8872781, 9.7736864, 9.8533602, 19.856253, 19.858093, 19.858566, 19.858828, 0.27266458, 0.27051648, 0.25539365, 0.29887131, 0.34773540, 0.34853312, 0.34928125, 0.34929046, 0.34929281, 0.34929413, 0.21721119
0.12929745, 0.59532022, 0.17861393, 1.7122120, 1.7428637, 0.47400296, 4.6842508, 9.7755527, 9.8546143, 19.855391, 19.857882, 19.858534, 19.858828, 0.26711699, 0.26742551, 0.25473961, 0.29684168, 0.34775466, 0.34854585, 0.34927696, 0.34928942, 0.34929267, 0.34929413, 0.17861393
0.12842694, 0.58480787, 0.17545991, 1.8576562, 1.4478743, 0.41182637, 4.4737682, 9.7713490, 9.8532686, 19.854904, 19.857761, 19.858540, 19.858828, 0.26857024, 0.26447579, 0.25411785, 0.29473677, 0.34771252, 0.34853235, 0.34927452, 0.34928882, 0.34929270, 0.34929413, 0.17545991
0.11878466, 0.46836692, 0.14052413, 1.3430357, 1.1917055, 0.35156608, 4.2636037, 9.7697172, 9.8524628, 19.854403, 19.857645, 19.858540, 19.858828, 0.26342684, 0.26191518, 0.25351539, 0.29263538, 0.34769639, 0.34852436, 0.34927201, 0.34928823, 0.34929270, 0.34929413, 0.14052413
0.11038750, 0.36696208, 0.11009964, 0.91011822, 0.95462799, 0.28509796, 4.0511756, 9.7685127, 9.8514233, 19.853506, 19.857433, 19.858471, 19.858805, 0.25909370, 0.25954157, 0.25285026, 0.29050976, 0.34768271, 0.34851342, 0.34926754, 0.34928715, 0.34929234, 0.34929401, 0.11009964
0.10417518, 0.29194155, 0.87591231E-1, 0.60039759, 0.76721907, 0.23092926, 3.8499150, 9.7705584, 9.8520250, 19.853128, 19.857323, 19.858423, 19.858805, 0.25599867, 0.25766811, 0.25230867, 0.28849709, 0.34770298, 0.34851938, 0.34926564, 0.34928662, 0.34929210, 0.34929401, 0.87591231E-1
0.97840495E-1, 0.21544337, 0.64639479E-1, 0.29405653, 0.56777894, 0.16527176, 3.6340611, 9.7645302, 9.8492346, 19.852268, 19.857080, 19.858343, 19.858805, 0.25293514, 0.25567153, 0.25165179, 0.28633657, 0.34763992, 0.34849054, 0.34926134, 0.34928539, 0.34929171, 0.34929401, 0.64639479E-1
0.92451707E-1, 0.15036786, 0.45114867E-1, 0.48843026E-1, 0.38091242, 0.10205507, 3.3969724, 9.7504377, 9.8435316, 19.851578, 19.856915, 19.858318, 19.858805, 0.25048736, 0.25380412, 0.25101987, 0.28396526, 0.34749794, 0.34843314, 0.34925789, 0.34928459, 0.34929159, 0.34929401, 0.45114867E-1
0.89924484E-1, 0.11984891, 0.35958268E-1, 0.0000000, 0.21419823, 0.44527650E-1, 3.1219149, 9.7282038, 9.8345089, 19.851137, 19.856810, 19.858307, 19.858805, 0.24999183, 0.25213924, 0.25044498, 0.28121516, 0.34727585, 0.34834301, 0.34925568, 0.34928405, 0.34929153, 0.34929401, 0.35958268E-1
0.88469408E-1, 0.10227732, 0.30686267E-1, 0.0000000, 0.84909797E-1, 0.0000000, 2.9423416, 9.6036577, 9.8292074, 19.850895, 19.856739, 19.858301, 19.858805, 0.24999183, 0.25084746, 0.24999978, 0.27941778, 0.34602737, 0.34828895, 0.34925449, 0.34928370, 0.34929150, 0.34929401, 0.30686267E-1
0.87611347E-1, 0.91915309E-1, 0.27577350E-1, 0.0000000, 0.0000000, 0.0000000, 2.8512149, 9.4086266, 9.8289909, 19.850842, 19.856731, 19.858301, 19.858805, 0.24999183, 0.24999797, 0.24999978, 0.27850568, 0.34407556, 0.34828618, 0.34925419, 0.34928367, 0.34929150, 0.34929401, 0.27577350E-1
0.87447047E-1, 0.89931175E-1, 0.26982052E-1, 0.0000000, 0.0000000, 0.0000000, 2.7537794, 9.2066259, 9.8268385, 19.850359, 19.856594, 19.858278, 19.858805, 0.24999183, 0.24999797, 0.24999978, 0.27753323, 0.34205866, 0.34826568, 0.34925181, 0.34928298, 0.34929138, 0.34929401, 0.26982052E-1
0.87273799E-1, 0.87839022E-1, 0.26354343E-1, 0.0000000, 0.0000000, 0.0000000, 2.6511312, 8.9946852, 9.8233080, 19.849781, 19.856441, 19.858219, 19.858805, 0.24999183, 0.24999797, 0.24999978, 0.27650663, 0.33993894, 0.34823018, 0.34924892, 0.34928221, 0.34929109, 0.34929401, 0.26354343E-1
0.87085508E-1, 0.85565187E-1, 0.25672123E-1, 0.0000000, 0.0000000, 0.0000000, 2.5412142, 8.7617750, 9.8169756, 19.849463, 19.856361, 19.858200, 19.858805, 0.24999183, 0.24999797, 0.24999978, 0.27540761, 0.33760998, 0.34816682, 0.34924731, 0.34928182, 0.34929100, 0.34929401, 0.25672123E-1
0.86895287E-1, 0.83268054E-1, 0.24982914E-1, 0.0000000, 0.0000000, 0.0000000, 2.4323583, 8.5209980, 9.8129864, 19.849426, 19.856348, 19.858200, 19.858805, 0.24999183, 0.24999797, 0.24999978, 0.27431998, 0.33520365, 0.34812745, 0.34924713, 0.34928173, 0.34929100, 0.34929401, 0.24982914E-1
0.86675957E-1, 0.80619484E-1, 0.24188265E-1, 0.0000000, 0.0000000, 0.0000000, 2.3076713, 8.2448111, 9.8031874, 19.849260, 19.856297, 19.858194, 19.858805, 0.24999183, 0.24999797, 0.24999978, 0.27307081, 0.33243757, 0.34802771, 0.34924629, 0.34928149, 0.34929097, 0.34929401, 0.24188265E-1
0.86525597E-1, 0.78803726E-1, 0.23643482E-1, 0.0000000, 0.0000000, 0.0000000, 2.2277861, 8.0369558, 9.8151731, 19.849934, 19.856466, 19.858236, 19.858805, 0.24999183, 0.24999797, 0.24999978, 0.27227309, 0.33036095, 0.34814823, 0.34924966, 0.34928232, 0.34929118, 0.34929401, 0.23643482E-1
0.86358555E-1, 0.76786511E-1, 0.23038257E-1, 0.0000000, 0.0000000, 0.0000000, 2.1383405, 7.8125634, 9.8142834, 19.850534, 19.856625, 19.858284, 19.858805, 0.24999183, 0.24999797, 0.24999978, 0.27137890, 0.32811743, 0.34813941, 0.34925267, 0.34928313, 0.34929141, 0.34929401, 0.23038257E-1
0.86170800E-1, 0.74519128E-1, 0.22357974E-1, 0.0000000, 0.0000000, 0.0000000, 2.0380497, 7.5622206, 9.8076210, 19.850985, 19.856756, 19.858318, 19.858805, 0.24999183, 0.24999797, 0.24999978, 0.27037513, 0.32561225, 0.34807193, 0.34925491, 0.34928378, 0.34929159, 0.34929401, 0.22357974E-1
0.86011894E-1, 0.72600156E-1, 0.21782225E-1, 0.0000000, 0.0000000, 0.0000000, 1.9562244, 7.3398609, 9.8109283, 19.851595, 19.856939, 19.858372, 19.858805, 0.24999183, 0.24999797, 0.24999978, 0.26955950, 0.32339349, 0.34810698, 0.34925798, 0.34928471, 0.34929186, 0.34929401, 0.21782225E-1
0.10498340, 0.30170169, 0.90519562E-1, 1.3773710, 0.0000000, 0.0000000, 1.9504786, 7.2602358, 9.8488531, 19.853235, 19.857368, 19.858423, 19.858805, 0.26377070, 0.24999797, 0.24999978, 0.26950452, 0.32260188, 0.34848833, 0.34926617, 0.34928685, 0.34929210, 0.34929401, 0.90519562E-1
0.10755548, 0.33276239, 0.99838704E-1, 1.5649438, 0.0000000, 0.0000000, 1.9495100, 7.2112584, 9.8696165, 19.854502, 19.857681, 19.858423, 19.858805, 0.26564771, 0.24999797, 0.24999978, 0.26949498, 0.32211235, 0.34869605, 0.34927252, 0.34928840, 0.34929210, 0.34929401, 0.99838704E-1
0.11257585, 0.39338878, 0.11802844, 1.9299179, 0.0000000, 0.0000000, 1.9474149, 7.1699495, 9.8800430, 19.855476, 19.857927, 19.858423, 19.858805, 0.26929826, 0.24999797, 0.24999978, 0.26947409, 0.32169941, 0.34880036, 0.34927738, 0.34928963, 0.34929210, 0.34929401, 0.11802844
0.11169840, 0.38279268, 0.11484929, 1.8682837, 0.0000000, 0.0000000, 1.9436389, 7.1299186, 9.8849812, 19.856216, 19.858074, 19.858423, 19.858805, 0.26867625, 0.24999797, 0.24999978, 0.26943597, 0.32129845, 0.34884945, 0.34928107, 0.34929037, 0.34929210, 0.34929401, 0.11484929
0.11088643, 0.37298721, 0.11190736, 1.8108785, 0.0000000, 0.0000000, 1.9400090, 7.0923686, 9.8880997, 19.856796, 19.858185, 19.858423, 19.858805, 0.26810101, 0.24999797, 0.24999978, 0.26939958, 0.32092276, 0.34888059, 0.34928399, 0.34929091, 0.34929210, 0.34929401, 0.11190736
0.10970625, 0.35873526, 0.10763134, 1.7267674, 0.0000000, 0.0000000, 1.9344866, 7.0524187, 9.8887558, 19.857224, 19.858185, 19.858423, 19.858805, 0.26726103, 0.24999797, 0.24999978, 0.26934442, 0.32052338, 0.34888718, 0.34928611, 0.34929091, 0.34929210, 0.34929401, 0.10763134
0.10843290, 0.34335816, 0.10301775, 1.6362935, 0.0000000, 0.0000000, 1.9282609, 7.0113578, 9.8887653, 19.857506, 19.858185, 19.858423, 19.858805, 0.26635438, 0.24999797, 0.24999978, 0.26928201, 0.32011247, 0.34888715, 0.34928754, 0.34929091, 0.34929210, 0.34929401, 0.10301775
0.10640744, 0.31889856, 0.95679134E-1, 1.4923066, 0.0000000, 0.0000000, 1.9167304, 6.9626946, 9.8862438, 19.857559, 19.858185, 19.858423, 19.858805, 0.26490849, 0.24999797, 0.24999978, 0.26916617, 0.31962493, 0.34886149, 0.34928781, 0.34929091, 0.34929210, 0.34929401, 0.95679134E-1
0.10032536, 0.24545076, 0.73642597E-1, 1.0574788, 0.0000000, 0.0000000, 1.8692940, 6.8762879, 9.8720369, 19.855478, 19.857643, 19.858330, 19.858805, 0.26055709, 0.24999797, 0.24999978, 0.26869106, 0.31875941, 0.34871873, 0.34927738, 0.34928823, 0.34929165, 0.34929401, 0.73642597E-1
0.98281153E-1, 0.22076480, 0.66236064E-1, 0.91226697, 0.0000000, 0.0000000, 1.8525094, 6.8088975, 9.8727760, 19.855980, 19.857857, 19.858423, 19.858805, 0.25910601, 0.24999797, 0.24999978, 0.26852307, 0.31808525, 0.34872597, 0.34927991, 0.34928930, 0.34929210, 0.34929401, 0.66236064E-1
0.95713928E-1, 0.18976274, 0.56934517E-1, 0.72899163, 0.0000000, 0.0000000, 1.8278629, 6.7296190, 9.8693733, 19.856134, 19.857914, 19.858423, 19.858805, 0.25728446, 0.24999797, 0.24999978, 0.26827782, 0.31729469, 0.34869298, 0.34928066, 0.34928957, 0.34929210, 0.34929401, 0.56934517E-1
0.95913842E-1, 0.19217697, 0.57658859E-1, 0.74784756, 0.0000000, 0.0000000, 1.8039048, 6.6577625, 9.8700361, 19.855856, 19.857840, 19.858423, 19.858805, 0.25746533, 0.24999797, 0.24999978, 0.26803714, 0.31657410, 0.34869862, 0.34927928, 0.34928921, 0.34929210, 0.34929401, 0.57658859E-1
0.94776362E-1, 0.17844066, 0.53537551E-1, 0.66763163, 0.0000000, 0.0000000, 1.7917156, 6.5957022, 9.8736458, 19.856462, 19.858009, 19.858423, 19.858805, 0.25666660, 0.24999797, 0.24999978, 0.26791558, 0.31595412, 0.34873503, 0.34928232, 0.34929004, 0.34929210, 0.34929401, 0.53537551E-1
0.93849488E-1, 0.16724764, 0.50179310E-1, 0.60208738, 0.0000000, 0.0000000, 1.7809242, 6.5396562, 9.8770342, 19.856863, 19.858128, 19.858423, 19.858805, 0.25601777, 0.24999797, 0.24999978, 0.26780871, 0.31539553, 0.34876984, 0.34928432, 0.34929064, 0.34929210, 0.34929401, 0.50179310E-1
0.90085082E-1, 0.12178831, 0.36540147E-1, 0.33603609, 0.0000000, 0.0000000, 1.7301917, 6.4203243, 9.8568478, 19.856180, 19.857943, 19.858419, 19.858805, 0.25335822, 0.24999797, 0.24999978, 0.26730126, 0.31420201, 0.34856784, 0.34928089, 0.34928972, 0.34929210, 0.34929401, 0.36540147E-1
0.85220277E-1, 0.63040510E-1, 0.18914044E-1, 0.0000000, 0.0000000, 0.0000000, 1.6011178, 6.1410494, 9.8008270, 19.854317, 19.857462, 19.858313, 19.858805, 0.24999413, 0.24999797, 0.24999978, 0.26600915, 0.31140658, 0.34800619, 0.34927160, 0.34928730, 0.34929156, 0.34929401, 0.18914044E-1
0.84917903E-1, 0.59388995E-1, 0.17818481E-1, 0.0000000, 0.0000000, 0.0000000, 1.4412403, 5.7446814, 9.7575798, 19.852737, 19.857065, 19.858267, 19.858805, 0.24999413, 0.24999797, 0.24999978, 0.26441079, 0.30744362, 0.34757397, 0.34926370, 0.34928533, 0.34929132, 0.34929401, 0.17818481E-1
0.84733404E-1, 0.57161000E-1, 0.17150015E-1, 0.0000000, 0.0000000, 0.0000000, 1.3404518, 5.4952245, 9.7858162, 19.849684, 19.856289, 19.858131, 19.858768, 0.24999413, 0.24999797, 0.24999978, 0.26339024, 0.30493653, 0.34784922, 0.34924799, 0.34928131, 0.34929064, 0.34929383, 0.17150015E-1
0.84522218E-1, 0.54610677E-1, 0.16384842E-1, 0.0000000, 0.0000000, 0.0000000, 1.2136340, 5.2363067, 9.7864523, 19.845478, 19.855217, 19.857912, 19.858709, 0.24999413, 0.24999797, 0.24999978, 0.26212940, 0.30235383, 0.34785897, 0.34922722, 0.34927607, 0.34928957, 0.34929353, 0.16384842E-1
0.84369078E-1, 0.52761361E-1, 0.15829992E-1, 0.0000000, 0.0000000, 0.0000000, 1.1412740, 5.0076613, 9.7903986, 19.846727, 19.855558, 19.858072, 19.858709, 0.24999413, 0.24999797, 0.24999978, 0.26141199, 0.30007496, 0.34790292, 0.34923363, 0.34927779, 0.34929037, 0.34929353, 0.15829992E-1
0.84168293E-1, 0.50336692E-1, 0.15102518E-1, 0.0000000, 0.0000000, 0.0000000, 1.0383785, 4.7334051, 9.7781124, 19.845980, 19.855425, 19.858047, 19.858709, 0.24999413, 0.24999797, 0.24999978, 0.26038131, 0.29732841, 0.34777725, 0.34922990, 0.34927714, 0.34929025, 0.34929353, 0.15102518E-1
0.83953194E-1, 0.47739100E-1, 0.14323162E-1, 0.0000000, 0.0000000, 0.0000000, 0.94064772, 4.4148750, 9.7606678, 19.846916, 19.855690, 19.858154, 19.858709, 0.24999413, 0.24999797, 0.24999978, 0.25940454, 0.29414421, 0.34760335, 0.34923458, 0.34927845, 0.34929079, 0.34929353, 0.14323162E-1
0.83754107E-1, 0.45334958E-1, 0.13601848E-1, 0.0000000, 0.0000000, 0.0000000, 0.85447431, 4.1065860, 9.7584372, 19.847807, 19.855955, 19.858194, 19.858709, 0.24999413, 0.24999797, 0.24999978, 0.25854385, 0.29106373, 0.34758267, 0.34923905, 0.34927976, 0.34929097, 0.34929353, 0.13601848E-1
0.83529763E-1, 0.42625703E-1, 0.12788991E-1, 0.0000000, 0.0000000, 0.0000000, 0.75686872, 3.7646027, 9.7448034, 19.847979, 19.856020, 19.858189, 19.858709, 0.24999413, 0.24999797, 0.24999978, 0.25756750, 0.28764310, 0.34744552, 0.34923989, 0.34928009, 0.34929094, 0.34929353, 0.12788991E-1
0.83341710E-1, 0.40354777E-1, 0.12107644E-1, 0.0000000, 0.0000000, 0.0000000, 0.67208409, 3.4755638, 9.7566576, 19.847237, 19.855829, 19.858143, 19.858709, 0.24999413, 0.24999797, 0.24999978, 0.25672048, 0.28475475, 0.34756571, 0.34923619, 0.34927914, 0.34929073, 0.34929353, 0.12107644E-1
0.83155446E-1, 0.38105417E-1, 0.11432769E-1, 0.0000000, 0.0000000, 0.0000000, 0.58744848, 3.1946161, 9.7577696, 19.846399, 19.855595, 19.858072, 19.858709, 0.24999413, 0.24999797, 0.24999978, 0.25587404, 0.28194490, 0.34757644, 0.34923199, 0.34927797, 0.34929037, 0.34929353, 0.11432769E-1
0.82976051E-1, 0.35939056E-1, 0.10782795E-1, 0.0000000, 0.0000000, 0.0000000, 0.49887598, 2.9712200, 9.6609573, 19.845634, 19.855419, 19.858047, 19.858709, 0.24999413, 0.24999797, 0.24999978, 0.25498751, 0.27970845, 0.34660551, 0.34922817, 0.34927708, 0.34929025, 0.34929353, 0.10782795E-1
0.82887799E-1, 0.34873351E-1, 0.10463051E-1, 0.0000000, 0.0000000, 0.0000000, 0.44863224, 2.8930008, 9.5559702, 19.846252, 19.855572, 19.858120, 19.858709, 0.24999413, 0.24999797, 0.24999978, 0.25448596, 0.27892891, 0.34555849, 0.34923127, 0.34927785, 0.34929061, 0.34929353, 0.10463051E-1
0.82822591E-1, 0.34085888E-1, 0.10226790E-1, 0.0000000, 0.0000000, 0.0000000, 0.41454732, 2.8334646, 9.4677677, 19.847603, 19.855949, 19.858183, 19.858709, 0.24999413, 0.24999797, 0.24999978, 0.25414455, 0.27833146, 0.34467411, 0.34923801, 0.34927976, 0.34929091, 0.34929353, 0.10226790E-1
0.86503297E-1, 0.78534432E-1, 0.23562687E-1, 0.27310848, 0.0000000, 0.0000000, 0.35174489, 2.7733235, 9.3889256, 19.845705, 19.855442, 19.858036, 19.858704, 0.25273061, 0.24999797, 0.24999978, 0.25351742, 0.27773309, 0.34388912, 0.34922853, 0.34927720, 0.34929019, 0.34929353, 0.23562687E-1
0.82670674E-1, 0.32251261E-1, 0.96763466E-2, 0.0000000, 0.0000000, 0.0000000, 0.31110346, 2.7242212, 9.3151855, 19.846064, 19.855536, 19.858095, 19.858709, 0.24999794, 0.24999797, 0.24999978, 0.25311029, 0.27723899, 0.34314820, 0.34923032, 0.34927768, 0.34929049, 0.34929353, 0.96763466E-2
0.82576171E-1, 0.31110054E-1, 0.93339495E-2, 0.0000000, 0.0000000, 0.0000000, 0.25659204, 2.6417434, 9.2053757, 19.845604, 19.855425, 19.858072, 19.858709, 0.24999794, 0.24999797, 0.24999978, 0.25256509, 0.27641320, 0.34204885, 0.34922802, 0.34927714, 0.34929037, 0.34929353, 0.93339495E-2
0.82528144E-1, 0.30530084E-1, 0.91599412E-2, 0.0000000, 0.0000000, 0.0000000, 0.23619235, 2.5936186, 9.1252146, 19.847660, 19.855972, 19.858200, 19.858709, 0.24999794, 0.24999797, 0.24999978, 0.25236076, 0.27592984, 0.34124473, 0.34923831, 0.34927985, 0.34929100, 0.34929353, 0.91599412E-2
0.82467534E-1, 0.29798174E-1, 0.89403465E-2, 0.0000000, 0.0000000, 0.0000000, 0.21281838, 2.5274305, 9.0239582, 19.849169, 19.856361, 19.858284, 19.858709, 0.24999794, 0.24999797, 0.24999978, 0.25212738, 0.27526957, 0.34023395, 0.34924585, 0.34928182, 0.34929141, 0.34929353, 0.89403465E-2
0.82388259E-1, 0.28840808E-1, 0.86531080E-2, 0.0000000, 0.0000000, 0.0000000, 0.17848611, 2.4438949, 8.9045038, 19.849516, 19.856449, 19.858294, 19.858709, 0.24999794, 0.24999797, 0.24999978, 0.25178459, 0.27443722, 0.33904293, 0.34924757, 0.34928223, 0.34929147, 0.34929353, 0.86531080E-2
0.82327776E-1, 0.28110471E-1, 0.84339846E-2, 0.0000000, 0.0000000, 0.0000000, 0.14599562, 2.3905575, 8.8219852, 19.849426, 19.856421, 19.858273, 19.858709, 0.24999794, 0.24999797, 0.24999978, 0.25145954, 0.27390224, 0.33821574, 0.34924713, 0.34928209, 0.34929135, 0.34929353, 0.84339846E-2
0.82278393E-1, 0.27514111E-1, 0.82550589E-2, 0.0000000, 0.0000000, 0.0000000, 0.11889637, 2.3487716, 8.7520123, 19.849594, 19.856441, 19.858267, 19.858709, 0.24999794, 0.24999797, 0.24999978, 0.25118864, 0.27348444, 0.33751604, 0.34924796, 0.34928221, 0.34929132, 0.34929353, 0.82550589E-2
0.82149327E-1, 0.25955496E-1, 0.77874279E-2, 0.0000000, 0.0000000, 0.0000000, 0.48640370E-1, 2.2289543, 8.5975962, 19.846399, 19.855583, 19.858034, 19.858688, 0.24999794, 0.24999797, 0.24999978, 0.25048625, 0.27228639, 0.33597186, 0.34923199, 0.34927791, 0.34929016, 0.34929344, 0.77874279E-2
0.82019798E-1, 0.24391241E-1, 0.73181046E-2, 0.0000000, 0.0000000, 0.0000000, 0.0000000, 2.0794511, 8.3990107, 19.843937, 19.854929, 19.857887, 19.858688, 0.24999794, 0.24999797, 0.24999978, 0.24999958, 0.27079186, 0.33398652, 0.34921968, 0.34927464, 0.34928945, 0.34929344, 0.73181046E-2
0.81917517E-1, 0.23156088E-1, 0.69475211E-2, 0.0000000, 0.0000000, 0.0000000, 0.0000000, 1.9117862, 8.1599712, 19.843430, 19.854780, 19.857874, 19.858709, 0.24999794, 0.24999797, 0.24999978, 0.24999958, 0.26911721, 0.33159879, 0.34921715, 0.34927389, 0.34928936, 0.34929353, 0.69475211E-2
0.81859596E-1, 0.22456696E-1, 0.67376830E-2, 0.0000000, 0.0000000, 0.0000000, 0.0000000, 1.8220544, 8.0101967, 19.845573, 19.855343, 19.858047, 19.858709, 0.24999794, 0.24999797, 0.24999978, 0.24999958, 0.26821831, 0.33009872, 0.34922788, 0.34927672, 0.34929025, 0.34929353, 0.67376830E-2
0.96844107E-1, 0.20341088, 0.61029367E-1, 1.0870606, 0.0000000, 0.0000000, 0.0000000, 1.8011093, 7.9606948, 19.847040, 19.855738, 19.858183, 19.858709, 0.26086947, 0.24999797, 0.24999978, 0.24999958, 0.26801103, 0.32960686, 0.34923521, 0.34927869, 0.34929091, 0.34929353, 0.61029367E-1
0.12407234, 0.53222144, 0.15968241, 2.5682120, 0.82117021, 0.0000000, 0.0000000, 1.7850131, 7.9202952, 19.847866, 19.855997, 19.858194, 19.858709, 0.27568194, 0.25821167, 0.24999978, 0.24999958, 0.26785013, 0.32920295, 0.34923932, 0.34928000, 0.34929097, 0.34929353, 0.15968241
0.11806427, 0.45966741, 0.13791402, 2.2087364, 0.69622397, 0.0000000, 0.0000000, 1.7689437, 7.8804641, 19.848425, 19.856138, 19.858208, 19.858709, 0.27208680, 0.25696212, 0.24999978, 0.24999958, 0.26768944, 0.32880461, 0.34924212, 0.34928069, 0.34929103, 0.34929353, 0.13791402
0.11160018, 0.38160646, 0.11449338, 1.8232048, 0.55993497, 0.0000000, 0.0000000, 1.7506212, 7.8387947, 19.848635, 19.856190, 19.858194, 19.858709, 0.26823020, 0.25559902, 0.24999978, 0.24999958, 0.26750615, 0.32838786, 0.34924316, 0.34928095, 0.34929097, 0.34929353, 0.11449338
0.10475840, 0.29898450, 0.89704320E-1, 1.4389962, 0.37624240, 0.0000000, 0.0000000, 1.7235070, 7.7877064, 19.848156, 19.856054, 19.858166, 19.858709, 0.26438779, 0.25376210, 0.24999978, 0.24999958, 0.26723498, 0.32787696, 0.34924078, 0.34928027, 0.34929082, 0.34929353, 0.89704320E-1
0.98410882E-1, 0.22233145, 0.66706106E-1, 1.0635167, 0.23715794, 0.0000000, 0.0000000, 1.7019749, 7.7430973, 19.848101, 19.856031, 19.858166, 19.858709, 0.26063350, 0.25237137, 0.24999978, 0.24999958, 0.26701966, 0.32743084, 0.34924051, 0.34928015, 0.34929082, 0.34929353, 0.66706106E-1
0.90684272E-1, 0.12902422, 0.38711138E-1, 0.61390102, 0.56311488E-1, 0.0000000, 0.0000000, 1.6725630, 7.6929135, 19.846975, 19.855730, 19.858095, 19.858709, 0.25613350, 0.25056282, 0.24999978, 0.24999958, 0.26672518, 0.32692847, 0.34923488, 0.34927866, 0.34929049, 0.34929353, 0.38711138E-1
0.81793994E-1, 0.21664476E-1, 0.64999927E-2, 0.52869320E-2, 0.0000000, 0.0000000, 0.0000000, 1.6192287, 7.6174006, 19.844124, 19.854959, 19.857916, 19.858688, 0.25005260, 0.24999884, 0.24999978, 0.24999958, 0.26618984, 0.32617021, 0.34922063, 0.34927481, 0.34928960, 0.34929344, 0.64999927E-2
0.81696749E-1, 0.20490132E-1, 0.61476547E-2, 0.0000000, 0.0000000, 0.0000000, 0.0000000, 1.5825450, 7.5489726, 19.844748, 19.855112, 19.857979, 19.858709, 0.24999997, 0.24999884, 0.24999978, 0.24999958, 0.26582262, 0.32548523, 0.34922373, 0.34927556, 0.34928989, 0.34929353, 0.61476547E-2
0.14379245, 0.77036321, 0.23113208, 2.3267090, 2.3075790, 2.3361683, 1.4726877, 1.5711904, 7.5132704, 19.846357, 19.855547, 19.858107, 19.858709, 0.27326643, 0.27307540, 0.27336147, 0.26472685, 0.26571190, 0.32513267, 0.34923178, 0.34927773, 0.34929055, 0.34929353, 0.23113208
0.14789268, 0.81987804, 0.24598801, 2.0360410, 2.1776466, 2.6263208, 6.9015145, 9.3159304, 9.5720587, 19.848053, 19.856031, 19.858194, 19.858709, 0.27036005, 0.27177623, 0.27626306, 0.31901509, 0.34315926, 0.34572056, 0.34924027, 0.34928015, 0.34929097, 0.34929353, 0.24598801
0.18637158, 1.0000000, 0.38540426, 2.4885559, 4.9964643, 4.2225070, 9.4615650, 9.6499023, 9.7721615, 19.848822, 19.856243, 19.858200, 19.858709, 0.27488548, 0.29996455, 0.29222503, 0.34461561, 0.34649903, 0.34772161, 0.34924412, 0.34928122, 0.34929100, 0.34929353, 0.38540426
0.16361016, 1.0000000, 0.30293533, 1.9580841, 2.2116482, 6.0207739, 9.6249895, 9.7324238, 9.8214216, 19.846842, 19.855719, 19.858047, 19.858709, 0.26957917, 0.27211535, 0.31020617, 0.34624937, 0.34732401, 0.34821412, 0.34923422, 0.34927860, 0.34929025, 0.34929353, 0.30293533
0.15138164, 0.86201072, 0.25862908, 1.4122695, 1.9071788, 5.4931822, 9.6732807, 9.7655315, 9.8397503, 19.844896, 19.855206, 19.857937, 19.858704, 0.26409683, 0.26905793, 0.30492312, 0.34672874, 0.34765327, 0.34839654, 0.34922433, 0.34927601, 0.34928969, 0.34929353, 0.25862908
0.14019200, 0.72688395, 0.21808699, 0.91769099, 1.6146809, 5.0074043, 9.6919336, 9.7796774, 9.8473892, 19.843832, 19.854912, 19.857895, 19.858709, 0.25917524, 0.26614505, 0.30007133, 0.34691828, 0.34779623, 0.34847373, 0.34921914, 0.34927458, 0.34928948, 0.34929353, 0.21808699
0.16851905, 1.0000000, 0.32072115, 2.4896622, 2.5101066, 4.8000488, 9.7601929, 9.8190584, 9.8648348, 19.846533, 19.855608, 19.858107, 19.858709, 0.27489567, 0.27510047, 0.29799992, 0.34760168, 0.34819046, 0.34864831, 0.34923267, 0.34927803, 0.34929055, 0.34929353, 0.32072115
0.16184255, 0.98833776, 0.29653099, 2.1795452, 2.3422270, 4.5546660, 9.7682028, 9.8261347, 9.8681707, 19.846941, 19.855726, 19.858154, 19.858709, 0.27179408, 0.27342138, 0.29554579, 0.34768167, 0.34826118, 0.34868166, 0.34923470, 0.34927863, 0.34929079, 0.34929353, 0.29653099
0.15849149, 0.94787019, 0.28438950, 2.0306647, 2.2630870, 4.3928642, 9.7937908, 9.8410997, 9.8745699, 19.848295, 19.856091, 19.858194, 19.858709, 0.27030545, 0.27263007, 0.29392788, 0.34793755, 0.34841082, 0.34874564, 0.34924147, 0.34928045, 0.34929097, 0.34929353, 0.28438950
0.15360692, 0.88888347, 0.26669171, 1.8054664, 2.1388860, 4.2110925, 9.7965431, 9.8437033, 9.8758364, 19.848833, 19.856226, 19.858213, 19.858709, 0.26805374, 0.27138820, 0.29211026, 0.34796512, 0.34843689, 0.34875831, 0.34924418, 0.34928113, 0.34929106, 0.34929353, 0.26669171
0.14447695, 0.77862906, 0.23361209, 1.4598548, 1.8098533, 3.8299286, 9.7406063, 9.8142834, 9.8645620, 19.847282, 19.855818, 19.858095, 19.858709, 0.26459846, 0.26809847, 0.28829923, 0.34740603, 0.34814280, 0.34864563, 0.34923643, 0.34927911, 0.34929049, 0.34929353, 0.23361209
0.13050328, 0.60988200, 0.18298289, 0.81991553, 1.4311314, 3.3562462, 9.7014418, 9.7911634, 9.8544903, 19.844679, 19.855124, 19.857931, 19.858698, 0.25819829, 0.26431042, 0.28356138, 0.34701380, 0.34791133, 0.34854481, 0.34922341, 0.34927562, 0.34928966, 0.34929350, 0.18298289
0.14392616, 0.77197784, 0.23161651, 1.8946439, 1.3615876, 3.1401927, 9.7609348, 9.8222542, 9.8670778, 19.846752, 19.855642, 19.858120, 19.858709, 0.26894420, 0.26361492, 0.28140083, 0.34760866, 0.34822220, 0.34867066, 0.34923375, 0.34927821, 0.34929061, 0.34929353, 0.23161651
0.13051687, 0.61004615, 0.18303216, 1.3390362, 0.89049339, 2.7472763, 9.5240889, 9.7757854, 9.8470173, 19.841957, 19.854404, 19.857769, 19.858641, 0.26338995, 0.25890476, 0.27747250, 0.34524071, 0.34775776, 0.34847015, 0.34920979, 0.34927201, 0.34928885, 0.34929320, 0.18303216
0.11542863, 0.42783922, 0.12836461, 0.58091581, 0.51594973, 2.4459095, 9.2022743, 9.7555227, 9.8379879, 19.839643, 19.853779, 19.857607, 19.858664, 0.25580832, 0.25515905, 0.27445802, 0.34202194, 0.34755480, 0.34837973, 0.34919822, 0.34926888, 0.34928805, 0.34929332, 0.12836461
0.10897955, 0.34995958, 0.10499837, 0.27216077, 0.35303533, 2.2884429, 8.9644756, 9.7745543, 9.8462343, 19.841423, 19.854225, 19.857744, 19.858709, 0.25272113, 0.25352997, 0.27288321, 0.33964381, 0.34774500, 0.34846216, 0.34920710, 0.34927112, 0.34928873, 0.34929353, 0.10499837
0.14630678, 0.80072629, 0.24024191, 2.4636359, 1.2297630, 2.2642851, 8.8516560, 9.8167238, 9.8636913, 19.844667, 19.855087, 19.857967, 19.858709, 0.27463496, 0.26229721, 0.27264246, 0.33851627, 0.34816706, 0.34863687, 0.34922335, 0.34927544, 0.34928983, 0.34929353, 0.24024191
0.14613493, 0.79865110, 0.23961930, 2.5099664, 1.1607230, 2.2233129, 8.7543402, 9.8347206, 9.8715897, 19.846766, 19.855654, 19.858154, 19.858709, 0.27509946, 0.26160717, 0.27223307, 0.33754337, 0.34834719, 0.34871590, 0.34923384, 0.34927827, 0.34929079, 0.34929353, 0.23961930
0.31206244, 1.0000000, 0.84080589, 7.7452731, 8.8945150, 9.2238951, 9.5450764, 9.8501635, 9.8780813, 19.848585, 19.856138, 19.858225, 19.858709, 0.32745257, 0.33894506, 0.34223890, 0.34545076, 0.34850162, 0.34878081, 0.34924293, 0.34928069, 0.34929112, 0.34929353, 0.84080589
0.35599977, 1.0000000, 0.99999917, 9.9999990, 9.9999990, 9.9999990, 9.9999990, 9.9999990, 9.9999990, 19.999998, 19.999998, 19.999998, 19.998999, 0.34999987, 0.34999993, 0.34999996, 0.34999999, 0.34999999, 0.34999999, 0.34999999, 0.34999999, 0.34999999, 0.34999499, 0.99999917
0.35600001, 1.0000000, 1.0000000, 9.9999990, 9.9999990, 9.9999990, 9.9999990, 9.9999990, 9.9999990, 19.999998, 19.999998, 19.999998, 19.998999, 0.34999999, 0.34999999, 0.34999999, 0.34999999, 0.34999999, 0.34999999, 0.34999999, 0.34999999, 0.34999999, 0.34999499, 1.0000000
0.35599977, 1.0000000, 0.99999917, 9.9999990, 9.9999990, 9.9999990, 9.9999990, 9.9999990, 9.9999990, 19.999998, 19.999998, 19.999998, 19.998999, 0.34999987, 0.34999993, 0.34999996, 0.34999999, 0.34999999, 0.34999999, 0.34999999, 0.34999999, 0.34999999, 0.34999499, 0.99999917
0.34804761, 1.0000000, 0.97118700, 9.6170425, 9.7496347, 9.8655205, 9.9647131, 9.9820681, 9.9931526, 19.999146, 19.999767, 19.999815, 19.980957, 0.34617031, 0.34749627, 0.34865516, 0.34964713, 0.34982067, 0.34993154, 0.34999573, 0.34999883, 0.34999907, 0.34990478, 0.97118700
0.33000958, 1.0000000, 0.90583181, 8.4798479, 9.5491934, 9.7364855, 9.9062433, 9.9508924, 9.9795122, 19.996094, 19.998980, 19.998461, 19.958096, 0.33475310, 0.34546819, 0.34735274, 0.34905663, 0.34950599, 0.34979367, 0.34998021, 0.34999484, 0.34999228, 0.34979048, 0.90583181
0.29273421, 1.0000000, 0.77077615, 5.9561520, 9.3366547, 9.5791759, 9.7969179, 9.8871489, 9.9480677, 19.986929, 19.996576, 19.994524, 19.937298, 0.30955985, 0.34336501, 0.34579095, 0.34796900, 0.34887141, 0.34948066, 0.34993464, 0.34998289, 0.34997261, 0.34968650, 0.77077615
0.24878594, 1.0000000, 0.61154324, 2.9432774, 9.1045914, 9.4926777, 9.7177114, 9.8324347, 9.9178181, 19.977028, 19.993855, 19.987738, 19.919392, 0.27943200, 0.34104449, 0.34492603, 0.34717697, 0.34832427, 0.34917817, 0.34988514, 0.34996927, 0.34993869, 0.34959695, 0.61154324
0.21607627, 1.0000000, 0.49302995, 1.7858446, 7.1087084, 9.4540138, 9.6761847, 9.7986670, 9.8960657, 19.967907, 19.990986, 19.978107, 19.904640, 0.26785788, 0.32108572, 0.34453923, 0.34676167, 0.34798658, 0.34896064, 0.34983954, 0.34995493, 0.34989053, 0.34952319, 0.49302995
0.18588011, 1.0000000, 0.38362357, 0.81931353, 5.0887065, 9.4289675, 9.6531887, 9.7786436, 9.8820877, 19.960226, 19.987833, 19.966095, 19.892891, 0.25819284, 0.30088595, 0.34428865, 0.34653169, 0.34778631, 0.34882084, 0.34980112, 0.34993917, 0.34983048, 0.34946445, 0.38362357
0.16591504, 1.0000000, 0.31128633, 0.28396249, 3.5532622, 9.4583445, 9.6696053, 9.7847776, 9.8825026, 19.956470, 19.984636, 19.952726, 19.883881, 0.25283936, 0.28553051, 0.34458065, 0.34669548, 0.34784746, 0.34882495, 0.34978235, 0.34992319, 0.34976363, 0.34941941, 0.31128633
0.15046529, 0.85094506, 0.25530905, 0.0000000, 2.5260715, 8.7347994, 9.6408634, 9.7667475, 9.8715773, 19.948698, 19.978878, 19.938444, 19.877008, 0.24999581, 0.27526009, 0.33734688, 0.34640840, 0.34766737, 0.34871575, 0.34974349, 0.34989440, 0.34969223, 0.34938505, 0.25530905
0.14130268, 0.74029630, 0.22211111, 0.0000000, 1.9376963, 7.7008419, 9.6326208, 9.7603264, 9.8679619, 19.944380, 19.972141, 19.924639, 19.871954, 0.24999581, 0.26937619, 0.32700688, 0.34632581, 0.34760305, 0.34867954, 0.34972191, 0.34986070, 0.34962320, 0.34935978, 0.22211111
0.13146704, 0.62152052, 0.18647480, 0.0000000, 1.3338327, 6.5391631, 9.6087914, 9.7447958, 9.8600321, 19.939398, 19.963335, 19.911850, 19.868223, 0.24999581, 0.26333815, 0.31539118, 0.34608778, 0.34744790, 0.34860030, 0.34969699, 0.34981668, 0.34955925, 0.34934112, 0.18647480
0.12347105, 0.52496010, 0.15750378, 0.0000000, 0.88081956, 5.5145302, 9.6075401, 9.7430286, 9.8583317, 19.935417, 19.953167, 19.900661, 19.865528, 0.24999581, 0.25880757, 0.30514333, 0.34607473, 0.34742993, 0.34858319, 0.34967709, 0.34976584, 0.34950331, 0.34932762, 0.15750378
0.11823113, 0.46168244, 0.13851859, 0.0000000, 0.61342716, 4.7746472, 9.6421804, 9.7630692, 9.8668356, 19.932951, 19.942284, 19.891319, 19.863619, 0.24999581, 0.25613338, 0.29774296, 0.34642038, 0.34762996, 0.34866813, 0.34966475, 0.34971142, 0.34945661, 0.34931809, 0.13851859
0.13330624, 0.64373064, 0.19313851, 1.1115402, 1.0130048, 3.9203162, 9.6124697, 9.7460451, 9.8563108, 19.922825, 19.929014, 19.883224, 19.862131, 0.26111326, 0.26012889, 0.28920090, 0.34612361, 0.34745988, 0.34856293, 0.34961411, 0.34964508, 0.34941614, 0.34931067, 0.19313851
0.10949959, 0.35623962, 0.10688257, 0.32609701E-1, 0.41737854, 2.9813826, 9.5105639, 9.7195034, 9.8423538, 19.912367, 19.915958, 19.876749, 19.861067, 0.25032580, 0.25417155, 0.27980584, 0.34510055, 0.34719244, 0.34842268, 0.34956184, 0.34957978, 0.34938374, 0.34930533, 0.10688257
0.10303633, 0.27818871, 0.83464958E-1, 0.0000000, 0.0000000, 2.4693637, 8.9869747, 9.7031803, 9.8330164, 19.903078, 19.904095, 19.871771, 19.860338, 0.24999583, 0.24998890, 0.27468932, 0.33986661, 0.34703010, 0.34832960, 0.34951538, 0.34952047, 0.34935886, 0.34930170, 0.83464958E-1
0.10068664, 0.24981372, 0.74951611E-1, 0.0000000, 0.0000000, 2.0124197, 8.4390373, 9.6952877, 9.8281155, 19.895767, 19.894110, 19.868086, 19.859852, 0.24999583, 0.24998890, 0.27011940, 0.33438635, 0.34695056, 0.34828037, 0.34947884, 0.34947056, 0.34934044, 0.34929925, 0.74951611E-1
0.98184161E-1, 0.21959351, 0.65884642E-1, 0.0000000, 0.0000000, 1.5372604, 7.8076925, 9.6690817, 9.8149147, 19.887356, 19.885300, 19.865253, 19.859491, 0.24999583, 0.24998890, 0.26536819, 0.32807243, 0.34668806, 0.34814820, 0.34943679, 0.34942651, 0.34932625, 0.34929746, 0.65884642E-1
0.95896237E-1, 0.19196436, 0.57595067E-1, 0.0000000, 0.0000000, 1.1207461, 7.1364145, 9.6498785, 9.8040876, 19.879398, 19.878033, 19.863148, 19.859251, 0.24999583, 0.24998890, 0.26120636, 0.32136273, 0.34649783, 0.34804055, 0.34939700, 0.34939015, 0.34931573, 0.34929627, 0.57595067E-1
0.94071269E-1, 0.16992593, 0.50982878E-1, 0.0000000, 0.0000000, 0.80502033, 6.5102496, 9.6535587, 9.8031187, 19.872391, 19.872248, 19.861641, 19.859127, 0.24999583, 0.24998890, 0.25804788, 0.31509873, 0.34653279, 0.34803024, 0.34936196, 0.34936124, 0.34930819, 0.34929565, 0.50982878E-1
0.91992773E-1, 0.14482579, 0.43452084E-1, 0.0000000, 0.0000000, 0.46845376, 5.7095890, 9.6052237, 9.7799807, 19.865194, 19.867443, 19.860449, 19.858992, 0.24999583, 0.24998890, 0.25468403, 0.30709463, 0.34605116, 0.34779945, 0.34932595, 0.34933722, 0.34930223, 0.34929496, 0.43452084E-1
0.90353668E-1, 0.12503183, 0.37513301E-1, 0.0000000, 0.0000000, 0.23114085, 4.9209952, 9.5997305, 9.7740774, 19.859482, 19.863838, 19.859621, 19.858881, 0.24999583, 0.24998890, 0.25231043, 0.29920572, 0.34599316, 0.34773937, 0.34929740, 0.34931919, 0.34929812, 0.34929439, 0.37513301E-1
0.89675806E-1, 0.11684589, 0.35057273E-1, 0.0000000, 0.0000000, 0.15258789, 4.4512644, 9.6747551, 9.8065767, 19.858282, 19.862005, 19.859249, 19.858850, 0.24999583, 0.24998890, 0.25152570, 0.29451162, 0.34674644, 0.34806541, 0.34929141, 0.34931004, 0.34929624, 0.34929425, 0.35057273E-1
0.88696875E-1, 0.10502420, 0.31510413E-1, 0.0000000, 0.0000000, 0.28184056E-1, 3.9065723, 9.6469488, 9.7963457, 19.854849, 19.860071, 19.858841, 19.858805, 0.24999583, 0.24998890, 0.25028181, 0.28906450, 0.34646797, 0.34796295, 0.34927425, 0.34930035, 0.34929422, 0.34929401, 0.31510413E-1
0.88122159E-1, 0.98083936E-1, 0.29428124E-1, 0.0000000, 0.0000000, 0.0000000, 3.3591046, 9.6371622, 9.7907228, 19.850929, 19.858284, 19.858471, 19.858757, 0.24999583, 0.24998890, 0.24999887, 0.28359050, 0.34637085, 0.34790698, 0.34925464, 0.34929141, 0.34929234, 0.34929377, 0.29428124E-1
0.87596074E-1, 0.91730833E-1, 0.27522003E-1, 0.0000000, 0.0000000, 0.0000000, 2.9049397, 9.2853870, 9.7603083, 19.847673, 19.856890, 19.858166, 19.858709, 0.24999583, 0.24998890, 0.24999887, 0.27904755, 0.34285089, 0.34760204, 0.34923837, 0.34928444, 0.34929082, 0.34929353, 0.27522003E-1
0.13337854, 0.64460379, 0.19340049, 2.1517186, 1.9503742, 0.0000000, 2.8886347, 9.1699972, 9.8264313, 19.849689, 19.857084, 19.858250, 19.858709, 0.27151257, 0.26950124, 0.24999887, 0.27888599, 0.34169936, 0.34826410, 0.34924844, 0.34928542, 0.34929127, 0.34929353, 0.19340049
0.12762967, 0.57518005, 0.17257127, 1.8406361, 1.7812461, 0.0000000, 2.8570323, 9.0718002, 9.8485622, 19.850801, 19.857143, 19.858313, 19.858709, 0.26840621, 0.26781237, 0.24999887, 0.27857032, 0.34071797, 0.34848562, 0.34925401, 0.34928572, 0.34929156, 0.34929353, 0.17257127
0.14984494, 0.84345371, 0.25306141, 2.8241901, 2.2429733, 1.1897117, 2.7930975, 8.9505081, 9.8504429, 19.849997, 19.856802, 19.858242, 19.858709, 0.27823991, 0.27242878, 0.26189688, 0.27793086, 0.33950490, 0.34850436, 0.34924999, 0.34928399, 0.34929121, 0.34929353, 0.25306141
0.17304859, 1.0000000, 0.33713251, 2.1088777, 2.8446877, 6.5993719, 9.3218870, 9.6418982, 9.8671904, 19.851175, 19.856997, 19.858318, 19.858709, 0.27108824, 0.27844647, 0.31599322, 0.34321871, 0.34641892, 0.34867188, 0.34925586, 0.34928498, 0.34929159, 0.34929353, 0.33713251
0.22832043, 1.0000000, 0.53739285, 2.6846557, 7.0830431, 9.4705849, 9.6661215, 9.7828636, 9.8770437, 19.852198, 19.857197, 19.858402, 19.858709, 0.27684644, 0.32083026, 0.34470573, 0.34666118, 0.34782863, 0.34877044, 0.34926099, 0.34928599, 0.34929201, 0.34929353, 0.53739285
0.35600001, 1.0000000, 1.0000000, 9.9999990, 9.9999990, 9.9999990, 9.9999990, 9.9999990, 9.9999990, 19.999998, 19.999998, 19.999998, 19.997997, 0.34999999, 0.34999999, 0.34999999, 0.34999999, 0.34999999, 0.34999999, 0.34999999, 0.34999999, 0.34999999, 0.34998998, 1.0000000
0.33243376, 1.0000000, 0.91461498, 8.6322813, 9.5670500, 9.7528105, 9.9243078, 9.9609184, 9.9845676, 19.997698, 19.999403, 19.999575, 19.974222, 0.33632156, 0.34566966, 0.34752768, 0.34924299, 0.34960917, 0.34984568, 0.34998849, 0.34999701, 0.34999788, 0.34987110, 0.91461498
0.32626757, 1.0000000, 0.89227372, 8.2418671, 9.5081816, 9.6973639, 9.8748980, 9.9322615, 9.9713306, 19.994715, 19.998629, 19.997713, 19.951887, 0.33241418, 0.34507868, 0.34697205, 0.34874865, 0.34932247, 0.34971324, 0.34997356, 0.34999314, 0.34998858, 0.34975943, 0.89227372
0.35600001, 1.0000000, 1.0000000, 9.9999990, 9.9999990, 9.9999990, 9.9999990, 9.9999990, 9.9999990, 19.999998, 19.999998, 19.999998, 19.998999, 0.34999999, 0.34999999, 0.34999999, 0.34999999, 0.34999999, 0.34999999, 0.34999999, 0.34999999, 0.34999999, 0.34999499, 1.0000000
0.35189939, 1.0000000, 0.98514259, 9.7860641, 9.8914165, 9.9437637, 9.9858942, 9.9928627, 9.9972677, 19.999636, 19.999908, 19.999739, 19.975233, 0.34785992, 0.34891373, 0.34943745, 0.34985891, 0.34992859, 0.34997267, 0.34999818, 0.34999955, 0.34999868, 0.34987617, 0.98514259
0.33690673, 1.0000000, 0.93082148, 8.8989058, 9.6392469, 9.7959194, 9.9399672, 9.9690809, 9.9880304, 19.998425, 19.999599, 19.998074, 19.952820, 0.33898804, 0.34639180, 0.34795886, 0.34939963, 0.34969077, 0.34988031, 0.34999213, 0.34999800, 0.34999037, 0.34976411, 0.93082148
0.32120475, 1.0000000, 0.87393022, 7.9209375, 9.4482679, 9.6633902, 9.8688698, 9.9296379, 9.9709187, 19.995136, 19.998745, 19.993933, 19.932756, 0.32920909, 0.34448248, 0.34663382, 0.34868866, 0.34929639, 0.34970918, 0.34997568, 0.34999374, 0.34996966, 0.34966379, 0.87393022
0.30840474, 1.0000000, 0.82755333, 6.9140592, 9.5557508, 9.7161236, 9.8618488, 9.9215240, 9.9654722, 19.993593, 19.998257, 19.987015, 19.915733, 0.31913880, 0.34555602, 0.34716049, 0.34861833, 0.34921515, 0.34965470, 0.34996796, 0.34999129, 0.34993508, 0.34957868, 0.82755333
0.30997986, 1.0000000, 0.83326030, 7.0192041, 9.5700836, 9.7221594, 9.8536968, 9.9138479, 9.9599829, 19.991699, 19.997364, 19.977266, 19.901812, 0.32018629, 0.34569612, 0.34721920, 0.34853649, 0.34913823, 0.34959975, 0.34995848, 0.34998682, 0.34988633, 0.34950906, 0.83326030
0.26375392, 1.0000000, 0.66577506, 3.9377592, 9.2452717, 9.5081921, 9.7458506, 9.8501816, 9.9289103, 19.983643, 19.994236, 19.964777, 19.890701, 0.28937072, 0.34244302, 0.34507695, 0.34745750, 0.34850129, 0.34928894, 0.34991822, 0.34997118, 0.34982389, 0.34945351, 0.66577506
0.22853146, 1.0000000, 0.53815746, 2.3097425, 7.7354488, 9.4596930, 9.6964483, 9.8138590, 9.9077129, 19.976931, 19.990335, 19.950951, 19.882221, 0.27309337, 0.32734632, 0.34459195, 0.34696347, 0.34813809, 0.34907696, 0.34988466, 0.34995168, 0.34975475, 0.34941110, 0.53815746
0.19606319, 1.0000000, 0.42051879, 1.3130933, 5.5045018, 9.4118061, 9.6573219, 9.7845860, 9.8897772, 19.970236, 19.984835, 19.936668, 19.875826, 0.26312831, 0.30503842, 0.34411243, 0.34657207, 0.34784526, 0.34889755, 0.34985119, 0.34992418, 0.34968334, 0.34937912, 0.42051879
0.16860810, 1.0000000, 0.32104382, 0.55618286, 3.4602411, 9.3968220, 9.6407661, 9.7701235, 9.8793669, 19.964375, 19.977610, 19.922876, 19.871082, 0.25556010, 0.28459591, 0.34395939, 0.34640583, 0.34770033, 0.34879339, 0.34982187, 0.34988806, 0.34961438, 0.34935540, 0.32104382
0.14978233, 0.84269744, 0.25283453, 0.19788742E-1, 2.4863033, 8.5849314, 9.6360083, 9.7646551, 9.8745070, 19.959400, 19.968613, 19.910313, 19.867624, 0.25019786, 0.27486128, 0.33584625, 0.34635940, 0.34764618, 0.34874496, 0.34979701, 0.34984306, 0.34955156, 0.34933811, 0.25283453
0.13807765, 0.70135057, 0.21042621, 0.0000000, 1.7749637, 7.2558823, 9.6016531, 9.7426529, 9.8630753, 19.953136, 19.957556, 19.899271, 19.865070, 0.24999598, 0.26774782, 0.32255509, 0.34601554, 0.34742603, 0.34863058, 0.34976569, 0.34978777, 0.34949636, 0.34932536, 0.21042621
0.12654932, 0.56213355, 0.16865693, 0.0000000, 1.1195719, 5.7936954, 9.5619183, 9.7167177, 9.8498545, 19.946423, 19.945246, 19.889963, 19.863249, 0.24999598, 0.26119274, 0.30792928, 0.34561664, 0.34716591, 0.34849811, 0.34973210, 0.34972623, 0.34944981, 0.34931624, 0.16865693
0.11531512, 0.42646855, 0.12795337, 0.0000000, 0.54583251, 4.2392068, 9.5191746, 9.6879683, 9.8344688, 19.938358, 19.932207, 19.882343, 19.861925, 0.24999598, 0.25545660, 0.29238534, 0.34518874, 0.34687814, 0.34834418, 0.34969181, 0.34966105, 0.34941173, 0.34930962, 0.12795337
0.10693030, 0.32521260, 0.97573541E-1, 0.0000000, 0.18275678, 2.9933751, 9.2585802, 9.6696320, 9.8241482, 19.931402, 19.919863, 19.876419, 19.861008, 0.24999598, 0.25182745, 0.27993277, 0.34258521, 0.34669599, 0.34824136, 0.34965700, 0.34959930, 0.34938210, 0.34930503, 0.97573541E-1
0.10214958, 0.26748019, 0.80252089E-1, 0.0000000, 0.0000000, 2.3466439, 8.5499249, 9.6647625, 9.8192348, 19.923609, 19.908316, 19.871807, 19.860355, 0.24999598, 0.24998145, 0.27346414, 0.33549759, 0.34664667, 0.34819201, 0.34961805, 0.34954157, 0.34935904, 0.34930179, 0.80252089E-1
0.10008609, 0.24256133, 0.72775677E-1, 0.0000000, 0.0000000, 1.9545585, 8.0045347, 9.6887951, 9.8291836, 19.916658, 19.898373, 19.868364, 19.859926, 0.24999598, 0.24998145, 0.26954335, 0.33004349, 0.34688684, 0.34829146, 0.34958330, 0.34949186, 0.34934181, 0.34929964, 0.72775677E-1
0.97240344E-1, 0.20819585, 0.62465005E-1, 0.0000000, 0.0000000, 1.4149606, 7.2940331, 9.6487255, 9.8090963, 19.903776, 19.888439, 19.865414, 19.859545, 0.24999598, 0.24998145, 0.26413965, 0.32293007, 0.34648046, 0.34808865, 0.34951890, 0.34944218, 0.34932706, 0.34929773, 0.62465005E-1
0.95140517E-1, 0.18283816, 0.54856934E-1, 0.0000000, 0.0000000, 1.0412365, 6.6215897, 9.6491003, 9.8063784, 19.894289, 19.880833, 19.863369, 19.859346, 0.24999598, 0.24998145, 0.26041079, 0.31621388, 0.34648952, 0.34806326, 0.34947145, 0.34940416, 0.34931684, 0.34929675, 0.54856934E-1
0.97283661E-1, 0.20871899, 0.62621959E-1, 0.19869804, 0.0000000, 0.95187426, 6.3013701, 9.7346373, 9.8422594, 19.889219, 19.875656, 19.862123, 19.859299, 0.25198469, 0.24998145, 0.25951546, 0.31300935, 0.34734300, 0.34842145, 0.34944609, 0.34937829, 0.34931061, 0.34929651, 0.62621959E-1
0.10294361, 0.27706915, 0.83129056E-1, 0.63254535, 0.0000000, 0.90147555, 6.1236982, 9.7891445, 9.8661900, 19.884005, 19.871489, 19.861225, 19.859251, 0.25632405, 0.24998145, 0.25901416, 0.31123614, 0.34789079, 0.34866169, 0.34942001, 0.34935743, 0.34930614, 0.34929627, 0.83129056E-1
0.12949830, 0.59774572, 0.17934166, 2.5664897, 0.0000000, 0.88437200, 6.0269327, 9.8311710, 9.8838434, 19.879728, 19.868385, 19.860630, 19.859251, 0.27566147, 0.24998145, 0.25884336, 0.31026885, 0.34831133, 0.34883833, 0.34939864, 0.34934193, 0.34930316, 0.34929627, 0.17934166
0.15084571, 0.85553902, 0.25668737, 2.8851330, 2.0683141, 0.85528195, 5.9451799, 9.8486872, 9.8907518, 19.875425, 19.865921, 19.860147, 19.859217, 0.27885103, 0.27068302, 0.25855279, 0.30945176, 0.34848684, 0.34890753, 0.34937713, 0.34932959, 0.34930074, 0.34929609, 0.25668737
0.13637823, 0.68082839, 0.20426895, 1.7221689, 1.8712908, 1.6592354, 5.8148212, 9.8322144, 9.8840618, 19.870855, 19.863792, 19.859741, 19.859180, 0.26722148, 0.26871276, 0.26659229, 0.30814818, 0.34832212, 0.34884062, 0.34935427, 0.34931895, 0.34929872, 0.34929591, 0.20426895
0.11664412, 0.44251758, 0.13276856, 0.76363981, 1.2684464, 1.3623923, 5.5111637, 9.7600765, 9.8532429, 19.863125, 19.861162, 19.859222, 19.859070, 0.25763607, 0.26268414, 0.26362374, 0.30511150, 0.34760064, 0.34853241, 0.34931561, 0.34930581, 0.34929612, 0.34929535, 0.13276856
0.10643430, 0.31922293, 0.95776454E-1, 0.30688941, 0.92103481, 1.1722684, 5.2255797, 9.7489443, 9.8460760, 19.859190, 19.859734, 19.858955, 19.859005, 0.25306839, 0.25920945, 0.26172212, 0.30225530, 0.34748897, 0.34846061, 0.34929594, 0.34929866, 0.34929478, 0.34929502, 0.95776454E-1
0.10664724, 0.32179436, 0.96547969E-1, 0.59600770, 0.59690773, 0.97457469, 4.9020338, 9.7323399, 9.8373909, 19.855909, 19.858606, 19.858696, 19.858946, 0.25595987, 0.25596896, 0.25974566, 0.29902023, 0.34732330, 0.34837389, 0.34927955, 0.34929302, 0.34929347, 0.34929472, 0.96547969E-1
0.99795312E-1, 0.23904987, 0.71722135E-1, 0.27244091, 0.40531754, 0.83873868, 4.6136842, 9.7355833, 9.8379583, 19.854609, 19.858070, 19.858566, 19.858904, 0.25272399, 0.25405282, 0.25838700, 0.29613644, 0.34735540, 0.34837943, 0.34927303, 0.34929034, 0.34929281, 0.34929451, 0.71722135E-1
0.91682516E-1, 0.14107910, 0.42327963E-1, 0.0000000, 0.68622828E-1, 0.56717694, 4.1202435, 9.6658745, 9.8072577, 19.850363, 19.856844, 19.858295, 19.858828, 0.24999505, 0.25068611, 0.25567123, 0.29120165, 0.34665784, 0.34807229, 0.34925181, 0.34928423, 0.34929147, 0.34929413, 0.42327963E-1
0.90038732E-1, 0.12122865, 0.36372233E-1, 0.0000000, 0.0000000, 0.39982498, 3.6580710, 9.6671581, 9.8050900, 19.848898, 19.856396, 19.858200, 19.858805, 0.24999505, 0.24997130, 0.25399718, 0.28657874, 0.34666896, 0.34805000, 0.34924448, 0.34928197, 0.34929100, 0.34929401, 0.36372233E-1
0.88478938E-1, 0.10239238, 0.30720785E-1, 0.0000000, 0.0000000, 0.17195940, 2.9927731, 9.5209885, 9.7650661, 19.845940, 19.855534, 19.858007, 19.858757, 0.24999505, 0.24997130, 0.25171933, 0.27992678, 0.34520838, 0.34765014, 0.34922969, 0.34927768, 0.34929004, 0.34929377, 0.30720785E-1
0.90322852E-1, 0.12465969, 0.37401646E-1, 0.21132827, 0.0000000, 0.12907386E-1, 2.7391820, 9.0343599, 9.7591438, 19.843760, 19.854912, 19.857889, 19.858709, 0.25211200, 0.24997130, 0.25012904, 0.27739081, 0.34034193, 0.34759083, 0.34921879, 0.34927458, 0.34928945, 0.34929353, 0.37401646E-1
0.17759919, 1.0000000, 0.35362023, 2.6914775, 2.5280685, 6.7005358, 8.0939302, 9.0262794, 9.7566595, 19.842995, 19.854698, 19.857838, 19.858698, 0.27691436, 0.27528045, 0.31700504, 0.33093920, 0.34026277, 0.34756657, 0.34921497, 0.34927350, 0.34928918, 0.34929350, 0.35362023
0.30337059, 1.0000000, 0.80931365, 7.4289160, 8.5109882, 8.9864082, 9.4599991, 9.6392851, 9.8063269, 19.842569, 19.854557, 19.857801, 19.858704, 0.32428914, 0.33510989, 0.33986408, 0.34459999, 0.34639284, 0.34806326, 0.34921286, 0.34927279, 0.34928900, 0.34929353, 0.80931365
0.35600001, 1.0000000, 1.0000000, 9.9999990, 9.9999990, 9.9999990, 9.9999990, 9.9999990, 9.9999990, 19.999998, 19.999998, 19.999998, 19.994993, 0.34999999, 0.34999999, 0.34999999, 0.34999999, 0.34999999, 0.34999999, 0.34999999, 0.34999999, 0.34999999, 0.34997496, 1.0000000
0.35599947, 1.0000000, 0.99999803, 9.9999990, 9.9999990, 9.9999990, 9.9999990, 9.9999990, 9.9999990, 19.999998, 19.999998, 19.999998, 19.998999, 0.34999973, 0.34999985, 0.34999990, 0.34999996, 0.34999999, 0.34999999, 0.34999999, 0.34999999, 0.34999999, 0.34999499, 0.99999803
0.32059264, 1.0000000, 0.87171239, 7.8838978, 9.4330578, 9.6656771, 9.8855572, 9.9401274, 9.9755220, 19.995737, 19.998884, 19.999464, 19.975174, 0.32883716, 0.34432927, 0.34665611, 0.34885541, 0.34940121, 0.34975520, 0.34997869, 0.34999442, 0.34999731, 0.34987587, 0.87171239
0.27471244, 1.0000000, 0.70547992, 4.7099113, 9.2660618, 9.5287132, 9.7755089, 9.8740253, 9.9442196, 19.988543, 19.996994, 19.997381, 19.952671, 0.29709512, 0.34265590, 0.34528473, 0.34775457, 0.34874001, 0.34944209, 0.34994271, 0.34998497, 0.34998691, 0.34976336, 0.70547992
0.23475023, 1.0000000, 0.56068921, 2.6150794, 7.9720430, 9.4655666, 9.7084465, 9.8257895, 9.9176579, 19.981804, 19.995171, 19.992973, 19.932573, 0.27614814, 0.32971558, 0.34465277, 0.34708387, 0.34825760, 0.34917650, 0.34990901, 0.34997585, 0.34996486, 0.34966287, 0.56068921
0.19903988, 1.0000000, 0.43130392, 1.4995068, 5.5543242, 9.4081907, 9.6574593, 9.7872572, 9.8942528, 19.974812, 19.993113, 19.985657, 19.915466, 0.26499340, 0.30553952, 0.34407878, 0.34657395, 0.34787223, 0.34894240, 0.34987405, 0.34996557, 0.34992829, 0.34957734, 0.43130392
0.26162952, 1.0000000, 0.65807796, 3.7795222, 9.2107592, 9.5925407, 9.7383032, 9.8279915, 9.9078035, 19.974400, 19.992432, 19.975964, 19.901606, 0.28779334, 0.34210485, 0.34592396, 0.34738272, 0.34827977, 0.34907797, 0.34987199, 0.34996217, 0.34987980, 0.34950802, 0.65807796
0.30696130, 1.0000000, 0.82232344, 6.8210807, 9.5594244, 9.6910686, 9.7908945, 9.8584576, 9.9203672, 19.974272, 19.991255, 19.964010, 19.890654, 0.31821081, 0.34559423, 0.34691069, 0.34790894, 0.34858459, 0.34920368, 0.34987137, 0.34995627, 0.34982005, 0.34945327, 0.82232344
0.28850788, 1.0000000, 0.75546324, 5.5747533, 9.4412813, 9.6264877, 9.7820139, 9.8563309, 9.9203815, 19.972589, 19.988590, 19.950546, 19.882257, 0.30574742, 0.34441268, 0.34626481, 0.34782013, 0.34856331, 0.34920382, 0.34986293, 0.34994295, 0.34975272, 0.34941128, 0.75546324
0.35596621, 1.0000000, 0.99987751, 9.9986191, 9.9991684, 9.9995852, 9.9994202, 9.9968710, 9.9989386, 19.999975, 19.999992, 19.999975, 19.989016, 0.34998408, 0.34999043, 0.34999523, 0.34999409, 0.34996864, 0.34998935, 0.34999987, 0.34999996, 0.34999987, 0.34994507, 0.99987751
0.35599816, 1.0000000, 0.99999338, 9.9999456, 9.9999666, 9.9999790, 9.9999962, 9.9999990, 9.9999990, 19.999998, 19.999998, 19.999998, 19.996996, 0.34999910, 0.34999946, 0.34999967, 0.34999993, 0.34999999, 0.34999999, 0.34999999, 0.34999999, 0.34999999, 0.34998497, 0.99999338
0.35600001, 1.0000000, 1.0000000, 9.9999990, 9.9999990, 9.9999990, 9.9999990, 9.9999990, 9.9999990, 19.999998, 19.999998, 19.999998, 19.998999, 0.34999999, 0.34999999, 0.34999999, 0.34999999, 0.34999999, 0.34999999, 0.34999999, 0.34999999, 0.34999999, 0.34999499, 1.0000000
0.35525441, 1.0000000, 0.99729860, 9.9987783, 9.9365988, 9.9537668, 9.9883623, 9.9941311, 9.9977446, 19.999689, 19.999922, 19.999725, 19.975233, 0.34998778, 0.34936598, 0.34953767, 0.34988362, 0.34994131, 0.34997743, 0.34999844, 0.34999961, 0.34999862, 0.34987617, 0.99729860
0.35083109, 1.0000000, 0.98127210, 9.7970257, 9.7811928, 9.8742819, 9.9665098, 9.9829512, 9.9935303, 19.999249, 19.999807, 19.998127, 19.952848, 0.34797025, 0.34781194, 0.34874281, 0.34966511, 0.34982949, 0.34993529, 0.34999624, 0.34999904, 0.34999064, 0.34976423, 0.98127210
0.34601063, 1.0000000, 0.96380669, 9.4681091, 9.7569942, 9.8575907, 9.9555492, 9.9769039, 9.9910603, 19.998938, 19.999723, 19.994183, 19.932835, 0.34468108, 0.34756994, 0.34857589, 0.34955549, 0.34976906, 0.34991062, 0.34999469, 0.34999862, 0.34997091, 0.34966418, 0.96380669
0.33384371, 1.0000000, 0.91972357, 8.6936216, 9.6226482, 9.7777443, 9.9222565, 9.9588814, 9.9835377, 19.997681, 19.999306, 19.987326, 19.915798, 0.33693621, 0.34622648, 0.34777743, 0.34922257, 0.34958881, 0.34983537, 0.34998840, 0.34999654, 0.34993663, 0.34957898, 0.91972357
0.28264749, 1.0000000, 0.73423004, 5.2941751, 9.2517195, 9.5232201, 9.7789440, 9.8770905, 9.9458141, 19.988865, 19.996618, 19.977087, 19.901747, 0.30294129, 0.34251672, 0.34523195, 0.34778938, 0.34877089, 0.34945816, 0.34994432, 0.34998310, 0.34988543, 0.34950873, 0.73423004
0.23770399, 1.0000000, 0.57139128, 2.7703018, 8.0765562, 9.4538689, 9.7017813, 9.8222923, 9.9160213, 19.981186, 19.993568, 19.964598, 19.890676, 0.27770087, 0.33076182, 0.34453651, 0.34701738, 0.34822267, 0.34916013, 0.34990594, 0.34996784, 0.34982300, 0.34945339, 0.57139128
0.19938248, 1.0000000, 0.43254516, 1.5689433, 5.4914241, 9.3907871, 9.6471491, 9.7808857, 9.8912077, 19.974010, 19.989515, 19.950729, 19.882179, 0.26568484, 0.30490458, 0.34389961, 0.34646979, 0.34780800, 0.34891176, 0.34987006, 0.34994757, 0.34975365, 0.34941089, 0.43254516
0.17025182, 1.0000000, 0.32699928, 0.76167881, 3.3191695, 9.3915768, 9.6354971, 9.7674780, 9.8798084, 19.968536, 19.984291, 19.936516, 19.875801, 0.25761512, 0.28318736, 0.34390965, 0.34635371, 0.34767416, 0.34879789, 0.34984267, 0.34992146, 0.34968257, 0.34937900, 0.32699928
0.15742758, 0.93502212, 0.28053468, 0.44832826, 2.6130140, 8.7404718, 9.6702662, 9.7851048, 9.8856087, 19.967005, 19.978195, 19.923033, 19.871134, 0.25448287, 0.27612865, 0.33740222, 0.34670210, 0.34785077, 0.34885600, 0.34983504, 0.34989098, 0.34961516, 0.34935567, 0.28053468
0.15135103, 0.86164141, 0.25851828, 0.30170977, 2.3877292, 8.1986952, 9.7174673, 9.8128433, 9.8975191, 19.966259, 19.970367, 19.910751, 19.867741, 0.25301710, 0.27387729, 0.33198696, 0.34717467, 0.34812844, 0.34897518, 0.34983128, 0.34985185, 0.34955376, 0.34933871, 0.25851828
0.14892957, 0.83239943, 0.24974480, 0.24030805, 2.3138137, 7.9509101, 9.7751102, 9.8469181, 9.9125996, 19.965586, 19.960876, 19.900049, 19.865252, 0.25240305, 0.27313805, 0.32950893, 0.34775108, 0.34846917, 0.34912598, 0.34982795, 0.34980437, 0.34950024, 0.34932625, 0.24974480
0.14200523, 0.74878055, 0.22465663, 0.64563751E-1, 2.0382524, 7.4230003, 9.7455225, 9.8342810, 9.9096642, 19.962780, 19.949636, 19.890923, 19.863459, 0.25064558, 0.27038139, 0.32422796, 0.34745470, 0.34834254, 0.34909657, 0.34981391, 0.34974819, 0.34945461, 0.34931728, 0.22465663
0.13611034, 0.67759335, 0.20329833, 0.0000000, 1.7453372, 6.8060284, 9.7217531, 9.8212843, 9.9048481, 19.958794, 19.937639, 19.883471, 19.862167, 0.24999602, 0.26745307, 0.31805968, 0.34721735, 0.34821275, 0.34904847, 0.34979397, 0.34968820, 0.34941736, 0.34931085, 0.20329833
0.13038126, 0.60840833, 0.18254076, 0.0000000, 1.4190286, 6.0820303, 9.6953440, 9.8049088, 9.8970575, 19.952913, 19.925419, 19.877476, 19.861242, 0.24999602, 0.26418990, 0.31081948, 0.34695318, 0.34804896, 0.34897053, 0.34976456, 0.34962708, 0.34938738, 0.34930623, 0.18254076
0.16155820, 0.98490381, 0.29550070, 2.3884206, 1.3471186, 5.7787538, 9.7582836, 9.8385525, 9.9093361, 19.947670, 19.914293, 19.872917, 19.860609, 0.27388385, 0.26347107, 0.30778727, 0.34758276, 0.34838548, 0.34909338, 0.34973836, 0.34957147, 0.34936458, 0.34930304, 0.29550070
0.14880222, 0.83086163, 0.24928342, 1.3562083, 1.9279987, 4.9975467, 9.6777725, 9.7943096, 9.8900709, 19.937014, 19.903116, 19.869150, 19.860067, 0.26356208, 0.26927999, 0.29997545, 0.34677774, 0.34794310, 0.34890071, 0.34968507, 0.34951559, 0.34934574, 0.34930032, 0.24928342
0.14082631, 0.73454374, 0.22038516, 1.3532639, 1.4006317, 4.1481194, 9.6352968, 9.7660217, 9.8741293, 19.924820, 19.893147, 19.866226, 19.859686, 0.26353136, 0.26400551, 0.29148003, 0.34635243, 0.34765995, 0.34874120, 0.34962410, 0.34946573, 0.34933114, 0.34929842, 0.22038516
0.16007617, 0.96700674, 0.29013103, 1.4741600, 2.1558166, 6.8830271, 9.6425457, 9.7667799, 9.8705521, 19.913950, 19.885061, 19.864101, 19.859440, 0.26474059, 0.27155727, 0.31882888, 0.34642509, 0.34766760, 0.34870547, 0.34956974, 0.34942532, 0.34932050, 0.34929720, 0.29013103
0.15077147, 0.85464245, 0.25641838, 1.4368325, 1.6205609, 5.8358035, 9.6243668, 9.7542124, 9.8620491, 19.902855, 19.878313, 19.862511, 19.859251, 0.26436692, 0.26620466, 0.30835634, 0.34624311, 0.34754181, 0.34862038, 0.34951428, 0.34939158, 0.34931254, 0.34929627, 0.25641838
0.15939042, 0.95872569, 0.28764647, 1.7267942, 2.5498450, 5.0855222, 9.6499825, 9.7672443, 9.8641033, 19.893135, 19.873039, 19.861359, 19.859169, 0.26726747, 0.27549803, 0.30085480, 0.34649968, 0.34767234, 0.34864101, 0.34946567, 0.34936520, 0.34930679, 0.34929585, 0.28764647
0.20046158, 1.0000000, 0.43645498, 2.4454503, 4.1937256, 9.3111525, 9.6967192, 9.7936077, 9.8728533, 19.885767, 19.869232, 19.860605, 19.859133, 0.27445313, 0.29193583, 0.34310994, 0.34696686, 0.34793591, 0.34872848, 0.34942883, 0.34934616, 0.34930304, 0.34929568, 0.43645498
0.35520107, 1.0000000, 0.99710530, 9.9602633, 9.9766903, 9.9882727, 9.9976368, 9.9988194, 9.9996061, 19.999998, 19.999998, 19.999975, 19.989016, 0.34959939, 0.34976494, 0.34988174, 0.34997615, 0.34998810, 0.34999603, 0.34999999, 0.34999999, 0.34999987, 0.34994507, 0.99710530
0.32724881, 1.0000000, 0.89582896, 8.3077888, 9.5043669, 9.7122765, 9.9041691, 9.9482498, 9.9791298, 19.996584, 19.999111, 19.999615, 19.978106, 0.33307788, 0.34504366, 0.34712276, 0.34904170, 0.34948251, 0.34979129, 0.34998292, 0.34999555, 0.34999806, 0.34989053, 0.89582896
0.29649788, 1.0000000, 0.78441262, 6.1799073, 9.3935232, 9.6197109, 9.8336744, 9.9072227, 9.9603691, 19.992889, 19.998146, 19.998026, 19.955448, 0.31179598, 0.34393239, 0.34619564, 0.34833646, 0.34907207, 0.34960362, 0.34996444, 0.34999073, 0.34999013, 0.34977725, 0.78441262
0.35596400, 1.0000000, 0.99986953, 9.9985809, 9.9991474, 9.9995728, 9.9999132, 9.9999580, 9.9999876, 19.999998, 19.999998, 19.999998, 19.994993, 0.34998205, 0.34998924, 0.34999460, 0.34999889, 0.34999946, 0.34999985, 0.34999999, 0.34999999, 0.34999999, 0.34997496, 0.99986953
0.35600001, 1.0000000, 1.0000000, 9.9999990, 9.9999990, 9.9999990, 9.9999990, 9.9999990, 9.9999990, 19.999998, 19.999998, 19.999998, 19.995995, 0.34999999, 0.34999999, 0.34999999, 0.34999999, 0.34999999, 0.34999999, 0.34999999, 0.34999999, 0.34999999, 0.34997997, 1.0000000
0.35569268, 1.0000000, 0.99888659, 9.9846516, 9.9908714, 9.9954205, 9.9990816, 9.9995432, 9.9998474, 19.999998, 19.999998, 19.999990, 19.991999, 0.34984651, 0.34990871, 0.34995419, 0.34999081, 0.34999543, 0.34999847, 0.34999999, 0.34999999, 0.34999996, 0.34996000, 0.99888659
0.35298961, 1.0000000, 0.98909283, 9.8459282, 9.9158592, 9.9570732, 9.9907494, 9.9953671, 9.9983873, 19.999933, 19.999981, 19.999983, 19.990009, 0.34845927, 0.34915859, 0.34957072, 0.34990749, 0.34995368, 0.34998387, 0.34999967, 0.34999990, 0.34999990, 0.34995005, 0.98909283
0.35597998, 1.0000000, 0.99992740, 9.9992037, 9.9995222, 9.9997635, 9.9999514, 9.9999752, 9.9999933, 19.999998, 19.999998, 19.999996, 19.993994, 0.34999001, 0.34999400, 0.34999704, 0.34999940, 0.34999970, 0.34999990, 0.34999999, 0.34999999, 0.34999996, 0.34996998, 0.99992740
0.35600001, 1.0000000, 1.0000000, 9.9999990, 9.9999990, 9.9999990, 9.9999990, 9.9999990, 9.9999990, 19.999998, 19.999998, 19.999998, 19.995995, 0.34999999, 0.34999999, 0.34999999, 0.34999999, 0.34999999, 0.34999999, 0.34999999, 0.34999999, 0.34999999, 0.34997997, 1.0000000
0.35600001, 1.0000000, 1.0000000, 9.9999990, 9.9999990, 9.9999990, 9.9999990, 9.9999990, 9.9999990, 19.999998, 19.999998, 19.999996, 19.993994, 0.34999999, 0.34999999, 0.34999999, 0.34999999, 0.34999999, 0.34999999, 0.34999999, 0.34999999, 0.34999996, 0.34996998, 1.0000000
0.35599244, 1.0000000, 0.99997252, 9.9996204, 9.9997730, 9.9998865, 9.9999752, 9.9999905, 9.9999962, 19.999998, 19.999998, 19.999990, 19.992998, 0.34999621, 0.34999773, 0.34999886, 0.34999976, 0.34999990, 0.34999996, 0.34999999, 0.34999999, 0.34999996, 0.34996498, 0.99997252
0.35599303, 1.0000000, 0.99997467, 9.9997606, 9.9998560, 9.9999247, 9.9999847, 9.9999962, 9.9999990, 19.999998, 19.999998, 19.999998, 19.994993, 0.34999651, 0.34999791, 0.34999892, 0.34999979, 0.34999993, 0.34999999, 0.34999999, 0.34999999, 0.34999999, 0.34997496, 0.99997467
0.35600001, 1.0000000, 1.0000000, 9.9999990, 9.9999990, 9.9999990, 9.9999990, 9.9999990, 9.9999990, 19.999998, 19.999998, 19.999998, 19.996996, 0.34999999, 0.34999999, 0.34999999, 0.34999999, 0.34999999, 0.34999999, 0.34999999, 0.34999999, 0.34999999, 0.34998497, 1.0000000
0.35600001, 1.0000000, 1.0000000, 9.9999990, 9.9999990, 9.9999990, 9.9999990, 9.9999990, 9.9999990, 19.999998, 19.999998, 19.999998, 19.996996, 0.34999999, 0.34999999, 0.34999999, 0.34999999, 0.34999999, 0.34999999, 0.34999999, 0.34999999, 0.34999999, 0.34998497, 1.0000000
0.34458405, 1.0000000, 0.95863777, 9.3764553, 9.7366505, 9.8579273, 9.9622831, 9.9808083, 9.9926500, 19.999050, 19.999748, 19.999882, 19.985031, 0.34376347, 0.34736586, 0.34857896, 0.34962279, 0.34980807, 0.34992650, 0.34999526, 0.34999874, 0.34999940, 0.34992516, 0.95863777
0.34519458, 1.0000000, 0.96084988, 9.5112495, 9.6233301, 9.7893839, 9.9406061, 9.9695644, 9.9883366, 19.998562, 19.999630, 19.999853, 19.985031, 0.34510925, 0.34623134, 0.34789282, 0.34940585, 0.34969556, 0.34988335, 0.34999281, 0.34999815, 0.34999925, 0.34992516, 0.96084988
0.33354509, 1.0000000, 0.91864169, 8.7918720, 9.4750834, 9.6840467, 9.8846540, 9.9386225, 9.9753590, 19.996500, 19.999092, 19.998833, 19.961901, 0.33791676, 0.34474954, 0.34683982, 0.34884644, 0.34938616, 0.34975356, 0.34998250, 0.34999546, 0.34999415, 0.34980950, 0.91864169
0.34295291, 1.0000000, 0.95272791, 9.2809772, 9.7078934, 9.8411770, 9.9585123, 9.9788866, 9.9920845, 19.999140, 19.999779, 19.999887, 19.985031, 0.34280768, 0.34707761, 0.34841111, 0.34958500, 0.34978881, 0.34992081, 0.34999570, 0.34999889, 0.34999943, 0.34992516, 0.95272791
0.32594472, 1.0000000, 0.89110398, 8.1755295, 9.5542879, 9.7373438, 9.9131966, 9.9544868, 9.9823103, 19.997852, 19.999445, 19.998928, 19.961931, 0.33175218, 0.34554070, 0.34737232, 0.34913173, 0.34954476, 0.34982309, 0.34998927, 0.34999722, 0.34999463, 0.34980965, 0.89110398
0.29049116, 1.0000000, 0.76264906, 5.7764788, 9.3541698, 9.5947542, 9.8237705, 9.9029875, 9.9591131, 19.993254, 19.998247, 19.995758, 19.940777, 0.30776173, 0.34353870, 0.34594601, 0.34823740, 0.34902972, 0.34959108, 0.34996626, 0.34999123, 0.34997880, 0.34970388, 0.76264906
0.25740218, 1.0000000, 0.64276153, 3.4314797, 9.2969389, 9.5456619, 9.7745495, 9.8690252, 9.9415789, 19.989841, 19.997295, 19.989973, 19.922426, 0.28431448, 0.34296885, 0.34545636, 0.34774542, 0.34869021, 0.34941578, 0.34994921, 0.34998649, 0.34994987, 0.34961212, 0.64276153
0.22342220, 1.0000000, 0.51964563, 2.0778120, 7.5019650, 9.4593487, 9.7083302, 9.8242207, 9.9171782, 19.984192, 19.995543, 19.981108, 19.907143, 0.27077708, 0.32501742, 0.34459209, 0.34708300, 0.34824207, 0.34917173, 0.34992096, 0.34997770, 0.34990555, 0.34953570, 0.51964563
0.21743001, 1.0000000, 0.49793479, 2.7057528, 5.7282271, 9.4716787, 9.6961937, 9.8100853, 9.9053249, 19.979729, 19.993597, 19.969753, 19.894932, 0.27705455, 0.30727845, 0.34471366, 0.34696129, 0.34810051, 0.34905314, 0.34989864, 0.34996799, 0.34984878, 0.34947467, 0.49793479
0.21642275, 1.0000000, 0.49428529, 2.0303340, 6.7538199, 9.4346962, 9.6709595, 9.7916193, 9.8932858, 19.974905, 19.990654, 19.956528, 19.885462, 0.27030233, 0.31753615, 0.34434554, 0.34670931, 0.34791604, 0.34893280, 0.34987453, 0.34995326, 0.34978265, 0.34942731, 0.49428529
0.18912750, 1.0000000, 0.39538950, 1.2644410, 4.7428427, 9.4197702, 9.6600914, 9.7823114, 9.8863859, 19.970747, 19.986500, 19.942507, 19.878275, 0.26264367, 0.29742676, 0.34419602, 0.34660059, 0.34782293, 0.34886381, 0.34985372, 0.34993249, 0.34971255, 0.34939137, 0.39538950
0.16413501, 1.0000000, 0.30483699, 0.59595406, 2.9841304, 9.1347733, 9.6388855, 9.7678909, 9.8781652, 19.966391, 19.980495, 19.928564, 19.872917, 0.25595888, 0.27983937, 0.34134474, 0.34638822, 0.34767857, 0.34878153, 0.34983194, 0.34990248, 0.34964281, 0.34936458, 0.30483699
0.14229280, 0.75225317, 0.22569853, 0.0000000, 2.1148264, 7.5977616, 9.5899258, 9.7365847, 9.8624020, 19.960840, 19.972189, 19.915411, 19.868946, 0.24999630, 0.27114511, 0.32597193, 0.34589782, 0.34736514, 0.34862378, 0.34980419, 0.34986094, 0.34957707, 0.34934473, 0.22569853
0.22271712, 1.0000000, 0.51709098, 2.3371906, 7.0220766, 9.3884630, 9.7082481, 9.8025150, 9.8890343, 19.960724, 19.963451, 19.904057, 19.866146, 0.27336940, 0.32021624, 0.34388161, 0.34708187, 0.34802482, 0.34889022, 0.34980363, 0.34981725, 0.34952027, 0.34933072, 0.51709098
0.21806821, 1.0000000, 0.50024712, 2.7028351, 5.7758865, 9.5326176, 9.7257662, 9.8167715, 9.8970079, 19.958290, 19.952745, 19.894255, 19.864096, 0.27702725, 0.30775747, 0.34532502, 0.34725744, 0.34816760, 0.34897006, 0.34979147, 0.34976372, 0.34947127, 0.34932047, 0.50024712
0.35598725, 1.0000000, 0.99995369, 9.9999990, 9.9999990, 9.9999962, 9.9999990, 9.9999990, 9.9999990, 19.999998, 19.999998, 19.999998, 19.998999, 0.34999362, 0.34999618, 0.34999806, 0.34999961, 0.34999982, 0.34999993, 0.34999999, 0.34999999, 0.34999999, 0.34999499, 0.99995369
0.35599566, 1.0000000, 0.99998420, 9.9999456, 9.9999666, 9.9999847, 9.9999962, 9.9999962, 9.9999990, 19.999998, 19.999998, 19.999998, 19.997997, 0.34999782, 0.34999868, 0.34999937, 0.34999987, 0.34999990, 0.34999996, 0.34999999, 0.34999999, 0.34999999, 0.34998998, 0.99998420
0.35576689, 1.0000000, 0.99915540, 9.9885416, 9.9931574, 9.9965696, 9.9993200, 9.9996538, 9.9998798, 19.999998, 19.999998, 19.999990, 19.992998, 0.34988371, 0.34993055, 0.34996518, 0.34999311, 0.34999648, 0.34999877, 0.34999999, 0.34999999, 0.34999996, 0.34996498, 0.99915540
0.34312397, 1.0000000, 0.95334768, 9.2874336, 9.7156200, 9.8449154, 9.9601002, 9.9796858, 9.9925013, 19.999319, 19.999821, 19.999477, 19.969450, 0.34287265, 0.34715512, 0.34844863, 0.34960088, 0.34979680, 0.34992498, 0.34999660, 0.34999910, 0.34999740, 0.34984726, 0.95334768
0.35584688, 1.0000000, 0.99944532, 9.9997673, 9.9995651, 9.9688520, 9.9856272, 9.9927616, 9.9974489, 19.999863, 19.999964, 19.999969, 19.988020, 0.34999663, 0.34999502, 0.34968820, 0.34985620, 0.34992757, 0.34997448, 0.34999931, 0.34999982, 0.34999985, 0.34994009, 0.99944532
0.35595548, 1.0000000, 0.99983853, 9.9979315, 9.9987621, 9.9993820, 9.9998770, 9.9999399, 9.9999819, 19.999998, 19.999998, 19.999989, 19.991005, 0.34997776, 0.34998670, 0.34999335, 0.34999868, 0.34999934, 0.34999979, 0.34999999, 0.34999999, 0.34999993, 0.34995502, 0.99983853
0.32566029, 1.0000000, 0.89007342, 8.2153826, 9.4746599, 9.6956453, 9.9054861, 9.9510098, 9.9808645, 19.997395, 19.999325, 19.999775, 19.985008, 0.33215335, 0.34474626, 0.34695628, 0.34905484, 0.34951007, 0.34980863, 0.34998697, 0.34999663, 0.34999889, 0.34992504, 0.89007342
0.28783900, 1.0000000, 0.75303978, 5.6042118, 9.3298645, 9.5776367, 9.8160839, 9.8987751, 9.9574871, 19.993074, 19.998199, 19.998608, 19.961842, 0.30604139, 0.34329790, 0.34577599, 0.34816074, 0.34898773, 0.34957486, 0.34996536, 0.34999099, 0.34999305, 0.34980920, 0.75303978
0.24898706, 1.0000000, 0.61227196, 2.9402108, 9.1197166, 9.5116787, 9.7549467, 9.8571415, 9.9364414, 19.989359, 19.997210, 19.995476, 19.940701, 0.27940011, 0.34119347, 0.34511486, 0.34754908, 0.34857121, 0.34936434, 0.34994680, 0.34998605, 0.34997737, 0.34970349, 0.61227196
0.21468349, 1.0000000, 0.48798364, 1.8623918, 6.8209062, 9.4345016, 9.6882982, 9.8109608, 9.9103270, 19.982971, 19.995483, 19.989450, 19.922308, 0.26862270, 0.31820634, 0.34434316, 0.34688261, 0.34810939, 0.34910321, 0.34991485, 0.34997743, 0.34994724, 0.34961155, 0.48798364
0.19149339, 1.0000000, 0.40396157, 1.2466073, 5.0408702, 9.4478598, 9.6846800, 9.8021126, 9.9012680, 19.979502, 19.994286, 19.980701, 19.907101, 0.26246476, 0.30040553, 0.34447566, 0.34684619, 0.34802082, 0.34901258, 0.34989750, 0.34997141, 0.34990352, 0.34953550, 0.40396157
0.16593933, 1.0000000, 0.31137437, 0.61534345, 3.0425141, 9.3859110, 9.6490984, 9.7781534, 9.8875656, 19.975349, 19.992363, 19.969343, 19.894884, 0.25615272, 0.28042299, 0.34385583, 0.34649029, 0.34778118, 0.34887552, 0.34987676, 0.34996182, 0.34984672, 0.34947443, 0.31137437
0.14593405, 0.79622531, 0.23889148, 0.35741925E-1, 2.2243948, 8.1317129, 9.6157093, 9.7548885, 9.8737116, 19.970039, 19.989223, 19.956089, 19.885426, 0.25035733, 0.27224073, 0.33131123, 0.34615570, 0.34754819, 0.34873688, 0.34985021, 0.34994611, 0.34978044, 0.34942713, 0.23889148
0.15590289, 0.91660976, 0.27501044, 1.1752784, 1.9092828, 7.3566413, 9.6735010, 9.7853880, 9.8845768, 19.968662, 19.985723, 19.942259, 19.878286, 0.26175073, 0.26909083, 0.32356253, 0.34673399, 0.34785336, 0.34884560, 0.34984332, 0.34992862, 0.34971130, 0.34939143, 0.27501044
0.13863084, 0.70803106, 0.21243057, 0.51680207, 1.4168620, 6.3724689, 9.6384468, 9.7667475, 9.8763876, 19.964308, 19.979685, 19.928333, 19.872942, 0.25516763, 0.26416799, 0.31372327, 0.34638402, 0.34766728, 0.34876382, 0.34982154, 0.34989843, 0.34964168, 0.34936470, 0.21243057
0.12419753, 0.53373313, 0.16013595, 0.31313300E-1, 0.98850727, 5.3671670, 9.6199865, 9.7545433, 9.8700514, 19.960238, 19.971752, 19.915329, 19.868994, 0.25031301, 0.25988257, 0.30366486, 0.34619743, 0.34754422, 0.34870011, 0.34980118, 0.34985876, 0.34957665, 0.34934497, 0.16013595
0.11608323, 0.43574426, 0.13073635, 0.0000000, 0.60459375, 4.2871099, 9.5911531, 9.7360697, 9.8610954, 19.956160, 19.961964, 19.903738, 19.866123, 0.24999873, 0.25604412, 0.29286465, 0.34590864, 0.34735924, 0.34861043, 0.34978080, 0.34980983, 0.34951869, 0.34933060, 0.13073635
0.10917753, 0.35235041, 0.10571570, 0.0000000, 0.30400753, 3.2269711, 9.5645685, 9.7189722, 9.8526525, 19.951996, 19.950796, 19.893854, 19.864029, 0.24999873, 0.25303945, 0.28226641, 0.34564373, 0.34718871, 0.34852621, 0.34976000, 0.34975398, 0.34946927, 0.34932014, 0.10571570
0.17530817, 1.0000000, 0.34531948, 2.4350495, 2.3319423, 7.0437574, 9.4946394, 9.7156239, 9.8484516, 19.945772, 19.938387, 19.885605, 19.862518, 0.27434689, 0.27331737, 0.32043445, 0.34494555, 0.34715581, 0.34848437, 0.34972885, 0.34969193, 0.34942803, 0.34931260, 0.34531948
0.14840800, 0.82610095, 0.24785507, 1.2855291, 1.6574323, 5.7106395, 9.5680132, 9.7214928, 9.8487902, 19.937912, 19.925644, 19.878927, 19.861414, 0.26285374, 0.26657313, 0.30710435, 0.34567943, 0.34721458, 0.34848779, 0.34968954, 0.34962821, 0.34939462, 0.34930706, 0.24785507
0.12698768, 0.56742722, 0.17024520, 0.47500730, 1.0725111, 4.4136701, 9.5501795, 9.7075729, 9.8425894, 19.930016, 19.913618, 19.873730, 19.860657, 0.25474870, 0.26072326, 0.29413289, 0.34550014, 0.34707490, 0.34842560, 0.34965008, 0.34956810, 0.34936863, 0.34930328, 0.17024520
0.11073691, 0.37118158, 0.11136561, 0.0000000, 0.57660341, 3.0739424, 9.5133743, 9.6837225, 9.8308344, 19.921200, 19.902611, 19.869715, 19.860104, 0.24996185, 0.25576305, 0.28073147, 0.34512883, 0.34683472, 0.34830752, 0.34960601, 0.34951305, 0.34934857, 0.34930050, 0.11136561
0.10356100, 0.28452471, 0.85365951E-1, 0.0000000, 0.18857419, 2.2597642, 8.8155212, 9.6474066, 9.8119383, 19.911737, 19.892912, 19.866661, 19.859709, 0.24996185, 0.25188491, 0.27259272, 0.33815137, 0.34647197, 0.34811866, 0.34955868, 0.34946457, 0.34933332, 0.34929854, 0.85365951E-1
0.98530993E-1, 0.22378193, 0.67141294E-1, 0.0000000, 0.0000000, 1.6050041, 7.9214382, 9.6112309, 9.7925282, 19.902311, 19.884747, 19.864359, 19.859421, 0.24996185, 0.24999095, 0.26604414, 0.32920855, 0.34610876, 0.34792408, 0.34951156, 0.34942374, 0.34932178, 0.34929711, 0.67141294E-1
0.95863044E-1, 0.19156353, 0.57474807E-1, 0.0000000, 0.0000000, 1.1304051, 7.0714588, 9.6107655, 9.7879496, 19.892715, 19.877918, 19.862640, 19.859251, 0.24996185, 0.24999095, 0.26130119, 0.32071102, 0.34610522, 0.34787866, 0.34946358, 0.34938958, 0.34931320, 0.34929627, 0.57474807E-1
0.93249455E-1, 0.16000164, 0.48005290E-1, 0.0000000, 0.0000000, 0.69681108, 6.1043272, 9.5745459, 9.7688656, 19.883318, 19.872280, 19.861328, 19.859152, 0.24996185, 0.24999095, 0.25696540, 0.31103852, 0.34574175, 0.34768739, 0.34941658, 0.34936139, 0.34930664, 0.34929577, 0.48005290E-1
0.90660281E-1, 0.12873450, 0.38624212E-1, 0.0000000, 0.0000000, 0.32596588, 4.8712697, 9.5055361, 9.7323875, 19.875074, 19.867878, 19.860374, 19.859058, 0.24996185, 0.24999095, 0.25325841, 0.29870901, 0.34505177, 0.34732264, 0.34937537, 0.34933940, 0.34930187, 0.34929529, 0.38624212E-1
0.88679433E-1, 0.10481362, 0.31447232E-1, 0.0000000, 0.0000000, 0.10128617, 3.6168528, 9.4820213, 9.7158327, 19.867857, 19.864439, 19.859650, 19.858955, 0.24996185, 0.24999095, 0.25101218, 0.28616363, 0.34481379, 0.34715614, 0.34933928, 0.34932220, 0.34929824, 0.34929478, 0.31447232E-1
0.87684676E-1, 0.92800833E-1, 0.27843036E-1, 0.0000000, 0.0000000, 0.13887882E-2, 2.9712617, 9.3569965, 9.7518864, 19.863197, 19.862164, 19.859221, 19.858887, 0.24996185, 0.24999095, 0.25001389, 0.27970725, 0.34356153, 0.34751594, 0.34931600, 0.34931082, 0.34929609, 0.34929442, 0.27843036E-1
0.86979941E-1, 0.84290415E-1, 0.25289655E-1, 0.0000000, 0.0000000, 0.0000000, 2.5474458, 8.5308123, 9.7037115, 19.857904, 19.860043, 19.858829, 19.858805, 0.24996185, 0.24999095, 0.24999966, 0.27547315, 0.33530596, 0.34703627, 0.34928954, 0.34930021, 0.34929416, 0.34929401, 0.25289655E-1
0.86365029E-1, 0.76864667E-1, 0.23061708E-1, 0.0000000, 0.0000000, 0.0000000, 2.1984010, 7.7490873, 9.6916485, 19.855114, 19.858822, 19.858570, 19.858757, 0.24996185, 0.24999095, 0.24999966, 0.27197909, 0.32748222, 0.34691289, 0.34927556, 0.34929413, 0.34929284, 0.34929377, 0.23061708E-1
0.85678548E-1, 0.68574615E-1, 0.20574441E-1, 0.0000000, 0.0000000, 0.0000000, 1.8177390, 6.8603573, 9.6669149, 19.851265, 19.857506, 19.858284, 19.858709, 0.24996185, 0.24999095, 0.24999966, 0.26817298, 0.31859523, 0.34666523, 0.34925634, 0.34928754, 0.34929141, 0.34929353, 0.20574441E-1
0.18254027, 1.0000000, 0.37152272, 2.8166919, 2.9030175, 6.4628735, 9.1982479, 9.4813662, 9.7869377, 19.851862, 19.857409, 19.858324, 19.858709, 0.27815992, 0.27902585, 0.31462389, 0.34198111, 0.34481293, 0.34786913, 0.34925932, 0.34928703, 0.34929162, 0.34929353, 0.37152272
0.35599917, 1.0000000, 0.99999690, 9.9999990, 9.9999990, 9.9999990, 9.9999990, 9.9999990, 9.9999990, 19.999998, 19.999998, 19.999998, 19.998999, 0.34999958, 0.34999973, 0.34999987, 0.34999996, 0.34999999, 0.34999999, 0.34999999, 0.34999999, 0.34999999, 0.34999499, 0.99999690
0.35599864, 1.0000000, 0.99999493, 9.9999514, 9.9999695, 9.9999847, 9.9999962, 9.9999990, 9.9999990, 19.999998, 19.999998, 19.999998, 19.997997, 0.34999931, 0.34999958, 0.34999979, 0.34999996, 0.34999999, 0.34999999, 0.34999999, 0.34999999, 0.34999999, 0.34998998, 0.99999493
0.35496509, 1.0000000, 0.99625033, 9.9995890, 9.9350967, 9.8879557, 9.9744225, 9.9871063, 9.9954920, 19.999796, 19.999945, 19.999969, 19.989016, 0.34999546, 0.34935072, 0.34887943, 0.34974420, 0.34987107, 0.34995490, 0.34999898, 0.34999973, 0.34999985, 0.34994507, 0.99625033
0.33167058, 1.0000000, 0.91184980, 8.6180620, 9.5233707, 9.7069016, 9.9080544, 9.9521790, 9.9818506, 19.998146, 19.999516, 19.999205, 19.965654, 0.33618042, 0.34523359, 0.34706897, 0.34908053, 0.34952179, 0.34981850, 0.34999073, 0.34999758, 0.34999603, 0.34982827, 0.91184980
0.33264714, 1.0000000, 0.91538811, 8.7843723, 9.4130659, 9.6326857, 9.8428030, 9.9138689, 9.9642925, 19.994678, 19.998615, 19.996504, 19.944113, 0.33783108, 0.34412253, 0.34632269, 0.34842718, 0.34913826, 0.34964278, 0.34997338, 0.34999308, 0.34998253, 0.34972057, 0.91538811
0.35599291, 1.0000000, 0.99997419, 9.9997492, 9.9998474, 9.9999247, 9.9999847, 9.9999905, 9.9999962, 19.999998, 19.999998, 19.999998, 19.996996, 0.34999645, 0.34999785, 0.34999892, 0.34999979, 0.34999987, 0.34999996, 0.34999999, 0.34999999, 0.34999999, 0.34998497, 0.99997419
0.35599798, 1.0000000, 0.99999255, 9.9999990, 9.9999990, 9.9999990, 9.9999990, 9.9999990, 9.9999990, 19.999998, 19.999998, 19.999998, 19.998999, 0.34999898, 0.34999937, 0.34999970, 0.34999993, 0.34999996, 0.34999999, 0.34999999, 0.34999999, 0.34999999, 0.34999499, 0.99999255
0.35599256, 1.0000000, 0.99997288, 9.9997883, 9.9998684, 9.9999313, 9.9999876, 9.9999933, 9.9999990, 19.999998, 19.999998, 19.999998, 19.996996, 0.34999630, 0.34999773, 0.34999883, 0.34999979, 0.34999987, 0.34999996, 0.34999999, 0.34999999, 0.34999999, 0.34998497, 0.99997288
0.34893686, 1.0000000, 0.97440886, 9.6674738, 9.7678318, 9.8750401, 9.9682369, 9.9838867, 9.9939384, 19.999313, 19.999813, 19.999914, 19.987009, 0.34667432, 0.34767807, 0.34875029, 0.34968233, 0.34983885, 0.34993938, 0.34999657, 0.34999907, 0.34999958, 0.34993505, 0.97440886
0.35599649, 1.0000000, 0.99998719, 9.9999161, 9.9999485, 9.9999723, 9.9999933, 9.9999962, 9.9999990, 19.999998, 19.999998, 19.999998, 19.997997, 0.34999824, 0.34999892, 0.34999946, 0.34999987, 0.34999993, 0.34999999, 0.34999999, 0.34999999, 0.34999999, 0.34998998, 0.99998719
0.31417733, 1.0000000, 0.84846854, 7.4593368, 9.3843670, 9.6312819, 9.8722925, 9.9328623, 9.9731026, 19.995939, 19.998943, 19.999456, 19.974216, 0.32459319, 0.34384355, 0.34631276, 0.34872293, 0.34932864, 0.34973103, 0.34997970, 0.34999472, 0.34999728, 0.34987110, 0.84846854
0.27013013, 1.0000000, 0.68887722, 4.3815651, 9.2601643, 9.5255756, 9.7781096, 9.8752337, 9.9463320, 19.990889, 19.997627, 19.997454, 19.951841, 0.29381463, 0.34260035, 0.34525511, 0.34778094, 0.34875226, 0.34946328, 0.34995443, 0.34998813, 0.34998727, 0.34975922, 0.68887722
0.24707596, 1.0000000, 0.60534769, 2.9289365, 8.8797436, 9.5641747, 9.7725353, 9.8642159, 9.9380188, 19.989424, 19.997219, 19.993313, 19.931946, 0.27928627, 0.33879185, 0.34563872, 0.34772474, 0.34864187, 0.34938008, 0.34994712, 0.34998611, 0.34996656, 0.34965974, 0.60534769
0.34558952, 1.0000000, 0.96228081, 9.5724678, 9.5821972, 9.7644949, 9.9313278, 9.9646893, 9.9862680, 19.998138, 19.999510, 19.999840, 19.985031, 0.34572327, 0.34582114, 0.34764454, 0.34931320, 0.34964687, 0.34986269, 0.34999070, 0.34999755, 0.34999919, 0.34992516, 0.96228081
0.34095311, 1.0000000, 0.94548231, 9.1643620, 9.6713638, 9.8201017, 9.9545269, 9.9768867, 9.9916315, 19.999403, 19.999838, 19.999931, 19.986019, 0.34164321, 0.34671336, 0.34820089, 0.34954524, 0.34976888, 0.34991631, 0.34999701, 0.34999919, 0.34999967, 0.34993011, 0.94548231
0.32449967, 1.0000000, 0.88586837, 8.1627598, 9.4424009, 9.6631660, 9.8780689, 9.9353743, 9.9742804, 19.996517, 19.999081, 19.998926, 19.962831, 0.33162582, 0.34442276, 0.34663102, 0.34878057, 0.34935367, 0.34974277, 0.34998259, 0.34999540, 0.34999463, 0.34981415, 0.88586837
0.35599822, 1.0000000, 0.99999356, 9.9999542, 9.9999723, 9.9999876, 9.9999962, 9.9999990, 9.9999990, 19.999998, 19.999998, 19.999998, 19.997997, 0.34999910, 0.34999946, 0.34999976, 0.34999993, 0.34999999, 0.34999999, 0.34999999, 0.34999999, 0.34999999, 0.34998998, 0.99999356
0.35599905, 1.0000000, 0.99999660, 9.9999990, 9.9999990, 9.9999990, 9.9999990, 9.9999990, 9.9999990, 19.999998, 19.999998, 19.999998, 19.998999, 0.34999952, 0.34999973, 0.34999985, 0.34999996, 0.34999999, 0.34999999, 0.34999999, 0.34999999, 0.34999999, 0.34999499, 0.99999660
0.33320355, 1.0000000, 0.91740406, 8.7140961, 9.5333204, 9.7332344, 9.9235229, 9.9606400, 9.9852839, 19.998568, 19.999630, 19.999655, 19.975222, 0.33714053, 0.34533292, 0.34733221, 0.34923521, 0.34960636, 0.34985283, 0.34999284, 0.34999815, 0.34999827, 0.34987611, 0.91740406
0.29461965, 1.0000000, 0.77760738, 6.0970449, 9.3254814, 9.5794048, 9.8265343, 9.9056606, 9.9613981, 19.994452, 19.998545, 19.997807, 19.952772, 0.31096819, 0.34325272, 0.34579298, 0.34826514, 0.34905648, 0.34961393, 0.34997225, 0.34999272, 0.34998903, 0.34976387, 0.77760738
0.33757436, 1.0000000, 0.93324035, 8.9611073, 9.6203642, 9.7888718, 9.9393606, 9.9689112, 9.9878283, 19.998234, 19.999540, 19.999855, 19.987009, 0.33960781, 0.34620151, 0.34788764, 0.34939340, 0.34968901, 0.34987825, 0.34999117, 0.34999770, 0.34999928, 0.34993505, 0.93324035
0.35216534, 1.0000000, 0.98610616, 9.8053579, 9.8949852, 9.9462547, 9.9884720, 9.9942131, 9.9979992, 19.999933, 19.999981, 19.999983, 19.990009, 0.34803152, 0.34893650, 0.34945583, 0.34988338, 0.34994146, 0.34997976, 0.34999967, 0.34999990, 0.34999990, 0.34995005, 0.98610616
0.35599810, 1.0000000, 0.99999303, 9.9999990, 9.9999990, 9.9999990, 9.9999990, 9.9999990, 9.9999990, 19.999998, 19.999998, 19.999998, 19.998999, 0.34999904, 0.34999943, 0.34999970, 0.34999993, 0.34999996, 0.34999999, 0.34999999, 0.34999999, 0.34999999, 0.34999499, 0.99999303
0.32488838, 1.0000000, 0.88727665, 8.1638765, 9.4690561, 9.6917343, 9.9065895, 9.9516497, 9.9815826, 19.997961, 19.999474, 19.999619, 19.975210, 0.33163837, 0.34469029, 0.34691718, 0.34906587, 0.34951651, 0.34981582, 0.34998980, 0.34999737, 0.34999809, 0.34987605, 0.88727665
0.28544846, 1.0000000, 0.74437845, 5.4402404, 9.3183050, 9.5704689, 9.8160210, 9.8988504, 9.9584837, 19.994320, 19.998533, 19.997787, 19.952772, 0.30440068, 0.34318125, 0.34570375, 0.34816003, 0.34898841, 0.34958482, 0.34997159, 0.34999266, 0.34998894, 0.34976387, 0.74437845
0.26250720, 1.0000000, 0.66125798, 3.7343903, 9.3783731, 9.5998554, 9.8047009, 9.8861647, 9.9508142, 19.993700, 19.998369, 19.993807, 19.932764, 0.28734118, 0.34377959, 0.34599644, 0.34804657, 0.34886143, 0.34950808, 0.34996849, 0.34999186, 0.34996903, 0.34966382, 0.66125798
0.25021291, 1.0000000, 0.61671335, 2.9962361, 9.1311235, 9.5903206, 9.7844229, 9.8701897, 9.9407797, 19.991842, 19.997768, 19.986897, 19.915720, 0.27996102, 0.34130880, 0.34590194, 0.34784397, 0.34870178, 0.34940776, 0.34995919, 0.34998885, 0.34993449, 0.34957859, 0.61671335
0.23536095, 1.0000000, 0.56290197, 2.5623770, 8.0940685, 9.5328522, 9.7466078, 9.8450203, 9.9262180, 19.988331, 19.996439, 19.977028, 19.901752, 0.27562359, 0.33094034, 0.34532830, 0.34746605, 0.34845018, 0.34926218, 0.34994167, 0.34998220, 0.34988514, 0.34950876, 0.56290197
0.21675600, 1.0000000, 0.49549276, 2.0337582, 6.7305655, 9.5308447, 9.7395430, 9.8372364, 9.9195442, 19.985970, 19.994810, 19.964935, 19.890755, 0.27033690, 0.31730428, 0.34530747, 0.34739521, 0.34837228, 0.34919542, 0.34992984, 0.34997404, 0.34982467, 0.34945378, 0.49549276
0.19554198, 1.0000000, 0.41863036, 1.4274597, 5.2045889, 9.4886808, 9.7140684, 9.8202381, 9.9093952, 19.982439, 19.991804, 19.951296, 19.882309, 0.26427203, 0.30204025, 0.34488168, 0.34713963, 0.34820184, 0.34909377, 0.34991220, 0.34995902, 0.34975648, 0.34941155, 0.41863036
0.17357215, 1.0000000, 0.33902949, 0.83601773, 3.5622592, 9.4491482, 9.6861734, 9.8014278, 9.8985825, 19.978384, 19.987068, 19.937170, 19.875931, 0.25835538, 0.28561035, 0.34447524, 0.34685838, 0.34801260, 0.34898525, 0.34989193, 0.34993535, 0.34968585, 0.34937966, 0.33902949
0.15644184, 0.92311817, 0.27696314, 0.34759939, 2.6439934, 8.7803679, 9.6690559, 9.7887602, 9.8905907, 19.974298, 19.980431, 19.923475, 19.871195, 0.25347346, 0.27642837, 0.33778447, 0.34668633, 0.34788546, 0.34890521, 0.34987149, 0.34990215, 0.34961736, 0.34935597, 0.27696314
0.14232528, 0.75264543, 0.22581622, 0.0000000, 2.0669401, 7.6892428, 9.6446753, 9.7725582, 9.8818169, 19.970078, 19.971725, 19.910934, 19.867718, 0.24998929, 0.27065861, 0.32687235, 0.34644172, 0.34772301, 0.34881732, 0.34985039, 0.34985864, 0.34955466, 0.34933859, 0.22581622
0.13396287, 0.65166026, 0.19551763, 0.0000000, 1.5841872, 6.6364179, 9.6340799, 9.7643595, 9.8767023, 19.966051, 19.961315, 19.899982, 19.865206, 0.24998929, 0.26583537, 0.31635058, 0.34633684, 0.34764159, 0.34876633, 0.34983027, 0.34980658, 0.34949991, 0.34932601, 0.19551763
0.17658655, 1.0000000, 0.34995127, 2.7585685, 2.4228902, 6.0460224, 9.6965370, 9.7989702, 9.8906326, 19.964201, 19.950291, 19.890921, 19.863426, 0.27757424, 0.27422285, 0.31045267, 0.34696296, 0.34798849, 0.34890592, 0.34982100, 0.34975144, 0.34945461, 0.34931713, 0.34995127
0.16989827, 1.0000000, 0.32571837, 2.2675843, 2.2044449, 6.4989915, 9.6926527, 9.7995052, 9.8922739, 19.960373, 19.938231, 19.883465, 19.862131, 0.27267554, 0.27204427, 0.31498966, 0.34692642, 0.34799501, 0.34892273, 0.34980187, 0.34969115, 0.34941733, 0.34931067, 0.32571837
0.21406424, 1.0000000, 0.48573998, 2.4218650, 6.3112178, 8.4555321, 9.6312675, 9.7640810, 9.8771896, 19.953424, 19.925678, 19.877405, 19.861185, 0.27421853, 0.31311199, 0.33455521, 0.34631264, 0.34764081, 0.34877190, 0.34976712, 0.34962839, 0.34938702, 0.34930593, 0.48573998
0.18654877, 1.0000000, 0.38604623, 1.7277241, 3.6545889, 9.4302826, 9.6627760, 9.7795525, 9.8807373, 19.945501, 19.913816, 19.872686, 19.860510, 0.26727462, 0.28654253, 0.34429854, 0.34662688, 0.34779507, 0.34880722, 0.34972751, 0.34956908, 0.34936345, 0.34930256, 0.38604623
0.16840504, 1.0000000, 0.32030809, 1.1425346, 2.7628124, 8.7808619, 9.6651049, 9.7811222, 9.8802948, 19.936422, 19.903042, 19.869057, 19.860039, 0.26142356, 0.27762556, 0.33780453, 0.34665015, 0.34781078, 0.34880280, 0.34968212, 0.34951520, 0.34934527, 0.34930021, 0.32030809
0.15199225, 0.86938459, 0.26084146, 0.59919953, 2.2081404, 7.7414727, 9.6482754, 9.7712145, 9.8745365, 19.925726, 19.893414, 19.866243, 19.859686, 0.25599065, 0.27207845, 0.32740957, 0.34648147, 0.34771150, 0.34874517, 0.34962863, 0.34946707, 0.34933120, 0.34929842, 0.26084146
0.13744219, 0.69367677, 0.20812385, 0.18542409, 1.6908139, 6.6466532, 9.6282730, 9.7582235, 9.8669653, 19.914957, 19.885330, 19.864124, 19.859440, 0.25185353, 0.26690429, 0.31645900, 0.34628054, 0.34758112, 0.34866926, 0.34957477, 0.34942666, 0.34932062, 0.34929720, 0.20812385
0.12650444, 0.56159163, 0.16849434, 0.0000000, 1.2291193, 5.5515761, 9.6098843, 9.7454815, 9.8586788, 19.904135, 19.878618, 19.862534, 19.859287, 0.24997865, 0.26228669, 0.30550560, 0.34609532, 0.34745303, 0.34858620, 0.34952068, 0.34939310, 0.34931266, 0.34929645, 0.16849434
0.11843631, 0.46416020, 0.13926199, 0.0000000, 0.82359314, 4.4210467, 9.5839624, 9.7280512, 9.8483963, 19.894171, 19.873257, 19.861359, 19.859211, 0.24997865, 0.25823197, 0.29419979, 0.34583500, 0.34727815, 0.34848318, 0.34947085, 0.34936628, 0.34930679, 0.34929606, 0.13926199
0.11031507, 0.36608744, 0.10983722, 0.0000000, 0.47158599, 3.1755199, 9.5381689, 9.6981335, 9.8328743, 19.885517, 19.869114, 19.860512, 19.859163, 0.24997865, 0.25471345, 0.28174707, 0.34537679, 0.34697887, 0.34832790, 0.34942758, 0.34934556, 0.34930256, 0.34929582, 0.10983722
0.10468822, 0.29813710, 0.89450076E-1, 0.0000000, 0.22976995, 2.4051309, 9.0271902, 9.6717987, 9.8185320, 19.878721, 19.866095, 19.859987, 19.859121, 0.24997865, 0.25229621, 0.27404347, 0.34026599, 0.34671482, 0.34818426, 0.34939361, 0.34933048, 0.34929994, 0.34929562, 0.89450076E-1
0.10030209, 0.24516986, 0.73558316E-1, 0.0000000, 0.43612719E-1, 1.8634111, 8.3092909, 9.6519928, 9.8064899, 19.872242, 19.863585, 19.859562, 19.859064, 0.24997865, 0.25043589, 0.26862893, 0.33308825, 0.34651724, 0.34806398, 0.34936121, 0.34931791, 0.34929782, 0.34929532, 0.73558316E-1
0.13392821, 0.65124178, 0.19539207, 1.6249955, 1.5455306, 1.6455621, 7.8875098, 9.7109270, 9.8283548, 19.867409, 19.861841, 19.859299, 19.859011, 0.26624307, 0.26545137, 0.26645353, 0.32887310, 0.34710804, 0.34828314, 0.34933704, 0.34930921, 0.34929651, 0.34929505, 0.19539207
0.16130675, 0.98186743, 0.29458970, 2.8356194, 2.9678285, 1.4498591, 7.5181894, 9.7318821, 9.8374968, 19.863930, 19.860628, 19.859133, 19.858974, 0.27834991, 0.27967432, 0.26449764, 0.32518089, 0.34731817, 0.34837475, 0.34931964, 0.34930313, 0.34929568, 0.34929487, 0.29458970
0.14238830, 0.75340658, 0.22604458, 1.8961549, 2.3710907, 1.2686521, 7.1836438, 9.7396555, 9.8405752, 19.860388, 19.859518, 19.858944, 19.858929, 0.26896071, 0.27371028, 0.26268634, 0.32183626, 0.34739643, 0.34840572, 0.34930193, 0.34929758, 0.34929472, 0.34929463, 0.22604458
0.12897141, 0.59138298, 0.17743264, 1.2649179, 1.9083887, 1.1202723, 6.8742948, 9.7458792, 9.8431168, 19.858286, 19.858889, 19.858809, 19.858898, 0.26264527, 0.26908034, 0.26120168, 0.31874165, 0.34745789, 0.34843087, 0.34929144, 0.34929445, 0.34929404, 0.34929448, 0.17743264
0.12814200, 0.58136696, 0.17442752, 1.4574289, 1.5723050, 1.0037601, 6.5997133, 9.7575674, 9.8475695, 19.856974, 19.858471, 19.858702, 19.858875, 0.26457039, 0.26572052, 0.26003680, 0.31599608, 0.34757489, 0.34847543, 0.34928486, 0.34929234, 0.34929350, 0.34929436, 0.17442752
0.11570959, 0.43123204, 0.12938255, 0.85550249, 1.1810005, 0.85524023, 6.2791719, 9.7404995, 9.8408146, 19.855310, 19.857988, 19.858566, 19.858839, 0.25855258, 0.26180798, 0.25855166, 0.31279063, 0.34740415, 0.34840789, 0.34927654, 0.34928995, 0.34929281, 0.34929419, 0.12938255
0.10587964, 0.31252483, 0.93766823E-1, 0.41636527, 0.83528161, 0.71026683, 5.9179749, 9.7222748, 9.8330603, 19.854193, 19.857656, 19.858509, 19.858828, 0.25416183, 0.25835061, 0.25710174, 0.30917820, 0.34722146, 0.34833020, 0.34927097, 0.34928828, 0.34929255, 0.34929413, 0.93766823E-1
0.97295918E-1, 0.20886698, 0.62666364E-1, 0.76937675E-1, 0.49462020, 0.54509938, 5.4617004, 9.6857100, 9.8173428, 19.852999, 19.857340, 19.858479, 19.858828, 0.25076854, 0.25494301, 0.25544924, 0.30461347, 0.34685397, 0.34817240, 0.34926498, 0.34928671, 0.34929240, 0.34929413, 0.62666364E-1
0.93543537E-1, 0.16355294, 0.49070790E-1, 0.0000000, 0.27832389, 0.41908324, 5.0061350, 9.6790495, 9.8130951, 19.852493, 19.857212, 19.858479, 19.858828, 0.24999005, 0.25278148, 0.25418952, 0.30005819, 0.34678742, 0.34812990, 0.34926248, 0.34928605, 0.34929240, 0.34929413, 0.49070790E-1
0.90999156E-1, 0.13282679, 0.39852023E-1, 0.0000000, 0.97566843E-1, 0.28507113, 4.4335322, 9.6375999, 9.7948160, 19.852057, 19.857122, 19.858479, 19.858828, 0.24999005, 0.25097492, 0.25284964, 0.29433197, 0.34637237, 0.34794694, 0.34926027, 0.34928560, 0.34929240, 0.34929413, 0.39852023E-1
0.14256810, 0.75557774, 0.22669600, 1.8337131, 2.2711575, 2.3313582, 4.1407747, 9.7309952, 9.8315039, 19.853142, 19.857401, 19.858566, 19.858828, 0.26833341, 0.27270880, 0.27331215, 0.29140726, 0.34730935, 0.34831482, 0.34926569, 0.34928700, 0.34929281, 0.34929413, 0.22669600
0.29275826, 1.0000000, 0.77086323, 6.1827674, 9.0960722, 9.3672237, 9.5838165, 9.7943211, 9.8585587, 19.854403, 19.857742, 19.858566, 19.858828, 0.31182313, 0.34095672, 0.34367019, 0.34583774, 0.34794301, 0.34858552, 0.34927201, 0.34928870, 0.34929281, 0.34929413, 0.77086323
0.35599577, 1.0000000, 0.99998456, 9.9998713, 9.9999218, 9.9999609, 9.9999905, 9.9999962, 9.9999990, 19.999998, 19.999998, 19.999998, 19.996996, 0.34999788, 0.34999871, 0.34999934, 0.34999985, 0.34999993, 0.34999999, 0.34999999, 0.34999999, 0.34999999, 0.34998497, 0.99998456
0.35599804, 1.0000000, 0.99999279, 9.9999990, 9.9999990, 9.9999990, 9.9999990, 9.9999990, 9.9999990, 19.999998, 19.999998, 19.999998, 19.998999, 0.34999901, 0.34999940, 0.34999970, 0.34999993, 0.34999996, 0.34999999, 0.34999999, 0.34999999, 0.34999999, 0.34999499, 0.99999279
0.33475780, 1.0000000, 0.92303544, 8.7784920, 9.5935698, 9.7704954, 9.9380884, 9.9683027, 9.9885149, 19.999212, 19.999796, 19.999702, 19.975233, 0.33778295, 0.34593442, 0.34770429, 0.34938076, 0.34968296, 0.34988514, 0.34999606, 0.34999898, 0.34999850, 0.34987617, 0.92303544
0.29984975, 1.0000000, 0.79655707, 6.4370022, 9.3711319, 9.6119003, 9.8513327, 9.9201260, 9.9687567, 19.996721, 19.999146, 19.997950, 19.952820, 0.31436712, 0.34370878, 0.34611768, 0.34851307, 0.34920111, 0.34968752, 0.34998360, 0.34999573, 0.34998974, 0.34976411, 0.79655707
0.26714551, 1.0000000, 0.67806345, 4.1156149, 9.3204880, 9.5655508, 9.7983370, 9.8855028, 9.9523239, 19.994659, 19.998608, 19.993879, 19.932781, 0.29115471, 0.34320292, 0.34565449, 0.34798315, 0.34885493, 0.34952322, 0.34997329, 0.34999305, 0.34996939, 0.34966391, 0.67806345
0.24129789, 1.0000000, 0.58441257, 2.7678876, 8.4612083, 9.5427999, 9.7649202, 9.8605299, 9.9378891, 19.992176, 19.997852, 19.986914, 19.915745, 0.27767769, 0.33460987, 0.34542677, 0.34764898, 0.34860519, 0.34937885, 0.34996086, 0.34998927, 0.34993458, 0.34957874, 0.58441257
0.27254379, 1.0000000, 0.69762236, 4.5092649, 9.3139601, 9.5799675, 9.7704401, 9.8587770, 9.9330006, 19.990459, 19.997011, 19.977171, 19.901800, 0.29509005, 0.34313637, 0.34579805, 0.34770408, 0.34858760, 0.34932995, 0.34995228, 0.34998506, 0.34988585, 0.34950900, 0.69762236
0.24425063, 1.0000000, 0.59511095, 2.9405713, 8.5404139, 9.5315456, 9.7447634, 9.8416061, 9.9227037, 19.987738, 19.995323, 19.965052, 19.890781, 0.27940050, 0.33539504, 0.34531039, 0.34744659, 0.34841552, 0.34922686, 0.34993869, 0.34997660, 0.34982526, 0.34945390, 0.59511095
0.22281870, 1.0000000, 0.51745903, 2.3012309, 7.0261769, 9.5181150, 9.7309570, 9.8309202, 9.9152918, 19.985054, 19.992567, 19.951479, 19.882326, 0.27300778, 0.32025346, 0.34517553, 0.34730840, 0.34830862, 0.34915271, 0.34992528, 0.34996283, 0.34975740, 0.34941164, 0.51745903
0.20139548, 1.0000000, 0.43983865, 1.6796023, 5.4904842, 9.4932642, 9.7136631, 9.8187628, 9.9076109, 19.981823, 19.988096, 19.937407, 19.875956, 0.26679027, 0.30489358, 0.34492290, 0.34713462, 0.34818661, 0.34907576, 0.34990913, 0.34994048, 0.34968704, 0.34937978, 0.43983865
0.17932290, 1.0000000, 0.35986555, 1.0758758, 3.8541503, 9.4551754, 9.6896143, 9.8028116, 9.8986959, 19.978149, 19.981575, 19.923717, 19.871218, 0.26075217, 0.28852734, 0.34453437, 0.34689260, 0.34802634, 0.34898636, 0.34989074, 0.34990788, 0.34961858, 0.34935609, 0.35986555
0.16283458, 1.0000000, 0.30012533, 0.61242282, 2.8825135, 8.9603767, 9.6819124, 9.7962122, 9.8939323, 19.974567, 19.973078, 19.911188, 19.867754, 0.25612110, 0.27881628, 0.33959004, 0.34681615, 0.34796062, 0.34893882, 0.34987283, 0.34986538, 0.34955594, 0.34933877, 0.30012533
0.14987709, 0.84384179, 0.25317785, 0.24374425, 2.3878307, 8.0509682, 9.6740227, 9.7903261, 9.8901339, 19.970783, 19.962744, 19.900219, 19.865246, 0.25243583, 0.27386892, 0.33049384, 0.34673640, 0.34790131, 0.34890068, 0.34985393, 0.34981373, 0.34950110, 0.34932622, 0.25317785
0.13909981, 0.71369427, 0.21412970, 0.0000000, 1.9422114, 7.1536684, 9.6656542, 9.7845650, 9.8867769, 19.966503, 19.951044, 19.890993, 19.863426, 0.24998291, 0.26941222, 0.32151848, 0.34665161, 0.34784314, 0.34886694, 0.34983250, 0.34975523, 0.34945497, 0.34931713, 0.21412970
0.13215213, 0.62979352, 0.18895696, 0.0000000, 1.5439063, 6.2741551, 9.6578255, 9.7791519, 9.8835602, 19.961258, 19.938585, 19.883432, 19.862125, 0.24998291, 0.26543006, 0.31272328, 0.34657261, 0.34778866, 0.34883463, 0.34980628, 0.34969294, 0.34941715, 0.34931064, 0.18895696
0.12556674, 0.55026788, 0.16509688, 0.0000000, 1.1858582, 5.4037528, 9.6477652, 9.7724714, 9.8797216, 19.954741, 19.926079, 19.877405, 19.861202, 0.24998291, 0.26184714, 0.30401143, 0.34646836, 0.34772000, 0.34879562, 0.34977371, 0.34963039, 0.34938702, 0.34930602, 0.16509688
0.12053333, 0.48948398, 0.14685988, 0.0000000, 0.94983280, 4.6597495, 9.6561089, 9.7767801, 9.8811073, 19.948360, 19.914545, 19.872797, 19.860563, 0.24998291, 0.25948343, 0.29656091, 0.34654590, 0.34776011, 0.34880850, 0.34974182, 0.34957272, 0.34936398, 0.34930283, 0.14685988
0.13457644, 0.65906978, 0.19774070, 1.2719125, 0.80042779, 4.1097698, 9.6865683, 9.7941666, 9.8876009, 19.941010, 19.904121, 19.869274, 19.860085, 0.26269218, 0.25799412, 0.29107159, 0.34685338, 0.34793544, 0.34887391, 0.34970504, 0.34952062, 0.34934637, 0.34930041, 0.19774070
0.12568901, 0.55174452, 0.16553992, 0.88769495, 0.63094497, 3.5695996, 9.6863394, 9.7948971, 9.8872499, 19.931845, 19.894810, 19.866550, 19.859758, 0.25887549, 0.25630882, 0.28569424, 0.34686244, 0.34794849, 0.34887233, 0.34965923, 0.34947404, 0.34933275, 0.34929878, 0.16553992
0.11568467, 0.43093115, 0.12929228, 0.46826601, 0.42540133, 2.9942007, 9.5568581, 9.7709999, 9.8761721, 19.921412, 19.886734, 19.864443, 19.859503, 0.25467652, 0.25425068, 0.27993023, 0.34556109, 0.34770617, 0.34876046, 0.34960705, 0.34943366, 0.34932220, 0.34929752, 0.12929228
0.10774733, 0.33507916, 0.10053381, 0.14348924, 0.24168491, 2.6071846, 9.1588631, 9.7481947, 9.8637056, 19.910988, 19.880072, 19.862877, 19.859346, 0.25143322, 0.25241515, 0.27606267, 0.34158218, 0.34747851, 0.34863588, 0.34955496, 0.34940034, 0.34931439, 0.34929675, 0.10053381
0.10234194, 0.26980323, 0.80949068E-1, 0.0000000, 0.81959367E-1, 2.1959453, 8.6871309, 9.7201147, 9.8483992, 19.900743, 19.874622, 19.861687, 19.859251, 0.24996644, 0.25081906, 0.27195224, 0.33686563, 0.34719795, 0.34848291, 0.34950373, 0.34937310, 0.34930843, 0.34929627, 0.80949068E-1
0.99576503E-1, 0.23640756, 0.70929363E-1, 0.0000000, 0.0000000, 1.8015653, 8.1564608, 9.6975079, 9.8348274, 19.891479, 19.870342, 19.860828, 19.859194, 0.24996644, 0.24999800, 0.26800105, 0.33155140, 0.34696722, 0.34834561, 0.34945738, 0.34935170, 0.34930414, 0.34929597, 0.70929363E-1
0.97904593E-1, 0.21621741, 0.64871714E-1, 0.0000000, 0.0000000, 1.4968783, 7.6543646, 9.6977253, 9.8311749, 19.883699, 19.867086, 19.860199, 19.859144, 0.24996644, 0.24999800, 0.26496527, 0.32654005, 0.34697500, 0.34831098, 0.34941849, 0.34933543, 0.34930098, 0.34929574, 0.64871714E-1
0.96239105E-1, 0.19610485, 0.58837339E-1, 0.0000000, 0.0000000, 1.2040526, 7.1145301, 9.6833792, 9.8227530, 19.877069, 19.864592, 19.859760, 19.859098, 0.24996644, 0.24999800, 0.26203877, 0.32114324, 0.34683239, 0.34822705, 0.34938535, 0.34932297, 0.34929880, 0.34929550, 0.58837339E-1
0.94558731E-1, 0.17581253, 0.52749034E-1, 0.0000000, 0.0000000, 0.92161000, 6.5101519, 9.6609707, 9.8105812, 19.871237, 19.862608, 19.859434, 19.859051, 0.24996644, 0.24999800, 0.25921500, 0.31509992, 0.34660855, 0.34810543, 0.34935617, 0.34931305, 0.34929717, 0.34929526, 0.52749034E-1
0.92997640E-1, 0.15696068, 0.47092915E-1, 0.0000000, 0.0000000, 0.67682266, 5.8603106, 9.6434898, 9.8002405, 19.866558, 19.861105, 19.859194, 19.859005, 0.24996644, 0.24999800, 0.25676569, 0.30859873, 0.34643129, 0.34800118, 0.34933278, 0.34930551, 0.34929597, 0.34929502, 0.47092915E-1
0.91886900E-1, 0.14354722, 0.43068476E-1, 0.0000000, 0.0000000, 0.51374733, 5.3237052, 9.6612911, 9.8059750, 19.862637, 19.859962, 19.859022, 19.858955, 0.24996644, 0.24999800, 0.25513592, 0.30323383, 0.34660998, 0.34805876, 0.34931320, 0.34929982, 0.34929511, 0.34929478, 0.43068476E-1
0.90875745E-1, 0.13133650, 0.39404888E-1, 0.0000000, 0.0000000, 0.37289262, 4.8092761, 9.6624241, 9.8060255, 19.859478, 19.859097, 19.858831, 19.858923, 0.24996644, 0.24999800, 0.25372413, 0.29808038, 0.34661183, 0.34805605, 0.34929740, 0.34929550, 0.34929416, 0.34929460, 0.39404888E-1
0.90016432E-1, 0.12095929, 0.36291417E-1, 0.0000000, 0.0000000, 0.26117563, 4.3276505, 9.6656637, 9.8069706, 19.857122, 19.858435, 19.858673, 19.858892, 0.24996644, 0.24999800, 0.25260818, 0.29326460, 0.34664336, 0.34806520, 0.34928560, 0.34929216, 0.34929335, 0.34929445, 0.36291417E-1
0.89264661E-1, 0.11188091, 0.33567630E-1, 0.0000000, 0.0000000, 0.17298162, 3.8608205, 9.6645794, 9.8063116, 19.855513, 19.857977, 19.858566, 19.858875, 0.24996644, 0.24999800, 0.25172728, 0.28859684, 0.34663159, 0.34805831, 0.34927756, 0.34928989, 0.34929281, 0.34929436, 0.33567630E-1
0.88495165E-1, 0.10258832, 0.30779574E-1, 0.0000000, 0.0000000, 0.87141991E-1, 3.3689508, 9.6507940, 9.7998619, 19.853821, 19.857515, 19.858467, 19.858833, 0.24996644, 0.24999800, 0.25086957, 0.28367510, 0.34648734, 0.34799165, 0.34926909, 0.34928757, 0.34929234, 0.34929416, 0.30779574E-1
0.14885387, 0.83148521, 0.24947052, 2.4739742, 2.1407783, 2.1814256, 3.1300528, 9.7544355, 9.8407574, 19.854177, 19.857576, 19.858555, 19.858828, 0.27472329, 0.27139923, 0.27180991, 0.28129929, 0.34754243, 0.34840691, 0.34927088, 0.34928787, 0.34929278, 0.34929413, 0.24947052
0.17264940, 1.0000000, 0.33568621, 2.9274464, 2.3094416, 4.8393764, 9.2711496, 9.8113499, 9.8655014, 19.855162, 19.857853, 19.858566, 19.858828, 0.27927125, 0.27309290, 0.29839218, 0.34271091, 0.34811318, 0.34865490, 0.34927580, 0.34928927, 0.34929281, 0.34929413, 0.33568621
0.27536577, 1.0000000, 0.70784700, 4.8811793, 9.0779133, 9.5090208, 9.7055140, 9.8411837, 9.8784761, 19.855890, 19.858059, 19.858566, 19.858828, 0.29881155, 0.34077886, 0.34509006, 0.34705511, 0.34841180, 0.34878474, 0.34927946, 0.34929031, 0.34929281, 0.34929413, 0.70784700
0.30939567, 1.0000000, 0.83114380, 7.0441556, 9.5023766, 9.6545324, 9.7779551, 9.8508425, 9.8827353, 19.855923, 19.858046, 19.858566, 19.858828, 0.32044098, 0.34502327, 0.34654510, 0.34777948, 0.34850839, 0.34882736, 0.34927961, 0.34929022, 0.34929281, 0.34929413, 0.83114380
0.35599869, 1.0000000, 0.99999517, 9.9999990, 9.9999990, 9.9999962, 9.9999990, 9.9999990, 9.9999990, 19.999998, 19.999998, 19.999998, 19.998999, 0.34999934, 0.34999961, 0.34999979, 0.34999996, 0.34999996, 0.34999999, 0.34999999, 0.34999999, 0.34999999, 0.34999499, 0.99999517
0.35599881, 1.0000000, 0.99999559, 9.9999990, 9.9999990, 9.9999962, 9.9999990, 9.9999990, 9.9999990, 19.999998, 19.999998, 19.999998, 19.998999, 0.34999940, 0.34999964, 0.34999979, 0.34999996, 0.34999996, 0.34999999, 0.34999999, 0.34999999, 0.34999999, 0.34999499, 0.99999559
0.35599184, 1.0000000, 0.99997026, 9.9996624, 9.9997997, 9.9999008, 9.9999819, 9.9999876, 9.9999990, 19.999998, 19.999998, 19.999998, 19.994993, 0.34999588, 0.34999755, 0.34999880, 0.34999979, 0.34999985, 0.34999999, 0.34999999, 0.34999999, 0.34999999, 0.34997496, 0.99997026
0.34649515, 1.0000000, 0.96556211, 9.5250168, 9.7235193, 9.8500261, 9.9631548, 9.9813023, 9.9933138, 19.999577, 19.999891, 19.999846, 19.980116, 0.34524977, 0.34723496, 0.34850013, 0.34963152, 0.34981301, 0.34993315, 0.34999788, 0.34999946, 0.34999922, 0.34990057, 0.96556211
0.33221215, 1.0000000, 0.91381210, 8.5988741, 9.5910482, 9.7614813, 9.9275293, 9.9623070, 9.9861393, 19.999022, 19.999748, 19.998617, 19.957342, 0.33598813, 0.34591010, 0.34761462, 0.34927526, 0.34962305, 0.34986138, 0.34999511, 0.34999874, 0.34999308, 0.34978670, 0.91381210
0.30994183, 1.0000000, 0.83312243, 7.0802069, 9.4793415, 9.6810579, 9.8783522, 9.9343729, 9.9745560, 19.997723, 19.999413, 19.995157, 19.936754, 0.32080108, 0.34479260, 0.34681016, 0.34878343, 0.34934369, 0.34974557, 0.34998861, 0.34999707, 0.34997579, 0.34968376, 0.83312243
0.28568313, 1.0000000, 0.74522871, 5.3800735, 9.4136219, 9.6311855, 9.8373632, 9.9086056, 9.9626923, 19.996326, 19.998991, 19.988888, 19.919062, 0.30379987, 0.34413531, 0.34631142, 0.34837353, 0.34908599, 0.34962690, 0.34998164, 0.34999496, 0.34994444, 0.34959531, 0.74522871
0.26284921, 1.0000000, 0.66249710, 3.7373002, 9.4044762, 9.6168976, 9.8129950, 9.8907452, 9.9529057, 19.995024, 19.998352, 19.979736, 19.904486, 0.28737232, 0.34404373, 0.34616846, 0.34812984, 0.34890738, 0.34952903, 0.34997511, 0.34999177, 0.34989870, 0.34952241, 0.66249710
0.24905716, 1.0000000, 0.61252594, 2.9580712, 9.0229454, 9.6473608, 9.8134766, 9.8871098, 9.9484873, 19.994059, 19.997309, 19.968140, 19.892897, 0.27957889, 0.34022614, 0.34647182, 0.34813440, 0.34887093, 0.34948480, 0.34997028, 0.34998655, 0.34984070, 0.34946448, 0.61252594
0.23578867, 1.0000000, 0.56445169, 2.5807233, 8.0648088, 9.6205835, 9.8005714, 9.8776712, 9.9423876, 19.992870, 19.995253, 19.954885, 19.883982, 0.27580506, 0.33064401, 0.34620339, 0.34800521, 0.34877646, 0.34942380, 0.34996435, 0.34997627, 0.34977442, 0.34941989, 0.56445169
0.22643839, 1.0000000, 0.53057384, 2.3321481, 7.3373036, 9.6439419, 9.8062935, 9.8788967, 9.9408979, 19.992054, 19.991850, 19.940947, 19.877209, 0.27331993, 0.32337013, 0.34643751, 0.34806255, 0.34878877, 0.34940892, 0.34996027, 0.34995925, 0.34970474, 0.34938604, 0.53057384
0.21950759, 1.0000000, 0.50546229, 2.1683426, 6.7603855, 9.6673775, 9.8176050, 9.8841953, 9.9420252, 19.991764, 19.986736, 19.927292, 19.872200, 0.27168128, 0.31759983, 0.34667093, 0.34817547, 0.34884167, 0.34942016, 0.34995884, 0.34993368, 0.34963647, 0.34936100, 0.50546229
0.20641088, 1.0000000, 0.45801044, 1.8126369, 5.8128901, 9.5906811, 9.7890835, 9.8683872, 9.9350185, 19.990242, 19.979263, 19.914518, 19.868505, 0.26812595, 0.30812806, 0.34590611, 0.34789068, 0.34868380, 0.34935015, 0.34995121, 0.34989631, 0.34957260, 0.34934253, 0.45801044
0.19695696, 1.0000000, 0.42375711, 1.5960693, 5.0243363, 9.6060877, 9.7895966, 9.8673058, 9.9336939, 19.989119, 19.969938, 19.903261, 19.865810, 0.26596037, 0.30024275, 0.34606028, 0.34789586, 0.34867299, 0.34933689, 0.34994560, 0.34984970, 0.34951630, 0.34932905, 0.42375711
0.18422911, 1.0000000, 0.37764165, 1.2842536, 4.0349336, 9.5573044, 9.7662401, 9.8535156, 9.9272680, 19.986578, 19.958775, 19.893623, 19.863859, 0.26284105, 0.29034650, 0.34556967, 0.34766170, 0.34853479, 0.34927255, 0.34993288, 0.34979388, 0.34946811, 0.34931928, 0.37764165
0.17753598, 1.0000000, 0.35339117, 1.1513174, 3.4119086, 9.6240129, 9.7873726, 9.8637133, 9.9301538, 19.983744, 19.946720, 19.885712, 19.862495, 0.26151213, 0.28411722, 0.34623751, 0.34787318, 0.34863687, 0.34930146, 0.34991872, 0.34973359, 0.34942856, 0.34931248, 0.35339117
0.35594046, 1.0000000, 0.99978435, 9.9977646, 9.9986582, 9.9993315, 9.9998655, 9.9999313, 9.9999752, 19.999998, 19.999998, 19.999998, 19.994993, 0.34997034, 0.34998220, 0.34999111, 0.34999821, 0.34999910, 0.34999970, 0.34999999, 0.34999999, 0.34999999, 0.34997496, 0.99978435
0.35599840, 1.0000000, 0.99999416, 9.9999990, 9.9999990, 9.9999990, 9.9999990, 9.9999990, 9.9999990, 19.999998, 19.999998, 19.999998, 19.998999, 0.34999919, 0.34999952, 0.34999976, 0.34999993, 0.34999996, 0.34999999, 0.34999999, 0.34999999, 0.34999999, 0.34999499, 0.99999416
0.35599923, 1.0000000, 0.99999714, 9.9999990, 9.9999990, 9.9999990, 9.9999990, 9.9999990, 9.9999990, 19.999998, 19.999998, 19.999998, 19.998999, 0.34999961, 0.34999976, 0.34999987, 0.34999996, 0.34999999, 0.34999999, 0.34999999, 0.34999999, 0.34999999, 0.34999499, 0.99999714
0.35599923, 1.0000000, 0.99999714, 9.9999990, 9.9999990, 9.9999990, 9.9999990, 9.9999990, 9.9999990, 19.999998, 19.999998, 19.999998, 19.998999, 0.34999961, 0.34999976, 0.34999987, 0.34999996, 0.34999999, 0.34999999, 0.34999999, 0.34999999, 0.34999999, 0.34999499, 0.99999714
0.35599720, 1.0000000, 0.99998975, 9.9998922, 9.9999371, 9.9999609, 9.9999905, 9.9999990, 9.9999990, 19.999998, 19.999998, 19.999998, 19.995995, 0.34999859, 0.34999916, 0.34999952, 0.34999987, 0.34999999, 0.34999999, 0.34999999, 0.34999999, 0.34999999, 0.34997997, 0.99998975
0.35559052, 1.0000000, 0.99851644, 9.9984398, 9.9746704, 9.9591799, 9.9915667, 9.9957781, 9.9985809, 19.999998, 19.999998, 19.999893, 19.981098, 0.34998426, 0.34974661, 0.34959173, 0.34991568, 0.34995776, 0.34998581, 0.34999999, 0.34999999, 0.34999946, 0.34990549, 0.99851644
0.34350681, 1.0000000, 0.95473474, 9.3255281, 9.7073393, 9.8268938, 9.9577923, 9.9785671, 9.9926205, 19.999863, 19.999964, 19.998753, 19.958250, 0.34325489, 0.34707314, 0.34826881, 0.34957790, 0.34978569, 0.34992620, 0.34999931, 0.34999982, 0.34999377, 0.34979126, 0.95473474
0.33175671, 1.0000000, 0.91216201, 8.5407705, 9.6248446, 9.7770252, 9.9309120, 9.9639511, 9.9870405, 19.999487, 19.999868, 19.995445, 19.937578, 0.33540645, 0.34624761, 0.34776983, 0.34930903, 0.34963948, 0.34987041, 0.34999743, 0.34999934, 0.34997723, 0.34968787, 0.91216201
0.32374203, 1.0000000, 0.88312328, 7.9404125, 9.6533766, 9.7881708, 9.9191504, 9.9563923, 9.9835110, 19.999039, 19.999720, 19.989376, 19.919777, 0.32940346, 0.34653330, 0.34788147, 0.34919143, 0.34956390, 0.34983510, 0.34999520, 0.34999859, 0.34994689, 0.34959888, 0.88312328
0.31505495, 1.0000000, 0.85164845, 7.3190427, 9.6462898, 9.7809544, 9.9040041, 9.9467583, 9.9784603, 19.997889, 19.999151, 19.980364, 19.905088, 0.32318690, 0.34646013, 0.34780815, 0.34903973, 0.34946743, 0.34978455, 0.34998944, 0.34999576, 0.34990183, 0.34952545, 0.85164845
0.30540863, 1.0000000, 0.81669790, 6.6390996, 9.6247902, 9.7648239, 9.8882999, 9.9364700, 9.9727468, 19.996393, 19.997990, 19.968834, 19.893358, 0.31638747, 0.34624487, 0.34764668, 0.34888268, 0.34936455, 0.34972739, 0.34998196, 0.34998995, 0.34984416, 0.34946680, 0.81669790
0.29213473, 1.0000000, 0.76860404, 5.7297916, 9.5609827, 9.7234039, 9.8679113, 9.9234095, 9.9661007, 19.995071, 19.995953, 19.955614, 19.884342, 0.30729359, 0.34560549, 0.34723184, 0.34867868, 0.34923387, 0.34966090, 0.34997535, 0.34997976, 0.34977806, 0.34942171, 0.76860404
0.28051490, 1.0000000, 0.72650325, 4.8916340, 9.5586996, 9.7182055, 9.8595753, 9.9165897, 9.9618893, 19.994146, 19.992622, 19.941671, 19.877504, 0.29891136, 0.34558114, 0.34717909, 0.34859514, 0.34916559, 0.34961879, 0.34997073, 0.34996313, 0.34970835, 0.34938753, 0.72650325
0.26834148, 1.0000000, 0.68239671, 4.0179338, 9.5501919, 9.7098513, 9.8491144, 9.9088936, 9.9569016, 19.992519, 19.987240, 19.927893, 19.872400, 0.29017523, 0.34549609, 0.34709555, 0.34849054, 0.34908864, 0.34956893, 0.34996259, 0.34993619, 0.34963948, 0.34936202, 0.68239671
0.25824702, 1.0000000, 0.64582253, 3.2723911, 9.5690365, 9.7188034, 9.8477335, 9.9063034, 9.9541864, 19.990990, 19.979830, 19.915071, 19.868664, 0.28272134, 0.34568587, 0.34718573, 0.34847686, 0.34906280, 0.34954178, 0.34995496, 0.34989914, 0.34957534, 0.34934333, 0.64582253
0.24452959, 1.0000000, 0.59612167, 2.7001441, 8.9041481, 9.6496010, 9.8209381, 9.8903856, 9.9464445, 19.988476, 19.970228, 19.903667, 19.865931, 0.27699941, 0.33903745, 0.34649384, 0.34820893, 0.34890366, 0.34946436, 0.34994239, 0.34985113, 0.34951833, 0.34932965, 0.59612167
0.23112360, 1.0000000, 0.54754925, 2.3107648, 7.9528136, 9.6172781, 9.8005838, 9.8770981, 9.9395027, 19.985415, 19.958973, 19.893936, 19.863955, 0.27310613, 0.32952505, 0.34617090, 0.34800544, 0.34877080, 0.34939498, 0.34992707, 0.34979486, 0.34946969, 0.34931976, 0.54754925
0.21871690, 1.0000000, 0.50259745, 1.9679636, 7.0321550, 9.6080036, 9.7899809, 9.8690605, 9.9345293, 19.981417, 19.946640, 19.885921, 19.862543, 0.26967773, 0.32031745, 0.34607723, 0.34789923, 0.34869030, 0.34934521, 0.34990710, 0.34973320, 0.34942961, 0.34931272, 0.50259745
0.20708981, 1.0000000, 0.46047029, 1.6566932, 6.1507359, 9.6020937, 9.7834377, 9.8636837, 9.9306765, 19.976036, 19.933933, 19.879482, 19.861519, 0.26656491, 0.31150287, 0.34601745, 0.34783366, 0.34863648, 0.34930664, 0.34988019, 0.34966967, 0.34939742, 0.34930760, 0.46047029
0.19840454, 1.0000000, 0.42900193, 1.4324635, 5.4600501, 9.6326275, 9.7921276, 9.8670549, 9.9303980, 19.969296, 19.921637, 19.874437, 19.860779, 0.26432103, 0.30459222, 0.34631899, 0.34791979, 0.34866980, 0.34930375, 0.34984648, 0.34960818, 0.34937218, 0.34930390, 0.42900193
0.18820703, 1.0000000, 0.39205441, 1.1582345, 4.6978149, 9.6096191, 9.7837391, 9.8618107, 9.9267693, 19.960356, 19.910089, 19.870476, 19.860268, 0.26157966, 0.29697165, 0.34608954, 0.34783605, 0.34861740, 0.34926745, 0.34980178, 0.34955046, 0.34935239, 0.34930134, 0.39205441
0.18085656, 1.0000000, 0.36542228, 0.97053051, 4.1055484, 9.6415491, 9.7938976, 9.8664408, 9.9267988, 19.950407, 19.899935, 19.867485, 19.859903, 0.25970307, 0.29104981, 0.34640881, 0.34793761, 0.34866372, 0.34926775, 0.34975204, 0.34949967, 0.34933743, 0.34929952, 0.36542228
0.17257553, 1.0000000, 0.33541861, 0.74748397, 3.4849734, 9.6279697, 9.7897778, 9.8636560, 9.9235468, 19.939016, 19.891075, 19.865196, 19.859604, 0.25747222, 0.28484243, 0.34626958, 0.34789571, 0.34863552, 0.34923512, 0.34969509, 0.34945539, 0.34932598, 0.34929803, 0.33541861
0.19675721, 1.0000000, 0.42303339, 2.6723921, 3.1503654, 9.7132864, 9.8202667, 9.8793125, 9.9273748, 19.928391, 19.884003, 19.863548, 19.859446, 0.27671939, 0.28150046, 0.34712794, 0.34820169, 0.34879261, 0.34927356, 0.34964195, 0.34942001, 0.34931773, 0.34929723, 0.42303339
0.28473717, 1.0000000, 0.74180132, 5.2550225, 9.4418058, 9.7642345, 9.8440828, 9.8921413, 9.9299126, 19.917984, 19.878279, 19.862329, 19.859346, 0.30254990, 0.34441769, 0.34764218, 0.34844080, 0.34892139, 0.34929913, 0.34958991, 0.34939140, 0.34931165, 0.34929675, 0.74180132
0.27679461, 1.0000000, 0.71302390, 4.6388469, 9.5390759, 9.7090712, 9.8310575, 9.8851986, 9.9237566, 19.906809, 19.873398, 19.861353, 19.859251, 0.29638746, 0.34538952, 0.34709010, 0.34831047, 0.34885192, 0.34923753, 0.34953403, 0.34936699, 0.34930676, 0.34929627, 0.71302390
0.25573528, 1.0000000, 0.63672203, 3.2052748, 9.4320421, 9.6290016, 9.7945442, 9.8637524, 9.9104958, 19.894962, 19.869114, 19.860512, 19.859163, 0.28204656, 0.34430948, 0.34628445, 0.34794432, 0.34863696, 0.34910476, 0.34947482, 0.34934556, 0.34930256, 0.34929582, 0.63672203
0.23915862, 1.0000000, 0.57666159, 2.5127740, 8.6007938, 9.6017551, 9.7744560, 9.8492804, 9.9001722, 19.885172, 19.865896, 19.859940, 19.859098, 0.27512199, 0.33599612, 0.34601092, 0.34774321, 0.34849212, 0.34900147, 0.34942585, 0.34932947, 0.34929970, 0.34929550, 0.57666159
0.22663510, 1.0000000, 0.53128660, 2.1515369, 7.6866493, 9.6075964, 9.7725925, 9.8448982, 9.8947563, 19.877993, 19.863686, 19.859570, 19.859064, 0.27151269, 0.32686079, 0.34607238, 0.34772521, 0.34844863, 0.34894744, 0.34938997, 0.34931844, 0.34929785, 0.34929532, 0.53128660
0.21170314, 1.0000000, 0.47718528, 1.7249435, 6.6161842, 9.5703583, 9.7547903, 9.8325949, 9.8866453, 19.871603, 19.861889, 19.859299, 19.859011, 0.26724535, 0.31615242, 0.34569678, 0.34754649, 0.34832525, 0.34886622, 0.34935802, 0.34930944, 0.34929651, 0.34929505, 0.47718528
0.19675165, 1.0000000, 0.42301321, 1.3204873, 5.4989896, 9.5463896, 9.7392902, 9.8214741, 9.8794603, 19.866385, 19.860497, 19.859087, 19.858955, 0.26320070, 0.30497944, 0.34545481, 0.34739107, 0.34821382, 0.34879428, 0.34933192, 0.34930247, 0.34929544, 0.34929478, 0.42301321
0.18210089, 1.0000000, 0.36993077, 0.95263124, 4.3541479, 9.5258913, 9.7255106, 9.8115683, 9.8733578, 19.862335, 19.859486, 19.858910, 19.858923, 0.25952384, 0.29353476, 0.34525153, 0.34725359, 0.34811494, 0.34873331, 0.34931168, 0.34929743, 0.34929454, 0.34929460, 0.36993077
0.16865945, 1.0000000, 0.32122990, 0.62344372, 3.2823150, 9.5221777, 9.7185955, 9.8057518, 9.8690834, 19.859039, 19.858685, 19.858732, 19.858875, 0.25623244, 0.28281683, 0.34521264, 0.34718409, 0.34805655, 0.34869051, 0.34929520, 0.34929341, 0.34929365, 0.34929436, 0.32122990
0.15840061, 0.94677258, 0.28406018, 0.34267902, 2.7296572, 9.0862541, 9.7155342, 9.8025951, 9.8663368, 19.856554, 19.858076, 19.858614, 19.858828, 0.25342551, 0.27729043, 0.34085232, 0.34715316, 0.34802485, 0.34866300, 0.34928277, 0.34929037, 0.34929305, 0.34929413, 0.28406018
0.15064296, 0.85309041, 0.25595272, 0.15652478, 2.4204402, 8.4496107, 9.7136230, 9.8007469, 9.8650808, 19.855356, 19.857794, 19.858566, 19.858828, 0.25156516, 0.27420354, 0.33449459, 0.34713587, 0.34800729, 0.34865075, 0.34927678, 0.34928897, 0.34929281, 0.34929413, 0.25595272
0.14376952, 0.77008623, 0.23104899, 0.0000000, 2.1439850, 7.8646808, 9.7151833, 9.8010597, 9.8644943, 19.854259, 19.857552, 19.858509, 19.858828, 0.24999925, 0.27143645, 0.32864055, 0.34715027, 0.34800982, 0.34864467, 0.34927130, 0.34928775, 0.34929255, 0.34929413, 0.23104899
0.13943115, 0.71769565, 0.21533023, 0.0000000, 1.8916935, 7.3201070, 9.7174273, 9.8019085, 9.8641396, 19.853222, 19.857311, 19.858498, 19.858828, 0.24999925, 0.26891539, 0.32319808, 0.34717351, 0.34801871, 0.34864128, 0.34926611, 0.34928656, 0.34929249, 0.34929413, 0.21533023
0.13563934, 0.67190558, 0.20159183, 0.0000000, 1.6753644, 6.8370523, 9.7237530, 9.8051395, 9.8648262, 19.852480, 19.857157, 19.858484, 19.858828, 0.24999925, 0.26674786, 0.31835875, 0.34723419, 0.34804970, 0.34864768, 0.34926242, 0.34928578, 0.34929243, 0.34929413, 0.20159183
0.13213213, 0.62955213, 0.18888453, 0.0000000, 1.4734447, 6.3917880, 9.7286205, 9.8076658, 9.8652353, 19.851704, 19.856987, 19.858456, 19.858828, 0.24999925, 0.26473051, 0.31390932, 0.34728360, 0.34807533, 0.34865192, 0.34925851, 0.34928495, 0.34929228, 0.34929413, 0.18888453
0.12853917, 0.58616340, 0.17586660, 0.0000000, 1.2701958, 5.9310870, 9.7245426, 9.8053770, 9.8640871, 19.851067, 19.856850, 19.858421, 19.858828, 0.24999925, 0.26269913, 0.30930421, 0.34724325, 0.34805265, 0.34864050, 0.34925532, 0.34928423, 0.34929210, 0.34929413, 0.17586660
0.12446178, 0.53692436, 0.16109343, 0.0000000, 1.0259569, 5.4384375, 9.7125463, 9.7982407, 9.8603296, 19.849464, 19.856462, 19.858307, 19.858805, 0.24999925, 0.26025587, 0.30437464, 0.34712198, 0.34798065, 0.34860271, 0.34924734, 0.34928232, 0.34929153, 0.34929401, 0.16109343
0.12070795, 0.49159279, 0.14749259, 0.0000000, 0.82325041, 4.9387531, 9.7052269, 9.7936115, 9.8584232, 19.849016, 19.856319, 19.858250, 19.858805, 0.24999925, 0.25822979, 0.29937941, 0.34704909, 0.34793451, 0.34858370, 0.34924507, 0.34928161, 0.34929127, 0.34929401, 0.14749259
0.11795919, 0.45839849, 0.13753331, 0.0000000, 0.69884956, 4.5196447, 9.7178459, 9.8003511, 9.8615437, 19.849854, 19.856514, 19.858284, 19.858805, 0.24999925, 0.25698709, 0.29519194, 0.34717652, 0.34800252, 0.34861511, 0.34924927, 0.34928256, 0.34929141, 0.34929401, 0.13753331
0.11524326, 0.42560062, 0.12769295, 0.0000000, 0.58218837, 4.0991387, 9.7155056, 9.7997522, 9.8620138, 19.850641, 19.856709, 19.858324, 19.858805, 0.24999925, 0.25581774, 0.29097682, 0.34714815, 0.34799403, 0.34861898, 0.34925321, 0.34928355, 0.34929162, 0.34929401, 0.12769295
0.11768833, 0.45512748, 0.13655190, 0.38420558, 0.45499206, 3.6655214, 9.7101440, 9.7968674, 9.8610840, 19.850849, 19.856773, 19.858335, 19.858805, 0.25383812, 0.25454712, 0.28664395, 0.34709546, 0.34796566, 0.34860983, 0.34925425, 0.34928387, 0.34929168, 0.34929401, 0.13655190
0.11157784, 0.38133663, 0.11441243, 0.14938712, 0.32031536, 3.2423661, 9.7046204, 9.7937584, 9.8596478, 19.850540, 19.856699, 19.858313, 19.858805, 0.25149208, 0.25320083, 0.28241193, 0.34703916, 0.34793404, 0.34859529, 0.34925270, 0.34928349, 0.34929156, 0.34929401, 0.11441243
0.10878783, 0.34764433, 0.10430373, 0.56672096E-1, 0.26276708, 2.9900491, 9.7024841, 9.8124008, 9.8669491, 19.851538, 19.856960, 19.858389, 19.858805, 0.25056615, 0.25262609, 0.27989158, 0.34701908, 0.34812108, 0.34866852, 0.34925768, 0.34928480, 0.34929195, 0.34929401, 0.10430373
0.10699497, 0.32599357, 0.97807854E-1, 0.0000000, 0.19460022, 2.9061019, 9.5723734, 9.8251123, 9.8717403, 19.851919, 19.857050, 19.858408, 19.858805, 0.24999830, 0.25194523, 0.27905530, 0.34571999, 0.34824920, 0.34871674, 0.34925959, 0.34928524, 0.34929204, 0.34929401, 0.97807854E-1
0.10497543, 0.30160546, 0.90490691E-1, 0.0000000, 0.56669116E-1, 2.7332604, 9.3845453, 9.8109846, 9.8659716, 19.850719, 19.856726, 19.858324, 19.858805, 0.24999830, 0.25056645, 0.27732655, 0.34384131, 0.34810767, 0.34865901, 0.34925359, 0.34928364, 0.34929162, 0.34929401, 0.90490691E-1
0.10357843, 0.28473514, 0.85429087E-1, 0.0000000, 0.0000000, 2.5527687, 9.1753559, 9.7994080, 9.8614311, 19.850075, 19.856552, 19.858294, 19.858805, 0.24999830, 0.24999908, 0.27551737, 0.34174615, 0.34799013, 0.34861299, 0.34925038, 0.34928277, 0.34929147, 0.34929401, 0.85429087E-1
0.10304809, 0.27833074, 0.83507575E-1, 0.0000000, 0.0000000, 2.4551897, 9.0209055, 9.8122435, 9.8663244, 19.850613, 19.856691, 19.858349, 19.858805, 0.24999830, 0.24999908, 0.27453217, 0.34019643, 0.34811568, 0.34866062, 0.34925285, 0.34928340, 0.34929174, 0.34929401, 0.83507575E-1
0.10180099, 0.26327065, 0.78989096E-1, 0.0000000, 0.0000000, 2.2090971, 8.7547159, 9.7813883, 9.8535461, 19.848190, 19.856060, 19.858183, 19.858768, 0.24999830, 0.24999908, 0.27208525, 0.33754262, 0.34781134, 0.34853464, 0.34924096, 0.34928030, 0.34929091, 0.34929383, 0.78989096E-1
0.10047143, 0.24721475, 0.74171841E-1, 0.0000000, 0.0000000, 1.9535929, 8.4397678, 9.7576723, 9.8437128, 19.846817, 19.855701, 19.858095, 19.858757, 0.24999830, 0.24999908, 0.26953065, 0.33439311, 0.34757408, 0.34843624, 0.34923407, 0.34927851, 0.34929049, 0.34929377, 0.74171841E-1
0.99475376E-1, 0.23518634, 0.70562959E-1, 0.0000000, 0.0000000, 1.7709821, 8.1490469, 9.7596283, 9.8447838, 19.847784, 19.855986, 19.858183, 19.858757, 0.24999830, 0.24999908, 0.26770407, 0.33148515, 0.34759313, 0.34844676, 0.34923893, 0.34927994, 0.34929091, 0.34929377, 0.70562959E-1
0.98411635E-1, 0.22234051, 0.66708826E-1, 0.0000000, 0.0000000, 1.5768617, 7.8371162, 9.7517958, 9.8420944, 19.848309, 19.856108, 19.858194, 19.858757, 0.24999830, 0.24999908, 0.26576641, 0.32836896, 0.34751660, 0.34842050, 0.34924155, 0.34928054, 0.34929097, 0.34929377, 0.66708826E-1
0.97444244E-1, 0.21065825, 0.63203797E-1, 0.0000000, 0.0000000, 1.4041811, 7.5331006, 9.7505016, 9.8416166, 19.848629, 19.856178, 19.858200, 19.858757, 0.24999830, 0.24999908, 0.26403934, 0.32532835, 0.34750333, 0.34841558, 0.34924313, 0.34928089, 0.34929100, 0.34929377, 0.63203797E-1
0.96456379E-1, 0.19872865, 0.59624560E-1, 0.0000000, 0.0000000, 1.2253553, 7.2329292, 9.7519569, 9.8409395, 19.847307, 19.855829, 19.858120, 19.858757, 0.24999830, 0.24999908, 0.26225206, 0.32232752, 0.34751838, 0.34840900, 0.34923655, 0.34927914, 0.34929061, 0.34929377, 0.59624560E-1
0.95268019E-1, 0.18437792, 0.55318911E-1, 0.0000000, 0.0000000, 1.0145009, 6.8900523, 9.7368336, 9.8338003, 19.845140, 19.855257, 19.857985, 19.858757, 0.24999830, 0.24999908, 0.26009285, 0.31886858, 0.34735036, 0.34832990, 0.34922460, 0.34927598, 0.34928983, 0.34929374, 0.55318911E-1
0.94181992E-1, 0.17126296, 0.51384028E-1, 0.0000000, 0.0000000, 0.82279742, 6.5161624, 9.7221575, 9.8276548, 19.844385, 19.855047, 19.857948, 19.858757, 0.24999830, 0.24999908, 0.25822636, 0.31515908, 0.34721971, 0.34827593, 0.34922192, 0.34927523, 0.34928975, 0.34929377, 0.51384028E-1
0.93573883E-1, 0.16391942, 0.49180746E-1, 0.0000000, 0.0000000, 0.72861314, 6.2388206, 9.7493925, 9.8387699, 19.845974, 19.855490, 19.858072, 19.858757, 0.24999830, 0.24999908, 0.25728238, 0.31238180, 0.34748891, 0.34838599, 0.34922987, 0.34927744, 0.34929037, 0.34929377, 0.49180746E-1
0.93488798E-1, 0.16289189, 0.48872456E-1, 0.30371547E-1, 0.0000000, 0.65084994, 6.0088253, 9.7661533, 9.8464003, 19.847330, 19.855862, 19.858183, 19.858757, 0.25030333, 0.24999908, 0.25650597, 0.31008357, 0.34765771, 0.34846273, 0.34923667, 0.34927931, 0.34929091, 0.34929377, 0.48872456E-1
0.10128020, 0.25698149, 0.77102162E-1, 0.62241554, 0.0000000, 0.59602857, 5.8194933, 9.7827396, 9.8539734, 19.848896, 19.856268, 19.858250, 19.858757, 0.25622088, 0.24999908, 0.25595933, 0.30819309, 0.34782586, 0.34853923, 0.34924448, 0.34928134, 0.34929127, 0.34929377, 0.77102162E-1
0.94965734E-1, 0.18072748, 0.54223668E-1, 0.21757185, 0.0000000, 0.47532618, 5.5529156, 9.7571688, 9.8441992, 19.848001, 19.856020, 19.858183, 19.858757, 0.25217551, 0.24999908, 0.25475311, 0.30552882, 0.34757137, 0.34844190, 0.34924001, 0.34928009, 0.34929091, 0.34929377, 0.54223668E-1
0.91784202E-1, 0.14230701, 0.42696375E-1, 0.27105212E-1, 0.0000000, 0.39625168, 5.2852077, 9.7511044, 9.8422289, 19.848822, 19.856226, 19.858208, 19.858757, 0.25027069, 0.24999908, 0.25396094, 0.30284789, 0.34750718, 0.34842098, 0.34924412, 0.34928113, 0.34929103, 0.34929377, 0.42696375E-1
0.90627678E-1, 0.12834077, 0.38506083E-1, 0.0000000, 0.0000000, 0.28738081, 4.9083247, 9.7076664, 9.8252115, 19.848757, 19.856184, 19.858189, 19.858757, 0.24999246, 0.24999908, 0.25287262, 0.29907912, 0.34707257, 0.34825075, 0.34924379, 0.34928092, 0.34929094, 0.34929377, 0.38506083E-1
0.89933529E-1, 0.11995819, 0.35991058E-1, 0.0000000, 0.0000000, 0.19223392, 4.5459390, 9.7068825, 9.8233166, 19.848309, 19.856060, 19.858171, 19.858757, 0.24999246, 0.24999908, 0.25192174, 0.29545656, 0.34706578, 0.34823215, 0.34924155, 0.34928030, 0.34929085, 0.34929377, 0.35991058E-1
0.89167520E-1, 0.11070782, 0.33215668E-1, 0.0000000, 0.0000000, 0.93093514E-1, 4.1290326, 9.6863146, 9.8140612, 19.847517, 19.855860, 19.858120, 19.858757, 0.24999246, 0.24999908, 0.25093019, 0.29128385, 0.34685552, 0.34813800, 0.34923759, 0.34927928, 0.34929061, 0.34929377, 0.33215668E-1
0.88883534E-1, 0.10727832, 0.32186717E-1, 0.0000000, 0.0000000, 0.71990490E-1, 3.8624864, 9.7359829, 9.8342991, 19.849504, 19.856390, 19.858236, 19.858757, 0.24999246, 0.24999908, 0.25071967, 0.28862217, 0.34735647, 0.34834185, 0.34924752, 0.34928197, 0.34929118, 0.34929377, 0.32186717E-1
0.88476986E-1, 0.10236885, 0.30713726E-1, 0.0000000, 0.0000000, 0.27722120E-1, 3.5946381, 9.7333364, 9.8348427, 19.849964, 19.856466, 19.858261, 19.858757, 0.24999246, 0.24999908, 0.25027698, 0.28594050, 0.34732541, 0.34834576, 0.34924981, 0.34928232, 0.34929129, 0.34929377, 0.30713726E-1
0.88184118E-1, 0.98832160E-1, 0.29652614E-1, 0.0000000, 0.0000000, 0.56892633E-2, 3.3475723, 9.7380238, 9.8377552, 19.851112, 19.856779, 19.858335, 19.858757, 0.24999246, 0.24999908, 0.25005686, 0.28347331, 0.34737670, 0.34837636, 0.34925556, 0.34928390, 0.34929168, 0.34929377, 0.29652614E-1
0.87796398E-1, 0.94149999E-1, 0.28247824E-1, 0.0000000, 0.0000000, 0.0000000, 2.9853673, 9.5937595, 9.8053427, 19.848944, 19.856218, 19.858200, 19.858709, 0.24999246, 0.24999908, 0.24999844, 0.27985087, 0.34593311, 0.34805191, 0.34924471, 0.34928110, 0.34929100, 0.34929353, 0.28247824E-1
0.87510966E-1, 0.90703107E-1, 0.27213654E-1, 0.0000000, 0.0000000, 0.0000000, 2.8119683, 9.2556171, 9.7918596, 19.848001, 19.855984, 19.858143, 19.858709, 0.24999246, 0.24999908, 0.24999844, 0.27811688, 0.34255159, 0.34791699, 0.34924001, 0.34927991, 0.34929073, 0.34929353, 0.27213654E-1
0.87243982E-1, 0.87478928E-1, 0.26246304E-1, 0.0000000, 0.0000000, 0.0000000, 2.6506634, 8.9335661, 9.7899923, 19.846668, 19.855631, 19.858047, 19.858709, 0.24999246, 0.24999908, 0.24999844, 0.27650487, 0.33933267, 0.34789881, 0.34923333, 0.34927815, 0.34929025, 0.34929353, 0.26246304E-1
0.87074012E-1, 0.85426390E-1, 0.25630480E-1, 0.0000000, 0.0000000, 0.0000000, 2.5587111, 8.7011433, 9.8080215, 19.848053, 19.856020, 19.858189, 19.858709, 0.24999246, 0.24999908, 0.24999844, 0.27558476, 0.33700743, 0.34807873, 0.34924027, 0.34928009, 0.34929094, 0.34929353, 0.25630480E-1
0.86739287E-1, 0.81384234E-1, 0.24417713E-1, 0.0000000, 0.0000000, 0.0000000, 2.3566961, 8.3066730, 9.7776566, 19.846127, 19.855515, 19.858047, 19.858704, 0.24999246, 0.24999908, 0.24999844, 0.27356493, 0.33306316, 0.34777516, 0.34923065, 0.34927756, 0.34929025, 0.34929353, 0.24417713E-1
0.86381890E-1, 0.77068314E-1, 0.23122806E-1, 0.0000000, 0.0000000, 0.0000000, 2.1475344, 7.8684587, 9.7592573, 19.844419, 19.855087, 19.857967, 19.858692, 0.24999246, 0.24999908, 0.24999844, 0.27147189, 0.32867828, 0.34758994, 0.34922209, 0.34927544, 0.34928983, 0.34929347, 0.23122806E-1
0.86009517E-1, 0.72571427E-1, 0.21773607E-1, 0.0000000, 0.0000000, 0.0000000, 1.9308358, 7.4062090, 9.7481632, 19.841963, 19.854416, 19.857794, 19.858683, 0.24999246, 0.24999908, 0.24999844, 0.26930472, 0.32405508, 0.34747857, 0.34920982, 0.34927207, 0.34928897, 0.34929341, 0.21773607E-1
0.85603744E-1, 0.67671299E-1, 0.20303421E-1, 0.0000000, 0.0000000, 0.0000000, 1.7021149, 6.8885102, 9.7323561, 19.839991, 19.853891, 19.857647, 19.858664, 0.24999246, 0.24999908, 0.24999844, 0.26701829, 0.31887928, 0.34732082, 0.34919995, 0.34926945, 0.34928823, 0.34929332, 0.20303421E-1
0.85310437E-1, 0.64129330E-1, 0.19240724E-1, 0.0000000, 0.0000000, 0.0000000, 1.5458882, 6.4865732, 9.7515316, 19.839931, 19.853849, 19.857649, 19.858709, 0.24999246, 0.24999908, 0.24999844, 0.26545504, 0.31485766, 0.34751126, 0.34919965, 0.34926924, 0.34928825, 0.34929353, 0.19240724E-1
0.10165264, 0.26147923, 0.78451611E-1, 1.1920929, 0.0000000, 0.0000000, 1.5085191, 6.3223519, 9.8109207, 19.842922, 19.854628, 19.857861, 19.858709, 0.26190755, 0.24999908, 0.24999844, 0.26508418, 0.31322140, 0.34810811, 0.34921461, 0.34927315, 0.34928930, 0.34929353, 0.78451611E-1
0.30680108, 1.0000000, 0.82174295, 7.4559069, 8.8496685, 9.0820160, 9.3186550, 9.5656395, 9.8489666, 19.846272, 19.855524, 19.858120, 19.858709, 0.32455885, 0.33849654, 0.34082007, 0.34318653, 0.34565639, 0.34848967, 0.34923136, 0.34927762, 0.34929061, 0.34929353, 0.82174295
0.26351911, 1.0000000, 0.66492432, 3.9932728, 9.1965866, 9.4059420, 9.5878096, 9.7260170, 9.8480930, 19.843489, 19.854813, 19.857916, 19.858675, 0.28993249, 0.34196550, 0.34405923, 0.34587806, 0.34726015, 0.34848094, 0.34921744, 0.34927407, 0.34928960, 0.34929338, 0.66492432
0.23788524, 1.0000000, 0.57204789, 2.6574640, 8.2759914, 9.4901133, 9.6614075, 9.7669201, 9.8495312, 19.842340, 19.854509, 19.857824, 19.858692, 0.27657333, 0.33275744, 0.34489971, 0.34661376, 0.34766904, 0.34849524, 0.34921169, 0.34927255, 0.34928912, 0.34929347, 0.57204789
0.21239448, 1.0000000, 0.47969010, 1.8217921, 6.5982838, 9.4740839, 9.6651869, 9.7678328, 9.8448124, 19.840450, 19.854010, 19.857695, 19.858688, 0.26821584, 0.31597835, 0.34473759, 0.34665120, 0.34767801, 0.34844801, 0.34920225, 0.34927005, 0.34928846, 0.34929344, 0.47969010
0.18339911, 1.0000000, 0.37463441, 0.91946721, 4.6319532, 9.4170227, 9.6371498, 9.7504921, 9.8354731, 19.837923, 19.853315, 19.857517, 19.858652, 0.25919425, 0.29631829, 0.34416893, 0.34637123, 0.34750479, 0.34835467, 0.34918961, 0.34926659, 0.34928757, 0.34929326, 0.37463441
0.16028902, 0.96957719, 0.29090226, 0.26516020, 2.9684691, 9.3436251, 9.6350470, 9.7475023, 9.8333120, 19.837036, 19.853071, 19.857460, 19.858675, 0.25265142, 0.27968353, 0.34343442, 0.34635007, 0.34747484, 0.34833306, 0.34918517, 0.34926537, 0.34928730, 0.34929338, 0.29090226
0.14832613, 0.82511216, 0.24755841, 0.0000000, 2.4327159, 8.4094410, 9.6399012, 9.7499409, 9.8342066, 19.837107, 19.853071, 19.857489, 19.858688, 0.24998555, 0.27432257, 0.33408645, 0.34639719, 0.34749848, 0.34834176, 0.34918553, 0.34926537, 0.34928745, 0.34929344, 0.24755841
0.13936488, 0.71689546, 0.21509016, 0.0000000, 1.8358260, 7.4424052, 9.6255779, 9.7410173, 9.8289566, 19.834574, 19.852377, 19.857319, 19.858635, 0.24998555, 0.26835451, 0.32441643, 0.34625381, 0.34740916, 0.34828922, 0.34917286, 0.34926188, 0.34928659, 0.34929317, 0.21509016
0.12934755, 0.59592527, 0.17879546, 0.0000000, 1.1913419, 6.3212628, 9.5935469, 9.7211590, 9.8193274, 19.831390, 19.851519, 19.857105, 19.858593, 0.24998555, 0.26190850, 0.31319961, 0.34593150, 0.34720960, 0.34819260, 0.34915695, 0.34925759, 0.34928554, 0.34929296, 0.17879546
0.12024041, 0.48594660, 0.14579856, 0.0000000, 0.69140792, 5.1257596, 9.5726042, 9.7077980, 9.8143969, 19.831507, 19.851519, 19.857130, 19.858604, 0.24998555, 0.25691223, 0.30125076, 0.34572348, 0.34707665, 0.34814352, 0.34915754, 0.34925759, 0.34928566, 0.34929302, 0.14579856
0.11146460, 0.37996930, 0.11400219, 0.0000000, 0.26707947, 3.8621945, 9.5431776, 9.6896429, 9.8072481, 19.831814, 19.851576, 19.857164, 19.858616, 0.24998555, 0.25267008, 0.28861687, 0.34542924, 0.34689516, 0.34807202, 0.34915906, 0.34925789, 0.34928581, 0.34929308, 0.11400219
0.10547030, 0.30758151, 0.92283681E-1, 0.0000000, 0.0000000, 2.9830337, 9.3672018, 9.6910725, 9.8075008, 19.832054, 19.851624, 19.857178, 19.858629, 0.24998555, 0.24999045, 0.27982816, 0.34367064, 0.34691000, 0.34807476, 0.34916025, 0.34925812, 0.34928590, 0.34929314, 0.92283681E-1
0.10246013, 0.27123046, 0.81377275E-1, 0.0000000, 0.0000000, 2.3879945, 8.7213488, 9.6655502, 9.7974310, 19.832420, 19.851728, 19.857201, 19.858641, 0.24998555, 0.24999045, 0.27387786, 0.33721197, 0.34665465, 0.34797400, 0.34916210, 0.34925863, 0.34928602, 0.34929320, 0.81377275E-1
0.10010795, 0.24282542, 0.72854914E-1, 0.0000000, 0.0000000, 1.9381702, 8.1282425, 9.6694603, 9.7988091, 19.833250, 19.851954, 19.857246, 19.858669, 0.24998555, 0.24999045, 0.26937845, 0.33127970, 0.34669295, 0.34798756, 0.34916624, 0.34925976, 0.34928623, 0.34929335, 0.72854914E-1
0.98593801E-1, 0.22454037, 0.67368850E-1, 0.0000000, 0.0000000, 1.6609848, 7.6708035, 9.6960058, 9.8111887, 19.835999, 19.852695, 19.857437, 19.858709, 0.24998555, 0.24999045, 0.26660562, 0.32670411, 0.34695759, 0.34811106, 0.34917998, 0.34926349, 0.34928718, 0.34929353, 0.67368850E-1
0.14785784, 0.81945717, 0.24586174, 2.0845146, 2.1036239, 2.3337245, 7.9946203, 9.7572823, 9.8369007, 19.839247, 19.853592, 19.857685, 19.858709, 0.27084288, 0.27103487, 0.27333647, 0.32994568, 0.34757251, 0.34836888, 0.34919623, 0.34926796, 0.34928843, 0.34929353, 0.24586174
0.14692947, 0.80824602, 0.24249806, 2.0409913, 2.0792098, 2.3206413, 7.8756018, 9.8089771, 9.8596573, 19.843641, 19.854782, 19.857967, 19.858709, 0.27040890, 0.27079147, 0.27320608, 0.32875580, 0.34808961, 0.34859651, 0.34921819, 0.34927392, 0.34928983, 0.34929353, 0.24249806
0.14075547, 0.73368829, 0.22012851, 1.7340213, 1.9058704, 2.2270501, 7.7340813, 9.8152685, 9.8636446, 19.845314, 19.855270, 19.858095, 19.858709, 0.26733872, 0.26905772, 0.27226993, 0.32734042, 0.34815243, 0.34863636, 0.34922656, 0.34927636, 0.34929049, 0.34929353, 0.22012851
0.13383597, 0.65012783, 0.19505785, 1.4674962, 1.6184092, 2.0628719, 7.5362229, 9.7966757, 9.8579674, 19.846115, 19.855503, 19.858154, 19.858709, 0.26466915, 0.26618025, 0.27062628, 0.32536045, 0.34796560, 0.34857929, 0.34923059, 0.34927753, 0.34929079, 0.34929353, 0.19505785
0.12233837, 0.51128185, 0.15339990, 0.91863573, 1.2757629, 1.8534601, 7.2769847, 9.7731056, 9.8495474, 19.846315, 19.855572, 19.858120, 19.858709, 0.25918379, 0.26275548, 0.26853305, 0.32276863, 0.34773025, 0.34849522, 0.34923157, 0.34927785, 0.34929061, 0.34929353, 0.15339990
0.14903206, 0.83363706, 0.25011614, 2.3405943, 2.2803602, 1.6125917, 6.9802752, 9.7567549, 9.8412075, 19.843813, 19.854940, 19.857941, 19.858688, 0.27340457, 0.27280280, 0.26612562, 0.31980252, 0.34756738, 0.34841201, 0.34921905, 0.34927469, 0.34928972, 0.34929344, 0.25011614
0.13882093, 0.71032661, 0.21311930, 1.8263549, 1.9884914, 1.4894783, 6.7614717, 9.7756720, 9.8487272, 19.844816, 19.855190, 19.858030, 19.858709, 0.26825443, 0.26987895, 0.26489255, 0.31761271, 0.34775525, 0.34848678, 0.34922409, 0.34927595, 0.34929016, 0.34929353, 0.21311930
0.16217092, 0.99230319, 0.29772073, 2.3053229, 2.3175387, 4.3361187, 9.4211054, 9.8171825, 9.8656330, 19.847517, 19.855892, 19.858194, 19.858709, 0.27304867, 0.27317265, 0.29335862, 0.34420994, 0.34817123, 0.34865612, 0.34923759, 0.34927946, 0.34929097, 0.34929353, 0.29772073
0.16248721, 0.99612254, 0.29886666, 2.2324653, 2.1457911, 4.9359732, 9.7136812, 9.8356066, 9.8738909, 19.849682, 19.856462, 19.858307, 19.858709, 0.27232447, 0.27145782, 0.29935962, 0.34713677, 0.34835604, 0.34873891, 0.34924841, 0.34928232, 0.34929153, 0.34929353, 0.29886666
0.35599250, 1.0000000, 0.99997282, 9.9997015, 9.9998264, 9.9999104, 9.9999819, 9.9999876, 9.9999990, 19.999998, 19.999998, 19.998899, 19.924095, 0.34999624, 0.34999779, 0.34999886, 0.34999976, 0.34999985, 0.34999999, 0.34999999, 0.34999999, 0.34999448, 0.34962046, 0.99997282
0.34265232, 1.0000000, 0.95163888, 9.2619514, 9.7058821, 9.8395100, 9.9586992, 9.9789791, 9.9922562, 19.999296, 19.999798, 19.990471, 19.908602, 0.34261021, 0.34705299, 0.34839216, 0.34958640, 0.34978950, 0.34992248, 0.34999648, 0.34999898, 0.34995234, 0.34954301, 0.95163888
0.33241624, 1.0000000, 0.91455162, 8.5739889, 9.6454296, 9.7926197, 9.9330740, 9.9650211, 9.9865704, 19.998514, 19.999304, 19.979244, 19.896147, 0.33572137, 0.34644181, 0.34791985, 0.34932944, 0.34964955, 0.34986550, 0.34999257, 0.34999651, 0.34989622, 0.34948075, 0.91455162
0.30525702, 1.0000000, 0.81614852, 6.7826967, 9.4289389, 9.6499529, 9.8608494, 9.9247179, 9.9691496, 19.995411, 19.997581, 19.965744, 19.886427, 0.31781986, 0.34428346, 0.34649649, 0.34860787, 0.34924689, 0.34969139, 0.34997705, 0.34998792, 0.34982872, 0.34943214, 0.81614852
0.28157747, 1.0000000, 0.73035312, 5.0880122, 9.4109488, 9.6263638, 9.8262711, 9.9011927, 9.9574966, 19.993454, 19.995039, 19.951166, 19.879034, 0.30087137, 0.34409976, 0.34625867, 0.34826171, 0.34901142, 0.34957480, 0.34996727, 0.34997520, 0.34975582, 0.34939516, 0.73035312
0.26095551, 1.0000000, 0.65563583, 3.5950737, 9.4136772, 9.6217461, 9.8097544, 9.8874435, 9.9492235, 19.991869, 19.990911, 19.936434, 19.873512, 0.28594258, 0.34412399, 0.34621093, 0.34809619, 0.34887376, 0.34949201, 0.34995934, 0.34995455, 0.34968215, 0.34936756, 0.65563583
0.23221643, 1.0000000, 0.55150878, 2.4044156, 7.9890962, 9.5101290, 9.7453928, 9.8472576, 9.9287701, 19.987471, 19.983961, 19.922270, 19.869417, 0.27404350, 0.32988968, 0.34510052, 0.34745377, 0.34847248, 0.34928766, 0.34993735, 0.34991980, 0.34961134, 0.34934708, 0.55150878
0.34326458, 1.0000000, 0.95385706, 9.3029947, 9.7086372, 9.8425026, 9.9603510, 9.9798765, 9.9926109, 19.999350, 19.999838, 19.999910, 19.984056, 0.34302500, 0.34708327, 0.34842345, 0.34960318, 0.34979862, 0.34992605, 0.34999675, 0.34999919, 0.34999955, 0.34992027, 0.95385706
0.32061765, 1.0000000, 0.87180299, 7.8399920, 9.4912252, 9.6976986, 9.9001017, 9.9475880, 9.9799376, 19.997906, 19.999462, 19.998882, 19.960974, 0.32839856, 0.34491125, 0.34697649, 0.34900093, 0.34947583, 0.34979934, 0.34998953, 0.34999731, 0.34999442, 0.34980488, 0.87180299
0.28114417, 1.0000000, 0.72878319, 5.1371841, 9.3087540, 9.5627298, 9.8073702, 9.8933601, 9.9557037, 19.993706, 19.998365, 19.995632, 19.939919, 0.30136970, 0.34308520, 0.34562612, 0.34807345, 0.34893349, 0.34955701, 0.34996852, 0.34999183, 0.34997815, 0.34969959, 0.72878319
0.24817686, 1.0000000, 0.60933644, 2.9326530, 9.0223923, 9.5329170, 9.7633600, 9.8614273, 9.9385672, 19.990698, 19.997532, 19.989731, 19.921700, 0.27932543, 0.34022188, 0.34532809, 0.34763339, 0.34861416, 0.34938565, 0.34995347, 0.34998766, 0.34994864, 0.34960848, 0.60933644
0.22612742, 1.0000000, 0.52944714, 2.2854567, 7.4463034, 9.5237331, 9.7417326, 9.8427639, 9.9261293, 19.987919, 19.996536, 19.980928, 19.906582, 0.27285275, 0.32445952, 0.34523505, 0.34741688, 0.34842741, 0.34926119, 0.34993958, 0.34998268, 0.34990466, 0.34953290, 0.52944714
0.20343742, 1.0000000, 0.44723701, 1.6596198, 5.7707133, 9.4871492, 9.7162313, 9.8237982, 9.9142141, 19.985113, 19.995052, 19.969564, 19.894514, 0.26659518, 0.30770501, 0.34486976, 0.34716195, 0.34823781, 0.34914207, 0.34992558, 0.34997526, 0.34984782, 0.34947258, 0.44723701
0.19058806, 1.0000000, 0.40068135, 1.3864070, 4.6446567, 9.5409479, 9.7383909, 9.8331528, 9.9156704, 19.984659, 19.993280, 19.956562, 19.885223, 0.26386297, 0.29644436, 0.34540722, 0.34738347, 0.34833127, 0.34915662, 0.34992331, 0.34996641, 0.34978282, 0.34942612, 0.40068135
0.16776083, 1.0000000, 0.31797403, 0.78489780, 2.9928951, 9.3506489, 9.6804819, 9.7992992, 9.8995199, 19.981014, 19.989286, 19.942528, 19.878111, 0.25784853, 0.27992797, 0.34350494, 0.34680450, 0.34799284, 0.34899515, 0.34990507, 0.34994644, 0.34971264, 0.34939057, 0.31797403
0.16434360, 1.0000000, 0.30559272, 0.70048571, 2.8812437, 9.0128889, 9.7558641, 9.8388205, 9.9135475, 19.980682, 19.984383, 19.928848, 19.872864, 0.25700244, 0.27880645, 0.34011954, 0.34755662, 0.34838718, 0.34913513, 0.34990340, 0.34992191, 0.34964424, 0.34936431, 0.30559272
0.15557483, 0.91264826, 0.27382186, 0.42481720, 2.5617242, 8.4555330, 9.7428560, 9.8335199, 9.9115496, 19.978210, 19.976950, 19.915895, 19.868963, 0.25424665, 0.27561176, 0.33454630, 0.34742647, 0.34833416, 0.34911513, 0.34989107, 0.34988475, 0.34957948, 0.34934482, 0.27382186
0.15026896, 0.84857398, 0.25459766, 0.30060709, 2.3533196, 8.0024128, 9.7557306, 9.8410311, 9.9151068, 19.976879, 19.967894, 19.904434, 19.866146, 0.25300434, 0.27352512, 0.33001038, 0.34755397, 0.34840861, 0.34915051, 0.34988439, 0.34983948, 0.34952217, 0.34933072, 0.25459766
0.14731497, 0.81290132, 0.24389479, 0.45790374, 2.0360649, 7.4042630, 9.7306414, 9.8277731, 9.9098139, 19.973484, 19.956827, 19.894545, 19.864096, 0.25457737, 0.27035618, 0.32403448, 0.34730428, 0.34827667, 0.34909779, 0.34986740, 0.34978414, 0.34947273, 0.34932047, 0.24389479
0.13748389, 0.69418055, 0.20827499, 0.18256903, 1.6807824, 6.6649084, 9.7002211, 9.8093662, 9.9015608, 19.969015, 19.944647, 19.886353, 19.862602, 0.25182527, 0.26680556, 0.31664461, 0.34700090, 0.34809300, 0.34901538, 0.34984508, 0.34972322, 0.34943175, 0.34931302, 0.20827499
0.12728146, 0.57097501, 0.17130964, 0.0000000, 1.2357593, 5.7138076, 9.6481047, 9.7771101, 9.8858910, 19.961658, 19.931673, 19.879654, 19.861519, 0.24996972, 0.26235417, 0.30713016, 0.34647837, 0.34776974, 0.34885845, 0.34980828, 0.34965837, 0.34939826, 0.34930760, 0.17130964
0.12375341, 0.52836996, 0.15852685, 0.0000000, 1.0843188, 5.1518874, 9.6948166, 9.8010073, 9.8939924, 19.956320, 19.919941, 19.874578, 19.860804, 0.24996972, 0.26084116, 0.30151406, 0.34694639, 0.34800914, 0.34893963, 0.34978160, 0.34959972, 0.34937289, 0.34930402, 0.15852685
0.11776216, 0.45601916, 0.13681944, 0.0000000, 0.77709556, 4.3311114, 9.6465740, 9.7737389, 9.8817644, 19.947214, 19.908485, 19.870533, 19.860256, 0.24996972, 0.25777078, 0.29331064, 0.34646553, 0.34773725, 0.34881762, 0.34973606, 0.34954244, 0.34935266, 0.34930128, 0.13681944
0.11444800, 0.41599691, 0.12481156, 0.0000000, 0.65118074, 3.7743542, 9.6800041, 9.7910061, 9.8871098, 19.939062, 19.898821, 19.867554, 19.859896, 0.24996972, 0.25651065, 0.28774014, 0.34679827, 0.34790915, 0.34887081, 0.34969532, 0.34949410, 0.34933776, 0.34929949, 0.12481156
0.11031111, 0.36603960, 0.10982286, 0.0000000, 0.48075616, 3.1229024, 9.6550331, 9.7768621, 9.8802719, 19.929314, 19.890324, 19.865265, 19.859598, 0.24996972, 0.25480595, 0.28122380, 0.34654713, 0.34776697, 0.34880218, 0.34964657, 0.34945160, 0.34932631, 0.34929800, 0.10982286
0.10779959, 0.33571026, 0.10072315, 0.0000000, 0.36191344, 2.7892857, 9.4740343, 9.7842064, 9.8807945, 19.919361, 19.883244, 19.863548, 19.859434, 0.24996972, 0.25361788, 0.27788797, 0.34473702, 0.34784037, 0.34880736, 0.34959680, 0.34941623, 0.34931773, 0.34929717, 0.10072315
0.10449076, 0.29575250, 0.88734627E-1, 0.0000000, 0.18317699, 2.4269848, 9.0917721, 9.7531290, 9.8656511, 19.908190, 19.877172, 19.862206, 19.859299, 0.24996972, 0.25183156, 0.27426836, 0.34091660, 0.34753069, 0.34865630, 0.34954095, 0.34938586, 0.34931102, 0.34929651, 0.88734627E-1
0.10067917, 0.24972349, 0.74924543E-1, 0.0000000, 0.0000000, 1.9819438, 8.5714588, 9.7086258, 9.8426208, 19.896746, 19.872019, 19.861120, 19.859211, 0.24996972, 0.24999656, 0.26981768, 0.33571306, 0.34708539, 0.34842592, 0.34948373, 0.34936011, 0.34930560, 0.34929606, 0.74924543E-1
0.98960020E-1, 0.22896287, 0.68695731E-1, 0.0000000, 0.0000000, 1.6641647, 8.0841360, 9.7090645, 9.8378687, 19.887964, 19.868326, 19.860434, 19.859158, 0.24996972, 0.24999656, 0.26664075, 0.33084050, 0.34709015, 0.34837851, 0.34943983, 0.34934163, 0.34930217, 0.34929579, 0.68695731E-1
0.97729407E-1, 0.21410184, 0.64236976E-1, 0.0000000, 0.0000000, 1.4428735, 7.6951146, 9.7281075, 9.8424110, 19.879822, 19.865353, 19.859888, 19.859104, 0.24996972, 0.24999656, 0.26442623, 0.32694846, 0.34727937, 0.34842354, 0.34939912, 0.34932676, 0.34929943, 0.34929553, 0.64236976E-1
0.96719459E-1, 0.20190561, 0.60577743E-1, 0.0000000, 0.0000000, 1.2657106, 7.3555861, 9.7391949, 9.8456545, 19.873501, 19.863195, 19.859497, 19.859058, 0.24996972, 0.24999656, 0.26265392, 0.32355216, 0.34738952, 0.34845573, 0.34936750, 0.34931597, 0.34929749, 0.34929529, 0.60577743E-1
0.94782420E-1, 0.17851382, 0.53559504E-1, 0.0000000, 0.0000000, 0.92729926, 6.7491355, 9.6688757, 9.8144560, 19.866524, 19.861088, 19.859110, 19.858980, 0.24996972, 0.24999656, 0.25926924, 0.31748587, 0.34668481, 0.34814322, 0.34933263, 0.34930545, 0.34929556, 0.34929490, 0.53559504E-1
0.93684144E-1, 0.16525094, 0.49580242E-1, 0.0000000, 0.0000000, 0.75480044, 6.2741899, 9.6870832, 9.8190355, 19.862963, 19.860039, 19.858953, 19.858946, 0.24996972, 0.24999656, 0.25754598, 0.31273854, 0.34686825, 0.34818950, 0.34931481, 0.34930021, 0.34929478, 0.34929472, 0.49580242E-1
0.11517197, 0.42473981, 0.12743469, 1.5750051, 0.0000000, 0.72987974, 6.0621538, 9.7701807, 9.8516912, 19.861881, 19.859695, 19.858938, 19.858946, 0.26574415, 0.24999656, 0.25729796, 0.31062016, 0.34770072, 0.34851655, 0.34930941, 0.34929848, 0.34929469, 0.34929472, 0.12743469
0.13019636, 0.60617560, 0.18187086, 2.1221309, 0.93415678, 0.69196224, 5.9120507, 9.8011007, 9.8651810, 19.860371, 19.859243, 19.858868, 19.858934, 0.27121961, 0.25934112, 0.25691944, 0.30912021, 0.34801078, 0.34865174, 0.34930184, 0.34929621, 0.34929433, 0.34929466, 0.18187086
0.11665978, 0.44270661, 0.13282527, 1.3552457, 0.66561997, 0.57176948, 5.6581678, 9.7663250, 9.8522739, 19.857317, 19.858421, 19.858673, 19.858892, 0.26354724, 0.25665465, 0.25571704, 0.30658036, 0.34766212, 0.34852234, 0.34928659, 0.34929210, 0.34929335, 0.34929445, 0.13282527
0.10224304, 0.26860887, 0.80590717E-1, 0.56948662, 0.35337806, 0.41594803, 5.2749205, 9.7167883, 9.8312197, 19.854155, 19.857552, 19.858484, 19.858833, 0.25568894, 0.25353158, 0.25415817, 0.30274591, 0.34716484, 0.34831119, 0.34927076, 0.34928775, 0.34929243, 0.34929416, 0.80590717E-1
0.90225734E-1, 0.12348685, 0.37049759E-1, 0.0000000, 0.27877092E-1, 0.20855367, 4.5913372, 9.6147413, 9.7852716, 19.850428, 19.856562, 19.858267, 19.858757, 0.24991940, 0.25027856, 0.25208470, 0.29590970, 0.34614357, 0.34785140, 0.34925213, 0.34928280, 0.34929132, 0.34929377, 0.37049759E-1
0.88403232E-1, 0.10147817, 0.30446496E-1, 0.0000000, 0.0000000, 0.31101704E-1, 3.6047845, 9.5305872, 9.7405224, 19.846989, 19.855688, 19.858047, 19.858709, 0.24991940, 0.24998569, 0.25031099, 0.28604692, 0.34530464, 0.34740481, 0.34923494, 0.34927845, 0.34929025, 0.34929353, 0.30446496E-1
0.87678090E-1, 0.92721269E-1, 0.27819162E-1, 0.0000000, 0.0000000, 0.0000000, 2.9701443, 9.3566341, 9.7510071, 19.846245, 19.855501, 19.858047, 19.858709, 0.24991940, 0.24998569, 0.24999428, 0.27969837, 0.34356153, 0.34750840, 0.34923121, 0.34927750, 0.34929025, 0.34929353, 0.27819162E-1
0.87492488E-1, 0.90479955E-1, 0.27146703E-1, 0.0000000, 0.0000000, 0.0000000, 2.8710394, 9.0920143, 9.7956123, 19.847984, 19.855986, 19.858194, 19.858709, 0.24991940, 0.24998569, 0.24999428, 0.27870643, 0.34091386, 0.34795386, 0.34923992, 0.34927994, 0.34929097, 0.34929353, 0.27146703E-1
0.14785127, 0.81937778, 0.24583793, 2.1196842, 2.9135466, 1.6959071, 2.8634727, 9.0051107, 9.8420439, 19.850294, 19.856585, 19.858330, 19.858709, 0.27119553, 0.27913436, 0.26695874, 0.27863461, 0.34005094, 0.34842038, 0.34925148, 0.34928292, 0.34929165, 0.34929353, 0.24583793
0.17950383, 1.0000000, 0.36052108, 2.1400599, 2.8745472, 7.9841566, 9.3845558, 9.6257410, 9.8583288, 19.851561, 19.856939, 19.858419, 19.858709, 0.27140036, 0.27874529, 0.32984129, 0.34384549, 0.34625739, 0.34858328, 0.34925780, 0.34928471, 0.34929210, 0.34929353, 0.36052108
0.16270109, 0.99870545, 0.29964161, 1.5800655, 2.3562133, 6.7795529, 9.5873070, 9.7291584, 9.8507385, 19.849897, 19.856514, 19.858250, 19.858709, 0.26579836, 0.27356008, 0.31779256, 0.34587222, 0.34729117, 0.34850723, 0.34924948, 0.34928256, 0.34929127, 0.34929353, 0.29964161
0.16052397, 0.97241437, 0.29175350, 1.7127931, 2.1469088, 6.2042456, 9.6818953, 9.7806120, 9.8595877, 19.850924, 19.856773, 19.858318, 19.858709, 0.26712754, 0.27146879, 0.31204203, 0.34681883, 0.34780607, 0.34859586, 0.34925461, 0.34928387, 0.34929159, 0.34929353, 0.29175350
0.14792219, 0.82023412, 0.24609485, 1.2145340, 1.7997473, 5.5203977, 9.6737986, 9.7766724, 9.8550396, 19.850695, 19.856720, 19.858307, 19.858709, 0.26214087, 0.26799351, 0.30519789, 0.34673584, 0.34776565, 0.34855002, 0.34925348, 0.34928361, 0.34929153, 0.34929353, 0.24609485
0.13411313, 0.65347481, 0.19606204, 0.69963932, 1.4005125, 4.7060580, 9.6451712, 9.7591515, 9.8467503, 19.849981, 19.856537, 19.858250, 19.858709, 0.25699440, 0.26400274, 0.29705656, 0.34645006, 0.34759068, 0.34846723, 0.34924990, 0.34928268, 0.34929127, 0.34929353, 0.19606204
0.12049529, 0.48902464, 0.14672206, 0.24892390, 0.98499358, 3.7614300, 9.5994387, 9.7313881, 9.8348742, 19.849037, 19.856285, 19.858183, 19.858709, 0.25248882, 0.25984895, 0.28761241, 0.34599343, 0.34731340, 0.34834859, 0.34924519, 0.34928143, 0.34929091, 0.34929353, 0.14672206
0.10997633, 0.36199677, 0.10860989, 0.0000000, 0.59312582, 2.8983979, 9.2975035, 9.6956539, 9.8195057, 19.848356, 19.856083, 19.858131, 19.858709, 0.24998656, 0.25593048, 0.27898210, 0.34297383, 0.34695593, 0.34819484, 0.34924179, 0.34928042, 0.34929067, 0.34929353, 0.10860989
0.10495709, 0.30138397, 0.90424240E-1, 0.0000000, 0.27677119, 2.4274917, 8.7581625, 9.6910753, 9.8151283, 19.846563, 19.855600, 19.858036, 19.858704, 0.24998656, 0.25276679, 0.27427089, 0.33757874, 0.34690914, 0.34815073, 0.34923282, 0.34927800, 0.34929019, 0.34929353, 0.90424240E-1
0.10279421, 0.27526483, 0.82587712E-1, 0.0000000, 0.17360747, 2.1835208, 8.3761597, 9.7258091, 9.8294983, 19.848083, 19.856020, 19.858189, 19.858709, 0.24998656, 0.25173572, 0.27183288, 0.33375981, 0.34725705, 0.34829462, 0.34924042, 0.34928009, 0.34929094, 0.34929353, 0.82587712E-1
0.14092717, 0.73576176, 0.22075060, 2.1678715, 1.1786282, 2.1773963, 8.2393398, 9.7987146, 9.8589401, 19.850452, 19.856632, 19.858330, 19.858709, 0.27167743, 0.26178586, 0.27177358, 0.33239311, 0.34798697, 0.34858933, 0.34925225, 0.34928316, 0.34929165, 0.34929353, 0.22075060
0.15698829, 0.92971730, 0.27894309, 2.5057583, 2.1804690, 2.8727202, 8.4888353, 9.8346434, 9.8742676, 19.852270, 19.857140, 19.858423, 19.858709, 0.27505684, 0.27180430, 0.27872694, 0.33488819, 0.34834635, 0.34874263, 0.34926134, 0.34928569, 0.34929210, 0.34929353, 0.27894309
0.20910738, 1.0000000, 0.46778035, 2.8011470, 4.6515117, 9.3025799, 9.6406155, 9.8509264, 9.8814077, 19.853518, 19.857475, 19.858423, 19.858709, 0.27801147, 0.29651511, 0.34302580, 0.34640616, 0.34850925, 0.34881407, 0.34926760, 0.34928739, 0.34929210, 0.34929353, 0.46778035
0.18865055, 1.0000000, 0.39366141, 1.8374532, 3.7169185, 9.4426041, 9.6781826, 9.8024082, 9.8621416, 19.850075, 19.856524, 19.858143, 19.858692, 0.26837209, 0.28716621, 0.34442225, 0.34678105, 0.34802368, 0.34862131, 0.34925038, 0.34928262, 0.34929073, 0.34929347, 0.39366141
0.15987191, 0.96453995, 0.28939092, 0.82956553, 2.4618208, 8.3804798, 9.6122799, 9.7441711, 9.8380070, 19.846022, 19.855429, 19.857893, 19.858669, 0.25829425, 0.27461571, 0.33380052, 0.34612182, 0.34744120, 0.34837988, 0.34923011, 0.34927714, 0.34928948, 0.34929335, 0.28939092
0.14026169, 0.72772545, 0.21833947, 0.23380816, 1.7832011, 6.9939575, 9.5877476, 9.7226620, 9.8281488, 19.844549, 19.855032, 19.857843, 19.858709, 0.25233755, 0.26782957, 0.31993482, 0.34587616, 0.34722596, 0.34828126, 0.34922275, 0.34927517, 0.34928921, 0.34929353, 0.21833947
0.17260933, 1.0000000, 0.33554101, 2.3009539, 2.7211518, 6.0312586, 9.6299543, 9.7444878, 9.8365450, 19.845678, 19.855324, 19.857960, 19.858709, 0.27300537, 0.27720857, 0.31030929, 0.34629849, 0.34744436, 0.34836528, 0.34922838, 0.34927660, 0.34928980, 0.34929353, 0.33554101
0.35600001, 1.0000000, 1.0000000, 9.9999990, 9.9999990, 9.9999990, 9.9999990, 9.9999990, 9.9999990, 19.999998, 19.999998, 19.999998, 19.998999, 0.34999999, 0.34999999, 0.34999999, 0.34999999, 0.34999999, 0.34999999, 0.34999999, 0.34999999, 0.34999999, 0.34999499, 1.0000000
0.33161819, 1.0000000, 0.91166002, 8.5969658, 9.5389681, 9.7322741, 9.9135370, 9.9550734, 9.9820070, 19.997162, 19.999260, 19.999559, 19.975210, 0.33596891, 0.34538916, 0.34732246, 0.34913531, 0.34955069, 0.34982008, 0.34998581, 0.34999630, 0.34999779, 0.34987605, 0.91166002
0.29568169, 1.0000000, 0.78145534, 6.1581879, 9.3461819, 9.5911436, 9.8257990, 9.9045086, 9.9596834, 19.993032, 19.998180, 19.997711, 19.952765, 0.31157944, 0.34345958, 0.34591031, 0.34825775, 0.34904498, 0.34959680, 0.34996516, 0.34999090, 0.34998855, 0.34976381, 0.78145534
0.25591964, 1.0000000, 0.63738990, 3.3536472, 9.2642422, 9.5193367, 9.7558727, 9.8579645, 9.9362812, 19.988390, 19.996950, 19.993456, 19.932697, 0.28353360, 0.34263766, 0.34519091, 0.34755823, 0.34857941, 0.34936273, 0.34994194, 0.34998477, 0.34996727, 0.34966350, 0.63738990
0.22023571, 1.0000000, 0.50810039, 1.9826353, 7.2883983, 9.4378729, 9.6929483, 9.8140583, 9.9119949, 19.982924, 19.995365, 19.986277, 19.915598, 0.26982582, 0.32288280, 0.34437796, 0.34692934, 0.34814051, 0.34911993, 0.34991461, 0.34997684, 0.34993139, 0.34957799, 0.50810039
0.19388756, 1.0000000, 0.41263604, 1.2458950, 5.3360276, 9.4402409, 9.6772242, 9.7979345, 9.8991632, 19.978342, 19.993698, 19.976324, 19.901653, 0.26245764, 0.30335692, 0.34439942, 0.34677166, 0.34797904, 0.34899154, 0.34989172, 0.34996849, 0.34988162, 0.34950826, 0.41263604
0.16916578, 1.0000000, 0.32306439, 0.60958862, 3.4201779, 9.4268246, 9.6610670, 9.7840405, 9.8888702, 19.973822, 19.991386, 19.964075, 19.890640, 0.25609469, 0.28419781, 0.34426281, 0.34660953, 0.34783983, 0.34888852, 0.34986910, 0.34995693, 0.34982038, 0.34945321, 0.32306439
0.15338811, 0.88624114, 0.26589894, 0.20607710, 2.5558205, 8.6891842, 9.6584873, 9.7803278, 9.8851423, 19.970760, 19.988323, 19.950499, 19.882208, 0.25206065, 0.27555728, 0.33689028, 0.34658450, 0.34780312, 0.34885135, 0.34985381, 0.34994161, 0.34975249, 0.34941104, 0.26589894
0.13958046, 0.71949887, 0.21587126, 0.0000000, 1.8644303, 7.4357958, 9.6152849, 9.7535362, 9.8711720, 19.965088, 19.983000, 19.936319, 19.875826, 0.24997896, 0.26864263, 0.32435462, 0.34615198, 0.34753492, 0.34871158, 0.34982544, 0.34991500, 0.34968159, 0.34937912, 0.21587126
0.13086179, 0.61421126, 0.18428181, 0.0000000, 1.3750583, 6.3105073, 9.6119356, 9.7492752, 9.8677673, 19.961748, 19.976408, 19.922749, 19.871105, 0.24997896, 0.26374742, 0.31309783, 0.34611714, 0.34749165, 0.34867728, 0.34980875, 0.34988204, 0.34961373, 0.34935552, 0.18428181
0.12309436, 0.52041125, 0.15613899, 0.0000000, 0.97421110, 5.2364564, 9.6095972, 9.7464504, 9.8655958, 19.958818, 19.967960, 19.910341, 19.867670, 0.24997896, 0.25974002, 0.30235896, 0.34609392, 0.34746346, 0.34865561, 0.34979409, 0.34983981, 0.34955171, 0.34933835, 0.15613899
0.16283205, 1.0000000, 0.30011609, 2.2173285, 2.5581689, 4.2767296, 9.6091909, 9.7458754, 9.8648596, 19.955824, 19.957850, 19.899517, 19.865171, 0.27217016, 0.27557951, 0.29276547, 0.34609112, 0.34745833, 0.34864846, 0.34977913, 0.34978926, 0.34949759, 0.34932587, 0.30011609
0.14314656, 0.76256329, 0.22879186, 1.3718694, 1.9918025, 3.4695435, 9.6176510, 9.7507544, 9.8663120, 19.951813, 19.946333, 19.890377, 19.863377, 0.26371744, 0.26991695, 0.28469449, 0.34617597, 0.34750727, 0.34866303, 0.34975907, 0.34973165, 0.34945190, 0.34931690, 0.22879186
0.12847674, 0.58540928, 0.17564036, 0.75404942, 1.5333265, 2.9363184, 9.4514713, 9.7565489, 9.8681784, 19.946705, 19.934155, 19.882900, 19.862083, 0.25753769, 0.26532984, 0.27935991, 0.34451261, 0.34756440, 0.34868142, 0.34973353, 0.34967077, 0.34941450, 0.34931043, 0.17564036
0.11756720, 0.45366472, 0.13611303, 0.33177733, 1.1333138, 2.5848627, 9.0707064, 9.7500277, 9.8657885, 19.941437, 19.922289, 19.877022, 19.861174, 0.25331658, 0.26133069, 0.27584583, 0.34070510, 0.34749922, 0.34865752, 0.34970719, 0.34961146, 0.34938511, 0.34930587, 0.13611303
0.16029140, 0.96960580, 0.29091084, 2.6470752, 2.1472514, 3.0826716, 9.4464359, 9.7680035, 9.8723927, 19.934956, 19.911072, 19.872444, 19.860521, 0.27646679, 0.27147058, 0.28082532, 0.34446350, 0.34767959, 0.34872377, 0.34967476, 0.34955537, 0.34936222, 0.34930259, 0.29091084
0.14491966, 0.78397536, 0.23521613, 1.8852383, 1.7557204, 2.7340083, 9.2362394, 9.7724934, 9.8742733, 19.927563, 19.900942, 19.868931, 19.860050, 0.26884806, 0.26755479, 0.27733821, 0.34236112, 0.34772426, 0.34874249, 0.34963781, 0.34950471, 0.34934467, 0.34930027, 0.23521613
0.12914506, 0.59347993, 0.17806178, 1.1220902, 1.3172656, 2.4162829, 8.8880911, 9.7599316, 9.8676147, 19.918098, 19.891802, 19.866186, 19.859697, 0.26121572, 0.26316899, 0.27415946, 0.33887842, 0.34759799, 0.34867570, 0.34959048, 0.34945899, 0.34933093, 0.34929848, 0.17806178
0.11239712, 0.39123040, 0.11738086, 0.36225915, 0.81146359, 2.0098896, 8.4292450, 9.7254858, 9.8499842, 19.906530, 19.883610, 19.863960, 19.859409, 0.25362051, 0.25811180, 0.27009541, 0.33428952, 0.34725317, 0.34849927, 0.34953266, 0.34941804, 0.34931982, 0.34929705, 0.11738086
0.10095998, 0.25311452, 0.75941950E-1, 0.0000000, 0.33457279, 1.5365124, 7.8150587, 9.6750879, 9.8241463, 19.894688, 19.876694, 19.862238, 19.859222, 0.24997172, 0.25334400, 0.26536113, 0.32814652, 0.34674838, 0.34824061, 0.34947345, 0.34938347, 0.34931117, 0.34929612, 0.75941950E-1
0.95980063E-1, 0.19297664, 0.57898782E-1, 0.0000000, 0.44885278E-1, 1.0770202, 7.0212517, 9.6265545, 9.7981186, 19.885525, 19.871548, 19.861082, 19.859133, 0.24997172, 0.25044864, 0.26076770, 0.32020926, 0.34626332, 0.34798044, 0.34942764, 0.34935772, 0.34930542, 0.34929568, 0.57898782E-1
0.95420562E-1, 0.18622006, 0.55871610E-1, 0.91114640E-1, 0.0000000, 0.83929896, 6.4394875, 9.6738281, 9.8131552, 19.878212, 19.867701, 19.860302, 19.859064, 0.25091028, 0.24996977, 0.25839064, 0.31439126, 0.34673557, 0.34813061, 0.34939104, 0.34933850, 0.34930152, 0.34929532, 0.55871610E-1
0.92297249E-1, 0.14850263, 0.44555247E-1, 0.0000000, 0.0000000, 0.54008961, 5.7073741, 9.6241474, 9.7911081, 19.870443, 19.864374, 19.859615, 19.858974, 0.24992797, 0.24996977, 0.25540090, 0.30707374, 0.34624147, 0.34791109, 0.34935221, 0.34932187, 0.34929806, 0.34929487, 0.44555247E-1
0.15743518, 0.93511397, 0.28056225, 2.0953417, 2.8558135, 2.9273958, 8.9190178, 9.6977730, 9.8199072, 19.865433, 19.862206, 19.859230, 19.858912, 0.27095294, 0.27855775, 0.27927375, 0.33919007, 0.34697768, 0.34819904, 0.34932715, 0.34931102, 0.34929615, 0.34929454, 0.28056225
0.15347052, 0.88723636, 0.26619753, 2.1233110, 2.2205682, 3.0542705, 9.3736343, 9.7320576, 9.8346672, 19.860886, 19.860426, 19.858927, 19.858839, 0.27122846, 0.27220276, 0.28054070, 0.34373513, 0.34731996, 0.34834647, 0.34930444, 0.34930211, 0.34929463, 0.34929419, 0.26619753
0.12594959, 0.55489117, 0.16648400, 0.83261132, 1.4029086, 2.4427116, 8.8977842, 9.6955872, 9.8187208, 19.853830, 19.858185, 19.858423, 19.858757, 0.25832397, 0.26402691, 0.27442524, 0.33897647, 0.34695512, 0.34818694, 0.34926915, 0.34929091, 0.34929210, 0.34929377, 0.16648400
0.12592360, 0.55457735, 0.16638985, 1.3064861, 0.86648762, 2.0349174, 8.3764849, 9.6997290, 9.8181496, 19.849859, 19.856840, 19.858143, 19.858709, 0.26305905, 0.25866255, 0.27034646, 0.33376262, 0.34699601, 0.34818104, 0.34924930, 0.34928420, 0.34929073, 0.34929353, 0.16638985
0.10822205, 0.34081191, 0.10225380, 0.42907894, 0.43836236, 1.6475409, 7.8379278, 9.6880779, 9.8125896, 19.846762, 19.855864, 19.857954, 19.858692, 0.25428897, 0.25438252, 0.26647332, 0.32837728, 0.34687957, 0.34812549, 0.34923381, 0.34927931, 0.34928977, 0.34929347, 0.10225380
0.99918224E-1, 0.24053423, 0.72167486E-1, 0.69674850E-1, 0.22053719, 1.3718963, 7.3501692, 9.6941986, 9.8156347, 19.846912, 19.855804, 19.858013, 19.858709, 0.25069627, 0.25220448, 0.26371619, 0.32349873, 0.34694001, 0.34815568, 0.34923455, 0.34927902, 0.34929007, 0.34929353, 0.72167486E-1
0.14150661, 0.74275917, 0.22285004, 2.2969098, 1.6719341, 1.1676252, 6.9485903, 9.7161636, 9.8242493, 19.846560, 19.855671, 19.858047, 19.858709, 0.27296910, 0.26671934, 0.26167625, 0.31948590, 0.34716165, 0.34824249, 0.34923279, 0.34927836, 0.34929025, 0.34929353, 0.22285004
0.10391391, 0.28878644, 0.86644597E-1, 0.41867793, 0.67242980, 0.72329044, 6.2007704, 9.5940933, 9.7742023, 19.841591, 19.854340, 19.857729, 19.858646, 0.25375056, 0.25646889, 0.25710067, 0.31189498, 0.34586647, 0.34771252, 0.34920564, 0.34927112, 0.34928849, 0.34929320, 0.86644597E-1
0.88540547E-1, 0.10313640, 0.30944014E-1, 0.0000000, 0.0000000, 0.62504411E-1, 3.8170552, 9.3112030, 9.6255569, 19.833540, 19.852192, 19.857183, 19.858574, 0.24986857, 0.24994476, 0.25052148, 0.28802267, 0.34296620, 0.34620121, 0.34916541, 0.34926036, 0.34928575, 0.34929284, 0.30944014E-1
0.86253285E-1, 0.75515226E-1, 0.22656834E-1, 0.0000000, 0.0000000, 0.0000000, 2.1770298, 7.6139627, 9.5387630, 19.827009, 19.850401, 19.856722, 19.858494, 0.24986857, 0.24994476, 0.24999879, 0.27164513, 0.32598212, 0.34531951, 0.34913269, 0.34925139, 0.34928346, 0.34929243, 0.22656834E-1
0.84478222E-1, 0.54079380E-1, 0.16225437E-1, 0.0000000, 0.0000000, 0.0000000, 1.2263417, 5.2428393, 9.4838572, 19.822128, 19.848965, 19.856394, 19.858433, 0.24986857, 0.24994476, 0.24999879, 0.26215437, 0.30227751, 0.34474999, 0.34910825, 0.34924421, 0.34928182, 0.34929213, 0.16225437E-1
0.82884915E-1, 0.34838472E-1, 0.10452587E-1, 0.0000000, 0.0000000, 0.0000000, 0.50338209, 2.9456317, 9.0508060, 19.822844, 19.849041, 19.856445, 19.858452, 0.24986857, 0.24994476, 0.24999879, 0.25503224, 0.27945167, 0.34050328, 0.34911421, 0.34924519, 0.34928223, 0.34929225, 0.10452587E-1
0.82129553E-1, 0.25716649E-1, 0.77157663E-2, 0.0000000, 0.0000000, 0.0000000, 0.19955933, 2.0653577, 8.0404892, 19.825958, 19.849836, 19.856659, 19.858486, 0.24986857, 0.24994476, 0.24999879, 0.25199476, 0.27064919, 0.33039919, 0.34912980, 0.34924918, 0.34928328, 0.34929243, 0.77157663E-2
0.81724510E-1, 0.20825360E-1, 0.62482329E-2, 0.0000000, 0.0000000, 0.0000000, 0.60310960E-1, 1.5881270, 7.3726015, 19.827488, 19.850220, 19.856752, 19.858511, 0.24986857, 0.24994476, 0.24999879, 0.25060275, 0.26587650, 0.32371864, 0.34913743, 0.34925109, 0.34928375, 0.34929255, 0.62482329E-2
0.12792920, 0.57879710, 0.17365649, 1.9541234, 1.8924296, 0.88230968, 0.26065111E-1, 1.5232056, 7.2531605, 19.832546, 19.851599, 19.857119, 19.858604, 0.26953450, 0.26892039, 0.25882217, 0.25026065, 0.26523191, 0.32253137, 0.34916273, 0.34925801, 0.34928560, 0.34929302, 0.17365649
0.96122727E-1, 0.19469942, 0.58415670E-1, 0.37786961, 0.86304247, 0.52827895, 0.0000000, 1.4396161, 7.1353335, 19.831448, 19.851339, 19.857048, 19.858593, 0.25377661, 0.25862756, 0.25528193, 0.24999969, 0.26439592, 0.32135296, 0.34915724, 0.34925669, 0.34928524, 0.34929296, 0.58415670E-1
0.10202020, 0.26591784, 0.79783335E-1, 1.3146520, 0.17288923, 0.22530854, 0.0000000, 1.3435185, 6.9862318, 19.831594, 19.851408, 19.857084, 19.858604, 0.26314202, 0.25172853, 0.25225285, 0.24999969, 0.26343504, 0.31986207, 0.34915799, 0.34925705, 0.34928542, 0.34929302, 0.79783335E-1
0.14586085, 0.79534137, 0.23862629, 2.5691211, 2.1649897, 2.3252754, 1.6399115, 1.3215542, 6.9303007, 19.836113, 19.852636, 19.857389, 19.858709, 0.27568749, 0.27164802, 0.27325174, 0.26639897, 0.26321548, 0.31930292, 0.34918058, 0.34926319, 0.34928694, 0.34929353, 0.23862629
0.24881439, 1.0000000, 0.61164629, 7.9662800, 2.5074148, 8.2881432, 2.1571903, 2.2604795, 7.8506398, 19.840776, 19.853916, 19.857744, 19.858709, 0.32966280, 0.27507415, 0.33288142, 0.27157190, 0.27260479, 0.32850641, 0.34920388, 0.34926957, 0.34928873, 0.34929353, 0.61164629
0.17013755, 1.0000000, 0.32658532, 2.3581207, 2.6355982, 5.5394402, 9.1929712, 9.4163914, 9.6323061, 19.843470, 19.854677, 19.857906, 19.858709, 0.27358121, 0.27635598, 0.30539441, 0.34192970, 0.34416392, 0.34632307, 0.34921736, 0.34927338, 0.34928954, 0.34929353, 0.32658532
0.14585155, 0.79522902, 0.23859257, 1.4145762, 2.0172505, 3.9731441, 9.4763651, 9.6264572, 9.7657471, 19.843182, 19.854647, 19.857889, 19.858709, 0.26414546, 0.27017227, 0.28973120, 0.34476352, 0.34626451, 0.34765744, 0.34921592, 0.34927323, 0.34928945, 0.34929353, 0.23859257
0.12805358, 0.58029914, 0.17410715, 0.71698725, 1.5102863, 2.9911091, 9.5536461, 9.6882792, 9.8040276, 19.842617, 19.854509, 19.857849, 19.858704, 0.25716871, 0.26510137, 0.27990964, 0.34553552, 0.34688231, 0.34804013, 0.34921309, 0.34927255, 0.34928924, 0.34929353, 0.17410715
0.15844025, 0.94725114, 0.28420377, 1.9640446, 2.0445495, 5.1159921, 9.4936838, 9.7035780, 9.8142653, 19.841238, 19.854162, 19.857737, 19.858683, 0.26963818, 0.27044410, 0.30115816, 0.34493619, 0.34703544, 0.34814253, 0.34920618, 0.34927082, 0.34928867, 0.34929341, 0.28420377
0.12799872, 0.57963675, 0.17390841, 0.67588091, 1.2346178, 3.6739366, 9.5198450, 9.6793690, 9.8047018, 19.838083, 19.853325, 19.857523, 19.858652, 0.25675753, 0.26234478, 0.28673726, 0.34519738, 0.34679312, 0.34804684, 0.34919041, 0.34926662, 0.34928763, 0.34929326, 0.17390841
0.10804731, 0.33870173, 0.10162068, 0.0000000, 0.53236187, 2.6167810, 9.0187654, 9.6411743, 9.7877741, 19.835340, 19.852589, 19.857342, 19.858635, 0.24989901, 0.25532174, 0.27616316, 0.34018448, 0.34641004, 0.34787717, 0.34917670, 0.34926295, 0.34928671, 0.34929317, 0.10162068
0.11750592, 0.45292470, 0.13589101, 1.1853427, 0.98147988E-1, 1.9798160, 8.2259789, 9.6369572, 9.7841158, 19.834620, 19.852377, 19.857300, 19.858641, 0.26184630, 0.25098112, 0.26979458, 0.33225679, 0.34636784, 0.34784055, 0.34917310, 0.34926188, 0.34928650, 0.34929320, 0.13589101
0.10200958, 0.26578963, 0.79744861E-1, 0.29130280, 0.0000000, 1.5437126, 7.5561204, 9.6499615, 9.7900686, 19.835257, 19.852518, 19.857336, 19.858675, 0.25291124, 0.24998212, 0.26543429, 0.32555842, 0.34649786, 0.34790009, 0.34917629, 0.34926260, 0.34928668, 0.34929338, 0.79744861E-1
0.10669661, 0.32239059, 0.96726850E-1, 0.70396960, 0.0000000, 1.3752639, 7.1534104, 9.7067194, 9.8162766, 19.839622, 19.853682, 19.857649, 19.858709, 0.25703496, 0.24998212, 0.26374987, 0.32153121, 0.34706521, 0.34816211, 0.34919810, 0.34926841, 0.34928825, 0.34929353, 0.96726850E-1
0.35599577, 1.0000000, 0.99998462, 9.9999008, 9.9999371, 9.9999723, 9.9999933, 9.9999962, 9.9999990, 19.999998, 19.999998, 19.999977, 19.989281, 0.34999788, 0.34999868, 0.34999940, 0.34999987, 0.34999993, 0.34999999, 0.34999999, 0.34999999, 0.34999987, 0.34994641, 0.99998462
0.34429395, 1.0000000, 0.95758671, 9.4265661, 9.6470623, 9.8037643, 9.9464493, 9.9726372, 9.9897070, 19.998896, 19.999706, 19.999264, 19.965916, 0.34426522, 0.34647036, 0.34803751, 0.34946445, 0.34972638, 0.34989709, 0.34999448, 0.34999853, 0.34999633, 0.34982958, 0.95758671
0.35262722, 1.0000000, 0.98777962, 9.9907284, 9.8213673, 9.6155844, 9.8399906, 9.9134398, 9.9636555, 19.993563, 19.998318, 19.996481, 19.944309, 0.34990677, 0.34821337, 0.34615570, 0.34839988, 0.34913439, 0.34963655, 0.34996781, 0.34999159, 0.34998241, 0.34972155, 0.98777962
0.32020155, 1.0000000, 0.87029541, 7.9323997, 9.3629236, 9.5762024, 9.7858114, 9.8765278, 9.9446478, 19.989384, 19.997200, 19.991123, 19.925402, 0.32932401, 0.34362924, 0.34576201, 0.34785813, 0.34876528, 0.34944648, 0.34994692, 0.34998602, 0.34995562, 0.34962702, 0.87029541
0.33746278, 1.0000000, 0.93283617, 9.1969986, 9.3688164, 9.5324726, 9.7397690, 9.8428202, 9.9249678, 19.984018, 19.995571, 19.982784, 19.909588, 0.34196842, 0.34368721, 0.34532425, 0.34739760, 0.34842813, 0.34924963, 0.34992009, 0.34997785, 0.34991392, 0.34954792, 0.93283617
0.30240867, 1.0000000, 0.80582845, 6.6710510, 9.3352890, 9.5523815, 9.7437639, 9.8395748, 9.9195395, 19.981327, 19.994246, 19.971926, 19.896891, 0.31670818, 0.34335095, 0.34552282, 0.34743744, 0.34839568, 0.34919536, 0.34990662, 0.34997123, 0.34985963, 0.34948444, 0.80582845
0.27614993, 1.0000000, 0.71068811, 4.8113742, 9.2819576, 9.5192719, 9.7264786, 9.8273401, 9.9111547, 19.977358, 19.991755, 19.959003, 19.886982, 0.29811326, 0.34281904, 0.34519246, 0.34726474, 0.34827337, 0.34911156, 0.34988678, 0.34995878, 0.34979501, 0.34943491, 0.71068811
0.24878863, 1.0000000, 0.61155295, 2.9909313, 9.0022964, 9.5376205, 9.7338638, 9.8293066, 9.9103374, 19.975328, 19.988461, 19.945183, 19.879440, 0.27990699, 0.34001881, 0.34537399, 0.34733820, 0.34829283, 0.34910330, 0.34987664, 0.34994230, 0.34972590, 0.34939721, 0.61155295
0.21737181, 1.0000000, 0.49772391, 1.9818485, 6.9415331, 9.4468546, 9.6840334, 9.7996807, 9.8953676, 19.969595, 19.982441, 19.931021, 19.873764, 0.26981726, 0.31941274, 0.34446678, 0.34683996, 0.34799662, 0.34895360, 0.34984797, 0.34991220, 0.34965509, 0.34936881, 0.49772391
0.31745833, 1.0000000, 0.86035627, 7.6705084, 9.4180479, 9.6529016, 9.8768959, 9.9352341, 9.9733315, 19.995251, 19.998764, 19.999584, 19.981998, 0.32670197, 0.34417817, 0.34652784, 0.34876871, 0.34935221, 0.34973329, 0.34997624, 0.34999382, 0.34999794, 0.34990999, 0.86035627
0.34572959, 1.0000000, 0.96278834, 9.4490891, 9.7497530, 9.8670187, 9.9689169, 9.9843006, 9.9944439, 19.999701, 19.999928, 19.999958, 19.988003, 0.34448484, 0.34749380, 0.34866831, 0.34968880, 0.34984282, 0.34994438, 0.34999850, 0.34999964, 0.34999979, 0.34994000, 0.96278834
0.29648095, 1.0000000, 0.78435123, 6.2764750, 9.2691278, 9.5452862, 9.8165588, 9.9012051, 9.9589291, 19.992990, 19.998169, 19.998789, 19.964638, 0.31276396, 0.34269056, 0.34545249, 0.34816548, 0.34901202, 0.34958929, 0.34996495, 0.34999084, 0.34999394, 0.34982318, 0.78435123
0.25061411, 1.0000000, 0.61816710, 3.0005612, 9.2262602, 9.4940014, 9.7436419, 9.8513737, 9.9338579, 19.988235, 19.996906, 19.995878, 19.943176, 0.28000280, 0.34225744, 0.34493735, 0.34743589, 0.34851345, 0.34933850, 0.34994119, 0.34998453, 0.34997940, 0.34971589, 0.61816710
0.21347852, 1.0000000, 0.48361781, 1.7972916, 6.7927423, 9.4226389, 9.6772079, 9.8037186, 9.9065294, 19.981548, 19.995092, 19.990179, 19.924419, 0.26796877, 0.31791803, 0.34421989, 0.34677073, 0.34803650, 0.34906507, 0.34990776, 0.34997547, 0.34995091, 0.34962210, 0.48361781
0.24733122, 1.0000000, 0.60627252, 2.9888182, 8.8508673, 9.5023508, 9.7066021, 9.8135700, 9.9055471, 19.979448, 19.994282, 19.981884, 19.908833, 0.27988628, 0.33850527, 0.34502169, 0.34706563, 0.34813553, 0.34905541, 0.34989724, 0.34997141, 0.34990942, 0.34954417, 0.60627252
0.28846148, 1.0000000, 0.75529516, 5.7481747, 9.2274132, 9.4877682, 9.6992741, 9.8075743, 9.8993807, 19.974833, 19.992319, 19.970795, 19.896259, 0.30748042, 0.34227285, 0.34487703, 0.34699261, 0.34807569, 0.34899378, 0.34987417, 0.34996158, 0.34985396, 0.34948128, 0.75529516
0.23435342, 1.0000000, 0.55925149, 2.6612878, 7.8829741, 9.4105949, 9.6508932, 9.7770920, 9.8835793, 19.968874, 19.989145, 19.957668, 19.886450, 0.27661112, 0.32882661, 0.34410408, 0.34650853, 0.34777072, 0.34883574, 0.34984437, 0.34994572, 0.34978834, 0.34943226, 0.55925149
0.18747790, 1.0000000, 0.38941267, 1.2821257, 4.5762739, 9.3154840, 9.5895138, 9.7375603, 9.8633451, 19.962145, 19.984375, 19.943518, 19.878975, 0.26281986, 0.29575977, 0.34315181, 0.34589452, 0.34737527, 0.34863335, 0.34981072, 0.34992188, 0.34971759, 0.34939486, 0.38941267
0.15643094, 0.92298663, 0.27692369, 0.42555332, 2.7500749, 8.3296728, 9.5697489, 9.7219467, 9.8535767, 19.957218, 19.978291, 19.929499, 19.873419, 0.25425476, 0.27749771, 0.33329213, 0.34569645, 0.34721893, 0.34853560, 0.34978610, 0.34989145, 0.34964749, 0.34936708, 0.27692369
0.14653492, 0.80348134, 0.24106851, 0.63026845, 1.9618303, 6.8330054, 9.5700684, 9.7201662, 9.8509474, 19.953300, 19.970512, 19.916361, 19.869324, 0.25630200, 0.26961702, 0.31832781, 0.34570006, 0.34720132, 0.34850937, 0.34976649, 0.34985256, 0.34958181, 0.34934661, 0.24106851
0.12314372, 0.52100724, 0.15631780, 0.0000000, 1.0904014, 5.0433865, 9.5101461, 9.6822300, 9.8319187, 19.946081, 19.960018, 19.904411, 19.866293, 0.24994472, 0.26090184, 0.30042884, 0.34509957, 0.34682134, 0.34831885, 0.34973040, 0.34980008, 0.34952205, 0.34933147, 0.15631780
0.10859247, 0.34528509, 0.10359589, 0.0000000, 0.36434531, 3.0006137, 9.4389687, 9.6336679, 9.8064651, 19.938501, 19.947987, 19.894150, 19.864096, 0.24994472, 0.25364205, 0.28000033, 0.34438601, 0.34633479, 0.34806404, 0.34969252, 0.34973994, 0.34947073, 0.34932047, 0.10359589
0.10176940, 0.26288921, 0.78874648E-1, 0.0000000, 0.35381317E-1, 2.1827281, 8.5830498, 9.6202879, 9.7985315, 19.933630, 19.936008, 19.885847, 19.862555, 0.24994472, 0.25035369, 0.27182385, 0.33582780, 0.34620136, 0.34798482, 0.34966815, 0.34968004, 0.34942925, 0.34931278, 0.78874648E-1
0.12191002, 0.50610906, 0.15184791, 1.7915040, 0.0000000, 1.3797432, 7.4539847, 9.5707989, 9.7726631, 19.926725, 19.923555, 19.879099, 19.861450, 0.26790991, 0.24998124, 0.26379624, 0.32453856, 0.34570718, 0.34772637, 0.34963363, 0.34961778, 0.34939548, 0.34930724, 0.15184791
0.20174316, 1.0000000, 0.44109839, 2.7312756, 5.1210594, 7.1346722, 8.2108221, 9.5764294, 9.7711811, 19.917402, 19.911207, 19.873688, 19.860626, 0.27731276, 0.30121058, 0.32134673, 0.33210823, 0.34576428, 0.34771180, 0.34958702, 0.34955603, 0.34936845, 0.34930313, 0.44109839
0.17095447, 1.0000000, 0.32954514, 2.4331987, 1.9890547, 6.6888771, 9.4913177, 9.6751308, 9.8135748, 19.908836, 19.900265, 19.869579, 19.860050, 0.27433032, 0.26988971, 0.31688741, 0.34491280, 0.34675109, 0.34813568, 0.34954417, 0.34950131, 0.34934789, 0.34930027, 0.32954514
0.19014549, 1.0000000, 0.39907789, 2.4982424, 2.9270947, 9.1870022, 9.6606655, 9.7645760, 9.8563004, 19.905214, 19.892065, 19.866802, 19.859745, 0.27498138, 0.27927023, 0.34186888, 0.34660643, 0.34764564, 0.34856299, 0.34952608, 0.34946033, 0.34933400, 0.34929872, 0.39907789
0.34988594, 1.0000000, 0.97784752, 9.6796227, 9.8410082, 9.9171829, 9.9806671, 9.9902534, 9.9964657, 19.999718, 19.999922, 19.996887, 19.923538, 0.34678978, 0.34840614, 0.34916985, 0.34980628, 0.34990233, 0.34996459, 0.34999859, 0.34999961, 0.34998444, 0.34961769, 0.97784752
0.35595196, 1.0000000, 0.99982589, 9.9981871, 9.9989119, 9.9994545, 9.9998922, 9.9999456, 9.9999790, 19.999998, 19.999998, 19.999996, 19.993994, 0.34997606, 0.34998563, 0.34999281, 0.34999856, 0.34999928, 0.34999973, 0.34999999, 0.34999999, 0.34999996, 0.34996998, 0.99982589
0.34737486, 1.0000000, 0.96874952, 9.5318336, 9.7969484, 9.8912716, 9.9722242, 9.9859047, 9.9947033, 19.999409, 19.999849, 19.999537, 19.970417, 0.34531662, 0.34796840, 0.34891218, 0.34972212, 0.34985900, 0.34994701, 0.34999704, 0.34999925, 0.34999770, 0.34985209, 0.96874952
0.29449338, 1.0000000, 0.77714986, 6.1272640, 9.2761383, 9.5489807, 9.8150692, 9.9001713, 9.9579296, 19.992271, 19.997995, 19.997068, 19.948341, 0.31127185, 0.34276068, 0.34548941, 0.34815061, 0.34900168, 0.34957930, 0.34996134, 0.34998998, 0.34998533, 0.34974170, 0.77714986
0.24401644, 1.0000000, 0.59426248, 2.9574513, 8.5258608, 9.4518099, 9.7167025, 9.8351097, 9.9254980, 19.985554, 19.996199, 19.992096, 19.928829, 0.27957207, 0.33525437, 0.34451574, 0.34716654, 0.34835085, 0.34925488, 0.34992778, 0.34998101, 0.34996048, 0.34964415, 0.59426248
0.20508258, 1.0000000, 0.45319775, 1.7413855, 5.8904214, 9.3899288, 9.6545496, 9.7884045, 9.8980551, 19.978819, 19.994238, 19.984194, 19.912354, 0.26741177, 0.30890000, 0.34389588, 0.34654480, 0.34788370, 0.34898043, 0.34989411, 0.34997118, 0.34992096, 0.34956175, 0.45319775
0.17074433, 1.0000000, 0.32878381, 0.83807409, 3.2789278, 9.3416805, 9.6148481, 9.7574444, 9.8786058, 19.973701, 19.992279, 19.973642, 19.899027, 0.25837883, 0.28278482, 0.34341043, 0.34614718, 0.34757379, 0.34878582, 0.34986851, 0.34996140, 0.34986821, 0.34949514, 0.32878381
0.14465570, 0.78078789, 0.23425980, 0.80975890E-1, 2.0913363, 7.9499531, 9.5740509, 9.7279196, 9.8602238, 19.967270, 19.989208, 19.960869, 19.888573, 0.25080952, 0.27090982, 0.32949281, 0.34573889, 0.34727836, 0.34860197, 0.34983635, 0.34994605, 0.34980434, 0.34944287, 0.23425980
0.17461413, 1.0000000, 0.34280485, 2.9974759, 1.5046567, 6.6307116, 9.5980835, 9.7374449, 9.8603363, 19.963333, 19.985506, 19.947016, 19.880613, 0.27997476, 0.26504657, 0.31630713, 0.34598082, 0.34737444, 0.34860337, 0.34981668, 0.34992754, 0.34973508, 0.34940308, 0.34280485
0.16232532, 0.99416780, 0.29828018, 2.6799769, 1.0830790, 5.5597601, 9.6143808, 9.7468901, 9.8636951, 19.960384, 19.980413, 19.933056, 19.874659, 0.27679935, 0.26083070, 0.30559734, 0.34614372, 0.34746885, 0.34863693, 0.34980193, 0.34990206, 0.34966528, 0.34937328, 0.29828018
0.20244488, 1.0000000, 0.44364083, 2.2162886, 4.9293432, 9.1073561, 9.5992336, 9.7385044, 9.8605747, 19.957806, 19.973524, 19.919756, 19.870270, 0.27216288, 0.29929343, 0.34107357, 0.34599233, 0.34738505, 0.34860575, 0.34978902, 0.34986761, 0.34959877, 0.34935135, 0.44364083
0.19389009, 1.0000000, 0.41264525, 2.3011656, 3.6100557, 9.3931055, 9.6291800, 9.7560301, 9.8674564, 19.955050, 19.964716, 19.907703, 19.867046, 0.27300483, 0.28609413, 0.34392267, 0.34629008, 0.34755942, 0.34867427, 0.34977525, 0.34982359, 0.34953851, 0.34933522, 0.41264525
0.17409280, 1.0000000, 0.34091592, 1.6910672, 2.6094408, 8.6397848, 9.6375475, 9.7622671, 9.8706083, 19.951733, 19.954237, 19.897240, 19.864706, 0.26690981, 0.27609360, 0.33639655, 0.34637517, 0.34762251, 0.34870601, 0.34975865, 0.34977120, 0.34948620, 0.34932354, 0.34091592
0.19466618, 1.0000000, 0.41545713, 2.6102841, 3.4473450, 8.8897610, 9.5632133, 9.7180872, 9.8510056, 19.945023, 19.941936, 19.888321, 19.862978, 0.27610105, 0.28447202, 0.33889577, 0.34563175, 0.34718066, 0.34851000, 0.34972513, 0.34970969, 0.34944159, 0.34931490, 0.41545713
0.18321180, 1.0000000, 0.37395582, 2.1394701, 3.0161932, 8.5405388, 9.6143894, 9.7458420, 9.8602848, 19.939257, 19.929678, 19.881186, 19.861767, 0.27139431, 0.28016159, 0.33540493, 0.34614381, 0.34745836, 0.34860280, 0.34969628, 0.34964839, 0.34940594, 0.34930885, 0.37395582
0.17532229, 1.0000000, 0.34537059, 2.1955788, 2.3324192, 7.8068151, 9.6450396, 9.7651396, 9.8689976, 19.933861, 19.918015, 19.875647, 19.860931, 0.27195573, 0.27332416, 0.32806808, 0.34645036, 0.34765139, 0.34868997, 0.34966931, 0.34959006, 0.34937823, 0.34930465, 0.34537059
0.35167503, 1.0000000, 0.98432970, 9.9605694, 9.6968155, 9.7646608, 9.7578249, 9.8066263, 9.8870382, 19.929218, 19.907635, 19.871454, 19.860374, 0.34960568, 0.34696814, 0.34764659, 0.34757826, 0.34806627, 0.34887040, 0.34964609, 0.34953818, 0.34935728, 0.34930187, 0.98432970
0.32630855, 1.0000000, 0.89242214, 8.3410053, 9.4156542, 9.5995283, 9.7475414, 9.8214626, 9.8942099, 19.922777, 19.898165, 19.868217, 19.859962, 0.33340839, 0.34415540, 0.34599471, 0.34747529, 0.34821457, 0.34894207, 0.34961388, 0.34949082, 0.34934109, 0.34929982, 0.89242214
0.26557052, 1.0000000, 0.67235690, 4.1649399, 9.1406546, 9.4189501, 9.6657352, 9.7815018, 9.8759718, 19.910807, 19.888781, 19.865454, 19.859587, 0.29164925, 0.34140635, 0.34418941, 0.34665731, 0.34781501, 0.34875971, 0.34955403, 0.34944391, 0.34932727, 0.34929794, 0.67235690
0.23140994, 1.0000000, 0.54858673, 2.5155902, 7.7435460, 9.4584408, 9.6725330, 9.7832041, 9.8736143, 19.901358, 19.881495, 19.863525, 19.859367, 0.27515548, 0.32743472, 0.34458393, 0.34672526, 0.34783196, 0.34873611, 0.34950680, 0.34940746, 0.34931761, 0.34929684, 0.54858673
0.34799266, 1.0000000, 0.97098798, 9.8599596, 9.5223961, 9.5663681, 9.7260361, 9.8125591, 9.8840370, 19.895060, 19.876259, 19.862246, 19.859299, 0.34859732, 0.34522262, 0.34566301, 0.34726021, 0.34812552, 0.34884033, 0.34947529, 0.34938130, 0.34931123, 0.34929651, 0.97098798
0.35557544, 1.0000000, 0.99846166, 9.9789467, 9.9875116, 9.9937363, 9.9987421, 9.9993706, 9.9997845, 19.999998, 19.999998, 19.999990, 19.991999, 0.34978777, 0.34987411, 0.34993687, 0.34998733, 0.34999365, 0.34999782, 0.34999999, 0.34999999, 0.34999996, 0.34996000, 0.99846166
0.33983779, 1.0000000, 0.94144124, 9.2206745, 9.5038910, 9.7087135, 9.9122438, 9.9545832, 9.9827261, 19.998116, 19.999510, 19.999840, 19.985031, 0.34220675, 0.34503892, 0.34708714, 0.34912243, 0.34954584, 0.34982726, 0.34999058, 0.34999755, 0.34999919, 0.34992516, 0.94144124
0.30996856, 1.0000000, 0.83321935, 7.1287951, 9.4253311, 9.6410637, 9.8520765, 9.9192381, 9.9674654, 19.996006, 19.998962, 19.998833, 19.961901, 0.32128605, 0.34425181, 0.34640986, 0.34852061, 0.34919229, 0.34967461, 0.34998003, 0.34999481, 0.34999415, 0.34980950, 0.83321935
0.28731018, 1.0000000, 0.75112379, 5.5449357, 9.3614674, 9.5884848, 9.8013563, 9.8859091, 9.9511681, 19.993515, 19.998312, 19.995817, 19.940777, 0.30544904, 0.34361434, 0.34588468, 0.34801355, 0.34885907, 0.34951168, 0.34996757, 0.34999156, 0.34997910, 0.34970388, 0.75112379
0.31141716, 1.0000000, 0.83846796, 7.2809267, 9.3786268, 9.5948219, 9.7884960, 9.8734646, 9.9422216, 19.991318, 19.997725, 19.990099, 19.922438, 0.32280847, 0.34378564, 0.34594789, 0.34788489, 0.34873462, 0.34942222, 0.34995657, 0.34998864, 0.34995049, 0.34961218, 0.83846796
0.30849439, 1.0000000, 0.82787818, 7.0389771, 9.4184160, 9.6157675, 9.7906637, 9.8709049, 9.9382668, 19.990175, 19.997175, 19.981531, 19.907232, 0.32038888, 0.34418344, 0.34615731, 0.34790656, 0.34870902, 0.34938267, 0.34995088, 0.34998587, 0.34990767, 0.34953615, 0.82787818
0.27049303, 1.0000000, 0.69019210, 4.4162483, 9.2598801, 9.5104809, 9.7370005, 9.8382521, 9.9215231, 19.986315, 19.995441, 19.970200, 19.895025, 0.29416215, 0.34259841, 0.34510460, 0.34736997, 0.34838250, 0.34921524, 0.34993157, 0.34997720, 0.34985101, 0.34947512, 0.69019210
0.23316018, 1.0000000, 0.55492818, 2.5674372, 7.8709521, 9.4458199, 9.6926270, 9.8086796, 9.9055901, 19.982489, 19.992859, 19.957029, 19.885542, 0.27567410, 0.32870904, 0.34445789, 0.34692621, 0.34808677, 0.34905589, 0.34991243, 0.34996429, 0.34978515, 0.34942770, 0.55492818
0.19710481, 1.0000000, 0.42429283, 1.5234858, 5.2866549, 9.3988962, 9.6486387, 9.7782679, 9.8880739, 19.977268, 19.988508, 19.942911, 19.878326, 0.26523331, 0.30286333, 0.34398609, 0.34648579, 0.34778237, 0.34888065, 0.34988636, 0.34994254, 0.34971455, 0.34939164, 0.42429283
0.16467765, 1.0000000, 0.30680311, 0.67287385, 2.9688716, 9.0474129, 9.6080704, 9.7501860, 9.8722162, 19.972359, 19.982449, 19.928877, 19.872948, 0.25672856, 0.27968821, 0.34047338, 0.34608057, 0.34750178, 0.34872213, 0.34986180, 0.34991223, 0.34964439, 0.34936473, 0.30680311
0.14387977, 0.77141774, 0.23144847, 0.10647178, 2.1565855, 7.5419626, 9.5885448, 9.7351065, 9.8624201, 19.967577, 19.974379, 19.915760, 19.868999, 0.25106469, 0.27156559, 0.32541919, 0.34588534, 0.34735101, 0.34862417, 0.34983790, 0.34987190, 0.34957880, 0.34934500, 0.23144847
0.13208745, 0.62901253, 0.18872264, 0.0000000, 1.5587628, 6.2451901, 9.5911531, 9.7345448, 9.8600149, 19.963228, 19.964556, 19.904091, 19.866117, 0.24996555, 0.26558387, 0.31244439, 0.34590924, 0.34734428, 0.34859976, 0.34981614, 0.34982279, 0.34952044, 0.34933060, 0.18872264
0.12169287, 0.50348669, 0.15106112, 0.0000000, 0.99151433, 4.8772216, 9.5584888, 9.7144442, 9.8502607, 19.957756, 19.952982, 19.894108, 19.864029, 0.24996555, 0.25991303, 0.29876703, 0.34558287, 0.34714338, 0.34850225, 0.34978878, 0.34976491, 0.34947056, 0.34932014, 0.15106112
0.11203079, 0.38680655, 0.11605357, 0.0000000, 0.52435994, 3.4862399, 9.5273428, 9.6933784, 9.8391371, 19.951525, 19.940462, 19.885828, 19.862518, 0.24996555, 0.25524217, 0.28485760, 0.34527081, 0.34693244, 0.34839091, 0.34975761, 0.34970230, 0.34942913, 0.34931260, 0.11605357
0.11427784, 0.41394213, 0.12419506, 0.54123998, 0.27256012, 2.7776957, 9.2734919, 9.7111130, 9.8452559, 19.945776, 19.928062, 19.879257, 19.861462, 0.25541019, 0.25272495, 0.27777356, 0.34273267, 0.34710994, 0.34845218, 0.34972888, 0.34964031, 0.34939629, 0.34930730, 0.12419506
0.12177622, 0.50449324, 0.15136310, 1.3499528, 0.10533333, 2.3317933, 8.7532816, 9.7080393, 9.8443098, 19.939747, 19.916353, 19.874166, 19.860731, 0.26349697, 0.25105321, 0.27331662, 0.33753183, 0.34707987, 0.34844291, 0.34969872, 0.34958178, 0.34937084, 0.34930366, 0.15136310
0.11127019, 0.37762153, 0.11329779, 0.83629489, 0.0000000, 1.8416017, 8.1441956, 9.6820183, 9.8313313, 19.930311, 19.904987, 19.870075, 19.860167, 0.25836098, 0.24999093, 0.26841471, 0.33144078, 0.34681949, 0.34831306, 0.34965155, 0.34952495, 0.34935039, 0.34930083, 0.11329779
0.13035606, 0.60810411, 0.18244949, 1.8302530, 0.87704659, 1.4921337, 7.6015792, 9.6899424, 9.8320999, 19.920712, 19.895121, 19.867012, 19.859774, 0.26830059, 0.25876990, 0.26492086, 0.32601532, 0.34689912, 0.34832090, 0.34960356, 0.34947559, 0.34933507, 0.34929886, 0.18244949
0.10831066, 0.34188205, 0.10257487, 0.65069199, 0.41858554, 1.1366069, 7.0090556, 9.6745939, 9.8231707, 19.909563, 19.886400, 19.864605, 19.859468, 0.25650457, 0.25418493, 0.26136482, 0.32008904, 0.34674489, 0.34823135, 0.34954780, 0.34943199, 0.34932303, 0.34929734, 0.10257487
0.99716388E-1, 0.23809679, 0.71436182E-1, 0.23810565, 0.22470653, 0.92227757, 6.5046797, 9.6894093, 9.8283558, 19.901684, 19.879948, 19.862988, 19.859346, 0.25238031, 0.25224665, 0.25922191, 0.31504557, 0.34689316, 0.34828326, 0.34950840, 0.34939975, 0.34931493, 0.34929675, 0.71436182E-1
0.92467539E-1, 0.15055908, 0.45172244E-1, 0.0000000, 0.21010637E-2, 0.58444142, 5.6810012, 9.6048908, 9.7894163, 19.892633, 19.874369, 19.861723, 19.859251, 0.24971302, 0.25002101, 0.25584337, 0.30680799, 0.34604716, 0.34789357, 0.34946316, 0.34937185, 0.34930861, 0.34929627, 0.45172244E-1
0.91465153E-1, 0.13845417, 0.41540407E-1, 0.0000000, 0.0000000, 0.45293272, 5.1192670, 9.6582394, 9.8085346, 19.886148, 19.870401, 19.860899, 19.859211, 0.24971302, 0.24999918, 0.25452814, 0.30118999, 0.34657985, 0.34808448, 0.34943074, 0.34935200, 0.34930450, 0.34929606, 0.41540407E-1
0.14261407, 0.75613284, 0.22686255, 1.9654512, 1.3625473, 2.7986317, 8.7377234, 9.7393646, 9.8428993, 19.880852, 19.867455, 19.860334, 19.859200, 0.26965314, 0.26362491, 0.27798572, 0.33737689, 0.34739342, 0.34842893, 0.34940428, 0.34933728, 0.34930167, 0.34929600, 0.22686255
0.12625664, 0.55859911, 0.16759650, 1.1416823, 0.97598732, 2.4472892, 8.3439579, 9.7317438, 9.8413906, 19.874098, 19.864647, 19.859781, 19.859133, 0.26141334, 0.25975809, 0.27447066, 0.33343807, 0.34731653, 0.34841362, 0.34937048, 0.34932324, 0.34929889, 0.34929568, 0.16759650
0.10760850, 0.33340254, 0.10003077, 0.28390288, 0.48490465, 1.9110262, 7.7369518, 9.6762371, 9.8169088, 19.866983, 19.862118, 19.859346, 19.859051, 0.25283813, 0.25484812, 0.26910844, 0.32736802, 0.34676144, 0.34816876, 0.34933493, 0.34931058, 0.34929675, 0.34929526, 0.10003077
0.98775148E-1, 0.22673038, 0.68025917E-1, 0.0000000, 0.19624531, 1.4426559, 7.0476298, 9.6411057, 9.7995682, 19.862749, 19.860592, 19.859121, 19.858997, 0.24991743, 0.25196189, 0.26442450, 0.32047427, 0.34640968, 0.34799522, 0.34931374, 0.34930295, 0.34929562, 0.34929499, 0.68025917E-1
0.96152887E-1, 0.19506368, 0.58524959E-1, 0.0000000, 0.87508559E-1, 1.1473238, 6.4369497, 9.6558809, 9.8035622, 19.860970, 19.859890, 19.859034, 19.858980, 0.24991743, 0.25087467, 0.26147053, 0.31436646, 0.34655651, 0.34803486, 0.34930485, 0.34929946, 0.34929517, 0.34929490, 0.58524959E-1
0.95127374E-1, 0.18267946, 0.54809321E-1, 0.19136667, 0.0000000, 0.65742433, 5.3915329, 9.5533895, 9.7550488, 19.856655, 19.858595, 19.858732, 19.858904, 0.25191331, 0.24995166, 0.25657389, 0.30391473, 0.34553340, 0.34755030, 0.34928328, 0.34929296, 0.34929365, 0.34929451, 0.54809321E-1
0.90842113E-1, 0.13093030, 0.39283019E-1, 0.0000000, 0.0000000, 0.41832328, 4.5831461, 9.5847502, 9.7652197, 19.853828, 19.857727, 19.858545, 19.858839, 0.24978431, 0.24995166, 0.25418285, 0.29583058, 0.34584656, 0.34765187, 0.34926915, 0.34928864, 0.34929273, 0.34929419, 0.39283019E-1
0.88983931E-1, 0.10849076, 0.32550484E-1, 0.0000000, 0.0000000, 0.18266439, 3.5545969, 9.5206032, 9.7343264, 19.851128, 19.856979, 19.858349, 19.858805, 0.24978431, 0.24995166, 0.25182626, 0.28554451, 0.34520409, 0.34734261, 0.34925562, 0.34928489, 0.34929174, 0.34929401, 0.32550484E-1
0.98044060E-1, 0.21790165, 0.65377034E-1, 0.77607930, 0.0000000, 0.30696392E-3, 2.7961254, 8.8990555, 9.6935349, 19.847498, 19.855965, 19.858143, 19.858757, 0.25775781, 0.24995166, 0.25000307, 0.27796060, 0.33898956, 0.34693497, 0.34923750, 0.34927982, 0.34929073, 0.34929377, 0.65377034E-1
0.11977701, 0.48035052, 0.14411958, 2.3960977, 0.0000000, 0.0000000, 2.4270356, 8.1267653, 9.6955652, 19.845287, 19.855347, 19.857985, 19.858709, 0.27396011, 0.24995166, 0.24999991, 0.27427030, 0.33126757, 0.34695563, 0.34922644, 0.34927672, 0.34928992, 0.34929353, 0.14411958
0.96682474E-1, 0.20145896, 0.60443733E-1, 0.74543655, 0.0000000, 0.0000000, 2.2576153, 7.7242532, 9.7535353, 19.843948, 19.854959, 19.857912, 19.858698, 0.25744182, 0.24995166, 0.24999991, 0.27257386, 0.32723862, 0.34753370, 0.34921974, 0.34927481, 0.34928957, 0.34929350, 0.60443733E-1
0.85883901E-1, 0.71054526E-1, 0.21318490E-1, 0.0000000, 0.0000000, 0.0000000, 1.9535571, 7.0699358, 9.7081270, 19.842829, 19.854645, 19.857838, 19.858698, 0.24992561, 0.24995166, 0.24999991, 0.26953369, 0.32069597, 0.34707972, 0.34921414, 0.34927323, 0.34928918, 0.34929350, 0.21318490E-1
0.85164517E-1, 0.62367186E-1, 0.18712027E-1, 0.0000000, 0.0000000, 0.0000000, 1.5697569, 6.1180692, 9.6569109, 19.842741, 19.854593, 19.857824, 19.858709, 0.24992561, 0.24995166, 0.24999991, 0.26569322, 0.31117219, 0.34656465, 0.34921372, 0.34927297, 0.34928912, 0.34929353, 0.18712027E-1
0.92935152E-1, 0.15620600, 0.46866488E-1, 0.58428049, 0.0000000, 0.0000000, 1.4402121, 5.6585531, 9.7381048, 19.845015, 19.855211, 19.857985, 19.858709, 0.25583789, 0.24995166, 0.24999991, 0.26440141, 0.30658409, 0.34738022, 0.34922507, 0.34927607, 0.34928992, 0.34929353, 0.46866488E-1
0.84170185E-1, 0.50359510E-1, 0.15109364E-1, 0.0000000, 0.0000000, 0.0000000, 1.0780066, 4.7090244, 9.6236153, 19.842482, 19.854540, 19.857817, 19.858669, 0.24981846, 0.24995166, 0.24999991, 0.26078007, 0.29709023, 0.34623617, 0.34921241, 0.34927270, 0.34928909, 0.34929335, 0.15109364E-1
0.86058609E-1, 0.73164277E-1, 0.21951478E-1, 0.17954111, 0.0000000, 0.0000000, 0.81846118, 3.8178048, 9.6284056, 19.842087, 19.854441, 19.857779, 19.858704, 0.25179121, 0.24995166, 0.24999991, 0.25818345, 0.28817537, 0.34628180, 0.34921044, 0.34927219, 0.34928888, 0.34929353, 0.21951478E-1
0.92199042E-1, 0.14731674, 0.44199444E-1, 0.64823925, 0.0000000, 0.0000000, 0.67990720, 3.2723279, 9.6908751, 19.842358, 19.854498, 19.857790, 19.858709, 0.25648117, 0.24995166, 0.24999991, 0.25679898, 0.28272310, 0.34690857, 0.34921178, 0.34927249, 0.34928894, 0.34929353, 0.44199444E-1
0.82829349E-1, 0.34167517E-1, 0.10251280E-1, 0.0000000, 0.0000000, 0.0000000, 0.48006475, 2.7583270, 9.3479338, 19.841969, 19.854391, 19.857744, 19.858704, 0.24944898, 0.24995166, 0.24999991, 0.25480023, 0.27758208, 0.34347796, 0.34920985, 0.34927195, 0.34928873, 0.34929353, 0.10251280E-1
0.82410559E-1, 0.29110126E-1, 0.87339114E-2, 0.0000000, 0.0000000, 0.0000000, 0.29589832, 2.3008437, 8.7927151, 19.841726, 19.854315, 19.857719, 19.858704, 0.24944898, 0.24995166, 0.24999991, 0.25295773, 0.27300361, 0.33792102, 0.34920862, 0.34927157, 0.34928858, 0.34929353, 0.87339114E-2
0.85784219E-1, 0.69850713E-1, 0.20957310E-1, 0.26188493, 0.0000000, 0.0000000, 0.21151304, 2.0324140, 8.4207983, 19.843882, 19.854864, 19.857866, 19.858709, 0.25261283, 0.24995166, 0.24999991, 0.25211483, 0.27032274, 0.33420604, 0.34921941, 0.34927434, 0.34928933, 0.34929353, 0.20957310E-1
0.82033426E-1, 0.24555886E-1, 0.73675029E-2, 0.0000000, 0.0000000, 0.0000000, 0.15645325, 1.8726081, 8.1788254, 19.845078, 19.855169, 19.857973, 19.858709, 0.24910533, 0.24995166, 0.24999991, 0.25156441, 0.26872543, 0.33178729, 0.34922540, 0.34927586, 0.34928986, 0.34929353, 0.73675029E-2
0.81666790E-1, 0.20128349E-1, 0.60391086E-2, 0.0000000, 0.0000000, 0.0000000, 0.52508712E-1, 1.4275849, 7.4805670, 19.843983, 19.854912, 19.857918, 19.858698, 0.24910533, 0.24995166, 0.24999991, 0.25052506, 0.26427555, 0.32480517, 0.34921992, 0.34927458, 0.34928960, 0.34929350, 0.60391086E-2
0.82676552E-1, 0.32322276E-1, 0.96976534E-2, 0.83270669E-1, 0.0000000, 0.0000000, 0.19136071E-1, 1.2686640, 7.1821971, 19.845423, 19.855301, 19.858047, 19.858709, 0.25082931, 0.24995166, 0.24999991, 0.25019130, 0.26268509, 0.32181904, 0.34922713, 0.34927651, 0.34929025, 0.34929353, 0.96976534E-2
0.12548079, 0.54922986, 0.16478544, 1.5173048, 1.4520556, 2.1450639, 2.5969028, 1.2333363, 7.1145759, 19.845268, 19.855284, 19.858047, 19.858709, 0.26517096, 0.26451936, 0.27144974, 0.27596882, 0.26233330, 0.32114568, 0.34922636, 0.34927642, 0.34929025, 0.34929353, 0.16478544
0.10202010, 0.26591662, 0.79782963E-1, 0.43357611, 0.71543455, 1.6083211, 2.4181814, 1.1701554, 7.0171304, 19.842218, 19.854492, 19.857841, 19.858669, 0.25433555, 0.25715414, 0.26608297, 0.27418175, 0.26170152, 0.32017127, 0.34921110, 0.34927246, 0.34928921, 0.34929335, 0.79782963E-1
0.90180285E-1, 0.12293801, 0.36885090E-1, 0.0000000, 0.27407110, 1.1216044, 2.2405119, 1.1163890, 6.9082303, 19.842972, 19.854687, 19.857885, 19.858709, 0.24998783, 0.25273892, 0.26121241, 0.27240366, 0.26116353, 0.31908157, 0.34921485, 0.34927344, 0.34928942, 0.34929353, 0.36885090E-1
0.84617198E-1, 0.55757653E-1, 0.16728969E-1, 0.0000000, 0.0000000, 0.41974485, 1.8620193, 1.0027826, 6.6888275, 19.841423, 19.854269, 19.857763, 19.858688, 0.24998783, 0.24991526, 0.25419644, 0.26861930, 0.26002759, 0.31688774, 0.34920710, 0.34927136, 0.34928882, 0.34929344, 0.16728969E-1
0.82699142E-1, 0.32595068E-1, 0.97794989E-2, 0.0000000, 0.0000000, 0.69323182E-1, 1.4169008, 0.86581111, 6.3831549, 19.841675, 19.854311, 19.857759, 19.858709, 0.24998783, 0.24991526, 0.25069278, 0.26416725, 0.25865757, 0.31383020, 0.34920838, 0.34927157, 0.34928879, 0.34929353, 0.97794989E-2
0.82207300E-1, 0.26655605E-1, 0.79974812E-2, 0.0000000, 0.0000000, 0.17270446E-1, 1.1625022, 0.78421831, 6.1529932, 19.845339, 19.855268, 19.858013, 19.858709, 0.24998783, 0.24991526, 0.25017244, 0.26162121, 0.25784090, 0.31152657, 0.34922668, 0.34927633, 0.34929007, 0.34929353, 0.79974812E-2
0.81685923E-1, 0.20359388E-1, 0.61084274E-2, 0.0000000, 0.0000000, 0.0000000, 0.76272488, 0.63130558, 5.7497025, 19.844786, 19.855127, 19.857990, 19.858704, 0.24998783, 0.24991526, 0.24998073, 0.25762358, 0.25631154, 0.30749243, 0.34922391, 0.34927565, 0.34928995, 0.34929353, 0.61084274E-2
0.10575595, 0.31103107, 0.93318656E-1, 1.7655760, 0.0000000, 0.0000000, 0.53177178, 0.52720904, 5.4223800, 19.846062, 19.855501, 19.858120, 19.858709, 0.26764429, 0.24991526, 0.24998073, 0.25531751, 0.25527200, 0.30422345, 0.34923032, 0.34927750, 0.34929061, 0.34929353, 0.93318656E-1
0.81287757E-1, 0.15551075E-1, 0.46657892E-2, 0.47892332E-2, 0.0000000, 0.0000000, 0.38118362, 0.44775009, 5.2223039, 19.842800, 19.854650, 19.857864, 19.858669, 0.25004789, 0.24991526, 0.24998073, 0.25381184, 0.25447750, 0.30222303, 0.34921402, 0.34927326, 0.34928933, 0.34929335, 0.46657892E-2
0.80927141E-1, 0.11196289E-1, 0.33592228E-2, 0.0000000, 0.0000000, 0.0000000, 0.17390847, 0.31498075, 4.7318578, 19.841782, 19.854368, 19.857779, 19.858698, 0.24956968, 0.24991526, 0.24998073, 0.25173771, 0.25314859, 0.29731241, 0.34920889, 0.34927183, 0.34928888, 0.34929350, 0.33592228E-2
0.80637008E-1, 0.76926015E-2, 0.23080113E-2, 0.0000000, 0.0000000, 0.0000000, 0.21818280E-1, 0.16559064, 3.9891136, 19.839996, 19.853891, 19.857647, 19.858675, 0.24956968, 0.24991526, 0.24998073, 0.25021803, 0.25165528, 0.28988618, 0.34919998, 0.34926945, 0.34928823, 0.34929338, 0.23080113E-2
0.80435410E-1, 0.52580745E-2, 0.15775801E-2, 0.0000000, 0.0000000, 0.0000000, 0.0000000, 0.48595667E-1, 3.0098970, 19.838795, 19.853556, 19.857571, 19.858675, 0.24956968, 0.24991526, 0.24998073, 0.24999215, 0.25048575, 0.28009436, 0.34919399, 0.34926778, 0.34928787, 0.34929338, 0.15775801E-2
0.80290534E-1, 0.35084954E-2, 0.10526539E-2, 0.0000000, 0.0000000, 0.0000000, 0.0000000, 0.0000000, 2.1066725, 19.812611, 19.852953, 19.857418, 19.858652, 0.24956968, 0.24991526, 0.24998073, 0.24999215, 0.24998939, 0.27105308, 0.34906304, 0.34926477, 0.34928709, 0.34929326, 0.10526539E-2
0.80190957E-1, 0.23060471E-2, 0.69188332E-3, 0.0000000, 0.0000000, 0.0000000, 0.0000000, 0.0000000, 1.3863564, 19.780483, 19.852926, 19.857430, 19.858675, 0.24956968, 0.24991526, 0.24998073, 0.24999215, 0.24998939, 0.26383767, 0.34890240, 0.34926462, 0.34928715, 0.34929338, 0.69188332E-3
0.15722701, 0.93260008, 0.27980801, 2.4961293, 2.3535013, 2.8384812, 8.1165390, 8.6423664, 9.1705484, 19.775976, 19.854300, 19.857796, 19.858709, 0.27495041, 0.27352887, 0.27838111, 0.33116326, 0.33642253, 0.34170511, 0.34887987, 0.34927151, 0.34928897, 0.34929353, 0.27980801
0.35600001, 1.0000000, 1.0000000, 9.9999990, 9.9999990, 9.9999990, 9.9999990, 9.9999990, 9.9999990, 19.999998, 19.999998, 19.999998, 19.998999, 0.34999999, 0.34999999, 0.34999999, 0.34999999, 0.34999999, 0.34999999, 0.34999999, 0.34999999, 0.34999999, 0.34999499, 1.0000000
0.35599917, 1.0000000, 0.99999690, 9.9999990, 9.9999962, 9.9999990, 9.9999990, 9.9999990, 9.9999990, 19.999998, 19.999998, 19.999998, 19.998999, 0.34999958, 0.34999973, 0.34999987, 0.34999996, 0.34999999, 0.34999999, 0.34999999, 0.34999999, 0.34999999, 0.34999499, 0.99999690
0.32971865, 1.0000000, 0.90477759, 8.4842682, 9.5072918, 9.7135429, 9.9078522, 9.9521170, 9.9809113, 19.997055, 19.999235, 19.999548, 19.975210, 0.33484268, 0.34507293, 0.34713542, 0.34907854, 0.34952116, 0.34980911, 0.34998527, 0.34999618, 0.34999773, 0.34987605, 0.90477759
0.29637545, 1.0000000, 0.78396893, 6.1835480, 9.3801956, 9.6098909, 9.8264666, 9.9043636, 9.9587336, 19.992128, 19.997942, 19.997633, 19.952753, 0.31182626, 0.34379357, 0.34609461, 0.34826380, 0.34904319, 0.34958717, 0.34996063, 0.34998971, 0.34998816, 0.34976375, 0.78396893
0.35581839, 1.0000000, 0.99934185, 9.9920139, 9.9952145, 9.9976044, 9.9995165, 9.9997578, 9.9999189, 19.999998, 19.999998, 19.999998, 19.994993, 0.34990948, 0.34994575, 0.34997284, 0.34999454, 0.34999725, 0.34999907, 0.34999999, 0.34999999, 0.34999999, 0.34997496, 0.99934185
0.35429925, 1.0000000, 0.99383777, 9.9971552, 9.9139585, 9.7862024, 9.9407253, 9.9696321, 9.9886255, 19.998837, 19.999695, 19.999834, 19.982075, 0.34997118, 0.34913933, 0.34786192, 0.34940723, 0.34969634, 0.34988624, 0.34999418, 0.34999847, 0.34999916, 0.34991038, 0.99383777
0.33755511, 1.0000000, 0.93317068, 8.9945593, 9.5959301, 9.7305460, 9.9038954, 9.9488888, 9.9802799, 19.998026, 19.999474, 19.998709, 19.959164, 0.33994308, 0.34595770, 0.34730467, 0.34903878, 0.34948879, 0.34980276, 0.34999013, 0.34999737, 0.34999353, 0.34979582, 0.93317068
0.34123254, 1.0000000, 0.94649470, 9.2422981, 9.5999460, 9.7753201, 9.9364405, 9.9673977, 9.9875717, 19.998533, 19.999611, 19.999805, 19.982063, 0.34242263, 0.34599921, 0.34775308, 0.34936437, 0.34967399, 0.34987572, 0.34999266, 0.34999806, 0.34999901, 0.34991032, 0.94649470
0.31742978, 1.0000000, 0.86025274, 7.6550627, 9.4402914, 9.6587076, 9.8681450, 9.9293365, 9.9710999, 19.995512, 19.998819, 19.998554, 19.959116, 0.32654119, 0.34439594, 0.34658349, 0.34868070, 0.34929299, 0.34971088, 0.34997755, 0.34999409, 0.34999278, 0.34979558, 0.86025274
0.27693695, 1.0000000, 0.71353966, 4.8463044, 9.2970753, 9.5485077, 9.7838383, 9.8774633, 9.9463463, 19.990364, 19.997463, 19.995024, 19.938251, 0.29845703, 0.34296384, 0.34548154, 0.34783766, 0.34877428, 0.34946334, 0.34995180, 0.34998733, 0.34997511, 0.34969127, 0.71353966
0.23664415, 1.0000000, 0.56755126, 2.7754636, 7.9312830, 9.4681253, 9.7146845, 9.8296919, 9.9210987, 19.985146, 19.996029, 19.988712, 19.920275, 0.27775195, 0.32930824, 0.34467852, 0.34714627, 0.34829661, 0.34921089, 0.34992573, 0.34998015, 0.34994358, 0.34960139, 0.56755126
0.21288544, 1.0000000, 0.48146898, 2.0721734, 6.2190170, 9.4993410, 9.7116137, 9.8202267, 9.9116011, 19.982054, 19.994879, 19.979649, 19.905437, 0.27072003, 0.31218711, 0.34499109, 0.34711567, 0.34820202, 0.34911594, 0.34991026, 0.34997439, 0.34989825, 0.34952718, 0.48146898
0.20573926, 1.0000000, 0.45557699, 1.9019991, 5.5642786, 9.6340694, 9.7695723, 9.8496599, 9.9208298, 19.981422, 19.993866, 19.968262, 19.893641, 0.26901951, 0.30564195, 0.34633997, 0.34769556, 0.34849653, 0.34920827, 0.34990710, 0.34996933, 0.34984130, 0.34946820, 0.45557699
0.20656377, 1.0000000, 0.45856437, 1.9314170, 5.6364460, 9.5935488, 9.7638397, 9.8473320, 9.9188833, 19.979019, 19.991457, 19.955059, 19.884531, 0.26931217, 0.30636099, 0.34593251, 0.34763780, 0.34847301, 0.34918875, 0.34989509, 0.34995729, 0.34977528, 0.34942266, 0.45856437
0.19505587, 1.0000000, 0.41686910, 1.5972406, 4.8037391, 9.5948915, 9.7667198, 9.8489208, 9.9191608, 19.977343, 19.987814, 19.941141, 19.877626, 0.26596776, 0.29802901, 0.34594053, 0.34766549, 0.34848836, 0.34919131, 0.34988672, 0.34993908, 0.34970570, 0.34938812, 0.41686910
0.17241585, 1.0000000, 0.33484003, 0.90029538, 3.3000426, 9.4713535, 9.7040682, 9.8130732, 9.9028406, 19.972322, 19.981462, 19.927216, 19.872435, 0.25900117, 0.28299651, 0.34470791, 0.34703952, 0.34813014, 0.34902820, 0.34986162, 0.34990731, 0.34963608, 0.34936216, 0.33484003
0.15402079, 0.89388132, 0.26819122, 0.30408800, 2.4645119, 8.6965427, 9.6702442, 9.7901363, 9.8903561, 19.967026, 19.973057, 19.914227, 19.868628, 0.25303975, 0.27463958, 0.33695564, 0.34670028, 0.34790027, 0.34890321, 0.34983513, 0.34986529, 0.34957114, 0.34934312, 0.26819122
0.14118688, 0.73889810, 0.22169159, 0.0000000, 1.9278198, 7.6872697, 9.6526690, 9.7769098, 9.8822966, 19.962067, 19.962873, 19.902748, 19.865847, 0.24999128, 0.26927552, 0.32686734, 0.34652534, 0.34776840, 0.34882271, 0.34981033, 0.34981436, 0.34951374, 0.34932923, 0.22169159
0.13588732, 0.67490011, 0.20249029, 0.0000000, 1.6446739, 6.9654756, 9.6840887, 9.7933760, 9.8885460, 19.959658, 19.951986, 19.893156, 19.863871, 0.24999128, 0.26644382, 0.31964856, 0.34683916, 0.34793290, 0.34888518, 0.34979829, 0.34975994, 0.34946579, 0.34931934, 0.20249029
0.16895825, 1.0000000, 0.32231244, 2.1139116, 2.3849220, 6.4206619, 9.7105341, 9.8094845, 9.8957558, 19.956686, 19.940302, 19.885313, 19.862467, 0.27113506, 0.27384648, 0.31420293, 0.34710419, 0.34809428, 0.34895739, 0.34978342, 0.34970152, 0.34942657, 0.34931234, 0.32231244
0.15177992, 0.86682063, 0.26007220, 1.3872176, 1.9151926, 5.6423087, 9.6748571, 9.7901316, 9.8877106, 19.950481, 19.927864, 19.878891, 19.861414, 0.26386872, 0.26914907, 0.30641887, 0.34674710, 0.34790057, 0.34887686, 0.34975240, 0.34963933, 0.34939444, 0.34930706, 0.26007220
0.15249825, 0.87549490, 0.26267475, 1.5292913, 1.8735826, 5.4043708, 9.7612276, 9.8376265, 9.9064331, 19.946167, 19.916706, 19.874025, 19.860731, 0.26528662, 0.26873121, 0.30403703, 0.34760985, 0.34837505, 0.34906390, 0.34973085, 0.34958354, 0.34937012, 0.34930366, 0.26267475
0.14997295, 0.84499949, 0.25352520, 1.6664416, 1.5896797, 4.9095225, 9.7290297, 9.8226700, 9.9010925, 19.938303, 19.905874, 19.870115, 19.860191, 0.26666421, 0.26589668, 0.29909500, 0.34729022, 0.34822667, 0.34901091, 0.34969151, 0.34952939, 0.34935057, 0.34930095, 0.25352520
0.13881904, 0.71030378, 0.21311246, 1.1887610, 1.3162106, 4.3616996, 9.7055054, 9.8091288, 9.8947506, 19.929609, 19.896328, 19.867159, 19.859838, 0.26188591, 0.26316097, 0.29361513, 0.34705421, 0.34809089, 0.34894735, 0.34964806, 0.34948164, 0.34933579, 0.34929919, 0.21311246
0.13005051, 0.60441417, 0.18134239, 0.83940923, 1.0966390, 3.8484416, 9.7016621, 9.8054743, 9.8913307, 19.920624, 19.888248, 19.864931, 19.859570, 0.25839278, 0.26096535, 0.28848261, 0.34701571, 0.34805429, 0.34891316, 0.34960312, 0.34944123, 0.34932464, 0.34929785, 0.18134239
0.12089118, 0.49380553, 0.14815648, 0.48410892, 0.85847080, 3.3015409, 9.6856146, 9.7948923, 9.8843498, 19.910744, 19.881350, 19.863235, 19.859381, 0.25483960, 0.25858310, 0.28301233, 0.34685436, 0.34794798, 0.34884322, 0.34955370, 0.34940675, 0.34931618, 0.34929690, 0.14815648
0.11205159, 0.38705784, 0.11612897, 0.16656518, 0.59555769, 2.8051376, 9.4297838, 9.7627230, 9.8686237, 19.901182, 19.875744, 19.861982, 19.859251, 0.25166512, 0.25595444, 0.27804866, 0.34429601, 0.34762627, 0.34868592, 0.34950590, 0.34937871, 0.34930992, 0.34929627, 0.11612897
0.10470384, 0.29832581, 0.89506693E-1, 0.0000000, 0.28772056, 2.3099928, 8.9104080, 9.7164984, 9.8445721, 19.890821, 19.870914, 19.860947, 19.859175, 0.24999046, 0.25287691, 0.27309871, 0.33910316, 0.34716448, 0.34844553, 0.34945410, 0.34935457, 0.34930474, 0.34929588, 0.89506693E-1
0.10090131, 0.25240612, 0.75729407E-1, 0.0000000, 0.87183714E-1, 1.9011587, 8.3764029, 9.7009773, 9.8329601, 19.882336, 19.867281, 19.860229, 19.859116, 0.24999046, 0.25087181, 0.26901129, 0.33376375, 0.34700963, 0.34832954, 0.34941167, 0.34933642, 0.34930116, 0.34929559, 0.75729407E-1
0.97585723E-1, 0.21236672, 0.63716389E-1, 0.0000000, 0.0000000, 1.4229894, 7.6614962, 9.6565456, 9.8098812, 19.874924, 19.864439, 19.859686, 19.859045, 0.24999046, 0.24997614, 0.26422849, 0.32661349, 0.34656450, 0.34809849, 0.34937462, 0.34932220, 0.34929842, 0.34929523, 0.63716389E-1
0.12301525, 0.51945591, 0.15585236, 1.9191355, 0.0000000, 1.2359679, 7.2904243, 9.7237301, 9.8327522, 19.867146, 19.861839, 19.859205, 19.858955, 0.26918817, 0.24997614, 0.26235905, 0.32290351, 0.34723681, 0.34832737, 0.34933573, 0.34930921, 0.34929603, 0.34929478, 0.15585236
0.10801767, 0.33834374, 0.10151327, 0.93129277, 0.0000000, 0.98987222, 6.8895407, 9.7208672, 9.8305368, 19.859499, 19.859505, 19.858732, 19.858845, 0.25930151, 0.24997614, 0.25989509, 0.31889033, 0.34720510, 0.34830418, 0.34929749, 0.34929752, 0.34929365, 0.34929422, 0.10151327
0.97130001E-1, 0.20686342, 0.62065233E-1, 0.23581088, 0.0000000, 0.76327026, 6.4634814, 9.7083941, 9.8244543, 19.854172, 19.857883, 19.858408, 19.858805, 0.25235257, 0.24997614, 0.25762734, 0.31462571, 0.34707710, 0.34824225, 0.34927085, 0.34928942, 0.34929204, 0.34929401, 0.62065233E-1
0.92360944E-1, 0.14927179, 0.44786017E-1, 0.0000000, 0.0000000, 0.51266551, 5.9012904, 9.6654301, 9.8051949, 19.849783, 19.856606, 19.858143, 19.858757, 0.24999379, 0.24997614, 0.25512323, 0.30900502, 0.34664783, 0.34804979, 0.34924892, 0.34928304, 0.34929073, 0.34929377, 0.44786017E-1
0.90934873E-1, 0.13205051, 0.39619118E-1, 0.0000000, 0.0000000, 0.29459596, 5.2824450, 9.6433640, 9.7930889, 19.846258, 19.855629, 19.857943, 19.858709, 0.24999379, 0.24997614, 0.25294316, 0.30281439, 0.34642446, 0.34792778, 0.34923130, 0.34927815, 0.34928972, 0.34929353, 0.39619118E-1
0.89693129E-1, 0.11705512, 0.35120048E-1, 0.0000000, 0.0000000, 0.11908412, 4.6649213, 9.6357155, 9.7878265, 19.843624, 19.854874, 19.857794, 19.858683, 0.24999379, 0.24997614, 0.25118920, 0.29663649, 0.34634402, 0.34787384, 0.34921813, 0.34927437, 0.34928897, 0.34929341, 0.35120048E-1
0.88586725E-1, 0.10369404, 0.31111322E-1, 0.0000000, 0.0000000, 0.0000000, 3.9435911, 9.5990286, 9.7705956, 19.841780, 19.854345, 19.857683, 19.858683, 0.24999379, 0.24997614, 0.24999851, 0.28942937, 0.34598231, 0.34770325, 0.34920889, 0.34927171, 0.34928840, 0.34929341, 0.31111322E-1
0.88080972E-1, 0.97586565E-1, 0.29278897E-1, 0.0000000, 0.0000000, 0.0000000, 3.3226156, 9.6168509, 9.7776985, 19.842648, 19.854549, 19.857744, 19.858709, 0.24999379, 0.24997614, 0.24999851, 0.28322047, 0.34616029, 0.34777418, 0.34921324, 0.34927276, 0.34928873, 0.34929353, 0.29278897E-1
0.87693311E-1, 0.92905074E-1, 0.27874310E-1, 0.0000000, 0.0000000, 0.0000000, 2.9504597, 9.4238138, 9.7793865, 19.843040, 19.854633, 19.857784, 19.858709, 0.24999379, 0.24997614, 0.24999851, 0.27950022, 0.34423113, 0.34779146, 0.34921521, 0.34927318, 0.34928891, 0.34929353, 0.27874310E-1
0.87421574E-1, 0.89623578E-1, 0.26889764E-1, 0.0000000, 0.0000000, 0.0000000, 2.7880878, 9.0900917, 9.7873144, 19.843365, 19.854734, 19.857813, 19.858709, 0.24999379, 0.24997614, 0.24999851, 0.27787513, 0.34089157, 0.34786978, 0.34921682, 0.34927368, 0.34928906, 0.34929353, 0.26889764E-1
0.87142006E-1, 0.86247504E-1, 0.25876839E-1, 0.0000000, 0.0000000, 0.0000000, 2.6205361, 8.7495050, 9.7864084, 19.843361, 19.854744, 19.857813, 19.858709, 0.24999379, 0.24997614, 0.24999851, 0.27620152, 0.33748865, 0.34786171, 0.34921682, 0.34927371, 0.34928906, 0.34929353, 0.25876839E-1
0.86867876E-1, 0.82937121E-1, 0.24883626E-1, 0.0000000, 0.0000000, 0.0000000, 2.4602175, 8.4077368, 9.7854462, 19.843830, 19.854864, 19.857855, 19.858709, 0.24999379, 0.24997614, 0.24999851, 0.27459988, 0.33407342, 0.34785295, 0.34921914, 0.34927434, 0.34928927, 0.34929353, 0.24883626E-1
0.86583041E-1, 0.79497427E-1, 0.23851614E-1, 0.0000000, 0.0000000, 0.0000000, 2.3012547, 8.0408897, 9.7775917, 19.845461, 19.855305, 19.857996, 19.858709, 0.24999379, 0.24997614, 0.24999851, 0.27300873, 0.33040223, 0.34777319, 0.34922731, 0.34927651, 0.34928998, 0.34929353, 0.23851614E-1
0.86337261E-1, 0.76529339E-1, 0.22961099E-1, 0.0000000, 0.0000000, 0.0000000, 2.1694331, 7.7086449, 9.7816162, 19.847223, 19.855762, 19.858154, 19.858709, 0.24999379, 0.24997614, 0.24999851, 0.27169272, 0.32708356, 0.34781495, 0.34923613, 0.34927881, 0.34929079, 0.34929353, 0.22961099E-1
0.10942262, 0.35531011, 0.10660370, 1.6784847, 0.0000000, 0.0000000, 2.1366267, 7.5879588, 9.8288145, 19.848141, 19.856020, 19.858194, 19.858709, 0.26677954, 0.24997614, 0.24999851, 0.27136585, 0.32587886, 0.34828785, 0.34924072, 0.34928009, 0.34929097, 0.34929353, 0.10660370
0.10125667, 0.25669739, 0.77016920E-1, 1.0952592, 0.0000000, 0.0000000, 2.0703821, 7.4560595, 9.8383036, 19.847141, 19.855761, 19.858120, 19.858709, 0.26094067, 0.24997614, 0.24999851, 0.27070248, 0.32455814, 0.34838197, 0.34923571, 0.34927881, 0.34929061, 0.34929353, 0.77016920E-1
0.90039589E-1, 0.12123898, 0.36375333E-1, 0.29529333, 0.0000000, 0.0000000, 1.9499809, 7.2538981, 9.8213453, 19.844210, 19.855005, 19.857931, 19.858692, 0.25294706, 0.24997614, 0.24999851, 0.26949748, 0.32253465, 0.34821153, 0.34922105, 0.34927502, 0.34928966, 0.34929347, 0.36375333E-1
0.85668005E-1, 0.68447329E-1, 0.20536253E-1, 0.0000000, 0.0000000, 0.0000000, 1.7674536, 6.8982301, 9.7783442, 19.841957, 19.854410, 19.857777, 19.858683, 0.24993527, 0.24997614, 0.24999851, 0.26767042, 0.31897429, 0.34777966, 0.34920979, 0.34927204, 0.34928888, 0.34929341, 0.20536253E-1
0.85308857E-1, 0.64110234E-1, 0.19234994E-1, 0.0000000, 0.0000000, 0.0000000, 1.5610725, 6.4536624, 9.7486477, 19.839550, 19.853754, 19.857607, 19.858669, 0.24993527, 0.24997614, 0.24999851, 0.26560614, 0.31452712, 0.34748167, 0.34919775, 0.34926876, 0.34928805, 0.34929335, 0.19234994E-1
0.84976636E-1, 0.60098276E-1, 0.18031286E-1, 0.0000000, 0.0000000, 0.0000000, 1.3788849, 6.0183821, 9.7429171, 19.838188, 19.853355, 19.857529, 19.858688, 0.24993527, 0.24997614, 0.24999851, 0.26378244, 0.31016982, 0.34742159, 0.34919095, 0.34926677, 0.34928763, 0.34929344, 0.18031286E-1
0.84646337E-1, 0.56109577E-1, 0.16834557E-1, 0.0000000, 0.0000000, 0.0000000, 1.2030363, 5.5733051, 9.7361717, 19.837236, 19.853094, 19.857489, 19.858675, 0.24993527, 0.24997614, 0.24999851, 0.26202673, 0.30572465, 0.34735683, 0.34918618, 0.34926546, 0.34928745, 0.34929338, 0.16834557E-1
0.84317759E-1, 0.52141611E-1, 0.15644047E-1, 0.0000000, 0.0000000, 0.0000000, 1.0353684, 5.1174922, 9.7286196, 19.836723, 19.852942, 19.857460, 19.858683, 0.24993527, 0.24997614, 0.24999851, 0.26035020, 0.30116633, 0.34728074, 0.34918362, 0.34926471, 0.34928730, 0.34929341, 0.15644047E-1
0.84052354E-1, 0.48936602E-1, 0.14682448E-1, 0.0000000, 0.0000000, 0.0000000, 0.89935362, 4.7435193, 9.7440119, 19.836109, 19.852779, 19.857430, 19.858683, 0.24993527, 0.24997614, 0.24999851, 0.25898984, 0.29742548, 0.34743348, 0.34918055, 0.34926391, 0.34928715, 0.34929341, 0.14682448E-1
0.83764285E-1, 0.45457847E-1, 0.13638718E-1, 0.0000000, 0.0000000, 0.0000000, 0.74844360, 4.3524399, 9.7365665, 19.834339, 19.852306, 19.857307, 19.858652, 0.24993527, 0.24997614, 0.24999851, 0.25748023, 0.29351214, 0.34735653, 0.34917170, 0.34926152, 0.34928653, 0.34929326, 0.13638718E-1
0.83457433E-1, 0.41752294E-1, 0.12526941E-1, 0.0000000, 0.0000000, 0.0000000, 0.59371591, 3.9251385, 9.7223253, 19.832575, 19.851835, 19.857183, 19.858635, 0.24993527, 0.24997614, 0.24999851, 0.25593385, 0.28924048, 0.34721425, 0.34916288, 0.34925917, 0.34928590, 0.34929317, 0.12526941E-1
0.83152726E-1, 0.38072661E-1, 0.11422941E-1, 0.0000000, 0.0000000, 0.0000000, 0.44617057, 3.4869540, 9.7123966, 19.831024, 19.851387, 19.857065, 19.858616, 0.24993527, 0.24997614, 0.24999851, 0.25445965, 0.28486148, 0.34711647, 0.34915513, 0.34925693, 0.34928533, 0.34929308, 0.11422941E-1
0.82831919E-1, 0.34198545E-1, 0.10260589E-1, 0.0000000, 0.0000000, 0.0000000, 0.30439496, 3.0027511, 9.6915913, 19.829918, 19.851074, 19.857006, 19.858604, 0.24993527, 0.24997614, 0.24999851, 0.25304145, 0.28001878, 0.34690675, 0.34914955, 0.34925538, 0.34928504, 0.34929302, 0.10260589E-1
0.82596801E-1, 0.31359196E-1, 0.94086993E-2, 0.0000000, 0.0000000, 0.0000000, 0.18163919, 2.7638614, 9.4405718, 19.829454, 19.850910, 19.856976, 19.858593, 0.24993527, 0.24997614, 0.24999851, 0.25181517, 0.27762929, 0.34439510, 0.34914726, 0.34925455, 0.34928489, 0.34929296, 0.94086993E-2
0.82376927E-1, 0.28703993E-1, 0.86120591E-2, 0.0000000, 0.0000000, 0.0000000, 0.71752071E-1, 2.5404482, 9.1758881, 19.828989, 19.850763, 19.856955, 19.858580, 0.24993527, 0.24997614, 0.24999851, 0.25071707, 0.27539650, 0.34174925, 0.34914494, 0.34925383, 0.34928477, 0.34929290, 0.86120591E-2
0.82199864E-1, 0.26565738E-1, 0.79705184E-2, 0.0000000, 0.0000000, 0.0000000, 0.0000000, 2.3405643, 8.9230614, 19.829916, 19.850994, 19.857025, 19.858593, 0.24993527, 0.24997614, 0.24999851, 0.24999906, 0.27339694, 0.33921954, 0.34914958, 0.34925497, 0.34928513, 0.34929296, 0.79705184E-2
0.82063690E-1, 0.24921350E-1, 0.74771526E-2, 0.0000000, 0.0000000, 0.0000000, 0.0000000, 2.1128297, 8.6188326, 19.831213, 19.851358, 19.857119, 19.858616, 0.24993527, 0.24997614, 0.24999851, 0.24999906, 0.27112138, 0.33617890, 0.34915608, 0.34925678, 0.34928560, 0.34929308, 0.74771526E-2
0.81967719E-1, 0.23762364E-1, 0.71294224E-2, 0.0000000, 0.0000000, 0.0000000, 0.0000000, 1.9567758, 8.3904419, 19.833843, 19.852077, 19.857283, 19.858675, 0.24993527, 0.24997614, 0.24999851, 0.24999906, 0.26956341, 0.33389822, 0.34916922, 0.34926039, 0.34928641, 0.34929338, 0.71294224E-2
0.81845775E-1, 0.22289805E-1, 0.66876104E-2, 0.0000000, 0.0000000, 0.0000000, 0.0000000, 1.7593235, 8.0984116, 19.834478, 19.852247, 19.857325, 19.858688, 0.24993527, 0.24997614, 0.24999851, 0.24999906, 0.26759067, 0.33098018, 0.34917238, 0.34926122, 0.34928662, 0.34929344, 0.66876104E-2
0.81735827E-1, 0.20962045E-1, 0.62892423E-2, 0.0000000, 0.0000000, 0.0000000, 0.0000000, 1.5863478, 7.8205042, 19.836094, 19.852684, 19.857426, 19.858709, 0.24993527, 0.24997614, 0.24999851, 0.24999906, 0.26586118, 0.32820129, 0.34918046, 0.34926343, 0.34928712, 0.34929353, 0.62892423E-2
0.81635125E-1, 0.19745935E-1, 0.59243729E-2, 0.0000000, 0.0000000, 0.0000000, 0.0000000, 1.4287889, 7.5634861, 19.835716, 19.852625, 19.857407, 19.858683, 0.24993527, 0.24997614, 0.24999851, 0.24999906, 0.26428556, 0.32563075, 0.34917858, 0.34926313, 0.34928703, 0.34929341, 0.59243729E-2
0.81547894E-1, 0.18692503E-1, 0.56083119E-2, 0.0000000, 0.0000000, 0.0000000, 0.0000000, 1.2941927, 7.3366218, 19.835016, 19.852446, 19.857347, 19.858675, 0.24993527, 0.24997614, 0.24999851, 0.24999906, 0.26293665, 0.32335627, 0.34917510, 0.34926224, 0.34928674, 0.34929338, 0.56083119E-2
0.81447966E-1, 0.17485756E-1, 0.52462518E-2, 0.0000000, 0.0000000, 0.0000000, 0.0000000, 1.1441112, 7.0610099, 19.835016, 19.852446, 19.857347, 19.858688, 0.24993527, 0.24997614, 0.24999851, 0.24999906, 0.26143944, 0.32060671, 0.34917510, 0.34926224, 0.34928674, 0.34929344, 0.52462518E-2
0.84402546E-1, 0.53165521E-1, 0.15951252E-1, 0.21720827, 0.0000000, 0.0000000, 0.0000000, 1.0995537, 6.9601979, 19.838245, 19.853315, 19.857584, 19.858709, 0.25216442, 0.24997614, 0.24999851, 0.24999906, 0.26099437, 0.31959954, 0.34919122, 0.34926659, 0.34928793, 0.34929353, 0.15951252E-1
0.81663661E-1, 0.20090539E-1, 0.60277646E-2, 0.20432472E-1, 0.0000000, 0.0000000, 0.0000000, 1.0536224, 6.8572111, 19.840519, 19.853941, 19.857759, 19.858709, 0.25020379, 0.24997614, 0.24999851, 0.24999906, 0.26053539, 0.31857029, 0.34920260, 0.34926969, 0.34928879, 0.34929353, 0.60277646E-2
0.81312470E-1, 0.15849516E-1, 0.47553303E-2, 0.0000000, 0.0000000, 0.0000000, 0.0000000, 0.95067024, 6.6596389, 19.838854, 19.853521, 19.857622, 19.858675, 0.24999790, 0.24997614, 0.24999851, 0.24999906, 0.25950485, 0.31659204, 0.34919426, 0.34926760, 0.34928811, 0.34929338, 0.47553303E-2
0.81229895E-1, 0.14852314E-1, 0.44561401E-2, 0.0000000, 0.0000000, 0.0000000, 0.0000000, 0.82919896, 6.4276357, 19.835533, 19.852655, 19.857393, 19.858664, 0.24999790, 0.24997614, 0.24999851, 0.24999906, 0.25828603, 0.31426471, 0.34917748, 0.34926325, 0.34928697, 0.34929332, 0.44561401E-2
0.81147589E-1, 0.13858413E-1, 0.41579399E-2, 0.0000000, 0.0000000, 0.0000000, 0.0000000, 0.70913434, 6.1952825, 19.831863, 19.851675, 19.857159, 19.858622, 0.24999790, 0.24997614, 0.24999851, 0.24999906, 0.25707573, 0.31193161, 0.34915835, 0.34925812, 0.34928572, 0.34929308, 0.41579399E-2
0.12225075, 0.51022375, 0.15308243, 2.9826908, 0.0000000, 0.0000000, 0.0000000, 0.67134500, 6.0957742, 19.835499, 19.852608, 19.857372, 19.858709, 0.27980551, 0.24997614, 0.24999851, 0.24999906, 0.25671330, 0.31095728, 0.34917748, 0.34926304, 0.34928685, 0.34929353, 0.15308243
0.20751750, 1.0000000, 0.46201992, 2.4989169, 5.9188910, 7.5680714, 9.0753841, 9.3168983, 9.5714817, 19.839260, 19.853615, 19.857649, 19.858709, 0.27498907, 0.30918878, 0.32568061, 0.34075382, 0.34316897, 0.34571481, 0.34919631, 0.34926808, 0.34928825, 0.34929353, 0.46201992
0.17761955, 1.0000000, 0.35369402, 1.8300533, 2.8798819, 8.5347204, 9.4880400, 9.6264448, 9.7602367, 19.839779, 19.853745, 19.857666, 19.858704, 0.26829955, 0.27879789, 0.33534583, 0.34488010, 0.34626430, 0.34760231, 0.34919888, 0.34926873, 0.34928834, 0.34929353, 0.35369402
0.17109674, 1.0000000, 0.33006063, 1.6146034, 2.7287216, 7.9365978, 9.6445141, 9.7373362, 9.8223534, 19.842888, 19.854588, 19.857866, 19.858709, 0.26614305, 0.27728420, 0.32936159, 0.34644407, 0.34737283, 0.34822336, 0.34921443, 0.34927294, 0.34928933, 0.34929353, 0.33006063
0.15455243, 0.90030146, 0.27011746, 0.96898973, 2.2381067, 7.0711961, 9.6409464, 9.7464933, 9.8322268, 19.842356, 19.854464, 19.857813, 19.858698, 0.25968975, 0.27238086, 0.32071164, 0.34640938, 0.34746486, 0.34832224, 0.34921178, 0.34927231, 0.34928906, 0.34929350, 0.27011746
0.14107503, 0.73754734, 0.22128633, 0.44150352, 1.8430412, 6.3592010, 9.6581450, 9.7595196, 9.8388987, 19.841597, 19.854273, 19.857744, 19.858709, 0.25441498, 0.26843023, 0.31359172, 0.34658137, 0.34759513, 0.34838894, 0.34920800, 0.34927136, 0.34928873, 0.34929353, 0.22128633
0.14488637, 0.78357345, 0.23509555, 0.95520616, 1.6482025, 5.9451389, 9.7100859, 9.7900572, 9.8518648, 19.842722, 19.854540, 19.857813, 19.858709, 0.25954944, 0.26647931, 0.30944648, 0.34709924, 0.34789976, 0.34851837, 0.34921360, 0.34927270, 0.34928906, 0.34929353, 0.23509555
0.17470726, 1.0000000, 0.34314227, 2.3918860, 3.0226564, 5.6023149, 9.7331495, 9.8048582, 9.8580894, 19.843212, 19.854675, 19.857843, 19.858709, 0.27391860, 0.28022635, 0.30602297, 0.34733143, 0.34804854, 0.34858090, 0.34921604, 0.34927338, 0.34928921, 0.34929353, 0.34314227
0.16055563, 0.97279680, 0.29186824, 1.9135505, 1.8582493, 6.1151571, 9.7314672, 9.8053493, 9.8587208, 19.843376, 19.854738, 19.857861, 19.858709, 0.26911941, 0.26857409, 0.31114540, 0.34731203, 0.34805214, 0.34858662, 0.34921679, 0.34927365, 0.34928930, 0.34929353, 0.29186824
0.14891014, 0.83216470, 0.24967438, 1.3891160, 1.5688121, 5.6271596, 9.7133589, 9.7960634, 9.8556557, 19.843412, 19.854757, 19.857874, 19.858709, 0.26388946, 0.26568699, 0.30626956, 0.34713286, 0.34796029, 0.34855643, 0.34921706, 0.34927380, 0.34928936, 0.34929353, 0.24967438
0.13244654, 0.63334894, 0.19002369, 0.65729022, 1.1436075, 4.9524860, 9.6671591, 9.7696943, 9.8443871, 19.841021, 19.854115, 19.857695, 19.858675, 0.25657168, 0.26143479, 0.29952207, 0.34667051, 0.34769642, 0.34844369, 0.34920511, 0.34927058, 0.34928846, 0.34929338, 0.19002369
0.11670553, 0.44325915, 0.13299105, 0.0000000, 0.72289407, 4.1916499, 9.6354446, 9.7496643, 9.8352737, 19.838755, 19.853483, 19.857540, 19.858669, 0.24999931, 0.25722653, 0.29190949, 0.34635124, 0.34749499, 0.34835219, 0.34919378, 0.34926742, 0.34928769, 0.34929335, 0.13299105
0.11089902, 0.37313932, 0.11195299, 0.0000000, 0.36635995, 3.5050652, 9.6350231, 9.7476597, 9.8331432, 19.837074, 19.853043, 19.857460, 19.858675, 0.24999931, 0.25365067, 0.28504002, 0.34634459, 0.34747377, 0.34833020, 0.34918523, 0.34926519, 0.34928730, 0.34929338, 0.11195299
0.10627886, 0.31734577, 0.95213257E-1, 0.0000000, 0.77366829E-1, 2.9796867, 9.5578890, 9.7523603, 9.8345547, 19.836540, 19.852926, 19.857447, 19.858688, 0.24999931, 0.25077134, 0.27978793, 0.34557328, 0.34752077, 0.34834456, 0.34918267, 0.34926462, 0.34928724, 0.34929344, 0.95213257E-1
0.10426246, 0.29299548, 0.87907434E-1, 0.0000000, 0.0000000, 2.7087598, 9.2490559, 9.7542467, 9.8352270, 19.836294, 19.852854, 19.857443, 19.858692, 0.24999931, 0.24999787, 0.27707604, 0.34248340, 0.34753874, 0.34835082, 0.34918135, 0.34926423, 0.34928721, 0.34929347, 0.87907434E-1
0.10297276, 0.27742109, 0.83234653E-1, 0.0000000, 0.0000000, 2.4570675, 8.9461145, 9.7550564, 9.8361511, 19.836922, 19.853008, 19.857502, 19.858704, 0.24999931, 0.24999787, 0.27456486, 0.33945692, 0.34754825, 0.34836075, 0.34918460, 0.34926504, 0.34928751, 0.34929353, 0.83234653E-1
0.10106593, 0.25439397, 0.76325819E-1, 0.0000000, 0.0000000, 2.0822644, 8.5311089, 9.7257004, 9.8236341, 19.834805, 19.852446, 19.857347, 19.858652, 0.24999931, 0.24999787, 0.27082163, 0.33531025, 0.34725654, 0.34823620, 0.34917402, 0.34926224, 0.34928674, 0.34929326, 0.76325819E-1
0.99227339E-1, 0.23219103, 0.69664277E-1, 0.0000000, 0.0000000, 1.7267913, 8.0959711, 9.7123690, 9.8164492, 19.832285, 19.851753, 19.857183, 19.858629, 0.24999931, 0.24999787, 0.26726669, 0.33095858, 0.34712300, 0.34816426, 0.34916142, 0.34925878, 0.34928590, 0.34929314, 0.69664277E-1
0.97330615E-1, 0.20928599, 0.62792078E-1, 0.0000000, 0.0000000, 1.3683140, 7.6119905, 9.6969910, 9.8090553, 19.830315, 19.851204, 19.857025, 19.858599, 0.24999931, 0.24999787, 0.26367313, 0.32611096, 0.34696445, 0.34808856, 0.34915149, 0.34925598, 0.34928513, 0.34929299, 0.62792078E-1
0.96608430E-1, 0.20056488, 0.60175482E-1, 0.0000000, 0.0000000, 1.2456745, 7.3220019, 9.7446594, 9.8301077, 19.834738, 19.852341, 19.857327, 19.858692, 0.24999931, 0.24999787, 0.26245287, 0.32321545, 0.34744355, 0.34830007, 0.34917369, 0.34926170, 0.34928662, 0.34929347, 0.60175482E-1
0.13669020, 0.68459570, 0.20539926, 2.3415775, 0.96572936, 1.2139708, 7.1747003, 9.7968044, 9.8528948, 19.839537, 19.853628, 19.857666, 19.858709, 0.27341464, 0.25965703, 0.26213953, 0.32174680, 0.34796789, 0.34852889, 0.34919769, 0.34926814, 0.34928834, 0.34929353, 0.20539926
0.18258660, 1.0000000, 0.37169054, 2.4017782, 3.9909871, 5.5890388, 9.4581871, 9.8207617, 9.8641195, 19.842894, 19.854551, 19.857885, 19.858709, 0.27401763, 0.28990972, 0.30589029, 0.34458184, 0.34820759, 0.34864119, 0.34921446, 0.34927276, 0.34928942, 0.34929353, 0.37169054
0.35599959, 1.0000000, 0.99999851, 9.9999990, 9.9999990, 9.9999990, 9.9999990, 9.9999990, 9.9999990, 19.999998, 19.999998, 19.999117, 19.867176, 0.34999979, 0.34999987, 0.34999993, 0.34999999, 0.34999999, 0.34999999, 0.34999999, 0.34999999, 0.34999558, 0.34933588, 0.99999851
0.35599953, 1.0000000, 0.99999827, 9.9999990, 9.9999990, 9.9999990, 9.9999990, 9.9999990, 9.9999990, 19.999998, 19.999998, 19.999998, 19.998999, 0.34999976, 0.34999985, 0.34999993, 0.34999999, 0.34999999, 0.34999999, 0.34999999, 0.34999999, 0.34999999, 0.34999499, 0.99999827
0.34619081, 1.0000000, 0.96445948, 9.5088940, 9.7157879, 9.8461332, 9.9610872, 9.9802170, 9.9927397, 19.999350, 19.999832, 19.999910, 19.984056, 0.34508881, 0.34715784, 0.34846130, 0.34961087, 0.34980217, 0.34992740, 0.34999675, 0.34999916, 0.34999955, 0.34992027, 0.96445948
0.33095109, 1.0000000, 0.90924311, 8.5429611, 9.5482149, 9.7334976, 9.9105587, 9.9531050, 9.9815598, 19.997532, 19.999367, 19.998854, 19.960974, 0.33542880, 0.34548160, 0.34733471, 0.34910554, 0.34953102, 0.34981561, 0.34998766, 0.34999683, 0.34999427, 0.34980488, 0.90924311
0.32257062, 1.0000000, 0.87887907, 7.9015079, 9.5995750, 9.7510881, 9.8873119, 9.9381886, 9.9732990, 19.994886, 19.998669, 19.995728, 19.939953, 0.32901433, 0.34599519, 0.34751061, 0.34887305, 0.34938186, 0.34973300, 0.34997442, 0.34999335, 0.34997863, 0.34969977, 0.87887907
0.30754617, 1.0000000, 0.82444263, 6.8580360, 9.5553112, 9.7174883, 9.8530312, 9.9163809, 9.9609432, 19.990538, 19.997459, 19.989744, 19.921730, 0.31853855, 0.34553084, 0.34716353, 0.34852490, 0.34916103, 0.34960806, 0.34995246, 0.34998724, 0.34994867, 0.34960866, 0.82444263
0.29358882, 1.0000000, 0.77387244, 5.8520532, 9.5512772, 9.7070065, 9.8353148, 9.9025631, 9.9519205, 19.986782, 19.996191, 19.980898, 19.906612, 0.30849114, 0.34549657, 0.34706181, 0.34834933, 0.34902370, 0.34951824, 0.34993374, 0.34998092, 0.34990448, 0.34953305, 0.77387244
0.25738591, 1.0000000, 0.64270258, 3.4282689, 9.3141413, 9.5487566, 9.7498837, 9.8502712, 9.9243469, 19.977249, 19.992891, 19.969057, 19.894426, 0.28423324, 0.34311381, 0.34547347, 0.34749219, 0.34849930, 0.34924176, 0.34988594, 0.34996435, 0.34984526, 0.34947214, 0.64270258
0.22360961, 1.0000000, 0.52032465, 1.9118696, 7.7975550, 9.4722252, 9.6919460, 9.8093700, 9.9008446, 19.967865, 19.988636, 19.955456, 19.884996, 0.26911739, 0.32797235, 0.34472030, 0.34691909, 0.34809348, 0.34900838, 0.34983933, 0.34994319, 0.34977728, 0.34942499, 0.52032465
0.19152391, 1.0000000, 0.40407211, 0.81049204, 5.7842841, 9.4306154, 9.6542120, 9.7803621, 9.8822517, 19.958128, 19.982779, 19.941019, 19.877851, 0.25810429, 0.30784017, 0.34430397, 0.34654167, 0.34780338, 0.34882244, 0.34979063, 0.34991390, 0.34970510, 0.34938926, 0.40407211
0.16665694, 1.0000000, 0.31397438, 0.18462837, 3.8321640, 9.4171124, 9.6471939, 9.7717285, 9.8764181, 19.953451, 19.976364, 19.927080, 19.872576, 0.25184605, 0.28831863, 0.34416741, 0.34647119, 0.34771690, 0.34876406, 0.34976727, 0.34988183, 0.34963539, 0.34936288, 0.31397438
0.15186191, 0.86781067, 0.26036924, 0.0000000, 2.7236044, 8.6784172, 9.6358891, 9.7633047, 9.8712997, 19.948957, 19.968058, 19.914108, 19.868694, 0.24998347, 0.27723542, 0.33678317, 0.34635866, 0.34763294, 0.34871295, 0.34974480, 0.34984028, 0.34957054, 0.34934348, 0.26036924
0.14495036, 0.78434616, 0.23532739, 0.0000000, 2.2792249, 7.8908854, 9.6624804, 9.7779827, 9.8764334, 19.945452, 19.958231, 19.902670, 19.865900, 0.24998347, 0.27279133, 0.32890728, 0.34662440, 0.34777960, 0.34876427, 0.34972727, 0.34979117, 0.34951335, 0.34932950, 0.23532739
0.13549021, 0.67010462, 0.20105149, 0.0000000, 1.5967697, 6.9818192, 9.6312504, 9.7593622, 9.8643036, 19.934423, 19.945160, 19.892477, 19.863771, 0.24998347, 0.26595828, 0.31980866, 0.34630907, 0.34759188, 0.34864229, 0.34967202, 0.34972575, 0.34946239, 0.34931886, 0.20105149
0.12741929, 0.57263947, 0.17180902, 0.0000000, 1.0457814, 6.1708612, 9.6363258, 9.7600031, 9.8615456, 19.924665, 19.931820, 19.884174, 19.862255, 0.24998347, 0.26030430, 0.31162184, 0.34632102, 0.34757853, 0.34860477, 0.34962147, 0.34965861, 0.34942076, 0.34931126, 0.17180902
0.11997344, 0.48272267, 0.14483128, 0.0000000, 0.57168603, 5.2920218, 9.6259155, 9.7527695, 9.8575411, 19.916245, 19.918997, 19.877634, 19.861214, 0.24998347, 0.25568372, 0.30289891, 0.34624901, 0.34752250, 0.34857294, 0.34958082, 0.34959489, 0.34938815, 0.34930608, 0.14483128
0.11364967, 0.40635639, 0.12191911, 0.0000000, 0.16591847, 4.5671773, 9.6384134, 9.7592392, 9.8581743, 19.907249, 19.906944, 19.872492, 19.860449, 0.24998347, 0.25164962, 0.29565948, 0.34637854, 0.34758955, 0.34858057, 0.34953612, 0.34953469, 0.34936246, 0.34930223, 0.12191911
0.10778983, 0.33559236, 0.10068778, 0.0000000, 0.0000000, 3.5090930, 9.5673666, 9.7161121, 9.8342333, 19.890104, 19.894033, 19.868040, 19.859785, 0.24998347, 0.24999715, 0.28500739, 0.34563076, 0.34713924, 0.34833157, 0.34944871, 0.34946969, 0.34934008, 0.34929889, 0.10068778
0.10418478, 0.29205751, 0.87626018E-1, 0.0000000, 0.0000000, 2.7013450, 9.2477160, 9.6952467, 9.8197660, 19.874773, 19.883059, 19.864664, 19.859304, 0.24998347, 0.24999715, 0.27696064, 0.34244925, 0.34693819, 0.34819072, 0.34937274, 0.34941500, 0.34932324, 0.34929648, 0.87626018E-1
0.10132872, 0.25756750, 0.77277981E-1, 0.0000000, 0.0000000, 2.1331282, 8.6474361, 9.6766968, 9.8084898, 19.862892, 19.874441, 19.862236, 19.858997, 0.24998347, 0.24999715, 0.27128425, 0.33644873, 0.34675369, 0.34807855, 0.34931344, 0.34937194, 0.34931111, 0.34929496, 0.77277981E-1
0.98710813E-1, 0.22595343, 0.67792810E-1, 0.0000000, 0.0000000, 1.6276270, 7.9979830, 9.6609116, 9.8008375, 19.856380, 19.868542, 19.860706, 19.858828, 0.24998347, 0.24999715, 0.26627240, 0.32997602, 0.34660682, 0.34800759, 0.34928191, 0.34934270, 0.34930354, 0.34929413, 0.67792810E-1
0.96938275E-1, 0.20454808, 0.61370563E-1, 0.0000000, 0.0000000, 1.3034165, 7.4647565, 9.6816854, 9.8092585, 19.853455, 19.864672, 19.859764, 19.858757, 0.24998347, 0.24999715, 0.26303309, 0.32464632, 0.34681603, 0.34809232, 0.34926727, 0.34932336, 0.34929883, 0.34929377, 0.61370563E-1
0.94734408E-1, 0.17793396, 0.53385530E-1, 0.0000000, 0.0000000, 0.90584159, 6.8087211, 9.6501760, 9.7949734, 19.848286, 19.861073, 19.858917, 19.858669, 0.24998347, 0.24999715, 0.25905794, 0.31808650, 0.34650126, 0.34794956, 0.34924144, 0.34930536, 0.34929460, 0.34929335, 0.53385530E-1
0.93581215E-1, 0.16400792, 0.49207296E-1, 0.0000000, 0.0000000, 0.71928203, 6.3282766, 9.6869993, 9.8105965, 19.848417, 19.859509, 19.858643, 19.858709, 0.24998347, 0.24999715, 0.25719169, 0.31328073, 0.34686846, 0.34810546, 0.34924209, 0.34929755, 0.34929320, 0.34929353, 0.49207296E-1
0.12466395, 0.53936577, 0.16182591, 2.2793384, 0.0000000, 0.66553950, 6.1035876, 9.7647314, 9.8431911, 19.850016, 19.858822, 19.858553, 19.858709, 0.27279270, 0.24999715, 0.25665534, 0.31103575, 0.34764722, 0.34843189, 0.34925008, 0.34929413, 0.34929276, 0.34929353, 0.16182591
0.15856066, 0.94870543, 0.28464010, 2.3122163, 2.8813779, 2.6853771, 7.5570779, 9.8076506, 9.8621807, 19.851385, 19.858444, 19.858519, 19.858709, 0.27312133, 0.27881315, 0.27685347, 0.32557061, 0.34807640, 0.34862179, 0.34925693, 0.34929222, 0.34929258, 0.34929353, 0.28464010
0.15244764, 0.87488401, 0.26249146, 2.0134211, 2.6983798, 2.5954514, 7.4247236, 9.8197289, 9.8679695, 19.851482, 19.857927, 19.858423, 19.858709, 0.27013415, 0.27698374, 0.27595448, 0.32424724, 0.34819728, 0.34867969, 0.34925741, 0.34928963, 0.34929210, 0.34929353, 0.26249146
0.14158887, 0.74375254, 0.22314808, 1.4969826, 2.3533285, 2.4223237, 7.2424359, 9.8044901, 9.8624926, 19.850269, 19.857235, 19.858273, 19.858709, 0.26496971, 0.27353317, 0.27422318, 0.32242432, 0.34804487, 0.34862491, 0.34925133, 0.34928617, 0.34929135, 0.34929353, 0.22314808
0.13254093, 0.63448870, 0.19036566, 1.0774404, 2.0561724, 2.2673368, 7.0590110, 9.7997084, 9.8606167, 19.849510, 19.856819, 19.858200, 19.858709, 0.26077351, 0.27056071, 0.27267280, 0.32058975, 0.34799683, 0.34860608, 0.34924755, 0.34928411, 0.34929100, 0.34929353, 0.19036566
0.11913364, 0.47258130, 0.14178857, 0.47464073, 1.5958548, 2.0147533, 6.7968307, 9.7697601, 9.8480873, 19.846951, 19.855965, 19.858025, 19.858698, 0.25474569, 0.26595709, 0.27014661, 0.31796768, 0.34769717, 0.34848073, 0.34923476, 0.34927982, 0.34929013, 0.34929350, 0.14178857
0.11130242, 0.37801072, 0.11341456, 0.13186932, 1.3216585, 1.8565834, 6.5776558, 9.7784815, 9.8507643, 19.846447, 19.855747, 19.858047, 19.858709, 0.25131857, 0.26321590, 0.26856536, 0.31577623, 0.34778458, 0.34850755, 0.34923223, 0.34927875, 0.34929025, 0.34929353, 0.11341456
0.10552122, 0.30819651, 0.92468202E-1, 0.0000000, 0.97603798, 1.6448855, 6.3170180, 9.7636652, 9.8444405, 19.844975, 19.855293, 19.857967, 19.858698, 0.24999768, 0.25975928, 0.26644793, 0.31316948, 0.34763610, 0.34844422, 0.34922487, 0.34927648, 0.34928983, 0.34929350, 0.92468202E-1
0.10160606, 0.26091668, 0.78282833E-1, 0.0000000, 0.63879788, 1.4303386, 6.0381403, 9.7555065, 9.8399296, 19.843079, 19.854757, 19.857861, 19.858692, 0.24999768, 0.25638723, 0.26430252, 0.31038070, 0.34755450, 0.34839907, 0.34921539, 0.34927380, 0.34928930, 0.34929347, 0.78282833E-1
0.98729610E-1, 0.22618045, 0.67860924E-1, 0.0000000, 0.40632784, 1.2553215, 5.7646122, 9.7536354, 9.8395243, 19.843382, 19.854818, 19.857889, 19.858709, 0.24999768, 0.25406280, 0.26255250, 0.30764547, 0.34753579, 0.34839505, 0.34921691, 0.34927410, 0.34928945, 0.34929353, 0.67860924E-1
0.97000219E-1, 0.20529614, 0.61595004E-1, 0.19745827, 0.23305416E-1, 1.0095805, 5.4529581, 9.7431059, 9.8324280, 19.839285, 19.853731, 19.857607, 19.858658, 0.25197330, 0.25023296, 0.26009387, 0.30452746, 0.34742919, 0.34832364, 0.34919643, 0.34926865, 0.34928805, 0.34929329, 0.61595004E-1
0.92106380E-1, 0.14619768, 0.43863691E-1, 0.0000000, 0.0000000, 0.63317418, 4.9907131, 9.6924706, 9.8079386, 19.831709, 19.851685, 19.857079, 19.858568, 0.24998555, 0.25000000, 0.25630370, 0.29989061, 0.34691477, 0.34807485, 0.34915793, 0.34925827, 0.34928536, 0.34929284, 0.43863691E-1
0.90149403E-1, 0.12256504, 0.36773190E-1, 0.0000000, 0.0000000, 0.27664006, 4.4202504, 9.6518278, 9.7879238, 19.826269, 19.850155, 19.856705, 19.858475, 0.24998555, 0.25000000, 0.25276190, 0.29419777, 0.34651417, 0.34787768, 0.34913126, 0.34925073, 0.34928352, 0.34929237, 0.36773190E-1
0.88677019E-1, 0.10478450, 0.31438492E-1, 0.0000000, 0.0000000, 0.45314431E-1, 3.8099813, 9.6276522, 9.7773094, 19.826061, 19.850012, 19.856676, 19.858469, 0.24998555, 0.25000000, 0.25045303, 0.28809762, 0.34627372, 0.34777215, 0.34913030, 0.34925005, 0.34928340, 0.34929234, 0.31438492E-1
0.87779619E-1, 0.93947336E-1, 0.28187020E-1, 0.0000000, 0.0000000, 0.0000000, 2.9905388, 9.5618696, 9.7462721, 19.823448, 19.849241, 19.856482, 19.858433, 0.24998555, 0.25000000, 0.24999629, 0.27990443, 0.34561720, 0.34746221, 0.34911725, 0.34924620, 0.34928241, 0.34929216, 0.28187020E-1
0.87344937E-1, 0.88698104E-1, 0.26612092E-1, 0.0000000, 0.0000000, 0.0000000, 2.6992857, 9.0941048, 9.7472954, 19.820032, 19.848253, 19.856220, 19.858381, 0.24998555, 0.25000000, 0.24999629, 0.27699187, 0.34093940, 0.34747237, 0.34910017, 0.34924126, 0.34928110, 0.34929192, 0.26612092E-1
0.86877309E-1, 0.83050974E-1, 0.24917783E-1, 0.0000000, 0.0000000, 0.0000000, 2.3861618, 8.5954218, 9.7389526, 19.815735, 19.847010, 19.855915, 19.858334, 0.24998555, 0.25000000, 0.24999629, 0.27385575, 0.33594507, 0.34738597, 0.34907863, 0.34923506, 0.34927958, 0.34929168, 0.24917783E-1
0.86389281E-1, 0.77157512E-1, 0.23149569E-1, 0.0000000, 0.0000000, 0.0000000, 2.0802140, 8.0322237, 9.7263536, 19.815222, 19.846773, 19.855858, 19.858347, 0.24998555, 0.25000000, 0.24999629, 0.27079803, 0.33031428, 0.34726033, 0.34907609, 0.34923387, 0.34927928, 0.34929174, 0.23149569E-1
0.85957102E-1, 0.71938530E-1, 0.21583717E-1, 0.0000000, 0.0000000, 0.0000000, 1.8237740, 7.5004134, 9.7258415, 19.817055, 19.847197, 19.855993, 19.858393, 0.24998555, 0.25000000, 0.24999629, 0.26823598, 0.32500052, 0.34725687, 0.34908527, 0.34923598, 0.34927997, 0.34929198, 0.21583717E-1
0.85493334E-1, 0.66337951E-1, 0.19903377E-1, 0.0000000, 0.0000000, 0.0000000, 1.5647709, 6.9025660, 9.7126312, 19.819588, 19.847847, 19.856182, 19.858433, 0.24998555, 0.25000000, 0.24999629, 0.26564610, 0.31902209, 0.34712464, 0.34909794, 0.34923923, 0.34928089, 0.34929216, 0.19903377E-1
0.85091054E-1, 0.61479997E-1, 0.18445844E-1, 0.0000000, 0.0000000, 0.0000000, 1.3253659, 6.4059796, 9.7233191, 19.817896, 19.847427, 19.856068, 19.858418, 0.24998555, 0.25000000, 0.24999629, 0.26325244, 0.31405684, 0.34723169, 0.34908947, 0.34923714, 0.34928033, 0.34929210, 0.18445844E-1
0.84736660E-1, 0.57200368E-1, 0.17161828E-1, 0.0000000, 0.0000000, 0.0000000, 1.1085153, 5.9827857, 9.7363157, 19.815798, 19.846851, 19.855927, 19.858370, 0.24998555, 0.25000000, 0.24999629, 0.26107258, 0.30981493, 0.34735629, 0.34907854, 0.34923413, 0.34927961, 0.34929186, 0.17161828E-1
0.84410541E-1, 0.53262115E-1, 0.15980233E-1, 0.0000000, 0.0000000, 0.0000000, 0.91404617, 5.5848651, 9.7401571, 19.815304, 19.846678, 19.855875, 19.858376, 0.24998555, 0.25000000, 0.24999629, 0.25911996, 0.30583099, 0.34739193, 0.34907568, 0.34923318, 0.34927931, 0.34929186, 0.15980233E-1
0.84031984E-1, 0.48690584E-1, 0.14608636E-1, 0.0000000, 0.0000000, 0.0000000, 0.71802437, 5.0672207, 9.7103167, 19.816797, 19.847044, 19.855993, 19.858418, 0.24998555, 0.25000000, 0.24999629, 0.25717872, 0.30066687, 0.34709975, 0.34908399, 0.34923524, 0.34927997, 0.34929210, 0.14608636E-1
0.83578624E-1, 0.43215826E-1, 0.12966045E-1, 0.0000000, 0.0000000, 0.0000000, 0.50301850, 4.4139338, 9.6741619, 19.816715, 19.847033, 19.856005, 19.858406, 0.24998555, 0.25000000, 0.24999629, 0.25502929, 0.29413545, 0.34673879, 0.34908357, 0.34923518, 0.34928003, 0.34929204, 0.12966045E-1
0.83131872E-1, 0.37820760E-1, 0.11347363E-1, 0.0000000, 0.0000000, 0.0000000, 0.30248761, 3.7412341, 9.6576796, 19.815807, 19.846809, 19.855938, 19.858381, 0.24998555, 0.25000000, 0.24999629, 0.25302434, 0.28740907, 0.34657401, 0.34907904, 0.34923404, 0.34927970, 0.34929192, 0.11347363E-1
0.82677044E-1, 0.32328218E-1, 0.96994359E-2, 0.0000000, 0.0000000, 0.0000000, 0.10830462, 3.0364487, 9.6419344, 19.813711, 19.846226, 19.855799, 19.858347, 0.24998555, 0.25000000, 0.24999629, 0.25108269, 0.28035951, 0.34641406, 0.34906855, 0.34923112, 0.34927899, 0.34929174, 0.96994359E-2
0.82334884E-1, 0.28196316E-1, 0.84597412E-2, 0.0000000, 0.0000000, 0.0000000, 0.0000000, 2.5760353, 9.1928873, 19.816902, 19.847050, 19.856022, 19.858418, 0.24998555, 0.25000000, 0.24999629, 0.24999863, 0.27575675, 0.34192458, 0.34908450, 0.34923524, 0.34928012, 0.34929210, 0.84597412E-2
0.82179926E-1, 0.26325043E-1, 0.78983027E-2, 0.0000000, 0.0000000, 0.0000000, 0.0000000, 2.3098767, 8.8690166, 19.817818, 19.847328, 19.856100, 19.858433, 0.24998555, 0.25000000, 0.24999629, 0.24999863, 0.27309400, 0.33868405, 0.34908909, 0.34923664, 0.34928051, 0.34929216, 0.78983027E-2
0.81949495E-1, 0.23542287E-1, 0.70633925E-2, 0.0000000, 0.0000000, 0.0000000, 0.0000000, 1.9222647, 8.3615532, 19.817453, 19.847252, 19.856075, 19.858427, 0.24998555, 0.25000000, 0.24999629, 0.24999863, 0.26921913, 0.33361045, 0.34908727, 0.34923625, 0.34928039, 0.34929213, 0.70633925E-2
0.81740178E-1, 0.21014541E-1, 0.63049933E-2, 0.0000000, 0.0000000, 0.0000000, 0.0000000, 1.5823156, 7.8652320, 19.817471, 19.847263, 19.856070, 19.858433, 0.24998555, 0.25000000, 0.24999629, 0.24999863, 0.26581845, 0.32864451, 0.34908736, 0.34923631, 0.34928036, 0.34929216, 0.63049933E-2
0.81522830E-1, 0.18389834E-1, 0.55175023E-2, 0.0000000, 0.0000000, 0.0000000, 0.0000000, 1.2446284, 7.3032293, 19.817987, 19.847393, 19.856106, 19.858433, 0.24998555, 0.25000000, 0.24999629, 0.24999863, 0.26244202, 0.32302397, 0.34908992, 0.34923697, 0.34928054, 0.34929216, 0.55175023E-2
0.81377245E-1, 0.16631778E-1, 0.49900324E-2, 0.0000000, 0.0000000, 0.0000000, 0.0000000, 1.0335743, 6.8809557, 19.822784, 19.848688, 19.856424, 19.858494, 0.24998555, 0.25000000, 0.24999629, 0.24999863, 0.26033264, 0.31880271, 0.34911391, 0.34924343, 0.34928212, 0.34929246, 0.49900324E-2
0.81192024E-1, 0.14394985E-1, 0.43189274E-2, 0.0000000, 0.0000000, 0.0000000, 0.0000000, 0.77141225, 6.3251657, 19.821781, 19.848476, 19.856365, 19.858469, 0.24998555, 0.25000000, 0.24999629, 0.24999863, 0.25771141, 0.31324431, 0.34910890, 0.34924239, 0.34928182, 0.34929234, 0.43189274E-2
0.80997624E-1, 0.12047378E-1, 0.36145749E-2, 0.0000000, 0.0000000, 0.0000000, 0.0000000, 0.52215159, 5.6635861, 19.822237, 19.848618, 19.856394, 19.858469, 0.24998555, 0.25000000, 0.24999629, 0.24999863, 0.25522017, 0.30663097, 0.34911120, 0.34924310, 0.34928197, 0.34929234, 0.36145749E-2
0.80900341E-1, 0.10872599E-1, 0.32621059E-2, 0.0000000, 0.0000000, 0.0000000, 0.0000000, 0.41168928, 5.2899690, 19.826895, 19.849880, 19.856728, 19.858528, 0.24998555, 0.25000000, 0.24999629, 0.24999863, 0.25411576, 0.30289483, 0.34913447, 0.34924939, 0.34928364, 0.34929264, 0.32621059E-2
0.80812864E-1, 0.98162815E-2, 0.29451789E-2, 0.0000000, 0.0000000, 0.0000000, 0.0000000, 0.31388402, 4.9492474, 19.828918, 19.850468, 19.856848, 19.858580, 0.24998555, 0.25000000, 0.24999629, 0.24999863, 0.25313818, 0.29948902, 0.34914458, 0.34925234, 0.34928423, 0.34929290, 0.29451789E-2
0.80720320E-1, 0.86986804E-2, 0.26098653E-2, 0.0000000, 0.0000000, 0.0000000, 0.0000000, 0.21301806, 4.5829492, 19.828173, 19.850338, 19.856802, 19.858568, 0.24998555, 0.25000000, 0.24999629, 0.24999863, 0.25212795, 0.29581347, 0.34914085, 0.34925169, 0.34928399, 0.34929284, 0.26098653E-2
0.80648147E-1, 0.78270556E-2, 0.23483515E-2, 0.0000000, 0.0000000, 0.0000000, 0.0000000, 0.15099645, 4.2445235, 19.831467, 19.851257, 19.857048, 19.858616, 0.24998555, 0.25000000, 0.24999629, 0.24999863, 0.25150931, 0.29243910, 0.34915733, 0.34925628, 0.34928524, 0.34929308, 0.23483515E-2
0.80584370E-1, 0.70568812E-2, 0.21172762E-2, 0.0000000, 0.0000000, 0.0000000, 0.0000000, 0.10546148, 3.9184499, 19.834982, 19.852247, 19.857321, 19.858698, 0.24998555, 0.25000000, 0.24999629, 0.24999863, 0.25105444, 0.28918222, 0.34917492, 0.34926122, 0.34928662, 0.34929350, 0.21172762E-2
0.80497772E-1, 0.60111484E-2, 0.18035249E-2, 0.0000000, 0.0000000, 0.0000000, 0.0000000, 0.48622489E-1, 3.4614713, 19.835590, 19.852472, 19.857370, 19.858688, 0.24998555, 0.25000000, 0.24999629, 0.24999863, 0.25048611, 0.28461218, 0.34917796, 0.34926236, 0.34928685, 0.34929344, 0.18035249E-2
0.80416873E-1, 0.50342465E-2, 0.15104250E-2, 0.0000000, 0.0000000, 0.0000000, 0.0000000, 0.34660101E-2, 3.0114501, 19.835384, 19.852446, 19.857347, 19.858669, 0.24998555, 0.25000000, 0.24999629, 0.24999863, 0.25003463, 0.28010461, 0.34917691, 0.34926224, 0.34928674, 0.34929335, 0.15104250E-2
0.80357015E-1, 0.43113939E-2, 0.12935476E-2, 0.0000000, 0.0000000, 0.0000000, 0.0000000, 0.0000000, 2.5874436, 19.813932, 19.852859, 19.857449, 19.858698, 0.24998555, 0.25000000, 0.24999629, 0.24999863, 0.24999920, 0.27587095, 0.34906965, 0.34926429, 0.34928724, 0.34929350, 0.12935476E-2
0.80337711E-1, 0.40782588E-2, 0.12236000E-2, 0.0000000, 0.0000000, 0.0000000, 0.0000000, 0.0000000, 2.4476380, 19.785883, 19.853745, 19.857719, 19.858709, 0.24998555, 0.25000000, 0.24999629, 0.24999863, 0.24999920, 0.27447200, 0.34892941, 0.34926873, 0.34928858, 0.34929353, 0.12236000E-2
0.80315277E-1, 0.38073033E-2, 0.11423052E-2, 0.0000000, 0.0000000, 0.0000000, 0.0000000, 0.0000000, 2.2851884, 19.757198, 19.854233, 19.857819, 19.858709, 0.24998555, 0.25000000, 0.24999629, 0.24999863, 0.24999920, 0.27284610, 0.34878600, 0.34927118, 0.34928909, 0.34929353, 0.11423052E-2
0.80296122E-1, 0.35760452E-2, 0.10729209E-2, 0.0000000, 0.0000000, 0.0000000, 0.0000000, 0.0000000, 2.1462827, 19.729286, 19.854740, 19.857943, 19.858709, 0.24998555, 0.25000000, 0.24999629, 0.24999863, 0.24999920, 0.27145842, 0.34864643, 0.34927371, 0.34928972, 0.34929353, 0.10729209E-2
0.80259010E-1, 0.31278583E-2, 0.93845133E-3, 0.0000000, 0.0000000, 0.0000000, 0.0000000, 0.0000000, 1.8776059, 19.699123, 19.854595, 19.857901, 19.858704, 0.24998555, 0.25000000, 0.24999629, 0.24999863, 0.24999920, 0.26876903, 0.34849560, 0.34927297, 0.34928951, 0.34929353, 0.93845133E-3
0.80206193E-1, 0.24900530E-2, 0.74709061E-3, 0.0000000, 0.0000000, 0.0000000, 0.0000000, 0.0000000, 1.4950991, 19.666767, 19.854021, 19.857718, 19.858675, 0.24998555, 0.25000000, 0.24999629, 0.24999863, 0.24999920, 0.26494181, 0.34833384, 0.34927011, 0.34928858, 0.34929338, 0.74709061E-3
0.80186240E-1, 0.22490956E-2, 0.67479617E-3, 0.0000000, 0.0000000, 0.0000000, 0.0000000, 0.0000000, 1.3504773, 19.639017, 19.854605, 19.857861, 19.858709, 0.24998555, 0.25000000, 0.24999629, 0.24999863, 0.24999920, 0.26349592, 0.34819508, 0.34927303, 0.34928930, 0.34929353, 0.67479617E-3
0.22260122, 1.0000000, 0.51667106, 2.4128623, 8.2425108, 7.1943917, 7.7663169, 8.6446218, 9.1498270, 19.638975, 19.854923, 19.857943, 19.858709, 0.27412829, 0.33242446, 0.32194361, 0.32766312, 0.33644620, 0.34149826, 0.34819487, 0.34927461, 0.34928972, 0.34929353, 0.51667106
0.35599947, 1.0000000, 0.99999797, 9.9999990, 9.9999990, 9.9999990, 9.9999990, 9.9999990, 9.9999990, 19.999998, 19.999998, 19.999998, 19.998999, 0.34999973, 0.34999982, 0.34999990, 0.34999996, 0.34999999, 0.34999999, 0.34999999, 0.34999999, 0.34999999, 0.34999499, 0.99999797
0.35528201, 1.0000000, 0.99739856, 9.9638186, 9.9793463, 9.9895658, 9.9974165, 9.9987001, 9.9995022, 19.999922, 19.999981, 19.999975, 19.989016, 0.34963733, 0.34979293, 0.34989539, 0.34997410, 0.34998697, 0.34999502, 0.34999961, 0.34999990, 0.34999987, 0.34994507, 0.99739856
0.35395741, 1.0000000, 0.99259919, 9.8955183, 9.9432287, 9.9710560, 9.9925718, 9.9962425, 9.9985180, 19.999754, 19.999939, 19.999941, 19.985044, 0.34895369, 0.34943140, 0.34971011, 0.34992564, 0.34996235, 0.34998515, 0.34999877, 0.34999970, 0.34999970, 0.34992522, 0.99259919
0.35599822, 1.0000000, 0.99999344, 9.9999542, 9.9999723, 9.9999847, 9.9999962, 9.9999990, 9.9999990, 19.999998, 19.999998, 19.999998, 19.997997, 0.34999910, 0.34999946, 0.34999970, 0.34999993, 0.34999999, 0.34999999, 0.34999999, 0.34999999, 0.34999999, 0.34998998, 0.99999344
0.35599905, 1.0000000, 0.99999654, 9.9999752, 9.9999847, 9.9999933, 9.9999990, 9.9999990, 9.9999990, 19.999998, 19.999998, 19.999998, 19.997997, 0.34999952, 0.34999970, 0.34999987, 0.34999999, 0.34999999, 0.34999999, 0.34999999, 0.34999999, 0.34999999, 0.34998998, 0.99999654
0.35599899, 1.0000000, 0.99999630, 9.9999723, 9.9999847, 9.9999905, 9.9999962, 9.9999990, 9.9999990, 19.999998, 19.999998, 19.999998, 19.997997, 0.34999949, 0.34999970, 0.34999982, 0.34999993, 0.34999999, 0.34999999, 0.34999999, 0.34999999, 0.34999999, 0.34998998, 0.99999630
0.35599846, 1.0000000, 0.99999434, 9.9999485, 9.9999695, 9.9999790, 9.9999933, 9.9999990, 9.9999990, 19.999998, 19.999998, 19.999998, 19.996996, 0.34999922, 0.34999955, 0.34999970, 0.34999990, 0.34999999, 0.34999999, 0.34999999, 0.34999999, 0.34999999, 0.34998497, 0.99999434
0.35593039, 1.0000000, 0.99974769, 9.9999752, 9.9999294, 9.9863033, 9.9889431, 9.9943686, 9.9974346, 19.999277, 19.999807, 19.999847, 19.982075, 0.34999964, 0.34999925, 0.34986299, 0.34988943, 0.34994370, 0.34997433, 0.34999639, 0.34999904, 0.34999925, 0.34991038, 0.99974769
0.35472566, 1.0000000, 0.99538273, 9.9895201, 9.8932905, 9.9447384, 9.9853697, 9.9925890, 9.9970589, 19.999516, 19.999868, 19.999935, 19.985044, 0.34989429, 0.34893236, 0.34944710, 0.34985363, 0.34992585, 0.34997058, 0.34999758, 0.34999934, 0.34999967, 0.34992522, 0.99538273
0.34477121, 1.0000000, 0.95931590, 9.3862476, 9.7413855, 9.8605118, 9.9628134, 9.9810724, 9.9927301, 19.999044, 19.999754, 19.999868, 19.984043, 0.34386218, 0.34741366, 0.34860504, 0.34962812, 0.34981072, 0.34992731, 0.34999523, 0.34999877, 0.34999934, 0.34992021, 0.95931590
0.34578311, 1.0000000, 0.96298224, 9.5288982, 9.6586714, 9.8021002, 9.9351082, 9.9661455, 9.9865055, 19.997967, 19.999474, 19.998871, 19.961004, 0.34528869, 0.34658653, 0.34802091, 0.34935105, 0.34966147, 0.34986505, 0.34998983, 0.34999737, 0.34999436, 0.34980503, 0.96298224
0.35598624, 1.0000000, 0.99995017, 9.9994268, 9.9996567, 9.9998264, 9.9999638, 9.9999819, 9.9999933, 19.999998, 19.999998, 19.999996, 19.993994, 0.34999314, 0.34999588, 0.34999794, 0.34999958, 0.34999979, 0.34999993, 0.34999999, 0.34999999, 0.34999996, 0.34996998, 0.99995017
0.33273637, 1.0000000, 0.91571140, 8.6852512, 9.5291529, 9.7299557, 9.9138994, 9.9554195, 9.9819870, 19.996960, 19.999212, 19.999355, 19.970383, 0.33684707, 0.34528792, 0.34729770, 0.34913862, 0.34955400, 0.34981981, 0.34998479, 0.34999606, 0.34999678, 0.34985191, 0.91571140
0.30757612, 1.0000000, 0.82455105, 6.9484959, 9.4351406, 9.6501379, 9.8467216, 9.9163151, 9.9632435, 19.992081, 19.997925, 19.997026, 19.948341, 0.31947553, 0.34434372, 0.34649745, 0.34846643, 0.34916273, 0.34963229, 0.34996039, 0.34998962, 0.34998512, 0.34974170, 0.82455105
0.30078176, 1.0000000, 0.79993385, 6.3988738, 9.5130835, 9.6859732, 9.8375206, 9.9059210, 9.9561367, 19.989645, 19.997255, 19.992344, 19.928911, 0.31398380, 0.34512642, 0.34685749, 0.34837475, 0.34905899, 0.34956127, 0.34994823, 0.34998628, 0.34996173, 0.34964454, 0.79993385
0.31026030, 1.0000000, 0.83427638, 7.0154233, 9.6043911, 9.7348576, 9.8452768, 9.9061394, 9.9535627, 19.987782, 19.996609, 19.984797, 19.912537, 0.32015163, 0.34604174, 0.34734747, 0.34845257, 0.34906128, 0.34953561, 0.34993890, 0.34998304, 0.34992397, 0.34956267, 0.83427638
0.29506916, 1.0000000, 0.77923596, 5.9656606, 9.5393524, 9.6975851, 9.8312130, 9.8962355, 9.9475145, 19.985399, 19.995476, 19.974480, 19.899235, 0.30965623, 0.34539315, 0.34697565, 0.34831211, 0.34896234, 0.34947515, 0.34992701, 0.34997737, 0.34987241, 0.34949619, 0.77923596
0.26669219, 1.0000000, 0.67642093, 4.0601330, 9.3535843, 9.5807648, 9.7800846, 9.8659258, 9.9326735, 19.981150, 19.993147, 19.961885, 19.888779, 0.29060033, 0.34353447, 0.34580693, 0.34780070, 0.34865919, 0.34932670, 0.34990576, 0.34996575, 0.34980944, 0.34944388, 0.67642093
0.25442898, 1.0000000, 0.63198894, 3.0524459, 9.5064678, 9.6673956, 9.8042994, 9.8756714, 9.9346828, 19.979929, 19.990395, 19.948248, 19.880842, 0.28052181, 0.34505969, 0.34667143, 0.34804249, 0.34875646, 0.34934673, 0.34989965, 0.34995198, 0.34974125, 0.34940422, 0.63198894
0.24409623, 1.0000000, 0.59455156, 2.6584358, 8.9130402, 9.6707973, 9.8064146, 9.8757420, 9.9334583, 19.978020, 19.985855, 19.934299, 19.874872, 0.27658254, 0.33912677, 0.34670600, 0.34806377, 0.34875721, 0.34933454, 0.34989011, 0.34992927, 0.34967148, 0.34937435, 0.59455156
0.21930151, 1.0000000, 0.50471556, 1.7754465, 7.4670024, 9.5337963, 9.7385807, 9.8366442, 9.9140282, 19.970818, 19.977955, 19.920601, 19.870354, 0.26775438, 0.32466975, 0.34533778, 0.34738579, 0.34836641, 0.34914029, 0.34985408, 0.34988979, 0.34960300, 0.34935176, 0.50471556
0.18628934, 1.0000000, 0.38510633, 0.70763826, 5.3299179, 9.4157209, 9.6614103, 9.7876177, 9.8885479, 19.961060, 19.967373, 19.907988, 19.867023, 0.25707561, 0.30329576, 0.34415418, 0.34661347, 0.34787586, 0.34888536, 0.34980530, 0.34983686, 0.34953994, 0.34933513, 0.38510633
0.15899476, 0.95394766, 0.28621292, 0.0000000, 3.2326968, 9.3838549, 9.6315002, 9.7643652, 9.8744507, 19.953133, 19.955589, 19.897188, 19.864630, 0.24998480, 0.28232619, 0.34383741, 0.34631476, 0.34764352, 0.34874448, 0.34976566, 0.34977794, 0.34948593, 0.34932315, 0.28621292
0.15451373, 0.89983422, 0.26997727, 0.0000000, 2.7989240, 9.1468115, 9.7169695, 9.8101521, 9.8924322, 19.950888, 19.944286, 19.888557, 19.863014, 0.24998480, 0.27798834, 0.34146667, 0.34716940, 0.34810138, 0.34892428, 0.34975445, 0.34972143, 0.34944278, 0.34931508, 0.26997727
0.35581535, 1.0000000, 0.99933106, 9.9988279, 9.9992971, 9.9954710, 9.9191170, 9.8477125, 9.9093590, 19.948708, 19.932772, 19.881649, 19.861860, 0.34998760, 0.34999254, 0.34995452, 0.34919113, 0.34847710, 0.34909359, 0.34974355, 0.34966385, 0.34940824, 0.34930930, 0.99933106
0.34247208, 1.0000000, 0.95098567, 9.2640553, 9.7075005, 9.8163614, 9.8558149, 9.8588266, 9.9156542, 19.944490, 19.921179, 19.876120, 19.861038, 0.34264040, 0.34707493, 0.34816355, 0.34855816, 0.34858826, 0.34915656, 0.34972245, 0.34960589, 0.34938061, 0.34930518, 0.95098567
0.35596651, 1.0000000, 0.99987864, 9.9985781, 9.9991474, 9.9995728, 9.9999132, 9.9999542, 9.9999876, 19.999998, 19.999998, 19.999990, 19.991999, 0.34998330, 0.34998998, 0.34999499, 0.34999898, 0.34999949, 0.34999985, 0.34999999, 0.34999999, 0.34999996, 0.34996000, 0.99987864
0.34928948, 1.0000000, 0.97568637, 9.6414232, 9.8340235, 9.9123116, 9.9771500, 9.9884119, 9.9955339, 19.999378, 19.999832, 19.999832, 19.980116, 0.34641394, 0.34834006, 0.34912303, 0.34977147, 0.34988412, 0.34995535, 0.34999689, 0.34999916, 0.34999916, 0.34990057, 0.97568637
0.34182662, 1.0000000, 0.94864714, 9.2121487, 9.6922846, 9.8313694, 9.9526701, 9.9758177, 9.9905396, 19.998610, 19.999636, 19.999823, 19.982075, 0.34211925, 0.34692144, 0.34831297, 0.34952655, 0.34975812, 0.34990537, 0.34999305, 0.34999818, 0.34999913, 0.34991038, 0.94864714
0.35583180, 1.0000000, 0.99939042, 9.9918642, 9.9951458, 9.9975710, 9.9995136, 9.9997549, 9.9999189, 19.999998, 19.999998, 19.999990, 19.991999, 0.34991604, 0.34994990, 0.34997493, 0.34999499, 0.34999746, 0.34999916, 0.34999999, 0.34999999, 0.34999996, 0.34996000, 0.99939042
0.34488213, 1.0000000, 0.95971775, 9.3880930, 9.7499561, 9.8643837, 9.9646282, 9.9819965, 9.9932423, 19.999266, 19.999813, 19.999435, 19.968512, 0.34387890, 0.34749830, 0.34864321, 0.34964615, 0.34981990, 0.34993240, 0.34999633, 0.34999907, 0.34999716, 0.34984255, 0.95971775
0.30413601, 1.0000000, 0.81208694, 6.7715044, 9.3429174, 9.5953131, 9.8314991, 9.9093637, 9.9604473, 19.991270, 19.997728, 19.996702, 19.946604, 0.31770959, 0.34342468, 0.34595081, 0.34831452, 0.34909341, 0.34960440, 0.34995633, 0.34998864, 0.34998351, 0.34973302, 0.81208694
0.28680524, 1.0000000, 0.74929434, 5.4160876, 9.4763451, 9.6608667, 9.8256302, 9.8991861, 9.9532757, 19.989008, 19.997093, 19.991800, 19.927425, 0.30415913, 0.34476161, 0.34660771, 0.34825611, 0.34899178, 0.34953272, 0.34994504, 0.34998548, 0.34995902, 0.34963712, 0.74929434
0.26049879, 1.0000000, 0.65398109, 3.6038342, 9.3628445, 9.5865259, 9.7831306, 9.8709593, 9.9379053, 19.984501, 19.995712, 19.983847, 19.911255, 0.28603664, 0.34362578, 0.34586388, 0.34783104, 0.34870943, 0.34937900, 0.34992251, 0.34997857, 0.34991923, 0.34955627, 0.65398109
0.30818903, 1.0000000, 0.82677186, 7.0046544, 9.4362164, 9.6232719, 9.7843132, 9.8664665, 9.9325008, 19.981585, 19.994370, 19.973265, 19.898212, 0.32004464, 0.34436062, 0.34623194, 0.34784299, 0.34866458, 0.34932497, 0.34990793, 0.34997183, 0.34986633, 0.34949106, 0.82677186
0.25856173, 1.0000000, 0.64696270, 3.5947778, 9.2130461, 9.4731274, 9.7016411, 9.8158636, 9.9057522, 19.972382, 19.990562, 19.960178, 19.887924, 0.28594354, 0.34212393, 0.34472793, 0.34701571, 0.34815827, 0.34905741, 0.34986192, 0.34995282, 0.34980088, 0.34943962, 0.64696270
0.24348903, 1.0000000, 0.59235156, 2.7400045, 8.7508774, 9.5941467, 9.7493773, 9.8374920, 9.9122658, 19.970892, 19.987497, 19.946466, 19.880190, 0.27739620, 0.33750138, 0.34593743, 0.34749293, 0.34837449, 0.34912249, 0.34985447, 0.34993750, 0.34973234, 0.34940094, 0.59235156
0.23070754, 1.0000000, 0.54604179, 2.3398936, 7.8667393, 9.6029749, 9.7621899, 9.8445492, 9.9146023, 19.968996, 19.982666, 19.932589, 19.874371, 0.27339813, 0.32866576, 0.34602877, 0.34762168, 0.34844539, 0.34914598, 0.34984499, 0.34991333, 0.34966296, 0.34937185, 0.54604179
0.21336819, 1.0000000, 0.48321804, 1.7762095, 6.7402463, 9.5519724, 9.7427263, 9.8340597, 9.9095230, 19.965387, 19.975470, 19.919245, 19.870047, 0.26776117, 0.31740031, 0.34551820, 0.34742695, 0.34834045, 0.34909517, 0.34982693, 0.34987736, 0.34959623, 0.34935024, 0.48321804
0.19027798, 1.0000000, 0.39955789, 1.0499328, 5.2049141, 9.4776449, 9.7013340, 9.8094797, 9.8975382, 19.959738, 19.965845, 19.907089, 19.866858, 0.26049834, 0.30204621, 0.34477380, 0.34701282, 0.34809452, 0.34897530, 0.34979868, 0.34982923, 0.34953544, 0.34933430, 0.39955789
0.16641271, 1.0000000, 0.31308952, 0.34967661, 3.5142086, 9.4371061, 9.6695280, 9.7882109, 9.8858318, 19.952950, 19.954300, 19.896521, 19.864525, 0.25349647, 0.28514025, 0.34436855, 0.34669477, 0.34788182, 0.34885824, 0.34976476, 0.34977150, 0.34948260, 0.34932262, 0.31308952
0.15232582, 0.87341285, 0.26205006, 0.0000000, 2.6699483, 8.8883610, 9.6702366, 9.7858496, 9.8823299, 19.946529, 19.941919, 19.887747, 19.862848, 0.24996741, 0.27669868, 0.33888230, 0.34670207, 0.34785834, 0.34882325, 0.34973264, 0.34970960, 0.34943873, 0.34931424, 0.26205006
0.35574061, 1.0000000, 0.99906003, 9.9872007, 9.9928951, 9.9964094, 9.9988012, 9.9993944, 9.9997196, 19.999922, 19.999975, 19.999969, 19.988020, 0.34986809, 0.34992659, 0.34996292, 0.34998778, 0.34999382, 0.34999716, 0.34999961, 0.34999987, 0.34999985, 0.34994009, 0.99906003
0.35311222, 1.0000000, 0.98953700, 9.8520079, 9.9205065, 9.9593306, 9.9901981, 9.9950638, 9.9981337, 19.999779, 19.999939, 19.999964, 19.988020, 0.34851584, 0.34920251, 0.34959203, 0.34990171, 0.34995052, 0.34998131, 0.34999889, 0.34999970, 0.34999982, 0.34994009, 0.98953700
0.34836125, 1.0000000, 0.97232330, 9.6224279, 9.7734318, 9.8763294, 9.9663324, 9.9828196, 9.9934120, 19.999159, 19.999779, 19.999237, 19.964733, 0.34622210, 0.34773299, 0.34876260, 0.34966317, 0.34982812, 0.34993410, 0.34999579, 0.34999889, 0.34999618, 0.34982365, 0.97232330
0.33917278, 1.0000000, 0.93903172, 9.0644875, 9.6399860, 9.7916107, 9.9319792, 9.9645166, 9.9858961, 19.997894, 19.999445, 19.996588, 19.943314, 0.34064460, 0.34639966, 0.34791601, 0.34931976, 0.34964517, 0.34985897, 0.34998947, 0.34999722, 0.34998295, 0.34971657, 0.93903172
0.33280802, 1.0000000, 0.91597104, 8.6040506, 9.6455154, 9.7847567, 9.9138708, 9.9534836, 9.9806309, 19.996727, 19.999113, 19.991308, 19.924622, 0.33603644, 0.34645244, 0.34784621, 0.34913844, 0.34953469, 0.34980625, 0.34998363, 0.34999555, 0.34995654, 0.34962311, 0.91597104
0.35599184, 1.0000000, 0.99997038, 9.9996204, 9.9997702, 9.9998865, 9.9999752, 9.9999876, 9.9999962, 19.999998, 19.999998, 19.999996, 19.993994, 0.34999594, 0.34999752, 0.34999877, 0.34999973, 0.34999987, 0.34999996, 0.34999999, 0.34999999, 0.34999996, 0.34996998, 0.99997038
0.35599810, 1.0000000, 0.99999303, 9.9999371, 9.9999580, 9.9999819, 9.9999933, 9.9999990, 9.9999990, 19.999998, 19.999998, 19.999998, 19.996996, 0.34999904, 0.34999940, 0.34999973, 0.34999990, 0.34999999, 0.34999999, 0.34999999, 0.34999999, 0.34999999, 0.34998497, 0.99999303
0.35599911, 1.0000000, 0.99999678, 9.9999847, 9.9999905, 9.9999962, 9.9999990, 9.9999990, 9.9999990, 19.999998, 19.999998, 19.999998, 19.997997, 0.34999955, 0.34999973, 0.34999987, 0.34999996, 0.34999999, 0.34999999, 0.34999999, 0.34999999, 0.34999999, 0.34998998, 0.99999678
0.32260787, 1.0000000, 0.87901396, 8.0147219, 9.4510021, 9.6780424, 9.8915243, 9.9433794, 9.9769278, 19.996012, 19.998962, 19.999456, 19.974194, 0.33014709, 0.34450993, 0.34678036, 0.34891525, 0.34943378, 0.34976929, 0.34998006, 0.34999481, 0.34999728, 0.34987098, 0.87901396
0.29047894, 1.0000000, 0.76260483, 5.7489123, 9.3903246, 9.6119137, 9.8184252, 9.8988132, 9.9553165, 19.990698, 19.997574, 19.997442, 19.951836, 0.30748793, 0.34390205, 0.34611854, 0.34818414, 0.34898806, 0.34955314, 0.34995347, 0.34998786, 0.34998721, 0.34975916, 0.76260483
0.25332332, 1.0000000, 0.62798297, 3.1557238, 9.2766104, 9.5273123, 9.7531471, 9.8551855, 9.9321909, 19.984526, 19.995914, 19.992949, 19.931864, 0.28155556, 0.34276316, 0.34527162, 0.34753117, 0.34855172, 0.34932184, 0.34992263, 0.34997958, 0.34996474, 0.34965932, 0.62798297
0.22174382, 1.0000000, 0.51356459, 1.9579232, 7.4920912, 9.4750738, 9.7029352, 9.8182478, 9.9102964, 19.977615, 19.993917, 19.985542, 19.914925, 0.26957840, 0.32491902, 0.34474951, 0.34702912, 0.34818235, 0.34910294, 0.34988809, 0.34996960, 0.34992772, 0.34957463, 0.51356459
0.19712374, 1.0000000, 0.42436135, 1.2139857, 5.7592206, 9.4774399, 9.6912355, 9.8049688, 9.8993893, 19.972311, 19.991968, 19.975420, 19.901098, 0.26213944, 0.30759105, 0.34477344, 0.34691215, 0.34804961, 0.34899387, 0.34986156, 0.34995985, 0.34987709, 0.34950548, 0.42436135
0.16994476, 1.0000000, 0.32588685, 0.41769743, 3.8366427, 9.4216986, 9.6566353, 9.7811174, 9.8849106, 19.965548, 19.988930, 19.962917, 19.890163, 0.25417677, 0.28836524, 0.34421554, 0.34656605, 0.34781101, 0.34884906, 0.34982774, 0.34994465, 0.34981459, 0.34945083, 0.32588685
0.15189293, 0.86818534, 0.26048166, 0.0000000, 2.6952295, 8.7416058, 9.6397877, 9.7677441, 9.8755884, 19.959200, 19.984776, 19.949070, 19.881796, 0.24995330, 0.27695084, 0.33741370, 0.34639737, 0.34767717, 0.34875581, 0.34979600, 0.34992388, 0.34974533, 0.34940898, 0.26048166
0.14296956, 0.76042587, 0.22815058, 0.0000000, 2.1292269, 7.7188973, 9.6403818, 9.7661438, 9.8735752, 19.955433, 19.979683, 19.934990, 19.875519, 0.24995330, 0.27128941, 0.32718378, 0.34640250, 0.34766078, 0.34873554, 0.34977716, 0.34989840, 0.34967494, 0.34937760, 0.22815058
0.18252303, 1.0000000, 0.37146023, 2.0091028, 2.9315531, 8.9608250, 9.6823940, 9.7898388, 9.8828106, 19.953009, 19.973070, 19.921560, 19.870888, 0.27008823, 0.27931309, 0.33960450, 0.34682313, 0.34789798, 0.34882796, 0.34976503, 0.34986535, 0.34960780, 0.34935445, 0.37146023
0.25634921, 1.0000000, 0.63894641, 3.3866487, 9.2683620, 9.5119581, 9.7375479, 9.8222561, 9.8967428, 19.951473, 19.964849, 19.909372, 19.867504, 0.28386554, 0.34268203, 0.34511879, 0.34737530, 0.34822246, 0.34896740, 0.34975737, 0.34982425, 0.34954685, 0.34933752, 0.63894641
0.25129190, 1.0000000, 0.62062281, 2.9430299, 9.2911730, 9.7068520, 9.7978802, 9.8581467, 9.9137135, 19.951828, 19.955559, 19.898893, 19.865089, 0.27942994, 0.34291103, 0.34706816, 0.34797874, 0.34858143, 0.34913713, 0.34975913, 0.34977779, 0.34949446, 0.34932545, 0.62062281
0.21515968, 1.0000000, 0.48970896, 1.6797006, 7.1643996, 9.4739933, 9.6921844, 9.8013906, 9.8888731, 19.942129, 19.942625, 19.889492, 19.863218, 0.26679432, 0.32163715, 0.34473541, 0.34692094, 0.34801343, 0.34888858, 0.34971064, 0.34971312, 0.34944746, 0.34931609, 0.48970896
0.16984369, 1.0000000, 0.32552060, 0.36674738, 3.9607470, 9.3366165, 9.5948315, 9.7396088, 9.8586330, 19.930361, 19.928795, 19.881718, 19.861843, 0.25366715, 0.28960541, 0.34336373, 0.34594780, 0.34739581, 0.34858623, 0.34965181, 0.34964398, 0.34940860, 0.34930921, 0.32552060
0.14588155, 0.79559124, 0.23870124, 0.0000000, 2.3312955, 8.0422783, 9.5529413, 9.7089701, 9.8405190, 19.919085, 19.915543, 19.875576, 19.860872, 0.24996299, 0.27331045, 0.33041847, 0.34552839, 0.34708920, 0.34840500, 0.34959543, 0.34957772, 0.34937787, 0.34930438, 0.23870124
0.12692802, 0.56670672, 0.17002903, 0.0000000, 1.1479199, 5.8506217, 9.4808407, 9.6597939, 9.8129396, 19.904196, 19.902416, 19.870592, 19.860134, 0.24996299, 0.26147828, 0.30850387, 0.34480762, 0.34659755, 0.34812927, 0.34952098, 0.34951207, 0.34935296, 0.34930068, 0.17002903
0.11030401, 0.36595386, 0.10979714, 0.0000000, 0.25501847, 3.6362088, 9.4287233, 9.6222916, 9.7904224, 19.889473, 19.890724, 19.866743, 19.859587, 0.24996299, 0.25254944, 0.28635672, 0.34428445, 0.34622148, 0.34790376, 0.34944737, 0.34945363, 0.34933370, 0.34929794, 0.10979714
0.10194489, 0.26500839, 0.79510465E-1, 0.0000000, 0.0000000, 2.2851796, 8.6623592, 9.5899696, 9.7711678, 19.876072, 19.880903, 19.863848, 19.859222, 0.24996299, 0.24994300, 0.27283797, 0.33661312, 0.34589389, 0.34770972, 0.34938037, 0.34940451, 0.34931925, 0.34929612, 0.79510465E-1
0.24055597, 1.0000000, 0.58172452, 2.9596300, 8.2628593, 9.2010431, 9.4755411, 9.7047052, 9.8198843, 19.871647, 19.874823, 19.862186, 19.859127, 0.27959177, 0.33262101, 0.34200621, 0.34475455, 0.34704661, 0.34819868, 0.34935823, 0.34937412, 0.34931093, 0.34929565, 0.58172452
0.18231028, 1.0000000, 0.37068945, 1.1263669, 4.2486072, 9.2617054, 9.5221205, 9.6833344, 9.8104649, 19.860182, 19.868132, 19.860508, 19.858892, 0.26126307, 0.29248473, 0.34261560, 0.34522092, 0.34683320, 0.34810460, 0.34930092, 0.34934065, 0.34930253, 0.34929445, 0.37068945
0.14390373, 0.77170694, 0.23153524, 0.0000000, 2.2503524, 7.7427816, 9.5005941, 9.6643724, 9.8000412, 19.850697, 19.862923, 19.859283, 19.858709, 0.24992491, 0.27250084, 0.32742319, 0.34500480, 0.34664315, 0.34800020, 0.34925348, 0.34931463, 0.34929642, 0.34929353, 0.23153524
0.17683160, 1.0000000, 0.35083917, 1.7615467, 2.9554992, 8.4030285, 9.5468864, 9.6906204, 9.8098097, 19.846178, 19.859774, 19.858582, 19.858641, 0.26761255, 0.27955204, 0.33402607, 0.34546793, 0.34690574, 0.34809795, 0.34923089, 0.34929886, 0.34929290, 0.34929320, 0.35083917
0.20726557, 1.0000000, 0.46110713, 2.2309422, 5.3814406, 9.3242588, 9.5916052, 9.7182941, 9.8216238, 19.844084, 19.857830, 19.858187, 19.858652, 0.27230853, 0.30381310, 0.34324145, 0.34591582, 0.34718281, 0.34821621, 0.34922042, 0.34928915, 0.34929094, 0.34929326, 0.46110713
0.35595733, 1.0000000, 0.99984539, 9.9981518, 9.9988937, 9.9994421, 9.9998865, 9.9999456, 9.9999819, 19.999998, 19.999998, 19.999998, 19.994993, 0.34997872, 0.34998727, 0.34999359, 0.34999868, 0.34999937, 0.34999979, 0.34999999, 0.34999999, 0.34999999, 0.34997496, 0.99984539
0.34097087, 1.0000000, 0.94554651, 9.1810827, 9.6572447, 9.7998447, 9.9432592, 9.9709463, 9.9887409, 19.998478, 19.999599, 19.999855, 19.986019, 0.34181038, 0.34657219, 0.34799829, 0.34943256, 0.34970945, 0.34988740, 0.34999239, 0.34999800, 0.34999928, 0.34993011, 0.94554651
0.35438192, 1.0000000, 0.99413729, 9.9310741, 9.9566135, 9.9304895, 9.9829206, 9.9913845, 9.9967937, 19.999664, 19.999908, 19.999964, 19.988997, 0.34930986, 0.34956560, 0.34930462, 0.34982914, 0.34991381, 0.34996793, 0.34999833, 0.34999955, 0.34999982, 0.34994498, 0.99413729
0.32784528, 1.0000000, 0.89799011, 8.4529438, 9.3870468, 9.6205330, 9.8534288, 9.9218721, 9.9675179, 19.994225, 19.998486, 19.998941, 19.965576, 0.33452898, 0.34387016, 0.34620517, 0.34853426, 0.34921870, 0.34967518, 0.34997112, 0.34999242, 0.34999472, 0.34982789, 0.89799011
0.26812610, 1.0000000, 0.68161631, 4.2952404, 9.1955576, 9.4717627, 9.7280083, 9.8436375, 9.9289474, 19.984871, 19.996012, 19.995829, 19.943930, 0.29295212, 0.34195518, 0.34471741, 0.34728006, 0.34843636, 0.34928948, 0.34992436, 0.34998006, 0.34997913, 0.34971964, 0.68161631
0.21433546, 1.0000000, 0.48672268, 1.8172950, 6.8940253, 9.3695574, 9.6320410, 9.7750025, 9.8892250, 19.972652, 19.992682, 19.989857, 19.924948, 0.26817229, 0.31893873, 0.34369454, 0.34632021, 0.34774989, 0.34889221, 0.34986326, 0.34996340, 0.34994930, 0.34962475, 0.48672268
0.17160529, 1.0000000, 0.33190322, 0.58911145, 3.8132839, 9.3177757, 9.5857792, 9.7371578, 9.8646145, 19.963522, 19.989861, 19.981161, 19.909140, 0.25589058, 0.28813076, 0.34317520, 0.34585726, 0.34737131, 0.34864604, 0.34981760, 0.34994930, 0.34990579, 0.34954569, 0.33190322
0.16511607, 1.0000000, 0.30839154, 1.2065440, 2.4752350, 8.3687344, 9.5907612, 9.7348785, 9.8589573, 19.957750, 19.987379, 19.970007, 19.896456, 0.26206312, 0.27474949, 0.33368251, 0.34590653, 0.34734821, 0.34858939, 0.34978876, 0.34993690, 0.34985003, 0.34948227, 0.30839154
0.35599917, 1.0000000, 0.99999702, 9.9999990, 9.9999990, 9.9999990, 9.9999990, 9.9999990, 9.9999990, 19.999998, 19.999998, 19.999998, 19.998999, 0.34999958, 0.34999976, 0.34999987, 0.34999996, 0.34999999, 0.34999999, 0.34999999, 0.34999999, 0.34999999, 0.34999499, 0.99999702
0.33228177, 1.0000000, 0.91406435, 8.6683493, 9.5085249, 9.7164831, 9.9108162, 9.9537821, 9.9816628, 19.997215, 19.999271, 19.999559, 19.975210, 0.33668214, 0.34508437, 0.34716439, 0.34910807, 0.34953776, 0.34981659, 0.34998608, 0.34999636, 0.34999779, 0.34987605, 0.91406435
0.34484583, 1.0000000, 0.95958638, 9.3934746, 9.7394972, 9.8600159, 9.9636202, 9.9815216, 9.9930067, 19.999170, 19.999784, 19.999908, 19.986532, 0.34393036, 0.34739226, 0.34859878, 0.34963593, 0.34981507, 0.34993002, 0.34999585, 0.34999892, 0.34999955, 0.34993267, 0.95958638
0.35153252, 1.0000000, 0.98381335, 9.7695036, 9.8781328, 9.9373665, 9.9862633, 9.9930830, 9.9975834, 19.999891, 19.999969, 19.999983, 19.990009, 0.34769318, 0.34878018, 0.34937310, 0.34986252, 0.34993076, 0.34997579, 0.34999946, 0.34999985, 0.34999990, 0.34995005, 0.98381335
0.35456771, 1.0000000, 0.99481046, 9.9278355, 9.9584265, 9.9790277, 9.9957514, 9.9978714, 9.9992905, 19.999998, 19.999998, 19.999983, 19.990009, 0.34927788, 0.34958401, 0.34979013, 0.34995750, 0.34997872, 0.34999290, 0.34999999, 0.34999999, 0.34999990, 0.34995005, 0.99481046
0.35081440, 1.0000000, 0.98121160, 9.7782183, 9.7995090, 9.8945217, 9.9742403, 9.9869795, 9.9951763, 19.999510, 19.999874, 19.999958, 19.988003, 0.34778172, 0.34799483, 0.34894505, 0.34974238, 0.34986979, 0.34995177, 0.34999755, 0.34999937, 0.34999979, 0.34994000, 0.98121160
0.30829889, 1.0000000, 0.82716984, 7.1321130, 9.2707844, 9.5454626, 9.8127947, 9.8990240, 9.9573622, 19.992081, 19.997936, 19.998741, 19.964626, 0.32132027, 0.34270716, 0.34545428, 0.34812790, 0.34899020, 0.34957361, 0.34996039, 0.34998968, 0.34999371, 0.34982312, 0.82716984
0.25347853, 1.0000000, 0.62854540, 3.2475336, 9.1813803, 9.4593067, 9.7139645, 9.8332005, 9.9230490, 19.983315, 19.995619, 19.995556, 19.943094, 0.28247398, 0.34181148, 0.34459189, 0.34713942, 0.34833187, 0.34923047, 0.34991658, 0.34997809, 0.34997779, 0.34971547, 0.62854540
0.21088983, 1.0000000, 0.47423849, 1.6049176, 6.8132105, 9.4023104, 9.6504679, 9.7845669, 9.8930168, 19.973419, 19.992897, 19.989651, 19.924276, 0.26604831, 0.31812993, 0.34402162, 0.34650439, 0.34784552, 0.34893012, 0.34986711, 0.34996450, 0.34994826, 0.34962139, 0.47423849
0.34818548, 1.0000000, 0.97168642, 9.5862589, 9.8018885, 9.8959904, 9.9752264, 9.9874716, 9.9954443, 19.999611, 19.999903, 19.999964, 19.989016, 0.34585881, 0.34801656, 0.34895873, 0.34975201, 0.34987459, 0.34995440, 0.34999806, 0.34999952, 0.34999982, 0.34994507, 0.97168642
0.34523678, 1.0000000, 0.96100265, 9.5479660, 9.5811062, 9.7625494, 9.9318447, 9.9650154, 9.9865294, 19.998295, 19.999552, 19.999840, 19.985031, 0.34547919, 0.34581077, 0.34762534, 0.34931841, 0.34965011, 0.34986529, 0.34999147, 0.34999776, 0.34999919, 0.34992516, 0.96100265
0.32691145, 1.0000000, 0.89460653, 8.3950119, 9.3766670, 9.6130972, 9.8404388, 9.9134998, 9.9638777, 19.993885, 19.998396, 19.998661, 19.961859, 0.33394825, 0.34376541, 0.34613034, 0.34840426, 0.34913492, 0.34963873, 0.34996942, 0.34999198, 0.34999329, 0.34980929, 0.89460653
0.28181255, 1.0000000, 0.73120493, 5.2039471, 9.2969837, 9.5380831, 9.7598133, 9.8608837, 9.9367943, 19.987198, 19.996635, 19.995329, 19.940672, 0.30203810, 0.34296834, 0.34538010, 0.34759799, 0.34860876, 0.34936792, 0.34993598, 0.34998319, 0.34997666, 0.34970337, 0.73120493
0.32723409, 1.0000000, 0.89577568, 8.4905539, 9.3092308, 9.5361881, 9.7376909, 9.8399229, 9.9223270, 19.982553, 19.995358, 19.989414, 19.922325, 0.33490473, 0.34309179, 0.34536162, 0.34737685, 0.34839919, 0.34922326, 0.34991276, 0.34997678, 0.34994707, 0.34961164, 0.89577568
0.34317440, 1.0000000, 0.95353043, 9.2966976, 9.7076883, 9.8420849, 9.9593859, 9.9793625, 9.9922924, 19.999182, 19.999790, 19.999928, 19.988997, 0.34296563, 0.34707606, 0.34842044, 0.34959376, 0.34979358, 0.34992293, 0.34999591, 0.34999895, 0.34999964, 0.34994498, 0.95353043
0.28056562, 1.0000000, 0.72668695, 5.1689973, 9.2189579, 9.5033445, 9.7786016, 9.8785868, 9.9476757, 19.989813, 19.997334, 19.998638, 19.965511, 0.30168894, 0.34218845, 0.34503287, 0.34778589, 0.34878582, 0.34947672, 0.34994906, 0.34998667, 0.34999320, 0.34982756, 0.72668695
0.22648442, 1.0000000, 0.53074062, 2.4658589, 7.2582726, 9.4045391, 9.6660309, 9.8008757, 9.9058113, 19.978771, 19.994377, 19.995390, 19.943846, 0.27465686, 0.32257965, 0.34404340, 0.34665990, 0.34800854, 0.34905806, 0.34989387, 0.34997189, 0.34997696, 0.34971923, 0.53074062
0.20879665, 1.0000000, 0.46665454, 2.2013009, 5.5649357, 9.4105606, 9.6365118, 9.7707424, 9.8831968, 19.970055, 19.991909, 19.989660, 19.924934, 0.27201092, 0.30564615, 0.34410292, 0.34636459, 0.34770715, 0.34883186, 0.34985027, 0.34995955, 0.34994829, 0.34962466, 0.46665454
0.34087461, 1.0000000, 0.94519788, 9.4036942, 9.4313669, 9.5516853, 9.7123156, 9.8099957, 9.8964996, 19.968567, 19.991121, 19.981461, 19.909258, 0.34403646, 0.34431341, 0.34551671, 0.34712312, 0.34809995, 0.34896499, 0.34984285, 0.34995562, 0.34990731, 0.34954628, 0.94519788
0.35597759, 1.0000000, 0.99991870, 9.9991322, 9.9994774, 9.9997368, 9.9999485, 9.9999752, 9.9999876, 19.999998, 19.999998, 19.999996, 19.993994, 0.34998882, 0.34999329, 0.34999663, 0.34999934, 0.34999967, 0.34999985, 0.34999999, 0.34999999, 0.34999996, 0.34996998, 0.99991870
0.35389370, 1.0000000, 0.99236852, 9.9794645, 9.8920918, 9.7922029, 9.9361439, 9.9671726, 9.9874544, 19.998508, 19.999617, 19.999464, 19.970406, 0.34979418, 0.34892061, 0.34792188, 0.34936142, 0.34967172, 0.34987456, 0.34999254, 0.34999809, 0.34999731, 0.34985203, 0.99236852
0.30621883, 1.0000000, 0.81963342, 6.9556508, 9.3073092, 9.5587320, 9.8102531, 9.8964701, 9.9563875, 19.992437, 19.998032, 19.997055, 19.948355, 0.31955612, 0.34307280, 0.34558716, 0.34810251, 0.34896466, 0.34956387, 0.34996217, 0.34999016, 0.34998527, 0.34974176, 0.81963342
0.24660347, 1.0000000, 0.60363573, 2.9263139, 8.8979397, 9.4411287, 9.6981363, 9.8227139, 9.9179993, 19.982805, 19.995480, 19.991869, 19.928799, 0.27926126, 0.33897597, 0.34440947, 0.34698096, 0.34822696, 0.34917992, 0.34991401, 0.34997740, 0.34995934, 0.34964401, 0.60363573
0.21652204, 1.0000000, 0.49464500, 2.1156907, 6.6414909, 9.4046078, 9.6490746, 9.7825289, 9.8915539, 19.973680, 19.992853, 19.983801, 19.912306, 0.27115533, 0.31641191, 0.34404397, 0.34649032, 0.34782508, 0.34891549, 0.34986842, 0.34996426, 0.34991902, 0.34956151, 0.49464500
0.17729890, 1.0000000, 0.35253227, 0.88942647, 3.9744587, 9.3627253, 9.6113844, 9.7523432, 9.8711042, 19.964764, 19.989777, 19.972958, 19.898943, 0.25889361, 0.28974280, 0.34362516, 0.34611344, 0.34752321, 0.34871098, 0.34982383, 0.34994888, 0.34986478, 0.34949473, 0.35253227
0.14860435, 0.82847202, 0.24856646, 0.29465556E-1, 2.5001168, 8.2558203, 9.5814342, 9.7299967, 9.8571339, 19.957741, 19.986376, 19.960108, 19.888479, 0.25029460, 0.27499846, 0.33255374, 0.34581330, 0.34729943, 0.34857115, 0.34978870, 0.34993190, 0.34980053, 0.34944239, 0.24856646
0.13531820, 0.66802746, 0.20042828, 0.0000000, 1.6837507, 6.7823248, 9.5662661, 9.7178688, 9.8484697, 19.950840, 19.981699, 19.946085, 19.880489, 0.24999045, 0.26683447, 0.31781712, 0.34566092, 0.34717783, 0.34848440, 0.34975421, 0.34990850, 0.34973043, 0.34940246, 0.20042828
0.12153646, 0.50159788, 0.15049441, 0.0000000, 0.87001622, 5.0939980, 9.5178146, 9.6860857, 9.8316441, 19.942822, 19.974981, 19.931772, 19.874460, 0.24999045, 0.25869831, 0.30093455, 0.34517613, 0.34685981, 0.34831607, 0.34971410, 0.34987491, 0.34965885, 0.34937230, 0.15049441
0.10898352, 0.35000750, 0.10501275, 0.0000000, 0.24536550, 3.3248651, 9.4676819, 9.6523676, 9.8141642, 19.936022, 19.966602, 19.918226, 19.870024, 0.24999045, 0.25245297, 0.28324410, 0.34467423, 0.34652236, 0.34814119, 0.34968013, 0.34983301, 0.34959114, 0.34935012, 0.10501275
0.10157435, 0.26053375, 0.78167945E-1, 0.0000000, 0.0000000, 2.1851034, 8.6943960, 9.6127605, 9.7928200, 19.929571, 19.956472, 19.906000, 19.866812, 0.24999045, 0.24996786, 0.27184698, 0.33694074, 0.34612581, 0.34792760, 0.34964785, 0.34978235, 0.34953001, 0.34933406, 0.78167945E-1
0.96867755E-1, 0.20369649, 0.61115060E-1, 0.0000000, 0.0000000, 1.3003647, 7.4666548, 9.5560436, 9.7627115, 19.922550, 19.944775, 19.895430, 19.864447, 0.24999045, 0.24996786, 0.26300070, 0.32466316, 0.34555826, 0.34762636, 0.34961274, 0.34972388, 0.34947714, 0.34932223, 0.61115060E-1
0.93128562E-1, 0.15854171, 0.47567271E-1, 0.0000000, 0.0000000, 0.66109002, 6.1669841, 9.5245008, 9.7437010, 19.915291, 19.932262, 19.886614, 19.862732, 0.24999045, 0.24996786, 0.25660715, 0.31166282, 0.34523961, 0.34743518, 0.34957644, 0.34966132, 0.34943306, 0.34931368, 0.47567271E-1
0.17515582, 1.0000000, 0.34476742, 1.8417358, 2.8482854, 7.9984117, 9.3053446, 9.6678638, 9.8070736, 19.910620, 19.920465, 19.879725, 19.861567, 0.26841071, 0.27847669, 0.32997546, 0.34305143, 0.34667760, 0.34807038, 0.34955311, 0.34960234, 0.34939861, 0.34930784, 0.34476742
0.35596061, 1.0000000, 0.99985719, 9.9989529, 9.9993706, 9.9996834, 9.9999371, 9.9999666, 9.9999905, 19.999998, 19.999998, 19.999998, 19.994993, 0.34998035, 0.34998819, 0.34999409, 0.34999883, 0.34999940, 0.34999982, 0.34999999, 0.34999999, 0.34999999, 0.34997496, 0.99985719
0.35559899, 1.0000000, 0.99854708, 9.9998388, 9.9984322, 9.9152441, 9.9732571, 9.9864883, 9.9951200, 19.999636, 19.999903, 19.999958, 19.988003, 0.34999514, 0.34998238, 0.34915149, 0.34973237, 0.34986481, 0.34995118, 0.34999818, 0.34999952, 0.34999979, 0.34994000, 0.99854708
0.32120770, 1.0000000, 0.87394089, 7.9146614, 9.4500675, 9.6755676, 9.8918304, 9.9434528, 9.9773884, 19.996536, 19.999092, 19.999720, 19.984009, 0.32914570, 0.34450001, 0.34675536, 0.34891826, 0.34943449, 0.34977388, 0.34998268, 0.34999546, 0.34999859, 0.34992003, 0.87394089
0.30756640, 1.0000000, 0.82451594, 7.0096412, 9.3517179, 9.6049261, 9.8521166, 9.9214277, 9.9676504, 19.994463, 19.998562, 19.999537, 19.981985, 0.32009467, 0.34351578, 0.34604853, 0.34852102, 0.34921423, 0.34967646, 0.34997231, 0.34999281, 0.34999770, 0.34990993, 0.82451594
0.24647582, 1.0000000, 0.60317320, 2.9908299, 8.7723312, 9.4422531, 9.7111225, 9.8335924, 9.9248199, 19.984627, 19.995964, 19.997797, 19.958914, 0.27990675, 0.33772060, 0.34442106, 0.34711093, 0.34833577, 0.34924814, 0.34992313, 0.34997982, 0.34998900, 0.34979457, 0.60317320
0.21243764, 1.0000000, 0.47984651, 1.9277275, 6.4486408, 9.4246292, 9.6735620, 9.7999744, 9.9031219, 19.978746, 19.994324, 19.994192, 19.938057, 0.26927420, 0.31448027, 0.34424183, 0.34673470, 0.34799927, 0.34903106, 0.34989375, 0.34997162, 0.34997097, 0.34969029, 0.47984651
0.17924771, 1.0000000, 0.35959315, 0.97135901, 4.0625582, 9.3772478, 9.6353035, 9.7704620, 9.8840675, 19.972504, 19.992506, 19.987759, 19.920080, 0.25971279, 0.29062352, 0.34377012, 0.34635255, 0.34770438, 0.34884059, 0.34986252, 0.34996253, 0.34993881, 0.34960040, 0.35959315
0.15051043, 0.85148996, 0.25547254, 0.98255277E-1, 2.5698810, 8.3446932, 9.5917845, 9.7392178, 9.8647490, 19.964893, 19.989992, 19.978334, 19.905201, 0.25098228, 0.27569482, 0.33344042, 0.34591636, 0.34739143, 0.34864721, 0.34982446, 0.34994996, 0.34989166, 0.34952599, 0.25547254
0.13451245, 0.65829718, 0.19750890, 0.0000000, 1.6440839, 6.6716609, 9.5484056, 9.7087784, 9.8468914, 19.957170, 19.986805, 19.966410, 19.893316, 0.24999949, 0.26643759, 0.31671000, 0.34548217, 0.34708685, 0.34846857, 0.34978586, 0.34993404, 0.34983206, 0.34946659, 0.19750890
0.12206896, 0.50802833, 0.15242374, 0.0000000, 0.92195868, 5.1149669, 9.5324907, 9.6954193, 9.8372049, 19.950171, 19.982733, 19.952841, 19.884159, 0.24999949, 0.25921711, 0.30114278, 0.34532234, 0.34695289, 0.34837160, 0.34975085, 0.34991366, 0.34976420, 0.34942079, 0.15242374
0.11156638, 0.38119841, 0.11437096, 0.0000000, 0.37798285, 3.6711769, 9.5186291, 9.6850824, 9.8306131, 19.944275, 19.977398, 19.938654, 19.877234, 0.24999949, 0.25377673, 0.28669664, 0.34517846, 0.34684682, 0.34830478, 0.34972137, 0.34988698, 0.34969327, 0.34938616, 0.11437096
0.10328145, 0.28114888, 0.84353104E-1, 0.0000000, 0.0000000, 2.5392027, 8.9748411, 9.6406622, 9.8096418, 19.938324, 19.970200, 19.924747, 19.872076, 0.24999949, 0.24998194, 0.27537778, 0.33973834, 0.34640124, 0.34809458, 0.34969163, 0.34985101, 0.34962374, 0.34936038, 0.84353104E-1
0.99892020E-1, 0.24021778, 0.72072543E-1, 0.0000000, 0.0000000, 1.8816918, 8.1686754, 9.6352730, 9.8040476, 19.933411, 19.961391, 19.911945, 19.868305, 0.24999949, 0.24998194, 0.26880944, 0.33168027, 0.34634891, 0.34803915, 0.34966704, 0.34980696, 0.34955972, 0.34934151, 0.72072543E-1
0.35241121, 1.0000000, 0.98699713, 9.8167553, 9.9001360, 9.9489927, 9.9892673, 9.9946232, 9.9981670, 19.999964, 19.999992, 19.999983, 19.990009, 0.34816226, 0.34899816, 0.34948832, 0.34989235, 0.34994608, 0.34998161, 0.34999982, 0.34999996, 0.34999990, 0.34995005, 0.98699713
0.33821839, 1.0000000, 0.93557388, 9.0932474, 9.5206623, 9.7102022, 9.9094286, 9.9530659, 9.9821234, 19.998043, 19.999498, 19.999271, 19.966581, 0.34093109, 0.34520572, 0.34710157, 0.34909418, 0.34953061, 0.34982121, 0.34999022, 0.34999749, 0.34999636, 0.34983289, 0.93557388
0.29832029, 1.0000000, 0.79101551, 6.3759747, 9.3147116, 9.5690050, 9.8123875, 9.8969965, 9.9567366, 19.992926, 19.998169, 19.996561, 19.944914, 0.31375727, 0.34314492, 0.34568894, 0.34812364, 0.34896985, 0.34956732, 0.34996462, 0.34999084, 0.34998280, 0.34972456, 0.79101551
0.24358769, 1.0000000, 0.59270895, 2.9453368, 8.5009041, 9.4416265, 9.7037954, 9.8263702, 9.9208088, 19.984818, 19.996008, 19.991014, 19.925875, 0.27945158, 0.33500597, 0.34441456, 0.34703761, 0.34826353, 0.34920803, 0.34992409, 0.34998006, 0.34995508, 0.34962937, 0.59270895
0.20022413, 1.0000000, 0.43559468, 1.5494019, 5.6361580, 9.3706598, 9.6337881, 9.7741308, 9.8893843, 19.975891, 19.993387, 19.982471, 19.909914, 0.26549211, 0.30635744, 0.34370318, 0.34633717, 0.34774095, 0.34889373, 0.34987944, 0.34996694, 0.34991235, 0.34954956, 0.43559468
0.16774830, 1.0000000, 0.31792864, 0.63557029, 3.2394822, 9.3705320, 9.6191111, 9.7573271, 9.8749628, 19.969210, 19.990873, 19.971394, 19.897074, 0.25635460, 0.28239149, 0.34370047, 0.34619012, 0.34757277, 0.34874946, 0.34984607, 0.34995437, 0.34985697, 0.34948537, 0.31792864
0.14635442, 0.80130166, 0.24041454, 0.0000000, 2.2406964, 8.3213835, 9.6104851, 9.7483921, 9.8667574, 19.963003, 19.987602, 19.958340, 19.887064, 0.24996348, 0.27240452, 0.33320928, 0.34610382, 0.34748340, 0.34866738, 0.34981501, 0.34993801, 0.34979171, 0.34943533, 0.24041454
0.13587093, 0.67470217, 0.20243090, 0.0000000, 1.6034961, 7.0676818, 9.5984011, 9.7396507, 9.8609238, 19.957630, 19.983206, 19.944336, 19.879475, 0.24996348, 0.26603124, 0.32066861, 0.34598178, 0.34739536, 0.34860885, 0.34978816, 0.34991604, 0.34972167, 0.34939736, 0.20243090
0.12767333, 0.57570720, 0.17272943, 0.17063618, 1.0198474, 5.6924534, 9.5766678, 9.7245378, 9.8529530, 19.953028, 19.977255, 19.930296, 19.873795, 0.25170550, 0.26019534, 0.30691582, 0.34576374, 0.34724391, 0.34852901, 0.34976512, 0.34988627, 0.34965149, 0.34936899, 0.17272943
0.12169266, 0.50348419, 0.15106036, 0.17910004, 0.74947774, 4.7522726, 9.6084433, 9.7435007, 9.8617210, 19.952238, 19.970413, 19.917313, 19.869652, 0.25178966, 0.25749141, 0.29751202, 0.34608009, 0.34743279, 0.34861645, 0.34976119, 0.34985206, 0.34958655, 0.34934825, 0.15106036
0.10988831, 0.36093381, 0.10829097, 0.0000000, 0.31073093, 3.3939214, 9.5341425, 9.6988974, 9.8418274, 19.947472, 19.960741, 19.905418, 19.866564, 0.24997278, 0.25310639, 0.28393415, 0.34533855, 0.34698752, 0.34841779, 0.34973735, 0.34980372, 0.34952709, 0.34933281, 0.10829097
0.10607690, 0.31490687, 0.94481513E-1, 0.0000000, 0.14641583, 2.8416543, 9.3146029, 9.7346754, 9.8554230, 19.945665, 19.950438, 19.895380, 19.864384, 0.24997278, 0.25146368, 0.27841204, 0.34314308, 0.34734520, 0.34855369, 0.34972832, 0.34975219, 0.34947690, 0.34932190, 0.94481513E-1
0.10250418, 0.27176237, 0.81536867E-1, 0.0000000, 0.0000000, 2.3743629, 8.8106441, 9.7147398, 9.8475533, 19.941223, 19.938692, 19.886951, 19.862783, 0.24997278, 0.24999705, 0.27374005, 0.33810380, 0.34714594, 0.34847501, 0.34970611, 0.34969348, 0.34943476, 0.34931391, 0.81536867E-1
0.11396574, 0.41017321, 0.12306427, 0.98914206, 0.0000000, 1.9515067, 8.2878551, 9.7063618, 9.8421078, 19.935169, 19.926493, 19.880091, 19.861649, 0.25988984, 0.24999705, 0.26951414, 0.33287776, 0.34706312, 0.34842092, 0.34967583, 0.34963247, 0.34940046, 0.34930825, 0.12306427
0.13831487, 0.70421541, 0.21128576, 1.5299678, 2.2178054, 1.6722709, 7.8870735, 9.7284584, 9.8495655, 19.927555, 19.914515, 19.874643, 19.860826, 0.26529852, 0.27217704, 0.26672232, 0.32887039, 0.34728438, 0.34849560, 0.34963778, 0.34957257, 0.34937322, 0.34930414, 0.21128576
0.11913320, 0.47257590, 0.14178695, 0.65639019, 1.5481949, 1.3775498, 7.4546943, 9.7223263, 9.8465195, 19.919058, 19.903486, 19.870417, 19.860233, 0.25656271, 0.26548025, 0.26377475, 0.32454613, 0.34722272, 0.34846503, 0.34959528, 0.34951743, 0.34935209, 0.34930116, 0.14178695
0.14781836, 0.81898022, 0.24571864, 1.9333690, 2.1906435, 2.5979877, 8.2707319, 9.7598886, 9.8623838, 19.913162, 19.894531, 19.867388, 19.859858, 0.26933083, 0.27190450, 0.27597871, 0.33270657, 0.34759843, 0.34862369, 0.34956580, 0.34947264, 0.34933692, 0.34929928, 0.24571864
0.12692738, 0.56669897, 0.17002670, 0.93885064, 1.5524834, 2.2230983, 7.8796129, 9.7394629, 9.8524275, 19.902431, 19.885807, 19.864843, 19.859533, 0.25938731, 0.26552364, 0.27223012, 0.32879552, 0.34739426, 0.34852415, 0.34951216, 0.34942904, 0.34932423, 0.34929767, 0.17002670
0.12233081, 0.51119059, 0.15337251, 0.78853965, 1.3428807, 2.0779400, 7.6369057, 9.7735424, 9.8662338, 19.896902, 19.879824, 19.863249, 19.859362, 0.25788391, 0.26342729, 0.27077821, 0.32636818, 0.34773487, 0.34866217, 0.34948450, 0.34939912, 0.34931624, 0.34929681, 0.15337251
0.12197518, 0.50689596, 0.15208399, 0.95210075, 1.1283338, 1.9208610, 7.4079089, 9.7798128, 9.8692446, 19.890944, 19.874872, 19.862041, 19.859299, 0.25951955, 0.26128229, 0.26920772, 0.32407841, 0.34779769, 0.34869230, 0.34945470, 0.34937435, 0.34931022, 0.34929651, 0.15208399
0.10668291, 0.32222521, 0.96677229E-1, 0.25484860, 0.66384375, 1.5690744, 6.9933352, 9.7258520, 9.8447924, 19.881577, 19.869984, 19.860947, 19.859180, 0.25254789, 0.25663751, 0.26568964, 0.31993237, 0.34725782, 0.34844768, 0.34940788, 0.34934992, 0.34930474, 0.34929591, 0.96677229E-1
0.14383727, 0.77090442, 0.23129445, 1.7671615, 2.1884799, 2.3204775, 7.6587605, 9.7289162, 9.8425159, 19.875288, 19.866648, 19.860247, 19.859110, 0.26766959, 0.27188328, 0.27320397, 0.32658708, 0.34728882, 0.34842503, 0.34937644, 0.34933323, 0.34930122, 0.34929556, 0.23129445
0.15112293, 0.85888654, 0.25769174, 1.8829942, 2.4079323, 2.9377074, 9.2485924, 9.7280903, 9.8379364, 19.867455, 19.863434, 19.859575, 19.859011, 0.26882768, 0.27407756, 0.27937600, 0.34248528, 0.34728056, 0.34837925, 0.34933728, 0.34931716, 0.34929788, 0.34929505, 0.25769174
0.12568268, 0.55166799, 0.16551696, 0.72454214, 1.5758932, 2.4266541, 8.7196007, 9.6996622, 9.8232136, 19.859661, 19.860620, 19.859009, 19.858892, 0.25724480, 0.26575813, 0.27426592, 0.33719555, 0.34699637, 0.34823206, 0.34929830, 0.34930310, 0.34929505, 0.34929445, 0.16551696
0.21377090, 1.0000000, 0.48467714, 2.6445241, 5.9311104, 8.5246506, 9.0804653, 9.6832151, 9.8128414, 19.853317, 19.858425, 19.858519, 19.858805, 0.27644289, 0.30930793, 0.33524424, 0.34080416, 0.34683189, 0.34812832, 0.34926659, 0.34929213, 0.34929258, 0.34929401, 0.48467714
0.22974375, 1.0000000, 0.54254979, 2.4291964, 7.7491217, 9.3575878, 9.5799236, 9.7329903, 9.8313847, 19.850574, 19.857319, 19.858284, 19.858757, 0.27429175, 0.32749084, 0.34357566, 0.34579918, 0.34732988, 0.34831384, 0.34925288, 0.34928659, 0.34929141, 0.34929377, 0.54254979
0.34842861, 1.0000000, 0.97256744, 9.8638191, 9.5883036, 9.5383625, 9.6867523, 9.7798662, 9.8514271, 19.851095, 19.857197, 19.858301, 19.858757, 0.34863764, 0.34588274, 0.34538347, 0.34686750, 0.34779862, 0.34851426, 0.34925547, 0.34928599, 0.34929150, 0.34929377, 0.97256744
0.30804905, 1.0000000, 0.82626462, 7.1143842, 9.3052807, 9.5139818, 9.6926384, 9.7839279, 9.8532410, 19.849224, 19.856550, 19.858189, 19.858709, 0.32114345, 0.34305248, 0.34513965, 0.34692636, 0.34783927, 0.34853241, 0.34924611, 0.34928274, 0.34929094, 0.34929353, 0.82626462
0.28942466, 1.0000000, 0.75878495, 5.8434343, 9.2102709, 9.4518347, 9.6579618, 9.7639694, 9.8436613, 19.845034, 19.855358, 19.857904, 19.858658, 0.30843270, 0.34210116, 0.34451756, 0.34657943, 0.34763959, 0.34843659, 0.34922516, 0.34927678, 0.34928954, 0.34929329, 0.75878495
0.28893524, 1.0000000, 0.75701171, 5.8688555, 9.1228876, 9.4259272, 9.6479902, 9.7574520, 9.8407345, 19.843603, 19.854910, 19.857822, 19.858688, 0.30868772, 0.34122810, 0.34425884, 0.34647980, 0.34757450, 0.34840733, 0.34921801, 0.34927455, 0.34928912, 0.34929344, 0.75701171
0.35599893, 1.0000000, 0.99999613, 9.9999990, 9.9999990, 9.9999990, 9.9999990, 9.9999990, 9.9999990, 19.999998, 19.999998, 19.999998, 19.998999, 0.34999946, 0.34999967, 0.34999985, 0.34999996, 0.34999996, 0.34999999, 0.34999999, 0.34999999, 0.34999999, 0.34999499, 0.99999613
0.33071554, 1.0000000, 0.90838957, 8.5263634, 9.5453749, 9.7391806, 9.9204082, 9.9588623, 9.9839077, 19.997770, 19.999420, 19.999607, 19.975222, 0.33525449, 0.34544760, 0.34738868, 0.34920347, 0.34958830, 0.34983897, 0.34998885, 0.34999710, 0.34999803, 0.34987611, 0.90838957
0.29272866, 1.0000000, 0.77075601, 5.9481597, 9.3441162, 9.5880766, 9.8197508, 9.9011641, 9.9576139, 19.991997, 19.997919, 19.997650, 19.952753, 0.30947152, 0.34343168, 0.34587592, 0.34819654, 0.34901112, 0.34957597, 0.34995997, 0.34998959, 0.34998825, 0.34976375, 0.77075601
0.25964397, 1.0000000, 0.65088391, 3.5780630, 9.3200769, 9.5569277, 9.7719069, 9.8669729, 9.9390669, 19.987417, 19.996695, 19.993395, 19.932686, 0.28577504, 0.34319204, 0.34556481, 0.34771815, 0.34866926, 0.34939054, 0.34993708, 0.34998348, 0.34996697, 0.34966344, 0.65088391
0.35599703, 1.0000000, 0.99998909, 9.9999990, 9.9999962, 9.9999990, 9.9999990, 9.9999990, 9.9999990, 19.999998, 19.999998, 19.999998, 19.998999, 0.34999850, 0.34999907, 0.34999955, 0.34999990, 0.34999993, 0.34999996, 0.34999999, 0.34999999, 0.34999999, 0.34999499, 0.99998909
0.35599697, 1.0000000, 0.99998891, 9.9999990, 9.9999990, 9.9999962, 9.9999990, 9.9999990, 9.9999990, 19.999998, 19.999992, 19.999996, 19.993404, 0.34999847, 0.34999907, 0.34999952, 0.34999990, 0.34999993, 0.34999996, 0.34999999, 0.34999996, 0.34999996, 0.34996703, 0.99998891
0.33387506, 1.0000000, 0.91983724, 8.8416405, 9.4399586, 9.6678247, 9.8826981, 9.9383726, 9.9744377, 19.995232, 19.998764, 19.999218, 19.969793, 0.33841589, 0.34439924, 0.34667808, 0.34882694, 0.34938368, 0.34974438, 0.34997615, 0.34999382, 0.34999609, 0.34984896, 0.91983724
0.28927130, 1.0000000, 0.75822937, 5.7448382, 9.2917967, 9.5455437, 9.7825794, 9.8777351, 9.9454870, 19.988453, 19.996983, 19.996679, 19.947771, 0.30743840, 0.34290829, 0.34545046, 0.34782478, 0.34877685, 0.34945470, 0.34994227, 0.34998491, 0.34998339, 0.34973887, 0.75822937
0.24649741, 1.0000000, 0.60325146, 2.9407501, 8.8337536, 9.4905396, 9.7220907, 9.8340464, 9.9212294, 19.982054, 19.995253, 19.991663, 19.928349, 0.27940458, 0.33833230, 0.34490258, 0.34722033, 0.34834015, 0.34921220, 0.34991026, 0.34997627, 0.34995830, 0.34964174, 0.60325146
0.35599494, 1.0000000, 0.99998176, 9.9999008, 9.9999399, 9.9999695, 9.9999933, 9.9999962, 9.9999990, 19.999998, 19.999989, 19.990936, 19.912083, 0.34999749, 0.34999847, 0.34999925, 0.34999985, 0.34999990, 0.34999996, 0.34999999, 0.34999993, 0.34995466, 0.34956041, 0.99998176
0.35599905, 1.0000000, 0.99999660, 9.9999990, 9.9999990, 9.9999990, 9.9999990, 9.9999990, 9.9999990, 19.999998, 19.999998, 19.999998, 19.998999, 0.34999952, 0.34999973, 0.34999985, 0.34999996, 0.34999999, 0.34999999, 0.34999999, 0.34999999, 0.34999999, 0.34999499, 0.99999660
0.35599726, 1.0000000, 0.99998993, 9.9999037, 9.9999428, 9.9999723, 9.9999933, 9.9999962, 9.9999990, 19.999998, 19.999998, 19.999998, 19.997997, 0.34999859, 0.34999916, 0.34999961, 0.34999990, 0.34999996, 0.34999999, 0.34999999, 0.34999999, 0.34999999, 0.34998998, 0.99998993
0.35599732, 1.0000000, 0.99999028, 9.9999104, 9.9999456, 9.9999723, 9.9999933, 9.9999990, 9.9999990, 19.999998, 19.999998, 19.999998, 19.996996, 0.34999865, 0.34999919, 0.34999961, 0.34999990, 0.34999999, 0.34999999, 0.34999999, 0.34999999, 0.34999999, 0.34998497, 0.99999028
0.35568190, 1.0000000, 0.99884748, 9.9842014, 9.9906034, 9.9952955, 9.9990520, 9.9995251, 9.9998474, 19.999998, 19.999998, 19.999990, 19.991999, 0.34984112, 0.34990549, 0.34995270, 0.34999046, 0.34999523, 0.34999847, 0.34999999, 0.34999999, 0.34999996, 0.34996000, 0.99884748
0.32983440, 1.0000000, 0.90519702, 8.4811583, 9.5222092, 9.7211809, 9.9120550, 9.9543209, 9.9822245, 19.997675, 19.999392, 19.999325, 19.968466, 0.33481109, 0.34522176, 0.34721163, 0.34912053, 0.34954318, 0.34982225, 0.34998837, 0.34999695, 0.34999663, 0.34984234, 0.90519702
0.35598832, 1.0000000, 0.99995768, 9.9994631, 9.9996777, 9.9998417, 9.9999695, 9.9999819, 9.9999933, 19.999998, 19.999998, 19.999998, 19.994993, 0.34999415, 0.34999651, 0.34999827, 0.34999967, 0.34999982, 0.34999993, 0.34999999, 0.34999999, 0.34999999, 0.34997496, 0.99995768
0.35599595, 1.0000000, 0.99998534, 9.9998446, 9.9999065, 9.9999542, 9.9999905, 9.9999905, 9.9999962, 19.999998, 19.999998, 19.999998, 19.995995, 0.34999797, 0.34999877, 0.34999940, 0.34999987, 0.34999990, 0.34999996, 0.34999999, 0.34999999, 0.34999999, 0.34997997, 0.99998534
0.35599697, 1.0000000, 0.99998891, 9.9998980, 9.9999371, 9.9999695, 9.9999933, 9.9999933, 9.9999990, 19.999998, 19.999998, 19.999998, 19.996996, 0.34999847, 0.34999907, 0.34999955, 0.34999990, 0.34999990, 0.34999999, 0.34999999, 0.34999999, 0.34999999, 0.34998497, 0.99998891
0.33914489, 1.0000000, 0.93893075, 9.0665627, 9.6302643, 9.7939024, 9.9454708, 9.9721546, 9.9898386, 19.999212, 19.999784, 19.999716, 19.975761, 0.34066516, 0.34630233, 0.34793887, 0.34945467, 0.34972152, 0.34989840, 0.34999606, 0.34999892, 0.34999859, 0.34987882, 0.93893075
0.35583287, 1.0000000, 0.99939430, 9.9917116, 9.9950418, 9.9975233, 9.9995050, 9.9997520, 9.9999189, 19.999998, 19.999998, 19.999989, 19.991005, 0.34991664, 0.34995013, 0.34997508, 0.34999502, 0.34999752, 0.34999919, 0.34999999, 0.34999999, 0.34999993, 0.34995502, 0.99939430
0.33918422, 1.0000000, 0.93907309, 9.1145439, 9.5744514, 9.7591467, 9.9307404, 9.9643908, 9.9864073, 19.998390, 19.999582, 19.999847, 19.986019, 0.34114450, 0.34574392, 0.34759116, 0.34930736, 0.34964389, 0.34986407, 0.34999195, 0.34999791, 0.34999925, 0.34993011, 0.93907309
0.28496128, 1.0000000, 0.74261326, 5.4576426, 9.2549877, 9.5269566, 9.7927732, 9.8861961, 9.9524012, 19.992367, 19.998001, 19.998615, 19.962769, 0.30457568, 0.34254909, 0.34526917, 0.34792766, 0.34886193, 0.34952402, 0.34996182, 0.34999001, 0.34999308, 0.34981385, 0.74261326
0.23711015, 1.0000000, 0.56923968, 2.7836533, 7.9831567, 9.4503679, 9.7067013, 9.8270931, 9.9218435, 19.986425, 19.996414, 19.995424, 19.941500, 0.27783525, 0.32982939, 0.34450239, 0.34706673, 0.34827077, 0.34921837, 0.34993213, 0.34998208, 0.34997714, 0.34970748, 0.56923968
0.20698841, 1.0000000, 0.46010289, 1.8864393, 5.8505850, 9.4387074, 9.6816750, 9.8034811, 9.9052000, 19.982267, 19.995256, 19.989677, 19.923035, 0.26886284, 0.30850294, 0.34438473, 0.34681627, 0.34803456, 0.34905192, 0.34991133, 0.34997627, 0.34994838, 0.34961516, 0.46010289
0.32242355, 1.0000000, 0.87834615, 8.3765554, 8.9725571, 9.4470644, 9.6769896, 9.7953491, 9.8969641, 19.979233, 19.994171, 19.981075, 19.907675, 0.33376062, 0.33972237, 0.34446898, 0.34676957, 0.34795332, 0.34896958, 0.34989616, 0.34997085, 0.34990537, 0.34953839, 0.87834615
0.27688110, 1.0000000, 0.71333730, 4.9039073, 9.2394276, 9.4822130, 9.6925974, 9.8020000, 9.8964272, 19.976059, 19.992542, 19.969894, 19.895370, 0.29903874, 0.34239390, 0.34482193, 0.34692594, 0.34801999, 0.34896427, 0.34988028, 0.34996271, 0.34984946, 0.34947684, 0.71333730
0.24465430, 1.0000000, 0.59657353, 2.9843359, 8.5407286, 9.4936352, 9.7014799, 9.8064413, 9.8970566, 19.973429, 19.990168, 19.956900, 19.885820, 0.27984059, 0.33540252, 0.34493369, 0.34701425, 0.34806415, 0.34897047, 0.34986714, 0.34995085, 0.34978449, 0.34942910, 0.59657353
0.22977169, 1.0000000, 0.54265100, 2.9129772, 6.8651481, 9.4860592, 9.7029295, 9.8074579, 9.8974743, 19.971550, 19.986654, 19.943054, 19.878593, 0.27912867, 0.31864992, 0.34485951, 0.34702909, 0.34807447, 0.34897470, 0.34985775, 0.34993327, 0.34971526, 0.34939295, 0.54265100
0.20288345, 1.0000000, 0.44522989, 2.0508318, 5.0775213, 9.4465904, 9.6805048, 9.7945938, 9.8912077, 19.967854, 19.980915, 19.929136, 19.873163, 0.27050701, 0.30077326, 0.34446409, 0.34680465, 0.34794575, 0.34891200, 0.34983927, 0.34990457, 0.34964567, 0.34936583, 0.44522989
0.17358994, 1.0000000, 0.33909398, 1.1940569, 2.9980638, 9.3954239, 9.6451464, 9.7724380, 9.8805952, 19.963787, 19.973108, 19.916040, 19.869146, 0.26193932, 0.27997875, 0.34395131, 0.34645087, 0.34772408, 0.34880587, 0.34981894, 0.34986556, 0.34958020, 0.34934574, 0.33909398
0.15868071, 0.95015496, 0.28507501, 0.76461434, 2.4451375, 8.3306761, 9.6511402, 9.7738981, 9.8799620, 19.960976, 19.963772, 19.904459, 19.866253, 0.25764462, 0.27444845, 0.33330181, 0.34651023, 0.34773839, 0.34879941, 0.34980488, 0.34981886, 0.34952229, 0.34933126, 0.28507501
0.14605938, 0.79773873, 0.23934557, 0.43890774, 1.9650102, 7.3280668, 9.6498051, 9.7726984, 9.8789253, 19.957731, 19.952902, 19.894529, 19.864153, 0.25438818, 0.26964766, 0.32327613, 0.34649685, 0.34772640, 0.34878904, 0.34978867, 0.34976453, 0.34947264, 0.34932077, 0.23934557
0.13091494, 0.61485326, 0.18447442, 0.33572316E-1, 1.4210761, 6.1187959, 9.6119843, 9.7499542, 9.8685856, 19.952772, 19.940805, 19.886267, 19.862637, 0.25033563, 0.26420873, 0.31118357, 0.34611848, 0.34749886, 0.34868562, 0.34976387, 0.34970403, 0.34943134, 0.34931320, 0.18447442
0.12270258, 0.51568002, 0.15471947, 0.0000000, 1.0171264, 5.0553331, 9.6109428, 9.7471476, 9.8654490, 19.947041, 19.928499, 19.879635, 19.861555, 0.24999465, 0.26016977, 0.30054960, 0.34610799, 0.34747076, 0.34865424, 0.34973520, 0.34964249, 0.34939817, 0.34930778, 0.15471947
0.11637205, 0.43923196, 0.13178277, 0.0000000, 0.72021782, 4.1194725, 9.6132355, 9.7478514, 9.8648176, 19.940851, 19.916796, 19.874454, 19.860779, 0.24999465, 0.25720093, 0.29119116, 0.34613067, 0.34747767, 0.34864789, 0.34970427, 0.34958398, 0.34937227, 0.34930390, 0.13178277
0.11021720, 0.36490551, 0.10948260, 0.0000000, 0.46395957, 3.1513085, 9.5911303, 9.7342434, 9.8583508, 19.933718, 19.906033, 19.870451, 19.860245, 0.24999465, 0.25463849, 0.28150937, 0.34590903, 0.34734127, 0.34858313, 0.34966859, 0.34953016, 0.34935224, 0.34930122, 0.10948260
0.10670197, 0.32245529, 0.96746258E-1, 0.0000000, 0.30626357, 2.6714325, 9.3173199, 9.7426567, 9.8604088, 19.926128, 19.896614, 19.867434, 19.859886, 0.24999465, 0.25306177, 0.27671054, 0.34317055, 0.34742519, 0.34860361, 0.34963065, 0.34948307, 0.34933716, 0.34929943, 0.96746258E-1
0.10360450, 0.28504997, 0.85523546E-1, 0.27614832E-1, 0.10928214, 2.3097663, 8.8978319, 9.7346268, 9.8551016, 19.915998, 19.888079, 19.865049, 19.859581, 0.25027606, 0.25109261, 0.27309540, 0.33897659, 0.34734532, 0.34855068, 0.34957999, 0.34944040, 0.34932524, 0.34929791, 0.85523546E-1
0.10013031, 0.24309538, 0.72935909E-1, 0.0000000, 0.0000000, 1.8897772, 8.3792763, 9.7067804, 9.8404570, 19.904903, 19.880726, 19.863207, 19.859356, 0.24998753, 0.24998906, 0.26888213, 0.33377886, 0.34705976, 0.34840187, 0.34952453, 0.34940362, 0.34931603, 0.34929678, 0.72935909E-1
0.10478560, 0.29931307, 0.89802898E-1, 0.39373636, 0.0000000, 1.7539740, 8.0945740, 9.7600851, 9.8599377, 19.897486, 19.875549, 19.862005, 19.859299, 0.25393105, 0.24998906, 0.26753131, 0.33093795, 0.34759617, 0.34859779, 0.34948742, 0.34937775, 0.34931004, 0.34929651, 0.89802898E-1
0.10092793, 0.25272745, 0.75825818E-1, 0.17178059, 0.0000000, 1.6091853, 7.8434963, 9.7769432, 9.8664274, 19.889776, 19.871252, 19.861099, 19.859222, 0.25171489, 0.24998906, 0.26608366, 0.32842699, 0.34776446, 0.34866261, 0.34944889, 0.34935626, 0.34930551, 0.34929612, 0.75825818E-1
0.16714731, 1.0000000, 0.31575108, 2.8002114, 2.2913189, 3.9382274, 9.4233494, 9.8240128, 9.8844776, 19.884575, 19.868326, 19.860529, 19.859222, 0.27799922, 0.27291176, 0.28938106, 0.34423289, 0.34823984, 0.34884468, 0.34942287, 0.34934163, 0.34930265, 0.34929612, 0.31575108
0.16668534, 1.0000000, 0.31407729, 2.9921889, 2.1448970, 3.4235137, 9.6993008, 9.8339930, 9.8881731, 19.879337, 19.865898, 19.860100, 19.859217, 0.27991828, 0.27144742, 0.28423390, 0.34699231, 0.34833956, 0.34888160, 0.34939668, 0.34932950, 0.34930050, 0.34929609, 0.31407729
0.14878687, 0.83067632, 0.24922782, 1.8056303, 1.7660588, 3.8176868, 9.6926794, 9.8034782, 9.8748875, 19.872892, 19.863552, 19.859682, 19.859163, 0.26805356, 0.26765898, 0.28817514, 0.34692591, 0.34803435, 0.34874871, 0.34936446, 0.34931776, 0.34929842, 0.34929582, 0.24922782
0.13068363, 0.61205995, 0.18363635, 1.0021091, 1.2911826, 3.0895193, 9.6394920, 9.7633018, 9.8560371, 19.866222, 19.861429, 19.859299, 19.859087, 0.26001674, 0.26290846, 0.28089118, 0.34639242, 0.34763172, 0.34855995, 0.34933111, 0.34930715, 0.34929651, 0.34929544, 0.18363635
0.11827187, 0.46217448, 0.13866621, 0.46530068, 0.92946589, 2.6603580, 9.3672676, 9.7504196, 9.8476601, 19.861309, 19.859915, 19.859022, 19.859022, 0.25464961, 0.25929061, 0.27659777, 0.34366861, 0.34750208, 0.34847587, 0.34930655, 0.34929958, 0.34929511, 0.34929511, 0.13866621
0.10746333, 0.33164951, 0.99504806E-1, 0.28604269E-1, 0.58106184, 2.2891223, 8.9398565, 9.7291012, 9.8366385, 19.857025, 19.858648, 19.858732, 19.858940, 0.25028574, 0.25580692, 0.27288398, 0.33939290, 0.34728795, 0.34836534, 0.34928513, 0.34929323, 0.34929365, 0.34929469, 0.99504806E-1
0.10335772, 0.28206980, 0.84629409E-1, 0.0000000, 0.33363700, 1.9731045, 8.5146894, 9.7219772, 9.8320599, 19.854368, 19.857859, 19.858561, 19.858881, 0.24999082, 0.25333408, 0.26972428, 0.33514106, 0.34721643, 0.34831947, 0.34927183, 0.34928930, 0.34929281, 0.34929439, 0.84629409E-1
0.99535197E-1, 0.23590872, 0.70779696E-1, 0.0000000, 0.10167658, 1.6178817, 8.0061426, 9.6975021, 9.8206778, 19.851776, 19.857132, 19.858385, 19.858828, 0.24999082, 0.25101599, 0.26617274, 0.33005542, 0.34697139, 0.34820557, 0.34925887, 0.34928566, 0.34929192, 0.34929413, 0.70779696E-1
0.97158909E-1, 0.20721245, 0.62169950E-1, 0.0000000, 0.0000000, 1.3440311, 7.5213470, 9.6977558, 9.8195505, 19.850683, 19.856821, 19.858313, 19.858805, 0.24999082, 0.24999242, 0.26343471, 0.32520717, 0.34697351, 0.34819412, 0.34925342, 0.34928411, 0.34929156, 0.34929401, 0.62169950E-1
0.15289634, 0.88030243, 0.26411715, 2.3234129, 2.2899687, 2.5338411, 7.2617450, 9.7589550, 9.8440256, 19.852036, 19.857121, 19.858414, 19.858805, 0.27321970, 0.27289116, 0.27533370, 0.32261473, 0.34758773, 0.34843966, 0.34926018, 0.34928560, 0.34929207, 0.34929401, 0.26411715
0.28002256, 1.0000000, 0.72471935, 5.1930561, 9.1891279, 9.3953199, 9.6037493, 9.8141117, 9.8668146, 19.853601, 19.857515, 19.858423, 19.858805, 0.30193022, 0.34189096, 0.34395301, 0.34603748, 0.34814110, 0.34866816, 0.34926802, 0.34928757, 0.34929210, 0.34929401, 0.72471935
0.35599381, 1.0000000, 0.99997747, 9.9997368, 9.9998417, 9.9999161, 9.9999847, 9.9999962, 9.9999990, 19.999998, 19.999998, 19.999998, 19.994993, 0.34999689, 0.34999815, 0.34999901, 0.34999982, 0.34999996, 0.34999999, 0.34999999, 0.34999999, 0.34999999, 0.34997496, 0.99997747
0.35555971, 1.0000000, 0.99840456, 9.9997749, 9.9856644, 9.9289570, 9.9833403, 9.9915953, 9.9969549, 19.999754, 19.999939, 19.999908, 19.983068, 0.34999439, 0.34985462, 0.34928855, 0.34983319, 0.34991586, 0.34996954, 0.34999877, 0.34999970, 0.34999955, 0.34991533, 0.99840456
0.33747607, 1.0000000, 0.93288428, 8.9451637, 9.6320581, 9.7939539, 9.9432487, 9.9709406, 9.9891119, 19.998884, 19.999712, 19.999777, 19.979128, 0.33944818, 0.34631833, 0.34793842, 0.34943226, 0.34970927, 0.34989110, 0.34999442, 0.34999856, 0.34999889, 0.34989566, 0.93288428
0.30544972, 1.0000000, 0.81684673, 6.8199210, 9.3988094, 9.6311827, 9.8592386, 9.9245806, 9.9697657, 19.995916, 19.998932, 19.998310, 19.956398, 0.31819543, 0.34398496, 0.34631023, 0.34859207, 0.34924564, 0.34969759, 0.34997958, 0.34999466, 0.34999156, 0.34978199, 0.81684673
0.26828134, 1.0000000, 0.68217868, 4.2091308, 9.3076115, 9.5557785, 9.7916832, 9.8818178, 9.9498959, 19.992998, 19.998173, 19.994627, 19.935896, 0.29208976, 0.34307402, 0.34555671, 0.34791663, 0.34881806, 0.34949893, 0.34996498, 0.34999087, 0.34997314, 0.34967947, 0.68217868
0.23834726, 1.0000000, 0.57372195, 2.7378142, 8.1683817, 9.5200548, 9.7489033, 9.8505983, 9.9327307, 19.990223, 19.997356, 19.988121, 19.918335, 0.27737731, 0.33168232, 0.34519967, 0.34748885, 0.34850588, 0.34932727, 0.34995112, 0.34998679, 0.34994060, 0.34959167, 0.57372195
0.21590617, 1.0000000, 0.49241367, 2.1079450, 6.5182533, 9.5062561, 9.7297115, 9.8339109, 9.9213934, 19.988121, 19.996454, 19.978779, 19.903894, 0.27107742, 0.31517878, 0.34505981, 0.34729657, 0.34833881, 0.34921384, 0.34994060, 0.34998226, 0.34989390, 0.34951946, 0.49241367
0.19506970, 1.0000000, 0.41691920, 1.5655667, 4.9175477, 9.4873924, 9.7139292, 9.8210669, 9.9124918, 19.986214, 19.995066, 19.967052, 19.892427, 0.26565373, 0.29917184, 0.34487042, 0.34713858, 0.34821030, 0.34912479, 0.34993106, 0.34997532, 0.34983528, 0.34946215, 0.41691920
0.18696666, 1.0000000, 0.38756031, 1.5025407, 4.0050993, 9.5567608, 9.7442980, 9.8359423, 9.9160967, 19.985315, 19.992964, 19.953779, 19.883621, 0.26502416, 0.29004899, 0.34556526, 0.34744251, 0.34835917, 0.34916088, 0.34992659, 0.34996483, 0.34976891, 0.34941810, 0.38756031
0.20995130, 1.0000000, 0.47083801, 2.2533445, 5.4643054, 9.6740732, 9.7933645, 9.8629360, 9.9263496, 19.985289, 19.989635, 19.939926, 19.876966, 0.27253282, 0.30464214, 0.34673989, 0.34793347, 0.34862927, 0.34926346, 0.34992644, 0.34994817, 0.34969962, 0.34938484, 0.47083801
0.20267636, 1.0000000, 0.44447958, 2.2203922, 4.6816530, 9.5951424, 9.7790756, 9.8571978, 9.9248619, 19.984163, 19.984163, 19.926273, 19.872000, 0.27220371, 0.29681626, 0.34595117, 0.34779069, 0.34857196, 0.34924862, 0.34992081, 0.34992081, 0.34963137, 0.34935999, 0.44447958
0.18212792, 1.0000000, 0.37002867, 1.5740544, 3.3364925, 9.4924850, 9.7252789, 9.8271103, 9.9119997, 19.980862, 19.976095, 19.913500, 19.868330, 0.26573810, 0.28336179, 0.34492043, 0.34725186, 0.34827065, 0.34911984, 0.34990430, 0.34988049, 0.34956750, 0.34934166, 0.37002867
0.16685584, 1.0000000, 0.31469509, 1.0727555, 2.6328058, 8.8869104, 9.7047644, 9.8128586, 9.9043303, 19.977516, 19.966148, 19.902243, 19.865669, 0.26072633, 0.27632627, 0.33886606, 0.34704697, 0.34812826, 0.34904319, 0.34988758, 0.34983075, 0.34951121, 0.34932834, 0.31469509
0.15272567, 0.87824130, 0.26349875, 0.63092113, 2.1480918, 7.9227724, 9.6791964, 9.7958717, 9.8956184, 19.973658, 19.954699, 19.892708, 19.863747, 0.25630859, 0.27147961, 0.32922533, 0.34679136, 0.34795842, 0.34895608, 0.34986830, 0.34977350, 0.34946352, 0.34931874, 0.26349875
0.14588240, 0.79560143, 0.23870431, 0.46100616, 1.9101053, 7.3036065, 9.7108679, 9.8122187, 9.9011126, 19.970449, 19.942745, 19.884954, 19.862402, 0.25460982, 0.26910046, 0.32303494, 0.34710836, 0.34812203, 0.34901106, 0.34985226, 0.34971374, 0.34942478, 0.34931201, 0.23870431
0.13595234, 0.67568535, 0.20272587, 0.21683872, 1.5483558, 6.4504871, 9.6803093, 9.7951574, 9.8939476, 19.965012, 19.930323, 19.878710, 19.861401, 0.25216824, 0.26548293, 0.31450358, 0.34680271, 0.34795138, 0.34893942, 0.34982505, 0.34965160, 0.34939355, 0.34930700, 0.20272587
0.12603915, 0.55597281, 0.16680853, 0.73701143E-2, 1.1831850, 5.4938097, 9.6466599, 9.7742586, 9.8839197, 19.957813, 19.918253, 19.873775, 19.860691, 0.25007370, 0.26183096, 0.30493605, 0.34646589, 0.34774223, 0.34883907, 0.34978908, 0.34959126, 0.34936887, 0.34930345, 0.16680853
0.12150812, 0.50125563, 0.15039173, 0.0000000, 0.97118318, 4.8413157, 9.6730099, 9.7876883, 9.8871288, 19.949421, 19.907190, 19.869980, 19.860186, 0.24999894, 0.25971076, 0.29841048, 0.34672904, 0.34787634, 0.34887111, 0.34974712, 0.34953594, 0.34934992, 0.34930092, 0.15039173
0.11617091, 0.43680307, 0.13105403, 0.0000000, 0.70748627, 4.0883098, 9.6504297, 9.7744837, 9.8800802, 19.938820, 19.897161, 19.867018, 19.859810, 0.24999894, 0.25706872, 0.29086533, 0.34649593, 0.34774059, 0.34879938, 0.34969410, 0.34948581, 0.34933507, 0.34929904, 0.13105403
0.11425327, 0.41364539, 0.12410603, 0.0000000, 0.65282285, 3.7142105, 9.7190514, 9.8123169, 9.8939438, 19.930031, 19.889238, 19.864931, 19.859570, 0.24999894, 0.25652638, 0.28713688, 0.34718776, 0.34812179, 0.34893897, 0.34965014, 0.34944618, 0.34932464, 0.34929785, 0.12410603
0.11151953, 0.38063258, 0.11420120, 0.0000000, 0.54770410, 3.2668841, 9.7069464, 9.8076916, 9.8921194, 19.920395, 19.882517, 19.863342, 19.859404, 0.24999894, 0.25547561, 0.28266460, 0.34706694, 0.34807563, 0.34892076, 0.34960198, 0.34941259, 0.34931672, 0.34929702, 0.11420120
0.17390469, 1.0000000, 0.34023440, 2.4742484, 2.4079561, 6.3902478, 9.6017780, 9.7942419, 9.8851957, 19.910728, 19.877041, 19.862146, 19.859299, 0.27474126, 0.27407885, 0.31390154, 0.34601751, 0.34794226, 0.34885189, 0.34955364, 0.34938520, 0.34931073, 0.34929651, 0.34023440
0.17390014, 1.0000000, 0.34021789, 2.2864044, 2.2847919, 7.2325187, 9.7269554, 9.8268433, 9.8948565, 19.901815, 19.872721, 19.861282, 19.859287, 0.27286375, 0.27284774, 0.32232490, 0.34726948, 0.34826842, 0.34894857, 0.34950906, 0.34936360, 0.34930640, 0.34929645, 0.34021789
0.17401023, 1.0000000, 0.34061676, 2.1320701, 2.8806357, 6.5874114, 9.7092714, 9.8100920, 9.8853607, 19.891582, 19.868780, 19.860512, 19.859217, 0.27132040, 0.27880612, 0.31587383, 0.34709263, 0.34810090, 0.34885362, 0.34945792, 0.34934390, 0.34930256, 0.34929609, 0.34061676
0.16355100, 1.0000000, 0.30272102, 1.7041594, 2.5772185, 6.0947127, 9.7233028, 9.8142385, 9.8836412, 19.883429, 19.865871, 19.860006, 19.859175, 0.26703554, 0.27576667, 0.31094062, 0.34723094, 0.34814134, 0.34883606, 0.34941715, 0.34932935, 0.34930003, 0.34929588, 0.30272102
0.15172933, 0.86620957, 0.25988886, 1.2334287, 2.2176027, 5.5305643, 9.7086172, 9.8043251, 9.8768225, 19.876112, 19.863550, 19.859606, 19.859127, 0.26233047, 0.27217188, 0.30530050, 0.34708434, 0.34804234, 0.34876794, 0.34938055, 0.34931776, 0.34929803, 0.34929565, 0.25988886
0.13902879, 0.71283668, 0.21387240, 0.75349808, 1.8159330, 4.8732109, 9.6815138, 9.7868347, 9.8669777, 19.869638, 19.861658, 19.859299, 19.859070, 0.25753203, 0.26815507, 0.29872641, 0.34681287, 0.34786722, 0.34866938, 0.34934819, 0.34930828, 0.34929651, 0.34929535, 0.21387240
0.13299330, 0.63995165, 0.19200470, 0.55260956, 1.6288221, 4.4496417, 9.7158241, 9.8038139, 9.8713255, 19.865953, 19.860617, 19.859169, 19.859039, 0.25552443, 0.26628527, 0.29449236, 0.34715649, 0.34803724, 0.34871295, 0.34932977, 0.34930307, 0.34929585, 0.34929520, 0.19200470
0.12108830, 0.49618575, 0.14887062, 0.12049377, 1.2404025, 3.8050015, 9.6675348, 9.7761230, 9.8580647, 19.860470, 19.859203, 19.858856, 19.858963, 0.25120401, 0.26239824, 0.28804114, 0.34667084, 0.34775892, 0.34857988, 0.34930235, 0.34929603, 0.34929428, 0.34929481, 0.14887062
0.11359799, 0.40573221, 0.12173184, 0.0000000, 0.88734329, 3.1116281, 9.6383667, 9.7568531, 9.8480759, 19.856266, 19.858130, 19.858578, 19.858892, 0.24998949, 0.25886726, 0.28110546, 0.34637696, 0.34756514, 0.34847963, 0.34928134, 0.34929064, 0.34929287, 0.34929445, 0.12173184
0.10897073, 0.34985310, 0.10496642, 0.0000000, 0.58977604, 2.6507883, 9.3347692, 9.7390852, 9.8395472, 19.853718, 19.857433, 19.858431, 19.858839, 0.24998949, 0.25589469, 0.27650100, 0.34334287, 0.34738833, 0.34839460, 0.34926859, 0.34928715, 0.34929216, 0.34929419, 0.10496642
0.10543326, 0.30713427, 0.92149496E-1, 0.0000000, 0.36197305, 2.3306966, 8.9401522, 9.7337799, 9.8361301, 19.852022, 19.856997, 19.858368, 19.858828, 0.24998949, 0.25361866, 0.27330357, 0.33939889, 0.34733635, 0.34836084, 0.34926012, 0.34928498, 0.34929183, 0.34929413, 0.92149496E-1
0.10271148, 0.27426583, 0.82287982E-1, 0.0000000, 0.20388365, 2.0636916, 8.5671358, 9.7358665, 9.8364544, 19.851326, 19.856838, 19.858335, 19.858805, 0.24998949, 0.25203824, 0.27063388, 0.33566883, 0.34735724, 0.34836406, 0.34925663, 0.34928420, 0.34929168, 0.34929401, 0.82287982E-1
0.99988945E-1, 0.24138823, 0.72423711E-1, 0.0000000, 0.62340498E-1, 1.7741114, 8.1492472, 9.7220812, 9.8308105, 19.850670, 19.856663, 19.858301, 19.858805, 0.24998949, 0.25062326, 0.26773897, 0.33149052, 0.34721962, 0.34830773, 0.34925336, 0.34928331, 0.34929150, 0.34929401, 0.72423711E-1
0.98134466E-1, 0.21899340, 0.65704592E-1, 0.0000000, 0.0000000, 1.5319616, 7.7447715, 9.7210340, 9.8299665, 19.850447, 19.856609, 19.858288, 19.858805, 0.24998949, 0.24999911, 0.26531664, 0.32744470, 0.34720847, 0.34829906, 0.34925222, 0.34928304, 0.34929144, 0.34929401, 0.65704592E-1
0.96712127E-1, 0.20181708, 0.60551181E-1, 0.0000000, 0.0000000, 1.2789816, 7.2994289, 9.7069387, 9.8239613, 19.849865, 19.856466, 19.858236, 19.858805, 0.24998949, 0.24999911, 0.26278767, 0.32299185, 0.34706774, 0.34823906, 0.34924933, 0.34928232, 0.34929118, 0.34929401, 0.60551181E-1
0.95507815E-1, 0.18727368, 0.56187723E-1, 0.0000000, 0.0000000, 1.0732353, 6.8736882, 9.7074051, 9.8236303, 19.849663, 19.856421, 19.858213, 19.858805, 0.24998949, 0.24999911, 0.26073000, 0.31873384, 0.34707192, 0.34823558, 0.34924832, 0.34928209, 0.34929106, 0.34929401, 0.56187723E-1
0.94502382E-1, 0.17513205, 0.52544869E-1, 0.0000000, 0.0000000, 0.90699494, 6.4858961, 9.7149687, 9.8264894, 19.849586, 19.856390, 19.858208, 19.858805, 0.24998949, 0.24999911, 0.25906831, 0.31485665, 0.34714794, 0.34826431, 0.34924793, 0.34928197, 0.34929103, 0.34929401, 0.52544869E-1
0.93441285E-1, 0.16231817, 0.48700321E-1, 0.0000000, 0.0000000, 0.73613524, 6.0655899, 9.7038155, 9.8221350, 19.849382, 19.856337, 19.858194, 19.858805, 0.24998949, 0.24999911, 0.25735897, 0.31065199, 0.34703502, 0.34822032, 0.34924692, 0.34928167, 0.34929097, 0.34929401, 0.48700321E-1
0.92237018E-1, 0.14777532, 0.44337031E-1, 0.0000000, 0.0000000, 0.54863393, 5.5639820, 9.6769724, 9.8104181, 19.848597, 19.856133, 19.858166, 19.858805, 0.24998949, 0.24999911, 0.25548422, 0.30563551, 0.34676597, 0.34810293, 0.34924299, 0.34928066, 0.34929082, 0.34929401, 0.44337031E-1
0.91799319E-1, 0.14248960, 0.42751156E-1, 0.0000000, 0.0000000, 0.49353838, 5.2765536, 9.7363005, 9.8341179, 19.850075, 19.856537, 19.858236, 19.858805, 0.24998949, 0.24999911, 0.25493413, 0.30276287, 0.34736052, 0.34834033, 0.34925038, 0.34928268, 0.34929118, 0.34929401, 0.42751156E-1
0.91168389E-1, 0.13487041, 0.40465169E-1, 0.0000000, 0.0000000, 0.40395856, 4.9654093, 9.7318821, 9.8340168, 19.850370, 19.856607, 19.858261, 19.858805, 0.24998949, 0.24999911, 0.25403759, 0.29964918, 0.34731400, 0.34833854, 0.34925187, 0.34928304, 0.34929129, 0.34929401, 0.40465169E-1
0.90655386E-1, 0.12867543, 0.38606491E-1, 0.0000000, 0.0000000, 0.33095181, 4.7018380, 9.7479658, 9.8404932, 19.850430, 19.856613, 19.858273, 19.858805, 0.24998949, 0.24999911, 0.25330758, 0.29701290, 0.34747398, 0.34840304, 0.34925216, 0.34928307, 0.34929135, 0.34929401, 0.38606491E-1
0.90017408E-1, 0.12097112, 0.36294967E-1, 0.0000000, 0.0000000, 0.24026334, 4.3947845, 9.7307549, 9.8340988, 19.849897, 19.856466, 19.858225, 19.858805, 0.24998949, 0.24999911, 0.25240064, 0.29394057, 0.34729949, 0.34833828, 0.34924948, 0.34928232, 0.34929112, 0.34929401, 0.36294967E-1
0.89444458E-1, 0.11405215, 0.34219068E-1, 0.0000000, 0.0000000, 0.16741157, 4.0727596, 9.7200012, 9.8297663, 19.849928, 19.856466, 19.858219, 19.858805, 0.24998949, 0.24999911, 0.25167277, 0.29072106, 0.34719223, 0.34829503, 0.34924963, 0.34928232, 0.34929109, 0.34929401, 0.34219068E-1
0.88789672E-1, 0.10614481, 0.31846628E-1, 0.0000000, 0.0000000, 0.87562203E-1, 3.6939602, 9.6957216, 9.8193178, 19.849476, 19.856361, 19.858200, 19.858805, 0.24998949, 0.24999911, 0.25087529, 0.28693682, 0.34695360, 0.34819195, 0.34924740, 0.34928182, 0.34929100, 0.34929401, 0.31846628E-1
0.88112533E-1, 0.97967669E-1, 0.29393241E-1, 0.0000000, 0.0000000, 0.13116002E-1, 3.2635229, 9.6697817, 9.8075571, 19.848850, 19.856190, 19.858177, 19.858805, 0.24998949, 0.24999911, 0.25013107, 0.28263086, 0.34669137, 0.34807339, 0.34924424, 0.34928095, 0.34929088, 0.34929401, 0.29393241E-1
0.11817666, 0.46102467, 0.13832124, 2.1941304, 0.0000000, 0.0000000, 3.0370550, 9.7542076, 9.8404150, 19.850027, 19.856489, 19.858236, 19.858805, 0.27193180, 0.24999911, 0.24999970, 0.28036979, 0.34754080, 0.34840372, 0.34925014, 0.34928244, 0.34929118, 0.34929401, 0.13832124
0.10674772, 0.32300779, 0.96912026E-1, 1.3772786, 0.0000000, 0.0000000, 2.9065518, 9.6277094, 9.8378515, 19.848518, 19.856113, 19.858166, 19.858768, 0.26376647, 0.24999911, 0.24999970, 0.27906471, 0.34627575, 0.34837806, 0.34924260, 0.34928057, 0.34929082, 0.34929383, 0.96912026E-1
0.97281307E-1, 0.20869060, 0.62613443E-1, 0.70342422, 0.0000000, 0.0000000, 2.8038888, 9.4321384, 9.8305569, 19.847813, 19.855934, 19.858131, 19.858757, 0.25702783, 0.24999911, 0.24999970, 0.27803737, 0.34431881, 0.34830469, 0.34923905, 0.34927967, 0.34929067, 0.34929377, 0.62613443E-1
0.94583303E-1, 0.17610919, 0.52838042E-1, 0.51339269, 0.0000000, 0.0000000, 2.7629943, 9.3120852, 9.8454752, 19.849514, 19.856396, 19.858231, 19.858757, 0.25513172, 0.24999911, 0.24999970, 0.27762923, 0.34311965, 0.34845433, 0.34924757, 0.34928197, 0.34929115, 0.34929377, 0.52838042E-1
0.89523979E-1, 0.11501242, 0.34507178E-1, 0.16059279, 0.0000000, 0.0000000, 2.6509018, 9.0793018, 9.8264046, 19.849865, 19.856466, 19.858242, 19.858757, 0.25160462, 0.24999911, 0.24999970, 0.27650771, 0.34079078, 0.34826323, 0.34924933, 0.34928232, 0.34929121, 0.34929377, 0.34507178E-1
0.87025695E-1, 0.84842920E-1, 0.25455423E-1, 0.0000000, 0.0000000, 0.0000000, 2.4863987, 8.7321033, 9.7968922, 19.849882, 19.856466, 19.858231, 19.858757, 0.24992520, 0.24999911, 0.24999970, 0.27486336, 0.33731991, 0.34796852, 0.34924942, 0.34928232, 0.34929115, 0.34929377, 0.25455423E-1
0.86814336E-1, 0.82290538E-1, 0.24689630E-1, 0.0000000, 0.0000000, 0.0000000, 2.3660154, 8.4610767, 9.8009701, 19.849226, 19.856302, 19.858194, 19.858757, 0.24992520, 0.24999911, 0.24999970, 0.27365929, 0.33460924, 0.34800911, 0.34924614, 0.34928152, 0.34929097, 0.34929377, 0.24689630E-1
0.86700328E-1, 0.80913790E-1, 0.24276566E-1, 0.0000000, 0.0000000, 0.0000000, 2.3099482, 8.2918119, 9.8245020, 19.850430, 19.856596, 19.858294, 19.858757, 0.24992520, 0.24999911, 0.24999970, 0.27309412, 0.33290845, 0.34824121, 0.34925216, 0.34928298, 0.34929147, 0.34929377, 0.24276566E-1
0.87837964E-1, 0.94651900E-1, 0.28398411E-1, 0.89323521E-1, 0.0000000, 0.0000000, 2.2640824, 8.1530199, 9.8375120, 19.851578, 19.856915, 19.858377, 19.858757, 0.25089183, 0.24999911, 0.24999970, 0.27263868, 0.33152637, 0.34837356, 0.34925789, 0.34928459, 0.34929189, 0.34929377, 0.28398411E-1
0.86329833E-1, 0.76439671E-1, 0.22934195E-1, 0.0000000, 0.0000000, 0.0000000, 2.1062164, 7.8124957, 9.7951574, 19.850960, 19.856750, 19.858324, 19.858757, 0.24989969, 0.24999911, 0.24999970, 0.27106091, 0.32812259, 0.34795061, 0.34925479, 0.34928375, 0.34929162, 0.34929377, 0.22934195E-1
0.86229317E-1, 0.75225808E-1, 0.22569999E-1, 0.0000000, 0.0000000, 0.0000000, 2.0535052, 7.6646705, 9.8259811, 19.850571, 19.856663, 19.858307, 19.858757, 0.24989969, 0.24999911, 0.24999970, 0.27053422, 0.32664517, 0.34825915, 0.34925285, 0.34928331, 0.34929153, 0.34929377, 0.22569999E-1
0.86155504E-1, 0.74334428E-1, 0.22302559E-1, 0.0000000, 0.0000000, 0.0000000, 2.0148277, 7.5583529, 9.8450241, 19.850582, 19.856674, 19.858301, 19.858757, 0.24989969, 0.24999911, 0.24999970, 0.27014512, 0.32557759, 0.34844768, 0.34925291, 0.34928337, 0.34929150, 0.34929377, 0.22302559E-1
0.86082563E-1, 0.73453590E-1, 0.22038281E-1, 0.0000000, 0.0000000, 0.0000000, 1.9755602, 7.4574938, 9.8530331, 19.850761, 19.856739, 19.858313, 19.858757, 0.24989969, 0.24999911, 0.24999970, 0.26975375, 0.32457143, 0.34852877, 0.34925380, 0.34928370, 0.34929156, 0.34929377, 0.22038281E-1
0.86018592E-1, 0.72681069E-1, 0.21806501E-1, 0.0000000, 0.0000000, 0.0000000, 1.9404680, 7.3704705, 9.8590069, 19.850849, 19.856762, 19.858318, 19.858757, 0.24999954, 0.24999911, 0.24999970, 0.26940450, 0.32370436, 0.34858993, 0.34925425, 0.34928381, 0.34929159, 0.34929377, 0.21806501E-1
0.85884191E-1, 0.71058035E-1, 0.21319542E-1, 0.0000000, 0.0000000, 0.0000000, 1.8566966, 7.2196341, 9.8424196, 19.848839, 19.856237, 19.858189, 19.858757, 0.24999954, 0.24999911, 0.24999970, 0.26856506, 0.32219264, 0.34842253, 0.34924418, 0.34928119, 0.34929094, 0.34929377, 0.21319542E-1
0.85784547E-1, 0.69854736E-1, 0.20958517E-1, 0.0000000, 0.0000000, 0.0000000, 1.7979503, 7.0959268, 9.8442259, 19.848221, 19.856043, 19.858166, 19.858757, 0.24999954, 0.24999911, 0.24999970, 0.26797742, 0.32095516, 0.34844035, 0.34924111, 0.34928021, 0.34929082, 0.34929377, 0.20958517E-1
0.85618563E-1, 0.67850247E-1, 0.20357110E-1, 0.0000000, 0.0000000, 0.0000000, 1.6920269, 6.9155874, 9.8282366, 19.845203, 19.855263, 19.857979, 19.858757, 0.24999954, 0.24999911, 0.24999970, 0.26690635, 0.31914270, 0.34827596, 0.34922555, 0.34927619, 0.34928986, 0.34929377, 0.20357110E-1
0.85433781E-1, 0.65618806E-1, 0.19687612E-1, 0.0000000, 0.0000000, 0.0000000, 1.5764564, 6.7065401, 9.8146248, 19.842558, 19.854563, 19.857819, 19.858751, 0.24999954, 0.24999911, 0.24999970, 0.26574558, 0.31704718, 0.34813720, 0.34921214, 0.34927264, 0.34928906, 0.34929377, 0.19687612E-1
0.85207671E-1, 0.62888347E-1, 0.18868390E-1, 0.0000000, 0.0000000, 0.0000000, 1.4355272, 6.4445343, 9.7959709, 19.839460, 19.853750, 19.857635, 19.858709, 0.24999954, 0.24999911, 0.24999970, 0.26434991, 0.31443754, 0.34795573, 0.34919718, 0.34926870, 0.34928817, 0.34929353, 0.18868390E-1
0.84944770E-1, 0.59713498E-1, 0.17915841E-1, 0.0000000, 0.0000000, 0.0000000, 1.2799144, 6.1319580, 9.7772369, 19.836653, 19.852989, 19.857471, 19.858675, 0.24999954, 0.24999911, 0.24999970, 0.26277691, 0.31129807, 0.34776112, 0.34918246, 0.34926474, 0.34928730, 0.34929338, 0.17915841E-1
0.84695801E-1, 0.56706924E-1, 0.17013779E-1, 0.0000000, 0.0000000, 0.0000000, 1.1446565, 5.7988758, 9.7669401, 19.836470, 19.852932, 19.857466, 19.858688, 0.24999954, 0.24999911, 0.24999970, 0.26144394, 0.30798209, 0.34766564, 0.34918234, 0.34926465, 0.34928733, 0.34929344, 0.17013779E-1
0.84450357E-1, 0.53742878E-1, 0.16124476E-1, 0.0000000, 0.0000000, 0.0000000, 1.0184854, 5.4600449, 9.7614117, 19.836754, 19.852991, 19.857502, 19.858704, 0.24999954, 0.24999911, 0.24999970, 0.26018262, 0.30459443, 0.34761050, 0.34918377, 0.34926495, 0.34928751, 0.34929353, 0.16124476E-1
0.84197067E-1, 0.50684184E-1, 0.15206777E-1, 0.0000000, 0.0000000, 0.0000000, 0.89537799, 5.0978775, 9.7522764, 19.837376, 19.853149, 19.857542, 19.858698, 0.24999954, 0.24999911, 0.24999970, 0.25895095, 0.30097073, 0.34751764, 0.34918687, 0.34926575, 0.34928772, 0.34929350, 0.15206777E-1
0.83990648E-1, 0.48191443E-1, 0.14458879E-1, 0.0000000, 0.0000000, 0.0000000, 0.80321431, 4.7807331, 9.7601728, 19.839102, 19.853621, 19.857666, 19.858709, 0.24999954, 0.24999911, 0.24999970, 0.25802985, 0.29780048, 0.34759703, 0.34919551, 0.34926811, 0.34928834, 0.34929353, 0.14458879E-1
0.83852403E-1, 0.46521939E-1, 0.13957977E-1, 0.0000000, 0.0000000, 0.0000000, 0.74509382, 4.5538483, 9.7863731, 19.841345, 19.854221, 19.857819, 19.858709, 0.24999954, 0.24999911, 0.24999970, 0.25744948, 0.29553404, 0.34786054, 0.34920672, 0.34927112, 0.34928909, 0.34929353, 0.13957977E-1
0.84968358E-1, 0.59998300E-1, 0.18001290E-1, 0.94142556E-1, 0.0000000, 0.0000000, 0.66137910, 4.2831736, 9.7730904, 19.841869, 19.854368, 19.857824, 19.858709, 0.25094119, 0.24999911, 0.24999970, 0.25661370, 0.29283139, 0.34773067, 0.34920934, 0.34927183, 0.34928912, 0.34929353, 0.18001290E-1
0.83441384E-1, 0.41558471E-1, 0.12468789E-1, 0.0000000, 0.0000000, 0.0000000, 0.56230128, 3.9401240, 9.7457495, 19.841822, 19.854368, 19.857801, 19.858698, 0.24995230, 0.24999911, 0.24999970, 0.25562179, 0.28939700, 0.34745401, 0.34920910, 0.34927183, 0.34928900, 0.34929350, 0.12468789E-1
0.83303504E-1, 0.39893411E-1, 0.11969220E-1, 0.0000000, 0.0000000, 0.0000000, 0.51352382, 3.6957343, 9.7709837, 19.843960, 19.854929, 19.857948, 19.858709, 0.24995230, 0.24999911, 0.24999970, 0.25513479, 0.28695574, 0.34770840, 0.34921980, 0.34927464, 0.34928975, 0.34929353, 0.11969220E-1
0.83127990E-1, 0.37773941E-1, 0.11333316E-1, 0.0000000, 0.0000000, 0.0000000, 0.42559206, 3.4469624, 9.7730303, 19.842073, 19.854446, 19.857817, 19.858688, 0.24995230, 0.24999911, 0.24999970, 0.25425553, 0.28446808, 0.34772885, 0.34921038, 0.34927222, 0.34928909, 0.34929344, 0.11333316E-1
0.82964696E-1, 0.35801955E-1, 0.10741660E-1, 0.0000000, 0.0000000, 0.0000000, 0.35205781, 3.2025118, 9.7721653, 19.841658, 19.854342, 19.857784, 19.858709, 0.24995230, 0.24999911, 0.24999970, 0.25351313, 0.28201416, 0.34771195, 0.34920803, 0.34927166, 0.34928888, 0.34929353, 0.10741660E-1
0.82772687E-1, 0.33483222E-1, 0.10045972E-1, 0.0000000, 0.0000000, 0.0000000, 0.26717782, 2.9503436, 9.6390104, 19.841274, 19.854216, 19.857719, 19.858698, 0.24995230, 0.24999911, 0.24999970, 0.25267136, 0.27950120, 0.34638765, 0.34920639, 0.34927109, 0.34928858, 0.34929350, 0.10045972E-1
0.82630523E-1, 0.31766441E-1, 0.95308851E-2, 0.0000000, 0.0000000, 0.0000000, 0.20029247, 2.8009236, 9.4578285, 19.841551, 19.854273, 19.857731, 19.858709, 0.24995230, 0.24999911, 0.24999970, 0.25200275, 0.27800807, 0.34457698, 0.34920776, 0.34927136, 0.34928864, 0.34929353, 0.95308851E-2
0.82508676E-1, 0.30295040E-1, 0.90894215E-2, 0.0000000, 0.0000000, 0.0000000, 0.14936626, 2.6661963, 9.2857676, 19.842628, 19.854546, 19.857796, 19.858709, 0.24995230, 0.24999911, 0.24999970, 0.25149328, 0.27665842, 0.34285352, 0.34921315, 0.34927273, 0.34928897, 0.34929353, 0.90894215E-2
0.82439177E-1, 0.29455768E-1, 0.88376142E-2, 0.0000000, 0.0000000, 0.0000000, 0.12168884, 2.5904298, 9.1748524, 19.844690, 19.855087, 19.857948, 19.858709, 0.24995230, 0.24999911, 0.24999970, 0.25121668, 0.27590209, 0.34174591, 0.34922343, 0.34927544, 0.34928975, 0.34929353, 0.88376142E-2
0.13412350, 0.65360010, 0.19609964, 2.6477842, 1.8423289, 0.0000000, 0.78395009E-1, 2.4805217, 9.0272846, 19.845009, 19.855175, 19.857979, 19.858709, 0.27647319, 0.26842135, 0.24999970, 0.25078395, 0.27480510, 0.34027269, 0.34922504, 0.34927589, 0.34928989, 0.34929353, 0.19609964
0.11831991, 0.46275467, 0.13884029, 1.7623007, 1.4184028, 0.0000000, 0.14188886E-1, 2.4346769, 8.9651947, 19.842958, 19.854645, 19.857853, 19.858688, 0.26762238, 0.26418373, 0.24999970, 0.25014189, 0.27434674, 0.33965191, 0.34921479, 0.34927323, 0.34928927, 0.34929344, 0.13884029
0.10452425, 0.29615709, 0.88856012E-1, 1.0027081, 1.0249406, 0.0000000, 0.0000000, 2.3877323, 8.9003906, 19.841539, 19.854273, 19.857756, 19.858698, 0.26001841, 0.26024410, 0.24999970, 0.24999994, 0.27387670, 0.33900315, 0.34920770, 0.34927136, 0.34928876, 0.34929350, 0.88856012E-1
0.94662115E-1, 0.17706096, 0.53123601E-1, 0.47338009, 0.71812570, 0.0000000, 0.0000000, 2.3468285, 8.8361578, 19.841887, 19.854357, 19.857759, 19.858709, 0.25473025, 0.25717804, 0.24999970, 0.24999994, 0.27346775, 0.33836091, 0.34920943, 0.34927177, 0.34928879, 0.34929353, 0.53123601E-1
0.85179977E-1, 0.62553912E-1, 0.18768050E-1, 0.0000000, 0.36571324, 0.0000000, 0.0000000, 2.2868247, 8.7498283, 19.841639, 19.854273, 19.857731, 19.858709, 0.24999700, 0.25365436, 0.24999970, 0.24999994, 0.27286738, 0.33749717, 0.34920818, 0.34927136, 0.34928864, 0.34929353, 0.18768050E-1
0.82055278E-1, 0.24819719E-1, 0.74466607E-2, 0.0000000, 0.0000000, 0.0000000, 0.0000000, 2.1201344, 8.5336952, 19.839142, 19.853596, 19.857553, 19.858675, 0.24999700, 0.24997711, 0.24999970, 0.24999994, 0.27119955, 0.33533454, 0.34919572, 0.34926799, 0.34928778, 0.34929338, 0.74466607E-2
0.81932202E-1, 0.23333441E-1, 0.70007327E-2, 0.0000000, 0.0000000, 0.0000000, 0.0000000, 1.9165128, 8.2540016, 19.837666, 19.853188, 19.857483, 19.858675, 0.24999700, 0.24997711, 0.24999970, 0.24999994, 0.26916045, 0.33253330, 0.34918833, 0.34926593, 0.34928742, 0.34929338, 0.70007327E-2
0.81824586E-1, 0.22033852E-1, 0.66108168E-2, 0.0000000, 0.0000000, 0.0000000, 0.0000000, 1.7424196, 7.9958091, 19.837616, 19.853186, 19.857506, 19.858688, 0.24999700, 0.24997711, 0.24999970, 0.24999994, 0.26742104, 0.32995322, 0.34918809, 0.34926593, 0.34928754, 0.34929344, 0.66108168E-2
0.81755631E-1, 0.21201136E-1, 0.63609770E-2, 0.0000000, 0.0000000, 0.0000000, 0.0000000, 1.6340435, 7.8203440, 19.838831, 19.853508, 19.857620, 19.858709, 0.24999700, 0.24997711, 0.24999970, 0.24999994, 0.26633930, 0.32820162, 0.34919417, 0.34926754, 0.34928811, 0.34929353, 0.63609770E-2
0.10522198, 0.30458280, 0.91383979E-1, 1.7025113, 0.0000000, 0.0000000, 0.0000000, 1.5926272, 7.7472811, 19.839954, 19.853817, 19.857702, 19.858709, 0.26702428, 0.24997711, 0.24999970, 0.24999994, 0.26592624, 0.32747278, 0.34919977, 0.34926909, 0.34928852, 0.34929353, 0.91383979E-1
0.91359884E-1, 0.13718298, 0.41159011E-1, 0.70072114, 0.0000000, 0.0000000, 0.0000000, 1.5353531, 7.6616635, 19.838783, 19.853519, 19.857607, 19.858675, 0.25700504, 0.24997711, 0.24999970, 0.24999994, 0.26535338, 0.32661641, 0.34919393, 0.34926760, 0.34928805, 0.34929338, 0.41159011E-1
0.85434601E-1, 0.65628715E-1, 0.19690584E-1, 0.27282536, 0.0000000, 0.0000000, 0.0000000, 1.5035093, 7.6022167, 19.840050, 19.853861, 19.857702, 19.858709, 0.25272685, 0.24997711, 0.24999970, 0.24999994, 0.26503485, 0.32602179, 0.34920025, 0.34926930, 0.34928852, 0.34929353, 0.19690584E-1
0.81604026E-1, 0.19370388E-1, 0.58116978E-2, 0.0000000, 0.0000000, 0.0000000, 0.0000000, 1.3949245, 7.4397020, 19.837000, 19.853054, 19.857477, 19.858652, 0.24997365, 0.24997711, 0.24999970, 0.24999994, 0.26394698, 0.32439300, 0.34918499, 0.34926528, 0.34928739, 0.34929326, 0.58116978E-2
0.81583112E-1, 0.19117832E-1, 0.57359235E-2, 0.0000000, 0.0000000, 0.0000000, 0.0000000, 1.3663560, 7.3745685, 19.840038, 19.853844, 19.857719, 19.858709, 0.24997365, 0.24997711, 0.24999970, 0.24999994, 0.26365983, 0.32373896, 0.34920019, 0.34926921, 0.34928858, 0.34929353, 0.57359235E-2
0.14492881, 0.78408593, 0.23524931, 2.2138247, 2.8776712, 2.1702003, 0.0000000, 1.3414592, 7.3287525, 19.840715, 19.854027, 19.857744, 19.858709, 0.27213803, 0.27877656, 0.27170193, 0.24999994, 0.26341459, 0.32328752, 0.34920359, 0.34927014, 0.34928873, 0.34929353, 0.23524931
0.12721789, 0.57020724, 0.17107928, 1.3296753, 2.3801327, 1.9295990, 0.0000000, 1.2872070, 7.2661281, 19.836670, 19.852953, 19.857477, 19.858652, 0.26310781, 0.27370307, 0.26924625, 0.24999994, 0.26285940, 0.32265469, 0.34918219, 0.34926447, 0.34928730, 0.34929323, 0.17107928
0.10686973, 0.32448119, 0.97354092E-1, 0.32262504, 1.7548293, 1.6242027, 0.0000000, 1.2214273, 7.1923995, 19.832191, 19.851753, 19.857141, 19.858580, 0.25305355, 0.26745582, 0.26619509, 0.24999994, 0.26220250, 0.32191774, 0.34915990, 0.34925851, 0.34928566, 0.34929287, 0.97354092E-1
0.98521635E-1, 0.22366884, 0.67107365E-1, 0.0000000, 1.3568193, 1.4233559, 0.0000000, 1.1784822, 7.1306381, 19.832422, 19.851786, 19.857189, 19.858593, 0.24999204, 0.26349413, 0.26419571, 0.24999994, 0.26177552, 0.32130122, 0.34916127, 0.34925872, 0.34928590, 0.34929296, 0.67107365E-1
0.11058665, 0.36936706, 0.11082120, 0.98304152, 1.2070835, 1.3459861, 0.0000000, 1.1616021, 7.0866861, 19.836349, 19.852791, 19.857435, 19.858688, 0.25982800, 0.26206905, 0.26345888, 0.24999994, 0.26161593, 0.32086667, 0.34918174, 0.34926397, 0.34928718, 0.34929344, 0.11082120
0.14990658, 0.84419775, 0.25328466, 2.2211940, 3.0321193, 3.0681689, 0.0000000, 1.1453450, 7.0450673, 19.839239, 19.853569, 19.857666, 19.858709, 0.27221173, 0.28032100, 0.28068161, 0.24999994, 0.26145345, 0.32045066, 0.34919620, 0.34926784, 0.34928834, 0.34929353, 0.25328466
0.13204397, 0.62848753, 0.18856512, 1.7124951, 1.8383473, 2.6075244, 1.1717588, 1.1192083, 6.9964585, 19.840101, 19.853817, 19.857731, 19.858709, 0.26712295, 0.26838219, 0.27607432, 0.26171750, 0.26119205, 0.31996450, 0.34920052, 0.34926909, 0.34928864, 0.34929353, 0.18856512
0.12507901, 0.54437792, 0.16332972, 1.3646007, 1.6412348, 2.4893880, 1.1358798, 1.1010647, 6.9528613, 19.841997, 19.854342, 19.857838, 19.858709, 0.26364428, 0.26641110, 0.27489293, 0.26135871, 0.26101062, 0.31952852, 0.34920999, 0.34927171, 0.34928918, 0.34929353, 0.16332972
0.11280882, 0.39620224, 0.11887256, 0.77534914, 1.2717813, 2.2456141, 1.0741413, 1.0698378, 6.8958969, 19.841980, 19.854362, 19.857813, 19.858709, 0.25775266, 0.26271701, 0.27245542, 0.26074135, 0.26069835, 0.31895891, 0.34920990, 0.34927180, 0.34928906, 0.34929353, 0.11887256
0.10196957, 0.26530644, 0.79599895E-1, 0.27595758, 0.92650354, 2.0007463, 1.0097116, 1.0370374, 6.8371625, 19.841791, 19.854322, 19.857784, 19.858709, 0.25275904, 0.25926399, 0.27000633, 0.26009700, 0.26037031, 0.31837150, 0.34920895, 0.34927160, 0.34928891, 0.34929353, 0.79599895E-1
0.92661433E-1, 0.15290056, 0.45874756E-1, 0.0000000, 0.46178401, 1.6290069, 0.91036260, 0.98599195, 6.7593594, 19.839520, 19.853733, 19.857622, 19.858669, 0.24990891, 0.25461721, 0.26628894, 0.25910351, 0.25985986, 0.31759346, 0.34919760, 0.34926867, 0.34928811, 0.34929335, 0.45874756E-1
0.89628071E-1, 0.11626945, 0.34884326E-1, 0.0000000, 0.21795630, 1.4019817, 0.84765851, 0.95338523, 6.6965837, 19.840214, 19.853903, 19.857685, 19.858709, 0.24990891, 0.25217888, 0.26401764, 0.25847632, 0.25953370, 0.31696549, 0.34920108, 0.34926951, 0.34928843, 0.34929353, 0.34884326E-1
0.87595940E-1, 0.91729231E-1, 0.27521523E-1, 0.0000000, 0.65323710E-1, 1.2299776, 0.80079734, 0.92868209, 6.6396399, 19.841867, 19.854322, 19.857784, 19.858709, 0.24990891, 0.25065306, 0.26229814, 0.25800776, 0.25928670, 0.31639612, 0.34920934, 0.34927160, 0.34928891, 0.34929353, 0.27521523E-1
0.86566254E-1, 0.79294637E-1, 0.23790771E-1, 0.22977591E-2, 0.0000000, 1.1163741, 0.75909197, 0.90696514, 6.5923743, 19.842863, 19.854588, 19.857838, 19.858709, 0.25002295, 0.24999854, 0.26116151, 0.25759062, 0.25906947, 0.31592330, 0.34921432, 0.34927294, 0.34928918, 0.34929353, 0.23790771E-1
0.85798234E-1, 0.70019968E-1, 0.21008091E-1, 0.0000000, 0.0000000, 0.95407963, 0.70561171, 0.87856650, 6.5350885, 19.843077, 19.854675, 19.857855, 19.858709, 0.24999991, 0.24999854, 0.25953740, 0.25705561, 0.25878534, 0.31535012, 0.34921539, 0.34927338, 0.34928927, 0.34929353, 0.21008091E-1
0.99121690E-1, 0.23091520, 0.69281489E-1, 0.97702146, 0.0000000, 0.92056096, 0.68976879, 0.87043643, 6.5011969, 19.845491, 19.855337, 19.858036, 19.858709, 0.25976956, 0.24999854, 0.25920543, 0.25689766, 0.25870433, 0.31501195, 0.34922746, 0.34927669, 0.34929019, 0.34929353, 0.69281489E-1
0.14687152, 0.80754632, 0.24228813, 2.7580619, 2.0242066, 2.2323580, 1.8880308, 0.85898042, 6.4661312, 19.846800, 19.855667, 19.858166, 19.858709, 0.27757880, 0.27024126, 0.27232313, 0.26888025, 0.25858977, 0.31466129, 0.34923398, 0.34927833, 0.34929082, 0.34929353, 0.24228813
0.14216915, 0.75076002, 0.22525053, 1.9521236, 2.6825337, 2.1931708, 2.2086172, 2.9623568, 6.4218297, 19.845449, 19.855349, 19.858042, 19.858709, 0.26952004, 0.27682436, 0.27193129, 0.27208608, 0.27962351, 0.31421825, 0.34922725, 0.34927675, 0.34929019, 0.34929353, 0.22525053
0.11414361, 0.41232112, 0.12370871, 0.57604611, 1.8368483, 1.7813891, 2.0343037, 2.8689086, 6.3398271, 19.836296, 19.852942, 19.857407, 19.858574, 0.25569066, 0.26833037, 0.26779452, 0.27033362, 0.27868420, 0.31339571, 0.34918106, 0.34926459, 0.34928700, 0.34929287, 0.12370871
0.96217670E-1, 0.19584604, 0.58759686E-1, 0.0000000, 0.89748502, 1.2881011, 1.8263578, 2.7537704, 6.2401843, 19.827974, 19.850689, 19.856817, 19.858463, 0.24991614, 0.25891933, 0.26285163, 0.26824942, 0.27753022, 0.31239784, 0.34913924, 0.34925330, 0.34928405, 0.34929231, 0.58759686E-1
0.87836742E-1, 0.94637193E-1, 0.28393997E-1, 0.0000000, 0.14929473, 0.80457926, 1.6169131, 2.6288657, 6.1267533, 19.823910, 19.849489, 19.856504, 19.858427, 0.24991614, 0.25149149, 0.25804189, 0.26616755, 0.27628738, 0.31126654, 0.34911954, 0.34924746, 0.34928253, 0.34929213, 0.28393997E-1
0.84622703E-1, 0.55824187E-1, 0.16748931E-1, 0.0000000, 0.0000000, 0.38768947, 1.4044523, 2.4866462, 5.9930286, 19.823479, 19.849255, 19.856476, 19.858440, 0.24991614, 0.24994695, 0.25387350, 0.26404205, 0.27486429, 0.30992854, 0.34911740, 0.34924626, 0.34928238, 0.34929222, 0.16748931E-1
0.82955956E-1, 0.35696380E-1, 0.10709985E-1, 0.0000000, 0.0000000, 0.56093931E-1, 1.1632711, 2.3099780, 5.8286557, 19.822937, 19.849039, 19.856430, 19.858440, 0.24991614, 0.24994695, 0.25056079, 0.26163208, 0.27309915, 0.30828601, 0.34911469, 0.34924519, 0.34928215, 0.34929222, 0.10709985E-1
0.82425207E-1, 0.29287042E-1, 0.87869912E-2, 0.0000000, 0.0000000, 0.0000000, 0.92775822, 2.1203132, 5.6470485, 19.823029, 19.849007, 19.856430, 19.858458, 0.24991614, 0.24994695, 0.24997495, 0.25927705, 0.27120253, 0.30646995, 0.34911513, 0.34924504, 0.34928215, 0.34929228, 0.87869912E-2
0.82075574E-1, 0.25064850E-1, 0.75202072E-2, 0.0000000, 0.0000000, 0.0000000, 0.65761209, 1.8899143, 5.4277735, 19.819830, 19.848118, 19.856203, 19.858418, 0.24991614, 0.24994695, 0.24997495, 0.25657374, 0.26889575, 0.30427447, 0.34909916, 0.34924060, 0.34928101, 0.34929210, 0.75202072E-2
0.81972629E-1, 0.23821622E-1, 0.71472013E-2, 0.0000000, 0.0000000, 0.0000000, 0.58293641, 1.8213063, 5.3340240, 19.825951, 19.849712, 19.856634, 19.858494, 0.24991614, 0.24994695, 0.24997495, 0.25582841, 0.26821157, 0.30333883, 0.34912974, 0.34924856, 0.34928316, 0.34929246, 0.71472013E-2
0.81728891E-1, 0.20878254E-1, 0.62641026E-2, 0.0000000, 0.0000000, 0.0000000, 0.40980279, 1.6425848, 5.1431446, 19.825857, 19.849712, 19.856623, 19.858486, 0.24991614, 0.24994695, 0.24997495, 0.25409696, 0.26642370, 0.30142921, 0.34912929, 0.34924856, 0.34928310, 0.34929243, 0.62641026E-2
0.81588045E-1, 0.19177379E-1, 0.57537891E-2, 0.0000000, 0.0000000, 0.0000000, 0.31601489, 1.5345186, 5.0088649, 19.829132, 19.850597, 19.856834, 19.858528, 0.24991614, 0.24994695, 0.24997495, 0.25315955, 0.26534379, 0.30008709, 0.34914565, 0.34925300, 0.34928417, 0.34929264, 0.57537891E-2
0.81342183E-1, 0.16208319E-1, 0.48629823E-2, 0.0000000, 0.0000000, 0.0000000, 0.15662909, 1.3347685, 4.7827497, 19.827127, 19.850098, 19.856728, 19.858494, 0.24991614, 0.24994695, 0.24997495, 0.25156593, 0.26334614, 0.29782563, 0.34913564, 0.34925050, 0.34928364, 0.34929246, 0.48629823E-2
0.81106670E-1, 0.13364251E-1, 0.40096762E-2, 0.0000000, 0.0000000, 0.0000000, 0.19663572E-1, 1.1250496, 4.5270100, 19.825434, 19.849653, 19.856611, 19.858463, 0.24991614, 0.24994695, 0.24997495, 0.25019658, 0.26124877, 0.29526776, 0.34912717, 0.34924826, 0.34928304, 0.34929231, 0.40096762E-2
0.80993585E-1, 0.11998656E-1, 0.35999569E-2, 0.0000000, 0.0000000, 0.0000000, 0.0000000, 0.96505880, 4.3052316, 19.826710, 19.849985, 19.856705, 19.858480, 0.24991614, 0.24994695, 0.24997495, 0.24999978, 0.25964949, 0.29305068, 0.34913355, 0.34924993, 0.34928352, 0.34929240, 0.35999569E-2
0.80956765E-1, 0.11553994E-1, 0.34665451E-2, 0.0000000, 0.0000000, 0.0000000, 0.0000000, 0.90792477, 4.2107673, 19.830151, 19.850903, 19.856936, 19.858536, 0.24991614, 0.24994695, 0.24997495, 0.24999978, 0.25907606, 0.29210272, 0.34915075, 0.34925452, 0.34928468, 0.34929270, 0.34665451E-2
0.80910109E-1, 0.10990565E-1, 0.32974991E-2, 0.0000000, 0.0000000, 0.0000000, 0.0000000, 0.83331764, 4.0959182, 19.831383, 19.851286, 19.857042, 19.858574, 0.24991614, 0.24994695, 0.24997495, 0.24999978, 0.25833130, 0.29095608, 0.34915692, 0.34925643, 0.34928522, 0.34929287, 0.32974991E-2
0.83514787E-1, 0.42444896E-1, 0.12734743E-1, 0.19141138, 0.0000000, 0.0000000, 0.0000000, 0.77853203, 4.0038333, 19.833353, 19.851847, 19.857225, 19.858629, 0.25191301, 0.24994695, 0.24997495, 0.24999978, 0.25778520, 0.29003811, 0.34916675, 0.34925923, 0.34928614, 0.34929314, 0.12734743E-1
0.81097707E-1, 0.13256034E-1, 0.39772079E-2, 0.17708540E-1, 0.0000000, 0.0000000, 0.0000000, 0.74966848, 3.9478257, 19.835855, 19.852554, 19.857378, 19.858692, 0.25017583, 0.24994695, 0.24997495, 0.24999978, 0.25749511, 0.28947547, 0.34917927, 0.34926277, 0.34928688, 0.34929347, 0.39772079E-2
0.80813736E-1, 0.98267617E-2, 0.29483233E-2, 0.0000000, 0.0000000, 0.0000000, 0.0000000, 0.68518221, 3.8416932, 19.835997, 19.852650, 19.857389, 19.858692, 0.24999946, 0.24994695, 0.24997495, 0.24999978, 0.25685060, 0.28841466, 0.34917998, 0.34926325, 0.34928694, 0.34929347, 0.29483233E-2
0.83527796E-1, 0.42602025E-1, 0.12781885E-1, 0.19833744, 0.0000000, 0.0000000, 0.0000000, 0.66204667, 3.7837119, 19.839401, 19.853579, 19.857649, 19.858709, 0.25197941, 0.24994695, 0.24997495, 0.24999978, 0.25662008, 0.28783637, 0.34919700, 0.34926790, 0.34928825, 0.34929353, 0.12781885E-1
0.87207377E-1, 0.87036908E-1, 0.26113685E-1, 0.46525002, 0.0000000, 0.0000000, 0.0000000, 0.65262318, 3.7471812, 19.842598, 19.854464, 19.857849, 19.858709, 0.25465223, 0.24994695, 0.24997495, 0.24999978, 0.25652623, 0.28747177, 0.34921300, 0.34927231, 0.34928924, 0.34929353, 0.26113685E-1
0.82375184E-1, 0.28682962E-1, 0.86057493E-2, 0.11680126, 0.0000000, 0.0000000, 0.0000000, 0.62102973, 3.6941159, 19.842073, 19.854362, 19.857801, 19.858709, 0.25116545, 0.24994695, 0.24997495, 0.24999978, 0.25620988, 0.28694037, 0.34921038, 0.34927180, 0.34928900, 0.34929353, 0.86057493E-2
0.89282580E-1, 0.11209724, 0.33632535E-1, 0.62032938, 0.0000000, 0.0000000, 0.0000000, 0.59097111, 3.6446743, 19.841558, 19.854237, 19.857744, 19.858709, 0.25618479, 0.24994695, 0.24997495, 0.24999978, 0.25590867, 0.28644601, 0.34920770, 0.34927115, 0.34928873, 0.34929353, 0.33632535E-1
0.85264593E-1, 0.63575685E-1, 0.19074613E-1, 0.32891333, 0.0000000, 0.0000000, 0.0000000, 0.56679249, 3.5966566, 19.842276, 19.854416, 19.857784, 19.858709, 0.25328523, 0.24994695, 0.24997495, 0.24999978, 0.25566772, 0.28596616, 0.34921139, 0.34927207, 0.34928891, 0.34929353, 0.19074613E-1
0.13371918, 0.64871740, 0.19463469, 2.2365599, 2.6729286, 0.0000000, 0.0000000, 0.55906475, 3.5629120, 19.844950, 19.855127, 19.857973, 19.858709, 0.27236542, 0.27672917, 0.24997495, 0.24999978, 0.25559065, 0.28562912, 0.34922475, 0.34927565, 0.34928986, 0.34929353, 0.19463469
0.12491557, 0.54240435, 0.16273758, 1.8721789, 1.6997933, 1.0414094, 0.0000000, 0.50983429, 3.5023816, 19.840702, 19.854033, 19.857695, 19.858641, 0.26872146, 0.26699775, 0.26041403, 0.24999978, 0.25509834, 0.28502381, 0.34920353, 0.34927016, 0.34928846, 0.34929320, 0.16273758
0.11529432, 0.42621726, 0.12787797, 1.3713866, 1.4338106, 0.92399120, 0.0000000, 0.48534870, 3.4568493, 19.841249, 19.854168, 19.857702, 19.858709, 0.26371080, 0.26433620, 0.25923929, 0.24999978, 0.25485346, 0.28456840, 0.34920624, 0.34927085, 0.34928852, 0.34929353, 0.12787797
0.11138341, 0.37898880, 0.11370801, 1.3165951, 1.1257440, 0.78364015, 0.0000000, 0.45529008, 3.4078200, 19.840803, 19.854021, 19.857685, 19.858709, 0.26316074, 0.26125476, 0.25783548, 0.24999978, 0.25455284, 0.28407806, 0.34920400, 0.34927011, 0.34928843, 0.34929353, 0.11370801
0.10263626, 0.27335742, 0.82015425E-1, 1.1266619, 0.53116083, 0.50030351, 0.0000000, 0.39409697, 3.3359721, 19.835857, 19.852728, 19.857347, 19.858622, 0.26126394, 0.25531086, 0.25500268, 0.24999978, 0.25394094, 0.28335962, 0.34917930, 0.34926364, 0.34928674, 0.34929311, 0.82015425E-1
0.14265537, 0.75663161, 0.22701219, 2.5827317, 2.3030787, 1.7720401, 0.0000000, 0.38799644, 3.3010588, 19.840391, 19.853897, 19.857666, 19.858709, 0.27582300, 0.27302846, 0.26771951, 0.24999978, 0.25387993, 0.28301054, 0.34920195, 0.34926948, 0.34928834, 0.34929353, 0.22701219
0.15555844, 0.91245019, 0.27376243, 2.6753604, 2.1909122, 4.0348611, 2.4532647, 2.4792104, 5.3335180, 19.843966, 19.854855, 19.857918, 19.858709, 0.27675343, 0.27190903, 0.29034853, 0.27453265, 0.27479210, 0.30333519, 0.34921983, 0.34927428, 0.34928960, 0.34929353, 0.27376243
0.15244968, 0.87490869, 0.26249886, 2.7128725, 2.2056520, 2.1290123, 3.4508832, 9.1185465, 9.4428129, 19.845343, 19.855255, 19.858036, 19.858709, 0.27712852, 0.27205643, 0.27129006, 0.28450879, 0.34118542, 0.34442812, 0.34922671, 0.34927627, 0.34929019, 0.34929353, 0.26249886
0.12414588, 0.53310949, 0.15994884, 1.2928098, 1.4185697, 1.7215073, 2.8266251, 9.0598154, 9.7207766, 19.838242, 19.853403, 19.857540, 19.858587, 0.26292792, 0.26418558, 0.26721501, 0.27826622, 0.34059814, 0.34720775, 0.34919122, 0.34926701, 0.34928769, 0.34929293, 0.15994884
0.11048235, 0.36810753, 0.11044330, 0.61958134, 1.0235608, 1.4973164, 2.7293324, 8.8317003, 9.7923107, 19.838095, 19.853355, 19.857523, 19.858629, 0.25619212, 0.26023194, 0.26497048, 0.27729234, 0.33831543, 0.34792250, 0.34919047, 0.34926677, 0.34928763, 0.34929314, 0.11044330
0.11485815, 0.42095006, 0.12629765, 1.0666847, 0.86418390, 1.4015496, 2.6864557, 8.7071486, 9.8294182, 19.840820, 19.854063, 19.857719, 19.858709, 0.26066402, 0.25864047, 0.26401439, 0.27686414, 0.33707079, 0.34829393, 0.34920409, 0.34927031, 0.34928858, 0.34929353, 0.12629765
0.10979806, 0.35984391, 0.10796397, 0.80844760, 0.73251724, 1.3193041, 2.6489882, 8.6088533, 9.8471994, 19.843193, 19.854681, 19.857855, 19.858709, 0.25808349, 0.25732464, 0.26319256, 0.27648970, 0.33608824, 0.34847188, 0.34921595, 0.34927341, 0.34928927, 0.34929353, 0.10796397
0.11006553, 0.36307392, 0.10893307, 0.90738237, 0.63725710, 1.2578368, 2.6204586, 8.5297079, 9.8583622, 19.845432, 19.855301, 19.858036, 19.858709, 0.25907290, 0.25637218, 0.26257798, 0.27620444, 0.33529681, 0.34858355, 0.34922716, 0.34927651, 0.34929019, 0.34929353, 0.10893307
0.10282125, 0.27559140, 0.82685687E-1, 0.53637028, 0.45533478, 1.1315107, 2.5609314, 8.4184866, 9.8542194, 19.845881, 19.855442, 19.858107, 19.858709, 0.25536329, 0.25455314, 0.26131484, 0.27560920, 0.33418468, 0.34854209, 0.34922940, 0.34927720, 0.34929055, 0.34929353, 0.82685687E-1
0.95431581E-1, 0.18635309, 0.55911519E-1, 0.17091036, 0.26018620, 0.98313093, 2.4877310, 8.2867365, 9.8468113, 19.845751, 19.855425, 19.858084, 19.858709, 0.25170881, 0.25260159, 0.25983077, 0.27487704, 0.33286691, 0.34846795, 0.34922874, 0.34927714, 0.34929043, 0.34929353, 0.55911519E-1
0.10341834, 0.28280193, 0.84849067E-1, 0.96289217, 0.61303377E-2, 0.81214011, 2.3989229, 8.1522150, 9.8420153, 19.843590, 19.854860, 19.857918, 19.858692, 0.25962752, 0.25006130, 0.25812104, 0.27398902, 0.33152181, 0.34841999, 0.34921795, 0.34927431, 0.34928960, 0.34929347, 0.84849067E-1
0.88235989E-1, 0.99458501E-1, 0.29840535E-1, 0.0000000, 0.0000000, 0.44480860, 2.1793783, 7.8304782, 9.7935781, 19.837383, 19.853209, 19.857517, 19.858610, 0.24989083, 0.24999964, 0.25444224, 0.27178806, 0.32829449, 0.34793150, 0.34918693, 0.34926605, 0.34928757, 0.34929305, 0.29840535E-1
0.86519085E-1, 0.78725047E-1, 0.23619877E-1, 0.0000000, 0.0000000, 0.12866259, 1.9228071, 7.3657889, 9.7520857, 19.833559, 19.852161, 19.857225, 19.858574, 0.24989083, 0.24999964, 0.25128567, 0.26922524, 0.32365248, 0.34751847, 0.34916779, 0.34926081, 0.34928614, 0.34929287, 0.23619877E-1
0.86161174E-1, 0.74402906E-1, 0.22323105E-1, 0.0000000, 0.0000000, 0.73412061E-1, 1.8611014, 7.1606560, 9.7994013, 19.837770, 19.853231, 19.857512, 19.858688, 0.24989083, 0.24999964, 0.25073367, 0.26860881, 0.32160231, 0.34799209, 0.34918886, 0.34926617, 0.34928757, 0.34929344, 0.22323105E-1
0.85660234E-1, 0.68353467E-1, 0.20508092E-1, 0.0000000, 0.0000000, 0.0000000, 1.7495513, 6.9077539, 9.7965622, 19.839079, 19.853579, 19.857624, 19.858709, 0.24989083, 0.24999964, 0.24999966, 0.26749477, 0.31907609, 0.34796494, 0.34919539, 0.34926790, 0.34928811, 0.34929353, 0.20508092E-1
0.85275419E-1, 0.63706458E-1, 0.19113848E-1, 0.0000000, 0.0000000, 0.0000000, 1.5240937, 6.4463167, 9.7448301, 19.836382, 19.852890, 19.857441, 19.858646, 0.24989083, 0.24999964, 0.24999966, 0.26524046, 0.31446213, 0.34744778, 0.34918192, 0.34926444, 0.34928721, 0.34929323, 0.19113848E-1
0.85038327E-1, 0.60843278E-1, 0.18254809E-1, 0.0000000, 0.0000000, 0.0000000, 1.4016360, 6.1122880, 9.7635736, 19.837929, 19.853285, 19.857555, 19.858709, 0.24989083, 0.24999964, 0.24999966, 0.26401588, 0.31112188, 0.34763521, 0.34918964, 0.34926641, 0.34928778, 0.34929353, 0.18254809E-1
0.84665328E-1, 0.56338921E-1, 0.16903367E-1, 0.0000000, 0.0000000, 0.0000000, 1.1910349, 5.6429601, 9.7322521, 19.834745, 19.852446, 19.857347, 19.858629, 0.24989083, 0.24999964, 0.24999966, 0.26190993, 0.30642858, 0.34732196, 0.34917372, 0.34926224, 0.34928674, 0.34929314, 0.16903367E-1
0.84503852E-1, 0.54388884E-1, 0.16318297E-1, 0.0000000, 0.0000000, 0.0000000, 1.1168808, 5.3870063, 9.7775478, 19.837723, 19.853214, 19.857550, 19.858709, 0.24989083, 0.24999964, 0.24999966, 0.26116660, 0.30386469, 0.34777224, 0.34918863, 0.34926608, 0.34928775, 0.34929353, 0.16318297E-1
0.84225610E-1, 0.51028822E-1, 0.15310178E-1, 0.0000000, 0.0000000, 0.0000000, 0.97311139, 5.0118670, 9.7480450, 19.837492, 19.853163, 19.857553, 19.858688, 0.24989083, 0.24999964, 0.24999966, 0.25972983, 0.30011541, 0.34747833, 0.34918746, 0.34926581, 0.34928778, 0.34929344, 0.15310178E-1
0.98803945E-1, 0.22707808, 0.68130240E-1, 1.0845840, 0.0000000, 0.0000000, 0.77920258, 4.4834261, 9.7081003, 19.835064, 19.852520, 19.857388, 19.858646, 0.26084271, 0.24999964, 0.24999966, 0.25779188, 0.29483387, 0.34708074, 0.34917533, 0.34926260, 0.34928694, 0.34929323, 0.68130240E-1
0.14877480, 0.83053041, 0.24918404, 2.5435596, 2.4934053, 2.2504659, 0.71982443, 4.2652488, 9.7833719, 19.837152, 19.853062, 19.857536, 19.858709, 0.27543530, 0.27493387, 0.27250457, 0.25719824, 0.29265246, 0.34783372, 0.34918576, 0.34926531, 0.34928769, 0.34929353, 0.24918404
0.14333445, 0.76483232, 0.22947265, 2.4352221, 2.0151794, 1.3527483, 2.9239416, 8.8739557, 9.8155928, 19.837132, 19.853062, 19.857529, 19.858683, 0.27434844, 0.27014992, 0.26352686, 0.27923915, 0.33873916, 0.34815577, 0.34918565, 0.34926531, 0.34928763, 0.34929341, 0.22947265
0.13385044, 0.65030253, 0.19511028, 1.9394308, 1.7608881, 1.2433231, 2.8708429, 8.7559414, 9.8369570, 19.839430, 19.853687, 19.857702, 19.858709, 0.26939392, 0.26760867, 0.26243317, 0.27870840, 0.33755934, 0.34836954, 0.34919715, 0.34926844, 0.34928852, 0.34929353, 0.19511028
0.11344153, 0.40384281, 0.12116496, 0.89660883, 1.1883825, 0.98164082, 2.7381420, 8.5744419, 9.8269625, 19.836611, 19.852953, 19.857489, 19.858646, 0.25896218, 0.26188073, 0.25981513, 0.27738070, 0.33574328, 0.34826922, 0.34918305, 0.34926477, 0.34928745, 0.34929323, 0.12116496
0.10386905, 0.28824475, 0.86482078E-1, 0.42814016, 0.89717209, 0.84169209, 2.6627839, 8.4352446, 9.8347597, 19.838154, 19.853344, 19.857597, 19.858709, 0.25427896, 0.25896865, 0.25841549, 0.27662694, 0.33435100, 0.34834704, 0.34919077, 0.34926671, 0.34928799, 0.34929353, 0.86482078E-1
0.94419569E-1, 0.17413197, 0.52244820E-1, 0.0000000, 0.57045817, 0.67434609, 2.5666981, 8.2732420, 9.8310928, 19.838560, 19.853451, 19.857635, 19.858692, 0.24999738, 0.25570226, 0.25674209, 0.27566594, 0.33273074, 0.34831026, 0.34919280, 0.34926724, 0.34928817, 0.34929347, 0.52244820E-1
0.15758726, 0.93695039, 0.28111324, 2.9690027, 2.4268360, 2.3405850, 2.5302291, 8.1723537, 9.8473701, 19.841810, 19.854322, 19.857861, 19.858709, 0.27968657, 0.27426666, 0.27340505, 0.27530211, 0.33172324, 0.34847358, 0.34920904, 0.34927160, 0.34928930, 0.34929353, 0.28111324
0.16916353, 1.0000000, 0.32305625, 2.3401647, 2.3200302, 5.9710088, 9.1728220, 9.6229343, 9.8619795, 19.844490, 19.855055, 19.858042, 19.858709, 0.27340141, 0.27320015, 0.30970991, 0.34172815, 0.34622931, 0.34861979, 0.34922245, 0.34927529, 0.34929019, 0.34929353, 0.32305625
0.22431205, 1.0000000, 0.52286977, 2.6340306, 7.0755801, 8.6946516, 9.6330738, 9.7664251, 9.8677254, 19.846098, 19.855516, 19.858171, 19.858709, 0.27634016, 0.32075557, 0.33694637, 0.34633070, 0.34766421, 0.34867725, 0.34923050, 0.34927759, 0.34929085, 0.34929353, 0.52286977
0.22077425, 1.0000000, 0.51005161, 2.8834939, 5.7710176, 9.5913067, 9.7385950, 9.8170815, 9.8743391, 19.847837, 19.855997, 19.858225, 19.858709, 0.27883476, 0.30770996, 0.34591287, 0.34738591, 0.34817079, 0.34874338, 0.34923917, 0.34928000, 0.34929112, 0.34929353, 0.51005161
0.19859581, 1.0000000, 0.42969495, 2.1062315, 4.4357681, 9.5076237, 9.7001324, 9.7933331, 9.8584909, 19.844557, 19.855127, 19.857977, 19.858688, 0.27106014, 0.29435495, 0.34507331, 0.34700072, 0.34793302, 0.34858483, 0.34922278, 0.34927565, 0.34928989, 0.34929344, 0.42969495
0.18578786, 1.0000000, 0.38328934, 1.9906729, 3.1021361, 9.4710302, 9.6788931, 9.7783270, 9.8497658, 19.842707, 19.854639, 19.857866, 19.858692, 0.26990643, 0.28102109, 0.34470987, 0.34678885, 0.34778324, 0.34849766, 0.34921354, 0.34927320, 0.34928933, 0.34929347, 0.38328934
0.16036244, 0.97046375, 0.29116824, 0.93308389, 2.2872062, 8.4986906, 9.6322460, 9.7485256, 9.8347492, 19.838343, 19.853472, 19.857571, 19.858629, 0.25932944, 0.27286997, 0.33498302, 0.34632161, 0.34748480, 0.34834734, 0.34919173, 0.34926736, 0.34928787, 0.34929314, 0.29116824
0.14259395, 0.75588977, 0.22678962, 0.23643076, 1.7662257, 7.5702758, 9.6325951, 9.7461290, 9.8324270, 19.836786, 19.853031, 19.857441, 19.858646, 0.25236413, 0.26766145, 0.32570106, 0.34632549, 0.34746107, 0.34832421, 0.34918392, 0.34926516, 0.34928721, 0.34929323, 0.22678962
0.12974226, 0.60069197, 0.18022561, 0.0000000, 1.1671364, 6.4607935, 9.6015453, 9.7268257, 9.8232079, 19.834034, 19.852259, 19.857265, 19.858622, 0.24997453, 0.26167044, 0.31460539, 0.34601471, 0.34726787, 0.34823197, 0.34917018, 0.34926128, 0.34928632, 0.34929311, 0.18022561
0.12228398, 0.51062506, 0.15320285, 0.0000000, 0.74846745, 5.4953890, 9.6058607, 9.7283401, 9.8237534, 19.833992, 19.852230, 19.857265, 19.858641, 0.24997453, 0.25748423, 0.30495226, 0.34605804, 0.34728312, 0.34823745, 0.34916997, 0.34926116, 0.34928632, 0.34929320, 0.15320285
0.11378595, 0.40800214, 0.12241288, 0.0000000, 0.28264523, 4.3834085, 9.5731630, 9.7086582, 9.8150024, 19.832191, 19.851728, 19.857141, 19.858635, 0.24997453, 0.25282598, 0.29383039, 0.34573001, 0.34708577, 0.34814975, 0.34916097, 0.34925863, 0.34928572, 0.34929317, 0.12241288
0.10581276, 0.31171712, 0.93524493E-1, 0.0000000, 0.0000000, 3.0404134, 9.5075254, 9.6679707, 9.7961607, 19.828136, 19.850622, 19.856848, 19.858568, 0.24997453, 0.24998283, 0.28040165, 0.34507370, 0.34667894, 0.34796134, 0.34914067, 0.34925312, 0.34928423, 0.34929284, 0.93524493E-1
0.10303287, 0.27814701, 0.83452448E-1, 0.0000000, 0.0000000, 2.4769902, 8.9645243, 9.6735115, 9.7977905, 19.828114, 19.850550, 19.856836, 19.858562, 0.24997453, 0.24998283, 0.27476701, 0.33964315, 0.34673399, 0.34797752, 0.34914058, 0.34925276, 0.34928417, 0.34929281, 0.83452448E-1
0.17558061, 1.0000000, 0.34630653, 2.4787366, 2.7778239, 6.0746708, 9.4711199, 9.7433157, 9.8278866, 19.833048, 19.851835, 19.857201, 19.858658, 0.27478403, 0.27777600, 0.31074426, 0.34471041, 0.34743276, 0.34827876, 0.34916523, 0.34925917, 0.34928602, 0.34929329, 0.34630653
0.19479118, 1.0000000, 0.41591007, 2.5344551, 3.3559856, 9.3245344, 9.6824121, 9.7867384, 9.8477440, 19.837444, 19.853008, 19.857508, 19.858709, 0.27534330, 0.28355885, 0.34324393, 0.34682381, 0.34786722, 0.34847736, 0.34918723, 0.34926504, 0.34928754, 0.34929353, 0.41591007
0.35596293, 1.0000000, 0.99986571, 9.9985275, 9.9991112, 9.9995584, 9.9999132, 9.9999542, 9.9999847, 19.999998, 19.999998, 19.999998, 19.994993, 0.34998155, 0.34998888, 0.34999445, 0.34999889, 0.34999943, 0.34999982, 0.34999999, 0.34999999, 0.34999999, 0.34997496, 0.99986571
0.35599864, 1.0000000, 0.99999499, 9.9999313, 9.9999580, 9.9999819, 9.9999933, 9.9999990, 9.9999990, 19.999998, 19.999998, 19.999998, 19.996996, 0.34999931, 0.34999958, 0.34999982, 0.34999993, 0.34999999, 0.34999999, 0.34999999, 0.34999999, 0.34999999, 0.34998497, 0.99999499
0.35279685, 1.0000000, 0.98839438, 9.8605518, 9.8790417, 9.9372978, 9.9840355, 9.9919405, 9.9968739, 19.999552, 19.999886, 19.999950, 19.987026, 0.34860519, 0.34879020, 0.34937289, 0.34984031, 0.34991941, 0.34996873, 0.34999776, 0.34999943, 0.34999976, 0.34993511, 0.98839438
0.34517229, 1.0000000, 0.96076912, 9.4092426, 9.7491217, 9.8649817, 9.9639940, 9.9816971, 9.9929562, 19.999050, 19.999748, 19.999908, 19.987009, 0.34409210, 0.34749100, 0.34864971, 0.34963992, 0.34981698, 0.34992957, 0.34999526, 0.34999874, 0.34999955, 0.34993505, 0.96076912
0.32202995, 1.0000000, 0.87692010, 7.9223633, 9.5187731, 9.7114201, 9.8906116, 9.9420795, 9.9754744, 19.995083, 19.998718, 19.998880, 19.963737, 0.32922295, 0.34518725, 0.34711397, 0.34890604, 0.34942076, 0.34975475, 0.34997541, 0.34999359, 0.34999439, 0.34981868, 0.87692010
0.30640996, 1.0000000, 0.82032585, 6.9106264, 9.3797789, 9.6086664, 9.8167410, 9.8977079, 9.9539223, 19.989485, 19.997246, 19.995836, 19.942354, 0.31910592, 0.34379753, 0.34608653, 0.34816739, 0.34897706, 0.34953922, 0.34994742, 0.34998623, 0.34997919, 0.34971178, 0.82032585
0.33151698, 1.0000000, 0.91129333, 8.7043238, 9.4196253, 9.6211824, 9.7983713, 9.8808584, 9.9432144, 19.986055, 19.996294, 19.990246, 19.923763, 0.33704090, 0.34419474, 0.34621105, 0.34798357, 0.34880850, 0.34943211, 0.34993029, 0.34998149, 0.34995124, 0.34961882, 0.91129333
0.35597193, 1.0000000, 0.99989820, 9.9998531, 9.9999132, 9.9999580, 9.9995508, 9.9657211, 9.9285793, 19.980734, 19.994627, 19.981621, 19.908253, 0.34999815, 0.34999889, 0.34999946, 0.34999546, 0.34965721, 0.34928578, 0.34990367, 0.34997314, 0.34990811, 0.34954125, 0.99989820
0.35223007, 1.0000000, 0.98634070, 9.8880701, 9.8257446, 9.8247242, 9.9497938, 9.9742794, 9.9899244, 19.998533, 19.999611, 19.999729, 19.977167, 0.34887907, 0.34825647, 0.34824675, 0.34949785, 0.34974274, 0.34989920, 0.34999266, 0.34999806, 0.34999865, 0.34988582, 0.98634070
0.33863515, 1.0000000, 0.93708396, 9.0339746, 9.6257811, 9.7906551, 9.9389734, 9.9686794, 9.9877186, 19.998211, 19.999540, 19.999722, 19.978426, 0.34033814, 0.34625679, 0.34790605, 0.34938961, 0.34968674, 0.34987715, 0.34999105, 0.34999770, 0.34999859, 0.34989214, 0.93708396
0.34502304, 1.0000000, 0.96022826, 9.5991602, 9.5090504, 9.7007160, 9.8793030, 9.9351730, 9.9724054, 19.994600, 19.998598, 19.998154, 19.955744, 0.34598625, 0.34508732, 0.34700552, 0.34879270, 0.34935156, 0.34972399, 0.34997299, 0.34999299, 0.34999079, 0.34977871, 0.96022826
0.35245365, 1.0000000, 0.98715079, 9.8164911, 9.9040527, 9.9506245, 9.9878368, 9.9938660, 9.9976578, 19.999683, 19.999928, 19.999950, 19.987026, 0.34816381, 0.34903988, 0.34950593, 0.34987831, 0.34993863, 0.34997657, 0.34999841, 0.34999964, 0.34999976, 0.34993511, 0.98715079
0.34469879, 1.0000000, 0.95905346, 9.3680639, 9.7598362, 9.8681507, 9.9638805, 9.9815483, 9.9929590, 19.999111, 19.999784, 19.999155, 19.963797, 0.34367689, 0.34759602, 0.34868032, 0.34963858, 0.34981537, 0.34992957, 0.34999555, 0.34999892, 0.34999579, 0.34981897, 0.95905346
0.35598457, 1.0000000, 0.99994409, 9.9993916, 9.9996328, 9.9998150, 9.9999609, 9.9999819, 9.9999905, 19.999998, 19.999998, 19.999998, 19.994993, 0.34999231, 0.34999537, 0.34999767, 0.34999952, 0.34999976, 0.34999987, 0.34999999, 0.34999999, 0.34999999, 0.34997496, 0.99994409
0.35599774, 1.0000000, 0.99999177, 9.9999218, 9.9999514, 9.9999752, 9.9999933, 9.9999990, 9.9999990, 19.999998, 19.999998, 19.999998, 19.996996, 0.34999886, 0.34999931, 0.34999964, 0.34999990, 0.34999999, 0.34999999, 0.34999999, 0.34999999, 0.34999999, 0.34998497, 0.99999177
0.33848059, 1.0000000, 0.93652397, 9.0127954, 9.6373949, 9.7987108, 9.9435291, 9.9710913, 9.9888716, 19.998545, 19.999617, 19.999811, 19.981091, 0.34012794, 0.34637395, 0.34798712, 0.34943530, 0.34971091, 0.34988871, 0.34999272, 0.34999809, 0.34999907, 0.34990546, 0.93652397
0.35598564, 1.0000000, 0.99994797, 9.9993620, 9.9996147, 9.9998055, 9.9999609, 9.9999819, 9.9999933, 19.999998, 19.999998, 19.999998, 19.994993, 0.34999284, 0.34999570, 0.34999782, 0.34999955, 0.34999979, 0.34999993, 0.34999999, 0.34999999, 0.34999999, 0.34997496, 0.99994797
0.33236754, 1.0000000, 0.91437507, 8.7272453, 9.4455185, 9.6729031, 9.8859978, 9.9402857, 9.9752913, 19.995417, 19.998800, 19.999571, 19.980043, 0.33727214, 0.34445497, 0.34672892, 0.34885994, 0.34940284, 0.34975290, 0.34997708, 0.34999400, 0.34999785, 0.34990022, 0.91437507
0.35586083, 1.0000000, 0.99949569, 9.9978914, 9.9972725, 9.9806547, 9.9960375, 9.9980087, 9.9993229, 19.999992, 19.999998, 19.999989, 19.991005, 0.34997731, 0.34997174, 0.34980607, 0.34996030, 0.34998003, 0.34999320, 0.34999996, 0.34999999, 0.34999993, 0.34995502, 0.99949569
0.33904201, 1.0000000, 0.93855798, 9.1206264, 9.5567417, 9.7428551, 9.9191980, 9.9581661, 9.9833469, 19.997406, 19.999325, 19.999565, 19.975042, 0.34120560, 0.34556699, 0.34742835, 0.34919193, 0.34958163, 0.34983346, 0.34998703, 0.34999663, 0.34999782, 0.34987521, 0.93855798
0.30965310, 1.0000000, 0.83207637, 7.1189313, 9.4098883, 9.6336670, 9.8434305, 9.9146471, 9.9632874, 19.992819, 19.998138, 19.997667, 19.952618, 0.32118237, 0.34409335, 0.34633383, 0.34843373, 0.34914619, 0.34963277, 0.34996408, 0.34999070, 0.34998834, 0.34976310, 0.83207637
0.28001341, 1.0000000, 0.72468626, 5.0301566, 9.3466539, 9.5776148, 9.7862492, 9.8766861, 9.9434195, 19.987585, 19.996759, 19.993376, 19.932545, 0.30029821, 0.34346282, 0.34577423, 0.34786209, 0.34876665, 0.34943414, 0.34993792, 0.34998381, 0.34996688, 0.34966272, 0.72468626
0.25505668, 1.0000000, 0.63426334, 3.2120774, 9.3633356, 9.5796947, 9.7703362, 9.8609915, 9.9327078, 19.984133, 19.995691, 19.986282, 19.915503, 0.28212035, 0.34363261, 0.34579656, 0.34770328, 0.34860989, 0.34932709, 0.34992066, 0.34997845, 0.34993142, 0.34957752, 0.63426334
0.22639118, 1.0000000, 0.53040278, 2.0442576, 7.8961163, 9.4971247, 9.7183428, 9.8266668, 9.9130430, 19.977337, 19.993435, 19.976170, 19.901533, 0.27044243, 0.32896084, 0.34497103, 0.34718341, 0.34826663, 0.34913042, 0.34988669, 0.34996718, 0.34988084, 0.34950766, 0.53040278
0.19397727, 1.0000000, 0.41296113, 1.0652065, 5.6650677, 9.4122658, 9.6572609, 9.7854033, 9.8894892, 19.968590, 19.989962, 19.963615, 19.890476, 0.26065049, 0.30664557, 0.34411842, 0.34657174, 0.34785357, 0.34889475, 0.34984297, 0.34994981, 0.34981808, 0.34945238, 0.41296113
0.16079670, 0.97570801, 0.29274169, 0.10688901, 3.2844312, 9.3648777, 9.6158962, 9.7547550, 9.8705978, 19.959877, 19.985277, 19.949614, 19.881985, 0.25106865, 0.28283995, 0.34364259, 0.34615767, 0.34754691, 0.34870577, 0.34979939, 0.34992638, 0.34974808, 0.34940994, 0.29274169
0.14538229, 0.78956228, 0.23689237, 0.98273158E-1, 2.0715089, 8.1081362, 9.5750418, 9.7257347, 9.8528786, 19.950163, 19.978649, 19.935133, 19.875566, 0.25098237, 0.27071068, 0.33107272, 0.34574836, 0.34725630, 0.34852844, 0.34975082, 0.34989324, 0.34967566, 0.34937784, 0.23689237
0.13603255, 0.67665392, 0.20301649, 0.0000000, 1.6003817, 7.1061220, 9.6245346, 9.7517738, 9.8624115, 19.946751, 19.971716, 19.921579, 19.870905, 0.24998674, 0.26600087, 0.32105470, 0.34624359, 0.34751683, 0.34862381, 0.34973377, 0.34985858, 0.34960788, 0.34935454, 0.20301649
0.13068435, 0.61206865, 0.18363896, 0.0000000, 1.3017893, 6.3987808, 9.6694536, 9.7789412, 9.8748417, 19.944986, 19.963348, 19.909336, 19.867516, 0.24998674, 0.26301637, 0.31398404, 0.34669340, 0.34778884, 0.34874824, 0.34972495, 0.34981674, 0.34954667, 0.34933758, 0.18363896
0.19471079, 1.0000000, 0.41561884, 2.9735565, 2.9294133, 8.6813393, 9.7290440, 9.8152304, 9.8920479, 19.944788, 19.953875, 19.898787, 19.865089, 0.27973342, 0.27929285, 0.33681151, 0.34729004, 0.34815210, 0.34892040, 0.34972394, 0.34976938, 0.34949392, 0.34932545, 0.41561884
0.23136254, 1.0000000, 0.54841495, 2.4584799, 7.7470098, 9.5997963, 9.7855549, 9.8498249, 9.9083948, 19.944319, 19.943378, 19.889982, 19.863348, 0.27458465, 0.32746980, 0.34599778, 0.34785551, 0.34849823, 0.34908396, 0.34972161, 0.34971690, 0.34944990, 0.34931675, 0.54841495
0.26952034, 1.0000000, 0.68666792, 4.1596646, 9.4757423, 9.6834536, 9.8033743, 9.8631697, 9.9156761, 19.941916, 19.932098, 19.882753, 19.862083, 0.29159641, 0.34475714, 0.34683439, 0.34803370, 0.34863165, 0.34915677, 0.34970957, 0.34966049, 0.34941375, 0.34931043, 0.68666792
0.24104758, 1.0000000, 0.58350569, 2.7457447, 8.4759827, 9.5352755, 9.7399836, 9.8304243, 9.9019728, 19.934053, 19.919750, 19.876720, 19.861126, 0.27745688, 0.33475879, 0.34535220, 0.34739971, 0.34830418, 0.34901971, 0.34967026, 0.34959877, 0.34938359, 0.34930563, 0.58350569
0.35597569, 1.0000000, 0.99991184, 9.9989119, 9.9993496, 9.9996719, 9.9999342, 9.9999695, 9.9999876, 19.999998, 19.999998, 19.999998, 19.994993, 0.34998786, 0.34999275, 0.34999633, 0.34999925, 0.34999967, 0.34999987, 0.34999999, 0.34999999, 0.34999999, 0.34997496, 0.99991184
0.35599864, 1.0000000, 0.99999493, 9.9999638, 9.9999790, 9.9999876, 9.9999962, 9.9999990, 9.9999990, 19.999998, 19.999998, 19.999998, 19.997997, 0.34999931, 0.34999958, 0.34999979, 0.34999993, 0.34999999, 0.34999999, 0.34999999, 0.34999999, 0.34999999, 0.34998998, 0.99999493
0.35589743, 1.0000000, 0.99962837, 9.9949265, 9.9969606, 9.9984760, 9.9996929, 9.9998503, 9.9999485, 19.999998, 19.999998, 19.999990, 19.991999, 0.34994888, 0.34996936, 0.34998465, 0.34999689, 0.34999850, 0.34999949, 0.34999999, 0.34999999, 0.34999996, 0.34996000, 0.99962837
0.35045856, 1.0000000, 0.97992235, 9.8249121, 9.7221603, 9.8142776, 9.9484196, 9.9736147, 9.9898863, 19.998730, 19.999664, 19.999817, 19.981091, 0.34824872, 0.34722137, 0.34814265, 0.34948418, 0.34973615, 0.34989887, 0.34999365, 0.34999833, 0.34999907, 0.34990546, 0.97992235
0.34067309, 1.0000000, 0.94446766, 9.2542887, 9.5440950, 9.7221966, 9.8991613, 9.9464874, 9.9784775, 19.996828, 19.999165, 19.998562, 19.958233, 0.34254164, 0.34544018, 0.34722158, 0.34899151, 0.34946483, 0.34978479, 0.34998414, 0.34999582, 0.34999281, 0.34979117, 0.94446766
0.35599816, 1.0000000, 0.99999326, 9.9999514, 9.9999695, 9.9999847, 9.9999962, 9.9999990, 9.9999990, 19.999998, 19.999998, 19.999998, 19.997997, 0.34999907, 0.34999943, 0.34999973, 0.34999993, 0.34999999, 0.34999999, 0.34999999, 0.34999999, 0.34999999, 0.34998998, 0.99999326
0.33367288, 1.0000000, 0.91910458, 8.7287636, 9.5582533, 9.7484970, 9.9236736, 9.9606295, 9.9844933, 19.997723, 19.999403, 19.999697, 19.978128, 0.33728591, 0.34558141, 0.34748438, 0.34923661, 0.34960625, 0.34984490, 0.34998861, 0.34999701, 0.34999847, 0.34989065, 0.91910458
0.31671727, 1.0000000, 0.85767120, 7.5549908, 9.5021105, 9.6928291, 9.8729572, 9.9311543, 9.9709816, 19.994810, 19.998640, 19.998152, 19.955473, 0.32554543, 0.34501773, 0.34692657, 0.34872922, 0.34931135, 0.34970975, 0.34997404, 0.34999320, 0.34999076, 0.34977737, 0.85767120
0.34856331, 1.0000000, 0.97305548, 9.6487932, 9.7566299, 9.8703156, 9.9676199, 9.9835863, 9.9939022, 19.999392, 19.999838, 19.999928, 19.988997, 0.34648615, 0.34756520, 0.34870258, 0.34967607, 0.34983581, 0.34993899, 0.34999695, 0.34999919, 0.34999964, 0.34994498, 0.97305548
0.35599911, 1.0000000, 0.99999672, 9.9999990, 9.9999990, 9.9999990, 9.9999990, 9.9999990, 9.9999990, 19.999998, 19.999998, 19.999998, 19.998999, 0.34999955, 0.34999973, 0.34999985, 0.34999996, 0.34999999, 0.34999999, 0.34999999, 0.34999999, 0.34999999, 0.34999499, 0.99999672
0.31983989, 1.0000000, 0.86898512, 7.8465796, 9.4135132, 9.6499672, 9.8744154, 9.9339008, 9.9725904, 19.994951, 19.998676, 19.999428, 19.975151, 0.32846460, 0.34413427, 0.34649923, 0.34874406, 0.34933895, 0.34972587, 0.34997475, 0.34999338, 0.34999713, 0.34987575, 0.86898512
0.35596174, 1.0000000, 0.99986124, 9.9983902, 9.9990368, 9.9995165, 9.9999008, 9.9999514, 9.9999847, 19.999998, 19.999998, 19.999998, 19.994993, 0.34998089, 0.34998858, 0.34999427, 0.34999883, 0.34999943, 0.34999982, 0.34999999, 0.34999999, 0.34999999, 0.34997496, 0.99986124
0.35599750, 1.0000000, 0.99999094, 9.9999161, 9.9999485, 9.9999752, 9.9999933, 9.9999990, 9.9999990, 19.999998, 19.999998, 19.999998, 19.996996, 0.34999874, 0.34999925, 0.34999964, 0.34999990, 0.34999999, 0.34999999, 0.34999999, 0.34999999, 0.34999999, 0.34998497, 0.99999094
0.35599840, 1.0000000, 0.99999428, 9.9999609, 9.9999752, 9.9999876, 9.9999962, 9.9999990, 9.9999990, 19.999998, 19.999998, 19.999998, 19.997997, 0.34999922, 0.34999952, 0.34999976, 0.34999993, 0.34999999, 0.34999999, 0.34999999, 0.34999999, 0.34999999, 0.34998998, 0.99999428
0.35361505, 1.0000000, 0.99135870, 9.9769745, 9.8053074, 9.8969307, 9.9740591, 9.9868555, 9.9950609, 19.999432, 19.999855, 19.999825, 19.979134, 0.34976929, 0.34805280, 0.34896919, 0.34974056, 0.34986857, 0.34995061, 0.34999716, 0.34999928, 0.34999913, 0.34989566, 0.99135870
0.35599816, 1.0000000, 0.99999332, 9.9999962, 9.9999990, 9.9999990, 9.9999990, 9.9999990, 9.9999990, 19.999998, 19.999998, 19.999998, 19.998999, 0.34999907, 0.34999946, 0.34999973, 0.34999993, 0.34999996, 0.34999999, 0.34999999, 0.34999999, 0.34999999, 0.34999499, 0.99999332
0.35599655, 1.0000000, 0.99998736, 9.9998684, 9.9999189, 9.9999638, 9.9999905, 9.9999990, 9.9999990, 19.999998, 19.999998, 19.999998, 19.995995, 0.34999827, 0.34999892, 0.34999952, 0.34999987, 0.34999999, 0.34999999, 0.34999999, 0.34999999, 0.34999999, 0.34997997, 0.99998736
0.35599911, 1.0000000, 0.99999672, 9.9999990, 9.9999990, 9.9999990, 9.9999990, 9.9999990, 9.9999990, 19.999998, 19.999998, 19.999998, 19.998999, 0.34999955, 0.34999973, 0.34999985, 0.34999996, 0.34999999, 0.34999999, 0.34999999, 0.34999999, 0.34999999, 0.34999499, 0.99999672
0.35109675, 1.0000000, 0.98223454, 9.7447166, 9.8692722, 9.9323835, 9.9838390, 9.9918423, 9.9969635, 19.999683, 19.999916, 19.999964, 19.988997, 0.34744674, 0.34869245, 0.34932372, 0.34983835, 0.34991843, 0.34996963, 0.34999841, 0.34999958, 0.34999982, 0.34994498, 0.98223454
0.34705144, 1.0000000, 0.96757752, 9.5214748, 9.7791348, 9.8830881, 9.9706554, 9.9851322, 9.9944229, 19.999367, 19.999832, 19.999922, 19.988003, 0.34521428, 0.34779105, 0.34883073, 0.34970653, 0.34985131, 0.34994423, 0.34999683, 0.34999916, 0.34999961, 0.34994000, 0.96757752
0.32076237, 1.0000000, 0.87232739, 7.8521376, 9.4909306, 9.6955166, 9.8888683, 9.9413528, 9.9756851, 19.995584, 19.998842, 19.998968, 19.964687, 0.32852051, 0.34490868, 0.34695485, 0.34888864, 0.34941348, 0.34975684, 0.34997791, 0.34999421, 0.34999484, 0.34982345, 0.87232739
0.27995262, 1.0000000, 0.72446597, 5.0681276, 9.2901945, 9.5480375, 9.7878685, 9.8812542, 9.9472628, 19.988947, 19.997089, 19.995951, 19.943190, 0.30067846, 0.34289882, 0.34547877, 0.34787837, 0.34881237, 0.34947258, 0.34994474, 0.34998545, 0.34997976, 0.34971595, 0.72446597
0.33250964, 1.0000000, 0.91488993, 8.7527542, 9.4505959, 9.6372576, 9.8027878, 9.8816967, 9.9440718, 19.987740, 19.996675, 19.990639, 19.924509, 0.33752385, 0.34450358, 0.34637135, 0.34802765, 0.34881684, 0.34944069, 0.34993869, 0.34998339, 0.34995320, 0.34962255, 0.91488993
0.35597336, 1.0000000, 0.99990332, 9.9989500, 9.9993677, 9.9996862, 9.9999371, 9.9999666, 9.9999876, 19.999998, 19.999998, 19.999998, 19.994993, 0.34998670, 0.34999201, 0.34999603, 0.34999919, 0.34999958, 0.34999985, 0.34999999, 0.34999999, 0.34999999, 0.34997496, 0.99990332
0.35599661, 1.0000000, 0.99998772, 9.9998741, 9.9999218, 9.9999638, 9.9999905, 9.9999990, 9.9999990, 19.999998, 19.999998, 19.999998, 19.995995, 0.34999833, 0.34999895, 0.34999952, 0.34999987, 0.34999999, 0.34999999, 0.34999999, 0.34999999, 0.34999999, 0.34997997, 0.99998772
0.32985234, 1.0000000, 0.90526211, 8.5130301, 9.4842319, 9.6982145, 9.8997698, 9.9477329, 9.9788656, 19.996489, 19.999086, 19.999655, 19.980062, 0.33513030, 0.34484231, 0.34698215, 0.34899771, 0.34947732, 0.34978867, 0.34998244, 0.34999543, 0.34999827, 0.34990031, 0.90526211
0.34121311, 1.0000000, 0.94642431, 9.1764889, 9.6813593, 9.8249111, 9.9476233, 9.9731359, 9.9890566, 19.997990, 19.999481, 19.999819, 19.987009, 0.34176332, 0.34681258, 0.34824860, 0.34947613, 0.34973130, 0.34989053, 0.34998995, 0.34999740, 0.34999910, 0.34993505, 0.94642431
0.29772758, 1.0000000, 0.78886801, 6.3242931, 9.3235254, 9.5778179, 9.8188086, 9.9015236, 9.9570456, 19.990793, 19.997597, 19.998571, 19.963688, 0.31324211, 0.34323451, 0.34577778, 0.34818801, 0.34901521, 0.34957045, 0.34995395, 0.34998798, 0.34999287, 0.34981844, 0.78886801
0.24851634, 1.0000000, 0.61056644, 2.9523044, 9.0627460, 9.4785204, 9.7258606, 9.8399124, 9.9255972, 19.983007, 19.995522, 19.995369, 19.942284, 0.27952227, 0.34062606, 0.34478447, 0.34725845, 0.34839904, 0.34925595, 0.34991503, 0.34997761, 0.34997684, 0.34971142, 0.61056644
0.21179223, 1.0000000, 0.47750804, 1.6796470, 6.7843871, 9.4243803, 9.6666718, 9.7949886, 9.8983126, 19.974209, 19.993088, 19.989401, 19.923603, 0.26679558, 0.31784171, 0.34424230, 0.34666643, 0.34794974, 0.34898305, 0.34987104, 0.34996545, 0.34994701, 0.34961802, 0.47750804
0.20605676, 1.0000000, 0.45672739, 2.6051612, 4.5640254, 9.4023151, 9.6439819, 9.7742481, 9.8832560, 19.967569, 19.990919, 19.980644, 19.908077, 0.27604946, 0.29563800, 0.34402084, 0.34643933, 0.34774226, 0.34883246, 0.34983784, 0.34995461, 0.34990323, 0.34954038, 0.45672739
0.21659888, 1.0000000, 0.49492347, 2.0741730, 6.7141595, 9.4180613, 9.6479807, 9.7726803, 9.8785534, 19.962164, 19.988544, 19.969351, 19.895628, 0.27073994, 0.31713814, 0.34417820, 0.34647930, 0.34772655, 0.34878543, 0.34981081, 0.34994271, 0.34984675, 0.34947813, 0.49492347
0.30831969, 1.0000000, 0.82724530, 7.3039837, 9.0333977, 9.4922199, 9.6839523, 9.7917204, 9.8851280, 19.959291, 19.985937, 19.956381, 19.885998, 0.32303715, 0.34033197, 0.34492114, 0.34683931, 0.34791708, 0.34885123, 0.34979647, 0.34992969, 0.34978190, 0.34942999, 0.82724530
0.33492684, 1.0000000, 0.92364788, 9.0524559, 9.3119268, 9.5267096, 9.7073507, 9.8058996, 9.8913774, 19.957279, 19.982203, 19.942535, 19.878704, 0.34052321, 0.34311843, 0.34526667, 0.34707341, 0.34805897, 0.34891379, 0.34978640, 0.34991100, 0.34971267, 0.34939352, 0.92364788
0.31488937, 1.0000000, 0.85104835, 7.5735269, 9.3435040, 9.5486336, 9.7228661, 9.8159475, 9.8961687, 19.955416, 19.976780, 19.928751, 19.873259, 0.32573485, 0.34343472, 0.34548619, 0.34722862, 0.34815946, 0.34896168, 0.34977707, 0.34988391, 0.34964377, 0.34936631, 0.85104835
0.26632452, 1.0000000, 0.67508882, 4.1518602, 9.2245684, 9.4718142, 9.6859884, 9.7959127, 9.8869686, 19.950186, 19.968594, 19.915613, 19.869188, 0.29151723, 0.34224385, 0.34471720, 0.34685966, 0.34795904, 0.34886965, 0.34975094, 0.34984297, 0.34957808, 0.34934595, 0.67508882
0.22480898, 1.0000000, 0.52467018, 2.2220998, 7.4617424, 9.4133549, 9.6471338, 9.7717075, 9.8742256, 19.942923, 19.958050, 19.903761, 19.866194, 0.27221921, 0.32461378, 0.34413126, 0.34647086, 0.34771684, 0.34874216, 0.34971461, 0.34979025, 0.34951881, 0.34933096, 0.52467018
0.20065603, 1.0000000, 0.43715945, 1.5956640, 5.5704932, 9.4470530, 9.6600809, 9.7765903, 9.8747873, 19.938324, 19.946844, 19.893808, 19.864071, 0.26595473, 0.30570093, 0.34446713, 0.34660012, 0.34776554, 0.34874776, 0.34969163, 0.34973422, 0.34946904, 0.34932035, 0.43715945
0.23633303, 1.0000000, 0.56642395, 2.6999474, 8.0289888, 9.4640102, 9.6685915, 9.7809114, 9.8755436, 19.932936, 19.934807, 19.885557, 19.862543, 0.27699795, 0.33028719, 0.34463850, 0.34668559, 0.34780893, 0.34875536, 0.34966469, 0.34967405, 0.34942779, 0.34931272, 0.56642395
0.20427221, 1.0000000, 0.45026162, 1.6610265, 5.9103289, 9.4255533, 9.6497145, 9.7698069, 9.8694239, 19.925245, 19.922272, 19.878832, 19.861425, 0.26660874, 0.30910003, 0.34425294, 0.34649661, 0.34769779, 0.34869415, 0.34962624, 0.34961134, 0.34939414, 0.34930712, 0.45026162
0.17822343, 1.0000000, 0.35588196, 0.90895295, 4.0188370, 9.4242048, 9.6487570, 9.7681932, 9.8675966, 19.918159, 19.910654, 19.873619, 19.860662, 0.25908807, 0.29018447, 0.34423745, 0.34648663, 0.34768146, 0.34867582, 0.34959081, 0.34955329, 0.34936810, 0.34930331, 0.35588196
0.16030152, 0.96972811, 0.29094753, 0.74605942, 2.5993676, 8.4895697, 9.6026392, 9.7397184, 9.8528938, 19.907499, 19.899343, 19.869427, 19.860039, 0.25745916, 0.27599066, 0.33489078, 0.34602529, 0.34739661, 0.34852874, 0.34953749, 0.34949672, 0.34934714, 0.34930021, 0.29094753
0.26733404, 1.0000000, 0.67874658, 4.3592620, 9.0566683, 9.3687067, 9.6584597, 9.7698793, 9.8639555, 19.901415, 19.890652, 19.866539, 19.859686, 0.29359165, 0.34056547, 0.34368643, 0.34658447, 0.34769875, 0.34863952, 0.34950706, 0.34945327, 0.34933269, 0.34929842, 0.67874658
0.22944644, 1.0000000, 0.54147255, 2.4442852, 7.6432204, 9.4291487, 9.6519356, 9.7673111, 9.8610678, 19.892162, 19.882593, 19.864176, 19.859392, 0.27444181, 0.32643026, 0.34429029, 0.34651911, 0.34767300, 0.34861064, 0.34946081, 0.34941298, 0.34932089, 0.34929696, 0.54147255
0.19241819, 1.0000000, 0.40731224, 1.3034880, 5.1046572, 9.3743792, 9.6177874, 9.7463322, 9.8495092, 19.881710, 19.875553, 19.862286, 19.859175, 0.26303390, 0.30104426, 0.34374166, 0.34617743, 0.34746310, 0.34849501, 0.34940857, 0.34937775, 0.34931141, 0.34929588, 0.40731224
0.16007280, 0.96696621, 0.29011887, 0.33900440, 2.9691310, 9.0552874, 9.5929642, 9.7289858, 9.8383904, 19.871403, 19.869654, 19.860826, 19.859011, 0.25338927, 0.27968720, 0.34054658, 0.34592831, 0.34728917, 0.34838367, 0.34935701, 0.34934828, 0.34930414, 0.34929505, 0.29011887
0.14311782, 0.76221615, 0.22868772, 0.0000000, 2.1765323, 7.6769166, 9.5840616, 9.7213774, 9.8324480, 19.863688, 19.865341, 19.859842, 19.858887, 0.24999140, 0.27176318, 0.32676536, 0.34583968, 0.34721330, 0.34832433, 0.34931844, 0.34932670, 0.34929922, 0.34929442, 0.22868772
0.13246134, 0.63352764, 0.19007730, 0.97039342E-1, 1.4434189, 6.2516809, 9.5644751, 9.7076330, 9.8240347, 19.856634, 19.861832, 19.859072, 19.858768, 0.25097010, 0.26443145, 0.31251085, 0.34564292, 0.34707540, 0.34824005, 0.34928316, 0.34930915, 0.34929535, 0.34929383, 0.19007730
0.11843623, 0.46415931, 0.13926172, 0.0000000, 0.71888268, 4.6486702, 9.5174294, 9.6770163, 9.8080206, 19.849197, 19.858706, 19.858387, 19.858664, 0.24997945, 0.25718802, 0.29648414, 0.34517324, 0.34676963, 0.34808004, 0.34924600, 0.34929353, 0.34929192, 0.34929332, 0.13926172
0.13257112, 0.63485330, 0.19047505, 1.6168743, 0.31174123, 3.4802794, 9.5484447, 9.6933384, 9.8128996, 19.845774, 19.856998, 19.858046, 19.858675, 0.26616612, 0.25311711, 0.28480110, 0.34548351, 0.34693292, 0.34812886, 0.34922886, 0.34928501, 0.34929022, 0.34929338, 0.19047505
0.15640441, 0.92266619, 0.27682754, 1.6010493, 1.8598944, 6.1858139, 9.5786810, 9.7114630, 9.8198833, 19.843679, 19.855879, 19.857874, 19.858692, 0.26600802, 0.26859722, 0.31185529, 0.34578592, 0.34711418, 0.34819868, 0.34921840, 0.34927940, 0.34928936, 0.34929347, 0.27682754
0.17156893, 1.0000000, 0.33177143, 2.0284681, 2.2018492, 7.7324066, 9.6059093, 9.7284184, 9.8266048, 19.842083, 19.855072, 19.857737, 19.858683, 0.27028272, 0.27201721, 0.32732183, 0.34605852, 0.34728393, 0.34826598, 0.34921041, 0.34927535, 0.34928867, 0.34929341, 0.33177143
0.14579201, 0.79451007, 0.23837686, 0.93761086, 1.5339524, 6.4841814, 9.5821695, 9.7152967, 9.8206425, 19.839220, 19.854048, 19.857529, 19.858646, 0.25937480, 0.26533824, 0.31483909, 0.34582087, 0.34715256, 0.34820628, 0.34919611, 0.34927022, 0.34928763, 0.34929323, 0.23837686
0.14687604, 0.80760068, 0.24230444, 1.6967058, 1.0094285, 5.2687030, 9.5716791, 9.7086191, 9.8179903, 19.838451, 19.853661, 19.857494, 19.858683, 0.26696295, 0.26009282, 0.30268320, 0.34571537, 0.34708548, 0.34817967, 0.34919226, 0.34926832, 0.34928748, 0.34929341, 0.24230444
0.15763229, 0.93749416, 0.28127638, 2.2221684, 1.8351853, 4.4515080, 9.6164808, 9.7344923, 9.8288317, 19.839693, 19.853889, 19.857620, 19.858709, 0.27221823, 0.26835015, 0.29451299, 0.34616393, 0.34734449, 0.34828818, 0.34919846, 0.34926945, 0.34928811, 0.34929353, 0.28127638
0.14497724, 0.78467083, 0.23542480, 1.5772164, 1.9247383, 3.3776705, 9.5654068, 9.7052040, 9.8157492, 19.836494, 19.852989, 19.857412, 19.858635, 0.26577154, 0.26924694, 0.28377631, 0.34565383, 0.34705192, 0.34815747, 0.34918249, 0.34926495, 0.34928706, 0.34929317, 0.23542480
0.16758087, 1.0000000, 0.31732196, 2.4489582, 2.3824334, 4.9962306, 9.6457691, 9.7505503, 9.8349819, 19.839596, 19.853756, 19.857635, 19.858709, 0.27448660, 0.27382261, 0.29996049, 0.34645697, 0.34750515, 0.34834969, 0.34919798, 0.34926879, 0.34928817, 0.34929353, 0.31732196
0.14296618, 0.76038498, 0.22813831, 1.3413221, 1.7328411, 4.0522537, 9.6011858, 9.7275324, 9.8264198, 19.838758, 19.853519, 19.857590, 19.858675, 0.26341265, 0.26732799, 0.29052204, 0.34601161, 0.34727520, 0.34826416, 0.34919378, 0.34926760, 0.34928796, 0.34929338, 0.22813831
0.12343752, 0.52455533, 0.15738234, 0.54542720, 1.1831731, 3.0944943, 9.5810165, 9.7147779, 9.8212376, 19.838602, 19.853472, 19.857573, 19.858692, 0.25545195, 0.26182872, 0.28094101, 0.34580773, 0.34714654, 0.34821194, 0.34919301, 0.34926736, 0.34928787, 0.34929347, 0.15738234
0.35025215, 1.0000000, 0.97917444, 9.8053188, 9.7205305, 9.8337784, 9.9559774, 9.9775629, 9.9915161, 19.999016, 19.999743, 19.999901, 19.987009, 0.34804711, 0.34720168, 0.34833592, 0.34955943, 0.34977543, 0.34991509, 0.34999508, 0.34999871, 0.34999949, 0.34993505, 0.97917444
0.34684795, 1.0000000, 0.96684039, 9.5309591, 9.7488737, 9.8657503, 9.9664555, 9.9829893, 9.9936972, 19.999378, 19.999838, 19.999908, 19.986019, 0.34530538, 0.34748617, 0.34865618, 0.34966430, 0.34982976, 0.34993693, 0.34999689, 0.34999919, 0.34999955, 0.34993011, 0.96684039
0.32233027, 1.0000000, 0.87800819, 8.0228977, 9.4263449, 9.6408625, 9.8650885, 9.9286385, 9.9714346, 19.995850, 19.998926, 19.998865, 19.962788, 0.33022717, 0.34426215, 0.34640798, 0.34865072, 0.34928632, 0.34971431, 0.34997925, 0.34999463, 0.34999433, 0.34981394, 0.87800819
0.28334337, 1.0000000, 0.73675132, 5.2991109, 9.3101835, 9.5572090, 9.7885742, 9.8806696, 9.9482193, 19.990984, 19.997656, 19.995768, 19.941525, 0.30298790, 0.34309849, 0.34557036, 0.34788537, 0.34880650, 0.34948212, 0.34995490, 0.34998828, 0.34997883, 0.34970763, 0.73675132
0.23930763, 1.0000000, 0.57720155, 2.7720392, 8.2640753, 9.4593325, 9.7077112, 9.8260546, 9.9186258, 19.983416, 19.995626, 19.989771, 19.922983, 0.27771753, 0.33263564, 0.34459040, 0.34707651, 0.34826025, 0.34918615, 0.34991708, 0.34997815, 0.34994885, 0.34961492, 0.57720155
0.21612556, 1.0000000, 0.49320853, 2.3625164, 6.1586609, 9.4454851, 9.6769848, 9.7993078, 9.9000807, 19.976933, 19.993660, 19.980927, 19.907604, 0.27362177, 0.31158128, 0.34445077, 0.34676901, 0.34799266, 0.34900066, 0.34988466, 0.34996831, 0.34990463, 0.34953803, 0.49320853
0.35599905, 1.0000000, 0.99999648, 9.9999990, 9.9999990, 9.9999990, 9.9999990, 9.9999990, 9.9999990, 19.999998, 19.999998, 19.999998, 19.998999, 0.34999952, 0.34999970, 0.34999985, 0.34999996, 0.34999999, 0.34999999, 0.34999999, 0.34999999, 0.34999999, 0.34999499, 0.99999648
0.35599589, 1.0000000, 0.99998510, 9.9998446, 9.9999037, 9.9999542, 9.9999905, 9.9999933, 9.9999990, 19.999998, 19.999998, 19.999998, 19.996996, 0.34999794, 0.34999874, 0.34999940, 0.34999987, 0.34999990, 0.34999999, 0.34999999, 0.34999999, 0.34999999, 0.34998497, 0.99998510
0.35599905, 1.0000000, 0.99999648, 9.9999990, 9.9999990, 9.9999990, 9.9999990, 9.9999990, 9.9999990, 19.999998, 19.999998, 19.999998, 19.998999, 0.34999952, 0.34999970, 0.34999985, 0.34999996, 0.34999999, 0.34999999, 0.34999999, 0.34999999, 0.34999999, 0.34999499, 0.99999648
0.34745800, 1.0000000, 0.96905065, 9.6047611, 9.7150335, 9.8352861, 9.9574642, 9.9783611, 9.9920340, 19.999290, 19.999813, 19.999895, 19.983068, 0.34604710, 0.34715003, 0.34835270, 0.34957460, 0.34978357, 0.34992033, 0.34999645, 0.34999907, 0.34999949, 0.34991533, 0.96905065
0.35599607, 1.0000000, 0.99998569, 9.9998531, 9.9999104, 9.9999542, 9.9999905, 9.9999962, 9.9999990, 19.999992, 19.999998, 19.999998, 19.996996, 0.34999803, 0.34999880, 0.34999940, 0.34999987, 0.34999993, 0.34999999, 0.34999996, 0.34999999, 0.34999999, 0.34998497, 0.99998569
0.33401871, 1.0000000, 0.92035770, 8.8081589, 9.4998407, 9.6896648, 9.9013071, 9.9486856, 9.9799232, 19.997280, 19.999290, 19.999722, 19.981050, 0.33808059, 0.34499776, 0.34689632, 0.34901300, 0.34948683, 0.34979922, 0.34998640, 0.34999645, 0.34999859, 0.34990525, 0.92035770
0.29438129, 1.0000000, 0.77674377, 6.1097617, 9.2940578, 9.5512247, 9.7961903, 9.8871078, 9.9514418, 19.991138, 19.997686, 19.998180, 19.958118, 0.31109414, 0.34293741, 0.34551060, 0.34796157, 0.34887090, 0.34951437, 0.34995568, 0.34998843, 0.34999090, 0.34979060, 0.77674377
0.25212055, 1.0000000, 0.62362510, 3.1094325, 9.2277460, 9.4932394, 9.7357588, 9.8445320, 9.9285164, 19.985781, 19.996260, 19.994547, 19.937365, 0.28109297, 0.34227508, 0.34493116, 0.34735733, 0.34844521, 0.34928513, 0.34992892, 0.34998131, 0.34997272, 0.34968683, 0.62362510
0.21387136, 1.0000000, 0.48504114, 1.8058568, 6.8311210, 9.4122248, 9.6685448, 9.7970896, 9.9014311, 19.978533, 19.994242, 19.987951, 19.919487, 0.26805711, 0.31830794, 0.34411997, 0.34668496, 0.34797066, 0.34901422, 0.34989268, 0.34997120, 0.34993976, 0.34959742, 0.48504114
0.18883297, 1.0000000, 0.39432234, 1.1085927, 4.9594841, 9.4327927, 9.6689768, 9.7904367, 9.8929071, 19.974020, 19.992619, 19.978662, 19.904764, 0.26108459, 0.29959127, 0.34432453, 0.34668908, 0.34790403, 0.34892896, 0.34987009, 0.34996310, 0.34989330, 0.34952381, 0.39432234
0.16303939, 1.0000000, 0.30086732, 0.41080117, 3.0201976, 9.4136076, 9.6492043, 9.7752552, 9.8823624, 19.968517, 19.990158, 19.966850, 19.893034, 0.25410682, 0.28019676, 0.34412792, 0.34649038, 0.34775171, 0.34882331, 0.34984258, 0.34995079, 0.34983426, 0.34946516, 0.30086732
0.35039926, 1.0000000, 0.97970742, 9.7078886, 9.8518343, 9.9231749, 9.9827356, 9.9913073, 9.9969339, 19.999832, 19.999958, 19.999969, 19.989016, 0.34707570, 0.34851640, 0.34923077, 0.34982714, 0.34991297, 0.34996930, 0.34999916, 0.34999979, 0.34999985, 0.34994507, 0.97970742
0.30439579, 1.0000000, 0.81302822, 6.8051815, 9.3221178, 9.5849791, 9.8404636, 9.9149408, 9.9645901, 19.993629, 19.998337, 19.998894, 19.965565, 0.31804624, 0.34321663, 0.34584743, 0.34840417, 0.34914917, 0.34964582, 0.34996814, 0.34999168, 0.34999448, 0.34982783, 0.81302822
0.25557619, 1.0000000, 0.63614565, 3.3643820, 9.2206879, 9.4910631, 9.7423096, 9.8519306, 9.9332609, 19.986389, 19.996422, 19.995924, 19.943972, 0.28364101, 0.34220231, 0.34490827, 0.34742263, 0.34851906, 0.34933251, 0.34993196, 0.34998211, 0.34997961, 0.34971985, 0.63614565
0.23839903, 1.0000000, 0.57390952, 2.7626514, 8.1401606, 9.5153694, 9.7225075, 9.8304129, 9.9175987, 19.981298, 19.995003, 19.990459, 19.925112, 0.27762395, 0.33139712, 0.34515107, 0.34722453, 0.34830385, 0.34917590, 0.34990650, 0.34997502, 0.34995228, 0.34962556, 0.57390952
0.23365633, 1.0000000, 0.55672586, 2.5975437, 7.8073087, 9.5788574, 9.7474127, 9.8391905, 9.9174004, 19.979269, 19.994223, 19.982307, 19.909405, 0.27597436, 0.32807112, 0.34578738, 0.34747389, 0.34839177, 0.34917396, 0.34989634, 0.34997112, 0.34991154, 0.34954703, 0.55672586
0.26123741, 1.0000000, 0.65665722, 3.7447510, 9.2240610, 9.5809059, 9.7550726, 9.8423243, 9.9171839, 19.977629, 19.993088, 19.971514, 19.896755, 0.28744721, 0.34224018, 0.34580883, 0.34755066, 0.34842321, 0.34917185, 0.34988815, 0.34996545, 0.34985757, 0.34948379, 0.65665722
0.34920377, 1.0000000, 0.97537589, 9.9302273, 9.5649719, 9.5341234, 9.7351542, 9.8307953, 9.9110174, 19.974524, 19.990740, 19.958672, 19.886892, 0.34930176, 0.34564942, 0.34534109, 0.34735152, 0.34830794, 0.34911019, 0.34987262, 0.34995371, 0.34979337, 0.34943447, 0.97537589
0.35599709, 1.0000000, 0.99998939, 9.9999037, 9.9999428, 9.9999695, 9.9999933, 9.9999962, 9.9999990, 19.999998, 19.999998, 19.999981, 19.988121, 0.34999853, 0.34999913, 0.34999955, 0.34999990, 0.34999996, 0.34999999, 0.34999999, 0.34999999, 0.34999990, 0.34994060, 0.99998939
0.35599291, 1.0000000, 0.99997437, 9.9996986, 9.9998150, 9.9999037, 9.9999819, 9.9999905, 9.9999990, 19.999998, 19.999998, 19.999996, 19.993994, 0.34999651, 0.34999785, 0.34999889, 0.34999979, 0.34999990, 0.34999999, 0.34999999, 0.34999999, 0.34999996, 0.34996998, 0.99997437
0.35472506, 1.0000000, 0.99538064, 9.9358606, 9.9628706, 9.9812899, 9.9962139, 9.9981041, 9.9993677, 19.999998, 19.999998, 19.999989, 19.991005, 0.34935814, 0.34962842, 0.34981275, 0.34996212, 0.34998104, 0.34999368, 0.34999999, 0.34999999, 0.34999993, 0.34995502, 0.99538064
0.35599154, 1.0000000, 0.99996930, 9.9996681, 9.9998026, 9.9998980, 9.9999790, 9.9999905, 9.9999990, 19.999998, 19.999998, 19.999998, 19.994993, 0.34999576, 0.34999749, 0.34999871, 0.34999973, 0.34999987, 0.34999999, 0.34999999, 0.34999999, 0.34999999, 0.34997496, 0.99996930
0.35600001, 1.0000000, 1.0000000, 9.9999990, 9.9999990, 9.9999990, 9.9999990, 9.9999990, 9.9999990, 19.999998, 19.999998, 19.999998, 19.997997, 0.34999999, 0.34999999, 0.34999999, 0.34999999, 0.34999999, 0.34999999, 0.34999999, 0.34999999, 0.34999999, 0.34998998, 1.0000000
0.35548019, 1.0000000, 0.99811649, 9.9739790, 9.9846334, 9.9922924, 9.9984493, 9.9992218, 9.9997435, 19.999998, 19.999998, 19.999989, 19.991005, 0.34973979, 0.34984633, 0.34992293, 0.34998450, 0.34999222, 0.34999743, 0.34999999, 0.34999999, 0.34999993, 0.34995502, 0.99811649
0.35599476, 1.0000000, 0.99998105, 9.9997883, 9.9998713, 9.9999399, 9.9999876, 9.9999876, 9.9999990, 19.999998, 19.999998, 19.999998, 19.994993, 0.34999737, 0.34999841, 0.34999925, 0.34999985, 0.34999985, 0.34999999, 0.34999999, 0.34999999, 0.34999999, 0.34997496, 0.99998105
0.35599899, 1.0000000, 0.99999636, 9.9999990, 9.9999990, 9.9999990, 9.9999990, 9.9999990, 9.9999990, 19.999998, 19.999998, 19.999998, 19.998999, 0.34999949, 0.34999970, 0.34999985, 0.34999996, 0.34999999, 0.34999999, 0.34999999, 0.34999999, 0.34999999, 0.34999499, 0.99999636
0.33647430, 1.0000000, 0.92925477, 8.9747782, 9.5073500, 9.7112246, 9.9048901, 9.9504356, 9.9801750, 19.996918, 19.999195, 19.999548, 19.975185, 0.33974731, 0.34507319, 0.34711209, 0.34904888, 0.34950432, 0.34980175, 0.34998459, 0.34999597, 0.34999773, 0.34987593, 0.92925477
0.30120441, 1.0000000, 0.80146521, 6.5547595, 9.3508081, 9.5931559, 9.8246422, 9.9035435, 9.9592485, 19.993044, 19.998186, 19.997711, 19.952765, 0.31554720, 0.34350774, 0.34593138, 0.34824640, 0.34903541, 0.34959248, 0.34996521, 0.34999093, 0.34998855, 0.34976381, 0.80146521
0.25308678, 1.0000000, 0.62712598, 3.1865997, 9.2179432, 9.4879618, 9.7385588, 9.8477287, 9.9314137, 19.987293, 19.996653, 19.993372, 19.932680, 0.28186473, 0.34217718, 0.34487849, 0.34738535, 0.34847718, 0.34931412, 0.34993646, 0.34998327, 0.34996685, 0.34966341, 0.62712598
0.24109359, 1.0000000, 0.58367240, 2.8658657, 8.3138361, 9.4789495, 9.7056675, 9.8198576, 9.9132195, 19.982214, 19.995169, 19.986204, 19.915615, 0.27865666, 0.33313486, 0.34478751, 0.34705627, 0.34819838, 0.34913212, 0.34991106, 0.34997585, 0.34993103, 0.34957808, 0.58367240
0.24574876, 1.0000000, 0.60053897, 2.9904633, 8.6518621, 9.5081654, 9.7176208, 9.8215990, 9.9097290, 19.979650, 19.994032, 19.976402, 19.901701, 0.27990440, 0.33651820, 0.34508142, 0.34717613, 0.34821597, 0.34909728, 0.34989825, 0.34997016, 0.34988201, 0.34950849, 0.60053897
0.21693398, 1.0000000, 0.49613756, 2.1007121, 6.6875648, 9.4512882, 9.6879969, 9.8025141, 9.8987074, 19.975414, 19.991810, 19.964188, 19.890676, 0.27100623, 0.31687394, 0.34451169, 0.34687972, 0.34802502, 0.34898704, 0.34987706, 0.34995905, 0.34982094, 0.34945339, 0.49613756
0.19061586, 1.0000000, 0.40078208, 1.3071775, 4.8330593, 9.4528856, 9.6744213, 9.7914238, 9.8904772, 19.970394, 19.988270, 19.950481, 19.882208, 0.26307061, 0.29832801, 0.34452632, 0.34674370, 0.34791398, 0.34890470, 0.34985197, 0.34994134, 0.34975240, 0.34941104, 0.40078208
0.35594320, 1.0000000, 0.99979413, 9.9976807, 9.9986076, 9.9993076, 9.9998589, 9.9999313, 9.9999790, 19.999998, 19.999998, 19.999996, 19.993994, 0.34997168, 0.34998301, 0.34999153, 0.34999830, 0.34999916, 0.34999973, 0.34999999, 0.34999999, 0.34999996, 0.34996998, 0.99979413
0.35599595, 1.0000000, 0.99998534, 9.9998474, 9.9999104, 9.9999542, 9.9999905, 9.9999962, 9.9999990, 19.999998, 19.999998, 19.999998, 19.995995, 0.34999797, 0.34999880, 0.34999940, 0.34999987, 0.34999993, 0.34999999, 0.34999999, 0.34999999, 0.34999999, 0.34997997, 0.99998534
0.35599363, 1.0000000, 0.99997693, 9.9997339, 9.9998417, 9.9999218, 9.9999847, 9.9999905, 9.9999962, 19.999998, 19.999998, 19.999998, 19.995995, 0.34999681, 0.34999809, 0.34999907, 0.34999982, 0.34999987, 0.34999996, 0.34999999, 0.34999999, 0.34999999, 0.34997997, 0.99997693
0.32725090, 1.0000000, 0.89583665, 8.3075809, 9.5037165, 9.7127199, 9.9120283, 9.9544506, 9.9823999, 19.997793, 19.999420, 19.999620, 19.975918, 0.33307531, 0.34503683, 0.34712702, 0.34912026, 0.34954447, 0.34982401, 0.34998897, 0.34999710, 0.34999812, 0.34987959, 0.89583665
0.35597116, 1.0000000, 0.99989551, 9.9989204, 9.9993525, 9.9996748, 9.9999342, 9.9999666, 9.9999905, 19.999998, 19.999998, 19.999992, 19.994993, 0.34998563, 0.34999138, 0.34999567, 0.34999913, 0.34999955, 0.34999987, 0.34999999, 0.34999999, 0.34999996, 0.34997496, 0.99989551
0.32834890, 1.0000000, 0.89981478, 8.3951073, 9.4951782, 9.7051764, 9.9047499, 9.9504442, 9.9803276, 19.997072, 19.999229, 19.999643, 19.978106, 0.33395058, 0.34495145, 0.34705162, 0.34904745, 0.34950441, 0.34980327, 0.34998536, 0.34999615, 0.34999821, 0.34989053, 0.89981478
0.28779894, 1.0000000, 0.75289464, 5.6147408, 9.3142929, 9.5665321, 9.8088226, 9.8944483, 9.9553127, 19.992437, 19.998020, 19.997972, 19.955412, 0.30614570, 0.34314123, 0.34566447, 0.34808806, 0.34894440, 0.34955311, 0.34996217, 0.34999010, 0.34998986, 0.34977704, 0.75289464
0.25987685, 1.0000000, 0.65172774, 3.5710382, 9.3478546, 9.5759935, 9.7840843, 9.8734045, 9.9430571, 19.990026, 19.997356, 19.994192, 19.935043, 0.28570732, 0.34347373, 0.34575745, 0.34784034, 0.34873378, 0.34943047, 0.34995013, 0.34998679, 0.34997097, 0.34967521, 0.65172774
0.35596812, 1.0000000, 0.99988443, 9.9995556, 9.9997311, 9.9998655, 9.9999723, 9.9999876, 9.9999962, 19.999998, 19.999998, 19.999998, 19.997997, 0.34998411, 0.34999046, 0.34999523, 0.34999904, 0.34999952, 0.34999985, 0.34999999, 0.34999999, 0.34999999, 0.34998998, 0.99988443
0.35599893, 1.0000000, 0.99999613, 9.9999990, 9.9999990, 9.9999990, 9.9999990, 9.9999990, 9.9999990, 19.999998, 19.999998, 19.999998, 19.998999, 0.34999946, 0.34999967, 0.34999985, 0.34999996, 0.34999996, 0.34999999, 0.34999999, 0.34999999, 0.34999999, 0.34999499, 0.99999613
0.35599440, 1.0000000, 0.99997962, 9.9999990, 9.9999990, 9.9999990, 9.9999990, 9.9999990, 9.9999990, 19.999998, 19.999998, 19.999998, 19.998999, 0.34999719, 0.34999830, 0.34999916, 0.34999982, 0.34999990, 0.34999996, 0.34999999, 0.34999999, 0.34999999, 0.34999499, 0.99997962
0.35599792, 1.0000000, 0.99999243, 9.9999485, 9.9999695, 9.9999847, 9.9999962, 9.9999990, 9.9999990, 19.999998, 19.999998, 19.999998, 19.997997, 0.34999895, 0.34999937, 0.34999970, 0.34999993, 0.34999996, 0.34999999, 0.34999999, 0.34999999, 0.34999999, 0.34998998, 0.99999243
0.32659566, 1.0000000, 0.89346260, 8.2631359, 9.5003958, 9.7097731, 9.9099379, 9.9533186, 9.9818773, 19.997669, 19.999392, 19.999575, 19.974239, 0.33263090, 0.34500366, 0.34709758, 0.34909934, 0.34953317, 0.34981877, 0.34998834, 0.34999695, 0.34999788, 0.34987119, 0.89346260
0.28873113, 1.0000000, 0.75627214, 5.6639061, 9.3350782, 9.5821877, 9.8226681, 9.9027004, 9.9599819, 19.994320, 19.998520, 19.997700, 19.951887, 0.30663788, 0.34334961, 0.34582129, 0.34822655, 0.34902695, 0.34959978, 0.34997159, 0.34999260, 0.34998849, 0.34975943, 0.75627214
0.27814770, 1.0000000, 0.71792638, 4.9708714, 9.2551003, 9.5144329, 9.7574816, 9.8591356, 9.9384470, 19.990984, 19.997637, 19.993420, 19.931929, 0.29970688, 0.34254891, 0.34514326, 0.34757462, 0.34859124, 0.34938446, 0.34995490, 0.34998819, 0.34996709, 0.34965965, 0.71792638
0.27715120, 1.0000000, 0.71431589, 4.8458543, 9.3239155, 9.5528727, 9.7583284, 9.8527908, 9.9313364, 19.989389, 19.997105, 19.986374, 19.915041, 0.29845777, 0.34323826, 0.34552827, 0.34758320, 0.34852785, 0.34931335, 0.34994695, 0.34998554, 0.34993187, 0.34957522, 0.71431589
0.26237395, 1.0000000, 0.66077518, 3.7413001, 9.3691339, 9.5763159, 9.7592649, 9.8494549, 9.9260082, 19.987167, 19.996080, 19.976477, 19.901239, 0.28741080, 0.34368804, 0.34576148, 0.34759229, 0.34849438, 0.34926003, 0.34993583, 0.34998041, 0.34988239, 0.34950620, 0.66077518
0.23601276, 1.0000000, 0.56526363, 2.5573702, 8.1897154, 9.5201063, 9.7334356, 9.8328409, 9.9162846, 19.984060, 19.994198, 19.964251, 19.890341, 0.27557325, 0.33189628, 0.34520057, 0.34733427, 0.34832835, 0.34916282, 0.34992030, 0.34997100, 0.34982127, 0.34945172, 0.56526363
0.27470011, 1.0000000, 0.70543516, 4.6762614, 9.3049421, 9.5678215, 9.7525187, 9.8413897, 9.9180698, 19.982964, 19.991760, 19.950781, 19.882013, 0.29676029, 0.34304664, 0.34567678, 0.34752488, 0.34841374, 0.34918064, 0.34991482, 0.34995881, 0.34975392, 0.34941006, 0.70543516
0.33187449, 1.0000000, 0.91258860, 8.7977877, 9.3440819, 9.5614853, 9.7503862, 9.8397980, 9.9163342, 19.980989, 19.987532, 19.936789, 19.875742, 0.33797592, 0.34343958, 0.34561419, 0.34750375, 0.34839791, 0.34916332, 0.34990495, 0.34993765, 0.34968394, 0.34937871, 0.91258860
0.35466433, 1.0000000, 0.99516058, 9.9999990, 9.9916573, 9.7186317, 9.9060202, 9.9511509, 9.9807453, 19.997246, 19.999283, 19.999741, 19.983032, 0.34999946, 0.34991625, 0.34718618, 0.34906018, 0.34951147, 0.34980744, 0.34998623, 0.34999642, 0.34999871, 0.34991515, 0.99516058
0.34876102, 1.0000000, 0.97377187, 9.8775806, 9.5342789, 9.6335392, 9.8491974, 9.9174881, 9.9665174, 19.995636, 19.998867, 19.998634, 19.960049, 0.34876946, 0.34533912, 0.34633353, 0.34849158, 0.34917471, 0.34966511, 0.34997818, 0.34999433, 0.34999317, 0.34980023, 0.97377187
0.35599792, 1.0000000, 0.99999243, 9.9999485, 9.9999695, 9.9999847, 9.9999962, 9.9999962, 9.9999990, 19.999998, 19.999998, 19.999998, 19.997997, 0.34999895, 0.34999937, 0.34999970, 0.34999993, 0.34999993, 0.34999999, 0.34999999, 0.34999999, 0.34999999, 0.34998998, 0.99999243
0.35599893, 1.0000000, 0.99999607, 9.9999990, 9.9999990, 9.9999990, 9.9999990, 9.9999990, 9.9999990, 19.999998, 19.999998, 19.999998, 19.998999, 0.34999946, 0.34999967, 0.34999982, 0.34999996, 0.34999996, 0.34999999, 0.34999999, 0.34999999, 0.34999999, 0.34999499, 0.99999607
0.35356867, 1.0000000, 0.99119073, 9.8763180, 9.9311600, 9.9650106, 9.9928236, 9.9963999, 9.9988012, 19.999998, 19.999998, 19.999884, 19.979593, 0.34876212, 0.34931096, 0.34964979, 0.34992817, 0.34996396, 0.34998801, 0.34999999, 0.34999999, 0.34999943, 0.34989798, 0.99119073
0.35590100, 1.0000000, 0.99964124, 9.9966612, 9.9979963, 9.9989977, 9.9997969, 9.9998980, 9.9999666, 19.999998, 19.999998, 19.999998, 19.996996, 0.34995067, 0.34997040, 0.34998518, 0.34999701, 0.34999850, 0.34999952, 0.34999999, 0.34999999, 0.34999999, 0.34998497, 0.99964124
0.35599917, 1.0000000, 0.99999690, 9.9999990, 9.9999990, 9.9999990, 9.9999990, 9.9999990, 9.9999990, 19.999998, 19.999998, 19.999998, 19.998999, 0.34999958, 0.34999973, 0.34999987, 0.34999996, 0.34999999, 0.34999999, 0.34999999, 0.34999999, 0.34999999, 0.34999499, 0.99999690
0.35599810, 1.0000000, 0.99999309, 9.9999990, 9.9999990, 9.9999990, 9.9999990, 9.9999990, 9.9999990, 19.999998, 19.999998, 19.999998, 19.998999, 0.34999904, 0.34999943, 0.34999973, 0.34999993, 0.34999996, 0.34999999, 0.34999999, 0.34999999, 0.34999999, 0.34999499, 0.99999309
0.33538187, 1.0000000, 0.92529655, 8.8181458, 9.6000595, 9.7747593, 9.9393635, 9.9689703, 9.9886961, 19.999182, 19.999790, 19.999727, 19.976204, 0.33818147, 0.34600061, 0.34774759, 0.34939364, 0.34968969, 0.34988695, 0.34999591, 0.34999895, 0.34999865, 0.34988102, 0.92529655
0.30828661, 1.0000000, 0.82712543, 6.9914370, 9.4399109, 9.6579628, 9.8744373, 9.9329376, 9.9741268, 19.997555, 19.999367, 19.998138, 19.953728, 0.31991154, 0.34439680, 0.34657842, 0.34874412, 0.34932926, 0.34974125, 0.34998778, 0.34999683, 0.34999070, 0.34976864, 0.82712543
0.27418053, 1.0000000, 0.70355254, 4.6157441, 9.3308477, 9.5744572, 9.8063231, 9.8911858, 9.9548111, 19.994535, 19.998579, 19.994099, 19.933563, 0.29615638, 0.34330720, 0.34574392, 0.34806308, 0.34891179, 0.34954807, 0.34997267, 0.34999290, 0.34997049, 0.34966782, 0.70355254
0.24566713, 1.0000000, 0.60024321, 2.9450059, 8.6911640, 9.5473747, 9.7697983, 9.8643103, 9.9402046, 19.992485, 19.997948, 19.987284, 19.916401, 0.27944764, 0.33690736, 0.34547138, 0.34769750, 0.34864286, 0.34940195, 0.34996241, 0.34998974, 0.34993643, 0.34958202, 0.60024321
0.22244315, 1.0000000, 0.51609832, 2.2423029, 7.0781484, 9.5145884, 9.7380409, 9.8407583, 9.9255791, 19.989269, 19.996725, 19.977541, 19.902319, 0.27242160, 0.32077876, 0.34514406, 0.34738001, 0.34840739, 0.34925574, 0.34994635, 0.34998363, 0.34988770, 0.34951159, 0.51609832
0.20217639, 1.0000000, 0.44266808, 1.6620398, 5.6052098, 9.5073404, 9.7241564, 9.8282194, 9.9158392, 19.986172, 19.994949, 19.965458, 19.891178, 0.26661509, 0.30604136, 0.34506431, 0.34723973, 0.34828123, 0.34915808, 0.34993085, 0.34997475, 0.34982729, 0.34945589, 0.44266808
0.18120408, 1.0000000, 0.36668149, 1.0795206, 4.0642486, 9.4724998, 9.7012625, 9.8119202, 9.9053364, 19.982414, 19.991934, 19.951862, 19.882620, 0.26078993, 0.29063061, 0.34471115, 0.34700981, 0.34811777, 0.34905288, 0.34991208, 0.34995967, 0.34975931, 0.34941310, 0.36668149
0.16303463, 1.0000000, 0.30085012, 0.56733191, 2.9208808, 9.0843658, 9.6831169, 9.7986135, 9.8966665, 19.978533, 19.987316, 19.937777, 19.876156, 0.25566855, 0.27919412, 0.34082082, 0.34682631, 0.34798366, 0.34896582, 0.34989268, 0.34993657, 0.34968889, 0.34938079, 0.30085012
0.14898476, 0.83306581, 0.24994475, 0.15816689, 2.3848681, 8.1284809, 9.6691341, 9.7882290, 9.8900442, 19.974796, 19.980843, 19.924076, 19.871359, 0.25158042, 0.27383724, 0.33126530, 0.34668669, 0.34787995, 0.34889963, 0.34987399, 0.34990421, 0.34962037, 0.34935680, 0.24994475
0.13925046, 0.71551353, 0.21467553, 0.0000000, 1.9249737, 7.2245049, 9.6637716, 9.7834139, 9.8863201, 19.971149, 19.972385, 19.911509, 19.867865, 0.24999321, 0.26924127, 0.32222915, 0.34663346, 0.34783199, 0.34886247, 0.34985575, 0.34986192, 0.34955755, 0.34933931, 0.21467553
0.13198669, 0.62779582, 0.18835759, 0.0000000, 1.5073061, 6.3080225, 9.6527605, 9.7760534, 9.8823156, 19.967503, 19.962147, 19.900484, 19.865307, 0.24999321, 0.26506594, 0.31306532, 0.34652305, 0.34775823, 0.34882239, 0.34983751, 0.34981072, 0.34950241, 0.34932655, 0.18835759
0.12487683, 0.54193646, 0.16259719, 0.0000000, 1.1218250, 5.3658538, 9.6353836, 9.7650156, 9.8768082, 19.963140, 19.950495, 19.891188, 19.863470, 0.24999321, 0.26121283, 0.30364561, 0.34634918, 0.34764782, 0.34876728, 0.34981570, 0.34975249, 0.34945595, 0.34931734, 0.16259719
0.11887692, 0.46948108, 0.14085841, 0.0000000, 0.81937611, 4.5228276, 9.6353741, 9.7638521, 9.8751402, 19.958036, 19.938152, 19.883600, 19.862143, 0.24999321, 0.25818655, 0.29520836, 0.34634525, 0.34763423, 0.34874994, 0.34979019, 0.34969077, 0.34941798, 0.34931070, 0.14085841
0.11321595, 0.40111870, 0.12034765, 0.0000000, 0.54993331, 3.6956222, 9.6244678, 9.7568560, 9.8712559, 19.951591, 19.925686, 19.877535, 19.861185, 0.24999321, 0.25549600, 0.28694504, 0.34623888, 0.34756562, 0.34871158, 0.34975797, 0.34962842, 0.34938768, 0.34930593, 0.12034765
0.10807629, 0.33905172, 0.10172569, 0.0000000, 0.30660927, 2.9742627, 9.4634933, 9.7416391, 9.8635378, 19.943623, 19.913771, 19.872774, 19.860510, 0.24999321, 0.25306424, 0.27973363, 0.34462923, 0.34741345, 0.34863439, 0.34971812, 0.34956884, 0.34936386, 0.34930256, 0.10172569
0.10423981, 0.29272202, 0.87825388E-1, 0.0000000, 0.11589825, 2.5257468, 8.9901600, 9.7246504, 9.8544226, 19.934685, 19.902992, 19.869120, 19.860039, 0.24999321, 0.25115797, 0.27524656, 0.33989382, 0.34724230, 0.34854281, 0.34967342, 0.34951496, 0.34934559, 0.34930021, 0.87825388E-1
0.10210018, 0.26688370, 0.80073118E-1, 0.0000000, 0.40516257E-1, 2.2346079, 8.6039524, 9.7389479, 9.8588781, 19.926626, 19.893999, 19.866457, 19.859728, 0.24999321, 0.25040495, 0.27234021, 0.33603501, 0.34738693, 0.34858790, 0.34963313, 0.34946999, 0.34933227, 0.34929866, 0.80073118E-1
0.99536017E-1, 0.23591858, 0.70782654E-1, 0.0000000, 0.0000000, 1.8080890, 8.0648241, 9.7014456, 9.8412952, 19.916403, 19.885958, 19.864336, 19.859468, 0.24999321, 0.24998792, 0.26807767, 0.33064538, 0.34701273, 0.34841236, 0.34958202, 0.34942979, 0.34932166, 0.34929734, 0.70782654E-1
0.97519152E-1, 0.21156278, 0.63475184E-1, 0.0000000, 0.0000000, 1.4387041, 7.4875417, 9.6822824, 9.8295259, 19.906700, 19.879459, 19.862782, 19.859299, 0.24999321, 0.24998792, 0.26438382, 0.32487208, 0.34682065, 0.34829453, 0.34953350, 0.34939730, 0.34931391, 0.34929651, 0.63475184E-1
0.95829189E-1, 0.19115466, 0.57352133E-1, 0.0000000, 0.0000000, 1.1449069, 6.9194708, 9.6761856, 9.8238678, 19.897932, 19.874346, 19.861664, 19.859251, 0.24999321, 0.24998792, 0.26144603, 0.31919101, 0.34675926, 0.34823781, 0.34948966, 0.34937173, 0.34930831, 0.34929627, 0.57352133E-1
0.94562039E-1, 0.17585246, 0.52761015E-1, 0.0000000, 0.0000000, 0.93702078, 6.4230843, 9.6851797, 9.8258095, 19.890333, 19.870401, 19.860874, 19.859217, 0.24999321, 0.24998792, 0.25936818, 0.31422806, 0.34684968, 0.34825736, 0.34945166, 0.34935200, 0.34930438, 0.34929609, 0.52761015E-1
0.93515724E-1, 0.16321710, 0.48970029E-1, 0.0000000, 0.0000000, 0.77408850, 5.9694018, 9.6953058, 9.8286514, 19.883738, 19.867371, 19.860298, 19.859200, 0.24999321, 0.24998792, 0.25773776, 0.30968919, 0.34694916, 0.34828520, 0.34941870, 0.34933686, 0.34930149, 0.34929600, 0.48970029E-1
0.92966773E-1, 0.15658791, 0.46981074E-1, 0.0000000, 0.0000000, 0.69965422, 5.6544199, 9.7370157, 9.8450222, 19.879011, 19.865301, 19.859959, 19.859200, 0.24999321, 0.24998792, 0.25699428, 0.30654049, 0.34736699, 0.34844914, 0.34939507, 0.34932649, 0.34929979, 0.34929600, 0.46981074E-1
0.91860339E-1, 0.14322646, 0.42972237E-1, 0.0000000, 0.0000000, 0.53296983, 5.1810012, 9.6829329, 9.8229837, 19.873503, 19.863338, 19.859625, 19.859163, 0.24999321, 0.24998792, 0.25532919, 0.30180904, 0.34682840, 0.34822953, 0.34936750, 0.34931669, 0.34929812, 0.34929582, 0.42972237E-1
0.93577705E-1, 0.16396558, 0.49194597E-1, 0.15335679, 0.0000000, 0.48492253, 4.9100809, 9.7424107, 9.8447552, 19.870007, 19.862101, 19.859489, 19.859163, 0.25153175, 0.24998792, 0.25484750, 0.29909730, 0.34742060, 0.34844640, 0.34935004, 0.34931052, 0.34929746, 0.34929582, 0.49194597E-1
0.90396434E-1, 0.12554827, 0.37668251E-1, 0.0000000, 0.0000000, 0.33006966, 4.4349699, 9.6720095, 9.8156843, 19.864893, 19.860619, 19.859264, 19.859116, 0.24995854, 0.24998792, 0.25329942, 0.29434630, 0.34671637, 0.34815559, 0.34932446, 0.34930310, 0.34929633, 0.34929559, 0.37668251E-1
0.89383066E-1, 0.11331070, 0.33996612E-1, 0.0000000, 0.0000000, 0.19741654, 3.8912187, 9.6443291, 9.7999840, 19.860590, 19.859446, 19.859034, 19.859051, 0.24995854, 0.24998792, 0.25197279, 0.28890681, 0.34643665, 0.34799758, 0.34930295, 0.34929723, 0.34929517, 0.34929526, 0.33996612E-1
0.88589258E-1, 0.10372467, 0.31120514E-1, 0.0000000, 0.0000000, 0.10433793, 3.3962922, 9.6503534, 9.8002272, 19.857571, 19.858614, 19.858833, 19.859005, 0.24995854, 0.24998792, 0.25104156, 0.28395110, 0.34648675, 0.34799656, 0.34928787, 0.34929305, 0.34929416, 0.34929502, 0.31120514E-1
0.87779939E-1, 0.93951225E-1, 0.28188186E-1, 0.0000000, 0.0000000, 0.10535121E-1, 2.9776187, 9.4746571, 9.7857666, 19.854509, 19.857777, 19.858614, 19.858940, 0.24995854, 0.24998792, 0.25010511, 0.27976346, 0.34472629, 0.34785068, 0.34927255, 0.34928888, 0.34929305, 0.34929469, 0.28188186E-1
0.87357715E-1, 0.88852368E-1, 0.26658377E-1, 0.0000000, 0.0000000, 0.0000000, 2.7479200, 9.0258369, 9.7694397, 19.851845, 19.857061, 19.858421, 19.858875, 0.24995854, 0.24998792, 0.24999821, 0.27746382, 0.34023309, 0.34768528, 0.34925923, 0.34928530, 0.34929210, 0.34929436, 0.26658377E-1
0.87137602E-1, 0.86194314E-1, 0.25860881E-1, 0.0000000, 0.0000000, 0.0000000, 2.6273160, 8.7276392, 9.7924652, 19.852140, 19.857140, 19.858461, 19.858875, 0.24995854, 0.24998792, 0.24999821, 0.27625805, 0.33725134, 0.34791526, 0.34926069, 0.34928569, 0.34929231, 0.34929436, 0.25860881E-1
0.86929701E-1, 0.83683670E-1, 0.25107611E-1, 0.0000000, 0.0000000, 0.0000000, 2.5098534, 8.4538002, 9.8010397, 19.851969, 19.857103, 19.858473, 19.858856, 0.24995854, 0.24998792, 0.24999821, 0.27509311, 0.33452889, 0.34800687, 0.34925985, 0.34928551, 0.34929237, 0.34929428, 0.25107611E-1
0.86697288E-1, 0.80877021E-1, 0.24265533E-1, 0.0000000, 0.0000000, 0.0000000, 2.3780048, 8.1580105, 9.7972631, 19.851551, 19.856993, 19.858461, 19.858828, 0.24995854, 0.24998792, 0.24999821, 0.27377307, 0.33156812, 0.34796783, 0.34925777, 0.34928495, 0.34929231, 0.34929413, 0.24265533E-1
0.86481772E-1, 0.78274444E-1, 0.23484683E-1, 0.0000000, 0.0000000, 0.0000000, 2.2588253, 7.8763475, 9.7977991, 19.851486, 19.856987, 19.858473, 19.858828, 0.24995854, 0.24998792, 0.24999821, 0.27257952, 0.32874829, 0.34797168, 0.34925744, 0.34928495, 0.34929237, 0.34929413, 0.23484683E-1
0.86204588E-1, 0.74927166E-1, 0.22480398E-1, 0.0000000, 0.0000000, 0.0000000, 2.1001279, 7.5289245, 9.7817078, 19.850218, 19.856657, 19.858397, 19.858805, 0.24995854, 0.24998792, 0.24999821, 0.27099434, 0.32527676, 0.34781167, 0.34925109, 0.34928328, 0.34929198, 0.34929401, 0.22480398E-1
0.85846759E-1, 0.70605978E-1, 0.21183912E-1, 0.0000000, 0.0000000, 0.0000000, 1.8975854, 7.0792227, 9.7545900, 19.848452, 19.856178, 19.858225, 19.858757, 0.24995854, 0.24998792, 0.24999821, 0.26896787, 0.32077733, 0.34753904, 0.34924227, 0.34928089, 0.34929112, 0.34929377, 0.21183912E-1
0.85511364E-1, 0.66555709E-1, 0.19968711E-1, 0.0000000, 0.0000000, 0.0000000, 1.7162412, 6.6352491, 9.7482424, 19.847424, 19.855898, 19.858166, 19.858757, 0.24995854, 0.24998792, 0.24999821, 0.26715142, 0.31633124, 0.34747201, 0.34923711, 0.34927949, 0.34929082, 0.34929377, 0.19968711E-1
0.85313573E-1, 0.64167224E-1, 0.19252092E-1, 0.0000000, 0.0000000, 0.0000000, 1.6191214, 6.3409085, 9.7783155, 19.848263, 19.856108, 19.858194, 19.858757, 0.24995854, 0.24998792, 0.24999821, 0.26618221, 0.31339148, 0.34777409, 0.34924132, 0.34928054, 0.34929097, 0.34929377, 0.19252092E-1
0.85085765E-1, 0.61416194E-1, 0.18426701E-1, 0.0000000, 0.0000000, 0.0000000, 1.5036076, 6.0207005, 9.7756948, 19.848745, 19.856226, 19.858208, 19.858757, 0.24995854, 0.24998792, 0.24999821, 0.26503146, 0.31019777, 0.34775195, 0.34924373, 0.34928113, 0.34929103, 0.34929377, 0.18426701E-1
0.84897906E-1, 0.59147548E-1, 0.17746039E-1, 0.0000000, 0.0000000, 0.0000000, 1.4115959, 5.7470980, 9.7844200, 19.849298, 19.856361, 19.858225, 19.858757, 0.24995854, 0.24998792, 0.24999821, 0.26411355, 0.30746603, 0.34784138, 0.34924650, 0.34928182, 0.34929112, 0.34929377, 0.17746039E-1
0.84648333E-1, 0.56133721E-1, 0.16841801E-1, 0.0000000, 0.0000000, 0.0000000, 1.2853503, 5.4049668, 9.7656059, 19.848856, 19.856237, 19.858194, 19.858757, 0.24995854, 0.24998792, 0.24999821, 0.26284686, 0.30403572, 0.34764767, 0.34924430, 0.34928119, 0.34929097, 0.34929377, 0.16841801E-1
0.84353916E-1, 0.52578308E-1, 0.15775070E-1, 0.0000000, 0.0000000, 0.0000000, 1.1356324, 4.9988513, 9.7440500, 19.847446, 19.855860, 19.858120, 19.858757, 0.24995854, 0.24998792, 0.24999821, 0.26135328, 0.29998183, 0.34743619, 0.34923723, 0.34927928, 0.34929061, 0.34929377, 0.15775070E-1
0.84029302E-1, 0.48658248E-1, 0.14598935E-1, 0.0000000, 0.0000000, 0.0000000, 0.97518265, 4.5434637, 9.7237482, 19.845657, 19.855392, 19.858021, 19.858709, 0.24995854, 0.24998792, 0.24999821, 0.25974679, 0.29542294, 0.34722912, 0.34922829, 0.34927696, 0.34929010, 0.34929353, 0.14598935E-1
0.83709694E-1, 0.44798579E-1, 0.13440918E-1, 0.0000000, 0.0000000, 0.0000000, 0.82322955, 4.0784116, 9.7139120, 19.844135, 19.854971, 19.857925, 19.858704, 0.24995854, 0.24998792, 0.24999821, 0.25822794, 0.29077336, 0.34713060, 0.34922069, 0.34927484, 0.34928963, 0.34929353, 0.13440918E-1
0.83429024E-1, 0.41409172E-1, 0.12423994E-1, 0.0000000, 0.0000000, 0.0000000, 0.70256293, 3.6427093, 9.7142754, 19.844292, 19.855005, 19.857943, 19.858709, 0.24995854, 0.24998792, 0.24999821, 0.25701955, 0.28641129, 0.34712872, 0.34922147, 0.34927502, 0.34928972, 0.34929353, 0.12423994E-1
0.83232410E-1, 0.39034903E-1, 0.11711642E-1, 0.0000000, 0.0000000, 0.0000000, 0.62738061, 3.3097591, 9.7401018, 19.845739, 19.855419, 19.858061, 19.858709, 0.24995854, 0.24998792, 0.24999821, 0.25626752, 0.28308100, 0.34738475, 0.34922868, 0.34927708, 0.34929031, 0.34929353, 0.11711642E-1
0.82999423E-1, 0.36221355E-1, 0.10867493E-1, 0.0000000, 0.0000000, 0.0000000, 0.52494109, 2.9868543, 9.6300259, 19.846016, 19.855501, 19.858084, 19.858709, 0.24995854, 0.24998792, 0.24999821, 0.25524643, 0.27986005, 0.34629112, 0.34923008, 0.34927750, 0.34929043, 0.34929353, 0.10867493E-1
0.82784116E-1, 0.33621218E-1, 0.10087375E-1, 0.0000000, 0.0000000, 0.0000000, 0.41701496, 2.7672231, 9.3731508, 19.845438, 19.855354, 19.858036, 19.858709, 0.24995854, 0.24998792, 0.24999821, 0.25416905, 0.27766860, 0.34372741, 0.34922719, 0.34927678, 0.34929019, 0.34929353, 0.10087375E-1
0.82620591E-1, 0.31646542E-1, 0.94949128E-2, 0.0000000, 0.0000000, 0.0000000, 0.34291744, 2.5938690, 9.1547613, 19.846165, 19.855536, 19.858120, 19.858709, 0.24995854, 0.24998792, 0.24999821, 0.25342733, 0.27593166, 0.34153932, 0.34923083, 0.34927768, 0.34929061, 0.34929353, 0.94949128E-2
0.10027837, 0.24488339, 0.73472366E-1, 1.2863040, 0.0000000, 0.0000000, 0.31731427, 2.5229902, 9.0456877, 19.848438, 19.856150, 19.858225, 19.858709, 0.26284268, 0.24998792, 0.24999821, 0.25317284, 0.27522871, 0.34045544, 0.34924218, 0.34928074, 0.34929112, 0.34929353, 0.73472366E-1
0.10252434, 0.27200592, 0.81609935E-1, 1.4479965, 0.0000000, 0.0000000, 0.31254888, 2.5143771, 9.0092506, 19.850576, 19.856699, 19.858355, 19.858709, 0.26447922, 0.24998792, 0.24999821, 0.25312549, 0.27514374, 0.34009245, 0.34925288, 0.34928349, 0.34929177, 0.34929353, 0.81609935E-1
0.97853206E-1, 0.21559687, 0.64685531E-1, 1.1116147, 0.0000000, 0.0000000, 0.29540062, 2.4938316, 8.9628544, 19.851313, 19.856892, 19.858408, 19.858709, 0.26111543, 0.24998792, 0.24999821, 0.25295401, 0.27493826, 0.33962849, 0.34925658, 0.34928447, 0.34929204, 0.34929353, 0.64685531E-1
0.91320828E-1, 0.13671128, 0.41017488E-1, 0.64170063, 0.0000000, 0.0000000, 0.26785433, 2.4567902, 8.8994160, 19.851255, 19.856897, 19.858360, 19.858709, 0.25641581, 0.24998792, 0.24999821, 0.25267851, 0.27456775, 0.33899397, 0.34925628, 0.34928447, 0.34929180, 0.34929353, 0.41017488E-1
0.84461004E-1, 0.53871442E-1, 0.16163049E-1, 0.15108883, 0.0000000, 0.0000000, 0.22286177, 2.3943691, 8.8097010, 19.849981, 19.856550, 19.858273, 19.858709, 0.25149989, 0.24998792, 0.24999821, 0.25222763, 0.27393848, 0.33809060, 0.34924990, 0.34928274, 0.34929135, 0.34929353, 0.16163049E-1
0.83003074E-1, 0.36265366E-1, 0.10880698E-1, 0.46864152E-1, 0.0000000, 0.0000000, 0.20925105, 2.3692160, 8.7556267, 19.851173, 19.856867, 19.858349, 19.858709, 0.25046459, 0.24998792, 0.24999821, 0.25209141, 0.27368599, 0.33754867, 0.34925586, 0.34928435, 0.34929174, 0.34929353, 0.10880698E-1
0.82347453E-1, 0.28348058E-1, 0.85052680E-2, 0.0000000, 0.0000000, 0.0000000, 0.20177960, 2.3599803, 8.7202768, 19.852392, 19.857170, 19.858423, 19.858709, 0.24999939, 0.24998792, 0.24999821, 0.25201768, 0.27359912, 0.33720192, 0.34926197, 0.34928584, 0.34929210, 0.34929353, 0.85052680E-2
0.82230903E-1, 0.26940623E-1, 0.80829952E-2, 0.0000000, 0.0000000, 0.0000000, 0.14464557, 2.2442758, 8.5653944, 19.850288, 19.856594, 19.858225, 19.858709, 0.24999939, 0.24998792, 0.24999821, 0.25144643, 0.27244255, 0.33565369, 0.34925145, 0.34928298, 0.34929112, 0.34929353, 0.80829952E-2
0.82138978E-1, 0.25830466E-1, 0.77499151E-2, 0.0000000, 0.0000000, 0.0000000, 0.10154247, 2.1527827, 8.4343405, 19.849369, 19.856348, 19.858183, 19.858709, 0.24997465, 0.24998792, 0.24999821, 0.25101501, 0.27152351, 0.33433774, 0.34924686, 0.34928173, 0.34929091, 0.34929353, 0.77499151E-2
0.82022458E-1, 0.24423398E-1, 0.73277522E-2, 0.0000000, 0.0000000, 0.0000000, 0.49772859E-1, 2.0317287, 8.2646227, 19.847860, 19.855934, 19.858095, 19.858709, 0.24997465, 0.24998792, 0.24999821, 0.25049743, 0.27031094, 0.33263764, 0.34923929, 0.34927967, 0.34929049, 0.34929353, 0.73277522E-2
0.81934683E-1, 0.23363376E-1, 0.70097139E-2, 0.0000000, 0.0000000, 0.0000000, 0.19517541E-1, 1.9313574, 8.1108408, 19.848166, 19.856020, 19.858166, 19.858709, 0.24997465, 0.24998792, 0.24999821, 0.25019506, 0.26930785, 0.33110037, 0.34924084, 0.34928009, 0.34929082, 0.34929353, 0.70097139E-2
0.81912965E-1, 0.23101110E-1, 0.69310265E-2, 0.0000000, 0.0000000, 0.0000000, 0.12221932E-1, 1.9104481, 8.0573769, 19.850040, 19.856514, 19.858273, 19.858709, 0.24997465, 0.24998792, 0.24999821, 0.25012222, 0.26910448, 0.33057377, 0.34925020, 0.34928256, 0.34929135, 0.34929353, 0.69310265E-2
0.81821539E-1, 0.21997036E-1, 0.65997709E-2, 0.0000000, 0.0000000, 0.0000000, 0.0000000, 1.7773360, 7.8676386, 19.846964, 19.855707, 19.858047, 19.858698, 0.24997465, 0.24998792, 0.24999821, 0.24999993, 0.26777312, 0.32867604, 0.34923482, 0.34927854, 0.34929025, 0.34929350, 0.65997709E-2
0.81724860E-1, 0.20829557E-1, 0.62494921E-2, 0.0000000, 0.0000000, 0.0000000, 0.0000000, 1.6203582, 7.6411557, 19.843159, 19.854710, 19.857817, 19.858675, 0.24995050, 0.24998792, 0.24999821, 0.24999993, 0.26619649, 0.32640037, 0.34921581, 0.34927356, 0.34928909, 0.34929338, 0.62494921E-2
0.81620082E-1, 0.19564312E-1, 0.58698808E-2, 0.0000000, 0.0000000, 0.0000000, 0.0000000, 1.4527202, 7.3851662, 19.840050, 19.853886, 19.857622, 19.858669, 0.24995050, 0.24998792, 0.24999821, 0.24999993, 0.26451960, 0.32383880, 0.34920025, 0.34926942, 0.34928811, 0.34929335, 0.58698808E-2
0.81510007E-1, 0.18235043E-1, 0.54710601E-2, 0.0000000, 0.0000000, 0.0000000, 0.0000000, 1.2795776, 7.1068578, 19.836996, 19.853071, 19.857424, 19.858652, 0.24995050, 0.24998792, 0.24999821, 0.24999993, 0.26278862, 0.32105532, 0.34918499, 0.34926537, 0.34928712, 0.34929326, 0.54710601E-2
0.81403941E-1, 0.16954118E-1, 0.50867442E-2, 0.0000000, 0.0000000, 0.0000000, 0.0000000, 1.1183470, 6.8205619, 19.835730, 19.852694, 19.857347, 19.858664, 0.24995050, 0.24998792, 0.24999821, 0.24999993, 0.26117927, 0.31819707, 0.34917864, 0.34926346, 0.34928674, 0.34929332, 0.50867442E-2
0.81292167E-1, 0.15604357E-1, 0.46817753E-2, 0.0000000, 0.0000000, 0.0000000, 0.0000000, 0.95718205, 6.4936776, 19.836411, 19.852859, 19.857395, 19.858698, 0.24995050, 0.24998792, 0.24999821, 0.24999993, 0.25956863, 0.31492960, 0.34918207, 0.34926429, 0.34928697, 0.34929350, 0.46817753E-2
0.81203498E-1, 0.14533537E-1, 0.43604975E-2, 0.0000000, 0.0000000, 0.0000000, 0.0000000, 0.83377063, 6.2204485, 19.837418, 19.853136, 19.857491, 19.858698, 0.24995050, 0.24998792, 0.24999821, 0.24999993, 0.25833631, 0.31220102, 0.34918708, 0.34926569, 0.34928745, 0.34929350, 0.43604975E-2
0.81112884E-1, 0.13439345E-1, 0.40322067E-2, 0.0000000, 0.0000000, 0.0000000, 0.0000000, 0.71331561, 5.9256873, 19.838602, 19.853449, 19.857597, 19.858709, 0.24995050, 0.24998792, 0.24999821, 0.24999993, 0.25713104, 0.30925101, 0.34919301, 0.34926724, 0.34928799, 0.34929353, 0.40322067E-2
0.81038103E-1, 0.12536237E-1, 0.37612473E-2, 0.0000000, 0.0000000, 0.0000000, 0.0000000, 0.61805546, 5.6695590, 19.839989, 19.853828, 19.857702, 19.858709, 0.24995050, 0.24998792, 0.24999821, 0.24999993, 0.25617853, 0.30668935, 0.34919995, 0.34926915, 0.34928852, 0.34929353, 0.37612473E-2
0.80997691E-1, 0.12048207E-1, 0.36148238E-2, 0.0000000, 0.0000000, 0.0000000, 0.0000000, 0.56920946, 5.5225616, 19.842186, 19.854416, 19.857838, 19.858709, 0.24995050, 0.24998792, 0.24999821, 0.24999993, 0.25569123, 0.30522278, 0.34921092, 0.34927207, 0.34928918, 0.34929353, 0.36148238E-2
0.80945745E-1, 0.11420947E-1, 0.34266266E-2, 0.0000000, 0.0000000, 0.0000000, 0.0000000, 0.50544739, 5.3378668, 19.842693, 19.854588, 19.857861, 19.858709, 0.24995050, 0.24998792, 0.24999821, 0.24999993, 0.25505301, 0.30337349, 0.34921348, 0.34927294, 0.34928930, 0.34929353, 0.34266266E-2
0.80885716E-1, 0.10696002E-1, 0.32091218E-2, 0.0000000, 0.0000000, 0.0000000, 0.0000000, 0.43037832, 5.1281133, 19.841475, 19.854275, 19.857765, 19.858692, 0.24995050, 0.24998792, 0.24999821, 0.24999993, 0.25430235, 0.30127537, 0.34920737, 0.34927136, 0.34928882, 0.34929347, 0.32091218E-2
0.80822662E-1, 0.99345353E-2, 0.29806588E-2, 0.0000000, 0.0000000, 0.0000000, 0.0000000, 0.35167038, 4.9079013, 19.839283, 19.853672, 19.857607, 19.858683, 0.24995050, 0.24998792, 0.24999821, 0.24999993, 0.25351462, 0.29906932, 0.34919640, 0.34926838, 0.34928805, 0.34929341, 0.29806588E-2
0.80779098E-1, 0.94085112E-2, 0.28228357E-2, 0.0000000, 0.0000000, 0.0000000, 0.0000000, 0.30212402, 4.7413831, 19.839956, 19.853861, 19.857666, 19.858709, 0.24995050, 0.24998792, 0.24999821, 0.24999993, 0.25301871, 0.29740059, 0.34919977, 0.34926930, 0.34928834, 0.34929353, 0.28228357E-2
0.80717459E-1, 0.86641638E-2, 0.25995092E-2, 0.0000000, 0.0000000, 0.0000000, 0.0000000, 0.23985803, 4.4800568, 19.840616, 19.854033, 19.857702, 19.858709, 0.24995050, 0.24998792, 0.24999821, 0.24999993, 0.25239792, 0.29479641, 0.34920308, 0.34927016, 0.34928852, 0.34929353, 0.25995092E-2
0.80662206E-1, 0.79968721E-2, 0.23993016E-2, 0.0000000, 0.0000000, 0.0000000, 0.0000000, 0.18450320, 4.2461748, 19.840450, 19.853991, 19.857685, 19.858698, 0.24995050, 0.24998792, 0.24999821, 0.24999993, 0.25184402, 0.29245397, 0.34920225, 0.34926996, 0.34928843, 0.34929350, 0.23993016E-2
0.80620475E-1, 0.74929451E-2, 0.22481084E-2, 0.0000000, 0.0000000, 0.0000000, 0.0000000, 0.14027059, 4.0771194, 19.839991, 19.853874, 19.857666, 19.858709, 0.24995050, 0.24998792, 0.24999821, 0.24999993, 0.25140077, 0.29075986, 0.34919986, 0.34926933, 0.34928834, 0.34929353, 0.22481084E-2
0.80567978E-1, 0.68589798E-2, 0.20578997E-2, 0.0000000, 0.0000000, 0.0000000, 0.0000000, 0.84948540E-1, 3.8628700, 19.837759, 19.853273, 19.857529, 19.858664, 0.24995050, 0.24998792, 0.24999821, 0.24999993, 0.25084767, 0.28861499, 0.34918872, 0.34926632, 0.34928763, 0.34929332, 0.20578997E-2
0.80512151E-1, 0.61847991E-2, 0.18556253E-2, 0.0000000, 0.0000000, 0.0000000, 0.0000000, 0.24682283E-1, 3.6389868, 19.834229, 19.852306, 19.857294, 19.858646, 0.24995050, 0.24998792, 0.24999821, 0.24999993, 0.25024456, 0.28637883, 0.34917095, 0.34926146, 0.34928647, 0.34929323, 0.18556253E-2
0.80467537E-1, 0.56460518E-2, 0.16939850E-2, 0.0000000, 0.0000000, 0.0000000, 0.0000000, 0.0000000, 3.3908515, 19.829960, 19.851135, 19.856989, 19.858562, 0.24995050, 0.24998792, 0.24999821, 0.24999993, 0.24999990, 0.28387970, 0.34914821, 0.34925526, 0.34928483, 0.34929278, 0.16939850E-2
0.80419786E-1, 0.50693951E-2, 0.15209706E-2, 0.0000000, 0.0000000, 0.0000000, 0.0000000, 0.0000000, 3.0444474, 19.825703, 19.849955, 19.856682, 19.858480, 0.24995050, 0.24998792, 0.24999821, 0.24999993, 0.24999990, 0.28041941, 0.34912753, 0.34924951, 0.34928334, 0.34929237, 0.15209706E-2
0.80373116E-1, 0.45058294E-2, 0.13518841E-2, 0.0000000, 0.0000000, 0.0000000, 0.0000000, 0.0000000, 2.7050405, 19.802845, 19.849602, 19.856592, 19.858463, 0.24995050, 0.24998792, 0.24999821, 0.24999993, 0.24999990, 0.27703768, 0.34901416, 0.34924796, 0.34928295, 0.34929231, 0.13518841E-2
0.80326565E-1, 0.39436002E-2, 0.11831984E-2, 0.0000000, 0.0000000, 0.0000000, 0.0000000, 0.0000000, 2.3681254, 19.760494, 19.848358, 19.856276, 19.858406, 0.24995050, 0.24998792, 0.24999821, 0.24999993, 0.24999990, 0.27366397, 0.34880242, 0.34924179, 0.34928137, 0.34929204, 0.11831984E-2
0.80283426E-1, 0.34227376E-2, 0.10269240E-2, 0.0000000, 0.0000000, 0.0000000, 0.0000000, 0.0000000, 2.0582409, 19.716028, 19.847044, 19.855932, 19.858322, 0.24995050, 0.24998792, 0.24999821, 0.24999993, 0.24999990, 0.27053848, 0.34857726, 0.34923449, 0.34927946, 0.34929156, 0.10269240E-2
0.80244116E-1, 0.29479498E-2, 0.88447338E-3, 0.0000000, 0.0000000, 0.0000000, 0.0000000, 0.0000000, 1.7708868, 19.673582, 19.846596, 19.855822, 19.858328, 0.24995050, 0.24998792, 0.24999821, 0.24999993, 0.24999990, 0.26768947, 0.34836704, 0.34923276, 0.34927905, 0.34929159, 0.88447338E-3
0.80201827E-1, 0.24373231E-2, 0.73127006E-3, 0.0000000, 0.0000000, 0.0000000, 0.0000000, 0.0000000, 1.4643788, 19.630875, 19.846184, 19.855722, 19.858322, 0.24995050, 0.24998792, 0.24999821, 0.24999993, 0.24999990, 0.26462540, 0.34815329, 0.34923065, 0.34927857, 0.34929159, 0.73127006E-3
0.80162533E-1, 0.19628182E-2, 0.58890437E-3, 0.0000000, 0.0000000, 0.0000000, 0.0000000, 0.0000000, 1.1809319, 19.587082, 19.845724, 19.855593, 19.858292, 0.24995050, 0.24998792, 0.24999821, 0.24999993, 0.24999990, 0.26177809, 0.34793353, 0.34922814, 0.34927785, 0.34929141, 0.58890437E-3
0.80130480E-1, 0.15757098E-2, 0.47276024E-3, 0.0000000, 0.0000000, 0.0000000, 0.0000000, 0.0000000, 0.94775856, 19.545719, 19.845961, 19.855669, 19.858292, 0.24995050, 0.24998792, 0.24999821, 0.24999993, 0.24999990, 0.25945520, 0.34772730, 0.34922945, 0.34927824, 0.34929141, 0.47276024E-3
0.80094375E-1, 0.11396561E-2, 0.34193101E-3, 0.0000000, 0.0000000, 0.0000000, 0.0000000, 0.0000000, 0.68711340, 19.501694, 19.845537, 19.855560, 19.858259, 0.24995050, 0.24998792, 0.24999821, 0.24999993, 0.24999990, 0.25683862, 0.34750655, 0.34922719, 0.34927768, 0.34929127, 0.34193101E-3
0.80063671E-1, 0.76894724E-3, 0.23070724E-3, 0.0000000, 0.0000000, 0.0000000, 0.0000000, 0.0000000, 0.46319366, 19.461750, 19.846138, 19.855705, 19.858311, 0.24995050, 0.24998792, 0.24999821, 0.24999993, 0.24999990, 0.25461414, 0.34730801, 0.34923053, 0.34927845, 0.34929156, 0.23070724E-3
0.80036268E-1, 0.43799571E-3, 0.13141186E-3, 0.0000000, 0.0000000, 0.0000000, 0.0000000, 0.0000000, 0.26444197, 19.424065, 19.847010, 19.855921, 19.858406, 0.24995050, 0.24998792, 0.24999821, 0.24999993, 0.24999990, 0.25262824, 0.34712023, 0.34923503, 0.34927961, 0.34929204, 0.13141186E-3
0.79999998E-1, 0.0000000, 0.0000000, 0.0000000, 0.0000000, 0.0000000, 0.0000000, 0.0000000, 0.0000000, 19.383503, 19.846951, 19.855932, 19.858418, 0.24995050, 0.24998792, 0.24999821, 0.24999993, 0.24999990, 0.24998081, 0.34691748, 0.34923476, 0.34927967, 0.34929210, 0.0000000
0.79999998E-1, 0.0000000, 0.0000000, 0.0000000, 0.0000000, 0.0000000, 0.0000000, 0.0000000, 0.0000000, 19.336351, 19.845520, 19.855581, 19.858292, 0.24995050, 0.24998792, 0.24999821, 0.24999993, 0.24999990, 0.24998081, 0.34668022, 0.34922722, 0.34927779, 0.34929141, 0.0000000
0.79999998E-1, 0.0000000, 0.0000000, 0.0000000, 0.0000000, 0.0000000, 0.0000000, 0.0000000, 0.0000000, 19.293364, 19.845507, 19.855568, 19.858288, 0.24995050, 0.24998792, 0.24999821, 0.24999993, 0.24999990, 0.24998081, 0.34646523, 0.34922713, 0.34927773, 0.34929141, 0.0000000
0.79999998E-1, 0.0000000, 0.0000000, 0.0000000, 0.0000000, 0.0000000, 0.0000000, 0.0000000, 0.0000000, 19.254843, 19.846392, 19.855799, 19.858393, 0.24995050, 0.24998792, 0.24999821, 0.24999993, 0.24999990, 0.24998081, 0.34627420, 0.34923196, 0.34927899, 0.34929198, 0.0000000
0.79999998E-1, 0.0000000, 0.0000000, 0.0000000, 0.0000000, 0.0000000, 0.0000000, 0.0000000, 0.0000000, 19.212801, 19.846254, 19.855764, 19.858381, 0.24995050, 0.24998792, 0.24999821, 0.24999993, 0.24999990, 0.24998081, 0.34606400, 0.34923127, 0.34927881, 0.34929192, 0.0000000
0.79999998E-1, 0.0000000, 0.0000000, 0.0000000, 0.0000000, 0.0000000, 0.0000000, 0.0000000, 0.0000000, 19.180210, 19.848192, 19.856306, 19.858480, 0.24995050, 0.24998792, 0.24999821, 0.24999993, 0.24999990, 0.24998081, 0.34590104, 0.34924096, 0.34928152, 0.34929240, 0.0000000
0.79999998E-1, 0.0000000, 0.0000000, 0.0000000, 0.0000000, 0.0000000, 0.0000000, 0.0000000, 0.0000000, 19.143351, 19.848612, 19.856405, 19.858463, 0.24995050, 0.24998792, 0.24999821, 0.24999993, 0.24999990, 0.24998081, 0.34571674, 0.34924304, 0.34928203, 0.34929231, 0.0000000
0.79999998E-1, 0.0000000, 0.0000000, 0.0000000, 0.0000000, 0.0000000, 0.0000000, 0.0000000, 0.0000000, 19.110718, 19.849815, 19.856705, 19.858517, 0.24995050, 0.24998792, 0.24999821, 0.24999993, 0.24999990, 0.24998081, 0.34555358, 0.34924906, 0.34928352, 0.34929258, 0.0000000
0.79999998E-1, 0.0000000, 0.0000000, 0.0000000, 0.0000000, 0.0000000, 0.0000000, 0.0000000, 0.0000000, 19.078732, 19.850809, 19.856937, 19.858574, 0.24995050, 0.24998792, 0.24999821, 0.24999993, 0.24999990, 0.24998081, 0.34539366, 0.34925404, 0.34928468, 0.34929287, 0.0000000
0.79999998E-1, 0.0000000, 0.0000000, 0.0000000, 0.0000000, 0.0000000, 0.0000000, 0.0000000, 0.0000000, 19.045160, 19.851128, 19.857031, 19.858599, 0.24995050, 0.24998792, 0.24999821, 0.24999993, 0.24999990, 0.24998081, 0.34522581, 0.34925562, 0.34928516, 0.34929299, 0.0000000
0.79999998E-1, 0.0000000, 0.0000000, 0.0000000, 0.0000000, 0.0000000, 0.0000000, 0.0000000, 0.0000000, 19.009550, 19.850904, 19.856964, 19.858580, 0.24995050, 0.24998792, 0.24999821, 0.24999993, 0.24999990, 0.24998081, 0.34504774, 0.34925452, 0.34928483, 0.34929290, 0.0000000
0.79999998E-1, 0.0000000, 0.0000000, 0.0000000, 0.0000000, 0.0000000, 0.0000000, 0.0000000, 0.0000000, 18.973330, 19.850622, 19.856895, 19.858574, 0.24995050, 0.24998792, 0.24999821, 0.24999993, 0.24999990, 0.24998081, 0.34486663, 0.34925312, 0.34928447, 0.34929287, 0.0000000
0.79999998E-1, 0.0000000, 0.0000000, 0.0000000, 0.0000000, 0.0000000, 0.0000000, 0.0000000, 0.0000000, 18.937769, 19.850580, 19.856876, 19.858568, 0.24995050, 0.24998792, 0.24999821, 0.24999993, 0.24999990, 0.24998081, 0.34468883, 0.34925291, 0.34928438, 0.34929284, 0.0000000
0.79999998E-1, 0.0000000, 0.0000000, 0.0000000, 0.0000000, 0.0000000, 0.0000000, 0.0000000, 0.0000000, 18.904888, 19.851116, 19.857025, 19.858599, 0.24995050, 0.24998792, 0.24999821, 0.24999993, 0.24999990, 0.24998081, 0.34452444, 0.34925559, 0.34928513, 0.34929299, 0.0000000
0.79999998E-1, 0.0000000, 0.0000000, 0.0000000, 0.0000000, 0.0000000, 0.0000000, 0.0000000, 0.0000000, 18.874588, 19.852053, 19.857283, 19.858683, 0.24995050, 0.24998792, 0.24999821, 0.24999993, 0.24999990, 0.24998081, 0.34437293, 0.34926027, 0.34928641, 0.34929341, 0.0000000
0.82706541E-1, 0.32684419E-1, 0.98063061E-2, 0.19618273, 0.0000000, 0.0000000, 0.0000000, 0.0000000, 0.0000000, 18.837505, 19.851210, 19.857065, 19.858610, 0.25196126, 0.24998792, 0.24999821, 0.24999993, 0.24999990, 0.24998081, 0.34418753, 0.34925604, 0.34928533, 0.34929305, 0.98063061E-2
0.79999998E-1, 0.0000000, 0.0000000, 0.0000000, 0.0000000, 0.0000000, 0.0000000, 0.0000000, 0.0000000, 18.804359, 19.851528, 19.857159, 19.858641, 0.24990763, 0.24998792, 0.24999821, 0.24999993, 0.24999990, 0.24998081, 0.34402174, 0.34925762, 0.34928578, 0.34929320, 0.0000000
0.79999998E-1, 0.0000000, 0.0000000, 0.0000000, 0.0000000, 0.0000000, 0.0000000, 0.0000000, 0.0000000, 18.769583, 19.851377, 19.857119, 19.858641, 0.24990763, 0.24998792, 0.24999821, 0.24999993, 0.24999990, 0.24998081, 0.34384793, 0.34925687, 0.34928560, 0.34929320, 0.0000000
0.79999998E-1, 0.0000000, 0.0000000, 0.0000000, 0.0000000, 0.0000000, 0.0000000, 0.0000000, 0.0000000, 18.739849, 19.852348, 19.857361, 19.858709, 0.24990763, 0.24998792, 0.24999821, 0.24999993, 0.24999990, 0.24998081, 0.34369826, 0.34926146, 0.34928674, 0.34929350, 0.0000000
0.79999998E-1, 0.0000000, 0.0000000, 0.0000000, 0.0000000, 0.0000000, 0.0000000, 0.0000000, 0.0000000, 18.710758, 19.853195, 19.857578, 19.858709, 0.24990763, 0.24998792, 0.24999821, 0.24999993, 0.24999990, 0.24998081, 0.34355375, 0.34926599, 0.34928790, 0.34929353, 0.0000000
0.79999998E-1, 0.0000000, 0.0000000, 0.0000000, 0.0000000, 0.0000000, 0.0000000, 0.0000000, 0.0000000, 18.679525, 19.853315, 19.857592, 19.858698, 0.24990763, 0.24998792, 0.24999821, 0.24999993, 0.24999990, 0.24998081, 0.34339762, 0.34926659, 0.34928796, 0.34929350, 0.0000000
0.79999998E-1, 0.0000000, 0.0000000, 0.0000000, 0.0000000, 0.0000000, 0.0000000, 0.0000000, 0.0000000, 18.648138, 19.853344, 19.857609, 19.858698, 0.24990763, 0.24998792, 0.24999821, 0.24999993, 0.24999990, 0.24998081, 0.34324068, 0.34926671, 0.34928805, 0.34929350, 0.0000000
0.79999998E-1, 0.0000000, 0.0000000, 0.0000000, 0.0000000, 0.0000000, 0.0000000, 0.0000000, 0.0000000, 18.617840, 19.853603, 19.857685, 19.858709, 0.24990763, 0.24998792, 0.24999821, 0.24999993, 0.24999990, 0.24998081, 0.34308919, 0.34926802, 0.34928843, 0.34929353, 0.0000000
0.79999998E-1, 0.0000000, 0.0000000, 0.0000000, 0.0000000, 0.0000000, 0.0000000, 0.0000000, 0.0000000, 18.580854, 19.852312, 19.857313, 19.858610, 0.24990763, 0.24998792, 0.24999821, 0.24999993, 0.24999990, 0.24998081, 0.34290427, 0.34926155, 0.34928656, 0.34929305, 0.0000000
0.79999998E-1, 0.0000000, 0.0000000, 0.0000000, 0.0000000, 0.0000000, 0.0000000, 0.0000000, 0.0000000, 18.543674, 19.851345, 19.857059, 19.858587, 0.24990763, 0.24998792, 0.24999821, 0.24999993, 0.24999990, 0.24998081, 0.34271818, 0.34925666, 0.34928530, 0.34929293, 0.0000000
0.79999998E-1, 0.0000000, 0.0000000, 0.0000000, 0.0000000, 0.0000000, 0.0000000, 0.0000000, 0.0000000, 18.509283, 19.851328, 19.857084, 19.858599, 0.24990763, 0.24998792, 0.24999821, 0.24999993, 0.24999990, 0.24998081, 0.34254640, 0.34925663, 0.34928542, 0.34929299, 0.0000000
0.79999998E-1, 0.0000000, 0.0000000, 0.0000000, 0.0000000, 0.0000000, 0.0000000, 0.0000000, 0.0000000, 18.479448, 19.852306, 19.857342, 19.858688, 0.24990763, 0.24998792, 0.24999821, 0.24999993, 0.24999990, 0.24998081, 0.34239724, 0.34926152, 0.34928671, 0.34929344, 0.0000000
0.93522914E-1, 0.16330388, 0.48996065E-1, 0.98001361, 0.0000000, 0.0000000, 0.0000000, 0.0000000, 0.0000000, 18.450027, 19.853085, 19.857542, 19.858709, 0.25979921, 0.24998792, 0.24999821, 0.24999993, 0.24999990, 0.24998081, 0.34225014, 0.34926543, 0.34928772, 0.34929353, 0.48996065E-1
0.11859100, 0.46602827, 0.13982247, 2.3064108, 0.81675351, 0.0000000, 0.0000000, 0.0000000, 0.0000000, 18.420429, 19.853592, 19.857702, 19.858709, 0.27306399, 0.25816751, 0.24999821, 0.24999993, 0.24999990, 0.24998081, 0.34210214, 0.34926796, 0.34928852, 0.34929353, 0.13982247
0.11136632, 0.37878236, 0.11364608, 1.8848151, 0.64692199, 0.0000000, 0.0000000, 0.0000000, 0.0000000, 18.391384, 19.854071, 19.857796, 19.858709, 0.26884773, 0.25646913, 0.24999821, 0.24999993, 0.24999990, 0.24998081, 0.34195691, 0.34927034, 0.34928897, 0.34929353, 0.11364608
0.10311488, 0.27913731, 0.83749570E-1, 1.4064044, 0.44790506, 0.0000000, 0.0000000, 0.0000000, 0.0000000, 18.361656, 19.854221, 19.857813, 19.858709, 0.26406264, 0.25447878, 0.24999821, 0.24999993, 0.24999990, 0.24998081, 0.34180829, 0.34927112, 0.34928906, 0.34929353, 0.83749570E-1
0.93998924E-1, 0.16905227, 0.50720755E-1, 0.90576112, 0.18140376, 0.0000000, 0.0000000, 0.0000000, 0.0000000, 18.330467, 19.854004, 19.857725, 19.858692, 0.25905585, 0.25181383, 0.24999821, 0.24999993, 0.24999990, 0.24998081, 0.34165233, 0.34927002, 0.34928864, 0.34929347, 0.50720755E-1
0.85600086E-1, 0.67627132E-1, 0.20290168E-1, 0.40595233, 0.0000000, 0.0000000, 0.0000000, 0.0000000, 0.0000000, 18.299849, 19.853979, 19.857702, 19.858709, 0.25405803, 0.24999727, 0.24999821, 0.24999993, 0.24999990, 0.24998081, 0.34149924, 0.34926990, 0.34928852, 0.34929353, 0.20290168E-1
0.79999998E-1, 0.0000000, 0.0000000, 0.0000000, 0.0000000, 0.0000000, 0.0000000, 0.0000000, 0.0000000, 18.266998, 19.853460, 19.857553, 19.858669, 0.24987969, 0.24999727, 0.24999821, 0.24999993, 0.24999990, 0.24998081, 0.34133500, 0.34926730, 0.34928778, 0.34929335, 0.0000000
0.79999998E-1, 0.0000000, 0.0000000, 0.0000000, 0.0000000, 0.0000000, 0.0000000, 0.0000000, 0.0000000, 18.229330, 19.852036, 19.857214, 19.858616, 0.24987969, 0.24999727, 0.24999821, 0.24999993, 0.24999990, 0.24998081, 0.34114620, 0.34926006, 0.34928605, 0.34929308, 0.0000000
0.79999998E-1, 0.0000000, 0.0000000, 0.0000000, 0.0000000, 0.0000000, 0.0000000, 0.0000000, 0.0000000, 18.196144, 19.852076, 19.857225, 19.858629, 0.24987969, 0.24999727, 0.24999821, 0.24999993, 0.24999990, 0.24998081, 0.34097987, 0.34926018, 0.34928608, 0.34929314, 0.0000000
0.14112659, 0.73816991, 0.22147313, 2.2772431, 2.2826016, 2.3193450, 1.4487475, 0.0000000, 0.0000000, 18.167261, 19.853043, 19.857473, 19.858709, 0.27277195, 0.27282572, 0.27319330, 0.26448745, 0.24999990, 0.24998081, 0.34083632, 0.34926522, 0.34928736, 0.34929353, 0.22147313
0.13955030, 0.71913451, 0.21576193, 2.0050466, 2.1605463, 2.1910400, 2.1618457, 4.4775186, 9.2556324, 19.271673, 19.853979, 19.857731, 19.858709, 0.27005020, 0.27160528, 0.27191031, 0.27161843, 0.29477516, 0.34255633, 0.34635836, 0.34926990, 0.34928864, 0.34929353, 0.21576193
0.17153370, 1.0000000, 0.33164388, 2.4902251, 4.9399233, 2.2083042, 3.4812810, 7.0427551, 9.6059608, 19.598955, 19.854486, 19.857838, 19.858709, 0.27490219, 0.29939914, 0.27208301, 0.28481281, 0.32042754, 0.34605962, 0.34799477, 0.34927243, 0.34928918, 0.34929353, 0.33164388
0.13613628, 0.67790657, 0.20339231, 1.6231269, 2.0356922, 2.2512050, 2.9590428, 9.2712717, 9.7090702, 19.706001, 19.853409, 19.857548, 19.858646, 0.26619685, 0.27033901, 0.27250284, 0.27958590, 0.34271020, 0.34708947, 0.34852979, 0.34926698, 0.34928775, 0.34929323, 0.20339231
0.11733141, 0.45081735, 0.13525873, 0.68629980, 1.5196621, 1.9808352, 2.8332562, 9.0215349, 9.7566481, 19.755583, 19.852247, 19.857246, 19.858604, 0.25668171, 0.26510295, 0.26976028, 0.27830833, 0.34020260, 0.34756005, 0.34877679, 0.34926093, 0.34928614, 0.34929299, 0.13525873
0.10351956, 0.28402427, 0.85215800E-1, 0.0000000, 1.0938764, 1.7468572, 2.7265100, 8.8216600, 9.7858648, 19.784153, 19.851841, 19.857164, 19.858610, 0.24999934, 0.26091102, 0.26745379, 0.27725792, 0.33821234, 0.34785658, 0.34892043, 0.34925911, 0.34928578, 0.34929305, 0.85215800E-1
0.13680308, 0.68595886, 0.20580824, 2.4720936, 1.0170847, 1.7059892, 2.7065456, 8.7181234, 9.8218184, 19.806427, 19.853106, 19.857485, 19.858709, 0.27471986, 0.26017058, 0.26705965, 0.27706540, 0.33718112, 0.34821814, 0.34903213, 0.34926552, 0.34928742, 0.34929353, 0.20580824
0.12851599, 0.58588326, 0.17578256, 2.0310402, 0.81714988, 1.5951663, 2.6538432, 8.6128063, 9.8346443, 19.818413, 19.853445, 19.857609, 19.858709, 0.27030885, 0.25817111, 0.26595131, 0.27653831, 0.33612785, 0.34834635, 0.34909207, 0.34926721, 0.34928805, 0.34929353, 0.17578256
0.12477769, 0.54073930, 0.16223802, 1.8351704, 0.72334111, 1.5445441, 2.6289761, 8.5383778, 9.8497162, 19.828062, 19.854206, 19.857824, 19.858709, 0.26835036, 0.25723308, 0.26544511, 0.27628964, 0.33538359, 0.34849709, 0.34914032, 0.34927103, 0.34928912, 0.34929353, 0.16223802
0.11924989, 0.47398505, 0.14220974, 1.5427202, 0.58870018, 1.4680773, 2.5922627, 8.4621954, 9.8561182, 19.833874, 19.854601, 19.857906, 19.858709, 0.26542613, 0.25588676, 0.26468047, 0.27592251, 0.33462179, 0.34856111, 0.34916937, 0.34927300, 0.34928954, 0.34929353, 0.14220974
0.10826829, 0.34137034, 0.10242135, 1.0109842, 0.26726723, 1.2630135, 2.4961650, 8.3326025, 9.8442202, 19.834452, 19.853996, 19.857723, 19.858675, 0.26010975, 0.25267264, 0.26263011, 0.27496162, 0.33332601, 0.34844220, 0.34917226, 0.34926999, 0.34928861, 0.34929338, 0.10242135
0.93026154E-1, 0.15730497, 0.47196213E-1, 0.15524626, 0.0000000, 1.0094911, 2.3717940, 8.1757526, 9.8326864, 19.832544, 19.852978, 19.857447, 19.858629, 0.25155202, 0.24999067, 0.26009402, 0.27371752, 0.33175680, 0.34832656, 0.34916273, 0.34926489, 0.34928724, 0.34929314, 0.47196213E-1
0.10696127, 0.32558668, 0.97685777E-1, 1.1839658, 0.0000000, 0.95914900, 2.3463428, 8.0988894, 9.8516273, 19.837381, 19.853880, 19.857702, 19.858709, 0.26183727, 0.24999067, 0.25959092, 0.27346316, 0.33098841, 0.34851608, 0.34918690, 0.34926939, 0.34928852, 0.34929353, 0.97685777E-1
0.94036728E-1, 0.16950877, 0.50857719E-1, 0.36378801, 0.0000000, 0.62554777, 2.1727324, 7.9045467, 9.8237257, 19.831039, 19.851974, 19.857183, 19.858574, 0.25363758, 0.24999067, 0.25625533, 0.27172720, 0.32904527, 0.34823716, 0.34915519, 0.34925988, 0.34928590, 0.34929287, 0.50857719E-1
0.87562717E-1, 0.91328092E-1, 0.27401168E-1, 0.0000000, 0.0000000, 0.33350885, 2.0017087, 7.6619792, 9.8031416, 19.828108, 19.850973, 19.856930, 19.858522, 0.24998477, 0.24999067, 0.25333458, 0.27001649, 0.32661867, 0.34803092, 0.34914052, 0.34925488, 0.34928465, 0.34929261, 0.27401168E-1
0.86865999E-1, 0.82914397E-1, 0.24876807E-1, 0.0000000, 0.0000000, 0.20181537, 1.9108564, 7.4742308, 9.8130875, 19.831263, 19.851648, 19.857119, 19.858580, 0.24998477, 0.24999067, 0.25201783, 0.26910794, 0.32474113, 0.34813035, 0.34915632, 0.34925824, 0.34928560, 0.34929290, 0.24876807E-1
0.12370955, 0.52784038, 0.15836795, 2.1221459, 0.93522072, 0.16795993, 1.8929631, 7.3942218, 9.8445072, 19.836576, 19.852953, 19.857462, 19.858692, 0.27122012, 0.25935185, 0.25167957, 0.26892957, 0.32394207, 0.34844500, 0.34918287, 0.34926477, 0.34928730, 0.34929347, 0.15836795
0.12222274, 0.50988543, 0.15298092, 2.0953746, 0.83031356, 0.11937320, 1.8662006, 7.3238430, 9.8577738, 19.839901, 19.853804, 19.857719, 19.858709, 0.27095357, 0.25830308, 0.25119373, 0.26866201, 0.32323840, 0.34857774, 0.34919950, 0.34926903, 0.34928858, 0.34929353, 0.15298092
0.19455546, 1.0000000, 0.41505599, 2.7873011, 3.3959391, 8.5385323, 8.9326496, 9.3353844, 9.8688936, 19.843306, 19.854725, 19.857918, 19.858709, 0.27787292, 0.28395933, 0.33538526, 0.33932650, 0.34335384, 0.34868893, 0.34921652, 0.34927362, 0.34928960, 0.34929353, 0.41505599
0.35599983, 1.0000000, 0.99999928, 9.9999990, 9.9999990, 9.9999990, 9.9999990, 9.9999990, 9.9999990, 19.999998, 19.999998, 19.999998, 19.998999, 0.34999990, 0.34999993, 0.34999996, 0.34999999, 0.34999999, 0.34999999, 0.34999999, 0.34999999, 0.34999999, 0.34999499, 0.99999928
0.35600001, 1.0000000, 1.0000000, 9.9999990, 9.9999990, 9.9999990, 9.9999990, 9.9999990, 9.9999990, 19.999998, 19.999998, 19.999998, 19.998999, 0.34999999, 0.34999999, 0.34999999, 0.34999999, 0.34999999, 0.34999999, 0.34999999, 0.34999999, 0.34999999, 0.34999499, 1.0000000
0.35599983, 1.0000000, 0.99999928, 9.9999990, 9.9999990, 9.9999990, 9.9999990, 9.9999990, 9.9999990, 19.999998, 19.999998, 19.999998, 19.998999, 0.34999990, 0.34999993, 0.34999996, 0.34999999, 0.34999999, 0.34999999, 0.34999999, 0.34999999, 0.34999999, 0.34999499, 0.99999928
0.34858418, 1.0000000, 0.97313106, 9.6486855, 9.7587633, 9.8709364, 9.9663982, 9.9829397, 9.9934978, 19.999176, 19.999796, 19.999870, 19.981789, 0.34648678, 0.34758759, 0.34870934, 0.34966397, 0.34982941, 0.34993500, 0.34999588, 0.34999898, 0.34999937, 0.34990895, 0.97313106
0.33015084, 1.0000000, 0.90634352, 8.5093269, 9.5401869, 9.7329750, 9.9035482, 9.9496031, 9.9786673, 19.995602, 19.998873, 19.998560, 19.958849, 0.33495760, 0.34533224, 0.34729421, 0.34901762, 0.34948695, 0.34978205, 0.34997717, 0.34999415, 0.34999275, 0.34979424, 0.90634352
0.28648269, 1.0000000, 0.74812561, 5.5453897, 9.2884064, 9.5428686, 9.7662153, 9.8690376, 9.9377117, 19.982430, 19.995409, 19.994459, 19.937887, 0.30545273, 0.34288290, 0.34542808, 0.34766203, 0.34869033, 0.34937710, 0.34991214, 0.34997705, 0.34997231, 0.34968942, 0.74812561
0.23826183, 1.0000000, 0.57341242, 2.7166276, 8.2421627, 9.4437695, 9.6714954, 9.8016968, 9.8986931, 19.967474, 19.991310, 19.987406, 19.919788, 0.27716571, 0.33242062, 0.34443709, 0.34671482, 0.34801692, 0.34898689, 0.34983736, 0.34995654, 0.34993702, 0.34959894, 0.57341242
0.19872583, 1.0000000, 0.43016607, 1.2230933, 5.9833269, 9.4033098, 9.6280775, 9.7645330, 9.8733854, 19.954123, 19.987162, 19.977516, 19.904871, 0.26223060, 0.30983227, 0.34403232, 0.34628063, 0.34764525, 0.34873381, 0.34977061, 0.34993580, 0.34988758, 0.34952435, 0.43016607
0.16313687, 1.0000000, 0.30122051, 0.52809715E-2, 3.7293148, 9.3808155, 9.6071358, 9.7451115, 9.8589602, 19.943216, 19.982861, 19.965265, 19.892998, 0.25005281, 0.28729239, 0.34380719, 0.34607118, 0.34745103, 0.34858957, 0.34971607, 0.34991431, 0.34982634, 0.34946498, 0.30122051
0.15214759, 0.87126064, 0.26140434, 0.0000000, 2.6811509, 8.8337517, 9.6342812, 9.7580538, 9.8628664, 19.938288, 19.978979, 19.951784, 19.883923, 0.24999997, 0.27681011, 0.33833522, 0.34634230, 0.34758031, 0.34862858, 0.34969145, 0.34989488, 0.34975892, 0.34941962, 0.26140434
0.13974555, 0.72149235, 0.21646935, 0.0000000, 1.7784536, 7.6548185, 9.5915651, 9.7317371, 9.8472605, 19.926725, 19.971777, 19.937195, 19.876955, 0.24999997, 0.26778415, 0.32654735, 0.34591544, 0.34731725, 0.34847257, 0.34963363, 0.34985888, 0.34968597, 0.34938478, 0.21646935
0.12951209, 0.59791219, 0.17939161, 0.0000000, 1.1107653, 6.5197029, 9.5876331, 9.7275095, 9.8443184, 19.920740, 19.964128, 19.923275, 19.871824, 0.24999997, 0.26110724, 0.31519580, 0.34587598, 0.34727490, 0.34844312, 0.34960371, 0.34982064, 0.34961638, 0.34935912, 0.17939161
0.11897609, 0.47067857, 0.14121769, 0.0000000, 0.46983659, 5.2626290, 9.5654802, 9.7127647, 9.8366804, 19.914690, 19.954607, 19.910431, 19.868069, 0.24999997, 0.25469831, 0.30262592, 0.34565467, 0.34712759, 0.34836677, 0.34957343, 0.34977305, 0.34955215, 0.34934035, 0.14121769
0.11039801, 0.36708897, 0.11013771, 0.0000000, 0.0000000, 4.1315870, 9.5616026, 9.7096643, 9.8344975, 19.910046, 19.943996, 19.899229, 19.865360, 0.24999997, 0.24999718, 0.29131427, 0.34561533, 0.34709629, 0.34834486, 0.34955022, 0.34971997, 0.34949616, 0.34932679, 0.11013771
0.10703211, 0.32644209, 0.97942427E-1, 0.0000000, 0.0000000, 3.3083360, 9.6002836, 9.7325096, 9.8445024, 19.907875, 19.933189, 19.889977, 19.863426, 0.24999997, 0.24999718, 0.28308076, 0.34600133, 0.34732431, 0.34844476, 0.34953937, 0.34966594, 0.34944987, 0.34931713, 0.97942427E-1
0.11003581, 0.36271498, 0.10882538, 0.41170716, 0.10221601, 2.5360255, 9.2286720, 9.6966906, 9.8228264, 19.892298, 19.918655, 19.881548, 19.861843, 0.25411600, 0.25102201, 0.27535829, 0.34228528, 0.34696618, 0.34822801, 0.34946150, 0.34959328, 0.34940773, 0.34930921, 0.10882538
0.10027684, 0.24486487, 0.73466808E-1, 0.0000000, 0.0000000, 1.8939972, 8.5641594, 9.6625547, 9.8044777, 19.879795, 19.905264, 19.874973, 19.860750, 0.24994500, 0.24998955, 0.26892182, 0.33563015, 0.34661943, 0.34804216, 0.34939867, 0.34952623, 0.34937483, 0.34930375, 0.73466808E-1
0.97531512E-1, 0.21171203, 0.63519962E-1, 0.0000000, 0.0000000, 1.3636589, 7.8962049, 9.6545944, 9.7985153, 19.870678, 19.893757, 19.870020, 19.860025, 0.24994500, 0.24998955, 0.26363420, 0.32895929, 0.34654424, 0.34798458, 0.34935337, 0.34946877, 0.34935009, 0.34930012, 0.63519962E-1
0.95290236E-1, 0.18464625, 0.55399414E-1, 0.0000000, 0.0000000, 0.95327199, 7.2408776, 9.6556082, 9.7985849, 19.865496, 19.884686, 19.866503, 19.859581, 0.24994500, 0.24998955, 0.25953037, 0.32240519, 0.34655368, 0.34798506, 0.34932747, 0.34942344, 0.34933251, 0.34929791, 0.55399414E-1
0.92982426E-1, 0.15677692, 0.47037780E-1, 0.0000000, 0.0000000, 0.54761469, 6.4975815, 9.6281939, 9.7855577, 19.858829, 19.876703, 19.863775, 19.859251, 0.24994500, 0.24998955, 0.25547445, 0.31497177, 0.34627897, 0.34785455, 0.34929416, 0.34938353, 0.34931886, 0.34929627, 0.47037780E-1
0.90846471E-1, 0.13098298, 0.39298825E-1, 0.0000000, 0.0000000, 0.19728839, 5.6847377, 9.6004009, 9.7710838, 19.851976, 19.870031, 19.861719, 19.859022, 0.24994500, 0.24998955, 0.25197268, 0.30684614, 0.34600294, 0.34771049, 0.34925988, 0.34935015, 0.34930861, 0.34929511, 0.39298825E-1
0.89384414E-1, 0.11332703, 0.34001511E-1, 0.0000000, 0.0000000, 0.0000000, 4.9060049, 9.6004381, 9.7687092, 19.846531, 19.864893, 19.860249, 19.858828, 0.24994500, 0.24998955, 0.24998769, 0.29905677, 0.34600118, 0.34768602, 0.34923264, 0.34932446, 0.34930125, 0.34929413, 0.34001511E-1
0.88570684E-1, 0.10350031, 0.31053200E-1, 0.0000000, 0.0000000, 0.0000000, 3.9532468, 9.5481710, 9.7433519, 19.840828, 19.860640, 19.859093, 19.858688, 0.24994500, 0.24998955, 0.24998769, 0.28953153, 0.34548056, 0.34743312, 0.34920412, 0.34930319, 0.34929547, 0.34929344, 0.31053200E-1
0.87834373E-1, 0.94608597E-1, 0.28385418E-1, 0.0000000, 0.0000000, 0.0000000, 3.0615990, 9.5537214, 9.7430792, 19.836971, 19.857592, 19.858292, 19.858599, 0.24994500, 0.24998955, 0.24998769, 0.28061330, 0.34553304, 0.34742936, 0.34918487, 0.34928796, 0.34929144, 0.34929299, 0.28385418E-1
0.87576538E-1, 0.91494925E-1, 0.27451223E-1, 0.0000000, 0.0000000, 0.0000000, 2.8543024, 9.3306875, 9.7853193, 19.839306, 19.856752, 19.858088, 19.858669, 0.24994500, 0.24998955, 0.24998769, 0.27854237, 0.34330580, 0.34785283, 0.34919652, 0.34928375, 0.34929043, 0.34929335, 0.27451223E-1
0.87234080E-1, 0.87359369E-1, 0.26210433E-1, 0.0000000, 0.0000000, 0.0000000, 2.6338041, 8.9478292, 9.7754669, 19.837177, 19.855165, 19.857754, 19.858641, 0.24994500, 0.24998955, 0.24998769, 0.27633727, 0.33947694, 0.34775418, 0.34918588, 0.34927583, 0.34928876, 0.34929320, 0.26210433E-1
0.86887360E-1, 0.83172411E-1, 0.24954218E-1, 0.0000000, 0.0000000, 0.0000000, 2.4083643, 8.5632200, 9.7690096, 19.833771, 19.853554, 19.857407, 19.858604, 0.24994500, 0.24998955, 0.24998769, 0.27408329, 0.33563158, 0.34768987, 0.34916884, 0.34926778, 0.34928703, 0.34929302, 0.24954218E-1
0.86426035E-1, 0.77601403E-1, 0.23282750E-1, 0.0000000, 0.0000000, 0.0000000, 2.1218925, 8.0317545, 9.7404346, 19.830833, 19.852270, 19.857153, 19.858568, 0.24994500, 0.24998955, 0.24998769, 0.27121767, 0.33031517, 0.34740341, 0.34915417, 0.34926134, 0.34928578, 0.34929284, 0.23282750E-1
0.13157004, 0.62276417, 0.18684794, 2.1417558, 1.8914253, 0.0000000, 2.0967543, 7.8965340, 9.8139639, 19.836184, 19.853348, 19.857471, 19.858669, 0.27141383, 0.26891229, 0.24998769, 0.27096733, 0.32896492, 0.34813946, 0.34918091, 0.34926674, 0.34928736, 0.34929335, 0.18684794
0.12293785, 0.51852119, 0.15557192, 1.6715825, 1.6420543, 0.0000000, 2.0478547, 7.7803516, 9.8356581, 19.838795, 19.853844, 19.857649, 19.858709, 0.26671571, 0.26642048, 0.24998769, 0.27047855, 0.32780349, 0.34835657, 0.34919399, 0.34926921, 0.34928825, 0.34929353, 0.15557192
0.14799494, 0.82111269, 0.24635844, 2.7452767, 2.8948755, 0.0000000, 1.9610614, 7.6388340, 9.8357096, 19.838322, 19.853626, 19.857607, 19.858683, 0.27745119, 0.27894774, 0.24998769, 0.26961055, 0.32638821, 0.34835702, 0.34919161, 0.34926814, 0.34928805, 0.34929341, 0.24635844
0.16350147, 1.0000000, 0.30254155, 2.1078053, 2.8395920, 4.4533730, 8.6153717, 9.5954247, 9.8554211, 19.841560, 19.854410, 19.857838, 19.858709, 0.27107757, 0.27839553, 0.29453343, 0.33615360, 0.34595418, 0.34855416, 0.34920782, 0.34927204, 0.34928918, 0.34929353, 0.30254155
0.20398694, 1.0000000, 0.44922802, 2.6487052, 4.2642517, 9.3632364, 9.6120434, 9.7653551, 9.8668461, 19.844198, 19.855087, 19.858002, 19.858709, 0.27648693, 0.29264244, 0.34363225, 0.34612039, 0.34765357, 0.34866846, 0.34922099, 0.34927544, 0.34929001, 0.34929353, 0.44922802
0.35600001, 1.0000000, 1.0000000, 9.9999990, 9.9999990, 9.9999990, 9.9999990, 9.9999990, 9.9999990, 19.999998, 19.999998, 19.999998, 19.997997, 0.34999999, 0.34999999, 0.34999999, 0.34999999, 0.34999999, 0.34999999, 0.34999999, 0.34999999, 0.34999999, 0.34998998, 1.0000000
0.33158129, 1.0000000, 0.91152638, 8.5806923, 9.5546017, 9.7451248, 9.9186478, 9.9578943, 9.9829340, 19.997047, 19.999224, 19.999516, 19.974216, 0.33580592, 0.34554535, 0.34745091, 0.34918642, 0.34957892, 0.34982935, 0.34998524, 0.34999612, 0.34999758, 0.34987110, 0.91152638
0.32059765, 1.0000000, 0.87173051, 7.8694072, 9.4634056, 9.6654682, 9.8486671, 9.9172382, 9.9630318, 19.991413, 19.997746, 19.997467, 19.951841, 0.32869053, 0.34463149, 0.34665337, 0.34848639, 0.34917226, 0.34963027, 0.34995705, 0.34998873, 0.34998733, 0.34975922, 0.87173051
0.35600001, 1.0000000, 1.0000000, 9.9999990, 9.9999990, 9.9999990, 9.9999990, 9.9999990, 9.9999990, 19.999998, 19.999998, 19.999998, 19.998999, 0.34999999, 0.34999999, 0.34999999, 0.34999999, 0.34999999, 0.34999999, 0.34999999, 0.34999999, 0.34999999, 0.34999499, 1.0000000
0.35166359, 1.0000000, 0.98428839, 9.7731161, 9.8861160, 9.9409075, 9.9843683, 9.9920893, 9.9968624, 19.999481, 19.999868, 19.999725, 19.975233, 0.34773058, 0.34886080, 0.34940889, 0.34984365, 0.34992087, 0.34996861, 0.34999740, 0.34999934, 0.34999862, 0.34987617, 0.98428839
0.33575648, 1.0000000, 0.92665386, 8.8271494, 9.6253347, 9.7868786, 9.9328442, 9.9652672, 9.9859676, 19.997608, 19.999378, 19.998032, 19.952820, 0.33827066, 0.34625277, 0.34786853, 0.34932840, 0.34965265, 0.34985968, 0.34998804, 0.34999689, 0.34999016, 0.34976411, 0.92665386
0.31643355, 1.0000000, 0.85664326, 7.6045218, 9.4149208, 9.6384706, 9.8459806, 9.9164209, 9.9634953, 19.992128, 19.997940, 19.993736, 19.932728, 0.32604498, 0.34414902, 0.34638461, 0.34845978, 0.34916422, 0.34963495, 0.34996063, 0.34998971, 0.34996867, 0.34966365, 0.85664326
0.30062264, 1.0000000, 0.79935741, 6.3849587, 9.5163717, 9.6861086, 9.8346767, 9.9044447, 9.9552479, 19.989092, 19.997028, 19.986734, 19.915703, 0.31384820, 0.34516245, 0.34686047, 0.34834665, 0.34904438, 0.34955245, 0.34994546, 0.34998515, 0.34993368, 0.34957850, 0.79935741
0.29883039, 1.0000000, 0.79286373, 6.2560229, 9.5186348, 9.6839008, 9.8226480, 9.8935652, 9.9474468, 19.985758, 19.995724, 19.976873, 19.901747, 0.31255585, 0.34518236, 0.34683698, 0.34822607, 0.34893546, 0.34947440, 0.34992880, 0.34997863, 0.34988436, 0.34950873, 0.79286373
0.24440548, 1.0000000, 0.59567201, 2.9885948, 8.5344105, 9.4426603, 9.6841259, 9.8095093, 9.9038057, 19.971302, 19.990850, 19.963942, 19.890566, 0.27986783, 0.33532915, 0.34441862, 0.34683856, 0.34809372, 0.34903744, 0.34985641, 0.34995422, 0.34981972, 0.34945282, 0.59567201
0.20539381, 1.0000000, 0.45432538, 1.5941828, 6.1718106, 9.3994522, 9.6374321, 9.7718143, 9.8798647, 19.960424, 19.985651, 19.949810, 19.882013, 0.26593912, 0.31171185, 0.34398976, 0.34637335, 0.34771764, 0.34879845, 0.34980214, 0.34992826, 0.34974906, 0.34941006, 0.45432538
0.16682135, 1.0000000, 0.31457007, 0.34320056, 3.6292005, 9.3485003, 9.5972776, 9.7412176, 9.8604927, 19.949837, 19.978781, 19.935251, 19.875578, 0.25343126, 0.28628731, 0.34347895, 0.34597152, 0.34741154, 0.34860471, 0.34974918, 0.34989390, 0.34967625, 0.34937790, 0.31457007
0.14777029, 0.81839991, 0.24554454, 0.0000000, 2.3888617, 8.3741741, 9.5897446, 9.7321453, 9.8524723, 19.941305, 19.970430, 19.921337, 19.870823, 0.24998519, 0.27388385, 0.33373335, 0.34589553, 0.34732047, 0.34852439, 0.34970653, 0.34985214, 0.34960669, 0.34935412, 0.24554454
0.13610199, 0.67749244, 0.20326807, 0.0000000, 1.6232818, 7.0880141, 9.5817347, 9.7254496, 9.8471966, 19.933653, 19.960356, 19.908684, 19.867357, 0.24998519, 0.26623166, 0.32087758, 0.34581667, 0.34725413, 0.34847185, 0.34966826, 0.34980178, 0.34954342, 0.34933680, 0.20326807
0.12365189, 0.52714407, 0.15815905, 0.0000000, 0.86366832, 5.6099048, 9.5458536, 9.7021523, 9.8351316, 19.925421, 19.948521, 19.897606, 19.864841, 0.24998519, 0.25863573, 0.30609593, 0.34545746, 0.34702098, 0.34835112, 0.34962711, 0.34974259, 0.34948802, 0.34932420, 0.15815905
0.11166881, 0.38243532, 0.11474207, 0.0000000, 0.22955835, 3.9967020, 9.4998817, 9.6720667, 9.8199863, 19.917294, 19.935776, 19.888346, 19.863014, 0.24998519, 0.25229484, 0.28996065, 0.34499577, 0.34671912, 0.34819934, 0.34958646, 0.34967887, 0.34944174, 0.34931508, 0.11474207
0.10414573, 0.29158592, 0.87484524E-1, 0.0000000, 0.0000000, 2.7422757, 9.0016680, 9.6361303, 9.8006907, 19.907635, 19.922441, 19.880726, 19.861683, 0.24998519, 0.24997357, 0.27741754, 0.34001324, 0.34635946, 0.34800628, 0.34953818, 0.34961221, 0.34940362, 0.34930843, 0.87484524E-1
0.10044638, 0.24691230, 0.74081101E-1, 0.0000000, 0.0000000, 2.0173936, 8.1609297, 9.6275320, 9.7948065, 19.901173, 19.910513, 19.874920, 19.860804, 0.24998519, 0.24997357, 0.27017322, 0.33160871, 0.34627497, 0.34794796, 0.34950587, 0.34955257, 0.34937459, 0.34930402, 0.74081101E-1
0.97424835E-1, 0.21042386, 0.63133471E-1, 0.0000000, 0.0000000, 1.4489174, 7.3532004, 9.6306162, 9.7940416, 19.894289, 19.899609, 19.870415, 19.860157, 0.24998519, 0.24997357, 0.26448768, 0.32353052, 0.34630516, 0.34794009, 0.34947145, 0.34949803, 0.34935206, 0.34930080, 0.63133471E-1
0.95494099E-1, 0.18710810, 0.56138042E-1, 0.0000000, 0.0000000, 1.1043102, 6.7290454, 9.6572685, 9.8060999, 19.888899, 19.890512, 19.867126, 19.859739, 0.24998519, 0.24997357, 0.26104176, 0.31728882, 0.34657151, 0.34806061, 0.34944451, 0.34945256, 0.34933564, 0.34929869, 0.56138042E-1
0.92557378E-1, 0.15164404, 0.45497760E-1, 0.0000000, 0.0000000, 0.57418048, 5.8687296, 9.6007500, 9.7769899, 19.874466, 19.880524, 19.864075, 19.859299, 0.24998519, 0.24997357, 0.25573730, 0.30867812, 0.34599999, 0.34776735, 0.34937233, 0.34940261, 0.34932038, 0.34929651, 0.45497760E-1
0.90597980E-1, 0.12798209, 0.38398471E-1, 0.0000000, 0.0000000, 0.26294291, 5.0557799, 9.6009674, 9.7741718, 19.866596, 19.873610, 19.862122, 19.859110, 0.24998519, 0.24997357, 0.25262895, 0.30055597, 0.34600794, 0.34774113, 0.34933299, 0.34936804, 0.34931061, 0.34929556, 0.38398471E-1
0.92719868E-1, 0.15360619, 0.46086468E-1, 0.19752979, 0.0000000, 0.18584728, 4.6587706, 9.7013474, 9.8184061, 19.865492, 19.869652, 19.861097, 19.859064, 0.25197279, 0.24997357, 0.25185776, 0.29658416, 0.34700978, 0.34818280, 0.34932745, 0.34934825, 0.34930548, 0.34929532, 0.46086468E-1
0.96844874E-1, 0.20342019, 0.61032161E-1, 0.52551627, 0.0000000, 0.12505651, 4.4387846, 9.7649097, 9.8472729, 19.863823, 19.866529, 19.860338, 19.859011, 0.25525388, 0.24997357, 0.25125048, 0.29438719, 0.34764838, 0.34847248, 0.34931910, 0.34933263, 0.34930170, 0.34929505, 0.61032161E-1
0.12243541, 0.51245362, 0.15375146, 2.3954988, 0.0000000, 0.93272328E-1, 4.3135881, 9.8120232, 9.8680592, 19.862968, 19.864378, 19.859875, 19.858980, 0.27395195, 0.24997357, 0.25093269, 0.29313555, 0.34811985, 0.34868047, 0.34931484, 0.34932190, 0.34929937, 0.34929490, 0.15375146
0.14337218, 0.76528776, 0.22960930, 2.8114080, 1.8655658, 0.50795078E-1, 4.2092133, 9.8306122, 9.8762226, 19.861364, 19.862572, 19.859474, 19.858946, 0.27811381, 0.26865554, 0.25050795, 0.29209211, 0.34830609, 0.34876221, 0.34930682, 0.34931284, 0.34929737, 0.34929472, 0.22960930
0.13026357, 0.60698724, 0.18211439, 1.5582412, 2.4127393, 0.0000000, 4.0563993, 9.8118763, 9.8689528, 19.858200, 19.860794, 19.859097, 19.858887, 0.26558223, 0.27412724, 0.24999990, 0.29056397, 0.34811872, 0.34868953, 0.34929100, 0.34930396, 0.34929550, 0.34929442, 0.18211439
0.10506812, 0.30272478, 0.90826519E-1, 0.30739605, 1.4951408, 0.0000000, 3.7000194, 9.7259455, 9.8313179, 19.849119, 19.857750, 19.858397, 19.858757, 0.25307381, 0.26495096, 0.24999990, 0.28700006, 0.34725931, 0.34831312, 0.34924561, 0.34928876, 0.34929198, 0.34929377, 0.90826519E-1
0.95724978E-1, 0.18989618, 0.56974553E-1, 0.0000000, 0.91668069, 0.0000000, 3.3364086, 9.7057381, 9.8204088, 19.845276, 19.856266, 19.858072, 19.858709, 0.24998657, 0.25916559, 0.24999990, 0.28336364, 0.34705672, 0.34820387, 0.34922639, 0.34928134, 0.34929037, 0.34929353, 0.56974553E-1
0.99336892E-1, 0.23351400, 0.70061207E-1, 0.59731007, 0.39702952, 0.0000000, 2.9975743, 9.5932627, 9.8073845, 19.841810, 19.854998, 19.857794, 19.858652, 0.25597286, 0.25397021, 0.24999990, 0.27997568, 0.34593251, 0.34807381, 0.34920904, 0.34927499, 0.34928897, 0.34929326, 0.70061207E-1
0.88538326E-1, 0.10310960, 0.30935973E-1, 0.12221932E-1, 0.95114112E-1, 0.0000000, 2.8536172, 9.3391266, 9.8057594, 19.840797, 19.854490, 19.857697, 19.858692, 0.25012219, 0.25095096, 0.24999990, 0.27853566, 0.34339046, 0.34805733, 0.34920400, 0.34927246, 0.34928849, 0.34929347, 0.30935973E-1
0.87098926E-1, 0.85727245E-1, 0.25720745E-1, 0.0000000, 0.0000000, 0.0000000, 2.5354414, 8.8246374, 9.7556782, 19.834637, 19.852711, 19.857265, 19.858593, 0.24999847, 0.24994852, 0.24999990, 0.27535379, 0.33824527, 0.34755635, 0.34917319, 0.34926355, 0.34928632, 0.34929296, 0.25720745E-1
0.86759821E-1, 0.81632242E-1, 0.24492122E-1, 0.0000000, 0.0000000, 0.0000000, 2.3263276, 8.4215803, 9.7633753, 19.833282, 19.852198, 19.857183, 19.858599, 0.24999847, 0.24994852, 0.24999990, 0.27326176, 0.33421308, 0.34763268, 0.34916642, 0.34926099, 0.34928590, 0.34929299, 0.24492122E-1
0.86209349E-1, 0.74984625E-1, 0.22497637E-1, 0.0000000, 0.0000000, 0.0000000, 1.9885153, 7.7814837, 9.7206240, 19.829021, 19.850967, 19.856880, 19.858536, 0.24999847, 0.24994852, 0.24999990, 0.26988444, 0.32781348, 0.34720567, 0.34914511, 0.34925485, 0.34928441, 0.34929270, 0.22497637E-1
0.85750647E-1, 0.69445319E-1, 0.20835679E-1, 0.0000000, 0.0000000, 0.0000000, 1.7182410, 7.2132554, 9.7233648, 19.826725, 19.850256, 19.856728, 19.858500, 0.24999344, 0.24994852, 0.24999990, 0.26718149, 0.32213062, 0.34723279, 0.34913361, 0.34925127, 0.34928364, 0.34929249, 0.20835679E-1
0.16882265, 1.0000000, 0.32182121, 2.6819258, 2.5254786, 4.7647896, 7.5993185, 8.5547867, 9.7228613, 19.827089, 19.850266, 19.856752, 19.858505, 0.27681887, 0.27525458, 0.29764768, 0.32599312, 0.33554783, 0.34722862, 0.34913546, 0.34925133, 0.34928375, 0.34929252, 0.32182121
0.26656324, 1.0000000, 0.67595375, 4.9632568, 8.3455048, 8.7180557, 9.1179171, 9.6051111, 9.7866001, 19.828053, 19.850454, 19.856800, 19.858511, 0.29963258, 0.33345506, 0.33718055, 0.34117916, 0.34605110, 0.34786600, 0.34914026, 0.34925228, 0.34928399, 0.34929255, 0.67595375
0.35600001, 1.0000000, 1.0000000, 9.9999990, 9.9999990, 9.9999990, 9.9999990, 9.9999990, 9.9999990, 19.999998, 19.999998, 19.999998, 19.994993, 0.34999999, 0.34999999, 0.34999999, 0.34999999, 0.34999999, 0.34999999, 0.34999999, 0.34999999, 0.34999999, 0.34997496, 1.0000000
0.35599959, 1.0000000, 0.99999851, 9.9999990, 9.9999990, 9.9999990, 9.9999990, 9.9999990, 9.9999990, 19.999998, 19.999998, 19.999998, 19.998999, 0.34999979, 0.34999987, 0.34999993, 0.34999999, 0.34999999, 0.34999999, 0.34999999, 0.34999999, 0.34999999, 0.34999499, 0.99999851
0.31763291, 1.0000000, 0.86098880, 7.6943808, 9.4036474, 9.6455088, 9.8690205, 9.9310579, 9.9705982, 19.993795, 19.998396, 19.999338, 19.975151, 0.32694235, 0.34403539, 0.34645456, 0.34869009, 0.34931052, 0.34970596, 0.34996897, 0.34999198, 0.34999669, 0.34987575, 0.86098880
0.26125824, 1.0000000, 0.65673274, 3.7914290, 9.2040730, 9.4773998, 9.7264395, 9.8434458, 9.9264765, 19.981041, 19.995060, 19.996880, 19.952553, 0.28791147, 0.34203663, 0.34477189, 0.34726396, 0.34843424, 0.34926471, 0.34990519, 0.34997529, 0.34998441, 0.34976277, 0.65673274
0.21725753, 1.0000000, 0.49730986, 1.8422157, 7.1797485, 9.4154434, 9.6562786, 9.7893362, 9.8939848, 19.969618, 19.991911, 19.992109, 19.932396, 0.26842043, 0.32179347, 0.34415177, 0.34656227, 0.34789309, 0.34893975, 0.34984809, 0.34995955, 0.34996054, 0.34966198, 0.49730986
0.17544582, 1.0000000, 0.34581816, 0.50857961, 4.3914404, 9.3531790, 9.6031713, 9.7478495, 9.8675499, 19.958244, 19.988508, 19.984423, 19.915236, 0.25508523, 0.29391143, 0.34352860, 0.34603107, 0.34747818, 0.34867537, 0.34979123, 0.34994254, 0.34992212, 0.34957618, 0.34581816
0.23487432, 1.0000000, 0.56113881, 2.6278229, 7.9261036, 9.5493479, 9.6993961, 9.7986422, 9.8866329, 19.957020, 19.987333, 19.974609, 19.901392, 0.27627698, 0.32925877, 0.34549212, 0.34699368, 0.34798628, 0.34886628, 0.34978509, 0.34993666, 0.34987304, 0.34950697, 0.56113881
0.27110648, 1.0000000, 0.69241476, 4.3829532, 9.3183670, 9.6495314, 9.7571745, 9.8335257, 9.9023113, 19.956615, 19.985735, 19.962606, 19.890482, 0.29382953, 0.34318367, 0.34649533, 0.34757173, 0.34833527, 0.34902310, 0.34978306, 0.34992868, 0.34981304, 0.34945241, 0.69241476
0.24927297, 1.0000000, 0.61330783, 2.9981942, 9.0309544, 9.5706959, 9.7395420, 9.8271360, 9.9007034, 19.953642, 19.982407, 19.949066, 19.882074, 0.27998188, 0.34030944, 0.34570691, 0.34739542, 0.34827137, 0.34900704, 0.34976822, 0.34991205, 0.34974533, 0.34941036, 0.61330783
0.35585123, 1.0000000, 0.99946100, 9.9988613, 9.9991140, 9.9829464, 9.9874411, 9.9310436, 9.9078579, 19.953005, 19.978155, 19.935278, 19.875778, 0.34998688, 0.34999010, 0.34982896, 0.34987432, 0.34931037, 0.34907857, 0.34976503, 0.34989077, 0.34967640, 0.34937888, 0.99946100
0.35599840, 1.0000000, 0.99999428, 9.9999514, 9.9999695, 9.9999847, 9.9999962, 9.9999990, 9.9999990, 19.999998, 19.999998, 19.999998, 19.996996, 0.34999922, 0.34999952, 0.34999976, 0.34999993, 0.34999999, 0.34999999, 0.34999999, 0.34999999, 0.34999999, 0.34998497, 0.99999428
0.35600001, 1.0000000, 1.0000000, 9.9999990, 9.9999990, 9.9999990, 9.9999990, 9.9999990, 9.9999990, 19.999998, 19.999998, 19.999998, 19.998999, 0.34999999, 0.34999999, 0.34999999, 0.34999999, 0.34999999, 0.34999999, 0.34999999, 0.34999999, 0.34999999, 0.34999499, 1.0000000
0.35492474, 1.0000000, 0.99610406, 9.9970760, 9.9027328, 9.9483843, 9.9851027, 9.9924374, 9.9968414, 19.999361, 19.999838, 19.999725, 19.975233, 0.34997076, 0.34902734, 0.34948385, 0.34985101, 0.34992439, 0.34996840, 0.34999681, 0.34999919, 0.34999862, 0.34987617, 0.99610406
0.34994078, 1.0000000, 0.97804636, 9.7502546, 9.7565527, 9.8659182, 9.9608192, 9.9799194, 9.9919205, 19.998652, 19.999659, 19.998098, 19.952848, 0.34750253, 0.34756553, 0.34865919, 0.34960818, 0.34979919, 0.34991920, 0.34999326, 0.34999830, 0.34999049, 0.34976423, 0.97804636
0.34472370, 1.0000000, 0.95914376, 9.3863087, 9.7426052, 9.8499136, 9.9490166, 9.9732513, 9.9890919, 19.998186, 19.999538, 19.994135, 19.932835, 0.34386307, 0.34742606, 0.34849912, 0.34949017, 0.34973252, 0.34989092, 0.34999093, 0.34999770, 0.34997067, 0.34966418, 0.95914376
0.33045805, 1.0000000, 0.90745670, 8.4746933, 9.5911522, 9.7570543, 9.9059267, 9.9496841, 9.9785337, 19.995749, 19.998823, 19.987206, 19.915787, 0.33474693, 0.34591153, 0.34757054, 0.34905928, 0.34949684, 0.34978533, 0.34997874, 0.34999412, 0.34993604, 0.34957892, 0.90745670
0.26820779, 1.0000000, 0.68191218, 4.3078389, 9.1861219, 9.4686546, 9.7265463, 9.8445139, 9.9270611, 19.981108, 19.994604, 19.976576, 19.901628, 0.29307806, 0.34186080, 0.34468633, 0.34726542, 0.34844512, 0.34927061, 0.34990555, 0.34997302, 0.34988287, 0.34950814, 0.68191218
0.21844542, 1.0000000, 0.50161380, 1.9107223, 7.2185965, 9.3990955, 9.6447306, 9.7823162, 9.8901815, 19.968067, 19.990026, 19.963711, 19.890476, 0.26910585, 0.32218283, 0.34398893, 0.34644687, 0.34782296, 0.34890175, 0.34984034, 0.34995013, 0.34981856, 0.34945238, 0.50161380
0.17358238, 1.0000000, 0.33906659, 0.48832595, 4.2147923, 9.3300314, 9.5877485, 9.7377529, 9.8621130, 19.956150, 19.984461, 19.949499, 19.881943, 0.25488174, 0.29214007, 0.34329161, 0.34587568, 0.34737664, 0.34862083, 0.34978074, 0.34992230, 0.34974748, 0.34940970, 0.33906659
0.15000862, 0.84543008, 0.25365439, 0.0000000, 2.6396155, 8.4154778, 9.5795603, 9.7263918, 9.8514347, 19.947121, 19.977917, 19.935032, 19.875532, 0.24995701, 0.27639249, 0.33414894, 0.34579426, 0.34726325, 0.34851411, 0.34973562, 0.34988958, 0.34967515, 0.34937766, 0.25365439
0.14115135, 0.73846900, 0.22156286, 0.0000000, 2.0907493, 7.3616514, 9.6224480, 9.7500114, 9.8610287, 19.944363, 19.971087, 19.921515, 19.870888, 0.24995701, 0.27090624, 0.32361430, 0.34622392, 0.34749982, 0.34861019, 0.34972182, 0.34985542, 0.34960759, 0.34935445, 0.22156286
0.13623552, 0.67910504, 0.20375189, 0.0000000, 1.8061399, 6.7280893, 9.6775141, 9.7836266, 9.8767033, 19.943544, 19.962961, 19.909336, 19.867516, 0.24995701, 0.26806140, 0.31728089, 0.34677514, 0.34783626, 0.34876704, 0.34971774, 0.34981480, 0.34954667, 0.34933758, 0.20375189
0.13403445, 0.65252465, 0.19577698, 0.0000000, 1.6877532, 6.4155340, 9.7431440, 9.8232832, 9.8950253, 19.943333, 19.953487, 19.898787, 19.865089, 0.24995701, 0.26687744, 0.31415519, 0.34743139, 0.34823281, 0.34895027, 0.34971666, 0.34976745, 0.34949392, 0.34932545, 0.19577698
0.12859686, 0.58685988, 0.17607558, 0.0000000, 1.3408899, 5.8068752, 9.7003574, 9.8035336, 9.8888979, 19.939524, 19.942108, 19.889740, 19.863291, 0.24995701, 0.26340812, 0.30806705, 0.34700301, 0.34803504, 0.34888890, 0.34969762, 0.34971052, 0.34944871, 0.34931645, 0.17607558
0.12299570, 0.51921988, 0.15578155, 0.0000000, 1.0114223, 5.1191511, 9.6758938, 9.7891903, 9.8829222, 19.934935, 19.930237, 19.882380, 19.862007, 0.24995701, 0.26011404, 0.30119103, 0.34675875, 0.34789181, 0.34882918, 0.34967467, 0.34965119, 0.34941190, 0.34931004, 0.15578155
0.11620237, 0.43718296, 0.13116801, 0.0000000, 0.61880946, 4.2737951, 9.6383734, 9.7653456, 9.8708000, 19.927526, 19.918060, 19.876413, 19.861067, 0.24995701, 0.25618789, 0.29273728, 0.34638345, 0.34765330, 0.34870794, 0.34963763, 0.34959030, 0.34938207, 0.34930533, 0.13116801
0.14637083, 0.80149978, 0.24047399, 2.3631721, 0.50753355, 3.8857501, 9.7167282, 9.8078785, 9.8867884, 19.923004, 19.907616, 19.871992, 19.860449, 0.27363136, 0.25507528, 0.28885731, 0.34716719, 0.34807873, 0.34886786, 0.34961504, 0.34953809, 0.34935996, 0.34930223, 0.24047399
0.12798947, 0.57952499, 0.17387488, 0.98596215, 1.0122001, 3.0517445, 9.6233835, 9.7554264, 9.8625755, 19.910606, 19.896463, 19.868172, 19.859915, 0.25985962, 0.26012200, 0.28051746, 0.34623384, 0.34755427, 0.34862575, 0.34955305, 0.34948233, 0.34934086, 0.34929958, 0.17387488
0.11581836, 0.43254563, 0.12977667, 0.65745413, 0.42038560, 2.4834156, 9.1825895, 9.7196255, 9.8420019, 19.896826, 19.886459, 19.865160, 19.859491, 0.25657368, 0.25420353, 0.27483317, 0.34182519, 0.34719586, 0.34841990, 0.34948415, 0.34943229, 0.34932581, 0.34929746, 0.12977667
0.14303434, 0.76120800, 0.22838524, 1.4763683, 2.0574718, 2.9986877, 9.4540339, 9.7260160, 9.8407478, 19.886702, 19.878849, 19.863070, 19.859251, 0.26476261, 0.27057382, 0.27998623, 0.34453991, 0.34725997, 0.34840742, 0.34943351, 0.34939426, 0.34931535, 0.34929627, 0.22838524
0.12950832, 0.59786677, 0.17937797, 1.0981649, 1.3418108, 2.5236785, 8.9618044, 9.7128468, 9.8321867, 19.876501, 19.872446, 19.861462, 19.859081, 0.26098040, 0.26341718, 0.27523592, 0.33961740, 0.34712812, 0.34832174, 0.34938252, 0.34936222, 0.34930730, 0.34929541, 0.17937797
0.13597317, 0.67593688, 0.20280135, 1.3730347, 1.8659592, 2.1979303, 8.5650129, 9.7284641, 9.8356314, 19.868158, 19.867502, 19.860306, 19.858946, 0.26372990, 0.26865923, 0.27197909, 0.33564997, 0.34728456, 0.34835628, 0.34934080, 0.34933752, 0.34930152, 0.34929472, 0.20280135
0.17122182, 1.0000000, 0.33051381, 2.4139762, 2.3726792, 6.0405121, 9.4923000, 9.7588463, 9.8473568, 19.863569, 19.864368, 19.859631, 19.858875, 0.27413827, 0.27372590, 0.31040400, 0.34492263, 0.34758830, 0.34847352, 0.34931785, 0.34932184, 0.34929815, 0.34929436, 0.33051381
0.35493827, 1.0000000, 0.99615306, 9.9490891, 9.9713783, 9.9855165, 9.9922867, 9.9285765, 9.8488235, 19.857599, 19.861414, 19.859013, 19.858805, 0.34948817, 0.34971216, 0.34985435, 0.34992272, 0.34928569, 0.34848821, 0.34928799, 0.34930706, 0.34929508, 0.34929401, 0.99615306
0.32615358, 1.0000000, 0.89186066, 8.2393522, 9.4928102, 9.7039709, 9.8938808, 9.9371624, 9.9236145, 19.854614, 19.859694, 19.858706, 19.858757, 0.33239353, 0.34492809, 0.34703970, 0.34893882, 0.34937161, 0.34923613, 0.34927309, 0.34929848, 0.34929353, 0.34929377, 0.89186066
0.28949726, 1.0000000, 0.75904804, 5.7118273, 9.3515806, 9.5858612, 9.7977467, 9.8699675, 9.8893118, 19.849884, 19.857796, 19.858301, 19.858709, 0.30711579, 0.34351340, 0.34585735, 0.34797719, 0.34869957, 0.34889308, 0.34924942, 0.34928897, 0.34929150, 0.34929353, 0.75904804
0.35597014, 1.0000000, 0.99989170, 9.9988222, 9.9992933, 9.9996481, 9.9999275, 9.9999638, 9.9999876, 19.999998, 19.999998, 19.999998, 19.994993, 0.34998509, 0.34999105, 0.34999555, 0.34999910, 0.34999955, 0.34999985, 0.34999999, 0.34999999, 0.34999999, 0.34997496, 0.99989170
0.35600001, 1.0000000, 1.0000000, 9.9999990, 9.9999990, 9.9999990, 9.9999990, 9.9999990, 9.9999990, 19.999998, 19.999998, 19.999998, 19.995995, 0.34999999, 0.34999999, 0.34999999, 0.34999999, 0.34999999, 0.34999999, 0.34999999, 0.34999999, 0.34999999, 0.34997997, 1.0000000
0.35572451, 1.0000000, 0.99900174, 9.9862423, 9.9918051, 9.9958973, 9.9991770, 9.9995852, 9.9998589, 19.999998, 19.999998, 19.999990, 19.991999, 0.34986243, 0.34991807, 0.34995896, 0.34999177, 0.34999585, 0.34999859, 0.34999999, 0.34999999, 0.34999996, 0.34996000, 0.99900174
0.35295492, 1.0000000, 0.98896706, 9.8439817, 9.9151478, 9.9566879, 9.9903984, 9.9951820, 9.9982824, 19.999891, 19.999969, 19.999977, 19.990009, 0.34843981, 0.34915149, 0.34956688, 0.34990400, 0.34995180, 0.34998283, 0.34999946, 0.34999985, 0.34999987, 0.34995005, 0.98896706
0.35598338, 1.0000000, 0.99993968, 9.9993382, 9.9996004, 9.9998026, 9.9999638, 9.9999790, 9.9999933, 19.999998, 19.999998, 19.999996, 19.993994, 0.34999171, 0.34999499, 0.34999752, 0.34999955, 0.34999973, 0.34999990, 0.34999999, 0.34999999, 0.34999996, 0.34996998, 0.99993968
0.35600001, 1.0000000, 1.0000000, 9.9999990, 9.9999990, 9.9999990, 9.9999990, 9.9999990, 9.9999990, 19.999998, 19.999998, 19.999998, 19.995995, 0.34999999, 0.34999999, 0.34999999, 0.34999999, 0.34999999, 0.34999999, 0.34999999, 0.34999999, 0.34999999, 0.34997997, 1.0000000
0.35600001, 1.0000000, 1.0000000, 9.9999990, 9.9999990, 9.9999990, 9.9999990, 9.9999990, 9.9999990, 19.999998, 19.999998, 19.999996, 19.993994, 0.34999999, 0.34999999, 0.34999999, 0.34999999, 0.34999999, 0.34999999, 0.34999999, 0.34999999, 0.34999996, 0.34996998, 1.0000000
0.35599369, 1.0000000, 0.99997705, 9.9996834, 9.9998112, 9.9999037, 9.9999790, 9.9999933, 9.9999933, 19.999998, 19.999998, 19.999990, 19.992998, 0.34999683, 0.34999812, 0.34999904, 0.34999979, 0.34999993, 0.34999993, 0.34999999, 0.34999999, 0.34999996, 0.34996498, 0.99997705
0.35599416, 1.0000000, 0.99997884, 9.9997997, 9.9998798, 9.9999399, 9.9999847, 9.9999962, 9.9999990, 19.999998, 19.999998, 19.999998, 19.994993, 0.34999707, 0.34999827, 0.34999913, 0.34999979, 0.34999993, 0.34999999, 0.34999999, 0.34999999, 0.34999999, 0.34997496, 0.99997884
0.35600001, 1.0000000, 1.0000000, 9.9999990, 9.9999990, 9.9999990, 9.9999990, 9.9999990, 9.9999990, 19.999998, 19.999998, 19.999998, 19.996996, 0.34999999, 0.34999999, 0.34999999, 0.34999999, 0.34999999, 0.34999999, 0.34999999, 0.34999999, 0.34999999, 0.34998497, 1.0000000
0.35600001, 1.0000000, 1.0000000, 9.9999990, 9.9999990, 9.9999990, 9.9999990, 9.9999990, 9.9999990, 19.999998, 19.999998, 19.999998, 19.996996, 0.34999999, 0.34999999, 0.34999999, 0.34999999, 0.34999999, 0.34999999, 0.34999999, 0.34999999, 0.34999999, 0.34998497, 1.0000000
0.34387469, 1.0000000, 0.95606768, 9.3337688, 9.7260637, 9.8513536, 9.9569626, 9.9780073, 9.9911261, 19.998432, 19.999588, 19.999846, 19.985031, 0.34333679, 0.34726009, 0.34851328, 0.34956956, 0.34978005, 0.34991127, 0.34999216, 0.34999794, 0.34999922, 0.34992516, 0.95606768
0.34505635, 1.0000000, 0.96034914, 9.5022783, 9.6221809, 9.7884283, 9.9387732, 9.9685640, 9.9877567, 19.998287, 19.999557, 19.999840, 19.985031, 0.34502009, 0.34622017, 0.34788346, 0.34938756, 0.34968555, 0.34987754, 0.34999144, 0.34999779, 0.34999919, 0.34992516, 0.96034914
0.33081895, 1.0000000, 0.90876430, 8.6144123, 9.4518347, 9.6673975, 9.8697309, 9.9302425, 9.9707098, 19.994606, 19.998598, 19.998714, 19.961882, 0.33614248, 0.34451729, 0.34667340, 0.34869719, 0.34930235, 0.34970707, 0.34997302, 0.34999299, 0.34999359, 0.34980941, 0.90876430
0.34262049, 1.0000000, 0.95152348, 9.2607307, 9.7032518, 9.8382463, 9.9556189, 9.9773731, 9.9912214, 19.998789, 19.999683, 19.999870, 19.985031, 0.34260556, 0.34703141, 0.34838191, 0.34955606, 0.34977368, 0.34991220, 0.34999394, 0.34999841, 0.34999937, 0.34992516, 0.95152348
0.32340723, 1.0000000, 0.88191026, 8.0116358, 9.5309429, 9.7210493, 9.8985767, 9.9464197, 9.9778395, 19.996048, 19.998974, 19.998810, 19.961895, 0.33011377, 0.34530759, 0.34720954, 0.34898558, 0.34946412, 0.34977835, 0.34998024, 0.34999487, 0.34999406, 0.34980947, 0.88191026
0.28150651, 1.0000000, 0.73009604, 5.1663809, 9.3090572, 9.5580463, 9.7873564, 9.8808556, 9.9462605, 19.987871, 19.996820, 19.995394, 19.940672, 0.30166140, 0.34308797, 0.34557912, 0.34787330, 0.34880841, 0.34946254, 0.34993935, 0.34998411, 0.34997696, 0.34970337, 0.73009604
0.24579164, 1.0000000, 0.60069436, 2.9223709, 8.7682085, 9.5072279, 9.7334156, 9.8413668, 9.9239588, 19.981340, 19.995029, 19.989349, 19.922297, 0.27922344, 0.33768159, 0.34507200, 0.34733409, 0.34841365, 0.34923959, 0.34990671, 0.34997514, 0.34994674, 0.34961149, 0.60069436
0.20727232, 1.0000000, 0.46113157, 1.6048670, 6.3704767, 9.4115467, 9.6598425, 9.7901382, 9.8945007, 19.971561, 19.992109, 19.980154, 19.906965, 0.26604792, 0.31370294, 0.34411412, 0.34659815, 0.34790123, 0.34894496, 0.34985781, 0.34996054, 0.34990078, 0.34953481, 0.46113157
0.19755320, 1.0000000, 0.42591739, 2.0755858, 4.4044237, 9.4303036, 9.6548147, 9.7793894, 9.8837614, 19.964836, 19.989395, 19.968603, 19.894749, 0.27075362, 0.29404137, 0.34429997, 0.34654751, 0.34779355, 0.34883749, 0.34982419, 0.34994698, 0.34984303, 0.34947374, 0.42591739
0.19655389, 1.0000000, 0.42229664, 1.9986033, 4.4365129, 9.3882780, 9.6274290, 9.7599554, 9.8713512, 19.957493, 19.985516, 19.955210, 19.885273, 0.26998505, 0.29436383, 0.34388137, 0.34627399, 0.34759942, 0.34871346, 0.34978747, 0.34992757, 0.34977606, 0.34942636, 0.42229664
0.16592279, 1.0000000, 0.31131446, 0.90596080, 2.8244286, 8.8599854, 9.6127539, 9.7483940, 9.8631611, 19.950516, 19.980272, 19.940964, 19.878075, 0.25905904, 0.27824321, 0.33859819, 0.34612718, 0.34748375, 0.34863156, 0.34975258, 0.34990138, 0.34970480, 0.34939039, 0.31131446
0.14172715, 0.74542236, 0.22364907, 0.41005015E-1, 2.0186841, 7.5162554, 9.5918369, 9.7339010, 9.8548317, 19.944092, 19.973324, 19.926922, 19.872717, 0.25040999, 0.27018532, 0.32515976, 0.34591764, 0.34733865, 0.34854820, 0.34972045, 0.34986663, 0.34963462, 0.34936360, 0.22364907
0.12669878, 0.56393850, 0.16919847, 0.0000000, 1.1302561, 5.8161612, 9.5332680, 9.6962032, 9.8358002, 19.936190, 19.964031, 19.913723, 19.868734, 0.24998944, 0.26130065, 0.30815673, 0.34533107, 0.34696123, 0.34835774, 0.34968096, 0.34982017, 0.34956861, 0.34934366, 0.16919847
0.19920689, 1.0000000, 0.43190899, 2.3335128, 4.2478499, 9.2796001, 9.6760120, 9.7776957, 9.8704834, 19.937292, 19.955393, 19.902603, 19.865976, 0.27333257, 0.29247570, 0.34279296, 0.34675950, 0.34777662, 0.34870473, 0.34968644, 0.34977695, 0.34951302, 0.34932989, 0.43190899
0.19120076, 1.0000000, 0.40290129, 2.4777472, 2.9977827, 9.3600330, 9.6883802, 9.7901754, 9.8778687, 19.934221, 19.944523, 19.892910, 19.863918, 0.27477643, 0.27997705, 0.34359914, 0.34688357, 0.34790164, 0.34877867, 0.34967110, 0.34972262, 0.34946454, 0.34931958, 0.40290129
0.35598928, 1.0000000, 0.99996102, 9.9999990, 9.9999990, 9.9999990, 9.9999990, 9.9999990, 9.9999990, 19.999998, 19.999998, 19.999998, 19.998999, 0.34999463, 0.34999678, 0.34999838, 0.34999967, 0.34999985, 0.34999993, 0.34999999, 0.34999999, 0.34999999, 0.34999499, 0.99996102
0.35599631, 1.0000000, 0.99998671, 9.9999542, 9.9999723, 9.9999847, 9.9999962, 9.9999990, 9.9999990, 19.999998, 19.999998, 19.999998, 19.997997, 0.34999818, 0.34999889, 0.34999943, 0.34999987, 0.34999996, 0.34999999, 0.34999999, 0.34999999, 0.34999999, 0.34998998, 0.99998671
0.35578132, 1.0000000, 0.99920762, 9.9892340, 9.9935713, 9.9967756, 9.9993525, 9.9996805, 9.9998951, 19.999998, 19.999998, 19.999990, 19.992998, 0.34989092, 0.34993485, 0.34996733, 0.34999344, 0.34999678, 0.34999895, 0.34999999, 0.34999999, 0.34999996, 0.34996498, 0.99920762
0.34281665, 1.0000000, 0.95223427, 9.2688360, 9.7111521, 9.8421421, 9.9575996, 9.9783878, 9.9917841, 19.999010, 19.999737, 19.999477, 19.969450, 0.34268692, 0.34711063, 0.34842098, 0.34957591, 0.34978381, 0.34991780, 0.34999505, 0.34999868, 0.34999740, 0.34984726, 0.95223427
0.35577214, 1.0000000, 0.99917424, 9.9997997, 9.9991722, 9.9517269, 9.9842730, 9.9920864, 9.9970913, 19.999731, 19.999928, 19.999958, 19.988020, 0.34999710, 0.34999120, 0.34951702, 0.34984267, 0.34992084, 0.34997091, 0.34999865, 0.34999964, 0.34999979, 0.34994009, 0.99917424
0.35596025, 1.0000000, 0.99985600, 9.9981489, 9.9988909, 9.9994450, 9.9998894, 9.9999428, 9.9999819, 19.999998, 19.999998, 19.999989, 19.991005, 0.34998018, 0.34998813, 0.34999406, 0.34999880, 0.34999940, 0.34999982, 0.34999999, 0.34999999, 0.34999993, 0.34995502, 0.99985600
0.32447374, 1.0000000, 0.88577431, 8.1399298, 9.4624290, 9.6871939, 9.8971405, 9.9464769, 9.9783144, 19.996321, 19.999050, 19.999697, 19.984983, 0.33139887, 0.34462398, 0.34687179, 0.34897137, 0.34946477, 0.34978315, 0.34998161, 0.34999526, 0.34999847, 0.34992492, 0.88577431
0.28203791, 1.0000000, 0.73202139, 5.2107606, 9.3004827, 9.5534496, 9.7909870, 9.8835764, 9.9485922, 19.989311, 19.997204, 19.998333, 19.961763, 0.30210701, 0.34300417, 0.34553418, 0.34790981, 0.34883574, 0.34948593, 0.34994656, 0.34998602, 0.34999168, 0.34980881, 0.73202139
0.24295232, 1.0000000, 0.59040695, 2.9396029, 8.4088688, 9.4858866, 9.7252150, 9.8370686, 9.9234371, 19.982965, 19.995493, 19.995020, 19.940588, 0.27939427, 0.33408567, 0.34485716, 0.34725180, 0.34837049, 0.34923431, 0.34991482, 0.34997746, 0.34997511, 0.34970295, 0.59040695
0.20270495, 1.0000000, 0.44458312, 1.5610129, 5.9009085, 9.3965549, 9.6496181, 9.7839375, 9.8922615, 19.972830, 19.992706, 19.988705, 19.922153, 0.26560917, 0.30900690, 0.34396383, 0.34649581, 0.34783921, 0.34892255, 0.34986416, 0.34996355, 0.34994352, 0.34961078, 0.44458312
0.17590389, 1.0000000, 0.34747782, 0.78473985, 3.9518564, 9.4100704, 9.6482391, 9.7758064, 9.8831024, 19.967140, 19.990774, 19.979767, 19.906929, 0.25784659, 0.28951612, 0.34409779, 0.34648180, 0.34775776, 0.34883094, 0.34983569, 0.34995386, 0.34989884, 0.34953463, 0.34747782
0.15075152, 0.85440135, 0.25634605, 0.27313828E-1, 2.6250215, 8.5232897, 9.6104279, 9.7503471, 9.8685083, 19.960463, 19.987988, 19.968224, 19.894714, 0.25027311, 0.27624831, 0.33522984, 0.34610358, 0.34750313, 0.34868497, 0.34980232, 0.34993994, 0.34984112, 0.34947357, 0.25634605
0.13738999, 0.69304639, 0.20793471, 0.0000000, 1.7802358, 7.0865474, 9.5762100, 9.7262125, 9.8539581, 19.952694, 19.983910, 19.954777, 19.885237, 0.24999624, 0.26779985, 0.32086048, 0.34576076, 0.34726143, 0.34853935, 0.34976345, 0.34991956, 0.34977388, 0.34942618, 0.20793471
0.14705314, 0.80973947, 0.24294615, 1.1545211, 1.4339358, 6.2470703, 9.6449900, 9.7638321, 9.8688240, 19.951063, 19.979992, 19.940916, 19.878139, 0.26154327, 0.26433790, 0.31246755, 0.34644893, 0.34763780, 0.34868807, 0.34975532, 0.34989995, 0.34970456, 0.34939069, 0.24294615
0.12584674, 0.55364925, 0.16611139, 0.26881993, 0.88270009, 5.1898270, 9.6019287, 9.7408867, 9.8587065, 19.945127, 19.973200, 19.926922, 19.872753, 0.25268799, 0.25882655, 0.30189699, 0.34601882, 0.34740862, 0.34858698, 0.34972563, 0.34986600, 0.34963462, 0.34936377, 0.16611139
0.11345895, 0.40405321, 0.12122808, 0.0000000, 0.39982498, 4.0676160, 9.5744410, 9.7227621, 9.8493338, 19.939449, 19.964544, 19.913872, 19.868811, 0.24994458, 0.25399712, 0.29067042, 0.34574169, 0.34722626, 0.34849286, 0.34969723, 0.34982273, 0.34956935, 0.34934404, 0.12122808
0.10569243, 0.31026405, 0.93088530E-1, 0.0000000, 0.14895201E-1, 2.9896526, 9.4450655, 9.7012663, 9.8385191, 19.934185, 19.954275, 19.902328, 19.865931, 0.24996705, 0.25014889, 0.27989119, 0.34444728, 0.34701094, 0.34838459, 0.34967092, 0.34977138, 0.34951165, 0.34932965, 0.93088530E-1
0.10262603, 0.27323386, 0.81978358E-1, 0.0000000, 0.0000000, 2.4031103, 8.8334064, 9.6814375, 9.8283472, 19.928844, 19.942789, 19.892521, 19.863846, 0.24996705, 0.24999958, 0.27402839, 0.33833206, 0.34681329, 0.34828311, 0.34964421, 0.34971395, 0.34946260, 0.34931922, 0.81978358E-1
0.16840842, 1.0000000, 0.32032037, 2.4376690, 2.3531318, 5.3811631, 9.2356710, 9.6868973, 9.8275089, 19.921715, 19.930325, 19.884342, 19.862329, 0.27437341, 0.27352941, 0.30380946, 0.34235597, 0.34686857, 0.34827498, 0.34960857, 0.34965163, 0.34942171, 0.34931165, 0.32032037
0.13491255, 0.66312867, 0.19895850, 0.97615719, 1.4983207, 3.8143623, 9.5155554, 9.6916723, 9.8271761, 19.912569, 19.917515, 19.877693, 19.861214, 0.25976032, 0.26498204, 0.28814217, 0.34515482, 0.34691638, 0.34827164, 0.34956285, 0.34958756, 0.34938848, 0.34930608, 0.19895850
0.11102020, 0.37460265, 0.11239203, 0.12940168E-1, 0.76625049, 2.7883768, 9.1773262, 9.6681843, 9.8167381, 19.904060, 19.905758, 19.872561, 19.860428, 0.25012934, 0.25766081, 0.27788070, 0.34177125, 0.34668076, 0.34816703, 0.34952030, 0.34952879, 0.34936279, 0.34930214, 0.11239203
0.10246100, 0.27124092, 0.81380412E-1, 0.0000000, 0.19210577, 2.0742087, 8.3882856, 9.6358910, 9.8003531, 19.895002, 19.895121, 19.868572, 19.859890, 0.24999975, 0.25191990, 0.27073589, 0.33387786, 0.34635600, 0.34800255, 0.34947503, 0.34947559, 0.34934285, 0.34929946, 0.81380412E-1
0.97261786E-1, 0.20845489, 0.62542722E-1, 0.0000000, 0.0000000, 1.3952553, 7.4439201, 9.5990925, 9.7804756, 19.886314, 19.886042, 19.865578, 19.859520, 0.24999975, 0.24995992, 0.26394907, 0.32443547, 0.34598851, 0.34780395, 0.34943157, 0.34943020, 0.34932789, 0.34929758, 0.62542722E-1
0.94031416E-1, 0.16944461, 0.50838467E-1, 0.0000000, 0.0000000, 0.82969069, 6.3928270, 9.5613089, 9.7599554, 19.877594, 19.878342, 19.863310, 19.859251, 0.24999975, 0.24995992, 0.25829351, 0.31392303, 0.34560919, 0.34759822, 0.34938797, 0.34939170, 0.34931654, 0.34929627, 0.50838467E-1
0.91518298E-1, 0.13909598, 0.41732967E-1, 0.0000000, 0.0000000, 0.42500496, 5.3821387, 9.5584021, 9.7543468, 19.868616, 19.871864, 19.861555, 19.859070, 0.24999975, 0.24995992, 0.25424880, 0.30381820, 0.34558120, 0.34754252, 0.34934309, 0.34935933, 0.34930778, 0.34929535, 0.41732967E-1
0.89206308E-1, 0.11117619, 0.33356193E-1, 0.0000000, 0.0000000, 0.10267496, 4.2287059, 9.5118132, 9.7297640, 19.860085, 19.866547, 19.860231, 19.858898, 0.24999975, 0.24995992, 0.25102627, 0.29228309, 0.34511366, 0.34729612, 0.34930041, 0.34933275, 0.34930116, 0.34929448, 0.33356193E-1
0.87625109E-1, 0.92081457E-1, 0.27627200E-1, 0.0000000, 0.0000000, 0.0000000, 2.9584618, 9.2731104, 9.6872721, 19.853374, 19.862547, 19.859289, 19.858768, 0.24999975, 0.24995992, 0.24995582, 0.27958196, 0.34272698, 0.34687126, 0.34926689, 0.34931272, 0.34929645, 0.34929383, 0.27627200E-1
0.86854495E-1, 0.82775503E-1, 0.24835136E-1, 0.0000000, 0.0000000, 0.0000000, 2.4862795, 8.3594065, 9.6785603, 19.847357, 19.859346, 19.858562, 19.858683, 0.24999975, 0.24995992, 0.24995582, 0.27485922, 0.33358803, 0.34678328, 0.34923679, 0.34929675, 0.34929281, 0.34929341, 0.24835136E-1
0.86424381E-1, 0.77581391E-1, 0.23276744E-1, 0.0000000, 0.0000000, 0.0000000, 2.2381902, 7.8000789, 9.7289534, 19.845209, 19.857635, 19.858198, 19.858675, 0.24999975, 0.24995992, 0.24995582, 0.27237785, 0.32799372, 0.34728658, 0.34922606, 0.34928817, 0.34929100, 0.34929338, 0.23276744E-1
0.85737064E-1, 0.69281340E-1, 0.20786481E-1, 0.0000000, 0.0000000, 0.0000000, 1.8380284, 6.9555593, 9.6793432, 19.841015, 19.855709, 19.857811, 19.858635, 0.24999975, 0.24995992, 0.24995582, 0.26837930, 0.31955373, 0.34679258, 0.34920508, 0.34927854, 0.34928906, 0.34929317, 0.20786481E-1
0.85128218E-1, 0.61928812E-1, 0.18580502E-1, 0.0000000, 0.0000000, 0.0000000, 1.5110731, 6.1448660, 9.6645947, 19.839523, 19.854748, 19.857647, 19.858652, 0.24999975, 0.24995992, 0.24995582, 0.26510721, 0.31144151, 0.34664220, 0.34919763, 0.34927374, 0.34928823, 0.34929326, 0.18580502E-1
0.84430508E-1, 0.53503215E-1, 0.16052570E-1, 0.0000000, 0.0000000, 0.0000000, 1.1445075, 5.2030468, 9.6332235, 19.835232, 19.853233, 19.857319, 19.858604, 0.24999975, 0.24995992, 0.24995582, 0.26144207, 0.30202365, 0.34632805, 0.34917617, 0.34926617, 0.34928659, 0.34929302, 0.16052570E-1
0.16994971, 1.0000000, 0.32590476, 2.7422369, 2.5654256, 4.3606744, 9.1285563, 9.4650469, 9.7714043, 19.837982, 19.853685, 19.857500, 19.858683, 0.27741581, 0.27565059, 0.29360363, 0.34128425, 0.34464979, 0.34771380, 0.34918991, 0.34926844, 0.34928751, 0.34929341, 0.32590476
0.35599923, 1.0000000, 0.99999726, 9.9999962, 9.9999990, 9.9999990, 9.9999990, 9.9999990, 9.9999990, 19.999998, 19.999998, 19.999998, 19.998999, 0.34999961, 0.34999979, 0.34999987, 0.34999996, 0.34999999, 0.34999999, 0.34999999, 0.34999999, 0.34999999, 0.34999499, 0.99999726
0.35599881, 1.0000000, 0.99999565, 9.9999580, 9.9999752, 9.9999876, 9.9999962, 9.9999990, 9.9999990, 19.999998, 19.999998, 19.999998, 19.997997, 0.34999940, 0.34999964, 0.34999982, 0.34999996, 0.34999999, 0.34999999, 0.34999999, 0.34999999, 0.34999999, 0.34998998, 0.99999565
0.35462123, 1.0000000, 0.99500436, 9.9989595, 9.8976974, 9.8826275, 9.9710493, 9.9853554, 9.9945726, 19.999451, 19.999855, 19.999952, 19.988997, 0.34998924, 0.34897676, 0.34882620, 0.34971046, 0.34985355, 0.34994572, 0.34999725, 0.34999928, 0.34999976, 0.34994498, 0.99500436
0.33023649, 1.0000000, 0.90665382, 8.5283489, 9.5052214, 9.6982870, 9.8988647, 9.9470825, 9.9790030, 19.996960, 19.999212, 19.999132, 19.965624, 0.33528331, 0.34505209, 0.34698281, 0.34898865, 0.34947082, 0.34979004, 0.34998479, 0.34999606, 0.34999567, 0.34982812, 0.90665382
0.32718372, 1.0000000, 0.89559317, 8.4154444, 9.3827562, 9.6088753, 9.8189344, 9.8995581, 9.9559708, 19.991127, 19.997692, 19.996258, 19.944067, 0.33414397, 0.34382054, 0.34608519, 0.34818861, 0.34899521, 0.34955961, 0.34995562, 0.34998846, 0.34998128, 0.34972033, 0.89559317
0.35599387, 1.0000000, 0.99997771, 9.9997816, 9.9998713, 9.9999342, 9.9999819, 9.9999933, 9.9999990, 19.999998, 19.999998, 19.999998, 19.996996, 0.34999692, 0.34999818, 0.34999907, 0.34999976, 0.34999990, 0.34999999, 0.34999999, 0.34999999, 0.34999999, 0.34998497, 0.99997771
0.35599822, 1.0000000, 0.99999356, 9.9999962, 9.9999990, 9.9999990, 9.9999990, 9.9999990, 9.9999990, 19.999998, 19.999998, 19.999998, 19.998999, 0.34999910, 0.34999949, 0.34999973, 0.34999993, 0.34999996, 0.34999999, 0.34999999, 0.34999999, 0.34999999, 0.34999499, 0.99999356
0.35599369, 1.0000000, 0.99997705, 9.9998178, 9.9998922, 9.9999456, 9.9999876, 9.9999933, 9.9999990, 19.999998, 19.999998, 19.999998, 19.996996, 0.34999683, 0.34999812, 0.34999904, 0.34999979, 0.34999990, 0.34999999, 0.34999999, 0.34999999, 0.34999999, 0.34998497, 0.99997705
0.34873480, 1.0000000, 0.97367680, 9.6535921, 9.7676802, 9.8732338, 9.9665079, 9.9829826, 9.9934387, 19.999086, 19.999767, 19.999901, 19.987009, 0.34653556, 0.34767660, 0.34873223, 0.34966505, 0.34982982, 0.34993440, 0.34999543, 0.34999883, 0.34999949, 0.34993505, 0.97367680
0.35599697, 1.0000000, 0.99998897, 9.9999275, 9.9999580, 9.9999790, 9.9999962, 9.9999962, 9.9999990, 19.999998, 19.999998, 19.999998, 19.997997, 0.34999847, 0.34999910, 0.34999955, 0.34999990, 0.34999993, 0.34999999, 0.34999999, 0.34999999, 0.34999999, 0.34998998, 0.99998897
0.31249127, 1.0000000, 0.84235960, 7.3491888, 9.3709211, 9.6211357, 9.8607922, 9.9264278, 9.9693747, 19.994326, 19.998514, 19.999336, 19.974180, 0.32349172, 0.34370908, 0.34621131, 0.34860793, 0.34926426, 0.34969375, 0.34997162, 0.34999257, 0.34999669, 0.34987089, 0.84235960
0.26035190, 1.0000000, 0.65344894, 3.7142091, 9.2153673, 9.4879942, 9.7405653, 9.8518848, 9.9325447, 19.984989, 19.996048, 19.997030, 19.951735, 0.28714132, 0.34215251, 0.34487933, 0.34740552, 0.34851879, 0.34932542, 0.34992495, 0.34998024, 0.34998515, 0.34975868, 0.65344894
0.23596044, 1.0000000, 0.56507403, 2.5302858, 8.2257442, 9.5261717, 9.7354059, 9.8388758, 9.9216299, 19.981262, 19.994980, 19.992699, 19.931803, 0.27530044, 0.33225271, 0.34525898, 0.34735349, 0.34838846, 0.34921619, 0.34990633, 0.34997490, 0.34996349, 0.34965903, 0.56507403
0.34393352, 1.0000000, 0.95628083, 9.4681854, 9.5636740, 9.7518902, 9.9205732, 9.9588966, 9.9831085, 19.996870, 19.999187, 19.999744, 19.985008, 0.34468067, 0.34563601, 0.34751853, 0.34920564, 0.34958893, 0.34983107, 0.34998435, 0.34999594, 0.34999871, 0.34992504, 0.95628083
0.33988893, 1.0000000, 0.94162655, 9.0996895, 9.6562166, 9.8106403, 9.9478683, 9.9733782, 9.9897785, 19.998693, 19.999653, 19.999872, 19.986019, 0.34099653, 0.34656194, 0.34810629, 0.34947866, 0.34973377, 0.34989780, 0.34999347, 0.34999827, 0.34999937, 0.34993011, 0.94162655
0.31853694, 1.0000000, 0.86426419, 7.7663798, 9.4018507, 9.6326036, 9.8501215, 9.9194250, 9.9655333, 19.993074, 19.998199, 19.998697, 19.962769, 0.32766229, 0.34401742, 0.34632549, 0.34850109, 0.34919420, 0.34965530, 0.34996536, 0.34999099, 0.34999350, 0.34981385, 0.86426419
0.35599840, 1.0000000, 0.99999416, 9.9999580, 9.9999752, 9.9999876, 9.9999962, 9.9999962, 9.9999990, 19.999998, 19.999998, 19.999998, 19.997997, 0.34999919, 0.34999952, 0.34999976, 0.34999993, 0.34999996, 0.34999999, 0.34999999, 0.34999999, 0.34999999, 0.34998998, 0.99999416
0.35599923, 1.0000000, 0.99999714, 9.9999990, 9.9999990, 9.9999990, 9.9999990, 9.9999990, 9.9999990, 19.999998, 19.999998, 19.999998, 19.998999, 0.34999961, 0.34999976, 0.34999987, 0.34999996, 0.34999999, 0.34999999, 0.34999999, 0.34999999, 0.34999999, 0.34999499, 0.99999714
0.33137751, 1.0000000, 0.91078794, 8.5968409, 9.5158377, 9.7209053, 9.9123783, 9.9546127, 9.9819832, 19.997269, 19.999283, 19.999559, 19.975210, 0.33596802, 0.34515813, 0.34720892, 0.34912375, 0.34954613, 0.34981984, 0.34998634, 0.34999642, 0.34999779, 0.34987605, 0.91078794
0.28580683, 1.0000000, 0.74567688, 5.4973683, 9.2831507, 9.5441322, 9.7895317, 9.8834496, 9.9486332, 19.989210, 19.997173, 19.997431, 19.952694, 0.30497187, 0.34282964, 0.34544036, 0.34789512, 0.34883440, 0.34948629, 0.34994605, 0.34998587, 0.34998715, 0.34976345, 0.74567688
0.33702457, 1.0000000, 0.93124843, 8.9259338, 9.6150475, 9.7849903, 9.9345856, 9.9663363, 9.9863605, 19.997602, 19.999367, 19.999813, 19.987009, 0.33925653, 0.34614864, 0.34784898, 0.34934568, 0.34966329, 0.34986356, 0.34998801, 0.34999683, 0.34999907, 0.34993505, 0.93124843
0.35240358, 1.0000000, 0.98696941, 9.8174839, 9.9010811, 9.9494333, 9.9891005, 9.9945335, 9.9980984, 19.999928, 19.999981, 19.999983, 19.990009, 0.34815606, 0.34899947, 0.34948862, 0.34988987, 0.34994477, 0.34998080, 0.34999964, 0.34999990, 0.34999990, 0.34995005, 0.98696941
0.35599834, 1.0000000, 0.99999380, 9.9999990, 9.9999962, 9.9999990, 9.9999990, 9.9999990, 9.9999990, 19.999998, 19.999998, 19.999998, 19.998999, 0.34999916, 0.34999946, 0.34999976, 0.34999993, 0.34999996, 0.34999999, 0.34999999, 0.34999999, 0.34999999, 0.34999499, 0.99999380
0.32224065, 1.0000000, 0.87768340, 7.9911370, 9.4472637, 9.6756067, 9.8911982, 9.9432144, 9.9769526, 19.996113, 19.998980, 19.999487, 19.975163, 0.32991105, 0.34447241, 0.34675595, 0.34891194, 0.34943214, 0.34976953, 0.34998056, 0.34999490, 0.34999743, 0.34987581, 0.87768340
0.27523917, 1.0000000, 0.70738828, 4.7414069, 9.2741327, 9.5329590, 9.7762289, 9.8744364, 9.9442844, 19.988426, 19.996952, 19.997393, 19.952660, 0.29741269, 0.34273973, 0.34532878, 0.34776211, 0.34874427, 0.34944281, 0.34994215, 0.34998477, 0.34998697, 0.34976330, 0.70738828
0.24918620, 1.0000000, 0.61299348, 2.9414773, 9.1154099, 9.5620470, 9.7650099, 9.8593626, 9.9336271, 19.985542, 19.996141, 19.993254, 19.932627, 0.27941278, 0.34115037, 0.34561849, 0.34764972, 0.34859341, 0.34933621, 0.34992772, 0.34998071, 0.34996626, 0.34966314, 0.61299348
0.23541346, 1.0000000, 0.56309223, 2.5996475, 8.0347462, 9.5429125, 9.7394686, 9.8391085, 9.9201479, 19.980841, 19.994776, 19.986097, 19.915550, 0.27599537, 0.33034545, 0.34542793, 0.34739444, 0.34839097, 0.34920144, 0.34990421, 0.34997389, 0.34993050, 0.34957775, 0.56309223
0.21761113, 1.0000000, 0.49859107, 2.4325042, 6.2011075, 9.4789839, 9.6951504, 9.8089294, 9.9020443, 19.973860, 19.992420, 19.975981, 19.901569, 0.27432486, 0.31201079, 0.34478962, 0.34695148, 0.34808925, 0.34902045, 0.34986931, 0.34996212, 0.34987992, 0.34950784, 0.49859107
0.19274834, 1.0000000, 0.40850848, 1.6090691, 4.5805202, 9.4635439, 9.6833220, 9.7978773, 9.8935242, 19.968637, 19.989836, 19.963665, 19.890541, 0.26609012, 0.29580423, 0.34463441, 0.34683302, 0.34797868, 0.34893522, 0.34984320, 0.34994918, 0.34981832, 0.34945270, 0.40850848
0.16678734, 1.0000000, 0.31444687, 0.75366199, 2.9536009, 9.3069677, 9.6562948, 9.7793121, 9.8821802, 19.962160, 19.985760, 19.949856, 19.882097, 0.25753507, 0.27953237, 0.34306392, 0.34656176, 0.34779254, 0.34882161, 0.34981081, 0.34992880, 0.34974927, 0.34941047, 0.31444687
0.14555973, 0.79170501, 0.23753527, 0.0000000, 2.2236676, 8.1615477, 9.6275492, 9.7595491, 9.8704433, 19.955027, 19.979876, 19.935583, 19.875708, 0.24999401, 0.27222735, 0.33159837, 0.34627149, 0.34759343, 0.34870374, 0.34977514, 0.34989938, 0.34967792, 0.34937853, 0.23753527
0.13490321, 0.66301596, 0.19892468, 0.0000000, 1.5429795, 6.9552951, 9.6046095, 9.7432098, 9.8606310, 19.948114, 19.972134, 19.921801, 19.870964, 0.24999401, 0.26542178, 0.31953487, 0.34604108, 0.34742957, 0.34860545, 0.34974056, 0.34986067, 0.34960902, 0.34935480, 0.19892468
0.12411971, 0.53279346, 0.15985402, 0.0000000, 0.90682507, 5.6315184, 9.5719318, 9.7215128, 9.8490906, 19.941292, 19.962448, 19.909210, 19.867483, 0.24999401, 0.25906253, 0.30629742, 0.34571326, 0.34721205, 0.34848985, 0.34970647, 0.34981224, 0.34954605, 0.34933740, 0.15985402
0.11442485, 0.41571754, 0.12472773, 0.0000000, 0.39494634, 4.3182449, 9.5507135, 9.7064199, 9.8404846, 19.934999, 19.951292, 19.898262, 19.864952, 0.24999401, 0.25394729, 0.29317057, 0.34550190, 0.34706154, 0.34840396, 0.34967500, 0.34975645, 0.34949130, 0.34932476, 0.12472773
0.15663338, 0.92543119, 0.27765712, 2.7549028, 1.2489557, 3.6030011, 9.6376982, 9.7562618, 9.8616962, 19.933685, 19.940468, 19.889404, 19.863218, 0.27753669, 0.26248619, 0.28602517, 0.34637439, 0.34756130, 0.34861651, 0.34966844, 0.34970233, 0.34944701, 0.34931609, 0.27765712
0.15207940, 0.87043709, 0.26115724, 2.1834226, 1.9565433, 2.9946387, 9.5988579, 9.7620325, 9.8659658, 19.929787, 19.928764, 19.882111, 19.861959, 0.27183390, 0.26956525, 0.27994627, 0.34598848, 0.34762028, 0.34865966, 0.34964892, 0.34964383, 0.34941056, 0.34930980, 0.26115724
0.18313354, 1.0000000, 0.37367222, 2.2888989, 2.9940662, 8.1418486, 9.2549763, 9.7256575, 9.8503113, 19.922630, 19.916679, 19.876179, 19.861032, 0.27288887, 0.27994058, 0.33141837, 0.34254974, 0.34725657, 0.34850311, 0.34961316, 0.34958339, 0.34938091, 0.34930515, 0.37367222
0.15928945, 0.95750606, 0.28728056, 1.3383090, 2.3496926, 6.7730403, 9.5864840, 9.7444859, 9.8549538, 19.914619, 19.905367, 19.871550, 19.860355, 0.26338074, 0.27349445, 0.31772682, 0.34586382, 0.34744436, 0.34854937, 0.34957311, 0.34952682, 0.34935775, 0.34930179, 0.28728056
0.13891745, 0.71149230, 0.21346904, 0.54976642, 1.7393768, 5.6971626, 9.6066856, 9.7419825, 9.8526335, 19.905846, 19.895247, 19.867975, 19.859880, 0.25549656, 0.26739168, 0.30696818, 0.34606570, 0.34741923, 0.34852612, 0.34952924, 0.34947622, 0.34933987, 0.34929940, 0.21346904
0.12111127, 0.49646324, 0.14895387, 0.0000000, 1.1009455, 4.5150180, 9.5719023, 9.7188606, 9.8406887, 19.895355, 19.886135, 19.865171, 19.859520, 0.24993600, 0.26100725, 0.29514566, 0.34571713, 0.34718761, 0.34840655, 0.34947678, 0.34943068, 0.34932587, 0.34929758, 0.14895387
0.11139502, 0.37912890, 0.11375005, 0.0000000, 0.55881143, 3.2624903, 9.5362387, 9.6947250, 9.8275919, 19.885555, 19.878614, 19.863081, 19.859287, 0.24993600, 0.25558609, 0.28261900, 0.34535894, 0.34694549, 0.34827533, 0.34942776, 0.34939307, 0.34931540, 0.34929645, 0.11375005
0.10410495, 0.29109344, 0.87336764E-1, 0.0000000, 0.12719035, 2.4617643, 9.0643921, 9.6730576, 9.8148127, 19.876043, 19.872377, 19.861521, 19.859133, 0.24993600, 0.25127113, 0.27461022, 0.34063846, 0.34672767, 0.34814715, 0.34938022, 0.34936190, 0.34930760, 0.34929568, 0.87336764E-1
0.99955253E-1, 0.24098139, 0.72301649E-1, 0.0000000, 0.0000000, 1.8641829, 8.3270388, 9.6474371, 9.8006449, 19.867804, 19.867502, 19.860374, 19.858992, 0.24993600, 0.24999931, 0.26863444, 0.33326378, 0.34647056, 0.34800518, 0.34933901, 0.34933752, 0.34930187, 0.34929496, 0.72301649E-1
0.96892081E-1, 0.20399024, 0.61203193E-1, 0.0000000, 0.0000000, 1.3008952, 7.4626789, 9.6134691, 9.7830820, 19.861519, 19.863890, 19.859554, 19.858881, 0.24993600, 0.24999931, 0.26300386, 0.32462096, 0.34613091, 0.34782955, 0.34930760, 0.34931946, 0.34929776, 0.34929439, 0.61203193E-1
0.94215259E-1, 0.17166471, 0.51504564E-1, 0.0000000, 0.0000000, 0.84505677, 6.5238943, 9.5875587, 9.7689352, 19.857109, 19.861343, 19.859013, 19.858805, 0.24993600, 0.24999931, 0.25844648, 0.31523266, 0.34587097, 0.34768778, 0.34928554, 0.34930670, 0.34929508, 0.34929401, 0.51504564E-1
0.91875121E-1, 0.14340501, 0.43025807E-1, 0.0000000, 0.0000000, 0.47677159, 5.5494118, 9.5682325, 9.7570925, 19.852169, 19.859093, 19.858553, 19.858757, 0.24993600, 0.24999931, 0.25476578, 0.30548963, 0.34567845, 0.34756961, 0.34926084, 0.34929547, 0.34929276, 0.34929377, 0.43025807E-1
0.12130130, 0.49875808, 0.14964239, 1.3820171, 1.3746113, 0.32184124, 5.0394182, 9.6687641, 9.7991924, 19.849335, 19.857658, 19.858278, 19.858709, 0.26381367, 0.26374224, 0.25321797, 0.30039275, 0.34668627, 0.34799147, 0.34924668, 0.34928828, 0.34929138, 0.34929353, 0.14964239
0.14730527, 0.81278419, 0.24385965, 2.7510464, 2.3393393, 0.19215047, 4.6133265, 9.6933489, 9.8123693, 19.847736, 19.856794, 19.858131, 19.858709, 0.27750421, 0.27339020, 0.25192139, 0.29613265, 0.34693283, 0.34812346, 0.34923869, 0.34928396, 0.34929067, 0.34929353, 0.24385965
0.12503153, 0.54380459, 0.16315770, 1.5780568, 1.7051905, 0.60462952E-1, 4.2422867, 9.7076645, 9.8190250, 19.845474, 19.855881, 19.857967, 19.858692, 0.26577976, 0.26705137, 0.25060463, 0.29242274, 0.34707651, 0.34819019, 0.34922737, 0.34927940, 0.34928983, 0.34929347, 0.16315770
0.10937598, 0.35474685, 0.10643470, 0.78448355, 1.2025684, 0.0000000, 3.8943644, 9.7111969, 9.8213911, 19.844601, 19.855440, 19.857931, 19.858704, 0.25784141, 0.26202253, 0.24999495, 0.28894264, 0.34711069, 0.34821349, 0.34922302, 0.34927720, 0.34928966, 0.34929353, 0.10643470
0.10667176, 0.32209051, 0.96636817E-1, 0.84768236, 0.80418885, 0.0000000, 3.5563078, 9.7136898, 9.8227043, 19.844200, 19.855206, 19.857918, 19.858709, 0.25847334, 0.25803992, 0.24999495, 0.28556222, 0.34713572, 0.34822664, 0.34922099, 0.34927604, 0.34928960, 0.34929353, 0.96636817E-1
0.93211405E-1, 0.15954213, 0.47867425E-1, 0.15130043, 0.38263798, 0.0000000, 3.1393332, 9.6746483, 9.8068962, 19.842960, 19.854803, 19.857849, 19.858698, 0.25151202, 0.25382486, 0.24999495, 0.28139213, 0.34674457, 0.34806830, 0.34921479, 0.34927401, 0.34928924, 0.34929350, 0.47867425E-1
0.88027023E-1, 0.96935011E-1, 0.29083412E-1, 0.0000000, 0.58043003E-1, 0.0000000, 2.8090477, 9.3527718, 9.7764797, 19.842264, 19.854551, 19.857790, 19.858698, 0.24993336, 0.25058001, 0.24999495, 0.27808845, 0.34352437, 0.34776363, 0.34921134, 0.34927276, 0.34928894, 0.34929350, 0.29083412E-1
0.87070860E-1, 0.85388303E-1, 0.25619052E-1, 0.0000000, 0.0000000, 0.0000000, 2.5217772, 8.7892275, 9.7437506, 19.840969, 19.854168, 19.857695, 19.858675, 0.24993336, 0.24998209, 0.24999495, 0.27521440, 0.33788642, 0.34743533, 0.34920484, 0.34927085, 0.34928846, 0.34929338, 0.25619052E-1
0.86707518E-1, 0.81000574E-1, 0.24302602E-1, 0.0000000, 0.0000000, 0.0000000, 2.3116140, 8.3287058, 9.7523966, 19.840691, 19.854050, 19.857672, 19.858698, 0.24993336, 0.24998209, 0.24999495, 0.27311367, 0.33328259, 0.34752220, 0.34920347, 0.34927025, 0.34928834, 0.34929350, 0.24302602E-1
0.86284272E-1, 0.75889409E-1, 0.22769099E-1, 0.0000000, 0.0000000, 0.0000000, 2.0704627, 7.7934594, 9.7379618, 19.840296, 19.853928, 19.857649, 19.858698, 0.24993336, 0.24998209, 0.24999495, 0.27070227, 0.32793018, 0.34737778, 0.34920147, 0.34926963, 0.34928825, 0.34929350, 0.22769099E-1
0.13663623, 0.68394405, 0.20520374, 1.7433614, 2.2144318, 1.9488752, 2.0248711, 7.6124125, 9.8054199, 19.843006, 19.854633, 19.857843, 19.858709, 0.26743025, 0.27214175, 0.26948762, 0.27024847, 0.32612368, 0.34805402, 0.34921503, 0.34927318, 0.34928921, 0.34929353, 0.20520374
0.23766293, 1.0000000, 0.57124245, 2.8018236, 8.2292032, 9.1215925, 9.3841505, 9.6034575, 9.8425331, 19.845894, 19.855419, 19.858061, 19.858709, 0.27801591, 0.33228791, 0.34121361, 0.34384102, 0.34603435, 0.34842524, 0.34922945, 0.34927708, 0.34929031, 0.34929353, 0.57124245
0.35113412, 1.0000000, 0.98236990, 9.9883461, 9.7509756, 9.4667425, 9.6264887, 9.7473679, 9.8539000, 19.846617, 19.855619, 19.858131, 19.858709, 0.34988272, 0.34750932, 0.34466723, 0.34626487, 0.34747365, 0.34853899, 0.34923309, 0.34927809, 0.34929067, 0.34929353, 0.98236990
0.35599834, 1.0000000, 0.99999386, 9.9999990, 9.9999990, 9.9999962, 9.9999962, 9.9999990, 9.9999962, 19.999998, 19.999998, 19.999998, 19.998999, 0.34999916, 0.34999949, 0.34999970, 0.34999990, 0.34999996, 0.34999996, 0.34999999, 0.34999999, 0.34999999, 0.34999499, 0.99999386
0.33294594, 1.0000000, 0.91647089, 8.6636543, 9.5740290, 9.7572584, 9.9279060, 9.9628563, 9.9856224, 19.998138, 19.999510, 19.999619, 19.975210, 0.33663490, 0.34573919, 0.34757203, 0.34927893, 0.34962851, 0.34985620, 0.34999070, 0.34999755, 0.34999809, 0.34987605, 0.91647089
0.29170710, 1.0000000, 0.76705468, 5.8856387, 9.3282824, 9.5776873, 9.8168621, 9.8998480, 9.9573832, 19.992224, 19.997967, 19.997650, 19.952753, 0.30885404, 0.34328058, 0.34577572, 0.34816837, 0.34899837, 0.34957379, 0.34996110, 0.34998983, 0.34998825, 0.34976375, 0.76705468
0.25354329, 1.0000000, 0.62878001, 3.1710763, 9.2767687, 9.5271997, 9.7571020, 9.8584919, 9.9356861, 19.987293, 19.996653, 19.993361, 19.932680, 0.28170976, 0.34276590, 0.34527108, 0.34757084, 0.34858483, 0.34935683, 0.34993646, 0.34998327, 0.34996679, 0.34966341, 0.62878001
0.22605962, 1.0000000, 0.52920145, 2.1249800, 7.7194862, 9.5008421, 9.7210245, 9.8300447, 9.9176216, 19.981697, 19.995020, 19.986156, 19.915598, 0.27124894, 0.32719299, 0.34500727, 0.34720999, 0.34830034, 0.34917620, 0.34990847, 0.34997511, 0.34993079, 0.34957799, 0.52920145
0.24984890, 1.0000000, 0.61539453, 2.9865742, 9.1386299, 9.5358944, 9.7292719, 9.8293524, 9.9126883, 19.978058, 19.993589, 19.976254, 19.901659, 0.27986410, 0.34138328, 0.34535736, 0.34729239, 0.34829336, 0.34912682, 0.34989029, 0.34996796, 0.34988126, 0.34950829, 0.61539453
0.22236706, 1.0000000, 0.51582265, 2.0849228, 7.3518605, 9.4868536, 9.7003670, 9.8099384, 9.9007673, 19.972502, 19.990980, 19.963921, 19.890623, 0.27084562, 0.32351100, 0.34486362, 0.34700266, 0.34809887, 0.34900749, 0.34986252, 0.34995490, 0.34981960, 0.34945312, 0.51582265
0.19654471, 1.0000000, 0.42226344, 1.2753725, 5.5951147, 9.4664288, 9.6823483, 9.7964487, 9.8917170, 19.966864, 19.987206, 19.950180, 19.882149, 0.26275113, 0.30594429, 0.34465849, 0.34682229, 0.34796390, 0.34891698, 0.34983432, 0.34993604, 0.34975091, 0.34941074, 0.42226344
0.17059737, 1.0000000, 0.32825139, 0.48709810, 3.7941871, 9.4354458, 9.6599722, 9.7808533, 9.8819838, 19.960363, 19.981592, 19.935959, 19.875742, 0.25486910, 0.28793308, 0.34434351, 0.34659749, 0.34780741, 0.34881946, 0.34980181, 0.34990796, 0.34967980, 0.34937871, 0.32825139
0.15117110, 0.85946834, 0.25786629, 0.0000000, 2.6172729, 8.7284746, 9.6346607, 9.7634478, 9.8714619, 19.953005, 19.973806, 19.922138, 19.870998, 0.24999125, 0.27616140, 0.33726585, 0.34634244, 0.34763238, 0.34871390, 0.34976503, 0.34986904, 0.34961069, 0.34935498, 0.25786629
0.14115512, 0.73851454, 0.22157653, 0.0000000, 1.9576192, 7.6302438, 9.6237926, 9.7547264, 9.8654318, 19.946453, 19.964264, 19.909542, 19.867516, 0.24999125, 0.26956934, 0.32628906, 0.34623456, 0.34754556, 0.34865376, 0.34973228, 0.34982133, 0.34954771, 0.34933758, 0.22157653
0.13168821, 0.62419134, 0.18727614, 0.0000000, 1.3661057, 6.5298362, 9.6125069, 9.7465296, 9.8602591, 19.940029, 19.953112, 19.898552, 19.865000, 0.24999125, 0.26365492, 0.31528372, 0.34612074, 0.34746313, 0.34860185, 0.34970015, 0.34976557, 0.34949276, 0.34932500, 0.18727614
0.12293291, 0.51846159, 0.15555403, 0.0000000, 0.85548162, 5.4396386, 9.6004448, 9.7382784, 9.8554783, 19.933655, 19.940929, 19.889326, 19.863188, 0.24999125, 0.25854975, 0.30438030, 0.34599879, 0.34737989, 0.34855381, 0.34966826, 0.34970465, 0.34944662, 0.34931594, 0.15555403
0.11523551, 0.42550710, 0.12766489, 0.0000000, 0.44454038, 4.4038773, 9.5936108, 9.7332659, 9.8522491, 19.927252, 19.928484, 19.881870, 19.861885, 0.24999125, 0.25444219, 0.29402277, 0.34592915, 0.34732911, 0.34852129, 0.34963626, 0.34964243, 0.34940934, 0.34930941, 0.12766489
0.10803659, 0.33857223, 0.10158183, 0.0000000, 0.88524818E-1, 3.3815176, 9.5788393, 9.7235613, 9.8466845, 19.919680, 19.916187, 19.875935, 19.860945, 0.24999125, 0.25088409, 0.28379282, 0.34577572, 0.34722918, 0.34846467, 0.34959841, 0.34958094, 0.34937966, 0.34930474, 0.10158183
0.10450616, 0.29593852, 0.88790439E-1, 0.0000000, 0.0000000, 2.7586818, 9.3176584, 9.7247648, 9.8464165, 19.913015, 19.905167, 19.871407, 19.860327, 0.24999125, 0.24999483, 0.27755666, 0.34315619, 0.34723702, 0.34846058, 0.34956509, 0.34952584, 0.34935704, 0.34930164, 0.88790439E-1
0.11950000, 0.47700542, 0.14311594, 1.1885285, 0.0000000, 2.4920583, 8.9775581, 9.7511482, 9.8566380, 19.906919, 19.895666, 19.868025, 19.859903, 0.26185602, 0.24999483, 0.27490219, 0.33976233, 0.34750426, 0.34856397, 0.34953460, 0.34947833, 0.34934014, 0.34929952, 0.14311594
0.10893847, 0.34946346, 0.10484952, 0.52688420, 0.0000000, 2.2033095, 8.6352911, 9.7533522, 9.8564157, 19.898426, 19.886997, 19.865360, 19.859570, 0.25526768, 0.24999483, 0.27203164, 0.33635178, 0.34753290, 0.34856394, 0.34949213, 0.34943497, 0.34932679, 0.34929785, 0.10484952
0.99659577E-1, 0.23741075, 0.71230352E-1, 0.0000000, 0.0000000, 1.8160701, 8.1711082, 9.7173414, 9.8404655, 19.889612, 19.879690, 19.863352, 19.859346, 0.24998975, 0.24999483, 0.26814979, 0.33170128, 0.34716758, 0.34840268, 0.34944806, 0.34939843, 0.34931678, 0.34929675, 0.71230352E-1
0.97613543E-1, 0.21270274, 0.63817203E-1, 0.0000000, 0.0000000, 1.4345855, 7.6211214, 9.6900196, 9.8259439, 19.881737, 19.873877, 19.861874, 19.859222, 0.24998975, 0.24999483, 0.26433915, 0.32620409, 0.34689566, 0.34825793, 0.34940869, 0.34936938, 0.34930938, 0.34929612, 0.63817203E-1
0.95509335E-1, 0.18729210, 0.56193251E-1, 0.0000000, 0.0000000, 1.0550350, 6.9937024, 9.6603212, 9.8094826, 19.873205, 19.868877, 19.860708, 19.859087, 0.24998975, 0.24999483, 0.26054615, 0.31993148, 0.34659937, 0.34809351, 0.34936601, 0.34934437, 0.34930354, 0.34929544, 0.56193251E-1
0.93561888E-1, 0.16377455, 0.49137279E-1, 0.0000000, 0.0000000, 0.72421432, 6.3111391, 9.6388378, 9.7966461, 19.865826, 19.864975, 19.859852, 19.858974, 0.24998975, 0.24999483, 0.25723505, 0.31309900, 0.34637892, 0.34796324, 0.34932911, 0.34932488, 0.34929925, 0.34929487, 0.49137279E-1
0.92111826E-1, 0.14626350, 0.43883439E-1, 0.0000000, 0.0000000, 0.49803555, 5.6839385, 9.6442604, 9.7967205, 19.861044, 19.862352, 19.859320, 19.858892, 0.24998975, 0.24999483, 0.25497890, 0.30683604, 0.34643978, 0.34796625, 0.34930521, 0.34931177, 0.34929660, 0.34929445, 0.43883439E-1
0.90785131E-1, 0.13024221, 0.39076574E-1, 0.0000000, 0.0000000, 0.31011403, 5.0291972, 9.6295195, 9.7894125, 19.857473, 19.860474, 19.858953, 19.858828, 0.24998975, 0.24999483, 0.25310057, 0.30029008, 0.34629339, 0.34789354, 0.34928736, 0.34930235, 0.34929478, 0.34929413, 0.39076574E-1
0.89459315E-1, 0.11423149, 0.34272876E-1, 0.0000000, 0.0000000, 0.14010966, 4.2943749, 9.6010733, 9.7749224, 19.853867, 19.858917, 19.858618, 19.858757, 0.24998975, 0.24999483, 0.25140089, 0.29294240, 0.34600922, 0.34774873, 0.34926933, 0.34929460, 0.34929308, 0.34929377, 0.34272876E-1
0.88272192E-1, 0.99895753E-1, 0.29971723E-1, 0.0000000, 0.0000000, 0.12180209E-1, 3.5126195, 9.5809183, 9.7634048, 19.851021, 19.857750, 19.858355, 19.858709, 0.24998975, 0.24999483, 0.25012174, 0.28512272, 0.34580445, 0.34763244, 0.34925511, 0.34928876, 0.34929177, 0.34929353, 0.29971723E-1
0.87743469E-1, 0.93510851E-1, 0.28056061E-1, 0.0000000, 0.0000000, 0.0000000, 2.9945760, 9.4588938, 9.7706413, 19.847738, 19.856541, 19.858095, 19.858692, 0.24998975, 0.24999483, 0.24999900, 0.27994341, 0.34458521, 0.34770513, 0.34923869, 0.34928271, 0.34929049, 0.34929347, 0.28056061E-1
0.87401047E-1, 0.89375675E-1, 0.26815385E-1, 0.0000000, 0.0000000, 0.0000000, 2.7815819, 9.0595751, 9.7725992, 19.845009, 19.855606, 19.857929, 19.858688, 0.24998975, 0.24999483, 0.24999900, 0.27780706, 0.34058148, 0.34772086, 0.34922504, 0.34927803, 0.34928966, 0.34929344, 0.26815385E-1
0.87088391E-1, 0.85600033E-1, 0.25682578E-1, 0.0000000, 0.0000000, 0.0000000, 2.5883765, 8.6896391, 9.7757416, 19.842846, 19.854910, 19.857800, 19.858688, 0.24998975, 0.24999483, 0.24999900, 0.27587539, 0.33688235, 0.34775212, 0.34921423, 0.34927455, 0.34928900, 0.34929344, 0.25682578E-1
0.86785302E-1, 0.81939936E-1, 0.24584441E-1, 0.0000000, 0.0000000, 0.0000000, 2.4030745, 8.3278971, 9.7762947, 19.841196, 19.854366, 19.857683, 19.858688, 0.24998975, 0.24999483, 0.24999900, 0.27402270, 0.33326504, 0.34775749, 0.34920597, 0.34927183, 0.34928840, 0.34929344, 0.24584441E-1
0.86461931E-1, 0.78034855E-1, 0.23412798E-1, 0.0000000, 0.0000000, 0.0000000, 2.2051156, 7.9456768, 9.7703590, 19.839039, 19.853731, 19.857540, 19.858669, 0.24998975, 0.24999483, 0.24999900, 0.27204087, 0.32943824, 0.34769598, 0.34919518, 0.34926865, 0.34928769, 0.34929335, 0.23412798E-1
0.14617187, 0.79909718, 0.23975313, 2.4383008, 2.1250219, 2.0678341, 2.1765976, 7.8172007, 9.8245983, 19.842428, 19.854546, 19.857807, 19.858709, 0.27436897, 0.27124289, 0.27067477, 0.27176523, 0.32817066, 0.34824541, 0.34921214, 0.34927273, 0.34928903, 0.34929353, 0.23975313
0.16364516, 1.0000000, 0.30306217, 2.9273062, 2.3087411, 2.8613596, 8.4465551, 9.5117760, 9.8546486, 19.845974, 19.855478, 19.858072, 19.858709, 0.27927011, 0.27308601, 0.27861273, 0.33446506, 0.34511745, 0.34854639, 0.34922987, 0.34927738, 0.34929037, 0.34929353, 0.30306217
0.24013828, 1.0000000, 0.58021110, 2.8227394, 8.3480358, 9.3549089, 9.5826797, 9.7520971, 9.8699017, 19.848579, 19.856178, 19.858231, 19.858709, 0.27822724, 0.33348009, 0.34354892, 0.34582677, 0.34752095, 0.34869903, 0.34924290, 0.34928089, 0.34929115, 0.34929353, 0.58021110
0.26994857, 1.0000000, 0.68821943, 4.4881897, 9.0393515, 9.5885925, 9.7176685, 9.8090401, 9.8748102, 19.849747, 19.856468, 19.858294, 19.858709, 0.29488152, 0.34039307, 0.34588569, 0.34717661, 0.34809038, 0.34874809, 0.34924874, 0.34928232, 0.34929147, 0.34929353, 0.68821943
0.35599893, 1.0000000, 0.99999613, 9.9999990, 9.9999990, 9.9999990, 9.9999990, 9.9999990, 9.9999990, 19.999998, 19.999998, 19.999998, 19.998999, 0.34999946, 0.34999967, 0.34999985, 0.34999996, 0.34999996, 0.34999999, 0.34999999, 0.34999999, 0.34999999, 0.34999499, 0.99999613
0.35599899, 1.0000000, 0.99999636, 9.9999990, 9.9999990, 9.9999990, 9.9999990, 9.9999990, 9.9999990, 19.999998, 19.999998, 19.999998, 19.998999, 0.34999949, 0.34999970, 0.34999985, 0.34999996, 0.34999996, 0.34999999, 0.34999999, 0.34999999, 0.34999999, 0.34999499, 0.99999636
0.35599327, 1.0000000, 0.99997550, 9.9997225, 9.9998360, 9.9999161, 9.9999847, 9.9999876, 9.9999990, 19.999998, 19.999998, 19.999998, 19.994993, 0.34999660, 0.34999800, 0.34999898, 0.34999982, 0.34999985, 0.34999999, 0.34999999, 0.34999999, 0.34999999, 0.34997496, 0.99997550
0.34721255, 1.0000000, 0.96816134, 9.5666914, 9.7367287, 9.8576279, 9.9643946, 9.9819307, 9.9934149, 19.999456, 19.999863, 19.999846, 19.980116, 0.34566659, 0.34736708, 0.34857619, 0.34964392, 0.34981930, 0.34993416, 0.34999728, 0.34999931, 0.34999922, 0.34990057, 0.96816134
0.33349007, 1.0000000, 0.91844213, 8.6820860, 9.6028166, 9.7689409, 9.9285498, 9.9628363, 9.9860029, 19.998652, 19.999659, 19.998594, 19.957342, 0.33682036, 0.34602782, 0.34768924, 0.34928545, 0.34962833, 0.34986001, 0.34999326, 0.34999830, 0.34999296, 0.34978670, 0.91844213
0.31094199, 1.0000000, 0.83674634, 7.1511450, 9.4818888, 9.6820793, 9.8744373, 9.9321394, 9.9726677, 19.996435, 19.999079, 19.995062, 19.936743, 0.32151061, 0.34481823, 0.34682047, 0.34874430, 0.34932137, 0.34972668, 0.34998217, 0.34999540, 0.34997532, 0.34968370, 0.83674634
0.28594887, 1.0000000, 0.74619162, 5.4014030, 9.4125814, 9.6284819, 9.8293839, 9.9036560, 9.9589386, 19.993927, 19.998371, 19.988720, 19.919044, 0.30401331, 0.34412506, 0.34628442, 0.34829375, 0.34903654, 0.34958938, 0.34996963, 0.34999186, 0.34994361, 0.34959522, 0.74619162
0.26208836, 1.0000000, 0.65974045, 3.6864772, 9.4012623, 9.6118050, 9.8027220, 9.8838873, 9.9476652, 19.991508, 19.997450, 19.979481, 19.904469, 0.28686419, 0.34401175, 0.34611759, 0.34802714, 0.34883881, 0.34947661, 0.34995753, 0.34998724, 0.34989741, 0.34952235, 0.65974045
0.24785464, 1.0000000, 0.60816890, 2.9130518, 8.9568119, 9.6418676, 9.8035803, 9.8800287, 9.9428511, 19.989788, 19.996153, 19.967865, 19.892879, 0.27912900, 0.33956531, 0.34641719, 0.34803551, 0.34880015, 0.34942845, 0.34994894, 0.34998077, 0.34983933, 0.34946439, 0.60816890
0.23373635, 1.0000000, 0.55701578, 2.4802475, 7.9882627, 9.6156149, 9.7901936, 9.8700724, 9.9362364, 19.987690, 19.993814, 19.954536, 19.883934, 0.27480069, 0.32987916, 0.34615406, 0.34790152, 0.34870052, 0.34936231, 0.34993845, 0.34996909, 0.34977269, 0.34941965, 0.55701578
0.22382583, 1.0000000, 0.52110803, 2.1963716, 7.2516747, 9.6393061, 9.7969503, 9.8717918, 9.9349928, 19.986290, 19.990210, 19.940598, 19.877174, 0.27196246, 0.32251424, 0.34639138, 0.34796917, 0.34871775, 0.34934986, 0.34993145, 0.34995106, 0.34970298, 0.34938586, 0.52110803
0.21690741, 1.0000000, 0.49604130, 2.0272284, 6.6825695, 9.6669483, 9.8114624, 9.8789263, 9.9371872, 19.985727, 19.984989, 19.926945, 19.872164, 0.27027056, 0.31682226, 0.34666702, 0.34811410, 0.34878901, 0.34937179, 0.34992865, 0.34992495, 0.34963471, 0.34936082, 0.49604130
0.20313311, 1.0000000, 0.44613445, 1.6279340, 5.7271533, 9.5884113, 9.7811384, 9.8622437, 9.9296789, 19.983316, 19.977266, 19.914150, 19.868458, 0.26627901, 0.30727082, 0.34588352, 0.34781128, 0.34862238, 0.34929675, 0.34991658, 0.34988633, 0.34957075, 0.34934229, 0.44613445
0.19219723, 1.0000000, 0.40651172, 1.3408870, 4.8821588, 9.5949316, 9.7769861, 9.8585005, 9.9270496, 19.981064, 19.967690, 19.902851, 19.865778, 0.26340863, 0.29882106, 0.34594879, 0.34776974, 0.34858495, 0.34927046, 0.34990531, 0.34983844, 0.34951425, 0.34932888, 0.40651172
0.17710018, 1.0000000, 0.35181224, 0.91732740, 3.7963843, 9.5406752, 9.7470932, 9.8405685, 9.9180727, 19.976633, 19.956074, 19.893167, 19.863802, 0.25917229, 0.28796142, 0.34540370, 0.34747031, 0.34840539, 0.34918061, 0.34988317, 0.34978038, 0.34946585, 0.34931901, 0.35181224
0.16936134, 1.0000000, 0.32377294, 0.74168742, 3.1171019, 9.6090517, 9.7709408, 9.8519239, 9.9213877, 19.973017, 19.943966, 19.885302, 19.862450, 0.25741625, 0.28116944, 0.34608808, 0.34770891, 0.34851900, 0.34921378, 0.34986508, 0.34971982, 0.34942651, 0.34931225, 0.32377294
0.35594970, 1.0000000, 0.99981767, 9.9981127, 9.9988642, 9.9994364, 9.9998865, 9.9999428, 9.9999819, 19.999998, 19.999998, 19.999998, 19.994993, 0.34997493, 0.34998491, 0.34999251, 0.34999850, 0.34999925, 0.34999976, 0.34999999, 0.34999999, 0.34999999, 0.34997496, 0.99981767
0.35599864, 1.0000000, 0.99999493, 9.9999990, 9.9999990, 9.9999990, 9.9999990, 9.9999990, 9.9999990, 19.999998, 19.999998, 19.999998, 19.998999, 0.34999931, 0.34999958, 0.34999979, 0.34999996, 0.34999996, 0.34999999, 0.34999999, 0.34999999, 0.34999999, 0.34999499, 0.99999493
0.35599935, 1.0000000, 0.99999750, 9.9999990, 9.9999962, 9.9999990, 9.9999990, 9.9999990, 9.9999990, 19.999998, 19.999998, 19.999998, 19.998999, 0.34999967, 0.34999976, 0.34999990, 0.34999996, 0.34999999, 0.34999999, 0.34999999, 0.34999999, 0.34999999, 0.34999499, 0.99999750
0.35599929, 1.0000000, 0.99999738, 9.9999962, 9.9999962, 9.9999990, 9.9999990, 9.9999990, 9.9999990, 19.999998, 19.999998, 19.999998, 19.998999, 0.34999964, 0.34999979, 0.34999990, 0.34999996, 0.34999999, 0.34999999, 0.34999999, 0.34999999, 0.34999999, 0.34999499, 0.99999738
0.35599756, 1.0000000, 0.99999106, 9.9999037, 9.9999456, 9.9999723, 9.9999905, 9.9999990, 9.9999962, 19.999998, 19.999998, 19.999998, 19.995995, 0.34999874, 0.34999928, 0.34999964, 0.34999987, 0.34999999, 0.34999996, 0.34999999, 0.34999999, 0.34999999, 0.34997997, 0.99999106
0.35557461, 1.0000000, 0.99845874, 9.9985161, 9.9727707, 9.9589901, 9.9911566, 9.9955635, 9.9984589, 19.999939, 19.999981, 19.999882, 19.981098, 0.34998500, 0.34972760, 0.34958985, 0.34991157, 0.34995562, 0.34998459, 0.34999970, 0.34999990, 0.34999940, 0.34990549, 0.99845874
0.34277928, 1.0000000, 0.95209885, 9.2826767, 9.6947803, 9.8200989, 9.9539518, 9.9765224, 9.9915991, 19.999504, 19.999868, 19.998716, 19.958250, 0.34282646, 0.34694758, 0.34820086, 0.34953949, 0.34976524, 0.34991598, 0.34999752, 0.34999934, 0.34999359, 0.34979126, 0.95209885
0.32956827, 1.0000000, 0.90423286, 8.3997536, 9.6037092, 9.7633276, 9.9207716, 9.9583769, 9.9841108, 19.998432, 19.999586, 19.995363, 19.937567, 0.33399647, 0.34603637, 0.34763291, 0.34920761, 0.34958375, 0.34984112, 0.34999216, 0.34999794, 0.34997681, 0.34968784, 0.90423286
0.31972724, 1.0000000, 0.86857694, 7.6744275, 9.6238756, 9.7682076, 9.9033995, 9.9473228, 9.9785671, 19.997198, 19.999201, 19.989233, 19.919754, 0.32674372, 0.34623834, 0.34768185, 0.34903398, 0.34947321, 0.34978569, 0.34998599, 0.34999600, 0.34994617, 0.34959877, 0.86857694
0.30877286, 1.0000000, 0.82888716, 6.8968196, 9.6075897, 9.7538710, 9.8824263, 9.9338274, 9.9711208, 19.994993, 19.998358, 19.980146, 19.905041, 0.31896535, 0.34607351, 0.34753749, 0.34882402, 0.34933814, 0.34971118, 0.34997496, 0.34999180, 0.34990072, 0.34952521, 0.82888716
0.29641974, 1.0000000, 0.78412944, 6.0283375, 9.5775547, 9.7309179, 9.8616514, 9.9198914, 9.9630156, 19.992319, 19.996881, 19.968523, 19.893305, 0.31028056, 0.34577286, 0.34730783, 0.34861624, 0.34919876, 0.34963009, 0.34996158, 0.34998441, 0.34984261, 0.34946653, 0.78412944
0.27974057, 1.0000000, 0.72369778, 4.8775268, 9.5084238, 9.6840391, 9.8360519, 9.9029026, 9.9537210, 19.989553, 19.994450, 19.955193, 19.884270, 0.29877195, 0.34508038, 0.34683841, 0.34836012, 0.34902883, 0.34953713, 0.34994775, 0.34997225, 0.34977597, 0.34942135, 0.72369778
0.26530993, 1.0000000, 0.67141271, 3.8338318, 9.5088177, 9.6798191, 9.8270273, 9.8948250, 9.9482126, 19.987408, 19.990732, 19.941206, 19.877420, 0.28833473, 0.34508285, 0.34679547, 0.34826973, 0.34894797, 0.34948203, 0.34993702, 0.34995365, 0.34970602, 0.34938711, 0.67141271
0.25143266, 1.0000000, 0.62113273, 2.9727757, 9.2739620, 9.6710129, 9.8149261, 9.8855963, 9.9418240, 19.984257, 19.984903, 19.927372, 19.872311, 0.27972493, 0.34273434, 0.34670740, 0.34814870, 0.34885570, 0.34941813, 0.34992129, 0.34992450, 0.34963685, 0.34936154, 0.62113273
0.24187961, 1.0000000, 0.58652031, 2.6405394, 8.6703377, 9.6782484, 9.8135319, 9.8826380, 9.9385719, 19.981478, 19.977139, 19.914530, 19.868551, 0.27640346, 0.33669958, 0.34678036, 0.34813491, 0.34882617, 0.34938565, 0.34990740, 0.34988570, 0.34957266, 0.34934276, 0.58652031
0.22593507, 1.0000000, 0.52875024, 2.1048188, 7.6797848, 9.6022453, 9.7812071, 9.8632355, 9.9287472, 19.977066, 19.967054, 19.903067, 19.865793, 0.27104667, 0.32679453, 0.34602040, 0.34781164, 0.34863216, 0.34928742, 0.34988534, 0.34983528, 0.34951532, 0.34932896, 0.52875024
0.20944054, 1.0000000, 0.46898746, 1.5914142, 6.5632367, 9.5684996, 9.7585058, 9.8479862, 9.9203939, 19.972097, 19.955381, 19.893301, 19.863802, 0.26591313, 0.31562984, 0.34568316, 0.34758466, 0.34847969, 0.34920388, 0.34986049, 0.34977692, 0.34946650, 0.34931901, 0.46898746
0.19417697, 1.0000000, 0.41368464, 1.1407018, 5.4783440, 9.5574703, 9.7471352, 9.8391342, 9.9146414, 19.966372, 19.942791, 19.885254, 19.862402, 0.26140586, 0.30478013, 0.34557182, 0.34747076, 0.34839106, 0.34914634, 0.34983185, 0.34971395, 0.34942627, 0.34931201, 0.41368464
0.17950974, 1.0000000, 0.36054254, 0.71654320, 4.4211645, 9.5457020, 9.7377443, 9.8319855, 9.9096117, 19.959171, 19.929895, 19.878784, 19.861374, 0.25716448, 0.29420817, 0.34545323, 0.34737667, 0.34831947, 0.34909600, 0.34979585, 0.34964949, 0.34939390, 0.34930688, 0.36054254
0.16811998, 1.0000000, 0.31927526, 0.38668215, 3.5778635, 9.5792723, 9.7481346, 9.8361473, 9.9092531, 19.951031, 19.917542, 19.873741, 19.860649, 0.25386572, 0.28577247, 0.34578443, 0.34747964, 0.34836060, 0.34909225, 0.34975517, 0.34958771, 0.34936869, 0.34930325, 0.31927526
0.15681565, 0.92763245, 0.27831757, 0.26214123E-1, 2.9440463, 9.3193722, 9.7408199, 9.8313084, 9.9052553, 19.940928, 19.906012, 19.869791, 19.860121, 0.25026208, 0.27943558, 0.34318599, 0.34740660, 0.34831229, 0.34905228, 0.34970462, 0.34953004, 0.34934896, 0.34930059, 0.27831757
0.15264195, 0.87723047, 0.26319546, 0.0000000, 2.6904166, 8.9023867, 9.7541485, 9.8376932, 9.9058123, 19.930775, 19.896099, 19.866833, 19.859758, 0.24999964, 0.27689976, 0.33901659, 0.34753990, 0.34837613, 0.34905785, 0.34965387, 0.34948051, 0.34933418, 0.34929878, 0.26319546
0.14829606, 0.82474917, 0.24744950, 0.0000000, 2.3949475, 8.4456530, 9.7491302, 9.8343086, 9.9018898, 19.919302, 19.887442, 19.864552, 19.859468, 0.24999964, 0.27394369, 0.33444634, 0.34748894, 0.34834188, 0.34901851, 0.34959650, 0.34943721, 0.34932277, 0.34929734, 0.24744950
0.17401935, 1.0000000, 0.34064981, 1.9770503, 2.3093224, 8.2292328, 9.7908230, 9.8562479, 9.9088507, 19.910622, 19.880951, 19.863012, 19.859346, 0.26976696, 0.27309075, 0.33228791, 0.34790719, 0.34856194, 0.34908831, 0.34955311, 0.34940475, 0.34931505, 0.34929675, 0.34064981
0.24798164, 1.0000000, 0.60862911, 3.1081212, 8.6730824, 9.5871334, 9.8200922, 9.8725729, 9.9134836, 19.902433, 19.875782, 19.861912, 19.859299, 0.28108099, 0.33673051, 0.34587115, 0.34820089, 0.34872571, 0.34913483, 0.34951216, 0.34937891, 0.34930956, 0.34929651, 0.60862911
0.23952273, 1.0000000, 0.57798088, 2.7565062, 8.2134962, 9.6412048, 9.7984695, 9.8612270, 9.9055519, 19.892214, 19.871014, 19.860947, 19.859200, 0.27756444, 0.33213383, 0.34641141, 0.34798458, 0.34861222, 0.34905550, 0.34946108, 0.34935507, 0.34930474, 0.34929600, 0.57798088
0.21737252, 1.0000000, 0.49772647, 1.9137681, 7.0052271, 9.5562153, 9.7400951, 9.8267422, 9.8859606, 19.879217, 19.866266, 19.859968, 19.859070, 0.26908928, 0.32002082, 0.34554461, 0.34739384, 0.34826380, 0.34885788, 0.34939581, 0.34933126, 0.34929982, 0.34929535, 0.49772647
0.19707519, 1.0000000, 0.42418548, 1.2202740, 5.7327271, 9.5261536, 9.7145319, 9.8077717, 9.8737020, 19.869526, 19.862923, 19.859316, 19.858963, 0.26213655, 0.30728602, 0.34523758, 0.34713539, 0.34807268, 0.34873459, 0.34934723, 0.34931454, 0.34929654, 0.34929481, 0.42418548
0.18173392, 1.0000000, 0.36860114, 0.76184571, 4.6240125, 9.5349846, 9.7156668, 9.8048792, 9.8696814, 19.863581, 19.860872, 19.858967, 19.858892, 0.25761729, 0.29623586, 0.34534547, 0.34715578, 0.34804836, 0.34869668, 0.34931791, 0.34930438, 0.34929484, 0.34929445, 0.36860114
0.16363150, 1.0000000, 0.30301270, 0.22074580, 3.3635194, 9.4940472, 9.6934824, 9.7902765, 9.8608837, 19.857466, 19.858957, 19.858578, 19.858828, 0.25220674, 0.28362876, 0.34493139, 0.34693298, 0.34790185, 0.34860852, 0.34928733, 0.34929478, 0.34929287, 0.34929413, 0.30301270
0.15266144, 0.87746596, 0.26326612, 0.0000000, 2.6654630, 8.9791012, 9.6843367, 9.7828283, 9.8555651, 19.852934, 19.857550, 19.858294, 19.858805, 0.24998915, 0.27664769, 0.33977932, 0.34684083, 0.34782699, 0.34855524, 0.34926468, 0.34928775, 0.34929147, 0.34929401, 0.26326612
0.14569291, 0.79331338, 0.23801783, 0.0000000, 2.2091150, 8.2107210, 9.6740599, 9.7753096, 9.8506718, 19.849241, 19.856459, 19.858107, 19.858757, 0.24998915, 0.27208662, 0.33209881, 0.34673864, 0.34775209, 0.34850639, 0.34924620, 0.34928229, 0.34929055, 0.34929377, 0.23801783
0.13893142, 0.71166098, 0.21351965, 0.0000000, 1.7751873, 7.4477820, 9.6659594, 9.7692575, 9.8465576, 19.846100, 19.855570, 19.857954, 19.858709, 0.24998915, 0.26774749, 0.32446867, 0.34665722, 0.34769139, 0.34846514, 0.34923050, 0.34927785, 0.34928977, 0.34929353, 0.21351965
0.13267048, 0.63605326, 0.19083506, 0.0000000, 1.3903648, 6.7061753, 9.6624508, 9.7661867, 9.8443022, 19.844067, 19.854992, 19.857849, 19.858698, 0.24998915, 0.26389968, 0.31705219, 0.34662172, 0.34766045, 0.34844255, 0.34922034, 0.34927496, 0.34928924, 0.34929350, 0.19083506
0.12735632, 0.57187903, 0.17158087, 0.0000000, 1.1019260, 5.9972401, 9.6648817, 9.7672997, 9.8452291, 19.844292, 19.855032, 19.857885, 19.858709, 0.24998915, 0.26101875, 0.30997103, 0.34664837, 0.34767276, 0.34845221, 0.34922147, 0.34927517, 0.34928942, 0.34929353, 0.17158087
0.12217398, 0.50929666, 0.15280429, 0.0000000, 0.81233382, 5.3257389, 9.6634064, 9.7664175, 9.8444853, 19.843601, 19.854845, 19.857855, 19.858709, 0.24998915, 0.25812167, 0.30325195, 0.34663209, 0.34766316, 0.34844452, 0.34921801, 0.34927422, 0.34928927, 0.34929353, 0.15280429
0.11721086, 0.44936156, 0.13482195, 0.0000000, 0.53458512, 4.6823530, 9.6618757, 9.7652330, 9.8434057, 19.842653, 19.854582, 19.857796, 19.858709, 0.24998915, 0.25534526, 0.29682094, 0.34661770, 0.34765178, 0.34843388, 0.34921327, 0.34927291, 0.34928897, 0.34929353, 0.13482195
0.11299869, 0.39849502, 0.11956047, 0.0000000, 0.30817986, 4.1164937, 9.6706181, 9.7699547, 9.8450222, 19.842382, 19.854498, 19.857784, 19.858709, 0.24998915, 0.25308028, 0.29115477, 0.34670141, 0.34769714, 0.34844941, 0.34921190, 0.34927249, 0.34928891, 0.34929353, 0.11956047
0.10918492, 0.35243964, 0.10574247, 0.0000000, 0.10260642, 3.6038070, 9.6786022, 9.7745323, 9.8466339, 19.842157, 19.854441, 19.857759, 19.858709, 0.24998915, 0.25102565, 0.28603074, 0.34678209, 0.34774333, 0.34846568, 0.34921080, 0.34927219, 0.34928879, 0.34929353, 0.10574247
0.10623390, 0.31680292, 0.95050380E-1, 0.0000000, 0.0000000, 3.0966265, 9.6758490, 9.7732162, 9.8461161, 19.841923, 19.854361, 19.857744, 19.858709, 0.24998915, 0.24999985, 0.28096083, 0.34675509, 0.34773043, 0.34846058, 0.34920961, 0.34927180, 0.34928873, 0.34929353, 0.95050380E-1
0.10519569, 0.30426529, 0.91288716E-1, 0.0000000, 0.0000000, 2.8666198, 9.5608358, 9.7906084, 9.8529835, 19.842741, 19.854563, 19.857807, 19.858709, 0.24998915, 0.24999985, 0.27866307, 0.34560627, 0.34790501, 0.34852949, 0.34921372, 0.34927282, 0.34928903, 0.34929353, 0.91288716E-1
0.10474768, 0.29885522, 0.89665532E-1, 0.0000000, 0.0000000, 2.7843447, 9.4182138, 9.8120956, 9.8620739, 19.844580, 19.855047, 19.857943, 19.858709, 0.24998915, 0.24999985, 0.27784148, 0.34418079, 0.34812027, 0.34862050, 0.34922290, 0.34927523, 0.34928972, 0.34929353, 0.89665532E-1
0.10403484, 0.29024681, 0.87082751E-1, 0.0000000, 0.0000000, 2.6463091, 9.2485352, 9.8100023, 9.8617439, 19.844995, 19.855188, 19.858013, 19.858709, 0.24998915, 0.24999985, 0.27646118, 0.34248403, 0.34809929, 0.34861720, 0.34922498, 0.34927595, 0.34929007, 0.34929353, 0.87082751E-1
0.10376490, 0.28698698, 0.86104706E-1, 0.0000000, 0.0000000, 2.6003389, 9.1419315, 9.8300991, 9.8705635, 19.847401, 19.855831, 19.858194, 19.858709, 0.24998915, 0.24999985, 0.27599967, 0.34141669, 0.34829959, 0.34870517, 0.34923699, 0.34927917, 0.34929097, 0.34929353, 0.86104706E-1
0.10340008, 0.28258145, 0.84782913E-1, 0.0000000, 0.0000000, 2.5329828, 9.0328074, 9.8353634, 9.8733959, 19.848856, 19.856226, 19.858261, 19.858709, 0.24998915, 0.24999985, 0.27532983, 0.34032807, 0.34835362, 0.34873396, 0.34924430, 0.34928113, 0.34929129, 0.34929353, 0.84782913E-1
0.10287106, 0.27619290, 0.82866155E-1, 0.0000000, 0.0000000, 2.4320097, 8.9027872, 9.8306694, 9.8717871, 19.849037, 19.856279, 19.858242, 19.858709, 0.24998915, 0.24999985, 0.27431771, 0.33902615, 0.34830573, 0.34871754, 0.34924519, 0.34928140, 0.34929121, 0.34929353, 0.82866155E-1
0.10248548, 0.27153665, 0.81469141E-1, 0.0000000, 0.0000000, 2.3609610, 8.7893591, 9.8345547, 9.8739033, 19.850075, 19.856527, 19.858294, 19.858709, 0.24998915, 0.24999985, 0.27360842, 0.33789271, 0.34834504, 0.34873885, 0.34925038, 0.34928262, 0.34929147, 0.34929353, 0.81469141E-1
0.10199336, 0.26559371, 0.79686083E-1, 0.0000000, 0.0000000, 2.2678077, 8.6626425, 9.8316326, 9.8728580, 19.850122, 19.856552, 19.858288, 19.858709, 0.24998915, 0.24999985, 0.27267650, 0.33662522, 0.34831563, 0.34872836, 0.34925061, 0.34928277, 0.34929144, 0.34929353, 0.79686083E-1
0.10146856, 0.25925627, 0.77784657E-1, 0.0000000, 0.0000000, 2.1683216, 8.5280027, 9.8276806, 9.8713989, 19.850016, 19.856527, 19.858294, 19.858709, 0.24998915, 0.24999985, 0.27168244, 0.33527943, 0.34827644, 0.34871387, 0.34925008, 0.34928262, 0.34929147, 0.34929353, 0.77784657E-1
0.10101392, 0.25376594, 0.76137401E-1, 0.0000000, 0.0000000, 2.0841746, 8.3998919, 9.8281145, 9.8719311, 19.850489, 19.856657, 19.858318, 19.858709, 0.24998915, 0.24999985, 0.27084008, 0.33399758, 0.34828034, 0.34871903, 0.34925243, 0.34928328, 0.34929159, 0.34929353, 0.76137401E-1
0.10006545, 0.24231207, 0.72700895E-1, 0.0000000, 0.0000000, 1.9027144, 8.1794071, 9.7966633, 9.8606243, 19.849993, 19.856539, 19.858294, 19.858709, 0.24998915, 0.24999985, 0.26902533, 0.33179250, 0.34796572, 0.34860590, 0.34924996, 0.34928268, 0.34929147, 0.34929353, 0.72700895E-1
0.99117339E-1, 0.23086268, 0.69265731E-1, 0.0000000, 0.0000000, 1.7234772, 7.9389729, 9.7812138, 9.8540010, 19.848839, 19.856232, 19.858194, 19.858709, 0.24998915, 0.24999985, 0.26723361, 0.32938865, 0.34781149, 0.34853980, 0.34924418, 0.34928116, 0.34929097, 0.34929353, 0.69265731E-1
0.98666377E-1, 0.22541679, 0.67631803E-1, 0.0000000, 0.0000000, 1.6450107, 7.7746210, 9.8014345, 9.8618069, 19.849840, 19.856466, 19.858242, 19.858709, 0.24998915, 0.24999985, 0.26644996, 0.32774606, 0.34801427, 0.34861803, 0.34924918, 0.34928232, 0.34929121, 0.34929353, 0.67631803E-1
0.98210573E-1, 0.21991251, 0.65980352E-1, 0.0000000, 0.0000000, 1.5645981, 7.6216278, 9.8096247, 9.8653364, 19.850529, 19.856627, 19.858294, 19.858709, 0.24998915, 0.24999985, 0.26564565, 0.32621598, 0.34809604, 0.34865332, 0.34925264, 0.34928313, 0.34929147, 0.34929353, 0.65980352E-1
0.97541839E-1, 0.21183681, 0.63557401E-1, 0.0000000, 0.0000000, 1.4407754, 7.4374976, 9.8017349, 9.8619061, 19.849638, 19.856421, 19.858225, 19.858709, 0.24998915, 0.24999985, 0.26440760, 0.32437482, 0.34801725, 0.34861901, 0.34924820, 0.34928209, 0.34929112, 0.34929353, 0.63557401E-1
0.96962199E-1, 0.20483705, 0.61457261E-1, 0.0000000, 0.0000000, 1.3348043, 7.2679358, 9.8050222, 9.8624592, 19.848909, 19.856213, 19.858177, 19.858709, 0.24998915, 0.24999985, 0.26334426, 0.32267523, 0.34804747, 0.34862366, 0.34924453, 0.34928107, 0.34929088, 0.34929353, 0.61457261E-1
0.96021846E-1, 0.19348119, 0.58050163E-1, 0.0000000, 0.0000000, 1.1582285, 7.0287604, 9.7804089, 9.8519688, 19.846575, 19.855612, 19.858013, 19.858698, 0.24998915, 0.24999985, 0.26157922, 0.32028389, 0.34780151, 0.34851882, 0.34923288, 0.34927806, 0.34929007, 0.34929350, 0.58050163E-1
0.95202774E-1, 0.18359008, 0.55082534E-1, 0.0000000, 0.0000000, 1.0086477, 6.7905068, 9.7745275, 9.8488455, 19.845362, 19.855293, 19.857979, 19.858709, 0.24998915, 0.24999985, 0.26008409, 0.31790188, 0.34774297, 0.34848768, 0.34922680, 0.34927648, 0.34928989, 0.34929353, 0.55082534E-1
0.94158635E-1, 0.17098086, 0.51299389E-1, 0.0000000, 0.0000000, 0.82471371, 6.4668589, 9.7417583, 9.8362122, 19.844465, 19.855053, 19.857954, 19.858709, 0.24998915, 0.24999985, 0.25824592, 0.31466669, 0.34741616, 0.34836164, 0.34922233, 0.34927526, 0.34928977, 0.34929353, 0.51299389E-1
0.93171068E-1, 0.15905498, 0.47721267E-1, 0.0000000, 0.0000000, 0.65426230, 6.1318183, 9.7330399, 9.8315258, 19.843372, 19.854782, 19.857889, 19.858698, 0.24998915, 0.24999985, 0.25654113, 0.31131539, 0.34732816, 0.34831452, 0.34921688, 0.34927392, 0.34928945, 0.34929350, 0.47721267E-1
0.92291974E-1, 0.14843892, 0.44536129E-1, 0.0000000, 0.0000000, 0.50147474, 5.8301940, 9.7407799, 9.8332424, 19.842087, 19.854416, 19.857790, 19.858698, 0.24998915, 0.24999985, 0.25501302, 0.30829790, 0.34740442, 0.34833130, 0.34921044, 0.34927207, 0.34928894, 0.34929350, 0.44536129E-1
0.91226272E-1, 0.13556945, 0.40674902E-1, 0.0000000, 0.0000000, 0.31530261, 5.4849424, 9.7267294, 9.8263416, 19.839556, 19.853750, 19.857622, 19.858675, 0.24998915, 0.24999985, 0.25314659, 0.30484220, 0.34726191, 0.34826136, 0.34919766, 0.34926870, 0.34928811, 0.34929338, 0.40674902E-1
0.14657164, 0.80392480, 0.24120156, 2.3443789, 2.2900343, 1.3879567, 5.0459790, 9.6942310, 9.8116732, 19.836647, 19.852936, 19.857430, 19.858658, 0.27342626, 0.27289093, 0.26387551, 0.30045751, 0.34694079, 0.34811607, 0.34918317, 0.34926465, 0.34928715, 0.34929329, 0.24120156
0.12687522, 0.56606919, 0.16983774, 1.3494819, 1.7233342, 1.1526883, 4.6929188, 9.7181711, 9.8197775, 19.835741, 19.852676, 19.857376, 19.858675, 0.26346785, 0.26721814, 0.26151988, 0.29692519, 0.34717903, 0.34819660, 0.34917855, 0.34926334, 0.34928688, 0.34929338, 0.16983774
0.11139596, 0.37914029, 0.11375347, 0.59226453, 1.2468934, 0.94246864, 4.3726153, 9.7266750, 9.8234100, 19.835445, 19.852591, 19.857359, 19.858669, 0.25592026, 0.26246592, 0.25942355, 0.29372510, 0.34726557, 0.34823373, 0.34917724, 0.34926295, 0.34928679, 0.34929335, 0.11375347
0.97567424E-1, 0.21214579, 0.63650101E-1, 0.0000000, 0.72537959, 0.69187880, 4.0168900, 9.7153864, 9.8180170, 19.833321, 19.852016, 19.857225, 19.858646, 0.24997345, 0.25724822, 0.25691614, 0.29016584, 0.34715015, 0.34817892, 0.34916660, 0.34926009, 0.34928614, 0.34929323, 0.63650101E-1
0.92689976E-1, 0.15324526, 0.45978177E-1, 0.0000000, 0.29110312, 0.46324134, 3.6320834, 9.6985645, 9.8111906, 19.832544, 19.851793, 19.857183, 19.858646, 0.24997345, 0.25289804, 0.25462490, 0.28631446, 0.34697929, 0.34810951, 0.34916261, 0.34925893, 0.34928590, 0.34929323, 0.45978177E-1
0.89338332E-1, 0.11277051, 0.33834536E-1, 0.0000000, 0.93817711E-2, 0.29103458, 3.2504373, 9.6904659, 9.8086214, 19.833603, 19.852064, 19.857265, 19.858683, 0.24997345, 0.25009373, 0.25290906, 0.28250152, 0.34690037, 0.34808478, 0.34916800, 0.34926033, 0.34928632, 0.34929341, 0.33834536E-1
0.88096470E-1, 0.97773686E-1, 0.29335041E-1, 0.0000000, 0.0000000, 0.98749995E-1, 2.9164343, 9.4744339, 9.7879314, 19.833326, 19.852001, 19.857265, 19.858669, 0.24997345, 0.24999920, 0.25098726, 0.27916300, 0.34474212, 0.34787858, 0.34916663, 0.34926000, 0.34928632, 0.34929335, 0.29335041E-1
0.87382078E-1, 0.89146644E-1, 0.26746668E-1, 0.0000000, 0.0000000, 0.0000000, 2.7249217, 9.1211815, 9.7820625, 19.833843, 19.852142, 19.857265, 19.858683, 0.24997345, 0.24999920, 0.24998705, 0.27724767, 0.34120920, 0.34781972, 0.34916922, 0.34926072, 0.34928632, 0.34929341, 0.26746668E-1
0.87148845E-1, 0.86330108E-1, 0.25901623E-1, 0.0000000, 0.0000000, 0.0000000, 2.5820374, 8.8399153, 9.7917585, 19.834974, 19.852446, 19.857344, 19.858698, 0.24997345, 0.24999920, 0.24998705, 0.27581996, 0.33839846, 0.34791732, 0.34917486, 0.34926224, 0.34928674, 0.34929350, 0.25901623E-1
0.86961038E-1, 0.84062152E-1, 0.25221169E-1, 0.0000000, 0.0000000, 0.0000000, 2.4632602, 8.6236677, 9.8072605, 19.834869, 19.852423, 19.857338, 19.858704, 0.24997345, 0.24999920, 0.24998705, 0.27461588, 0.33622074, 0.34806582, 0.34917384, 0.34926200, 0.34928665, 0.34929353, 0.25221169E-1
0.86795948E-1, 0.82068443E-1, 0.24622995E-1, 0.0000000, 0.0000000, 0.0000000, 2.3664026, 8.4126616, 9.8134956, 19.837492, 19.853121, 19.857525, 19.858709, 0.24997345, 0.24999920, 0.24998705, 0.27366078, 0.33412084, 0.34813273, 0.34918746, 0.34926561, 0.34928763, 0.34929353, 0.24622995E-1
0.86541489E-1, 0.78995593E-1, 0.23701049E-1, 0.0000000, 0.0000000, 0.0000000, 2.2114217, 8.1128397, 9.7955532, 19.837660, 19.853195, 19.857555, 19.858692, 0.24997345, 0.24999920, 0.24998705, 0.27211380, 0.33112764, 0.34795523, 0.34918830, 0.34926599, 0.34928778, 0.34929347, 0.23701049E-1
0.86353049E-1, 0.76720029E-1, 0.23018312E-1, 0.0000000, 0.0000000, 0.0000000, 2.0993500, 7.8796077, 9.8030224, 19.838284, 19.853378, 19.857592, 19.858704, 0.24997345, 0.24999920, 0.24998705, 0.27099243, 0.32879409, 0.34802938, 0.34919143, 0.34926689, 0.34928796, 0.34929353, 0.23018312E-1
0.86166926E-1, 0.74472345E-1, 0.22343937E-1, 0.0000000, 0.0000000, 0.0000000, 1.9903541, 7.6472774, 9.8049784, 19.839108, 19.853592, 19.857635, 19.858704, 0.24997345, 0.24999920, 0.24998705, 0.26990271, 0.32647112, 0.34804910, 0.34919554, 0.34926796, 0.34928817, 0.34929353, 0.22343937E-1
0.85915990E-1, 0.71442030E-1, 0.21434752E-1, 0.0000000, 0.0000000, 0.0000000, 1.8389195, 7.3491154, 9.7886391, 19.838022, 19.853315, 19.857553, 19.858669, 0.24997345, 0.24999920, 0.24998705, 0.26838920, 0.32349116, 0.34788638, 0.34919012, 0.34926659, 0.34928778, 0.34929335, 0.21434752E-1
0.85671395E-1, 0.68488315E-1, 0.20548549E-1, 0.0000000, 0.0000000, 0.0000000, 1.6963243, 7.0457754, 9.7835836, 19.837528, 19.853186, 19.857523, 19.858675, 0.24997345, 0.24999920, 0.24998705, 0.26696190, 0.32045498, 0.34783456, 0.34918764, 0.34926593, 0.34928763, 0.34929338, 0.20548549E-1
0.85422784E-1, 0.65486036E-1, 0.19647775E-1, 0.0000000, 0.0000000, 0.0000000, 1.5521884, 6.7344098, 9.7796602, 19.836786, 19.852989, 19.857471, 19.858669, 0.24997345, 0.24999920, 0.24998705, 0.26552153, 0.31734335, 0.34779626, 0.34918392, 0.34926495, 0.34928736, 0.34929335, 0.19647775E-1
0.85308805E-1, 0.64109623E-1, 0.19234810E-1, 0.0000000, 0.0000000, 0.0000000, 1.4988512, 6.5562568, 9.8103828, 19.840166, 19.853874, 19.857731, 19.858709, 0.24997345, 0.24999920, 0.24998705, 0.26498657, 0.31555834, 0.34810171, 0.34920084, 0.34926936, 0.34928864, 0.34929353, 0.19234810E-1
0.85250869E-1, 0.63410021E-1, 0.19024909E-1, 0.0000000, 0.0000000, 0.0000000, 1.4729559, 6.4579620, 9.8399239, 19.843052, 19.854630, 19.857901, 19.858709, 0.24997345, 0.24999920, 0.24998705, 0.26472831, 0.31457683, 0.34839782, 0.34921527, 0.34927315, 0.34928951, 0.34929353, 0.19024909E-1
0.85191973E-1, 0.62698744E-1, 0.18811505E-1, 0.0000000, 0.0000000, 0.0000000, 1.4414519, 6.3738999, 9.8525925, 19.844690, 19.855103, 19.858036, 19.858709, 0.24997345, 0.24999920, 0.24998705, 0.26441452, 0.31373900, 0.34852594, 0.34922343, 0.34927553, 0.34929019, 0.34929353, 0.18811505E-1
0.84955476E-1, 0.59842803E-1, 0.17954636E-1, 0.0000000, 0.0000000, 0.0000000, 1.3018608, 6.0996027, 9.8004951, 19.842264, 19.854492, 19.857872, 19.858683, 0.24997345, 0.24999920, 0.24998705, 0.26301777, 0.31099406, 0.34800389, 0.34921134, 0.34927246, 0.34928936, 0.34929341, 0.17954636E-1
0.84803723E-1, 0.58010153E-1, 0.17404787E-1, 0.0000000, 0.0000000, 0.0000000, 1.2236476, 5.8884702, 9.8038387, 19.843077, 19.854706, 19.857925, 19.858709, 0.24997345, 0.24999920, 0.24998705, 0.26223540, 0.30888212, 0.34803694, 0.34921539, 0.34927353, 0.34928963, 0.34929353, 0.17404787E-1
0.84594913E-1, 0.55488564E-1, 0.16648235E-1, 0.0000000, 0.0000000, 0.0000000, 1.1068344, 5.6230659, 9.7868385, 19.841429, 19.854275, 19.857805, 19.858683, 0.24997345, 0.24999920, 0.24998705, 0.26106796, 0.30622971, 0.34786782, 0.34920713, 0.34927136, 0.34928903, 0.34929341, 0.16648235E-1
0.11203367, 0.38684130, 0.11606400, 1.9957125, 0.0000000, 0.0000000, 1.0614425, 5.4651480, 9.8150864, 19.843407, 19.854776, 19.857931, 19.858709, 0.26995489, 0.24999920, 0.24998705, 0.26061437, 0.30465129, 0.34815073, 0.34921703, 0.34927389, 0.34928966, 0.34929353, 0.11606400
0.10163578, 0.26127556, 0.78390509E-1, 1.2516022, 0.0000000, 0.0000000, 0.97727776, 5.3113852, 9.8229628, 19.841288, 19.854233, 19.857777, 19.858675, 0.26251602, 0.24999920, 0.24998705, 0.25977278, 0.30311385, 0.34822962, 0.34920645, 0.34927118, 0.34928888, 0.34929338, 0.78390509E-1
0.10085652, 0.25186515, 0.75567104E-1, 1.1996657, 0.0000000, 0.0000000, 0.95051825, 5.2253280, 9.8464813, 19.843489, 19.854813, 19.857912, 19.858709, 0.26199090, 0.24999920, 0.24998705, 0.25950491, 0.30225253, 0.34846434, 0.34921744, 0.34927407, 0.34928957, 0.34929353, 0.75567104E-1
0.35174322, 1.0000000, 0.98457676, 9.9990196, 9.9323473, 9.3689213, 9.0427275, 9.3856468, 9.8658953, 19.846817, 19.855690, 19.858171, 19.858709, 0.34998769, 0.34932199, 0.34368849, 0.34042713, 0.34385639, 0.34865892, 0.34923407, 0.34927845, 0.34929085, 0.34929353, 0.98457676
0.35221225, 1.0000000, 0.98627609, 9.9976120, 9.8592710, 9.4857893, 9.5965252, 9.7351398, 9.8763914, 19.849403, 19.856380, 19.858301, 19.858709, 0.34997612, 0.34859270, 0.34485790, 0.34596527, 0.34735140, 0.34876391, 0.34924701, 0.34928191, 0.34929150, 0.34929353, 0.98627609
0.33386999, 1.0000000, 0.91981876, 8.8764830, 9.4586058, 9.5658035, 9.7056503, 9.7994070, 9.8765306, 19.850571, 19.856674, 19.858366, 19.858709, 0.33876416, 0.34458563, 0.34565783, 0.34705645, 0.34799403, 0.34876531, 0.34925285, 0.34928337, 0.34929183, 0.34929353, 0.91981876
0.35111058, 1.0000000, 0.98228467, 9.9730406, 9.7192163, 9.5518990, 9.7135172, 9.8024817, 9.8664370, 19.847582, 19.855902, 19.858143, 19.858698, 0.34973040, 0.34719217, 0.34551901, 0.34713519, 0.34802482, 0.34866437, 0.34923792, 0.34927952, 0.34929073, 0.34929350, 0.98228467
0.35600001, 1.0000000, 1.0000000, 9.9999990, 9.9999990, 9.9999990, 9.9999990, 9.9999990, 9.9999990, 19.999998, 19.999998, 19.999998, 19.997997, 0.34999999, 0.34999999, 0.34999999, 0.34999999, 0.34999999, 0.34999999, 0.34999999, 0.34999999, 0.34999999, 0.34998998, 1.0000000
0.35594696, 1.0000000, 0.99980789, 9.9979486, 9.9987688, 9.9993820, 9.9998741, 9.9999399, 9.9999819, 19.999998, 19.999998, 19.999998, 19.994993, 0.34997359, 0.34998414, 0.34999207, 0.34999838, 0.34999922, 0.34999976, 0.34999999, 0.34999999, 0.34999999, 0.34997496, 0.99980789
0.35572565, 1.0000000, 0.99900603, 9.9999990, 9.9996433, 9.9406328, 9.9759350, 9.9878149, 9.9953671, 19.999409, 19.999844, 19.999882, 19.982080, 0.34999999, 0.34999645, 0.34940633, 0.34975934, 0.34987813, 0.34995368, 0.34999704, 0.34999922, 0.34999940, 0.34991041, 0.99900603
0.35594457, 1.0000000, 0.99979907, 9.9976273, 9.9986763, 9.9993315, 9.9997730, 9.9998865, 9.9999514, 19.999981, 19.999992, 19.999983, 19.990009, 0.34997189, 0.34998414, 0.34999201, 0.34999746, 0.34999874, 0.34999949, 0.34999990, 0.34999996, 0.34999990, 0.34995005, 0.99979907
0.35600001, 1.0000000, 1.0000000, 9.9999990, 9.9999990, 9.9999990, 9.9999990, 9.9999990, 9.9999990, 19.999998, 19.999998, 19.999992, 19.995995, 0.34999999, 0.34999999, 0.34999999, 0.34999999, 0.34999999, 0.34999999, 0.34999999, 0.34999999, 0.34999996, 0.34997997, 1.0000000
0.34968013, 1.0000000, 0.97710186, 9.7076368, 9.7853546, 9.8851385, 9.9695158, 9.9845076, 9.9940100, 19.999182, 19.999790, 19.999605, 19.972338, 0.34707636, 0.34785354, 0.34885138, 0.34969515, 0.34984508, 0.34994009, 0.34999591, 0.34999895, 0.34999803, 0.34986168, 0.97710186
0.33656484, 1.0000000, 0.92958266, 8.8896017, 9.6210127, 9.7823038, 9.9324055, 9.9649229, 9.9862709, 19.998152, 19.999527, 19.997704, 19.950186, 0.33889601, 0.34621012, 0.34782302, 0.34932405, 0.34964922, 0.34986269, 0.34999076, 0.34999764, 0.34998852, 0.34975094, 0.92958266
0.31828722, 1.0000000, 0.86335939, 7.6524243, 9.5192823, 9.7083826, 9.8850393, 9.9381256, 9.9742117, 19.995632, 19.998871, 19.993273, 19.930498, 0.32652226, 0.34519133, 0.34708309, 0.34885025, 0.34938118, 0.34974208, 0.34997815, 0.34999436, 0.34996635, 0.34965250, 0.86335939
0.30695510, 1.0000000, 0.82230097, 6.7815895, 9.5883303, 9.7385178, 9.8747005, 9.9291544, 9.9687824, 19.994135, 19.998386, 19.986010, 19.913860, 0.31781486, 0.34588245, 0.34738472, 0.34874693, 0.34929147, 0.34968778, 0.34997067, 0.34999192, 0.34993005, 0.34956929, 0.82230097
0.34052825, 1.0000000, 0.94394279, 9.1523991, 9.6539011, 9.7950354, 9.9436417, 9.9711714, 9.9890919, 19.998764, 19.999683, 19.999834, 19.982075, 0.34152371, 0.34653884, 0.34795025, 0.34943637, 0.34971172, 0.34989092, 0.34999382, 0.34999841, 0.34999916, 0.34991038, 0.94394279
0.35597295, 1.0000000, 0.99990195, 9.9989977, 9.9993973, 9.9996986, 9.9999399, 9.9999666, 9.9999876, 19.999998, 19.999998, 19.999945, 19.982138, 0.34998652, 0.34999189, 0.34999594, 0.34999919, 0.34999958, 0.34999985, 0.34999999, 0.34999999, 0.34999973, 0.34991068, 0.99990195
0.35600001, 1.0000000, 1.0000000, 9.9999990, 9.9999990, 9.9999990, 9.9999990, 9.9999990, 9.9999990, 19.999998, 19.999998, 19.999998, 19.998999, 0.34999999, 0.34999999, 0.34999999, 0.34999999, 0.34999999, 0.34999999, 0.34999999, 0.34999999, 0.34999999, 0.34999499, 1.0000000
0.35559380, 1.0000000, 0.99852812, 9.9792128, 9.9891090, 9.9944639, 9.9975805, 9.9987659, 9.9993944, 19.999790, 19.999939, 19.999956, 19.987026, 0.34979028, 0.34988999, 0.34994408, 0.34997568, 0.34998760, 0.34999391, 0.34999895, 0.34999970, 0.34999979, 0.34993511, 0.99852812
0.35598320, 1.0000000, 0.99993908, 9.9994001, 9.9996386, 9.9998207, 9.9999638, 9.9999819, 9.9999905, 19.999998, 19.999998, 19.999998, 19.994993, 0.34999162, 0.34999496, 0.34999749, 0.34999949, 0.34999976, 0.34999987, 0.34999999, 0.34999999, 0.34999999, 0.34997496, 0.99993908
0.35600001, 1.0000000, 1.0000000, 9.9999990, 9.9999990, 9.9999990, 9.9999990, 9.9999990, 9.9999990, 19.999998, 19.999998, 19.999998, 19.998999, 0.34999999, 0.34999999, 0.34999999, 0.34999999, 0.34999999, 0.34999999, 0.34999999, 0.34999999, 0.34999999, 0.34999499, 1.0000000
0.35600001, 1.0000000, 1.0000000, 9.9999990, 9.9999990, 9.9999990, 9.9999990, 9.9999990, 9.9999990, 19.999998, 19.999998, 19.999998, 19.998999, 0.34999999, 0.34999999, 0.34999999, 0.34999999, 0.34999999, 0.34999999, 0.34999999, 0.34999999, 0.34999999, 0.34999499, 1.0000000
0.35600001, 1.0000000, 1.0000000, 9.9999990, 9.9999990, 9.9999990, 9.9999990, 9.9999990, 9.9999990, 19.999998, 19.999998, 19.999998, 19.995995, 0.34999999, 0.34999999, 0.34999999, 0.34999999, 0.34999999, 0.34999999, 0.34999999, 0.34999999, 0.34999999, 0.34997997, 1.0000000
0.33427477, 1.0000000, 0.92128539, 8.7523966, 9.5828104, 9.7641630, 9.9305143, 9.9642506, 9.9860706, 19.998085, 19.999504, 19.999645, 19.976192, 0.33752233, 0.34582704, 0.34764111, 0.34930503, 0.34964246, 0.34986067, 0.34999043, 0.34999752, 0.34999824, 0.34988096, 0.92128539
0.30258608, 1.0000000, 0.80647129, 6.6204209, 9.3909330, 9.6230478, 9.8437214, 9.9153185, 9.9641228, 19.993372, 19.998270, 19.997833, 19.953661, 0.31620303, 0.34390831, 0.34622997, 0.34843710, 0.34915313, 0.34964120, 0.34996685, 0.34999135, 0.34998918, 0.34976831, 0.80647129
0.27856332, 1.0000000, 0.71943235, 4.8643074, 9.4198990, 9.6260700, 9.8143530, 9.8931341, 9.9520569, 19.990602, 19.997541, 19.993824, 19.933508, 0.29863989, 0.34419531, 0.34625882, 0.34814313, 0.34893113, 0.34952050, 0.34995300, 0.34998772, 0.34996912, 0.34966755, 0.71943235
0.35597736, 1.0000000, 0.99991786, 9.9994030, 9.9996414, 9.9998207, 9.9999638, 9.9999790, 9.9999933, 19.999998, 19.999878, 19.987152, 19.916376, 0.34998870, 0.34999323, 0.34999660, 0.34999931, 0.34999964, 0.34999987, 0.34999999, 0.34999940, 0.34993577, 0.34958190, 0.99991786
0.34761697, 1.0000000, 0.96962667, 9.5498905, 9.7960358, 9.8916597, 9.9733915, 9.9865265, 9.9950552, 19.999546, 19.999884, 19.993185, 19.915094, 0.34549600, 0.34795856, 0.34891567, 0.34973374, 0.34986517, 0.34995052, 0.34999773, 0.34999943, 0.34996593, 0.34957546, 0.96962667
0.32591158, 1.0000000, 0.89098388, 8.1964684, 9.5249786, 9.7213469, 9.9081936, 9.9520645, 9.9810457, 19.997299, 19.999146, 19.983086, 19.901281, 0.33195785, 0.34524500, 0.34721103, 0.34908143, 0.34952042, 0.34981036, 0.34998649, 0.34999573, 0.34991544, 0.34950641, 0.89098388
0.30861056, 1.0000000, 0.82829916, 6.9511976, 9.5232773, 9.7042255, 9.8753262, 9.9317169, 9.9715557, 19.995518, 19.998049, 19.970552, 19.890400, 0.31950805, 0.34522957, 0.34704062, 0.34875295, 0.34931698, 0.34971550, 0.34997758, 0.34999025, 0.34985277, 0.34945199, 0.82829916
0.29806009, 1.0000000, 0.79007274, 6.1437941, 9.5805302, 9.7330608, 9.8715782, 9.9263592, 9.9679012, 19.994774, 19.996296, 19.956554, 19.882074, 0.31143594, 0.34580344, 0.34732965, 0.34871560, 0.34926352, 0.34967899, 0.34997386, 0.34998149, 0.34978276, 0.34941036, 0.79007274
0.27550229, 1.0000000, 0.70834160, 4.6330204, 9.4278393, 9.6373596, 9.8267565, 9.8993320, 9.9548283, 19.992104, 19.992563, 19.941849, 19.875778, 0.29632899, 0.34427691, 0.34637281, 0.34826741, 0.34899324, 0.34954825, 0.34996051, 0.34996283, 0.34970924, 0.34937888, 0.70834160
0.26056874, 1.0000000, 0.65423447, 3.5107496, 9.4817553, 9.6635389, 9.8253431, 9.8947392, 9.9507809, 19.991001, 19.987328, 19.927635, 19.871134, 0.28510728, 0.34481722, 0.34663522, 0.34825340, 0.34894738, 0.34950781, 0.34995502, 0.34993663, 0.34963816, 0.34935567, 0.65423447
0.25369847, 1.0000000, 0.62934232, 2.9836595, 9.4931650, 9.7333460, 9.8446331, 9.9028015, 9.9519949, 19.990038, 19.979988, 19.914568, 19.867754, 0.27983660, 0.34493166, 0.34733346, 0.34844634, 0.34902802, 0.34951994, 0.34995019, 0.34989995, 0.34957284, 0.34933877, 0.62934232
0.24303110, 1.0000000, 0.59069234, 2.6631684, 8.7746878, 9.6671286, 9.8267546, 9.8924570, 9.9468451, 19.988138, 19.970398, 19.903051, 19.865257, 0.27663121, 0.33774593, 0.34667075, 0.34826744, 0.34892452, 0.34946841, 0.34994069, 0.34985200, 0.34951526, 0.34932628, 0.59069234
0.24943011, 1.0000000, 0.61387718, 2.9831913, 8.9758196, 9.7388353, 9.8454370, 9.9012222, 9.9489574, 19.986044, 19.959248, 19.893353, 19.863483, 0.27983174, 0.33975786, 0.34738818, 0.34845433, 0.34901220, 0.34948957, 0.34993023, 0.34979624, 0.34946677, 0.34931743, 0.61387718
0.25682911, 1.0000000, 0.64068514, 3.1425610, 9.5738926, 9.7933559, 9.8654165, 9.9117165, 9.9523516, 19.983061, 19.947025, 19.885412, 19.862213, 0.28142560, 0.34573892, 0.34793356, 0.34865415, 0.34911716, 0.34952351, 0.34991530, 0.34973514, 0.34942704, 0.34931105, 0.64068514
0.32581648, 1.0000000, 0.89063942, 8.0746145, 9.6817217, 9.7989750, 9.8735189, 9.9165344, 9.9539967, 19.978621, 19.934418, 19.879086, 19.861296, 0.33074614, 0.34681723, 0.34798974, 0.34873518, 0.34916535, 0.34953997, 0.34989309, 0.34967208, 0.34939542, 0.34930646, 0.89063942
0.31541196, 1.0000000, 0.85294187, 7.3688927, 9.6234465, 9.7570343, 9.8650742, 9.9125557, 9.9522009, 19.972231, 19.922064, 19.874100, 19.860638, 0.32368869, 0.34623429, 0.34757027, 0.34865072, 0.34912556, 0.34952199, 0.34986115, 0.34961033, 0.34937051, 0.34930319, 0.85294187
0.29725051, 1.0000000, 0.78713953, 6.1610522, 9.4885254, 9.6746607, 9.8355141, 9.8966856, 9.9449406, 19.963154, 19.910347, 19.870197, 19.860134, 0.31160900, 0.34488386, 0.34674591, 0.34835500, 0.34896681, 0.34944937, 0.34981579, 0.34955174, 0.34935099, 0.34930068, 0.78713953
0.28022337, 1.0000000, 0.72544700, 4.9464798, 9.4670029, 9.6565666, 9.8229523, 9.8885956, 9.9402208, 19.953213, 19.900106, 19.867258, 19.859791, 0.29946399, 0.34466910, 0.34656519, 0.34822944, 0.34888589, 0.34940219, 0.34976608, 0.34950054, 0.34933630, 0.34929895, 0.72544700
0.27054626, 1.0000000, 0.69038504, 4.1977549, 9.5289450, 9.6893902, 9.8287020, 9.8900270, 9.9385538, 19.942575, 19.891403, 19.865067, 19.859550, 0.29197732, 0.34528911, 0.34689373, 0.34828699, 0.34890023, 0.34938553, 0.34971288, 0.34945703, 0.34932533, 0.34929776, 0.69038504
0.25110561, 1.0000000, 0.61994785, 2.9687672, 9.2650890, 9.6252871, 9.8009214, 9.8735447, 9.9286575, 19.929880, 19.883818, 19.863342, 19.859362, 0.27968767, 0.34265089, 0.34625286, 0.34800923, 0.34873545, 0.34928659, 0.34964940, 0.34941909, 0.34931672, 0.34929681, 0.61994785
0.24278830, 1.0000000, 0.58981270, 2.7331650, 8.6291218, 9.6713161, 9.8121939, 9.8772125, 9.9262905, 19.918636, 19.877947, 19.862123, 19.859299, 0.27733129, 0.33629051, 0.34671277, 0.34812185, 0.34877208, 0.34926289, 0.34959319, 0.34938973, 0.34931061, 0.34929651, 0.58981270
0.29374778, 1.0000000, 0.77444845, 5.8256478, 9.5835943, 9.7557249, 9.8407221, 9.8908930, 9.9275560, 19.908390, 19.873367, 19.861282, 19.859251, 0.30825648, 0.34583595, 0.34755725, 0.34840721, 0.34890893, 0.34927556, 0.34954196, 0.34936684, 0.34930640, 0.34929627, 0.77444845
0.29170159, 1.0000000, 0.76703471, 5.6798244, 9.5918036, 9.7318058, 9.8390799, 9.8890743, 9.9227228, 19.898438, 19.869646, 19.860617, 19.859222, 0.30679825, 0.34591803, 0.34731805, 0.34839079, 0.34889075, 0.34922722, 0.34949219, 0.34934825, 0.34930307, 0.34929612, 0.76703471
0.27516872, 1.0000000, 0.70713300, 4.5594192, 9.4958162, 9.6709938, 9.8184147, 9.8762827, 9.9135256, 19.889202, 19.866621, 19.860086, 19.859194, 0.29559380, 0.34495765, 0.34670967, 0.34818408, 0.34876278, 0.34913525, 0.34944600, 0.34933311, 0.34930044, 0.34929597, 0.70713300
0.26371276, 1.0000000, 0.66562599, 3.7002900, 9.5344486, 9.6908827, 9.8215895, 9.8753700, 9.9092627, 19.882109, 19.864487, 19.859753, 19.859163, 0.28700125, 0.34534198, 0.34690756, 0.34821561, 0.34875357, 0.34909260, 0.34941053, 0.34932244, 0.34929878, 0.34929582, 0.66562599
0.24565807, 1.0000000, 0.60021037, 2.8268723, 8.8551331, 9.6084967, 9.7868738, 9.8541899, 9.8973007, 19.874933, 19.862524, 19.859489, 19.859110, 0.27826828, 0.33855054, 0.34608451, 0.34786865, 0.34854186, 0.34897298, 0.34937465, 0.34931260, 0.34929746, 0.34929556, 0.60021037
0.22508435, 1.0000000, 0.52566791, 2.1806149, 7.4865575, 9.5427513, 9.7447634, 9.8274622, 9.8830547, 19.867966, 19.860752, 19.859205, 19.859039, 0.27180481, 0.32486278, 0.34542572, 0.34744728, 0.34827444, 0.34883049, 0.34933984, 0.34930375, 0.34929603, 0.34929520, 0.52566791
0.20337273, 1.0000000, 0.44700265, 1.5339553, 5.9701295, 9.4961882, 9.7101622, 9.8041754, 9.8704348, 19.861952, 19.859272, 19.858904, 19.858963, 0.26533863, 0.30969915, 0.34496015, 0.34710127, 0.34804156, 0.34870428, 0.34930974, 0.34929636, 0.34929451, 0.34929481, 0.44700265
0.18964002, 1.0000000, 0.39724639, 1.1931270, 4.8552399, 9.5410376, 9.7233286, 9.8081703, 9.8700304, 19.859194, 19.858643, 19.858767, 19.858929, 0.26193127, 0.29855239, 0.34541038, 0.34723330, 0.34808171, 0.34870031, 0.34929597, 0.34929320, 0.34929383, 0.34929463, 0.39724639
0.17667277, 1.0000000, 0.35026366, 0.87551475, 3.8250220, 9.5285845, 9.7216759, 9.8062973, 9.8680611, 19.857018, 19.858130, 19.858662, 19.858887, 0.25875515, 0.28825021, 0.34528583, 0.34721676, 0.34806296, 0.34868062, 0.34928510, 0.34929064, 0.34929329, 0.34929442, 0.35026366
0.16115659, 0.98005408, 0.29404563, 0.43185651, 2.9148431, 9.0887032, 9.6909456, 9.7880001, 9.8592386, 19.853786, 19.857346, 19.858473, 19.858828, 0.25431830, 0.27914730, 0.34088528, 0.34690908, 0.34787983, 0.34859234, 0.34926894, 0.34928674, 0.34929237, 0.34929413, 0.29404563
0.35598147, 1.0000000, 0.99993283, 9.9990759, 9.9994421, 9.9997225, 9.9999428, 9.9999723, 9.9999905, 19.999998, 19.999998, 19.996674, 19.883621, 0.34999076, 0.34999442, 0.34999722, 0.34999943, 0.34999973, 0.34999990, 0.34999999, 0.34999999, 0.34998336, 0.34941810, 0.99993283
0.35600001, 1.0000000, 1.0000000, 9.9999990, 9.9999990, 9.9999990, 9.9999990, 9.9999990, 9.9999990, 19.999998, 19.999998, 19.999998, 19.998999, 0.34999999, 0.34999999, 0.34999999, 0.34999999, 0.34999999, 0.34999999, 0.34999999, 0.34999999, 0.34999999, 0.34999499, 1.0000000
0.35600001, 1.0000000, 1.0000000, 9.9999990, 9.9999990, 9.9999990, 9.9999990, 9.9999990, 9.9999990, 19.999998, 19.999998, 19.999998, 19.998999, 0.34999999, 0.34999999, 0.34999999, 0.34999999, 0.34999999, 0.34999999, 0.34999999, 0.34999999, 0.34999999, 0.34999499, 1.0000000
0.35600001, 1.0000000, 1.0000000, 9.9999990, 9.9999990, 9.9999990, 9.9999990, 9.9999990, 9.9999990, 19.999998, 19.999998, 19.999998, 19.995995, 0.34999999, 0.34999999, 0.34999999, 0.34999999, 0.34999999, 0.34999999, 0.34999999, 0.34999999, 0.34999999, 0.34997997, 1.0000000
0.35600001, 1.0000000, 1.0000000, 9.9999990, 9.9999990, 9.9999990, 9.9999990, 9.9999990, 9.9999990, 19.999998, 19.999998, 19.999998, 19.998999, 0.34999999, 0.34999999, 0.34999999, 0.34999999, 0.34999999, 0.34999999, 0.34999999, 0.34999999, 0.34999999, 0.34999499, 1.0000000
0.35600001, 1.0000000, 0.99999988, 9.9999990, 9.9999962, 9.9999962, 9.9999962, 9.9999990, 9.9999990, 19.999998, 19.999998, 19.999996, 19.994524, 0.34999999, 0.34999996, 0.34999996, 0.34999996, 0.34999999, 0.34999999, 0.34999999, 0.34999999, 0.34999996, 0.34997261, 0.99999988
0.34039158, 1.0000000, 0.94344771, 9.1237774, 9.6720915, 9.8188429, 9.9516592, 9.9753218, 9.9908047, 19.999081, 19.999760, 19.999537, 19.970911, 0.34123778, 0.34672090, 0.34818843, 0.34951660, 0.34975320, 0.34990805, 0.34999540, 0.34999880, 0.34999770, 0.34985456, 0.94344771
0.35598320, 1.0000000, 0.99993914, 9.9992456, 9.9995499, 9.9997730, 9.9999542, 9.9999790, 9.9999933, 19.999998, 19.999998, 19.999990, 19.992998, 0.34999162, 0.34999499, 0.34999746, 0.34999949, 0.34999976, 0.34999993, 0.34999999, 0.34999999, 0.34999996, 0.34996498, 0.99993914
0.35600001, 1.0000000, 1.0000000, 9.9999990, 9.9999990, 9.9999990, 9.9999990, 9.9999990, 9.9999990, 19.999998, 19.999998, 19.999998, 19.997997, 0.34999999, 0.34999999, 0.34999999, 0.34999999, 0.34999999, 0.34999999, 0.34999999, 0.34999999, 0.34999999, 0.34998998, 1.0000000
0.35600001, 1.0000000, 1.0000000, 9.9999990, 9.9999990, 9.9999990, 9.9999990, 9.9999990, 9.9999990, 19.999998, 19.999998, 19.999998, 19.996996, 0.34999999, 0.34999999, 0.34999999, 0.34999999, 0.34999999, 0.34999999, 0.34999999, 0.34999999, 0.34999999, 0.34998497, 1.0000000
0.35584998, 1.0000000, 0.99945641, 9.9925203, 9.9955206, 9.9977589, 9.9995499, 9.9997759, 9.9999247, 19.999998, 19.999998, 19.999989, 19.991005, 0.34992522, 0.34995520, 0.34997758, 0.34999549, 0.34999776, 0.34999925, 0.34999999, 0.34999999, 0.34999993, 0.34995502, 0.99945641
0.34179258, 1.0000000, 0.94852388, 9.2091570, 9.6923275, 9.8313007, 9.9550800, 9.9770908, 9.9913788, 19.999050, 19.999760, 19.999788, 19.979128, 0.34209156, 0.34692329, 0.34831300, 0.34955078, 0.34977090, 0.34991378, 0.34999526, 0.34999880, 0.34999895, 0.34989566, 0.94852388
0.31293312, 1.0000000, 0.84396052, 7.3373055, 9.4262743, 9.6534958, 9.8730927, 9.9325962, 9.9727468, 19.995869, 19.998938, 19.998291, 19.956398, 0.32337305, 0.34426275, 0.34653497, 0.34873092, 0.34932595, 0.34972745, 0.34997934, 0.34999469, 0.34999144, 0.34978199, 0.84396052
0.28117698, 1.0000000, 0.72890204, 5.1037536, 9.3541889, 9.5894613, 9.8099899, 9.8931751, 9.9539013, 19.992092, 19.997953, 19.994549, 19.935877, 0.30103755, 0.34354189, 0.34589460, 0.34809989, 0.34893176, 0.34953901, 0.34996045, 0.34998977, 0.34997275, 0.34967938, 0.72890204
0.25253642, 1.0000000, 0.62513185, 3.0517313, 9.3318129, 9.5655575, 9.7779894, 9.8689346, 9.9402819, 19.989233, 19.997112, 19.988073, 19.918324, 0.28051731, 0.34331813, 0.34565556, 0.34777990, 0.34868935, 0.34940282, 0.34994617, 0.34998557, 0.34994036, 0.34959161, 0.62513185
0.26765230, 1.0000000, 0.67989963, 4.1380124, 9.3221693, 9.6139956, 9.7862720, 9.8684397, 9.9365034, 19.987614, 19.996347, 19.978779, 19.903883, 0.29137954, 0.34322095, 0.34613958, 0.34786263, 0.34868437, 0.34936503, 0.34993806, 0.34998173, 0.34989390, 0.34951943, 0.67989963
0.35592133, 1.0000000, 0.99971497, 9.9960794, 9.9976492, 9.9988222, 9.9997635, 9.9998837, 9.9999609, 19.999998, 19.999998, 19.999989, 19.991005, 0.34996080, 0.34997648, 0.34998822, 0.34999764, 0.34999883, 0.34999961, 0.34999999, 0.34999999, 0.34999993, 0.34995502, 0.99971497
0.35029405, 1.0000000, 0.97932613, 9.7007370, 9.8508015, 9.9223270, 9.9819155, 9.9908962, 9.9967041, 19.999737, 19.999933, 19.999418, 19.967562, 0.34700736, 0.34850800, 0.34922326, 0.34981915, 0.34990895, 0.34996703, 0.34999868, 0.34999967, 0.34999710, 0.34983781, 0.97932613
0.32352057, 1.0000000, 0.88232082, 8.0474062, 9.4938459, 9.7014151, 9.9006433, 9.9480829, 9.9793921, 19.996994, 19.999224, 19.996973, 19.945845, 0.33047408, 0.34493846, 0.34701416, 0.34900644, 0.34948084, 0.34979391, 0.34998497, 0.34999612, 0.34998485, 0.34972924, 0.88232082
0.35175580, 1.0000000, 0.98462254, 9.7801123, 9.8851957, 9.9408436, 9.9865685, 9.9932413, 9.9975777, 19.999826, 19.999958, 19.999964, 19.988020, 0.34780112, 0.34885195, 0.34940845, 0.34986567, 0.34993240, 0.34997576, 0.34999913, 0.34999979, 0.34999982, 0.34994009, 0.98462254
0.33333957, 1.0000000, 0.91789699, 8.6802588, 9.5892477, 9.7653875, 9.9307547, 9.9642897, 9.9863567, 19.998407, 19.999588, 19.999170, 19.964716, 0.33680177, 0.34589192, 0.34765357, 0.34930748, 0.34964287, 0.34986356, 0.34999204, 0.34999794, 0.34999585, 0.34982359, 0.91789699
0.34542155, 1.0000000, 0.96167237, 9.5004511, 9.6689472, 9.7973652, 9.9213181, 9.9577398, 9.9830523, 19.997757, 19.999414, 19.996565, 19.943314, 0.34499478, 0.34668353, 0.34797063, 0.34921259, 0.34957710, 0.34983042, 0.34998879, 0.34999707, 0.34998283, 0.34971657, 0.96167237
0.35590500, 1.0000000, 0.99965572, 9.9999990, 9.9999990, 9.9993410, 9.9194164, 9.9456177, 9.9776878, 19.997072, 19.999208, 19.991320, 19.924633, 0.34999999, 0.34999999, 0.34999341, 0.34919417, 0.34945619, 0.34977686, 0.34998536, 0.34999603, 0.34995660, 0.34962317, 0.99965572
0.35600001, 1.0000000, 1.0000000, 9.9999990, 9.9999990, 9.9999990, 9.9999990, 9.9999990, 9.9999990, 19.999998, 19.999998, 19.999998, 19.998999, 0.34999999, 0.34999999, 0.34999999, 0.34999999, 0.34999999, 0.34999999, 0.34999999, 0.34999999, 0.34999999, 0.34999499, 1.0000000
0.35600001, 1.0000000, 1.0000000, 9.9999990, 9.9999990, 9.9999990, 9.9999990, 9.9999990, 9.9999990, 19.999998, 19.999998, 19.999998, 19.998999, 0.34999999, 0.34999999, 0.34999999, 0.34999999, 0.34999999, 0.34999999, 0.34999999, 0.34999999, 0.34999999, 0.34999499, 1.0000000
0.35600001, 1.0000000, 1.0000000, 9.9999990, 9.9999990, 9.9999990, 9.9999990, 9.9999990, 9.9999990, 19.999998, 19.999998, 19.999998, 19.995995, 0.34999999, 0.34999999, 0.34999999, 0.34999999, 0.34999999, 0.34999999, 0.34999999, 0.34999999, 0.34999999, 0.34997997, 1.0000000
0.35600001, 1.0000000, 1.0000000, 9.9999990, 9.9999990, 9.9999990, 9.9999990, 9.9999990, 9.9999990, 19.999998, 19.999998, 19.999998, 19.998999, 0.34999999, 0.34999999, 0.34999999, 0.34999999, 0.34999999, 0.34999999, 0.34999999, 0.34999999, 0.34999999, 0.34999499, 1.0000000
0.35600001, 1.0000000, 1.0000000, 9.9999990, 9.9999990, 9.9999990, 9.9999990, 9.9999990, 9.9999990, 19.999998, 19.999998, 19.999998, 19.997997, 0.34999999, 0.34999999, 0.34999999, 0.34999999, 0.34999999, 0.34999999, 0.34999999, 0.34999999, 0.34999999, 0.34998998, 1.0000000
0.35600001, 1.0000000, 1.0000000, 9.9999990, 9.9999990, 9.9999990, 9.9999990, 9.9999990, 9.9999990, 19.999998, 19.999998, 19.999998, 19.998999, 0.34999999, 0.34999999, 0.34999999, 0.34999999, 0.34999999, 0.34999999, 0.34999999, 0.34999999, 0.34999999, 0.34999499, 1.0000000
0.33837426, 1.0000000, 0.93613851, 9.0006418, 9.6440182, 9.8013954, 9.9442730, 9.9714565, 9.9890938, 19.998663, 19.999641, 19.999655, 19.975222, 0.34000376, 0.34643850, 0.34801307, 0.34944254, 0.34971449, 0.34989092, 0.34999332, 0.34999821, 0.34999827, 0.34987611, 0.93613851
0.31083447, 1.0000000, 0.83635670, 7.1775055, 9.4374485, 9.6575489, 9.8707676, 9.9309158, 9.9720154, 19.995832, 19.998909, 19.997883, 19.952789, 0.32177505, 0.34437448, 0.34657550, 0.34870768, 0.34930915, 0.34972015, 0.34997916, 0.34999454, 0.34998941, 0.34976393, 0.83635670
0.27291825, 1.0000000, 0.69897914, 4.5449576, 9.3075533, 9.5570049, 9.7919598, 9.8824720, 9.9492579, 19.991508, 19.997768, 19.993670, 19.932716, 0.29544702, 0.34307241, 0.34556845, 0.34791926, 0.34882453, 0.34949252, 0.34995753, 0.34998885, 0.34996834, 0.34966359, 0.69897914
0.24485779, 1.0000000, 0.59731078, 2.9150276, 8.6506948, 9.5362120, 9.7584019, 9.8564577, 9.9341812, 19.988276, 19.996820, 19.986656, 19.915682, 0.27914760, 0.33650222, 0.34535950, 0.34758347, 0.34856430, 0.34934172, 0.34994137, 0.34998411, 0.34993327, 0.34957841, 0.59731078
0.21739969, 1.0000000, 0.49782491, 2.0516515, 6.8044496, 9.4850168, 9.7151718, 9.8256254, 9.9159584, 19.983511, 19.995140, 19.976713, 19.901707, 0.27051589, 0.31804320, 0.34484929, 0.34715155, 0.34825617, 0.34915957, 0.34991756, 0.34997571, 0.34988356, 0.34950852, 0.49782491
0.20219940, 1.0000000, 0.44275141, 1.6431838, 5.6210413, 9.5370846, 9.7334938, 9.8313141, 9.9145870, 19.981567, 19.993568, 19.964628, 19.890736, 0.26643184, 0.30621040, 0.34537083, 0.34733492, 0.34831315, 0.34914586, 0.34990785, 0.34996784, 0.34982315, 0.34945369, 0.44275141
0.18242306, 1.0000000, 0.37109798, 1.1014700, 4.1666260, 9.4816713, 9.7082396, 9.8153400, 9.9056787, 19.978424, 19.990612, 19.951046, 19.882284, 0.26101470, 0.29166627, 0.34481671, 0.34708241, 0.34815341, 0.34905678, 0.34989211, 0.34995306, 0.34975523, 0.34941143, 0.37109798
0.16843769, 1.0000000, 0.32042643, 0.76560974, 3.0287726, 9.4980164, 9.7147617, 9.8172140, 9.9048443, 19.976450, 19.986408, 19.937086, 19.875931, 0.25765553, 0.28028640, 0.34497812, 0.34714720, 0.34817192, 0.34904838, 0.34988225, 0.34993204, 0.34968543, 0.34937966, 0.32042643
0.15684488, 0.92798549, 0.27842349, 0.42177737, 2.5611401, 8.7811880, 9.7057934, 9.8112488, 9.9012356, 19.973877, 19.980150, 19.923517, 19.871223, 0.25421768, 0.27561107, 0.33781132, 0.34705782, 0.34811243, 0.34901232, 0.34986937, 0.34990075, 0.34961760, 0.34935611, 0.27842349
0.14501493, 0.78512591, 0.23556133, 0.83693862E-1, 2.1191330, 7.9398308, 9.6879940, 9.7999249, 9.8952532, 19.970530, 19.971697, 19.911028, 19.867754, 0.25083688, 0.27119032, 0.32939643, 0.34687948, 0.34799901, 0.34895244, 0.34985265, 0.34985849, 0.34955513, 0.34933877, 0.23556133
0.13971908, 0.72117275, 0.21637347, 0.0000000, 1.8995821, 7.3702235, 9.7189808, 9.8165112, 9.9018354, 19.969191, 19.962019, 19.900232, 19.865257, 0.24999669, 0.26899582, 0.32370225, 0.34718981, 0.34816509, 0.34901837, 0.34984595, 0.34981009, 0.34950116, 0.34932628, 0.21637347
0.35598248, 1.0000000, 0.99993652, 9.9999990, 9.9999962, 9.9999990, 9.9999990, 9.9993639, 9.9439754, 19.967194, 19.950962, 19.891153, 19.863470, 0.34999526, 0.34999713, 0.34999856, 0.34999970, 0.34999350, 0.34943968, 0.34983596, 0.34975481, 0.34945577, 0.34931734, 0.99993652
0.34174216, 1.0000000, 0.94834107, 9.2054205, 9.6933689, 9.8316746, 9.9560471, 9.9697790, 9.9421892, 19.964285, 19.939175, 19.883738, 19.862185, 0.34205419, 0.34693369, 0.34831673, 0.34956047, 0.34969780, 0.34942189, 0.34982142, 0.34969586, 0.34941870, 0.34931093, 0.94834107
0.33207762, 1.0000000, 0.91332459, 8.5713062, 9.6163492, 9.7735023, 9.9245806, 9.9477167, 9.9418612, 19.959984, 19.927269, 19.877800, 19.861261, 0.33571306, 0.34616348, 0.34773502, 0.34924582, 0.34947717, 0.34941861, 0.34979993, 0.34963635, 0.34938902, 0.34930632, 0.91332459
0.32629919, 1.0000000, 0.89238828, 8.1623516, 9.6093979, 9.7607393, 9.9026203, 9.9324741, 9.9418831, 19.954144, 19.915869, 19.873159, 19.860615, 0.33162352, 0.34609398, 0.34760740, 0.34902620, 0.34932473, 0.34941882, 0.34977072, 0.34957933, 0.34936580, 0.34930307, 0.89238828
0.35522276, 1.0000000, 0.99718380, 9.9611664, 9.9772415, 9.9885616, 9.9976969, 9.9988461, 9.9996176, 19.999998, 19.999998, 19.999989, 19.991005, 0.34961009, 0.34977147, 0.34988514, 0.34997687, 0.34998840, 0.34999615, 0.34999999, 0.34999999, 0.34999993, 0.34995502, 0.99718380
0.35600001, 1.0000000, 1.0000000, 9.9999990, 9.9999990, 9.9999990, 9.9999990, 9.9999990, 9.9999990, 19.999998, 19.999998, 19.999998, 19.998999, 0.34999999, 0.34999999, 0.34999999, 0.34999999, 0.34999999, 0.34999999, 0.34999999, 0.34999999, 0.34999999, 0.34999499, 1.0000000
0.34313565, 1.0000000, 0.95339006, 9.2898054, 9.7129869, 9.8438568, 9.9616108, 9.9805155, 9.9930515, 19.999594, 19.999897, 19.999739, 19.975233, 0.34289807, 0.34712988, 0.34843856, 0.34961611, 0.34980515, 0.34993052, 0.34999797, 0.34999949, 0.34999868, 0.34987617, 0.95339006
0.35600001, 1.0000000, 1.0000000, 9.9999990, 9.9999990, 9.9999990, 9.9999990, 9.9999990, 9.9999990, 19.999998, 19.999998, 19.999998, 19.994993, 0.34999999, 0.34999999, 0.34999999, 0.34999999, 0.34999999, 0.34999999, 0.34999999, 0.34999999, 0.34999999, 0.34997496, 1.0000000
0.35600001, 1.0000000, 1.0000000, 9.9999990, 9.9999990, 9.9999990, 9.9999990, 9.9999990, 9.9999990, 19.999998, 19.999998, 19.999998, 19.998999, 0.34999999, 0.34999999, 0.34999999, 0.34999999, 0.34999999, 0.34999999, 0.34999999, 0.34999999, 0.34999999, 0.34999499, 1.0000000
0.35600001, 1.0000000, 1.0000000, 9.9999990, 9.9999990, 9.9999990, 9.9999990, 9.9999990, 9.9999990, 19.999998, 19.999998, 19.999998, 19.995995, 0.34999999, 0.34999999, 0.34999999, 0.34999999, 0.34999999, 0.34999999, 0.34999999, 0.34999999, 0.34999999, 0.34997997, 1.0000000
0.35600001, 1.0000000, 1.0000000, 9.9999990, 9.9999990, 9.9999990, 9.9999990, 9.9999990, 9.9999990, 19.999998, 19.999998, 19.999998, 19.994993, 0.34999999, 0.34999999, 0.34999999, 0.34999999, 0.34999999, 0.34999999, 0.34999999, 0.34999999, 0.34999999, 0.34997496, 1.0000000
0.35600001, 1.0000000, 1.0000000, 9.9999990, 9.9999990, 9.9999990, 9.9999990, 9.9999990, 9.9999990, 19.999998, 19.999998, 19.999998, 19.997997, 0.34999999, 0.34999999, 0.34999999, 0.34999999, 0.34999999, 0.34999999, 0.34999999, 0.34999999, 0.34999999, 0.34998998, 1.0000000
0.35600001, 1.0000000, 1.0000000, 9.9999990, 9.9999990, 9.9999990, 9.9999990, 9.9999990, 9.9999990, 19.999998, 19.999998, 19.999998, 19.998999, 0.34999999, 0.34999999, 0.34999999, 0.34999999, 0.34999999, 0.34999999, 0.34999999, 0.34999999, 0.34999999, 0.34999499, 1.0000000
0.33308560, 1.0000000, 0.91697681, 8.6817331, 9.5625858, 9.7523508, 9.9295006, 9.9637861, 9.9863005, 19.998497, 19.999599, 19.999779, 19.980110, 0.33681732, 0.34562585, 0.34752351, 0.34929502, 0.34963787, 0.34986299, 0.34999248, 0.34999800, 0.34999889, 0.34990054, 0.91697681
0.33535421, 1.0000000, 0.92519641, 8.9207554, 9.4799700, 9.6824846, 9.8789349, 9.9350309, 9.9740515, 19.996660, 19.999123, 19.998451, 19.957323, 0.33920699, 0.34479934, 0.34682468, 0.34878930, 0.34935027, 0.34974051, 0.34998330, 0.34999561, 0.34999225, 0.34978661, 0.92519641
0.31619447, 1.0000000, 0.85577703, 7.5557203, 9.4592800, 9.6563511, 9.8404293, 9.9100466, 9.9617186, 19.994297, 19.998501, 19.994913, 19.936743, 0.32555720, 0.34459281, 0.34656352, 0.34840429, 0.34910047, 0.34961718, 0.34997147, 0.34999251, 0.34997457, 0.34968370, 0.85577703
0.34068835, 1.0000000, 0.94452286, 9.2841415, 9.5423841, 9.6487150, 9.8287668, 9.8995867, 9.9555826, 19.993486, 19.998222, 19.988691, 19.919062, 0.34284142, 0.34542385, 0.34648716, 0.34828767, 0.34899586, 0.34955582, 0.34996742, 0.34999111, 0.34994346, 0.34959531, 0.94452286
0.31478405, 1.0000000, 0.85066676, 7.5041251, 9.4015017, 9.6130152, 9.8067389, 9.8843803, 9.9469995, 19.991806, 19.997480, 19.979519, 19.904486, 0.32504123, 0.34401500, 0.34613016, 0.34806740, 0.34884381, 0.34946999, 0.34995902, 0.34998739, 0.34989759, 0.34952241, 0.85066676
0.27666664, 1.0000000, 0.71256036, 4.8496003, 9.2738676, 9.5246124, 9.7517796, 9.8500690, 9.9291096, 19.987654, 19.995583, 19.967739, 19.892845, 0.29849601, 0.34273869, 0.34524614, 0.34751779, 0.34850070, 0.34929109, 0.34993827, 0.34997791, 0.34983870, 0.34946424, 0.71256036
0.24697058, 1.0000000, 0.60496587, 2.9382050, 8.8726978, 9.5302210, 9.7411451, 9.8392172, 9.9209700, 19.985136, 19.993122, 19.954405, 19.883923, 0.27938026, 0.33872372, 0.34530047, 0.34741110, 0.34839201, 0.34920964, 0.34992570, 0.34996560, 0.34977204, 0.34941962, 0.60496587
0.35595441, 1.0000000, 0.99983484, 9.9979696, 9.9987831, 9.9993916, 9.9998770, 9.9999371, 9.9999790, 19.999998, 19.999998, 19.999996, 19.993994, 0.34997725, 0.34998637, 0.34999320, 0.34999862, 0.34999931, 0.34999976, 0.34999999, 0.34999999, 0.34999996, 0.34996998, 0.99983484
0.35518980, 1.0000000, 0.99706441, 9.9592390, 9.9763575, 9.9880886, 9.9974852, 9.9987421, 9.9995613, 19.999981, 19.999992, 19.999983, 19.990009, 0.34959239, 0.34976357, 0.34988087, 0.34997484, 0.34998742, 0.34999561, 0.34999990, 0.34999996, 0.34999990, 0.34995005, 0.99706441
0.35600001, 1.0000000, 1.0000000, 9.9999990, 9.9999990, 9.9999990, 9.9999990, 9.9999990, 9.9999990, 19.999998, 19.999998, 19.999998, 19.998999, 0.34999999, 0.34999999, 0.34999999, 0.34999999, 0.34999999, 0.34999999, 0.34999999, 0.34999999, 0.34999999, 0.34999499, 1.0000000
0.34657937, 1.0000000, 0.96586728, 9.5665131, 9.6786594, 9.8235655, 9.9554358, 9.9773293, 9.9918461, 19.999468, 19.999863, 19.999895, 19.983068, 0.34566513, 0.34678659, 0.34823567, 0.34955436, 0.34977329, 0.34991845, 0.34999734, 0.34999931, 0.34999949, 0.34991533, 0.96586728
0.35599995, 1.0000000, 0.99999976, 9.9999962, 9.9999990, 9.9999962, 9.9999990, 9.9999990, 9.9999990, 19.999998, 19.999998, 19.999998, 19.998999, 0.34999996, 0.34999999, 0.34999996, 0.34999999, 0.34999999, 0.34999999, 0.34999999, 0.34999999, 0.34999999, 0.34999499, 0.99999976
0.32616210, 1.0000000, 0.89189154, 8.2339382, 9.4982042, 9.7078924, 9.9083052, 9.9524078, 9.9814310, 19.997538, 19.999355, 19.999582, 19.975210, 0.33233753, 0.34498075, 0.34707826, 0.34908295, 0.34952402, 0.34981427, 0.34998769, 0.34999678, 0.34999791, 0.34987605, 0.89189154
0.30607855, 1.0000000, 0.81912518, 6.8100877, 9.4680700, 9.6735039, 9.8731794, 9.9310694, 9.9726744, 19.996977, 19.999212, 19.997967, 19.952837, 0.31809765, 0.34467801, 0.34673366, 0.34873152, 0.34931055, 0.34972668, 0.34998488, 0.34999606, 0.34998983, 0.34976417, 0.81912518
0.28134370, 1.0000000, 0.72950619, 5.0690818, 9.4113054, 9.6280470, 9.8325853, 9.9052334, 9.9606161, 19.995495, 19.998829, 19.993967, 19.932817, 0.30068609, 0.34410778, 0.34627774, 0.34832528, 0.34905207, 0.34960607, 0.34997746, 0.34999415, 0.34996983, 0.34966409, 0.72950619
0.35600001, 1.0000000, 1.0000000, 9.9999990, 9.9999990, 9.9999990, 9.9999990, 9.9999990, 9.9999990, 19.999998, 19.999998, 19.999998, 19.997997, 0.34999999, 0.34999999, 0.34999999, 0.34999999, 0.34999999, 0.34999999, 0.34999999, 0.34999999, 0.34999999, 0.34998998, 1.0000000
0.34498453, 1.0000000, 0.96008891, 9.5190277, 9.5961742, 9.7670469, 9.9344349, 9.9663286, 9.9874067, 19.998753, 19.999683, 19.999647, 19.974239, 0.34519029, 0.34596175, 0.34767047, 0.34934434, 0.34966329, 0.34987408, 0.34999377, 0.34999841, 0.34999824, 0.34987119, 0.96008891
0.34439784, 1.0000000, 0.95796323, 9.5051775, 9.5840702, 9.7055836, 9.8970394, 9.9451513, 9.9791965, 19.998301, 19.999563, 19.997963, 19.951946, 0.34505177, 0.34584069, 0.34705585, 0.34897038, 0.34945151, 0.34979197, 0.34999150, 0.34999782, 0.34998983, 0.34975973, 0.95796323
0.31549579, 1.0000000, 0.85324556, 7.5482535, 9.4023027, 9.6256638, 9.8423958, 9.9127388, 9.9648285, 19.996351, 19.999056, 19.993792, 19.932016, 0.32548255, 0.34402302, 0.34625664, 0.34842396, 0.34912738, 0.34964830, 0.34998176, 0.34999529, 0.34996897, 0.34966010, 0.85324556
0.28351241, 1.0000000, 0.73736370, 5.2910738, 9.3337336, 9.5740862, 9.7980309, 9.8834858, 9.9502602, 19.994261, 19.998425, 19.986748, 19.915108, 0.30290988, 0.34333640, 0.34574038, 0.34798023, 0.34883481, 0.34950256, 0.34997129, 0.34999213, 0.34993374, 0.34957555, 0.73736370
0.27399957, 1.0000000, 0.70289689, 4.5675645, 9.3810453, 9.5963907, 9.7913923, 9.8746948, 9.9433966, 19.993170, 19.997751, 19.976927, 19.901312, 0.29567394, 0.34380835, 0.34596282, 0.34791371, 0.34874684, 0.34943393, 0.34996584, 0.34998876, 0.34988463, 0.34950656, 0.70289689
0.35599685, 1.0000000, 0.99998844, 9.9998417, 9.9999037, 9.9999514, 9.9999905, 9.9999933, 9.9999962, 19.999998, 19.999998, 19.999998, 19.994993, 0.34999841, 0.34999904, 0.34999952, 0.34999990, 0.34999993, 0.34999996, 0.34999999, 0.34999999, 0.34999999, 0.34997496, 0.99998844
0.35600001, 1.0000000, 1.0000000, 9.9999990, 9.9999990, 9.9999990, 9.9999990, 9.9999990, 9.9999990, 19.999998, 19.999998, 19.999998, 19.996996, 0.34999999, 0.34999999, 0.34999999, 0.34999999, 0.34999999, 0.34999999, 0.34999999, 0.34999999, 0.34999999, 0.34998497, 1.0000000
0.35600001, 1.0000000, 1.0000000, 9.9999990, 9.9999990, 9.9999990, 9.9999990, 9.9999990, 9.9999990, 19.999998, 19.999998, 19.999998, 19.997997, 0.34999999, 0.34999999, 0.34999999, 0.34999999, 0.34999999, 0.34999999, 0.34999999, 0.34999999, 0.34999999, 0.34998998, 1.0000000
0.33911932, 1.0000000, 0.93883795, 9.1132345, 9.5693922, 9.7567892, 9.9333677, 9.9658518, 9.9874544, 19.998962, 19.999731, 19.999659, 19.974253, 0.34113234, 0.34569392, 0.34756789, 0.34933367, 0.34965852, 0.34987456, 0.34999481, 0.34999865, 0.34999830, 0.34987128, 0.93883795
0.35598487, 1.0000000, 0.99994516, 9.9992456, 9.9995461, 9.9997730, 9.9999514, 9.9999790, 9.9999905, 19.999998, 19.999998, 19.999990, 19.992998, 0.34999245, 0.34999546, 0.34999773, 0.34999952, 0.34999979, 0.34999990, 0.34999999, 0.34999999, 0.34999996, 0.34996498, 0.99994516
0.33006692, 1.0000000, 0.90603948, 8.5135441, 9.5007296, 9.7115002, 9.9142294, 9.9556799, 9.9832525, 19.998247, 19.999546, 19.999681, 19.977131, 0.33513543, 0.34500730, 0.34711501, 0.34914228, 0.34955680, 0.34983253, 0.34999123, 0.34999773, 0.34999841, 0.34988564, 0.90603948
0.33316797, 1.0000000, 0.91727507, 8.7740259, 9.4686651, 9.6693983, 9.8656845, 9.9269085, 9.9707766, 19.996565, 19.999111, 19.998148, 19.954576, 0.33774024, 0.34468666, 0.34669399, 0.34865683, 0.34926909, 0.34970778, 0.34998283, 0.34999555, 0.34999073, 0.34977287, 0.91727507
0.30378270, 1.0000000, 0.81080693, 6.7220807, 9.3772011, 9.6065121, 9.8209429, 9.8984489, 9.9573269, 19.994678, 19.998627, 19.994314, 19.934296, 0.31722081, 0.34377199, 0.34606510, 0.34820944, 0.34898448, 0.34957325, 0.34997338, 0.34999314, 0.34997156, 0.34967148, 0.81080693
0.28665921, 1.0000000, 0.74876523, 5.5207639, 9.3370390, 9.5711174, 9.7857256, 9.8738508, 9.9440050, 19.992378, 19.997934, 19.987602, 19.917017, 0.30519739, 0.34335998, 0.34570584, 0.34785616, 0.34873796, 0.34943986, 0.34996188, 0.34998968, 0.34993801, 0.34958509, 0.74876523
0.35600001, 1.0000000, 1.0000000, 9.9999990, 9.9999990, 9.9999990, 9.9999990, 9.9999990, 9.9999990, 19.999998, 19.999998, 19.999998, 19.995995, 0.34999999, 0.34999999, 0.34999999, 0.34999999, 0.34999999, 0.34999999, 0.34999999, 0.34999999, 0.34999999, 0.34997997, 1.0000000
0.35600001, 1.0000000, 1.0000000, 9.9999990, 9.9999990, 9.9999990, 9.9999990, 9.9999990, 9.9999990, 19.999998, 19.999998, 19.999998, 19.998999, 0.34999999, 0.34999999, 0.34999999, 0.34999999, 0.34999999, 0.34999999, 0.34999999, 0.34999999, 0.34999999, 0.34999499, 1.0000000
0.35253751, 1.0000000, 0.98745477, 9.9473972, 9.7926550, 9.7707176, 9.9339275, 9.9660082, 9.9870996, 19.998562, 19.999622, 19.999643, 19.975222, 0.34947398, 0.34792656, 0.34770718, 0.34933928, 0.34966010, 0.34987098, 0.34999281, 0.34999812, 0.34999821, 0.34987611, 0.98745477
0.32650718, 1.0000000, 0.89314193, 8.3026237, 9.4543934, 9.6589432, 9.8752623, 9.9332380, 9.9739666, 19.997246, 19.999277, 19.997978, 19.952820, 0.33302388, 0.34454232, 0.34658861, 0.34875244, 0.34933230, 0.34973964, 0.34998623, 0.34999639, 0.34998989, 0.34976411, 0.89314193
0.29665831, 1.0000000, 0.78499383, 6.2010064, 9.3830738, 9.6097565, 9.8255777, 9.9020214, 9.9594984, 19.995251, 19.998751, 19.993921, 19.932787, 0.31200951, 0.34383026, 0.34609732, 0.34825572, 0.34902018, 0.34959498, 0.34997624, 0.34999377, 0.34996960, 0.34966394, 0.78499383
0.26997006, 1.0000000, 0.68829733, 4.2940755, 9.3544559, 9.5857000, 9.7988634, 9.8822899, 9.9488764, 19.993963, 19.998310, 19.987062, 19.915770, 0.29293874, 0.34354189, 0.34585565, 0.34798837, 0.34882274, 0.34948871, 0.34996980, 0.34999156, 0.34993532, 0.34957886, 0.68829733
0.34040785, 1.0000000, 0.94350672, 9.1314583, 9.6633148, 9.8152018, 9.9534702, 9.9763288, 9.9915075, 19.999456, 19.999855, 19.999910, 19.984043, 0.34131265, 0.34663191, 0.34815139, 0.34953457, 0.34976321, 0.34991506, 0.34999728, 0.34999928, 0.34999955, 0.34992021, 0.94350672
0.35597116, 1.0000000, 0.99989545, 9.9985628, 9.9991350, 9.9995670, 9.9999132, 9.9999580, 9.9999847, 19.999998, 19.999998, 19.999998, 19.994993, 0.34998563, 0.34999135, 0.34999567, 0.34999913, 0.34999958, 0.34999985, 0.34999999, 0.34999999, 0.34999999, 0.34997496, 0.99989545
0.35600001, 1.0000000, 1.0000000, 9.9999990, 9.9999990, 9.9999990, 9.9999990, 9.9999990, 9.9999990, 19.999998, 19.999998, 19.999998, 19.994993, 0.34999999, 0.34999999, 0.34999999, 0.34999999, 0.34999999, 0.34999999, 0.34999999, 0.34999999, 0.34999999, 0.34997496, 1.0000000
0.34216684, 1.0000000, 0.94987977, 9.2321110, 9.6970568, 9.8344040, 9.9601059, 9.9797668, 9.9929743, 19.999784, 19.999939, 19.999876, 19.981091, 0.34232110, 0.34697056, 0.34834403, 0.34960106, 0.34979767, 0.34992975, 0.34999892, 0.34999970, 0.34999937, 0.34990546, 0.94987977
0.32377917, 1.0000000, 0.88325775, 8.0591259, 9.5027275, 9.7055140, 9.9064198, 9.9510670, 9.9820099, 19.998867, 19.999695, 19.998680, 19.958250, 0.33059126, 0.34502727, 0.34705514, 0.34906420, 0.34951067, 0.34982011, 0.34999433, 0.34999847, 0.34999341, 0.34979126, 0.88325775
0.35598552, 1.0000000, 0.99994755, 9.9992781, 9.9995670, 9.9997816, 9.9999542, 9.9999790, 9.9999905, 19.999998, 19.999998, 19.999992, 19.994993, 0.34999278, 0.34999567, 0.34999782, 0.34999955, 0.34999979, 0.34999990, 0.34999999, 0.34999999, 0.34999996, 0.34997496, 0.99994755
0.35569924, 1.0000000, 0.99891037, 9.9999990, 9.9997454, 9.9494562, 9.9163342, 9.9568129, 9.9836941, 19.998318, 19.999557, 19.999781, 19.981079, 0.34999999, 0.34999746, 0.34949458, 0.34916335, 0.34956813, 0.34983695, 0.34999159, 0.34999779, 0.34999889, 0.34990540, 0.99891037
0.33252609, 1.0000000, 0.91494948, 8.6947927, 9.5111341, 9.6947060, 9.8608942, 9.9247875, 9.9706926, 19.997221, 19.999271, 19.998573, 19.958233, 0.33694792, 0.34511134, 0.34694707, 0.34860894, 0.34924787, 0.34970692, 0.34998611, 0.34999636, 0.34999287, 0.34979117, 0.91494948
0.29565117, 1.0000000, 0.78134477, 6.1802311, 9.3207140, 9.5675869, 9.7978449, 9.8854189, 9.9520988, 19.994392, 19.998537, 19.995113, 19.937519, 0.31180233, 0.34320715, 0.34567589, 0.34797844, 0.34885418, 0.34952098, 0.34997195, 0.34999269, 0.34997556, 0.34968761, 0.78134477
0.26283497, 1.0000000, 0.66244543, 3.8256083, 9.3002195, 9.5414982, 9.7622194, 9.8589525, 9.9368134, 19.991520, 19.997740, 19.988863, 19.919687, 0.28825536, 0.34300113, 0.34541446, 0.34762207, 0.34858948, 0.34936810, 0.34995759, 0.34998870, 0.34994432, 0.34959844, 0.66244543
0.24605051, 1.0000000, 0.60163224, 2.8932304, 8.7924900, 9.6062155, 9.7799311, 9.8636312, 9.9351072, 19.990841, 19.997280, 19.979872, 19.905012, 0.27893230, 0.33792490, 0.34606215, 0.34779930, 0.34863633, 0.34935108, 0.34995419, 0.34998640, 0.34989935, 0.34952506, 0.60163224
0.23116970, 1.0000000, 0.54771632, 2.4855824, 7.6783509, 9.5999317, 9.7772894, 9.8601217, 9.9313755, 19.989805, 19.996191, 19.968380, 19.893328, 0.27485582, 0.32678351, 0.34599930, 0.34777290, 0.34860122, 0.34931377, 0.34994903, 0.34998095, 0.34984189, 0.34946662, 0.54771632
0.22466642, 1.0000000, 0.52415365, 2.3472934, 7.0846453, 9.6699171, 9.8066425, 9.8752031, 9.9362211, 19.989887, 19.994473, 19.955257, 19.884317, 0.27347293, 0.32084644, 0.34669918, 0.34806642, 0.34875202, 0.34936219, 0.34994942, 0.34997237, 0.34977630, 0.34942159, 0.52415365
0.21221106, 1.0000000, 0.47902554, 2.0025671, 6.1813712, 9.6210108, 9.7913265, 9.8671074, 9.9323664, 19.988646, 19.991032, 19.941328, 19.877468, 0.27002567, 0.31181371, 0.34621012, 0.34791327, 0.34867108, 0.34932366, 0.34994322, 0.34995514, 0.34970665, 0.34938735, 0.47902554
0.19572097, 1.0000000, 0.41927889, 1.6832918, 4.7839479, 9.5094852, 9.7441378, 9.8403664, 9.9212008, 19.987146, 19.985672, 19.927591, 19.872389, 0.26683292, 0.29783946, 0.34509486, 0.34744138, 0.34840366, 0.34921199, 0.34993574, 0.34992835, 0.34963796, 0.34936196, 0.41927889
0.18614390, 1.0000000, 0.38457930, 1.4792204, 3.9329023, 9.5736990, 9.7634430, 9.8491087, 9.9234896, 19.986689, 19.978539, 19.914877, 19.868658, 0.26479220, 0.28932902, 0.34573698, 0.34763443, 0.34849107, 0.34923488, 0.34993345, 0.34989268, 0.34957439, 0.34934330, 0.38457930
0.16880083, 1.0000000, 0.32174215, 0.97069144, 2.9357255, 9.0884247, 9.7091303, 9.8181610, 9.9096289, 19.983341, 19.968740, 19.903425, 19.865883, 0.25970691, 0.27935725, 0.34088424, 0.34709132, 0.34818161, 0.34909630, 0.34991670, 0.34984371, 0.34951714, 0.34932941, 0.32174215
0.15149890, 0.86342686, 0.25905398, 0.44817328, 2.2940814, 7.9492030, 9.6557035, 9.7840834, 9.8925123, 19.978308, 19.957022, 19.893606, 19.863882, 0.25448152, 0.27294019, 0.32949093, 0.34655675, 0.34784070, 0.34892505, 0.34989154, 0.34978512, 0.34946802, 0.34931940, 0.25905398
0.14014685, 0.72633857, 0.21792337, 0.17456114, 1.8581510, 6.9923940, 9.6548529, 9.7798986, 9.8878794, 19.973703, 19.944651, 19.885603, 19.862467, 0.25174531, 0.26857951, 0.31992018, 0.34654748, 0.34779847, 0.34887862, 0.34986851, 0.34972325, 0.34942800, 0.34931234, 0.21792337
0.13536116, 0.66854620, 0.20058392, 0.12628138, 1.6609460, 6.3804440, 9.6988306, 9.8037567, 9.8967781, 19.969851, 19.932520, 19.879288, 19.861473, 0.25126252, 0.26660714, 0.31379995, 0.34698695, 0.34803689, 0.34896755, 0.34984925, 0.34966260, 0.34939644, 0.34930736, 0.20058392
0.12915120, 0.59355402, 0.17808402, 0.19685626, 1.2688935, 5.4410477, 9.6503181, 9.7766800, 9.8853426, 19.962437, 19.920172, 19.874203, 19.860756, 0.25196856, 0.26268893, 0.30441049, 0.34650320, 0.34776682, 0.34885341, 0.34981218, 0.34960085, 0.34937102, 0.34930378, 0.17808402
0.12562805, 0.55100840, 0.16531906, 0.14047921, 1.1563092, 4.9875355, 9.7099810, 9.8094254, 9.8973780, 19.955315, 19.909203, 19.870392, 19.860250, 0.25140479, 0.26156309, 0.29987535, 0.34709981, 0.34809425, 0.34897378, 0.34977657, 0.34954602, 0.34935194, 0.34930125, 0.16531906
0.12341644, 0.52430063, 0.15730593, 0.11263192, 1.0870159, 4.6755624, 9.7544851, 9.8357000, 9.9079990, 19.946987, 19.899492, 19.867496, 19.859903, 0.25112537, 0.26086470, 0.29674390, 0.34753996, 0.34835452, 0.34907916, 0.34973493, 0.34949747, 0.34933749, 0.34929952, 0.15730593
0.12271018, 0.51577181, 0.15474702, 0.10867715, 1.0726750, 4.5308375, 9.8043051, 9.8650513, 9.9196472, 19.937786, 19.891218, 19.865316, 19.859627, 0.25108677, 0.26072675, 0.29530838, 0.34804305, 0.34865052, 0.34919646, 0.34968895, 0.34945610, 0.34932658, 0.34929812, 0.15474702
0.15149438, 0.86337227, 0.25903758, 2.2670298, 1.0326415, 4.3657651, 9.8159618, 9.8738966, 9.9231539, 19.927950, 19.884266, 19.863678, 19.859468, 0.27267030, 0.26032642, 0.29365766, 0.34815961, 0.34873897, 0.34923154, 0.34963974, 0.34942132, 0.34931839, 0.34929734, 0.25903758
0.35600001, 1.0000000, 1.0000000, 9.9999990, 9.9999990, 9.9999990, 9.9999990, 9.9999990, 9.9999990, 19.999998, 19.999998, 19.999996, 19.993994, 0.34999999, 0.34999999, 0.34999999, 0.34999999, 0.34999999, 0.34999999, 0.34999999, 0.34999999, 0.34999996, 0.34996998, 1.0000000
0.33281910, 1.0000000, 0.91601110, 8.6933517, 9.5239067, 9.7281132, 9.9235544, 9.9606962, 9.9855099, 19.998819, 19.999701, 19.999500, 19.970417, 0.33693352, 0.34523907, 0.34728113, 0.34923553, 0.34960696, 0.34985510, 0.34999409, 0.34999850, 0.34999749, 0.34985209, 0.91601110
0.29804158, 1.0000000, 0.79000574, 6.3318653, 9.3384008, 9.5916815, 9.8429193, 9.9152584, 9.9669619, 19.996822, 19.999187, 19.997374, 19.948435, 0.31331867, 0.34338400, 0.34591681, 0.34842920, 0.34915259, 0.34966964, 0.34998411, 0.34999594, 0.34998685, 0.34974217, 0.79000574
0.26692015, 1.0000000, 0.67724687, 4.1034622, 9.3144798, 9.5629902, 9.7991772, 9.8856831, 9.9528723, 19.995590, 19.998865, 19.992786, 19.929005, 0.29103383, 0.34314373, 0.34562933, 0.34799165, 0.34885678, 0.34952870, 0.34997794, 0.34999433, 0.34996393, 0.34964502, 0.67724687
0.23861477, 1.0000000, 0.57469118, 2.6833236, 8.2914524, 9.5171394, 9.7570820, 9.8562593, 9.9371367, 19.993725, 19.998232, 19.985268, 19.912613, 0.27683324, 0.33291453, 0.34517139, 0.34757084, 0.34856260, 0.34937137, 0.34996861, 0.34999114, 0.34992635, 0.34956306, 0.57469118
0.31598341, 1.0000000, 0.85501242, 8.0419731, 8.7164593, 9.5001135, 9.7333021, 9.8374147, 9.9245243, 19.991234, 19.997112, 19.974947, 19.899292, 0.33041972, 0.33716458, 0.34500113, 0.34733301, 0.34837416, 0.34924525, 0.34995615, 0.34998557, 0.34987473, 0.34949645, 0.85501242
0.27133948, 1.0000000, 0.69325888, 4.4966073, 9.2388124, 9.4953699, 9.7207594, 9.8261566, 9.9152822, 19.988287, 19.995169, 19.962427, 19.888838, 0.29496342, 0.34238487, 0.34495205, 0.34720728, 0.34826139, 0.34915277, 0.34994143, 0.34997585, 0.34981215, 0.34944418, 0.69325888
0.24424396, 1.0000000, 0.59508681, 2.8798194, 8.6501732, 9.5165834, 9.7249479, 9.8255396, 9.9122200, 19.986595, 19.992399, 19.948751, 19.880882, 0.27879590, 0.33649760, 0.34516358, 0.34724900, 0.34825516, 0.34912211, 0.34993297, 0.34996200, 0.34974375, 0.34940439, 0.59508681
0.22164722, 1.0000000, 0.51321453, 2.2461443, 6.9898872, 9.4925365, 9.7158480, 9.8192396, 9.9079533, 19.984529, 19.987888, 19.934752, 19.874895, 0.27246082, 0.31989771, 0.34492460, 0.34715834, 0.34819230, 0.34907952, 0.34992266, 0.34993944, 0.34967375, 0.34937447, 0.51321453
0.20103678, 1.0000000, 0.43853900, 1.7161667, 5.3907547, 9.4820576, 9.7090473, 9.8142576, 9.9048710, 19.982801, 19.981508, 19.921379, 19.870483, 0.26715988, 0.30390415, 0.34481758, 0.34708989, 0.34814227, 0.34904861, 0.34991401, 0.34990755, 0.34960690, 0.34935242, 0.43853900
0.20644180, 1.0000000, 0.45812249, 2.9192865, 4.0276136, 9.5009346, 9.7152166, 9.8167763, 9.9053364, 19.981581, 19.973263, 19.909245, 19.867270, 0.27919200, 0.29027542, 0.34500849, 0.34715199, 0.34816769, 0.34905332, 0.34990790, 0.34986633, 0.34954622, 0.34933636, 0.45812249
0.18361048, 1.0000000, 0.37540030, 2.0782738, 2.9391944, 8.9765511, 9.6834688, 9.7984533, 9.8969049, 19.978144, 19.962706, 19.898584, 19.864895, 0.27077919, 0.27938893, 0.33976090, 0.34683371, 0.34798402, 0.34896886, 0.34989071, 0.34981352, 0.34949291, 0.34932446, 0.37540030
0.17112300, 1.0000000, 0.33015576, 1.6225100, 2.5701194, 8.2125053, 9.7019482, 9.8072557, 9.8994722, 19.975397, 19.951153, 19.889751, 19.863201, 0.26622242, 0.27569866, 0.33212101, 0.34701854, 0.34807208, 0.34899458, 0.34987700, 0.34975576, 0.34944874, 0.34931600, 0.33015576
0.18419841, 1.0000000, 0.37753043, 2.5402248, 2.7325332, 7.9880543, 9.6907387, 9.8011045, 9.8969221, 19.971334, 19.938860, 19.882545, 19.861984, 0.27540225, 0.27732533, 0.32988054, 0.34690738, 0.34801105, 0.34896922, 0.34985667, 0.34969431, 0.34941274, 0.34930992, 0.37753043
0.20889789, 1.0000000, 0.46702132, 2.5171041, 5.0559878, 9.3729191, 9.7338667, 9.8251867, 9.9064169, 19.966864, 19.926842, 19.876886, 19.861143, 0.27517104, 0.30055988, 0.34372920, 0.34733868, 0.34825188, 0.34906417, 0.34983432, 0.34963420, 0.34938443, 0.34930572, 0.46702132
0.35440677, 1.0000000, 0.99422735, 9.9192429, 9.9543705, 9.9768963, 9.9949493, 9.9974670, 9.9991083, 19.999943, 19.993168, 19.886578, 19.860527, 0.34919244, 0.34954369, 0.34976897, 0.34994948, 0.34997466, 0.34999108, 0.34999973, 0.34996584, 0.34943289, 0.34930265, 0.99422735
0.31931883, 1.0000000, 0.86709726, 7.7957416, 9.4272709, 9.6613178, 9.8898754, 9.9425259, 9.9776287, 19.996866, 19.976305, 19.879396, 19.860050, 0.32795742, 0.34427270, 0.34661317, 0.34889877, 0.34942526, 0.34977630, 0.34998435, 0.34988153, 0.34939697, 0.34930027, 0.86709726
0.35600001, 1.0000000, 1.0000000, 9.9999990, 9.9999990, 9.9999990, 9.9999990, 9.9999990, 9.9999990, 19.999998, 19.999998, 19.999998, 19.997992, 0.34999999, 0.34999999, 0.34999999, 0.34999999, 0.34999999, 0.34999999, 0.34999999, 0.34999999, 0.34999999, 0.34998995, 1.0000000
0.32712063, 1.0000000, 0.89536452, 8.2982683, 9.5033092, 9.7123575, 9.9138708, 9.9554586, 9.9831276, 19.998222, 19.999527, 19.999599, 19.974216, 0.33298269, 0.34503311, 0.34712356, 0.34913871, 0.34955460, 0.34983128, 0.34999111, 0.34999764, 0.34999800, 0.34987110, 0.89536452
0.29397869, 1.0000000, 0.77528512, 6.0182085, 9.3648405, 9.6049957, 9.8419266, 9.9139605, 9.9659853, 19.996464, 19.999069, 19.997826, 19.951899, 0.31017914, 0.34364563, 0.34604853, 0.34841895, 0.34913945, 0.34965980, 0.34998232, 0.34999534, 0.34998912, 0.34975949, 0.77528512
0.26521188, 1.0000000, 0.67105752, 3.9505067, 9.3523645, 9.5851784, 9.8046198, 9.8879099, 9.9531298, 19.995203, 19.998734, 19.993696, 19.932005, 0.28950134, 0.34351835, 0.34584907, 0.34804562, 0.34887883, 0.34953120, 0.34997600, 0.34999368, 0.34996849, 0.34966004, 0.67105752
0.23797338, 1.0000000, 0.57236731, 2.6564062, 8.2546825, 9.5251989, 9.7584047, 9.8566961, 9.9362936, 19.992437, 19.997923, 19.986610, 19.915094, 0.27656406, 0.33254683, 0.34525198, 0.34758404, 0.34856695, 0.34936294, 0.34996217, 0.34998962, 0.34993306, 0.34957546, 0.57236731
0.35585958, 1.0000000, 0.99949121, 9.9949617, 9.9969788, 9.9984884, 9.9996958, 9.9998474, 9.9999514, 19.999998, 19.999998, 19.999998, 19.994993, 0.34993002, 0.34995803, 0.34997901, 0.34999579, 0.34999788, 0.34999931, 0.34999999, 0.34999999, 0.34999999, 0.34997496, 0.99949121
0.35600001, 1.0000000, 1.0000000, 9.9999990, 9.9999990, 9.9999990, 9.9999990, 9.9999990, 9.9999990, 19.999998, 19.999998, 19.999998, 19.998999, 0.34999999, 0.34999999, 0.34999999, 0.34999999, 0.34999999, 0.34999999, 0.34999999, 0.34999999, 0.34999999, 0.34999499, 1.0000000
0.32166633, 1.0000000, 0.87560260, 7.9398355, 9.4595718, 9.6813564, 9.8977947, 9.9467440, 9.9793921, 19.997496, 19.999344, 19.999594, 19.975210, 0.32939836, 0.34459573, 0.34681356, 0.34897795, 0.34946746, 0.34979391, 0.34998748, 0.34999672, 0.34999797, 0.34987605, 0.87560260
0.29138517, 1.0000000, 0.76588827, 5.8239112, 9.3735876, 9.6085472, 9.8365822, 9.9101725, 9.9636002, 19.995543, 19.998837, 19.997871, 19.952814, 0.30823910, 0.34373587, 0.34608549, 0.34836581, 0.34910172, 0.34963602, 0.34997770, 0.34999418, 0.34998935, 0.34976408, 0.76588827
0.27347928, 1.0000000, 0.70101184, 4.5136523, 9.3972368, 9.6144495, 9.8172960, 9.8943396, 9.9552498, 19.995060, 19.998703, 19.993921, 19.932817, 0.29512873, 0.34396270, 0.34613955, 0.34817195, 0.34894291, 0.34955233, 0.34997529, 0.34999353, 0.34996960, 0.34966409, 0.70101184
0.32124686, 1.0000000, 0.87408280, 7.9280386, 9.4574499, 9.6473951, 9.8186016, 9.8910446, 9.9512367, 19.994488, 19.998453, 19.987110, 19.915804, 0.32927758, 0.34457251, 0.34647295, 0.34818581, 0.34891033, 0.34951234, 0.34997243, 0.34999228, 0.34993556, 0.34957904, 0.87408280
0.35599250, 1.0000000, 0.99997264, 9.9996243, 9.9997730, 9.9998865, 9.9999752, 9.9999876, 9.9999962, 19.999998, 19.999998, 19.999998, 19.994993, 0.34999624, 0.34999773, 0.34999886, 0.34999976, 0.34999987, 0.34999996, 0.34999999, 0.34999999, 0.34999999, 0.34997496, 0.99997264
0.35599995, 1.0000000, 0.99999976, 9.9999962, 9.9999962, 9.9999990, 9.9999990, 9.9999990, 9.9999990, 19.999998, 19.999998, 19.999992, 19.995989, 0.34999996, 0.34999996, 0.34999999, 0.34999999, 0.34999999, 0.34999999, 0.34999999, 0.34999999, 0.34999996, 0.34997994, 0.99999976
0.34640449, 1.0000000, 0.96523362, 9.4817667, 9.7707615, 9.8777256, 9.9703493, 9.9849930, 9.9945660, 19.999582, 19.999891, 19.999958, 19.988003, 0.34481367, 0.34770516, 0.34877601, 0.34970325, 0.34984982, 0.34994563, 0.34999791, 0.34999946, 0.34999979, 0.34994000, 0.96523362
0.35600001, 1.0000000, 1.0000000, 9.9999990, 9.9999990, 9.9999990, 9.9999990, 9.9999990, 9.9999990, 19.999998, 19.999998, 19.999998, 19.994993, 0.34999999, 0.34999999, 0.34999999, 0.34999999, 0.34999999, 0.34999999, 0.34999999, 0.34999999, 0.34999999, 0.34997496, 1.0000000
0.35516208, 1.0000000, 0.99696404, 9.9999857, 9.9882393, 9.8349981, 9.9462519, 9.9725418, 9.9899216, 19.999159, 19.999773, 19.999868, 19.984043, 0.34999985, 0.34988239, 0.34834999, 0.34946251, 0.34972543, 0.34989923, 0.34999579, 0.34999886, 0.34999934, 0.34992021, 0.99696404
0.34041840, 1.0000000, 0.94354475, 9.1911507, 9.5898409, 9.7689867, 9.9371109, 9.9677868, 9.9881611, 19.999022, 19.999748, 19.999823, 19.981079, 0.34191149, 0.34589842, 0.34768987, 0.34937111, 0.34967786, 0.34988162, 0.34999511, 0.34999874, 0.34999913, 0.34990540, 0.94354475
0.31306472, 1.0000000, 0.84443730, 7.3496618, 9.4236069, 9.6493950, 9.8731966, 9.9323359, 9.9739723, 19.997566, 19.999372, 19.998598, 19.958227, 0.32349661, 0.34423608, 0.34649396, 0.34873196, 0.34932336, 0.34973973, 0.34998783, 0.34999686, 0.34999299, 0.34979114, 0.84443730
0.28259748, 1.0000000, 0.73404884, 5.1986318, 9.3633308, 9.5970802, 9.8208418, 9.8995047, 9.9590197, 19.995850, 19.998924, 19.995209, 19.937531, 0.30198300, 0.34362972, 0.34596899, 0.34820804, 0.34899485, 0.34959012, 0.34997925, 0.34999463, 0.34997603, 0.34968764, 0.73404884
0.25251600, 1.0000000, 0.62505794, 3.0510609, 9.3293667, 9.5654984, 9.7855911, 9.8744297, 9.9459276, 19.994488, 19.998522, 19.989061, 19.919718, 0.28051060, 0.34329367, 0.34565499, 0.34785593, 0.34874430, 0.34945929, 0.34997243, 0.34999260, 0.34994531, 0.34959859, 0.62505794
0.22824067, 1.0000000, 0.53710383, 2.2898288, 7.6973920, 9.5144072, 9.7461586, 9.8471813, 9.9306421, 19.992176, 19.997625, 19.979967, 19.905012, 0.27289829, 0.32697392, 0.34514406, 0.34746158, 0.34847182, 0.34930640, 0.34996086, 0.34998813, 0.34989983, 0.34952506, 0.53710383
0.20792139, 1.0000000, 0.46348327, 1.7776579, 6.1072121, 9.4996614, 9.7295132, 9.8331480, 9.9210234, 19.990650, 19.996441, 19.968433, 19.893316, 0.26777586, 0.31107065, 0.34499550, 0.34729490, 0.34833136, 0.34921020, 0.34995323, 0.34998220, 0.34984216, 0.34946659, 0.46348327
0.19048224, 1.0000000, 0.40029797, 1.3705969, 4.6867867, 9.4872370, 9.7203579, 9.8250170, 9.9147120, 19.989315, 19.994377, 19.955235, 19.884295, 0.26370597, 0.29686788, 0.34487236, 0.34720358, 0.34825018, 0.34914711, 0.34994656, 0.34997189, 0.34977618, 0.34942147, 0.40029797
0.23002557, 1.0000000, 0.54357088, 2.4008842, 7.7382383, 9.5025730, 9.7206221, 9.8229084, 9.9112139, 19.987646, 19.990808, 19.941294, 19.877451, 0.27400798, 0.32738072, 0.34502470, 0.34720603, 0.34822896, 0.34911212, 0.34993821, 0.34995404, 0.34970647, 0.34938726, 0.54357088
0.20944510, 1.0000000, 0.46900398, 1.8870175, 6.1170330, 9.4880838, 9.7150917, 9.8187447, 9.9083300, 19.986427, 19.985518, 19.927591, 19.872353, 0.26886967, 0.31116933, 0.34488007, 0.34715077, 0.34818736, 0.34908327, 0.34993213, 0.34992760, 0.34963796, 0.34936178, 0.46900398
0.25375801, 1.0000000, 0.62955797, 3.1465292, 9.3259544, 9.5676699, 9.7486620, 9.8367281, 9.9148426, 19.985889, 19.978367, 19.914865, 19.868633, 0.28146353, 0.34325641, 0.34567508, 0.34748629, 0.34836709, 0.34914836, 0.34992945, 0.34989184, 0.34957433, 0.34934318, 0.62955797
0.23603731, 1.0000000, 0.56535256, 2.5485992, 8.1953745, 9.5415249, 9.7431965, 9.8346567, 9.9138937, 19.983723, 19.968882, 19.903486, 19.865900, 0.27548599, 0.33195373, 0.34541523, 0.34743196, 0.34834656, 0.34913895, 0.34991860, 0.34984440, 0.34951743, 0.34932950, 0.56535256
0.27829435, 1.0000000, 0.71845776, 4.9458785, 9.2957172, 9.5549860, 9.7504263, 9.8389387, 9.9155273, 19.981165, 19.957796, 19.893806, 19.863930, 0.29945880, 0.34295717, 0.34554985, 0.34750426, 0.34838939, 0.34915528, 0.34990582, 0.34978896, 0.34946904, 0.34931964, 0.71845776
0.33159924, 1.0000000, 0.91159141, 8.5858345, 9.5486069, 9.7428093, 9.9273090, 9.9626408, 9.9861040, 19.998718, 19.999672, 19.999878, 19.986019, 0.33585572, 0.34548435, 0.34742719, 0.34927291, 0.34962633, 0.34986100, 0.34999359, 0.34999835, 0.34999940, 0.34993011, 0.91159141
0.30612636, 1.0000000, 0.81929839, 6.8402681, 9.4332342, 9.6531534, 9.8697386, 9.9300222, 9.9727306, 19.997238, 19.999283, 19.998974, 19.962851, 0.31840268, 0.34433234, 0.34653154, 0.34869739, 0.34930021, 0.34972730, 0.34998620, 0.34999642, 0.34999487, 0.34981424, 0.81929839
0.27263710, 1.0000000, 0.69796050, 4.5072942, 9.3273754, 9.5730085, 9.8078461, 9.8917046, 9.9554329, 19.995220, 19.998758, 19.996096, 19.941631, 0.29506683, 0.34326616, 0.34572619, 0.34807765, 0.34891662, 0.34955418, 0.34997609, 0.34999380, 0.34998047, 0.34970814, 0.69796050
0.24413306, 1.0000000, 0.59468496, 2.8689294, 8.6393309, 9.5369253, 9.7671890, 9.8629236, 9.9398642, 19.992884, 19.998106, 19.990498, 19.923161, 0.27868420, 0.33638406, 0.34536415, 0.34767085, 0.34862870, 0.34939846, 0.34996441, 0.34999055, 0.34995249, 0.34961581, 0.59468496
0.22216287, 1.0000000, 0.51508284, 2.2394390, 7.0522118, 9.5146523, 9.7416096, 9.8429308, 9.9271917, 19.990555, 19.997284, 19.981964, 19.907793, 0.27238429, 0.32050303, 0.34513366, 0.34741348, 0.34842798, 0.34927148, 0.34995276, 0.34998643, 0.34990981, 0.34953898, 0.51508284
0.20105132, 1.0000000, 0.43859172, 1.6689569, 5.4714756, 9.4874325, 9.7203350, 9.8266487, 9.9164476, 19.988199, 19.995998, 19.970823, 19.895481, 0.26667699, 0.30468997, 0.34485286, 0.34719893, 0.34826425, 0.34916374, 0.34994099, 0.34998000, 0.34985411, 0.34947741, 0.43859172
0.18096441, 1.0000000, 0.36581308, 1.1687279, 3.8919547, 9.4620285, 9.7009716, 9.8123083, 9.9072771, 19.985970, 19.993912, 19.957817, 19.885914, 0.26168138, 0.28890777, 0.34460598, 0.34700677, 0.34812158, 0.34907225, 0.34992984, 0.34996957, 0.34978908, 0.34942958, 0.36581308
0.16458237, 1.0000000, 0.30645785, 0.74932277, 2.8955193, 8.8999996, 9.6824608, 9.7991734, 9.8993311, 19.983862, 19.990507, 19.943905, 19.878681, 0.25748926, 0.27894601, 0.33898589, 0.34682155, 0.34799019, 0.34899276, 0.34991932, 0.34995252, 0.34971952, 0.34939340, 0.30645785
0.15282969, 0.87949765, 0.26387569, 0.44844747, 2.4309368, 7.9926491, 9.6781483, 9.7947044, 9.8955402, 19.982046, 19.985422, 19.930029, 19.873272, 0.25448281, 0.27430394, 0.32991758, 0.34677932, 0.34794596, 0.34895504, 0.34991023, 0.34992713, 0.34965014, 0.34936637, 0.26387569
0.14158732, 0.74373364, 0.22314242, 0.20575523, 1.9697219, 7.0144939, 9.6601334, 9.7831230, 9.8896275, 19.980194, 19.978338, 19.917011, 19.869270, 0.25205615, 0.26968914, 0.32013056, 0.34659737, 0.34782922, 0.34889558, 0.34990096, 0.34989169, 0.34958506, 0.34934634, 0.22314242
0.13231352, 0.63174266, 0.18954176, 0.25740266E-1, 1.5932679, 6.1262932, 9.6553211, 9.7791300, 9.8867540, 19.978014, 19.969219, 19.905348, 19.866369, 0.25025734, 0.26593015, 0.31125808, 0.34655169, 0.34779054, 0.34886727, 0.34989005, 0.34984609, 0.34952673, 0.34933186, 0.18954176
0.12522413, 0.54613048, 0.16385552, 0.0000000, 1.2398690, 5.2125378, 9.6389446, 9.7688236, 9.8816595, 19.975233, 19.958376, 19.895357, 19.864271, 0.24999969, 0.26239255, 0.30211252, 0.34638467, 0.34768581, 0.34881580, 0.34987617, 0.34979188, 0.34947678, 0.34932137, 0.16385552
0.11892595, 0.47007319, 0.14103606, 0.0000000, 0.93488097, 4.3051758, 9.6216621, 9.7577381, 9.8761930, 19.971752, 19.946453, 19.887079, 19.862732, 0.24999969, 0.25934476, 0.29304245, 0.34621248, 0.34757528, 0.34876120, 0.34985876, 0.34973228, 0.34943539, 0.34931368, 0.14103606
0.11262146, 0.39393961, 0.11819371, 0.0000000, 0.65238476, 3.3563757, 9.5937948, 9.7399359, 9.8674335, 19.966778, 19.934019, 19.880390, 19.861660, 0.24999969, 0.25651732, 0.28354695, 0.34592831, 0.34739447, 0.34867269, 0.34983391, 0.34967011, 0.34940195, 0.34930831, 0.11819371
0.10711870, 0.32748774, 0.98256148E-1, 0.0000000, 0.39376915, 2.6292591, 9.1872377, 9.7079153, 9.8516369, 19.960518, 19.921864, 19.875124, 19.860872, 0.24999969, 0.25393263, 0.27627563, 0.34186053, 0.34707290, 0.34851426, 0.34980258, 0.34960932, 0.34937561, 0.34930438, 0.98256148E-1
0.10379130, 0.28730577, 0.86200356E-1, 0.0000000, 0.24586320, 2.2213249, 8.6800766, 9.7076960, 9.8491163, 19.953150, 19.910610, 19.871059, 19.860327, 0.24999969, 0.25245669, 0.27220443, 0.33679387, 0.34707311, 0.34848985, 0.34976575, 0.34955305, 0.34935528, 0.34930164, 0.86200356E-1
0.10069449, 0.24990837, 0.74980013E-1, 0.0000000, 0.12429357, 1.8259943, 8.1348295, 9.6942701, 9.8417053, 19.944199, 19.900492, 19.867926, 19.859921, 0.24999969, 0.25124261, 0.26825753, 0.33134615, 0.34694141, 0.34841660, 0.34972098, 0.34950244, 0.34933963, 0.34929961, 0.74980013E-1
0.98018028E-1, 0.21758725, 0.65282702E-1, 0.0000000, 0.40546060E-1, 1.4651507, 7.5526175, 9.6786385, 9.8328342, 19.934416, 19.891788, 19.865574, 19.859627, 0.24999969, 0.25040537, 0.26464999, 0.32552463, 0.34678540, 0.34832802, 0.34967208, 0.34945893, 0.34932786, 0.34929812, 0.65282702E-1
0.95655471E-1, 0.18905681, 0.56722719E-1, 0.0000000, 0.0000000, 1.1124104, 6.8831573, 9.6523943, 9.8182144, 19.923822, 19.884420, 19.863766, 19.859451, 0.24999969, 0.24998540, 0.26112381, 0.31883118, 0.34652367, 0.34818205, 0.34961912, 0.34942210, 0.34931883, 0.34929726, 0.56722719E-1
0.94522968E-1, 0.17538063, 0.52619454E-1, 0.0000000, 0.0000000, 0.93258619, 6.3965535, 9.6894588, 9.8312492, 19.913939, 19.878546, 19.862459, 19.859346, 0.24999969, 0.24998540, 0.25932163, 0.31395975, 0.34689021, 0.34831101, 0.34956968, 0.34939271, 0.34931231, 0.34929675, 0.52619454E-1
0.16767386, 1.0000000, 0.31765890, 2.6624203, 2.1338165, 4.8356824, 9.4601202, 9.7840223, 9.8696098, 19.905338, 19.874062, 19.861547, 19.859346, 0.27662379, 0.27133796, 0.29835659, 0.34460112, 0.34784016, 0.34869608, 0.34952670, 0.34937030, 0.34930775, 0.34929675, 0.31765890
0.15437704, 0.89818352, 0.26948202, 2.0807683, 1.8411189, 4.1085048, 9.6534958, 9.7898951, 9.8740740, 19.896191, 19.870207, 19.860819, 19.859299, 0.27080768, 0.26841119, 0.29108506, 0.34653497, 0.34789896, 0.34874076, 0.34948096, 0.34935105, 0.34930408, 0.34929651, 0.26948202
0.14302519, 0.76109779, 0.22835217, 1.5844226, 1.5689611, 3.5601740, 9.6792870, 9.7898626, 9.8738451, 19.888222, 19.867241, 19.860312, 19.859251, 0.26584423, 0.26568961, 0.28560174, 0.34679288, 0.34789863, 0.34873846, 0.34944111, 0.34933621, 0.34930155, 0.34929627, 0.22835217
0.13032851, 0.60777146, 0.18234968, 1.0446340, 1.2347758, 2.9881506, 9.5567799, 9.7668390, 9.8636894, 19.881527, 19.865002, 19.859947, 19.859222, 0.26044634, 0.26234776, 0.27988151, 0.34556779, 0.34766838, 0.34863690, 0.34940764, 0.34932500, 0.34929973, 0.34929612, 0.18234968
0.11966212, 0.47896323, 0.14370334, 0.59458315, 0.91659129, 2.6277928, 9.1718273, 9.7466249, 9.8529425, 19.875408, 19.863161, 19.859625, 19.859194, 0.25594559, 0.25916570, 0.27627763, 0.34171805, 0.34746614, 0.34852940, 0.34937704, 0.34931582, 0.34929812, 0.34929597, 0.14370334
0.11132210, 0.37824842, 0.11348588, 0.28883219, 0.64674020, 2.2626579, 8.7340698, 9.7260733, 9.8421984, 19.870716, 19.861818, 19.859442, 19.859163, 0.25288755, 0.25646636, 0.27262479, 0.33733931, 0.34725997, 0.34842172, 0.34935358, 0.34930909, 0.34929723, 0.34929582, 0.11348588
0.14988083, 0.84388703, 0.25319144, 1.7715216, 1.8653631, 4.0352721, 9.5224104, 9.7643929, 9.8547001, 19.867228, 19.860895, 19.859354, 19.859144, 0.26771325, 0.26865238, 0.29035139, 0.34522349, 0.34764358, 0.34854689, 0.34933615, 0.34930447, 0.34929678, 0.34929574, 0.25319144
0.14282934, 0.75873256, 0.22764254, 1.5099883, 1.6981542, 3.5027049, 9.6789913, 9.7921724, 9.8653402, 19.865129, 19.860371, 19.859335, 19.859144, 0.26509988, 0.26698154, 0.28502706, 0.34678990, 0.34792173, 0.34865341, 0.34932566, 0.34930184, 0.34929669, 0.34929574, 0.22764254
0.13379303, 0.64960915, 0.19490224, 1.1473805, 1.4544964, 3.0197523, 9.6840572, 9.7872019, 9.8635912, 19.862942, 19.859867, 19.859270, 19.859127, 0.26146656, 0.26453945, 0.28019181, 0.34683689, 0.34787017, 0.34863529, 0.34931472, 0.34929934, 0.34929636, 0.34929565, 0.19490224
0.12532625, 0.54736352, 0.16422549, 0.79066157, 1.1916488, 2.7430983, 9.4170074, 9.7747068, 9.8582430, 19.861002, 19.859442, 19.859188, 19.859110, 0.25790182, 0.26191217, 0.27742600, 0.34416664, 0.34774527, 0.34858185, 0.34930500, 0.34929723, 0.34929594, 0.34929556, 0.16422549
0.11725739, 0.44992349, 0.13499054, 0.46276450, 0.93005002, 2.4744539, 9.1000872, 9.7615509, 9.8519678, 19.858955, 19.858969, 19.859064, 19.859076, 0.25462463, 0.25929686, 0.27473971, 0.34099731, 0.34761360, 0.34851906, 0.34929478, 0.34929484, 0.34929532, 0.34929538, 0.13499054
0.11048811, 0.36817709, 0.11046417, 0.21504462, 0.69677830, 2.2033155, 8.7526522, 9.7486172, 9.8459225, 19.857460, 19.858566, 19.858946, 19.859045, 0.25214770, 0.25696245, 0.27202472, 0.33751982, 0.34748244, 0.34845796, 0.34928730, 0.34929281, 0.34929472, 0.34929523, 0.11046417
0.10464762, 0.29764679, 0.89302972E-1, 0.28175116E-1, 0.48386455, 1.9203395, 8.3595438, 9.7325888, 9.8386335, 19.856226, 19.858252, 19.858828, 19.859016, 0.25028142, 0.25483534, 0.26919684, 0.33358976, 0.34732258, 0.34838521, 0.34928113, 0.34929127, 0.34929413, 0.34929508, 0.89302972E-1
0.10138234, 0.25821501, 0.77472247E-1, 0.0000000, 0.31496286, 1.6488612, 7.9354892, 9.7176733, 9.8319445, 19.855501, 19.858084, 19.858757, 19.858986, 0.24999554, 0.25314856, 0.26648581, 0.32935217, 0.34717506, 0.34831887, 0.34927750, 0.34929043, 0.34929377, 0.34929493, 0.77472247E-1
0.98489471E-1, 0.22328049, 0.66990845E-1, 0.0000000, 0.16772449, 1.3509512, 7.4203796, 9.6908379, 9.8201189, 19.854948, 19.857943, 19.858709, 19.858963, 0.24999554, 0.25167608, 0.26350483, 0.32419863, 0.34690502, 0.34820005, 0.34927475, 0.34928972, 0.34929353, 0.34929481, 0.66990845E-1
0.96399993E-1, 0.19804770, 0.59420254E-1, 0.0000000, 0.78669190E-1, 1.1224270, 6.9286504, 9.6893215, 9.8183565, 19.854818, 19.857916, 19.858662, 19.858946, 0.24999554, 0.25078639, 0.26122206, 0.31928375, 0.34689131, 0.34818292, 0.34927410, 0.34928960, 0.34929329, 0.34929472, 0.59420254E-1
0.94874166E-1, 0.17962171, 0.53891905E-1, 0.0000000, 0.30606985E-1, 0.94234347, 6.4642038, 9.6953344, 9.8203936, 19.855118, 19.857977, 19.858662, 19.858934, 0.24999554, 0.25030586, 0.25942025, 0.31463766, 0.34695005, 0.34820282, 0.34927559, 0.34928989, 0.34929329, 0.34929466, 0.53891905E-1
0.93682915E-1, 0.16523610, 0.49575791E-1, 0.0000000, 0.0000000, 0.79646707, 6.0566187, 9.7043800, 9.8241558, 19.854786, 19.857878, 19.858614, 19.858923, 0.24999554, 0.24999575, 0.25796017, 0.31055933, 0.34703830, 0.34823972, 0.34927392, 0.34928939, 0.34929305, 0.34929460, 0.49575791E-1
0.92788801E-1, 0.15443869, 0.46336241E-1, 0.0000000, 0.0000000, 0.66495836, 5.6374912, 9.6988144, 9.8224583, 19.855047, 19.857941, 19.858566, 19.858923, 0.24999554, 0.24999575, 0.25664511, 0.30636734, 0.34698164, 0.34822237, 0.34927523, 0.34928972, 0.34929281, 0.34929460, 0.46336241E-1
0.92181571E-1, 0.14710571, 0.44136126E-1, 0.0000000, 0.0000000, 0.58497488, 5.2913747, 9.7181349, 9.8305435, 19.855778, 19.858082, 19.858566, 19.858923, 0.24999554, 0.24999575, 0.25584754, 0.30290979, 0.34717771, 0.34830421, 0.34927890, 0.34929040, 0.34929281, 0.34929460, 0.44136126E-1
0.91326416E-1, 0.13677879, 0.41037738E-1, 0.0000000, 0.0000000, 0.46420097, 4.8785129, 9.6925869, 9.8205814, 19.855158, 19.857891, 19.858545, 19.858923, 0.24999554, 0.24999575, 0.25463799, 0.29877666, 0.34691742, 0.34820297, 0.34927580, 0.34928945, 0.34929273, 0.34929460, 0.41037738E-1
0.90766340E-1, 0.13001522, 0.39008468E-1, 0.0000000, 0.0000000, 0.39249063, 4.5442681, 9.7200279, 9.8305120, 19.854992, 19.857859, 19.858561, 19.858923, 0.24999554, 0.24999575, 0.25392222, 0.29543647, 0.34719363, 0.34830287, 0.34927496, 0.34928930, 0.34929281, 0.34929460, 0.39008468E-1
0.89945085E-1, 0.12009773, 0.36032923E-1, 0.0000000, 0.0000000, 0.28399527, 4.1190276, 9.6767921, 9.8137112, 19.854036, 19.857599, 19.858503, 19.858898, 0.24999554, 0.24999575, 0.25283787, 0.29118422, 0.34676081, 0.34813470, 0.34927016, 0.34928799, 0.34929252, 0.34929448, 0.36032923E-1
0.89220107E-1, 0.11134283, 0.33406191E-1, 0.0000000, 0.0000000, 0.20074844, 3.6673648, 9.6653605, 9.8074560, 19.853626, 19.857492, 19.858540, 19.858875, 0.24999554, 0.24999575, 0.25200486, 0.28666410, 0.34664100, 0.34807029, 0.34926814, 0.34928745, 0.34929270, 0.34929436, 0.33406191E-1
0.88542402E-1, 0.10315879, 0.30950734E-1, 0.0000000, 0.0000000, 0.13609231, 3.1827371, 9.6476173, 9.7992334, 19.853754, 19.857523, 19.858561, 19.858875, 0.24999554, 0.24999575, 0.25135851, 0.28181601, 0.34645894, 0.34798649, 0.34926876, 0.34928763, 0.34929281, 0.34929436, 0.30950734E-1
0.87895349E-1, 0.95344953E-1, 0.28606348E-1, 0.0000000, 0.0000000, 0.72333217E-1, 2.8673382, 9.3571091, 9.7816801, 19.853542, 19.857475, 19.858540, 19.858875, 0.24999554, 0.24999575, 0.25072214, 0.27866399, 0.34355578, 0.34781146, 0.34926772, 0.34928739, 0.34929270, 0.34929436, 0.28606348E-1
0.87392047E-1, 0.89267053E-1, 0.26782794E-1, 0.0000000, 0.0000000, 0.27820468E-1, 2.6849389, 8.9514341, 9.7765656, 19.853481, 19.857458, 19.858545, 19.858875, 0.24999554, 0.24999575, 0.25027782, 0.27684218, 0.33950233, 0.34776127, 0.34926742, 0.34928730, 0.34929273, 0.34929436, 0.26782794E-1
0.86925484E-1, 0.83632790E-1, 0.25092347E-1, 0.0000000, 0.0000000, 0.0000000, 2.4860620, 8.5030079, 9.7653704, 19.853289, 19.857416, 19.858540, 19.858875, 0.24999554, 0.24999575, 0.24999942, 0.27485546, 0.33502126, 0.34765032, 0.34926644, 0.34928709, 0.34929270, 0.34929436, 0.25092347E-1
0.86586885E-1, 0.79543799E-1, 0.23865527E-1, 0.0000000, 0.0000000, 0.0000000, 2.2984357, 8.0637875, 9.7609224, 19.852821, 19.857306, 19.858509, 19.858875, 0.24999554, 0.24999575, 0.24999942, 0.27297446, 0.33062050, 0.34760222, 0.34926412, 0.34928653, 0.34929255, 0.34929436, 0.23865527E-1
0.86278647E-1, 0.75821467E-1, 0.22748716E-1, 0.0000000, 0.0000000, 0.0000000, 2.1317363, 7.6530390, 9.7634544, 19.852512, 19.857227, 19.858509, 19.858875, 0.24999554, 0.24999575, 0.24999942, 0.27130455, 0.32650742, 0.34762478, 0.34926257, 0.34928614, 0.34929255, 0.34929436, 0.22748716E-1
0.85973181E-1, 0.72132654E-1, 0.21641960E-1, 0.0000000, 0.0000000, 0.0000000, 1.9682050, 7.2406769, 9.7611952, 19.852264, 19.857176, 19.858509, 19.858875, 0.24999554, 0.24999575, 0.24999942, 0.26967514, 0.32239404, 0.34760624, 0.34926131, 0.34928587, 0.34929255, 0.34929436, 0.21641960E-1
0.85689828E-1, 0.68710871E-1, 0.20615323E-1, 0.0000000, 0.0000000, 0.0000000, 1.8201441, 6.8520708, 9.7626762, 19.852016, 19.857122, 19.858515, 19.858875, 0.24999554, 0.24999575, 0.24999942, 0.26819417, 0.31850705, 0.34762025, 0.34926009, 0.34928560, 0.34929258, 0.34929436, 0.20615323E-1
0.85391566E-1, 0.65109059E-1, 0.19534672E-1, 0.0000000, 0.0000000, 0.0000000, 1.6657054, 6.4436769, 9.7553949, 19.851646, 19.857035, 19.858503, 19.858850, 0.24999554, 0.24999575, 0.24999942, 0.26664820, 0.31441963, 0.34754530, 0.34925824, 0.34928519, 0.34929252, 0.34929425, 0.19534672E-1
0.85106201E-1, 0.61662972E-1, 0.18500742E-1, 0.0000000, 0.0000000, 0.0000000, 1.5219927, 6.0417714, 9.7527933, 19.851433, 19.857004, 19.858498, 19.858828, 0.24999554, 0.24999575, 0.24999942, 0.26521334, 0.31040463, 0.34752089, 0.34925717, 0.34928501, 0.34929249, 0.34929413, 0.18500742E-1
0.84820516E-1, 0.58213014E-1, 0.17465651E-1, 0.0000000, 0.0000000, 0.0000000, 1.3814270, 5.6340351, 9.7471704, 19.851292, 19.856974, 19.858492, 19.858828, 0.24999554, 0.24999575, 0.24999942, 0.26380935, 0.30633032, 0.34746593, 0.34925646, 0.34928486, 0.34929246, 0.34929413, 0.17465651E-1
0.84531762E-1, 0.54725971E-1, 0.16419433E-1, 0.0000000, 0.0000000, 0.0000000, 1.2451112, 5.2114830, 9.7394238, 19.851551, 19.857058, 19.858526, 19.858828, 0.24999554, 0.24999575, 0.24999942, 0.26244694, 0.30210608, 0.34738877, 0.34925777, 0.34928530, 0.34929264, 0.34929413, 0.16419433E-1
0.84331021E-1, 0.52301798E-1, 0.15692109E-1, 0.0000000, 0.0000000, 0.0000000, 1.1591733, 4.8902326, 9.7600822, 19.852564, 19.857319, 19.858566, 19.858828, 0.24999554, 0.24999575, 0.24999942, 0.26159057, 0.29889986, 0.34759918, 0.34926283, 0.34928659, 0.34929281, 0.34929413, 0.15692109E-1
0.84106170E-1, 0.49586441E-1, 0.14877420E-1, 0.0000000, 0.0000000, 0.0000000, 1.0593563, 4.5484080, 9.7536793, 19.852989, 19.857435, 19.858561, 19.858828, 0.24999554, 0.24999575, 0.24999942, 0.26059341, 0.29548377, 0.34753659, 0.34926495, 0.34928718, 0.34929281, 0.34929413, 0.14877420E-1
0.83869144E-1, 0.46724115E-1, 0.14018636E-1, 0.0000000, 0.0000000, 0.0000000, 0.95301569, 4.1938744, 9.7464333, 19.852530, 19.857298, 19.858503, 19.858828, 0.24999554, 0.24999575, 0.24999942, 0.25952396, 0.29192507, 0.34745374, 0.34926265, 0.34928650, 0.34929252, 0.34929413, 0.14018636E-1
0.83582334E-1, 0.43260574E-1, 0.12979470E-1, 0.0000000, 0.0000000, 0.0000000, 0.82898438, 3.7562478, 9.7177792, 19.852434, 19.857256, 19.858526, 19.858828, 0.24999554, 0.24999575, 0.24999942, 0.25828883, 0.28756019, 0.34717584, 0.34926218, 0.34928629, 0.34929264, 0.34929413, 0.12979470E-1
0.83303988E-1, 0.39899237E-1, 0.11970969E-1, 0.0000000, 0.0000000, 0.0000000, 0.71796179, 3.3097954, 9.7060957, 19.852699, 19.857323, 19.858545, 19.858828, 0.24999554, 0.24999575, 0.24999942, 0.25717875, 0.28309596, 0.34705898, 0.34926349, 0.34928662, 0.34929273, 0.34929413, 0.11970969E-1
0.83064713E-1, 0.37009772E-1, 0.11104042E-1, 0.0000000, 0.0000000, 0.0000000, 0.61492920, 2.9760838, 9.5906439, 19.852783, 19.857351, 19.858545, 19.858828, 0.24999554, 0.24999575, 0.24999942, 0.25614905, 0.27976024, 0.34590578, 0.34926391, 0.34928676, 0.34929273, 0.34929413, 0.11104042E-1
0.82924515E-1, 0.35316713E-1, 0.10596074E-1, 0.0000000, 0.0000000, 0.0000000, 0.54349601, 2.8373389, 9.4195385, 19.852507, 19.857275, 19.858515, 19.858828, 0.24999554, 0.24999575, 0.24999942, 0.25543472, 0.27837279, 0.34419474, 0.34926254, 0.34928638, 0.34929258, 0.34929413, 0.10596074E-1
0.82786538E-1, 0.33650495E-1, 0.10096159E-1, 0.0000000, 0.0000000, 0.0000000, 0.47227442, 2.7038753, 9.2520971, 19.851711, 19.857103, 19.858479, 19.858828, 0.24999554, 0.24999575, 0.24999942, 0.25471991, 0.27703065, 0.34251174, 0.34925854, 0.34928551, 0.34929240, 0.34929413, 0.10096159E-1
0.82641080E-1, 0.31893894E-1, 0.95691252E-2, 0.0000000, 0.0000000, 0.0000000, 0.40144324, 2.5568633, 9.0640059, 19.851173, 19.856953, 19.858450, 19.858828, 0.24999554, 0.24999575, 0.24999942, 0.25401184, 0.27556038, 0.34063032, 0.34925586, 0.34928477, 0.34929225, 0.34929413, 0.95691252E-2
0.82471997E-1, 0.29852092E-1, 0.89565236E-2, 0.0000000, 0.0000000, 0.0000000, 0.32462478, 2.3787975, 8.8327312, 19.850559, 19.856773, 19.858414, 19.858805, 0.24999554, 0.24999575, 0.24999942, 0.25324446, 0.27378148, 0.33831927, 0.34925279, 0.34928387, 0.34929207, 0.34929401, 0.89565236E-2
0.82291886E-1, 0.27677001E-1, 0.83039310E-2, 0.0000000, 0.0000000, 0.0000000, 0.25097430, 2.1806450, 8.5650024, 19.850212, 19.856680, 19.858335, 19.858805, 0.24999554, 0.24999575, 0.24999942, 0.25250775, 0.27179781, 0.33563873, 0.34925106, 0.34928340, 0.34929168, 0.34929401, 0.83039310E-2
0.82135923E-1, 0.25793655E-1, 0.77388706E-2, 0.0000000, 0.0000000, 0.0000000, 0.19456744, 2.0024180, 8.3079119, 19.850502, 19.856745, 19.858343, 19.858805, 0.24999554, 0.24999575, 0.24999942, 0.25194398, 0.27001548, 0.33306712, 0.34925252, 0.34928373, 0.34929171, 0.34929401, 0.77388706E-2
0.82009427E-1, 0.24266053E-1, 0.72805439E-2, 0.0000000, 0.0000000, 0.0000000, 0.15132129, 1.8565685, 8.0838575, 19.850878, 19.856821, 19.858372, 19.858805, 0.24999554, 0.24999575, 0.24999942, 0.25151309, 0.26856494, 0.33083749, 0.34925440, 0.34928411, 0.34929186, 0.34929401, 0.72805439E-2
0.81869259E-1, 0.22573367E-1, 0.67726872E-2, 0.0000000, 0.0000000, 0.0000000, 0.10560453, 1.6950279, 7.8286514, 19.850714, 19.856768, 19.858355, 19.858805, 0.24999554, 0.24999575, 0.24999942, 0.25105557, 0.26694652, 0.32828075, 0.34925357, 0.34928384, 0.34929177, 0.34929401, 0.67726872E-2
0.81758305E-1, 0.21233458E-1, 0.63706748E-2, 0.0000000, 0.0000000, 0.0000000, 0.68032742E-1, 1.5719324, 7.6222305, 19.850430, 19.856674, 19.858330, 19.858805, 0.24999554, 0.24999575, 0.24999942, 0.25067949, 0.26570985, 0.32620698, 0.34925216, 0.34928337, 0.34929165, 0.34929401, 0.63706748E-2
0.81638306E-1, 0.19784354E-1, 0.59358999E-2, 0.0000000, 0.0000000, 0.0000000, 0.35375357E-1, 1.4297962, 7.3733182, 19.850384, 19.856651, 19.858318, 19.858805, 0.24999554, 0.24999575, 0.24999942, 0.25035346, 0.26429164, 0.32372233, 0.34925193, 0.34928325, 0.34929159, 0.34929401, 0.59358999E-2
0.81543855E-1, 0.18643716E-1, 0.55936743E-2, 0.0000000, 0.0000000, 0.0000000, 0.0000000, 1.3318449, 7.1960220, 19.849476, 19.856421, 19.858242, 19.858805, 0.24999554, 0.24999575, 0.24999942, 0.24999990, 0.26330969, 0.32194442, 0.34924740, 0.34928209, 0.34929121, 0.34929401, 0.55936743E-2
0.81474617E-1, 0.17807622E-1, 0.53428207E-2, 0.0000000, 0.0000000, 0.0000000, 0.0000000, 1.2288719, 7.0021648, 19.848774, 19.856201, 19.858194, 19.858805, 0.24999554, 0.24999575, 0.24999942, 0.24999990, 0.26228231, 0.32000947, 0.34924388, 0.34928101, 0.34929097, 0.34929401, 0.53428207E-2
0.81383564E-1, 0.16708095E-1, 0.50129299E-2, 0.0000000, 0.0000000, 0.0000000, 0.0000000, 1.0962695, 6.7383256, 19.848402, 19.856085, 19.858171, 19.858805, 0.24999554, 0.24999575, 0.24999942, 0.24999990, 0.26096016, 0.31737810, 0.34924200, 0.34928042, 0.34929085, 0.34929401, 0.50129299E-2
0.81297368E-1, 0.15667183E-1, 0.47006253E-2, 0.0000000, 0.0000000, 0.0000000, 0.0000000, 0.97450912, 6.4792643, 19.848095, 19.855997, 19.858154, 19.858805, 0.24999554, 0.24999575, 0.24999942, 0.24999990, 0.25974214, 0.31478608, 0.34924048, 0.34928000, 0.34929079, 0.34929401, 0.47006253E-2
0.81238307E-1, 0.14953936E-1, 0.44866297E-2, 0.0000000, 0.0000000, 0.0000000, 0.0000000, 0.89166760, 6.3014817, 19.846975, 19.855719, 19.858095, 19.858805, 0.24999554, 0.24999575, 0.24999942, 0.24999990, 0.25891066, 0.31300062, 0.34923488, 0.34927860, 0.34929049, 0.34929401, 0.44866297E-2
0.81158288E-1, 0.13987648E-1, 0.41967141E-2, 0.0000000, 0.0000000, 0.0000000, 0.0000000, 0.78054965, 6.0569768, 19.844990, 19.855200, 19.857979, 19.858768, 0.24999554, 0.24999575, 0.24999942, 0.24999990, 0.25779599, 0.31054631, 0.34922490, 0.34927601, 0.34928989, 0.34929383, 0.41967141E-2
0.81073970E-1, 0.12969330E-1, 0.38911882E-2, 0.0000000, 0.0000000, 0.0000000, 0.0000000, 0.66662431, 5.7859144, 19.843229, 19.854734, 19.857874, 19.858757, 0.24999554, 0.24999575, 0.24999942, 0.24999990, 0.25666046, 0.30784237, 0.34921616, 0.34927368, 0.34928936, 0.34929377, 0.38911882E-2
0.80993079E-1, 0.11992482E-1, 0.35981047E-2, 0.0000000, 0.0000000, 0.0000000, 0.0000000, 0.56281388, 5.5135489, 19.842134, 19.854458, 19.857819, 19.858757, 0.24999554, 0.24999575, 0.24999942, 0.24999990, 0.25561860, 0.30510628, 0.34921062, 0.34927225, 0.34928909, 0.34929377, 0.35981047E-2
0.80899671E-1, 0.10864533E-1, 0.32596858E-2, 0.0000000, 0.0000000, 0.0000000, 0.0000000, 0.44598579, 5.1889844, 19.839767, 19.853828, 19.857685, 19.858709, 0.24999554, 0.24999575, 0.24999942, 0.24999990, 0.25444737, 0.30185160, 0.34919858, 0.34926909, 0.34928840, 0.34929353, 0.32596858E-2
0.80815680E-1, 0.98502776E-2, 0.29553787E-2, 0.0000000, 0.0000000, 0.0000000, 0.0000000, 0.34658015, 4.8765302, 19.838289, 19.853432, 19.857573, 19.858692, 0.24999554, 0.24999575, 0.24999942, 0.24999990, 0.25345692, 0.29873681, 0.34919116, 0.34926707, 0.34928784, 0.34929347, 0.29553787E-2
0.80741473E-1, 0.89540770E-2, 0.26864917E-2, 0.0000000, 0.0000000, 0.0000000, 0.0000000, 0.26524961, 4.5808477, 19.837818, 19.853296, 19.857561, 19.858698, 0.24999554, 0.24999575, 0.24999942, 0.24999990, 0.25264764, 0.29578692, 0.34918898, 0.34926644, 0.34928781, 0.34929350, 0.26864917E-2
0.80676585E-1, 0.81705032E-2, 0.24513961E-2, 0.0000000, 0.0000000, 0.0000000, 0.0000000, 0.20145178, 4.3005691, 19.838554, 19.853474, 19.857635, 19.858709, 0.24999554, 0.24999575, 0.24999942, 0.24999990, 0.25201240, 0.29299071, 0.34919277, 0.34926736, 0.34928817, 0.34929353, 0.24513961E-2
0.80600902E-1, 0.72565377E-2, 0.21771791E-2, 0.0000000, 0.0000000, 0.0000000, 0.0000000, 0.13716221, 3.9438186, 19.839203, 19.853651, 19.857685, 19.858709, 0.24999554, 0.24999575, 0.24999942, 0.24999990, 0.25137088, 0.28943095, 0.34919602, 0.34926826, 0.34928843, 0.34929353, 0.21771791E-2
0.80532201E-1, 0.64269383E-2, 0.19282744E-2, 0.0000000, 0.0000000, 0.0000000, 0.0000000, 0.86450577E-1, 3.5988483, 19.839956, 19.853849, 19.857719, 19.858709, 0.24999554, 0.24999575, 0.24999942, 0.24999990, 0.25086352, 0.28597492, 0.34919977, 0.34926924, 0.34928858, 0.34929353, 0.19282744E-2
0.80466002E-1, 0.56275218E-2, 0.16884254E-2, 0.0000000, 0.0000000, 0.0000000, 0.0000000, 0.46816468E-1, 3.2387404, 19.841038, 19.854139, 19.857771, 19.858709, 0.24999554, 0.24999575, 0.24999942, 0.24999990, 0.25046727, 0.28236669, 0.34920520, 0.34927070, 0.34928885, 0.34929353, 0.16884254E-2
0.80412440E-1, 0.49806624E-2, 0.14943482E-2, 0.0000000, 0.0000000, 0.0000000, 0.0000000, 0.23403764E-1, 2.9188633, 19.830584, 19.854677, 19.857889, 19.858709, 0.24999554, 0.24999575, 0.24999942, 0.24999990, 0.25023395, 0.27918512, 0.34915292, 0.34927338, 0.34928945, 0.34929353, 0.14943482E-2
0.80355324E-1, 0.42909617E-2, 0.12874173E-2, 0.0000000, 0.0000000, 0.0000000, 0.0000000, 0.14603138E-2, 2.5708616, 19.802067, 19.854929, 19.857954, 19.858709, 0.24999554, 0.24999575, 0.24999942, 0.24999990, 0.25001460, 0.27570453, 0.34901035, 0.34927464, 0.34928977, 0.34929353, 0.12874173E-2
0.80331407E-1, 0.40021259E-2, 0.12007579E-2, 0.0000000, 0.0000000, 0.0000000, 0.0000000, 0.0000000, 2.4025826, 19.775408, 19.855524, 19.858131, 19.858709, 0.24999554, 0.24999575, 0.24999942, 0.24999990, 0.24999988, 0.27401516, 0.34887704, 0.34927762, 0.34929067, 0.34929353, 0.12007579E-2
0.80314651E-1, 0.37997491E-2, 0.11400387E-2, 0.0000000, 0.0000000, 0.0000000, 0.0000000, 0.0000000, 2.2800775, 19.748747, 19.855944, 19.858194, 19.858709, 0.24980523, 0.24999575, 0.24999942, 0.24999990, 0.24999988, 0.27280077, 0.34874374, 0.34927970, 0.34929097, 0.34929353, 0.11400387E-2
0.80278106E-1, 0.33584258E-2, 0.10076285E-2, 0.0000000, 0.0000000, 0.0000000, 0.0000000, 0.0000000, 2.0165205, 19.722168, 19.856218, 19.858231, 19.858709, 0.24980523, 0.24999575, 0.24999942, 0.24999990, 0.24999988, 0.27015257, 0.34861085, 0.34928110, 0.34929115, 0.34929353, 0.10076285E-2
0.80230877E-1, 0.27881409E-2, 0.83652593E-3, 0.0000000, 0.0000000, 0.0000000, 0.0000000, 0.0000000, 1.6730517, 19.694448, 19.856167, 19.858200, 19.858709, 0.24980523, 0.24999575, 0.24999942, 0.24999990, 0.24999988, 0.26673052, 0.34847224, 0.34928083, 0.34929100, 0.34929353, 0.83652593E-3
0.82057022E-1, 0.24840754E-1, 0.74529713E-2, 0.13334453, 0.0000000, 0.0000000, 0.0000000, 0.0000000, 1.6111732, 19.667749, 19.856337, 19.858219, 19.858709, 0.25132948, 0.24999575, 0.24999942, 0.24999990, 0.24999988, 0.26611125, 0.34833875, 0.34928167, 0.34929109, 0.34929353, 0.74529713E-2
0.80205090E-1, 0.24767378E-2, 0.74309565E-3, 0.0000000, 0.0000000, 0.0000000, 0.0000000, 0.0000000, 1.4872253, 19.638548, 19.855902, 19.858095, 19.858709, 0.24986669, 0.24999575, 0.24999942, 0.24999990, 0.24999988, 0.26486191, 0.34819275, 0.34927952, 0.34929049, 0.34929353, 0.74309565E-3
0.80180235E-1, 0.21765886E-2, 0.65304193E-3, 0.0000000, 0.0000000, 0.0000000, 0.0000000, 0.0000000, 1.3071805, 19.610641, 19.855902, 19.858131, 19.858709, 0.24986669, 0.24999575, 0.24999942, 0.24999990, 0.24999988, 0.26306084, 0.34805322, 0.34927952, 0.34929067, 0.34929353, 0.65304193E-3
0.80154136E-1, 0.18613414E-2, 0.55845827E-3, 0.0000000, 0.0000000, 0.0000000, 0.0000000, 0.0000000, 1.1172950, 19.581903, 19.855701, 19.858084, 19.858709, 0.24986669, 0.24999575, 0.24999942, 0.24999990, 0.24999988, 0.26116917, 0.34790951, 0.34927851, 0.34929043, 0.34929353, 0.55845827E-3
0.80124691E-1, 0.15058154E-2, 0.45178982E-3, 0.0000000, 0.0000000, 0.0000000, 0.0000000, 0.0000000, 0.90403855, 19.554411, 19.855843, 19.858154, 19.858709, 0.24986669, 0.24999575, 0.24999942, 0.24999990, 0.24999988, 0.25903580, 0.34777206, 0.34927922, 0.34929079, 0.34929353, 0.45178982E-3
0.80102861E-1, 0.12421857E-2, 0.37269297E-3, 0.0000000, 0.0000000, 0.0000000, 0.0000000, 0.0000000, 0.74547827, 19.527580, 19.856091, 19.858189, 19.858709, 0.24986669, 0.24999575, 0.24999942, 0.24999990, 0.24999988, 0.25745386, 0.34763789, 0.34928045, 0.34929094, 0.34929353, 0.37269297E-3
0.80073200E-1, 0.88395778E-3, 0.26521386E-3, 0.0000000, 0.0000000, 0.0000000, 0.0000000, 0.0000000, 0.53054392, 19.501066, 19.856337, 19.858231, 19.858709, 0.24986669, 0.24999575, 0.24999942, 0.24999990, 0.24999988, 0.25530428, 0.34750533, 0.34928167, 0.34929115, 0.34929353, 0.26521386E-3
0.80051407E-1, 0.62083453E-3, 0.18626900E-3, 0.0000000, 0.0000000, 0.0000000, 0.0000000, 0.0000000, 0.37253797, 19.471918, 19.855902, 19.858120, 19.858709, 0.24986669, 0.24999575, 0.24999942, 0.24999990, 0.24999988, 0.25372538, 0.34735960, 0.34927952, 0.34929061, 0.34929353, 0.18626900E-3
0.80025569E-1, 0.30879572E-3, 0.92647977E-4, 0.0000000, 0.0000000, 0.0000000, 0.0000000, 0.0000000, 0.18652081, 19.440351, 19.855076, 19.857916, 19.858688, 0.24986669, 0.24999575, 0.24999942, 0.24999990, 0.24999988, 0.25185296, 0.34720176, 0.34927538, 0.34928960, 0.34929344, 0.92647977E-4
0.79999998E-1, 0.0000000, 0.0000000, 0.0000000, 0.0000000, 0.0000000, 0.0000000, 0.0000000, 0.0000000, 19.409655, 19.854698, 19.857843, 19.858709, 0.24986669, 0.24999575, 0.24999942, 0.24999990, 0.24999988, 0.24998918, 0.34704828, 0.34927350, 0.34928921, 0.34929353, 0.0000000
0.80832779E-1, 0.10056782E-1, 0.30173364E-2, 0.61577559E-1, 0.0000000, 0.0000000, 0.0000000, 0.0000000, 0.0000000, 19.381939, 19.855106, 19.857973, 19.858709, 0.25060347, 0.24999575, 0.24999942, 0.24999990, 0.24999988, 0.24998918, 0.34690970, 0.34927553, 0.34928986, 0.34929353, 0.30173364E-2
0.90248160E-1, 0.12375768, 0.37131015E-1, 0.74323714, 0.0000000, 0.0000000, 0.0000000, 0.0000000, 0.0000000, 19.353384, 19.855188, 19.858007, 19.858709, 0.25742620, 0.24999575, 0.24999942, 0.24999990, 0.24999988, 0.24998918, 0.34676692, 0.34927595, 0.34929004, 0.34929353, 0.37131015E-1
0.80302529E-1, 0.36533996E-2, 0.10961295E-2, 0.22390485E-1, 0.0000000, 0.0000000, 0.0000000, 0.0000000, 0.0000000, 19.321754, 19.854588, 19.857853, 19.858688, 0.25021923, 0.24999575, 0.24999942, 0.24999990, 0.24999988, 0.24998918, 0.34660876, 0.34927294, 0.34928927, 0.34929344, 0.10961295E-2
0.79999998E-1, 0.0000000, 0.0000000, 0.0000000, 0.0000000, 0.0000000, 0.0000000, 0.0000000, 0.0000000, 19.292868, 19.854771, 19.857906, 19.858709, 0.24993868, 0.24999575, 0.24999942, 0.24999990, 0.24999988, 0.24998918, 0.34646434, 0.34927386, 0.34928954, 0.34929353, 0.0000000
0.79999998E-1, 0.0000000, 0.0000000, 0.0000000, 0.0000000, 0.0000000, 0.0000000, 0.0000000, 0.0000000, 19.260456, 19.854126, 19.857723, 19.858675, 0.24993868, 0.24999575, 0.24999942, 0.24999990, 0.24999988, 0.24998918, 0.34630227, 0.34927064, 0.34928861, 0.34929338, 0.0000000
0.79999998E-1, 0.0000000, 0.0000000, 0.0000000, 0.0000000, 0.0000000, 0.0000000, 0.0000000, 0.0000000, 19.231115, 19.854322, 19.857771, 19.858709, 0.24993868, 0.24999575, 0.24999942, 0.24999990, 0.24999988, 0.24998918, 0.34615558, 0.34927160, 0.34928885, 0.34929353, 0.0000000
0.79999998E-1, 0.0000000, 0.0000000, 0.0000000, 0.0000000, 0.0000000, 0.0000000, 0.0000000, 0.0000000, 19.201727, 19.854464, 19.857801, 19.858709, 0.24993868, 0.24999575, 0.24999942, 0.24999990, 0.24999988, 0.24998918, 0.34600863, 0.34927231, 0.34928900, 0.34929353, 0.0000000
0.79999998E-1, 0.0000000, 0.0000000, 0.0000000, 0.0000000, 0.0000000, 0.0000000, 0.0000000, 0.0000000, 19.170961, 19.854244, 19.857731, 19.858698, 0.24993868, 0.24999575, 0.24999942, 0.24999990, 0.24999988, 0.24998918, 0.34585482, 0.34927124, 0.34928864, 0.34929350, 0.0000000
0.79999998E-1, 0.0000000, 0.0000000, 0.0000000, 0.0000000, 0.0000000, 0.0000000, 0.0000000, 0.0000000, 19.138483, 19.853720, 19.857590, 19.858675, 0.24993868, 0.24999575, 0.24999942, 0.24999990, 0.24999988, 0.24998918, 0.34569243, 0.34926862, 0.34928796, 0.34929338, 0.0000000
0.79999998E-1, 0.0000000, 0.0000000, 0.0000000, 0.0000000, 0.0000000, 0.0000000, 0.0000000, 0.0000000, 19.105495, 19.853262, 19.857500, 19.858669, 0.24993868, 0.24999575, 0.24999942, 0.24999990, 0.24999988, 0.24998918, 0.34552747, 0.34926632, 0.34928751, 0.34929335, 0.0000000
0.79999998E-1, 0.0000000, 0.0000000, 0.0000000, 0.0000000, 0.0000000, 0.0000000, 0.0000000, 0.0000000, 19.072668, 19.852989, 19.857430, 19.858675, 0.24993868, 0.24999575, 0.24999942, 0.24999990, 0.24999988, 0.24998918, 0.34536335, 0.34926495, 0.34928715, 0.34929338, 0.0000000
0.79999998E-1, 0.0000000, 0.0000000, 0.0000000, 0.0000000, 0.0000000, 0.0000000, 0.0000000, 0.0000000, 19.041903, 19.853251, 19.857531, 19.858704, 0.24993868, 0.24999575, 0.24999942, 0.24999990, 0.24999988, 0.24998918, 0.34520951, 0.34926626, 0.34928766, 0.34929353, 0.0000000
0.79999998E-1, 0.0000000, 0.0000000, 0.0000000, 0.0000000, 0.0000000, 0.0000000, 0.0000000, 0.0000000, 19.013041, 19.853849, 19.857719, 19.858709, 0.24993868, 0.24999575, 0.24999942, 0.24999990, 0.24999988, 0.24998918, 0.34506521, 0.34926924, 0.34928858, 0.34929353, 0.0000000
0.82398906E-1, 0.28969433E-1, 0.86916992E-2, 0.17389953, 0.0000000, 0.0000000, 0.0000000, 0.0000000, 0.0000000, 18.979065, 19.853144, 19.857512, 19.858664, 0.25173834, 0.24999575, 0.24999942, 0.24999990, 0.24999988, 0.24998918, 0.34489533, 0.34926572, 0.34928757, 0.34929332, 0.86916992E-2
0.79999998E-1, 0.0000000, 0.0000000, 0.0000000, 0.0000000, 0.0000000, 0.0000000, 0.0000000, 0.0000000, 18.948225, 19.853344, 19.857592, 19.858709, 0.24988471, 0.24999575, 0.24999942, 0.24999990, 0.24999988, 0.24998918, 0.34474114, 0.34926671, 0.34928796, 0.34929353, 0.0000000
0.79999998E-1, 0.0000000, 0.0000000, 0.0000000, 0.0000000, 0.0000000, 0.0000000, 0.0000000, 0.0000000, 18.915920, 19.853163, 19.857553, 19.858683, 0.24988471, 0.24999575, 0.24999942, 0.24999990, 0.24999988, 0.24998918, 0.34457961, 0.34926581, 0.34928778, 0.34929341, 0.0000000
0.79999998E-1, 0.0000000, 0.0000000, 0.0000000, 0.0000000, 0.0000000, 0.0000000, 0.0000000, 0.0000000, 18.887793, 19.853958, 19.857784, 19.858709, 0.24988471, 0.24999575, 0.24999942, 0.24999990, 0.24999988, 0.24998918, 0.34443852, 0.34926969, 0.34928888, 0.34929353, 0.0000000
0.79999998E-1, 0.0000000, 0.0000000, 0.0000000, 0.0000000, 0.0000000, 0.0000000, 0.0000000, 0.0000000, 18.860008, 19.854595, 19.857912, 19.858709, 0.24988471, 0.24999575, 0.24999942, 0.24999990, 0.24999988, 0.24998918, 0.34430003, 0.34927297, 0.34928957, 0.34929353, 0.0000000
0.79999998E-1, 0.0000000, 0.0000000, 0.0000000, 0.0000000, 0.0000000, 0.0000000, 0.0000000, 0.0000000, 18.830584, 19.854683, 19.857925, 19.858709, 0.24988471, 0.24999575, 0.24999942, 0.24999990, 0.24999988, 0.24998918, 0.34415293, 0.34927341, 0.34928963, 0.34929353, 0.0000000
0.79999998E-1, 0.0000000, 0.0000000, 0.0000000, 0.0000000, 0.0000000, 0.0000000, 0.0000000, 0.0000000, 18.800644, 19.854616, 19.857895, 19.858709, 0.24988471, 0.24999575, 0.24999942, 0.24999990, 0.24999988, 0.24998918, 0.34400323, 0.34927309, 0.34928948, 0.34929353, 0.0000000
0.79999998E-1, 0.0000000, 0.0000000, 0.0000000, 0.0000000, 0.0000000, 0.0000000, 0.0000000, 0.0000000, 18.771589, 19.854752, 19.857925, 19.858709, 0.24988471, 0.24999575, 0.24999942, 0.24999990, 0.24999988, 0.24998918, 0.34385794, 0.34927374, 0.34928963, 0.34929353, 0.0000000
0.79999998E-1, 0.0000000, 0.0000000, 0.0000000, 0.0000000, 0.0000000, 0.0000000, 0.0000000, 0.0000000, 18.737091, 19.853651, 19.857634, 19.858641, 0.24988471, 0.24999575, 0.24999942, 0.24999990, 0.24999988, 0.24998918, 0.34368545, 0.34926826, 0.34928817, 0.34929320, 0.0000000
0.79999998E-1, 0.0000000, 0.0000000, 0.0000000, 0.0000000, 0.0000000, 0.0000000, 0.0000000, 0.0000000, 18.702293, 19.852837, 19.857401, 19.858629, 0.24988471, 0.24999575, 0.24999942, 0.24999990, 0.24999988, 0.24998918, 0.34351146, 0.34926417, 0.34928700, 0.34929314, 0.0000000
0.79999998E-1, 0.0000000, 0.0000000, 0.0000000, 0.0000000, 0.0000000, 0.0000000, 0.0000000, 0.0000000, 18.669605, 19.852718, 19.857376, 19.858652, 0.24988471, 0.24999575, 0.24999942, 0.24999990, 0.24999988, 0.24998918, 0.34334803, 0.34926361, 0.34928688, 0.34929326, 0.0000000
0.79999998E-1, 0.0000000, 0.0000000, 0.0000000, 0.0000000, 0.0000000, 0.0000000, 0.0000000, 0.0000000, 18.640743, 19.853502, 19.857603, 19.858709, 0.24988471, 0.24999575, 0.24999942, 0.24999990, 0.24999988, 0.24998918, 0.34320372, 0.34926751, 0.34928802, 0.34929353, 0.0000000
0.93967125E-1, 0.16866826, 0.50605539E-1, 1.0122150, 0.0000000, 0.0000000, 0.0000000, 0.0000000, 0.0000000, 18.612364, 19.854128, 19.857784, 19.858709, 0.26012111, 0.24999575, 0.24999942, 0.24999990, 0.24999988, 0.24998918, 0.34306180, 0.34927064, 0.34928891, 0.34929353, 0.50605539E-1
0.12034020, 0.48715174, 0.14616014, 2.4774790, 0.74290037, 0.0000000, 0.0000000, 0.0000000, 0.0000000, 18.583818, 19.854509, 19.857866, 19.858709, 0.27477464, 0.25742897, 0.24999942, 0.24999990, 0.24999988, 0.24998918, 0.34291908, 0.34927255, 0.34928933, 0.34929353, 0.14616014
0.11356784, 0.40536821, 0.12162263, 2.0755796, 0.59488118, 0.0000000, 0.0000000, 0.0000000, 0.0000000, 18.555557, 19.854860, 19.857943, 19.858709, 0.27075529, 0.25594872, 0.24999942, 0.24999990, 0.24999988, 0.24998918, 0.34277779, 0.34927431, 0.34928972, 0.34929353, 0.12162263
0.10576430, 0.31113186, 0.93348898E-1, 1.6156018, 0.41926503, 0.0000000, 0.0000000, 0.0000000, 0.0000000, 18.526646, 19.854971, 19.857960, 19.858709, 0.26615435, 0.25419238, 0.24999942, 0.24999990, 0.24999988, 0.24998918, 0.34263322, 0.34927484, 0.34928980, 0.34929353, 0.93348898E-1
0.97194210E-1, 0.20763874, 0.62297855E-1, 1.1338353, 0.18723309, 0.0000000, 0.0000000, 0.0000000, 0.0000000, 18.496550, 19.854788, 19.857901, 19.858704, 0.26133630, 0.25187212, 0.24999942, 0.24999990, 0.24999988, 0.24998918, 0.34248275, 0.34927395, 0.34928951, 0.34929353, 0.62297855E-1
0.89230143E-1, 0.11146405, 0.33442561E-1, 0.66632032, 0.45061111E-2, 0.0000000, 0.0000000, 0.0000000, 0.0000000, 18.466913, 19.854757, 19.857885, 19.858709, 0.25666147, 0.25004506, 0.24999942, 0.24999990, 0.24999988, 0.24998918, 0.34233457, 0.34927380, 0.34928942, 0.34929353, 0.33442561E-1
0.81358597E-1, 0.16406525E-1, 0.49224501E-2, 0.99027157E-1, 0.0000000, 0.0000000, 0.0000000, 0.0000000, 0.0000000, 18.435711, 19.854399, 19.857784, 19.858698, 0.25098449, 0.24999984, 0.24999942, 0.24999990, 0.24999988, 0.24998918, 0.34217855, 0.34927198, 0.34928891, 0.34929350, 0.49224501E-2
0.79999998E-1, 0.0000000, 0.0000000, 0.0000000, 0.0000000, 0.0000000, 0.0000000, 0.0000000, 0.0000000, 18.400766, 19.853279, 19.857500, 19.858641, 0.24999529, 0.24999984, 0.24999942, 0.24999990, 0.24999988, 0.24998918, 0.34200364, 0.34926635, 0.34928751, 0.34929320, 0.0000000
0.79999998E-1, 0.0000000, 0.0000000, 0.0000000, 0.0000000, 0.0000000, 0.0000000, 0.0000000, 0.0000000, 18.369583, 19.853355, 19.857523, 19.858683, 0.24999529, 0.24999984, 0.24999942, 0.24999990, 0.24999988, 0.24998918, 0.34184739, 0.34926662, 0.34928760, 0.34929341, 0.0000000
0.14158356, 0.74368834, 0.22312883, 2.2994490, 2.2940545, 2.3293347, 1.4662653, 0.0000000, 0.0000000, 18.341524, 19.854086, 19.857731, 19.858709, 0.27299392, 0.27294022, 0.27329317, 0.26466262, 0.24999988, 0.24998918, 0.34170762, 0.34927043, 0.34928864, 0.34929353, 0.22312883
0.13992614, 0.72367316, 0.21712367, 2.0196080, 2.1688313, 2.1958709, 2.1643579, 4.6744347, 9.2759771, 19.298201, 19.854830, 19.857906, 19.858709, 0.27019575, 0.27168810, 0.27195859, 0.27164355, 0.29674432, 0.34275979, 0.34649101, 0.34927416, 0.34928954, 0.34929353, 0.21712367
0.17192480, 1.0000000, 0.33306086, 2.4894924, 4.9652548, 2.2181101, 3.5596542, 7.2480373, 9.6132851, 19.606537, 19.855213, 19.858030, 19.858709, 0.27489483, 0.29965246, 0.27218106, 0.28559655, 0.32248038, 0.34613284, 0.34803268, 0.34927607, 0.34929016, 0.34929353, 0.33306086
0.13916677, 0.71450305, 0.21437235, 1.7677248, 2.1110983, 2.2913365, 3.0390778, 9.5480223, 9.7155008, 19.710861, 19.854416, 19.857811, 19.858688, 0.26767546, 0.27110970, 0.27291268, 0.28039059, 0.34547994, 0.34715492, 0.34855431, 0.34927207, 0.34928906, 0.34929344, 0.21437235
0.12339599, 0.52405387, 0.15723188, 0.98396540, 1.6773164, 2.0644009, 2.8958142, 9.3576803, 9.7635527, 19.760021, 19.853497, 19.857576, 19.858669, 0.25971729, 0.26670969, 0.27061138, 0.27894181, 0.34356806, 0.34763116, 0.34879938, 0.34926727, 0.34928781, 0.34929335, 0.15723188
0.11109827, 0.37554544, 0.11267490, 0.37077069, 1.3083249, 1.8627822, 2.8062611, 9.1739092, 9.7924767, 19.788343, 19.853184, 19.857489, 19.858688, 0.25368997, 0.26307249, 0.26862186, 0.27805993, 0.34173715, 0.34792390, 0.34894159, 0.34926590, 0.34928745, 0.34929344, 0.11267490
0.14474520, 0.78186852, 0.23458402, 2.8545527, 1.2495756, 1.8315107, 2.7912378, 9.0781050, 9.8264074, 19.809711, 19.854233, 19.857784, 19.858709, 0.27854428, 0.26249543, 0.26831487, 0.27791232, 0.34078091, 0.34826404, 0.34904855, 0.34927118, 0.34928891, 0.34929353, 0.23458402
0.13729621, 0.69191402, 0.20759498, 2.4557681, 1.0726154, 1.7341435, 2.7458458, 8.9801521, 9.8389997, 19.821367, 19.854464, 19.857824, 19.858709, 0.27455583, 0.26072568, 0.26734105, 0.27745834, 0.33980131, 0.34838992, 0.34910685, 0.34927231, 0.34928912, 0.34929353, 0.20759498
0.13404486, 0.65265048, 0.19581473, 2.2847712, 0.99190772, 1.6907811, 2.7248116, 8.9106760, 9.8532991, 19.830559, 19.855087, 19.857979, 19.858709, 0.27284610, 0.25991866, 0.26690745, 0.27724800, 0.33910659, 0.34853292, 0.34915280, 0.34927544, 0.34928989, 0.34929353, 0.19581473
0.12902991, 0.59208941, 0.17764460, 2.0176320, 0.87184310, 1.6231775, 2.6930599, 8.8394241, 9.8595991, 19.836155, 19.855389, 19.858084, 19.858709, 0.27017501, 0.25871810, 0.26623145, 0.27693048, 0.33839405, 0.34859592, 0.34918076, 0.34927696, 0.34929043, 0.34929353, 0.17764460
0.11900616, 0.47104177, 0.14132667, 1.5289485, 0.58077574, 1.4412105, 2.6110916, 8.7202711, 9.8496895, 19.837315, 19.854912, 19.857954, 19.858692, 0.26528937, 0.25580773, 0.26441208, 0.27611092, 0.33720270, 0.34849688, 0.34918657, 0.34927458, 0.34928977, 0.34929347, 0.14132667
0.10388532, 0.28844121, 0.86541019E-1, 0.72563887, 0.22342801, 1.2174129, 2.5048165, 8.5793905, 9.8402052, 19.836088, 19.854033, 19.857718, 19.858658, 0.25725505, 0.25223404, 0.26217344, 0.27504790, 0.33579344, 0.34840187, 0.34918043, 0.34927016, 0.34928858, 0.34929329, 0.86541019E-1
0.11762302, 0.45433879, 0.13631527, 1.7784804, 0.15386641, 1.1762321, 2.4844499, 8.5106983, 9.8572254, 19.840405, 19.854771, 19.857895, 19.858709, 0.26778185, 0.25153852, 0.26176172, 0.27484426, 0.33510655, 0.34857208, 0.34920204, 0.34927386, 0.34928948, 0.34929353, 0.13631527
0.10443242, 0.29504806, 0.88523269E-1, 1.0178566, 0.0000000, 0.87994635, 2.3360581, 8.3395576, 9.8336582, 19.835136, 19.853136, 19.857483, 19.858616, 0.26017800, 0.24999821, 0.25879931, 0.27336049, 0.33339542, 0.34833652, 0.34917569, 0.34926569, 0.34928742, 0.34929308, 0.88523269E-1
0.90524122E-1, 0.12709026, 0.38130891E-1, 0.10399222, 0.0000000, 0.61533451, 2.1943779, 8.1414375, 9.8190098, 19.832581, 19.852259, 19.857283, 19.858599, 0.25103951, 0.24999821, 0.25615260, 0.27194324, 0.33141336, 0.34818968, 0.34916291, 0.34926128, 0.34928641, 0.34929299, 0.38130891E-1
0.88342324E-1, 0.10074265, 0.30225817E-1, 0.0000000, 0.0000000, 0.46971142, 2.1067321, 7.9668150, 9.8224020, 19.834949, 19.852730, 19.857401, 19.858669, 0.24999586, 0.24999821, 0.25469640, 0.27106667, 0.32966694, 0.34822351, 0.34917474, 0.34926364, 0.34928700, 0.34929335, 0.30225817E-1
0.12519506, 0.54577929, 0.16375017, 2.1224439, 0.93581080, 0.43551624, 2.0888538, 7.8922477, 9.8495111, 19.839333, 19.853804, 19.857719, 19.858709, 0.27122295, 0.25935772, 0.25435507, 0.27088845, 0.32892230, 0.34849507, 0.34919667, 0.34926903, 0.34928858, 0.34929353, 0.16375017
0.12376800, 0.52854615, 0.15857971, 2.0985813, 0.83324611, 0.38666427, 2.0624728, 7.8244166, 9.8609381, 19.842054, 19.854486, 19.857855, 19.858709, 0.27098560, 0.25833240, 0.25386664, 0.27062473, 0.32824412, 0.34860939, 0.34921026, 0.34927243, 0.34928927, 0.34929353, 0.15857971
0.20096716, 1.0000000, 0.43828678, 2.7873158, 4.1106238, 8.6333208, 9.0222893, 9.4006472, 9.8709478, 19.844902, 19.855202, 19.858047, 19.858709, 0.27787307, 0.29110613, 0.33633313, 0.34022287, 0.34400648, 0.34870946, 0.34922451, 0.34927601, 0.34929025, 0.34929353, 0.43828678
0.35599983, 1.0000000, 0.99999928, 9.9999990, 9.9999990, 9.9999990, 9.9999990, 9.9999990, 9.9999990, 19.999998, 19.999998, 19.999998, 19.998999, 0.34999990, 0.34999993, 0.34999996, 0.34999999, 0.34999999, 0.34999999, 0.34999999, 0.34999999, 0.34999999, 0.34999499, 0.99999928
0.35600001, 1.0000000, 1.0000000, 9.9999990, 9.9999990, 9.9999990, 9.9999990, 9.9999990, 9.9999990, 19.999998, 19.999998, 19.999998, 19.998999, 0.34999999, 0.34999999, 0.34999999, 0.34999999, 0.34999999, 0.34999999, 0.34999999, 0.34999999, 0.34999999, 0.34999499, 1.0000000
0.35599983, 1.0000000, 0.99999928, 9.9999990, 9.9999990, 9.9999990, 9.9999990, 9.9999990, 9.9999990, 19.999998, 19.999998, 19.999998, 19.998999, 0.34999990, 0.34999993, 0.34999996, 0.34999999, 0.34999999, 0.34999999, 0.34999999, 0.34999999, 0.34999999, 0.34999499, 0.99999928
0.34797114, 1.0000000, 0.97090989, 9.6134977, 9.7469797, 9.8642035, 9.9645309, 9.9819851, 9.9931402, 19.999153, 19.999773, 19.999821, 19.980742, 0.34613487, 0.34746975, 0.34864202, 0.34964532, 0.34981984, 0.34993142, 0.34999576, 0.34999886, 0.34999910, 0.34990370, 0.97090989
0.32838953, 1.0000000, 0.89996201, 8.3910675, 9.5246496, 9.7222471, 9.8984613, 9.9468069, 9.9774599, 19.995375, 19.998795, 19.998400, 19.957859, 0.33380067, 0.34518984, 0.34719360, 0.34897017, 0.34946069, 0.34977087, 0.34997618, 0.34999380, 0.34999195, 0.34978929, 0.89996201
0.28557119, 1.0000000, 0.74482310, 5.4774165, 9.2903728, 9.5445442, 9.7695713, 9.8708048, 9.9390612, 19.983412, 19.995634, 19.994270, 19.937069, 0.30477285, 0.34290239, 0.34544477, 0.34769556, 0.34870797, 0.34939060, 0.34991705, 0.34997818, 0.34997135, 0.34968534, 0.74482310
0.23943987, 1.0000000, 0.57768071, 2.7816772, 8.2706785, 9.4517946, 9.6812220, 9.8080730, 9.9030209, 19.970171, 19.992002, 19.987215, 19.919134, 0.27781612, 0.33270562, 0.34451729, 0.34681207, 0.34808066, 0.34903017, 0.34985086, 0.34996003, 0.34993607, 0.34959567, 0.57768071
0.20169404, 1.0000000, 0.44092044, 1.3886452, 6.0603476, 9.4113789, 9.6386747, 9.7722101, 9.8789587, 19.958267, 19.988306, 19.977316, 19.904362, 0.26388603, 0.31060237, 0.34411293, 0.34638655, 0.34772202, 0.34878954, 0.34979135, 0.34994152, 0.34988660, 0.34952182, 0.44092044
0.16752483, 1.0000000, 0.31711891, 0.25069416, 3.8457711, 9.3870239, 9.6164913, 9.7523108, 9.8645887, 19.948420, 19.984346, 19.965094, 19.892630, 0.25250685, 0.28845689, 0.34386921, 0.34616470, 0.34752297, 0.34864587, 0.34974211, 0.34992173, 0.34982547, 0.34946316, 0.31711891
0.15296656, 0.88115036, 0.26437154, 0.0000000, 2.7508111, 8.8905830, 9.6398249, 9.7628746, 9.8672667, 19.943764, 19.980627, 19.951620, 19.883671, 0.24997362, 0.27750650, 0.33890322, 0.34639767, 0.34762844, 0.34867257, 0.34971881, 0.34990314, 0.34975809, 0.34941834, 0.26437154
0.14108357, 0.73765051, 0.22131729, 0.0000000, 1.8996507, 7.7328844, 9.6008978, 9.7388029, 9.8529940, 19.933329, 19.973808, 19.937122, 19.876791, 0.24997362, 0.26899603, 0.32732791, 0.34600875, 0.34738791, 0.34852991, 0.34966666, 0.34986904, 0.34968561, 0.34938395, 0.22131729
0.13105553, 0.61655104, 0.18498382, 0.0000000, 1.2561917, 6.5996246, 9.5943480, 9.7330904, 9.8494797, 19.927769, 19.966362, 19.923269, 19.871740, 0.24997362, 0.26256141, 0.31599486, 0.34594309, 0.34733069, 0.34849474, 0.34963885, 0.34983182, 0.34961635, 0.34935871, 0.18498382
0.12065648, 0.49097121, 0.14730610, 0.0000000, 0.63355863, 5.3396339, 9.5698767, 9.7169647, 9.8412580, 19.921982, 19.957016, 19.910488, 19.868036, 0.24997362, 0.25633550, 0.30339596, 0.34569862, 0.34716958, 0.34841254, 0.34960991, 0.34978509, 0.34955245, 0.34934017, 0.14730610
0.11209089, 0.38753238, 0.11627135, 0.0000000, 0.16587973, 4.2076578, 9.5648623, 9.7130184, 9.8385744, 19.917345, 19.946442, 19.899345, 19.865341, 0.24997362, 0.25165865, 0.29207486, 0.34564784, 0.34712979, 0.34838560, 0.34958673, 0.34973222, 0.34949672, 0.34932670, 0.11627135
0.10733092, 0.33005059, 0.99025078E-1, 0.0000000, 0.0000000, 3.3800240, 9.6014109, 9.7344723, 9.8477640, 19.914774, 19.935516, 19.890085, 19.863441, 0.24997362, 0.24998772, 0.28379726, 0.34601241, 0.34734386, 0.34847733, 0.34957388, 0.34967759, 0.34945041, 0.34931719, 0.99025078E-1
0.11563455, 0.43032593, 0.12911069, 0.68493187, 0.24743974, 2.6763439, 9.2755909, 9.7105255, 9.8325300, 19.901693, 19.921570, 19.881891, 19.861925, 0.25684762, 0.25247404, 0.27676144, 0.34275454, 0.34710455, 0.34832507, 0.34950846, 0.34960786, 0.34940946, 0.34930962, 0.12911069
0.10114600, 0.25536087, 0.76615922E-1, 0.0000000, 0.0000000, 2.0802765, 8.6662636, 9.6781282, 9.8157320, 19.890377, 19.908470, 19.875433, 19.860849, 0.24998358, 0.24998645, 0.27079615, 0.33665714, 0.34677821, 0.34815627, 0.34945190, 0.34954235, 0.34937716, 0.34930426, 0.76615922E-1
0.98518327E-1, 0.22362897, 0.67095399E-1, 0.0000000, 0.0000000, 1.5715033, 8.0411186, 9.6671848, 9.8085823, 19.881433, 19.897003, 19.870543, 19.860134, 0.24998358, 0.24998645, 0.26571211, 0.33040819, 0.34667003, 0.34808522, 0.34940717, 0.34948501, 0.34935272, 0.34930068, 0.67095399E-1
0.96313268E-1, 0.19700049, 0.59106059E-1, 0.0000000, 0.0000000, 1.1642188, 7.4158602, 9.6652222, 9.8070059, 19.875727, 19.887733, 19.867010, 19.859663, 0.24998358, 0.24998645, 0.26163915, 0.32415473, 0.34664968, 0.34806919, 0.34937865, 0.34943867, 0.34933504, 0.34929830, 0.59106059E-1
0.94026156E-1, 0.16938108, 0.50819408E-1, 0.0000000, 0.0000000, 0.75738728, 6.7035465, 9.6377087, 9.7937412, 19.868736, 19.879610, 19.864275, 19.859346, 0.24998358, 0.24998645, 0.25757143, 0.31703115, 0.34637398, 0.34793636, 0.34934369, 0.34939805, 0.34932137, 0.34929675, 0.50819408E-1
0.91920048E-1, 0.14394753, 0.43188579E-1, 0.0000000, 0.0000000, 0.40591955, 5.9309058, 9.6121387, 9.7802305, 19.861736, 19.872864, 19.862226, 19.859152, 0.24998358, 0.24998645, 0.25405875, 0.30930772, 0.34612027, 0.34780195, 0.34930867, 0.34936431, 0.34931114, 0.34929577, 0.43188579E-1
0.90239964E-1, 0.12365872, 0.37101325E-1, 0.0000000, 0.0000000, 0.14682412, 5.1972771, 9.6135397, 9.7784004, 19.855955, 19.867590, 19.860804, 19.858974, 0.24998358, 0.24998645, 0.25146773, 0.30196920, 0.34613210, 0.34778288, 0.34927976, 0.34933794, 0.34930402, 0.34929487, 0.37101325E-1
0.88834986E-1, 0.10669208, 0.32010823E-1, 0.0000000, 0.0000000, 0.0000000, 4.2672915, 9.5560741, 9.7507410, 19.849972, 19.863222, 19.859673, 19.858828, 0.24998358, 0.24998645, 0.24998337, 0.29267183, 0.34555948, 0.34750700, 0.34924987, 0.34931612, 0.34929836, 0.34929413, 0.32010823E-1
0.88103451E-1, 0.97858012E-1, 0.29360339E-1, 0.0000000, 0.0000000, 0.0000000, 3.3834136, 9.5583830, 9.7484951, 19.845695, 19.860048, 19.858894, 19.858709, 0.24998358, 0.24998645, 0.24998337, 0.28383091, 0.34557930, 0.34748340, 0.34922847, 0.34930024, 0.34929448, 0.34929353, 0.29360339E-1
0.87773420E-1, 0.93872510E-1, 0.28164569E-1, 0.0000000, 0.0000000, 0.0000000, 2.9939830, 9.5254259, 9.7898035, 19.846823, 19.858917, 19.858648, 19.858709, 0.24998358, 0.24998645, 0.24998337, 0.27993909, 0.34525308, 0.34789762, 0.34923410, 0.34929460, 0.34929323, 0.34929353, 0.28164569E-1
0.87436974E-1, 0.89809567E-1, 0.26945565E-1, 0.0000000, 0.0000000, 0.0000000, 2.7800858, 9.1439228, 9.7798767, 19.844387, 19.857271, 19.858240, 19.858658, 0.24998358, 0.24998645, 0.24998337, 0.27779996, 0.34143776, 0.34779823, 0.34922194, 0.34928635, 0.34929121, 0.34929329, 0.26945565E-1
0.87103389E-1, 0.85781127E-1, 0.25736913E-1, 0.0000000, 0.0000000, 0.0000000, 2.5663524, 8.7672701, 9.7743788, 19.840919, 19.855604, 19.857878, 19.858646, 0.24998358, 0.24998645, 0.24998337, 0.27566311, 0.33767202, 0.34774351, 0.34920460, 0.34927803, 0.34928939, 0.34929323, 0.25736913E-1
0.86646266E-1, 0.80260865E-1, 0.24080668E-1, 0.0000000, 0.0000000, 0.0000000, 2.2848816, 8.2362776, 9.7449789, 19.837997, 19.854321, 19.857622, 19.858641, 0.24998358, 0.24998645, 0.24998337, 0.27284735, 0.33236015, 0.34744874, 0.34919000, 0.34927160, 0.34928811, 0.34929320, 0.24080668E-1
0.13213292, 0.62956166, 0.18888739, 2.1469264, 1.9233227, 0.0000000, 2.2657008, 8.1083574, 9.8181496, 19.842072, 19.855032, 19.857855, 19.858709, 0.27146515, 0.26923102, 0.24998337, 0.27265674, 0.33108309, 0.34818131, 0.34921035, 0.34927517, 0.34928927, 0.34929353, 0.18888739
0.12464266, 0.53910857, 0.16174875, 1.7400295, 1.7051280, 0.0000000, 2.2249401, 7.9995937, 9.8404636, 19.844000, 19.855341, 19.857973, 19.858709, 0.26740015, 0.26705119, 0.24998337, 0.27224940, 0.32999590, 0.34840465, 0.34922001, 0.34927672, 0.34928986, 0.34929353, 0.16174875
0.14639768, 0.80182409, 0.24057129, 2.7806969, 2.1253288, 0.97482502, 2.1485329, 7.8666067, 9.8411674, 19.843317, 19.855034, 19.857918, 19.858704, 0.27780515, 0.27125245, 0.25974807, 0.27148524, 0.32866591, 0.34841162, 0.34921658, 0.34927517, 0.34928960, 0.34929353, 0.24057129
0.16624799, 1.0000000, 0.31249273, 2.1084249, 2.8425212, 5.0924916, 8.7005358, 9.5874348, 9.8600340, 19.845678, 19.855547, 19.858095, 19.858709, 0.27108374, 0.27842480, 0.30092457, 0.33700523, 0.34587428, 0.34860030, 0.34922838, 0.34927773, 0.34929049, 0.34929353, 0.31249273
0.21040219, 1.0000000, 0.47247171, 2.6635795, 5.0068445, 9.3771381, 9.6155472, 9.7662058, 9.8709583, 19.847626, 19.856031, 19.858194, 19.858709, 0.27663568, 0.30006832, 0.34377128, 0.34615543, 0.34766206, 0.34870958, 0.34923813, 0.34928015, 0.34929097, 0.34929353, 0.47247171
0.35600001, 1.0000000, 1.0000000, 9.9999990, 9.9999990, 9.9999990, 9.9999990, 9.9999990, 9.9999990, 19.999998, 19.999998, 19.999998, 19.997997, 0.34999999, 0.34999999, 0.34999999, 0.34999999, 0.34999999, 0.34999999, 0.34999999, 0.34999999, 0.34999999, 0.34998998, 1.0000000
0.33192444, 1.0000000, 0.91276968, 8.6013947, 9.5596743, 9.7482471, 9.9212246, 9.9592571, 9.9836912, 19.997370, 19.999313, 19.999552, 19.974222, 0.33601284, 0.34559599, 0.34748209, 0.34921214, 0.34959254, 0.34983692, 0.34998685, 0.34999657, 0.34999776, 0.34987110, 0.91276968
0.32321724, 1.0000000, 0.88122189, 8.0411129, 9.4845581, 9.6804934, 9.8608131, 9.9242067, 9.9668951, 19.992968, 19.998169, 19.997597, 19.951853, 0.33040720, 0.34484282, 0.34680349, 0.34860784, 0.34924191, 0.34966889, 0.34996483, 0.34999084, 0.34998798, 0.34975928, 0.88122189
0.35600001, 1.0000000, 1.0000000, 9.9999990, 9.9999990, 9.9999990, 9.9999990, 9.9999990, 9.9999990, 19.999998, 19.999998, 19.999998, 19.998999, 0.34999999, 0.34999999, 0.34999999, 0.34999999, 0.34999999, 0.34999999, 0.34999999, 0.34999999, 0.34999999, 0.34999499, 1.0000000
0.35185963, 1.0000000, 0.98499852, 9.7838774, 9.8905277, 9.9432917, 9.9855127, 9.9926910, 9.9971724, 19.999588, 19.999897, 19.999725, 19.975233, 0.34783813, 0.34890488, 0.34943271, 0.34985510, 0.34992689, 0.34997171, 0.34999794, 0.34999949, 0.34999862, 0.34987617, 0.98499852
0.33661091, 1.0000000, 0.92974955, 8.8803349, 9.6359053, 9.7936754, 9.9373627, 9.9677105, 9.9872274, 19.998074, 19.999510, 19.998045, 19.952820, 0.33880243, 0.34635845, 0.34793645, 0.34937358, 0.34967709, 0.34987229, 0.34999037, 0.34999755, 0.34999022, 0.34976411, 0.92974955
0.31946111, 1.0000000, 0.86761260, 7.8062639, 9.4350157, 9.6535215, 9.8592453, 9.9241295, 9.9677458, 19.993790, 19.998388, 19.993832, 19.932739, 0.32806242, 0.34434998, 0.34653512, 0.34859243, 0.34924129, 0.34967744, 0.34996894, 0.34999195, 0.34996915, 0.34966370, 0.86761260
0.30532652, 1.0000000, 0.81640035, 6.7058010, 9.5390863, 9.7033262, 9.8497419, 9.9139977, 9.9608860, 19.991556, 19.997679, 19.986883, 19.915709, 0.31705645, 0.34538952, 0.34703258, 0.34849727, 0.34913993, 0.34960884, 0.34995776, 0.34998840, 0.34993440, 0.34957856, 0.81640035
0.30519992, 1.0000000, 0.81594169, 6.6954889, 9.5437279, 9.7031374, 9.8386688, 9.9042130, 9.9540396, 19.988888, 19.996559, 19.977076, 19.901783, 0.31694990, 0.34543303, 0.34702921, 0.34838626, 0.34904191, 0.34954035, 0.34994444, 0.34998280, 0.34988537, 0.34950891, 0.81594169
0.25360817, 1.0000000, 0.62901497, 3.2356443, 9.2093391, 9.4774637, 9.7158318, 9.8306293, 9.9167967, 19.977724, 19.992579, 19.964354, 19.890635, 0.28235111, 0.34208432, 0.34476995, 0.34715736, 0.34830582, 0.34916782, 0.34988862, 0.34996289, 0.34982178, 0.34945318, 0.62901497
0.21724761, 1.0000000, 0.49727395, 1.7780602, 7.2756019, 9.4336691, 9.6682806, 9.7937803, 9.8941259, 19.968807, 19.988007, 19.950356, 19.882120, 0.26777759, 0.32274863, 0.34433189, 0.34668183, 0.34793729, 0.34894109, 0.34984404, 0.34994003, 0.34975177, 0.34941059, 0.49727395
0.18225276, 1.0000000, 0.37048104, 0.69239140, 4.8886285, 9.3843517, 9.6290531, 9.7640076, 9.8754559, 19.960020, 19.981802, 19.935940, 19.875708, 0.25692251, 0.29888040, 0.34383786, 0.34628937, 0.34763947, 0.34875435, 0.34980011, 0.34990901, 0.34967971, 0.34937853, 0.37048104
0.15567705, 0.91388273, 0.27419224, 0.0000000, 2.9380798, 9.1780348, 9.6165762, 9.7519264, 9.8661518, 19.952747, 19.974024, 19.922102, 19.870964, 0.24996951, 0.27937505, 0.34177139, 0.34616390, 0.34751832, 0.34866118, 0.34976375, 0.34987012, 0.34961051, 0.34935480, 0.27419224
0.14468694, 0.78116512, 0.23437297, 0.0000000, 2.2107303, 7.9784980, 9.6108427, 9.7462196, 9.8612423, 19.946325, 19.964478, 19.909506, 19.867504, 0.24996951, 0.27210578, 0.32978225, 0.34610778, 0.34746188, 0.34861231, 0.34973162, 0.34982240, 0.34954754, 0.34933752, 0.23437297
0.13266335, 0.63596725, 0.19080926, 0.0000000, 1.4545202, 6.5958166, 9.5779018, 9.7249241, 9.8500967, 19.938906, 19.953009, 19.898457, 19.864952, 0.24996951, 0.26454374, 0.31595483, 0.34577805, 0.34724876, 0.34850079, 0.34969452, 0.34976503, 0.34949228, 0.34932476, 0.19080926
0.12076811, 0.49231929, 0.14771056, 0.0000000, 0.77973902, 5.0837507, 9.5377741, 9.6987123, 9.8367615, 19.931318, 19.940466, 19.889172, 19.863131, 0.24996951, 0.25779527, 0.30083063, 0.34537515, 0.34698582, 0.34836718, 0.34965658, 0.34970233, 0.34944585, 0.34931564, 0.14771056
0.10923006, 0.35298464, 0.10590599, 0.0000000, 0.20074844, 3.4676766, 9.4901571, 9.6668348, 9.8198128, 19.922338, 19.927267, 19.881554, 19.861801, 0.24996951, 0.25200680, 0.28467080, 0.34489831, 0.34666669, 0.34819755, 0.34961170, 0.34963635, 0.34940776, 0.34930900, 0.10590599
0.10302926, 0.27810329, 0.83439335E-1, 0.0000000, 0.0000000, 2.4809270, 8.9490557, 9.6497917, 9.8102016, 19.915545, 19.915125, 19.875669, 19.860897, 0.24996951, 0.24996866, 0.27480841, 0.33948994, 0.34649760, 0.34810191, 0.34957772, 0.34957564, 0.34937835, 0.34930450, 0.83439335E-1
0.99897161E-1, 0.24027988, 0.72091177E-1, 0.0000000, 0.0000000, 1.8771321, 8.1869402, 9.6487923, 9.8070850, 19.908052, 19.903885, 19.871109, 19.860268, 0.24996951, 0.24996866, 0.26876950, 0.33186781, 0.34648702, 0.34807053, 0.34954026, 0.34951943, 0.34935555, 0.34930134, 0.72091177E-1
0.97875945E-1, 0.21587145, 0.64767912E-1, 0.0000000, 0.0000000, 1.5048295, 7.5937400, 9.6726055, 9.8172894, 19.901608, 19.894312, 19.867729, 19.859844, 0.24996951, 0.24996866, 0.26504657, 0.32593563, 0.34672496, 0.34817252, 0.34950805, 0.34947157, 0.34933865, 0.34929922, 0.64767912E-1
0.94927467E-1, 0.18026541, 0.54085031E-1, 0.0000000, 0.0000000, 0.95956326, 6.7918911, 9.6229811, 9.7918110, 19.887529, 19.884214, 19.864698, 19.859409, 0.24996951, 0.24996866, 0.25958872, 0.31790909, 0.34622288, 0.34791574, 0.34943765, 0.34942108, 0.34932348, 0.34929705, 0.54085031E-1
0.92836417E-1, 0.15501374, 0.46508774E-1, 0.0000000, 0.0000000, 0.60636997, 6.0291548, 9.6225576, 9.7884970, 19.878525, 19.876877, 19.862692, 19.859175, 0.24996951, 0.24996866, 0.25606272, 0.31028959, 0.34622401, 0.34788442, 0.34939262, 0.34938437, 0.34931347, 0.34929588, 0.46508774E-1
0.94912723E-1, 0.18008739, 0.54031622E-1, 0.19603372, 0.0000000, 0.51832497, 5.6611066, 9.7157393, 9.8286190, 19.875471, 19.872324, 19.861551, 19.859144, 0.25195801, 0.24996866, 0.25518140, 0.30660704, 0.34715393, 0.34828502, 0.34937736, 0.34936163, 0.34930775, 0.34929574, 0.54031622E-1
0.99655315E-1, 0.23735929, 0.71214907E-1, 0.56694150, 0.0000000, 0.46080947, 5.4576268, 9.7750664, 9.8551779, 19.872217, 19.868719, 19.860739, 19.859104, 0.25566810, 0.24996866, 0.25460777, 0.30457553, 0.34774998, 0.34855154, 0.34936109, 0.34934360, 0.34930369, 0.34929553, 0.71214907E-1
0.12567261, 0.55154639, 0.16548046, 2.4652541, 0.0000000, 0.43552220, 5.3446546, 9.8200340, 9.8746271, 19.869909, 19.866146, 19.860191, 19.859087, 0.27464935, 0.24996866, 0.25435504, 0.30344611, 0.34819996, 0.34874615, 0.34934956, 0.34933072, 0.34930095, 0.34929544, 0.16548046
0.14682201, 0.80694836, 0.24210873, 2.8442025, 1.9488126, 0.39920211, 5.2498040, 9.8382168, 9.8822699, 19.867182, 19.864059, 19.859762, 19.859051, 0.27844176, 0.26948801, 0.25399202, 0.30249801, 0.34838215, 0.34882271, 0.34933591, 0.34932029, 0.34929880, 0.34929526, 0.24210873
0.13462430, 0.65964770, 0.19791411, 1.6354859, 2.5434673, 0.32342672, 5.1055903, 9.8208733, 9.8754330, 19.863491, 19.862114, 19.859373, 19.859005, 0.26635468, 0.27543449, 0.25323427, 0.30105588, 0.34820870, 0.34875435, 0.34931746, 0.34931058, 0.34929687, 0.34929502, 0.19791411
0.11107055, 0.37521070, 0.11257447, 0.52111745, 1.6984791, 0.11506975, 4.7691550, 9.7418184, 9.8412209, 19.855146, 19.859283, 19.858738, 19.858856, 0.25521094, 0.26698434, 0.25115067, 0.29769143, 0.34741807, 0.34841219, 0.34927574, 0.34929642, 0.34929368, 0.34929428, 0.11257447
0.98786041E-1, 0.22686186, 0.68065368E-1, 0.0000000, 1.1750758, 0.0000000, 4.4376822, 9.7256966, 9.8321075, 19.851387, 19.857845, 19.858423, 19.858805, 0.24999838, 0.26174933, 0.24999939, 0.29437628, 0.34725636, 0.34832087, 0.34925693, 0.34928924, 0.34929210, 0.34929401, 0.68065368E-1
0.10266517, 0.27370661, 0.82120195E-1, 0.59858561, 0.68576634, 0.0000000, 4.0513439, 9.7034035, 9.8209114, 19.848093, 19.856655, 19.858166, 19.858757, 0.25598562, 0.25685751, 0.24999939, 0.29051337, 0.34703392, 0.34820908, 0.34924048, 0.34928328, 0.34929082, 0.34929377, 0.82120195E-1
0.93596563E-1, 0.16419333, 0.49262926E-1, 0.13656318, 0.39489865, 0.0000000, 3.7066588, 9.7066870, 9.8215961, 19.847042, 19.856171, 19.858084, 19.858757, 0.25136536, 0.25394851, 0.24999939, 0.28706613, 0.34706631, 0.34821579, 0.34923521, 0.34928086, 0.34929043, 0.34929377, 0.49262926E-1
0.87870449E-1, 0.95044270E-1, 0.28516132E-1, 0.0000000, 0.0000000, 0.0000000, 3.0714860, 9.6089039, 9.7774744, 19.841774, 19.854631, 19.857723, 19.858669, 0.24989747, 0.24999028, 0.24999939, 0.28071412, 0.34608784, 0.34777433, 0.34920886, 0.34927315, 0.34928861, 0.34929335, 0.28516132E-1
0.87506562E-1, 0.90649918E-1, 0.27197696E-1, 0.0000000, 0.0000000, 0.0000000, 2.7838082, 9.3060017, 9.7766161, 19.840097, 19.854074, 19.857622, 19.858675, 0.24989747, 0.24999028, 0.24999939, 0.27783629, 0.34305701, 0.34776512, 0.34920049, 0.34927037, 0.34928811, 0.34929338, 0.27197696E-1
0.86963832E-1, 0.84095821E-1, 0.25231270E-1, 0.0000000, 0.0000000, 0.0000000, 2.4455757, 8.6852551, 9.7343254, 19.836235, 19.852976, 19.857353, 19.858622, 0.24989747, 0.24999028, 0.24999939, 0.27445492, 0.33685106, 0.34734270, 0.34918118, 0.34926489, 0.34928676, 0.34929311, 0.25231270E-1
0.87931268E-1, 0.95778719E-1, 0.28736489E-1, 0.10224879, 0.0000000, 0.0000000, 2.1814971, 8.1432295, 9.7377214, 19.834291, 19.852388, 19.857246, 19.858616, 0.25102177, 0.24999028, 0.24999939, 0.27181405, 0.33143055, 0.34737653, 0.34917146, 0.34926194, 0.34928623, 0.34929308, 0.28736489E-1
0.17351550, 1.0000000, 0.33882427, 2.6859105, 2.5265634, 5.8285685, 7.7837696, 8.7239580, 9.7381992, 19.834322, 19.852341, 19.857265, 19.858641, 0.27685872, 0.27526540, 0.30828542, 0.32783765, 0.33723953, 0.34738201, 0.34917161, 0.34926170, 0.34928632, 0.34929320, 0.33882427
0.28207830, 1.0000000, 0.73216766, 5.8957005, 8.5176973, 8.9638872, 9.3564930, 9.6173658, 9.7954588, 19.834698, 19.852388, 19.857283, 19.858664, 0.30895701, 0.33517697, 0.33963889, 0.34356493, 0.34617364, 0.34795457, 0.34917349, 0.34926194, 0.34928641, 0.34929332, 0.73216766
0.35600001, 1.0000000, 1.0000000, 9.9999990, 9.9999990, 9.9999990, 9.9999990, 9.9999990, 9.9999990, 19.999998, 19.999998, 19.999998, 19.994993, 0.34999999, 0.34999999, 0.34999999, 0.34999999, 0.34999999, 0.34999999, 0.34999999, 0.34999999, 0.34999999, 0.34997496, 1.0000000
0.35599953, 1.0000000, 0.99999827, 9.9999990, 9.9999990, 9.9999990, 9.9999990, 9.9999990, 9.9999990, 19.999998, 19.999998, 19.999998, 19.998999, 0.34999976, 0.34999985, 0.34999993, 0.34999999, 0.34999999, 0.34999999, 0.34999999, 0.34999999, 0.34999999, 0.34999499, 0.99999827
0.31807867, 1.0000000, 0.86260384, 7.7221694, 9.4089041, 9.6490374, 9.8730879, 9.9332914, 9.9719286, 19.994404, 19.998545, 19.999369, 19.975138, 0.32722008, 0.34408787, 0.34648979, 0.34873074, 0.34933287, 0.34971926, 0.34997201, 0.34999272, 0.34999683, 0.34987569, 0.86260384
0.26616135, 1.0000000, 0.67449760, 4.1252050, 9.2275686, 9.4971228, 9.7455215, 9.8553658, 9.9334936, 19.984146, 19.995838, 19.997084, 19.952618, 0.29124880, 0.34227130, 0.34496897, 0.34745473, 0.34855342, 0.34933484, 0.34992072, 0.34997919, 0.34998542, 0.34976310, 0.67449760
0.22424196, 1.0000000, 0.52261573, 2.1496773, 7.4977417, 9.4358034, 9.6774416, 9.8041735, 9.9036798, 19.974823, 19.993275, 19.992464, 19.932491, 0.27149469, 0.32497305, 0.34435529, 0.34677383, 0.34804145, 0.34903672, 0.34987411, 0.34996638, 0.34996232, 0.34966245, 0.52261573
0.18516316, 1.0000000, 0.38102591, 0.91979802, 4.8655248, 9.3752489, 9.6253901, 9.7640476, 9.8785915, 19.965418, 19.990496, 19.984941, 19.915361, 0.25919694, 0.29865196, 0.34374934, 0.34625325, 0.34764016, 0.34878579, 0.34982708, 0.34995249, 0.34992471, 0.34957680, 0.38102591
0.24520107, 1.0000000, 0.59855455, 2.9561133, 8.6147356, 9.5675020, 9.7157354, 9.8109074, 9.8954706, 19.964561, 19.989592, 19.975176, 19.901512, 0.27955967, 0.33614483, 0.34567362, 0.34715706, 0.34810892, 0.34895465, 0.34982282, 0.34994796, 0.34987587, 0.34950757, 0.59855455
0.28642273, 1.0000000, 0.74790841, 5.4322209, 9.4080381, 9.6679020, 9.7719793, 9.8443375, 9.9100866, 19.964333, 19.988194, 19.963211, 19.890589, 0.30432221, 0.34408039, 0.34667903, 0.34771979, 0.34844339, 0.34910086, 0.34982166, 0.34994096, 0.34981605, 0.34945294, 0.74790841
0.26480284, 1.0000000, 0.66957551, 3.8993108, 9.3909626, 9.5929632, 9.7577629, 9.8396921, 9.9092617, 19.961979, 19.985159, 19.949728, 19.882179, 0.28899303, 0.34390950, 0.34592956, 0.34757763, 0.34839693, 0.34909260, 0.34980989, 0.34992579, 0.34974864, 0.34941089, 0.66957551
0.35592425, 1.0000000, 0.99972546, 9.9987564, 9.9991941, 9.9902248, 9.9927359, 9.9963436, 9.9986792, 19.999891, 19.999969, 19.999201, 19.956730, 0.34998569, 0.34999081, 0.34990168, 0.34992725, 0.34996337, 0.34998676, 0.34999946, 0.34999985, 0.34999600, 0.34978366, 0.99972546
0.35599834, 1.0000000, 0.99999392, 9.9999485, 9.9999695, 9.9999819, 9.9999962, 9.9999990, 9.9999990, 19.999998, 19.999998, 19.999998, 19.996996, 0.34999916, 0.34999949, 0.34999973, 0.34999993, 0.34999999, 0.34999999, 0.34999999, 0.34999999, 0.34999999, 0.34998497, 0.99999392
0.35600001, 1.0000000, 1.0000000, 9.9999990, 9.9999990, 9.9999990, 9.9999990, 9.9999990, 9.9999990, 19.999998, 19.999998, 19.999998, 19.998999, 0.34999999, 0.34999999, 0.34999999, 0.34999999, 0.34999999, 0.34999999, 0.34999999, 0.34999999, 0.34999999, 0.34999499, 1.0000000
0.35512948, 1.0000000, 0.99684578, 9.9982157, 9.9236355, 9.9517174, 9.9870758, 9.9934607, 9.9973869, 19.999557, 19.999880, 19.999725, 19.975233, 0.34998214, 0.34923637, 0.34951717, 0.34987074, 0.34993461, 0.34997386, 0.34999779, 0.34999940, 0.34999862, 0.34987617, 0.99684578
0.35035121, 1.0000000, 0.97953331, 9.7713604, 9.7687531, 9.8695669, 9.9635754, 9.9813929, 9.9927368, 19.998968, 19.999731, 19.998110, 19.952848, 0.34771359, 0.34768754, 0.34869567, 0.34963575, 0.34981394, 0.34992737, 0.34999484, 0.34999865, 0.34999055, 0.34976423, 0.97953331
0.34530586, 1.0000000, 0.96125299, 9.4233894, 9.7490530, 9.8532000, 9.9521170, 9.9750071, 9.9900789, 19.998573, 19.999628, 19.994177, 19.932835, 0.34423390, 0.34749052, 0.34853199, 0.34952116, 0.34975007, 0.34990078, 0.34999287, 0.34999815, 0.34997088, 0.34966418, 0.96125299
0.33194691, 1.0000000, 0.91285115, 8.5714121, 9.6043806, 9.7658672, 9.9132767, 9.9538612, 9.9808493, 19.996679, 19.999050, 19.987265, 19.915798, 0.33571413, 0.34604380, 0.34765866, 0.34913278, 0.34953862, 0.34980848, 0.34998339, 0.34999526, 0.34993631, 0.34957898, 0.91285115
0.27444035, 1.0000000, 0.70449400, 4.7348866, 9.2126923, 9.4913425, 9.7489538, 9.8586292, 9.9353142, 19.984636, 19.995510, 19.976820, 19.901670, 0.29734847, 0.34212646, 0.34491318, 0.34748948, 0.34858626, 0.34935313, 0.34992319, 0.34997755, 0.34988409, 0.34950835, 0.70449400
0.22716217, 1.0000000, 0.53319621, 2.3427427, 7.5362630, 9.4223976, 9.6690435, 9.7995224, 9.9014425, 19.974024, 19.991648, 19.964132, 19.890560, 0.27342570, 0.32535928, 0.34422189, 0.34669003, 0.34799501, 0.34901437, 0.34987012, 0.34995824, 0.34982067, 0.34945279, 0.53319621
0.18477428, 1.0000000, 0.37961692, 0.99477768, 4.7072201, 9.3539619, 9.6118402, 9.7555141, 9.8742952, 19.964106, 19.986744, 19.950064, 19.882038, 0.25994477, 0.29706368, 0.34353116, 0.34611666, 0.34755424, 0.34874266, 0.34982052, 0.34993371, 0.34975031, 0.34941018, 0.37961692
0.15556720, 0.91255617, 0.27379423, 0.12277365, 2.9087095, 8.8042326, 9.6025076, 9.7433882, 9.8633461, 19.956659, 19.980806, 19.935730, 19.875643, 0.25122744, 0.27908301, 0.33803615, 0.34602374, 0.34743318, 0.34863323, 0.34978330, 0.34990403, 0.34967864, 0.34937823, 0.27379423
0.14557761, 0.79192096, 0.23760006, 0.0000000, 2.3973644, 7.8118200, 9.6423702, 9.7647228, 9.8715658, 19.954592, 19.974365, 19.922237, 19.870998, 0.24997604, 0.27397218, 0.32811582, 0.34642309, 0.34764692, 0.34871557, 0.34977296, 0.34987181, 0.34961119, 0.34935498, 0.23760006
0.14110234, 0.73787725, 0.22138532, 0.0000000, 2.1427333, 7.2252350, 9.6955414, 9.7967281, 9.8861589, 19.954006, 19.966442, 19.910028, 19.867619, 0.24997604, 0.27142733, 0.32225233, 0.34695542, 0.34796727, 0.34886158, 0.34977004, 0.34983221, 0.34955013, 0.34933808, 0.22138532
0.13926686, 0.71571171, 0.21473499, 0.0000000, 2.0510316, 6.9483285, 9.7586803, 9.8345804, 9.9034138, 19.953671, 19.956989, 19.899403, 19.865158, 0.24997604, 0.27051023, 0.31948313, 0.34758675, 0.34834579, 0.34903413, 0.34976834, 0.34978494, 0.34949702, 0.34932578, 0.21473499
0.13427922, 0.65548044, 0.19666381, 0.0000000, 1.7341197, 6.3868966, 9.7219305, 9.8182564, 9.8989124, 19.950403, 19.945688, 19.890331, 19.863365, 0.24997604, 0.26734021, 0.31386715, 0.34721872, 0.34818229, 0.34898904, 0.34975201, 0.34972844, 0.34945166, 0.34931684, 0.19666381
0.12902199, 0.59199381, 0.17761591, 0.0000000, 1.4217854, 5.7475467, 9.6987009, 9.8051376, 9.8938341, 19.946230, 19.933805, 19.882936, 19.862066, 0.24997604, 0.26421759, 0.30747497, 0.34698683, 0.34805128, 0.34893832, 0.34973115, 0.34966904, 0.34941468, 0.34931034, 0.17761591
0.12270917, 0.51575965, 0.15474337, 0.0000000, 1.0533899, 4.9686084, 9.6654224, 9.7843513, 9.8836479, 19.939646, 19.921656, 19.876940, 19.861143, 0.24997604, 0.26053360, 0.29968536, 0.34665394, 0.34784338, 0.34883642, 0.34969825, 0.34960827, 0.34938470, 0.34930572, 0.15474337
0.15359429, 0.88873112, 0.26664600, 2.3856373, 0.96824169, 4.6282229, 9.7373991, 9.8231287, 9.8980827, 19.934925, 19.910944, 19.872467, 19.860527, 0.27385601, 0.25968233, 0.29628202, 0.34737390, 0.34823126, 0.34898084, 0.34967464, 0.34955472, 0.34936234, 0.34930265, 0.26664600
0.13793023, 0.69957042, 0.20989211, 1.1730760, 1.5063435, 3.8333652, 9.6493731, 9.7742395, 9.8760490, 19.923349, 19.899780, 19.868671, 19.859985, 0.26173076, 0.26506343, 0.28833365, 0.34649372, 0.34774238, 0.34876049, 0.34961674, 0.34949890, 0.34934336, 0.34929994, 0.20989211
0.12734096, 0.57169354, 0.17152523, 1.0075778, 0.93746185, 2.9855461, 9.5685158, 9.7426052, 9.8578501, 19.910311, 19.889799, 19.865713, 19.859587, 0.26007468, 0.25937399, 0.27985448, 0.34568453, 0.34742573, 0.34857839, 0.34955156, 0.34944898, 0.34932858, 0.34929794, 0.17152523
0.15131712, 0.86123168, 0.25839534, 1.4812768, 2.1859555, 4.7047882, 9.5483370, 9.7452841, 9.8550491, 19.899818, 19.881956, 19.863628, 19.859352, 0.26481175, 0.27185863, 0.29704690, 0.34548298, 0.34745264, 0.34855044, 0.34949911, 0.34940979, 0.34931815, 0.34929675, 0.25839534
0.13866761, 0.70847505, 0.21256378, 1.2655050, 1.5387774, 3.6573343, 9.5855865, 9.7313509, 9.8460255, 19.889187, 19.875385, 19.862009, 19.859205, 0.26265371, 0.26538679, 0.28657219, 0.34585527, 0.34731323, 0.34846014, 0.34944594, 0.34937692, 0.34931004, 0.34929603, 0.21256378
0.14583848, 0.79507124, 0.23854524, 1.5610188, 2.2476017, 2.9904962, 9.5562639, 9.7464018, 9.8490229, 19.880230, 19.870296, 19.860874, 19.859110, 0.26560971, 0.27247560, 0.27990469, 0.34556246, 0.34746394, 0.34849021, 0.34940115, 0.34935147, 0.34930438, 0.34929556, 0.23854524
0.18265459, 1.0000000, 0.37193695, 2.4277985, 2.6509433, 8.1711321, 9.6235962, 9.7757034, 9.8596716, 19.874344, 19.866846, 19.860161, 19.859045, 0.27427652, 0.27650848, 0.33170986, 0.34623560, 0.34775686, 0.34859666, 0.34937173, 0.34933424, 0.34930080, 0.34929523, 0.37193695
0.35498029, 1.0000000, 0.99630529, 9.9486609, 9.9709368, 9.9853277, 9.9962215, 9.9980946, 9.9992361, 19.999874, 19.999969, 19.999800, 19.975761, 0.34948370, 0.34970760, 0.34985238, 0.34996203, 0.34998086, 0.34999233, 0.34999937, 0.34999985, 0.34999901, 0.34987882, 0.99630529
0.32627031, 1.0000000, 0.89228368, 8.2471094, 9.4928503, 9.7035103, 9.8946056, 9.9449501, 9.9773254, 19.995874, 19.998926, 19.999567, 19.978081, 0.33247110, 0.34492850, 0.34703511, 0.34894606, 0.34944952, 0.34977326, 0.34997937, 0.34999463, 0.34999782, 0.34989041, 0.89228368
0.29195499, 1.0000000, 0.76795292, 5.8755002, 9.3656883, 9.5979567, 9.8133650, 9.8961763, 9.9541388, 19.990376, 19.997484, 19.997847, 19.955378, 0.30875227, 0.34365427, 0.34597823, 0.34813339, 0.34896162, 0.34954134, 0.34995186, 0.34998742, 0.34998924, 0.34977689, 0.76795292
0.35596752, 1.0000000, 0.99988222, 9.9987183, 9.9992304, 9.9996176, 9.9999247, 9.9999609, 9.9999876, 19.999998, 19.999998, 19.999998, 19.994993, 0.34998378, 0.34999028, 0.34999517, 0.34999904, 0.34999952, 0.34999985, 0.34999999, 0.34999999, 0.34999999, 0.34997496, 0.99988222
0.35600001, 1.0000000, 1.0000000, 9.9999990, 9.9999990, 9.9999990, 9.9999990, 9.9999990, 9.9999990, 19.999998, 19.999998, 19.999998, 19.995995, 0.34999999, 0.34999999, 0.34999999, 0.34999999, 0.34999999, 0.34999999, 0.34999999, 0.34999999, 0.34999999, 0.34997997, 1.0000000
0.35571039, 1.0000000, 0.99895054, 9.9855375, 9.9913836, 9.9956951, 9.9991350, 9.9995670, 9.9998531, 19.999998, 19.999998, 19.999990, 19.991999, 0.34985536, 0.34991384, 0.34995696, 0.34999135, 0.34999567, 0.34999853, 0.34999999, 0.34999999, 0.34999996, 0.34996000, 0.99895054
0.35287720, 1.0000000, 0.98868543, 9.8399658, 9.9130192, 9.9555902, 9.9902582, 9.9951143, 9.9982738, 19.999903, 19.999969, 19.999983, 19.990009, 0.34839967, 0.34913018, 0.34955591, 0.34990257, 0.34995115, 0.34998274, 0.34999952, 0.34999985, 0.34999990, 0.34995005, 0.98868543
0.35598189, 1.0000000, 0.99993432, 9.9992781, 9.9995670, 9.9997816, 9.9999542, 9.9999790, 9.9999933, 19.999998, 19.999998, 19.999996, 19.993994, 0.34999096, 0.34999457, 0.34999728, 0.34999943, 0.34999973, 0.34999990, 0.34999999, 0.34999999, 0.34999996, 0.34996998, 0.99993432
0.35600001, 1.0000000, 1.0000000, 9.9999990, 9.9999990, 9.9999990, 9.9999990, 9.9999990, 9.9999962, 19.999998, 19.999998, 19.999998, 19.995995, 0.34999999, 0.34999999, 0.34999999, 0.34999999, 0.34999999, 0.34999996, 0.34999999, 0.34999999, 0.34999999, 0.34997997, 1.0000000
0.35600001, 1.0000000, 1.0000000, 9.9999990, 9.9999990, 9.9999990, 9.9999990, 9.9999990, 9.9999990, 19.999998, 19.999998, 19.999996, 19.993994, 0.34999999, 0.34999999, 0.34999999, 0.34999999, 0.34999999, 0.34999999, 0.34999999, 0.34999999, 0.34999996, 0.34996998, 1.0000000
0.35599321, 1.0000000, 0.99997526, 9.9996595, 9.9997969, 9.9998922, 9.9999790, 9.9999933, 9.9999962, 19.999998, 19.999992, 19.999990, 19.992998, 0.34999660, 0.34999797, 0.34999892, 0.34999979, 0.34999993, 0.34999996, 0.34999999, 0.34999996, 0.34999996, 0.34996498, 0.99997526
0.35599369, 1.0000000, 0.99997711, 9.9997845, 9.9998684, 9.9999371, 9.9999847, 9.9999962, 9.9999990, 19.999998, 19.999998, 19.999998, 19.994993, 0.34999686, 0.34999809, 0.34999907, 0.34999979, 0.34999993, 0.34999999, 0.34999999, 0.34999999, 0.34999999, 0.34997496, 0.99997711
0.35600001, 1.0000000, 1.0000000, 9.9999990, 9.9999990, 9.9999990, 9.9999990, 9.9999990, 9.9999990, 19.999998, 19.999998, 19.999998, 19.996996, 0.34999999, 0.34999999, 0.34999999, 0.34999999, 0.34999999, 0.34999999, 0.34999999, 0.34999999, 0.34999999, 0.34998497, 1.0000000
0.35600001, 1.0000000, 1.0000000, 9.9999990, 9.9999990, 9.9999990, 9.9999990, 9.9999990, 9.9999990, 19.999998, 19.999998, 19.999998, 19.996996, 0.34999999, 0.34999999, 0.34999999, 0.34999999, 0.34999999, 0.34999999, 0.34999999, 0.34999999, 0.34999999, 0.34998497, 1.0000000
0.34412521, 1.0000000, 0.95697528, 9.3493271, 9.7290668, 9.8533926, 9.9593525, 9.9792786, 9.9918404, 19.998758, 19.999678, 19.999882, 19.985031, 0.34349233, 0.34729007, 0.34853363, 0.34959346, 0.34979275, 0.34991840, 0.34999380, 0.34999838, 0.34999940, 0.34992516, 0.95697528
0.34482920, 1.0000000, 0.95952600, 9.4887323, 9.6184549, 9.7863035, 9.9386330, 9.9685030, 9.9878016, 19.998377, 19.999569, 19.999846, 19.985031, 0.34488440, 0.34618276, 0.34786212, 0.34938616, 0.34968492, 0.34987798, 0.34999189, 0.34999785, 0.34999922, 0.34992516, 0.95952600
0.33135873, 1.0000000, 0.91071993, 8.6488371, 9.4570494, 9.6713963, 9.8744745, 9.9329014, 9.9723063, 19.995358, 19.998777, 19.998762, 19.961895, 0.33648658, 0.34456933, 0.34671336, 0.34874463, 0.34932896, 0.34972304, 0.34997678, 0.34999388, 0.34999382, 0.34980947, 0.91071993
0.34245169, 1.0000000, 0.95091176, 9.2511234, 9.6998663, 9.8363352, 9.9555712, 9.9773455, 9.9912872, 19.998859, 19.999706, 19.999882, 19.985031, 0.34250936, 0.34699747, 0.34836274, 0.34955558, 0.34977341, 0.34991285, 0.34999430, 0.34999853, 0.34999940, 0.34992516, 0.95091176
0.32363290, 1.0000000, 0.88272774, 8.0257797, 9.5333052, 9.7229176, 9.9018517, 9.9482183, 9.9789867, 19.996620, 19.999117, 19.998857, 19.961901, 0.33025500, 0.34533104, 0.34722817, 0.34901831, 0.34948209, 0.34978983, 0.34998310, 0.34999558, 0.34999430, 0.34980950, 0.88272774
0.28374258, 1.0000000, 0.73819768, 5.3176746, 9.3204803, 9.5680027, 9.7987518, 9.8877954, 9.9505167, 19.989901, 19.997364, 19.995535, 19.940706, 0.30317411, 0.34320202, 0.34567860, 0.34798723, 0.34887782, 0.34950510, 0.34994951, 0.34998682, 0.34997767, 0.34970352, 0.73819768
0.24861944, 1.0000000, 0.61093998, 2.9909253, 8.9881420, 9.5181351, 9.7467270, 9.8504105, 9.9300051, 19.984669, 19.995905, 19.989605, 19.922342, 0.27990896, 0.33988091, 0.34518108, 0.34746721, 0.34850407, 0.34930006, 0.34992334, 0.34997952, 0.34994802, 0.34961170, 0.61093998
0.21215627, 1.0000000, 0.47882703, 1.7788410, 6.6617150, 9.4245672, 9.6749496, 9.8009911, 9.9021006, 19.976440, 19.993425, 19.980530, 19.907049, 0.26778755, 0.31661519, 0.34424427, 0.34674919, 0.34800977, 0.34902096, 0.34988219, 0.34996712, 0.34990266, 0.34953526, 0.47882703
0.20373818, 1.0000000, 0.44832668, 2.3082554, 4.7558370, 9.4421902, 9.6679382, 9.7892962, 9.8910294, 19.970612, 19.991022, 19.969051, 19.894836, 0.27307999, 0.29755518, 0.34441873, 0.34667873, 0.34789264, 0.34891018, 0.34985307, 0.34995511, 0.34984526, 0.34947419, 0.44832668
0.20280626, 1.0000000, 0.44495025, 2.0795078, 5.0488200, 9.4005060, 9.6404028, 9.7696590, 9.8784733, 19.964132, 19.987507, 19.955708, 19.885344, 0.27079400, 0.30048665, 0.34400362, 0.34640372, 0.34769645, 0.34878469, 0.34982067, 0.34993753, 0.34977853, 0.34942672, 0.44495025
0.17169626, 1.0000000, 0.33223283, 1.0823488, 2.9860616, 9.3395376, 9.6258917, 9.7581882, 9.8704634, 19.958176, 19.982651, 19.941544, 19.878157, 0.26082280, 0.27985945, 0.34339359, 0.34625855, 0.34758171, 0.34870458, 0.34979087, 0.34991324, 0.34970772, 0.34939077, 0.33223283
0.14869153, 0.82952487, 0.24888235, 0.27624965, 2.2135706, 8.0206385, 9.6056414, 9.7441187, 9.8623009, 19.952442, 19.976027, 19.927515, 19.872787, 0.25276217, 0.27213410, 0.33020347, 0.34605572, 0.34744084, 0.34862289, 0.34976220, 0.34988013, 0.34963757, 0.34936392, 0.24888235
0.13074332, 0.61278069, 0.18385260, 0.0000000, 1.3509303, 6.3473539, 9.5487375, 9.7076654, 9.8440371, 19.945360, 19.967093, 19.914333, 19.868811, 0.24994664, 0.26350704, 0.31346822, 0.34548578, 0.34707585, 0.34844011, 0.34972680, 0.34983546, 0.34957168, 0.34934404, 0.18385260
0.20543438, 1.0000000, 0.45447236, 2.3345323, 4.9574986, 9.3585815, 9.6849203, 9.7848520, 9.8763285, 19.945932, 19.958403, 19.903122, 19.866024, 0.27334270, 0.29957163, 0.34358266, 0.34684855, 0.34784821, 0.34876317, 0.34972966, 0.34979200, 0.34951562, 0.34933013, 0.45447236
0.19824269, 1.0000000, 0.42841557, 2.5534062, 3.6513288, 9.4987402, 9.6986017, 9.7978010, 9.8839931, 19.943068, 19.947599, 19.893400, 19.863989, 0.27553296, 0.28651235, 0.34498617, 0.34698579, 0.34797788, 0.34883991, 0.34971535, 0.34973800, 0.34946701, 0.34931993, 0.42841557
0.35598832, 1.0000000, 0.99995768, 9.9999990, 9.9999962, 9.9999990, 9.9999990, 9.9999962, 9.9999990, 19.999998, 19.999998, 19.999998, 19.998999, 0.34999418, 0.34999648, 0.34999827, 0.34999964, 0.34999979, 0.34999993, 0.34999999, 0.34999999, 0.34999999, 0.34999499, 0.99995768
0.35599601, 1.0000000, 0.99998558, 9.9999485, 9.9999695, 9.9999847, 9.9999962, 9.9999990, 9.9999990, 19.999998, 19.999998, 19.999998, 19.997997, 0.34999800, 0.34999880, 0.34999940, 0.34999987, 0.34999993, 0.34999996, 0.34999999, 0.34999999, 0.34999999, 0.34998998, 0.99998558
0.35577476, 1.0000000, 0.99918377, 9.9889145, 9.9933815, 9.9966831, 9.9993382, 9.9996624, 9.9998798, 19.999998, 19.999998, 19.999990, 19.992998, 0.34988761, 0.34993288, 0.34996635, 0.34999329, 0.34999657, 0.34999877, 0.34999999, 0.34999999, 0.34999996, 0.34996498, 0.99918377
0.34255832, 1.0000000, 0.95129824, 9.2536478, 9.7066555, 9.8395176, 9.9572001, 9.9781628, 9.9917326, 19.999063, 19.999754, 19.999466, 19.969450, 0.34253493, 0.34706557, 0.34839469, 0.34957191, 0.34978157, 0.34991729, 0.34999532, 0.34999877, 0.34999734, 0.34984726, 0.95129824
0.35571802, 1.0000000, 0.99897820, 9.9997845, 9.9987583, 9.9396849, 9.9838419, 9.9918537, 9.9970140, 19.999725, 19.999928, 19.999964, 19.988020, 0.34999689, 0.34998700, 0.34939656, 0.34983838, 0.34991851, 0.34997013, 0.34999862, 0.34999964, 0.34999982, 0.34994009, 0.99897820
0.35595757, 1.0000000, 0.99984622, 9.9980240, 9.9988165, 9.9994068, 9.9998770, 9.9999428, 9.9999819, 19.999998, 19.999998, 19.999989, 19.991005, 0.34997883, 0.34998733, 0.34999365, 0.34999868, 0.34999940, 0.34999982, 0.34999999, 0.34999999, 0.34999993, 0.34995502, 0.99984622
0.32402101, 1.0000000, 0.88413399, 8.1110191, 9.4575634, 9.6840296, 9.8967829, 9.9462929, 9.9783669, 19.996469, 19.999086, 19.999708, 19.984983, 0.33110973, 0.34457535, 0.34684014, 0.34896779, 0.34946290, 0.34978366, 0.34998235, 0.34999543, 0.34999853, 0.34992492, 0.88413399
0.28245109, 1.0000000, 0.73351842, 5.2376995, 9.3033504, 9.5564280, 9.7958193, 9.8864784, 9.9505281, 19.990364, 19.997484, 19.998409, 19.961794, 0.30237633, 0.34303281, 0.34556392, 0.34795815, 0.34886476, 0.34950528, 0.34995180, 0.34998742, 0.34999204, 0.34980896, 0.73351842
0.24335741, 1.0000000, 0.59187466, 2.8797269, 8.5550632, 9.4892616, 9.7313976, 9.8413115, 9.9265423, 19.984871, 19.996016, 19.995161, 19.940636, 0.27879542, 0.33554736, 0.34489080, 0.34731358, 0.34841293, 0.34926537, 0.34992436, 0.34998009, 0.34997579, 0.34970319, 0.59187466
0.20496306, 1.0000000, 0.45276466, 1.6096860, 6.0873318, 9.4042206, 9.6592188, 9.7907085, 9.8971272, 19.976082, 19.993593, 19.988955, 19.922226, 0.26609582, 0.31087095, 0.34404036, 0.34659180, 0.34790692, 0.34897122, 0.34988040, 0.34996796, 0.34994477, 0.34961113, 0.45276466
0.17913847, 1.0000000, 0.35919732, 0.89151561, 4.1605396, 9.4157896, 9.6563816, 9.7819595, 9.8878403, 19.971146, 19.991901, 19.980106, 19.906990, 0.25891420, 0.29160273, 0.34415486, 0.34656319, 0.34781927, 0.34887829, 0.34985572, 0.34995949, 0.34990054, 0.34953496, 0.35919732
0.15519357, 0.90804392, 0.27244043, 0.20556152, 2.8038054, 8.6410122, 9.6231079, 9.7591772, 9.8745213, 19.965528, 19.989485, 19.968622, 19.894785, 0.25205538, 0.27803600, 0.33640695, 0.34623036, 0.34759140, 0.34874511, 0.34982765, 0.34994742, 0.34984311, 0.34947392, 0.27244043
0.13976994, 0.72178692, 0.21655774, 0.0000000, 1.9831866, 7.2518573, 9.5892487, 9.7355938, 9.8605051, 19.958763, 19.985779, 19.955252, 19.885302, 0.24997169, 0.26982898, 0.32251328, 0.34589109, 0.34735522, 0.34860480, 0.34979382, 0.34992889, 0.34977627, 0.34942651, 0.21655774
0.14955831, 0.83999217, 0.25202286, 1.1566639, 1.6372591, 6.4360352, 9.6532669, 9.7702751, 9.8737679, 19.957111, 19.981995, 19.941391, 19.878168, 0.26156461, 0.26637086, 0.31435698, 0.34653166, 0.34770223, 0.34873751, 0.34978557, 0.34990996, 0.34970695, 0.34939083, 0.25202286
0.12998925, 0.60367459, 0.18112049, 0.36514997, 1.1059731, 5.4191709, 9.6147480, 9.7498484, 9.8648748, 19.951878, 19.975533, 19.927437, 19.872807, 0.25365120, 0.26105919, 0.30419040, 0.34614700, 0.34749824, 0.34864867, 0.34975940, 0.34987766, 0.34963718, 0.34936404, 0.18112049
0.11664470, 0.44252449, 0.13277063, 0.0000000, 0.63965917, 4.3530264, 9.5905199, 9.7339859, 9.8567696, 19.946896, 19.967175, 19.914429, 19.868858, 0.24998315, 0.25639480, 0.29352421, 0.34590250, 0.34733853, 0.34856725, 0.34973449, 0.34983587, 0.34957215, 0.34934428, 0.13277063
0.10869014, 0.34646454, 0.10394976, 0.0000000, 0.24577677, 3.2278528, 9.5590858, 9.7134666, 9.8465385, 19.942022, 19.957087, 19.902861, 19.865976, 0.24995631, 0.25245693, 0.28227299, 0.34558758, 0.34713298, 0.34846482, 0.34971011, 0.34978545, 0.34951431, 0.34932989, 0.10394976
0.10330836, 0.28147385, 0.84450603E-1, 0.0000000, 0.0000000, 2.5048912, 9.1417313, 9.6927681, 9.8362818, 19.937222, 19.945740, 19.893015, 19.863907, 0.24995631, 0.24997869, 0.27504596, 0.34141517, 0.34692654, 0.34836242, 0.34968612, 0.34972870, 0.34946507, 0.34931952, 0.84450603E-1
0.17036504, 1.0000000, 0.32740957, 2.4364085, 2.3488789, 5.8533607, 9.2970171, 9.6944809, 9.8338547, 19.930403, 19.933308, 19.884830, 19.862402, 0.27436063, 0.27348679, 0.30853111, 0.34296936, 0.34694439, 0.34833840, 0.34965202, 0.34966654, 0.34942415, 0.34931201, 0.32740957
0.13946377, 0.71808964, 0.21544844, 1.1026114, 1.5653253, 4.3538904, 9.5310183, 9.7017918, 9.8347168, 19.921862, 19.920597, 19.878201, 19.861307, 0.26102471, 0.26565206, 0.29353723, 0.34530947, 0.34701756, 0.34834704, 0.34960932, 0.34960300, 0.34939101, 0.34930652, 0.21544844
0.11594501, 0.43407503, 0.13023554, 0.19721687, 0.89074969, 3.0454957, 9.5152636, 9.6833925, 9.8265657, 19.913633, 19.908752, 19.873032, 19.860533, 0.25197148, 0.25890565, 0.28045183, 0.34515068, 0.34683293, 0.34826532, 0.34956816, 0.34954375, 0.34936517, 0.34930265, 0.13023554
0.10504813, 0.30248338, 0.90754092E-1, 0.0000000, 0.34217834, 2.3092389, 8.8275299, 9.6531181, 9.8115673, 19.904762, 19.897997, 19.869055, 19.859985, 0.24996832, 0.25341982, 0.27308571, 0.33827022, 0.34652838, 0.34811473, 0.34952381, 0.34948999, 0.34934527, 0.34929994, 0.90754092E-1
0.98622642E-1, 0.22488865, 0.67473345E-1, 0.0000000, 0.0000000, 1.6238242, 7.9349804, 9.6153545, 9.7914209, 19.895708, 19.888676, 19.866043, 19.859587, 0.24996832, 0.24995686, 0.26623416, 0.32934585, 0.34615114, 0.34791341, 0.34947854, 0.34944338, 0.34933022, 0.34929794, 0.67473345E-1
0.95353931E-1, 0.18541545, 0.55630200E-1, 0.0000000, 0.0000000, 1.0394454, 6.9314513, 9.5781336, 9.7711773, 19.886786, 19.880850, 19.863770, 19.859346, 0.24996832, 0.24995686, 0.26039025, 0.31930891, 0.34577745, 0.34771046, 0.34943393, 0.34940425, 0.34931886, 0.34929675, 0.55630200E-1
0.92865318E-1, 0.15536276, 0.46613488E-1, 0.0000000, 0.0000000, 0.62791109, 5.9826074, 9.5783978, 9.7671127, 19.877874, 19.874336, 19.862040, 19.859200, 0.24996832, 0.24995686, 0.25627732, 0.30982268, 0.34578124, 0.34767020, 0.34938937, 0.34937167, 0.34931019, 0.34929600, 0.46613488E-1
0.90512335E-1, 0.12694792, 0.38088188E-1, 0.0000000, 0.0000000, 0.28012097, 4.9043245, 9.5364685, 9.7451725, 19.869289, 19.868952, 19.860731, 19.859064, 0.24996832, 0.24995686, 0.25279996, 0.29903889, 0.34536046, 0.34745029, 0.34934646, 0.34934476, 0.34930366, 0.34929532, 0.38088188E-1
0.88331297E-1, 0.10060953, 0.30185878E-1, 0.0000000, 0.0000000, 0.34976006E-1, 3.5404787, 9.4597902, 9.7039385, 19.862106, 19.864813, 19.859789, 19.858929, 0.24996832, 0.24995686, 0.25034961, 0.28540167, 0.34459373, 0.34703797, 0.34931052, 0.34932405, 0.34929895, 0.34929463, 0.30185878E-1
0.87267041E-1, 0.87757409E-1, 0.26329856E-1, 0.0000000, 0.0000000, 0.0000000, 2.7298121, 8.8665285, 9.6858320, 19.855473, 19.861462, 19.859060, 19.858805, 0.24996832, 0.24995686, 0.24999550, 0.27729413, 0.33865878, 0.34685597, 0.34927738, 0.34930730, 0.34929532, 0.34929401, 0.26329856E-1
0.86830489E-1, 0.82485586E-1, 0.24748150E-1, 0.0000000, 0.0000000, 0.0000000, 2.4756312, 8.3047094, 9.7337160, 19.852268, 19.859510, 19.858688, 19.858757, 0.24996832, 0.24995686, 0.24999550, 0.27475175, 0.33303943, 0.34733418, 0.34926134, 0.34929755, 0.34929344, 0.34929377, 0.24748150E-1
0.86124480E-1, 0.73959798E-1, 0.22190159E-1, 0.0000000, 0.0000000, 0.0000000, 2.0599217, 7.4459624, 9.6842499, 19.847601, 19.857506, 19.858250, 19.858709, 0.24996832, 0.24995686, 0.24999550, 0.27059811, 0.32445762, 0.34684163, 0.34923801, 0.34928754, 0.34929127, 0.34929353, 0.22190159E-1
0.85498080E-1, 0.66395283E-1, 0.19920578E-1, 0.0000000, 0.0000000, 0.0000000, 1.7175823, 6.6236944, 9.6697025, 19.845490, 19.856405, 19.858040, 19.858683, 0.24996832, 0.24995686, 0.24999550, 0.26717180, 0.31622916, 0.34669325, 0.34922746, 0.34928203, 0.34929019, 0.34929341, 0.19920578E-1
0.84796920E-1, 0.57928078E-1, 0.17380161E-1, 0.0000000, 0.0000000, 0.0000000, 1.3450086, 5.6845851, 9.6412687, 19.841585, 19.854984, 19.857729, 19.858646, 0.24996832, 0.24995686, 0.24999550, 0.26344657, 0.30683842, 0.34640849, 0.34920794, 0.34927493, 0.34928864, 0.34929323, 0.17380161E-1
0.17323157, 1.0000000, 0.33779550, 2.7584820, 2.5508790, 5.1247334, 9.1452637, 9.4681082, 9.7759619, 19.843494, 19.855228, 19.857838, 19.858709, 0.27757797, 0.27550498, 0.30124351, 0.34145126, 0.34468037, 0.34775937, 0.34921747, 0.34927613, 0.34928918, 0.34929353, 0.33779550
0.35599917, 1.0000000, 0.99999690, 9.9999962, 9.9999962, 9.9999990, 9.9999990, 9.9999990, 9.9999990, 19.999998, 19.999998, 19.999998, 19.998999, 0.34999958, 0.34999973, 0.34999987, 0.34999996, 0.34999999, 0.34999999, 0.34999999, 0.34999999, 0.34999999, 0.34999499, 0.99999690
0.35599875, 1.0000000, 0.99999541, 9.9999542, 9.9999723, 9.9999876, 9.9999962, 9.9999990, 9.9999990, 19.999998, 19.999998, 19.999998, 19.997997, 0.34999937, 0.34999961, 0.34999982, 0.34999996, 0.34999999, 0.34999999, 0.34999999, 0.34999999, 0.34999999, 0.34998998, 0.99999541
0.35490459, 1.0000000, 0.99603099, 9.9994984, 9.9284668, 9.8871861, 9.9731722, 9.9864340, 9.9951000, 19.999622, 19.999903, 19.999964, 19.988997, 0.34999463, 0.34928447, 0.34887174, 0.34973168, 0.34986433, 0.34995100, 0.34999812, 0.34999952, 0.34999982, 0.34994498, 0.99603099
0.33120298, 1.0000000, 0.91015577, 8.5879669, 9.5189447, 9.7043228, 9.9035959, 9.9496803, 9.9803724, 19.997459, 19.999344, 19.999180, 19.965637, 0.33587950, 0.34518933, 0.34704316, 0.34903595, 0.34949681, 0.34980372, 0.34998730, 0.34999672, 0.34999591, 0.34982818, 0.91015577
0.33007979, 1.0000000, 0.90608609, 8.6117573, 9.3981686, 9.6206846, 9.8297968, 9.9060879, 9.9596739, 19.992603, 19.998085, 19.996389, 19.944078, 0.33610615, 0.34397420, 0.34620303, 0.34829718, 0.34906051, 0.34959662, 0.34996301, 0.34999043, 0.34998196, 0.34972039, 0.90608609
0.35599351, 1.0000000, 0.99997634, 9.9997702, 9.9998589, 9.9999313, 9.9999847, 9.9999905, 9.9999990, 19.999998, 19.999998, 19.999998, 19.996996, 0.34999675, 0.34999803, 0.34999901, 0.34999979, 0.34999987, 0.34999999, 0.34999999, 0.34999999, 0.34999999, 0.34998497, 0.99997634
0.35599816, 1.0000000, 0.99999326, 9.9999990, 9.9999990, 9.9999990, 9.9999990, 9.9999990, 9.9999990, 19.999998, 19.999998, 19.999998, 19.998999, 0.34999907, 0.34999943, 0.34999973, 0.34999993, 0.34999996, 0.34999999, 0.34999999, 0.34999999, 0.34999999, 0.34999499, 0.99999326
0.35599321, 1.0000000, 0.99997526, 9.9998055, 9.9998837, 9.9999399, 9.9999876, 9.9999933, 9.9999990, 19.999998, 19.999998, 19.999998, 19.996996, 0.34999660, 0.34999797, 0.34999895, 0.34999979, 0.34999990, 0.34999999, 0.34999999, 0.34999999, 0.34999999, 0.34998497, 0.99997526
0.34888482, 1.0000000, 0.97422028, 9.6622000, 9.7705364, 9.8749084, 9.9671984, 9.9833431, 9.9935894, 19.999146, 19.999779, 19.999914, 19.987009, 0.34662160, 0.34770513, 0.34874898, 0.34967196, 0.34983343, 0.34993589, 0.34999573, 0.34999889, 0.34999958, 0.34993505, 0.97422028
0.35599679, 1.0000000, 0.99998832, 9.9999247, 9.9999542, 9.9999752, 9.9999933, 9.9999962, 9.9999990, 19.999998, 19.999998, 19.999998, 19.997997, 0.34999838, 0.34999904, 0.34999949, 0.34999987, 0.34999993, 0.34999999, 0.34999999, 0.34999999, 0.34999999, 0.34998998, 0.99998832
0.31474295, 1.0000000, 0.85051787, 7.4961424, 9.3897276, 9.6346235, 9.8718185, 9.9325714, 9.9726620, 19.995560, 19.998842, 19.999420, 19.974205, 0.32496127, 0.34389716, 0.34634617, 0.34871820, 0.34932572, 0.34972662, 0.34997779, 0.34999421, 0.34999710, 0.34987104, 0.85051787
0.26736191, 1.0000000, 0.67884743, 4.1941280, 9.2462769, 9.5132380, 9.7642012, 9.8667421, 9.9411268, 19.988470, 19.996971, 19.997271, 19.951805, 0.29194036, 0.34246156, 0.34513175, 0.34764189, 0.34866735, 0.34941125, 0.34994236, 0.34998485, 0.34998634, 0.34975904, 0.67884743
0.24349672, 1.0000000, 0.59237939, 2.8248847, 8.6303196, 9.5494547, 9.7569990, 9.8537979, 9.9311619, 19.985876, 19.996237, 19.993032, 19.931881, 0.27824607, 0.33629811, 0.34549171, 0.34756944, 0.34853768, 0.34931153, 0.34992939, 0.34998119, 0.34996516, 0.34965941, 0.59237939
0.34482992, 1.0000000, 0.95952857, 9.5239544, 9.5747051, 9.7591085, 9.9258070, 9.9617052, 9.9846096, 19.997437, 19.999331, 19.999775, 19.985008, 0.34523827, 0.34574628, 0.34759071, 0.34925798, 0.34961703, 0.34984609, 0.34998718, 0.34999666, 0.34999889, 0.34992504, 0.95952857
0.34045196, 1.0000000, 0.94366640, 9.1332102, 9.6652422, 9.8160553, 9.9509392, 9.9749718, 9.9905968, 19.998974, 19.999718, 19.999889, 19.986019, 0.34133172, 0.34665218, 0.34816045, 0.34950936, 0.34974971, 0.34990597, 0.34999487, 0.34999859, 0.34999946, 0.34993011, 0.94366640
0.32174200, 1.0000000, 0.87587684, 7.9789972, 9.4244242, 9.6492691, 9.8639631, 9.9273233, 9.9697781, 19.994678, 19.998604, 19.998793, 19.962788, 0.32978833, 0.34424308, 0.34649211, 0.34863952, 0.34927318, 0.34969774, 0.34997338, 0.34999302, 0.34999397, 0.34981394, 0.87587684
0.35599840, 1.0000000, 0.99999404, 9.9999580, 9.9999752, 9.9999876, 9.9999962, 9.9999990, 9.9999990, 19.999998, 19.999998, 19.999998, 19.997997, 0.34999916, 0.34999952, 0.34999976, 0.34999993, 0.34999999, 0.34999999, 0.34999999, 0.34999999, 0.34999999, 0.34998998, 0.99999404
0.35599917, 1.0000000, 0.99999690, 9.9999990, 9.9999990, 9.9999990, 9.9999990, 9.9999990, 9.9999990, 19.999998, 19.999998, 19.999998, 19.998999, 0.34999958, 0.34999973, 0.34999987, 0.34999996, 0.34999999, 0.34999999, 0.34999999, 0.34999999, 0.34999999, 0.34999499, 0.99999690
0.33239192, 1.0000000, 0.91446334, 8.6616125, 9.5261421, 9.7279797, 9.9178953, 9.9575930, 9.9835720, 19.997866, 19.999445, 19.999607, 19.975210, 0.33661571, 0.34526116, 0.34727964, 0.34917894, 0.34957594, 0.34983572, 0.34998932, 0.34999722, 0.34999803, 0.34987605, 0.91446334
0.29027694, 1.0000000, 0.76187289, 5.8019218, 9.3043118, 9.5616541, 9.8071690, 9.8941126, 9.9546976, 19.991652, 19.997810, 19.997616, 19.952742, 0.30801719, 0.34304118, 0.34561557, 0.34807149, 0.34894103, 0.34954694, 0.34995824, 0.34998906, 0.34998807, 0.34976369, 0.76187289
0.33728784, 1.0000000, 0.93220222, 8.9426098, 9.6178293, 9.7869501, 9.9367266, 9.9674816, 9.9870110, 19.997866, 19.999451, 19.999819, 19.987009, 0.33942309, 0.34617636, 0.34786853, 0.34936705, 0.34967473, 0.34987009, 0.34998932, 0.34999725, 0.34999910, 0.34993505, 0.93220222
0.35229909, 1.0000000, 0.98659080, 9.8121538, 9.8984098, 9.9480486, 9.9888268, 9.9943848, 9.9980564, 19.999928, 19.999981, 19.999983, 19.990009, 0.34810138, 0.34897190, 0.34947434, 0.34988704, 0.34994322, 0.34998035, 0.34999964, 0.34999990, 0.34999990, 0.34995005, 0.98659080
0.35599828, 1.0000000, 0.99999368, 9.9999990, 9.9999990, 9.9999990, 9.9999990, 9.9999990, 9.9999990, 19.999998, 19.999998, 19.999998, 19.998999, 0.34999913, 0.34999946, 0.34999973, 0.34999993, 0.34999996, 0.34999999, 0.34999999, 0.34999999, 0.34999999, 0.34999499, 0.99999368
0.32330048, 1.0000000, 0.88152349, 8.0601683, 9.4561100, 9.6821480, 9.8975430, 9.9467049, 9.9788837, 19.996893, 19.999195, 19.999548, 19.975185, 0.33060133, 0.34456086, 0.34682137, 0.34897539, 0.34946704, 0.34978884, 0.34998447, 0.34999597, 0.34999773, 0.34987593, 0.88152349
0.27926481, 1.0000000, 0.72197396, 5.0171680, 9.2912292, 9.5476770, 9.7920341, 9.8842344, 9.9500484, 19.990852, 19.997620, 19.997568, 19.952724, 0.30017015, 0.34291062, 0.34547591, 0.34792018, 0.34884226, 0.34950045, 0.34995425, 0.34998810, 0.34998783, 0.34976363, 0.72197396
0.25372863, 1.0000000, 0.62945145, 3.1237159, 9.3509626, 9.5764103, 9.7805843, 9.8700047, 9.9405556, 19.988907, 19.997101, 19.993490, 19.932716, 0.28123492, 0.34350562, 0.34576204, 0.34780544, 0.34869984, 0.34940550, 0.34994453, 0.34998551, 0.34996745, 0.34966359, 0.62945145
0.24207942, 1.0000000, 0.58724427, 2.8882861, 8.3471184, 9.5612173, 9.7571335, 9.8514366, 9.9284105, 19.985413, 19.996050, 19.986437, 19.915682, 0.27888161, 0.33346903, 0.34561095, 0.34757110, 0.34851426, 0.34928408, 0.34992707, 0.34998024, 0.34993219, 0.34957841, 0.58724427
0.22644337, 1.0000000, 0.53059191, 2.8068275, 6.6305351, 9.5000362, 9.7152138, 9.8231106, 9.9116087, 19.979860, 19.994102, 19.976408, 19.901701, 0.27806807, 0.31630504, 0.34500015, 0.34715211, 0.34823108, 0.34911609, 0.34989929, 0.34997052, 0.34988204, 0.34950849, 0.53059191
0.20351389, 1.0000000, 0.44751409, 2.0538063, 5.1243711, 9.4877548, 9.7044916, 9.8128786, 9.9036093, 19.975794, 19.991934, 19.964207, 19.890676, 0.27053735, 0.30124265, 0.34487656, 0.34704471, 0.34812871, 0.34903607, 0.34987897, 0.34995967, 0.34982103, 0.34945339, 0.44751409
0.17836758, 1.0000000, 0.35640424, 1.2456089, 3.4611957, 9.4436884, 9.6762018, 9.7938080, 9.8923016, 19.970501, 19.988317, 19.950476, 19.882208, 0.26245368, 0.28460792, 0.34443137, 0.34676087, 0.34793752, 0.34892285, 0.34985250, 0.34994158, 0.34975237, 0.34941104, 0.35640424
0.15684706, 0.92801172, 0.27843136, 0.49997568, 2.5026619, 8.6580019, 9.6499062, 9.7755470, 9.8813658, 19.964672, 19.982944, 19.936274, 19.875826, 0.25499657, 0.27501702, 0.33656341, 0.34649536, 0.34775358, 0.34881303, 0.34982336, 0.34991473, 0.34968138, 0.34937912, 0.27843136
0.14002249, 0.72483671, 0.21747276, 0.0000000, 1.8713415, 7.5287647, 9.6280565, 9.7600603, 9.8721056, 19.958910, 19.975681, 19.922533, 19.871071, 0.24998938, 0.26870388, 0.32526845, 0.34627566, 0.34759811, 0.34872022, 0.34979457, 0.34987840, 0.34961265, 0.34935534, 0.21747276
0.12983859, 0.60185504, 0.18057457, 0.0000000, 1.2668282, 6.2859993, 9.5974760, 9.7398310, 9.8613749, 19.953115, 19.966400, 19.909956, 19.867599, 0.24998938, 0.26266071, 0.31284118, 0.34596899, 0.34739539, 0.34861276, 0.34976557, 0.34983200, 0.34954977, 0.34933800, 0.18057457
0.12067284, 0.49116868, 0.14736535, 0.0000000, 0.77157021, 5.0661354, 9.5801792, 9.7272730, 9.8540335, 19.947659, 19.955561, 19.898994, 19.865070, 0.24998938, 0.25771186, 0.30064875, 0.34579703, 0.34727031, 0.34853953, 0.34973830, 0.34977782, 0.34949496, 0.34932536, 0.14736535
0.16274399, 0.99922359, 0.29979706, 2.7544260, 1.6023338, 4.3693795, 9.6534481, 9.7686110, 9.8710184, 19.945547, 19.944540, 19.890030, 19.863306, 0.27753201, 0.26601908, 0.29368797, 0.34653193, 0.34768480, 0.34870973, 0.34972775, 0.34972268, 0.34945014, 0.34931654, 0.29979706
0.15836388, 0.94632888, 0.28392705, 2.2015214, 2.3231120, 3.7071974, 9.6527014, 9.7713871, 9.8736010, 19.941135, 19.932585, 19.882633, 19.862026, 0.27201492, 0.27323091, 0.28707182, 0.34652692, 0.34771386, 0.34873602, 0.34970567, 0.34966293, 0.34941316, 0.34931013, 0.28392705
0.19038266, 1.0000000, 0.39993715, 2.3772478, 3.5862658, 8.3681908, 9.4783173, 9.7342396, 9.8574467, 19.933605, 19.920168, 19.876633, 19.861086, 0.27377236, 0.28586254, 0.33368179, 0.34478316, 0.34734240, 0.34857446, 0.34966803, 0.34960085, 0.34938318, 0.34930542, 0.39993715
0.16576923, 1.0000000, 0.31075808, 1.4829606, 2.3773968, 7.7942338, 9.6135979, 9.7531099, 9.8620205, 19.925220, 19.908537, 19.871948, 19.860409, 0.26482701, 0.27377149, 0.32793829, 0.34613496, 0.34753060, 0.34862003, 0.34962609, 0.34954268, 0.34935975, 0.34930205, 0.31075808
0.14649430, 0.80299097, 0.24092139, 0.74151456, 1.8171847, 6.7279243, 9.6236525, 9.7528372, 9.8606415, 19.915993, 19.898054, 19.868343, 19.859932, 0.25741374, 0.26816979, 0.31727543, 0.34623542, 0.34752780, 0.34860623, 0.34957996, 0.34949028, 0.34934172, 0.34929967, 0.24092139
0.12780786, 0.57733172, 0.17321685, 0.82266331E-1, 1.2414902, 5.5706315, 9.5958195, 9.7351227, 9.8512325, 19.905302, 19.888723, 19.865547, 19.859581, 0.25082242, 0.26241261, 0.30570120, 0.34595644, 0.34735033, 0.34851202, 0.34952652, 0.34944361, 0.34932774, 0.34929791, 0.17321685
0.11716961, 0.44886345, 0.13467251, 0.0000000, 0.72738528, 4.3132105, 9.5612078, 9.7122955, 9.8389606, 19.894979, 19.880951, 19.863451, 19.859346, 0.24998099, 0.25727150, 0.29312509, 0.34560898, 0.34712139, 0.34838906, 0.34947491, 0.34940475, 0.34931725, 0.34929675, 0.13467251
0.10857897, 0.34512213, 0.10354699, 0.0000000, 0.30945241, 3.0814714, 9.5353785, 9.6940432, 9.8277216, 19.884968, 19.874531, 19.861862, 19.859205, 0.24998099, 0.25309283, 0.28080630, 0.34534857, 0.34693778, 0.34827632, 0.34942484, 0.34937266, 0.34930933, 0.34929603, 0.10354699
0.10258218, 0.27270433, 0.81819482E-1, 0.0000000, 0.0000000, 2.3736029, 8.9408579, 9.6680651, 9.8134975, 19.876045, 19.869459, 19.860708, 19.859087, 0.24998099, 0.24999465, 0.27372712, 0.33940187, 0.34667701, 0.34813374, 0.34938022, 0.34934729, 0.34930354, 0.34929544, 0.81819482E-1
0.99285446E-1, 0.23289275, 0.69874816E-1, 0.0000000, 0.0000000, 1.7439991, 8.1269321, 9.6323881, 9.7949696, 19.868866, 19.865620, 19.859896, 19.858980, 0.24998099, 0.24999465, 0.26743355, 0.33126333, 0.34632033, 0.34794849, 0.34934431, 0.34932810, 0.34929949, 0.34929490, 0.69874816E-1
0.96351117E-1, 0.19745758, 0.59243198E-1, 0.0000000, 0.0000000, 1.2156427, 7.2393222, 9.6073380, 9.7808485, 19.863483, 19.862879, 19.859360, 19.858904, 0.24998099, 0.24999465, 0.26215097, 0.32238674, 0.34606907, 0.34780702, 0.34931743, 0.34931439, 0.34929681, 0.34929451, 0.59243198E-1
0.93770348E-1, 0.16629189, 0.49892556E-1, 0.0000000, 0.0000000, 0.78047514, 6.3092546, 9.5865650, 9.7684345, 19.858027, 19.860500, 19.858896, 19.858828, 0.24998099, 0.24999465, 0.25780183, 0.31308779, 0.34586206, 0.34768313, 0.34929013, 0.34930250, 0.34929448, 0.34929413, 0.49892556E-1
0.12410496, 0.53261536, 0.15980059, 1.4331043, 1.4052987, 0.61159432, 5.8139687, 9.6770945, 9.8055525, 19.854496, 19.858946, 19.858589, 19.858805, 0.26432428, 0.26404899, 0.25611508, 0.30813804, 0.34676957, 0.34805506, 0.34927249, 0.34929472, 0.34929293, 0.34929401, 0.15980059
0.15032154, 0.84920895, 0.25478816, 2.7707009, 2.4574101, 0.46277940, 5.3911352, 9.7003031, 9.8175344, 19.852234, 19.857925, 19.858397, 19.858757, 0.27770054, 0.27457064, 0.25462747, 0.30391061, 0.34700236, 0.34817511, 0.34926116, 0.34928963, 0.34929198, 0.34929377, 0.25478816
0.12870565, 0.58817375, 0.17646977, 1.6441822, 1.8300831, 0.32103658, 5.0222483, 9.7134275, 9.8235064, 19.849564, 19.856918, 19.858194, 19.858709, 0.26644099, 0.26830027, 0.25321031, 0.30022234, 0.34713414, 0.34823501, 0.34924781, 0.34928459, 0.34929097, 0.34929353, 0.17646977
0.11335938, 0.40285081, 0.12086733, 0.88400245, 1.3342708, 0.21009743, 4.6758957, 9.7174559, 9.8258781, 19.848288, 19.856394, 19.858095, 19.858709, 0.25883636, 0.26333940, 0.25210071, 0.29675779, 0.34717336, 0.34825838, 0.34924144, 0.34928197, 0.34929049, 0.34929353, 0.12086733
0.11080404, 0.37199217, 0.11160882, 0.97679198, 0.94979405, 0.11770129, 4.3459258, 9.7225838, 9.8281260, 19.847639, 19.856083, 19.858084, 19.858709, 0.25976419, 0.25949576, 0.25117686, 0.29345828, 0.34722474, 0.34828088, 0.34923819, 0.34928042, 0.34929043, 0.34929353, 0.11160882
0.98411590E-1, 0.22233997, 0.66708662E-1, 0.35540760, 0.57206452, 0.28666854E-1, 3.9684768, 9.6976109, 9.8185225, 19.846943, 19.855854, 19.858084, 19.858709, 0.25355229, 0.25571892, 0.25028664, 0.28968358, 0.34697464, 0.34818473, 0.34923470, 0.34927928, 0.34929043, 0.34929353, 0.66708662E-1
0.90271540E-1, 0.12404003, 0.37215732E-1, 0.0000000, 0.24738312, 0.0000000, 3.4765654, 9.6475668, 9.7975550, 19.846642, 19.855724, 19.858084, 19.858709, 0.24998689, 0.25247234, 0.24999712, 0.28476354, 0.34647274, 0.34797457, 0.34923321, 0.34927863, 0.34929043, 0.34929353, 0.37215732E-1
0.87707959E-1, 0.93081973E-1, 0.27927386E-1, 0.0000000, 0.14156103E-2, 0.0000000, 2.9771118, 9.3826275, 9.7638702, 19.845852, 19.855478, 19.858061, 19.858709, 0.24998689, 0.25001413, 0.24999712, 0.27976722, 0.34382010, 0.34763655, 0.34922928, 0.34927738, 0.34929031, 0.34929353, 0.27927386E-1
0.87323688E-1, 0.88441521E-1, 0.26535111E-1, 0.0000000, 0.0000000, 0.0000000, 2.7523816, 8.9324074, 9.7620459, 19.845146, 19.855284, 19.858036, 19.858709, 0.24998689, 0.24999957, 0.24999712, 0.27752090, 0.33931935, 0.34761873, 0.34922573, 0.34927642, 0.34929019, 0.34929353, 0.26535111E-1
0.86884305E-1, 0.83135463E-1, 0.24943134E-1, 0.0000000, 0.0000000, 0.0000000, 2.4914980, 8.3984957, 9.7449980, 19.844490, 19.855095, 19.858013, 19.858709, 0.24998689, 0.24999957, 0.24999712, 0.27491224, 0.33398035, 0.34744820, 0.34922245, 0.34927547, 0.34929007, 0.34929353, 0.24943134E-1
0.13734132, 0.69245875, 0.20775841, 1.7472357, 2.2161841, 1.9585431, 2.4425328, 8.2191935, 9.8087606, 19.846399, 19.855610, 19.858171, 19.858709, 0.26746881, 0.27215913, 0.26958424, 0.27442503, 0.33219144, 0.34808740, 0.34923199, 0.34927803, 0.34929085, 0.34929353, 0.20775841
0.24867770, 1.0000000, 0.61115110, 3.1929195, 8.8779488, 9.1747561, 9.4082460, 9.6186199, 9.8459530, 19.848986, 19.856287, 19.858288, 19.858709, 0.28192651, 0.33877504, 0.34174526, 0.34408200, 0.34618595, 0.34845945, 0.34924492, 0.34928143, 0.34929144, 0.34929353, 0.61115110
0.35583651, 1.0000000, 0.99940759, 9.9998837, 9.9999313, 9.9996367, 9.9549828, 9.7549734, 9.8581591, 19.849693, 19.856485, 19.858318, 19.858709, 0.34999806, 0.34999886, 0.34999612, 0.34954977, 0.34754971, 0.34858158, 0.34924847, 0.34928244, 0.34929159, 0.34929353, 0.99940759
0.35599822, 1.0000000, 0.99999350, 9.9999990, 9.9999990, 9.9999990, 9.9999990, 9.9999990, 9.9999990, 19.999998, 19.999998, 19.999998, 19.998999, 0.34999910, 0.34999946, 0.34999973, 0.34999993, 0.34999996, 0.34999999, 0.34999999, 0.34999999, 0.34999999, 0.34999499, 0.99999350
0.33371609, 1.0000000, 0.91926110, 8.7126970, 9.5819721, 9.7627239, 9.9326153, 9.9653711, 9.9869928, 19.998663, 19.999653, 19.999678, 19.975222, 0.33712521, 0.34581855, 0.34762663, 0.34932604, 0.34965366, 0.34986991, 0.34999332, 0.34999827, 0.34999838, 0.34987611, 0.91926110
0.29537472, 1.0000000, 0.78034312, 6.1345963, 9.3466864, 9.5927715, 9.8325653, 9.9091673, 9.9626884, 19.994379, 19.998533, 19.997812, 19.952765, 0.31134340, 0.34346452, 0.34592652, 0.34832543, 0.34909156, 0.34962687, 0.34997189, 0.34999266, 0.34998906, 0.34976381, 0.78034312
0.25979170, 1.0000000, 0.65141916, 3.6057780, 9.2957201, 9.5443487, 9.7760458, 9.8710318, 9.9435472, 19.990889, 19.997606, 19.993641, 19.932716, 0.28605658, 0.34295535, 0.34544253, 0.34776026, 0.34871024, 0.34943545, 0.34995443, 0.34998804, 0.34996819, 0.34966359, 0.65141916
0.23397043, 1.0000000, 0.55786389, 2.4506717, 8.1169453, 9.5245094, 9.7445688, 9.8462048, 9.9282007, 19.987144, 19.996510, 19.986567, 19.915668, 0.27450570, 0.33116746, 0.34524393, 0.34744546, 0.34846193, 0.34928197, 0.34993571, 0.34998256, 0.34993285, 0.34957835, 0.55786389
0.26172647, 1.0000000, 0.65842921, 3.7479184, 9.2891598, 9.5596933, 9.7517357, 9.8452930, 9.9235315, 19.984684, 19.995426, 19.976780, 19.901728, 0.28747714, 0.34288853, 0.34559536, 0.34751704, 0.34845278, 0.34923527, 0.34992343, 0.34997714, 0.34988391, 0.34950864, 0.65842921
0.23424453, 1.0000000, 0.55885696, 2.5012136, 8.0762396, 9.5127134, 9.7249632, 9.8273773, 9.9125929, 19.980650, 19.993319, 19.964575, 19.890688, 0.27500787, 0.33075410, 0.34512225, 0.34724864, 0.34827328, 0.34912574, 0.34990326, 0.34996659, 0.34982288, 0.34945345, 0.55885696
0.21101578, 1.0000000, 0.47469482, 1.7939597, 6.4602995, 9.4956036, 9.7090950, 9.8153782, 9.9044294, 19.976536, 19.990088, 19.950903, 19.882244, 0.26793611, 0.31459546, 0.34495050, 0.34708983, 0.34815320, 0.34904411, 0.34988266, 0.34995043, 0.34975451, 0.34941122, 0.47469482
0.18746340, 1.0000000, 0.38936010, 1.0945469, 4.7996554, 9.4662361, 9.6884432, 9.8010578, 9.8955317, 19.971638, 19.985073, 19.936760, 19.875877, 0.26094162, 0.29798648, 0.34465241, 0.34688240, 0.34800953, 0.34895498, 0.34985819, 0.34992537, 0.34968379, 0.34937939, 0.38936010
0.16362700, 1.0000000, 0.30299640, 0.42574406, 3.0580552, 9.4292307, 9.6632824, 9.7840519, 9.8856449, 19.966028, 19.977932, 19.922983, 19.871128, 0.25425464, 0.28056845, 0.34427369, 0.34662902, 0.34783858, 0.34885579, 0.34983015, 0.34988967, 0.34961492, 0.34935564, 0.30299640
0.14847153, 0.82686806, 0.24808523, 0.0000000, 2.4063020, 8.4916105, 9.6545687, 9.7767096, 9.8803806, 19.960897, 19.968918, 19.910425, 19.867670, 0.24999273, 0.27405491, 0.33490184, 0.34654245, 0.34776545, 0.34880325, 0.34980449, 0.34984457, 0.34955212, 0.34933835, 0.24808523
0.13992599, 0.72367138, 0.21712312, 0.0000000, 1.8740416, 7.4946465, 9.6457224, 9.7701302, 9.8761349, 19.955730, 19.958176, 19.899450, 19.865147, 0.24999273, 0.26873264, 0.32493088, 0.34645319, 0.34769928, 0.34876066, 0.34977865, 0.34979087, 0.34949726, 0.34932572, 0.21712312
0.13198401, 0.62776339, 0.18834785, 0.0000000, 1.4059305, 6.5150352, 9.6371746, 9.7641449, 9.8725500, 19.950314, 19.946236, 19.890238, 19.863317, 0.24999273, 0.26405194, 0.31513327, 0.34636667, 0.34763888, 0.34872463, 0.34975156, 0.34973118, 0.34945118, 0.34931660, 0.18834785
0.12457673, 0.53831249, 0.16150990, 0.0000000, 0.99322796, 5.5536027, 9.6280432, 9.7579079, 9.8688021, 19.944094, 19.933716, 19.882710, 19.862007, 0.24999273, 0.25992614, 0.30551890, 0.34627450, 0.34757605, 0.34868699, 0.34972048, 0.34966856, 0.34941354, 0.34931004, 0.16150990
0.11754405, 0.45338532, 0.13602920, 0.0000000, 0.62645674, 4.5930924, 9.6146774, 9.7490721, 9.8637514, 19.936735, 19.921251, 19.876707, 19.861086, 0.24999273, 0.25625792, 0.29590654, 0.34613657, 0.34748554, 0.34863576, 0.34968367, 0.34960625, 0.34938353, 0.34930542, 0.13602920
0.11220057, 0.38885683, 0.11666872, 0.0000000, 0.39203465, 3.7706566, 9.6216936, 9.7525206, 9.8645039, 19.929977, 19.909945, 19.872128, 19.860449, 0.24999273, 0.25391334, 0.28767279, 0.34619972, 0.34751648, 0.34864208, 0.34964988, 0.34954971, 0.34936064, 0.34930223, 0.11666872
0.12494671, 0.54278040, 0.16285041, 1.1893362, 0.24779439, 3.1712193, 9.6576099, 9.7731180, 9.8722878, 19.923067, 19.899952, 19.868671, 19.859999, 0.26186568, 0.25247449, 0.28169006, 0.34656259, 0.34772435, 0.34872058, 0.34961534, 0.34949976, 0.34934336, 0.34930000, 0.16285041
0.11535101, 0.42690185, 0.12808336, 0.70851147, 0.86137652E-1, 2.8038561, 9.4743528, 9.7774076, 9.8731937, 19.914425, 19.891039, 19.865967, 19.859650, 0.25708374, 0.25086129, 0.27803695, 0.34474242, 0.34777352, 0.34873176, 0.34957212, 0.34945518, 0.34932983, 0.34929824, 0.12808336
0.10638457, 0.31862232, 0.95596261E-1, 0.24284422, 0.0000000, 2.4437606, 9.0938349, 9.7507324, 9.8612223, 19.905088, 19.883427, 19.863918, 19.859415, 0.25242454, 0.24999507, 0.27442583, 0.34092960, 0.34750265, 0.34861064, 0.34952545, 0.34941715, 0.34931958, 0.34929708, 0.95596261E-1
0.10106447, 0.25437638, 0.76320551E-1, 0.0000000, 0.0000000, 2.0612926, 8.6353121, 9.7247896, 9.8477106, 19.896219, 19.877245, 19.862411, 19.859251, 0.24998227, 0.24999507, 0.27060428, 0.33634588, 0.34724382, 0.34847572, 0.34948111, 0.34938622, 0.34931207, 0.34929627, 0.76320551E-1
0.99019006E-1, 0.22967520, 0.68909451E-1, 0.0000000, 0.0000000, 1.6751021, 8.1099186, 9.6984529, 9.8330021, 19.887194, 19.872103, 19.861269, 19.859169, 0.24998227, 0.24999507, 0.26674518, 0.33109352, 0.34698117, 0.34832889, 0.34943599, 0.34936053, 0.34930634, 0.34929585, 0.68909451E-1
0.97093463E-1, 0.20642219, 0.61932854E-1, 0.0000000, 0.0000000, 1.3262630, 7.5430589, 9.6804514, 9.8217602, 19.879276, 19.868067, 19.860409, 19.859087, 0.24998227, 0.24999507, 0.26325151, 0.32541791, 0.34679639, 0.34821486, 0.34939638, 0.34934032, 0.34930205, 0.34929544, 0.61932854E-1
0.95581070E-1, 0.18815835, 0.56453150E-1, 0.0000000, 0.0000000, 1.0649860, 7.0159044, 9.6838799, 9.8203640, 19.873121, 19.865116, 19.859833, 19.859034, 0.24998227, 0.24999507, 0.26064724, 0.32015562, 0.34683642, 0.34820282, 0.34936559, 0.34932560, 0.34929916, 0.34929517, 0.56453150E-1
0.94110936E-1, 0.17040490, 0.51126584E-1, 0.0000000, 0.0000000, 0.82308352, 6.4568205, 9.6706448, 9.8132257, 19.868118, 19.862925, 19.859421, 19.858980, 0.24998227, 0.24999507, 0.25822958, 0.31456625, 0.34670496, 0.34813175, 0.34934059, 0.34931463, 0.34929711, 0.34929490, 0.51126584E-1
0.92622921E-1, 0.15243550, 0.45735225E-1, 0.0000000, 0.0000000, 0.59135854, 5.8315620, 9.6475439, 9.8012199, 19.863520, 19.861139, 19.859108, 19.858923, 0.24998227, 0.24999507, 0.25591284, 0.30831414, 0.34647420, 0.34801179, 0.34931761, 0.34930569, 0.34929556, 0.34929460, 0.45735225E-1
0.91251180E-1, 0.13587025, 0.40765151E-1, 0.0000000, 0.0000000, 0.39616227, 5.1620541, 9.6300821, 9.7911968, 19.859875, 19.859808, 19.858891, 19.858881, 0.24998227, 0.24999507, 0.25396007, 0.30161649, 0.34629706, 0.34791067, 0.34929937, 0.34929904, 0.34929445, 0.34929439, 0.40765151E-1
0.90207346E-1, 0.12326479, 0.36983136E-1, 0.0000000, 0.0000000, 0.25375485, 4.6028814, 9.6481152, 9.7972069, 19.856432, 19.858658, 19.858662, 19.858828, 0.24998227, 0.24999507, 0.25253674, 0.29602587, 0.34647804, 0.34797102, 0.34928215, 0.34929329, 0.34929329, 0.34929413, 0.36983136E-1
0.89257650E-1, 0.11179620, 0.33542216E-1, 0.0000000, 0.0000000, 0.13167560, 4.0678000, 9.6488647, 9.7971725, 19.853535, 19.857740, 19.858423, 19.858805, 0.24998227, 0.24999507, 0.25131497, 0.29066691, 0.34647551, 0.34796730, 0.34926766, 0.34928870, 0.34929210, 0.34929401, 0.33542216E-1
0.88432297E-1, 0.10182916, 0.30551804E-1, 0.0000000, 0.0000000, 0.32597780E-1, 3.5644207, 9.6512804, 9.7977734, 19.851271, 19.857031, 19.858236, 19.858757, 0.24998227, 0.24999507, 0.25032550, 0.28563371, 0.34649861, 0.34797293, 0.34925634, 0.34928516, 0.34929118, 0.34929377, 0.30551804E-1
0.87891415E-1, 0.95297448E-1, 0.28592095E-1, 0.0000000, 0.0000000, 0.0000000, 3.0749061, 9.6495857, 9.7967453, 19.849657, 19.856501, 19.858171, 19.858757, 0.24998227, 0.24999507, 0.24999756, 0.28073949, 0.34648085, 0.34796238, 0.34924829, 0.34928250, 0.34929085, 0.34929377, 0.28592095E-1
0.87571755E-1, 0.91437221E-1, 0.27433909E-1, 0.0000000, 0.0000000, 0.0000000, 2.8280199, 9.3743162, 9.7908354, 19.847744, 19.855953, 19.858061, 19.858757, 0.24998227, 0.24999507, 0.24999756, 0.27826801, 0.34372294, 0.34790131, 0.34923872, 0.34927976, 0.34929031, 0.34929377, 0.27433909E-1
0.14788941, 0.81983835, 0.24597611, 2.4662197, 2.1374373, 2.0954638, 2.8021307, 9.2602034, 9.8355417, 19.849409, 19.856390, 19.858200, 19.858757, 0.27464724, 0.27136660, 0.27095082, 0.27802029, 0.34260035, 0.34835482, 0.34924704, 0.34928197, 0.34929100, 0.34929377, 0.24597611
0.16994119, 1.0000000, 0.32587385, 2.9275358, 2.3094444, 4.2302184, 9.1324310, 9.6355934, 9.8618755, 19.851484, 19.856939, 19.858343, 19.858757, 0.27927238, 0.27309304, 0.29230091, 0.34132373, 0.34635565, 0.34861866, 0.34925741, 0.34928471, 0.34929171, 0.34929377, 0.32587385
0.26499212, 1.0000000, 0.67026120, 4.2064495, 8.9778070, 9.4693527, 9.6518612, 9.7819118, 9.8756094, 19.853029, 19.857328, 19.858423, 19.858757, 0.29206428, 0.33977780, 0.34469339, 0.34651858, 0.34781912, 0.34875610, 0.34926516, 0.34928665, 0.34929210, 0.34929377, 0.67026120
0.29788125, 1.0000000, 0.78942472, 6.2348599, 9.4789038, 9.6271391, 9.7451935, 9.8239880, 9.8801088, 19.853554, 19.857445, 19.858423, 19.858757, 0.31234813, 0.34478858, 0.34627116, 0.34745187, 0.34823984, 0.34880108, 0.34926778, 0.34928721, 0.34929210, 0.34929377, 0.78942472
0.35599881, 1.0000000, 0.99999559, 9.9999962, 9.9999962, 9.9999990, 9.9999990, 9.9999990, 9.9999990, 19.999998, 19.999998, 19.999998, 19.998999, 0.34999940, 0.34999961, 0.34999982, 0.34999996, 0.34999996, 0.34999999, 0.34999999, 0.34999999, 0.34999999, 0.34999499, 0.99999559
0.35599887, 1.0000000, 0.99999589, 9.9999962, 9.9999990, 9.9999990, 9.9999990, 9.9999990, 9.9999990, 19.999998, 19.999998, 19.999998, 19.998999, 0.34999943, 0.34999967, 0.34999982, 0.34999996, 0.34999996, 0.34999999, 0.34999999, 0.34999999, 0.34999999, 0.34999499, 0.99999589
0.35599273, 1.0000000, 0.99997354, 9.9997015, 9.9998207, 9.9999065, 9.9999847, 9.9999876, 9.9999990, 19.999998, 19.999998, 19.999998, 19.994993, 0.34999636, 0.34999782, 0.34999886, 0.34999982, 0.34999985, 0.34999999, 0.34999999, 0.34999999, 0.34999999, 0.34997496, 0.99997354
0.34689057, 1.0000000, 0.96699482, 9.5479879, 9.7308083, 9.8542137, 9.9637556, 9.9816084, 9.9933434, 19.999498, 19.999868, 19.999846, 19.980116, 0.34547955, 0.34730789, 0.34854203, 0.34963754, 0.34981608, 0.34993345, 0.34999749, 0.34999934, 0.34999922, 0.34990057, 0.96699482
0.33291847, 1.0000000, 0.91637117, 8.6448336, 9.5976200, 9.7656078, 9.9279690, 9.9625292, 9.9860382, 19.998795, 19.999683, 19.998594, 19.957342, 0.33644781, 0.34597585, 0.34765589, 0.34927967, 0.34962526, 0.34986037, 0.34999397, 0.34999841, 0.34999296, 0.34978670, 0.91637117
0.31051052, 1.0000000, 0.83518291, 7.1204143, 9.4809570, 9.6817293, 9.8761234, 9.9331026, 9.9734831, 19.996977, 19.999210, 19.995110, 19.936743, 0.32120323, 0.34480885, 0.34681693, 0.34876114, 0.34933099, 0.34973484, 0.34998488, 0.34999606, 0.34997556, 0.34968370, 0.83518291
0.28591853, 1.0000000, 0.74608153, 5.3976488, 9.4138126, 9.6301832, 9.8331833, 9.9059963, 9.9606781, 19.995012, 19.998657, 19.988804, 19.919044, 0.30397570, 0.34413731, 0.34630141, 0.34833175, 0.34905994, 0.34960678, 0.34997505, 0.34999329, 0.34994403, 0.34959522, 0.74608153
0.26256606, 1.0000000, 0.66147119, 3.7186215, 9.4033308, 9.6145439, 9.8075905, 9.8871355, 9.9500971, 19.993080, 19.997864, 19.979610, 19.904469, 0.28718561, 0.34403238, 0.34614497, 0.34807581, 0.34887129, 0.34950092, 0.34996539, 0.34998932, 0.34989804, 0.34952235, 0.66147119
0.24837860, 1.0000000, 0.61006737, 2.9124856, 9.0190010, 9.6446886, 9.8082170, 9.8833418, 9.9454432, 19.991699, 19.996689, 19.967985, 19.892891, 0.27912325, 0.34018698, 0.34644526, 0.34808186, 0.34883323, 0.34945437, 0.34995848, 0.34998345, 0.34983993, 0.34946445, 0.61006737
0.23472399, 1.0000000, 0.56059414, 2.5092483, 8.0571012, 9.6184855, 9.7952175, 9.8737202, 9.9391193, 19.989983, 19.994484, 19.954695, 19.883945, 0.27509055, 0.33056727, 0.34618261, 0.34795174, 0.34873697, 0.34939110, 0.34994990, 0.34997243, 0.34977347, 0.34941971, 0.56059414
0.22510500, 1.0000000, 0.52574277, 2.2433786, 7.3258457, 9.6419954, 9.8014765, 9.8752079, 9.9377489, 19.988789, 19.990967, 19.940750, 19.877197, 0.27243242, 0.32325578, 0.34641820, 0.34801441, 0.34875190, 0.34937742, 0.34994394, 0.34995484, 0.34970376, 0.34938598, 0.52574277
0.21819913, 1.0000000, 0.50072145, 2.0776749, 6.7537518, 9.6676302, 9.8144569, 9.8814745, 9.9394360, 19.988338, 19.985794, 19.927086, 19.872200, 0.27077487, 0.31753382, 0.34667367, 0.34814402, 0.34881449, 0.34939426, 0.34994170, 0.34992898, 0.34963542, 0.34936100, 0.50072145
0.20477429, 1.0000000, 0.45208076, 1.7007321, 5.8026271, 9.5900955, 9.7850418, 9.8652143, 9.9321728, 19.986341, 19.978189, 19.914310, 19.868483, 0.26700696, 0.30802548, 0.34590033, 0.34785029, 0.34865209, 0.34932169, 0.34993172, 0.34989095, 0.34957156, 0.34934241, 0.45208076
0.19415918, 1.0000000, 0.41362017, 1.4329791, 4.9640965, 9.5968142, 9.7810106, 9.8615589, 9.9295959, 19.984447, 19.968676, 19.903017, 19.865789, 0.26432952, 0.29964036, 0.34596756, 0.34780997, 0.34861553, 0.34929594, 0.34992224, 0.34984338, 0.34951508, 0.34932894, 0.41362017
0.17977141, 1.0000000, 0.36149061, 1.0497063, 3.8959808, 9.5438833, 9.7528400, 9.8446817, 9.9213448, 19.980705, 19.957222, 19.893337, 19.863831, 0.26049590, 0.28895721, 0.34543568, 0.34752774, 0.34844649, 0.34921333, 0.34990352, 0.34978610, 0.34946668, 0.34931916, 0.36149061
0.17228863, 1.0000000, 0.33437908, 0.88811219, 3.2248576, 9.6112757, 9.7754116, 9.8553982, 9.9243412, 19.977341, 19.945127, 19.885460, 19.862450, 0.25888035, 0.28224689, 0.34611022, 0.34775361, 0.34855372, 0.34924331, 0.34988672, 0.34972563, 0.34942728, 0.34931225, 0.33437908
0.35594600, 1.0000000, 0.99980426, 9.9979725, 9.9987831, 9.9993916, 9.9998798, 9.9999371, 9.9999819, 19.999998, 19.999998, 19.999998, 19.994993, 0.34997308, 0.34998384, 0.34999192, 0.34999841, 0.34999916, 0.34999976, 0.34999999, 0.34999999, 0.34999999, 0.34997496, 0.99980426
0.35599852, 1.0000000, 0.99999458, 9.9999990, 9.9999990, 9.9999990, 9.9999990, 9.9999990, 9.9999990, 19.999998, 19.999998, 19.999998, 19.998999, 0.34999925, 0.34999955, 0.34999979, 0.34999996, 0.34999996, 0.34999999, 0.34999999, 0.34999999, 0.34999999, 0.34999499, 0.99999458
0.35599923, 1.0000000, 0.99999714, 9.9999962, 9.9999962, 9.9999990, 9.9999990, 9.9999990, 9.9999990, 19.999998, 19.999998, 19.999998, 19.998999, 0.34999961, 0.34999976, 0.34999987, 0.34999996, 0.34999999, 0.34999999, 0.34999999, 0.34999999, 0.34999999, 0.34999499, 0.99999714
0.35599935, 1.0000000, 0.99999756, 9.9999990, 9.9999990, 9.9999990, 9.9999990, 9.9999990, 9.9999990, 19.999998, 19.999998, 19.999998, 19.998999, 0.34999967, 0.34999979, 0.34999990, 0.34999996, 0.34999999, 0.34999999, 0.34999999, 0.34999999, 0.34999999, 0.34999499, 0.99999756
0.35599738, 1.0000000, 0.99999058, 9.9999008, 9.9999371, 9.9999723, 9.9999905, 9.9999990, 9.9999962, 19.999998, 19.999998, 19.999998, 19.995995, 0.34999871, 0.34999919, 0.34999964, 0.34999987, 0.34999999, 0.34999996, 0.34999999, 0.34999999, 0.34999999, 0.34997997, 0.99999058
0.35549790, 1.0000000, 0.99818081, 9.9980593, 9.9650211, 9.9575520, 9.9908743, 9.9954205, 9.9984198, 19.999945, 19.999987, 19.999882, 19.981098, 0.34998044, 0.34965011, 0.34957546, 0.34990874, 0.34995419, 0.34998420, 0.34999973, 0.34999993, 0.34999940, 0.34990549, 0.99818081
0.34240621, 1.0000000, 0.95074707, 9.2616396, 9.6866074, 9.8166504, 9.9532566, 9.9761772, 9.9915371, 19.999557, 19.999891, 19.998730, 19.958250, 0.34261602, 0.34686583, 0.34816638, 0.34953254, 0.34976178, 0.34991539, 0.34999779, 0.34999946, 0.34999365, 0.34979126, 0.95074707
0.32920471, 1.0000000, 0.90291560, 8.3751440, 9.6013470, 9.7621145, 9.9214544, 9.9587517, 9.9844875, 19.998705, 19.999676, 19.995399, 19.937567, 0.33375031, 0.34601271, 0.34762076, 0.34921446, 0.34958747, 0.34984487, 0.34999353, 0.34999838, 0.34997699, 0.34968784, 0.90291560
0.31965339, 1.0000000, 0.86830938, 7.6669216, 9.6262388, 9.7699680, 9.9060459, 9.9488153, 9.9795818, 19.997770, 19.999380, 19.989286, 19.919765, 0.32666862, 0.34626195, 0.34769946, 0.34906042, 0.34948811, 0.34979582, 0.34998885, 0.34999689, 0.34994644, 0.34959882, 0.86830938
0.30916172, 1.0000000, 0.83029604, 6.9199009, 9.6133738, 9.7581778, 9.8869829, 9.9365253, 9.9728727, 19.995928, 19.998632, 19.980225, 19.905060, 0.31919593, 0.34613118, 0.34758046, 0.34886956, 0.34936514, 0.34972870, 0.34997964, 0.34999317, 0.34990114, 0.34952530, 0.83029604
0.29744440, 1.0000000, 0.78784204, 6.0950928, 9.5859900, 9.7374115, 9.8680220, 9.9238281, 9.9655609, 19.993677, 19.997274, 19.968660, 19.893316, 0.31094790, 0.34585702, 0.34737265, 0.34867993, 0.34923813, 0.34965554, 0.34996837, 0.34998637, 0.34984329, 0.34946659, 0.78784204
0.28153896, 1.0000000, 0.73021358, 4.9997387, 9.5172062, 9.6914644, 9.8439045, 9.9079933, 9.9570780, 19.991436, 19.994974, 19.955376, 19.884295, 0.29999378, 0.34516791, 0.34691253, 0.34843862, 0.34907973, 0.34957072, 0.34995717, 0.34997487, 0.34977686, 0.34942147, 0.73021358
0.26771188, 1.0000000, 0.68011552, 4.0005946, 9.5164728, 9.6867723, 9.8349791, 9.9002533, 9.9519386, 19.989737, 19.991402, 19.941395, 19.877451, 0.29000199, 0.34515905, 0.34686485, 0.34834918, 0.34900224, 0.34951928, 0.34994867, 0.34995702, 0.34970698, 0.34938726, 0.68011552
0.25359607, 1.0000000, 0.62897116, 2.9993625, 9.4854088, 9.6796379, 9.8240299, 9.8918524, 9.9461384, 19.987183, 19.985762, 19.927578, 19.872341, 0.27999061, 0.34484836, 0.34679347, 0.34823972, 0.34891823, 0.34946129, 0.34993592, 0.34992880, 0.34963790, 0.34936172, 0.62897116
0.24477120, 1.0000000, 0.59699708, 2.7044833, 8.9070072, 9.6876707, 9.8228464, 9.8891392, 9.9431067, 19.984879, 19.978140, 19.914719, 19.868601, 0.27704275, 0.33906597, 0.34687448, 0.34822801, 0.34889114, 0.34943098, 0.34992439, 0.34989071, 0.34957358, 0.34934300, 0.59699708
0.22989485, 1.0000000, 0.54309726, 2.2245736, 7.9513302, 9.6133451, 9.7924738, 9.8709936, 9.9340935, 19.981226, 19.968245, 19.903261, 19.865847, 0.27224407, 0.32950974, 0.34613127, 0.34792429, 0.34870973, 0.34934086, 0.34990615, 0.34984124, 0.34951630, 0.34932923, 0.54309726
0.21439087, 1.0000000, 0.48692346, 1.7611116, 6.8711495, 9.5794792, 9.7702379, 9.8562679, 9.9261980, 19.977016, 19.956738, 19.893511, 19.863871, 0.26760995, 0.31870875, 0.34579289, 0.34770200, 0.34856248, 0.34926191, 0.34988508, 0.34978369, 0.34946755, 0.34931934, 0.48692346
0.20008868, 1.0000000, 0.43510383, 1.3567507, 5.8248653, 9.5689154, 9.7590799, 9.8476572, 9.9207306, 19.971941, 19.944227, 19.885460, 19.862461, 0.26356611, 0.30824503, 0.34568620, 0.34759021, 0.34847629, 0.34920722, 0.34985971, 0.34972113, 0.34942728, 0.34931231, 0.43510383
0.18644270, 1.0000000, 0.38566193, 0.98127127, 4.8093300, 9.5581179, 9.7503815, 9.8409872, 9.9161034, 19.965464, 19.931404, 19.879009, 19.861425, 0.25981140, 0.29808947, 0.34557739, 0.34750304, 0.34840947, 0.34916091, 0.34982732, 0.34965703, 0.34939504, 0.34930712, 0.38566193
0.17591292, 1.0000000, 0.34751058, 0.69465041, 3.9989550, 9.5898790, 9.7598085, 9.8446894, 9.9157143, 19.957806, 19.919083, 19.873972, 19.860708, 0.25694454, 0.28998274, 0.34589064, 0.34759641, 0.34844607, 0.34915689, 0.34978902, 0.34959543, 0.34936985, 0.34930354, 0.34751058
0.16440260, 1.0000000, 0.30580655, 0.37517846, 3.1515594, 9.5707264, 9.7522659, 9.8397989, 9.9118967, 19.948109, 19.907574, 19.870029, 19.860167, 0.25375077, 0.28151050, 0.34569952, 0.34752110, 0.34839720, 0.34911871, 0.34974054, 0.34953788, 0.34935015, 0.34930083, 0.30580655
0.15717040, 0.93191642, 0.27960289, 0.15022755, 2.7825177, 9.3082218, 9.7651587, 9.8459473, 9.9124136, 19.938007, 19.897533, 19.867071, 19.859797, 0.25150186, 0.27782059, 0.34307453, 0.34764999, 0.34845868, 0.34912387, 0.34969002, 0.34948766, 0.34933537, 0.34929898, 0.27960289
0.15106642, 0.85820425, 0.25748703, 0.0000000, 2.5155902, 8.8701916, 9.7611456, 9.8432026, 9.9089336, 19.926535, 19.888805, 19.864796, 19.859528, 0.24999446, 0.27514964, 0.33869085, 0.34760901, 0.34843081, 0.34908891, 0.34963268, 0.34944403, 0.34932399, 0.34929764, 0.25748703
0.17687136, 1.0000000, 0.35098320, 1.9788235, 2.4328322, 8.6628599, 9.7988729, 9.8629351, 9.9147167, 19.917025, 19.882061, 19.863207, 19.859367, 0.26978454, 0.27432561, 0.33662379, 0.34798762, 0.34862882, 0.34914699, 0.34958512, 0.34941030, 0.34931603, 0.34929684, 0.35098320
0.25460130, 1.0000000, 0.63261330, 3.4659865, 8.8603258, 9.6167212, 9.8264484, 9.8781605, 9.9186373, 19.907936, 19.876657, 19.862041, 19.859299, 0.28465962, 0.33860290, 0.34616700, 0.34826446, 0.34878159, 0.34918636, 0.34953970, 0.34938329, 0.34931022, 0.34929651, 0.63261330
0.24536309, 1.0000000, 0.59914160, 2.8351336, 8.7793894, 9.6551361, 9.8084717, 9.8687267, 9.9115343, 19.897429, 19.871857, 19.861076, 19.859217, 0.27835068, 0.33779263, 0.34655067, 0.34808457, 0.34868720, 0.34911531, 0.34948713, 0.34935927, 0.34930539, 0.34929609, 0.59914160
0.22662824, 1.0000000, 0.53126174, 2.1607490, 7.6848106, 9.5829639, 9.7623358, 9.8415442, 9.8957300, 19.885536, 19.867470, 19.860199, 19.859116, 0.27160293, 0.32683834, 0.34582356, 0.34762210, 0.34841481, 0.34895709, 0.34942767, 0.34933734, 0.34930098, 0.34929559, 0.53126174
0.20879185, 1.0000000, 0.46663713, 1.5800625, 6.5168195, 9.5531693, 9.7384977, 9.8243914, 9.8845110, 19.876144, 19.864256, 19.859592, 19.859028, 0.26579654, 0.31515807, 0.34552428, 0.34738347, 0.34824315, 0.34884486, 0.34938073, 0.34932128, 0.34929797, 0.34929514, 0.46663713
0.19438145, 1.0000000, 0.41442549, 1.1632949, 5.4688907, 9.5565405, 9.7355833, 9.8193712, 9.8792706, 19.869602, 19.862112, 19.859251, 19.858974, 0.26163125, 0.30468410, 0.34556121, 0.34735498, 0.34819329, 0.34879255, 0.34934801, 0.34931058, 0.34929627, 0.34929487, 0.41442549
0.17719010, 1.0000000, 0.35213804, 0.67259669, 4.2371726, 9.5108690, 9.7116899, 9.8036489, 9.8699570, 19.863335, 19.860249, 19.858921, 19.858898, 0.25672400, 0.29236424, 0.34510028, 0.34711516, 0.34803563, 0.34869927, 0.34931666, 0.34930125, 0.34929460, 0.34929448, 0.35213804
0.16140379, 0.98303914, 0.29494125, 0.25499463, 3.0362356, 9.4954367, 9.6989508, 9.7939625, 9.8635283, 19.858479, 19.858822, 19.858662, 19.858828, 0.25254887, 0.28035480, 0.34494254, 0.34698710, 0.34793839, 0.34863487, 0.34929240, 0.34929413, 0.34929329, 0.34929413, 0.29494125
0.15096083, 0.85692924, 0.25710449, 0.0000000, 2.5499673, 8.7972689, 9.6890974, 9.7864037, 9.8584175, 19.854605, 19.857775, 19.858423, 19.858805, 0.24998932, 0.27549449, 0.33796376, 0.34688902, 0.34786305, 0.34858385, 0.34927303, 0.34928888, 0.34929210, 0.34929401, 0.25710449
0.14449446, 0.77884072, 0.23367558, 0.0000000, 2.1388679, 8.0598001, 9.6817684, 9.7806664, 9.8543196, 19.851362, 19.856876, 19.858194, 19.858768, 0.24998932, 0.27138352, 0.33058828, 0.34681535, 0.34780547, 0.34854281, 0.34925681, 0.34928438, 0.34929097, 0.34929383, 0.23367558
0.13845798, 0.70594370, 0.21180430, 0.0000000, 1.7692685, 7.3420839, 9.6779881, 9.7773361, 9.8517904, 19.849104, 19.856253, 19.858107, 19.858757, 0.24998932, 0.26768780, 0.32341069, 0.34677720, 0.34777203, 0.34851745, 0.34924552, 0.34928125, 0.34929055, 0.34929377, 0.21180430
0.13308646, 0.64107668, 0.19234224, 0.0000000, 1.4692515, 6.6430349, 9.6775761, 9.7766285, 9.8515234, 19.848619, 19.856112, 19.858143, 19.858757, 0.24998932, 0.26469186, 0.31642890, 0.34677535, 0.34776607, 0.34851518, 0.34924310, 0.34928057, 0.34929073, 0.34929377, 0.19234224
0.12802336, 0.57993424, 0.17399767, 0.0000000, 1.1852711, 5.9889503, 9.6772881, 9.7761803, 9.8508186, 19.847742, 19.855902, 19.858107, 19.858757, 0.24998932, 0.26185042, 0.30988371, 0.34677100, 0.34776086, 0.34850785, 0.34923869, 0.34927952, 0.34929055, 0.34929377, 0.17399767
0.12325962, 0.52240694, 0.15673776, 0.0000000, 0.91954768, 5.3692145, 9.6772356, 9.7758036, 9.8500528, 19.846785, 19.855642, 19.858084, 19.858757, 0.24998932, 0.25919452, 0.30368942, 0.34677139, 0.34775752, 0.34850034, 0.34923393, 0.34927821, 0.34929043, 0.34929377, 0.15673776
0.11913374, 0.47258246, 0.14178891, 0.0000000, 0.69795847, 4.8154559, 9.6837130, 9.7792368, 9.8510895, 19.846340, 19.855547, 19.858095, 19.858757, 0.24998932, 0.25697646, 0.29814377, 0.34683281, 0.34779018, 0.34851015, 0.34923169, 0.34927773, 0.34929049, 0.34929377, 0.14178891
0.11538533, 0.42731634, 0.12820773, 0.0000000, 0.49624145, 4.3111792, 9.6902313, 9.7828722, 9.8522062, 19.845938, 19.855465, 19.858084, 19.858757, 0.24998932, 0.25496063, 0.29310405, 0.34689882, 0.34782696, 0.34852147, 0.34922969, 0.34927732, 0.34929043, 0.34929377, 0.12820773
0.11171645, 0.38301063, 0.11491469, 0.0000000, 0.30404329, 3.8097668, 9.6873350, 9.7813730, 9.8515224, 19.845585, 19.855385, 19.858084, 19.858757, 0.24998932, 0.25303948, 0.28809172, 0.34687030, 0.34781221, 0.34851471, 0.34922794, 0.34927693, 0.34929043, 0.34929377, 0.11491469
0.10899663, 0.35016584, 0.10506026, 0.0000000, 0.18855631, 3.3803806, 9.7010374, 9.7890654, 9.8551769, 19.846642, 19.855654, 19.858166, 19.858757, 0.24998932, 0.25188467, 0.28379580, 0.34700578, 0.34788832, 0.34855101, 0.34923321, 0.34927827, 0.34929082, 0.34929377, 0.10506026
0.10787741, 0.33665004, 0.10100511, 0.0000000, 0.16226768, 3.1479053, 9.7525921, 9.8180437, 9.8672619, 19.849005, 19.856279, 19.858278, 19.858757, 0.24998932, 0.25162268, 0.28147906, 0.34752592, 0.34818044, 0.34867263, 0.34924501, 0.34928140, 0.34929138, 0.34929377, 0.10100511
0.10592635, 0.31308883, 0.93936041E-1, 0.0000000, 0.72035193E-1, 2.8869390, 9.6123390, 9.8018522, 9.8621883, 19.849583, 19.856449, 19.858294, 19.858757, 0.24998932, 0.25072035, 0.27886939, 0.34612340, 0.34801853, 0.34862188, 0.34924790, 0.34928223, 0.34929147, 0.34929377, 0.93936041E-1
0.10410430, 0.29108560, 0.87334417E-1, 0.0000000, 0.0000000, 2.6462674, 9.3478174, 9.7800703, 9.8545465, 19.849854, 19.856516, 19.858294, 19.858757, 0.24998932, 0.24999924, 0.27646244, 0.34347799, 0.34780061, 0.34854543, 0.34924927, 0.34928256, 0.34929147, 0.34929377, 0.87334417E-1
0.10325336, 0.28080964, 0.84251314E-1, 0.0000000, 0.0000000, 2.4848044, 9.1237535, 9.7871313, 9.8572197, 19.850552, 19.856680, 19.858330, 19.858757, 0.24998932, 0.24999924, 0.27484730, 0.34123701, 0.34787101, 0.34857211, 0.34925276, 0.34928340, 0.34929165, 0.34929377, 0.84251314E-1
0.10258441, 0.27273133, 0.81827588E-1, 0.0000000, 0.0000000, 2.3607135, 8.9319201, 9.7966509, 9.8613844, 19.851580, 19.856960, 19.858402, 19.858757, 0.24998932, 0.24999924, 0.27360460, 0.33931729, 0.34796545, 0.34861350, 0.34925789, 0.34928480, 0.34929201, 0.34929377, 0.81827588E-1
0.10943577, 0.35546884, 0.10665132, 0.51961541, 0.0000000, 2.3066401, 8.8062906, 9.8204327, 9.8706293, 19.852728, 19.857250, 19.858423, 19.858757, 0.25519428, 0.24999924, 0.27306390, 0.33806100, 0.34820324, 0.34870595, 0.34926364, 0.34928626, 0.34929210, 0.34929377, 0.10665132
0.10405140, 0.29044676, 0.87142743E-1, 0.20575821, 0.0000000, 2.1026671, 8.5693827, 9.7906151, 9.8592863, 19.851479, 19.856939, 19.858313, 19.858757, 0.25205675, 0.24999924, 0.27102408, 0.33569172, 0.34790495, 0.34859246, 0.34925741, 0.34928471, 0.34929156, 0.34929377, 0.87142743E-1
0.10221694, 0.26829371, 0.80496162E-1, 0.11415780, 0.0000000, 2.0001082, 8.3884859, 9.8011303, 9.8635912, 19.852411, 19.857143, 19.858397, 19.858757, 0.25114074, 0.24999924, 0.26999664, 0.33388114, 0.34800914, 0.34863520, 0.34926206, 0.34928572, 0.34929198, 0.34929377, 0.80496162E-1
0.99722371E-1, 0.23816903, 0.71457855E-1, 0.0000000, 0.0000000, 1.8279403, 8.1460352, 9.7823677, 9.8568201, 19.852270, 19.857101, 19.858383, 19.858757, 0.24999949, 0.24999924, 0.26827869, 0.33145973, 0.34782329, 0.34856808, 0.34926134, 0.34928551, 0.34929192, 0.34929377, 0.71457855E-1
0.98940834E-1, 0.22873119, 0.68626218E-1, 0.0000000, 0.0000000, 1.6849428, 7.9171267, 9.7817717, 9.8560534, 19.851919, 19.857027, 19.858366, 19.858757, 0.24999949, 0.24999924, 0.26684943, 0.32917127, 0.34781772, 0.34856054, 0.34925959, 0.34928513, 0.34929183, 0.34929377, 0.68626218E-1
0.98116912E-1, 0.21878140, 0.65640986E-1, 0.0000000, 0.0000000, 1.5325010, 7.6876278, 9.7808790, 9.8543396, 19.850311, 19.856583, 19.858267, 19.858757, 0.24999949, 0.24999924, 0.26532087, 0.32687211, 0.34780613, 0.34854251, 0.34925157, 0.34928292, 0.34929132, 0.34929377, 0.65640986E-1
0.97163320E-1, 0.20726569, 0.62185925E-1, 0.0000000, 0.0000000, 1.3580620, 7.4169865, 9.7666559, 9.8484020, 19.849192, 19.856302, 19.858194, 19.858757, 0.24999949, 0.24999924, 0.26357540, 0.32416418, 0.34766281, 0.34848276, 0.34924597, 0.34928152, 0.34929097, 0.34929377, 0.62185925E-1
0.96642017E-1, 0.20097049, 0.60297176E-1, 0.0000000, 0.0000000, 1.2699157, 7.2160597, 9.7856598, 9.8558578, 19.850075, 19.856525, 19.858231, 19.858757, 0.24999949, 0.24999924, 0.26269603, 0.32215706, 0.34785417, 0.34855777, 0.34925038, 0.34928262, 0.34929115, 0.34929377, 0.60297176E-1
0.95633879E-1, 0.18879610, 0.56644496E-1, 0.0000000, 0.0000000, 1.0908097, 6.9127116, 9.7532082, 9.8436737, 19.849333, 19.856331, 19.858194, 19.858757, 0.24999949, 0.24999924, 0.26090443, 0.31912246, 0.34752882, 0.34843564, 0.34924668, 0.34928167, 0.34929097, 0.34929377, 0.56644496E-1
0.95111027E-1, 0.18248212, 0.54750115E-1, 0.0000000, 0.0000000, 1.0063529, 6.6909366, 9.7724104, 9.8510656, 19.850306, 19.856571, 19.858267, 19.858757, 0.24999949, 0.24999924, 0.26006249, 0.31690800, 0.34772310, 0.34851032, 0.34925154, 0.34928286, 0.34929132, 0.34929377, 0.54750115E-1
0.11579017, 0.43220523, 0.12967454, 1.5418500, 0.0000000, 0.90031624, 6.4931588, 9.7863379, 9.8551569, 19.849062, 19.856260, 19.858183, 19.858757, 0.26541677, 0.24999924, 0.25900286, 0.31493112, 0.34786305, 0.34855145, 0.34924531, 0.34928131, 0.34929091, 0.34929377, 0.12967454
0.10800616, 0.33820480, 0.10147159, 1.0277480, 0.0000000, 0.77946782, 6.2775402, 9.7814150, 9.8528357, 19.847860, 19.855934, 19.858107, 19.858757, 0.26027039, 0.24999924, 0.25779307, 0.31277281, 0.34781212, 0.34852767, 0.34923929, 0.34927967, 0.34929055, 0.34929377, 0.10147159
0.10488154, 0.30047169, 0.90150520E-1, 0.82476735, 0.0000000, 0.72768033, 6.1329961, 9.8060055, 9.8624783, 19.848816, 19.856184, 19.858183, 19.858757, 0.25824010, 0.24999924, 0.25727481, 0.31132659, 0.34805736, 0.34862387, 0.34924409, 0.34928092, 0.34929091, 0.34929377, 0.90150520E-1
0.99978998E-1, 0.24126808, 0.72387666E-1, 0.50659776, 0.0000000, 0.63993037, 5.9512196, 9.7967176, 9.8594475, 19.848738, 19.856167, 19.858177, 19.858757, 0.25506264, 0.24999924, 0.25639802, 0.30950984, 0.34796524, 0.34859383, 0.34924370, 0.34928083, 0.34929088, 0.34929377, 0.72387666E-1
0.95581390E-1, 0.18816222, 0.56454312E-1, 0.22932589, 0.0000000, 0.54799318, 5.7289729, 9.7763948, 9.8524485, 19.848980, 19.856237, 19.858189, 19.858757, 0.25229183, 0.24999924, 0.25547892, 0.30728757, 0.34776214, 0.34852386, 0.34924489, 0.34928119, 0.34929094, 0.34929377, 0.56454312E-1
0.92990927E-1, 0.15687956, 0.47068577E-1, 0.73474646E-1, 0.0000000, 0.48294067, 5.5204754, 9.7760849, 9.8527441, 19.849840, 19.856441, 19.858236, 19.858757, 0.25073463, 0.24999924, 0.25482917, 0.30520421, 0.34776038, 0.34852728, 0.34924918, 0.34928221, 0.34929118, 0.34929377, 0.47068577E-1
0.91338523E-1, 0.13692503, 0.41081615E-1, 0.0000000, 0.0000000, 0.39030015, 5.2319088, 9.7423515, 9.8402634, 19.850052, 19.856489, 19.858242, 19.858757, 0.24998750, 0.24999924, 0.25390217, 0.30231684, 0.34742144, 0.34840190, 0.34925026, 0.34928244, 0.34929121, 0.34929377, 0.41081615E-1
0.90977170E-1, 0.13256124, 0.39772350E-1, 0.0000000, 0.0000000, 0.34557581, 5.0074105, 9.7618017, 9.8475599, 19.851183, 19.856798, 19.858318, 19.858757, 0.24998750, 0.24999924, 0.25345576, 0.30007410, 0.34761801, 0.34847561, 0.34925592, 0.34928399, 0.34929159, 0.34929377, 0.39772350E-1
0.90636171E-1, 0.12844335, 0.38536858E-1, 0.0000000, 0.0000000, 0.29715300, 4.8252869, 9.7838774, 9.8557720, 19.851442, 19.856892, 19.858349, 19.858757, 0.24998750, 0.24999924, 0.25297153, 0.29825288, 0.34783876, 0.34855771, 0.34925720, 0.34928447, 0.34929174, 0.34929377, 0.38536858E-1
0.18901306, 1.0000000, 0.39497486, 2.8059511, 2.6623609, 8.4458256, 9.4873543, 9.8155041, 9.8674459, 19.851614, 19.856939, 19.858372, 19.858757, 0.27805951, 0.27662361, 0.33445826, 0.34487355, 0.34815505, 0.34867448, 0.34925807, 0.34928471, 0.34929186, 0.34929377, 0.39497486
0.17652848, 1.0000000, 0.34974089, 2.2588639, 2.3680151, 7.8047447, 9.6856394, 9.8111944, 9.8644085, 19.849222, 19.856312, 19.858213, 19.858757, 0.27258632, 0.27367869, 0.32804504, 0.34685579, 0.34811163, 0.34864399, 0.34924611, 0.34928155, 0.34929106, 0.34929377, 0.34974089
0.16276738, 0.99950600, 0.29988179, 1.6344577, 2.0197244, 7.2566099, 9.7045345, 9.7997551, 9.8585625, 19.846533, 19.855595, 19.858061, 19.858709, 0.26634195, 0.27019531, 0.32256261, 0.34704444, 0.34799707, 0.34858549, 0.34923267, 0.34927797, 0.34929031, 0.34929353, 0.29988179
0.14798662, 0.82101220, 0.24632829, 0.97731054, 1.6347229, 6.6577039, 9.6903582, 9.7855577, 9.8516617, 19.843807, 19.854893, 19.857912, 19.858698, 0.25975779, 0.26633793, 0.31656775, 0.34690017, 0.34785384, 0.34851590, 0.34921893, 0.34927443, 0.34928957, 0.34929350, 0.24632829
0.13016571, 0.60580546, 0.18175982, 0.20268559, 1.1533827, 5.9043608, 9.6543550, 9.7620964, 9.8403683, 19.839863, 19.853844, 19.857647, 19.858664, 0.25201967, 0.26152787, 0.30903509, 0.34654045, 0.34761938, 0.34840310, 0.34919930, 0.34926921, 0.34928823, 0.34929332, 0.18175982
0.12021299, 0.48561552, 0.14569923, 0.0000000, 0.70813894, 5.0737391, 9.6283684, 9.7448549, 9.8322220, 19.837236, 19.853130, 19.857471, 19.858664, 0.24998948, 0.25706646, 0.30072257, 0.34627721, 0.34744528, 0.34832081, 0.34918603, 0.34926561, 0.34928736, 0.34929332, 0.14569923
0.11504785, 0.42324084, 0.12698495, 0.0000000, 0.43416023, 4.3673611, 9.6403427, 9.7504234, 9.8348598, 19.837917, 19.853304, 19.857555, 19.858704, 0.24998948, 0.25434035, 0.29366726, 0.34640062, 0.34750280, 0.34834811, 0.34918958, 0.34926653, 0.34928778, 0.34929353, 0.12698495
0.11203051, 0.38680318, 0.11605256, 0.0000000, 0.30205548, 3.8908870, 9.6834564, 9.7752323, 9.8459883, 19.840616, 19.854012, 19.857759, 19.858709, 0.24998948, 0.25301993, 0.28890488, 0.34683257, 0.34775132, 0.34845957, 0.34920308, 0.34927005, 0.34928879, 0.34929353, 0.11605256
0.11251256, 0.39262450, 0.11779913, 0.19873679, 0.19997060, 3.5393794, 9.7190008, 9.7966127, 9.8555164, 19.842964, 19.854630, 19.857889, 19.858709, 0.25198692, 0.25199944, 0.28539136, 0.34718868, 0.34796545, 0.34855491, 0.34921482, 0.34927315, 0.34928945, 0.34929353, 0.11779913
0.18052843, 1.0000000, 0.36423340, 2.9085159, 2.2547743, 6.8119421, 9.7705784, 9.8262959, 9.8680534, 19.845787, 19.855406, 19.858107, 19.858709, 0.27908516, 0.27254775, 0.31811941, 0.34770578, 0.34826297, 0.34868053, 0.34922892, 0.34927702, 0.34929055, 0.34929353, 0.36423340
0.17587438, 1.0000000, 0.34737092, 2.3962855, 2.1260917, 7.6464281, 9.7932148, 9.8404207, 9.8743029, 19.847761, 19.855949, 19.858200, 19.858709, 0.27396286, 0.27126092, 0.32646430, 0.34793216, 0.34840420, 0.34874302, 0.34923881, 0.34927976, 0.34929100, 0.34929353, 0.34737092
0.17390165, 1.0000000, 0.34022337, 2.3168921, 2.0847797, 7.5114055, 9.8147736, 9.8532429, 9.8800602, 19.849804, 19.856503, 19.858307, 19.858709, 0.27316892, 0.27084780, 0.32511407, 0.34814775, 0.34853244, 0.34880060, 0.34924901, 0.34928250, 0.34929153, 0.34929353, 0.34022337
0.17123160, 1.0000000, 0.33054921, 2.2008567, 2.0240724, 7.3724504, 9.8227415, 9.8585787, 9.8825579, 19.851049, 19.856833, 19.858383, 19.858709, 0.27200857, 0.27024072, 0.32372451, 0.34822741, 0.34858578, 0.34882557, 0.34925526, 0.34928417, 0.34929192, 0.34929353, 0.33054921
0.16002357, 0.96637142, 0.28994042, 1.6793996, 1.7450660, 6.9765835, 9.7688885, 9.8306904, 9.8713722, 19.849092, 19.856312, 19.858225, 19.858709, 0.26679188, 0.26744935, 0.31976321, 0.34768814, 0.34830654, 0.34871361, 0.34924546, 0.34928155, 0.34929112, 0.34929353, 0.28994042
0.14947926, 0.83903754, 0.25173643, 1.2042969, 1.4810294, 6.5492854, 9.7411442, 9.8147745, 9.8648739, 19.847582, 19.855902, 19.858120, 19.858709, 0.26204026, 0.26480830, 0.31548846, 0.34741014, 0.34814709, 0.34864852, 0.34923792, 0.34927952, 0.34929061, 0.34929353, 0.25173643
0.14089648, 0.73539126, 0.22063945, 0.83610713, 1.2655765, 6.1354804, 9.7346535, 9.8101740, 9.8630991, 19.847172, 19.855795, 19.858120, 19.858709, 0.25835964, 0.26265445, 0.31135166, 0.34734553, 0.34810123, 0.34863082, 0.34923586, 0.34927899, 0.34929061, 0.34929353, 0.22063945
0.14635143, 0.80126566, 0.24040374, 1.4131188, 1.1273593, 5.8019958, 9.7491465, 9.8176184, 9.8664379, 19.848001, 19.856003, 19.858183, 19.858709, 0.26413000, 0.26127303, 0.30801851, 0.34749100, 0.34817594, 0.34866428, 0.34924001, 0.34928000, 0.34929091, 0.34929353, 0.24040374
0.14297906, 0.76054043, 0.22818495, 1.3485253, 0.99387765, 5.4683499, 9.7513933, 9.8193550, 9.8676996, 19.848774, 19.856207, 19.858200, 19.858709, 0.26348525, 0.25993878, 0.30468351, 0.34751394, 0.34819356, 0.34867698, 0.34924388, 0.34928104, 0.34929100, 0.34929353, 0.22818495
0.27195656, 1.0000000, 0.69549483, 4.6050911, 9.1497231, 9.4505644, 9.7698841, 9.8296967, 9.8718309, 19.849592, 19.856396, 19.858231, 19.858709, 0.29605091, 0.34149724, 0.34450564, 0.34769884, 0.34829697, 0.34871832, 0.34924796, 0.34928197, 0.34929115, 0.34929353, 0.69549483
0.35600001, 1.0000000, 1.0000000, 9.9999990, 9.9999990, 9.9999990, 9.9999990, 9.9999990, 9.9999990, 19.999998, 19.999998, 19.999998, 19.994993, 0.34999999, 0.34999999, 0.34999999, 0.34999999, 0.34999999, 0.34999999, 0.34999999, 0.34999999, 0.34999999, 0.34997496, 1.0000000
0.35600001, 1.0000000, 1.0000000, 9.9999990, 9.9999990, 9.9999990, 9.9999990, 9.9999990, 9.9999990, 19.999998, 19.999998, 19.999998, 19.998999, 0.34999999, 0.34999999, 0.34999999, 0.34999999, 0.34999999, 0.34999999, 0.34999999, 0.34999999, 0.34999999, 0.34999499, 1.0000000
0.35600001, 1.0000000, 1.0000000, 9.9999990, 9.9999990, 9.9999990, 9.9999990, 9.9999990, 9.9999990, 19.999998, 19.999998, 19.999998, 19.998999, 0.34999999, 0.34999999, 0.34999999, 0.34999999, 0.34999999, 0.34999999, 0.34999999, 0.34999999, 0.34999999, 0.34999499, 1.0000000
0.34002745, 1.0000000, 0.94212836, 9.1060371, 9.6620083, 9.8135624, 9.9466801, 9.9727221, 9.9892731, 19.998396, 19.999577, 19.999655, 19.975210, 0.34105620, 0.34661743, 0.34813428, 0.34946653, 0.34972706, 0.34989268, 0.34999198, 0.34999788, 0.34999827, 0.34987605, 0.94212836
0.30642784, 1.0000000, 0.82039076, 6.9015255, 9.3880577, 9.6230392, 9.8399363, 9.9136152, 9.9619884, 19.991413, 19.997757, 19.997622, 19.952719, 0.31900981, 0.34387612, 0.34622809, 0.34839889, 0.34913591, 0.34961981, 0.34995705, 0.34998879, 0.34998810, 0.34976360, 0.82039076
0.27482283, 1.0000000, 0.70587981, 4.6560521, 9.3443813, 9.5760870, 9.7857838, 9.8766756, 9.9427872, 19.986353, 19.996403, 19.993324, 19.932650, 0.29655641, 0.34343886, 0.34575835, 0.34785733, 0.34876648, 0.34942779, 0.34993178, 0.34998202, 0.34996662, 0.34966326, 0.70587981
0.24791767, 1.0000000, 0.60839731, 2.9661684, 8.9270391, 9.5508966, 9.7578163, 9.8540821, 9.9292173, 19.982328, 19.995188, 19.986235, 19.915586, 0.27966127, 0.33926964, 0.34550855, 0.34757808, 0.34854078, 0.34929216, 0.34991163, 0.34997594, 0.34993118, 0.34957793, 0.60839731
0.22149609, 1.0000000, 0.51266700, 2.1009207, 7.2142811, 9.4921656, 9.7165327, 9.8251057, 9.9125214, 19.976986, 19.993340, 19.976217, 19.901623, 0.27100670, 0.32213762, 0.34491825, 0.34716463, 0.34825069, 0.34912509, 0.34988493, 0.34996670, 0.34988108, 0.34950811, 0.51266700
0.19935143, 1.0000000, 0.43243271, 1.4189541, 5.6804290, 9.4865847, 9.7034388, 9.8127708, 9.9031916, 19.972395, 19.990993, 19.963963, 19.890598, 0.26418903, 0.30680308, 0.34486485, 0.34703419, 0.34812760, 0.34903190, 0.34986198, 0.34995496, 0.34981981, 0.34945300, 0.43243271
0.17716043, 1.0000000, 0.35203052, 0.78625977, 4.0755200, 9.4521732, 9.6827221, 9.7979259, 9.8940525, 19.967928, 19.987530, 19.950291, 19.882162, 0.25786147, 0.29075167, 0.34451762, 0.34682637, 0.34797883, 0.34894037, 0.34983963, 0.34993765, 0.34975144, 0.34941080, 0.35203052
0.16354813, 1.0000000, 0.30271059, 0.46095848, 2.9883890, 9.4171133, 9.7047892, 9.8082113, 9.8969584, 19.966043, 19.983191, 19.936350, 19.875837, 0.25460878, 0.27988082, 0.34416628, 0.34704691, 0.34808162, 0.34896940, 0.34983021, 0.34991595, 0.34968174, 0.34937918, 0.30271059
0.15287071, 0.87999302, 0.26402432, 0.16413033, 2.5718212, 8.6607494, 9.6987820, 9.8051462, 9.8956661, 19.964012, 19.976933, 19.922861, 19.871134, 0.25164130, 0.27571821, 0.33660749, 0.34698781, 0.34805146, 0.34895664, 0.34982008, 0.34988466, 0.34961432, 0.34935567, 0.26402432
0.14229347, 0.75226134, 0.22570097, 0.0000000, 2.0525813, 7.7003827, 9.6654053, 9.7854462, 9.8867521, 19.960575, 19.968390, 19.910419, 19.867693, 0.24997863, 0.27052581, 0.32700384, 0.34665406, 0.34785447, 0.34886754, 0.34980288, 0.34984195, 0.34955209, 0.34933847, 0.22570097
0.13818499, 0.70264715, 0.21081522, 0.0000000, 1.8327415, 7.1379223, 9.7069473, 9.8078709, 9.8955669, 19.959341, 19.958750, 19.899715, 19.865225, 0.24997863, 0.26832476, 0.32137403, 0.34706807, 0.34807798, 0.34895542, 0.34979671, 0.34979373, 0.34949857, 0.34932613, 0.21081522
0.13423233, 0.65491426, 0.19649392, 0.0000000, 1.6165525, 6.6108818, 9.7198248, 9.8164749, 9.8998022, 19.957155, 19.947731, 19.890678, 19.863426, 0.24997863, 0.26616552, 0.31610882, 0.34719825, 0.34816474, 0.34899801, 0.34978577, 0.34973866, 0.34945339, 0.34931713, 0.19649392
0.12772942, 0.57638460, 0.17293267, 0.0000000, 1.2405276, 5.8043313, 9.6737480, 9.7907543, 9.8889694, 19.951832, 19.935480, 19.883148, 19.862095, 0.24997863, 0.26240528, 0.30804330, 0.34673747, 0.34790754, 0.34888971, 0.34975916, 0.34967738, 0.34941575, 0.34931046, 0.17293267
0.13663857, 0.68397224, 0.20521219, 0.93037486, 1.0496557, 5.2310123, 9.6963911, 9.8020420, 9.8926678, 19.947237, 19.923725, 19.877285, 19.861185, 0.25930375, 0.26049656, 0.30231011, 0.34696391, 0.34802043, 0.34892666, 0.34973618, 0.34961861, 0.34938642, 0.34930593, 0.20521219
0.13170308, 0.62437087, 0.18732999, 0.75183809, 0.94040334, 4.8449087, 9.7354059, 9.8240728, 9.9011211, 19.941818, 19.912706, 19.872728, 19.860550, 0.25751451, 0.25940111, 0.29844159, 0.34735104, 0.34823921, 0.34901071, 0.34970909, 0.34956354, 0.34936363, 0.34930274, 0.18732999
0.12709901, 0.56877172, 0.17064857, 0.58119297, 0.83302557, 4.5100069, 9.7501287, 9.8339567, 9.9051552, 19.934864, 19.902645, 19.869215, 19.860104, 0.25581142, 0.25832981, 0.29509887, 0.34750077, 0.34833929, 0.34905145, 0.34967431, 0.34951323, 0.34934607, 0.34930050, 0.17064857
0.20231435, 1.0000000, 0.44316787, 2.6593328, 4.0965967, 9.2080402, 9.8086262, 9.8667183, 9.9175282, 19.927906, 19.894054, 19.866623, 19.859797, 0.27659312, 0.29096577, 0.34208018, 0.34808621, 0.34866714, 0.34917527, 0.34963953, 0.34947026, 0.34933311, 0.34929898, 0.44316787
0.22025228, 1.0000000, 0.50816035, 2.4593830, 6.4166756, 9.5726070, 9.7866631, 9.8569784, 9.9125872, 19.918129, 19.886209, 19.864513, 19.859545, 0.27459383, 0.31416675, 0.34572607, 0.34786662, 0.34856978, 0.34912586, 0.34959066, 0.34943104, 0.34932256, 0.34929773, 0.50816035
0.21338731, 1.0000000, 0.48328733, 2.2734940, 5.8495631, 9.6641998, 9.8039169, 9.8661003, 9.9144402, 19.909737, 19.880087, 19.863024, 19.859392, 0.27273446, 0.30849493, 0.34664139, 0.34803906, 0.34866095, 0.34914437, 0.34954870, 0.34940043, 0.34931511, 0.34929696, 0.48328733
0.21573555, 1.0000000, 0.49179548, 2.7217269, 5.3793230, 9.6749954, 9.8133926, 9.8713083, 9.9147034, 19.902031, 19.875244, 19.861946, 19.859346, 0.27721727, 0.30379322, 0.34674996, 0.34813392, 0.34871310, 0.34914702, 0.34951016, 0.34937623, 0.34930974, 0.34929675, 0.49179548
0.21539453, 1.0000000, 0.49055988, 2.2810192, 6.0418096, 9.7312479, 9.8347015, 9.8823328, 9.9165707, 19.895063, 19.871471, 19.861183, 19.859346, 0.27281019, 0.31041810, 0.34731248, 0.34834701, 0.34882334, 0.34916571, 0.34947532, 0.34935737, 0.34930593, 0.34929675, 0.49055988
0.20487875, 1.0000000, 0.45245919, 1.9684732, 5.3483562, 9.6286392, 9.8041964, 9.8657627, 9.9076385, 19.887674, 19.868258, 19.860582, 19.859299, 0.26968393, 0.30348223, 0.34628522, 0.34804171, 0.34865752, 0.34907636, 0.34943837, 0.34934127, 0.34930292, 0.34929651, 0.45245919
0.19700924, 1.0000000, 0.42394644, 2.1182001, 4.2046576, 9.5302572, 9.7490311, 9.8333530, 9.8913260, 19.879330, 19.865284, 19.860012, 19.859222, 0.27118200, 0.29204658, 0.34530258, 0.34749031, 0.34833354, 0.34891325, 0.34939665, 0.34932643, 0.34930006, 0.34929612, 0.42394644
0.18801729, 1.0000000, 0.39136699, 1.8742323, 3.4892631, 9.6028824, 9.7671299, 9.8395500, 9.8908348, 19.874529, 19.863535, 19.859724, 19.859205, 0.26873565, 0.28488517, 0.34601855, 0.34766921, 0.34839445, 0.34890801, 0.34937266, 0.34931767, 0.34929863, 0.34929603, 0.39136699
0.19191137, 1.0000000, 0.40547597, 2.2652447, 3.2321830, 9.7370825, 9.8156738, 9.8640108, 9.8977604, 19.871353, 19.862410, 19.859577, 19.859205, 0.27265245, 0.28232184, 0.34737083, 0.34815675, 0.34864011, 0.34897760, 0.34935677, 0.34931204, 0.34929788, 0.34929603, 0.40547597
0.18333191, 1.0000000, 0.37439096, 1.9480348, 2.9012084, 9.3910837, 9.7889023, 9.8497076, 9.8908148, 19.867786, 19.861326, 19.859394, 19.859175, 0.26948035, 0.27901208, 0.34391084, 0.34788901, 0.34849709, 0.34890816, 0.34933895, 0.34930664, 0.34929699, 0.34929588, 0.37439096
0.18911245, 1.0000000, 0.39533496, 2.7991951, 2.5124402, 8.7413359, 9.7375488, 9.8203564, 9.8773794, 19.863146, 19.860075, 19.859188, 19.859121, 0.27799195, 0.27512440, 0.33741337, 0.34737548, 0.34820357, 0.34877378, 0.34931573, 0.34930038, 0.34929594, 0.34929562, 0.39533496
0.17540339, 1.0000000, 0.34566444, 2.2036612, 2.1861672, 8.0792198, 9.7168674, 9.8062935, 9.8704901, 19.860371, 19.859346, 19.859051, 19.859081, 0.27202639, 0.27185559, 0.33078095, 0.34716597, 0.34806156, 0.34870446, 0.34930184, 0.34929675, 0.34929526, 0.34929541, 0.34566444
0.16584267, 1.0000000, 0.31102416, 1.8108219, 1.9559681, 7.5353141, 9.7233496, 9.8079519, 9.8699627, 19.858757, 19.858967, 19.858952, 19.859058, 0.26810345, 0.26955658, 0.32534719, 0.34723195, 0.34807873, 0.34869936, 0.34929377, 0.34929484, 0.34929475, 0.34929529, 0.31102416
0.16142815, 0.98333329, 0.29502949, 1.6500860, 1.8541515, 7.1979904, 9.7559309, 9.8251801, 9.8760405, 19.858492, 19.858879, 19.858929, 19.859058, 0.26649946, 0.26854056, 0.32197806, 0.34755880, 0.34825155, 0.34876031, 0.34929246, 0.34929439, 0.34929463, 0.34929529, 0.29502949
0.21117358, 1.0000000, 0.47526655, 2.8996408, 4.6568742, 9.4342403, 9.7867355, 9.8422365, 9.8821106, 19.858410, 19.858826, 19.858923, 19.859058, 0.27899641, 0.29656875, 0.34434241, 0.34786737, 0.34842235, 0.34882110, 0.34929204, 0.34929413, 0.34929460, 0.34929529, 0.47526655
0.30239508, 1.0000000, 0.80577922, 6.6030746, 9.3554611, 9.7167921, 9.8238373, 9.8624277, 9.8891792, 19.858551, 19.858826, 19.858923, 19.859058, 0.31603074, 0.34355462, 0.34716791, 0.34823838, 0.34862429, 0.34889179, 0.34929276, 0.34929413, 0.34929460, 0.34929529, 0.80577922
0.30825868, 1.0000000, 0.82702416, 6.8272729, 9.6584520, 9.7749119, 9.8425093, 9.8728380, 9.8926458, 19.858519, 19.858816, 19.858923, 19.859058, 0.31827274, 0.34658453, 0.34774911, 0.34842509, 0.34872839, 0.34892645, 0.34929258, 0.34929407, 0.34929460, 0.34929529, 0.82702416
0.32005000, 1.0000000, 0.86974639, 7.7640448, 9.5564194, 9.7083015, 9.8277950, 9.8657551, 9.8899345, 19.858183, 19.858696, 19.858892, 19.859058, 0.32764044, 0.34556419, 0.34708303, 0.34827796, 0.34865755, 0.34889933, 0.34929091, 0.34929347, 0.34929445, 0.34929529, 0.86974639
0.29031301, 1.0000000, 0.76200366, 5.7576437, 9.3742027, 9.5911036, 9.7769852, 9.8387775, 9.8792486, 19.856161, 19.858177, 19.858757, 19.859011, 0.30757645, 0.34374201, 0.34591103, 0.34776986, 0.34838778, 0.34879249, 0.34928080, 0.34929088, 0.34929377, 0.34929505, 0.76200366
0.26286685, 1.0000000, 0.66256106, 3.7899320, 9.3531170, 9.5689363, 9.7540512, 9.8252172, 9.8738213, 19.854952, 19.857855, 19.858698, 19.858974, 0.28789932, 0.34353116, 0.34568936, 0.34754050, 0.34825218, 0.34873822, 0.34927475, 0.34928927, 0.34929350, 0.34929487, 0.66256106
0.24760546, 1.0000000, 0.60726613, 2.9207170, 8.9417114, 9.6004219, 9.7635460, 9.8294535, 9.8755484, 19.855076, 19.857912, 19.858709, 19.858955, 0.27920717, 0.33941710, 0.34600422, 0.34763545, 0.34829453, 0.34875548, 0.34927538, 0.34928957, 0.34929353, 0.34929478, 0.60726613
0.23399629, 1.0000000, 0.55795753, 2.5548248, 7.9196506, 9.5783386, 9.7581177, 9.8266010, 9.8746977, 19.855127, 19.857965, 19.858673, 19.858946, 0.27554825, 0.32919651, 0.34578338, 0.34758118, 0.34826601, 0.34874699, 0.34927565, 0.34928983, 0.34929335, 0.34929472, 0.55795753
0.23847836, 1.0000000, 0.57419693, 2.6673555, 8.2456856, 9.6292667, 9.7755756, 9.8358107, 9.8781443, 19.855478, 19.858034, 19.858662, 19.858940, 0.27667356, 0.33245686, 0.34629267, 0.34775576, 0.34835809, 0.34878144, 0.34927738, 0.34929016, 0.34929329, 0.34929469, 0.57419693
0.22405590, 1.0000000, 0.52194166, 2.2662253, 7.1995287, 9.5795336, 9.7580719, 9.8266630, 9.8746128, 19.854994, 19.857887, 19.858614, 19.858923, 0.27266225, 0.32199529, 0.34579533, 0.34758073, 0.34826663, 0.34874612, 0.34927496, 0.34928945, 0.34929305, 0.34929460, 0.52194166
0.35600001, 1.0000000, 1.0000000, 9.9999990, 9.9999990, 9.9999990, 9.9999990, 9.9999990, 9.9999990, 19.999998, 19.999998, 19.999998, 19.998999, 0.34999999, 0.34999999, 0.34999999, 0.34999999, 0.34999999, 0.34999999, 0.34999999, 0.34999999, 0.34999999, 0.34999499, 1.0000000
0.35600001, 1.0000000, 1.0000000, 9.9999990, 9.9999990, 9.9999990, 9.9999990, 9.9999990, 9.9999990, 19.999998, 19.999998, 19.999992, 19.997759, 0.34999999, 0.34999999, 0.34999999, 0.34999999, 0.34999999, 0.34999999, 0.34999999, 0.34999999, 0.34999996, 0.34998879, 1.0000000
0.35600001, 1.0000000, 1.0000000, 9.9999990, 9.9999990, 9.9999990, 9.9999990, 9.9999990, 9.9999990, 19.999998, 19.999998, 19.999996, 19.993994, 0.34999999, 0.34999999, 0.34999999, 0.34999999, 0.34999999, 0.34999999, 0.34999999, 0.34999999, 0.34999996, 0.34996998, 1.0000000
0.35600001, 1.0000000, 1.0000000, 9.9999990, 9.9999990, 9.9999990, 9.9999990, 9.9999990, 9.9999990, 19.999998, 19.999998, 19.999998, 19.996996, 0.34999999, 0.34999999, 0.34999999, 0.34999999, 0.34999999, 0.34999999, 0.34999999, 0.34999999, 0.34999999, 0.34998497, 1.0000000
0.35129756, 1.0000000, 0.98296207, 9.7529411, 9.8776855, 9.9362965, 9.9844341, 9.9921389, 9.9970531, 19.999664, 19.999916, 19.999857, 19.980116, 0.34752941, 0.34877685, 0.34936297, 0.34984434, 0.34992141, 0.34997052, 0.34999833, 0.34999958, 0.34999928, 0.34990057, 0.98296207
0.35600001, 1.0000000, 1.0000000, 9.9999990, 9.9999990, 9.9999990, 9.9999990, 9.9999990, 9.9999990, 19.999998, 19.999998, 19.999617, 19.961231, 0.34999999, 0.34999999, 0.34999999, 0.34999999, 0.34999999, 0.34999999, 0.34999999, 0.34999999, 0.34999809, 0.34980616, 1.0000000
0.35600001, 1.0000000, 1.0000000, 9.9999990, 9.9999990, 9.9999990, 9.9999990, 9.9999990, 9.9999990, 19.999998, 19.999998, 19.999998, 19.998999, 0.34999999, 0.34999999, 0.34999999, 0.34999999, 0.34999999, 0.34999999, 0.34999999, 0.34999999, 0.34999999, 0.34999499, 1.0000000
0.35600001, 1.0000000, 1.0000000, 9.9999990, 9.9999990, 9.9999990, 9.9999990, 9.9999990, 9.9999990, 19.999998, 19.999998, 19.999998, 19.998999, 0.34999999, 0.34999999, 0.34999999, 0.34999999, 0.34999999, 0.34999999, 0.34999999, 0.34999999, 0.34999999, 0.34999499, 1.0000000
0.35600001, 1.0000000, 1.0000000, 9.9999990, 9.9999990, 9.9999990, 9.9999990, 9.9999990, 9.9999990, 19.999998, 19.999998, 19.999998, 19.997997, 0.34999999, 0.34999999, 0.34999999, 0.34999999, 0.34999999, 0.34999999, 0.34999999, 0.34999999, 0.34999999, 0.34998998, 1.0000000
0.35600001, 1.0000000, 1.0000000, 9.9999990, 9.9999990, 9.9999990, 9.9999990, 9.9999990, 9.9999990, 19.999998, 19.999998, 19.999998, 19.998999, 0.34999999, 0.34999999, 0.34999999, 0.34999999, 0.34999999, 0.34999999, 0.34999999, 0.34999999, 0.34999999, 0.34999499, 1.0000000
0.35600001, 1.0000000, 1.0000000, 9.9999990, 9.9999990, 9.9999990, 9.9999990, 9.9999990, 9.9999962, 19.999998, 19.999998, 19.999998, 19.997997, 0.34999999, 0.34999999, 0.34999999, 0.34999999, 0.34999999, 0.34999996, 0.34999999, 0.34999999, 0.34999999, 0.34998998, 1.0000000
0.34384334, 1.0000000, 0.95595419, 9.3268709, 9.7319632, 9.8538837, 9.9630747, 9.9812279, 9.9931793, 19.999462, 19.999863, 19.999695, 19.974264, 0.34326676, 0.34731844, 0.34853825, 0.34963062, 0.34981221, 0.34993175, 0.34999731, 0.34999931, 0.34999847, 0.34987134, 0.95595419
0.31079847, 1.0000000, 0.83622622, 7.1975956, 9.4079981, 9.6409311, 9.8699074, 9.9310169, 9.9725990, 19.996309, 19.999033, 19.997837, 19.951923, 0.32197595, 0.34407997, 0.34640932, 0.34869906, 0.34931016, 0.34972599, 0.34998155, 0.34999517, 0.34998918, 0.34975961, 0.83622622
0.27828705, 1.0000000, 0.71843141, 4.9071326, 9.3383970, 9.5799522, 9.8093147, 9.8929567, 9.9549236, 19.993504, 19.998304, 19.993605, 19.931971, 0.29906905, 0.34338138, 0.34579816, 0.34809288, 0.34892944, 0.34954917, 0.34996751, 0.34999153, 0.34996802, 0.34965986, 0.71843141
0.28903139, 1.0000000, 0.75736004, 5.6182451, 9.4276695, 9.6265497, 9.8069496, 9.8855457, 9.9487276, 19.992319, 19.997906, 19.986622, 19.915108, 0.30618197, 0.34427622, 0.34626526, 0.34806943, 0.34885544, 0.34948727, 0.34996158, 0.34998953, 0.34993312, 0.34957555, 0.75736004
0.25839263, 1.0000000, 0.64635015, 3.5198944, 9.2816496, 9.5290833, 9.7520075, 9.8507881, 9.9299622, 19.987686, 19.996271, 19.976572, 19.901245, 0.28519642, 0.34281254, 0.34528881, 0.34751967, 0.34850767, 0.34929955, 0.34993842, 0.34998137, 0.34988287, 0.34950623, 0.64635015
0.23176946, 1.0000000, 0.54988933, 2.3611903, 8.0115147, 9.5123911, 9.7287436, 9.8322277, 9.9176807, 19.983870, 19.994223, 19.964296, 19.890341, 0.27360460, 0.33010030, 0.34511510, 0.34728563, 0.34832135, 0.34917653, 0.34991935, 0.34997112, 0.34982148, 0.34945172, 0.54988933
0.21762808, 1.0000000, 0.49865243, 1.9839853, 6.9092960, 9.5528049, 9.7465878, 9.8390598, 9.9178848, 19.982349, 19.991665, 19.950769, 19.882013, 0.26983431, 0.31908137, 0.34552005, 0.34746423, 0.34838977, 0.34917858, 0.34991175, 0.34995833, 0.34975386, 0.34941006, 0.49865243
0.19212496, 1.0000000, 0.40624985, 1.2898028, 5.0445795, 9.4466286, 9.6945705, 9.8082495, 9.9032917, 19.978802, 19.986990, 19.936668, 19.875719, 0.26289642, 0.30044204, 0.34446275, 0.34694499, 0.34808213, 0.34903279, 0.34989402, 0.34993494, 0.34968334, 0.34937859, 0.40624985
0.17105979, 1.0000000, 0.32992673, 0.78182220, 3.3520539, 9.4398737, 9.6790409, 9.7960691, 9.8956499, 19.975767, 19.980539, 19.923077, 19.871059, 0.25781804, 0.28352010, 0.34439811, 0.34679028, 0.34796062, 0.34895647, 0.34987885, 0.34990269, 0.34961540, 0.34935528, 0.32992673
0.15923488, 0.95684713, 0.28708285, 0.50766468, 2.6641636, 8.8703575, 9.6904192, 9.8007975, 9.8963585, 19.974003, 19.972437, 19.910727, 19.867651, 0.25507659, 0.27664146, 0.33870327, 0.34690413, 0.34800795, 0.34896359, 0.34987003, 0.34986219, 0.34955364, 0.34933826, 0.28708285
0.15313278, 0.88315773, 0.26497382, 0.38008690, 2.4228692, 8.2955322, 9.7243261, 9.8197346, 9.9039202, 19.972763, 19.962730, 19.899994, 19.865206, 0.25380072, 0.27422810, 0.33295432, 0.34724301, 0.34819722, 0.34903917, 0.34986383, 0.34981364, 0.34949997, 0.34932601, 0.26497382
0.14286774, 0.75919628, 0.22778167, 0.13435483, 2.0117283, 7.4655781, 9.6919174, 9.8026590, 9.8972788, 19.969246, 19.951227, 19.890848, 19.863426, 0.25134355, 0.27011728, 0.32465577, 0.34691918, 0.34802657, 0.34897280, 0.34984624, 0.34975612, 0.34945422, 0.34931713, 0.22778167
0.13364722, 0.64784849, 0.19437400, 0.0000000, 1.5838623, 6.5506172, 9.6599741, 9.7832813, 9.8880348, 19.963753, 19.938704, 19.883324, 19.862108, 0.24998219, 0.26583862, 0.31550616, 0.34659976, 0.34783280, 0.34888035, 0.34981877, 0.34969351, 0.34941661, 0.34931055, 0.19437400
0.12867911, 0.58785313, 0.17637359, 0.0000000, 1.3377905, 5.8384399, 9.6770058, 9.7913828, 9.8903904, 19.958910, 19.926632, 19.877445, 19.861214, 0.24998219, 0.26337790, 0.30838439, 0.34677005, 0.34791383, 0.34890389, 0.34979457, 0.34963316, 0.34938723, 0.34930608, 0.17637359
0.35599619, 1.0000000, 0.99998605, 9.9998503, 9.9999104, 9.9999542, 9.9999876, 9.9999933, 9.9999933, 19.999998, 19.999998, 19.999998, 19.994993, 0.34999809, 0.34999883, 0.34999943, 0.34999985, 0.34999993, 0.34999993, 0.34999999, 0.34999999, 0.34999999, 0.34997496, 0.99998605
0.35600001, 1.0000000, 1.0000000, 9.9999990, 9.9999990, 9.9999990, 9.9999990, 9.9999990, 9.9999990, 19.999998, 19.999998, 19.999998, 19.997997, 0.34999999, 0.34999999, 0.34999999, 0.34999999, 0.34999999, 0.34999999, 0.34999999, 0.34999999, 0.34999999, 0.34998998, 1.0000000
0.35579801, 1.0000000, 0.99926805, 9.9902887, 9.9942122, 9.9970942, 9.9994154, 9.9997072, 9.9999037, 19.999998, 19.999998, 19.999989, 19.991005, 0.34989917, 0.34993988, 0.34996983, 0.34999394, 0.34999695, 0.34999901, 0.34999999, 0.34999999, 0.34999993, 0.34995502, 0.99926805
0.33799869, 1.0000000, 0.93477768, 8.9780197, 9.6376848, 9.7976999, 9.9444284, 9.9715662, 9.9893265, 19.998878, 19.999706, 19.999371, 19.967550, 0.33977959, 0.34637642, 0.34797677, 0.34944424, 0.34971562, 0.34989327, 0.34999439, 0.34999853, 0.34999686, 0.34983775, 0.93477768
0.31191474, 1.0000000, 0.84027082, 7.2715468, 9.4174299, 9.6456375, 9.8684301, 9.9298086, 9.9720221, 19.996292, 19.999033, 19.996937, 19.945837, 0.32271546, 0.34417430, 0.34645638, 0.34868431, 0.34929809, 0.34972021, 0.34998146, 0.34999517, 0.34998468, 0.34972918, 0.84027082
0.27268761, 1.0000000, 0.69814354, 4.5529895, 9.2754059, 9.5387173, 9.7896395, 9.8815365, 9.9500055, 19.992889, 19.998142, 19.991859, 19.926739, 0.29552832, 0.34275213, 0.34538618, 0.34789619, 0.34881529, 0.34950003, 0.34996444, 0.34999073, 0.34995931, 0.34963369, 0.69814354
0.23846176, 1.0000000, 0.57413679, 2.8023095, 8.0948896, 9.4847736, 9.7333508, 9.8421383, 9.9288187, 19.988935, 19.996939, 19.983824, 19.910692, 0.27802101, 0.33094525, 0.34484562, 0.34733304, 0.34842119, 0.34928814, 0.34994468, 0.34998471, 0.34991911, 0.34955347, 0.57413679
0.21388020, 1.0000000, 0.48507318, 2.0800948, 6.3412623, 9.4671383, 9.7106142, 9.8225746, 9.9155664, 19.985970, 19.995579, 19.973139, 19.897753, 0.27080095, 0.31341261, 0.34467137, 0.34710616, 0.34822574, 0.34915566, 0.34992984, 0.34997791, 0.34986570, 0.34948877, 0.48507318
0.19112910, 1.0000000, 0.40264165, 1.4486611, 4.6541896, 9.4557524, 9.6943750, 9.8086443, 9.9053078, 19.982822, 19.993422, 19.960388, 19.887659, 0.26448646, 0.29654160, 0.34455720, 0.34694368, 0.34808642, 0.34905308, 0.34991410, 0.34996712, 0.34980196, 0.34943831, 0.40264165
0.17353594, 1.0000000, 0.33889836, 1.0217935, 3.2389548, 9.4610767, 9.6950159, 9.8061714, 9.9016285, 19.980850, 19.990320, 19.946606, 19.879976, 0.26021653, 0.28238687, 0.34460685, 0.34694937, 0.34806129, 0.34901613, 0.34990424, 0.34995160, 0.34973302, 0.34939986, 0.33889836
0.16039994, 0.97091669, 0.29130414, 0.66778958, 2.5796831, 8.7878551, 9.6881189, 9.8010454, 9.8980970, 19.979013, 19.985588, 19.932676, 19.874224, 0.25667742, 0.27579573, 0.33787668, 0.34688076, 0.34801024, 0.34898090, 0.34989506, 0.34992793, 0.34966338, 0.34937114, 0.29130414
0.14708918, 0.81017488, 0.24307677, 0.32198131, 2.0731716, 7.7462773, 9.6609268, 9.7840185, 9.8897791, 19.976597, 19.978739, 19.919409, 19.869963, 0.25321928, 0.27072960, 0.32745883, 0.34660828, 0.34783968, 0.34889761, 0.34988299, 0.34989369, 0.34959704, 0.34934980, 0.24307677
0.13449514, 0.65808797, 0.19744614, 0.27155876E-1, 1.5918374, 6.6555943, 9.6363354, 9.7677164, 9.8811121, 19.973518, 19.969761, 19.907396, 19.866840, 0.25027156, 0.26591808, 0.31655535, 0.34636319, 0.34767708, 0.34881109, 0.34986758, 0.34984881, 0.34953699, 0.34933421, 0.19744614
0.12628707, 0.55896664, 0.16770676, 0.0000000, 1.1789441, 5.5947390, 9.6198673, 9.7561731, 9.8743992, 19.969904, 19.959005, 19.896999, 19.864571, 0.24999061, 0.26178744, 0.30594265, 0.34619704, 0.34756088, 0.34874371, 0.34984952, 0.34979504, 0.34948498, 0.34932286, 0.16770676
0.12120910, 0.49764457, 0.14930831, 0.0000000, 0.96087158, 4.7971830, 9.6436653, 9.7691183, 9.8794222, 19.967621, 19.947565, 19.888474, 19.862967, 0.24999061, 0.25960872, 0.29797184, 0.34643665, 0.34769118, 0.34879422, 0.34983811, 0.34973782, 0.34944236, 0.34931484, 0.14930831
0.11692810, 0.44594699, 0.13379748, 0.0000000, 0.78245401, 4.1172333, 9.6542959, 9.7762136, 9.8827906, 19.964031, 19.935537, 19.881554, 19.861832, 0.24999061, 0.25782409, 0.29117119, 0.34654242, 0.34776187, 0.34882781, 0.34982017, 0.34967768, 0.34940776, 0.34930915, 0.13379748
0.11337951, 0.40309384, 0.12094025, 0.0000000, 0.64677000, 3.5285902, 9.6638403, 9.7825537, 9.8859072, 19.959232, 19.923687, 19.876089, 19.861019, 0.24999061, 0.25646770, 0.28528589, 0.34663841, 0.34782553, 0.34885907, 0.34979618, 0.34961843, 0.34938043, 0.34930509, 0.12094025
0.11026505, 0.36548331, 0.10965596, 0.0000000, 0.54192841, 2.9879303, 9.6559372, 9.7850132, 9.8872328, 19.953320, 19.912613, 19.871878, 19.860428, 0.24999061, 0.25541803, 0.27987584, 0.34655714, 0.34784901, 0.34887195, 0.34976661, 0.34956306, 0.34935939, 0.34930214, 0.10965596
0.35593498, 1.0000000, 0.99976432, 9.9974070, 9.9984465, 9.9992218, 9.9998417, 9.9999218, 9.9999723, 19.999998, 19.999992, 19.999990, 19.992998, 0.34996757, 0.34998056, 0.34999028, 0.34999803, 0.34999901, 0.34999967, 0.34999999, 0.34999996, 0.34999996, 0.34996498, 0.99976432
0.35600001, 1.0000000, 1.0000000, 9.9999990, 9.9999990, 9.9999990, 9.9999990, 9.9999990, 9.9999990, 19.999998, 19.999998, 19.999998, 19.996996, 0.34999999, 0.34999999, 0.34999999, 0.34999999, 0.34999999, 0.34999999, 0.34999999, 0.34999999, 0.34999999, 0.34998497, 1.0000000
0.35600001, 1.0000000, 1.0000000, 9.9999990, 9.9999990, 9.9999990, 9.9999990, 9.9999990, 9.9999990, 19.999998, 19.999998, 19.999998, 19.997997, 0.34999999, 0.34999999, 0.34999999, 0.34999999, 0.34999999, 0.34999999, 0.34999999, 0.34999999, 0.34999999, 0.34998998, 1.0000000
0.35387677, 1.0000000, 0.99230707, 9.8925533, 9.9395313, 9.9693699, 9.9937525, 9.9968624, 9.9989500, 19.999998, 19.999998, 19.999989, 19.991005, 0.34892234, 0.34939340, 0.34969276, 0.34993735, 0.34996852, 0.34998947, 0.34999999, 0.34999999, 0.34999993, 0.34995502, 0.99230707
0.33643842, 1.0000000, 0.92912471, 8.8879986, 9.6080580, 9.7808065, 9.9416180, 9.9701548, 9.9890890, 19.999146, 19.999784, 19.999840, 19.982075, 0.33887950, 0.34608024, 0.34780788, 0.34941617, 0.34970152, 0.34989089, 0.34999573, 0.34999892, 0.34999919, 0.34991038, 0.92912471
0.30567932, 1.0000000, 0.81767863, 6.8310637, 9.4040289, 9.6355038, 9.8648090, 9.9277067, 9.9717999, 19.996988, 19.999224, 19.998644, 19.959141, 0.31831065, 0.34404027, 0.34635502, 0.34864810, 0.34927708, 0.34971800, 0.34998494, 0.34999612, 0.34999323, 0.34979570, 0.81767863
0.34152275, 1.0000000, 0.94754612, 9.4703045, 9.3621330, 9.5938759, 9.8148212, 9.8954887, 9.9568214, 19.995184, 19.998756, 19.995352, 19.938324, 0.34470204, 0.34362072, 0.34593844, 0.34814817, 0.34895486, 0.34956822, 0.34997591, 0.34999377, 0.34997675, 0.34969163, 0.94754612
0.35600001, 1.0000000, 1.0000000, 9.9999990, 9.9999990, 9.9999990, 9.9999990, 9.9999990, 9.9999990, 19.999998, 19.999998, 19.999998, 19.998999, 0.34999999, 0.34999999, 0.34999999, 0.34999999, 0.34999999, 0.34999999, 0.34999999, 0.34999999, 0.34999999, 0.34999499, 1.0000000
0.35352880, 1.0000000, 0.99104625, 9.9887037, 9.8280954, 9.7982950, 9.9465294, 9.9726858, 9.9900398, 19.999229, 19.999796, 19.999861, 19.983057, 0.34988704, 0.34828097, 0.34798294, 0.34946531, 0.34972686, 0.34990039, 0.34999615, 0.34999898, 0.34999931, 0.34991530, 0.99104625
0.33419311, 1.0000000, 0.92098933, 8.8943987, 9.4111834, 9.6301565, 9.8670740, 9.9292698, 9.9727659, 19.997347, 19.999308, 19.998749, 19.960054, 0.33894399, 0.34411183, 0.34630156, 0.34867075, 0.34929270, 0.34972766, 0.34998673, 0.34999654, 0.34999374, 0.34980029, 0.92098933
0.35591555, 1.0000000, 0.99969399, 9.9992428, 9.9995031, 9.9910498, 9.9912853, 9.9510775, 9.9610443, 19.995934, 19.998949, 19.995583, 19.939154, 0.34999242, 0.34999502, 0.34991050, 0.34991285, 0.34951079, 0.34961045, 0.34997967, 0.34999475, 0.34997791, 0.34969577, 0.99969399
0.35600001, 1.0000000, 1.0000000, 9.9999990, 9.9999990, 9.9999990, 9.9999990, 9.9999990, 9.9999990, 19.999998, 19.999998, 19.999998, 19.998999, 0.34999999, 0.34999999, 0.34999999, 0.34999999, 0.34999999, 0.34999999, 0.34999999, 0.34999999, 0.34999999, 0.34999499, 1.0000000
0.35600001, 1.0000000, 1.0000000, 9.9999990, 9.9999990, 9.9999990, 9.9999990, 9.9999990, 9.9999990, 19.999998, 19.999998, 19.999998, 19.997997, 0.34999999, 0.34999999, 0.34999999, 0.34999999, 0.34999999, 0.34999999, 0.34999999, 0.34999999, 0.34999999, 0.34998998, 1.0000000
0.33827543, 1.0000000, 0.93578053, 9.0028791, 9.6305952, 9.7953691, 9.9472933, 9.9731274, 9.9903088, 19.999355, 19.999826, 19.999695, 19.974264, 0.34002763, 0.34630522, 0.34795329, 0.34947285, 0.34973124, 0.34990308, 0.34999678, 0.34999913, 0.34999847, 0.34987134, 0.93578053
0.32471138, 1.0000000, 0.88663536, 8.1008148, 9.5354881, 9.7246113, 9.9126406, 9.9541073, 9.9833794, 19.999302, 19.999807, 19.998035, 19.951960, 0.33100814, 0.34535488, 0.34724611, 0.34912640, 0.34954107, 0.34983379, 0.34999651, 0.34999904, 0.34999019, 0.34975979, 0.88663536
0.30558890, 1.0000000, 0.81735110, 6.8043523, 9.4313736, 9.6493731, 9.8602400, 9.9238033, 9.9702711, 19.997591, 19.999359, 19.993893, 19.932039, 0.31804353, 0.34431374, 0.34649372, 0.34860241, 0.34923804, 0.34970272, 0.34998795, 0.34999681, 0.34996945, 0.34966019, 0.81735110
0.28860778, 1.0000000, 0.75582516, 5.6253881, 9.3751078, 9.6023312, 9.8156099, 9.8950605, 9.9562864, 19.995590, 19.998756, 19.986849, 19.915131, 0.30625388, 0.34375107, 0.34602332, 0.34815609, 0.34895059, 0.34956285, 0.34997794, 0.34999377, 0.34993425, 0.34957564, 0.75582516
0.30160856, 1.0000000, 0.80292946, 6.5471244, 9.4031382, 9.6162748, 9.8096533, 9.8871651, 9.9504499, 19.994940, 19.998180, 19.977070, 19.901335, 0.31547123, 0.34403139, 0.34616274, 0.34809655, 0.34887165, 0.34950450, 0.34997469, 0.34999090, 0.34988534, 0.34950668, 0.80292946
0.27534389, 1.0000000, 0.70776778, 4.6743689, 9.3695326, 9.5913792, 9.7925262, 9.8744993, 9.9427652, 19.993933, 19.996943, 19.964958, 19.890459, 0.29673657, 0.34368679, 0.34590942, 0.34792435, 0.34874454, 0.34942749, 0.34996966, 0.34998471, 0.34982479, 0.34945229, 0.70776778
0.35514665, 1.0000000, 0.99690801, 9.9572144, 9.9748716, 9.9873810, 9.9974585, 9.9987240, 9.9995766, 19.999998, 19.999998, 19.999990, 19.991999, 0.34957215, 0.34974873, 0.34987381, 0.34997457, 0.34998724, 0.34999576, 0.34999999, 0.34999999, 0.34999996, 0.34996000, 0.99690801
0.35572433, 1.0000000, 0.99900126, 9.9913301, 9.9946480, 9.9838552, 9.9578924, 9.9785280, 9.9920368, 19.999235, 19.999802, 19.999886, 19.984043, 0.34991330, 0.34994647, 0.34983855, 0.34957892, 0.34978527, 0.34992036, 0.34999618, 0.34999901, 0.34999943, 0.34992021, 0.99900126
0.35600001, 1.0000000, 1.0000000, 9.9999990, 9.9999990, 9.9999990, 9.9999990, 9.9999962, 9.9999962, 19.999998, 19.999998, 19.999998, 19.996996, 0.34999999, 0.34999999, 0.34999999, 0.34999999, 0.34999996, 0.34999996, 0.34999999, 0.34999999, 0.34999999, 0.34998497, 1.0000000
0.34950787, 1.0000000, 0.97647774, 9.6557360, 9.8353920, 9.9136047, 9.9804983, 9.9901705, 9.9965696, 19.999863, 19.999964, 19.999956, 19.987026, 0.34655735, 0.34835392, 0.34913605, 0.34980500, 0.34990171, 0.34996569, 0.34999931, 0.34999982, 0.34999979, 0.34993511, 0.97647774
0.35558051, 1.0000000, 0.99848008, 9.9790268, 9.9875679, 9.9937630, 9.9987478, 9.9993734, 9.9997911, 19.999998, 19.999998, 19.999989, 19.991005, 0.34979028, 0.34987569, 0.34993762, 0.34998748, 0.34999374, 0.34999791, 0.34999999, 0.34999999, 0.34999993, 0.34995502, 0.99848008
0.33707249, 1.0000000, 0.93142211, 8.9237356, 9.6211939, 9.7881737, 9.9422054, 9.9704180, 9.9889641, 19.998926, 19.999718, 19.999823, 19.981079, 0.33923736, 0.34621194, 0.34788173, 0.34942204, 0.34970418, 0.34988964, 0.34999463, 0.34999859, 0.34999913, 0.34990540, 0.93142211
0.33468068, 1.0000000, 0.92275608, 8.9041958, 9.4516401, 9.6341801, 9.8678722, 9.9295664, 9.9727631, 19.997263, 19.999290, 19.998585, 19.958233, 0.33904195, 0.34451640, 0.34634179, 0.34867871, 0.34929568, 0.34972763, 0.34998631, 0.34999645, 0.34999293, 0.34979117, 0.92275608
0.35599065, 1.0000000, 0.99996603, 9.9995317, 9.9997196, 9.9998589, 9.9999723, 9.9999847, 9.9999933, 19.999998, 19.999998, 19.999998, 19.994993, 0.34999532, 0.34999719, 0.34999859, 0.34999973, 0.34999985, 0.34999993, 0.34999999, 0.34999999, 0.34999999, 0.34997496, 0.99996603
0.35600001, 1.0000000, 1.0000000, 9.9999990, 9.9999990, 9.9999990, 9.9999990, 9.9999990, 9.9999990, 19.999998, 19.999998, 19.999998, 19.996996, 0.34999999, 0.34999999, 0.34999999, 0.34999999, 0.34999999, 0.34999999, 0.34999999, 0.34999999, 0.34999999, 0.34998497, 1.0000000
0.35600001, 1.0000000, 0.99999988, 9.9999990, 9.9999962, 9.9999990, 9.9999990, 9.9999990, 9.9999990, 19.999998, 19.999998, 19.999987, 19.988396, 0.34999999, 0.34999996, 0.34999999, 0.34999999, 0.34999999, 0.34999999, 0.34999999, 0.34999999, 0.34999993, 0.34994197, 0.99999988
0.35031527, 1.0000000, 0.97940308, 9.7469749, 9.7930431, 9.8904009, 9.9757900, 9.9877911, 9.9958735, 19.999975, 19.999992, 19.999855, 19.979134, 0.34746975, 0.34793043, 0.34890401, 0.34975791, 0.34987789, 0.34995872, 0.34999987, 0.34999996, 0.34999928, 0.34989566, 0.97940308
0.35599995, 1.0000000, 0.99999976, 9.9999962, 9.9999990, 9.9999962, 9.9999990, 9.9999990, 9.9999990, 19.999998, 19.999998, 19.999998, 19.994993, 0.34999996, 0.34999999, 0.34999996, 0.34999999, 0.34999999, 0.34999999, 0.34999999, 0.34999999, 0.34999999, 0.34997496, 0.99999976
0.32489341, 1.0000000, 0.88729501, 8.1808882, 9.4495487, 9.6772461, 9.8983297, 9.9471226, 9.9796000, 19.997549, 19.999361, 19.999443, 19.971352, 0.33180887, 0.34449548, 0.34677246, 0.34898329, 0.34947121, 0.34979600, 0.34998775, 0.34999681, 0.34999722, 0.34985676, 0.88729501
0.28138864, 1.0000000, 0.72966892, 5.1859508, 9.2694025, 9.5384932, 9.8000689, 9.8895864, 9.9545250, 19.993790, 19.998377, 19.997282, 19.949242, 0.30185950, 0.34269401, 0.34538493, 0.34800071, 0.34889585, 0.34954524, 0.34996894, 0.34999189, 0.34998640, 0.34974620, 0.72966892
0.23888101, 1.0000000, 0.57565576, 2.8761148, 8.0366707, 9.4575291, 9.7223206, 9.8372097, 9.9282131, 19.989717, 19.997292, 19.992619, 19.929651, 0.27876115, 0.33036670, 0.34457529, 0.34722322, 0.34837210, 0.34928215, 0.34994859, 0.34998646, 0.34996310, 0.34964827, 0.57565576
0.22299400, 1.0000000, 0.51809418, 2.4739833, 6.7491689, 9.5304623, 9.7452545, 9.8427753, 9.9260368, 19.989538, 19.997087, 19.985319, 19.913181, 0.27473983, 0.31749168, 0.34530461, 0.34745255, 0.34842774, 0.34926036, 0.34994769, 0.34998542, 0.34992659, 0.34956592, 0.51809418
0.32973868, 1.0000000, 0.90485018, 8.5295830, 9.4730444, 9.6680937, 9.7962875, 9.8684750, 9.9334850, 19.989555, 19.996597, 19.975258, 19.899788, 0.33529583, 0.34473044, 0.34668094, 0.34796289, 0.34868476, 0.34933484, 0.34994778, 0.34998298, 0.34987628, 0.34949893, 0.90485018
0.30063811, 1.0000000, 0.79941338, 6.5160542, 9.3608007, 9.5809641, 9.7741699, 9.8570127, 9.9279318, 19.988024, 19.995064, 19.962936, 19.889256, 0.31516054, 0.34360802, 0.34580964, 0.34774169, 0.34857014, 0.34927931, 0.34994012, 0.34997532, 0.34981468, 0.34944627, 0.79941338
0.34749943, 1.0000000, 0.96920079, 9.5483513, 9.7887459, 9.8884039, 9.9704189, 9.9460945, 9.9284534, 19.987135, 19.992556, 19.949331, 19.881220, 0.34548351, 0.34788746, 0.34888405, 0.34970421, 0.34946096, 0.34928453, 0.34993568, 0.34996277, 0.34974664, 0.34940609, 0.96920079
0.35595620, 1.0000000, 0.99984121, 9.9978151, 9.9986916, 9.9993410, 9.9998684, 9.9999342, 9.9999819, 19.999998, 19.999998, 19.999990, 19.992998, 0.34997815, 0.34998691, 0.34999341, 0.34999868, 0.34999934, 0.34999982, 0.34999999, 0.34999999, 0.34999996, 0.34996498, 0.99984121
0.32978839, 1.0000000, 0.90503031, 8.4687786, 9.5310488, 9.7308407, 9.9218035, 9.9596777, 9.9848709, 19.998497, 19.999605, 19.999418, 19.969439, 0.33468777, 0.34531048, 0.34730840, 0.34921804, 0.34959677, 0.34984872, 0.34999248, 0.34999803, 0.34999710, 0.34984720, 0.90503031
0.29763997, 1.0000000, 0.78855050, 6.2893453, 9.3546009, 9.6027727, 9.8476696, 9.9177933, 9.9678383, 19.996744, 19.999153, 19.997225, 19.947559, 0.31289345, 0.34354600, 0.34602773, 0.34847671, 0.34917793, 0.34967840, 0.34998372, 0.34999576, 0.34998614, 0.34973779, 0.78855050
0.26403779, 1.0000000, 0.66680360, 3.9122262, 9.2922268, 9.5494776, 9.7943029, 9.8830490, 9.9517365, 19.995251, 19.998770, 19.992519, 19.928253, 0.28912225, 0.34292227, 0.34549478, 0.34794304, 0.34883049, 0.34951738, 0.34997624, 0.34999385, 0.34996259, 0.34964126, 0.66680360
0.23998907, 1.0000000, 0.57967055, 2.7243316, 8.3784733, 9.5385942, 9.7659140, 9.8611183, 9.9386663, 19.993212, 19.998098, 19.984888, 19.911999, 0.27724022, 0.33377898, 0.34538266, 0.34765849, 0.34861085, 0.34938654, 0.34996605, 0.34999049, 0.34992445, 0.34955999, 0.57967055
0.21704817, 1.0000000, 0.49655133, 2.0751595, 6.7152724, 9.4945354, 9.7328205, 9.8375044, 9.9246454, 19.990793, 19.996952, 19.974453, 19.898790, 0.27075160, 0.31715274, 0.34494537, 0.34732822, 0.34837505, 0.34924644, 0.34995395, 0.34998477, 0.34987226, 0.34949395, 0.49655133
0.19610974, 1.0000000, 0.42068741, 1.5420854, 5.0868149, 9.4763374, 9.7141972, 9.8224792, 9.9145260, 19.988838, 19.995228, 19.961931, 19.888491, 0.26542085, 0.30086815, 0.34476337, 0.34714198, 0.34822479, 0.34914526, 0.34994417, 0.34997612, 0.34980965, 0.34944245, 0.42068741
0.17795205, 1.0000000, 0.35489869, 1.1192888, 3.6076286, 9.4626408, 9.7028275, 9.8131104, 9.9077282, 19.987219, 19.992424, 19.948221, 19.880625, 0.26119179, 0.28607416, 0.34462363, 0.34702772, 0.34813082, 0.34907719, 0.34993610, 0.34996212, 0.34974110, 0.34940311, 0.35489869
0.16639972, 1.0000000, 0.31304240, 0.83808601, 2.8837979, 9.0536871, 9.7132874, 9.8169365, 9.9071312, 19.985928, 19.988077, 19.934286, 19.874712, 0.25838086, 0.27883798, 0.34053686, 0.34713286, 0.34816936, 0.34907132, 0.34992963, 0.34994039, 0.34967142, 0.34937355, 0.31304240
0.15773490, 0.93873328, 0.28164816, 0.70521832, 2.4651527, 8.2461901, 9.6981554, 9.8080387, 9.9025040, 19.984062, 19.981606, 19.920916, 19.870354, 0.25705111, 0.27464929, 0.33245817, 0.34698066, 0.34807995, 0.34902489, 0.34992030, 0.34990802, 0.34960458, 0.34935176, 0.28164816
0.14715041, 0.81091422, 0.24329861, 0.43845475, 2.0628870, 7.3882370, 9.6829615, 9.7982655, 9.8976183, 19.982212, 19.973108, 19.908800, 19.867159, 0.25438318, 0.27062503, 0.32387549, 0.34682781, 0.34798172, 0.34897590, 0.34991106, 0.34986556, 0.34954399, 0.34933579, 0.24329861
0.13550705, 0.67030799, 0.20111251, 0.16347170, 1.6174525, 6.3902421, 9.6502895, 9.7779245, 9.8878193, 19.979107, 19.962557, 19.898241, 19.864813, 0.25163472, 0.26617453, 0.31390244, 0.34650290, 0.34777924, 0.34887820, 0.34989554, 0.34981278, 0.34949121, 0.34932405, 0.20111251
0.12624462, 0.55845404, 0.16755296, 0.11348724E-1, 1.2499660, 5.4019351, 9.6289806, 9.7638378, 9.8806791, 19.975948, 19.950855, 19.889465, 19.863144, 0.25011346, 0.26249731, 0.30401427, 0.34628800, 0.34763744, 0.34880650, 0.34987974, 0.34975427, 0.34944731, 0.34931570, 0.16755296
0.11880015, 0.46855393, 0.14058024, 0.0000000, 0.90351999, 4.3428407, 9.5945902, 9.7420912, 9.8701792, 19.971516, 19.938478, 19.882299, 19.861925, 0.24999526, 0.25903520, 0.29342842, 0.34594589, 0.34742090, 0.34870178, 0.34985757, 0.34969240, 0.34941149, 0.34930962, 0.14058024
0.20035666, 1.0000000, 0.43607482, 2.7719080, 3.7043412, 9.1922550, 9.6381378, 9.7644835, 9.8768778, 19.966146, 19.926271, 19.876644, 19.861067, 0.27771527, 0.28704035, 0.34191877, 0.34638056, 0.34764442, 0.34876862, 0.34983075, 0.34963137, 0.34938323, 0.34930533, 0.43607482
0.24758275, 1.0000000, 0.60718387, 3.2247219, 8.5243216, 9.4400816, 9.6674032, 9.7820873, 9.8830252, 19.957766, 19.914293, 19.872133, 19.860449, 0.28224722, 0.33524323, 0.34440082, 0.34667403, 0.34782088, 0.34883025, 0.34978884, 0.34957147, 0.34936067, 0.34930223, 0.60718387
0.29800642, 1.0000000, 0.78987825, 6.3533092, 9.3224239, 9.5781345, 9.7324648, 9.8199472, 9.8987865, 19.949812, 19.903915, 19.868795, 19.860025, 0.31353205, 0.34322330, 0.34578088, 0.34732455, 0.34819943, 0.34898785, 0.34974906, 0.34951958, 0.34934399, 0.34930012, 0.78987825
0.35388887, 1.0000000, 0.99235088, 9.8930502, 9.9394159, 9.9693222, 9.9937496, 9.9968624, 9.9989529, 19.999998, 19.999998, 19.999989, 19.991005, 0.34893051, 0.34939414, 0.34969324, 0.34993750, 0.34996861, 0.34998953, 0.34999999, 0.34999999, 0.34999993, 0.34995502, 0.99235088
0.33795756, 1.0000000, 0.93462884, 9.0505781, 9.5449009, 9.7373028, 9.9208355, 9.9590492, 9.9843330, 19.998186, 19.999527, 19.999311, 19.967525, 0.34050578, 0.34544900, 0.34737304, 0.34920835, 0.34959048, 0.34984332, 0.34999093, 0.34999764, 0.34999657, 0.34983763, 0.93462884
0.30375832, 1.0000000, 0.81071854, 6.7342496, 9.3538008, 9.6006660, 9.8424225, 9.9145708, 9.9658012, 19.995815, 19.998909, 19.996876, 19.945822, 0.31734249, 0.34353802, 0.34600666, 0.34842423, 0.34914571, 0.34965801, 0.34997907, 0.34999454, 0.34998438, 0.34972912, 0.81071854
0.27113578, 1.0000000, 0.69252092, 4.4128704, 9.3101215, 9.5594807, 9.7942247, 9.8824129, 9.9502745, 19.993826, 19.998362, 19.991896, 19.926739, 0.29412872, 0.34310120, 0.34559482, 0.34794223, 0.34882414, 0.34950274, 0.34996912, 0.34999180, 0.34995949, 0.34963369, 0.69252092
0.24742696, 1.0000000, 0.60661942, 2.9062243, 8.9576721, 9.5653477, 9.7799292, 9.8686762, 9.9414949, 19.992895, 19.997955, 19.984077, 19.910759, 0.27906093, 0.33957431, 0.34565219, 0.34779903, 0.34868664, 0.34941489, 0.34996447, 0.34998977, 0.34992039, 0.34955379, 0.60661942
0.23020862, 1.0000000, 0.54423410, 2.4355114, 7.6735911, 9.5472870, 9.7655525, 9.8569698, 9.9335995, 19.991747, 19.997122, 19.973511, 19.897852, 0.27435452, 0.32673478, 0.34547216, 0.34765539, 0.34856963, 0.34933597, 0.34995872, 0.34998560, 0.34986755, 0.34948927, 0.54423410
0.21117344, 1.0000000, 0.47526613, 1.9285947, 6.2390385, 9.5173998, 9.7437410, 9.8416672, 9.9243498, 19.990168, 19.995403, 19.960865, 19.887753, 0.26928201, 0.31238276, 0.34516820, 0.34743622, 0.34841609, 0.34924328, 0.34995085, 0.34997702, 0.34980434, 0.34943876, 0.47526613
0.19411741, 1.0000000, 0.41346887, 1.5118808, 4.8841982, 9.4988928, 9.7306223, 9.8316860, 9.9178181, 19.988886, 19.992586, 19.947119, 19.880075, 0.26511642, 0.29883736, 0.34498444, 0.34730530, 0.34831637, 0.34917805, 0.34994441, 0.34996292, 0.34973559, 0.34940037, 0.41346887
0.17128128, 1.0000000, 0.33072925, 0.95043480, 3.1097152, 9.4158316, 9.6812010, 9.8011379, 9.9026213, 19.986118, 19.987700, 19.933096, 19.874289, 0.25950319, 0.28109488, 0.34415486, 0.34681129, 0.34801102, 0.34902608, 0.34993058, 0.34993851, 0.34966546, 0.34937143, 0.33072925
0.15429547, 0.89719856, 0.26918650, 0.49837828, 2.3596883, 8.3287907, 9.6457577, 9.7771368, 9.8895168, 19.983299, 19.980791, 19.919752, 19.870012, 0.25498366, 0.27359653, 0.33328727, 0.34645742, 0.34777132, 0.34889513, 0.34991649, 0.34990394, 0.34959877, 0.34935006, 0.26918650
0.13975531, 0.72161031, 0.21650475, 0.18201768, 1.7834395, 7.0340180, 9.6162910, 9.7564564, 9.8779964, 19.980591, 19.971899, 19.907715, 19.866894, 0.25181940, 0.26782981, 0.32033113, 0.34616044, 0.34756333, 0.34877956, 0.34990296, 0.34985951, 0.34953856, 0.34933448, 0.21650475
0.12955640, 0.59844744, 0.17955218, 0.11175871E-2, 1.3844877, 5.9710770, 9.6207886, 9.7567654, 9.8757792, 19.977819, 19.961319, 19.897343, 19.864630, 0.25001118, 0.26383874, 0.30969754, 0.34620363, 0.34756547, 0.34875709, 0.34988910, 0.34980661, 0.34948671, 0.34932315, 0.17955218
0.12245608, 0.51270336, 0.15382639, 0.0000000, 1.0424554, 4.9462824, 9.6091232, 9.7494440, 9.8719263, 19.974449, 19.949528, 19.888674, 19.863014, 0.24999970, 0.26042035, 0.29945287, 0.34608737, 0.34749246, 0.34871861, 0.34987223, 0.34974763, 0.34944338, 0.34931508, 0.15382639
0.11581150, 0.43246284, 0.12975183, 0.0000000, 0.74192882, 3.9446740, 9.5938339, 9.7393789, 9.8665533, 19.969570, 19.937035, 19.881638, 19.861843, 0.24999970, 0.25741929, 0.28944674, 0.34593832, 0.34739378, 0.34866554, 0.34984785, 0.34968516, 0.34940818, 0.34930921, 0.12975183
0.10945011, 0.35564202, 0.10670328, 0.0000000, 0.46346784, 2.9916973, 9.4752922, 9.7194824, 9.8564520, 19.962778, 19.924524, 19.876032, 19.861002, 0.24999970, 0.25463358, 0.27991340, 0.34475064, 0.34719366, 0.34856412, 0.34981388, 0.34962261, 0.34938017, 0.34930500, 0.10670328
0.10524919, 0.30491138, 0.91482565E-1, 0.0000000, 0.25542378, 2.5006561, 8.9455013, 9.7065992, 9.8487568, 19.954538, 19.912729, 19.871666, 19.860409, 0.24999970, 0.25255331, 0.27500206, 0.33945179, 0.34706423, 0.34848696, 0.34977269, 0.34956366, 0.34935832, 0.34930205, 0.91482565E-1
0.10183335, 0.26366144, 0.79106346E-1, 0.0000000, 0.12222230, 2.0553052, 8.3891973, 9.6918631, 9.8408937, 19.945593, 19.902250, 19.868389, 19.859999, 0.24999970, 0.25122136, 0.27054584, 0.33388609, 0.34691525, 0.34840778, 0.34972796, 0.34951127, 0.34934193, 0.34930000, 0.79106346E-1
0.97533643E-1, 0.21173778, 0.63527688E-1, 0.0000000, 0.0000000, 1.4401138, 7.5317788, 9.6187429, 9.8050432, 19.933928, 19.892752, 19.865774, 19.859663, 0.24999970, 0.24998993, 0.26440114, 0.32531780, 0.34618741, 0.34805042, 0.34966964, 0.34946376, 0.34932888, 0.34929830, 0.63527688E-1
0.95180511E-1, 0.18332116, 0.55001851E-1, 0.0000000, 0.0000000, 1.0366380, 6.7138214, 9.6140738, 9.7971792, 19.923136, 19.885088, 19.863882, 19.859463, 0.24999970, 0.24998993, 0.26036203, 0.31713259, 0.34613669, 0.34797043, 0.34961569, 0.34942544, 0.34931940, 0.34929731, 0.55001851E-1
0.92660554E-1, 0.15288997, 0.45871578E-1, 0.0000000, 0.0000000, 0.63570142, 5.7044373, 9.5597506, 9.7685575, 19.911522, 19.878580, 19.862411, 19.859299, 0.24999970, 0.24998993, 0.25635651, 0.30704346, 0.34559673, 0.34768531, 0.34955761, 0.34939289, 0.34931207, 0.34929651, 0.45871578E-1
0.90424322E-1, 0.12588504, 0.37769288E-1, 0.0000000, 0.0000000, 0.33005774, 4.5621414, 9.5118914, 9.7406931, 19.900265, 19.873262, 19.861309, 19.859217, 0.24999970, 0.24998993, 0.25329837, 0.29561535, 0.34511256, 0.34740475, 0.34950131, 0.34936631, 0.34930655, 0.34929609, 0.37769288E-1
0.88721074E-1, 0.10531648, 0.31598106E-1, 0.0000000, 0.0000000, 0.15109479, 3.4132524, 9.4904938, 9.7259207, 19.890942, 19.869291, 19.860529, 19.859169, 0.24999970, 0.24998993, 0.25150922, 0.28412467, 0.34489399, 0.34725550, 0.34945470, 0.34934646, 0.34930265, 0.34929585, 0.31598106E-1
0.87586403E-1, 0.91614060E-1, 0.27486967E-1, 0.0000000, 0.0000000, 0.48249960E-1, 2.7837038, 9.0379438, 9.7181940, 19.882809, 19.866190, 19.859993, 19.859121, 0.24999970, 0.24998993, 0.25048202, 0.27783147, 0.34037039, 0.34717870, 0.34941405, 0.34933096, 0.34929997, 0.34929562, 0.27486967E-1
0.86816624E-1, 0.82318157E-1, 0.24697917E-1, 0.0000000, 0.0000000, 0.0000000, 2.4565430, 8.3187466, 9.7107286, 19.876282, 19.863920, 19.859592, 19.859081, 0.24999970, 0.24998993, 0.24999081, 0.27455658, 0.33317247, 0.34710145, 0.34938142, 0.34931961, 0.34929797, 0.34929541, 0.24697917E-1
0.86170733E-1, 0.74518368E-1, 0.22357747E-1, 0.0000000, 0.0000000, 0.0000000, 2.0933537, 7.4920721, 9.6875401, 19.869850, 19.861925, 19.859287, 19.859028, 0.24999970, 0.24998993, 0.24999081, 0.27092662, 0.32490838, 0.34687006, 0.34934926, 0.34930962, 0.34929645, 0.34929514, 0.22357747E-1
0.85660279E-1, 0.68354055E-1, 0.20508267E-1, 0.0000000, 0.0000000, 0.0000000, 1.8295497, 6.7828813, 9.6969681, 19.866819, 19.860970, 19.859217, 19.859016, 0.24999970, 0.24998993, 0.24999081, 0.26829037, 0.31781933, 0.34696513, 0.34933409, 0.34930485, 0.34929609, 0.34929508, 0.20508267E-1
0.14711469, 0.81048268, 0.24316913, 2.3298264, 2.1500735, 2.4913101, 2.7964563, 7.7204332, 9.7843885, 19.863037, 19.859926, 19.859064, 19.858974, 0.27329043, 0.27149639, 0.27491060, 0.27796400, 0.32720357, 0.34784356, 0.34931520, 0.34929964, 0.34929532, 0.34929487, 0.24316913
0.14840326, 0.82604367, 0.24783789, 2.6831536, 1.8223524, 2.3007214, 2.7427197, 7.5718155, 9.8257971, 19.860600, 19.859272, 19.858944, 19.858952, 0.27683154, 0.26822352, 0.27300721, 0.27742720, 0.32571816, 0.34825796, 0.34930301, 0.34929636, 0.34929472, 0.34929475, 0.24783789
0.15355995, 0.88831639, 0.26652157, 2.5552988, 2.2912145, 2.2592723, 5.6247516, 9.5546341, 9.8497629, 19.859446, 19.858973, 19.858885, 19.858940, 0.27555299, 0.27291214, 0.27259272, 0.30624753, 0.34554633, 0.34849763, 0.34929723, 0.34929487, 0.34929442, 0.34929469, 0.26652157
0.14876167, 0.83037198, 0.24913651, 2.3171961, 2.1612048, 2.1943152, 5.3243675, 9.7467499, 9.8651543, 19.859209, 19.858944, 19.858879, 19.858940, 0.27317196, 0.27161205, 0.27194315, 0.30324367, 0.34746748, 0.34865153, 0.34929603, 0.34929472, 0.34929439, 0.34929469, 0.24913651
0.13283527, 0.63804317, 0.19143210, 1.5271515, 1.7033488, 1.9521743, 5.0456862, 9.7518368, 9.8532419, 19.857101, 19.858408, 19.858732, 19.858898, 0.26527151, 0.26703349, 0.26952174, 0.30045685, 0.34751838, 0.34853241, 0.34928551, 0.34929204, 0.34929365, 0.34929448, 0.19143210
0.15648219, 0.92360556, 0.27710938, 2.4851322, 2.3556023, 2.5765181, 8.0064869, 9.7317333, 9.8397131, 19.855347, 19.857929, 19.858614, 19.858862, 0.27485132, 0.27355602, 0.27576518, 0.33006486, 0.34731734, 0.34839714, 0.34927672, 0.34928966, 0.34929305, 0.34929430, 0.27710938
0.35600001, 1.0000000, 1.0000000, 9.9999990, 9.9999990, 9.9999990, 9.9999990, 9.9999990, 9.9999990, 19.999998, 19.999998, 19.999998, 19.997997, 0.34999999, 0.34999999, 0.34999999, 0.34999999, 0.34999999, 0.34999999, 0.34999999, 0.34999999, 0.34999999, 0.34998998, 1.0000000
0.33496141, 1.0000000, 0.92377311, 8.8259583, 9.5517960, 9.7457056, 9.9315329, 9.9649105, 9.9873972, 19.999277, 19.999807, 19.999681, 19.974264, 0.33825958, 0.34551796, 0.34745705, 0.34931535, 0.34964910, 0.34987396, 0.34999639, 0.34999904, 0.34999841, 0.34987134, 0.92377311
0.30663335, 1.0000000, 0.82113534, 6.8967361, 9.4082499, 9.6380892, 9.8667049, 9.9286518, 9.9727926, 19.997860, 19.999439, 19.997940, 19.951935, 0.31896737, 0.34408250, 0.34638089, 0.34866706, 0.34928653, 0.34972793, 0.34998930, 0.34999719, 0.34998971, 0.34975967, 0.82113534
0.26413959, 1.0000000, 0.66717243, 3.9575851, 9.2462692, 9.5183935, 9.7801247, 9.8761282, 9.9490814, 19.994726, 19.998621, 19.993696, 19.931992, 0.28957585, 0.34246269, 0.34518394, 0.34780124, 0.34876129, 0.34949082, 0.34997362, 0.34999311, 0.34996849, 0.34965995, 0.66717243
0.23119132, 1.0000000, 0.54779464, 2.5036244, 7.7231383, 9.4681873, 9.7254343, 9.8373814, 9.9280643, 19.991520, 19.997690, 19.986568, 19.915047, 0.27503625, 0.32723138, 0.34468186, 0.34725434, 0.34837383, 0.34928066, 0.34995759, 0.34998846, 0.34993285, 0.34957522, 0.54779464
0.20815721, 1.0000000, 0.46433768, 1.8722236, 5.9955425, 9.4704008, 9.7111435, 9.8224773, 9.9163179, 19.989050, 19.996616, 19.976667, 19.901234, 0.26872063, 0.30995235, 0.34470156, 0.34711093, 0.34822452, 0.34916309, 0.34994525, 0.34998310, 0.34988335, 0.34950617, 0.46433768
0.18722185, 1.0000000, 0.38848501, 1.3259977, 4.3802972, 9.4669714, 9.7000170, 9.8118820, 9.9074793, 19.986483, 19.994915, 19.964468, 19.890358, 0.26325998, 0.29380298, 0.34466970, 0.34700018, 0.34811881, 0.34907478, 0.34993240, 0.34997457, 0.34982234, 0.34945178, 0.38848501
0.22954549, 1.0000000, 0.54183143, 2.8642745, 6.8972721, 9.5239477, 9.7189274, 9.8197079, 9.9079494, 19.985231, 19.992449, 19.950949, 19.882027, 0.27864274, 0.31897271, 0.34523946, 0.34718928, 0.34819707, 0.34907949, 0.34992617, 0.34996223, 0.34975475, 0.34941012, 0.54183143
0.35600001, 1.0000000, 1.0000000, 9.9999990, 9.9999990, 9.9999990, 9.9999990, 9.9999990, 9.9999990, 19.999998, 19.999998, 19.999998, 19.995995, 0.34999999, 0.34999999, 0.34999999, 0.34999999, 0.34999999, 0.34999999, 0.34999999, 0.34999999, 0.34999999, 0.34997997, 1.0000000
0.35600001, 1.0000000, 1.0000000, 9.9999990, 9.9999990, 9.9999990, 9.9999990, 9.9999990, 9.9999990, 19.999998, 19.999998, 19.999998, 19.997997, 0.34999999, 0.34999999, 0.34999999, 0.34999999, 0.34999999, 0.34999999, 0.34999999, 0.34999999, 0.34999999, 0.34998998, 1.0000000
0.33276600, 1.0000000, 0.91581887, 8.6525955, 9.5707951, 9.7555389, 9.9307346, 9.9643908, 9.9867287, 19.998758, 19.999683, 19.999811, 19.981091, 0.33652595, 0.34570795, 0.34755540, 0.34930736, 0.34964392, 0.34986728, 0.34999380, 0.34999841, 0.34999907, 0.34990546, 0.91581887
0.30895853, 1.0000000, 0.82955980, 7.1195102, 9.3437500, 9.5929689, 9.8409882, 9.9140797, 9.9662428, 19.996475, 19.999092, 19.998526, 19.958233, 0.32119510, 0.34343749, 0.34592968, 0.34840989, 0.34914079, 0.34966242, 0.34998238, 0.34999546, 0.34999263, 0.34979117, 0.82955980
0.35103923, 1.0000000, 0.98202610, 9.8595886, 9.8058748, 9.6998777, 9.8424854, 9.9092731, 9.9615536, 19.995543, 19.998846, 19.995203, 19.937555, 0.34859589, 0.34805876, 0.34699878, 0.34842485, 0.34909272, 0.34961554, 0.34997770, 0.34999424, 0.34997600, 0.34968778, 0.98202610
0.33664501, 1.0000000, 0.92987311, 8.9835634, 9.5365772, 9.6831722, 9.8384666, 9.9038649, 9.9574499, 19.995077, 19.998699, 19.989126, 19.919765, 0.33983564, 0.34536576, 0.34683174, 0.34838468, 0.34903866, 0.34957451, 0.34997538, 0.34999350, 0.34994563, 0.34959882, 0.92987311
0.35463232, 1.0000000, 0.99504471, 9.9310131, 9.9603291, 9.9799776, 9.9959507, 9.9979668, 9.9993229, 19.999998, 19.999998, 19.999983, 19.990009, 0.34931013, 0.34960330, 0.34979978, 0.34995949, 0.34997967, 0.34999323, 0.34999999, 0.34999999, 0.34999990, 0.34995005, 0.99504471
0.33145887, 1.0000000, 0.91108280, 8.5949774, 9.5251846, 9.7261772, 9.9188099, 9.9580679, 9.9841423, 19.998329, 19.999563, 19.999271, 19.966595, 0.33594978, 0.34525186, 0.34726179, 0.34918809, 0.34958068, 0.34984142, 0.34999165, 0.34999782, 0.34999636, 0.34983298, 0.91108280
0.29710215, 1.0000000, 0.78660196, 6.2499456, 9.3571033, 9.6008320, 9.8416395, 9.9140453, 9.9659939, 19.996315, 19.999039, 19.996777, 19.944973, 0.31249946, 0.34357104, 0.34600833, 0.34841639, 0.34914047, 0.34965995, 0.34998158, 0.34999520, 0.34998387, 0.34972486, 0.78660196
0.25728643, 1.0000000, 0.64234215, 3.4539742, 9.2570477, 9.5219288, 9.7744818, 9.8709641, 9.9459925, 19.994160, 19.998457, 19.991657, 19.926012, 0.28453976, 0.34257048, 0.34521928, 0.34774482, 0.34870964, 0.34945992, 0.34997079, 0.34999228, 0.34995830, 0.34963006, 0.64234215
0.22864103, 1.0000000, 0.53855443, 2.2965283, 7.7496781, 9.4884644, 9.7333803, 9.8406610, 9.9287376, 19.991699, 19.997643, 19.983604, 19.910143, 0.27296415, 0.32749447, 0.34488323, 0.34733349, 0.34840646, 0.34928733, 0.34995848, 0.34998822, 0.34991801, 0.34955072, 0.53855443
0.20988408, 1.0000000, 0.47059444, 1.8464506, 6.2307615, 9.4976616, 9.7302647, 9.8336067, 9.9217319, 19.990793, 19.996836, 19.972963, 19.897358, 0.26846316, 0.31230494, 0.34497455, 0.34730223, 0.34833586, 0.34921727, 0.34995395, 0.34998417, 0.34986481, 0.34948680, 0.47059444
0.19209927, 1.0000000, 0.40615675, 1.4398366, 4.7694154, 9.4818974, 9.7196560, 9.8248920, 9.9153051, 19.989887, 19.995275, 19.960304, 19.887392, 0.26439837, 0.29769415, 0.34481898, 0.34719655, 0.34824893, 0.34915304, 0.34994942, 0.34997636, 0.34980151, 0.34943697, 0.40615675
0.18954903, 1.0000000, 0.39691675, 1.9493669, 3.5975709, 9.5104399, 9.7271576, 9.8270483, 9.9138365, 19.989029, 19.992489, 19.946545, 19.879799, 0.26949233, 0.28597420, 0.34510243, 0.34727114, 0.34827027, 0.34913832, 0.34994513, 0.34996244, 0.34973273, 0.34939900, 0.39691675
0.17311302, 1.0000000, 0.33736601, 1.4128566, 2.7954607, 8.9387131, 9.7025375, 9.8120413, 9.9059505, 19.987017, 19.987713, 19.932621, 19.874088, 0.26412857, 0.27795461, 0.33938712, 0.34702536, 0.34812042, 0.34905952, 0.34993508, 0.34993857, 0.34966311, 0.34937045, 0.33736601
0.15737900, 0.93443567, 0.28035873, 0.89111626, 2.2717090, 7.9334621, 9.6712112, 9.7921381, 9.8957109, 19.984400, 19.980778, 19.919336, 19.869877, 0.25891116, 0.27271709, 0.32933462, 0.34671211, 0.34792137, 0.34895712, 0.34992200, 0.34990388, 0.34959668, 0.34934938, 0.28035873
0.14508861, 0.78601575, 0.23582831, 0.55178106, 1.8438190, 6.9567723, 9.6595678, 9.7830715, 9.8902578, 19.982447, 19.972010, 19.907408, 19.866812, 0.25551632, 0.26843521, 0.31956214, 0.34659413, 0.34782994, 0.34890231, 0.34991223, 0.34986004, 0.34953704, 0.34933406, 0.23582831
0.13739708, 0.69313216, 0.20796046, 0.36308467, 1.5804112, 6.2465620, 9.6859484, 9.7966471, 9.8943996, 19.980400, 19.961561, 19.897129, 19.864588, 0.25363064, 0.26580355, 0.31246448, 0.34685913, 0.34796628, 0.34894395, 0.34990200, 0.34980780, 0.34948564, 0.34932294, 0.20796046
0.15535018, 0.90993524, 0.27300787, 1.9901633, 1.3453454, 5.6279745, 9.6922474, 9.8012457, 9.8963270, 19.977097, 19.949728, 19.888557, 19.862967, 0.26990071, 0.26345307, 0.30627894, 0.34692219, 0.34801230, 0.34896320, 0.34988549, 0.34974864, 0.34944278, 0.34931484, 0.27300787
0.15832554, 0.94586599, 0.28378817, 2.5916786, 1.0797262, 4.8789363, 9.6684380, 9.7878103, 9.8910694, 19.972668, 19.937319, 19.881588, 19.861818, 0.27591616, 0.26079711, 0.29878899, 0.34668425, 0.34787804, 0.34891066, 0.34986335, 0.34968659, 0.34940794, 0.34930909, 0.28378817
0.14341293, 0.76578003, 0.22975700, 1.8532366, 0.86767972, 4.1644435, 9.6603127, 9.7821054, 9.8880615, 19.967159, 19.925117, 19.876089, 19.861008, 0.26853237, 0.25867680, 0.29164442, 0.34660313, 0.34782106, 0.34888062, 0.34983581, 0.34962559, 0.34938043, 0.34930503, 0.22975700
0.12871547, 0.58829230, 0.17650534, 1.1636049, 0.62624514, 3.4046547, 9.6319818, 9.7649431, 9.8794918, 19.958803, 19.913298, 19.871737, 19.860409, 0.26163402, 0.25626180, 0.28404474, 0.34631881, 0.34764892, 0.34879473, 0.34979403, 0.34956649, 0.34935868, 0.34930205, 0.17650534
0.11767413, 0.45495600, 0.13650045, 0.66357553, 0.42917728, 2.8478651, 9.3974876, 9.7511215, 9.8715706, 19.949379, 19.902729, 19.868412, 19.859985, 0.25663260, 0.25429055, 0.27847460, 0.34397221, 0.34750983, 0.34871525, 0.34974688, 0.34951365, 0.34934205, 0.34929994, 0.13650045
0.18688132, 1.0000000, 0.38725114, 2.0165980, 3.2668056, 9.3299503, 9.6112366, 9.7937574, 9.8868294, 19.939840, 19.893764, 19.865944, 19.859697, 0.27016598, 0.28266805, 0.34329951, 0.34611237, 0.34793758, 0.34886831, 0.34969920, 0.34946883, 0.34932971, 0.34929848, 0.38725114
0.32839593, 1.0000000, 0.89998519, 8.7448950, 9.1062698, 9.3907471, 9.6821003, 9.8001604, 9.8891754, 19.929287, 19.886131, 19.864077, 19.859488, 0.33744895, 0.34106269, 0.34390748, 0.34682101, 0.34800160, 0.34889176, 0.34964645, 0.34943065, 0.34932038, 0.34929743, 0.89998519
0.32403731, 1.0000000, 0.88419312, 8.2020006, 9.3866405, 9.5735464, 9.7353086, 9.8241138, 9.8968363, 19.918213, 19.879740, 19.862640, 19.859346, 0.33202001, 0.34386641, 0.34573546, 0.34735310, 0.34824115, 0.34896836, 0.34959108, 0.34939870, 0.34931320, 0.34929675, 0.88419312
0.30626923, 1.0000000, 0.81981599, 6.8284278, 9.4906149, 9.6431103, 9.7709455, 9.8435316, 9.9026489, 19.907602, 19.874626, 19.861593, 19.859299, 0.31828427, 0.34490615, 0.34643111, 0.34770945, 0.34843531, 0.34902650, 0.34953803, 0.34937313, 0.34930795, 0.34929651, 0.81981599
0.28365350, 1.0000000, 0.73787493, 5.2487125, 9.4104939, 9.6056633, 9.7732000, 9.8457365, 9.9023514, 19.898663, 19.870779, 19.860901, 19.859287, 0.30248713, 0.34410495, 0.34605664, 0.34773201, 0.34845737, 0.34902352, 0.34949332, 0.34935391, 0.34930450, 0.34929645, 0.73787493
0.25609845, 1.0000000, 0.63803786, 3.3123569, 9.3352947, 9.5594540, 9.7557478, 9.8360386, 9.8962708, 19.890034, 19.867624, 19.860336, 19.859251, 0.28312355, 0.34335294, 0.34559453, 0.34755749, 0.34836039, 0.34896272, 0.34945017, 0.34933811, 0.34930170, 0.34929627, 0.63803786
0.23005325, 1.0000000, 0.54367119, 2.3091702, 7.8951998, 9.5017786, 9.7215681, 9.8152323, 9.8847094, 19.881496, 19.864906, 19.859865, 19.859180, 0.27309170, 0.32895201, 0.34501779, 0.34721568, 0.34815234, 0.34884709, 0.34940749, 0.34932452, 0.34929931, 0.34929591, 0.54367119
0.35598290, 1.0000000, 0.99993795, 9.9992456, 9.9995499, 9.9997730, 9.9999542, 9.9999790, 9.9999933, 19.999998, 19.999998, 19.999998, 19.994993, 0.34999144, 0.34999490, 0.34999743, 0.34999949, 0.34999976, 0.34999993, 0.34999999, 0.34999999, 0.34999999, 0.34997496, 0.99993795
0.35600001, 1.0000000, 1.0000000, 9.9999990, 9.9999990, 9.9999990, 9.9999990, 9.9999990, 9.9999990, 19.999998, 19.999998, 19.999998, 19.997997, 0.34999999, 0.34999999, 0.34999999, 0.34999999, 0.34999999, 0.34999999, 0.34999999, 0.34999999, 0.34999999, 0.34998998, 1.0000000
0.34171891, 1.0000000, 0.94825679, 9.1995802, 9.6983118, 9.8336983, 9.9541264, 9.9765539, 9.9910040, 19.998854, 19.999701, 19.999647, 19.974253, 0.34199581, 0.34698313, 0.34833699, 0.34954125, 0.34976554, 0.34991005, 0.34999427, 0.34999850, 0.34999824, 0.34987128, 0.94825679
0.35074717, 1.0000000, 0.98096794, 9.7217913, 9.8662500, 9.9299116, 9.9849033, 9.9924021, 9.9974403, 19.999998, 19.999998, 19.999933, 19.984056, 0.34721792, 0.34866250, 0.34929913, 0.34984905, 0.34992403, 0.34997439, 0.34999999, 0.34999999, 0.34999967, 0.34992027, 0.98096794
0.34800321, 1.0000000, 0.97102612, 9.5704079, 9.8050127, 9.8965082, 9.9760046, 9.9878855, 9.9957514, 19.999796, 19.999950, 19.999928, 19.984043, 0.34570408, 0.34805012, 0.34896508, 0.34976006, 0.34987885, 0.34995753, 0.34999898, 0.34999976, 0.34999964, 0.34992021, 0.97102612
0.33492887, 1.0000000, 0.92365533, 8.8216391, 9.5568027, 9.7436676, 9.9261274, 9.9618492, 9.9861927, 19.999207, 19.999790, 19.998960, 19.961004, 0.33821639, 0.34556803, 0.34743667, 0.34926128, 0.34961849, 0.34986192, 0.34999603, 0.34999895, 0.34999481, 0.34980503, 0.92365533
0.35599232, 1.0000000, 0.99997205, 9.9996538, 9.9997940, 9.9998922, 9.9999790, 9.9999762, 9.9942713, 19.998550, 19.999611, 19.995968, 19.940001, 0.34999654, 0.34999794, 0.34999892, 0.34999979, 0.34999976, 0.34994271, 0.34999275, 0.34999806, 0.34997985, 0.34970000, 0.99997205
0.35600001, 1.0000000, 1.0000000, 9.9999990, 9.9999990, 9.9999990, 9.9999990, 9.9999990, 9.9999990, 19.999998, 19.999998, 19.999998, 19.996996, 0.34999999, 0.34999999, 0.34999999, 0.34999999, 0.34999999, 0.34999999, 0.34999999, 0.34999999, 0.34999999, 0.34998497, 1.0000000
0.33108324, 1.0000000, 0.90972191, 8.5488472, 9.5478182, 9.7414923, 9.9281845, 9.9631100, 9.9865856, 19.999081, 19.999760, 19.999769, 19.978153, 0.33548847, 0.34547818, 0.34741491, 0.34928185, 0.34963110, 0.34986585, 0.34999540, 0.34999880, 0.34999883, 0.34989077, 0.90972191
0.32099694, 1.0000000, 0.87317735, 7.9306831, 9.4182520, 9.6416111, 9.8647690, 9.9273062, 9.9721889, 19.997810, 19.999432, 19.998343, 19.955519, 0.32930684, 0.34418252, 0.34641612, 0.34864768, 0.34927306, 0.34972188, 0.34998906, 0.34999716, 0.34999171, 0.34977758, 0.87317735
0.30422717, 1.0000000, 0.81241727, 6.7168264, 9.4239855, 9.6343336, 9.8337774, 9.9060612, 9.9617720, 19.996691, 19.999144, 19.994675, 19.935150, 0.31716827, 0.34423986, 0.34634334, 0.34833777, 0.34906060, 0.34961772, 0.34998345, 0.34999573, 0.34997338, 0.34967574, 0.81241727
0.29509780, 1.0000000, 0.77933979, 5.9811912, 9.5209684, 9.6872330, 9.8363647, 9.9031649, 9.9575596, 19.995584, 19.998789, 19.988186, 19.917732, 0.30981192, 0.34520969, 0.34687233, 0.34836364, 0.34903166, 0.34957558, 0.34997791, 0.34999394, 0.34994093, 0.34958866, 0.77933979
0.27392071, 1.0000000, 0.70261121, 4.5492916, 9.3922739, 9.6100140, 9.8085232, 9.8854666, 9.9486704, 19.994678, 19.998232, 19.978846, 19.903423, 0.29549292, 0.34392273, 0.34610015, 0.34808522, 0.34885466, 0.34948671, 0.34997338, 0.34999114, 0.34989423, 0.34951711, 0.70261121
0.24953769, 1.0000000, 0.61426699, 2.9781728, 9.0852098, 9.5796690, 9.7837191, 9.8686838, 9.9391575, 19.993057, 19.996960, 19.967049, 19.892050, 0.27978033, 0.34084952, 0.34579536, 0.34783691, 0.34868670, 0.34939152, 0.34996527, 0.34998479, 0.34983525, 0.34946024, 0.61426699
0.26472187, 1.0000000, 0.66928214, 3.8534431, 9.4095621, 9.6734867, 9.8125582, 9.8816814, 9.9420109, 19.992865, 19.995056, 19.953739, 19.883333, 0.28853345, 0.34409416, 0.34673414, 0.34812543, 0.34881672, 0.34942007, 0.34996432, 0.34997529, 0.34976870, 0.34941667, 0.66928214
0.27901316, 1.0000000, 0.72106212, 4.7578554, 9.5958509, 9.7309160, 9.8380632, 9.8951273, 9.9462900, 19.992714, 19.991701, 19.939827, 19.876757, 0.29757854, 0.34595850, 0.34730917, 0.34838063, 0.34895128, 0.34946290, 0.34996358, 0.34995851, 0.34969914, 0.34938377, 0.72106212
0.26664907, 1.0000000, 0.67626470, 3.9134421, 9.5291262, 9.6933308, 9.8348999, 9.8941441, 9.9459267, 19.992334, 19.986393, 19.926201, 19.871859, 0.28913441, 0.34529126, 0.34693331, 0.34834900, 0.34894145, 0.34945926, 0.34996167, 0.34993196, 0.34963101, 0.34935930, 0.67626470
0.27070457, 1.0000000, 0.69095862, 4.2669220, 9.4553185, 9.6468163, 9.8174391, 9.8848314, 9.9420891, 19.991322, 19.978865, 19.913570, 19.868269, 0.29266924, 0.34455317, 0.34646815, 0.34817439, 0.34884831, 0.34942091, 0.34995660, 0.34989432, 0.34956786, 0.34934133, 0.69095862
0.24960914, 1.0000000, 0.61452585, 2.9421329, 9.1650314, 9.5596466, 9.7729073, 9.8594522, 9.9311628, 19.988932, 19.969067, 19.902361, 19.865623, 0.27942133, 0.34165031, 0.34559646, 0.34772909, 0.34859452, 0.34931162, 0.34994465, 0.34984535, 0.34951180, 0.34932810, 0.61452585
0.25112987, 1.0000000, 0.62003577, 2.9704392, 9.2510452, 9.6530495, 9.8027210, 9.8737593, 9.9355860, 19.987345, 19.958029, 19.892931, 19.863735, 0.27970439, 0.34251046, 0.34653050, 0.34802720, 0.34873760, 0.34935588, 0.34993672, 0.34979016, 0.34946465, 0.34931868, 0.62003577
0.23006168, 1.0000000, 0.54370171, 2.3877888, 7.7417283, 9.5382004, 9.7605886, 9.8504772, 9.9259300, 19.983469, 19.945683, 19.885107, 19.862402, 0.27387530, 0.32741222, 0.34537888, 0.34760526, 0.34850445, 0.34925920, 0.34991735, 0.34972841, 0.34942552, 0.34931201, 0.54370171
0.21059066, 1.0000000, 0.47315457, 1.8952519, 6.2298779, 9.5053387, 9.7372351, 9.8355865, 9.9185801, 19.978313, 19.933054, 19.878868, 19.861414, 0.26895186, 0.31229746, 0.34505236, 0.34737214, 0.34835577, 0.34918576, 0.34989157, 0.34966528, 0.34939435, 0.34930706, 0.47315457
0.19061747, 1.0000000, 0.40078795, 1.4313251, 4.6101427, 9.4728680, 9.7131491, 9.8197842, 9.9104433, 19.971615, 19.920826, 19.873941, 19.860708, 0.26431325, 0.29610142, 0.34472868, 0.34713149, 0.34819785, 0.34910443, 0.34985808, 0.34960413, 0.34936970, 0.34930354, 0.40078795
0.17777374, 1.0000000, 0.35425270, 1.1453569, 3.5046883, 9.5305634, 9.7307463, 9.8273401, 9.9108372, 19.963057, 19.909477, 19.870115, 19.860203, 0.26145336, 0.28504652, 0.34530511, 0.34730738, 0.34827334, 0.34910834, 0.34981528, 0.34954739, 0.34935057, 0.34930101, 0.35425270
0.16704360, 1.0000000, 0.31537536, 0.86409450, 2.8791280, 9.1324263, 9.7299843, 9.8263969, 9.9086285, 19.952690, 19.899351, 19.867216, 19.859852, 0.25863636, 0.27878210, 0.34130973, 0.34729674, 0.34826240, 0.34908575, 0.34976345, 0.34949675, 0.34933609, 0.34929925, 0.31537536
0.16057163, 0.97298992, 0.29192618, 0.70017576, 2.6332469, 8.6032038, 9.7453337, 9.8344088, 9.9102192, 19.942024, 19.890827, 19.865067, 19.859581, 0.25699773, 0.27632341, 0.33601722, 0.34744996, 0.34834239, 0.34910163, 0.34971011, 0.34945413, 0.34932533, 0.34929791, 0.29192618
0.15460330, 0.90091604, 0.27030185, 0.55836141, 2.4014533, 8.0961962, 9.7503319, 9.8372269, 9.9097347, 19.930885, 19.883768, 19.863441, 19.859421, 0.25558034, 0.27400607, 0.33094770, 0.34749988, 0.34837055, 0.34909675, 0.34965444, 0.34941885, 0.34931719, 0.34929711, 0.27030185
0.14835292, 0.82543582, 0.24765551, 0.41498542, 2.1557212, 7.5579786, 9.7435293, 9.8331413, 9.9059677, 19.919682, 19.877996, 19.862228, 19.859299, 0.25414690, 0.27154797, 0.32556358, 0.34743112, 0.34832931, 0.34905896, 0.34959841, 0.34938997, 0.34931114, 0.34929651, 0.24765551
0.14123665, 0.73949909, 0.22187193, 0.25761724, 1.8731266, 6.9328814, 9.7221518, 9.8201227, 9.8979607, 19.908779, 19.873327, 19.861324, 19.859251, 0.25257483, 0.26872543, 0.31931800, 0.34721848, 0.34819970, 0.34897909, 0.34954390, 0.34936664, 0.34930661, 0.34929627, 0.22187193
0.13316409, 0.64201421, 0.19262353, 0.85937977E-1, 1.5552253, 6.1983833, 9.6927547, 9.8010788, 9.8866186, 19.898424, 19.869564, 19.860640, 19.859211, 0.25085899, 0.26554790, 0.31197512, 0.34692484, 0.34800941, 0.34886572, 0.34949213, 0.34934783, 0.34930319, 0.34929606, 0.19262353
0.12657407, 0.56243253, 0.16874664, 0.0000000, 1.2802035, 5.4493446, 9.6745939, 9.7877407, 9.8775568, 19.889870, 19.866751, 19.860136, 19.859194, 0.24999465, 0.26279527, 0.30447906, 0.34674084, 0.34787482, 0.34877470, 0.34944934, 0.34933376, 0.34930068, 0.34929597, 0.16874664
0.19093499, 1.0000000, 0.40193838, 2.1716595, 3.8089004, 8.6893616, 9.7351837, 9.8188782, 9.8861094, 19.883635, 19.864840, 19.859854, 19.859194, 0.27170378, 0.28807551, 0.33687821, 0.34734839, 0.34818706, 0.34886050, 0.34941816, 0.34932420, 0.34929925, 0.34929597, 0.40193838
0.24381892, 1.0000000, 0.59354681, 2.8189774, 8.6685228, 9.5647707, 9.7846460, 9.8463249, 9.8943596, 19.878441, 19.863394, 19.859657, 19.859194, 0.27818978, 0.33668524, 0.34564769, 0.34784645, 0.34846324, 0.34894359, 0.34939221, 0.34931695, 0.34929830, 0.34929597, 0.59354681
0.23479487, 1.0000000, 0.56085098, 2.9490857, 7.3726163, 9.5504684, 9.7564192, 9.8321056, 9.8871927, 19.873095, 19.862032, 19.859489, 19.859169, 0.27949086, 0.32372618, 0.34550470, 0.34756419, 0.34832105, 0.34887192, 0.34936547, 0.34931016, 0.34929746, 0.34929585, 0.56085098
0.21784745, 1.0000000, 0.49944729, 2.4632275, 6.1398277, 9.5457230, 9.7437487, 9.8240013, 9.8821363, 19.868923, 19.861031, 19.859394, 19.859152, 0.27463201, 0.31139785, 0.34545690, 0.34743744, 0.34823999, 0.34882137, 0.34934461, 0.34930515, 0.34929699, 0.34929577, 0.49944729
0.20481461, 1.0000000, 0.45222685, 2.1041961, 5.1521897, 9.5732613, 9.7489157, 9.8252764, 9.8805990, 19.865606, 19.860285, 19.859312, 19.859127, 0.27103567, 0.30151269, 0.34572408, 0.34748739, 0.34825191, 0.34880570, 0.34932804, 0.34930143, 0.34929657, 0.34929565, 0.45222685
0.20252472, 1.0000000, 0.44393009, 2.0831914, 4.8322263, 9.7141924, 9.8012457, 9.8525257, 9.8893156, 19.864048, 19.860008, 19.859312, 19.859127, 0.27082872, 0.29831779, 0.34713745, 0.34801155, 0.34852481, 0.34889302, 0.34932023, 0.34930003, 0.34929657, 0.34929565, 0.44393009
0.20086560, 1.0000000, 0.43791881, 2.0612776, 4.6394706, 9.7645798, 9.8297625, 9.8680372, 9.8940191, 19.862860, 19.859806, 19.859312, 19.859127, 0.27060956, 0.29639038, 0.34764123, 0.34829670, 0.34867993, 0.34894004, 0.34931430, 0.34929901, 0.34929657, 0.34929565, 0.43791881
0.19793677, 1.0000000, 0.42730719, 1.9947648, 4.4037418, 9.7488813, 9.8366880, 9.8720818, 9.8948040, 19.861975, 19.859659, 19.859312, 19.859127, 0.26994392, 0.29403245, 0.34748334, 0.34836578, 0.34872025, 0.34894785, 0.34930986, 0.34929830, 0.34929657, 0.34929565, 0.42730719
0.18518889, 1.0000000, 0.38111916, 1.6246438, 3.5774167, 9.5712767, 9.7773705, 9.8410091, 9.8831863, 19.860371, 19.859320, 19.859240, 19.859110, 0.26624304, 0.28576967, 0.34570676, 0.34777248, 0.34840947, 0.34883165, 0.34930184, 0.34929660, 0.34929621, 0.34929556, 0.38111916
0.17306861, 1.0000000, 0.33720511, 1.2676328, 2.9151678, 9.1708946, 9.7386618, 9.8187428, 9.8744984, 19.858929, 19.858994, 19.859144, 19.859087, 0.26267025, 0.27914330, 0.34169576, 0.34738383, 0.34818602, 0.34874451, 0.34929463, 0.34929496, 0.34929574, 0.34929544, 0.33720511
0.16315252, 1.0000000, 0.30127725, 0.97396672, 2.5645137, 8.4665079, 9.7180891, 9.8057756, 9.8692093, 19.858030, 19.858757, 19.859070, 19.859076, 0.25972873, 0.27562788, 0.33463660, 0.34717438, 0.34805444, 0.34869099, 0.34929016, 0.34929377, 0.34929535, 0.34929538, 0.30127725
0.15446600, 0.89925790, 0.26980436, 0.73875785, 2.2531838, 7.7775540, 9.7091246, 9.7995014, 9.8664083, 19.857466, 19.858599, 19.859011, 19.859058, 0.25737777, 0.27251390, 0.32774460, 0.34708354, 0.34799111, 0.34866276, 0.34928733, 0.34929299, 0.34929505, 0.34929529, 0.26980436
0.14635669, 0.80132908, 0.24042277, 0.54478943, 1.9538462, 7.0635428, 9.6964025, 9.7918034, 9.8633709, 19.857201, 19.858562, 19.858963, 19.859045, 0.25544259, 0.26952705, 0.32061481, 0.34695837, 0.34791517, 0.34863275, 0.34928602, 0.34929281, 0.34929481, 0.34929523, 0.24042277
0.13814281, 0.70213753, 0.21066232, 0.36455393, 1.6483456, 6.2939515, 9.6773663, 9.7804890, 9.8588705, 19.856880, 19.858484, 19.858904, 19.859028, 0.25364289, 0.26647621, 0.31292573, 0.34676942, 0.34780276, 0.34858799, 0.34928441, 0.34929243, 0.34929451, 0.34929514, 0.21066232
0.13063790, 0.61150765, 0.18347065, 0.21442473, 1.3720453, 5.5347681, 9.6653070, 9.7727871, 9.8555174, 19.856539, 19.858398, 19.858839, 19.859011, 0.25214368, 0.26371831, 0.30534336, 0.34665155, 0.34772709, 0.34855491, 0.34928268, 0.34929198, 0.34929419, 0.34929505, 0.18347065
0.16370766, 1.0000000, 0.30328861, 2.1696239, 2.3015528, 5.1320443, 9.7220373, 9.8034658, 9.8667936, 19.857103, 19.858540, 19.858839, 19.859011, 0.27169320, 0.27301359, 0.30131829, 0.34721956, 0.34803423, 0.34866777, 0.34928551, 0.34929270, 0.34929419, 0.34929505, 0.30328861
0.19154191, 1.0000000, 0.40413731, 2.6542902, 2.9107242, 9.0037642, 9.7828007, 9.8376284, 9.8794241, 19.857489, 19.858566, 19.858833, 19.859011, 0.27654290, 0.27910724, 0.34003764, 0.34782800, 0.34837627, 0.34879425, 0.34928745, 0.34929281, 0.34929416, 0.34929505, 0.40413731
0.18416122, 1.0000000, 0.37739572, 2.3604126, 2.7166338, 8.5914564, 9.7720919, 9.8341398, 9.8787766, 19.857571, 19.858566, 19.858828, 19.859005, 0.27360383, 0.27716613, 0.33591422, 0.34772083, 0.34834138, 0.34878775, 0.34928787, 0.34929281, 0.34929413, 0.34929502, 0.37739572
0.17446581, 1.0000000, 0.34226742, 1.9798160, 2.4543703, 8.0513897, 9.7475424, 9.8216391, 9.8745098, 19.857374, 19.858423, 19.858805, 19.858992, 0.26979405, 0.27454066, 0.33050889, 0.34747419, 0.34821579, 0.34874490, 0.34928685, 0.34929210, 0.34929401, 0.34929496, 0.34226742
0.16443105, 1.0000000, 0.30590960, 1.6026706, 2.1764636, 7.4436383, 9.7260647, 9.8095636, 9.8701048, 19.857101, 19.858324, 19.858768, 19.858980, 0.26602671, 0.27176464, 0.32443637, 0.34726065, 0.34809563, 0.34870106, 0.34928551, 0.34929162, 0.34929383, 0.34929490, 0.30590960
0.15630211, 0.92143089, 0.27645692, 1.3109803, 1.9506902, 6.9044867, 9.7244692, 9.8079185, 9.8691540, 19.856783, 19.858267, 19.858757, 19.858963, 0.26310980, 0.26950690, 0.31904486, 0.34724468, 0.34807917, 0.34869152, 0.34928390, 0.34929132, 0.34929377, 0.34929481, 0.27645692
0.14877254, 0.83050299, 0.24917582, 1.0545254, 1.7379612, 6.3708272, 9.7216730, 9.8059473, 9.8682127, 19.856537, 19.858213, 19.858702, 19.858952, 0.26053977, 0.26737419, 0.31369832, 0.34721369, 0.34805796, 0.34868163, 0.34928268, 0.34929106, 0.34929350, 0.34929475, 0.24917582
0.14279702, 0.75834239, 0.22752547, 0.86943209, 1.5661597, 5.8880429, 9.7247610, 9.8075304, 9.8688583, 19.856655, 19.858242, 19.858690, 19.858946, 0.25868812, 0.26565489, 0.30886784, 0.34724346, 0.34807321, 0.34868786, 0.34928328, 0.34929121, 0.34929344, 0.34929472, 0.22752547
0.13644360, 0.68161774, 0.20450577, 0.67636073, 1.3785869, 5.3710227, 9.7143936, 9.8018808, 9.8668013, 19.856583, 19.858217, 19.858662, 19.858934, 0.25676244, 0.26378444, 0.30370745, 0.34714296, 0.34801832, 0.34866783, 0.34928292, 0.34929109, 0.34929329, 0.34929466, 0.20450577
0.12974149, 0.60068262, 0.18022281, 0.48499107, 1.1771828, 4.7989264, 9.6952715, 9.7909956, 9.8626785, 19.856373, 19.858152, 19.858662, 19.858923, 0.25484782, 0.26176879, 0.29798308, 0.34695020, 0.34790871, 0.34862638, 0.34928185, 0.34929076, 0.34929329, 0.34929460, 0.18022281
0.12352121, 0.52556580, 0.15768552, 0.32451451, 0.98923445, 4.2131329, 9.6815271, 9.7825871, 9.8593035, 19.856216, 19.858093, 19.858662, 19.858923, 0.25324148, 0.25988564, 0.29211706, 0.34680873, 0.34782258, 0.34859192, 0.34928107, 0.34929046, 0.34929329, 0.34929460, 0.15768552
0.11745402, 0.45229793, 0.13570295, 0.18382370, 0.80351532, 3.5932429, 9.6618252, 9.7708416, 9.8546200, 19.855995, 19.858046, 19.858614, 19.858923, 0.25183555, 0.25802812, 0.28591669, 0.34660977, 0.34770411, 0.34854478, 0.34927997, 0.34929022, 0.34929305, 0.34929460, 0.13570295
0.11267736, 0.39461464, 0.11839623, 0.10574758, 0.65720379, 2.9965608, 9.6528368, 9.7649899, 9.8522959, 19.856230, 19.858088, 19.858614, 19.858923, 0.25105464, 0.25656149, 0.27994156, 0.34651285, 0.34764206, 0.34852034, 0.34928113, 0.34929043, 0.34929305, 0.34929460, 0.11839623
0.10983634, 0.36030626, 0.10810269, 0.53641200E-1, 0.54615140, 2.7612658, 9.3641605, 9.7680902, 9.8533278, 19.856419, 19.858130, 19.858614, 19.858923, 0.25053534, 0.25545496, 0.27759612, 0.34363037, 0.34767506, 0.34853131, 0.34928209, 0.34929064, 0.34929305, 0.34929460, 0.10810269
0.10703070, 0.32642519, 0.97937353E-1, 0.40680170E-2, 0.43933690, 2.5215864, 9.0636883, 9.7637482, 9.8517303, 19.856464, 19.858135, 19.858614, 19.858923, 0.25004062, 0.25438941, 0.27520445, 0.34062868, 0.34763306, 0.34851581, 0.34928232, 0.34929067, 0.34929305, 0.34929460, 0.97937353E-1
0.10498244, 0.30169007, 0.90516075E-1, 0.0000000, 0.34662783, 2.2885144, 8.7525444, 9.7580309, 9.8495235, 19.856548, 19.858147, 19.858614, 19.858923, 0.24999976, 0.25346294, 0.27287409, 0.33751696, 0.34757560, 0.34849367, 0.34928274, 0.34929073, 0.34929305, 0.34929460, 0.90516075E-1
0.10320805, 0.28026247, 0.84087148E-1, 0.0000000, 0.26982427, 2.0763307, 8.4421215, 9.7562685, 9.8486919, 19.856625, 19.858164, 19.858614, 19.858923, 0.24999976, 0.25269449, 0.27074882, 0.33440945, 0.34755588, 0.34848464, 0.34928313, 0.34929082, 0.34929305, 0.34929460, 0.84087148E-1
0.10201103, 0.26580712, 0.79750113E-1, 0.0000000, 0.22636950, 1.9260377, 8.1793575, 9.7692509, 9.8535929, 19.856949, 19.858265, 19.858614, 19.858923, 0.24999976, 0.25225905, 0.26924062, 0.33177680, 0.34768251, 0.34853256, 0.34928474, 0.34929132, 0.34929305, 0.34929460, 0.79750113E-1
0.11247845, 0.39221263, 0.11767556, 0.79857111, 0.20776987, 1.8584460, 8.0104256, 9.7990952, 9.8649645, 19.857285, 19.858292, 19.858614, 19.858923, 0.25798199, 0.25207710, 0.26858187, 0.33010203, 0.34798959, 0.34864920, 0.34928644, 0.34929144, 0.34929305, 0.34929460, 0.11767556
0.11646919, 0.44040516, 0.13213477, 1.1738539, 0.16580820, 1.7046034, 7.7660813, 9.7806702, 9.8590279, 19.857332, 19.858286, 19.858614, 19.858923, 0.26173854, 0.25165808, 0.26704603, 0.32766080, 0.34780669, 0.34859028, 0.34928668, 0.34929144, 0.34929305, 0.34929460, 0.13213477
0.11461011, 0.41795465, 0.12539893, 1.0668457, 0.15660226, 1.6566545, 7.6213484, 9.8094482, 9.8695250, 19.857618, 19.858292, 19.858614, 19.858923, 0.26066777, 0.25156596, 0.26656622, 0.32621318, 0.34809431, 0.34869519, 0.34928811, 0.34929144, 0.34929305, 0.34929460, 0.12539893
0.11021754, 0.36490968, 0.10948385, 0.81551373, 0.13104975, 1.5312225, 7.4035611, 9.7901335, 9.8631973, 19.857790, 19.858292, 19.858614, 19.858923, 0.25815213, 0.25131020, 0.26531053, 0.32403398, 0.34790027, 0.34863162, 0.34928894, 0.34929144, 0.34929305, 0.34929460, 0.10948385
0.10588028, 0.31253251, 0.93769133E-1, 0.57805479, 0.10240078, 1.3873696, 7.1408143, 9.7687349, 9.8552580, 19.857790, 19.858292, 19.858614, 19.858923, 0.25577766, 0.25102371, 0.26387161, 0.32140601, 0.34768590, 0.34855211, 0.34928894, 0.34929144, 0.34929305, 0.34929460, 0.93769133E-1
0.10113572, 0.25523672, 0.76578669E-1, 0.33631623, 0.74371696E-1, 1.1844635, 6.7534046, 9.7266531, 9.8385115, 19.857937, 19.858292, 19.858614, 19.858923, 0.25336254, 0.25074363, 0.26184398, 0.31753328, 0.34726599, 0.34838495, 0.34928969, 0.34929144, 0.34929305, 0.34929460, 0.76578669E-1
0.99923849E-1, 0.24060209, 0.72187848E-1, 0.28252602, 0.67022443E-1, 1.1246383, 6.5333986, 9.7709017, 9.8540773, 19.858042, 19.858292, 19.858614, 19.858923, 0.25282496, 0.25067019, 0.26124603, 0.31533358, 0.34770867, 0.34854066, 0.34929019, 0.34929144, 0.34929305, 0.34929460, 0.72187848E-1
0.10547139, 0.30759472, 0.92287645E-1, 0.74803531, 0.49450994E-1, 1.0077626, 6.2518806, 9.7553558, 9.8489599, 19.857990, 19.858292, 19.858614, 19.858923, 0.25747576, 0.25049433, 0.26007578, 0.31251651, 0.34755176, 0.34848899, 0.34928995, 0.34929144, 0.34929305, 0.34929460, 0.92287645E-1
0.14535844, 0.78927416, 0.23680593, 2.3260565, 2.2802801, 0.95769465, 6.0671144, 9.7871113, 9.8604708, 19.857771, 19.858276, 19.858614, 19.858923, 0.27324873, 0.27279586, 0.25957549, 0.31066930, 0.34786963, 0.34860420, 0.34928885, 0.34929138, 0.34929305, 0.34929460, 0.23680593
0.13584974, 0.67444628, 0.20235412, 1.8432558, 1.9890487, 0.88811815, 5.8754072, 9.7870989, 9.8609838, 19.857418, 19.858217, 19.858614, 19.858923, 0.26842713, 0.26988697, 0.25888041, 0.30875304, 0.34787014, 0.34860954, 0.34928709, 0.34929109, 0.34929305, 0.34929460, 0.20235412
0.13578446, 0.67365789, 0.20211759, 2.0434618, 1.7039269, 0.81673861, 5.6727276, 9.7821541, 9.8593483, 19.857235, 19.858229, 19.858614, 19.858923, 0.27042788, 0.26703590, 0.25816658, 0.30672616, 0.34782058, 0.34859315, 0.34928617, 0.34929115, 0.34929305, 0.34929460, 0.20211759
0.12711997, 0.56902486, 0.17072454, 1.5885234, 1.4666915, 0.75325966, 5.4744201, 9.7816439, 9.8591318, 19.857130, 19.858248, 19.858614, 19.858923, 0.26588142, 0.26466480, 0.25753206, 0.30474341, 0.34781572, 0.34859109, 0.34928566, 0.34929124, 0.34929305, 0.34929460, 0.17072454
0.11956748, 0.47782037, 0.14336045, 1.2048602, 1.2486100, 0.68607032, 5.2760620, 9.7813711, 9.8586473, 19.856653, 19.858124, 19.858566, 19.858923, 0.26204011, 0.26248083, 0.25685924, 0.30275840, 0.34781167, 0.34858578, 0.34928328, 0.34929061, 0.34929281, 0.34929460, 0.14336045
0.11399283, 0.41050038, 0.12316243, 0.93056858, 1.0779023, 0.63095987, 5.0914488, 9.7851181, 9.8599319, 19.856453, 19.858076, 19.858566, 19.858923, 0.25929913, 0.26077446, 0.25630826, 0.30091235, 0.34784913, 0.34859863, 0.34928226, 0.34929037, 0.34929281, 0.34929460, 0.12316243
0.10825817, 0.34124815, 0.10238469, 0.65526068, 0.89718401, 0.56515038, 4.8981299, 9.7825947, 9.8585911, 19.855793, 19.857916, 19.858555, 19.858923, 0.25654408, 0.25896484, 0.25564930, 0.29897749, 0.34782213, 0.34858462, 0.34927896, 0.34928960, 0.34929278, 0.34929460, 0.10238469
0.10331254, 0.28152433, 0.84465750E-1, 0.42756796, 0.73101223, 0.50125420, 4.6980295, 9.7773352, 9.8563757, 19.855322, 19.857836, 19.858566, 19.858923, 0.25427005, 0.25730437, 0.25501058, 0.29697660, 0.34776950, 0.34856248, 0.34927660, 0.34928918, 0.34929281, 0.34929460, 0.84465750E-1
0.99071488E-1, 0.23030901, 0.69099613E-1, 0.24415553, 0.57711899, 0.43868721, 4.4837570, 9.7682762, 9.8528137, 19.855057, 19.857800, 19.858566, 19.858923, 0.25243852, 0.25576690, 0.25438523, 0.29483423, 0.34767914, 0.34852692, 0.34927529, 0.34928900, 0.34929281, 0.34929460, 0.69099613E-1
0.95674634E-1, 0.18928829, 0.56792166E-1, 0.10716617, 0.44620633, 0.38117468, 4.2640319, 9.7629328, 9.8505449, 19.854910, 19.857794, 19.858566, 19.858923, 0.25106958, 0.25445688, 0.25380954, 0.29263538, 0.34762365, 0.34850353, 0.34927455, 0.34928897, 0.34929281, 0.34929460, 0.56792166E-1
0.93035355E-1, 0.15741612, 0.47229562E-1, 0.71704388E-2, 0.34039319, 0.33075213, 4.0501547, 9.7634420, 9.8505154, 19.854864, 19.857794, 19.858566, 19.858923, 0.25007153, 0.25339884, 0.25330505, 0.29049549, 0.34762713, 0.34850270, 0.34927434, 0.34928897, 0.34929281, 0.34929460, 0.47229562E-1
0.91629446E-1, 0.14043821, 0.42135678E-1, 0.0000000, 0.23291111, 0.27494431, 3.8255486, 9.7577419, 9.8480654, 19.854496, 19.857706, 19.858555, 19.858923, 0.24999911, 0.25232634, 0.25274780, 0.28825092, 0.34757161, 0.34847867, 0.34927249, 0.34928852, 0.34929278, 0.34929460, 0.42135678E-1
0.90332501E-1, 0.12477618, 0.37436597E-1, 0.0000000, 0.13038814, 0.21637082, 3.5825489, 9.7469015, 9.8435106, 19.854019, 19.857563, 19.858545, 19.858923, 0.24999911, 0.25130206, 0.25216219, 0.28582048, 0.34746224, 0.34843281, 0.34927011, 0.34928781, 0.34929273, 0.34929460, 0.37436597E-1
0.89213356E-1, 0.11126129, 0.33381727E-1, 0.0000000, 0.50085783E-1, 0.16287863, 3.3105643, 9.7287779, 9.8361816, 19.853796, 19.857517, 19.858555, 19.858923, 0.24999911, 0.25050008, 0.25162753, 0.28310055, 0.34728029, 0.34835929, 0.34926897, 0.34928757, 0.34929278, 0.34929460, 0.33381727E-1
0.88367790E-1, 0.10105021, 0.30318094E-1, 0.0000000, 0.0000000, 0.11877120, 3.0172956, 9.7153416, 9.8303843, 19.853901, 19.857540, 19.858561, 19.858923, 0.24999911, 0.24999975, 0.25118691, 0.28016880, 0.34714675, 0.34830159, 0.34926951, 0.34928769, 0.34929281, 0.34929460, 0.30318094E-1
0.87972805E-1, 0.96280299E-1, 0.28886979E-1, 0.0000000, 0.0000000, 0.73790550E-1, 2.8843613, 9.4817505, 9.8195190, 19.853815, 19.857529, 19.858561, 19.858923, 0.24999911, 0.24999975, 0.25073701, 0.27883664, 0.34480605, 0.34819123, 0.34926909, 0.34928763, 0.34929281, 0.34929460, 0.28886979E-1
0.87742738E-1, 0.93502030E-1, 0.28053414E-1, 0.0000000, 0.0000000, 0.51623583E-1, 2.8099000, 9.2928295, 9.8284473, 19.854321, 19.857670, 19.858566, 19.858923, 0.24999911, 0.24999975, 0.25051570, 0.27809328, 0.34291881, 0.34828115, 0.34927160, 0.34928834, 0.34929281, 0.34929460, 0.28053414E-1
0.87525137E-1, 0.90874247E-1, 0.27265001E-1, 0.0000000, 0.0000000, 0.36332011E-1, 2.7263851, 9.0871639, 9.8276405, 19.854969, 19.857841, 19.858566, 19.858923, 0.24999911, 0.24999975, 0.25036296, 0.27725840, 0.34086254, 0.34827313, 0.34927484, 0.34928921, 0.34929281, 0.34929460, 0.27265001E-1
0.87284476E-1, 0.87967947E-1, 0.26393024E-1, 0.0000000, 0.0000000, 0.20909309E-1, 2.6298194, 8.8555832, 9.8216162, 19.855404, 19.857977, 19.858566, 19.858923, 0.24999911, 0.24999975, 0.25020882, 0.27629158, 0.33854473, 0.34821206, 0.34927702, 0.34928989, 0.34929281, 0.34929460, 0.26393024E-1
0.87093249E-1, 0.85658737E-1, 0.25700191E-1, 0.0000000, 0.0000000, 0.10952353E-1, 2.5503845, 8.6498280, 9.8241825, 19.855871, 19.858070, 19.858566, 19.858923, 0.24999911, 0.24999975, 0.25010946, 0.27550045, 0.33649251, 0.34823966, 0.34927934, 0.34929034, 0.34929281, 0.34929460, 0.25700191E-1
0.10607293, 0.31485900, 0.94467148E-1, 1.3780057, 0.0000000, 0.10800362E-1, 2.5429935, 8.5761995, 9.8557453, 19.856537, 19.858212, 19.858566, 19.858923, 0.26377684, 0.24999975, 0.25010800, 0.27542958, 0.33576140, 0.34855720, 0.34928268, 0.34929106, 0.34929281, 0.34929460, 0.94467148E-1
0.10863902, 0.34584728, 0.10376456, 1.5650898, 0.0000000, 0.10785460E-1, 2.5416880, 8.5304127, 9.8738756, 19.857067, 19.858292, 19.858566, 19.858923, 0.26564905, 0.24999975, 0.25010785, 0.27541670, 0.33530384, 0.34873864, 0.34928533, 0.34929144, 0.34929281, 0.34929460, 0.10376456
0.11364964, 0.40635601, 0.12191900, 1.9293875, 0.0000000, 0.10734797E-1, 2.5388837, 8.4903965, 9.8829441, 19.857431, 19.858292, 19.858566, 19.858923, 0.26929286, 0.24999975, 0.25010735, 0.27538875, 0.33490381, 0.34882939, 0.34928715, 0.34929144, 0.34929281, 0.34929460, 0.12191900
0.11275089, 0.39550257, 0.11866264, 1.8663794, 0.0000000, 0.10633469E-1, 2.5338321, 8.4502602, 9.8870430, 19.857714, 19.858292, 19.858566, 19.858923, 0.26865661, 0.24999975, 0.25010633, 0.27533773, 0.33450162, 0.34887004, 0.34928858, 0.34929144, 0.34929281, 0.34929460, 0.11866264
0.11198108, 0.38620633, 0.11587349, 1.8121153, 0.0000000, 0.10541081E-1, 2.5293529, 8.4129238, 9.8897676, 19.857889, 19.858292, 19.858566, 19.858923, 0.26811269, 0.24999975, 0.25010541, 0.27529281, 0.33412805, 0.34889719, 0.34928945, 0.34929144, 0.34929281, 0.34929460, 0.11587349
0.11087524, 0.37285212, 0.11186682, 1.7335027, 0.0000000, 0.10406971E-1, 2.5226414, 8.3727398, 9.8902216, 19.858030, 19.858292, 19.858566, 19.858923, 0.26732779, 0.24999975, 0.25010407, 0.27522579, 0.33372635, 0.34890181, 0.34929016, 0.34929144, 0.34929281, 0.34929460, 0.11186682
0.10968892, 0.35852602, 0.10756857, 1.6494900, 0.0000000, 0.10249019E-1, 2.5151463, 8.3313379, 9.8901167, 19.858042, 19.858292, 19.858566, 19.858923, 0.26648557, 0.24999975, 0.25010246, 0.27515060, 0.33331198, 0.34890059, 0.34929019, 0.34929144, 0.34929281, 0.34929460, 0.10756857
0.10800003, 0.33813071, 0.10144936, 1.5299886, 0.0000000, 0.10016561E-1, 2.5038509, 8.2830696, 9.8880882, 19.858042, 19.858292, 19.858566, 19.858923, 0.26528397, 0.24999975, 0.25010014, 0.27503696, 0.33282810, 0.34887984, 0.34929019, 0.34929144, 0.34929281, 0.34929460, 0.10144936
0.10329704, 0.28133705, 0.84409557E-1, 1.1974633, 0.0000000, 0.0000000, 2.4651079, 8.2018318, 9.8770685, 19.856886, 19.858017, 19.858540, 19.858892, 0.26195487, 0.24999975, 0.24999918, 0.27464864, 0.33201426, 0.34876904, 0.34928444, 0.34929007, 0.34929270, 0.34929445, 0.84409557E-1
0.10140057, 0.25843513, 0.77538297E-1, 1.0629088, 0.0000000, 0.0000000, 2.4475665, 8.1376457, 9.8775349, 19.857151, 19.858141, 19.858566, 19.858892, 0.26061037, 0.24999975, 0.24999918, 0.27447307, 0.33137217, 0.34877363, 0.34928575, 0.34929070, 0.34929281, 0.34929445, 0.77538297E-1
0.99234678E-1, 0.23227963, 0.69690861E-1, 0.90825856, 0.0000000, 0.0000000, 2.4248779, 8.0647755, 9.8754005, 19.857319, 19.858240, 19.858566, 19.858892, 0.25907639, 0.24999975, 0.24999918, 0.27424780, 0.33064613, 0.34875330, 0.34928659, 0.34929121, 0.34929281, 0.34929445, 0.69690861E-1
0.99682227E-1, 0.23768434, 0.71312435E-1, 0.94499290, 0.0000000, 0.0000000, 2.4021120, 7.9972415, 9.8755693, 19.857042, 19.858206, 19.858566, 19.858875, 0.25943476, 0.24999975, 0.24999918, 0.27401879, 0.32996857, 0.34875411, 0.34928522, 0.34929103, 0.34929281, 0.34929436, 0.71312435E-1
0.98552689E-1, 0.22404392, 0.67219898E-1, 0.86520314, 0.0000000, 0.0000000, 2.3894696, 7.9398785, 9.8787661, 19.857397, 19.858292, 19.858566, 19.858875, 0.25864068, 0.24999975, 0.24999918, 0.27389282, 0.32939565, 0.34878638, 0.34928697, 0.34929144, 0.34929281, 0.34929436, 0.67219898E-1
0.97663783E-1, 0.21330939, 0.63999221E-1, 0.80216229, 0.0000000, 0.0000000, 2.3788095, 7.8881540, 9.8817034, 19.857643, 19.858292, 19.858566, 19.858875, 0.25801802, 0.24999975, 0.24999918, 0.27378744, 0.32888046, 0.34881660, 0.34928823, 0.34929144, 0.34929281, 0.34929436, 0.63999221E-1
0.94398297E-1, 0.17387514, 0.52167758E-1, 0.57144463, 0.0000000, 0.0000000, 2.3344696, 7.7821126, 9.8670073, 19.857424, 19.858234, 19.858566, 19.858875, 0.25571162, 0.24999975, 0.24999918, 0.27334401, 0.32781997, 0.34866959, 0.34928712, 0.34929118, 0.34929281, 0.34929436, 0.52167758E-1
0.89400314E-1, 0.11351899, 0.34059104E-1, 0.22197068, 0.0000000, 0.0000000, 2.2335620, 7.5728307, 9.8328829, 19.856487, 19.858021, 19.858551, 19.858875, 0.25221676, 0.24999975, 0.24999918, 0.27233383, 0.32572529, 0.34832752, 0.34928244, 0.34929010, 0.34929276, 0.34929436, 0.34059104E-1
0.86222686E-1, 0.75145744E-1, 0.22545978E-1, 0.10320544E-1, 0.0000000, 0.0000000, 2.0862579, 7.2508678, 9.7940073, 19.855616, 19.857821, 19.858540, 19.858856, 0.25010303, 0.24999975, 0.24999918, 0.27086052, 0.32250509, 0.34793848, 0.34927809, 0.34928912, 0.34929270, 0.34929428, 0.22545978E-1
0.85921250E-1, 0.71505576E-1, 0.21453818E-1, 0.0000000, 0.0000000, 0.0000000, 1.9973725, 7.0408602, 9.8097630, 19.853594, 19.857374, 19.858438, 19.858828, 0.24999812, 0.24999975, 0.24999918, 0.26996633, 0.32039559, 0.34809157, 0.34926796, 0.34928685, 0.34929219, 0.34929413, 0.21453818E-1
0.85748196E-1, 0.69415703E-1, 0.20826794E-1, 0.0000000, 0.0000000, 0.0000000, 1.8963516, 6.8236399, 9.8104696, 19.851419, 19.856850, 19.858318, 19.858805, 0.24999812, 0.24999975, 0.24999918, 0.26895869, 0.31822774, 0.34810051, 0.34925711, 0.34928423, 0.34929159, 0.34929401, 0.20826794E-1
0.85573025E-1, 0.67300335E-1, 0.20192120E-1, 0.0000000, 0.0000000, 0.0000000, 1.7959893, 6.6020942, 9.8084965, 19.849934, 19.856489, 19.858225, 19.858805, 0.24999812, 0.24999975, 0.24999918, 0.26795468, 0.31601137, 0.34808022, 0.34924966, 0.34928244, 0.34929112, 0.34929401, 0.20192120E-1
0.85392550E-1, 0.65120935E-1, 0.19538235E-1, 0.0000000, 0.0000000, 0.0000000, 1.6968399, 6.3660350, 9.8026552, 19.849415, 19.856361, 19.858194, 19.858805, 0.24999812, 0.24999975, 0.24999918, 0.26696417, 0.31365240, 0.34802246, 0.34924707, 0.34928182, 0.34929097, 0.34929401, 0.19538235E-1
0.85235678E-1, 0.63226528E-1, 0.18969856E-1, 0.0000000, 0.0000000, 0.0000000, 1.6173124, 6.1451120, 9.8034849, 19.850180, 19.856537, 19.858231, 19.858805, 0.24999812, 0.24999975, 0.24999918, 0.26617077, 0.31144667, 0.34803247, 0.34925091, 0.34928268, 0.34929115, 0.34929401, 0.18969856E-1
0.85060000E-1, 0.61104979E-1, 0.18333327E-1, 0.0000000, 0.0000000, 0.0000000, 1.5298188, 5.9002151, 9.7968225, 19.850878, 19.856726, 19.858288, 19.858805, 0.24999812, 0.24999975, 0.24999918, 0.26529062, 0.30898756, 0.34796014, 0.34925440, 0.34928364, 0.34929144, 0.34929401, 0.18333327E-1
0.89797609E-1, 0.11831675, 0.35498574E-1, 0.35668015, 0.0000000, 0.0000000, 1.4466822, 5.6647267, 9.7993498, 19.851007, 19.856785, 19.858301, 19.858805, 0.25355279, 0.24999975, 0.24999918, 0.26446342, 0.30664060, 0.34798965, 0.34925503, 0.34928393, 0.34929150, 0.34929401, 0.35498574E-1
0.85591994E-1, 0.67529455E-1, 0.20260863E-1, 0.60760975E-1, 0.0000000, 0.0000000, 1.3773561, 5.4738088, 9.8085299, 19.850613, 19.856684, 19.858284, 19.858805, 0.25060350, 0.24999975, 0.24999918, 0.26376799, 0.30472699, 0.34807864, 0.34925306, 0.34928343, 0.34929141, 0.34929401, 0.20260863E-1
0.84665723E-1, 0.56343727E-1, 0.16904809E-1, 0.0000000, 0.0000000, 0.0000000, 1.3356864, 5.3258171, 9.8244677, 19.851562, 19.856960, 19.858355, 19.858805, 0.24999522, 0.24999975, 0.24999918, 0.26335201, 0.30324847, 0.34823871, 0.34925783, 0.34928480, 0.34929177, 0.34929401, 0.16904809E-1
0.84584132E-1, 0.55358425E-1, 0.16609188E-1, 0.0000000, 0.0000000, 0.0000000, 1.2967050, 5.2021565, 9.8356266, 19.851887, 19.857014, 19.858389, 19.858805, 0.24999522, 0.24999975, 0.24999918, 0.26296407, 0.30201560, 0.34835252, 0.34925944, 0.34928507, 0.34929195, 0.34929401, 0.16609188E-1
0.84443793E-1, 0.53663634E-1, 0.16100701E-1, 0.0000000, 0.0000000, 0.0000000, 1.2186468, 5.0245171, 9.8199968, 19.850447, 19.856621, 19.858301, 19.858805, 0.24999522, 0.24999975, 0.24999918, 0.26218349, 0.30023903, 0.34819597, 0.34925222, 0.34928310, 0.34929150, 0.34929401, 0.16100701E-1
0.84289849E-1, 0.51804587E-1, 0.15542931E-1, 0.0000000, 0.0000000, 0.0000000, 1.1369586, 4.8215151, 9.8067150, 19.849487, 19.856379, 19.858219, 19.858805, 0.24999522, 0.24999975, 0.24999918, 0.26136422, 0.29820445, 0.34805992, 0.34924740, 0.34928191, 0.34929109, 0.34929401, 0.15542931E-1
0.84191218E-1, 0.50613493E-1, 0.15185567E-1, 0.0000000, 0.0000000, 0.0000000, 1.0902554, 4.6739006, 9.8212252, 19.849804, 19.856436, 19.858219, 19.858805, 0.24999522, 0.24999975, 0.24999918, 0.26088974, 0.29672357, 0.34820217, 0.34924865, 0.34928209, 0.34929106, 0.34929401, 0.15185567E-1
0.83997250E-1, 0.48271112E-1, 0.14482782E-1, 0.0000000, 0.0000000, 0.0000000, 0.97965002, 4.4336109, 9.7919331, 19.847029, 19.855701, 19.858047, 19.858768, 0.24999522, 0.24999975, 0.24999918, 0.25979227, 0.29432920, 0.34791443, 0.34923509, 0.34927848, 0.34929025, 0.34929383, 0.14482782E-1
0.83779871E-1, 0.45646090E-1, 0.13695197E-1, 0.0000000, 0.0000000, 0.0000000, 0.86736977, 4.1414104, 9.7667322, 19.845533, 19.855324, 19.858002, 19.858757, 0.24999522, 0.24999975, 0.24999918, 0.25866985, 0.29140750, 0.34766233, 0.34922761, 0.34927657, 0.34929001, 0.34929377, 0.13695197E-1
0.83589286E-1, 0.43344572E-1, 0.13004672E-1, 0.0000000, 0.0000000, 0.0000000, 0.78592598, 3.8454993, 9.7614250, 19.846710, 19.855631, 19.858120, 19.858757, 0.24999522, 0.24999975, 0.24999918, 0.25785658, 0.28844842, 0.34760869, 0.34923357, 0.34927815, 0.34929061, 0.34929377, 0.13004672E-1
0.83389513E-1, 0.40932056E-1, 0.12280845E-1, 0.0000000, 0.0000000, 0.0000000, 0.70047379, 3.5361545, 9.7520275, 19.847267, 19.855797, 19.858154, 19.858757, 0.24999522, 0.24999975, 0.24999918, 0.25700369, 0.28535894, 0.34751791, 0.34923634, 0.34927899, 0.34929079, 0.34929377, 0.12280845E-1
0.83206996E-1, 0.38727991E-1, 0.11619559E-1, 0.0000000, 0.0000000, 0.0000000, 0.62465966, 3.2466774, 9.7530174, 19.847631, 19.855913, 19.858171, 19.858757, 0.24999522, 0.24999975, 0.24999918, 0.25624543, 0.28246379, 0.34752721, 0.34923816, 0.34927958, 0.34929085, 0.34929377, 0.11619559E-1
0.83031215E-1, 0.36605202E-1, 0.10982659E-1, 0.0000000, 0.0000000, 0.0000000, 0.53902268, 2.9940903, 9.7501020, 19.845999, 19.855478, 19.858047, 19.858757, 0.24999522, 0.24999975, 0.24999918, 0.25538954, 0.27993900, 0.34749892, 0.34922999, 0.34927738, 0.34929025, 0.34929377, 0.10982659E-1
0.82857847E-1, 0.34511618E-1, 0.10354521E-1, 0.0000000, 0.0000000, 0.0000000, 0.43292642, 2.8514087, 9.5852232, 19.843145, 19.854717, 19.857861, 19.858709, 0.24999522, 0.24999975, 0.24999918, 0.25429752, 0.27849025, 0.34583452, 0.34921435, 0.34927323, 0.34928921, 0.34929350, 0.10354521E-1
0.82696527E-1, 0.32563556E-1, 0.97700441E-2, 0.0000000, 0.0000000, 0.0000000, 0.34262240, 2.6964216, 9.3965998, 19.842297, 19.854477, 19.857790, 19.858709, 0.24999522, 0.24999975, 0.24999918, 0.25342554, 0.27696157, 0.34396294, 0.34921148, 0.34927237, 0.34928894, 0.34929353, 0.97700441E-2
0.82607090E-1, 0.31483464E-1, 0.94459839E-2, 0.0000000, 0.0000000, 0.0000000, 0.29987395, 2.6081860, 9.2718887, 19.844172, 19.854959, 19.857912, 19.858709, 0.24999522, 0.24999975, 0.24999918, 0.25299719, 0.27607518, 0.34271097, 0.34922087, 0.34927481, 0.34928957, 0.34929353, 0.94459839E-2
0.82540296E-1, 0.30676845E-1, 0.92039742E-2, 0.0000000, 0.0000000, 0.0000000, 0.26550591, 2.5466175, 9.1778021, 19.845627, 19.855366, 19.858047, 19.858709, 0.24999045, 0.24999975, 0.24999918, 0.25265402, 0.27546114, 0.34177196, 0.34922814, 0.34927684, 0.34929025, 0.34929353, 0.92039742E-2
0.89902595E-1, 0.11958461, 0.35878971E-1, 0.53654015, 0.0000000, 0.0000000, 0.24662316, 2.5199084, 9.1227112, 19.847446, 19.855856, 19.858189, 19.858709, 0.25535962, 0.24999975, 0.24999918, 0.25246608, 0.27519828, 0.34122613, 0.34923723, 0.34927928, 0.34929094, 0.34929353, 0.35878971E-1
0.82835600E-1, 0.34242973E-1, 0.10273919E-1, 0.30574203E-1, 0.0000000, 0.0000000, 0.19131303, 2.4424701, 9.0168056, 19.846258, 19.855547, 19.858084, 19.858709, 0.25030559, 0.24999975, 0.24999918, 0.25191307, 0.27442434, 0.34016761, 0.34923130, 0.34927773, 0.34929043, 0.34929353, 0.10273919E-1
0.82320020E-1, 0.28016789E-1, 0.84058773E-2, 0.0000000, 0.0000000, 0.0000000, 0.15465915, 2.3391099, 8.8687334, 19.847267, 19.855820, 19.858177, 19.858709, 0.24997097, 0.24999975, 0.24999918, 0.25154600, 0.27338663, 0.33868167, 0.34923634, 0.34927911, 0.34929088, 0.34929353, 0.84058773E-2
0.82179114E-1, 0.26315209E-1, 0.78953523E-2, 0.0000000, 0.0000000, 0.0000000, 0.10397136, 2.1753221, 8.6429758, 19.847137, 19.855808, 19.858154, 19.858709, 0.24997097, 0.24999975, 0.24999918, 0.25103930, 0.27174902, 0.33642420, 0.34923568, 0.34927905, 0.34929079, 0.34929353, 0.78953523E-2
0.82060613E-1, 0.24884200E-1, 0.74660066E-2, 0.0000000, 0.0000000, 0.0000000, 0.55378675E-1, 2.0472021, 8.4594898, 19.846487, 19.855642, 19.858084, 19.858709, 0.24997097, 0.24999975, 0.24999918, 0.25055364, 0.27046913, 0.33459091, 0.34923244, 0.34927821, 0.34929043, 0.34929353, 0.74660066E-2
0.81923068E-1, 0.23223111E-1, 0.69676302E-2, 0.0000000, 0.0000000, 0.0000000, 0.51110983E-2, 1.8915594, 8.2329149, 19.845524, 19.855400, 19.858036, 19.858709, 0.24997097, 0.24999975, 0.24999918, 0.25005108, 0.26890889, 0.33231944, 0.34922761, 0.34927699, 0.34929019, 0.34929353, 0.69676302E-2
0.81871361E-1, 0.22598704E-1, 0.67802896E-2, 0.0000000, 0.0000000, 0.0000000, 0.0000000, 1.8186927, 8.1057577, 19.847300, 19.855856, 19.858177, 19.858709, 0.24997097, 0.24999975, 0.24999918, 0.24999985, 0.26818413, 0.33105341, 0.34923649, 0.34927928, 0.34929088, 0.34929353, 0.67802896E-2
0.81807174E-1, 0.21823604E-1, 0.65477360E-2, 0.0000000, 0.0000000, 0.0000000, 0.0000000, 1.7185658, 7.9425855, 19.847353, 19.855879, 19.858166, 19.858709, 0.24997097, 0.24999975, 0.24999918, 0.24999985, 0.26717946, 0.32941633, 0.34923676, 0.34927940, 0.34929082, 0.34929353, 0.65477360E-2
0.81751846E-1, 0.21155469E-1, 0.63472753E-2, 0.0000000, 0.0000000, 0.0000000, 0.0000000, 1.6344815, 7.7922945, 19.848661, 19.856213, 19.858208, 19.858709, 0.24997097, 0.24999975, 0.24999918, 0.24999985, 0.26634222, 0.32791883, 0.34924331, 0.34928107, 0.34929103, 0.34929353, 0.63472753E-2
0.81630275E-1, 0.19687403E-1, 0.59068119E-2, 0.0000000, 0.0000000, 0.0000000, 0.0000000, 1.4432490, 7.4853134, 19.845793, 19.855440, 19.858011, 19.858683, 0.24997097, 0.24999975, 0.24999918, 0.24999985, 0.26442945, 0.32484788, 0.34922898, 0.34927720, 0.34929007, 0.34929341, 0.59068119E-2
0.81514902E-1, 0.18294120E-1, 0.54887850E-2, 0.0000000, 0.0000000, 0.0000000, 0.0000000, 1.2675703, 7.1762853, 19.844360, 19.855047, 19.857931, 19.858698, 0.24997097, 0.24999975, 0.24999918, 0.24999985, 0.26267278, 0.32175735, 0.34922180, 0.34927523, 0.34928966, 0.34929350, 0.54887850E-2
0.81406385E-1, 0.16983645E-1, 0.50956029E-2, 0.0000000, 0.0000000, 0.0000000, 0.0000000, 1.1048853, 6.8774543, 19.842073, 19.854416, 19.857769, 19.858675, 0.24997097, 0.24999975, 0.24999918, 0.24999985, 0.26104707, 0.31877086, 0.34921038, 0.34927207, 0.34928885, 0.34929338, 0.50956029E-2
0.81341192E-1, 0.16196415E-1, 0.48594102E-2, 0.0000000, 0.0000000, 0.0000000, 0.0000000, 1.0143369, 6.6770015, 19.843819, 19.854864, 19.857885, 19.858709, 0.24997097, 0.24999975, 0.24999918, 0.24999985, 0.26014107, 0.31676498, 0.34921908, 0.34927434, 0.34928942, 0.34929353, 0.48594102E-2
0.81213847E-1, 0.14658560E-1, 0.43980079E-2, 0.0000000, 0.0000000, 0.0000000, 0.0000000, 0.83419979, 6.2944474, 19.841423, 19.854244, 19.857718, 19.858683, 0.24997097, 0.24999975, 0.24999918, 0.24999985, 0.25834012, 0.31293979, 0.34920710, 0.34927124, 0.34928858, 0.34929341, 0.43980079E-2
0.81085466E-1, 0.13108199E-1, 0.39328532E-2, 0.0000000, 0.0000000, 0.0000000, 0.0000000, 0.66266656, 5.8794308, 19.839701, 19.853779, 19.857607, 19.858675, 0.24997097, 0.24999975, 0.24999918, 0.24999985, 0.25662377, 0.30878574, 0.34919852, 0.34926888, 0.34928805, 0.34929338, 0.39328532E-2
0.80956139E-1, 0.11546432E-1, 0.34642760E-2, 0.0000000, 0.0000000, 0.0000000, 0.0000000, 0.49718916, 5.4388061, 19.836754, 19.852983, 19.857412, 19.858641, 0.24997097, 0.24999975, 0.24999918, 0.24999985, 0.25496915, 0.30437806, 0.34918377, 0.34926492, 0.34928706, 0.34929320, 0.34642760E-2
0.80820128E-1, 0.99039851E-2, 0.29714927E-2, 0.0000000, 0.0000000, 0.0000000, 0.0000000, 0.33960640, 4.9255915, 19.834551, 19.852365, 19.857265, 19.858641, 0.24997097, 0.24999975, 0.24999918, 0.24999985, 0.25339425, 0.29924712, 0.34917277, 0.34926182, 0.34928632, 0.34929320, 0.29714927E-2
0.80727674E-1, 0.87874634E-2, 0.26365027E-2, 0.0000000, 0.0000000, 0.0000000, 0.0000000, 0.24279654, 4.5464978, 19.834604, 19.852341, 19.857283, 19.858675, 0.24997097, 0.24999975, 0.24999918, 0.24999985, 0.25242594, 0.29545224, 0.34917301, 0.34926170, 0.34928641, 0.34929338, 0.26365027E-2
0.97093232E-1, 0.20641935, 0.61931998E-1, 1.1890113, 0.0000000, 0.0000000, 0.0000000, 0.22283196, 4.4509115, 19.838657, 19.853415, 19.857573, 19.858709, 0.26187447, 0.24999975, 0.24999918, 0.24999985, 0.25222823, 0.29450852, 0.34919327, 0.34926707, 0.34928787, 0.34929353, 0.61931998E-1
0.18591776, 1.0000000, 0.38376001, 2.1739597, 4.0052061, 7.3002353, 8.9407434, 9.2173166, 9.5105896, 19.843004, 19.854582, 19.857874, 19.858709, 0.27173948, 0.29005191, 0.32300222, 0.33940741, 0.34217313, 0.34510589, 0.34921503, 0.34927291, 0.34928936, 0.34929353, 0.38376001
0.16007960, 0.96704823, 0.29014349, 1.4907062, 2.3143589, 6.5708985, 9.4485321, 9.5987387, 9.7444248, 19.840073, 19.853861, 19.857658, 19.858658, 0.26490685, 0.27314341, 0.31570873, 0.34448522, 0.34598735, 0.34744424, 0.34920037, 0.34926930, 0.34928828, 0.34929329, 0.29014349
0.14332125, 0.76467282, 0.22942479, 0.81200004, 1.8781215, 5.6207972, 9.5778723, 9.6972332, 9.8026762, 19.838795, 19.853502, 19.857571, 19.858669, 0.25811908, 0.26877993, 0.30620602, 0.34577808, 0.34697202, 0.34802663, 0.34919399, 0.34926751, 0.34928787, 0.34929335, 0.22942479
0.12561710, 0.55087602, 0.16527934, 0.10806918, 1.3654977, 4.7095184, 9.5990992, 9.7190151, 9.8173218, 19.836922, 19.853006, 19.857460, 19.858652, 0.25108036, 0.26365247, 0.29709086, 0.34598923, 0.34718925, 0.34817290, 0.34918460, 0.34926504, 0.34928730, 0.34929326, 0.16527934
0.11497363, 0.42234457, 0.12671605, 0.0000000, 0.78546405, 3.6655965, 9.5694160, 9.7050438, 9.8129644, 19.834167, 19.852259, 19.857283, 19.858635, 0.24999231, 0.25785404, 0.28665459, 0.34569344, 0.34705007, 0.34812951, 0.34917083, 0.34926128, 0.34928641, 0.34929317, 0.12671605
0.10823839, 0.34100929, 0.10231302, 0.0000000, 0.35791695, 2.9370904, 9.3531342, 9.7045765, 9.8131027, 19.833296, 19.851999, 19.857225, 19.858641, 0.24999231, 0.25357881, 0.27936941, 0.34353039, 0.34704527, 0.34813085, 0.34916648, 0.34926000, 0.34928614, 0.34929320, 0.10231302
0.10363536, 0.28542265, 0.85635364E-1, 0.0000000, 0.46253204E-1, 2.5399446, 8.8976479, 9.7068958, 9.8146725, 19.833569, 19.852077, 19.857246, 19.858664, 0.24999231, 0.25046229, 0.27539307, 0.33897200, 0.34706652, 0.34814590, 0.34916785, 0.34926039, 0.34928623, 0.34929332, 0.85635364E-1
0.10109647, 0.25476277, 0.76436475E-1, 0.0000000, 0.0000000, 2.1166415, 8.4139013, 9.7002878, 9.8098698, 19.830355, 19.851221, 19.857025, 19.858610, 0.24999231, 0.24999969, 0.27116078, 0.33413455, 0.34700030, 0.34809783, 0.34915179, 0.34925610, 0.34928513, 0.34929305, 0.76436475E-1
0.98458186E-1, 0.22290270, 0.66877499E-1, 0.0000000, 0.0000000, 1.6048282, 7.8073177, 9.6681995, 9.7944536, 19.825838, 19.849991, 19.856728, 19.858536, 0.24999231, 0.24999969, 0.26603955, 0.32806495, 0.34667698, 0.34794280, 0.34912917, 0.34924996, 0.34928364, 0.34929270, 0.66877499E-1
0.96209414E-1, 0.19574633, 0.58729772E-1, 0.0000000, 0.0000000, 1.1901349, 7.1700516, 9.6536627, 9.7887115, 19.826307, 19.850037, 19.856728, 19.858528, 0.24999231, 0.24999969, 0.26189771, 0.32169613, 0.34653369, 0.34788612, 0.34913152, 0.34925020, 0.34928364, 0.34929264, 0.58729772E-1
0.93985848E-1, 0.16889432, 0.50673366E-1, 0.0000000, 0.0000000, 0.79939067, 6.4514580, 9.6291313, 9.7783833, 19.826807, 19.850143, 19.856728, 19.858522, 0.24999231, 0.24999969, 0.25799173, 0.31451106, 0.34628868, 0.34778294, 0.34913403, 0.34925073, 0.34928364, 0.34929261, 0.50673366E-1
0.92187740E-1, 0.14718024, 0.44158489E-1, 0.0000000, 0.0000000, 0.49754679, 5.7866940, 9.6316643, 9.7788887, 19.827065, 19.850183, 19.856728, 19.858522, 0.24999231, 0.24999969, 0.25497478, 0.30786532, 0.34631529, 0.34778842, 0.34913534, 0.34925091, 0.34928364, 0.34929261, 0.44158489E-1
0.90378836E-1, 0.12533574, 0.37604481E-1, 0.0000000, 0.0000000, 0.22552311, 4.9843283, 9.5925617, 9.7623453, 19.827740, 19.850338, 19.856752, 19.858536, 0.24999231, 0.24999969, 0.25225484, 0.29984155, 0.34592399, 0.34762290, 0.34913871, 0.34925169, 0.34928375, 0.34929270, 0.37604481E-1
0.88946298E-1, 0.10803633, 0.32414142E-1, 0.0000000, 0.0000000, 0.33220649E-1, 4.2170796, 9.5905638, 9.7607145, 19.828711, 19.850584, 19.856825, 19.858562, 0.24999231, 0.24999969, 0.25033209, 0.29216787, 0.34590232, 0.34760600, 0.34914356, 0.34925291, 0.34928411, 0.34929281, 0.32414142E-1
0.88344686E-1, 0.10077115, 0.30234370E-1, 0.0000000, 0.0000000, 0.0000000, 3.6361239, 9.6260214, 9.7778378, 19.831964, 19.851450, 19.857071, 19.858622, 0.24999231, 0.24999969, 0.24999934, 0.28635749, 0.34625524, 0.34777668, 0.34915984, 0.34925726, 0.34928536, 0.34929311, 0.30234370E-1
0.13897780, 0.71222091, 0.21368764, 2.0508857, 2.0856886, 1.2707084, 3.3416753, 9.7287350, 9.8216000, 19.835947, 19.852543, 19.857372, 19.858709, 0.27050650, 0.27085546, 0.26270664, 0.28341651, 0.34728703, 0.34821588, 0.34917974, 0.34926271, 0.34928685, 0.34929353, 0.21368764
0.13756782, 0.69519401, 0.20857906, 1.9822270, 2.0481734, 1.2545288, 3.1989377, 9.7931900, 9.8510571, 19.840860, 19.853903, 19.857731, 19.858709, 0.26982123, 0.27048108, 0.26254508, 0.28198928, 0.34793174, 0.34851050, 0.34920430, 0.34926951, 0.34928864, 0.34929353, 0.20857906
0.13045861, 0.60934258, 0.18282107, 1.6225725, 1.8452972, 1.1694461, 3.0569479, 9.8026276, 9.8569641, 19.842686, 19.854427, 19.857838, 19.858709, 0.26622418, 0.26845193, 0.26169413, 0.28056931, 0.34802601, 0.34856954, 0.34921342, 0.34927213, 0.34928918, 0.34929353, 0.18282107
0.12263588, 0.51487458, 0.15447782, 1.2999982, 1.5203774, 1.0373950, 2.9476552, 9.7188826, 9.8514013, 19.843405, 19.854670, 19.857880, 19.858709, 0.26299450, 0.26519993, 0.26037264, 0.27947581, 0.34718761, 0.34851360, 0.34921703, 0.34927335, 0.34928939, 0.34929353, 0.15447782
0.11008178, 0.36327010, 0.10899193, 0.68516135, 1.1287481, 0.87099075, 2.8554738, 9.5591898, 9.8416996, 19.843287, 19.854681, 19.857880, 19.858709, 0.25684938, 0.26128525, 0.25870904, 0.27855417, 0.34559095, 0.34841666, 0.34921643, 0.34927341, 0.34928939, 0.34929353, 0.10899193
0.13575549, 0.67330825, 0.20201267, 2.2325110, 1.7874914, 0.64072311, 2.7257085, 9.3792248, 9.8308392, 19.839544, 19.853722, 19.857622, 19.858669, 0.27232361, 0.26787421, 0.25640711, 0.27725697, 0.34379208, 0.34830832, 0.34919772, 0.34926862, 0.34928811, 0.34929335, 0.20201267
0.12342697, 0.52442789, 0.15734410, 1.5888214, 1.4593154, 0.52082837, 2.6539207, 9.2478600, 9.8389282, 19.840137, 19.853891, 19.857677, 19.858709, 0.26582468, 0.26456034, 0.25519335, 0.27653110, 0.34247324, 0.34838682, 0.34920037, 0.34926936, 0.34928837, 0.34929353, 0.15734410
0.15023065, 0.84811139, 0.25445887, 2.3009300, 2.3132920, 2.3348689, 5.2547784, 9.5551109, 9.8587904, 19.843607, 19.854788, 19.857895, 19.858709, 0.27300441, 0.27312997, 0.27334720, 0.30254713, 0.34555051, 0.34858769, 0.34921804, 0.34927395, 0.34928948, 0.34929353, 0.25445887
0.14706032, 0.80982620, 0.24297217, 2.1740556, 2.1137238, 2.2003055, 6.0966330, 9.7537889, 9.8677406, 19.846146, 19.855465, 19.858095, 19.858709, 0.27174038, 0.27113712, 0.27200300, 0.31096628, 0.34753785, 0.34867740, 0.34923074, 0.34927732, 0.34929049, 0.34929353, 0.24297217
0.32713631, 1.0000000, 0.89542139, 8.9957609, 8.7651205, 8.9976645, 9.3602753, 9.8026266, 9.8708582, 19.848047, 19.855997, 19.858208, 19.858709, 0.33995685, 0.33765075, 0.33997640, 0.34360269, 0.34802625, 0.34870857, 0.34924024, 0.34928000, 0.34929103, 0.34929353, 0.89542139
0.29230297, 1.0000000, 0.76921356, 5.9902806, 9.2898922, 9.4919987, 9.6766520, 9.8135147, 9.8687878, 19.847855, 19.855972, 19.858177, 19.858709, 0.30989558, 0.34289217, 0.34491652, 0.34676582, 0.34813479, 0.34868777, 0.34923929, 0.34927985, 0.34929088, 0.34929353, 0.76921356
0.27526936, 1.0000000, 0.70749766, 4.6213231, 9.4488926, 9.6108007, 9.7478971, 9.8275661, 9.8722897, 19.848980, 19.856260, 19.858208, 19.858709, 0.29620096, 0.34447387, 0.34610036, 0.34747744, 0.34827489, 0.34872264, 0.34924489, 0.34928131, 0.34929103, 0.34929353, 0.70749766
0.24693693, 1.0000000, 0.60484391, 2.9784231, 8.8075676, 9.5291758, 9.7205248, 9.8059740, 9.8624544, 19.847248, 19.855795, 19.858084, 19.858709, 0.27978054, 0.33806911, 0.34528822, 0.34720454, 0.34805939, 0.34862441, 0.34923625, 0.34927899, 0.34929043, 0.34929353, 0.60484391
0.22981034, 1.0000000, 0.54279107, 2.4694145, 7.5795078, 9.5452681, 9.7251396, 9.8055325, 9.8622723, 19.847664, 19.855904, 19.858154, 19.858709, 0.27468938, 0.32578632, 0.34544715, 0.34725025, 0.34805477, 0.34862256, 0.34923834, 0.34927952, 0.34929079, 0.34929353, 0.54279107
0.21541624, 1.0000000, 0.49063855, 2.0599217, 6.5167952, 9.5580053, 9.7316122, 9.8083954, 9.8636246, 19.848309, 19.856060, 19.858189, 19.858709, 0.27059373, 0.31515753, 0.34557238, 0.34731457, 0.34808317, 0.34863597, 0.34924155, 0.34928030, 0.34929094, 0.34929353, 0.49063855
0.18901989, 1.0000000, 0.39499962, 1.2623906, 4.7206364, 9.4439907, 9.6732082, 9.7754583, 9.8498869, 19.845881, 19.855431, 19.858025, 19.858692, 0.26262346, 0.29720539, 0.34443894, 0.34673187, 0.34775451, 0.34849885, 0.34922940, 0.34927714, 0.34929013, 0.34929347, 0.39499962
0.34341860, 1.0000000, 0.95441508, 9.3117018, 9.7117481, 9.8442526, 9.9604292, 9.9799023, 9.9925632, 19.999277, 19.999807, 19.999910, 19.984056, 0.34311244, 0.34711462, 0.34844106, 0.34960401, 0.34979889, 0.34992558, 0.34999639, 0.34999904, 0.34999955, 0.34992027, 0.95441508
0.31978381, 1.0000000, 0.86878186, 7.7866721, 9.4829731, 9.6919365, 9.8946247, 9.9445610, 9.9782286, 19.997179, 19.999266, 19.998837, 19.960974, 0.32786545, 0.34482881, 0.34691888, 0.34894615, 0.34944555, 0.34978226, 0.34998590, 0.34999633, 0.34999418, 0.34980488, 0.86878186
0.27751946, 1.0000000, 0.71565020, 4.8916950, 9.2896929, 9.5475216, 9.7926550, 9.8844643, 9.9505501, 19.991556, 19.997799, 19.995478, 19.939894, 0.29891500, 0.34289473, 0.34547409, 0.34792632, 0.34884453, 0.34950545, 0.34995776, 0.34998900, 0.34997737, 0.34969947, 0.71565020
0.24437647, 1.0000000, 0.59556687, 2.8662114, 8.6838284, 9.5179224, 9.7476130, 9.8508406, 9.9318104, 19.987465, 19.996668, 19.989492, 19.921680, 0.27866107, 0.33683640, 0.34517822, 0.34747592, 0.34850830, 0.34931806, 0.34993732, 0.34998333, 0.34994745, 0.34960839, 0.59556687
0.22090317, 1.0000000, 0.51051873, 2.1538496, 7.0442634, 9.5087557, 9.7268715, 9.8321800, 9.9189358, 19.983892, 19.995430, 19.980648, 19.906576, 0.27153686, 0.32043940, 0.34508538, 0.34726825, 0.34832156, 0.34918925, 0.34991947, 0.34997714, 0.34990323, 0.34953287, 0.51051873
0.19675162, 1.0000000, 0.42301312, 1.4653981, 5.2975092, 9.4704819, 9.7005014, 9.8125658, 9.9065237, 19.980173, 19.993673, 19.969250, 19.894489, 0.26465309, 0.30297318, 0.34470308, 0.34700465, 0.34812549, 0.34906518, 0.34990087, 0.34996837, 0.34984624, 0.34947246, 0.42301312
0.18351851, 1.0000000, 0.37506706, 1.1836946, 4.1365919, 9.5285215, 9.7265825, 9.8242674, 9.9093075, 19.979494, 19.991791, 19.956255, 19.885201, 0.26183602, 0.29136395, 0.34528294, 0.34726539, 0.34824243, 0.34909299, 0.34989747, 0.34995896, 0.34978127, 0.34942600, 0.37506706
0.16155288, 0.98483962, 0.29548144, 0.53016543, 2.9091568, 8.8720531, 9.6652327, 9.7884941, 9.8920803, 19.974697, 19.987450, 19.942173, 19.878080, 0.25530136, 0.27909058, 0.33871904, 0.34665200, 0.34788480, 0.34892073, 0.34987348, 0.34993726, 0.34971088, 0.34939039, 0.29548144
0.15766922, 0.93794024, 0.28141022, 0.42805970, 2.7816415, 8.5108175, 9.7450113, 9.8307076, 9.9076509, 19.974266, 19.982466, 19.928503, 19.872849, 0.25427911, 0.27781057, 0.33509922, 0.34744805, 0.34830603, 0.34907615, 0.34987134, 0.34991235, 0.34964252, 0.34936425, 0.28141022
0.14793572, 0.82039756, 0.24614388, 0.11284649, 2.4254651, 7.9263535, 9.7287874, 9.8237972, 9.9049730, 19.971119, 19.974827, 19.915537, 19.868946, 0.25112805, 0.27424926, 0.32925475, 0.34728572, 0.34823686, 0.34904939, 0.34985560, 0.34987414, 0.34957770, 0.34934473, 0.24614388
0.14245419, 0.75420225, 0.22628331, 0.0000000, 2.1905274, 7.4458323, 9.7414007, 9.8311348, 9.9084692, 19.969381, 19.965673, 19.904102, 19.866117, 0.24999875, 0.27189738, 0.32444492, 0.34741050, 0.34830961, 0.34908408, 0.34984690, 0.34982836, 0.34952050, 0.34933060, 0.22628331
0.14114255, 0.73836279, 0.22153099, 0.27803183, 1.8701553, 6.8475418, 9.7199936, 9.8198748, 9.9040604, 19.965868, 19.954609, 19.894255, 19.864071, 0.25277928, 0.26869735, 0.31846771, 0.34719774, 0.34819764, 0.34904024, 0.34982935, 0.34977305, 0.34947127, 0.34932035, 0.22153099
0.13123508, 0.61871928, 0.18563434, 0.0000000, 1.5097499, 6.1089683, 9.6899881, 9.8017712, 9.8959513, 19.961185, 19.942474, 19.886093, 19.862591, 0.24999908, 0.26509538, 0.31108540, 0.34689850, 0.34801704, 0.34895927, 0.34980592, 0.34971237, 0.34943047, 0.34931296, 0.18563434
0.12351400, 0.52547878, 0.15765940, 0.0000000, 1.0589629, 5.1605039, 9.6368675, 9.7688637, 9.8798494, 19.953438, 19.929554, 19.879398, 19.861509, 0.24999908, 0.26058665, 0.30159777, 0.34636596, 0.34768727, 0.34879801, 0.34976718, 0.34964776, 0.34939700, 0.34930754, 0.15765940
0.12002224, 0.48331201, 0.14500810, 0.0000000, 0.91044903, 4.6006579, 9.6868410, 9.7947769, 9.8889380, 19.948278, 19.918041, 19.874384, 19.860779, 0.24999908, 0.25910276, 0.29600224, 0.34686655, 0.34794685, 0.34888908, 0.34974140, 0.34959021, 0.34937191, 0.34930390, 0.14500810
0.11416195, 0.41254270, 0.12377519, 0.0000000, 0.60863197, 3.8008568, 9.6383715, 9.7674427, 9.8765879, 19.939163, 19.906708, 19.870335, 19.860228, 0.24999908, 0.25608617, 0.28800812, 0.34638348, 0.34767431, 0.34876585, 0.34969580, 0.34953353, 0.34935167, 0.34930113, 0.12377519
0.11092164, 0.37341237, 0.11203492, 0.0000000, 0.48637688, 3.2541778, 9.6731205, 9.7855577, 9.8823442, 19.931353, 19.897251, 19.867374, 19.859875, 0.24999908, 0.25486287, 0.28253874, 0.34672940, 0.34785464, 0.34882313, 0.34965676, 0.34948626, 0.34933686, 0.34929937, 0.11203492
0.10736803, 0.33049873, 0.99159539E-1, 0.0000000, 0.30672550, 2.8044879, 9.4376125, 9.7681904, 9.8738871, 19.921577, 19.888845, 19.865078, 19.859581, 0.24999908, 0.25306621, 0.27804005, 0.34437287, 0.34768021, 0.34873831, 0.34960788, 0.34944421, 0.34932539, 0.34929791, 0.99159539E-1
0.10508035, 0.30287248, 0.90870835E-1, 0.0000000, 0.18199682, 2.5589972, 9.1453085, 9.7754326, 9.8741541, 19.911940, 19.881922, 19.863365, 19.859404, 0.24999908, 0.25181931, 0.27558535, 0.34144977, 0.34775257, 0.34874094, 0.34955969, 0.34940961, 0.34931684, 0.34929702, 0.90870835E-1
0.10168055, 0.26181620, 0.78552715E-1, 0.0000000, 0.26226044E-3, 2.1867990, 8.7349663, 9.7411995, 9.8574009, 19.900888, 19.875879, 19.861988, 19.859251, 0.24999908, 0.25000262, 0.27186659, 0.33734852, 0.34741136, 0.34857380, 0.34950444, 0.34937939, 0.34930995, 0.34929627, 0.78552715E-1
0.99358022E-1, 0.23376913, 0.70137754E-1, 0.0000000, 0.0000000, 1.7420918, 8.1828184, 9.6959438, 9.8337154, 19.889616, 19.870743, 19.860899, 19.859158, 0.24999908, 0.24999996, 0.26741940, 0.33182675, 0.34695858, 0.34833685, 0.34944808, 0.34935373, 0.34930450, 0.34929579, 0.70137754E-1
0.97644493E-1, 0.21307644, 0.63929327E-1, 0.0000000, 0.0000000, 1.4304549, 7.6705556, 9.6982622, 9.8298912, 19.881296, 19.867128, 19.860172, 19.859087, 0.24999908, 0.24999996, 0.26430377, 0.32670471, 0.34698209, 0.34829873, 0.34940648, 0.34933564, 0.34930086, 0.34929544, 0.63929327E-1
0.96404381E-1, 0.19810075, 0.59436169E-1, 0.0000000, 0.0000000, 1.2106061, 7.2618670, 9.7187109, 9.8353586, 19.873726, 19.864202, 19.859604, 19.859016, 0.24999908, 0.24999996, 0.26210392, 0.32261610, 0.34718540, 0.34835303, 0.34936863, 0.34932101, 0.34929803, 0.34929508, 0.59436169E-1
0.95397413E-1, 0.18594050, 0.55787731E-1, 0.0000000, 0.0000000, 1.0371894, 6.9066520, 9.7305012, 9.8392563, 19.868092, 19.862146, 19.859299, 19.858963, 0.24999908, 0.24999996, 0.26036924, 0.31906301, 0.34730253, 0.34839171, 0.34934047, 0.34931073, 0.34929651, 0.34929481, 0.55787731E-1
0.93405560E-1, 0.16188668, 0.48570860E-1, 0.0000000, 0.0000000, 0.69684088, 6.2487483, 9.6511726, 9.8037119, 19.860811, 19.859894, 19.858860, 19.858856, 0.24999908, 0.24999996, 0.25696549, 0.31248227, 0.34650770, 0.34803575, 0.34930405, 0.34929946, 0.34929430, 0.34929428, 0.48570860E-1
0.92244111E-1, 0.14786093, 0.44362716E-1, 0.0000000, 0.0000000, 0.52021742, 5.7194552, 9.6673174, 9.8074150, 19.857367, 19.858812, 19.858662, 19.858828, 0.24999908, 0.24999996, 0.25520071, 0.30719137, 0.34667048, 0.34807321, 0.34928682, 0.34929407, 0.34929329, 0.34929413, 0.44362716E-1
0.11329626, 0.40208846, 0.12063860, 1.5473217, 0.0000000, 0.48700571, 5.4795847, 9.7578583, 9.8436670, 19.857000, 19.858587, 19.858662, 19.858828, 0.26546749, 0.24999996, 0.25486952, 0.30479464, 0.34757751, 0.34843630, 0.34928501, 0.34929293, 0.34929329, 0.34929413, 0.12063860
0.13256957, 0.63483471, 0.19046946, 2.9663591, 0.0000000, 0.44079423, 5.3118072, 9.7905064, 9.8583660, 19.856049, 19.858240, 19.858614, 19.858828, 0.27966148, 0.24999996, 0.25440785, 0.30311784, 0.34790486, 0.34858361, 0.34928024, 0.34929121, 0.34929305, 0.34929413, 0.19046946
0.11675037, 0.44380069, 0.13315353, 1.8753260, 0.0000000, 0.31659305, 5.0396538, 9.7543230, 9.8448009, 19.852890, 19.857361, 19.858408, 19.858805, 0.26874655, 0.24999996, 0.25316560, 0.30039546, 0.34754220, 0.34844765, 0.34926444, 0.34928679, 0.34929204, 0.34929401, 0.13315353
0.10008523, 0.24255097, 0.72772570E-1, 0.74156523, 0.0000000, 0.15994906, 4.6254163, 9.7001467, 9.8214197, 19.849216, 19.856348, 19.858166, 19.858757, 0.25740767, 0.24999996, 0.25159898, 0.29625118, 0.34699833, 0.34821317, 0.34924608, 0.34928173, 0.34929082, 0.34929377, 0.72772570E-1
0.88501081E-1, 0.10265977, 0.30801011E-1, 0.0000000, 0.0000000, 0.0000000, 3.8503413, 9.5791330, 9.7660818, 19.844891, 19.855179, 19.857885, 19.858709, 0.24998677, 0.24999996, 0.24998789, 0.28849995, 0.34578705, 0.34765935, 0.34922445, 0.34927589, 0.34928942, 0.34929353, 0.30801011E-1
0.87635756E-1, 0.92210077E-1, 0.27665790E-1, 0.0000000, 0.0000000, 0.0000000, 2.9580474, 9.2884674, 9.7187681, 19.840885, 19.854097, 19.857658, 19.858646, 0.24998677, 0.24999996, 0.24998789, 0.27957970, 0.34288344, 0.34718728, 0.34920442, 0.34927049, 0.34928828, 0.34929323, 0.27665790E-1
0.87159321E-1, 0.86456574E-1, 0.25939567E-1, 0.0000000, 0.0000000, 0.0000000, 2.6711135, 8.7065754, 9.7359028, 19.839956, 19.853830, 19.857607, 19.858683, 0.24998677, 0.24999996, 0.24998789, 0.27670836, 0.33706126, 0.34735736, 0.34919977, 0.34926915, 0.34928805, 0.34929341, 0.25939567E-1
0.86963631E-1, 0.84093407E-1, 0.25230546E-1, 0.0000000, 0.0000000, 0.0000000, 2.5668859, 8.4257975, 9.7864904, 19.842476, 19.854492, 19.857807, 19.858709, 0.24998677, 0.24999996, 0.24998789, 0.27566531, 0.33425212, 0.34786263, 0.34921238, 0.34927246, 0.34928903, 0.34929353, 0.25230546E-1
0.14724845, 0.81209797, 0.24365376, 2.1195741, 2.9110491, 1.6844004, 2.5571136, 8.3318739, 9.8365841, 19.845905, 19.855419, 19.858061, 19.858709, 0.27119449, 0.27910945, 0.26684371, 0.27557105, 0.33331859, 0.34836578, 0.34922951, 0.34927708, 0.34929031, 0.34929353, 0.24365376
0.17304184, 1.0000000, 0.33710808, 2.1224737, 2.3454876, 7.5554776, 9.3312206, 9.5794630, 9.8534451, 19.847744, 19.855930, 19.858189, 19.858709, 0.27122450, 0.27345473, 0.32555455, 0.34331214, 0.34579459, 0.34853446, 0.34923872, 0.34927964, 0.34929094, 0.34929353, 0.33710808
0.15447396, 0.89935398, 0.26983318, 1.4575630, 1.8361062, 6.2470150, 9.5648127, 9.7135372, 9.8443880, 19.845881, 19.855442, 19.858025, 19.858704, 0.26457345, 0.26835942, 0.31246734, 0.34564725, 0.34713492, 0.34844372, 0.34922940, 0.34927720, 0.34929013, 0.34929353, 0.26983318
0.15142405, 0.86252308, 0.25878280, 1.5401512, 1.6263783, 5.6271086, 9.6662464, 9.7699366, 9.8535633, 19.847267, 19.855808, 19.858166, 19.858709, 0.26540115, 0.26626354, 0.30627066, 0.34666231, 0.34769931, 0.34853560, 0.34923634, 0.34927905, 0.34929082, 0.34929353, 0.25878280
0.13813779, 0.70207685, 0.21064413, 0.99179447, 1.2950212, 4.9132571, 9.6571054, 9.7654448, 9.8484678, 19.847076, 19.855778, 19.858131, 19.858709, 0.25991398, 0.26294711, 0.29912668, 0.34656873, 0.34765330, 0.34848431, 0.34923539, 0.34927890, 0.34929067, 0.34929353, 0.21064413
0.12367891, 0.52747017, 0.15825689, 0.43019652, 0.91529787, 4.0596247, 9.6250668, 9.7456188, 9.8389645, 19.846098, 19.855515, 19.858061, 19.858709, 0.25430053, 0.25915116, 0.29059222, 0.34624875, 0.34745523, 0.34838933, 0.34923050, 0.34927756, 0.34929031, 0.34929353, 0.15825689
0.11040892, 0.36722073, 0.11017724, 0.0000000, 0.53476691, 3.0626581, 9.5723400, 9.7133884, 9.8250399, 19.844891, 19.855211, 19.857990, 19.858704, 0.24997684, 0.25534701, 0.28062469, 0.34572220, 0.34713328, 0.34825018, 0.34922445, 0.34927607, 0.34928995, 0.34929353, 0.11017724
0.10440029, 0.29466000, 0.88406846E-1, 0.0000000, 0.20592809, 2.3899615, 8.9904680, 9.6724529, 9.8070669, 19.843988, 19.854971, 19.857948, 19.858709, 0.24997684, 0.25205898, 0.27389786, 0.33990335, 0.34672382, 0.34807044, 0.34921995, 0.34927484, 0.34928975, 0.34929353, 0.88406846E-1
0.10019331, 0.24385613, 0.73164158E-1, 0.0000000, 0.0000000, 1.9112766, 8.3665199, 9.6674147, 9.8020868, 19.841841, 19.854410, 19.857788, 19.858683, 0.24997684, 0.24999101, 0.26910913, 0.33366200, 0.34667230, 0.34802023, 0.34920919, 0.34927204, 0.34928894, 0.34929341, 0.73164158E-1
0.98860323E-1, 0.22775890, 0.68334505E-1, 0.0000000, 0.0000000, 1.6719550, 7.9297380, 9.7069216, 9.8187866, 19.843649, 19.854870, 19.857901, 19.858709, 0.24997684, 0.24999101, 0.26671752, 0.32929546, 0.34706804, 0.34818748, 0.34921825, 0.34927434, 0.34928951, 0.34929353, 0.68334505E-1
0.13680407, 0.68597090, 0.20581186, 2.1605730, 0.99781156, 1.6617119, 7.7740836, 9.7884598, 9.8525028, 19.846910, 19.855726, 19.858154, 19.858709, 0.27160445, 0.25997776, 0.26661682, 0.32774058, 0.34788442, 0.34852496, 0.34923455, 0.34927863, 0.34929079, 0.34929353, 0.20581186
0.15324479, 0.88451040, 0.26537967, 2.3737402, 2.1499305, 2.6320577, 7.6810107, 9.8273430, 9.8696098, 19.849369, 19.856375, 19.858288, 19.858709, 0.27373672, 0.27149892, 0.27632034, 0.32680997, 0.34827334, 0.34869608, 0.34924686, 0.34928188, 0.34929144, 0.34929353, 0.26537967
0.19975041, 1.0000000, 0.43387827, 2.7986288, 3.6307182, 9.1003504, 9.6049080, 9.8443565, 9.8773718, 19.851007, 19.856804, 19.858397, 19.858709, 0.27798629, 0.28630719, 0.34100351, 0.34604907, 0.34844357, 0.34877372, 0.34925503, 0.34928402, 0.34929198, 0.34929353, 0.43387827
0.17701480, 1.0000000, 0.35150290, 1.5184224, 2.9652297, 9.2031174, 9.6616392, 9.7926989, 9.8563805, 19.846848, 19.855724, 19.858059, 19.858675, 0.26518211, 0.27964982, 0.34202734, 0.34661558, 0.34792656, 0.34856364, 0.34923422, 0.34927863, 0.34929031, 0.34929338, 0.35150290
0.14873175, 0.83001053, 0.24902807, 0.46223402, 2.0622134, 7.7187953, 9.5918922, 9.7301283, 9.8298483, 19.841940, 19.854414, 19.857737, 19.858641, 0.25462151, 0.27061987, 0.32718369, 0.34591788, 0.34730074, 0.34829831, 0.34920970, 0.34927207, 0.34928867, 0.34929320, 0.24902807
0.13062966, 0.61140811, 0.18344079, 0.0000000, 1.3785660, 6.2622633, 9.5647297, 9.7067404, 9.8189163, 19.840096, 19.853903, 19.857622, 19.858664, 0.24999210, 0.26378357, 0.31261790, 0.34564584, 0.34706667, 0.34818894, 0.34920049, 0.34926951, 0.34928811, 0.34929332, 0.18344079
0.16588840, 1.0000000, 0.31118983, 2.3007035, 2.3097157, 5.2375646, 9.6082602, 9.7295332, 9.8277607, 19.841274, 19.854179, 19.857719, 19.858709, 0.27300283, 0.27309462, 0.30237278, 0.34608155, 0.34729481, 0.34827742, 0.34920639, 0.34927088, 0.34928858, 0.34929353, 0.31118983
0.35600001, 1.0000000, 1.0000000, 9.9999990, 9.9999990, 9.9999990, 9.9999990, 9.9999990, 9.9999990, 19.999998, 19.999998, 19.999998, 19.998999, 0.34999999, 0.34999999, 0.34999999, 0.34999999, 0.34999999, 0.34999999, 0.34999999, 0.34999999, 0.34999999, 0.34999499, 1.0000000
0.33042777, 1.0000000, 0.90734690, 8.5203609, 9.5276394, 9.7243862, 9.9072065, 9.9516153, 9.9801655, 19.996452, 19.999069, 19.999512, 19.975185, 0.33520290, 0.34527591, 0.34724361, 0.34907201, 0.34951612, 0.34980166, 0.34998226, 0.34999534, 0.34999755, 0.34987593, 0.90734690
0.29211056, 1.0000000, 0.76851654, 5.9146137, 9.3296309, 9.5773811, 9.8114462, 9.8958340, 9.9547186, 19.990984, 19.997639, 19.997568, 19.952724, 0.30914387, 0.34329420, 0.34577271, 0.34811422, 0.34895822, 0.34954715, 0.34995490, 0.34998819, 0.34998783, 0.34976363, 0.76851654
0.25011599, 1.0000000, 0.61636227, 2.9862225, 9.1857729, 9.5039015, 9.7384462, 9.8462172, 9.9288826, 19.984919, 19.996016, 19.993204, 19.932632, 0.27985975, 0.34185317, 0.34503666, 0.34738398, 0.34846193, 0.34928873, 0.34992459, 0.34998009, 0.34996602, 0.34966317, 0.61636227
0.21376000, 1.0000000, 0.48463765, 1.8260717, 6.7789416, 9.4200287, 9.6734962, 9.8002453, 9.9027205, 19.977861, 19.993977, 19.985895, 19.915531, 0.26826024, 0.31778830, 0.34419954, 0.34673482, 0.34800237, 0.34902719, 0.34988931, 0.34996989, 0.34992948, 0.34957767, 0.48463765
0.18605898, 1.0000000, 0.38427165, 1.0238171, 4.7708755, 9.4245653, 9.6605616, 9.7855358, 9.8903227, 19.972286, 19.991982, 19.975857, 19.901581, 0.26023710, 0.29770574, 0.34424266, 0.34660500, 0.34785506, 0.34890315, 0.34986144, 0.34995991, 0.34987929, 0.34950790, 0.38427165
0.16044004, 0.97140092, 0.29144943, 0.31165183, 2.9605837, 9.2363281, 9.6434975, 9.7711258, 9.8797207, 19.966475, 19.989229, 19.963486, 19.890560, 0.25311589, 0.27960226, 0.34235770, 0.34643382, 0.34771067, 0.34879699, 0.34983236, 0.34994614, 0.34981743, 0.34945279, 0.29144943
0.14649856, 0.80304229, 0.24093679, 0.0000000, 2.3429215, 8.1432962, 9.6390648, 9.7664328, 9.8756351, 19.962372, 19.985760, 19.949839, 19.882132, 0.24999790, 0.27342835, 0.33143145, 0.34639031, 0.34766415, 0.34875628, 0.34981185, 0.34992880, 0.34974921, 0.34941065, 0.24093679
0.13478610, 0.66160160, 0.19850034, 0.0000000, 1.5964180, 6.8201766, 9.5927067, 9.7374191, 9.8604059, 19.955370, 19.979912, 19.935556, 19.875731, 0.24999790, 0.26596272, 0.31819868, 0.34592620, 0.34737375, 0.34860390, 0.34977686, 0.34989956, 0.34967777, 0.34937865, 0.19850034
0.12555051, 0.55007190, 0.16503808, 0.0000000, 1.0754853, 5.6332197, 9.5887794, 9.7327499, 9.8567467, 19.951141, 19.972897, 19.921959, 19.871029, 0.24999790, 0.26075229, 0.30632550, 0.34588549, 0.34732634, 0.34856707, 0.34975570, 0.34986448, 0.34960979, 0.34935516, 0.16503808
0.11731779, 0.45065287, 0.13520938, 0.0000000, 0.65238476, 4.4919252, 9.5841293, 9.7284613, 9.8538427, 19.947420, 19.964109, 19.909584, 19.867588, 0.24999790, 0.25652236, 0.29491410, 0.34583908, 0.34728348, 0.34853804, 0.34973711, 0.34982055, 0.34954792, 0.34933794, 0.13520938
0.15644300, 0.92313224, 0.27696738, 2.2038727, 2.1812587, 3.5368683, 9.5930271, 9.7334299, 9.8555202, 19.944220, 19.953856, 19.898823, 19.865089, 0.27203557, 0.27181071, 0.28536716, 0.34592944, 0.34733388, 0.34855506, 0.34972110, 0.34976929, 0.34949410, 0.34932545, 0.27696738
0.13545007, 0.66961986, 0.20090605, 1.2310863, 1.6039163, 2.8978376, 9.4142637, 9.7372141, 9.8565130, 19.939548, 19.942225, 19.889692, 19.863277, 0.26230967, 0.26603824, 0.27897754, 0.34414211, 0.34737188, 0.34856504, 0.34969774, 0.34971112, 0.34944847, 0.34931639, 0.20090605
0.12036792, 0.48748648, 0.14626057, 0.54373443, 1.1432588, 2.5456519, 9.0246859, 9.7423887, 9.8581629, 19.934265, 19.930140, 19.882286, 19.861984, 0.25543508, 0.26142976, 0.27545336, 0.34024462, 0.34742266, 0.34858119, 0.34967133, 0.34965068, 0.34941143, 0.34930992, 0.14626057
0.10892314, 0.34927833, 0.10479398, 0.86927414E-1, 0.74875653, 2.1792917, 8.5946970, 9.7316628, 9.8539333, 19.928867, 19.918449, 19.876455, 19.861086, 0.25086889, 0.25748560, 0.27179006, 0.33594471, 0.34731534, 0.34853891, 0.34964433, 0.34959224, 0.34938228, 0.34930542, 0.10479398
0.15527989, 0.90908641, 0.27275321, 2.5759935, 1.9582659, 2.6713967, 8.5326862, 9.7546339, 9.8622952, 19.922508, 19.907503, 19.871920, 19.860428, 0.27575609, 0.26958090, 0.27671278, 0.33532608, 0.34754589, 0.34862280, 0.34961253, 0.34953752, 0.34935960, 0.34930214, 0.27275321
0.13885021, 0.71068019, 0.21322538, 1.7343104, 1.5420645, 2.4024844, 8.2228060, 9.7600489, 9.8645000, 19.915312, 19.897699, 19.868437, 19.859974, 0.26733899, 0.26541847, 0.27402315, 0.33222690, 0.34759980, 0.34864476, 0.34957656, 0.34948850, 0.34934217, 0.34929988, 0.21322538
0.12127657, 0.49845949, 0.14955281, 0.87252557, 1.0623634, 2.0672798, 7.8468809, 9.7438011, 9.8560286, 19.905834, 19.888762, 19.865690, 19.859615, 0.25872079, 0.26062036, 0.27066961, 0.32846639, 0.34743652, 0.34855977, 0.34952918, 0.34944379, 0.34932846, 0.34929806, 0.14955281
0.10316892, 0.27978984, 0.83945349E-1, 0.54758787E-1, 0.51403344, 1.6241610, 7.3252311, 9.6983480, 9.8333588, 19.894257, 19.880705, 19.863487, 19.859346, 0.25054717, 0.25513801, 0.26623794, 0.32324901, 0.34698129, 0.34833285, 0.34947127, 0.34940353, 0.34931743, 0.34929675, 0.83945349E-1
0.95749989E-1, 0.19019820, 0.57065167E-1, 0.0000000, 0.40489435E-1, 1.1144310, 6.5963798, 9.6349344, 9.8008394, 19.882538, 19.873892, 19.861780, 19.859180, 0.24995719, 0.25040463, 0.26114073, 0.31595957, 0.34634626, 0.34800735, 0.34941268, 0.34936947, 0.34930891, 0.34929591, 0.57065167E-1
0.92871681E-1, 0.15543953, 0.46636522E-1, 0.0000000, 0.0000000, 0.68608224, 5.6938438, 9.5871439, 9.7742977, 19.874468, 19.869059, 19.860668, 19.859070, 0.24995719, 0.24999569, 0.25685897, 0.30693540, 0.34586889, 0.34774211, 0.34937233, 0.34934530, 0.34930333, 0.34929535, 0.46636522E-1
0.91458380E-1, 0.13837239, 0.41515868E-1, 0.0000000, 0.0000000, 0.46757758, 5.0465431, 9.6459751, 9.7953930, 19.868231, 19.865496, 19.859926, 19.858980, 0.24993537, 0.24999569, 0.25467414, 0.30046189, 0.34645635, 0.34795275, 0.34934115, 0.34932747, 0.34929964, 0.34929490, 0.41515868E-1
0.89682676E-1, 0.11692883, 0.35082158E-1, 0.0000000, 0.0000000, 0.20798147, 4.2328420, 9.5862885, 9.7689438, 19.861071, 19.862288, 19.859243, 19.858856, 0.24993537, 0.24999569, 0.25207981, 0.29232842, 0.34586290, 0.34768945, 0.34930536, 0.34931144, 0.34929621, 0.34929428, 0.35082158E-1
0.15401471, 0.89380789, 0.26816919, 2.0920336, 2.8410645, 2.4401605, 7.4372654, 9.6809101, 9.8076773, 19.857077, 19.860285, 19.858858, 19.858805, 0.27091986, 0.27841026, 0.27440143, 0.32437256, 0.34680903, 0.34807673, 0.34928539, 0.34930143, 0.34929430, 0.34929401, 0.26816919
0.14888537, 0.83186561, 0.24958465, 2.0839720, 2.1725149, 2.4785666, 7.8586907, 9.7183847, 9.8247938, 19.853252, 19.858675, 19.858519, 19.858757, 0.27083519, 0.27172232, 0.27478406, 0.32858589, 0.34718323, 0.34824774, 0.34926626, 0.34929338, 0.34929258, 0.34929377, 0.24958465
0.11874180, 0.46784925, 0.14036882, 0.63979030, 1.2635350, 1.9466192, 7.2904916, 9.6783037, 9.8073025, 19.846046, 19.856333, 19.857977, 19.858664, 0.25639609, 0.26263317, 0.26946452, 0.32290366, 0.34678221, 0.34807277, 0.34923023, 0.34928167, 0.34928989, 0.34929332, 0.14036882
0.11881020, 0.46867535, 0.14061667, 1.1652857, 0.65985620, 1.5321344, 6.7306981, 9.6788855, 9.8053904, 19.842402, 19.855061, 19.857729, 19.858652, 0.26164716, 0.25659662, 0.26531911, 0.31730503, 0.34678742, 0.34805343, 0.34921199, 0.34927529, 0.34928864, 0.34929326, 0.14061667
0.99256530E-1, 0.23254356, 0.69770046E-1, 0.18008947, 0.19607246, 1.1393577, 6.1385698, 9.6600113, 9.7968712, 19.839460, 19.854048, 19.857540, 19.858652, 0.25179985, 0.25196004, 0.26139161, 0.31138358, 0.34659845, 0.34796813, 0.34919730, 0.34927022, 0.34928769, 0.34929326, 0.69770046E-1
0.93460210E-1, 0.16254665, 0.48768871E-1, 0.0000000, 0.0000000, 0.84936321, 5.5521431, 9.6531239, 9.7945395, 19.840128, 19.854069, 19.857624, 19.858709, 0.24995054, 0.24995883, 0.25849125, 0.30551830, 0.34652853, 0.34794447, 0.34920064, 0.34927034, 0.34928811, 0.34929353, 0.48768871E-1
0.13344848, 0.64544857, 0.19365394, 2.1577864, 1.3666689, 0.66451430, 5.1171412, 9.6933870, 9.8106232, 19.840380, 19.854050, 19.857649, 19.858692, 0.27157786, 0.26366669, 0.25664514, 0.30117142, 0.34693387, 0.34810624, 0.34920189, 0.34927025, 0.34928825, 0.34929347, 0.19365394
0.93546584E-1, 0.16358976, 0.49081836E-1, 0.12171865, 0.34765601, 0.27288496, 4.3248663, 9.5462103, 9.7497768, 19.834564, 19.852482, 19.857258, 19.858574, 0.25071046, 0.25318047, 0.25258410, 0.29311895, 0.34535646, 0.34745634, 0.34916985, 0.34926164, 0.34928608, 0.34929281, 0.49081836E-1
0.86897604E-1, 0.83296053E-1, 0.24991315E-1, 0.0000000, 0.0000000, 0.0000000, 2.6077867, 8.2985182, 9.5780306, 19.825127, 19.849911, 19.856558, 19.858418, 0.24999371, 0.24993721, 0.24997324, 0.27593675, 0.33282977, 0.34571645, 0.34912258, 0.34924877, 0.34928259, 0.34929204, 0.24991315E-1
0.85150972E-1, 0.62203597E-1, 0.18662946E-1, 0.0000000, 0.0000000, 0.0000000, 1.5947342, 6.1243377, 9.5142994, 19.818106, 19.847855, 19.856028, 19.858322, 0.24999371, 0.24993721, 0.24997324, 0.26582029, 0.31109095, 0.34506431, 0.34908745, 0.34923849, 0.34927994, 0.34929156, 0.18662946E-1
0.83502106E-1, 0.42291772E-1, 0.12688801E-1, 0.0000000, 0.0000000, 0.0000000, 0.77483058, 3.7977569, 9.4535503, 19.812870, 19.846285, 19.855654, 19.858253, 0.24999371, 0.24993721, 0.24997324, 0.25763890, 0.28783751, 0.34443006, 0.34906122, 0.34923062, 0.34927806, 0.34929121, 0.12688801E-1
0.82207970E-1, 0.26663702E-1, 0.79999110E-2, 0.0000000, 0.0000000, 0.0000000, 0.21295249, 2.1270514, 8.3432131, 19.813625, 19.846306, 19.855669, 19.858292, 0.24999371, 0.24993721, 0.24997324, 0.25212869, 0.27126643, 0.33342677, 0.34906814, 0.34923154, 0.34927833, 0.34929144, 0.79999110E-2
0.81559986E-1, 0.18838549E-1, 0.56521301E-2, 0.0000000, 0.0000000, 0.0000000, 0.24491549E-1, 1.3318598, 7.1635294, 19.817564, 19.847269, 19.855938, 19.858406, 0.24999371, 0.24993721, 0.24997324, 0.25024480, 0.26331499, 0.32162884, 0.34908783, 0.34923634, 0.34927970, 0.34929204, 0.56521301E-2
0.81253044E-1, 0.15131927E-1, 0.45400322E-2, 0.0000000, 0.0000000, 0.0000000, 0.0000000, 0.90862215, 6.3560543, 19.819258, 19.847687, 19.856089, 19.858433, 0.24999371, 0.24993721, 0.24997324, 0.24999568, 0.25908273, 0.31355244, 0.34909630, 0.34923843, 0.34928045, 0.34929216, 0.45400322E-2
0.12634692, 0.55968928, 0.16792358, 1.8922985, 1.8634439, 0.87134838, 0.0000000, 0.84718466, 6.2157507, 19.825329, 19.849335, 19.856529, 19.858517, 0.26891676, 0.26863074, 0.25871262, 0.24999568, 0.25847176, 0.31215730, 0.34912664, 0.34924668, 0.34928265, 0.34929258, 0.16792358
0.91280684E-1, 0.13622649, 0.40872034E-1, 0.17291903, 0.70742667, 0.45531094, 0.0000000, 0.76399446, 6.0899734, 19.823862, 19.849030, 19.856451, 19.858480, 0.25172791, 0.25707114, 0.25455210, 0.24999568, 0.25763977, 0.31089929, 0.34911931, 0.34924513, 0.34928226, 0.34929240, 0.40872034E-1
0.99511467E-1, 0.23562215, 0.70693716E-1, 1.3110012, 0.0000000, 0.82364678E-1, 0.0000000, 0.66064298, 5.8818150, 19.824116, 19.849146, 19.856493, 19.858475, 0.26310530, 0.24998333, 0.25082356, 0.24999568, 0.25660637, 0.30881795, 0.34912059, 0.34924573, 0.34928247, 0.34929237, 0.70693716E-1
0.14357734, 0.76776546, 0.23035267, 2.5060892, 2.1234512, 2.2306414, 1.3477117, 0.63669682, 5.8219471, 19.829489, 19.850628, 19.856859, 19.858580, 0.27505741, 0.27123275, 0.27230549, 0.26347700, 0.25636694, 0.30821937, 0.34914744, 0.34925315, 0.34928429, 0.34929290, 0.23035267
0.26047173, 1.0000000, 0.65388304, 8.8441257, 2.5310893, 8.2761230, 2.5901408, 0.62779486, 5.7800903, 19.835327, 19.852259, 19.857309, 19.858698, 0.33844125, 0.27531090, 0.33276123, 0.27590141, 0.25627795, 0.30780089, 0.34917665, 0.34926128, 0.34928656, 0.34929350, 0.65388304
0.15775302, 0.93895203, 0.28171378, 2.3005605, 2.1548362, 3.7136719, 9.1515799, 9.3829498, 9.6127920, 19.838745, 19.853251, 19.857584, 19.858709, 0.27300560, 0.27154836, 0.28713673, 0.34151581, 0.34382951, 0.34612793, 0.34919372, 0.34926626, 0.34928793, 0.34929353, 0.28171378
0.13293961, 0.63930333, 0.19181018, 1.1958390, 1.5189052, 2.6980877, 8.8964119, 9.6100168, 9.7559080, 19.837845, 19.853107, 19.857540, 19.858683, 0.26195809, 0.26518884, 0.27698067, 0.33896399, 0.34610009, 0.34755906, 0.34918922, 0.34926555, 0.34928769, 0.34929341, 0.19181018
0.11546601, 0.42829069, 0.12850006, 0.39453208, 0.99212527, 2.3066669, 8.3395882, 9.6696043, 9.7934999, 19.836939, 19.852928, 19.857494, 19.858664, 0.25394452, 0.25992003, 0.27306524, 0.33339486, 0.34669545, 0.34793478, 0.34918469, 0.34926465, 0.34928748, 0.34929332, 0.12850006
0.15347061, 0.88723743, 0.26619786, 1.9122928, 2.7868776, 2.8588624, 8.2269478, 9.6862373, 9.8040447, 19.835573, 19.852591, 19.857393, 19.858658, 0.26912075, 0.27786687, 0.27858764, 0.33226892, 0.34686205, 0.34804034, 0.34917787, 0.34926295, 0.34928697, 0.34929329, 0.26619786
0.12084825, 0.49328694, 0.14800088, 0.44894218, 1.6601324, 2.2409468, 7.5875573, 9.6598263, 9.7928753, 19.831585, 19.851540, 19.857130, 19.858599, 0.25448850, 0.26659927, 0.27240807, 0.32587463, 0.34659767, 0.34792855, 0.34915793, 0.34925771, 0.34928566, 0.34929299, 0.14800088
0.10304834, 0.27833375, 0.83508477E-1, 0.0000000, 0.67699254, 1.5701771, 6.7845230, 9.6135807, 9.7721081, 19.828379, 19.850674, 19.856888, 19.858547, 0.24995072, 0.25676721, 0.26569864, 0.31784251, 0.34613389, 0.34772041, 0.34914190, 0.34925336, 0.34928444, 0.34929273, 0.83508477E-1
0.11167393, 0.38249713, 0.11476061, 1.1901706, 0.91540813E-1, 1.0324508, 5.9258437, 9.6022511, 9.7650156, 19.827660, 19.850407, 19.856823, 19.858522, 0.26189387, 0.25091505, 0.26032248, 0.30925608, 0.34602061, 0.34764951, 0.34913829, 0.34925205, 0.34928411, 0.34929261, 0.11476061
0.93760319E-1, 0.16617084, 0.49856238E-1, 0.99357963E-1, 0.0000000, 0.66967010, 5.1838155, 9.6105299, 9.7690191, 19.828135, 19.850504, 19.856834, 19.858536, 0.25099269, 0.24997455, 0.25669488, 0.30183536, 0.34610271, 0.34768930, 0.34914067, 0.34925252, 0.34928417, 0.34929270, 0.49856238E-1
0.98034024E-1, 0.21778049, 0.65340683E-1, 0.46957731, 0.0000000, 0.55062771, 4.7370324, 9.6775379, 9.8005266, 19.833677, 19.851959, 19.857246, 19.858641, 0.25469142, 0.24997455, 0.25550476, 0.29736769, 0.34677270, 0.34800437, 0.34916839, 0.34925979, 0.34928623, 0.34929320, 0.65340683E-1
0.35576183, 1.0000000, 0.99913698, 9.9999247, 9.9999504, 9.9956760, 9.8843145, 9.7617893, 9.8372650, 19.838593, 19.853296, 19.857597, 19.858709, 0.34999827, 0.34999889, 0.34995645, 0.34884310, 0.34761786, 0.34837264, 0.34919298, 0.34926647, 0.34928799, 0.34929353, 0.99913698
0.34222728, 1.0000000, 0.95009875, 9.3340979, 9.6125193, 9.7376738, 9.7806110, 9.7920818, 9.8522348, 19.841848, 19.854206, 19.857824, 19.858709, 0.34334058, 0.34612492, 0.34737661, 0.34780607, 0.34792084, 0.34852237, 0.34920925, 0.34927103, 0.34928912, 0.34929353, 0.95009875
0.34736985, 1.0000000, 0.96873134, 9.8569212, 9.4743710, 9.5313520, 9.6995144, 9.7770805, 9.8458481, 19.839796, 19.853727, 19.857670, 19.858669, 0.34856877, 0.34474343, 0.34531340, 0.34699512, 0.34777081, 0.34845847, 0.34919900, 0.34926865, 0.34928834, 0.34929335, 0.96873134
0.30787569, 1.0000000, 0.82563645, 7.1175971, 9.2867584, 9.5016851, 9.6819401, 9.7737322, 9.8443584, 19.839119, 19.853579, 19.857622, 19.858688, 0.32117596, 0.34286758, 0.34501684, 0.34681940, 0.34773731, 0.34844357, 0.34919560, 0.34926790, 0.34928811, 0.34929344, 0.82563645
0.32024229, 1.0000000, 0.87044293, 8.0486746, 9.2465267, 9.4716921, 9.6615324, 9.7627554, 9.8392687, 19.837551, 19.853186, 19.857523, 19.858664, 0.33048537, 0.34246433, 0.34471643, 0.34661523, 0.34762749, 0.34839267, 0.34918776, 0.34926593, 0.34928763, 0.34929332, 0.87044293
0.28024724, 1.0000000, 0.72553343, 5.1257048, 9.2743616, 9.4946232, 9.6781683, 9.7723322, 9.8437138, 19.838707, 19.853497, 19.857597, 19.858709, 0.30125520, 0.34274161, 0.34494522, 0.34678146, 0.34772319, 0.34843710, 0.34919354, 0.34926748, 0.34928799, 0.34929353, 0.72553343
0.25001472, 1.0000000, 0.61599535, 2.9748485, 9.2238779, 9.4646616, 9.6665688, 9.7665768, 9.8412542, 19.838118, 19.853355, 19.857590, 19.858683, 0.27974820, 0.34223822, 0.34464633, 0.34666562, 0.34766573, 0.34841254, 0.34919059, 0.34926677, 0.34928796, 0.34929341, 0.61599535
0.22948447, 1.0000000, 0.54161036, 2.3764372, 7.7201295, 9.5034075, 9.6885767, 9.7790623, 9.8474140, 19.840239, 19.853928, 19.857744, 19.858709, 0.27376243, 0.32719755, 0.34503174, 0.34688529, 0.34779039, 0.34847406, 0.34920120, 0.34926963, 0.34928873, 0.34929353, 0.54161036
0.19783878, 1.0000000, 0.42695212, 1.3796359, 5.6104398, 9.4131870, 9.6419020, 9.7532005, 9.8363256, 19.838058, 19.853344, 19.857571, 19.858664, 0.26379544, 0.30610213, 0.34412998, 0.34641865, 0.34753180, 0.34836319, 0.34919029, 0.34926671, 0.34928787, 0.34929332, 0.42695212
0.31774998, 1.0000000, 0.86141294, 7.6893349, 9.4210310, 9.6546993, 9.8761263, 9.9347849, 9.9729128, 19.994946, 19.998678, 19.990593, 19.895056, 0.32689047, 0.34420821, 0.34654590, 0.34876105, 0.34934774, 0.34972909, 0.34997472, 0.34999341, 0.34995297, 0.34947526, 0.86141294
0.34594232, 1.0000000, 0.96355909, 9.4609594, 9.7542458, 9.8695164, 9.9693556, 9.9845114, 9.9944983, 19.999678, 19.999916, 19.999958, 19.988020, 0.34460399, 0.34753901, 0.34869340, 0.34969321, 0.34984493, 0.34994492, 0.34999838, 0.34999958, 0.34999979, 0.34994009, 0.96355909
0.29610753, 1.0000000, 0.78299820, 6.2510729, 9.2679300, 9.5434465, 9.8117218, 9.8983154, 9.9570351, 19.991985, 19.997913, 19.998730, 19.964603, 0.31250998, 0.34267864, 0.34543410, 0.34811717, 0.34898314, 0.34957033, 0.34995991, 0.34998956, 0.34999365, 0.34982303, 0.78299820
0.25002426, 1.0000000, 0.61602998, 2.9992759, 9.1592150, 9.4914141, 9.7377672, 9.8473082, 9.9308653, 19.986401, 19.996422, 19.995783, 19.943129, 0.27999017, 0.34158736, 0.34491166, 0.34737715, 0.34847280, 0.34930858, 0.34993201, 0.34998211, 0.34997892, 0.34971565, 0.61602998
0.21208173, 1.0000000, 0.47855696, 1.7793924, 6.6567883, 9.4185352, 9.6703339, 9.7986450, 9.9026022, 19.978771, 19.994329, 19.990025, 19.924343, 0.26779008, 0.31655928, 0.34417924, 0.34670210, 0.34798583, 0.34902582, 0.34989387, 0.34997165, 0.34995013, 0.34962171, 0.47855696
0.24549446, 1.0000000, 0.59961754, 2.9358654, 8.7199640, 9.4984331, 9.7015324, 9.8095589, 9.9022636, 19.976440, 19.993410, 19.981693, 19.908754, 0.27935687, 0.33719644, 0.34498259, 0.34701496, 0.34809542, 0.34902257, 0.34988219, 0.34996706, 0.34990847, 0.34954378, 0.59961754
0.28503728, 1.0000000, 0.74288863, 5.5070286, 9.2199202, 9.4814577, 9.6922331, 9.8024855, 9.8955793, 19.971159, 19.991228, 19.970533, 19.896194, 0.30506909, 0.34219801, 0.34481394, 0.34692222, 0.34802479, 0.34895578, 0.34985578, 0.34995615, 0.34985268, 0.34948099, 0.74288863
0.23074245, 1.0000000, 0.54616827, 2.7655153, 7.2824588, 9.3961143, 9.6360216, 9.7669086, 9.8767958, 19.963383, 19.987501, 19.957289, 19.886368, 0.27765340, 0.32282183, 0.34395936, 0.34635985, 0.34766892, 0.34876791, 0.34981692, 0.34993750, 0.34978646, 0.34943184, 0.54616827
0.18015030, 1.0000000, 0.36286342, 1.1811703, 3.8722155, 9.2957439, 9.5695782, 9.7235250, 9.8541212, 19.954859, 19.982136, 19.943005, 19.878893, 0.26181042, 0.28871962, 0.34295440, 0.34569517, 0.34723493, 0.34854108, 0.34977430, 0.34991068, 0.34971502, 0.34939447, 0.36286342
0.14862961, 0.82877702, 0.24865797, 0.21857023, 2.3470311, 7.9466963, 9.5505161, 9.7079105, 9.8439541, 19.948599, 19.975548, 19.928890, 19.873329, 0.25218529, 0.27346763, 0.32946244, 0.34550408, 0.34707853, 0.34843937, 0.34974301, 0.34987774, 0.34964445, 0.34936664, 0.24865797
0.13754055, 0.69486475, 0.20848027, 0.35844147, 1.5598029, 6.3762331, 9.5501509, 9.7057552, 9.8410997, 19.943714, 19.967358, 19.915741, 19.869234, 0.25358400, 0.26559693, 0.31376007, 0.34550083, 0.34705719, 0.34841087, 0.34971857, 0.34983680, 0.34957871, 0.34934616, 0.20848027
0.11746477, 0.45242772, 0.13574189, 0.0000000, 0.69513619, 4.4698048, 9.4830532, 9.6628408, 9.8193750, 19.935095, 19.956360, 19.903744, 19.866199, 0.24989286, 0.25694987, 0.29469329, 0.34482852, 0.34662738, 0.34819341, 0.34967548, 0.34978181, 0.34951872, 0.34933099, 0.13574189
0.10458212, 0.29685575, 0.89065634E-1, 0.0000000, 0.34835935E-1, 2.7963252, 8.9253826, 9.6097183, 9.7911959, 19.926350, 19.943983, 19.893454, 19.863977, 0.24989286, 0.25034821, 0.27795741, 0.33925012, 0.34609517, 0.34791127, 0.34963176, 0.34971991, 0.34946728, 0.34931988, 0.89065634E-1
0.10007966, 0.24248365, 0.72752371E-1, 0.0000000, 0.0000000, 1.9714057, 7.9647532, 9.6001911, 9.7848625, 19.921041, 19.931854, 19.885185, 19.862450, 0.24989286, 0.24997486, 0.26971093, 0.32964501, 0.34600040, 0.34784812, 0.34960520, 0.34965926, 0.34942591, 0.34931225, 0.72752371E-1
0.12059066, 0.49017638, 0.14706762, 1.7864555, 0.0000000, 1.2048095, 6.8257556, 9.5599251, 9.7638340, 19.914452, 19.919588, 19.878485, 19.861343, 0.26785967, 0.24997486, 0.26204711, 0.31825644, 0.34559846, 0.34763807, 0.34957224, 0.34959793, 0.34939241, 0.34930670, 0.14706762
0.19620340, 1.0000000, 0.42102677, 2.7624130, 4.5027862, 6.9464197, 8.1313925, 9.5667696, 9.7636957, 19.905493, 19.907484, 19.873140, 19.860521, 0.27762413, 0.29502785, 0.31946421, 0.33131391, 0.34566769, 0.34763697, 0.34952748, 0.34953743, 0.34936571, 0.34930259, 0.42102677
0.16679677, 1.0000000, 0.31448102, 2.3725212, 2.1053672, 5.6569061, 9.4826403, 9.6675234, 9.8071871, 19.897606, 19.896921, 19.869089, 19.859974, 0.27372360, 0.27105281, 0.30656794, 0.34482601, 0.34667501, 0.34807181, 0.34948802, 0.34948462, 0.34934545, 0.34929988, 0.31448102
0.18538642, 1.0000000, 0.38183481, 2.5022001, 2.7650297, 8.3501530, 9.6550999, 9.7595110, 9.8513098, 19.895502, 19.889322, 19.866409, 19.859674, 0.27502099, 0.27764964, 0.33350050, 0.34655076, 0.34759498, 0.34851307, 0.34947750, 0.34944659, 0.34933203, 0.34929836, 0.38183481
0.34985173, 1.0000000, 0.97772354, 9.6773834, 9.8406878, 9.9169397, 9.9800434, 9.9899235, 9.9962664, 19.999628, 19.994328, 19.900192, 19.859482, 0.34676787, 0.34840325, 0.34916756, 0.34980008, 0.34989905, 0.34996259, 0.34999815, 0.34997165, 0.34950095, 0.34929740, 0.97772354
0.35595548, 1.0000000, 0.99983865, 9.9983215, 9.9989891, 9.9994955, 9.9998951, 9.9999485, 9.9999819, 19.999998, 19.999998, 19.999996, 19.993994, 0.34997782, 0.34998664, 0.34999335, 0.34999862, 0.34999934, 0.34999976, 0.34999999, 0.34999999, 0.34999996, 0.34996998, 0.99983865
0.34652853, 1.0000000, 0.96568292, 9.4814787, 9.7835226, 9.8831644, 9.9658251, 9.9825459, 9.9928751, 19.998676, 19.999653, 19.999500, 19.970406, 0.34481314, 0.34783423, 0.34883115, 0.34965816, 0.34982538, 0.34992871, 0.34999338, 0.34999827, 0.34999749, 0.34985203, 0.96568292
0.29011348, 1.0000000, 0.76128066, 5.8287420, 9.2561026, 9.5314922, 9.7953691, 9.8883896, 9.9511642, 19.989508, 19.997252, 19.996878, 19.948305, 0.30828670, 0.34256035, 0.34531456, 0.34795362, 0.34888387, 0.34951165, 0.34994754, 0.34998626, 0.34998438, 0.34974152, 0.76128066
0.23834160, 1.0000000, 0.57370144, 2.8069644, 8.1039772, 9.4328299, 9.6937227, 9.8192587, 9.9152784, 19.980669, 19.994871, 19.991737, 19.928757, 0.27806741, 0.33103591, 0.34432605, 0.34693676, 0.34819233, 0.34915268, 0.34990335, 0.34997436, 0.34995869, 0.34964377, 0.57370144
0.19639495, 1.0000000, 0.42172083, 1.4600426, 5.3246450, 9.3675518, 9.6307335, 9.7710314, 9.8861761, 19.971968, 19.992342, 19.983694, 19.912277, 0.26459867, 0.30324256, 0.34367213, 0.34630665, 0.34770995, 0.34886163, 0.34985983, 0.34996170, 0.34991848, 0.34956139, 0.42172083
0.16168109, 0.98638791, 0.29594597, 0.49428344, 2.9313416, 8.9998751, 9.5924044, 9.7406940, 9.8667755, 19.965263, 19.989861, 19.973003, 19.898943, 0.25494167, 0.27930927, 0.33999240, 0.34592271, 0.34740624, 0.34866750, 0.34982631, 0.34994930, 0.34986502, 0.34949473, 0.29594597
0.13916597, 0.71449322, 0.21436940, 0.0000000, 1.9168407, 7.2500110, 9.5486794, 9.7093678, 9.8476000, 19.957184, 19.986197, 19.960102, 19.888479, 0.24991775, 0.26916510, 0.32249388, 0.34548515, 0.34709284, 0.34847572, 0.34978592, 0.34993097, 0.34980053, 0.34944239, 0.21436940
0.16942272, 1.0000000, 0.32399532, 2.9905052, 1.2765646, 5.8628345, 9.5751076, 9.7205734, 9.8487797, 19.952408, 19.982063, 19.946220, 19.880535, 0.27990505, 0.26276565, 0.30862835, 0.34575108, 0.34720573, 0.34848779, 0.34976202, 0.34991032, 0.34973109, 0.34940267, 0.32399532
0.15475205, 0.90271223, 0.27084076, 2.5296986, 0.82339942, 4.7567878, 9.5935841, 9.7316532, 9.8530760, 19.948814, 19.976595, 19.932201, 19.874577, 0.27529657, 0.25823390, 0.29756764, 0.34593576, 0.34731647, 0.34853074, 0.34974408, 0.34988296, 0.34966099, 0.34937289, 0.27084076
0.19528136, 1.0000000, 0.41768602, 2.8456898, 3.0169389, 9.1092491, 9.5807142, 9.7247057, 9.8506966, 19.945848, 19.969418, 19.918909, 19.870188, 0.27845690, 0.28016940, 0.34109250, 0.34580714, 0.34724706, 0.34850696, 0.34972924, 0.34984708, 0.34959453, 0.34935093, 0.41768602
0.18560541, 1.0000000, 0.38262826, 2.4262905, 2.8085380, 8.5830412, 9.6110773, 9.7427540, 9.8577461, 19.942497, 19.960297, 19.906889, 19.866982, 0.27425557, 0.27808028, 0.33582264, 0.34610903, 0.34742665, 0.34857717, 0.34971249, 0.34980148, 0.34953445, 0.34933490, 0.38262826
0.16479877, 1.0000000, 0.30724192, 1.6453922, 2.1716416, 7.4285984, 9.6168327, 9.7474852, 9.8601961, 19.938707, 19.949654, 19.896500, 19.864649, 0.26645312, 0.27171576, 0.32428488, 0.34616804, 0.34747469, 0.34860191, 0.34969354, 0.34974825, 0.34948251, 0.34932324, 0.30724192
0.18276161, 1.0000000, 0.37232468, 2.6106329, 2.4359226, 8.0437059, 9.5358095, 9.6985817, 9.8381052, 19.931299, 19.937225, 19.887608, 19.862925, 0.27610454, 0.27435821, 0.33043540, 0.34535772, 0.34698561, 0.34838098, 0.34965649, 0.34968612, 0.34943804, 0.34931463, 0.37232468
0.17766108, 1.0000000, 0.35384446, 2.9509366, 1.8378466, 6.8583622, 9.5910196, 9.7288132, 9.8482189, 19.925209, 19.925024, 19.880527, 19.861696, 0.27950886, 0.26837829, 0.31858325, 0.34591010, 0.34728807, 0.34848216, 0.34962603, 0.34962511, 0.34940264, 0.34930849, 0.35384446
0.16262516, 0.99778873, 0.29936656, 1.8107831, 2.3862810, 5.9216552, 9.6212339, 9.7481251, 9.8570089, 19.919876, 19.913658, 19.875051, 19.860849, 0.26810780, 0.27386278, 0.30921653, 0.34621233, 0.34748125, 0.34857008, 0.34959939, 0.34956831, 0.34937525, 0.34930426, 0.29936656
0.32717612, 1.0000000, 0.89556557, 8.5620518, 9.2239685, 9.4678907, 9.6986713, 9.7939358, 9.8771181, 19.916187, 19.903818, 19.870955, 19.860308, 0.33562052, 0.34223968, 0.34467891, 0.34698671, 0.34793937, 0.34877118, 0.34958094, 0.34951907, 0.34935477, 0.34930155, 0.89556557
0.29340893, 1.0000000, 0.77322066, 6.0508404, 9.3025770, 9.5224524, 9.7098360, 9.8035564, 9.8816366, 19.909487, 19.894571, 19.867710, 19.859886, 0.31050709, 0.34302458, 0.34522390, 0.34709823, 0.34803551, 0.34881634, 0.34954745, 0.34947285, 0.34933856, 0.34929943, 0.77322066
0.23702094, 1.0000000, 0.56891644, 2.8890700, 7.8446126, 9.3777876, 9.6303301, 9.7585278, 9.8606339, 19.897432, 19.885372, 19.864944, 19.859497, 0.27889058, 0.32844594, 0.34377775, 0.34630325, 0.34758526, 0.34860635, 0.34948716, 0.34942687, 0.34932473, 0.34929749, 0.56891644
0.20444410, 1.0000000, 0.45088440, 1.8705696, 5.5866451, 9.4184322, 9.6388454, 9.7594843, 9.8575201, 19.888191, 19.878283, 19.862988, 19.859299, 0.26870534, 0.30586582, 0.34418380, 0.34638834, 0.34759480, 0.34857517, 0.34944096, 0.34939140, 0.34931493, 0.34929651, 0.45088440
0.30918211, 1.0000000, 0.83036989, 7.2764139, 9.1633558, 9.5298710, 9.6974649, 9.7918882, 9.8695555, 19.883099, 19.873476, 19.861792, 19.859222, 0.32276228, 0.34163216, 0.34529796, 0.34697449, 0.34791878, 0.34869552, 0.34941548, 0.34936738, 0.34930897, 0.34929612, 0.83036989
0.35559303, 1.0000000, 0.99852544, 9.9798145, 9.9880114, 9.9939919, 9.9987926, 9.9993944, 9.9997940, 19.999998, 19.999998, 19.999990, 19.991999, 0.34979665, 0.34987921, 0.34993947, 0.34998783, 0.34999388, 0.34999791, 0.34999999, 0.34999999, 0.34999996, 0.34996000, 0.99852544
0.33814877, 1.0000000, 0.93532163, 9.1148043, 9.4828024, 9.6981087, 9.9035845, 9.9498568, 9.9802351, 19.997192, 19.999277, 19.999775, 19.985008, 0.34114805, 0.34482801, 0.34698108, 0.34903586, 0.34949857, 0.34980235, 0.34998596, 0.34999639, 0.34999889, 0.34992504, 0.93532163
0.30528906, 1.0000000, 0.81626469, 6.8103752, 9.4023323, 9.6229734, 9.8339977, 9.9084053, 9.9613276, 19.993557, 19.998329, 19.998655, 19.961859, 0.31810203, 0.34402189, 0.34622902, 0.34833983, 0.34908396, 0.34961325, 0.34996778, 0.34999165, 0.34999329, 0.34980929, 0.81626469
0.27924928, 1.0000000, 0.72191769, 4.9858451, 9.3344669, 9.5655336, 9.7780590, 9.8706789, 9.9418488, 19.989437, 19.997232, 19.995501, 19.940701, 0.29985815, 0.34334433, 0.34565514, 0.34778056, 0.34870675, 0.34941849, 0.34994718, 0.34998617, 0.34997749, 0.34970349, 0.72191769
0.30045652, 1.0000000, 0.79875541, 6.5146317, 9.3481503, 9.5693302, 9.7645731, 9.8570232, 9.9315205, 19.986008, 19.996244, 19.989689, 19.922367, 0.31514561, 0.34348091, 0.34569299, 0.34764567, 0.34857020, 0.34931520, 0.34993005, 0.34998122, 0.34994844, 0.34961182, 0.79875541
0.29460666, 1.0000000, 0.77756029, 6.0639000, 9.3838367, 9.5877047, 9.7658091, 9.8535948, 9.9267130, 19.983685, 19.995335, 19.981018, 19.907148, 0.31063822, 0.34383765, 0.34587669, 0.34765801, 0.34853593, 0.34926713, 0.34991843, 0.34997666, 0.34990507, 0.34953573, 0.77756029
0.25277823, 1.0000000, 0.62600809, 3.1652341, 9.2249565, 9.4798527, 9.7074394, 9.8175907, 9.9078798, 19.977968, 19.993067, 19.969555, 19.894915, 0.28165209, 0.34224916, 0.34479833, 0.34707436, 0.34817588, 0.34907880, 0.34988984, 0.34996533, 0.34984776, 0.34947458, 0.62600809
0.21764420, 1.0000000, 0.49871084, 1.9130856, 7.1047688, 9.4195366, 9.6648846, 9.7884922, 9.8916636, 19.972506, 19.989922, 19.956274, 19.885426, 0.26913065, 0.32104725, 0.34419507, 0.34664878, 0.34788489, 0.34891665, 0.34986252, 0.34994960, 0.34978136, 0.34942713, 0.49871084
0.17962909, 1.0000000, 0.36097494, 0.84495544, 4.3273897, 9.3666363, 9.6178904, 9.7560396, 9.8731184, 19.965517, 19.984951, 19.942055, 19.878197, 0.25844860, 0.29327101, 0.34366325, 0.34617823, 0.34756008, 0.34873107, 0.34982759, 0.34992474, 0.34971029, 0.34939098, 0.36097494
0.15011996, 0.84677464, 0.25405779, 0.45189261E-1, 2.6625485, 8.2445745, 9.5782614, 9.7283373, 9.8573713, 19.959177, 19.978313, 19.927982, 19.872801, 0.25045189, 0.27662498, 0.33244497, 0.34578243, 0.34728327, 0.34857368, 0.34979588, 0.34989157, 0.34963992, 0.34936401, 0.25405779
0.13551466, 0.67039979, 0.20114006, 0.0000000, 1.7869532, 6.6246343, 9.5570650, 9.7123222, 9.8472929, 19.953205, 19.969780, 19.914854, 19.868858, 0.24998443, 0.26786929, 0.31624591, 0.34557053, 0.34712315, 0.34847289, 0.34976602, 0.34984890, 0.34957427, 0.34934428, 0.20114006
0.12449463, 0.53732097, 0.16121241, 0.0000000, 1.1504412, 5.2368412, 9.5590448, 9.7115335, 9.8448181, 19.947813, 19.959549, 19.903210, 19.865976, 0.24998443, 0.26150140, 0.30236155, 0.34558794, 0.34711406, 0.34844777, 0.34973907, 0.34979776, 0.34951603, 0.34932989, 0.16121241
0.11353933, 0.40502387, 0.12151931, 0.0000000, 0.56577027, 3.7702053, 9.5194683, 9.6869202, 9.8328123, 19.941189, 19.947670, 19.893209, 19.863882, 0.24998443, 0.25565630, 0.28769740, 0.34519234, 0.34686801, 0.34832770, 0.34970593, 0.34973836, 0.34946606, 0.34931940, 0.12151931
0.10509124, 0.30300409, 0.90910316E-1, 0.0000000, 0.12148619, 2.7132094, 9.0583115, 9.6613445, 9.8191967, 19.934019, 19.935003, 19.884966, 19.862402, 0.24998443, 0.25121447, 0.27712765, 0.34058017, 0.34661186, 0.34819144, 0.34967011, 0.34967500, 0.34942484, 0.34931201, 0.90910316E-1
0.10689775, 0.32481954, 0.97455606E-1, 0.37940741, 0.0000000, 2.2410929, 8.4810133, 9.6846962, 9.8276558, 19.927835, 19.922733, 19.878460, 19.861343, 0.25379223, 0.24998322, 0.27240768, 0.33480766, 0.34684557, 0.34827608, 0.34963918, 0.34961367, 0.34939229, 0.34930670, 0.97455606E-1
0.11497516, 0.42236310, 0.12672161, 1.1360437, 0.0000000, 1.7906517, 7.8798313, 9.6806440, 9.8263845, 19.921968, 19.911367, 19.873430, 19.860609, 0.26135805, 0.24998322, 0.26790538, 0.32879734, 0.34680584, 0.34826365, 0.34960985, 0.34955683, 0.34936714, 0.34930304, 0.12672161
0.10368324, 0.28600085, 0.85808836E-1, 0.50607622, 0.0000000, 1.3059646, 7.1814108, 9.6501961, 9.8110781, 19.912300, 19.900263, 19.869368, 19.860039, 0.25505930, 0.24998322, 0.26305851, 0.32181287, 0.34650111, 0.34811050, 0.34956151, 0.34950131, 0.34934685, 0.34930021, 0.85808836E-1
0.12668139, 0.56372857, 0.16913548, 2.3066311, 0.0000000, 0.97914934, 6.5751352, 9.6646862, 9.8145437, 19.903299, 19.890808, 19.866352, 19.859650, 0.27306384, 0.24998322, 0.25979117, 0.31575093, 0.34664655, 0.34814531, 0.34951651, 0.34945405, 0.34933177, 0.34929824, 0.16913548
0.10236229, 0.27004895, 0.81022792E-1, 0.68403780, 0.0000000, 0.64780116, 5.9162884, 9.6462250, 9.8043594, 19.892550, 19.882383, 19.863958, 19.859346, 0.25683746, 0.24998322, 0.25647718, 0.30916137, 0.34646103, 0.34804317, 0.34946275, 0.34941190, 0.34931979, 0.34929675, 0.81022792E-1
0.93290851E-1, 0.16050144, 0.48155248E-1, 0.11991560, 0.0000000, 0.45453012, 5.3212552, 9.6525431, 9.8062696, 19.886023, 19.876402, 19.862417, 19.859251, 0.25119862, 0.24998322, 0.25454471, 0.30321115, 0.34652418, 0.34806228, 0.34943011, 0.34938201, 0.34931210, 0.34929627, 0.48155248E-1
0.89614682E-1, 0.11610772, 0.34835801E-1, 0.0000000, 0.0000000, 0.18445849, 4.2933025, 9.5426102, 9.7531567, 19.877975, 19.871141, 19.861181, 19.859133, 0.24999192, 0.24998322, 0.25184420, 0.29293117, 0.34542406, 0.34753084, 0.34938988, 0.34935570, 0.34930590, 0.34929568, 0.34835801E-1
0.88671446E-1, 0.10471716, 0.31418290E-1, 0.0000000, 0.0000000, 0.84802508E-1, 3.6130023, 9.6123466, 9.7806826, 19.872889, 19.867529, 19.860392, 19.859076, 0.24999192, 0.24998322, 0.25084776, 0.28612769, 0.34612039, 0.34780577, 0.34936446, 0.34933764, 0.34930196, 0.34929538, 0.31418290E-1
0.13696879, 0.68796009, 0.20640868, 1.8386662, 1.2741387, 2.3123026, 7.3636713, 9.7145271, 9.8258162, 19.869192, 19.864954, 19.859880, 19.859034, 0.26838535, 0.26274085, 0.27312252, 0.32363638, 0.34714505, 0.34825811, 0.34934595, 0.34932476, 0.34929940, 0.34929517, 0.20640868
0.11802192, 0.45915601, 0.13776058, 0.87938905, 0.81119537, 1.9483685, 6.9267759, 9.7070465, 9.8252573, 19.863140, 19.862246, 19.859325, 19.858940, 0.25879085, 0.25811028, 0.26948169, 0.31926632, 0.34706944, 0.34825224, 0.34931570, 0.34931123, 0.34929663, 0.34929469, 0.13776058
0.98322526E-1, 0.22126438, 0.66385955E-1, 0.0000000, 0.25578737, 1.3804913, 6.2207808, 9.6343279, 9.7933388, 19.856400, 19.859741, 19.858780, 19.858828, 0.24995916, 0.25255719, 0.26380306, 0.31220615, 0.34634200, 0.34793293, 0.34928200, 0.34929872, 0.34929389, 0.34929413, 0.66385955E-1
0.93502767E-1, 0.16306058, 0.48923068E-1, 0.0000000, 0.0000000, 0.90191662, 5.3782177, 9.5856733, 9.7691145, 19.852818, 19.858280, 19.858471, 19.858757, 0.24995916, 0.24998562, 0.25901750, 0.30378017, 0.34585494, 0.34769055, 0.34926409, 0.34929138, 0.34929234, 0.34929377, 0.48923068E-1
0.91797039E-1, 0.14246210, 0.42742904E-1, 0.0000000, 0.0000000, 0.63353777, 4.6480722, 9.6077700, 9.7762976, 19.851954, 19.857679, 19.858366, 19.858757, 0.24995916, 0.24998562, 0.25633347, 0.29647791, 0.34607482, 0.34776199, 0.34925976, 0.34928840, 0.34929183, 0.34929377, 0.42742904E-1
0.91838688E-1, 0.14296500, 0.42893790E-1, 0.19546151, 0.0000000, 0.24560392, 3.4475698, 9.4913645, 9.7188883, 19.847795, 19.856346, 19.858072, 19.858704, 0.25195420, 0.24998562, 0.25245589, 0.28447524, 0.34491307, 0.34718868, 0.34923899, 0.34928173, 0.34929037, 0.34929353, 0.42893790E-1
0.87763503E-1, 0.93752712E-1, 0.28128626E-1, 0.0000000, 0.0000000, 0.60614944E-1, 2.8736143, 9.1555967, 9.7314043, 19.845129, 19.855488, 19.857916, 19.858683, 0.24983425, 0.24998562, 0.25060606, 0.27873543, 0.34155482, 0.34731364, 0.34922564, 0.34927744, 0.34928960, 0.34929341, 0.28128626E-1
0.86815968E-1, 0.82310252E-1, 0.24695545E-1, 0.0000000, 0.0000000, 0.0000000, 2.4535747, 8.3253021, 9.6951723, 19.842514, 19.854721, 19.857748, 19.858669, 0.24983425, 0.24998562, 0.24999292, 0.27453452, 0.33325094, 0.34695092, 0.34921259, 0.34927362, 0.34928873, 0.34929335, 0.24695545E-1
0.96774414E-1, 0.20256925, 0.60776852E-1, 0.78107417, 0.0000000, 0.0000000, 1.9794911, 7.3136802, 9.6589422, 19.838627, 19.853624, 19.857489, 19.858635, 0.25780773, 0.24998562, 0.24999292, 0.26979446, 0.32313597, 0.34658906, 0.34919313, 0.34926814, 0.34928745, 0.34929317, 0.60776852E-1
0.11815107, 0.46071565, 0.13822852, 2.3761959, 0.0000000, 0.0000000, 1.6295373, 6.4680018, 9.6646004, 19.836494, 19.852976, 19.857353, 19.858641, 0.27376112, 0.24998562, 0.24999292, 0.26629534, 0.31467995, 0.34664598, 0.34918249, 0.34926489, 0.34928676, 0.34929320, 0.13822852
0.92232659E-1, 0.14772268, 0.44321235E-1, 0.52126944, 0.0000000, 0.0000000, 1.4626712, 6.0392804, 9.7346954, 19.835222, 19.852589, 19.857300, 19.858641, 0.25520164, 0.24998562, 0.24999292, 0.26462486, 0.31038895, 0.34734491, 0.34917611, 0.34926295, 0.34928650, 0.34929320, 0.44321235E-1
0.84466040E-1, 0.53932291E-1, 0.16181305E-1, 0.0000000, 0.0000000, 0.0000000, 1.1554062, 5.2567225, 9.6619225, 19.833899, 19.852192, 19.857225, 19.858635, 0.24964517, 0.24998562, 0.24999292, 0.26155272, 0.30256414, 0.34661734, 0.34916949, 0.34926096, 0.34928614, 0.34929317, 0.16181305E-1
0.83751746E-1, 0.45306440E-1, 0.13593292E-1, 0.0000000, 0.0000000, 0.0000000, 0.82846582, 4.2030444, 9.6111841, 19.833902, 19.852154, 19.857246, 19.858652, 0.24964517, 0.24998562, 0.24999292, 0.25828174, 0.29202306, 0.34610620, 0.34916952, 0.34926078, 0.34928623, 0.34929326, 0.13593292E-1
0.91122299E-1, 0.13431385, 0.40298186E-1, 0.55620968, 0.0000000, 0.0000000, 0.71391463, 3.6785994, 9.7071123, 19.837151, 19.853001, 19.857462, 19.858709, 0.25555706, 0.24998562, 0.24999292, 0.25713876, 0.28678498, 0.34707022, 0.34918576, 0.34926501, 0.34928730, 0.34929353, 0.40298186E-1
0.82845815E-1, 0.34366287E-1, 0.10310917E-1, 0.0000000, 0.0000000, 0.0000000, 0.43293536, 2.9006481, 9.3222771, 19.834408, 19.852289, 19.857283, 19.858629, 0.24908638, 0.24998562, 0.24999292, 0.25432935, 0.27900648, 0.34322277, 0.34917206, 0.34926146, 0.34928641, 0.34929314, 0.10310917E-1
0.83894528E-1, 0.47030650E-1, 0.14110606E-1, 0.10666847, 0.0000000, 0.0000000, 0.24732351, 2.4382443, 8.7930927, 19.834015, 19.852188, 19.857265, 19.858641, 0.25106308, 0.24998562, 0.24999292, 0.25247273, 0.27437997, 0.33792797, 0.34917009, 0.34926093, 0.34928632, 0.34929320, 0.14110606E-1
0.90580493E-1, 0.12777095, 0.38335118E-1, 0.60814321, 0.0000000, 0.0000000, 0.14064014, 2.1843195, 8.4713984, 19.834442, 19.852289, 19.857283, 19.858669, 0.25608021, 0.24998562, 0.24999292, 0.25140637, 0.27184308, 0.33471382, 0.34917220, 0.34926146, 0.34928641, 0.34929335, 0.38335118E-1
0.81842177E-1, 0.22246333E-1, 0.66745672E-2, 0.0000000, 0.0000000, 0.0000000, 0.34970045E-1, 1.7534971, 7.8793216, 19.834103, 19.852213, 19.857265, 19.858664, 0.24981415, 0.24998562, 0.24999292, 0.25034967, 0.26753390, 0.32879162, 0.34917051, 0.34926108, 0.34928632, 0.34929332, 0.66745672E-2
0.81527658E-1, 0.18448157E-1, 0.55350009E-2, 0.0000000, 0.0000000, 0.0000000, 0.0000000, 1.3039857, 7.1599603, 19.833818, 19.852137, 19.857246, 19.858664, 0.24981415, 0.24998562, 0.24999292, 0.24998780, 0.26303589, 0.32159233, 0.34916908, 0.34926069, 0.34928623, 0.34929332, 0.55350009E-2
0.85344046E-1, 0.64535186E-1, 0.19362492E-1, 0.28907061, 0.0000000, 0.0000000, 0.0000000, 1.0630250, 6.6956840, 19.836445, 19.852848, 19.857420, 19.858709, 0.25288406, 0.24998562, 0.24999292, 0.24998780, 0.26062950, 0.31695530, 0.34918222, 0.34926423, 0.34928709, 0.34929353, 0.19362492E-1
0.81265330E-1, 0.15280244E-1, 0.45845318E-2, 0.0000000, 0.0000000, 0.0000000, 0.0000000, 0.92311800, 6.3999653, 19.837738, 19.853186, 19.857519, 19.858709, 0.24924159, 0.24998562, 0.24999292, 0.24998780, 0.25923070, 0.31399852, 0.34918869, 0.34926593, 0.34928760, 0.34929353, 0.45845318E-2
0.81002869E-1, 0.12110766E-1, 0.36335932E-2, 0.0000000, 0.0000000, 0.0000000, 0.0000000, 0.57609677, 5.5390067, 19.836351, 19.852837, 19.857435, 19.858664, 0.24924159, 0.24998562, 0.24999292, 0.24998780, 0.25576079, 0.30538949, 0.34918177, 0.34926417, 0.34928718, 0.34929332, 0.36335932E-2
0.82132906E-1, 0.25757179E-1, 0.77279266E-2, 0.89293718E-1, 0.0000000, 0.0000000, 0.0000000, 0.46269000, 5.1811681, 19.838558, 19.853403, 19.857615, 19.858709, 0.25088871, 0.24998562, 0.24999292, 0.24998780, 0.25462624, 0.30180925, 0.34919280, 0.34926701, 0.34928808, 0.34929353, 0.77279266E-2
0.12207989, 0.50816035, 0.15246335, 1.3795644, 1.3693005, 2.1006107, 2.5715172, 0.42673945, 5.1131401, 19.838493, 19.853405, 19.857624, 19.858698, 0.26379374, 0.26369187, 0.27100524, 0.27571496, 0.25426736, 0.30113134, 0.34919247, 0.34926704, 0.34928811, 0.34929350, 0.15246335
0.95668793E-1, 0.18921767, 0.56770980E-1, 0.17155707, 0.53146482, 1.4760256, 2.3521781, 0.36448836, 5.0144453, 19.834816, 19.852448, 19.857370, 19.858622, 0.25171545, 0.25531444, 0.26475996, 0.27352169, 0.25364488, 0.30014443, 0.34917408, 0.34926224, 0.34928685, 0.34929311, 0.56770980E-1
0.86617023E-1, 0.79907797E-1, 0.23974737E-1, 0.0000000, 0.62617660E-1, 0.85797906, 2.1026254, 0.31916499, 4.8962722, 19.835634, 19.852661, 19.857407, 19.858664, 0.24992883, 0.25062561, 0.25857586, 0.27102432, 0.25319150, 0.29896197, 0.34917817, 0.34926331, 0.34928703, 0.34929332, 0.23974737E-1
0.82624786E-1, 0.31697173E-1, 0.95101027E-2, 0.0000000, 0.0000000, 0.14144778, 1.5686393, 0.23950338, 4.6488538, 19.833738, 19.852142, 19.857283, 19.858652, 0.24992883, 0.24995531, 0.25141394, 0.26568517, 0.25239494, 0.29648793, 0.34916869, 0.34926072, 0.34928641, 0.34929326, 0.95101027E-2
0.81427865E-1, 0.17243061E-1, 0.51734359E-2, 0.0000000, 0.0000000, 0.0000000, 0.93466043, 0.15890598, 4.2636147, 19.833921, 19.852182, 19.857283, 19.858683, 0.24992883, 0.24995531, 0.24997231, 0.25934458, 0.25158888, 0.29263461, 0.34916961, 0.34926093, 0.34928641, 0.34929341, 0.51734359E-2
0.81130087E-1, 0.13647087E-1, 0.40945355E-2, 0.0000000, 0.0000000, 0.0000000, 0.63723624, 0.12922287, 3.9807439, 19.839376, 19.853628, 19.857685, 19.858709, 0.24992883, 0.24995531, 0.24997231, 0.25636861, 0.25129184, 0.28980353, 0.34919688, 0.34926814, 0.34928843, 0.34929353, 0.40945355E-2
0.80711462E-1, 0.85916575E-2, 0.25777551E-2, 0.0000000, 0.0000000, 0.0000000, 0.24988651, 0.62826276E-1, 3.4699883, 19.838984, 19.853558, 19.857634, 19.858675, 0.24992883, 0.24995531, 0.24997231, 0.25249624, 0.25062793, 0.28469384, 0.34919491, 0.34926778, 0.34928817, 0.34929338, 0.25777551E-2
0.10478617, 0.29931992, 0.89804962E-1, 1.7608762, 0.0000000, 0.0000000, 0.87901950E-1, 0.28818846E-1, 3.0178292, 19.841120, 19.854116, 19.857771, 19.858709, 0.26759782, 0.24995531, 0.24997231, 0.25087899, 0.25028819, 0.28017810, 0.34920561, 0.34927058, 0.34928885, 0.34929353, 0.89804962E-1
0.80365300E-1, 0.44114152E-2, 0.13235570E-2, 0.0000000, 0.0000000, 0.0000000, 0.0000000, 0.0000000, 2.6471138, 19.818455, 19.853065, 19.857483, 19.858616, 0.24998416, 0.24995531, 0.24997231, 0.24999849, 0.24999931, 0.27647114, 0.34909227, 0.34926534, 0.34928742, 0.34929308, 0.13235570E-2
0.80263793E-1, 0.31855945E-2, 0.95577392E-3, 0.0000000, 0.0000000, 0.0000000, 0.0000000, 0.0000000, 1.9123524, 19.785023, 19.852730, 19.857382, 19.858622, 0.24963343, 0.24995531, 0.24997231, 0.24999849, 0.24999931, 0.26911548, 0.34892511, 0.34926364, 0.34928691, 0.34929311, 0.95577392E-3
0.80140382E-1, 0.16952548E-2, 0.50862733E-3, 0.0000000, 0.0000000, 0.0000000, 0.0000000, 0.0000000, 1.0177851, 19.750013, 19.852137, 19.857246, 19.858610, 0.24963343, 0.24995531, 0.24997231, 0.24999849, 0.24999931, 0.26017255, 0.34875005, 0.34926069, 0.34928623, 0.34929305, 0.50862733E-3
0.80000579E-1, 0.70227120E-5, 0.21070243E-5, 0.0000000, 0.0000000, 0.0000000, 0.0000000, 0.0000000, 0.46610832E-2, 19.714907, 19.851728, 19.857141, 19.858593, 0.24963343, 0.24995531, 0.24997231, 0.24999849, 0.24999931, 0.25004214, 0.34857452, 0.34925863, 0.34928572, 0.34929296, 0.21070243E-5
0.79999998E-1, 0.0000000, 0.0000000, 0.0000000, 0.0000000, 0.0000000, 0.0000000, 0.0000000, 0.0000000, 19.677362, 19.850897, 19.856911, 19.858536, 0.24963343, 0.24995531, 0.24997231, 0.24999849, 0.24999931, 0.25000000, 0.34838682, 0.34925449, 0.34928456, 0.34929270, 0.0000000
0.79999998E-1, 0.0000000, 0.0000000, 0.0000000, 0.0000000, 0.0000000, 0.0000000, 0.0000000, 0.0000000, 19.641901, 19.850798, 19.856894, 19.858522, 0.24963343, 0.24995531, 0.24997231, 0.24999849, 0.24999931, 0.25000000, 0.34820950, 0.34925398, 0.34928447, 0.34929261, 0.0000000
0.15654272, 0.92433643, 0.27732867, 2.4962873, 2.3535907, 2.9608488, 6.7440581, 8.5259724, 9.0923319, 19.666008, 19.852591, 19.857376, 19.858664, 0.27495280, 0.27353022, 0.27960491, 0.31743893, 0.33525869, 0.34092295, 0.34833005, 0.34926295, 0.34928688, 0.34929332, 0.27732867
0.35600001, 1.0000000, 1.0000000, 9.9999990, 9.9999990, 9.9999990, 9.9999990, 9.9999990, 9.9999990, 19.999998, 19.999998, 19.999998, 19.998999, 0.34999999, 0.34999999, 0.34999999, 0.34999999, 0.34999999, 0.34999999, 0.34999999, 0.34999999, 0.34999999, 0.34999499, 1.0000000
0.35599935, 1.0000000, 0.99999756, 9.9999990, 9.9999990, 9.9999990, 9.9999990, 9.9999990, 9.9999990, 19.999998, 19.999998, 19.999998, 19.998999, 0.34999967, 0.34999979, 0.34999990, 0.34999996, 0.34999999, 0.34999999, 0.34999999, 0.34999999, 0.34999999, 0.34999499, 0.99999756
0.32862568, 1.0000000, 0.90081763, 8.4138203, 9.4970751, 9.7063866, 9.9018440, 9.9488440, 9.9791479, 19.996374, 19.999058, 19.999512, 19.975185, 0.33413821, 0.34497076, 0.34706387, 0.34901845, 0.34948844, 0.34979147, 0.34998187, 0.34999529, 0.34999755, 0.34987593, 0.90081763
0.29146236, 1.0000000, 0.76616800, 5.8510675, 9.3538847, 9.5889626, 9.8065939, 9.8924513, 9.9519587, 19.989370, 19.997227, 19.997459, 19.952719, 0.30850247, 0.34353101, 0.34588560, 0.34806511, 0.34892410, 0.34951943, 0.34994686, 0.34998614, 0.34998730, 0.34976360, 0.76616800
0.35582793, 1.0000000, 0.99937654, 9.9924040, 9.9954462, 9.9977207, 9.9995461, 9.9997702, 9.9999247, 19.999998, 19.999998, 19.999998, 19.994993, 0.34991425, 0.34994859, 0.34997424, 0.34999487, 0.34999740, 0.34999916, 0.34999999, 0.34999999, 0.34999999, 0.34997496, 0.99937654
0.35398555, 1.0000000, 0.99270117, 9.9943047, 9.8829002, 9.7827711, 9.9379396, 9.9681406, 9.9878139, 19.998533, 19.999622, 19.999811, 19.982063, 0.34994268, 0.34882879, 0.34782758, 0.34937936, 0.34968141, 0.34987813, 0.34999266, 0.34999812, 0.34999907, 0.34991032, 0.99270117
0.33658206, 1.0000000, 0.92964512, 8.9338713, 9.5825863, 9.7256479, 9.8991928, 9.9461966, 9.9787712, 19.997442, 19.999344, 19.998667, 19.959152, 0.33933643, 0.34582436, 0.34725574, 0.34899178, 0.34946188, 0.34978768, 0.34998721, 0.34999672, 0.34999335, 0.34979576, 0.92964512
0.34073883, 1.0000000, 0.94470590, 9.2112103, 9.5943451, 9.7716084, 9.9336748, 9.9659214, 9.9868078, 19.998241, 19.999535, 19.999792, 19.982063, 0.34211177, 0.34594324, 0.34771597, 0.34933671, 0.34965920, 0.34986809, 0.34999120, 0.34999767, 0.34999895, 0.34991032, 0.94470590
0.31484491, 1.0000000, 0.85088736, 7.4829931, 9.4227962, 9.6456528, 9.8563175, 9.9225702, 9.9674025, 19.994047, 19.998455, 19.998453, 19.959105, 0.32482135, 0.34422147, 0.34645322, 0.34856248, 0.34922537, 0.34967390, 0.34997022, 0.34999228, 0.34999228, 0.34979552, 0.85088736
0.27021328, 1.0000000, 0.68917847, 4.3851347, 9.2682905, 9.5249596, 9.7616959, 9.8635178, 9.9382305, 19.986977, 19.996593, 19.994808, 19.938223, 0.29384616, 0.34267634, 0.34524623, 0.34761629, 0.34863481, 0.34938219, 0.34993488, 0.34998298, 0.34997404, 0.34969112, 0.68917847
0.22800848, 1.0000000, 0.53626257, 2.3489923, 7.6141839, 9.4447289, 9.6901541, 9.8127069, 9.9101734, 19.979759, 19.994625, 19.988348, 19.920227, 0.27348772, 0.32613754, 0.34444463, 0.34690100, 0.34812680, 0.34910163, 0.34989879, 0.34997314, 0.34994173, 0.34960115, 0.53626257
0.20209378, 1.0000000, 0.44236872, 1.5761018, 5.7581263, 9.4746113, 9.6880627, 9.8033371, 9.9001369, 19.975225, 19.993048, 19.979168, 19.905378, 0.26575974, 0.30757841, 0.34474379, 0.34688014, 0.34803313, 0.34900129, 0.34987614, 0.34996524, 0.34989583, 0.34952688, 0.44236872
0.19382566, 1.0000000, 0.41241178, 1.3692796, 5.0266838, 9.6125584, 9.7514029, 9.8362141, 9.9112768, 19.974260, 19.991852, 19.967724, 19.893581, 0.26369244, 0.30026606, 0.34612483, 0.34751388, 0.34836206, 0.34911275, 0.34987131, 0.34995925, 0.34983861, 0.34946790, 0.41241178
0.19725314, 1.0000000, 0.42483014, 2.2041440, 4.0754676, 9.5637407, 9.7413921, 9.8318224, 9.9086523, 19.970972, 19.989109, 19.954441, 19.884459, 0.27203918, 0.29075217, 0.34563446, 0.34741333, 0.34831792, 0.34908643, 0.34985486, 0.34994555, 0.34977221, 0.34942228, 0.42483014
0.18376301, 1.0000000, 0.37595293, 1.7464519, 3.2067997, 9.5695076, 9.7449980, 9.8337593, 9.9090366, 19.968584, 19.985155, 19.940519, 19.877556, 0.26745933, 0.28206229, 0.34568655, 0.34744826, 0.34833673, 0.34909007, 0.34984291, 0.34992579, 0.34970260, 0.34938776, 0.37595293
0.16168219, 0.98640120, 0.29594997, 0.87006390, 2.4159999, 8.7541342, 9.6803532, 9.7963028, 9.8914194, 19.962038, 19.978292, 19.926514, 19.872341, 0.25869885, 0.27415702, 0.33753592, 0.34680235, 0.34796244, 0.34891400, 0.34981018, 0.34989145, 0.34963256, 0.34936172, 0.29594997
0.14212216, 0.75019264, 0.22508030, 0.13676584, 1.8036067, 7.7087812, 9.6453180, 9.7723074, 9.8781919, 19.955557, 19.969419, 19.913509, 19.868517, 0.25136709, 0.26803160, 0.32707828, 0.34645081, 0.34772184, 0.34878150, 0.34977779, 0.34984711, 0.34956753, 0.34934258, 0.22508030
0.13141640, 0.62090880, 0.18629128, 0.0000000, 1.2716025, 6.6471295, 9.6261311, 9.7580242, 9.8695650, 19.949636, 19.958878, 19.902018, 19.865742, 0.24999046, 0.26271409, 0.31646621, 0.34625986, 0.34757951, 0.34869540, 0.34974819, 0.34979439, 0.34951007, 0.34932870, 0.18629128
0.12593365, 0.55469877, 0.16642627, 0.0000000, 0.99332929, 5.8711443, 9.6580343, 9.7750196, 9.8762379, 19.946857, 19.947905, 19.892508, 19.863777, 0.24999046, 0.25993130, 0.30870557, 0.34657839, 0.34774920, 0.34876207, 0.34973428, 0.34973952, 0.34946254, 0.34931889, 0.16642627
0.15796536, 0.94151634, 0.28248316, 2.0359755, 1.7472833, 5.3062701, 9.6898785, 9.7945023, 9.8851395, 19.944046, 19.936392, 19.884731, 19.862402, 0.27035564, 0.26747072, 0.30305949, 0.34689763, 0.34794444, 0.34885117, 0.34972024, 0.34968197, 0.34942365, 0.34931201, 0.28248316
0.13963380, 0.72014302, 0.21606451, 1.2129456, 1.3044864, 4.5172195, 9.6517267, 9.7737150, 9.8764353, 19.937670, 19.924129, 19.878353, 19.861362, 0.26212609, 0.26304269, 0.29516843, 0.34651566, 0.34773633, 0.34876409, 0.34968835, 0.34962064, 0.34939176, 0.34930682, 0.21606451
0.14010786, 0.72586763, 0.21778207, 1.3426632, 1.2637317, 4.2570744, 9.7474976, 9.8268461, 9.8978338, 19.934225, 19.913448, 19.873602, 19.860708, 0.26342049, 0.26263386, 0.29256490, 0.34747231, 0.34826711, 0.34897789, 0.34967113, 0.34956723, 0.34936801, 0.34930354, 0.21778207
0.13722008, 0.69099456, 0.20731911, 1.4366657, 1.0026515, 3.7737727, 9.7129965, 9.8108587, 9.8919754, 19.926617, 19.902922, 19.869770, 19.860172, 0.26436645, 0.26002643, 0.28773755, 0.34712988, 0.34810856, 0.34891975, 0.34963310, 0.34951460, 0.34934884, 0.34930086, 0.20731911
0.12651664, 0.56173891, 0.16853853, 0.95435977, 0.77362061, 3.2602594, 9.6930466, 9.7992487, 9.8863688, 19.918556, 19.893763, 19.866858, 19.859810, 0.25954199, 0.25773543, 0.28260097, 0.34692949, 0.34799197, 0.34886351, 0.34959278, 0.34946883, 0.34933430, 0.34929904, 0.16853853
0.11864688, 0.46670300, 0.14002490, 0.60548186, 0.59379935, 2.9082537, 9.5622320, 9.7966928, 9.8835344, 19.910458, 19.886070, 19.864679, 19.859556, 0.25605369, 0.25593734, 0.27908090, 0.34562126, 0.34796640, 0.34883517, 0.34955227, 0.34943035, 0.34932339, 0.34929779, 0.14002490
0.11080544, 0.37200913, 0.11161390, 0.25202632, 0.39565265, 2.6456892, 9.2844524, 9.7858486, 9.8766165, 19.901459, 19.879507, 19.863020, 19.859356, 0.25251931, 0.25395563, 0.27645388, 0.34284240, 0.34785739, 0.34876576, 0.34950730, 0.34939754, 0.34931511, 0.34929678, 0.11161390
0.10376791, 0.28702334, 0.86115614E-1, 0.0000000, 0.19283295, 2.2755027, 8.8844404, 9.7477684, 9.8586712, 19.892784, 19.874168, 19.861782, 19.859251, 0.24997979, 0.25192788, 0.27275231, 0.33884230, 0.34747651, 0.34858632, 0.34946391, 0.34937084, 0.34930891, 0.34929627, 0.86115614E-1
0.99753730E-1, 0.23854777, 0.71571492E-1, 0.0000000, 0.0000000, 1.8101364, 8.3190413, 9.6985407, 9.8331394, 19.883165, 19.869484, 19.860769, 19.859158, 0.24997979, 0.24997899, 0.26810026, 0.33318940, 0.34698480, 0.34833118, 0.34941584, 0.34934741, 0.34930384, 0.34929579, 0.71571492E-1
0.97732514E-1, 0.21413934, 0.64248227E-1, 0.0000000, 0.0000000, 1.4384151, 7.7449250, 9.6844110, 9.8222303, 19.875477, 19.866014, 19.860039, 19.859081, 0.24997979, 0.24997899, 0.26438388, 0.32744899, 0.34684393, 0.34822226, 0.34937739, 0.34933007, 0.34930021, 0.34929541, 0.64248227E-1
0.95404513E-1, 0.18602625, 0.55813454E-1, 0.0000000, 0.0000000, 1.0297149, 7.0020056, 9.6424494, 9.8003902, 19.868788, 19.863274, 19.859509, 19.859011, 0.24997979, 0.24997899, 0.26029611, 0.32001862, 0.34642351, 0.34800357, 0.34934396, 0.34931636, 0.34929755, 0.34929505, 0.55813454E-1
0.11949980, 0.47700292, 0.14311519, 1.8250436, 0.0000000, 0.83812177, 6.6079640, 9.7138214, 9.8252964, 19.861166, 19.860643, 19.858967, 19.858892, 0.26824740, 0.24997899, 0.25838080, 0.31607899, 0.34713775, 0.34825280, 0.34930584, 0.34930322, 0.34929484, 0.34929445, 0.14311519
0.10279891, 0.27532157, 0.82604736E-1, 0.71708262, 0.0000000, 0.58616102, 6.1800089, 9.7084637, 9.8219156, 19.853115, 19.858091, 19.858423, 19.858805, 0.25716090, 0.24997899, 0.25585917, 0.31179497, 0.34708062, 0.34821779, 0.34926558, 0.34929046, 0.34929210, 0.34929401, 0.82604736E-1
0.91573551E-1, 0.13976324, 0.41933164E-1, 0.0000000, 0.0000000, 0.36021471, 5.7015491, 9.6861906, 9.8119211, 19.847713, 19.856394, 19.858047, 19.858709, 0.24998067, 0.24997899, 0.25359872, 0.30700460, 0.34685266, 0.34811607, 0.34923857, 0.34928197, 0.34929025, 0.34929353, 0.41933164E-1
0.90114594E-1, 0.12214471, 0.36647078E-1, 0.0000000, 0.0000000, 0.13850629, 5.0731492, 9.6398745, 9.7905455, 19.843317, 19.855057, 19.857788, 19.858658, 0.24998067, 0.24997899, 0.25138402, 0.30072388, 0.34639153, 0.34790301, 0.34921658, 0.34927529, 0.34928894, 0.34929329, 0.36647078E-1
0.88965431E-1, 0.10826734, 0.32483451E-1, 0.0000000, 0.0000000, 0.0000000, 4.3906651, 9.6179495, 9.7780695, 19.839581, 19.853926, 19.857553, 19.858658, 0.24998067, 0.24997899, 0.24999124, 0.29389733, 0.34616926, 0.34777725, 0.34919789, 0.34926963, 0.34928778, 0.34929329, 0.32483451E-1
0.88415921E-1, 0.10163137, 0.30492460E-1, 0.0000000, 0.0000000, 0.0000000, 3.7292247, 9.6152353, 9.7749157, 19.836872, 19.853119, 19.857401, 19.858652, 0.24998067, 0.24997899, 0.24999124, 0.28728151, 0.34613854, 0.34774449, 0.34918436, 0.34926561, 0.34928700, 0.34929326, 0.30492460E-1
0.87795876E-1, 0.94143666E-1, 0.28245926E-1, 0.0000000, 0.0000000, 0.0000000, 2.9972868, 9.5844574, 9.7604570, 19.835239, 19.852623, 19.857300, 19.858658, 0.24998067, 0.24997899, 0.24999124, 0.27996784, 0.34583652, 0.34760186, 0.34917620, 0.34926313, 0.34928650, 0.34929329, 0.28245926E-1
0.87470315E-1, 0.90212166E-1, 0.27066357E-1, 0.0000000, 0.0000000, 0.0000000, 2.8014808, 9.1862087, 9.7706566, 19.836811, 19.852989, 19.857403, 19.858709, 0.24998067, 0.24997899, 0.24999124, 0.27801007, 0.34185430, 0.34770378, 0.34918407, 0.34926495, 0.34928700, 0.34929353, 0.27066357E-1
0.87162234E-1, 0.86491741E-1, 0.25950119E-1, 0.0000000, 0.0000000, 0.0000000, 2.6163368, 8.8109741, 9.7737513, 19.837770, 19.853218, 19.857491, 19.858704, 0.24998067, 0.24997899, 0.24999124, 0.27615955, 0.33810329, 0.34773514, 0.34918886, 0.34926608, 0.34928745, 0.34929353, 0.25950119E-1
0.86891040E-1, 0.83216846E-1, 0.24967551E-1, 0.0000000, 0.0000000, 0.0000000, 2.4548590, 8.4765768, 9.7821217, 19.838411, 19.853390, 19.857573, 19.858698, 0.24998067, 0.24997899, 0.24999124, 0.27454361, 0.33475715, 0.34781790, 0.34919205, 0.34926695, 0.34928787, 0.34929350, 0.24967551E-1
0.86612463E-1, 0.79852648E-1, 0.23958191E-1, 0.0000000, 0.0000000, 0.0000000, 2.2887230, 8.1356096, 9.7811947, 19.838642, 19.853449, 19.857609, 19.858698, 0.24998067, 0.24997899, 0.24999124, 0.27288392, 0.33135024, 0.34780958, 0.34919322, 0.34926724, 0.34928805, 0.34929350, 0.23958191E-1
0.86341724E-1, 0.76583274E-1, 0.22977279E-1, 0.0000000, 0.0000000, 0.0000000, 2.1322699, 7.7942991, 9.7804537, 19.839455, 19.853668, 19.857666, 19.858709, 0.24998067, 0.24997899, 0.24999124, 0.27132073, 0.32793939, 0.34780303, 0.34919727, 0.34926835, 0.34928834, 0.34929353, 0.22977279E-1
0.86067483E-1, 0.73271498E-1, 0.21983648E-1, 0.0000000, 0.0000000, 0.0000000, 1.9833088, 7.4327669, 9.7732143, 19.841627, 19.854258, 19.857807, 19.858709, 0.24998067, 0.24997899, 0.24999124, 0.26982981, 0.32432154, 0.34772944, 0.34920815, 0.34927130, 0.34928903, 0.34929353, 0.21983648E-1
0.85832879E-1, 0.70438340E-1, 0.21133617E-1, 0.0000000, 0.0000000, 0.0000000, 1.8620729, 7.1061869, 9.7779884, 19.844007, 19.854912, 19.857960, 19.858709, 0.24998067, 0.24997899, 0.24999124, 0.26861933, 0.32105923, 0.34777865, 0.34922004, 0.34927458, 0.34928980, 0.34929353, 0.21133617E-1
0.10829134, 0.34164864, 0.10250484, 1.6334325, 0.0000000, 0.0000000, 1.8243968, 6.9813137, 9.8256912, 19.845114, 19.855225, 19.858036, 19.858709, 0.26632941, 0.24997899, 0.24999124, 0.26824364, 0.31981251, 0.34825662, 0.34922558, 0.34927613, 0.34929019, 0.34929353, 0.10250484
0.98984212E-1, 0.22925501, 0.68783380E-1, 0.96821785, 0.0000000, 0.0000000, 1.7482907, 6.8435330, 9.8339996, 19.843719, 19.854887, 19.857954, 19.858709, 0.25967139, 0.24997899, 0.24999124, 0.26748174, 0.31843305, 0.34833890, 0.34921861, 0.34927443, 0.34928977, 0.34929353, 0.68783380E-1
0.86579800E-1, 0.79458266E-1, 0.23839865E-1, 0.83565712E-1, 0.0000000, 0.0000000, 1.6119242, 6.6222663, 9.8115921, 19.840078, 19.853928, 19.857683, 19.858652, 0.25083333, 0.24997899, 0.24999124, 0.26611656, 0.31621715, 0.34811321, 0.34920040, 0.34926963, 0.34928840, 0.34929326, 0.23839865E-1
0.85101426E-1, 0.61605241E-1, 0.18483421E-1, 0.0000000, 0.0000000, 0.0000000, 1.4175028, 6.2341418, 9.7639923, 19.837194, 19.853136, 19.857477, 19.858652, 0.24997891, 0.24997899, 0.24999124, 0.26417169, 0.31233406, 0.34763607, 0.34918597, 0.34926569, 0.34928739, 0.34929326, 0.18483421E-1
0.84737882E-1, 0.57215076E-1, 0.17166240E-1, 0.0000000, 0.0000000, 0.0000000, 1.2108356, 5.7783546, 9.7377081, 19.834076, 19.852293, 19.857265, 19.858622, 0.24997891, 0.24997899, 0.24999124, 0.26210469, 0.30777481, 0.34737220, 0.34917039, 0.34926146, 0.34928632, 0.34929311, 0.17166240E-1
0.84399641E-1, 0.53130500E-1, 0.15940744E-1, 0.0000000, 0.0000000, 0.0000000, 1.0267943, 5.3318577, 9.7327480, 19.832161, 19.851742, 19.857130, 19.858599, 0.24997891, 0.24997899, 0.24999124, 0.26026300, 0.30330575, 0.34731966, 0.34916079, 0.34925872, 0.34928566, 0.34929299, 0.15940744E-1
0.84067352E-1, 0.49117677E-1, 0.14736777E-1, 0.0000000, 0.0000000, 0.0000000, 0.85376203, 4.8765898, 9.7256374, 19.831068, 19.851408, 19.857071, 19.858593, 0.24997891, 0.24997899, 0.24999124, 0.25853494, 0.29875821, 0.34725127, 0.34915534, 0.34925705, 0.34928536, 0.34929296, 0.14736777E-1
0.83738446E-1, 0.45145802E-1, 0.13545095E-1, 0.0000000, 0.0000000, 0.0000000, 0.69116354, 4.4101076, 9.7172832, 19.830460, 19.851221, 19.857042, 19.858587, 0.24997891, 0.24997899, 0.24999124, 0.25690919, 0.29409322, 0.34716707, 0.34915230, 0.34925610, 0.34928522, 0.34929293, 0.13545095E-1
0.83462521E-1, 0.41813716E-1, 0.12545370E-1, 0.0000000, 0.0000000, 0.0000000, 0.54996312, 4.0211291, 9.7323675, 19.829401, 19.850922, 19.856976, 19.858574, 0.24997891, 0.24997899, 0.24999124, 0.25549722, 0.29020250, 0.34731659, 0.34914702, 0.34925461, 0.34928489, 0.34929287, 0.12545370E-1
0.83155409E-1, 0.38105026E-1, 0.11432651E-1, 0.0000000, 0.0000000, 0.0000000, 0.38869083, 3.6085756, 9.7217827, 19.826591, 19.850149, 19.856775, 19.858547, 0.24997891, 0.24997899, 0.24999124, 0.25387347, 0.28606907, 0.34720501, 0.34913242, 0.34925058, 0.34928384, 0.34929273, 0.11432651E-1
0.82831383E-1, 0.34192067E-1, 0.10258646E-1, 0.0000000, 0.0000000, 0.0000000, 0.22736788, 3.1536646, 9.7045689, 19.823942, 19.849396, 19.856575, 19.858494, 0.24997891, 0.24997899, 0.24999124, 0.25226238, 0.28152183, 0.34703311, 0.34911925, 0.34924686, 0.34928283, 0.34929246, 0.10258646E-1
0.82555860E-1, 0.30864768E-1, 0.92603564E-2, 0.0000000, 0.0000000, 0.0000000, 0.78940392E-1, 2.8398962, 9.5376520, 19.821867, 19.848804, 19.856405, 19.858458, 0.24997891, 0.24997899, 0.24999124, 0.25078005, 0.27838698, 0.34536591, 0.34910893, 0.34924391, 0.34928200, 0.34929228, 0.92603564E-2
0.82345612E-1, 0.28325845E-1, 0.84986035E-2, 0.0000000, 0.0000000, 0.0000000, 0.0000000, 2.5848894, 9.2480259, 19.820484, 19.848370, 19.856300, 19.858452, 0.24997891, 0.24997899, 0.24999124, 0.24999894, 0.27583480, 0.34246767, 0.34910187, 0.34924170, 0.34928146, 0.34929225, 0.84986035E-2
0.82209833E-1, 0.26686192E-1, 0.80066584E-2, 0.0000000, 0.0000000, 0.0000000, 0.0000000, 2.3506999, 8.9658804, 19.820271, 19.848246, 19.856264, 19.858433, 0.24997891, 0.24997899, 0.24999124, 0.24999894, 0.27349555, 0.33964649, 0.34910110, 0.34924117, 0.34928128, 0.34929216, 0.80066584E-2
0.82075402E-1, 0.25062727E-1, 0.75195702E-2, 0.0000000, 0.0000000, 0.0000000, 0.0000000, 2.1217556, 8.6786642, 19.819525, 19.848005, 19.856188, 19.858433, 0.24997891, 0.24997899, 0.24999124, 0.24999894, 0.27120560, 0.33677459, 0.34909713, 0.34923992, 0.34928092, 0.34929216, 0.75195702E-2
0.81950627E-1, 0.23555998E-1, 0.70675062E-2, 0.0000000, 0.0000000, 0.0000000, 0.0000000, 1.9137472, 8.3976469, 19.820358, 19.848169, 19.856230, 19.858458, 0.24997891, 0.24997899, 0.24999124, 0.24999894, 0.26912841, 0.33396488, 0.34910163, 0.34924081, 0.34928113, 0.34929228, 0.70675062E-2
0.81812054E-1, 0.21882582E-1, 0.65654311E-2, 0.0000000, 0.0000000, 0.0000000, 0.0000000, 1.6891539, 8.0660429, 19.822329, 19.848688, 19.856365, 19.858469, 0.24997891, 0.24997899, 0.24999124, 0.24999894, 0.26688579, 0.33065125, 0.34911165, 0.34924343, 0.34928182, 0.34929234, 0.65654311E-2
0.81714682E-1, 0.20706665E-1, 0.62126210E-2, 0.0000000, 0.0000000, 0.0000000, 0.0000000, 1.5365183, 7.8173637, 19.825872, 19.849642, 19.856623, 19.858500, 0.24997891, 0.24997899, 0.24999124, 0.24999894, 0.26536161, 0.32816759, 0.34912938, 0.34924820, 0.34928310, 0.34929249, 0.62126210E-2
0.81591368E-1, 0.19217497E-1, 0.57658260E-2, 0.0000000, 0.0000000, 0.0000000, 0.0000000, 1.3449758, 7.4977379, 19.826933, 19.849974, 19.856705, 19.858511, 0.24997891, 0.24997899, 0.24999124, 0.24999894, 0.26344767, 0.32497349, 0.34913465, 0.34924987, 0.34928352, 0.34929255, 0.57658260E-2
0.81481554E-1, 0.17891392E-1, 0.53679543E-2, 0.0000000, 0.0000000, 0.0000000, 0.0000000, 1.1805862, 7.1950655, 19.829004, 19.850550, 19.856834, 19.858553, 0.24997891, 0.24997899, 0.24999124, 0.24999894, 0.26180404, 0.32194695, 0.34914503, 0.34925276, 0.34928417, 0.34929276, 0.53679543E-2
0.81378222E-1, 0.16643509E-1, 0.49935523E-2, 0.0000000, 0.0000000, 0.0000000, 0.0000000, 1.0259598, 6.9101777, 19.828398, 19.850431, 19.856806, 19.858547, 0.24997891, 0.24997899, 0.24999124, 0.24999894, 0.26025778, 0.31909770, 0.34914199, 0.34925216, 0.34928402, 0.34929273, 0.49935523E-2
0.81288882E-1, 0.15564699E-1, 0.46698768E-2, 0.0000000, 0.0000000, 0.0000000, 0.0000000, 0.89459419, 6.6587744, 19.827700, 19.850290, 19.856764, 19.858511, 0.24997891, 0.24997899, 0.24999124, 0.24999894, 0.25894019, 0.31657696, 0.34913835, 0.34925142, 0.34928381, 0.34929255, 0.46698768E-2
0.81185371E-1, 0.14314657E-1, 0.42948266E-2, 0.0000000, 0.0000000, 0.0000000, 0.0000000, 0.74934959, 6.3423114, 19.827652, 19.850277, 19.856752, 19.858517, 0.24997891, 0.24997899, 0.24999124, 0.24999894, 0.25749227, 0.31341970, 0.34913826, 0.34925139, 0.34928375, 0.34929258, 0.42948266E-2
0.83753206E-1, 0.45324046E-1, 0.13598574E-1, 0.18962920, 0.0000000, 0.0000000, 0.0000000, 0.69772303, 6.2133579, 19.831516, 19.851303, 19.857037, 19.858587, 0.25188911, 0.24997899, 0.24999124, 0.24999894, 0.25697643, 0.31213123, 0.34915757, 0.34925652, 0.34928519, 0.34929293, 0.13598574E-1
0.81103817E-1, 0.13329827E-1, 0.39993483E-2, 0.0000000, 0.0000000, 0.0000000, 0.0000000, 0.64207315, 6.0729132, 19.834063, 19.852018, 19.857246, 19.858646, 0.24982300, 0.24997899, 0.24999124, 0.24999894, 0.25642002, 0.31072691, 0.34917033, 0.34926009, 0.34928623, 0.34929323, 0.39993483E-2
0.81027910E-1, 0.12413154E-1, 0.37243189E-2, 0.0000000, 0.0000000, 0.0000000, 0.0000000, 0.53753257, 5.8368521, 19.831617, 19.851408, 19.857084, 19.858622, 0.24982300, 0.24997899, 0.24999124, 0.24999894, 0.25537410, 0.30836406, 0.34915808, 0.34925705, 0.34928542, 0.34929311, 0.37243189E-2
0.80937997E-1, 0.11327391E-1, 0.33985572E-2, 0.0000000, 0.0000000, 0.0000000, 0.0000000, 0.41439235, 5.5589476, 19.826759, 19.850155, 19.856764, 19.858553, 0.24982300, 0.24997899, 0.24999124, 0.24999894, 0.25413245, 0.30557379, 0.34913296, 0.34925056, 0.34928375, 0.34929276, 0.33985572E-2
0.80848083E-1, 0.10241538E-1, 0.30727687E-2, 0.0000000, 0.0000000, 0.0000000, 0.0000000, 0.29277802, 5.2760277, 19.821724, 19.848759, 19.856419, 19.858446, 0.24982300, 0.24997899, 0.24999124, 0.24999894, 0.25290704, 0.30273426, 0.34910697, 0.34924334, 0.34928197, 0.34929219, 0.30727687E-2
0.12143219, 0.50033873, 0.15011664, 2.9502630, 0.0000000, 0.0000000, 0.0000000, 0.25167465, 5.1535416, 19.826300, 19.849901, 19.856710, 19.858500, 0.27943259, 0.24997899, 0.24999124, 0.24999894, 0.25251326, 0.30153334, 0.34913117, 0.34924942, 0.34928352, 0.34929249, 0.15011664
0.19525658, 1.0000000, 0.41759628, 2.4960439, 4.4255552, 7.6165566, 9.0277367, 9.2814274, 9.5491095, 19.831665, 19.851328, 19.857071, 19.858599, 0.27496034, 0.29425547, 0.32616547, 0.34027734, 0.34281427, 0.34549111, 0.34915832, 0.34925663, 0.34928536, 0.34929299, 0.41759628
0.16680714, 1.0000000, 0.31451863, 1.6836733, 2.3616819, 7.4528604, 9.4685993, 9.6127367, 9.7512922, 19.832628, 19.851635, 19.857164, 19.858629, 0.26683581, 0.27361605, 0.32452735, 0.34468567, 0.34612721, 0.34751287, 0.34916314, 0.34925818, 0.34928581, 0.34929314, 0.31451863
0.15886071, 0.95232874, 0.28572720, 1.3968140, 2.1820843, 6.8042593, 9.6297073, 9.7271605, 9.8155174, 19.836731, 19.852766, 19.857443, 19.858709, 0.26396543, 0.27181831, 0.31803861, 0.34629595, 0.34727105, 0.34815499, 0.34918365, 0.34926385, 0.34928721, 0.34929353, 0.28572720
0.14029305, 0.72810400, 0.21845305, 0.63837767, 1.6603112, 5.8909187, 9.6179419, 9.7315073, 9.8231916, 19.836143, 19.852650, 19.857418, 19.858683, 0.25638366, 0.26660293, 0.30890885, 0.34617934, 0.34731501, 0.34823188, 0.34918073, 0.34926325, 0.34928709, 0.34929341, 0.21845305
0.12482350, 0.54129249, 0.16240399, 0.11256337E-1, 1.2247503, 5.1118746, 9.6314363, 9.7419529, 9.8285751, 19.835356, 19.852484, 19.857365, 19.858675, 0.25011256, 0.26224735, 0.30111840, 0.34631425, 0.34741947, 0.34828570, 0.34917676, 0.34926242, 0.34928682, 0.34929338, 0.16240399
0.13118508, 0.61811554, 0.18545321, 0.76739490, 0.97302198, 4.6192532, 9.6832829, 9.7723970, 9.8414879, 19.836575, 19.852806, 19.857449, 19.858709, 0.25767151, 0.25972834, 0.29618812, 0.34683096, 0.34772304, 0.34841454, 0.34918287, 0.34926403, 0.34928724, 0.34929353, 0.18545321
0.16067293, 0.97421318, 0.29229319, 2.3294077, 2.1196022, 4.2330503, 9.7106276, 9.7897949, 9.8491268, 19.837727, 19.853138, 19.857555, 19.858709, 0.27329379, 0.27119586, 0.29233035, 0.34710622, 0.34789792, 0.34849125, 0.34918863, 0.34926569, 0.34928778, 0.34929353, 0.29229319
0.14815958, 0.82310098, 0.24695499, 1.7437607, 1.8092424, 3.8146434, 9.7080078, 9.7899361, 9.8498344, 19.838203, 19.853296, 19.857603, 19.858709, 0.26737148, 0.26805839, 0.28812814, 0.34707075, 0.34789461, 0.34849602, 0.34919062, 0.34926638, 0.34928799, 0.34929353, 0.24695499
0.13483973, 0.66224933, 0.19869468, 1.1250138, 1.4607072, 3.3318174, 9.6887655, 9.7799263, 9.8465939, 19.838448, 19.853384, 19.857609, 19.858704, 0.26124856, 0.26460585, 0.28331676, 0.34688684, 0.34779885, 0.34846580, 0.34919223, 0.34926692, 0.34928805, 0.34929353, 0.19869468
0.11700250, 0.44684544, 0.13406704, 0.28857291, 0.96333027, 2.8537273, 9.4663715, 9.7517290, 9.8342142, 19.835680, 19.852673, 19.857424, 19.858646, 0.25288504, 0.25963190, 0.27853522, 0.34466234, 0.34751657, 0.34834191, 0.34917840, 0.34926337, 0.34928712, 0.34929323, 0.13406704
0.10691282, 0.32500154, 0.97510211E-1, 0.0000000, 0.46474040, 2.4602680, 9.0584574, 9.7283211, 9.8232851, 19.832800, 19.851910, 19.857225, 19.858616, 0.24996793, 0.25464532, 0.27459750, 0.34058076, 0.34728116, 0.34823218, 0.34916401, 0.34925956, 0.34928614, 0.34929308, 0.97510211E-1
0.10166014, 0.26156977, 0.78478776E-1, 0.0000000, 0.42849779E-1, 2.1254241, 8.6689920, 9.7256508, 9.8206148, 19.830713, 19.851339, 19.857096, 19.858599, 0.24996793, 0.25038001, 0.27122602, 0.33667442, 0.34724846, 0.34820235, 0.34915298, 0.34925655, 0.34928545, 0.34929299, 0.78478776E-1
0.99751987E-1, 0.23852670, 0.71565166E-1, 0.0000000, 0.0000000, 1.8170446, 8.2874136, 9.7266169, 9.8200874, 19.829321, 19.850922, 19.856970, 19.858574, 0.24996793, 0.24999966, 0.26813999, 0.33285621, 0.34725660, 0.34819651, 0.34914601, 0.34925446, 0.34928483, 0.34929287, 0.71565166E-1
0.98289922E-1, 0.22087066, 0.66267826E-1, 0.0000000, 0.0000000, 1.5377313, 7.9191370, 9.7289829, 9.8207884, 19.828777, 19.850744, 19.856924, 19.858568, 0.24996793, 0.24999966, 0.26534295, 0.32917130, 0.34727904, 0.34820294, 0.34914318, 0.34925354, 0.34928456, 0.34929284, 0.66267826E-1
0.97044170E-1, 0.20582689, 0.61754245E-1, 0.0000000, 0.0000000, 1.3039291, 7.5722451, 9.7335901, 9.8235550, 19.829918, 19.851027, 19.857012, 19.858599, 0.24996793, 0.24999966, 0.26302013, 0.32571021, 0.34732908, 0.34823257, 0.34914923, 0.34925506, 0.34928504, 0.34929299, 0.61754245E-1
0.95266417E-1, 0.18435860, 0.55313110E-1, 0.0000000, 0.0000000, 0.96971095, 7.1040249, 9.7011328, 9.8098402, 19.827953, 19.850492, 19.856848, 19.858562, 0.24996793, 0.24999966, 0.25969651, 0.32103938, 0.34701073, 0.34809819, 0.34913975, 0.34925246, 0.34928423, 0.34929281, 0.55313110E-1
0.93479402E-1, 0.16277841, 0.48838407E-1, 0.0000000, 0.0000000, 0.64057410, 6.6012754, 9.6845455, 9.8011045, 19.825172, 19.849726, 19.856647, 19.858494, 0.24996793, 0.24999966, 0.25640514, 0.31601155, 0.34684455, 0.34801075, 0.34912586, 0.34924862, 0.34928325, 0.34929246, 0.48838407E-1
0.91643050E-1, 0.14060247, 0.42184960E-1, 0.0000000, 0.0000000, 0.31836927, 6.0275779, 9.6628532, 9.7907362, 19.822702, 19.849012, 19.856459, 19.858463, 0.24996793, 0.24999966, 0.25314832, 0.31025121, 0.34661382, 0.34790087, 0.34911272, 0.34924486, 0.34928223, 0.34929231, 0.42184960E-1
0.91011748E-1, 0.13297881, 0.39897636E-1, 0.0000000, 0.0000000, 0.22371411, 5.6855788, 9.7202930, 9.8166389, 19.828409, 19.850492, 19.856834, 19.858553, 0.24996793, 0.24999966, 0.25223619, 0.30685094, 0.34719878, 0.34816501, 0.34914204, 0.34925246, 0.34928417, 0.34929276, 0.39897636E-1
0.13079390, 0.61339146, 0.18403585, 2.3310423, 0.94863176, 0.19283891, 5.5142369, 9.7825689, 9.8444099, 19.834558, 19.852131, 19.857283, 19.858675, 0.27330929, 0.25948605, 0.25192836, 0.30514222, 0.34782556, 0.34844404, 0.34917280, 0.34926066, 0.34928641, 0.34929338, 0.18403585
0.17388502, 1.0000000, 0.34016308, 2.4010150, 3.9829166, 3.6760371, 8.6134882, 9.8107224, 9.8579264, 19.838840, 19.853325, 19.857592, 19.858709, 0.27401000, 0.28982902, 0.28676030, 0.33613485, 0.34810719, 0.34857926, 0.34919420, 0.34926662, 0.34928796, 0.34929353, 0.34016308
0.35404426, 1.0000000, 0.99291402, 9.9999990, 9.9872265, 9.6429567, 9.6569777, 9.8328743, 9.8682241, 19.842438, 19.854357, 19.857861, 19.858709, 0.34999979, 0.34987214, 0.34642950, 0.34656978, 0.34832874, 0.34868222, 0.34921220, 0.34927177, 0.34928930, 0.34929353, 0.99291402
0.35599959, 1.0000000, 0.99999839, 9.9999990, 9.9999962, 9.9999990, 9.9999990, 9.9999990, 9.9999990, 19.999998, 19.999102, 19.866455, 19.858709, 0.34999979, 0.34999985, 0.34999993, 0.34999999, 0.34999999, 0.34999999, 0.34999999, 0.34999549, 0.34933227, 0.34929353, 0.99999839
0.34605032, 1.0000000, 0.96395034, 9.5000134, 9.7143774, 9.8450985, 9.9591846, 9.9792261, 9.9921341, 19.999075, 19.999767, 19.999868, 19.984043, 0.34500006, 0.34714371, 0.34845096, 0.34959185, 0.34979227, 0.34992135, 0.34999537, 0.34999883, 0.34999934, 0.34992021, 0.96395034
0.33005702, 1.0000000, 0.90600359, 8.4845772, 9.5410290, 9.7280922, 9.9044981, 9.9497328, 9.9795961, 19.996691, 19.999146, 19.998775, 19.960974, 0.33484507, 0.34540978, 0.34728068, 0.34904492, 0.34949729, 0.34979597, 0.34998345, 0.34999573, 0.34999388, 0.34980488, 0.90600359
0.32092464, 1.0000000, 0.87291533, 7.7932510, 9.5868330, 9.7421341, 9.8787546, 9.9331350, 9.9702692, 19.993521, 19.998323, 19.995598, 19.939953, 0.32793182, 0.34586781, 0.34742108, 0.34878749, 0.34933132, 0.34970269, 0.34996760, 0.34999162, 0.34997800, 0.34969977, 0.87291533
0.30363876, 1.0000000, 0.81028533, 6.6074347, 9.5259552, 9.6973133, 9.8370457, 9.9066925, 9.9551868, 19.987894, 19.996756, 19.989517, 19.921717, 0.31597823, 0.34520960, 0.34694767, 0.34835780, 0.34906045, 0.34954858, 0.34993887, 0.34998363, 0.34994754, 0.34960860, 0.81028533
0.28766519, 1.0000000, 0.75241011, 5.4545097, 9.5229998, 9.6855288, 9.8175116, 9.8909578, 9.9447126, 19.983107, 19.995234, 19.980577, 19.906582, 0.30446690, 0.34518889, 0.34683433, 0.34816480, 0.34890431, 0.34944448, 0.34991506, 0.34997606, 0.34990287, 0.34953290, 0.75241011
0.24906781, 1.0000000, 0.61256450, 2.9696674, 9.1030960, 9.5246239, 9.7268772, 9.8345394, 9.9142532, 19.971586, 19.991390, 19.968613, 19.894390, 0.27958739, 0.34097290, 0.34521657, 0.34725413, 0.34833795, 0.34913874, 0.34985724, 0.34995678, 0.34984300, 0.34947196, 0.61256450
0.21529135, 1.0000000, 0.49018604, 1.7070740, 7.1470132, 9.4524479, 9.6717119, 9.7944479, 9.8906260, 19.961000, 19.986719, 19.954908, 19.884954, 0.26706961, 0.32146734, 0.34452263, 0.34671673, 0.34794429, 0.34890619, 0.34980500, 0.34993359, 0.34977454, 0.34942478, 0.49018604
0.18050054, 1.0000000, 0.36413237, 0.47584176, 5.0247750, 9.4085274, 9.6328945, 9.7646742, 9.8713760, 19.949736, 19.980299, 19.940372, 19.877779, 0.25475806, 0.30024540, 0.34408307, 0.34632850, 0.34764650, 0.34871367, 0.34974867, 0.34990150, 0.34970185, 0.34938890, 0.36413237
0.15784152, 0.94002092, 0.28203449, 0.0000000, 3.0826576, 9.4060516, 9.6338844, 9.7610130, 9.8681746, 19.944988, 19.973677, 19.926451, 19.872530, 0.24995822, 0.28082412, 0.34405676, 0.34633806, 0.34760973, 0.34868163, 0.34972495, 0.34986839, 0.34963226, 0.34936264, 0.28203449
0.14683977, 0.80716282, 0.24217308, 0.0000000, 2.2858171, 8.3447552, 9.6228724, 9.7533016, 9.8635502, 19.940063, 19.965088, 19.913492, 19.868633, 0.24995822, 0.27285764, 0.33344659, 0.34622851, 0.34753290, 0.34863546, 0.34970033, 0.34982544, 0.34956747, 0.34934318, 0.24217308
0.13972703, 0.72126871, 0.21640226, 0.0000000, 1.8336803, 7.5241771, 9.6490822, 9.7680750, 9.8689175, 19.936327, 19.955111, 19.902092, 19.865835, 0.24995822, 0.26833606, 0.32524025, 0.34649044, 0.34768054, 0.34868911, 0.34968165, 0.34977555, 0.34951046, 0.34932917, 0.21640226
0.12893660, 0.59096265, 0.17730653, 0.0000000, 1.0490268, 6.5142779, 9.6044884, 9.7412586, 9.8520985, 19.922939, 19.941383, 19.891779, 19.863659, 0.24995822, 0.26043287, 0.31510854, 0.34602869, 0.34740433, 0.34851694, 0.34961399, 0.34970674, 0.34945884, 0.34931830, 0.17730653
0.11979852, 0.48061034, 0.14419752, 0.0000000, 0.42322278, 5.5988669, 9.6076899, 9.7401428, 9.8480177, 19.911970, 19.927685, 19.883425, 19.862114, 0.24995822, 0.25401902, 0.30587062, 0.34601834, 0.34737158, 0.34846523, 0.34955722, 0.34963775, 0.34941694, 0.34931052, 0.14419752
0.11249480, 0.39241001, 0.11773477, 0.0000000, 0.0000000, 4.6318464, 9.5982599, 9.7329941, 9.8438406, 19.903145, 19.914839, 19.876896, 19.861055, 0.24995822, 0.24999443, 0.29628354, 0.34596527, 0.34732109, 0.34843409, 0.34951502, 0.34957403, 0.34938443, 0.34930527, 0.11773477
0.10919826, 0.35260075, 0.10579081, 0.0000000, 0.0000000, 3.8319962, 9.6112080, 9.7398758, 9.8443670, 19.893843, 19.902809, 19.871790, 19.860308, 0.24995822, 0.24999443, 0.28828770, 0.34609568, 0.34739041, 0.34843972, 0.34946859, 0.34951389, 0.34935892, 0.34930155, 0.10579081
0.10493099, 0.30106881, 0.90329677E-1, 0.0000000, 0.0000000, 2.8740883, 9.3230038, 9.6918640, 9.8172798, 19.875099, 19.889606, 19.867212, 19.859604, 0.24995822, 0.24999443, 0.27862507, 0.34316999, 0.34688795, 0.34815755, 0.34937286, 0.34944734, 0.34933588, 0.34929797, 0.90329677E-1
0.10182048, 0.26350594, 0.79059690E-1, 0.0000000, 0.0000000, 2.2435725, 8.7060776, 9.6717005, 9.8028679, 19.859491, 19.878618, 19.863779, 19.859152, 0.24995822, 0.24999443, 0.27236471, 0.33702335, 0.34669775, 0.34801921, 0.34929585, 0.34939268, 0.34931877, 0.34929574, 0.79059690E-1
0.98825589E-1, 0.22733943, 0.68208650E-1, 0.0000000, 0.0000000, 1.6543418, 8.0394583, 9.6550169, 9.7927389, 19.848351, 19.870247, 19.861382, 19.858850, 0.24995822, 0.24999443, 0.26648283, 0.33036163, 0.34653300, 0.34791905, 0.34924039, 0.34935087, 0.34930682, 0.34929422, 0.68208650E-1
0.96247286E-1, 0.19620359, 0.58866967E-1, 0.0000000, 0.0000000, 1.1673808, 7.3355455, 9.6413612, 9.7867908, 19.843554, 19.864820, 19.859934, 19.858709, 0.24995822, 0.24999443, 0.26167092, 0.32335183, 0.34641123, 0.34786710, 0.34921777, 0.34932411, 0.34929967, 0.34929353, 0.58866967E-1
0.94514742E-1, 0.17528135, 0.52589662E-1, 0.0000000, 0.0000000, 0.86114705, 6.7594795, 9.6647110, 9.7971296, 19.842457, 19.861481, 19.859098, 19.858652, 0.24995822, 0.24999443, 0.25861073, 0.31759360, 0.34664625, 0.34797099, 0.34921229, 0.34930742, 0.34929550, 0.34929326, 0.52589662E-1
0.92371710E-1, 0.14940184, 0.44825036E-1, 0.0000000, 0.0000000, 0.49006939, 6.0468607, 9.6290264, 9.7812548, 19.838238, 19.858166, 19.858292, 19.858593, 0.24995822, 0.24999443, 0.25490040, 0.31046790, 0.34628969, 0.34781235, 0.34919119, 0.34929082, 0.34929144, 0.34929296, 0.44825036E-1
0.91261886E-1, 0.13599955, 0.40803947E-1, 0.0000000, 0.0000000, 0.32313168, 5.5192037, 9.6679211, 9.7983646, 19.839773, 19.856981, 19.858046, 19.858635, 0.24995822, 0.24999443, 0.25323075, 0.30519012, 0.34667751, 0.34798309, 0.34919888, 0.34928492, 0.34929022, 0.34929317, 0.40803947E-1
0.12187821, 0.50572485, 0.15173264, 2.2466123, 0.0000000, 0.26881695, 5.2745895, 9.7544374, 9.8354034, 19.843060, 19.856789, 19.858107, 19.858709, 0.27246547, 0.24999443, 0.25268814, 0.30274579, 0.34754428, 0.34835401, 0.34921530, 0.34928393, 0.34929055, 0.34929353, 0.15173264
0.15642455, 0.92290956, 0.27690056, 2.3103147, 2.8927863, 2.3487000, 6.5827098, 9.8002739, 9.8562984, 19.845806, 19.856819, 19.858194, 19.858709, 0.27310237, 0.27892730, 0.27348676, 0.31582698, 0.34800264, 0.34856296, 0.34922904, 0.34928411, 0.34929097, 0.34929353, 0.27690056
0.14977725, 0.84263611, 0.25281611, 1.9828409, 2.6948185, 2.2566080, 6.4432068, 9.8132133, 9.8628883, 19.846867, 19.856630, 19.858194, 19.858709, 0.26982835, 0.27694812, 0.27256605, 0.31443208, 0.34813213, 0.34862888, 0.34923434, 0.34928316, 0.34929097, 0.34929353, 0.25281611
0.13802707, 0.70073986, 0.21024299, 1.4181435, 2.3235500, 2.0826907, 6.2549930, 9.7975311, 9.8574085, 19.846113, 19.856136, 19.858095, 19.858709, 0.26418132, 0.27323538, 0.27082685, 0.31254989, 0.34797528, 0.34857410, 0.34923056, 0.34928069, 0.34929049, 0.34929353, 0.21024299
0.12824596, 0.58262235, 0.17480420, 0.95960796, 2.0036519, 1.9272357, 6.0653663, 9.7929077, 9.8557978, 19.845810, 19.855854, 19.858084, 19.858709, 0.25959530, 0.27003554, 0.26927188, 0.31065336, 0.34792882, 0.34855789, 0.34922904, 0.34927928, 0.34929043, 0.34929353, 0.17480420
0.11370903, 0.40707323, 0.12213419, 0.29889345, 1.5052676, 1.6727507, 5.7950945, 9.7612162, 9.8424759, 19.843170, 19.855009, 19.857878, 19.858683, 0.25298846, 0.26505125, 0.26672670, 0.30795038, 0.34761170, 0.34842461, 0.34921587, 0.34927505, 0.34928939, 0.34929341, 0.12213419
0.10623358, 0.31679896, 0.95049195E-1, 0.0000000, 1.2041867, 1.5103757, 5.5643849, 9.7699013, 9.8453217, 19.842979, 19.854864, 19.857861, 19.858709, 0.24999553, 0.26204121, 0.26510334, 0.30564356, 0.34769875, 0.34845313, 0.34921491, 0.34927434, 0.34928930, 0.34929353, 0.95049195E-1
0.10196929, 0.26530305, 0.79598874E-1, 0.0000000, 0.82564354, 1.2941152, 5.2909031, 9.7535658, 9.8383312, 19.841412, 19.854391, 19.857744, 19.858692, 0.24997775, 0.25825545, 0.26294038, 0.30290839, 0.34753510, 0.34838310, 0.34920704, 0.34927195, 0.34928873, 0.34929347, 0.79598874E-1
0.97756363E-1, 0.21442737, 0.64334646E-1, 0.0000000, 0.45737028, 1.0731429, 4.9954739, 9.7443171, 9.8333092, 19.839437, 19.853815, 19.857607, 19.858669, 0.24997775, 0.25457311, 0.26073071, 0.29995409, 0.34744254, 0.34833288, 0.34919718, 0.34926909, 0.34928805, 0.34929335, 0.64334646E-1
0.94748415E-1, 0.17810316, 0.53436294E-1, 0.0000000, 0.21087825, 0.89797676, 4.7048106, 9.7410774, 9.8324833, 19.839891, 19.853897, 19.857649, 19.858704, 0.24997775, 0.25210851, 0.25897917, 0.29704747, 0.34741011, 0.34832463, 0.34919947, 0.34926948, 0.34928825, 0.34929353, 0.53436294E-1
0.94308585E-1, 0.17279173, 0.51842704E-1, 0.19963384, 0.0000000, 0.62692761, 4.3593931, 9.7268391, 9.8233404, 19.834976, 19.852570, 19.857325, 19.858622, 0.25197414, 0.24999732, 0.25626257, 0.29358938, 0.34726501, 0.34823200, 0.34917477, 0.34926280, 0.34928662, 0.34929311, 0.51842704E-1
0.89440078E-1, 0.11399920, 0.34203179E-1, 0.0000000, 0.0000000, 0.22301376, 3.8468738, 9.6699438, 9.7952747, 19.825878, 19.850096, 19.856682, 19.858463, 0.24999402, 0.24999732, 0.25218076, 0.28844106, 0.34668314, 0.34794506, 0.34912822, 0.34925020, 0.34928331, 0.34929228, 0.34203179E-1
0.87995976E-1, 0.96560121E-1, 0.28970934E-1, 0.0000000, 0.0000000, 0.0000000, 3.2171977, 9.6250668, 9.7729130, 19.819752, 19.848339, 19.856203, 19.858381, 0.24999402, 0.24999732, 0.24998802, 0.28216088, 0.34624258, 0.34772566, 0.34909832, 0.34924158, 0.34928098, 0.34929192, 0.28970934E-1
0.87560214E-1, 0.91297805E-1, 0.27392082E-1, 0.0000000, 0.0000000, 0.0000000, 2.8241694, 9.3588457, 9.7645674, 19.820032, 19.848253, 19.856205, 19.858427, 0.24999402, 0.24999732, 0.24998802, 0.27824000, 0.34358564, 0.34764469, 0.34910017, 0.34924126, 0.34928101, 0.34929213, 0.27392082E-1
0.87050647E-1, 0.85144244E-1, 0.25545828E-1, 0.0000000, 0.0000000, 0.0000000, 2.4891198, 8.8073997, 9.7356653, 19.817341, 19.847425, 19.856022, 19.858393, 0.24999402, 0.24999732, 0.24998802, 0.27489042, 0.33807263, 0.34735614, 0.34908670, 0.34923714, 0.34928012, 0.34929198, 0.25545828E-1
0.86596228E-1, 0.79656623E-1, 0.23899376E-1, 0.0000000, 0.0000000, 0.0000000, 2.1846116, 8.3187027, 9.7359753, 19.812851, 19.846161, 19.855705, 19.858311, 0.24999402, 0.24999732, 0.24998802, 0.27184531, 0.33318549, 0.34735915, 0.34906426, 0.34923080, 0.34927851, 0.34929156, 0.23899376E-1
0.86098120E-1, 0.73641457E-1, 0.22094646E-1, 0.0000000, 0.0000000, 0.0000000, 1.8513590, 7.7909751, 9.7256670, 19.807142, 19.844511, 19.855278, 19.858217, 0.24999402, 0.24999732, 0.24998802, 0.26849380, 0.32789364, 0.34724918, 0.34903497, 0.34922233, 0.34927633, 0.34929109, 0.22094646E-1
0.85610092E-1, 0.67748018E-1, 0.20326437E-1, 0.0000000, 0.0000000, 0.0000000, 1.5528142, 7.2086678, 9.7144394, 19.807268, 19.844376, 19.855291, 19.858234, 0.24999402, 0.24999732, 0.24998802, 0.26552495, 0.32207930, 0.34714109, 0.34903634, 0.34922189, 0.34927645, 0.34929118, 0.20326437E-1
0.85183695E-1, 0.62598795E-1, 0.18781517E-1, 0.0000000, 0.0000000, 0.0000000, 1.3105690, 6.6623287, 9.7145987, 19.810101, 19.845060, 19.855457, 19.858297, 0.24999402, 0.24999732, 0.24998802, 0.26310438, 0.31661990, 0.34714434, 0.34905049, 0.34922531, 0.34927729, 0.34929150, 0.18781517E-1
0.84734283E-1, 0.57171650E-1, 0.17153211E-1, 0.0000000, 0.0000000, 0.0000000, 1.0748565, 6.0527873, 9.7008047, 19.813375, 19.845930, 19.855705, 19.858393, 0.24999402, 0.24999732, 0.24998802, 0.26074737, 0.31052455, 0.34700629, 0.34906688, 0.34922963, 0.34927851, 0.34929198, 0.17153211E-1
0.84319398E-1, 0.52161474E-1, 0.15650008E-1, 0.0000000, 0.0000000, 0.0000000, 0.83291233, 5.5315080, 9.7095003, 19.810987, 19.845308, 19.855556, 19.858322, 0.24999402, 0.24999732, 0.24998802, 0.25832829, 0.30531234, 0.34709340, 0.34905493, 0.34922653, 0.34927779, 0.34929162, 0.15650008E-1
0.83934844E-1, 0.47517575E-1, 0.14256699E-1, 0.0000000, 0.0000000, 0.0000000, 0.59881210, 5.0741363, 9.7202749, 19.807671, 19.844395, 19.855309, 19.858265, 0.24999402, 0.24999732, 0.24998802, 0.25596276, 0.30072185, 0.34719184, 0.34903723, 0.34922168, 0.34927645, 0.34929129, 0.14256699E-1
0.83584972E-1, 0.43292429E-1, 0.12989027E-1, 0.0000000, 0.0000000, 0.0000000, 0.39331019, 4.6412740, 9.7227516, 19.806713, 19.844093, 19.855204, 19.858217, 0.24999402, 0.24999732, 0.24998802, 0.25390020, 0.29638857, 0.34721366, 0.34903207, 0.34922007, 0.34927592, 0.34929106, 0.12989027E-1
0.83217070E-1, 0.38849615E-1, 0.11656051E-1, 0.0000000, 0.0000000, 0.0000000, 0.22312999, 4.0950432, 9.6903934, 19.809179, 19.844677, 19.855373, 19.858271, 0.24999402, 0.24999732, 0.24998802, 0.25223076, 0.29094547, 0.34690002, 0.34904590, 0.34922338, 0.34927687, 0.34929135, 0.11656051E-1
0.82782991E-1, 0.33607684E-1, 0.10083314E-1, 0.0000000, 0.0000000, 0.0000000, 0.49716234E-1, 3.4064784, 9.6503363, 19.809618, 19.844807, 19.855392, 19.858297, 0.24999402, 0.24999732, 0.24998802, 0.25049707, 0.28406125, 0.34650007, 0.34904808, 0.34922403, 0.34927696, 0.34929150, 0.10083314E-1
0.82499050E-1, 0.30178793E-1, 0.90545435E-2, 0.0000000, 0.0000000, 0.0000000, 0.0000000, 2.8930604, 9.4310865, 19.808786, 19.844587, 19.855341, 19.858297, 0.24999402, 0.24999732, 0.24998802, 0.24999923, 0.27892771, 0.34430772, 0.34904394, 0.34922293, 0.34927672, 0.34929150, 0.90545435E-2
0.82296759E-1, 0.27735917E-1, 0.83216075E-2, 0.0000000, 0.0000000, 0.0000000, 0.0000000, 2.5346577, 9.0410995, 19.806362, 19.843935, 19.855198, 19.858253, 0.24999402, 0.24999732, 0.24998802, 0.24999923, 0.27534214, 0.34040573, 0.34903181, 0.34921968, 0.34927601, 0.34929127, 0.83216075E-2
0.82062468E-1, 0.24906578E-1, 0.74727209E-2, 0.0000000, 0.0000000, 0.0000000, 0.0000000, 2.1349339, 8.5419922, 19.810383, 19.844976, 19.855476, 19.858347, 0.24999402, 0.24999732, 0.24998802, 0.24999923, 0.27134621, 0.33541578, 0.34905192, 0.34922487, 0.34927738, 0.34929174, 0.74727209E-2
0.81910163E-1, 0.23067279E-1, 0.69208760E-2, 0.0000000, 0.0000000, 0.0000000, 0.0000000, 1.8789649, 8.2066660, 19.811346, 19.845278, 19.855556, 19.858370, 0.24999402, 0.24999732, 0.24998802, 0.24999923, 0.26878560, 0.33206072, 0.34905672, 0.34922639, 0.34927779, 0.34929186, 0.69208760E-2
0.81688799E-1, 0.20394104E-1, 0.61188433E-2, 0.0000000, 0.0000000, 0.0000000, 0.0000000, 1.5180945, 7.6847863, 19.811092, 19.845224, 19.855556, 19.858370, 0.24999402, 0.24999732, 0.24998802, 0.24999923, 0.26517799, 0.32684287, 0.34905547, 0.34922612, 0.34927779, 0.34929186, 0.61188433E-2
0.81487335E-1, 0.17961176E-1, 0.53888918E-2, 0.0000000, 0.0000000, 0.0000000, 0.0000000, 1.2028396, 7.1711850, 19.810900, 19.845213, 19.855539, 19.858347, 0.24999402, 0.24999732, 0.24998802, 0.24999923, 0.26202455, 0.32170418, 0.34905452, 0.34922606, 0.34927770, 0.34929174, 0.53888918E-2
0.81278183E-1, 0.15435469E-1, 0.46311039E-2, 0.0000000, 0.0000000, 0.0000000, 0.0000000, 0.89441836, 6.5807753, 19.811417, 19.845360, 19.855576, 19.858358, 0.24999402, 0.24999732, 0.24998802, 0.24999923, 0.25894085, 0.31579953, 0.34905708, 0.34922680, 0.34927788, 0.34929180, 0.46311039E-2
0.81140563E-1, 0.13773531E-1, 0.41324724E-2, 0.0000000, 0.0000000, 0.0000000, 0.0000000, 0.70975423, 6.1370668, 19.817139, 19.846909, 19.855965, 19.858463, 0.24999402, 0.24999732, 0.24998802, 0.24999923, 0.25709519, 0.31136388, 0.34908569, 0.34923455, 0.34927982, 0.34929231, 0.41324724E-2
0.80962576E-1, 0.11624193E-1, 0.34876065E-2, 0.0000000, 0.0000000, 0.0000000, 0.0000000, 0.47790408, 5.5428128, 19.815788, 19.846632, 19.855894, 19.858406, 0.24999402, 0.24999732, 0.24998802, 0.24999923, 0.25477713, 0.30542073, 0.34907895, 0.34923315, 0.34927946, 0.34929204, 0.34876065E-2
0.80780737E-1, 0.94282739E-2, 0.28287650E-2, 0.0000000, 0.0000000, 0.0000000, 0.0000000, 0.27321875, 4.8386188, 19.816029, 19.846739, 19.855927, 19.858418, 0.24999402, 0.24999732, 0.24998802, 0.24999923, 0.25273135, 0.29838124, 0.34908015, 0.34923369, 0.34927964, 0.34929210, 0.28287650E-2
0.80692194E-1, 0.83590439E-2, 0.25079639E-2, 0.0000000, 0.0000000, 0.0000000, 0.0000000, 0.19017458, 4.4460816, 19.821629, 19.848267, 19.856335, 19.858475, 0.24999402, 0.24999732, 0.24998802, 0.24999923, 0.25190112, 0.29445592, 0.34910816, 0.34924132, 0.34928167, 0.34929237, 0.25079639E-2
0.80608845E-1, 0.73525212E-2, 0.22059770E-2, 0.0000000, 0.0000000, 0.0000000, 0.0000000, 0.11114776, 4.0789518, 19.823547, 19.848866, 19.856476, 19.858475, 0.24999402, 0.24999732, 0.24998802, 0.24999923, 0.25111118, 0.29078600, 0.34911773, 0.34924433, 0.34928238, 0.34929237, 0.22059770E-2
0.80518447E-1, 0.62608221E-2, 0.18784346E-2, 0.0000000, 0.0000000, 0.0000000, 0.0000000, 0.28839707E-1, 3.6721139, 19.822027, 19.848528, 19.856377, 19.858458, 0.24999402, 0.24999732, 0.24998802, 0.24999923, 0.25028801, 0.28670466, 0.34911013, 0.34924263, 0.34928188, 0.34929228, 0.18784346E-2
0.80455594E-1, 0.55018333E-2, 0.16507150E-2, 0.0000000, 0.0000000, 0.0000000, 0.0000000, 0.0000000, 3.3020618, 19.826056, 19.849642, 19.856659, 19.858500, 0.24999402, 0.24999732, 0.24998802, 0.24999923, 0.24999928, 0.28301430, 0.34913027, 0.34924820, 0.34928328, 0.34929249, 0.16507150E-2
0.80408655E-1, 0.49349349E-2, 0.14806286E-2, 0.0000000, 0.0000000, 0.0000000, 0.0000000, 0.0000000, 2.9614897, 19.818497, 19.850815, 19.856924, 19.858574, 0.24999402, 0.24999732, 0.24998802, 0.24999923, 0.24999928, 0.27961257, 0.34909248, 0.34925407, 0.34928462, 0.34929287, 0.14806286E-2
0.80347955E-1, 0.42019957E-2, 0.12607247E-2, 0.0000000, 0.0000000, 0.0000000, 0.0000000, 0.0000000, 2.5216937, 19.784473, 19.851032, 19.856983, 19.858593, 0.24999402, 0.24999732, 0.24998802, 0.24999923, 0.24999928, 0.27521449, 0.34892237, 0.34925514, 0.34928492, 0.34929296, 0.12607247E-2
0.80288365E-1, 0.34823511E-2, 0.10448098E-2, 0.0000000, 0.0000000, 0.0000000, 0.0000000, 0.0000000, 2.0905404, 19.749418, 19.850946, 19.856976, 19.858599, 0.24999402, 0.24999732, 0.24998802, 0.24999923, 0.24999928, 0.27089620, 0.34874707, 0.34925473, 0.34928489, 0.34929299, 0.10448098E-2
0.80230825E-1, 0.27875050E-2, 0.83633518E-3, 0.0000000, 0.0000000, 0.0000000, 0.0000000, 0.0000000, 1.6729951, 19.716864, 19.851423, 19.857130, 19.858641, 0.24999402, 0.24999732, 0.24998802, 0.24999923, 0.24999928, 0.26672670, 0.34858432, 0.34925711, 0.34928566, 0.34929320, 0.83633518E-3
0.80210976E-1, 0.25478040E-2, 0.76441769E-3, 0.0000000, 0.0000000, 0.0000000, 0.0000000, 0.0000000, 1.5292436, 19.687439, 19.852478, 19.857409, 19.858709, 0.24999402, 0.24999732, 0.24998802, 0.24999923, 0.24999928, 0.26528835, 0.34843719, 0.34926239, 0.34928703, 0.34929353, 0.76441769E-3
0.80188327E-1, 0.22742462E-2, 0.68234210E-3, 0.0000000, 0.0000000, 0.0000000, 0.0000000, 0.0000000, 1.3652235, 19.657413, 19.853079, 19.857561, 19.858709, 0.24999402, 0.24999732, 0.24998802, 0.24999923, 0.24999928, 0.26364684, 0.34828708, 0.34926540, 0.34928781, 0.34929353, 0.68234210E-3
0.80168843E-1, 0.20389655E-2, 0.61175082E-3, 0.0000000, 0.0000000, 0.0000000, 0.0000000, 0.0000000, 1.2239128, 19.628300, 19.853687, 19.857719, 19.858709, 0.24999402, 0.24999732, 0.24998802, 0.24999923, 0.24999928, 0.26223502, 0.34814149, 0.34926844, 0.34928858, 0.34929353, 0.61175082E-3
0.80131553E-1, 0.15886676E-2, 0.47664795E-3, 0.0000000, 0.0000000, 0.0000000, 0.0000000, 0.0000000, 0.95394850, 19.596325, 19.853474, 19.857622, 19.858688, 0.24999402, 0.24999732, 0.24998802, 0.24999923, 0.24999928, 0.25953296, 0.34798163, 0.34926736, 0.34928811, 0.34929344, 0.47664795E-3
0.80078855E-1, 0.95228764E-3, 0.28571486E-3, 0.0000000, 0.0000000, 0.0000000, 0.0000000, 0.0000000, 0.57228208, 19.561779, 19.852760, 19.857441, 19.858635, 0.24999402, 0.24999732, 0.24998802, 0.24999923, 0.24999928, 0.25571430, 0.34780890, 0.34926379, 0.34928721, 0.34929317, 0.28571486E-3
0.80059446E-1, 0.71786123E-3, 0.21537991E-3, 0.0000000, 0.0000000, 0.0000000, 0.0000000, 0.0000000, 0.43158233, 19.533432, 19.853640, 19.857666, 19.858709, 0.24999402, 0.24999732, 0.24998802, 0.24999923, 0.24999928, 0.25430760, 0.34766716, 0.34926820, 0.34928834, 0.34929353, 0.21537991E-3
0.22091997, 1.0000000, 0.51057959, 2.4334121, 8.2488880, 6.8221946, 7.3267665, 8.3171606, 9.3140764, 19.549776, 19.854139, 19.857771, 19.858709, 0.27433383, 0.33248827, 0.31822169, 0.32326761, 0.33317158, 0.34314078, 0.34774888, 0.34927070, 0.34928885, 0.34929353, 0.51057959
0.35599947, 1.0000000, 0.99999803, 9.9999990, 9.9999990, 9.9999990, 9.9999990, 9.9999990, 9.9999990, 19.999998, 19.999998, 19.999998, 19.998999, 0.34999973, 0.34999985, 0.34999990, 0.34999996, 0.34999999, 0.34999999, 0.34999999, 0.34999999, 0.34999999, 0.34999499, 0.99999803
0.35526675, 1.0000000, 0.99734324, 9.9630232, 9.9789152, 9.9893732, 9.9973326, 9.9986610, 9.9994841, 19.999908, 19.999975, 19.999975, 19.989016, 0.34962943, 0.34978867, 0.34989351, 0.34997326, 0.34998658, 0.34999484, 0.34999955, 0.34999987, 0.34999987, 0.34994507, 0.99734324
0.35391837, 1.0000000, 0.99245787, 9.8934679, 9.9421968, 9.9705267, 9.9923649, 9.9961720, 9.9984760, 19.999748, 19.999933, 19.999935, 19.985044, 0.34893331, 0.34942114, 0.34970486, 0.34992355, 0.34996170, 0.34998477, 0.34999874, 0.34999967, 0.34999967, 0.34992522, 0.99245787
0.35599834, 1.0000000, 0.99999380, 9.9999542, 9.9999752, 9.9999847, 9.9999962, 9.9999990, 9.9999990, 19.999998, 19.999998, 19.999998, 19.997997, 0.34999913, 0.34999952, 0.34999973, 0.34999993, 0.34999999, 0.34999999, 0.34999999, 0.34999999, 0.34999999, 0.34998998, 0.99999380
0.35599917, 1.0000000, 0.99999702, 9.9999790, 9.9999876, 9.9999933, 9.9999990, 9.9999990, 9.9999990, 19.999998, 19.999998, 19.999998, 19.997997, 0.34999958, 0.34999976, 0.34999987, 0.34999999, 0.34999999, 0.34999999, 0.34999999, 0.34999999, 0.34999999, 0.34998998, 0.99999702
0.35599905, 1.0000000, 0.99999648, 9.9999752, 9.9999847, 9.9999905, 9.9999990, 9.9999990, 9.9999990, 19.999998, 19.999998, 19.999998, 19.997997, 0.34999952, 0.34999970, 0.34999985, 0.34999999, 0.34999999, 0.34999999, 0.34999999, 0.34999999, 0.34999999, 0.34998998, 0.99999648
0.35599858, 1.0000000, 0.99999475, 9.9999514, 9.9999695, 9.9999876, 9.9999990, 9.9999990, 9.9999990, 19.999998, 19.999998, 19.999998, 19.996996, 0.34999928, 0.34999955, 0.34999982, 0.34999999, 0.34999999, 0.34999999, 0.34999999, 0.34999999, 0.34999999, 0.34998497, 0.99999475
0.35594600, 1.0000000, 0.99980438, 9.9999752, 9.9999599, 9.9899979, 9.9890594, 9.9944191, 9.9974432, 19.999277, 19.999807, 19.999859, 19.982075, 0.34999964, 0.34999955, 0.34989995, 0.34989059, 0.34994417, 0.34997442, 0.34999639, 0.34999904, 0.34999931, 0.34991038, 0.99980438
0.35483450, 1.0000000, 0.99577701, 9.9941654, 9.8978539, 9.9462576, 9.9858437, 9.9928207, 9.9971666, 19.999535, 19.999880, 19.999935, 19.985044, 0.34994081, 0.34897804, 0.34946230, 0.34985837, 0.34992817, 0.34997165, 0.34999767, 0.34999940, 0.34999967, 0.34992522, 0.99577701
0.34512007, 1.0000000, 0.96057993, 9.4065142, 9.7477369, 9.8642035, 9.9640293, 9.9817028, 9.9930038, 19.999092, 19.999754, 19.999868, 19.984043, 0.34406483, 0.34747720, 0.34864196, 0.34964028, 0.34981704, 0.34993005, 0.34999546, 0.34999877, 0.34999934, 0.34992021, 0.96057993
0.34651208, 1.0000000, 0.96562344, 9.5756588, 9.6660652, 9.8069019, 9.9374313, 9.9674082, 9.9870825, 19.998104, 19.999498, 19.998871, 19.961004, 0.34575632, 0.34666047, 0.34806892, 0.34937429, 0.34967408, 0.34987083, 0.34999052, 0.34999749, 0.34999436, 0.34980503, 0.96562344
0.35598707, 1.0000000, 0.99995315, 9.9994631, 9.9996748, 9.9998360, 9.9999666, 9.9999876, 9.9999962, 19.999998, 19.999998, 19.999996, 19.993994, 0.34999356, 0.34999612, 0.34999803, 0.34999961, 0.34999985, 0.34999996, 0.34999999, 0.34999999, 0.34999996, 0.34996998, 0.99995315
0.33324552, 1.0000000, 0.91755623, 8.7177944, 9.5344152, 9.7335205, 9.9148731, 9.9559546, 9.9821587, 19.996918, 19.999187, 19.999367, 19.970371, 0.33717281, 0.34534079, 0.34733352, 0.34914836, 0.34955937, 0.34982154, 0.34998459, 0.34999594, 0.34999683, 0.34985185, 0.91755623
0.30706620, 1.0000000, 0.82270360, 6.9184637, 9.4269466, 9.6445446, 9.8414412, 9.9133911, 9.9614944, 19.991222, 19.997698, 19.996973, 19.948330, 0.31917584, 0.34426227, 0.34644178, 0.34841368, 0.34913352, 0.34961483, 0.34995610, 0.34998849, 0.34998485, 0.34974164, 0.82270360
0.30004203, 1.0000000, 0.79725373, 6.3486595, 9.5096378, 9.6825743, 9.8332138, 9.9031324, 9.9542809, 19.988579, 19.996986, 19.992273, 19.928888, 0.31348202, 0.34509227, 0.34682366, 0.34833172, 0.34903112, 0.34954274, 0.34994289, 0.34998494, 0.34996137, 0.34964445, 0.79725373
0.30941838, 1.0000000, 0.83122593, 6.9566917, 9.6022625, 9.7323761, 9.8420362, 9.9038000, 9.9518671, 19.986675, 19.996273, 19.984715, 19.912519, 0.31956446, 0.34602061, 0.34732273, 0.34842014, 0.34903789, 0.34951863, 0.34993339, 0.34998137, 0.34992358, 0.34956259, 0.83122593
0.29349241, 1.0000000, 0.77352315, 5.8583674, 9.5316038, 9.6914530, 9.8255739, 9.8924980, 9.9450283, 19.983875, 19.995008, 19.974344, 19.899216, 0.30858329, 0.34531569, 0.34691435, 0.34825572, 0.34892496, 0.34945029, 0.34991938, 0.34997505, 0.34987172, 0.34949607, 0.77352315
0.26415414, 1.0000000, 0.66722512, 3.8838019, 9.3456268, 9.5735435, 9.7722454, 9.8607016, 9.9292135, 19.978962, 19.992474, 19.961678, 19.888742, 0.28883713, 0.34345496, 0.34573475, 0.34772232, 0.34860694, 0.34929210, 0.34989482, 0.34996235, 0.34980839, 0.34944370, 0.66722512
0.25211996, 1.0000000, 0.62362307, 2.9826431, 9.3483057, 9.6605253, 9.7973423, 9.8707743, 9.9312840, 19.977440, 19.989634, 19.948038, 19.880819, 0.27982396, 0.34347841, 0.34660286, 0.34797293, 0.34870750, 0.34931275, 0.34988719, 0.34994817, 0.34974021, 0.34940410, 0.62362307
0.24144492, 1.0000000, 0.58494532, 2.6213348, 8.6599226, 9.6623755, 9.7987528, 9.8704138, 9.9298077, 19.975140, 19.984949, 19.934099, 19.874836, 0.27621165, 0.33659586, 0.34662187, 0.34798715, 0.34870395, 0.34929800, 0.34987569, 0.34992474, 0.34967050, 0.34937418, 0.58494532
0.21455620, 1.0000000, 0.48752245, 1.6319752, 7.1423187, 9.5190706, 9.7247486, 9.8274622, 9.9080849, 19.966619, 19.976675, 19.920336, 19.870329, 0.26631966, 0.32142293, 0.34519055, 0.34724745, 0.34827459, 0.34908086, 0.34983310, 0.34988338, 0.34960169, 0.34935164, 0.48752245
0.17953509, 1.0000000, 0.36063442, 0.47115386, 4.9185019, 9.3998232, 9.6453791, 9.7763681, 9.8810740, 19.955551, 19.965677, 19.907675, 19.866982, 0.25471103, 0.29918182, 0.34399518, 0.34645316, 0.34776336, 0.34881061, 0.34977776, 0.34982839, 0.34953839, 0.34933490, 0.36063442
0.15594313, 0.91709578, 0.27515626, 0.0000000, 2.9726772, 9.1708021, 9.6176767, 9.7541265, 9.8671570, 19.946760, 19.953632, 19.896860, 19.864588, 0.24996534, 0.27972606, 0.34170690, 0.34617653, 0.34754115, 0.34867153, 0.34973380, 0.34976816, 0.34948429, 0.34932294, 0.27515626
0.15220121, 0.87190795, 0.26159856, 0.0000000, 2.7578263, 8.6733418, 9.7070751, 9.8025417, 9.8866482, 19.944546, 19.942345, 19.888239, 19.862961, 0.24996534, 0.27757740, 0.33673206, 0.34707046, 0.34802526, 0.34886643, 0.34972274, 0.34971172, 0.34944120, 0.34931481, 0.26159856
0.35389024, 1.0000000, 0.99235582, 9.9976158, 9.9261703, 9.7105341, 9.7735653, 9.8423223, 9.9049225, 19.942762, 19.931005, 19.881382, 19.861818, 0.34997550, 0.34926131, 0.34710515, 0.34773561, 0.34842318, 0.34904921, 0.34971380, 0.34965503, 0.34940690, 0.34930909, 0.99235582
0.33848047, 1.0000000, 0.93652338, 9.1044693, 9.5713367, 9.6704302, 9.7888374, 9.8545847, 9.9119024, 19.938896, 19.919632, 19.875912, 19.861008, 0.34104455, 0.34571329, 0.34670427, 0.34788838, 0.34854585, 0.34911901, 0.34969449, 0.34959817, 0.34937957, 0.34930503, 0.93652338
0.35596859, 1.0000000, 0.99988616, 9.9986639, 9.9992008, 9.9996004, 9.9999189, 9.9999609, 9.9999905, 19.999998, 19.999998, 19.999990, 19.991999, 0.34998432, 0.34999061, 0.34999532, 0.34999904, 0.34999955, 0.34999987, 0.34999999, 0.34999999, 0.34999996, 0.34996000, 0.99988616
0.34922141, 1.0000000, 0.97543979, 9.6373043, 9.8330660, 9.9117279, 9.9763184, 9.9879713, 9.9952774, 19.999266, 19.999796, 19.999832, 19.980110, 0.34637278, 0.34833050, 0.34911719, 0.34976315, 0.34987971, 0.34995276, 0.34999633, 0.34999898, 0.34999916, 0.34990054, 0.97543979
0.34191483, 1.0000000, 0.94896680, 9.2171040, 9.6941605, 9.8323984, 9.9524603, 9.9756918, 9.9904184, 19.998533, 19.999617, 19.999805, 19.982075, 0.34216896, 0.34694028, 0.34832335, 0.34952447, 0.34975687, 0.34990415, 0.34999266, 0.34999809, 0.34999901, 0.34991038, 0.94896680
0.35583901, 1.0000000, 0.99941677, 9.9922132, 9.9953480, 9.9976702, 9.9995346, 9.9997635, 9.9999218, 19.999998, 19.999998, 19.999990, 19.991999, 0.34991971, 0.34995201, 0.34997600, 0.34999520, 0.34999758, 0.34999919, 0.34999999, 0.34999999, 0.34999996, 0.34996000, 0.99941677
0.34503740, 1.0000000, 0.96028048, 9.3971472, 9.7527456, 9.8659964, 9.9649782, 9.9821863, 9.9933014, 19.999254, 19.999813, 19.999435, 19.968512, 0.34396955, 0.34752625, 0.34865937, 0.34964967, 0.34982181, 0.34993300, 0.34999627, 0.34999907, 0.34999716, 0.34984255, 0.96028048
0.30328998, 1.0000000, 0.80902159, 6.7160816, 9.3363085, 9.5902147, 9.8259439, 9.9062052, 9.9585934, 19.990459, 19.997513, 19.996655, 19.946568, 0.31715575, 0.34335884, 0.34589997, 0.34825900, 0.34906182, 0.34958586, 0.34995228, 0.34998757, 0.34998327, 0.34973285, 0.80902159
0.28527331, 1.0000000, 0.74374378, 5.3114562, 9.4694738, 9.6550102, 9.8194084, 9.8951921, 9.9507561, 19.987759, 19.996777, 19.991716, 19.927378, 0.30311292, 0.34469298, 0.34654921, 0.34819391, 0.34895185, 0.34950754, 0.34993881, 0.34998387, 0.34995860, 0.34963688, 0.74374378
0.25772089, 1.0000000, 0.64391631, 3.4118633, 9.3528891, 9.5778131, 9.7740536, 9.8649912, 9.9340515, 19.982416, 19.995201, 19.983685, 19.911207, 0.28411707, 0.34352636, 0.34577683, 0.34774026, 0.34864980, 0.34934044, 0.34991208, 0.34997600, 0.34991843, 0.34955603, 0.64391631
0.30443919, 1.0000000, 0.81318539, 6.7460017, 9.4203644, 9.6139402, 9.7751436, 9.8601341, 9.9282351, 19.978962, 19.993690, 19.973038, 19.898146, 0.31745824, 0.34420216, 0.34613866, 0.34775129, 0.34860125, 0.34928232, 0.34989482, 0.34996846, 0.34986520, 0.34949073, 0.81318539
0.25235897, 1.0000000, 0.62448907, 3.1603341, 9.1970444, 9.4588003, 9.6874046, 9.8061171, 9.8993502, 19.968351, 19.989477, 19.959856, 19.887842, 0.28159973, 0.34196413, 0.34458476, 0.34687340, 0.34806085, 0.34899339, 0.34984177, 0.34994739, 0.34979928, 0.34943920, 0.62448907
0.23829103, 1.0000000, 0.57351816, 2.5866299, 8.3854961, 9.5833950, 9.7389841, 9.8298178, 9.9068384, 19.966625, 19.986271, 19.946133, 19.880106, 0.27586278, 0.33384812, 0.34583005, 0.34738904, 0.34829780, 0.34906822, 0.34983313, 0.34993136, 0.34973067, 0.34940052, 0.57351816
0.22486182, 1.0000000, 0.52486163, 2.1552653, 7.4747205, 9.5931377, 9.7527103, 9.8375816, 9.9095907, 19.964443, 19.981295, 19.932232, 19.874289, 0.27155194, 0.32474568, 0.34593040, 0.34752688, 0.34837574, 0.34909588, 0.34982222, 0.34990647, 0.34966117, 0.34937143, 0.52486163
0.20661758, 1.0000000, 0.45875928, 1.5487343, 6.3114090, 9.5403452, 9.7318745, 9.8263836, 9.9041586, 19.960365, 19.973917, 19.918882, 19.869963, 0.26548654, 0.31311214, 0.34540197, 0.34731844, 0.34826368, 0.34904152, 0.34980184, 0.34986958, 0.34959441, 0.34934980, 0.45875928
0.18239120, 1.0000000, 0.37098259, 0.77295303, 4.7227969, 9.4637346, 9.6882734, 9.8003311, 9.8912983, 19.954044, 19.964035, 19.906710, 19.866777, 0.25772879, 0.29722530, 0.34463465, 0.34688219, 0.34800306, 0.34891289, 0.34977022, 0.34982017, 0.34953356, 0.34933388, 0.37098259
0.15766025, 0.93783188, 0.28137770, 0.29957294E-1, 2.9974198, 9.4258289, 9.6569777, 9.7790451, 9.8792467, 19.946505, 19.952261, 19.896132, 19.864460, 0.25029954, 0.27997252, 0.34425566, 0.34656924, 0.34779018, 0.34879237, 0.34973252, 0.34976131, 0.34948066, 0.34932229, 0.28137770
0.14890754, 0.83213329, 0.24966496, 0.0000000, 2.4316788, 8.5428982, 9.6575441, 9.7765665, 9.8755484, 19.939480, 19.939734, 19.887352, 19.862795, 0.24999985, 0.27431607, 0.33542773, 0.34657514, 0.34776551, 0.34875542, 0.34969741, 0.34969866, 0.34943676, 0.34931397, 0.24966496
0.35570216, 1.0000000, 0.99892086, 9.9851570, 9.9918976, 9.9958944, 9.9985123, 9.9992456, 9.9996481, 19.999886, 19.999975, 19.999969, 19.988020, 0.34984791, 0.34991676, 0.34995785, 0.34998491, 0.34999233, 0.34999645, 0.34999943, 0.34999987, 0.34999985, 0.34994009, 0.99892086
0.35314590, 1.0000000, 0.98965901, 9.8536901, 9.9214573, 9.9598188, 9.9901981, 9.9950733, 9.9981194, 19.999767, 19.999939, 19.999964, 19.988020, 0.34853294, 0.34921217, 0.34959701, 0.34990174, 0.34995061, 0.34998116, 0.34999883, 0.34999970, 0.34999982, 0.34994009, 0.98965901
0.34840953, 1.0000000, 0.97249830, 9.6252308, 9.7743349, 9.8768415, 9.9661102, 9.9827175, 9.9933167, 19.999100, 19.999760, 19.999237, 19.964733, 0.34625027, 0.34774208, 0.34876779, 0.34966099, 0.34982711, 0.34993315, 0.34999549, 0.34999880, 0.34999618, 0.34982365, 0.97249830
0.33911091, 1.0000000, 0.93880761, 9.0606756, 9.6393337, 9.7910633, 9.9305277, 9.9637280, 9.9853725, 19.997639, 19.999378, 19.996588, 19.943314, 0.34060648, 0.34639317, 0.34791055, 0.34930524, 0.34963727, 0.34985372, 0.34998819, 0.34999689, 0.34998295, 0.34971657, 0.93880761
0.33223438, 1.0000000, 0.91389269, 8.5678759, 9.6391592, 9.7804422, 9.9099321, 9.9512606, 9.9793015, 19.996136, 19.998934, 19.991297, 19.924622, 0.33567494, 0.34638903, 0.34780312, 0.34909907, 0.34951249, 0.34979299, 0.34998068, 0.34999466, 0.34995648, 0.34962311, 0.91389269
0.35599244, 1.0000000, 0.99997252, 9.9996481, 9.9997883, 9.9998951, 9.9999790, 9.9999876, 9.9999962, 19.999998, 19.999998, 19.999996, 19.993994, 0.34999621, 0.34999773, 0.34999886, 0.34999976, 0.34999987, 0.34999996, 0.34999999, 0.34999999, 0.34999996, 0.34996998, 0.99997252
0.35599822, 1.0000000, 0.99999344, 9.9999399, 9.9999609, 9.9999819, 9.9999933, 9.9999990, 9.9999990, 19.999998, 19.999998, 19.999998, 19.996996, 0.34999910, 0.34999943, 0.34999973, 0.34999990, 0.34999999, 0.34999999, 0.34999999, 0.34999999, 0.34999999, 0.34998497, 0.99999344
0.35599917, 1.0000000, 0.99999702, 9.9999876, 9.9999905, 9.9999962, 9.9999990, 9.9999990, 9.9999990, 19.999998, 19.999998, 19.999998, 19.997997, 0.34999961, 0.34999973, 0.34999987, 0.34999996, 0.34999999, 0.34999999, 0.34999999, 0.34999999, 0.34999999, 0.34998998, 0.99999702
0.32212508, 1.0000000, 0.87726468, 7.9830499, 9.4473143, 9.6752110, 9.8883295, 9.9416170, 9.9759111, 19.995590, 19.998854, 19.999420, 19.974194, 0.32983038, 0.34447306, 0.34675208, 0.34888330, 0.34941617, 0.34975910, 0.34997794, 0.34999427, 0.34999710, 0.34987098, 0.87726468
0.28828317, 1.0000000, 0.75464916, 5.5999060, 9.3792667, 9.6028032, 9.8092146, 9.8932123, 9.9520245, 19.989317, 19.997210, 19.997330, 19.951794, 0.30599797, 0.34379154, 0.34602746, 0.34809202, 0.34893206, 0.34952021, 0.34994659, 0.34998605, 0.34998664, 0.34975898, 0.75464916
0.24966966, 1.0000000, 0.61474508, 2.9793172, 9.1375494, 9.5146208, 9.7396660, 9.8462706, 9.9265928, 19.981871, 19.995207, 19.992746, 19.931803, 0.27979165, 0.34137270, 0.34514475, 0.34739637, 0.34846255, 0.34926587, 0.34990937, 0.34997603, 0.34996372, 0.34965903, 0.61474508
0.21682009, 1.0000000, 0.49572498, 1.8513143, 7.0850301, 9.4596939, 9.6872082, 9.8072567, 9.9030247, 19.973585, 19.992815, 19.985210, 19.914804, 0.26851237, 0.32084852, 0.34459573, 0.34687185, 0.34807244, 0.34903023, 0.34986794, 0.34996408, 0.34992605, 0.34957403, 0.49572498
0.19029243, 1.0000000, 0.39961025, 1.0203272, 5.2676105, 9.4606762, 9.6752615, 9.7935162, 9.8916159, 19.967224, 19.990501, 19.974987, 19.900978, 0.26020291, 0.30267504, 0.34460580, 0.34675241, 0.34793508, 0.34891614, 0.34983611, 0.34995252, 0.34987494, 0.34950489, 0.39961025
0.16134691, 0.98235238, 0.29473519, 0.14310777, 3.2664449, 9.4053841, 9.6399593, 9.7690392, 9.8766069, 19.959293, 19.987045, 19.962387, 19.890034, 0.25143099, 0.28266338, 0.34405231, 0.34639928, 0.34769025, 0.34876600, 0.34979647, 0.34993523, 0.34981194, 0.34945017, 0.29473519
0.14741772, 0.81414229, 0.24426712, 0.0000000, 2.2763908, 8.5030804, 9.6232100, 9.7556267, 9.8670864, 19.951838, 19.982462, 19.948441, 19.881666, 0.24999717, 0.27276266, 0.33502847, 0.34623158, 0.34755599, 0.34867078, 0.34975919, 0.34991232, 0.34974220, 0.34940833, 0.24426712
0.13828126, 0.70380938, 0.21116394, 0.0000000, 1.7104626, 7.4283752, 9.6249027, 9.7547655, 9.8655043, 19.947504, 19.977045, 19.934320, 19.875406, 0.24999717, 0.26710227, 0.32427865, 0.34624773, 0.34754699, 0.34865481, 0.34973752, 0.34988523, 0.34967160, 0.34937704, 0.21116394
0.17722403, 1.0000000, 0.35226095, 1.9436598, 2.6116967, 8.5422325, 9.6701174, 9.7806053, 9.8759193, 19.945004, 19.970259, 19.920912, 19.870798, 0.26943389, 0.27611479, 0.33541879, 0.34670037, 0.34780562, 0.34875906, 0.34972501, 0.34985131, 0.34960455, 0.34935400, 0.35226095
0.24684721, 1.0000000, 0.60451889, 2.9804258, 8.8154354, 9.4799004, 9.7265043, 9.8140526, 9.8905363, 19.943560, 19.961958, 19.908785, 19.867453, 0.27980343, 0.33815286, 0.34479821, 0.34726486, 0.34814045, 0.34890532, 0.34971780, 0.34980980, 0.34954393, 0.34933728, 0.60451889
0.24311730, 1.0000000, 0.59100467, 2.8965712, 8.3899240, 9.6925068, 9.7881365, 9.8509398, 9.9081221, 19.944164, 19.952730, 19.898394, 19.865059, 0.27896535, 0.33389863, 0.34692472, 0.34788132, 0.34850937, 0.34908122, 0.34972084, 0.34976366, 0.34949195, 0.34932530, 0.59100467
0.20531149, 1.0000000, 0.45402712, 1.5278459, 6.2379880, 9.4582319, 9.6774158, 9.7909470, 9.8814507, 19.933746, 19.939646, 19.889002, 19.863159, 0.26527599, 0.31237385, 0.34457773, 0.34677321, 0.34790900, 0.34881437, 0.34966874, 0.34969825, 0.34944502, 0.34931579, 0.45402712
0.15816157, 0.94388580, 0.28319407, 0.11646450, 2.9794211, 9.3172321, 9.5755405, 9.7256031, 9.8490267, 19.921062, 19.925690, 19.881208, 19.861778, 0.25116453, 0.27979252, 0.34316969, 0.34575486, 0.34725577, 0.34849018, 0.34960532, 0.34962845, 0.34940603, 0.34930891, 0.28319407
0.13968986, 0.72082001, 0.21626763, 0.0000000, 1.8693686, 7.4757943, 9.5347528, 9.6953192, 9.8306828, 19.909235, 19.912416, 19.875072, 19.860804, 0.24999216, 0.26869160, 0.32475376, 0.34534645, 0.34695265, 0.34830666, 0.34954616, 0.34956208, 0.34937537, 0.34930402, 0.21626763
0.12074791, 0.49207529, 0.14763735, 0.0000000, 0.72553456, 5.2089667, 9.4587975, 9.6434593, 9.8016462, 19.893749, 19.899242, 19.870062, 19.860025, 0.24999216, 0.25725472, 0.30208740, 0.34458715, 0.34643418, 0.34801632, 0.34946874, 0.34949622, 0.34935030, 0.34930012, 0.14763735
0.10527747, 0.30525297, 0.91585048E-1, 0.0000000, 0.0000000, 2.9573143, 9.3156824, 9.5993118, 9.7757788, 19.878487, 19.887527, 19.866173, 19.859491, 0.24999216, 0.24995776, 0.27956823, 0.34315372, 0.34599149, 0.34775725, 0.34939244, 0.34943765, 0.34933087, 0.34929746, 0.91585048E-1
0.99986404E-1, 0.24135751, 0.72414495E-1, 0.0000000, 0.0000000, 1.9142240, 8.1628504, 9.5705309, 9.7576361, 19.864872, 19.877699, 19.863262, 19.859121, 0.24999216, 0.24995776, 0.26913026, 0.33161828, 0.34569931, 0.34757432, 0.34932435, 0.34938848, 0.34931630, 0.34929562, 0.72414495E-1
0.23092829, 1.0000000, 0.54684162, 2.6524127, 7.6329455, 9.1661978, 9.4477243, 9.6928778, 9.8106928, 19.861786, 19.872038, 19.861683, 19.859011, 0.27652004, 0.32632241, 0.34165776, 0.34447637, 0.34692833, 0.34810677, 0.34930894, 0.34936020, 0.34930843, 0.34929505, 0.54684162
0.17058739, 1.0000000, 0.32821518, 0.74838102, 3.4756470, 9.2414722, 9.5029802, 9.6691227, 9.8002043, 19.850534, 19.865448, 19.859995, 19.858768, 0.25748339, 0.28475529, 0.34241316, 0.34502947, 0.34669107, 0.34800199, 0.34925267, 0.34932724, 0.34929997, 0.34929383, 0.32821518
0.13829206, 0.70393997, 0.21120311, 0.0000000, 1.7569393, 7.3795838, 9.4816761, 9.6500463, 9.7897320, 19.841539, 19.860382, 19.858776, 19.858587, 0.24988051, 0.26756722, 0.32379130, 0.34481558, 0.34649986, 0.34789711, 0.34920770, 0.34930190, 0.34929389, 0.34929293, 0.21120311
0.17173429, 1.0000000, 0.33237058, 1.7107457, 2.7937531, 7.6691918, 9.5310535, 9.6784906, 9.8007851, 19.837933, 19.857487, 19.858122, 19.858553, 0.26710463, 0.27793476, 0.32668811, 0.34530959, 0.34678441, 0.34800771, 0.34918967, 0.34928745, 0.34929061, 0.34929276, 0.33237058
0.19596118, 1.0000000, 0.42014921, 1.7762303, 4.7867198, 9.3031149, 9.5769262, 9.7072601, 9.8135052, 19.836824, 19.855814, 19.857777, 19.858562, 0.26776156, 0.29786602, 0.34302998, 0.34576902, 0.34707248, 0.34813502, 0.34918413, 0.34927908, 0.34928888, 0.34929281, 0.42014921
0.35595977, 1.0000000, 0.99985421, 9.9982586, 9.9989500, 9.9994774, 9.9998951, 9.9999456, 9.9999819, 19.999998, 19.999998, 19.999998, 19.994993, 0.34997997, 0.34998792, 0.34999397, 0.34999880, 0.34999937, 0.34999979, 0.34999999, 0.34999999, 0.34999999, 0.34997496, 0.99985421
0.34121627, 1.0000000, 0.94643575, 9.1949587, 9.6625099, 9.8021603, 9.9439421, 9.9712868, 9.9888659, 19.998491, 19.999605, 19.999855, 19.986019, 0.34194916, 0.34662482, 0.34802145, 0.34943938, 0.34971288, 0.34988865, 0.34999245, 0.34999803, 0.34999928, 0.34993011, 0.94643575
0.35443664, 1.0000000, 0.99433553, 9.9324131, 9.9580650, 9.9362335, 9.9832153, 9.9915276, 9.9968443, 19.999659, 19.999916, 19.999964, 19.988997, 0.34932330, 0.34958014, 0.34936211, 0.34983209, 0.34991524, 0.34996843, 0.34999830, 0.34999958, 0.34999982, 0.34994498, 0.99433553
0.32790047, 1.0000000, 0.89819014, 8.4557819, 9.3886213, 9.6216612, 9.8518982, 9.9209738, 9.9668789, 19.993826, 19.998396, 19.998919, 19.965576, 0.33455741, 0.34388593, 0.34621647, 0.34851894, 0.34920973, 0.34966880, 0.34996912, 0.34999198, 0.34999460, 0.34982789, 0.89819014
0.26666844, 1.0000000, 0.67633498, 4.1956997, 9.1893988, 9.4658127, 9.7206936, 9.8389664, 9.9259377, 19.983297, 19.995613, 19.995716, 19.943924, 0.29195672, 0.34189361, 0.34465796, 0.34720692, 0.34838963, 0.34925938, 0.34991649, 0.34997806, 0.34997857, 0.34971961, 0.67633498
0.21140498, 1.0000000, 0.47610497, 1.7273188, 6.6965685, 9.3597269, 9.6208076, 9.7671261, 9.8838463, 19.969400, 19.991825, 19.989624, 19.924898, 0.26727256, 0.31696427, 0.34359625, 0.34620786, 0.34767115, 0.34883842, 0.34984702, 0.34995914, 0.34994811, 0.34962448, 0.47610497
0.16724572, 1.0000000, 0.31610763, 0.43156147, 3.5554347, 9.3086376, 9.5751495, 9.7291918, 9.8588448, 19.959194, 19.988657, 19.980808, 19.909069, 0.25431523, 0.28555241, 0.34308383, 0.34575096, 0.34729165, 0.34858835, 0.34979597, 0.34994328, 0.34990403, 0.34954536, 0.31610763
0.16071914, 0.97477132, 0.29246065, 1.0236919, 2.3160191, 8.2368946, 9.5825434, 9.7284794, 9.8540134, 19.952875, 19.985928, 19.969595, 19.896383, 0.26023495, 0.27315754, 0.33236420, 0.34582433, 0.34728423, 0.34853995, 0.34976438, 0.34992963, 0.34984797, 0.34948191, 0.29246065
0.35599923, 1.0000000, 0.99999714, 9.9999990, 9.9999990, 9.9999990, 9.9999990, 9.9999990, 9.9999990, 19.999998, 19.999998, 19.999998, 19.998999, 0.34999961, 0.34999976, 0.34999987, 0.34999996, 0.34999999, 0.34999999, 0.34999999, 0.34999999, 0.34999999, 0.34999499, 0.99999714
0.33248204, 1.0000000, 0.91478992, 8.6808939, 9.5110512, 9.7180271, 9.9105110, 9.9536152, 9.9814520, 19.997066, 19.999241, 19.999548, 19.975191, 0.33680767, 0.34510967, 0.34717986, 0.34910503, 0.34953612, 0.34981453, 0.34998533, 0.34999621, 0.34999773, 0.34987596, 0.91478992
0.34496307, 1.0000000, 0.96001118, 9.4000816, 9.7418928, 9.8613615, 9.9638033, 9.9816113, 9.9930124, 19.999134, 19.999773, 19.999908, 19.986914, 0.34399667, 0.34741637, 0.34861231, 0.34963778, 0.34981599, 0.34993008, 0.34999567, 0.34999886, 0.34999955, 0.34993458, 0.96001118
0.35159916, 1.0000000, 0.98405474, 9.7730093, 9.8798513, 9.9382620, 9.9863958, 9.9931517, 9.9975986, 19.999880, 19.999969, 19.999983, 19.990009, 0.34772831, 0.34879744, 0.34938207, 0.34986383, 0.34993145, 0.34997597, 0.34999940, 0.34999985, 0.34999990, 0.34995005, 0.98405474
0.35460478, 1.0000000, 0.99494475, 9.9297218, 9.9594755, 9.9795589, 9.9958677, 9.9979286, 9.9993076, 19.999998, 19.999998, 19.999983, 19.990009, 0.34929678, 0.34959450, 0.34979546, 0.34995866, 0.34997928, 0.34999308, 0.34999999, 0.34999999, 0.34999990, 0.34995005, 0.99494475
0.35096174, 1.0000000, 0.98174542, 9.7864199, 9.8026896, 9.8962812, 9.9747295, 9.9872341, 9.9952688, 19.999527, 19.999880, 19.999945, 19.988003, 0.34786376, 0.34802663, 0.34896269, 0.34974727, 0.34987235, 0.34995270, 0.34999764, 0.34999940, 0.34999973, 0.34994000, 0.98174542
0.30908102, 1.0000000, 0.83000368, 7.1855273, 9.2746601, 9.5482616, 9.8138599, 9.8996534, 9.9575291, 19.991985, 19.997919, 19.998724, 19.964603, 0.32185447, 0.34274599, 0.34548229, 0.34813854, 0.34899649, 0.34957528, 0.34995991, 0.34998959, 0.34999362, 0.34982303, 0.83000368
0.25302878, 1.0000000, 0.62691581, 3.2186260, 9.1776943, 9.4556408, 9.7092581, 9.8303108, 9.9211264, 19.982208, 19.995331, 19.995476, 19.943075, 0.28218499, 0.34177473, 0.34455526, 0.34709233, 0.34830299, 0.34921125, 0.34991103, 0.34997666, 0.34997737, 0.34971538, 0.62691581
0.20923235, 1.0000000, 0.46823311, 1.5404850, 6.7243867, 9.3963728, 9.6432476, 9.7795725, 9.8895206, 19.971159, 19.992296, 19.989464, 19.924250, 0.26540408, 0.31724182, 0.34396231, 0.34643218, 0.34779558, 0.34889513, 0.34985578, 0.34996149, 0.34994733, 0.34962124, 0.46823311
0.34831148, 1.0000000, 0.97214311, 9.5932188, 9.8046503, 9.8975096, 9.9756155, 9.9876957, 9.9955254, 19.999611, 19.999897, 19.999964, 19.989016, 0.34592861, 0.34804431, 0.34897399, 0.34975594, 0.34987682, 0.34995523, 0.34999806, 0.34999949, 0.34999982, 0.34994507, 0.97214311
0.34565049, 1.0000000, 0.96250176, 9.5715046, 9.5898743, 9.7661066, 9.9332838, 9.9657564, 9.9868622, 19.998348, 19.999563, 19.999840, 19.985031, 0.34571460, 0.34589848, 0.34766093, 0.34933281, 0.34965757, 0.34986863, 0.34999174, 0.34999782, 0.34999919, 0.34992516, 0.96250176
0.32734078, 1.0000000, 0.89616227, 8.4252138, 9.3778582, 9.6138077, 9.8400230, 9.9133024, 9.9636383, 19.993641, 19.998337, 19.998642, 19.961859, 0.33425039, 0.34377742, 0.34613746, 0.34840012, 0.34913296, 0.34963635, 0.34996819, 0.34999168, 0.34999320, 0.34980929, 0.89616227
0.28164053, 1.0000000, 0.73058158, 5.1935339, 9.2950783, 9.5359154, 9.7565327, 9.8588257, 9.9353724, 19.986389, 19.996414, 19.995270, 19.940647, 0.30193403, 0.34294939, 0.34535843, 0.34756517, 0.34858820, 0.34935370, 0.34993196, 0.34998208, 0.34997636, 0.34970325, 0.73058158
0.32649660, 1.0000000, 0.89310360, 8.4399729, 9.3065424, 9.5331678, 9.7336321, 9.8371315, 9.9203157, 19.981327, 19.995007, 19.989326, 19.922297, 0.33439898, 0.34306493, 0.34533140, 0.34733626, 0.34837130, 0.34920317, 0.34990662, 0.34997505, 0.34994662, 0.34961149, 0.89310360
0.34339458, 1.0000000, 0.95432812, 9.3095083, 9.7116747, 9.8443966, 9.9600372, 9.9797010, 9.9924259, 19.999207, 19.999796, 19.999928, 19.988997, 0.34309381, 0.34711593, 0.34844354, 0.34960029, 0.34979698, 0.34992427, 0.34999603, 0.34999898, 0.34999964, 0.34994498, 0.95432812
0.27994400, 1.0000000, 0.72443479, 5.1269546, 9.2160683, 9.5003996, 9.7738466, 9.8757277, 9.9458447, 19.988882, 19.997097, 19.998583, 19.965494, 0.30126855, 0.34215960, 0.34500343, 0.34773836, 0.34875721, 0.34945843, 0.34994441, 0.34998548, 0.34999293, 0.34982747, 0.72443479
0.22456895, 1.0000000, 0.52380055, 2.3503871, 7.2232046, 9.3989582, 9.6585588, 9.7956762, 9.9021969, 19.976652, 19.993835, 19.995253, 19.943817, 0.27350229, 0.32222912, 0.34398767, 0.34658518, 0.34795657, 0.34902191, 0.34988326, 0.34996918, 0.34997627, 0.34971908, 0.52380055
0.21111619, 1.0000000, 0.47505862, 2.9596269, 4.5846457, 9.4055700, 9.6300888, 9.7657957, 9.8794203, 19.967140, 19.991121, 19.989422, 19.924898, 0.27959365, 0.29584402, 0.34405321, 0.34630039, 0.34765768, 0.34879410, 0.34983569, 0.34995562, 0.34994709, 0.34962448, 0.47505862
0.33792704, 1.0000000, 0.93451816, 9.2127886, 9.3955498, 9.5487995, 9.7087154, 9.8069153, 9.8939161, 19.965710, 19.990263, 19.981222, 19.909233, 0.34212744, 0.34395522, 0.34548786, 0.34708712, 0.34806916, 0.34893915, 0.34982854, 0.34995133, 0.34990612, 0.34954616, 0.93451816
0.35597867, 1.0000000, 0.99992263, 9.9991770, 9.9995022, 9.9997520, 9.9999456, 9.9999752, 9.9999905, 19.999998, 19.999998, 19.999996, 19.993994, 0.34998938, 0.34999359, 0.34999681, 0.34999931, 0.34999970, 0.34999987, 0.34999999, 0.34999999, 0.34999996, 0.34996998, 0.99992263
0.35375309, 1.0000000, 0.99185890, 9.9724350, 9.8879375, 9.7901344, 9.9354620, 9.9668198, 9.9872808, 19.998455, 19.999599, 19.999475, 19.970406, 0.34972391, 0.34887910, 0.34790123, 0.34935459, 0.34966820, 0.34987280, 0.34999228, 0.34999800, 0.34999737, 0.34985203, 0.99185890
0.30220810, 1.0000000, 0.80510175, 6.6882415, 9.2802420, 9.5396242, 9.7946615, 9.8874140, 9.9514961, 19.990650, 19.997561, 19.996931, 19.948330, 0.31688207, 0.34280211, 0.34539610, 0.34794658, 0.34887412, 0.34951496, 0.34995323, 0.34998780, 0.34998465, 0.34974164, 0.80510175
0.24088712, 1.0000000, 0.58292431, 2.9125004, 8.2461624, 9.4166374, 9.6740589, 9.8065901, 9.9082499, 19.978628, 19.994358, 19.991577, 19.928720, 0.27912316, 0.33245850, 0.34416458, 0.34674025, 0.34806573, 0.34908244, 0.34989315, 0.34997180, 0.34995788, 0.34964359, 0.58292431
0.20542224, 1.0000000, 0.45442837, 1.6500920, 6.0946069, 9.3765478, 9.6231880, 9.7641077, 9.8796310, 19.967480, 19.991125, 19.983330, 19.912210, 0.26649964, 0.31094328, 0.34376329, 0.34623143, 0.34764084, 0.34879622, 0.34983739, 0.34995562, 0.34991664, 0.34956104, 0.45442837
0.16417480, 1.0000000, 0.30498117, 0.37972629, 3.2558365, 9.3359318, 9.5865908, 9.7342358, 9.8590469, 19.957008, 19.987537, 19.972372, 19.898827, 0.25379696, 0.28255677, 0.34335703, 0.34586543, 0.34734213, 0.34859037, 0.34978503, 0.34993768, 0.34986186, 0.34949413, 0.30498117
0.14213853, 0.75039023, 0.22513959, 0.0000000, 1.9743085, 7.8520479, 9.5524654, 9.7094164, 9.8437080, 19.948092, 19.983438, 19.959375, 19.888350, 0.24995849, 0.26974085, 0.32851604, 0.34552360, 0.34709364, 0.34843689, 0.34974045, 0.34991720, 0.34979689, 0.34944174, 0.22513959
0.12874852, 0.58869129, 0.17662506, 0.0000000, 1.1592567, 6.2522788, 9.5384045, 9.6978893, 9.8354273, 19.940224, 19.978245, 19.945278, 19.880358, 0.24995849, 0.26159030, 0.31251672, 0.34538221, 0.34697795, 0.34835395, 0.34970111, 0.34989122, 0.34972638, 0.34940177, 0.17662506
0.11440039, 0.41542208, 0.12463909, 0.0000000, 0.36331713, 4.3940201, 9.4808607, 9.6602888, 9.8158054, 19.930948, 19.970915, 19.930876, 19.874325, 0.24995849, 0.25363228, 0.29393482, 0.34480628, 0.34660169, 0.34815767, 0.34965473, 0.34985459, 0.34965438, 0.34937161, 0.12463909
0.10460033, 0.29707578, 0.89131646E-1, 0.0000000, 0.0000000, 2.8455944, 9.0421391, 9.6208477, 9.7952833, 19.923304, 19.962049, 19.917278, 19.869888, 0.24995849, 0.24996601, 0.27845159, 0.34041861, 0.34620702, 0.34795234, 0.34961653, 0.34981024, 0.34958640, 0.34934944, 0.89131646E-1
0.99681452E-1, 0.23767495, 0.71309619E-1, 0.0000000, 0.0000000, 1.8775076, 7.9619641, 9.5866127, 9.7756376, 19.916063, 19.951468, 19.905025, 19.866646, 0.24995849, 0.24996601, 0.26877147, 0.32961658, 0.34586430, 0.34775576, 0.34958032, 0.34975734, 0.34952512, 0.34933323, 0.71309619E-1
0.94827786E-1, 0.17906161, 0.53723857E-1, 0.0000000, 0.0000000, 0.98244250, 6.6111841, 9.5248032, 9.7427826, 19.908028, 19.939373, 19.894413, 19.864271, 0.24995849, 0.24996601, 0.25982204, 0.31610861, 0.34524572, 0.34742701, 0.34954014, 0.34969687, 0.34947208, 0.34932137, 0.53723857E-1
0.91192238E-1, 0.13515843, 0.40551588E-1, 0.0000000, 0.0000000, 0.38942397, 5.2053056, 9.4927320, 9.7236910, 19.900873, 19.926867, 19.885651, 19.862591, 0.24995849, 0.24996601, 0.25389180, 0.30204651, 0.34492132, 0.34723487, 0.34950435, 0.34963435, 0.34942824, 0.34931296, 0.40551588E-1
0.16870458, 1.0000000, 0.32139340, 1.7282456, 2.7677894, 7.0334644, 9.0434237, 9.6530228, 9.7960014, 19.897154, 19.915455, 19.878880, 19.861450, 0.26727611, 0.27767181, 0.32032689, 0.34043226, 0.34652916, 0.34795967, 0.34948575, 0.34957728, 0.34939438, 0.34930724, 0.32139340
0.35596275, 1.0000000, 0.99986494, 9.9990101, 9.9994068, 9.9996986, 9.9999399, 9.9999723, 9.9999905, 19.999998, 19.999998, 19.999998, 19.994993, 0.34998143, 0.34998885, 0.34999439, 0.34999889, 0.34999946, 0.34999982, 0.34999999, 0.34999999, 0.34999999, 0.34997496, 0.99986494
0.35541892, 1.0000000, 0.99789470, 9.9998446, 9.9933796, 9.8823195, 9.9710665, 9.9853621, 9.9945841, 19.999474, 19.999855, 19.999945, 19.988003, 0.34999537, 0.34993196, 0.34882227, 0.34971049, 0.34985355, 0.34994581, 0.34999737, 0.34999928, 0.34999973, 0.34994000, 0.99789470
0.31940258, 1.0000000, 0.86740065, 7.7985649, 9.4326220, 9.6636467, 9.8833218, 9.9388094, 9.9749794, 19.995678, 19.998878, 19.999641, 19.983990, 0.32798478, 0.34432560, 0.34663615, 0.34883314, 0.34938806, 0.34974980, 0.34997839, 0.34999439, 0.34999821, 0.34991995, 0.86740065
0.30437577, 1.0000000, 0.81295556, 6.7991529, 9.3276367, 9.5875387, 9.8387470, 9.9138918, 9.9637194, 19.993069, 19.998186, 19.999453, 19.981979, 0.31798989, 0.34327504, 0.34587470, 0.34838733, 0.34913886, 0.34963718, 0.34996533, 0.34999093, 0.34999725, 0.34990990, 0.81295556
0.24160455, 1.0000000, 0.58552372, 2.9777675, 8.2200289, 9.4198933, 9.6888609, 9.8189735, 9.9162226, 19.981091, 19.995029, 19.997559, 19.958891, 0.27977619, 0.33219782, 0.34419751, 0.34688830, 0.34818959, 0.34916216, 0.34990546, 0.34997514, 0.34998780, 0.34979445, 0.58552372
0.20398507, 1.0000000, 0.44922122, 1.7504156, 5.7404232, 9.3972311, 9.6489058, 9.7827835, 9.8922348, 19.973408, 19.992882, 19.993824, 19.937998, 0.26750135, 0.30739868, 0.34396780, 0.34648815, 0.34782737, 0.34892219, 0.34986705, 0.34996441, 0.34996912, 0.34968999, 0.44922122
0.16814741, 1.0000000, 0.31937471, 0.68297982, 3.2201700, 9.3492584, 9.6097937, 9.7523174, 9.8722477, 19.965614, 19.990572, 19.987253, 19.919996, 0.25682917, 0.28219998, 0.34349003, 0.34609744, 0.34752291, 0.34872240, 0.34982806, 0.34995288, 0.34993628, 0.34959999, 0.31937471
0.14255853, 0.75546217, 0.22666132, 0.0000000, 1.9869238, 7.9250832, 9.5641413, 9.7195654, 9.8520432, 19.956379, 19.987513, 19.977692, 19.905094, 0.24993068, 0.26986593, 0.32924423, 0.34563982, 0.34719485, 0.34852016, 0.34978190, 0.34993756, 0.34988844, 0.34952548, 0.22666132
0.12744628, 0.57296538, 0.17190681, 0.0000000, 1.0786206, 6.1044617, 9.5173655, 9.6868467, 9.8330240, 19.947220, 19.983761, 19.965641, 19.893221, 0.24993068, 0.26078388, 0.31103805, 0.34517160, 0.34686741, 0.34832987, 0.34973609, 0.34991881, 0.34982821, 0.34946612, 0.17190681
0.11450661, 0.41670480, 0.12502395, 0.0000000, 0.37966967, 4.3830991, 9.4956408, 9.6697493, 9.8215322, 19.938980, 19.979094, 19.951981, 19.884075, 0.24993068, 0.25379550, 0.29382417, 0.34495345, 0.34669599, 0.34821481, 0.34969491, 0.34989548, 0.34975991, 0.34942037, 0.12502395
0.10537462, 0.30642617, 0.91937043E-1, 0.0000000, 0.0000000, 2.9859006, 9.2623320, 9.6537704, 9.8121510, 19.932001, 19.973207, 19.937740, 19.877138, 0.24993068, 0.24998064, 0.27984452, 0.34261432, 0.34653303, 0.34811994, 0.34966001, 0.34986603, 0.34968871, 0.34938568, 0.91937043E-1
0.10083947, 0.25165924, 0.75505324E-1, 0.0000000, 0.0000000, 2.0847261, 8.3166561, 9.6080589, 9.7896385, 19.924971, 19.965439, 19.923763, 19.871965, 0.24993068, 0.24998064, 0.27083489, 0.33315670, 0.34607491, 0.34789446, 0.34962484, 0.34982720, 0.34961882, 0.34935981, 0.75505324E-1
0.97400397E-1, 0.21012877, 0.63044935E-1, 0.0000000, 0.0000000, 1.4338195, 7.4148798, 9.6077547, 9.7864323, 19.919704, 19.956278, 19.910965, 19.868204, 0.24993068, 0.24998064, 0.26433203, 0.32414243, 0.34607342, 0.34786293, 0.34959853, 0.34978139, 0.34955484, 0.34934103, 0.63044935E-1
0.35229594, 1.0000000, 0.98657930, 9.8105831, 9.8972511, 9.9474735, 9.9887829, 9.9943724, 9.9980621, 19.999939, 19.999981, 19.999983, 19.990009, 0.34810084, 0.34896946, 0.34947321, 0.34988752, 0.34994358, 0.34998056, 0.34999970, 0.34999990, 0.34999990, 0.34995005, 0.98657930
0.33699554, 1.0000000, 0.93114316, 9.0191507, 9.5029945, 9.6984196, 9.9044304, 9.9503670, 9.9808264, 19.997669, 19.999386, 19.999237, 19.966581, 0.34019017, 0.34502912, 0.34698379, 0.34904420, 0.34950364, 0.34980828, 0.34998834, 0.34999692, 0.34999618, 0.34983289, 0.93114316
0.29380244, 1.0000000, 0.77464640, 6.0700660, 9.2903223, 9.5503693, 9.7966862, 9.8876572, 9.9516773, 19.991127, 19.997681, 19.996431, 19.944902, 0.31069836, 0.34290111, 0.34550261, 0.34796664, 0.34887645, 0.34951675, 0.34995562, 0.34998840, 0.34998214, 0.34972450, 0.77464640
0.23741198, 1.0000000, 0.57033324, 2.7975321, 8.0158672, 9.4187851, 9.6816788, 9.8115625, 9.9119005, 19.981108, 19.995008, 19.990740, 19.925833, 0.27797365, 0.33015582, 0.34418619, 0.34681642, 0.34811544, 0.34911895, 0.34990555, 0.34997505, 0.34995371, 0.34962916, 0.57033324
0.19015095, 1.0000000, 0.39909759, 1.2421191, 4.9500608, 9.3414192, 9.6071424, 9.7554026, 9.8774738, 19.969976, 19.991816, 19.982054, 19.909830, 0.26241961, 0.29949686, 0.34341064, 0.34607068, 0.34755367, 0.34877461, 0.34984988, 0.34995908, 0.34991026, 0.34954914, 0.39909759
0.15848154, 0.94774991, 0.28435341, 0.29008389, 2.9354482, 8.8975163, 9.5991230, 9.7423029, 9.8645248, 19.962223, 19.988943, 19.970890, 19.896992, 0.25290030, 0.27935126, 0.33897027, 0.34599018, 0.34742248, 0.34864506, 0.34981111, 0.34994471, 0.34985444, 0.34948495, 0.28435341
0.14205536, 0.74938583, 0.22483824, 0.0000000, 2.1133661, 7.5434909, 9.5900402, 9.7334652, 9.8566256, 19.954962, 19.985241, 19.957775, 19.886951, 0.24998219, 0.27113131, 0.32543072, 0.34589934, 0.34733412, 0.34856609, 0.34977481, 0.34992620, 0.34978887, 0.34943476, 0.22483824
0.13094169, 0.61517632, 0.18457136, 0.0000000, 1.4225632, 6.2448010, 9.5774918, 9.7246237, 9.8509579, 19.948864, 19.980463, 19.943680, 19.879335, 0.24998219, 0.26422220, 0.31244048, 0.34577259, 0.34724507, 0.34850919, 0.34974432, 0.34990233, 0.34971839, 0.34939668, 0.18457136
0.12233441, 0.51123405, 0.15338555, 0.16992986, 0.81092119, 4.8292656, 9.5545139, 9.7087259, 9.8427849, 19.943905, 19.974222, 19.929604, 19.873648, 0.25169837, 0.25810656, 0.29828477, 0.34554201, 0.34708568, 0.34842730, 0.34971952, 0.34987110, 0.34964803, 0.34936824, 0.15338555
0.11514515, 0.42441589, 0.12733750, 0.10320544, 0.52852333, 3.8711042, 9.5880289, 9.7290916, 9.8523312, 19.943007, 19.967207, 19.916643, 19.869516, 0.25103119, 0.25528255, 0.28870124, 0.34587544, 0.34728846, 0.34852248, 0.34971502, 0.34983605, 0.34958321, 0.34934759, 0.12733750
0.10548122, 0.30771342, 0.92323259E-1, 0.0000000, 0.95233321E-1, 2.8362541, 9.1658554, 9.6794147, 9.8299389, 19.937788, 19.957314, 19.904768, 19.866447, 0.24991253, 0.25095201, 0.27835783, 0.34165552, 0.34679255, 0.34829885, 0.34968895, 0.34978658, 0.34952384, 0.34933224, 0.92323259E-1
0.10285037, 0.27594304, 0.82791194E-1, 0.0000000, 0.0000000, 2.4774492, 8.7113791, 9.7200470, 9.8456469, 19.936008, 19.946987, 19.894802, 19.864283, 0.24991253, 0.24996476, 0.27477023, 0.33711079, 0.34719878, 0.34845591, 0.34968004, 0.34973493, 0.34947401, 0.34932142, 0.82791194E-1
0.10045412, 0.24700581, 0.74109152E-1, 0.0000000, 0.0000000, 2.0096450, 8.1678095, 9.6988125, 9.8371572, 19.931273, 19.935226, 19.886396, 19.862690, 0.24991253, 0.24996476, 0.27009329, 0.33167553, 0.34698662, 0.34837106, 0.34965637, 0.34967613, 0.34943199, 0.34931344, 0.74109152E-1
0.11176719, 0.38362330, 0.11509850, 0.97899139, 0.0000000, 1.5923291, 7.6070261, 9.6909304, 9.8317423, 19.924953, 19.923101, 19.879572, 19.861567, 0.25978833, 0.24996476, 0.26592252, 0.32606950, 0.34690884, 0.34831727, 0.34962475, 0.34961551, 0.34939787, 0.34930784, 0.11509850
0.13432397, 0.65602106, 0.19682600, 1.4299691, 2.1521239, 1.3153017, 7.1826382, 9.7166929, 9.8407373, 19.917192, 19.911293, 19.874166, 19.860737, 0.26429859, 0.27152026, 0.26315272, 0.32182607, 0.34716672, 0.34840730, 0.34958595, 0.34955648, 0.34937084, 0.34930369, 0.19682600
0.11383642, 0.40861154, 0.12259572, 0.49038529, 1.4328927, 1.0289282, 6.7277584, 9.7100506, 9.8375645, 19.908745, 19.900465, 19.869972, 19.860134, 0.25490287, 0.26432720, 0.26028866, 0.31727678, 0.34709990, 0.34837544, 0.34954372, 0.34950233, 0.34934986, 0.34930068, 0.12259572
0.14360809, 0.76813692, 0.23046413, 1.8602729, 2.1584511, 2.0529628, 7.4572749, 9.7498350, 9.8545008, 19.903395, 19.891855, 19.866993, 19.859768, 0.26859996, 0.27158257, 0.27052870, 0.32457209, 0.34749791, 0.34854487, 0.34951699, 0.34945929, 0.34933496, 0.34929883, 0.23046413
0.12080929, 0.49281654, 0.14785975, 0.76490641, 1.4539063, 1.6911089, 7.0432382, 9.7264795, 9.8430481, 19.892694, 19.883305, 19.864410, 19.859415, 0.25764799, 0.26453784, 0.26691037, 0.32043177, 0.34726438, 0.34843034, 0.34946346, 0.34941652, 0.34932205, 0.34929708, 0.14785975
0.11553980, 0.42918175, 0.12876740, 0.58182776, 1.2156159, 1.5537143, 6.7811999, 9.7615614, 9.8574896, 19.888090, 19.877621, 19.862846, 19.859287, 0.25581703, 0.26215458, 0.26553613, 0.31781113, 0.34761497, 0.34857470, 0.34944046, 0.34938809, 0.34931424, 0.34929645, 0.12876740
0.11470666, 0.41912058, 0.12574875, 0.72202981, 0.97866654, 1.4075309, 6.5348983, 9.7669134, 9.8603525, 19.883028, 19.872969, 19.861698, 19.859222, 0.25721902, 0.25978562, 0.26407456, 0.31534830, 0.34766862, 0.34860334, 0.34941512, 0.34936485, 0.34930849, 0.34929612, 0.12574875
0.98851450E-1, 0.22765173, 0.68302348E-1, 0.88095665E-2, 0.47261715, 1.0672092, 6.0711451, 9.7008429, 9.8307304, 19.873938, 19.868187, 19.860569, 19.859104, 0.25008807, 0.25472528, 0.26067108, 0.31071028, 0.34700751, 0.34830701, 0.34936970, 0.34934095, 0.34930283, 0.34929553, 0.68302348E-1
0.14239262, 0.75345862, 0.22606020, 1.7597526, 2.1249950, 2.5236428, 5.6677303, 9.7100859, 9.8305578, 19.868183, 19.865002, 19.859896, 19.859028, 0.26759556, 0.27124852, 0.27523559, 0.30667692, 0.34710053, 0.34830546, 0.34934092, 0.34932500, 0.34929949, 0.34929514, 0.22606020
0.14869002, 0.82950652, 0.24887685, 1.8658787, 2.4077268, 2.7799487, 7.3942466, 9.7150793, 9.8286705, 19.860838, 19.861898, 19.859221, 19.858898, 0.26865658, 0.27407557, 0.27779850, 0.32394195, 0.34715044, 0.34828657, 0.34930420, 0.34930950, 0.34929609, 0.34929448, 0.24887685
0.12098029, 0.49488154, 0.14847931, 0.59508383, 1.5004754, 2.2449822, 6.8688011, 9.6859484, 9.8138409, 19.853142, 19.859070, 19.858595, 19.858757, 0.25595030, 0.26500395, 0.27244923, 0.31868765, 0.34685922, 0.34813830, 0.34926569, 0.34929535, 0.34929296, 0.34929377, 0.14847931
0.19689551, 1.0000000, 0.42353445, 2.4338901, 4.4213362, 8.2142391, 8.8709517, 9.6640301, 9.8012161, 19.846792, 19.856817, 19.858059, 19.858675, 0.27433655, 0.29421079, 0.33214000, 0.33870903, 0.34664002, 0.34801206, 0.34923396, 0.34928408, 0.34929031, 0.34929338, 0.42353445
0.21067534, 1.0000000, 0.47346139, 2.3789020, 5.5489221, 9.3263550, 9.5557947, 9.7181530, 9.8219805, 19.844660, 19.855839, 19.857916, 19.858675, 0.27378881, 0.30548891, 0.34326330, 0.34555790, 0.34718150, 0.34821981, 0.34922332, 0.34927920, 0.34928960, 0.34929338, 0.47346139
0.31739008, 1.0000000, 0.86010903, 7.8211813, 9.2583132, 9.5148163, 9.6695004, 9.7676659, 9.8437099, 19.846052, 19.855923, 19.858036, 19.858709, 0.32821137, 0.34258279, 0.34514797, 0.34669498, 0.34767663, 0.34843710, 0.34923026, 0.34927961, 0.34929019, 0.34929353, 0.86010903
0.27269077, 1.0000000, 0.69815487, 4.5927830, 9.2571392, 9.4815083, 9.6691132, 9.7682734, 9.8440723, 19.844004, 19.855236, 19.857916, 19.858683, 0.29592752, 0.34257102, 0.34481490, 0.34669110, 0.34768271, 0.34844071, 0.34922001, 0.34927619, 0.34928960, 0.34929341, 0.69815487
0.25388893, 1.0000000, 0.63003236, 3.2987201, 9.1765804, 9.4242058, 9.6357622, 9.7487898, 9.8349209, 19.840294, 19.854126, 19.857658, 19.858652, 0.28298613, 0.34176403, 0.34424114, 0.34635743, 0.34748781, 0.34834918, 0.34920147, 0.34927064, 0.34928828, 0.34929326, 0.63003236
0.25810838, 1.0000000, 0.64532018, 3.7948306, 8.8665733, 9.4100723, 9.6331415, 9.7467012, 9.8340740, 19.839546, 19.853848, 19.857607, 19.858683, 0.28794771, 0.33866489, 0.34410027, 0.34633133, 0.34746695, 0.34834072, 0.34919775, 0.34926924, 0.34928805, 0.34929341, 0.64532018
0.35599899, 1.0000000, 0.99999619, 9.9999962, 9.9999990, 9.9999990, 9.9999990, 9.9999990, 9.9999990, 19.999998, 19.999998, 19.999998, 19.998999, 0.34999946, 0.34999970, 0.34999985, 0.34999996, 0.34999996, 0.34999999, 0.34999999, 0.34999999, 0.34999999, 0.34999499, 0.99999619
0.33118868, 1.0000000, 0.91010392, 8.5560675, 9.5509596, 9.7427626, 9.9214840, 9.9594173, 9.9840984, 19.997751, 19.999414, 19.999619, 19.975222, 0.33555201, 0.34550378, 0.34742469, 0.34921426, 0.34959388, 0.34984091, 0.34998876, 0.34999707, 0.34999809, 0.34987611, 0.91010392
0.29240173, 1.0000000, 0.76957154, 5.9275861, 9.3407431, 9.5851774, 9.8158636, 9.8988886, 9.9561529, 19.991270, 19.997723, 19.997597, 19.952742, 0.30926636, 0.34339842, 0.34584716, 0.34815767, 0.34898841, 0.34956136, 0.34995633, 0.34998861, 0.34998798, 0.34976369, 0.76957154
0.25851616, 1.0000000, 0.64679766, 3.5004716, 9.3160000, 9.5526791, 9.7661676, 9.8632145, 9.9365320, 19.986055, 19.996319, 19.993299, 19.932661, 0.28499949, 0.34315169, 0.34552252, 0.34766081, 0.34863171, 0.34936517, 0.34993029, 0.34998161, 0.34996650, 0.34966332, 0.64679766
0.35599720, 1.0000000, 0.99998987, 9.9999990, 9.9999990, 9.9999990, 9.9999990, 9.9999990, 9.9999990, 19.999998, 19.999998, 19.999998, 19.998999, 0.34999859, 0.34999916, 0.34999958, 0.34999990, 0.34999996, 0.34999999, 0.34999999, 0.34999999, 0.34999999, 0.34999499, 0.99998987
0.35599715, 1.0000000, 0.99998963, 9.9999990, 9.9999990, 9.9999990, 9.9999990, 9.9999990, 9.9999990, 19.999998, 19.999992, 19.999998, 19.997147, 0.34999856, 0.34999913, 0.34999958, 0.34999990, 0.34999996, 0.34999999, 0.34999999, 0.34999996, 0.34999999, 0.34998572, 0.99998963
0.33410901, 1.0000000, 0.92068481, 8.8567457, 9.4422789, 9.6693316, 9.8826923, 9.9383821, 9.9743452, 19.995119, 19.998724, 19.999365, 19.973366, 0.33856696, 0.34442246, 0.34669316, 0.34882689, 0.34938380, 0.34974346, 0.34997559, 0.34999362, 0.34999683, 0.34986684, 0.92068481
0.28872728, 1.0000000, 0.75625819, 5.7085547, 9.2886381, 9.5423670, 9.7779264, 9.8749104, 9.9436665, 19.987473, 19.996708, 19.997110, 19.951017, 0.30707613, 0.34287718, 0.34541893, 0.34777829, 0.34874862, 0.34943649, 0.34993738, 0.34998354, 0.34998554, 0.34975508, 0.75625819
0.24501069, 1.0000000, 0.59786475, 2.9238729, 8.6882648, 9.4808388, 9.7138710, 9.8286448, 9.9178314, 19.980280, 19.994753, 19.992460, 19.931135, 0.27923596, 0.33687770, 0.34480569, 0.34713814, 0.34828618, 0.34917822, 0.34990141, 0.34997377, 0.34996229, 0.34965569, 0.59786475
0.35598505, 1.0000000, 0.99994582, 9.9999065, 9.9999428, 9.9999723, 9.9999933, 9.9989748, 9.9293070, 19.979097, 19.994240, 19.985313, 19.914385, 0.34999761, 0.34999856, 0.34999928, 0.34999985, 0.34998971, 0.34929305, 0.34989548, 0.34997120, 0.34992656, 0.34957191, 0.99994582
0.35599911, 1.0000000, 0.99999678, 9.9999990, 9.9999990, 9.9999990, 9.9999990, 9.9999990, 9.9999990, 19.999998, 19.999998, 19.999998, 19.998999, 0.34999955, 0.34999973, 0.34999987, 0.34999996, 0.34999999, 0.34999999, 0.34999999, 0.34999999, 0.34999999, 0.34999499, 0.99999678
0.35599738, 1.0000000, 0.99999052, 9.9999104, 9.9999456, 9.9999723, 9.9999933, 9.9999962, 9.9999990, 19.999998, 19.999998, 19.999998, 19.997997, 0.34999868, 0.34999922, 0.34999961, 0.34999990, 0.34999996, 0.34999999, 0.34999999, 0.34999999, 0.34999999, 0.34998998, 0.99999052
0.35599744, 1.0000000, 0.99999070, 9.9999132, 9.9999456, 9.9999752, 9.9999933, 9.9999990, 9.9999990, 19.999998, 19.999998, 19.999998, 19.996996, 0.34999871, 0.34999922, 0.34999964, 0.34999990, 0.34999999, 0.34999999, 0.34999999, 0.34999999, 0.34999999, 0.34998497, 0.99999070
0.35568672, 1.0000000, 0.99886489, 9.9844370, 9.9907408, 9.9953642, 9.9990635, 9.9995346, 9.9998474, 19.999998, 19.999998, 19.999990, 19.991999, 0.34984353, 0.34990689, 0.34995338, 0.34999058, 0.34999532, 0.34999847, 0.34999999, 0.34999999, 0.34999996, 0.34996000, 0.99886489
0.32895017, 1.0000000, 0.90199327, 8.4237881, 9.5144339, 9.7156315, 9.9072657, 9.9517145, 9.9808111, 19.997126, 19.999254, 19.999289, 19.968466, 0.33423743, 0.34514403, 0.34715617, 0.34907264, 0.34951711, 0.34980810, 0.34998563, 0.34999627, 0.34999645, 0.34984234, 0.90199327
0.35598886, 1.0000000, 0.99995971, 9.9994926, 9.9996891, 9.9998446, 9.9999695, 9.9999847, 9.9999933, 19.999998, 19.999998, 19.999998, 19.994993, 0.34999448, 0.34999663, 0.34999830, 0.34999967, 0.34999985, 0.34999993, 0.34999999, 0.34999999, 0.34999999, 0.34997496, 0.99995971
0.35599619, 1.0000000, 0.99998605, 9.9998531, 9.9999104, 9.9999542, 9.9999905, 9.9999990, 9.9999990, 19.999998, 19.999998, 19.999998, 19.995995, 0.34999809, 0.34999883, 0.34999940, 0.34999987, 0.34999999, 0.34999999, 0.34999999, 0.34999999, 0.34999999, 0.34997997, 0.99998605
0.35599709, 1.0000000, 0.99998945, 9.9999037, 9.9999399, 9.9999695, 9.9999933, 9.9999990, 9.9999990, 19.999998, 19.999998, 19.999998, 19.996996, 0.34999856, 0.34999910, 0.34999955, 0.34999990, 0.34999999, 0.34999999, 0.34999999, 0.34999999, 0.34999999, 0.34998497, 0.99998945
0.33820516, 1.0000000, 0.93552583, 9.0079708, 9.6188087, 9.7864304, 9.9404383, 9.9694872, 9.9884586, 19.998711, 19.999664, 19.999680, 19.975929, 0.34007928, 0.34618780, 0.34786415, 0.34940436, 0.34969485, 0.34988457, 0.34999356, 0.34999833, 0.34999841, 0.34987965, 0.93552583
0.35583818, 1.0000000, 0.99941355, 9.9919748, 9.9951992, 9.9976015, 9.9995165, 9.9997635, 9.9999189, 19.999998, 19.999998, 19.999989, 19.991005, 0.34991929, 0.34995171, 0.34997585, 0.34999514, 0.34999764, 0.34999919, 0.34999999, 0.34999999, 0.34999993, 0.34995502, 0.99941355
0.33815247, 1.0000000, 0.93533492, 9.0491209, 9.5632973, 9.7516088, 9.9257631, 9.9617338, 9.9850607, 19.997925, 19.999456, 19.999813, 19.986019, 0.34049031, 0.34563240, 0.34751579, 0.34925759, 0.34961730, 0.34985059, 0.34998962, 0.34999728, 0.34999907, 0.34993011, 0.93533492
0.27974725, 1.0000000, 0.72372192, 5.0996242, 9.2335720, 9.5088062, 9.7741032, 9.8748569, 9.9460812, 19.989950, 19.997364, 19.998461, 19.962727, 0.30099556, 0.34233499, 0.34508768, 0.34774095, 0.34874853, 0.34946081, 0.34994975, 0.34998682, 0.34999231, 0.34981364, 0.72372192
0.23180544, 1.0000000, 0.55001974, 2.5663228, 7.7132697, 9.4377337, 9.6908693, 9.8158016, 9.9143658, 19.982811, 19.995451, 19.995203, 19.941422, 0.27566206, 0.32713062, 0.34437606, 0.34690842, 0.34815788, 0.34914362, 0.34991404, 0.34997725, 0.34997600, 0.34970710, 0.55001974
0.20053616, 1.0000000, 0.43672520, 1.6308933, 5.5061178, 9.4250460, 9.6672964, 9.7928200, 9.8976822, 19.977718, 19.994005, 19.989353, 19.922930, 0.26630759, 0.30505842, 0.34424812, 0.34667248, 0.34792796, 0.34897673, 0.34988859, 0.34997004, 0.34994677, 0.34961465, 0.43672520
0.31305155, 1.0000000, 0.84438962, 7.7032661, 8.9707212, 9.4348955, 9.6640930, 9.7856741, 9.8899803, 19.974051, 19.992682, 19.980688, 19.907579, 0.32702816, 0.33970407, 0.34434733, 0.34664062, 0.34785655, 0.34889975, 0.34987026, 0.34996340, 0.34990343, 0.34953791, 0.84438962
0.26577190, 1.0000000, 0.67308658, 4.1167312, 9.2199287, 9.4658194, 9.6784029, 9.7918425, 9.8894300, 19.970194, 19.990795, 19.969425, 19.895287, 0.29116702, 0.34219891, 0.34465799, 0.34678400, 0.34791839, 0.34889430, 0.34985095, 0.34995398, 0.34984714, 0.34947643, 0.67308658
0.23583768, 1.0000000, 0.56462926, 2.6627989, 8.0194588, 9.4818020, 9.6890974, 9.7973719, 9.8905697, 19.966972, 19.988153, 19.956367, 19.885744, 0.27662548, 0.33019009, 0.34481537, 0.34689045, 0.34797344, 0.34890559, 0.34983486, 0.34994078, 0.34978184, 0.34942871, 0.56462926
0.22014451, 1.0000000, 0.50776994, 2.5651307, 6.2913976, 9.4714098, 9.6896124, 9.7979889, 9.8909187, 19.964598, 19.984386, 19.942511, 19.878498, 0.27565032, 0.31291252, 0.34471300, 0.34689587, 0.34797978, 0.34890917, 0.34982300, 0.34992194, 0.34971255, 0.34939247, 0.50776994
0.19233975, 1.0000000, 0.40702808, 1.6734809, 4.4435043, 9.4299088, 9.6653938, 9.7839823, 9.8840351, 19.960279, 19.978359, 19.928566, 19.873053, 0.26673368, 0.29443327, 0.34429720, 0.34665355, 0.34783962, 0.34884030, 0.34980139, 0.34989178, 0.34964281, 0.34936526, 0.40702808
0.16555093, 1.0000000, 0.30996713, 0.82791150, 2.9459298, 8.7823191, 9.6311808, 9.7622271, 9.8734083, 19.955679, 19.970335, 19.915470, 19.869059, 0.25827822, 0.27945739, 0.33782032, 0.34631118, 0.34762195, 0.34873396, 0.34977838, 0.34985167, 0.34957737, 0.34934530, 0.30996713
0.15046288, 0.85091585, 0.25530028, 0.41406751, 2.3544698, 7.6991701, 9.6378345, 9.7641840, 9.8730478, 19.952610, 19.960878, 19.903933, 19.866177, 0.25413981, 0.27354172, 0.32698682, 0.34637713, 0.34764120, 0.34873027, 0.34976304, 0.34980440, 0.34951967, 0.34933087, 0.25530028
0.13756502, 0.69515997, 0.20856886, 0.99945068E-1, 1.8355161, 6.6693001, 9.6346035, 9.7619352, 9.8715763, 19.949024, 19.949926, 19.894066, 19.864084, 0.25099921, 0.26835269, 0.31668848, 0.34634471, 0.34761870, 0.34871554, 0.34974512, 0.34974962, 0.34947032, 0.34932041, 0.20856886
0.12647349, 0.56121784, 0.16838220, 0.0000000, 1.2768924, 5.4504647, 9.5971155, 9.7392292, 9.8612909, 19.944080, 19.937950, 19.885839, 19.862591, 0.24999833, 0.26276702, 0.30450055, 0.34596974, 0.34739158, 0.34861267, 0.34972042, 0.34968975, 0.34942919, 0.34931296, 0.16838220
0.11869314, 0.46726167, 0.14019252, 0.0000000, 0.86787343, 4.3890986, 9.5979462, 9.7375679, 9.8586550, 19.938459, 19.925854, 19.879265, 19.861519, 0.24999833, 0.25867739, 0.29388759, 0.34597796, 0.34737495, 0.34858629, 0.34969229, 0.34962928, 0.34939632, 0.34930760, 0.14019252
0.11255008, 0.39307758, 0.11793507, 0.0000000, 0.57959557, 3.4802766, 9.6037989, 9.7405481, 9.8591223, 19.932564, 19.914413, 19.874130, 19.860756, 0.24999833, 0.25579488, 0.28479955, 0.34603620, 0.34740460, 0.34859091, 0.34966281, 0.34957206, 0.34937066, 0.34930378, 0.11793507
0.10754936, 0.33268851, 0.99816538E-1, 0.0000000, 0.33534169, 2.8225927, 9.3031816, 9.7267380, 9.8526993, 19.925745, 19.903921, 19.870199, 19.860214, 0.24999833, 0.25335258, 0.27822244, 0.34302953, 0.34726620, 0.34852657, 0.34962872, 0.34951961, 0.34935099, 0.34930107, 0.99816538E-1
0.10457416, 0.29675967, 0.89036807E-1, 0.0000000, 0.18865168, 2.4784565, 8.8921251, 9.7363510, 9.8553514, 19.918697, 19.894800, 19.867228, 19.859838, 0.24999833, 0.25188595, 0.27478093, 0.33891866, 0.34736207, 0.34855303, 0.34959349, 0.34947401, 0.34933615, 0.34929919, 0.89036807E-1
0.10108565, 0.25463215, 0.76397285E-1, 0.0000000, 0.0000000, 2.1032004, 8.4474936, 9.7244797, 9.8481512, 19.908571, 19.886393, 19.864830, 19.859539, 0.24996185, 0.24998882, 0.27102980, 0.33447316, 0.34724379, 0.34848118, 0.34954286, 0.34943196, 0.34932417, 0.34929770, 0.76397285E-1
0.98776765E-1, 0.22674985, 0.68031758E-1, 0.0000000, 0.0000000, 1.6630054, 7.8867569, 9.6916170, 9.8307695, 19.897200, 19.879059, 19.862923, 19.859299, 0.24996185, 0.24998882, 0.26661602, 0.32885426, 0.34690800, 0.34830493, 0.34948599, 0.34939530, 0.34931463, 0.34929651, 0.68031758E-1
0.10321148, 0.28030390, 0.84099583E-1, 0.37999451, 0.0000000, 1.5235662, 7.5802674, 9.7495832, 9.8523226, 19.890533, 19.874109, 19.861769, 19.859222, 0.25379378, 0.24998882, 0.26522824, 0.32579529, 0.34749109, 0.34852162, 0.34945267, 0.34937054, 0.34930885, 0.34929612, 0.84099583E-1
0.98453201E-1, 0.22284245, 0.66859424E-1, 0.97012520E-1, 0.0000000, 1.3690263, 7.3064356, 9.7654285, 9.8586035, 19.883354, 19.869932, 19.860851, 19.859169, 0.25096837, 0.24998882, 0.26368275, 0.32305634, 0.34764895, 0.34858423, 0.34941676, 0.34934968, 0.34930426, 0.34929585, 0.66859424E-1
0.16357747, 1.0000000, 0.30281690, 2.7976542, 2.2909789, 3.0904570, 9.4012375, 9.8166456, 9.8787823, 19.879307, 19.867277, 19.860346, 19.859169, 0.27797368, 0.27290839, 0.28090361, 0.34401181, 0.34816617, 0.34878772, 0.34939653, 0.34933639, 0.34930173, 0.34929585, 0.30281690
0.16340953, 1.0000000, 0.30220842, 2.9485612, 2.1234453, 2.8897285, 9.3578367, 9.8266354, 9.8827057, 19.874743, 19.865002, 19.859922, 19.859158, 0.27948213, 0.27123293, 0.27889627, 0.34357771, 0.34826601, 0.34882694, 0.34937370, 0.34932500, 0.34929961, 0.34929579, 0.30220842
0.14360309, 0.76807636, 0.23044595, 1.7137051, 1.7069191, 3.0116038, 9.5914602, 9.7940540, 9.8684902, 19.868402, 19.862623, 19.859457, 19.859081, 0.26713437, 0.26706758, 0.28011465, 0.34591371, 0.34794009, 0.34868476, 0.34934202, 0.34931311, 0.34929729, 0.34929541, 0.23044595
0.12506509, 0.54420990, 0.16327929, 0.83277822, 1.1838317, 2.5959730, 9.2235689, 9.7511101, 9.8483143, 19.861574, 19.860374, 19.858997, 19.858986, 0.25832391, 0.26183501, 0.27595612, 0.34223312, 0.34750974, 0.34848270, 0.34930786, 0.34930187, 0.34929499, 0.34929493, 0.16327929
0.11197772, 0.38616571, 0.11586130, 0.25070012, 0.78453124, 2.2544770, 8.8270206, 9.7365246, 9.8392124, 19.856651, 19.858812, 19.858673, 19.858904, 0.25250491, 0.25784141, 0.27253917, 0.33826584, 0.34736285, 0.34839132, 0.34928325, 0.34929407, 0.34929335, 0.34929451, 0.11586130
0.10338112, 0.28235242, 0.84714197E-1, 0.0000000, 0.40360391, 1.8732339, 8.3497744, 9.7106380, 9.8262634, 19.852301, 19.857479, 19.858385, 19.858828, 0.24997497, 0.25403318, 0.26872572, 0.33349183, 0.34710297, 0.34826148, 0.34926149, 0.34928739, 0.34929192, 0.34929413, 0.84714197E-1
0.99520132E-1, 0.23572677, 0.70725106E-1, 0.0000000, 0.14423728, 1.5552074, 7.8735852, 9.7023201, 9.8211527, 19.849754, 19.856684, 19.858208, 19.858805, 0.24997497, 0.25144124, 0.26554602, 0.32872972, 0.34701940, 0.34821025, 0.34924877, 0.34928343, 0.34929103, 0.34929401, 0.70725106E-1
0.96353859E-1, 0.19749065, 0.59253123E-1, 0.0000000, 0.0000000, 1.1981219, 7.2930613, 9.6724396, 9.8072777, 19.847031, 19.855890, 19.858047, 19.858757, 0.24997497, 0.24997787, 0.26197612, 0.32292441, 0.34672028, 0.34807137, 0.34923515, 0.34927946, 0.34929025, 0.34929377, 0.59253123E-1
0.94815664E-1, 0.17891526, 0.53679947E-1, 0.0000000, 0.0000000, 0.93573034, 6.7459302, 9.6745596, 9.8067932, 19.846058, 19.855572, 19.858042, 19.858757, 0.24997497, 0.24997787, 0.25935301, 0.31745309, 0.34674117, 0.34806645, 0.34923029, 0.34927785, 0.34929019, 0.34929377, 0.53679947E-1
0.15054372, 0.85189217, 0.25559321, 2.3234220, 2.2891700, 2.1298528, 6.4555616, 9.7447882, 9.8356619, 19.848179, 19.856108, 19.858208, 19.858757, 0.27322009, 0.27288336, 0.27129465, 0.31455326, 0.34744608, 0.34835601, 0.34924090, 0.34928054, 0.34929103, 0.34929377, 0.25559321
0.26447174, 1.0000000, 0.66837579, 4.1756825, 9.0140629, 9.3832073, 9.5945997, 9.8063784, 9.8618364, 19.850641, 19.856726, 19.858355, 19.858757, 0.29175654, 0.34014031, 0.34383190, 0.34594598, 0.34806374, 0.34861836, 0.34925321, 0.34928364, 0.34929177, 0.34929377, 0.66837579
0.35599411, 1.0000000, 0.99997866, 9.9997492, 9.9998531, 9.9999218, 9.9999847, 9.9999962, 9.9999990, 19.999998, 19.999998, 19.999998, 19.994993, 0.34999704, 0.34999827, 0.34999910, 0.34999982, 0.34999996, 0.34999999, 0.34999999, 0.34999999, 0.34999999, 0.34997496, 0.99997866
0.35565138, 1.0000000, 0.99873680, 9.9998198, 9.9957714, 9.9305487, 9.9837561, 9.9918156, 9.9970322, 19.999767, 19.999939, 19.999908, 19.983068, 0.34999502, 0.34995580, 0.34930453, 0.34983739, 0.34991807, 0.34997028, 0.34999883, 0.34999970, 0.34999955, 0.34991533, 0.99873680
0.33777165, 1.0000000, 0.93395513, 8.9632626, 9.6361723, 9.7965021, 9.9440279, 9.9713449, 9.9892550, 19.998890, 19.999706, 19.999777, 19.979128, 0.33962932, 0.34635961, 0.34796396, 0.34944007, 0.34971333, 0.34989253, 0.34999445, 0.34999853, 0.34999889, 0.34989566, 0.93395513
0.30546248, 1.0000000, 0.81689304, 6.8215070, 9.3982439, 9.6305389, 9.8572817, 9.9234724, 9.9690142, 19.995489, 19.998825, 19.998274, 19.956398, 0.31821147, 0.34397945, 0.34630388, 0.34857252, 0.34923458, 0.34969008, 0.34997743, 0.34999412, 0.34999138, 0.34978199, 0.81689304
0.26776934, 1.0000000, 0.68032372, 4.1743603, 9.3054504, 9.5533857, 9.7876940, 9.8793144, 9.9481821, 19.992033, 19.997917, 19.994560, 19.935877, 0.29174215, 0.34305254, 0.34553283, 0.34787673, 0.34879303, 0.34948179, 0.34996015, 0.34998959, 0.34997278, 0.34967938, 0.68032372
0.23749134, 1.0000000, 0.57062078, 2.6803703, 8.1623039, 9.5180387, 9.7449751, 9.8478041, 9.9306040, 19.988781, 19.996969, 19.988026, 19.918316, 0.27680293, 0.33162162, 0.34517956, 0.34744957, 0.34847796, 0.34930602, 0.34994391, 0.34998485, 0.34994012, 0.34959158, 0.57062078
0.21483289, 1.0000000, 0.48852491, 2.0373793, 6.5074115, 9.5048151, 9.7263308, 9.8313217, 9.9192181, 19.986341, 19.995943, 19.978670, 19.903868, 0.27037191, 0.31507054, 0.34504554, 0.34726277, 0.34831294, 0.34919208, 0.34993172, 0.34997970, 0.34989336, 0.34951934, 0.48852491
0.19380596, 1.0000000, 0.41234043, 1.4843047, 4.9012718, 9.4863529, 9.7109756, 9.8186855, 9.9103928, 19.984150, 19.994452, 19.966909, 19.892380, 0.26484129, 0.29900926, 0.34486017, 0.34710908, 0.34818649, 0.34910381, 0.34992075, 0.34997225, 0.34983456, 0.34946191, 0.41234043
0.18562855, 1.0000000, 0.38271213, 1.4178306, 3.9853609, 9.5560150, 9.7420883, 9.8340797, 9.9143753, 19.983133, 19.992292, 19.953642, 19.883575, 0.26417717, 0.28985170, 0.34555784, 0.34742039, 0.34834057, 0.34914365, 0.34991568, 0.34996146, 0.34976822, 0.34941787, 0.38271213
0.20901667, 1.0000000, 0.46745169, 2.2407711, 5.3728490, 9.6735649, 9.7919722, 9.8616304, 9.9250631, 19.983131, 19.988943, 19.939789, 19.876944, 0.27240711, 0.30372763, 0.34673488, 0.34791958, 0.34861621, 0.34925058, 0.34991565, 0.34994471, 0.34969896, 0.34938473, 0.46745169
0.20156072, 1.0000000, 0.44043738, 2.1943808, 4.5908294, 9.5945835, 9.7771444, 9.8556595, 9.9234877, 19.981823, 19.983429, 19.926174, 19.871988, 0.27194363, 0.29590806, 0.34594560, 0.34777138, 0.34855655, 0.34923488, 0.34990913, 0.34991714, 0.34963086, 0.34935993, 0.44043738
0.18055928, 1.0000000, 0.36434516, 1.5186667, 3.2404521, 9.4911385, 9.7220087, 9.8247442, 9.9100628, 19.978029, 19.975233, 19.913391, 19.868305, 0.26518437, 0.28240159, 0.34490710, 0.34721923, 0.34824699, 0.34910047, 0.34989014, 0.34987617, 0.34956697, 0.34934151, 0.36434516
0.16505122, 1.0000000, 0.30815661, 0.99563599, 2.5602400, 8.8541336, 9.7014170, 9.8103256, 9.9021997, 19.974312, 19.965210, 19.902119, 19.865648, 0.25995526, 0.27560070, 0.33853841, 0.34701350, 0.34810293, 0.34902188, 0.34987158, 0.34982604, 0.34951061, 0.34932825, 0.30815661
0.15077542, 0.85469002, 0.25643265, 0.54391623, 2.0750613, 7.8885684, 9.6764250, 9.7936258, 9.8935814, 19.970165, 19.953712, 19.892572, 19.863712, 0.25543863, 0.27074939, 0.32888335, 0.34676370, 0.34793597, 0.34893572, 0.34985083, 0.34976858, 0.34946287, 0.34931856, 0.25643265
0.14391752, 0.77187341, 0.23158519, 0.37214160, 1.8384218, 7.2691417, 9.7090263, 9.8105679, 9.8994331, 19.966867, 19.941778, 19.884830, 19.862360, 0.25372124, 0.26838365, 0.32269031, 0.34708998, 0.34810552, 0.34899426, 0.34983432, 0.34970888, 0.34942415, 0.34931180, 0.23158519
0.13392104, 0.65115517, 0.19536608, 0.12367368, 1.4765739, 6.4145761, 9.6782064, 9.7933950, 9.8921747, 19.961239, 19.929356, 19.878572, 19.861374, 0.25123665, 0.26476514, 0.31414449, 0.34678167, 0.34793377, 0.34892169, 0.34980619, 0.34964678, 0.34939286, 0.34930688, 0.19536608
0.12520239, 0.54586804, 0.16377679, 0.0000000, 1.1135519, 5.4561310, 9.6446733, 9.7725363, 9.8821154, 19.953899, 19.917311, 19.873646, 19.860662, 0.24997628, 0.26113471, 0.30455935, 0.34644601, 0.34772500, 0.34882104, 0.34976950, 0.34958655, 0.34936821, 0.34930331, 0.16377679
0.12073485, 0.49191755, 0.14759003, 0.0000000, 0.89798272, 4.8014936, 9.6711845, 9.7860432, 9.8852882, 19.945412, 19.906319, 19.869839, 19.860146, 0.24997628, 0.25897887, 0.29801235, 0.34671080, 0.34785989, 0.34885269, 0.34972706, 0.34953159, 0.34934920, 0.34930074, 0.14759003
0.11531812, 0.42650467, 0.12796420, 0.0000000, 0.62665343, 4.0444694, 9.6481638, 9.7725048, 9.8778811, 19.934595, 19.896294, 19.866882, 19.859774, 0.24997628, 0.25626123, 0.29042763, 0.34647349, 0.34772092, 0.34877741, 0.34967297, 0.34948146, 0.34933442, 0.34929886, 0.12796420
0.11341209, 0.40348729, 0.12105830, 0.0000000, 0.57332218, 3.6703451, 9.7180252, 9.8110600, 9.8921375, 19.926142, 19.888487, 19.864809, 19.859550, 0.24997628, 0.25573164, 0.28669843, 0.34717759, 0.34810928, 0.34892091, 0.34963071, 0.34944242, 0.34932405, 0.34929776, 0.12105830
0.11071575, 0.37092599, 0.11128893, 0.0000000, 0.47217309, 3.2240670, 9.7061043, 9.8065825, 9.8903875, 19.916834, 19.881889, 19.863243, 19.859386, 0.24997628, 0.25472054, 0.28223658, 0.34705859, 0.34806457, 0.34890345, 0.34958416, 0.34940946, 0.34931621, 0.34929693, 0.11128893
0.17352092, 1.0000000, 0.33884394, 2.4742813, 2.4212389, 6.2728696, 9.5923586, 9.7933512, 9.8835764, 19.907526, 19.876488, 19.862062, 19.859299, 0.27474165, 0.27421170, 0.31272784, 0.34592333, 0.34793335, 0.34883571, 0.34953764, 0.34938243, 0.34931031, 0.34929651, 0.33884394
0.17336819, 1.0000000, 0.33829048, 2.2840710, 2.2857041, 7.1106939, 9.7242136, 9.8256283, 9.8931618, 19.899002, 19.872253, 19.861217, 19.859251, 0.27284044, 0.27285686, 0.32110667, 0.34724209, 0.34825626, 0.34893161, 0.34949499, 0.34936127, 0.34930608, 0.34929627, 0.33829048
0.17301044, 1.0000000, 0.33699432, 2.1189809, 2.8446107, 6.4625897, 9.7058210, 9.8076563, 9.8829947, 19.888813, 19.868315, 19.860451, 19.859180, 0.27118954, 0.27844590, 0.31462565, 0.34705812, 0.34807652, 0.34882995, 0.34944406, 0.34934157, 0.34930226, 0.34929591, 0.33699432
0.16204032, 0.99072599, 0.29724753, 1.6627431, 2.5296359, 5.9640198, 9.7192993, 9.8111954, 9.8809595, 19.880802, 19.865419, 19.859922, 19.859133, 0.26662171, 0.27529114, 0.30963406, 0.34719101, 0.34811094, 0.34880927, 0.34940401, 0.34932709, 0.34929961, 0.34929568, 0.29724753
0.14969325, 0.84162170, 0.25251177, 1.1634737, 2.1576552, 5.3930750, 9.7038851, 9.8007212, 9.8738852, 19.873569, 19.863085, 19.859491, 19.859076, 0.26163122, 0.27157262, 0.30392584, 0.34703711, 0.34800631, 0.34873855, 0.34936786, 0.34931543, 0.34929746, 0.34929538, 0.25251177
0.13652302, 0.68257695, 0.20479357, 0.65874457, 1.7443240, 4.7283306, 9.6764507, 9.7829418, 9.8638897, 19.867147, 19.861162, 19.859163, 19.859016, 0.25658488, 0.26743919, 0.29727781, 0.34676227, 0.34782827, 0.34863850, 0.34933573, 0.34930581, 0.34929582, 0.34929508, 0.20479357
0.13015042, 0.60562092, 0.18170445, 0.44002235, 1.5492201, 4.2986002, 9.7115278, 9.8003931, 9.8685379, 19.863688, 19.860146, 19.859039, 19.858986, 0.25439888, 0.26548937, 0.29298210, 0.34711352, 0.34800303, 0.34868509, 0.34931844, 0.34930074, 0.34929520, 0.34929493, 0.18170445
0.11787795, 0.45741737, 0.13723893, 0.0000000, 1.1373967, 3.6388936, 9.6603813, 9.7710123, 9.8543825, 19.857883, 19.858589, 19.858690, 19.858887, 0.24999733, 0.26136851, 0.28638020, 0.34659916, 0.34770778, 0.34854305, 0.34928942, 0.34929293, 0.34929344, 0.34929442, 0.13723893
0.11203741, 0.38688651, 0.11607756, 0.0000000, 0.76655746, 2.9902518, 9.5706186, 9.7514067, 9.8441076, 19.853443, 19.857384, 19.858421, 19.858828, 0.24999733, 0.25766027, 0.27989218, 0.34569958, 0.34751070, 0.34843993, 0.34926721, 0.34928691, 0.34929210, 0.34929413, 0.11607756
0.10764237, 0.33381164, 0.10015351, 0.0000000, 0.46520233, 2.6135473, 9.1646605, 9.7343187, 9.8358765, 19.850906, 19.856737, 19.858278, 19.858805, 0.24999733, 0.25464961, 0.27612874, 0.34164187, 0.34734067, 0.34835792, 0.34925455, 0.34928370, 0.34929138, 0.34929401, 0.10015351
0.10404649, 0.29038751, 0.87124966E-1, 0.0000000, 0.23576021, 2.2845387, 8.7606812, 9.7292128, 9.8326569, 19.849287, 19.856337, 19.858189, 19.858768, 0.24999733, 0.25235692, 0.27284202, 0.33760425, 0.34729069, 0.34832609, 0.34924644, 0.34928167, 0.34929094, 0.34929383, 0.87124966E-1
0.10135502, 0.25788504, 0.77373251E-1, 0.0000000, 0.84424019E-1, 2.0127535, 8.3802900, 9.7319021, 9.8334379, 19.848875, 19.856218, 19.858171, 19.858757, 0.24999733, 0.25084400, 0.27012452, 0.33380041, 0.34731755, 0.34833390, 0.34924439, 0.34928110, 0.34929085, 0.34929377, 0.77373251E-1
0.99075750E-1, 0.23036040, 0.69115035E-1, 0.0000000, 0.0000000, 1.7176211, 7.9545550, 9.7179956, 9.8278236, 19.848356, 19.856071, 19.858154, 19.858757, 0.24999733, 0.24999997, 0.26717415, 0.32954365, 0.34717879, 0.34827784, 0.34924179, 0.34928036, 0.34929079, 0.34929377, 0.69115035E-1
0.97732276E-1, 0.21413648, 0.64247370E-1, 0.0000000, 0.0000000, 1.4746994, 7.5469670, 9.7183323, 9.8275995, 19.848263, 19.856054, 19.858166, 19.858757, 0.24999733, 0.24999997, 0.26474422, 0.32546681, 0.34718147, 0.34827536, 0.34924132, 0.34928027, 0.34929082, 0.34929377, 0.64247370E-1
0.96301109E-1, 0.19685364, 0.59061997E-1, 0.0000000, 0.0000000, 1.2198746, 7.0999556, 9.7047052, 9.8217983, 19.847683, 19.855902, 19.858131, 19.858757, 0.24999733, 0.24999997, 0.26219675, 0.32099724, 0.34704548, 0.34821746, 0.34923843, 0.34927952, 0.34929067, 0.34929377, 0.59061997E-1
0.95088199E-1, 0.18220641, 0.54667391E-1, 0.0000000, 0.0000000, 1.0123789, 6.6724877, 9.7052851, 9.8215723, 19.847523, 19.855871, 19.858143, 19.858757, 0.24999733, 0.24999997, 0.26012161, 0.31672201, 0.34705076, 0.34821501, 0.34923762, 0.34927934, 0.34929073, 0.34929377, 0.54667391E-1
0.94071135E-1, 0.16992426, 0.50982378E-1, 0.0000000, 0.0000000, 0.84379613, 6.2823763, 9.7128277, 9.8244772, 19.847507, 19.855873, 19.858154, 19.858757, 0.24999733, 0.24999997, 0.25843647, 0.31282157, 0.34712657, 0.34824422, 0.34923753, 0.34927937, 0.34929079, 0.34929377, 0.50982378E-1
0.92998587E-1, 0.15697205, 0.47096327E-1, 0.0000000, 0.0000000, 0.67069232, 5.8595252, 9.7014360, 9.8200150, 19.847330, 19.855831, 19.858154, 19.858757, 0.24999733, 0.24999997, 0.25670481, 0.30859154, 0.34701130, 0.34819910, 0.34923667, 0.34927917, 0.34929079, 0.34929377, 0.47096327E-1
0.91783024E-1, 0.14229280, 0.42692110E-1, 0.0000000, 0.0000000, 0.48120022, 5.3544707, 9.6741819, 9.8080559, 19.846439, 19.855595, 19.858107, 19.858757, 0.24999733, 0.24999997, 0.25481015, 0.30354062, 0.34673813, 0.34807932, 0.34923220, 0.34927797, 0.34929055, 0.34929377, 0.42692110E-1
0.91348641E-1, 0.13704716, 0.41118260E-1, 0.0000000, 0.0000000, 0.42704046, 5.0657148, 9.7346916, 9.8324957, 19.848309, 19.856108, 19.858213, 19.858757, 0.24999733, 0.24999997, 0.25426933, 0.30065462, 0.34734446, 0.34832412, 0.34924155, 0.34928054, 0.34929106, 0.34929377, 0.41118260E-1
0.90715460E-1, 0.12940088, 0.38824145E-1, 0.0000000, 0.0000000, 0.33718646, 4.7532611, 9.7300224, 9.8323488, 19.848709, 19.856207, 19.858213, 19.858757, 0.24999733, 0.24999997, 0.25337023, 0.29752797, 0.34729546, 0.34832188, 0.34924355, 0.34928104, 0.34929106, 0.34929377, 0.38824145E-1
0.90184823E-1, 0.12299284, 0.36901541E-1, 0.0000000, 0.0000000, 0.26057959, 4.4864864, 9.7458706, 9.8387146, 19.848761, 19.856207, 19.858194, 19.858757, 0.24999733, 0.24999997, 0.25260428, 0.29485968, 0.34745309, 0.34838524, 0.34924382, 0.34928104, 0.34929097, 0.34929377, 0.36901541E-1
0.89524932E-1, 0.11502390, 0.34510620E-1, 0.0000000, 0.0000000, 0.16555488, 4.1749587, 9.7279539, 9.8319139, 19.848095, 19.855997, 19.858166, 19.858757, 0.24999733, 0.24999997, 0.25165418, 0.29174268, 0.34727150, 0.34831643, 0.34924048, 0.34928000, 0.34929082, 0.34929377, 0.34510620E-1
0.88938653E-1, 0.10794391, 0.32386415E-1, 0.0000000, 0.0000000, 0.90494752E-1, 3.8481238, 9.7167730, 9.8273697, 19.848083, 19.855997, 19.858171, 19.858757, 0.24999733, 0.24999997, 0.25090423, 0.28847507, 0.34715995, 0.34827107, 0.34924042, 0.34928000, 0.34929085, 0.34929377, 0.32386415E-1
0.88279970E-1, 0.99989660E-1, 0.29999899E-1, 0.0000000, 0.0000000, 0.11008978E-1, 3.4634497, 9.6917086, 9.8165560, 19.847540, 19.855871, 19.858131, 19.858757, 0.24999733, 0.24999997, 0.25011006, 0.28463191, 0.34691346, 0.34816435, 0.34923771, 0.34927934, 0.34929067, 0.34929377, 0.29999899E-1
0.87862223E-1, 0.94944857E-1, 0.28486306E-1, 0.0000000, 0.0000000, 0.0000000, 3.0288281, 9.6663847, 9.8049831, 19.846889, 19.855701, 19.858107, 19.858757, 0.24999733, 0.24999997, 0.24999894, 0.28028432, 0.34665751, 0.34804767, 0.34923446, 0.34927851, 0.34929055, 0.34929377, 0.28486306E-1
0.11788945, 0.45755634, 0.13728063, 2.1827281, 0.0000000, 0.0000000, 2.9634058, 9.5868397, 9.8386230, 19.848356, 19.856091, 19.858194, 19.858757, 0.27181825, 0.24999997, 0.24999894, 0.27963331, 0.34586722, 0.34838581, 0.34924179, 0.34928045, 0.34929097, 0.34929377, 0.13728063
0.10582398, 0.31185260, 0.93565136E-1, 1.3191044, 0.0000000, 0.0000000, 2.8649001, 9.4185009, 9.8354101, 19.846563, 19.855631, 19.858072, 19.858709, 0.26318508, 0.24999997, 0.24999894, 0.27864823, 0.34418371, 0.34835365, 0.34923282, 0.34927815, 0.34929037, 0.34929353, 0.93565136E-1
0.95940672E-1, 0.19250093, 0.57756059E-1, 0.61554015, 0.0000000, 0.0000000, 2.7555346, 9.2188768, 9.8275728, 19.845722, 19.855425, 19.858036, 19.858709, 0.25614965, 0.24999997, 0.24999894, 0.27755380, 0.34218618, 0.34827480, 0.34922862, 0.34927714, 0.34929019, 0.34929353, 0.57756059E-1
0.93257070E-1, 0.16009356, 0.48032872E-1, 0.42677224, 0.0000000, 0.0000000, 2.7128668, 9.0960407, 9.8431044, 19.847790, 19.855986, 19.858194, 19.858709, 0.25426582, 0.24999997, 0.24999894, 0.27712795, 0.34095919, 0.34843060, 0.34923893, 0.34927994, 0.34929097, 0.34929353, 0.48032872E-1
0.88334143E-1, 0.10064382, 0.30196168E-1, 0.84549189E-1, 0.0000000, 0.0000000, 2.5938630, 8.8536539, 9.8223391, 19.848244, 19.856091, 19.858200, 19.858709, 0.25084475, 0.24999997, 0.24999894, 0.27593726, 0.33853418, 0.34822252, 0.34924123, 0.34928045, 0.34929100, 0.34929353, 0.30196168E-1
0.86877085E-1, 0.83048299E-1, 0.24916982E-1, 0.0000000, 0.0000000, 0.0000000, 2.4242878, 8.4986839, 9.7929068, 19.848331, 19.856108, 19.858183, 19.858709, 0.24993488, 0.24999997, 0.24999894, 0.27424228, 0.33498576, 0.34792864, 0.34924167, 0.34928054, 0.34929091, 0.34929353, 0.24916982E-1
0.86663589E-1, 0.80470063E-1, 0.24143433E-1, 0.0000000, 0.0000000, 0.0000000, 2.3008437, 8.2280283, 9.7986879, 19.847507, 19.855890, 19.858120, 19.858709, 0.24993488, 0.24999997, 0.24999894, 0.27300763, 0.33227885, 0.34798631, 0.34923753, 0.34927946, 0.34929061, 0.34929353, 0.24143433E-1
0.86550370E-1, 0.79102896E-1, 0.23733243E-1, 0.0000000, 0.0000000, 0.0000000, 2.2447319, 8.0602903, 9.8233585, 19.848932, 19.856249, 19.858200, 19.858709, 0.24993488, 0.24999997, 0.24999894, 0.27244225, 0.33059382, 0.34822989, 0.34924465, 0.34928125, 0.34929100, 0.34929353, 0.23733243E-1
0.87593138E-1, 0.91695420E-1, 0.27511379E-1, 0.82373619E-1, 0.0000000, 0.0000000, 2.1991940, 7.9229236, 9.8367386, 19.850348, 19.856596, 19.858294, 19.858709, 0.25082245, 0.24999997, 0.24999894, 0.27198991, 0.32922557, 0.34836587, 0.34925175, 0.34928298, 0.34929147, 0.34929353, 0.27511379E-1
0.86182654E-1, 0.74662253E-1, 0.22400917E-1, 0.0000000, 0.0000000, 0.0000000, 2.0411282, 7.5874233, 9.7942629, 19.849592, 19.856421, 19.858225, 19.858709, 0.24991770, 0.24999997, 0.24999894, 0.27041009, 0.32587203, 0.34794167, 0.34924796, 0.34928209, 0.34929112, 0.34929353, 0.22400917E-1
0.86080007E-1, 0.73422745E-1, 0.22029027E-1, 0.0000000, 0.0000000, 0.0000000, 1.9859880, 7.4393678, 9.8249826, 19.849211, 19.856306, 19.858189, 19.858709, 0.24991770, 0.24999997, 0.24999894, 0.26985911, 0.32439223, 0.34824920, 0.34924605, 0.34928152, 0.34929094, 0.34929353, 0.22029027E-1
0.86004712E-1, 0.72513446E-1, 0.21756209E-1, 0.0000000, 0.0000000, 0.0000000, 1.9456983, 7.3326283, 9.8440313, 19.849333, 19.856348, 19.858189, 19.858709, 0.24991770, 0.24999997, 0.24999894, 0.26945403, 0.32332072, 0.34843782, 0.34924668, 0.34928173, 0.34929094, 0.34929353, 0.21756209E-1
0.85930489E-1, 0.71617149E-1, 0.21487294E-1, 0.0000000, 0.0000000, 0.0000000, 1.9049704, 7.2316279, 9.8520555, 19.849592, 19.856396, 19.858194, 19.858709, 0.24991770, 0.24999997, 0.24999894, 0.26904798, 0.32231298, 0.34851906, 0.34924796, 0.34928197, 0.34929097, 0.34929353, 0.21487294E-1
0.85864775E-1, 0.70823587E-1, 0.21249201E-1, 0.0000000, 0.0000000, 0.0000000, 1.8681228, 7.1439805, 9.8579397, 19.849730, 19.856441, 19.858194, 19.858709, 0.24999718, 0.24999997, 0.24999894, 0.26868105, 0.32143947, 0.34857926, 0.34924865, 0.34928221, 0.34929097, 0.34929353, 0.21249201E-1
0.85726209E-1, 0.69150232E-1, 0.20747146E-1, 0.0000000, 0.0000000, 0.0000000, 1.7798603, 6.9922099, 9.8407831, 19.847435, 19.855812, 19.858047, 19.858709, 0.24999718, 0.24999997, 0.24999894, 0.26779681, 0.31991860, 0.34840620, 0.34923717, 0.34927905, 0.34929025, 0.34929353, 0.20747146E-1
0.85619055E-1, 0.67856200E-1, 0.20358896E-1, 0.0000000, 0.0000000, 0.0000000, 1.7139137, 6.8650055, 9.8417969, 19.846426, 19.855515, 19.858042, 19.858709, 0.24999718, 0.24999997, 0.24999894, 0.26713720, 0.31864619, 0.34841612, 0.34923214, 0.34927756, 0.34929019, 0.34929353, 0.20358896E-1
0.85437126E-1, 0.65659203E-1, 0.19699730E-1, 0.0000000, 0.0000000, 0.0000000, 1.5936494, 6.6773071, 9.8240643, 19.842426, 19.854469, 19.857790, 19.858704, 0.24999718, 0.24999997, 0.24999894, 0.26591542, 0.31675655, 0.34823239, 0.34921131, 0.34927213, 0.34928888, 0.34929353, 0.19699730E-1
0.85236020E-1, 0.63230693E-1, 0.18971106E-1, 0.0000000, 0.0000000, 0.0000000, 1.4633149, 6.4590549, 9.8094358, 19.838991, 19.853577, 19.857565, 19.858675, 0.24999718, 0.24999997, 0.24999894, 0.26460567, 0.31456834, 0.34808305, 0.34919387, 0.34926763, 0.34928775, 0.34929335, 0.18971106E-1
0.84992655E-1, 0.60291778E-1, 0.18089343E-1, 0.0000000, 0.0000000, 0.0000000, 1.3064474, 6.1864767, 9.7900124, 19.835058, 19.852535, 19.857325, 19.858652, 0.24999718, 0.24999997, 0.24999894, 0.26305458, 0.31185481, 0.34789494, 0.34917492, 0.34926260, 0.34928659, 0.34929326, 0.18089343E-1
0.84710866E-1, 0.56888837E-1, 0.17068358E-1, 0.0000000, 0.0000000, 0.0000000, 1.1347800, 5.8619676, 9.7706194, 19.831526, 19.851591, 19.857079, 19.858587, 0.24999718, 0.24999997, 0.24999894, 0.26131573, 0.30859348, 0.34769228, 0.34915635, 0.34925762, 0.34928530, 0.34929290, 0.17068358E-1
0.84456518E-1, 0.53817287E-1, 0.16146801E-1, 0.0000000, 0.0000000, 0.0000000, 0.99478960, 5.5223017, 9.7616129, 19.831644, 19.851570, 19.857105, 19.858599, 0.24999718, 0.24999997, 0.24999894, 0.25994560, 0.30521667, 0.34761241, 0.34915823, 0.34925786, 0.34928554, 0.34929299, 0.16146801E-1
0.84208369E-1, 0.50820623E-1, 0.15247712E-1, 0.0000000, 0.0000000, 0.0000000, 0.86723566, 5.1794467, 9.7568865, 19.832354, 19.851728, 19.857183, 19.858629, 0.24999718, 0.24999997, 0.24999894, 0.25867045, 0.30178875, 0.34756526, 0.34916177, 0.34925863, 0.34928590, 0.34929314, 0.15247712E-1
0.83953790E-1, 0.47746312E-1, 0.14325326E-1, 0.0000000, 0.0000000, 0.0000000, 0.74418485, 4.8139620, 9.7478676, 19.833313, 19.851954, 19.857246, 19.858664, 0.24999718, 0.24999997, 0.24999894, 0.25743949, 0.29813200, 0.34747353, 0.34916657, 0.34925976, 0.34928623, 0.34929332, 0.14325326E-1
0.83748035E-1, 0.45261625E-1, 0.13579845E-1, 0.0000000, 0.0000000, 0.0000000, 0.65369606, 4.4948940, 9.7563820, 19.835508, 19.852543, 19.857384, 19.858709, 0.24999718, 0.24999997, 0.24999894, 0.25653508, 0.29494244, 0.34755909, 0.34917754, 0.34926271, 0.34928691, 0.34929353, 0.13579845E-1
0.83609164E-1, 0.43584581E-1, 0.13076683E-1, 0.0000000, 0.0000000, 0.0000000, 0.59591532, 4.2656803, 9.7831268, 19.838245, 19.853296, 19.857597, 19.858709, 0.24999718, 0.24999997, 0.24999894, 0.25595796, 0.29265261, 0.34782806, 0.34919122, 0.34926647, 0.34928799, 0.34929353, 0.13076683E-1
0.84731638E-1, 0.57139739E-1, 0.17143637E-1, 0.94637275E-1, 0.0000000, 0.0000000, 0.51301420, 3.9929507, 9.7691584, 19.838953, 19.853527, 19.857649, 19.858698, 0.25094613, 0.24999997, 0.24999894, 0.25513005, 0.28992921, 0.34769136, 0.34919477, 0.34926763, 0.34928825, 0.34929350, 0.17143637E-1
0.83233871E-1, 0.39052516E-1, 0.11716926E-1, 0.0000000, 0.0000000, 0.0000000, 0.41473806, 3.7269058, 9.7684221, 19.837465, 19.853144, 19.857540, 19.858675, 0.24997593, 0.24999997, 0.24999894, 0.25414470, 0.28726354, 0.34767970, 0.34918723, 0.34926569, 0.34928769, 0.34929338, 0.11716926E-1
0.83058484E-1, 0.36934566E-1, 0.11081478E-1, 0.0000000, 0.0000000, 0.0000000, 0.32960474, 3.4728715, 9.7707920, 19.837048, 19.853062, 19.857531, 19.858692, 0.24997593, 0.24999997, 0.24999894, 0.25329453, 0.28472066, 0.34770039, 0.34918523, 0.34926531, 0.34928766, 0.34929347, 0.11081478E-1
0.82893088E-1, 0.34937192E-1, 0.10482206E-1, 0.0000000, 0.0000000, 0.0000000, 0.25059283, 3.2307677, 9.7732048, 19.836916, 19.853027, 19.857525, 19.858692, 0.24997593, 0.24999997, 0.24999894, 0.25250342, 0.28229973, 0.34772438, 0.34918451, 0.34926510, 0.34928763, 0.34929347, 0.10482206E-1
0.82739286E-1, 0.33079889E-1, 0.99249594E-2, 0.0000000, 0.0000000, 0.0000000, 0.18378198, 2.9951425, 9.7646837, 19.837606, 19.853201, 19.857578, 19.858704, 0.24997593, 0.24999997, 0.24999894, 0.25183707, 0.27994546, 0.34764034, 0.34918803, 0.34926599, 0.34928790, 0.34929353, 0.99249594E-2
0.82545325E-1, 0.30737629E-1, 0.92222113E-2, 0.0000000, 0.0000000, 0.0000000, 0.80865622E-1, 2.8039188, 9.5479765, 19.835310, 19.852591, 19.857418, 19.858652, 0.24997593, 0.24999997, 0.24999894, 0.25080860, 0.27803805, 0.34547848, 0.34917656, 0.34926295, 0.34928709, 0.34929326, 0.92222113E-2
0.82371265E-1, 0.28635615E-1, 0.85915439E-2, 0.0000000, 0.0000000, 0.0000000, 0.0000000, 2.6171894, 9.3321419, 19.832609, 19.851864, 19.857225, 19.858629, 0.24997593, 0.24999997, 0.24999894, 0.24999765, 0.27617040, 0.34331965, 0.34916306, 0.34925932, 0.34928614, 0.34929314, 0.85915439E-2
0.82249530E-1, 0.27165568E-1, 0.81504853E-2, 0.0000000, 0.0000000, 0.0000000, 0.0000000, 2.4081230, 9.0808086, 19.830450, 19.851252, 19.857059, 19.858599, 0.24997593, 0.24999997, 0.24999894, 0.24999765, 0.27407107, 0.34079650, 0.34915212, 0.34925622, 0.34928530, 0.34929299, 0.81504853E-2
0.82199715E-1, 0.26563961E-1, 0.79699857E-2, 0.0000000, 0.0000000, 0.0000000, 0.0000000, 2.3281603, 8.9578133, 19.834803, 19.852377, 19.857349, 19.858692, 0.24997593, 0.24999997, 0.24999894, 0.24999765, 0.27327618, 0.33957118, 0.34917402, 0.34926188, 0.34928674, 0.34929347, 0.79699857E-2
0.12221748, 0.50982183, 0.15296185, 2.3312807, 0.94917715, 0.0000000, 0.0000000, 2.3155780, 8.9153233, 19.839376, 19.853592, 19.857685, 19.858709, 0.27331132, 0.25949141, 0.24999894, 0.24999765, 0.27315572, 0.33915317, 0.34919688, 0.34926796, 0.34928843, 0.34929353, 0.15296185
0.16088399, 0.97676224, 0.29305798, 2.4009690, 3.9823399, 2.3637204, 2.4559917, 4.1853814, 8.8777256, 19.842569, 19.854486, 19.857880, 19.858709, 0.27400953, 0.28982323, 0.27363715, 0.27455992, 0.29185382, 0.33877724, 0.34921286, 0.34927243, 0.34928939, 0.34929353, 0.29305798
0.20677230, 1.0000000, 0.45931986, 2.4273229, 5.3479548, 8.7059126, 9.2767239, 9.5004959, 9.6934032, 19.845325, 19.855232, 19.858084, 19.858709, 0.27427310, 0.30347940, 0.33705902, 0.34276721, 0.34500498, 0.34693402, 0.34922662, 0.34927616, 0.34929043, 0.34929353, 0.45931986
0.21877931, 1.0000000, 0.50282359, 2.8502107, 5.6594944, 9.4840336, 9.6023493, 9.7061453, 9.8051939, 19.847570, 19.855867, 19.858213, 19.858709, 0.27850199, 0.30659479, 0.34484023, 0.34602347, 0.34706146, 0.34805194, 0.34923786, 0.34927934, 0.34929106, 0.34929353, 0.50282359
0.24175979, 1.0000000, 0.58608621, 2.8162627, 8.4632063, 9.5200577, 9.6722088, 9.7608624, 9.8375425, 19.847879, 19.855986, 19.858200, 19.858709, 0.27816257, 0.33463198, 0.34520051, 0.34672210, 0.34760863, 0.34837544, 0.34923941, 0.34927994, 0.34929100, 0.34929353, 0.58608621
0.22751132, 1.0000000, 0.53446126, 2.5059433, 7.2511659, 9.5297461, 9.6967287, 9.7817030, 9.8497095, 19.847649, 19.855944, 19.858171, 19.858709, 0.27505904, 0.32251099, 0.34529701, 0.34696719, 0.34781697, 0.34849706, 0.34923825, 0.34927970, 0.34929085, 0.34929353, 0.53446126
0.22004658, 1.0000000, 0.50741512, 2.3571432, 6.5493832, 9.6159458, 9.7345619, 9.8055725, 9.8597803, 19.847189, 19.855818, 19.858120, 19.858709, 0.27357104, 0.31549317, 0.34615898, 0.34734553, 0.34805566, 0.34859776, 0.34923595, 0.34927911, 0.34929061, 0.34929353, 0.50741512
0.20689383, 1.0000000, 0.45976025, 1.8576980, 5.8081670, 9.6108513, 9.7372780, 9.8088055, 9.8603792, 19.845293, 19.855299, 19.857985, 19.858709, 0.26852256, 0.30805206, 0.34609258, 0.34736532, 0.34808424, 0.34860188, 0.34922615, 0.34927639, 0.34928989, 0.34929353, 0.45976025
0.19588806, 1.0000000, 0.41988423, 1.4523178, 5.1429939, 9.6242781, 9.7465649, 9.8142891, 9.8623409, 19.844660, 19.855112, 19.857979, 19.858709, 0.26448458, 0.30140835, 0.34623072, 0.34746018, 0.34814012, 0.34862202, 0.34922308, 0.34927550, 0.34928986, 0.34929353, 0.41988423
0.17035320, 1.0000000, 0.32736665, 0.49897730, 3.7353187, 9.4783859, 9.6765261, 9.7750015, 9.8442650, 19.838856, 19.853607, 19.857607, 19.858629, 0.25492960, 0.28732011, 0.34476495, 0.34675664, 0.34774563, 0.34844047, 0.34919390, 0.34926793, 0.34928802, 0.34929314, 0.32736665
0.15183108, 0.86743826, 0.26025751, 0.0000000, 2.6656270, 8.7912874, 9.6319418, 9.7467089, 9.8310299, 19.834480, 19.852413, 19.857283, 19.858593, 0.24998002, 0.27665412, 0.33790934, 0.34631863, 0.34746671, 0.34831017, 0.34917241, 0.34926206, 0.34928641, 0.34929296, 0.26025751
0.14135045, 0.74087334, 0.22228423, 0.0000000, 1.9397527, 7.7185812, 9.6062489, 9.7288961, 9.8214979, 19.830315, 19.851257, 19.857004, 19.858536, 0.24998002, 0.26939592, 0.32718262, 0.34606168, 0.34728855, 0.34821483, 0.34915158, 0.34925628, 0.34928501, 0.34929270, 0.22228423
0.13226452, 0.63115096, 0.18936422, 0.0000000, 1.4014006, 6.6022849, 9.6008978, 9.7245569, 9.8210125, 19.831465, 19.851503, 19.857084, 19.858574, 0.24998002, 0.26401222, 0.31601864, 0.34600776, 0.34724495, 0.34820992, 0.34915733, 0.34925753, 0.34928542, 0.34929287, 0.18936422
0.12351735, 0.52551925, 0.15767154, 0.0000000, 0.91300905, 5.4694161, 9.5864353, 9.7161846, 9.8183680, 19.832354, 19.851728, 19.857178, 19.858604, 0.24998002, 0.25912973, 0.30469313, 0.34586400, 0.34716165, 0.34818363, 0.34916177, 0.34925863, 0.34928590, 0.34929302, 0.15767154
0.11765147, 0.45468238, 0.13641836, 0.0000000, 0.60154200, 4.6674309, 9.6167736, 9.7340832, 9.8260794, 19.834013, 19.852142, 19.857283, 19.858658, 0.24998002, 0.25601500, 0.29667273, 0.34616709, 0.34734049, 0.34826067, 0.34917006, 0.34926072, 0.34928641, 0.34929329, 0.13641836
0.10899532, 0.35014996, 0.10505550, 0.0000000, 0.23347139E-1, 3.7459607, 9.5876951, 9.7169476, 9.8155041, 19.828390, 19.850668, 19.856895, 19.858574, 0.24998002, 0.25021532, 0.28744420, 0.34586909, 0.34716547, 0.34815329, 0.34914175, 0.34925330, 0.34928444, 0.34929287, 0.10505550
0.10552356, 0.30822474, 0.92476673E-1, 0.0000000, 0.0000000, 2.9683471, 9.5415907, 9.7190781, 9.8146305, 19.825630, 19.849867, 19.856682, 19.858522, 0.24998002, 0.24999997, 0.27958998, 0.34536701, 0.34716588, 0.34813410, 0.34912610, 0.34924880, 0.34928325, 0.34929258, 0.92476673E-1
0.10352507, 0.28409088, 0.85235789E-1, 0.0000000, 0.0000000, 2.5661290, 9.1028471, 9.7134027, 9.8127365, 19.825283, 19.849749, 19.856647, 19.858511, 0.24998002, 0.24999997, 0.27563724, 0.34101540, 0.34712732, 0.34812418, 0.34912592, 0.34924862, 0.34928322, 0.34929255, 0.85235789E-1
0.10192551, 0.26477438, 0.79440258E-1, 0.0000000, 0.0000000, 2.2527099, 8.7273245, 9.7248116, 9.8168087, 19.825018, 19.849642, 19.856611, 19.858494, 0.24998002, 0.24999997, 0.27251098, 0.33726352, 0.34724295, 0.34816584, 0.34912485, 0.34924814, 0.34928301, 0.34929246, 0.79440258E-1
0.99147908E-1, 0.23123179, 0.69376476E-1, 0.0000000, 0.0000000, 1.7071307, 8.1689978, 9.6800003, 9.7946033, 19.817244, 19.847551, 19.856050, 19.858376, 0.24998002, 0.24999997, 0.26698083, 0.33164117, 0.34677464, 0.34793368, 0.34908417, 0.34923720, 0.34928009, 0.34929183, 0.69376476E-1
0.96539699E-1, 0.19973482, 0.59926439E-1, 0.0000000, 0.0000000, 1.1982471, 7.5562816, 9.6595631, 9.7834520, 19.812323, 19.846083, 19.855650, 19.858282, 0.24998002, 0.24999997, 0.26192591, 0.32553133, 0.34657902, 0.34782651, 0.34906033, 0.34923008, 0.34927815, 0.34929138, 0.59926439E-1
0.94068617E-1, 0.16989389, 0.50973266E-1, 0.0000000, 0.0000000, 0.73949397, 6.8741612, 9.6375380, 9.7739925, 19.810770, 19.845505, 19.855509, 19.858259, 0.24998002, 0.24999997, 0.25734589, 0.31871283, 0.34635970, 0.34773257, 0.34905273, 0.34922722, 0.34927747, 0.34929127, 0.50973266E-1
0.91991894E-1, 0.14481521, 0.43448906E-1, 0.0000000, 0.0000000, 0.38884282, 6.1067300, 9.6117668, 9.7648468, 19.813522, 19.846119, 19.855692, 19.858334, 0.24998002, 0.24999997, 0.25388703, 0.31106287, 0.34611422, 0.34764731, 0.34906763, 0.34923059, 0.34927845, 0.34929168, 0.43448906E-1
0.90620339E-1, 0.12825216, 0.38479496E-1, 0.0000000, 0.0000000, 0.18302202, 5.4652691, 9.6341715, 9.7761536, 19.818499, 19.847422, 19.856047, 19.858440, 0.24998002, 0.24999997, 0.25182998, 0.30465129, 0.34634051, 0.34776112, 0.34909248, 0.34923711, 0.34928024, 0.34929222, 0.38479496E-1
0.89181818E-1, 0.11088042, 0.33267453E-1, 0.0000000, 0.0000000, 0.0000000, 4.6678824, 9.5901194, 9.7579756, 19.819738, 19.847797, 19.856165, 19.858440, 0.24998002, 0.24999997, 0.24999434, 0.29667807, 0.34590039, 0.34757948, 0.34909868, 0.34923899, 0.34928083, 0.34929222, 0.33267453E-1
0.88719696E-1, 0.10529984, 0.31593110E-1, 0.0000000, 0.0000000, 0.0000000, 4.0826139, 9.6375542, 9.7798271, 19.825377, 19.849350, 19.856581, 19.858511, 0.24998002, 0.24999997, 0.24999434, 0.29082417, 0.34637320, 0.34779751, 0.34912688, 0.34924674, 0.34928292, 0.34929255, 0.31593110E-1
0.11979698, 0.48059180, 0.14419197, 2.2644253, 0.0000000, 0.0000000, 3.8166659, 9.7411966, 9.8250179, 19.831785, 19.851151, 19.857042, 19.858622, 0.27264354, 0.24999997, 0.24999434, 0.28816658, 0.34741187, 0.34825015, 0.34915894, 0.34925574, 0.34928522, 0.34929311, 0.14419197
0.15483338, 0.90369421, 0.27113539, 2.3112445, 2.8848946, 2.2995412, 4.9754052, 9.7925587, 9.8491430, 19.836941, 19.852625, 19.857443, 19.858709, 0.27311161, 0.27884832, 0.27299517, 0.29975393, 0.34792548, 0.34849140, 0.34918469, 0.34926313, 0.34928721, 0.34929353, 0.27113539
0.14859959, 0.82841456, 0.24854922, 2.0054131, 2.6972384, 2.2137432, 4.8381286, 9.8083363, 9.8577118, 19.840057, 19.853592, 19.857719, 19.858709, 0.27005407, 0.27697232, 0.27213740, 0.29838127, 0.34808338, 0.34857711, 0.34920028, 0.34926796, 0.34928858, 0.34929353, 0.24854922
0.13749294, 0.69428968, 0.20830774, 1.4738590, 2.3416579, 2.0503521, 4.6637993, 9.7949362, 9.8540459, 19.841179, 19.854017, 19.857784, 19.858709, 0.26473847, 0.27341646, 0.27050346, 0.29663795, 0.34794933, 0.34854046, 0.34920591, 0.34927008, 0.34928891, 0.34929353, 0.20830774
0.12827650, 0.58299106, 0.17491482, 1.0439068, 2.0360084, 1.9044787, 4.4887238, 9.7917995, 9.8537645, 19.842375, 19.854368, 19.857843, 19.858709, 0.26043814, 0.27035901, 0.26904428, 0.29488701, 0.34791774, 0.34853756, 0.34921187, 0.34927183, 0.34928921, 0.34929353, 0.17491482
0.11438321, 0.41521460, 0.12457684, 0.41489303, 1.5538037, 1.6621560, 4.2441945, 9.7612247, 9.8416691, 19.841085, 19.854074, 19.857731, 19.858692, 0.25414824, 0.26553649, 0.26662073, 0.29244152, 0.34761178, 0.34841651, 0.34920543, 0.34927037, 0.34928864, 0.34929347, 0.12457684
0.10628241, 0.31738865, 0.95226116E-1, 0.59708953E-1, 1.2648404, 1.5084028, 4.0314636, 9.7705030, 9.8451662, 19.841757, 19.854269, 19.857759, 19.858709, 0.25059703, 0.26264766, 0.26508358, 0.29031441, 0.34770474, 0.34845158, 0.34920877, 0.34927136, 0.34928879, 0.34929353, 0.95226116E-1
0.10139655, 0.25838658, 0.77523731E-1, 0.0000000, 0.90225637, 1.3037354, 3.7845085, 9.7547178, 9.8388882, 19.841087, 19.854103, 19.857714, 19.858698, 0.24998122, 0.25902140, 0.26303649, 0.28784457, 0.34754655, 0.34838867, 0.34920543, 0.34927052, 0.34928858, 0.34929350, 0.77523731E-1
0.97388610E-1, 0.20998633, 0.63002199E-1, 0.0000000, 0.55032969, 1.0942191, 3.5156696, 9.7457218, 9.8343458, 19.839819, 19.853781, 19.857622, 19.858683, 0.24998122, 0.25550252, 0.26094142, 0.28515619, 0.34745654, 0.34834322, 0.34919909, 0.34926891, 0.34928811, 0.34929341, 0.63002199E-1
0.94482251E-1, 0.17488895, 0.52471936E-1, 0.0000000, 0.31011999, 0.92567503, 3.2522576, 9.7415953, 9.8333464, 19.840679, 19.854010, 19.857719, 19.858709, 0.24998122, 0.25310075, 0.25925606, 0.28252208, 0.34741524, 0.34833324, 0.34920341, 0.34927005, 0.34928858, 0.34929353, 0.52471936E-1
0.93380839E-1, 0.16158815, 0.48481293E-1, 0.19783378, 0.0000000, 0.67963600, 2.9901414, 9.6818104, 9.8260841, 19.836754, 19.852966, 19.857454, 19.858646, 0.25197676, 0.24998973, 0.25679475, 0.27989998, 0.34681579, 0.34826007, 0.34918377, 0.34926483, 0.34928727, 0.34929323, 0.48481293E-1
0.88764772E-1, 0.10584415, 0.31756423E-1, 0.0000000, 0.0000000, 0.30391514, 2.7574539, 9.3907776, 9.7978830, 19.828911, 19.850903, 19.856922, 19.858536, 0.24998918, 0.24998973, 0.25300464, 0.27755520, 0.34389502, 0.34797299, 0.34914374, 0.34925431, 0.34928456, 0.34929270, 0.31756423E-1
0.87147757E-1, 0.86317003E-1, 0.25897691E-1, 0.0000000, 0.0000000, 0.0000000, 2.4975152, 9.0143032, 9.7733059, 19.823444, 19.849360, 19.856554, 19.858458, 0.24998918, 0.24998973, 0.24999933, 0.27496880, 0.34013683, 0.34773049, 0.34911701, 0.34924674, 0.34928277, 0.34929228, 0.25897691E-1
0.86779825E-1, 0.81873760E-1, 0.24564585E-1, 0.0000000, 0.0000000, 0.0000000, 2.2655516, 8.5924482, 9.7605448, 19.823473, 19.849264, 19.856512, 19.858463, 0.24998918, 0.24998973, 0.24999933, 0.27265388, 0.33592138, 0.34760427, 0.34911737, 0.34924632, 0.34928256, 0.34929231, 0.24564585E-1
0.86282089E-1, 0.75863078E-1, 0.22761200E-1, 0.0000000, 0.0000000, 0.0000000, 1.9569367, 8.0179701, 9.7278318, 19.820868, 19.848486, 19.856295, 19.858427, 0.24998918, 0.24998973, 0.24999933, 0.26956862, 0.33017817, 0.34727770, 0.34910434, 0.34924242, 0.34928149, 0.34929213, 0.22761200E-1
0.85848212E-1, 0.70623569E-1, 0.21189190E-1, 0.0000000, 0.0000000, 0.0000000, 1.6836762, 7.5156355, 9.7304335, 19.817089, 19.847408, 19.856033, 19.858370, 0.24998918, 0.24998973, 0.24999933, 0.26683602, 0.32515469, 0.34730363, 0.34908545, 0.34923702, 0.34928018, 0.34929186, 0.21189190E-1
0.85380413E-1, 0.64974375E-1, 0.19494262E-1, 0.0000000, 0.0000000, 0.0000000, 1.3899118, 6.9793968, 9.7206364, 19.812340, 19.846025, 19.855686, 19.858322, 0.24998918, 0.24998973, 0.24999933, 0.26388961, 0.31978226, 0.34720078, 0.34906140, 0.34923002, 0.34927839, 0.34929162, 0.19494262E-1
0.84907107E-1, 0.59258699E-1, 0.17779388E-1, 0.0000000, 0.0000000, 0.0000000, 1.1223316, 6.3747330, 9.7050524, 19.812050, 19.845806, 19.855640, 19.858347, 0.24998918, 0.24998973, 0.24999933, 0.26122051, 0.31373939, 0.34704649, 0.34906024, 0.34922904, 0.34927821, 0.34929174, 0.17779388E-1
0.84492177E-1, 0.54247949E-1, 0.16276013E-1, 0.0000000, 0.0000000, 0.0000000, 0.90711415, 5.8027959, 9.7029161, 19.814234, 19.846342, 19.855776, 19.858393, 0.24998918, 0.24998973, 0.24999933, 0.25907001, 0.30802435, 0.34702715, 0.34907117, 0.34923172, 0.34927887, 0.34929198, 0.16276013E-1
0.84053427E-1, 0.48949528E-1, 0.14686327E-1, 0.0000000, 0.0000000, 0.0000000, 0.70256591, 5.1580462, 9.6849680, 19.817030, 19.847080, 19.855976, 19.858433, 0.24998918, 0.24998973, 0.24999933, 0.25702471, 0.30157694, 0.34684747, 0.34908515, 0.34923542, 0.34927988, 0.34929216, 0.14686327E-1
0.83658114E-1, 0.44175714E-1, 0.13254040E-1, 0.0000000, 0.0000000, 0.0000000, 0.49494505, 4.6144252, 9.6965704, 19.815075, 19.846567, 19.855844, 19.858370, 0.24998918, 0.24998973, 0.24999933, 0.25494882, 0.29614139, 0.34696367, 0.34907538, 0.34923285, 0.34927922, 0.34929186, 0.13254040E-1
0.83304003E-1, 0.39899461E-1, 0.11971035E-1, 0.0000000, 0.0000000, 0.0000000, 0.29937327, 4.1499386, 9.7109070, 19.812578, 19.845890, 19.855698, 19.858358, 0.24998918, 0.24998973, 0.24999933, 0.25297812, 0.29148424, 0.34709927, 0.34906220, 0.34922928, 0.34927842, 0.34929180, 0.11971035E-1
0.82984552E-1, 0.36041725E-1, 0.10813599E-1, 0.0000000, 0.0000000, 0.0000000, 0.13114214, 3.7159791, 9.7135324, 19.811995, 19.845682, 19.855646, 19.858328, 0.24998918, 0.24998973, 0.24999933, 0.25128826, 0.28714004, 0.34712228, 0.34905890, 0.34922814, 0.34927818, 0.34929159, 0.10813599E-1
0.82641505E-1, 0.31899050E-1, 0.95706722E-2, 0.0000000, 0.0000000, 0.0000000, 0.0000000, 3.1568792, 9.6726828, 19.813940, 19.846178, 19.855776, 19.858381, 0.24998918, 0.24998973, 0.24999933, 0.25000000, 0.28156388, 0.34672180, 0.34906971, 0.34923089, 0.34927887, 0.34929192, 0.95706722E-2
0.82412720E-1, 0.29136226E-1, 0.87417420E-2, 0.0000000, 0.0000000, 0.0000000, 0.0000000, 2.7027190, 9.3767376, 19.814133, 19.846226, 19.855799, 19.858381, 0.24998918, 0.24998973, 0.24999933, 0.25000000, 0.27702379, 0.34376344, 0.34907067, 0.34923112, 0.34927899, 0.34929192, 0.87417420E-2
0.82218528E-1, 0.26791185E-1, 0.80381595E-2, 0.0000000, 0.0000000, 0.0000000, 0.0000000, 2.3652613, 8.9817419, 19.813297, 19.846008, 19.855740, 19.858381, 0.24998918, 0.24998973, 0.24999933, 0.25000000, 0.27364978, 0.33981383, 0.34906650, 0.34923005, 0.34927869, 0.34929192, 0.80381595E-2
0.82024366E-1, 0.24446407E-1, 0.73346556E-2, 0.0000000, 0.0000000, 0.0000000, 0.0000000, 2.0336390, 8.5702705, 19.811125, 19.845407, 19.855581, 19.858347, 0.24998918, 0.24998973, 0.24999933, 0.25000000, 0.27033213, 0.33569673, 0.34905562, 0.34922704, 0.34927791, 0.34929174, 0.73346556E-2
0.81796907E-1, 0.21699639E-1, 0.65105427E-2, 0.0000000, 0.0000000, 0.0000000, 0.0000000, 1.6637713, 8.0311289, 19.814585, 19.846296, 19.855810, 19.858418, 0.24998918, 0.24998973, 0.24999933, 0.25000000, 0.26663476, 0.33030656, 0.34907293, 0.34923148, 0.34927905, 0.34929210, 0.65105427E-2
0.81651792E-1, 0.19947223E-1, 0.59847655E-2, 0.0000000, 0.0000000, 0.0000000, 0.0000000, 1.4320910, 7.6750679, 19.815485, 19.846567, 19.855871, 19.858427, 0.24998918, 0.24998973, 0.24999933, 0.25000000, 0.26431713, 0.32674393, 0.34907743, 0.34923285, 0.34927934, 0.34929213, 0.59847655E-2
0.81440382E-1, 0.17394159E-1, 0.52187699E-2, 0.0000000, 0.0000000, 0.0000000, 0.0000000, 1.1091858, 7.1113477, 19.815147, 19.846485, 19.855858, 19.858418, 0.24998918, 0.24998973, 0.24999933, 0.25000000, 0.26108921, 0.32110777, 0.34907573, 0.34923244, 0.34927928, 0.34929210, 0.52187699E-2
0.81250049E-1, 0.15095741E-1, 0.45291753E-2, 0.0000000, 0.0000000, 0.0000000, 0.0000000, 0.83487034, 6.5556173, 19.815119, 19.846497, 19.855869, 19.858393, 0.24998918, 0.24998973, 0.24999933, 0.25000000, 0.25834537, 0.31554741, 0.34907559, 0.34923249, 0.34927934, 0.34929198, 0.45291753E-2
0.81056036E-1, 0.12752838E-1, 0.38262340E-2, 0.0000000, 0.0000000, 0.0000000, 0.0000000, 0.57767332, 5.9212193, 19.815653, 19.846651, 19.855906, 19.858406, 0.24998918, 0.24998973, 0.24999933, 0.25000000, 0.25577396, 0.30920279, 0.34907827, 0.34923327, 0.34927952, 0.34929204, 0.38262340E-2
0.80928773E-1, 0.11215962E-1, 0.33651250E-2, 0.0000000, 0.0000000, 0.0000000, 0.0000000, 0.42951703, 5.4430342, 19.820751, 19.848040, 19.856272, 19.858475, 0.24998918, 0.24998973, 0.24999933, 0.25000000, 0.25429332, 0.30442253, 0.34910375, 0.34924018, 0.34928137, 0.34929237, 0.33651250E-2
0.80767304E-1, 0.92660710E-2, 0.27800994E-2, 0.0000000, 0.0000000, 0.0000000, 0.0000000, 0.25140643, 4.8072152, 19.819693, 19.847828, 19.856211, 19.858440, 0.24998918, 0.24998973, 0.24999933, 0.25000000, 0.25251275, 0.29806373, 0.34909847, 0.34923914, 0.34928104, 0.34929222, 0.27800994E-2
0.80603212E-1, 0.72844746E-2, 0.21855610E-2, 0.0000000, 0.0000000, 0.0000000, 0.0000000, 0.10783374, 4.0483146, 19.820057, 19.847952, 19.856222, 19.858433, 0.24998918, 0.24998973, 0.24999933, 0.25000000, 0.25107789, 0.29047754, 0.34910029, 0.34923977, 0.34928110, 0.34929216, 0.21855610E-2
0.80522768E-1, 0.63130357E-2, 0.18941001E-2, 0.0000000, 0.0000000, 0.0000000, 0.0000000, 0.54955482E-1, 3.6239629, 19.825054, 19.849319, 19.856575, 19.858494, 0.24998918, 0.24998973, 0.24999933, 0.25000000, 0.25054932, 0.28623405, 0.34912527, 0.34924659, 0.34928286, 0.34929246, 0.18941001E-2
0.80448993E-1, 0.54221293E-2, 0.16268016E-2, 0.0000000, 0.0000000, 0.0000000, 0.0000000, 0.57697296E-2, 3.2366993, 19.827061, 19.849926, 19.856705, 19.858517, 0.24998918, 0.24998973, 0.24999933, 0.25000000, 0.25005767, 0.28236303, 0.34913531, 0.34924963, 0.34928352, 0.34929258, 0.16268016E-2
0.80390334E-1, 0.47137449E-2, 0.14142649E-2, 0.0000000, 0.0000000, 0.0000000, 0.0000000, 0.0000000, 2.8302999, 19.807341, 19.849678, 19.856647, 19.858486, 0.24998918, 0.24998973, 0.24999933, 0.25000000, 0.24999960, 0.27828529, 0.34903669, 0.34924838, 0.34928325, 0.34929243, 0.14142649E-2
0.80343440E-1, 0.41474723E-2, 0.12443662E-2, 0.0000000, 0.0000000, 0.0000000, 0.0000000, 0.0000000, 2.4893939, 19.775217, 19.850668, 19.856874, 19.858547, 0.24998918, 0.24998973, 0.24999933, 0.25000000, 0.24999960, 0.27488732, 0.34887609, 0.34925336, 0.34928438, 0.34929273, 0.12443662E-2
0.80299236E-1, 0.36135826E-2, 0.10841832E-2, 0.0000000, 0.0000000, 0.0000000, 0.0000000, 0.0000000, 2.1686077, 19.744768, 19.851711, 19.857178, 19.858629, 0.24998918, 0.24998973, 0.24999933, 0.25000000, 0.24999960, 0.27168366, 0.34872383, 0.34925854, 0.34928590, 0.34929314, 0.10841832E-2
0.80237992E-1, 0.28740473E-2, 0.86230045E-3, 0.0000000, 0.0000000, 0.0000000, 0.0000000, 0.0000000, 1.7248571, 19.712103, 19.851923, 19.857246, 19.858658, 0.24998918, 0.24998973, 0.24999933, 0.25000000, 0.24999960, 0.26724601, 0.34856051, 0.34925961, 0.34928623, 0.34929329, 0.86230045E-3
0.80179699E-1, 0.21700826E-2, 0.65108988E-3, 0.0000000, 0.0000000, 0.0000000, 0.0000000, 0.0000000, 1.3031423, 19.678640, 19.851923, 19.857246, 19.858669, 0.24998918, 0.24998973, 0.24999933, 0.25000000, 0.24999960, 0.26302180, 0.34839320, 0.34925961, 0.34928623, 0.34929335, 0.65108988E-3
0.80123529E-1, 0.14917700E-2, 0.44757579E-3, 0.0000000, 0.0000000, 0.0000000, 0.0000000, 0.0000000, 0.89549124, 19.647282, 19.852377, 19.857355, 19.858698, 0.24998918, 0.24998973, 0.24999933, 0.25000000, 0.24999960, 0.25895151, 0.34823641, 0.34926188, 0.34928676, 0.34929350, 0.44757579E-3
0.80104470E-1, 0.12616098E-2, 0.37852081E-3, 0.0000000, 0.0000000, 0.0000000, 0.0000000, 0.0000000, 0.75746775, 19.618801, 19.853325, 19.857609, 19.858709, 0.24998918, 0.24998973, 0.24999933, 0.25000000, 0.24999960, 0.25757042, 0.34809402, 0.34926662, 0.34928805, 0.34929353, 0.37852081E-3
0.80082633E-1, 0.99793030E-3, 0.29940903E-3, 0.0000000, 0.0000000, 0.0000000, 0.0000000, 0.0000000, 0.59938133, 19.589840, 19.853903, 19.857744, 19.858709, 0.24998918, 0.24998973, 0.24999933, 0.25000000, 0.24999960, 0.25598818, 0.34794921, 0.34926951, 0.34928873, 0.34929353, 0.29940903E-3
0.80063611E-1, 0.76820719E-3, 0.23048521E-3, 0.0000000, 0.0000000, 0.0000000, 0.0000000, 0.0000000, 0.46139956, 19.561459, 19.854410, 19.857838, 19.858709, 0.24998918, 0.24998973, 0.24999933, 0.25000000, 0.24999960, 0.25460970, 0.34780729, 0.34927204, 0.34928918, 0.34929353, 0.23048521E-3
0.80025241E-1, 0.30481251E-3, 0.91452901E-4, 0.0000000, 0.0000000, 0.0000000, 0.0000000, 0.0000000, 0.18358827, 19.530203, 19.854115, 19.857737, 19.858688, 0.24998918, 0.24998973, 0.24999933, 0.25000000, 0.24999960, 0.25182906, 0.34765100, 0.34927058, 0.34928867, 0.34929344, 0.91452901E-4
0.79999998E-1, 0.0000000, 0.0000000, 0.0000000, 0.0000000, 0.0000000, 0.0000000, 0.0000000, 0.0000000, 19.496532, 19.853384, 19.857540, 19.858652, 0.24998918, 0.24998973, 0.24999933, 0.25000000, 0.24999960, 0.24995640, 0.34748265, 0.34926692, 0.34928769, 0.34929326, 0.0000000
0.79999998E-1, 0.0000000, 0.0000000, 0.0000000, 0.0000000, 0.0000000, 0.0000000, 0.0000000, 0.0000000, 19.468452, 19.854128, 19.857759, 19.858709, 0.24998918, 0.24998973, 0.24999933, 0.25000000, 0.24999960, 0.24995640, 0.34734225, 0.34927064, 0.34928879, 0.34929353, 0.0000000
0.22040416, 1.0000000, 0.50871074, 2.4209247, 8.2449427, 6.7735424, 7.2740493, 8.2247658, 9.1153545, 19.497206, 19.854509, 19.857843, 19.858709, 0.27420893, 0.33244878, 0.31773517, 0.32274044, 0.33224764, 0.34115356, 0.34748602, 0.34927255, 0.34928921, 0.34929353, 0.50871074
0.35599947, 1.0000000, 0.99999803, 9.9999990, 9.9999990, 9.9999990, 9.9999990, 9.9999990, 9.9999990, 19.999998, 19.999998, 19.999998, 19.998999, 0.34999973, 0.34999985, 0.34999990, 0.34999996, 0.34999999, 0.34999999, 0.34999999, 0.34999999, 0.34999999, 0.34999499, 0.99999803
0.35524780, 1.0000000, 0.99727446, 9.9620533, 9.9784012, 9.9890966, 9.9972496, 9.9986105, 9.9994602, 19.999916, 19.999975, 19.999975, 19.989016, 0.34961969, 0.34978351, 0.34989071, 0.34997243, 0.34998608, 0.34999460, 0.34999958, 0.34999987, 0.34999987, 0.34994507, 0.99727446
0.35386306, 1.0000000, 0.99225742, 9.8905602, 9.9407854, 9.9697809, 9.9921188, 9.9960375, 9.9984226, 19.999743, 19.999933, 19.999935, 19.985044, 0.34890416, 0.34940699, 0.34969735, 0.34992111, 0.34996036, 0.34998423, 0.34999871, 0.34999967, 0.34999967, 0.34992522, 0.99225742
0.35599816, 1.0000000, 0.99999332, 9.9999514, 9.9999723, 9.9999876, 9.9999962, 9.9999990, 9.9999990, 19.999998, 19.999998, 19.999998, 19.997997, 0.34999907, 0.34999946, 0.34999976, 0.34999993, 0.34999999, 0.34999999, 0.34999999, 0.34999999, 0.34999999, 0.34998998, 0.99999332
0.35599905, 1.0000000, 0.99999654, 9.9999752, 9.9999847, 9.9999933, 9.9999990, 9.9999990, 9.9999990, 19.999998, 19.999998, 19.999998, 19.997997, 0.34999952, 0.34999970, 0.34999987, 0.34999999, 0.34999999, 0.34999999, 0.34999999, 0.34999999, 0.34999999, 0.34998998, 0.99999654
0.35599899, 1.0000000, 0.99999630, 9.9999752, 9.9999819, 9.9999876, 9.9999962, 9.9999990, 9.9999990, 19.999998, 19.999998, 19.999998, 19.997997, 0.34999952, 0.34999967, 0.34999982, 0.34999996, 0.34999999, 0.34999999, 0.34999999, 0.34999999, 0.34999999, 0.34998998, 0.99999630
0.35599852, 1.0000000, 0.99999464, 9.9999514, 9.9999695, 9.9999847, 9.9999962, 9.9999990, 9.9999990, 19.999998, 19.999998, 19.999998, 19.996996, 0.34999928, 0.34999955, 0.34999976, 0.34999993, 0.34999999, 0.34999999, 0.34999999, 0.34999999, 0.34999999, 0.34998497, 0.99999464
0.35593688, 1.0000000, 0.99977136, 9.9999723, 9.9999399, 9.9878597, 9.9889936, 9.9943924, 9.9974403, 19.999271, 19.999807, 19.999847, 19.982075, 0.34999961, 0.34999934, 0.34987858, 0.34988993, 0.34994394, 0.34997439, 0.34999636, 0.34999904, 0.34999925, 0.34991038, 0.99977136
0.35477209, 1.0000000, 0.99555087, 9.9920206, 9.8943949, 9.9453421, 9.9855576, 9.9926844, 9.9971066, 19.999521, 19.999874, 19.999935, 19.985044, 0.34991932, 0.34894341, 0.34945315, 0.34985551, 0.34992680, 0.34997106, 0.34999761, 0.34999937, 0.34999967, 0.34992522, 0.99555087
0.34490585, 1.0000000, 0.95980376, 9.3940811, 9.7438211, 9.8619289, 9.9632902, 9.9813261, 9.9928370, 19.999058, 19.999754, 19.999868, 19.984043, 0.34394050, 0.34743804, 0.34861919, 0.34963289, 0.34981325, 0.34992838, 0.34999529, 0.34999877, 0.34999934, 0.34992021, 0.95980376
0.34606165, 1.0000000, 0.96399140, 9.5467920, 9.6614609, 9.8039093, 9.9360085, 9.9666367, 9.9867344, 19.998009, 19.999481, 19.998871, 19.961004, 0.34546763, 0.34661442, 0.34803900, 0.34936005, 0.34966636, 0.34986734, 0.34999004, 0.34999740, 0.34999436, 0.34980503, 0.96399140
0.35598654, 1.0000000, 0.99995112, 9.9994364, 9.9996653, 9.9998293, 9.9999638, 9.9999847, 9.9999962, 19.999998, 19.999998, 19.999996, 19.993994, 0.34999326, 0.34999600, 0.34999797, 0.34999958, 0.34999982, 0.34999996, 0.34999999, 0.34999999, 0.34999996, 0.34996998, 0.99995112
0.33293748, 1.0000000, 0.91644013, 8.6980982, 9.5312424, 9.7313662, 9.9143028, 9.9556351, 9.9820576, 19.996941, 19.999207, 19.999367, 19.970371, 0.33697566, 0.34530890, 0.34731188, 0.34914267, 0.34955618, 0.34982052, 0.34998471, 0.34999603, 0.34999683, 0.34985185, 0.91644013
0.30744386, 1.0000000, 0.82407194, 6.9409528, 9.4327497, 9.6484632, 9.8449326, 9.9153271, 9.9626322, 19.991747, 19.997835, 19.997032, 19.948341, 0.31940034, 0.34432003, 0.34648082, 0.34844854, 0.34915289, 0.34962621, 0.34995872, 0.34998918, 0.34998515, 0.34974170, 0.82407194
0.30056912, 1.0000000, 0.79916340, 6.3845749, 9.5119715, 9.6848402, 9.8360033, 9.9049530, 9.9554663, 19.989233, 19.997154, 19.992344, 19.928911, 0.31384096, 0.34511542, 0.34684622, 0.34835958, 0.34904930, 0.34955457, 0.34994617, 0.34998578, 0.34996173, 0.34964454, 0.79916340
0.31001359, 1.0000000, 0.83338261, 6.9982991, 9.6037092, 9.7340240, 9.8441286, 9.9053154, 9.9529514, 19.987322, 19.996489, 19.984797, 19.912537, 0.31998044, 0.34603497, 0.34733915, 0.34844109, 0.34905303, 0.34952947, 0.34993660, 0.34998244, 0.34992397, 0.34956267, 0.83338261
0.29417104, 1.0000000, 0.77598190, 5.9063606, 9.5326099, 9.6927958, 9.8276205, 9.8940163, 9.9461393, 19.984600, 19.995243, 19.974438, 19.899235, 0.30906323, 0.34532571, 0.34692776, 0.34827617, 0.34894013, 0.34946138, 0.34992301, 0.34997621, 0.34987217, 0.34949619, 0.77598190
0.26493394, 1.0000000, 0.67005056, 3.9393950, 9.3462572, 9.5746956, 9.7745304, 9.8623676, 9.9304819, 19.979900, 19.992765, 19.961809, 19.888779, 0.28939301, 0.34346125, 0.34574628, 0.34774515, 0.34862363, 0.34930480, 0.34989950, 0.34996384, 0.34980905, 0.34944388, 0.67005056
0.25257057, 1.0000000, 0.62525570, 2.9752822, 9.4143810, 9.6613541, 9.7989826, 9.8720751, 9.9323473, 19.978415, 19.989948, 19.948183, 19.880842, 0.27975026, 0.34413895, 0.34661102, 0.34798932, 0.34872049, 0.34932339, 0.34989208, 0.34994975, 0.34974092, 0.34940422, 0.62525570
0.24198769, 1.0000000, 0.58691192, 2.6209235, 8.7255259, 9.6632404, 9.8002720, 9.8716326, 9.9308052, 19.976200, 19.985313, 19.934240, 19.874853, 0.27620748, 0.33725175, 0.34663045, 0.34800234, 0.34871611, 0.34930798, 0.34988099, 0.34992656, 0.34967119, 0.34937426, 0.58691192
0.21602201, 1.0000000, 0.49283338, 1.6824067, 7.2321653, 9.5239267, 9.7297821, 9.8307724, 9.9102964, 19.968355, 19.977240, 19.920496, 19.870329, 0.26682398, 0.32232139, 0.34523910, 0.34729779, 0.34830770, 0.34910297, 0.34984177, 0.34988621, 0.34960249, 0.34935164, 0.49283338
0.18183407, 1.0000000, 0.36896405, 0.56587458, 5.0349474, 9.4048767, 9.6512785, 9.7805319, 9.8839846, 19.957920, 19.966465, 19.907846, 19.866993, 0.25565812, 0.30034617, 0.34404567, 0.34651217, 0.34780499, 0.34883973, 0.34978959, 0.34983233, 0.34953922, 0.34933496, 0.36896405
0.15657526, 0.92472947, 0.27744660, 0.0000000, 2.9909163, 9.2855854, 9.6225271, 9.7578077, 9.8699770, 19.949558, 19.954536, 19.897024, 19.864599, 0.24998853, 0.27990842, 0.34285474, 0.34622502, 0.34757796, 0.34869975, 0.34974778, 0.34977269, 0.34948513, 0.34932300, 0.27744660
0.15287523, 0.88004756, 0.26404068, 0.0000000, 2.7794271, 8.7920732, 9.7099552, 9.8049498, 9.8886976, 19.947266, 19.943222, 19.888405, 19.862967, 0.24998853, 0.27779338, 0.33791932, 0.34709924, 0.34804934, 0.34888691, 0.34973633, 0.34971613, 0.34944203, 0.34931484, 0.26404068
0.35464668, 1.0000000, 0.99509674, 9.9986601, 9.9702997, 9.8009834, 9.7751942, 9.8438568, 9.9064035, 19.945238, 19.931795, 19.881523, 19.861843, 0.34998596, 0.34970263, 0.34800962, 0.34775192, 0.34843853, 0.34906405, 0.34972620, 0.34965897, 0.34940761, 0.34930921, 0.99509674
0.33975291, 1.0000000, 0.94113362, 9.1675739, 9.6096697, 9.6904373, 9.7897968, 9.8556299, 9.9131088, 19.941200, 19.920336, 19.876032, 19.861025, 0.34167558, 0.34609661, 0.34690431, 0.34789798, 0.34855631, 0.34913108, 0.34970599, 0.34960169, 0.34938017, 0.34930512, 0.94113362
0.35596722, 1.0000000, 0.99988115, 9.9986048, 9.9991646, 9.9995852, 9.9999189, 9.9999580, 9.9999876, 19.999998, 19.999998, 19.999990, 19.991999, 0.34998363, 0.34999019, 0.34999514, 0.34999904, 0.34999952, 0.34999985, 0.34999999, 0.34999999, 0.34999996, 0.34996000, 0.99988115
0.34910995, 1.0000000, 0.97503603, 9.6310644, 9.8307104, 9.9104204, 9.9759855, 9.9878082, 9.9952059, 19.999254, 19.999796, 19.999832, 19.980110, 0.34631035, 0.34830692, 0.34910411, 0.34975982, 0.34987807, 0.34995204, 0.34999627, 0.34999898, 0.34999916, 0.34990054, 0.97503603
0.34170395, 1.0000000, 0.94820273, 9.2045984, 9.6906719, 9.8303261, 9.9518204, 9.9753742, 9.9902840, 19.998508, 19.999611, 19.999805, 19.982075, 0.34204382, 0.34690535, 0.34830257, 0.34951806, 0.34975368, 0.34990281, 0.34999254, 0.34999806, 0.34999901, 0.34991038, 0.94820273
0.35583466, 1.0000000, 0.99940097, 9.9920073, 9.9952230, 9.9975986, 9.9995193, 9.9997606, 9.9999218, 19.999998, 19.999998, 19.999990, 19.991999, 0.34991756, 0.34995070, 0.34997526, 0.34999505, 0.34999752, 0.34999919, 0.34999999, 0.34999999, 0.34999996, 0.34996000, 0.99940097
0.34483409, 1.0000000, 0.95954370, 9.3852024, 9.7492256, 9.8639297, 9.9643192, 9.9818363, 9.9931650, 19.999224, 19.999802, 19.999435, 19.968512, 0.34385005, 0.34749103, 0.34863868, 0.34964308, 0.34981829, 0.34993163, 0.34999612, 0.34999901, 0.34999716, 0.34984255, 0.95954370
0.30329329, 1.0000000, 0.80903351, 6.7153287, 9.3373890, 9.5910368, 9.8275566, 9.9071016, 9.9592056, 19.990793, 19.997597, 19.996660, 19.946579, 0.31714800, 0.34336948, 0.34590811, 0.34827510, 0.34907079, 0.34959197, 0.34995395, 0.34998798, 0.34998330, 0.34973291, 0.80903351
0.28535649, 1.0000000, 0.74404520, 5.3169374, 9.4698410, 9.6557198, 9.8208961, 9.8961678, 9.9514856, 19.988228, 19.996902, 19.991739, 19.927378, 0.30316767, 0.34469658, 0.34655628, 0.34820879, 0.34896159, 0.34951481, 0.34994113, 0.34998453, 0.34995869, 0.34963688, 0.74404520
0.25818187, 1.0000000, 0.64558637, 3.4431736, 9.3549738, 9.5798893, 9.7767916, 9.8667793, 9.9353056, 19.983219, 19.995428, 19.983727, 19.911213, 0.28443012, 0.34354711, 0.34579757, 0.34776765, 0.34866765, 0.34935299, 0.34991610, 0.34997714, 0.34991863, 0.34955606, 0.64558637
0.30513111, 1.0000000, 0.81569237, 6.7939439, 9.4225702, 9.6161327, 9.7777681, 9.8619766, 9.9295826, 19.979914, 19.993963, 19.973097, 19.898170, 0.31793758, 0.34422418, 0.34616056, 0.34777752, 0.34861967, 0.34929579, 0.34989956, 0.34996980, 0.34986550, 0.34949085, 0.81569237
0.25409931, 1.0000000, 0.63079464, 3.2810714, 9.2026615, 9.4640360, 9.6930199, 9.8098898, 9.9018879, 19.970028, 19.989943, 19.959965, 19.887871, 0.28280684, 0.34202009, 0.34463704, 0.34692952, 0.34809855, 0.34901875, 0.34985015, 0.34994972, 0.34979981, 0.34943935, 0.63079464
0.23945680, 1.0000000, 0.57774198, 2.5815516, 8.5328045, 9.5864029, 9.7424307, 9.8324509, 9.9087982, 19.968296, 19.986805, 19.946264, 19.880123, 0.27581188, 0.33532083, 0.34585997, 0.34742346, 0.34832409, 0.34908783, 0.34984148, 0.34993404, 0.34973133, 0.34940061, 0.57774198
0.22618556, 1.0000000, 0.52965778, 2.1615207, 7.6227212, 9.5952368, 9.7554569, 9.8397207, 9.9112730, 19.966167, 19.981890, 19.932364, 19.874313, 0.27161446, 0.32622564, 0.34595135, 0.34755436, 0.34839711, 0.34911269, 0.34983084, 0.34990945, 0.34966183, 0.34937155, 0.52965778
0.20823735, 1.0000000, 0.46462807, 1.5743047, 6.4626560, 9.5429993, 9.7350006, 9.8286743, 9.9059086, 19.962254, 19.974585, 19.919025, 19.869993, 0.26574221, 0.31462449, 0.34542844, 0.34734967, 0.34828660, 0.34905902, 0.34981126, 0.34987292, 0.34959513, 0.34934998, 0.46462807
0.18447858, 1.0000000, 0.37854552, 0.82686841, 4.8827267, 9.4672565, 9.6922731, 9.8031864, 9.8934193, 19.956211, 19.964798, 19.906851, 19.866823, 0.25826788, 0.29882443, 0.34466982, 0.34692216, 0.34803161, 0.34893411, 0.34978107, 0.34982398, 0.34953424, 0.34933412, 0.37854552
0.16022336, 0.96878427, 0.29066435, 0.11407137, 3.1647122, 9.4288111, 9.6610909, 9.7820959, 9.8816042, 19.949034, 19.953129, 19.896278, 19.864494, 0.25114059, 0.28164536, 0.34428549, 0.34661037, 0.34782070, 0.34881595, 0.34974515, 0.34976566, 0.34948140, 0.34932247, 0.29066435
0.14978573, 0.84273839, 0.25284681, 0.0000000, 2.4502902, 8.7165260, 9.6619263, 9.7798042, 9.8780451, 19.942270, 19.940672, 19.887506, 19.862831, 0.24998927, 0.27450216, 0.33716395, 0.34661895, 0.34779790, 0.34878039, 0.34971136, 0.34970337, 0.34943753, 0.34931415, 0.25284681
0.35568851, 1.0000000, 0.99887133, 9.9844646, 9.9915409, 9.9957123, 9.9984379, 9.9992065, 9.9996243, 19.999880, 19.999969, 19.999969, 19.988020, 0.34984082, 0.34991312, 0.34995595, 0.34998414, 0.34999195, 0.34999621, 0.34999940, 0.34999985, 0.34999985, 0.34994009, 0.99887133
0.35309547, 1.0000000, 0.98947638, 9.8510551, 9.9201679, 9.9591408, 9.9900255, 9.9949780, 9.9980860, 19.999754, 19.999933, 19.999964, 19.988020, 0.34850642, 0.34919918, 0.34959015, 0.34990001, 0.34994966, 0.34998083, 0.34999877, 0.34999967, 0.34999982, 0.34994009, 0.98947638
0.34840757, 1.0000000, 0.97249109, 9.6250448, 9.7743759, 9.8768673, 9.9664011, 9.9828491, 9.9934120, 19.999140, 19.999773, 19.999237, 19.964733, 0.34624830, 0.34774244, 0.34876803, 0.34966388, 0.34982842, 0.34993410, 0.34999570, 0.34999886, 0.34999618, 0.34982365, 0.97249109
0.33930975, 1.0000000, 0.93952811, 9.0731020, 9.6416359, 9.7926235, 9.9321947, 9.9646225, 9.9859142, 19.997866, 19.999439, 19.996588, 19.943314, 0.34073076, 0.34641618, 0.34792614, 0.34932193, 0.34964621, 0.34985915, 0.34998932, 0.34999719, 0.34998295, 0.34971657, 0.93952811
0.33280337, 1.0000000, 0.91595417, 8.6047144, 9.6442881, 9.7840157, 9.9131718, 9.9530897, 9.9803905, 19.996590, 19.999096, 19.991297, 19.924622, 0.33604318, 0.34644023, 0.34783882, 0.34913144, 0.34953076, 0.34980384, 0.34998295, 0.34999549, 0.34995648, 0.34962311, 0.91595417
0.35599208, 1.0000000, 0.99997121, 9.9996300, 9.9997816, 9.9998894, 9.9999790, 9.9999876, 9.9999962, 19.999998, 19.999998, 19.999996, 19.993994, 0.34999603, 0.34999764, 0.34999880, 0.34999976, 0.34999987, 0.34999996, 0.34999999, 0.34999999, 0.34999996, 0.34996998, 0.99997121
0.35599816, 1.0000000, 0.99999326, 9.9999371, 9.9999609, 9.9999819, 9.9999933, 9.9999990, 9.9999990, 19.999998, 19.999998, 19.999998, 19.996996, 0.34999907, 0.34999943, 0.34999973, 0.34999990, 0.34999999, 0.34999999, 0.34999999, 0.34999999, 0.34999999, 0.34998497, 0.99999326
0.35599917, 1.0000000, 0.99999690, 9.9999876, 9.9999905, 9.9999962, 9.9999990, 9.9999990, 9.9999990, 19.999998, 19.999998, 19.999998, 19.997997, 0.34999958, 0.34999973, 0.34999987, 0.34999996, 0.34999999, 0.34999999, 0.34999999, 0.34999999, 0.34999999, 0.34998998, 0.99999690
0.32251501, 1.0000000, 0.87867755, 8.0085649, 9.4504166, 9.6775389, 9.8906403, 9.9428854, 9.9766235, 19.995880, 19.998932, 19.999432, 19.974194, 0.33008552, 0.34450409, 0.34677535, 0.34890640, 0.34942886, 0.34976622, 0.34997940, 0.34999466, 0.34999716, 0.34987098, 0.87867755
0.28980395, 1.0000000, 0.76015919, 5.7032628, 9.3867731, 9.6089659, 9.8153353, 9.8969326, 9.9541979, 19.990257, 19.997459, 19.997389, 19.951817, 0.30703148, 0.34386656, 0.34608907, 0.34815323, 0.34896928, 0.34954193, 0.34995130, 0.34998730, 0.34998694, 0.34975907, 0.76015919
0.25187087, 1.0000000, 0.62272048, 3.0551560, 9.2716894, 9.5228558, 9.7483702, 9.8520432, 9.9302273, 19.983614, 19.995682, 19.992878, 19.931822, 0.28054994, 0.34271398, 0.34522706, 0.34748340, 0.34852028, 0.34930220, 0.34991807, 0.34997842, 0.34996438, 0.34965912, 0.62272048
0.21998933, 1.0000000, 0.50720769, 1.9038647, 7.3737001, 9.4698210, 9.6973972, 9.8143816, 9.9077263, 19.976177, 19.993542, 19.985407, 19.914846, 0.26903784, 0.32373512, 0.34469703, 0.34697372, 0.34814370, 0.34907722, 0.34988087, 0.34996772, 0.34992704, 0.34957424, 0.50720769
0.19473578, 1.0000000, 0.41570932, 1.1315763, 5.6117625, 9.4718428, 9.6856699, 9.8009615, 9.8966331, 19.970463, 19.991451, 19.975243, 19.901039, 0.26131538, 0.30611649, 0.34471747, 0.34685650, 0.34800953, 0.34896630, 0.34985232, 0.34995726, 0.34987622, 0.34950519, 0.41570932
0.16694269, 1.0000000, 0.31500971, 0.30912757, 3.6587350, 9.4159632, 9.6507187, 9.7768335, 9.8819485, 19.963293, 19.988245, 19.962715, 19.890110, 0.25309113, 0.28658620, 0.34415814, 0.34650689, 0.34776819, 0.34881943, 0.34981647, 0.34994122, 0.34981358, 0.34945056, 0.31500971
0.15049714, 0.85132945, 0.25542438, 0.0000000, 2.5698006, 8.6569958, 9.6339121, 9.7634430, 9.8725471, 19.956553, 19.983946, 19.948856, 19.881750, 0.24998996, 0.27569664, 0.33656764, 0.34633860, 0.34763417, 0.34872538, 0.34978276, 0.34991974, 0.34974429, 0.34940875, 0.25542438
0.14147766, 0.74240959, 0.22274515, 0.0000000, 2.0009100, 7.6167326, 9.6348963, 9.7621078, 9.8706789, 19.952566, 19.978724, 19.934795, 19.875484, 0.24998996, 0.27000639, 0.32616219, 0.34634766, 0.34762043, 0.34870657, 0.34976283, 0.34989363, 0.34967399, 0.34937742, 0.22274515
0.18064415, 1.0000000, 0.36465269, 1.9865096, 2.7911096, 8.8644142, 9.6780882, 9.7865925, 9.8803530, 19.950125, 19.972063, 19.921360, 19.870871, 0.26986232, 0.27790877, 0.33864045, 0.34678009, 0.34786552, 0.34880337, 0.34975064, 0.34986031, 0.34960681, 0.34935436, 0.36465269
0.25252986, 1.0000000, 0.62510812, 3.1201775, 9.2565098, 9.5024490, 9.7337246, 9.8193979, 9.8945551, 19.948633, 19.963810, 19.909195, 19.867504, 0.28120089, 0.34256351, 0.34502369, 0.34733707, 0.34819388, 0.34894553, 0.34974316, 0.34981906, 0.34954599, 0.34933752, 0.62510812
0.24852049, 1.0000000, 0.61058146, 2.9055805, 9.0217428, 9.7021046, 9.7945099, 9.8556376, 9.9117479, 19.949072, 19.954536, 19.898754, 19.865089, 0.27905545, 0.34021676, 0.34702069, 0.34794503, 0.34855634, 0.34911749, 0.34974536, 0.34977269, 0.34949377, 0.34932545, 0.61058146
0.21184757, 1.0000000, 0.47770855, 1.6095221, 6.8846374, 9.4687881, 9.6871185, 9.7977962, 9.8862743, 19.939100, 19.941557, 19.889357, 19.863201, 0.26609266, 0.31883979, 0.34468335, 0.34687027, 0.34797749, 0.34886259, 0.34969550, 0.34970778, 0.34944677, 0.34931600, 0.47770855
0.16631241, 1.0000000, 0.31272611, 0.28229654, 3.6781995, 9.3317251, 9.5896482, 9.7357130, 9.8557835, 19.927176, 19.927734, 19.881588, 19.861807, 0.25282273, 0.28678003, 0.34331477, 0.34589598, 0.34735686, 0.34855774, 0.34963587, 0.34963867, 0.34940794, 0.34930903, 0.31272611
0.14403322, 0.77327061, 0.23200439, 0.0000000, 2.1518826, 7.9558034, 9.5489893, 9.7058048, 9.8379440, 19.915859, 19.914545, 19.875450, 19.860849, 0.24991961, 0.27151650, 0.32955375, 0.34548885, 0.34705752, 0.34837925, 0.34957930, 0.34957272, 0.34937724, 0.34930426, 0.23200439
0.12527129, 0.54669994, 0.16402639, 0.0000000, 0.99931955, 5.7489543, 9.4763622, 9.6563168, 9.8102131, 19.900873, 19.901434, 19.870438, 19.860104, 0.24991961, 0.25999239, 0.30748722, 0.34476286, 0.34656277, 0.34810200, 0.34950435, 0.34950715, 0.34935218, 0.34930050, 0.16402639
0.10876323, 0.34734729, 0.10421461, 0.0000000, 0.13450682, 3.5068779, 9.4222546, 9.6175146, 9.7870874, 19.886108, 19.889761, 19.866566, 19.859575, 0.24991961, 0.25134465, 0.28506345, 0.34421968, 0.34617367, 0.34787038, 0.34943053, 0.34944880, 0.34933284, 0.34929788, 0.10421461
0.10146096, 0.25916442, 0.77757105E-1, 0.0000000, 0.0000000, 2.1813214, 8.6001692, 9.5846567, 9.7673502, 19.872498, 19.879883, 19.863632, 19.859222, 0.24991961, 0.24996772, 0.27180001, 0.33599129, 0.34584075, 0.34767154, 0.34936249, 0.34939942, 0.34931815, 0.34929612, 0.77757105E-1
0.23776875, 1.0000000, 0.57162589, 2.7692466, 8.2475319, 9.1945610, 9.4697905, 9.7011690, 9.8170719, 19.868429, 19.873915, 19.862009, 19.859116, 0.27768824, 0.33246773, 0.34194142, 0.34469703, 0.34701124, 0.34817058, 0.34934214, 0.34936959, 0.34931004, 0.34929559, 0.57162589
0.17959279, 1.0000000, 0.36084342, 0.96116662, 4.1980777, 9.2581997, 9.5182009, 9.6801138, 9.8078117, 19.857157, 19.867313, 19.860353, 19.858875, 0.25961116, 0.29197943, 0.34258050, 0.34518170, 0.34680098, 0.34807807, 0.34928578, 0.34933656, 0.34930176, 0.34929436, 0.36084342
0.14332582, 0.76472801, 0.22944136, 0.0000000, 2.1897554, 7.7254314, 9.4970722, 9.6614742, 9.7976017, 19.847948, 19.862150, 19.859123, 19.858709, 0.24989423, 0.27189496, 0.32724977, 0.34496960, 0.34661418, 0.34797585, 0.34923974, 0.34931076, 0.34929562, 0.34929353, 0.22944136
0.17596102, 1.0000000, 0.34768480, 1.7501652, 2.8722525, 8.3979216, 9.5443172, 9.6884184, 9.8078022, 19.843798, 19.859091, 19.858427, 19.858635, 0.26749879, 0.27871969, 0.33397508, 0.34544224, 0.34688371, 0.34807786, 0.34921899, 0.34929544, 0.34929213, 0.34929317, 0.34768480
0.20583932, 1.0000000, 0.45593953, 2.1462142, 5.3516035, 9.3225641, 9.5892353, 9.7163105, 9.8198538, 19.842047, 19.857250, 19.858046, 19.858646, 0.27146128, 0.30351475, 0.34322456, 0.34589213, 0.34716299, 0.34819850, 0.34921023, 0.34928626, 0.34929022, 0.34929323, 0.45593953
0.35595822, 1.0000000, 0.99984854, 9.9981899, 9.9989147, 9.9994574, 9.9998894, 9.9999456, 9.9999819, 19.999998, 19.999998, 19.999998, 19.994993, 0.34997916, 0.34998751, 0.34999374, 0.34999871, 0.34999937, 0.34999979, 0.34999999, 0.34999999, 0.34999999, 0.34997496, 0.99984854
0.34111273, 1.0000000, 0.94606054, 9.1893377, 9.6599150, 9.8011265, 9.9437571, 9.9711885, 9.9888563, 19.998508, 19.999599, 19.999855, 19.986019, 0.34189293, 0.34659889, 0.34801111, 0.34943753, 0.34971189, 0.34988856, 0.34999254, 0.34999800, 0.34999928, 0.34993011, 0.94606054
0.35440266, 1.0000000, 0.99421239, 9.9315767, 9.9571724, 9.9326601, 9.9830332, 9.9914408, 9.9968176, 19.999659, 19.999916, 19.999964, 19.988997, 0.34931490, 0.34957123, 0.34932634, 0.34983027, 0.34991437, 0.34996817, 0.34999830, 0.34999958, 0.34999982, 0.34994498, 0.99421239
0.32800913, 1.0000000, 0.89858371, 8.4635572, 9.3885803, 9.6216497, 9.8534374, 9.9218712, 9.9674435, 19.994143, 19.998478, 19.998930, 19.965576, 0.33463514, 0.34388551, 0.34621635, 0.34853435, 0.34921870, 0.34967443, 0.34997070, 0.34999239, 0.34999466, 0.34982789, 0.89858371
0.26791281, 1.0000000, 0.68084353, 4.2810683, 9.1943226, 9.4704657, 9.7261648, 9.8424778, 9.9281540, 19.984436, 19.995903, 19.995781, 19.943930, 0.29281038, 0.34194285, 0.34470448, 0.34726161, 0.34842476, 0.34928155, 0.34992218, 0.34997952, 0.34997889, 0.34971964, 0.68084353
0.21352713, 1.0000000, 0.48379391, 1.7701149, 6.8766789, 9.3671474, 9.6289501, 9.7728348, 9.8877020, 19.971670, 19.992422, 19.989769, 19.924934, 0.26770049, 0.31876528, 0.34367046, 0.34628931, 0.34772822, 0.34887698, 0.34985834, 0.34996212, 0.34994885, 0.34962466, 0.48379391
0.17047125, 1.0000000, 0.32779434, 0.52880645, 3.7782660, 9.3156939, 9.5830212, 9.7350626, 9.8630276, 19.962204, 19.989515, 19.981030, 19.909117, 0.25528759, 0.28778061, 0.34315440, 0.34582967, 0.34735036, 0.34863019, 0.34981102, 0.34994757, 0.34990513, 0.34954560, 0.32779434
0.16386944, 1.0000000, 0.30387476, 1.1421382, 2.4350643, 8.3632278, 9.5886068, 9.7331657, 9.8575697, 19.956259, 19.986938, 19.969864, 19.896437, 0.26141921, 0.27434784, 0.33362749, 0.34588495, 0.34733108, 0.34857553, 0.34978130, 0.34993470, 0.34984931, 0.34948218, 0.30387476
0.35599923, 1.0000000, 0.99999714, 9.9999990, 9.9999990, 9.9999990, 9.9999990, 9.9999990, 9.9999990, 19.999998, 19.999998, 19.999998, 19.998999, 0.34999961, 0.34999976, 0.34999987, 0.34999996, 0.34999999, 0.34999999, 0.34999999, 0.34999999, 0.34999999, 0.34999499, 0.99999714
0.33244014, 1.0000000, 0.91463810, 8.6784124, 9.5102730, 9.7176104, 9.9110699, 9.9539232, 9.9816923, 19.997198, 19.999266, 19.999559, 19.975210, 0.33678281, 0.34510186, 0.34717566, 0.34911060, 0.34953916, 0.34981689, 0.34998599, 0.34999633, 0.34999779, 0.34987605, 0.91463810
0.34493154, 1.0000000, 0.95989692, 9.3984137, 9.7410955, 9.8609400, 9.9639111, 9.9816761, 9.9930601, 19.999170, 19.999784, 19.999901, 19.986681, 0.34397984, 0.34740829, 0.34860805, 0.34963885, 0.34981662, 0.34993052, 0.34999585, 0.34999892, 0.34999949, 0.34993342, 0.95989692
0.35155725, 1.0000000, 0.98390305, 9.7708130, 9.8787642, 9.9376965, 9.9863167, 9.9931164, 9.9975891, 19.999880, 19.999969, 19.999983, 19.990009, 0.34770629, 0.34878650, 0.34937641, 0.34986305, 0.34993112, 0.34997585, 0.34999940, 0.34999985, 0.34999990, 0.34995005, 0.98390305
0.35458171, 1.0000000, 0.99486130, 9.9285507, 9.9588242, 9.9792204, 9.9957933, 9.9978924, 9.9992990, 19.999998, 19.999998, 19.999983, 19.990009, 0.34928507, 0.34958798, 0.34979206, 0.34995791, 0.34997892, 0.34999299, 0.34999999, 0.34999999, 0.34999990, 0.34995005, 0.99486130
0.35086983, 1.0000000, 0.98141241, 9.7813044, 9.8007050, 9.8951845, 9.9744244, 9.9870653, 9.9952059, 19.999504, 19.999880, 19.999945, 19.988003, 0.34781259, 0.34800678, 0.34895170, 0.34974423, 0.34987065, 0.34995204, 0.34999752, 0.34999940, 0.34999973, 0.34994000, 0.98141241
0.30856663, 1.0000000, 0.82813990, 7.1504216, 9.2720938, 9.5463963, 9.8130884, 9.8991995, 9.9573832, 19.992033, 19.997931, 19.998730, 19.964603, 0.32150337, 0.34272027, 0.34546363, 0.34813082, 0.34899196, 0.34957382, 0.34996015, 0.34998965, 0.34999365, 0.34982303, 0.82813990
0.25329056, 1.0000000, 0.62786430, 3.2353024, 9.1799994, 9.4579201, 9.7121649, 9.8320875, 9.9223108, 19.982887, 19.995512, 19.995539, 19.943075, 0.28235167, 0.34179774, 0.34457803, 0.34712142, 0.34832075, 0.34922308, 0.34991443, 0.34997755, 0.34997770, 0.34971538, 0.62786430
0.21033905, 1.0000000, 0.47224289, 1.6028106, 6.7518058, 9.3998842, 9.6476412, 9.7826195, 9.8916721, 19.972563, 19.992670, 19.989573, 19.924267, 0.26602727, 0.31751594, 0.34399739, 0.34647611, 0.34782603, 0.34891665, 0.34986281, 0.34996337, 0.34994787, 0.34962133, 0.47224289
0.34823304, 1.0000000, 0.97185874, 9.5888834, 9.8029337, 9.8965635, 9.9753656, 9.9875526, 9.9954710, 19.999611, 19.999897, 19.999964, 19.989016, 0.34588513, 0.34802708, 0.34896448, 0.34975341, 0.34987539, 0.34995469, 0.34999806, 0.34999949, 0.34999982, 0.34994507, 0.97185874
0.34539318, 1.0000000, 0.96156937, 9.5568905, 9.5843849, 9.7638845, 9.9324026, 9.9652958, 9.9866600, 19.998312, 19.999563, 19.999840, 19.985031, 0.34556842, 0.34584355, 0.34763870, 0.34932399, 0.34965295, 0.34986660, 0.34999156, 0.34999782, 0.34999919, 0.34992516, 0.96156937
0.32706165, 1.0000000, 0.89515084, 8.4056101, 9.3770485, 9.6133165, 9.8402557, 9.9134054, 9.9637804, 19.993784, 19.998383, 19.998655, 19.961859, 0.33405429, 0.34376925, 0.34613255, 0.34840244, 0.34913400, 0.34963778, 0.34996891, 0.34999192, 0.34999329, 0.34980929, 0.89515084
0.28173918, 1.0000000, 0.73093909, 5.1994057, 9.2962685, 9.5372658, 9.7585697, 9.8600979, 9.9362669, 19.986912, 19.996557, 19.995317, 19.940672, 0.30199271, 0.34296122, 0.34537190, 0.34758556, 0.34860089, 0.34936264, 0.34993455, 0.34998280, 0.34997660, 0.34970337, 0.73093909
0.32695240, 1.0000000, 0.89475513, 8.4712086, 9.3082294, 9.5350618, 9.7361612, 9.8388577, 9.9215755, 19.982088, 19.995214, 19.989403, 19.922325, 0.33471131, 0.34308180, 0.34535035, 0.34736156, 0.34838855, 0.34921575, 0.34991044, 0.34997606, 0.34994701, 0.34961164, 0.89475513
0.34325773, 1.0000000, 0.95383233, 9.3015509, 9.7091942, 9.8429556, 9.9596348, 9.9794903, 9.9923429, 19.999201, 19.999790, 19.999928, 19.988997, 0.34301418, 0.34709111, 0.34842914, 0.34959626, 0.34979486, 0.34992343, 0.34999600, 0.34999895, 0.34999964, 0.34994498, 0.95383233
0.28033572, 1.0000000, 0.72585410, 5.1534467, 9.2179012, 9.5022573, 9.7768307, 9.8775339, 9.9469948, 19.989473, 19.997252, 19.998619, 19.965494, 0.30153343, 0.34217790, 0.34502199, 0.34776819, 0.34877527, 0.34946993, 0.34994736, 0.34998626, 0.34999311, 0.34982747, 0.72585410
0.22578447, 1.0000000, 0.52820456, 2.4232209, 7.2461672, 9.4025650, 9.6632652, 9.7989464, 9.9044561, 19.977980, 19.994169, 19.995337, 19.943829, 0.27423054, 0.32245865, 0.34402367, 0.34663224, 0.34798926, 0.34904450, 0.34988990, 0.34997085, 0.34997669, 0.34971914, 0.52820456
0.20766810, 1.0000000, 0.46256557, 2.1204143, 5.5646935, 9.4087315, 9.6341228, 9.7689009, 9.8817816, 19.968983, 19.991617, 19.989548, 19.924898, 0.27120215, 0.30564380, 0.34408465, 0.34634069, 0.34768873, 0.34881774, 0.34984490, 0.34995809, 0.34994775, 0.34962448, 0.46256557
0.33981395, 1.0000000, 0.94135493, 9.3360386, 9.4167395, 9.5506544, 9.7110004, 9.8088627, 9.8955393, 19.967533, 19.990789, 19.981340, 19.909233, 0.34335995, 0.34416714, 0.34550640, 0.34710997, 0.34808862, 0.34895539, 0.34983766, 0.34995395, 0.34990671, 0.34954616, 0.94135493
0.35597807, 1.0000000, 0.99992055, 9.9991531, 9.9994898, 9.9997435, 9.9999485, 9.9999752, 9.9999876, 19.999998, 19.999998, 19.999996, 19.993994, 0.34998909, 0.34999344, 0.34999669, 0.34999934, 0.34999970, 0.34999985, 0.34999999, 0.34999999, 0.34999996, 0.34996998, 0.99992055
0.35361522, 1.0000000, 0.99135941, 9.9706573, 9.8809109, 9.7770500, 9.9345474, 9.9663277, 9.9870768, 19.998413, 19.999582, 19.999464, 19.970406, 0.34970611, 0.34880885, 0.34777036, 0.34934545, 0.34966329, 0.34987077, 0.34999207, 0.34999791, 0.34999731, 0.34985203, 0.99135941
0.30198342, 1.0000000, 0.80428773, 6.6736097, 9.2780991, 9.5382261, 9.7953577, 9.8877935, 9.9518480, 19.990889, 19.997608, 19.996960, 19.948330, 0.31673574, 0.34278071, 0.34538212, 0.34795356, 0.34887791, 0.34951848, 0.34995443, 0.34998804, 0.34998479, 0.34974164, 0.80428773
0.24160980, 1.0000000, 0.58554268, 2.9573054, 8.2566099, 9.4198580, 9.6781263, 9.8092585, 9.9100542, 19.979614, 19.994602, 19.991673, 19.928740, 0.27957115, 0.33256286, 0.34419674, 0.34678087, 0.34809241, 0.34910047, 0.34989807, 0.34997302, 0.34995836, 0.34964371, 0.58554268
0.20700145, 1.0000000, 0.46015015, 1.7423511, 6.1288543, 9.3806076, 9.6280975, 9.7676382, 9.8821516, 19.969114, 19.991573, 19.983503, 19.912247, 0.26742214, 0.31128564, 0.34380388, 0.34628054, 0.34767616, 0.34882143, 0.34984559, 0.34995788, 0.34991753, 0.34956124, 0.46015015
0.16639647, 1.0000000, 0.31303066, 0.49930513, 3.3222666, 9.3397369, 9.5914154, 9.7378778, 9.8617611, 19.959288, 19.988186, 19.972582, 19.898872, 0.25499263, 0.28322104, 0.34339505, 0.34591368, 0.34737855, 0.34861752, 0.34979644, 0.34994093, 0.34986290, 0.34949437, 0.31303066
0.14275813, 0.75787264, 0.22738454, 0.0000000, 2.0277977, 7.8935084, 9.5566874, 9.7127132, 9.8463259, 19.950859, 19.984289, 19.959639, 19.888395, 0.24999715, 0.27027562, 0.32893053, 0.34556577, 0.34712657, 0.34846309, 0.34975430, 0.34992144, 0.34979820, 0.34944198, 0.22738454
0.12950739, 0.59785551, 0.17937459, 0.0000000, 1.2238175, 6.3053417, 9.5422745, 9.7009544, 9.8379316, 19.943356, 19.979269, 19.945549, 19.880405, 0.24999715, 0.26223576, 0.31304720, 0.34542087, 0.34700859, 0.34837899, 0.34971678, 0.34989634, 0.34972775, 0.34940201, 0.17937459
0.11530949, 0.42640051, 0.12793295, 0.0000000, 0.43777525, 4.4634380, 9.4852171, 9.6636944, 9.8185415, 19.934528, 19.972136, 19.931187, 19.874371, 0.24999715, 0.25437668, 0.29462889, 0.34484985, 0.34663576, 0.34818503, 0.34967265, 0.34986067, 0.34965593, 0.34937185, 0.12793295
0.10491315, 0.30085337, 0.90265036E-1, 0.0000000, 0.0000000, 2.9190211, 9.0510397, 9.6237469, 9.7978163, 19.927130, 19.963430, 19.917606, 19.869928, 0.24999715, 0.24998668, 0.27918565, 0.34050757, 0.34623596, 0.34797767, 0.34963566, 0.34981716, 0.34958804, 0.34934965, 0.90265036E-1
0.99951111E-1, 0.24093135, 0.72286636E-1, 0.0000000, 0.0000000, 1.9393176, 7.9775381, 9.5882959, 9.7775707, 19.920084, 19.953001, 19.905378, 19.866705, 0.24999715, 0.24998668, 0.26938936, 0.32977226, 0.34588107, 0.34777507, 0.34960043, 0.34976500, 0.34952688, 0.34933352, 0.72286636E-1
0.95050924E-1, 0.18175629, 0.54532342E-1, 0.0000000, 0.0000000, 1.0321587, 6.6314044, 9.5258646, 9.7443409, 19.912298, 19.941017, 19.894766, 19.864330, 0.24999715, 0.24998668, 0.26031902, 0.31631076, 0.34525630, 0.34744260, 0.34956148, 0.34970510, 0.34947383, 0.34932166, 0.54532342E-1
0.91387697E-1, 0.13751884, 0.41259777E-1, 0.0000000, 0.0000000, 0.43161809, 5.2299185, 9.4935932, 9.7250700, 19.905294, 19.928596, 19.885996, 19.862637, 0.24999715, 0.24998668, 0.25431341, 0.30229250, 0.34492984, 0.34724861, 0.34952646, 0.34964299, 0.34942997, 0.34931320, 0.41259777E-1
0.16829532, 1.0000000, 0.31991059, 1.7097890, 2.6098728, 7.3019018, 9.0930815, 9.6547318, 9.7977276, 19.901382, 19.917101, 19.879150, 19.861496, 0.26709136, 0.27609277, 0.32301068, 0.34092873, 0.34654620, 0.34797689, 0.34950691, 0.34958550, 0.34939575, 0.34930748, 0.31991059
0.35596156, 1.0000000, 0.99986058, 9.9989805, 9.9993858, 9.9996929, 9.9999399, 9.9999695, 9.9999905, 19.999998, 19.999998, 19.999998, 19.994993, 0.34998083, 0.34998846, 0.34999424, 0.34999886, 0.34999943, 0.34999982, 0.34999999, 0.34999999, 0.34999999, 0.34997496, 0.99986058
0.35535377, 1.0000000, 0.99765849, 9.9998169, 9.9861593, 9.8812351, 9.9707880, 9.9852161, 9.9945278, 19.999462, 19.999849, 19.999945, 19.988003, 0.34999499, 0.34985968, 0.34881139, 0.34970769, 0.34985206, 0.34994525, 0.34999731, 0.34999925, 0.34999973, 0.34994000, 0.99765849
0.31925252, 1.0000000, 0.86685693, 7.7887592, 9.4312592, 9.6627645, 9.8835220, 9.9389277, 9.9751282, 19.995785, 19.998901, 19.999660, 19.983990, 0.32788670, 0.34431195, 0.34662732, 0.34883517, 0.34938926, 0.34975129, 0.34997892, 0.34999451, 0.34999830, 0.34991995, 0.86685693
0.30574667, 1.0000000, 0.81792277, 6.8884807, 9.3394213, 9.5957546, 9.8448992, 9.9173355, 9.9655399, 19.993725, 19.998371, 19.999489, 19.981979, 0.31888309, 0.34339285, 0.34595683, 0.34844884, 0.34917331, 0.34965536, 0.34996861, 0.34999186, 0.34999746, 0.34990990, 0.81792277
0.24378777, 1.0000000, 0.59343392, 2.9935865, 8.4506664, 9.4304934, 9.6988907, 9.8255396, 9.9200945, 19.982685, 19.995464, 19.997665, 19.958891, 0.27993432, 0.33450407, 0.34430346, 0.34698862, 0.34825525, 0.34920087, 0.34991342, 0.34997731, 0.34998834, 0.34979445, 0.59343392
0.20786528, 1.0000000, 0.46328002, 1.8427044, 6.0469460, 9.4106598, 9.6604385, 9.7907495, 9.8972425, 19.975821, 19.993555, 19.994001, 19.938009, 0.26842406, 0.31046361, 0.34410208, 0.34660345, 0.34790701, 0.34897229, 0.34987909, 0.34996778, 0.34997001, 0.34969005, 0.46328002
0.17306721, 1.0000000, 0.33720002, 0.81906021, 3.5796006, 9.3619785, 9.6210566, 9.7603073, 9.8774652, 19.968645, 19.991442, 19.987490, 19.920013, 0.25818989, 0.28579414, 0.34361732, 0.34621006, 0.34760281, 0.34877455, 0.34984323, 0.34995720, 0.34993744, 0.34960008, 0.33720002
0.14537345, 0.78945535, 0.23686031, 0.0000000, 2.2327900, 8.1098347, 9.5764828, 9.7282677, 9.8576794, 19.960203, 19.988621, 19.977976, 19.905134, 0.24996398, 0.27232423, 0.33109167, 0.34576324, 0.34728187, 0.34857652, 0.34980100, 0.34994310, 0.34988987, 0.34952566, 0.23686031
0.13048618, 0.60967541, 0.18292092, 0.0000000, 1.3193429, 6.3533235, 9.5316439, 9.6968145, 9.8392906, 19.951729, 19.985119, 19.965992, 19.893269, 0.24996398, 0.26319066, 0.31352660, 0.34531444, 0.34696713, 0.34839255, 0.34975865, 0.34992558, 0.34982997, 0.34946635, 0.18292092
0.11777403, 0.45616245, 0.13686243, 0.0000000, 0.61129928, 4.7043896, 9.5126190, 9.6814861, 9.8286896, 19.944096, 19.980732, 19.952377, 19.884123, 0.24996398, 0.25611120, 0.29703698, 0.34512338, 0.34681344, 0.34828642, 0.34972048, 0.34990364, 0.34976190, 0.34942061, 0.13686243
0.10712384, 0.32754976, 0.98274760E-1, 0.0000000, 0.94461441E-1, 3.1715546, 9.4943676, 9.6683617, 9.8207426, 19.937685, 19.975113, 19.938168, 19.877197, 0.24996398, 0.25094372, 0.28170067, 0.34493476, 0.34667909, 0.34820586, 0.34968841, 0.34987557, 0.34969085, 0.34938598, 0.98274760E-1
0.10148323, 0.25943333, 0.77837788E-1, 0.0000000, 0.0000000, 2.1542521, 8.7392263, 9.6205082, 9.7977142, 19.931234, 19.967642, 19.924250, 19.872034, 0.24996398, 0.24999282, 0.27152970, 0.33738187, 0.34619936, 0.34797519, 0.34965616, 0.34983820, 0.34962124, 0.34936017, 0.77837788E-1
0.98142855E-1, 0.21909472, 0.65734990E-1, 0.0000000, 0.0000000, 1.5218079, 7.8653164, 9.6184149, 9.7934933, 19.926094, 19.958652, 19.911455, 19.868269, 0.24996398, 0.24999282, 0.26521158, 0.32864645, 0.34618002, 0.34793353, 0.34963048, 0.34979326, 0.34955728, 0.34934133, 0.65734990E-1
0.35243547, 1.0000000, 0.98708498, 9.8180075, 9.9007769, 9.9493275, 9.9893293, 9.9946499, 9.9981728, 19.999964, 19.999987, 19.999983, 19.990009, 0.34817490, 0.34900466, 0.34949169, 0.34989297, 0.34994635, 0.34998167, 0.34999982, 0.34999993, 0.34999990, 0.34995005, 0.98708498
0.33741671, 1.0000000, 0.93266916, 9.0414009, 9.5129690, 9.7056952, 9.9058170, 9.9510965, 9.9811115, 19.997704, 19.999397, 19.999237, 19.966581, 0.34041265, 0.34512883, 0.34705651, 0.34905809, 0.34951091, 0.34981108, 0.34998852, 0.34999698, 0.34999618, 0.34983289, 0.93266916
0.29724717, 1.0000000, 0.78712732, 6.3010979, 9.3117800, 9.5662270, 9.8086758, 9.8946676, 9.9553547, 19.992378, 19.998014, 19.996508, 19.944914, 0.31300858, 0.34311566, 0.34566116, 0.34808654, 0.34894657, 0.34955353, 0.34996188, 0.34999007, 0.34998253, 0.34972456, 0.78712732
0.24223273, 1.0000000, 0.58779973, 2.8516352, 8.4951887, 9.4391088, 9.7002325, 9.8238087, 9.9190588, 19.983925, 19.995758, 19.990936, 19.925863, 0.27851465, 0.33494884, 0.34438938, 0.34700197, 0.34823790, 0.34919053, 0.34991962, 0.34997880, 0.34995466, 0.34962931, 0.58779973
0.19873770, 1.0000000, 0.43020901, 1.4553308, 5.6149311, 9.3684874, 9.6307230, 9.7717638, 9.8875666, 19.974638, 19.993029, 19.982376, 19.909908, 0.26455155, 0.30614522, 0.34368148, 0.34630650, 0.34771729, 0.34887555, 0.34987319, 0.34996516, 0.34991187, 0.34954953, 0.43020901
0.16619903, 1.0000000, 0.31231532, 0.54433346, 3.2056549, 9.3687687, 9.6166544, 9.7553530, 9.8733759, 19.967764, 19.990444, 19.971285, 19.897062, 0.25544241, 0.28205323, 0.34368286, 0.34616557, 0.34755301, 0.34873357, 0.34983882, 0.34995222, 0.34985644, 0.34948531, 0.31231532
0.14607702, 0.79795188, 0.23940951, 0.0000000, 2.2231877, 8.2900581, 9.6082268, 9.7465935, 9.8652954, 19.961334, 19.987087, 19.958235, 19.887056, 0.24995939, 0.27222949, 0.33289611, 0.34608123, 0.34746540, 0.34865278, 0.34980667, 0.34993544, 0.34979117, 0.34943527, 0.23940951
0.13552931, 0.67057675, 0.20119315, 0.0000000, 1.5800685, 7.0325794, 9.5964098, 9.7380619, 9.8596058, 19.955849, 19.982624, 19.944199, 19.879429, 0.24995939, 0.26579708, 0.32031775, 0.34596190, 0.34737951, 0.34859568, 0.34977925, 0.34991312, 0.34972098, 0.34939715, 0.20119315
0.12729445, 0.57113183, 0.17135669, 0.16933382, 0.99402666, 5.6572895, 9.5753794, 9.7233887, 9.8518591, 19.951157, 19.976616, 19.930149, 19.873753, 0.25169247, 0.25993726, 0.30656433, 0.34575090, 0.34723243, 0.34851807, 0.34975579, 0.34988308, 0.34965074, 0.34936875, 0.17135669
0.12119302, 0.49745053, 0.14925009, 0.16899407, 0.72354078, 4.7173738, 9.6075077, 9.7426424, 9.8608522, 19.950396, 19.969753, 19.917158, 19.869606, 0.25168869, 0.25723219, 0.29716319, 0.34607080, 0.34742424, 0.34860778, 0.34975198, 0.34984878, 0.34958580, 0.34934804, 0.14925009
0.10951823, 0.35646477, 0.10695013, 0.0000000, 0.28322339, 3.3598337, 9.5331612, 9.6980171, 9.8409166, 19.945518, 19.960043, 19.905260, 19.866529, 0.24997932, 0.25283140, 0.28359336, 0.34532878, 0.34697872, 0.34840870, 0.34972760, 0.34980023, 0.34952629, 0.34933263, 0.10695013
0.10571750, 0.31056678, 0.93179353E-1, 0.0000000, 0.11944771, 2.8091490, 9.3130531, 9.7340822, 9.8547125, 19.943760, 19.949766, 19.895258, 19.864359, 0.24997932, 0.25119409, 0.27808705, 0.34312758, 0.34733927, 0.34854662, 0.34971881, 0.34974882, 0.34947628, 0.34932178, 0.93179353E-1
0.10237747, 0.27023223, 0.81077777E-1, 0.0000000, 0.0000000, 2.3443966, 8.8077765, 9.7142200, 9.8468494, 19.939312, 19.938026, 19.886847, 19.862766, 0.24997932, 0.24998331, 0.27344048, 0.33807513, 0.34714073, 0.34846801, 0.34969658, 0.34969014, 0.34943423, 0.34931383, 0.81077777E-1
0.11384209, 0.40867999, 0.12261626, 0.98885298, 0.0000000, 1.9234687, 8.2837925, 9.7059135, 9.8414316, 19.933224, 19.925846, 19.879982, 19.861603, 0.25988698, 0.24998331, 0.26923379, 0.33283716, 0.34705868, 0.34841415, 0.34966612, 0.34962922, 0.34939992, 0.34930801, 0.12261626
0.13796790, 0.70002538, 0.21002862, 1.5175730, 2.2118211, 1.6431004, 7.8807249, 9.7277145, 9.8487120, 19.925594, 19.913912, 19.874531, 19.860779, 0.26517460, 0.27211723, 0.26643065, 0.32880688, 0.34727693, 0.34848705, 0.34962797, 0.34956956, 0.34937266, 0.34930390, 0.21002862
0.11862561, 0.46644616, 0.13994785, 0.63543916, 1.5374362, 1.3481736, 7.4458251, 9.7214565, 9.8455763, 19.917101, 19.902918, 19.870312, 19.860186, 0.25635323, 0.26537269, 0.26348099, 0.32445744, 0.34721404, 0.34845558, 0.34958550, 0.34951460, 0.34935156, 0.34930092, 0.13994785
0.14747584, 0.81484395, 0.24447763, 1.9290656, 2.1891146, 2.5333762, 8.2674332, 9.7592258, 9.8615513, 19.911345, 19.894045, 19.867294, 19.859821, 0.26928785, 0.27188924, 0.27533266, 0.33267361, 0.34759185, 0.34861538, 0.34955671, 0.34947023, 0.34933648, 0.34929910, 0.24447763
0.12630138, 0.55913955, 0.16775864, 0.91857612, 1.5427321, 2.1603942, 7.8731890, 9.7383909, 9.8513279, 19.900600, 19.885328, 19.864748, 19.859488, 0.25918460, 0.26542613, 0.27160311, 0.32873130, 0.34738353, 0.34851316, 0.34950301, 0.34942663, 0.34932375, 0.34929743, 0.16775864
0.12172531, 0.50387853, 0.15117867, 0.76893866, 1.3330489, 2.0182669, 7.6294188, 9.7728367, 9.8653431, 19.895321, 19.879421, 19.863148, 19.859346, 0.25768793, 0.26332897, 0.27018154, 0.32629332, 0.34772781, 0.34865326, 0.34947661, 0.34939712, 0.34931573, 0.34929675, 0.15117867
0.12140305, 0.49998683, 0.15001105, 0.93407333, 1.1185020, 1.8642157, 7.3993287, 9.7790928, 9.8684292, 19.889606, 19.874554, 19.861969, 19.859299, 0.25933930, 0.26118401, 0.26864129, 0.32399261, 0.34779048, 0.34868413, 0.34944803, 0.34937277, 0.34930986, 0.34929651, 0.15001105
0.10595914, 0.31348485, 0.94054863E-1, 0.22880435, 0.64809024, 1.5151620, 6.9811172, 9.7245293, 9.8436680, 19.880276, 19.869696, 19.860874, 19.859180, 0.25228751, 0.25647998, 0.26515055, 0.31981018, 0.34724459, 0.34843644, 0.34940138, 0.34934849, 0.34930438, 0.34929591, 0.94054863E-1
0.14339776, 0.76559687, 0.22970203, 1.7699748, 2.1829605, 2.2172542, 7.6529551, 9.7278643, 9.8415289, 19.874107, 19.866371, 19.860180, 19.859110, 0.26769775, 0.27182811, 0.27217180, 0.32652906, 0.34727833, 0.34841517, 0.34937054, 0.34933186, 0.34930089, 0.34929556, 0.22970203
0.15105824, 0.85810542, 0.25745738, 1.8812120, 2.4093986, 2.9531865, 9.1086359, 9.7271185, 9.8369808, 19.866329, 19.863167, 19.859539, 19.859005, 0.26880988, 0.27409229, 0.27953082, 0.34108570, 0.34727082, 0.34836969, 0.34933165, 0.34931582, 0.34929770, 0.34929502, 0.25745738
0.12530684, 0.54712945, 0.16415526, 0.70669949, 1.5692830, 2.4365664, 8.5802145, 9.6986294, 9.8221951, 19.858519, 19.860353, 19.858950, 19.858862, 0.25706640, 0.26569206, 0.27436504, 0.33580172, 0.34698606, 0.34822187, 0.34929258, 0.34930176, 0.34929475, 0.34929430, 0.16415526
0.21283725, 1.0000000, 0.48129439, 2.6392131, 5.8464637, 8.4918041, 9.0527887, 9.6818514, 9.8116789, 19.852133, 19.858156, 19.858471, 19.858757, 0.27638981, 0.30846158, 0.33491582, 0.34052742, 0.34681824, 0.34811670, 0.34926066, 0.34929079, 0.34929234, 0.34929377, 0.48129439
0.22782090, 1.0000000, 0.53558296, 2.2976189, 7.7379665, 9.3546953, 9.5774164, 9.7317591, 9.8303471, 19.849510, 19.857100, 19.858225, 19.858709, 0.27297598, 0.32737929, 0.34354672, 0.34577411, 0.34731755, 0.34830347, 0.34924755, 0.34928548, 0.34929112, 0.34929353, 0.53558296
0.34683901, 1.0000000, 0.96680808, 9.7895575, 9.5208645, 9.5371780, 9.6855211, 9.7789240, 9.8505850, 19.850218, 19.857019, 19.858242, 19.858709, 0.34789506, 0.34520835, 0.34537163, 0.34685519, 0.34778920, 0.34850585, 0.34925109, 0.34928510, 0.34929121, 0.34929353, 0.96680808
0.30562675, 1.0000000, 0.81748813, 6.9436045, 9.2994680, 9.5105839, 9.6897259, 9.7819586, 9.8519077, 19.848261, 19.856346, 19.858095, 19.858704, 0.31943566, 0.34299439, 0.34510568, 0.34689721, 0.34781957, 0.34851909, 0.34924132, 0.34928173, 0.34929049, 0.34929353, 0.81748813
0.28658980, 1.0000000, 0.74851370, 5.6419945, 9.2059765, 9.4480925, 9.6545439, 9.7615986, 9.8421345, 19.844044, 19.855116, 19.857836, 19.858658, 0.30641836, 0.34205821, 0.34448013, 0.34654528, 0.34761590, 0.34842131, 0.34922022, 0.34927559, 0.34928918, 0.34929329, 0.74851370
0.28638279, 1.0000000, 0.74776363, 5.7137446, 9.0747213, 9.4235411, 9.6452475, 9.7554379, 9.8393688, 19.842659, 19.854649, 19.857742, 19.858688, 0.30713663, 0.34074643, 0.34423503, 0.34645239, 0.34755436, 0.34839368, 0.34921330, 0.34927323, 0.34928870, 0.34929344, 0.74776363
0.35599899, 1.0000000, 0.99999636, 9.9999990, 9.9999990, 9.9999990, 9.9999990, 9.9999990, 9.9999990, 19.999998, 19.999998, 19.999998, 19.998999, 0.34999949, 0.34999970, 0.34999985, 0.34999996, 0.34999996, 0.34999999, 0.34999999, 0.34999999, 0.34999999, 0.34999499, 0.99999636
0.33088988, 1.0000000, 0.90902126, 8.5373201, 9.5474195, 9.7404966, 9.9208059, 9.9590664, 9.9839706, 19.997765, 19.999420, 19.999594, 19.975222, 0.33536422, 0.34546816, 0.34740189, 0.34920743, 0.34959033, 0.34983960, 0.34998882, 0.34999710, 0.34999797, 0.34987611, 0.90902126
0.29264843, 1.0000000, 0.77046537, 5.9431705, 9.3432713, 9.5872622, 9.8184433, 9.9003992, 9.9571085, 19.991747, 19.997847, 19.997616, 19.952753, 0.30942184, 0.34342343, 0.34586784, 0.34818345, 0.34900349, 0.34957090, 0.34995872, 0.34998924, 0.34998807, 0.34976375, 0.77046537
0.25929046, 1.0000000, 0.64960313, 3.5538094, 9.3187513, 9.5555182, 9.7699251, 9.8656855, 9.9381781, 19.986940, 19.996569, 19.993349, 19.932680, 0.28553262, 0.34317893, 0.34555078, 0.34769836, 0.34865642, 0.34938163, 0.34993470, 0.34998286, 0.34996673, 0.34966341, 0.64960313
0.35599709, 1.0000000, 0.99998933, 9.9999990, 9.9999962, 9.9999990, 9.9999990, 9.9999990, 9.9999990, 19.999998, 19.999998, 19.999998, 19.998999, 0.34999853, 0.34999910, 0.34999955, 0.34999990, 0.34999996, 0.34999999, 0.34999999, 0.34999999, 0.34999999, 0.34999499, 0.99998933
0.35599703, 1.0000000, 0.99998915, 9.9999990, 9.9999990, 9.9999962, 9.9999990, 9.9999990, 9.9999990, 19.999998, 19.999998, 19.999998, 19.994738, 0.34999850, 0.34999910, 0.34999952, 0.34999990, 0.34999996, 0.34999999, 0.34999999, 0.34999999, 0.34999999, 0.34997368, 0.99998915
0.33384401, 1.0000000, 0.91972470, 8.8395262, 9.4398232, 9.6677046, 9.8824282, 9.9382315, 9.9743481, 19.995192, 19.998753, 19.999273, 19.971056, 0.33839476, 0.34439790, 0.34667686, 0.34882426, 0.34938228, 0.34974349, 0.34997594, 0.34999377, 0.34999636, 0.34985527, 0.91972470
0.28889585, 1.0000000, 0.75686890, 5.7191796, 9.2901840, 9.5440331, 9.7806358, 9.8765497, 9.9447670, 19.988098, 19.996887, 19.996840, 19.948915, 0.30718201, 0.34289229, 0.34543544, 0.34780535, 0.34876499, 0.34944749, 0.34994048, 0.34998444, 0.34998420, 0.34974459, 0.75686890
0.24582638, 1.0000000, 0.60082018, 2.9775977, 8.6952009, 9.4838753, 9.7178574, 9.8313427, 9.9197092, 19.981422, 19.995068, 19.991932, 19.929331, 0.27977306, 0.33694690, 0.34483597, 0.34717801, 0.34831312, 0.34919700, 0.34990710, 0.34997535, 0.34995967, 0.34964666, 0.60082018
0.35599142, 1.0000000, 0.99996877, 9.9999037, 9.9999428, 9.9999695, 9.9999933, 9.9998541, 9.9735327, 19.980263, 19.994558, 19.984503, 19.912884, 0.34999755, 0.34999853, 0.34999925, 0.34999985, 0.34999847, 0.34973529, 0.34990132, 0.34997278, 0.34992251, 0.34956443, 0.99996877
0.35599911, 1.0000000, 0.99999672, 9.9999990, 9.9999990, 9.9999990, 9.9999990, 9.9999990, 9.9999990, 19.999998, 19.999998, 19.999998, 19.998999, 0.34999955, 0.34999973, 0.34999985, 0.34999996, 0.34999999, 0.34999999, 0.34999999, 0.34999999, 0.34999999, 0.34999499, 0.99999672
0.35599732, 1.0000000, 0.99999017, 9.9999065, 9.9999428, 9.9999723, 9.9999933, 9.9999962, 9.9999990, 19.999998, 19.999998, 19.999998, 19.997997, 0.34999865, 0.34999916, 0.34999961, 0.34999990, 0.34999996, 0.34999999, 0.34999999, 0.34999999, 0.34999999, 0.34998998, 0.99999017
0.35599738, 1.0000000, 0.99999040, 9.9999104, 9.9999456, 9.9999723, 9.9999933, 9.9999990, 9.9999990, 19.999998, 19.999998, 19.999998, 19.996996, 0.34999868, 0.34999919, 0.34999961, 0.34999990, 0.34999999, 0.34999999, 0.34999999, 0.34999999, 0.34999999, 0.34998497, 0.99999040
0.35568368, 1.0000000, 0.99885386, 9.9842882, 9.9906511, 9.9953222, 9.9990549, 9.9995289, 9.9998474, 19.999998, 19.999998, 19.999990, 19.991999, 0.34984201, 0.34990597, 0.34995297, 0.34999049, 0.34999526, 0.34999847, 0.34999999, 0.34999999, 0.34999996, 0.34996000, 0.99885386
0.32993019, 1.0000000, 0.90554410, 8.4872723, 9.5232468, 9.7218370, 9.9121304, 9.9543600, 9.9822149, 19.997644, 19.999386, 19.999325, 19.968466, 0.33487225, 0.34523213, 0.34721822, 0.34912127, 0.34954357, 0.34982216, 0.34998822, 0.34999692, 0.34999663, 0.34984234, 0.90554410
0.35598856, 1.0000000, 0.99995857, 9.9994745, 9.9996862, 9.9998446, 9.9999695, 9.9999819, 9.9999933, 19.999998, 19.999998, 19.999998, 19.994993, 0.34999427, 0.34999660, 0.34999830, 0.34999967, 0.34999982, 0.34999993, 0.34999999, 0.34999999, 0.34999999, 0.34997496, 0.99995857
0.35599601, 1.0000000, 0.99998558, 9.9998474, 9.9999104, 9.9999542, 9.9999905, 9.9999933, 9.9999962, 19.999998, 19.999998, 19.999998, 19.995995, 0.34999800, 0.34999883, 0.34999940, 0.34999987, 0.34999993, 0.34999996, 0.34999999, 0.34999999, 0.34999999, 0.34997997, 0.99998558
0.35599697, 1.0000000, 0.99998897, 9.9998980, 9.9999399, 9.9999695, 9.9999933, 9.9999933, 9.9999990, 19.999998, 19.999998, 19.999998, 19.996996, 0.34999847, 0.34999910, 0.34999955, 0.34999990, 0.34999990, 0.34999999, 0.34999999, 0.34999999, 0.34999999, 0.34998497, 0.99998897
0.33879167, 1.0000000, 0.93765092, 9.0445490, 9.6259499, 9.7910919, 9.9435740, 9.9711428, 9.9893179, 19.999022, 19.999737, 19.999704, 19.975822, 0.34044501, 0.34625921, 0.34791076, 0.34943572, 0.34971139, 0.34989318, 0.34999511, 0.34999868, 0.34999853, 0.34987912, 0.93765092
0.35583478, 1.0000000, 0.99940133, 9.9918070, 9.9950962, 9.9975510, 9.9995108, 9.9997520, 9.9999189, 19.999998, 19.999998, 19.999989, 19.991005, 0.34991759, 0.34995070, 0.34997538, 0.34999508, 0.34999752, 0.34999919, 0.34999999, 0.34999999, 0.34999993, 0.34995502, 0.99940133
0.33879942, 1.0000000, 0.93767899, 9.0901384, 9.5703192, 9.7563353, 9.9287882, 9.9633503, 9.9858723, 19.998199, 19.999527, 19.999847, 19.986019, 0.34090045, 0.34570259, 0.34756306, 0.34928781, 0.34963349, 0.34985873, 0.34999099, 0.34999764, 0.34999925, 0.34993011, 0.93767899
0.28314143, 1.0000000, 0.73601967, 5.3326931, 9.2475281, 9.5206041, 9.7860956, 9.8821554, 9.9501371, 19.991508, 19.997765, 19.998568, 19.962757, 0.30332619, 0.34247452, 0.34520566, 0.34786087, 0.34882152, 0.34950137, 0.34995753, 0.34998882, 0.34999284, 0.34981379, 0.73601967
0.23520206, 1.0000000, 0.56232631, 2.6534855, 7.9718633, 9.4472342, 9.7021933, 9.8237858, 9.9195566, 19.985300, 19.996099, 19.995365, 19.941494, 0.27653366, 0.32971647, 0.34447107, 0.34702167, 0.34823775, 0.34919551, 0.34992650, 0.34998050, 0.34997684, 0.34970748, 0.56232631
0.20513625, 1.0000000, 0.45339218, 1.7676771, 5.8264308, 9.4364300, 9.6785078, 9.8009596, 9.9032173, 19.980947, 19.994864, 19.989599, 19.923023, 0.26767531, 0.30826142, 0.34436196, 0.34678459, 0.34800935, 0.34903207, 0.34990475, 0.34997433, 0.34994799, 0.34961513, 0.45339218
0.32047778, 1.0000000, 0.87129629, 8.2375860, 8.9703913, 9.4453173, 9.6745720, 9.7933693, 9.8953457, 19.977837, 19.993731, 19.980991, 19.907675, 0.33237106, 0.33970079, 0.34445149, 0.34674540, 0.34793353, 0.34895340, 0.34988919, 0.34996864, 0.34990495, 0.34953839, 0.87129629
0.27469474, 1.0000000, 0.70541561, 4.7485275, 9.2361660, 9.4793549, 9.6898594, 9.7999449, 9.8948889, 19.974558, 19.992048, 19.969805, 19.895370, 0.29748496, 0.34236127, 0.34479335, 0.34689856, 0.34799942, 0.34894890, 0.34987280, 0.34996024, 0.34984902, 0.34947684, 0.70541561
0.24251114, 1.0000000, 0.58880842, 2.8324394, 8.5362320, 9.4919004, 9.6991844, 9.8046818, 9.8956833, 19.971834, 19.989632, 19.956795, 19.885820, 0.27832177, 0.33535758, 0.34491637, 0.34699130, 0.34804654, 0.34895673, 0.34985918, 0.34994817, 0.34978396, 0.34942910, 0.58880842
0.22765861, 1.0000000, 0.53499496, 2.7720304, 6.8462138, 9.4839935, 9.7006330, 9.8057537, 9.8961678, 19.969881, 19.986067, 19.942944, 19.878593, 0.27771926, 0.31846058, 0.34483886, 0.34700611, 0.34805742, 0.34896165, 0.34984940, 0.34993035, 0.34971473, 0.34939295, 0.53499496
0.20081595, 1.0000000, 0.43773887, 1.9196302, 5.0477595, 9.4447098, 9.6781540, 9.7928534, 9.8898544, 19.966032, 19.980267, 19.929041, 19.873163, 0.26919508, 0.30047566, 0.34444529, 0.34678119, 0.34792835, 0.34889847, 0.34983015, 0.34990132, 0.34964520, 0.34936583, 0.43773887
0.17182946, 1.0000000, 0.33271542, 1.0791570, 2.9981704, 9.3535919, 9.6429186, 9.7707310, 9.8792381, 19.961821, 19.972395, 19.915964, 19.869146, 0.26079044, 0.27997983, 0.34353301, 0.34642857, 0.34770700, 0.34879228, 0.34980911, 0.34986198, 0.34957981, 0.34934574, 0.33271542
0.15704636, 0.93041849, 0.27915347, 0.66335797, 2.4391265, 8.2859344, 9.6492996, 9.7724323, 9.8787422, 19.958954, 19.963064, 19.904387, 19.866253, 0.25663227, 0.27438834, 0.33285439, 0.34649184, 0.34772372, 0.34878722, 0.34979478, 0.34981531, 0.34952193, 0.34933126, 0.27915347
0.14449528, 0.77885062, 0.23367855, 0.34756660, 1.9526988, 7.2798653, 9.6478977, 9.7712297, 9.8777075, 19.955633, 19.952190, 19.894482, 19.864153, 0.25347495, 0.26952454, 0.32279414, 0.34647778, 0.34771171, 0.34877688, 0.34977818, 0.34976095, 0.34947240, 0.34932077, 0.23367855
0.13005970, 0.60452533, 0.18137574, 0.0000000, 1.4018148, 6.0633192, 9.6095562, 9.7481661, 9.8672266, 19.950615, 19.940111, 19.886219, 19.862637, 0.24999100, 0.26401615, 0.31062883, 0.34609419, 0.34748098, 0.34867203, 0.34975308, 0.34970057, 0.34943110, 0.34931320, 0.18137574
0.12227155, 0.51047492, 0.15315779, 0.0000000, 0.99399388, 4.9980288, 9.6091127, 9.7456827, 9.8641872, 19.944841, 19.927883, 19.879589, 19.861555, 0.24999100, 0.25993848, 0.29997662, 0.34608972, 0.34745610, 0.34864163, 0.34972420, 0.34963942, 0.34939796, 0.34930778, 0.15315779
0.11593805, 0.43399096, 0.13021031, 0.0000000, 0.69594681, 4.0635600, 9.6119976, 9.7467623, 9.8637342, 19.938696, 19.916239, 19.874407, 19.860779, 0.24999100, 0.25695828, 0.29063207, 0.34611830, 0.34746680, 0.34863704, 0.34969348, 0.34958118, 0.34937203, 0.34930390, 0.13021031
0.10979451, 0.35980114, 0.10795114, 0.0000000, 0.43973625, 3.0979786, 9.5900831, 9.7332964, 9.8573551, 19.931606, 19.905542, 19.870392, 19.860245, 0.24999100, 0.25439632, 0.28097612, 0.34589857, 0.34733179, 0.34857318, 0.34965804, 0.34952772, 0.34935194, 0.34930122, 0.10795114
0.10637467, 0.31850287, 0.95560417E-1, 0.0000000, 0.28266907, 2.6450872, 9.2901278, 9.7419338, 9.8595257, 19.924128, 19.896214, 19.867388, 19.859869, 0.24999100, 0.25282589, 0.27644715, 0.34289867, 0.34741795, 0.34859478, 0.34962064, 0.34948108, 0.34933692, 0.34929934, 0.95560417E-1
0.10269284, 0.27404067, 0.82220420E-1, 0.0000000, 0.70220232E-1, 2.2685468, 8.8558474, 9.7308388, 9.8526764, 19.913750, 19.887630, 19.864971, 19.859562, 0.24999438, 0.25070205, 0.27268320, 0.33855671, 0.34730741, 0.34852645, 0.34956875, 0.34943816, 0.34932485, 0.34929782, 0.82220420E-1
0.99778011E-1, 0.23884103, 0.71659476E-1, 0.0000000, 0.0000000, 1.8207580, 8.3038568, 9.6979361, 9.8354092, 19.902109, 19.880175, 19.863070, 19.859346, 0.24999438, 0.24999186, 0.26819250, 0.33302483, 0.34697133, 0.34835139, 0.34951055, 0.34940088, 0.34931535, 0.34929675, 0.71659476E-1
0.10425837, 0.29294616, 0.87892637E-1, 0.38425326, 0.0000000, 1.6773045, 8.0026102, 9.7538033, 9.8558626, 19.894827, 19.875023, 19.861912, 19.859287, 0.25383636, 0.24999186, 0.26676497, 0.33001837, 0.34753332, 0.34855705, 0.34947413, 0.34937513, 0.34930956, 0.34929645, 0.87892637E-1
0.99771559E-1, 0.23876305, 0.71636081E-1, 0.12161732, 0.0000000, 1.5199482, 7.7323680, 9.7693729, 9.8618641, 19.887094, 19.870722, 19.860992, 19.859217, 0.25121403, 0.24999186, 0.26519144, 0.32731551, 0.34768859, 0.34861690, 0.34943548, 0.34935361, 0.34930497, 0.34929609, 0.71636081E-1
0.16604304, 1.0000000, 0.31175011, 2.7986975, 2.2911696, 3.6786573, 9.4170237, 9.8193140, 9.8813009, 19.882349, 19.867897, 19.860456, 19.859217, 0.27798411, 0.27291030, 0.28678542, 0.34416968, 0.34819284, 0.34881291, 0.34941176, 0.34933949, 0.34930229, 0.34929609, 0.31175011
0.16554019, 1.0000000, 0.30992818, 2.9884875, 2.1434784, 3.1629243, 9.6969166, 9.8309040, 9.8858490, 19.877518, 19.865562, 19.860033, 19.859205, 0.27988130, 0.27143323, 0.28162810, 0.34696847, 0.34830868, 0.34885836, 0.34938759, 0.34932780, 0.34930018, 0.34929603, 0.30992818
0.14753997, 0.81561863, 0.24471006, 1.7947614, 1.7598659, 3.5658591, 9.6904316, 9.8011065, 9.8729591, 19.871334, 19.863251, 19.859612, 19.859144, 0.26794487, 0.26759705, 0.28565696, 0.34690341, 0.34801063, 0.34872943, 0.34935668, 0.34931624, 0.34929806, 0.34929574, 0.24471006
0.12970847, 0.60028368, 0.18010312, 0.97952485, 1.2781709, 2.9818594, 9.5076694, 9.7612019, 9.8543196, 19.864788, 19.861105, 19.859222, 19.859070, 0.25979099, 0.26277837, 0.27981469, 0.34507421, 0.34761074, 0.34854278, 0.34932393, 0.34930551, 0.34929612, 0.34929535, 0.18010312
0.11741342, 0.45180774, 0.13555588, 0.43354630, 0.91052353, 2.6417403, 9.1429720, 9.7485409, 9.8461313, 19.859993, 19.859579, 19.858952, 19.859005, 0.25433230, 0.25910124, 0.27641159, 0.34142569, 0.34748328, 0.34846061, 0.34929997, 0.34929788, 0.34929475, 0.34929502, 0.13555588
0.10658147, 0.32100019, 0.96309692E-1, 0.0000000, 0.55647492, 2.2660108, 8.7137756, 9.7268457, 9.8350325, 19.855799, 19.858292, 19.858662, 19.858923, 0.24997179, 0.25556117, 0.27265283, 0.33713216, 0.34726533, 0.34834927, 0.34927899, 0.34929144, 0.34929329, 0.34929460, 0.96309692E-1
0.10284472, 0.27587479, 0.82770713E-1, 0.0000000, 0.30707717, 1.9478649, 8.2879190, 9.7200165, 9.8306303, 19.853262, 19.857515, 19.858484, 19.858875, 0.24997179, 0.25306866, 0.26947194, 0.33287346, 0.34719682, 0.34830517, 0.34926632, 0.34928757, 0.34929243, 0.34929436, 0.82770713E-1
0.98978877E-1, 0.22919056, 0.68764046E-1, 0.0000000, 0.72008371E-1, 1.5887827, 7.7776484, 9.6950607, 9.8190651, 19.850672, 19.856792, 19.858318, 19.858805, 0.24997179, 0.25071955, 0.26588181, 0.32777059, 0.34694692, 0.34818941, 0.34925336, 0.34928396, 0.34929159, 0.34929401, 0.68764046E-1
0.96841037E-1, 0.20337382, 0.61018251E-1, 0.0000000, 0.0000000, 1.3134331, 7.2916903, 9.6955795, 9.8180876, 19.849657, 19.856489, 19.858250, 19.858768, 0.24997179, 0.24999574, 0.26312885, 0.32291079, 0.34695175, 0.34817952, 0.34924829, 0.34928244, 0.34929127, 0.34929383, 0.61018251E-1
0.15256673, 0.87632215, 0.26292294, 2.3234189, 2.2894025, 2.5016041, 7.0307841, 9.7574987, 9.8429861, 19.851185, 19.856878, 19.858349, 19.858768, 0.27321997, 0.27288562, 0.27501145, 0.32030526, 0.34757319, 0.34842926, 0.34925592, 0.34928438, 0.34929174, 0.34929383, 0.26292294
0.27650061, 1.0000000, 0.71195871, 4.9422245, 9.1840725, 9.3914337, 9.6012335, 9.8132210, 9.8661032, 19.852940, 19.857317, 19.858423, 19.858768, 0.29942194, 0.34184039, 0.34391415, 0.34601229, 0.34813216, 0.34866104, 0.34926468, 0.34928659, 0.34929210, 0.34929383, 0.71195871
0.35599387, 1.0000000, 0.99997771, 9.9997406, 9.9998446, 9.9999189, 9.9999847, 9.9999962, 9.9999990, 19.999998, 19.999998, 19.999998, 19.994993, 0.34999692, 0.34999818, 0.34999904, 0.34999982, 0.34999996, 0.34999999, 0.34999999, 0.34999999, 0.34999999, 0.34997496, 0.99997771
0.35559094, 1.0000000, 0.99851781, 9.9997950, 9.9891109, 9.9294863, 9.9834862, 9.9916668, 9.9969788, 19.999754, 19.999939, 19.999908, 19.983068, 0.34999463, 0.34988913, 0.34929389, 0.34983465, 0.34991658, 0.34996977, 0.34999877, 0.34999970, 0.34999955, 0.34991533, 0.99851781
0.33757490, 1.0000000, 0.93324226, 8.9512167, 9.6334276, 9.7948160, 9.9434967, 9.9710712, 9.9891596, 19.998890, 19.999701, 19.999777, 19.979128, 0.33950877, 0.34633207, 0.34794703, 0.34943473, 0.34971058, 0.34989157, 0.34999445, 0.34999850, 0.34999889, 0.34989566, 0.93324226
0.30548245, 1.0000000, 0.81696528, 6.8222966, 9.3988743, 9.6311455, 9.8586855, 9.9242764, 9.9695501, 19.995785, 19.998896, 19.998291, 19.956398, 0.31821924, 0.34398568, 0.34630987, 0.34858653, 0.34924260, 0.34969544, 0.34997892, 0.34999448, 0.34999144, 0.34978199, 0.81696528
0.26814812, 1.0000000, 0.68169612, 4.2001495, 9.3070068, 9.5550776, 9.7904320, 9.8810558, 9.9493599, 19.992687, 19.998083, 19.994591, 19.935896, 0.29199997, 0.34306803, 0.34554973, 0.34790412, 0.34881043, 0.34949356, 0.34996343, 0.34999043, 0.34997296, 0.34967947, 0.68169612
0.23809770, 1.0000000, 0.57281768, 2.7210772, 8.1666183, 9.5194330, 9.7476406, 9.8497248, 9.9320421, 19.989752, 19.997213, 19.988091, 19.918324, 0.27720997, 0.33166471, 0.34519348, 0.34747624, 0.34849715, 0.34932038, 0.34994876, 0.34998608, 0.34994045, 0.34959161, 0.57281768
0.21558231, 1.0000000, 0.49124023, 2.0865202, 6.5152040, 9.5058250, 9.7286243, 9.8330812, 9.9206829, 19.987526, 19.996283, 19.978750, 19.903883, 0.27086323, 0.31514835, 0.34505555, 0.34728569, 0.34833053, 0.34920675, 0.34993762, 0.34998143, 0.34989375, 0.34951943, 0.49124023
0.19468774, 1.0000000, 0.41553527, 1.5406132, 4.9132586, 9.4871311, 9.7130136, 9.8203115, 9.9118052, 19.985540, 19.994864, 19.967018, 19.892410, 0.26540425, 0.29912901, 0.34486786, 0.34712940, 0.34820276, 0.34911793, 0.34992769, 0.34997433, 0.34983510, 0.34946206, 0.41553527
0.18655901, 1.0000000, 0.38608333, 1.4762908, 3.9998081, 9.5565615, 9.7436028, 9.8353443, 9.9155331, 19.984577, 19.992743, 19.953754, 19.883604, 0.26476172, 0.28999612, 0.34556329, 0.34743553, 0.34835321, 0.34915525, 0.34992290, 0.34996372, 0.34976876, 0.34941801, 0.38608333
0.20966926, 1.0000000, 0.46981618, 2.2495210, 5.4367595, 9.6739321, 9.7929192, 9.8625126, 9.9259253, 19.984531, 19.989414, 19.939890, 19.876955, 0.27249458, 0.30436668, 0.34673852, 0.34792903, 0.34862503, 0.34925923, 0.34992266, 0.34994707, 0.34969944, 0.34938478, 0.46981618
0.20233567, 1.0000000, 0.44324514, 2.2121758, 4.6543589, 9.5950041, 9.7784557, 9.8567076, 9.9244022, 19.983351, 19.983927, 19.926262, 19.872000, 0.27212155, 0.29654336, 0.34594977, 0.34778449, 0.34856704, 0.34924403, 0.34991676, 0.34991962, 0.34963131, 0.34935999, 0.44324514
0.18163815, 1.0000000, 0.36825418, 1.5561730, 3.3074734, 9.4920893, 9.7242193, 9.8263454, 9.9113598, 19.979874, 19.975828, 19.913475, 19.868330, 0.26555935, 0.28307170, 0.34491652, 0.34724128, 0.34826300, 0.34911343, 0.34989935, 0.34987915, 0.34956738, 0.34934166, 0.36825418
0.16636366, 1.0000000, 0.31291175, 1.0480344, 2.6293607, 8.8576202, 9.7036848, 9.8120441, 9.9036264, 19.976408, 19.965878, 19.902220, 19.865669, 0.26047915, 0.27629182, 0.33857322, 0.34703618, 0.34812012, 0.34903616, 0.34988204, 0.34982938, 0.34951109, 0.34932834, 0.31291175
0.15216044, 0.87141567, 0.26145086, 0.60264468, 2.1414042, 7.8941436, 9.6782560, 9.7951078, 9.8949270, 19.972475, 19.954407, 19.892683, 19.863747, 0.25602585, 0.27141276, 0.32893908, 0.34678200, 0.34795079, 0.34894916, 0.34986237, 0.34977204, 0.34946340, 0.34931874, 0.26145086
0.14529996, 0.78856790, 0.23659404, 0.43202043, 1.9022048, 7.2755413, 9.7102242, 9.8116350, 9.9005365, 19.969223, 19.942438, 19.884930, 19.862402, 0.25432000, 0.26902145, 0.32275426, 0.34710193, 0.34811619, 0.34900531, 0.34984612, 0.34971219, 0.34942466, 0.34931201, 0.23659404
0.13533001, 0.66816998, 0.20047104, 0.18631220, 1.5379310, 6.4229913, 9.6795645, 9.7945404, 9.8933449, 19.963718, 19.930002, 19.878662, 19.861401, 0.25186300, 0.26537868, 0.31422862, 0.34679526, 0.34794518, 0.34893340, 0.34981859, 0.34965003, 0.34939331, 0.34930700, 0.20047104
0.12571898, 0.55210632, 0.16564846, 0.0000000, 1.1707276, 5.4662013, 9.6458311, 9.7735815, 9.8832760, 19.956455, 19.917944, 19.873724, 19.860691, 0.24999531, 0.26170641, 0.30465999, 0.34645760, 0.34773546, 0.34883264, 0.34978229, 0.34958971, 0.34936863, 0.34930345, 0.16564846
0.12126887, 0.49836648, 0.14952490, 0.0000000, 0.95627606, 4.8135571, 9.6723089, 9.7870684, 9.8864756, 19.948038, 19.906904, 19.869936, 19.860186, 0.24999531, 0.25956172, 0.29813293, 0.34672201, 0.34787014, 0.34886459, 0.34974021, 0.34953451, 0.34934968, 0.34930092, 0.14952490
0.11590546, 0.43359751, 0.13009226, 0.0000000, 0.68916678, 4.0609760, 9.6497574, 9.7738657, 9.8793564, 19.937384, 19.896879, 19.866976, 19.859802, 0.24999531, 0.25688574, 0.29059231, 0.34648928, 0.34773445, 0.34879217, 0.34968692, 0.34948438, 0.34933490, 0.34929901, 0.13009226
0.11399004, 0.41046664, 0.12315231, 0.0000000, 0.63444674, 3.6874676, 9.7187662, 9.8119287, 9.8933573, 19.928720, 19.888983, 19.864902, 19.859562, 0.24999531, 0.25634271, 0.28686956, 0.34718496, 0.34811792, 0.34893313, 0.34964359, 0.34944493, 0.34932452, 0.34929782, 0.12315231
0.11126424, 0.37754965, 0.11327622, 0.0000000, 0.53001046, 3.2407339, 9.7065287, 9.8072481, 9.8915329, 19.919216, 19.882334, 19.863323, 19.859404, 0.24999531, 0.25529873, 0.28240317, 0.34706277, 0.34807122, 0.34891492, 0.34959608, 0.34941167, 0.34931663, 0.34929702, 0.11327622
0.17377292, 1.0000000, 0.33975691, 2.4742575, 2.4112792, 6.3535271, 9.5929766, 9.7939835, 9.8846664, 19.909662, 19.876869, 19.862146, 19.859299, 0.27474138, 0.27411211, 0.31353435, 0.34592950, 0.34793970, 0.34884661, 0.34954831, 0.34938434, 0.34931073, 0.34929651, 0.33975691
0.17370790, 1.0000000, 0.33952141, 2.2856355, 2.2847950, 7.1890988, 9.7249584, 9.8264599, 9.8943014, 19.900869, 19.872574, 19.861282, 19.859251, 0.27285606, 0.27284777, 0.32189071, 0.34724951, 0.34826458, 0.34894302, 0.34950435, 0.34936288, 0.34930640, 0.34929627, 0.33952141
0.17366257, 1.0000000, 0.33935714, 2.1277876, 2.8684735, 6.5424099, 9.7078733, 9.8092890, 9.8845787, 19.890625, 19.868633, 19.860512, 19.859180, 0.27127761, 0.27868450, 0.31542382, 0.34707865, 0.34809285, 0.34884578, 0.34945312, 0.34934318, 0.34930256, 0.34929591, 0.33935714
0.16303752, 1.0000000, 0.30086058, 1.6906500, 2.5613399, 6.0477991, 9.7219305, 9.8132372, 9.8827639, 19.882538, 19.865755, 19.860006, 19.859144, 0.26690057, 0.27560800, 0.31047162, 0.34721723, 0.34813133, 0.34882727, 0.34941268, 0.34932879, 0.34930003, 0.34929574, 0.30086058
0.15104485, 0.85794371, 0.25740886, 1.2105763, 2.1977038, 5.4816132, 9.7070494, 9.8031425, 9.8758593, 19.875286, 19.863434, 19.859594, 19.859098, 0.26210204, 0.27197298, 0.30481106, 0.34706870, 0.34803054, 0.34875828, 0.34937644, 0.34931716, 0.34929797, 0.34929550, 0.25740886
0.13818994, 0.70270669, 0.21083309, 0.72243810, 1.7921895, 4.8220344, 9.6798296, 9.7855577, 9.8659697, 19.868835, 19.861517, 19.859251, 19.859045, 0.25722158, 0.26791772, 0.29821470, 0.34679604, 0.34785444, 0.34865931, 0.34934419, 0.34930760, 0.34929627, 0.34929523, 0.21083309
0.13204868, 0.62854433, 0.18858217, 0.51589608, 1.6025960, 4.3966713, 9.7144289, 9.8027115, 9.8704309, 19.865227, 19.860476, 19.859127, 19.859016, 0.25515741, 0.26602304, 0.29396272, 0.34714255, 0.34802622, 0.34870401, 0.34932613, 0.34930238, 0.34929565, 0.34929508, 0.18858217
0.11986765, 0.48144522, 0.14444801, 0.69645047E-1, 1.2066931, 3.7475946, 9.6652279, 9.7744780, 9.8568716, 19.859615, 19.859013, 19.858809, 19.858940, 0.25069591, 0.26206124, 0.28746709, 0.34664771, 0.34774247, 0.34856793, 0.34929806, 0.34929508, 0.34929404, 0.34929469, 0.14444801
0.11301344, 0.39867315, 0.11961391, 0.0000000, 0.84809661, 3.0495400, 9.6359959, 9.7550964, 9.8467970, 19.855347, 19.857916, 19.858566, 19.858875, 0.24999057, 0.25847507, 0.28048483, 0.34635326, 0.34754756, 0.34846684, 0.34927672, 0.34928960, 0.34929281, 0.34929436, 0.11961391
0.10850675, 0.34424996, 0.10328532, 0.0000000, 0.54922998, 2.6296079, 9.2864704, 9.7375355, 9.8383579, 19.852810, 19.857254, 19.858410, 19.858828, 0.24999057, 0.25548947, 0.27628925, 0.34285989, 0.34737283, 0.34838274, 0.34926406, 0.34928626, 0.34929204, 0.34929413, 0.10328532
0.10495698, 0.30138263, 0.90423830E-1, 0.0000000, 0.32117665, 2.3076713, 8.8887949, 9.7323189, 9.8350191, 19.851131, 19.856821, 19.858313, 19.858805, 0.24999057, 0.25321081, 0.27307335, 0.33888537, 0.34732175, 0.34834972, 0.34925565, 0.34928411, 0.34929156, 0.34929401, 0.90423830E-1
0.10224694, 0.26865593, 0.80604844E-1, 0.0000000, 0.16513765, 2.0398765, 8.5132904, 9.7345963, 9.8354816, 19.850540, 19.856661, 19.858284, 19.858805, 0.24999057, 0.25165090, 0.27039576, 0.33513036, 0.34734452, 0.34835434, 0.34925270, 0.34928331, 0.34929141, 0.34929401, 0.80604844E-1
0.99538021E-1, 0.23594287, 0.70789941E-1, 0.0000000, 0.26082993E-1, 1.7492056, 8.0925198, 9.7206898, 9.8298292, 19.849934, 19.856514, 19.858250, 19.858805, 0.24999057, 0.25026077, 0.26748994, 0.33092323, 0.34720570, 0.34829789, 0.34924966, 0.34928256, 0.34929127, 0.34929401, 0.70789941E-1
0.97983062E-1, 0.21716499, 0.65156013E-1, 0.0000000, 0.0000000, 1.5071899, 7.6863589, 9.7200251, 9.8291559, 19.849741, 19.856466, 19.858231, 19.858805, 0.24999057, 0.24999744, 0.26506901, 0.32686064, 0.34719837, 0.34829095, 0.34924871, 0.34928232, 0.34929115, 0.34929401, 0.65156013E-1
0.96561164E-1, 0.19999406, 0.60004219E-1, 0.0000000, 0.0000000, 1.2544543, 7.2402172, 9.7061672, 9.8232431, 19.849157, 19.856306, 19.858200, 19.858805, 0.24999057, 0.24999744, 0.26254246, 0.32239977, 0.34706005, 0.34823191, 0.34924579, 0.34928152, 0.34929100, 0.34929401, 0.60004219E-1
0.95357664E-1, 0.18546046, 0.55643704E-1, 0.0000000, 0.0000000, 1.0490119, 6.8138728, 9.7067347, 9.8229771, 19.848980, 19.856255, 19.858200, 19.858805, 0.24999057, 0.24999744, 0.26048782, 0.31813574, 0.34706524, 0.34822905, 0.34924489, 0.34928128, 0.34929100, 0.34929401, 0.55643704E-1
0.94352283E-1, 0.17331940, 0.52001022E-1, 0.0000000, 0.0000000, 0.88289678, 6.4254799, 9.7143536, 9.8258848, 19.848927, 19.856226, 19.858194, 19.858805, 0.24999057, 0.24999744, 0.25882739, 0.31425250, 0.34714180, 0.34825826, 0.34924462, 0.34928113, 0.34929097, 0.34929401, 0.52001022E-1
0.93290523E-1, 0.16049752, 0.48154071E-1, 0.0000000, 0.0000000, 0.71202517, 6.0044527, 9.7031279, 9.8214960, 19.848728, 19.856178, 19.858189, 19.858805, 0.24999057, 0.24999744, 0.25711796, 0.31004068, 0.34702820, 0.34821391, 0.34924364, 0.34928089, 0.34929094, 0.34929401, 0.48154071E-1
0.92085242E-1, 0.14594249, 0.43787129E-1, 0.0000000, 0.0000000, 0.52450597, 5.5017996, 9.6761446, 9.8097038, 19.847931, 19.855965, 19.858143, 19.858805, 0.24999057, 0.24999744, 0.25524303, 0.30501378, 0.34675771, 0.34809577, 0.34923965, 0.34927982, 0.34929073, 0.34929401, 0.43787129E-1
0.91649324E-1, 0.14067824, 0.42207692E-1, 0.0000000, 0.0000000, 0.46987236, 5.2140117, 9.7358322, 9.8336325, 19.849527, 19.856396, 19.858225, 19.858805, 0.24999057, 0.24999744, 0.25469753, 0.30213746, 0.34735584, 0.34833550, 0.34924763, 0.34928197, 0.34929112, 0.34929401, 0.42207692E-1
0.91019258E-1, 0.13306950, 0.39924841E-1, 0.0000000, 0.0000000, 0.38057268, 4.9025140, 9.7313442, 9.8335123, 19.849846, 19.856466, 19.858231, 19.858805, 0.24999057, 0.24999744, 0.25380385, 0.29902032, 0.34730864, 0.34833351, 0.34924924, 0.34928232, 0.34929115, 0.34929401, 0.39924841E-1
0.90501130E-1, 0.12681261, 0.38047586E-1, 0.0000000, 0.0000000, 0.30653477, 4.6379418, 9.7473421, 9.8399429, 19.849897, 19.856466, 19.858219, 19.858805, 0.24999057, 0.24999744, 0.25306356, 0.29637402, 0.34746775, 0.34839752, 0.34924948, 0.34928232, 0.34929109, 0.34929401, 0.38047586E-1
0.89856707E-1, 0.11903044, 0.35712704E-1, 0.0000000, 0.0000000, 0.21459758, 4.3294435, 9.7299156, 9.8334150, 19.849298, 19.856319, 19.858189, 19.858805, 0.24999057, 0.24999744, 0.25214419, 0.29328728, 0.34729111, 0.34833142, 0.34924650, 0.34928161, 0.34929094, 0.34929401, 0.35712704E-1
0.89280643E-1, 0.11207390, 0.33625532E-1, 0.0000000, 0.0000000, 0.14128983, 4.0060029, 9.7190533, 9.8290167, 19.849321, 19.856319, 19.858189, 19.858805, 0.24999057, 0.24999744, 0.25141177, 0.29005364, 0.34718275, 0.34828755, 0.34924662, 0.34928161, 0.34929094, 0.34929401, 0.33625532E-1
0.88624991E-1, 0.10415620, 0.31249985E-1, 0.0000000, 0.0000000, 0.61652064E-1, 3.6253304, 9.6945076, 9.8184557, 19.848839, 19.856184, 19.858171, 19.858805, 0.24999057, 0.24999744, 0.25061628, 0.28625059, 0.34694144, 0.34818333, 0.34924418, 0.34928092, 0.34929085, 0.34929401, 0.31249985E-1
0.87999031E-1, 0.96596964E-1, 0.28981987E-1, 0.0000000, 0.0000000, 0.0000000, 3.1927822, 9.6684465, 9.8066263, 19.848177, 19.856024, 19.858131, 19.858805, 0.24999057, 0.24999744, 0.24999620, 0.28192359, 0.34667802, 0.34806409, 0.34924090, 0.34928012, 0.34929067, 0.34929401, 0.28981987E-1
0.11807762, 0.45982862, 0.13796239, 2.1903038, 0.0000000, 0.0000000, 2.9980302, 9.7201872, 9.8397846, 19.849487, 19.856373, 19.858200, 19.858805, 0.27189371, 0.24999744, 0.24999620, 0.27997953, 0.34720063, 0.34839743, 0.34924743, 0.34928185, 0.34929100, 0.34929401, 0.13796239
0.10646451, 0.31958765, 0.95885888E-1, 1.3591081, 0.0000000, 0.0000000, 2.9042153, 9.5538349, 9.8370609, 19.847900, 19.855953, 19.858120, 19.858768, 0.26358488, 0.24999744, 0.24999620, 0.27904135, 0.34553704, 0.34837016, 0.34923950, 0.34927976, 0.34929061, 0.34929383, 0.95885888E-1
0.96859552E-1, 0.20359743, 0.61085336E-1, 0.67538321, 0.0000000, 0.0000000, 2.7991443, 9.3571138, 9.8296165, 19.847130, 19.855755, 19.858107, 19.858757, 0.25674766, 0.24999744, 0.24999620, 0.27798989, 0.34356856, 0.34829527, 0.34923565, 0.34927878, 0.34929055, 0.34929377, 0.61085336E-1
0.94165072E-1, 0.17105862, 0.51322721E-1, 0.48568249, 0.0000000, 0.0000000, 2.7575941, 9.2362947, 9.8447361, 19.848955, 19.856237, 19.858213, 19.858757, 0.25485471, 0.24999744, 0.24999620, 0.27757522, 0.34236175, 0.34844694, 0.34924477, 0.34928119, 0.34929106, 0.34929377, 0.51322721E-1
0.89143440E-1, 0.11041704, 0.33128425E-1, 0.13583302, 0.0000000, 0.0000000, 2.6430874, 9.0009098, 9.8251867, 19.849333, 19.856331, 19.858213, 19.858757, 0.25135720, 0.24999744, 0.24999620, 0.27642953, 0.34000683, 0.34825104, 0.34924668, 0.34928167, 0.34929106, 0.34929377, 0.33128425E-1
0.86983584E-1, 0.84334418E-1, 0.25302857E-1, 0.0000000, 0.0000000, 0.0000000, 2.4762244, 8.6511765, 9.7955866, 19.849346, 19.856337, 19.858213, 19.858757, 0.24996422, 0.24999744, 0.24999620, 0.27476162, 0.33651066, 0.34795547, 0.34924674, 0.34928167, 0.34929106, 0.34929377, 0.25302857E-1
0.86771466E-1, 0.81772834E-1, 0.24534304E-1, 0.0000000, 0.0000000, 0.0000000, 2.3545952, 8.3805904, 9.8002634, 19.848648, 19.856138, 19.858183, 19.858757, 0.24996422, 0.24999744, 0.24999620, 0.27354512, 0.33380443, 0.34800208, 0.34924322, 0.34928069, 0.34929091, 0.34929377, 0.24534304E-1
0.86657695E-1, 0.80398954E-1, 0.24122098E-1, 0.0000000, 0.0000000, 0.0000000, 2.2983968, 8.2120094, 9.8241615, 19.849916, 19.856466, 19.858236, 19.858757, 0.24996422, 0.24999744, 0.24999620, 0.27297869, 0.33211064, 0.34823787, 0.34924957, 0.34928232, 0.34929118, 0.34929377, 0.24122098E-1
0.87803997E-1, 0.94241746E-1, 0.28275352E-1, 0.89916587E-1, 0.0000000, 0.0000000, 2.2526531, 8.0740986, 9.8373613, 19.851143, 19.856798, 19.858324, 19.858757, 0.25089777, 0.24999744, 0.24999620, 0.27252445, 0.33073723, 0.34837210, 0.34925571, 0.34928399, 0.34929162, 0.34929377, 0.28275352E-1
0.86288497E-1, 0.75940408E-1, 0.22784401E-1, 0.0000000, 0.0000000, 0.0000000, 2.0945668, 7.7359672, 9.7950335, 19.850489, 19.856630, 19.858284, 19.858757, 0.24990137, 0.24999744, 0.24999620, 0.27094442, 0.32735738, 0.34794936, 0.34925243, 0.34928316, 0.34929141, 0.34929377, 0.22784401E-1
0.86187296E-1, 0.74718311E-1, 0.22417735E-1, 0.0000000, 0.0000000, 0.0000000, 2.0409913, 7.5882635, 9.8257322, 19.850086, 19.856537, 19.858267, 19.858757, 0.24990137, 0.24999744, 0.24999620, 0.27040911, 0.32588112, 0.34825668, 0.34925044, 0.34928268, 0.34929132, 0.34929377, 0.22417735E-1
0.86112998E-1, 0.73821090E-1, 0.22148542E-1, 0.0000000, 0.0000000, 0.0000000, 2.0017385, 7.4819269, 9.8447304, 19.850151, 19.856537, 19.858267, 19.858757, 0.24990137, 0.24999744, 0.24999620, 0.27001429, 0.32481346, 0.34844476, 0.34925076, 0.34928268, 0.34929132, 0.34929377, 0.22148542E-1
0.86039625E-1, 0.72935015E-1, 0.21882694E-1, 0.0000000, 0.0000000, 0.0000000, 1.9619346, 7.3811040, 9.8527346, 19.850359, 19.856594, 19.858278, 19.858757, 0.24990137, 0.24999744, 0.24999620, 0.26961753, 0.32380763, 0.34852582, 0.34925181, 0.34928298, 0.34929138, 0.34929377, 0.21882694E-1
0.85975043E-1, 0.72155155E-1, 0.21648712E-1, 0.0000000, 0.0000000, 0.0000000, 1.9262046, 7.2939167, 9.8586740, 19.850464, 19.856632, 19.858288, 19.858757, 0.25000000, 0.24999744, 0.24999620, 0.26926187, 0.32293880, 0.34858659, 0.34925231, 0.34928316, 0.34929144, 0.34929377, 0.21648712E-1
0.85839234E-1, 0.70515089E-1, 0.21156643E-1, 0.0000000, 0.0000000, 0.0000000, 1.8408328, 7.1429210, 9.8419170, 19.848356, 19.856085, 19.858171, 19.858757, 0.25000000, 0.24999744, 0.24999620, 0.26840645, 0.32142556, 0.34841749, 0.34924179, 0.34928042, 0.34929085, 0.34929377, 0.21156643E-1
0.85737519E-1, 0.69286823E-1, 0.20788126E-1, 0.0000000, 0.0000000, 0.0000000, 1.7800182, 7.0184035, 9.8435354, 19.847641, 19.855902, 19.858143, 19.858757, 0.25000000, 0.24999744, 0.24999620, 0.26779816, 0.32018003, 0.34843346, 0.34923822, 0.34927952, 0.34929073, 0.34929377, 0.20788126E-1
0.85566282E-1, 0.67218959E-1, 0.20167705E-1, 0.0000000, 0.0000000, 0.0000000, 1.6692400, 6.8359041, 9.8269634, 19.844320, 19.855011, 19.857937, 19.858757, 0.25000000, 0.24999744, 0.24999620, 0.26667616, 0.31834483, 0.34826264, 0.34922099, 0.34927490, 0.34928966, 0.34929377, 0.20167705E-1
0.85376166E-1, 0.64923055E-1, 0.19478865E-1, 0.0000000, 0.0000000, 0.0000000, 1.5486985, 6.6241484, 9.8130150, 19.841423, 19.854244, 19.857756, 19.858746, 0.25000000, 0.24999744, 0.24999620, 0.26546517, 0.31622195, 0.34812039, 0.34920633, 0.34927103, 0.34928870, 0.34929374, 0.19478865E-1
0.85144408E-1, 0.62124316E-1, 0.18639158E-1, 0.0000000, 0.0000000, 0.0000000, 1.4023483, 6.3590722, 9.7941370, 19.838032, 19.853331, 19.857536, 19.858709, 0.25000000, 0.24999744, 0.24999620, 0.26401660, 0.31358218, 0.34793702, 0.34919000, 0.34926659, 0.34928769, 0.34929353, 0.18639158E-1
0.84875152E-1, 0.58872815E-1, 0.17663611E-1, 0.0000000, 0.0000000, 0.0000000, 1.2410760, 6.0429993, 9.7751684, 19.834955, 19.852501, 19.857342, 19.858658, 0.25000000, 0.24999744, 0.24999620, 0.26238528, 0.31040698, 0.34773958, 0.34917381, 0.34926227, 0.34928665, 0.34929326, 0.17663611E-1
0.84624350E-1, 0.55844072E-1, 0.16754897E-1, 0.0000000, 0.0000000, 0.0000000, 1.1039197, 5.7082686, 9.7653294, 19.834869, 19.852446, 19.857342, 19.858675, 0.25000000, 0.24999744, 0.24999620, 0.26103666, 0.30707613, 0.34764957, 0.34917435, 0.34926224, 0.34928671, 0.34929338, 0.16754897E-1
0.84377848E-1, 0.52867305E-1, 0.15861778E-1, 0.0000000, 0.0000000, 0.0000000, 0.97685456, 5.3685942, 9.7600698, 19.835279, 19.852530, 19.857347, 19.858688, 0.25000000, 0.24999744, 0.24999620, 0.25976640, 0.30368000, 0.34759712, 0.34917641, 0.34926265, 0.34928674, 0.34929344, 0.15861778E-1
0.84123947E-1, 0.49801141E-1, 0.14941837E-1, 0.0000000, 0.0000000, 0.0000000, 0.85327923, 5.0058308, 9.7509851, 19.836010, 19.852718, 19.857389, 19.858698, 0.25000000, 0.24999744, 0.24999620, 0.25853011, 0.30005044, 0.34750473, 0.34918004, 0.34926361, 0.34928694, 0.34929350, 0.14941837E-1
0.83917588E-1, 0.47309175E-1, 0.14194172E-1, 0.0000000, 0.0000000, 0.0000000, 0.76126158, 4.6884942, 9.7590818, 19.837900, 19.853243, 19.857550, 19.858709, 0.25000000, 0.24999744, 0.24999620, 0.25761044, 0.29687822, 0.34758613, 0.34918949, 0.34926623, 0.34928775, 0.34929353, 0.14194172E-1
0.83779052E-1, 0.45636196E-1, 0.13692228E-1, 0.0000000, 0.0000000, 0.0000000, 0.70300698, 4.4611416, 9.7854328, 19.840324, 19.853903, 19.857744, 19.858709, 0.25000000, 0.24999744, 0.24999620, 0.25702870, 0.29460707, 0.34785113, 0.34920162, 0.34926951, 0.34928873, 0.34929353, 0.13692228E-1
0.84896944E-1, 0.59135910E-1, 0.17742548E-1, 0.94300508E-1, 0.0000000, 0.0000000, 0.61919093, 4.1901631, 9.7719612, 19.840914, 19.854086, 19.857744, 19.858709, 0.25094277, 0.24999744, 0.24999620, 0.25619182, 0.29190132, 0.34771937, 0.34920457, 0.34927043, 0.34928873, 0.34929353, 0.17742548E-1
0.83462425E-1, 0.41812547E-1, 0.12545018E-1, 0.0000000, 0.0000000, 0.0000000, 0.56028366, 3.9807115, 9.7900448, 19.842010, 19.854368, 19.857796, 19.858709, 0.24998732, 0.24999744, 0.24999620, 0.25560087, 0.28980014, 0.34789473, 0.34921005, 0.34927183, 0.34928897, 0.34929353, 0.12545018E-1
0.83409198E-1, 0.41169759E-1, 0.12352163E-1, 0.0000000, 0.0000000, 0.0000000, 0.54583549, 3.8676910, 9.8262386, 19.845266, 19.855219, 19.858025, 19.858709, 0.24998732, 0.24999744, 0.24999620, 0.25545835, 0.28867692, 0.34826237, 0.34922633, 0.34927610, 0.34929013, 0.34929353, 0.12352163E-1
0.83281092E-1, 0.39622758E-1, 0.11888016E-1, 0.0000000, 0.0000000, 0.0000000, 0.49122870, 3.6762292, 9.7999697, 19.845905, 19.855425, 19.858084, 19.858709, 0.24998732, 0.24999744, 0.24999620, 0.25491229, 0.28676230, 0.34799969, 0.34922951, 0.34927714, 0.34929043, 0.34929353, 0.11888016E-1
0.83115108E-1, 0.37618361E-1, 0.11286638E-1, 0.0000000, 0.0000000, 0.0000000, 0.42673051, 3.4154153, 9.7667675, 19.846241, 19.855536, 19.858120, 19.858709, 0.24998732, 0.24999744, 0.24999620, 0.25426725, 0.28415394, 0.34766746, 0.34923121, 0.34927768, 0.34929061, 0.34929353, 0.11286638E-1
0.82991332E-1, 0.36123611E-1, 0.10838168E-1, 0.0000000, 0.0000000, 0.0000000, 0.38403273, 3.1972873, 9.7806253, 19.847271, 19.855820, 19.858183, 19.858709, 0.24998732, 0.24999744, 0.24999620, 0.25384018, 0.28197223, 0.34780559, 0.34923637, 0.34927911, 0.34929091, 0.34929353, 0.10838168E-1
0.82890339E-1, 0.34903992E-1, 0.10472246E-1, 0.0000000, 0.0000000, 0.0000000, 0.35337210, 3.0117195, 9.7903070, 19.848722, 19.856207, 19.858236, 19.858709, 0.24998732, 0.24999744, 0.24999620, 0.25353321, 0.28011498, 0.34790069, 0.34924361, 0.34928104, 0.34929118, 0.34929353, 0.10472246E-1
0.89362301E-1, 0.11305999, 0.33921391E-1, 0.47122836, 0.0000000, 0.0000000, 0.34285486, 2.9828100, 9.7607622, 19.850435, 19.856632, 19.858335, 19.858709, 0.25470769, 0.24999744, 0.24999620, 0.25342834, 0.27982724, 0.34760666, 0.34925216, 0.34928316, 0.34929168, 0.34929353, 0.33921391E-1
0.82751796E-1, 0.33230964E-1, 0.99702869E-2, 0.0000000, 0.0000000, 0.0000000, 0.27351975, 2.8858633, 9.6432638, 19.847765, 19.855934, 19.858131, 19.858704, 0.24997048, 0.24999744, 0.24999620, 0.25273469, 0.27885598, 0.34642965, 0.34923881, 0.34927967, 0.34929067, 0.34929353, 0.99702869E-2
0.82683668E-1, 0.32408256E-1, 0.97234491E-2, 0.0000000, 0.0000000, 0.0000000, 0.24603903, 2.8118281, 9.5374680, 19.849062, 19.856274, 19.858208, 19.858709, 0.24997048, 0.24999744, 0.24999620, 0.25245962, 0.27811387, 0.34536967, 0.34924531, 0.34928137, 0.34929103, 0.34929353, 0.97234491E-2
0.82561195E-1, 0.30929189E-1, 0.92796851E-2, 0.0000000, 0.0000000, 0.0000000, 0.19095242, 2.6807189, 9.3718348, 19.848221, 19.856043, 19.858154, 19.858709, 0.24997048, 0.24999744, 0.24999620, 0.25190943, 0.27680650, 0.34371758, 0.34924111, 0.34928021, 0.34929079, 0.34929353, 0.92796851E-2
0.82454965E-1, 0.29646378E-1, 0.88948030E-2, 0.0000000, 0.0000000, 0.0000000, 0.13830960, 2.5752246, 9.2340746, 19.847172, 19.855782, 19.858072, 19.858709, 0.24997048, 0.24999744, 0.24999620, 0.25138310, 0.27575225, 0.34234074, 0.34923586, 0.34927890, 0.34929037, 0.34929353, 0.88948030E-2
0.82338005E-1, 0.28234007E-1, 0.84710494E-2, 0.0000000, 0.0000000, 0.0000000, 0.67436695E-1, 2.4769843, 9.1101236, 19.844450, 19.855047, 19.857912, 19.858698, 0.24997048, 0.24999744, 0.24999620, 0.25067207, 0.27476442, 0.34109530, 0.34922215, 0.34927520, 0.34928957, 0.34929350, 0.84710494E-2
0.82208216E-1, 0.26666626E-1, 0.80007883E-2, 0.0000000, 0.0000000, 0.0000000, 0.28640032E-2, 2.3479283, 8.9431372, 19.842710, 19.854582, 19.857807, 19.858698, 0.24997048, 0.24999744, 0.24999620, 0.25002864, 0.27347335, 0.33942387, 0.34921354, 0.34927291, 0.34928903, 0.34929350, 0.80007883E-2
0.82158670E-1, 0.26068291E-1, 0.78212693E-2, 0.0000000, 0.0000000, 0.0000000, 0.0000000, 2.2715986, 8.8293047, 19.843658, 19.854845, 19.857861, 19.858709, 0.24997048, 0.24999744, 0.24999620, 0.24999993, 0.27271235, 0.33828834, 0.34921831, 0.34927422, 0.34928930, 0.34929353, 0.78212693E-2
0.82060330E-1, 0.24880761E-1, 0.74649751E-2, 0.0000000, 0.0000000, 0.0000000, 0.0000000, 2.1075666, 8.6092224, 19.841887, 19.854355, 19.857729, 19.858688, 0.24997048, 0.24999744, 0.24999620, 0.24999993, 0.27107114, 0.33608609, 0.34920943, 0.34927177, 0.34928864, 0.34929344, 0.74649751E-2
0.82007483E-1, 0.24242550E-1, 0.72734924E-2, 0.0000000, 0.0000000, 0.0000000, 0.0000000, 2.0230770, 8.4783421, 19.843012, 19.854633, 19.857813, 19.858709, 0.24997048, 0.24999744, 0.24999620, 0.24999993, 0.27022943, 0.33478156, 0.34921506, 0.34927318, 0.34928906, 0.34929353, 0.72734924E-2
0.10005277, 0.24215896, 0.72654955E-1, 1.3096660, 0.0000000, 0.0000000, 0.0000000, 1.9817203, 8.4199295, 19.841320, 19.854193, 19.857685, 19.858698, 0.26309448, 0.24999744, 0.24999620, 0.24999993, 0.26981711, 0.33419916, 0.34920660, 0.34927097, 0.34928843, 0.34929350, 0.72654955E-1
0.89044303E-1, 0.10921977, 0.32769211E-1, 0.52078366, 0.0000000, 0.0000000, 0.0000000, 1.9288301, 8.3489180, 19.839214, 19.853613, 19.857559, 19.858683, 0.25514048, 0.24999744, 0.24999620, 0.24999993, 0.26928335, 0.33348572, 0.34919572, 0.34926799, 0.34928778, 0.34929341, 0.32769211E-1
0.84476367E-1, 0.54057036E-1, 0.16218733E-1, 0.18760264, 0.0000000, 0.0000000, 0.0000000, 1.9006789, 8.2950878, 19.840837, 19.854033, 19.857719, 19.858709, 0.25184420, 0.24999744, 0.24999620, 0.24999993, 0.26900277, 0.33294657, 0.34920403, 0.34927014, 0.34928858, 0.34929353, 0.16218733E-1
0.81883319E-1, 0.22743111E-1, 0.68236161E-2, 0.0000000, 0.0000000, 0.0000000, 0.0000000, 1.8243223, 8.1756973, 19.841150, 19.854126, 19.857731, 19.858709, 0.24997137, 0.24999744, 0.24999620, 0.24999993, 0.26824003, 0.33175221, 0.34920576, 0.34927064, 0.34928864, 0.34929353, 0.68236161E-2
0.81811599E-1, 0.21877084E-1, 0.65637818E-2, 0.0000000, 0.0000000, 0.0000000, 0.0000000, 1.7105222, 7.9970379, 19.841333, 19.854168, 19.857731, 19.858709, 0.24997137, 0.24999744, 0.24999620, 0.24999993, 0.26710293, 0.32996684, 0.34920666, 0.34927085, 0.34928864, 0.34929353, 0.65637818E-2
0.81759013E-1, 0.21242049E-1, 0.63732523E-2, 0.0000000, 0.0000000, 0.0000000, 0.0000000, 1.6297996, 7.8573260, 19.842752, 19.854546, 19.857824, 19.858709, 0.24997137, 0.24999744, 0.24999620, 0.24999993, 0.26629752, 0.32857248, 0.34921378, 0.34927273, 0.34928912, 0.34929353, 0.63732523E-2
0.81674613E-1, 0.20222768E-1, 0.60674371E-2, 0.0000000, 0.0000000, 0.0000000, 0.0000000, 1.4986366, 7.6398072, 19.842493, 19.854498, 19.857807, 19.858709, 0.24997137, 0.24999744, 0.24999620, 0.24999993, 0.26498458, 0.32639500, 0.34921247, 0.34927249, 0.34928903, 0.34929353, 0.60674371E-2
0.81627615E-1, 0.19655244E-1, 0.58971634E-2, 0.0000000, 0.0000000, 0.0000000, 0.0000000, 1.4288098, 7.5078974, 19.843920, 19.854887, 19.857895, 19.858709, 0.24997137, 0.24999744, 0.24999620, 0.24999993, 0.26428810, 0.32507896, 0.34921959, 0.34927443, 0.34928948, 0.34929353, 0.58971634E-2
0.81593193E-1, 0.19239593E-1, 0.57724556E-2, 0.0000000, 0.0000000, 0.0000000, 0.0000000, 1.3773173, 7.4129591, 19.844101, 19.854959, 19.857918, 19.858709, 0.24997137, 0.24999744, 0.24999620, 0.24999993, 0.26377317, 0.32412958, 0.34922051, 0.34927481, 0.34928960, 0.34929353, 0.57724556E-2
0.15481542, 0.90347749, 0.27107036, 2.8030901, 2.1182270, 2.9685318, 2.4863174, 7.0945730, 9.4804325, 19.845037, 19.855211, 19.858007, 19.858709, 0.27803090, 0.27118227, 0.27968532, 0.27486318, 0.32094574, 0.34480432, 0.34922519, 0.34927607, 0.34929004, 0.34929353, 0.27107036
0.13750198, 0.69439894, 0.20834051, 1.9126981, 1.6709030, 2.7154565, 2.3840308, 6.7089119, 9.7402029, 19.840870, 19.854126, 19.857676, 19.858658, 0.26909283, 0.26669157, 0.27714521, 0.27383593, 0.31708670, 0.34740081, 0.34920415, 0.34927058, 0.34928837, 0.34929329, 0.20834051
0.11663198, 0.44237098, 0.13272457, 0.85718632, 1.1166275, 2.3899496, 2.2500782, 6.4973807, 9.7932520, 19.835470, 19.852674, 19.857313, 19.858622, 0.25844687, 0.26110184, 0.27386552, 0.27248412, 0.31496495, 0.34792799, 0.34917659, 0.34926316, 0.34928650, 0.34929311, 0.13272457
0.97742602E-1, 0.21426116, 0.64284779E-1, 0.0000000, 0.47665238, 1.9875169, 2.0828934, 6.2909513, 9.8021898, 19.829279, 19.850973, 19.856874, 19.858522, 0.24999967, 0.25466129, 0.26981717, 0.27080107, 0.31289411, 0.34801403, 0.34914514, 0.34925455, 0.34928429, 0.34929258, 0.64284779E-1
0.91484085E-1, 0.13868283, 0.41609012E-1, 0.0000000, 0.0000000, 1.4754713, 1.8692225, 6.0388069, 9.7908077, 19.822269, 19.849022, 19.856392, 19.858393, 0.24999967, 0.24998888, 0.26470488, 0.26866835, 0.31037420, 0.34790093, 0.34911028, 0.34924483, 0.34928191, 0.34929195, 0.41609012E-1
0.89195132E-1, 0.11104120, 0.33315692E-1, 0.0000000, 0.0000000, 0.99257231, 1.6624629, 5.7605572, 9.7794781, 19.818676, 19.847933, 19.856121, 19.858358, 0.24999967, 0.24998888, 0.25987226, 0.26659837, 0.30758977, 0.34778652, 0.34909222, 0.34923935, 0.34928051, 0.34929177, 0.33315692E-1
0.87756716E-1, 0.93670793E-1, 0.28104048E-1, 0.0000000, 0.0000000, 0.69415867, 1.5261978, 5.5207558, 9.7859259, 19.821224, 19.848475, 19.856277, 19.858433, 0.24999967, 0.24998888, 0.25690582, 0.26524401, 0.30519629, 0.34785327, 0.34910536, 0.34924218, 0.34928131, 0.34929216, 0.28104048E-1
0.87034799E-1, 0.84952854E-1, 0.25488405E-1, 0.0000000, 0.0000000, 0.54722130, 1.4530718, 5.3475900, 9.8065205, 19.826809, 19.849913, 19.856676, 19.858517, 0.24999967, 0.24998888, 0.25547016, 0.26452962, 0.30347389, 0.34806398, 0.34913403, 0.34924957, 0.34928340, 0.34929258, 0.25488405E-1
0.89226335E-1, 0.11141808, 0.33428766E-1, 0.19936562, 0.0000000, 0.43693185, 1.3949931, 5.2119713, 9.8235369, 19.831238, 19.851151, 19.856995, 19.858599, 0.25199234, 0.24998888, 0.25436845, 0.26394939, 0.30211869, 0.34823471, 0.34915620, 0.34925574, 0.34928498, 0.34929299, 0.33428766E-1
0.15805575, 0.94260788, 0.28281066, 2.8948040, 2.2282195, 3.6308427, 1.3770968, 5.1371074, 9.8485317, 19.836466, 19.852602, 19.857384, 19.858704, 0.27894804, 0.27228218, 0.28630844, 0.26377097, 0.30137107, 0.34848532, 0.34918234, 0.34926301, 0.34928691, 0.34929353, 0.28281066
0.14409417, 0.77400684, 0.23222528, 2.3241699, 2.0616026, 2.1642833, 2.3328424, 6.5172353, 9.8601475, 19.840046, 19.853628, 19.857666, 19.858709, 0.27324170, 0.27061602, 0.27164283, 0.27332842, 0.31517234, 0.34860146, 0.34920022, 0.34926814, 0.34928834, 0.34929353, 0.23222528
0.14133260, 0.74065775, 0.22221956, 2.1821232, 1.9879907, 2.1263123, 2.3167701, 6.4628425, 9.8688183, 19.843296, 19.854557, 19.857885, 19.858709, 0.27182123, 0.26987991, 0.27126312, 0.27316770, 0.31462842, 0.34868819, 0.34921649, 0.34927279, 0.34928942, 0.34929353, 0.22221956
0.13762867, 0.69592869, 0.20879950, 1.9917279, 1.8886149, 2.0747662, 2.2945790, 6.4087491, 9.8725681, 19.845303, 19.855148, 19.858042, 19.858709, 0.26991728, 0.26888615, 0.27074766, 0.27294579, 0.31408748, 0.34872568, 0.34922650, 0.34927574, 0.34929019, 0.34929353, 0.20879950
0.12326412, 0.52246118, 0.15675403, 1.2588412, 1.4945269, 1.8658012, 2.2066832, 6.3059797, 9.8576708, 19.842369, 19.854452, 19.857859, 19.858683, 0.26258603, 0.26494357, 0.26865697, 0.27206659, 0.31305945, 0.34857655, 0.34921184, 0.34927225, 0.34928930, 0.34929341, 0.15675403
0.11001489, 0.36246234, 0.10874958, 0.59687495, 1.1200309, 1.6596287, 2.1183193, 6.1942792, 9.8488865, 19.840178, 19.853903, 19.857689, 19.858675, 0.25594676, 0.26118752, 0.26658913, 0.27118006, 0.31194070, 0.34848776, 0.34920079, 0.34926948, 0.34928843, 0.34929338, 0.10874958
0.10027394, 0.24482988, 0.73456310E-1, 0.12308657, 0.82690120, 1.4878482, 2.0457001, 6.0857387, 9.8467989, 19.839880, 19.853844, 19.857666, 19.858704, 0.25123036, 0.25826693, 0.26487660, 0.27045649, 0.31085661, 0.34846759, 0.34919941, 0.34926921, 0.34928834, 0.34929353, 0.73456310E-1
0.10754266, 0.33260754, 0.99792242E-1, 0.79898834, 0.64532757, 1.3722837, 1.9978106, 5.9927855, 9.8513908, 19.841539, 19.854263, 19.857784, 19.858709, 0.25798857, 0.25645265, 0.26372215, 0.26997790, 0.30992755, 0.34851375, 0.34920770, 0.34927133, 0.34928891, 0.34929353, 0.99792242E-1
0.10378203, 0.28719380, 0.86166762E-1, 0.66787899, 0.47519803, 1.2591422, 1.9500077, 5.9019589, 9.8535318, 19.842810, 19.854605, 19.857861, 19.858709, 0.25667879, 0.25475198, 0.26259142, 0.26950008, 0.30901960, 0.34853533, 0.34921405, 0.34927303, 0.34928930, 0.34929353, 0.86166762E-1
0.15205389, 0.87012893, 0.26106480, 2.0705671, 2.2585301, 2.9244871, 8.9371538, 9.4486170, 9.8576298, 19.843994, 19.854929, 19.857948, 19.858709, 0.27070567, 0.27258530, 0.27924487, 0.33937153, 0.34448618, 0.34857631, 0.34921998, 0.34927464, 0.34928975, 0.34929353, 0.26106480
0.35599017, 1.0000000, 0.99996436, 9.9999990, 9.9999990, 9.9999990, 9.9999990, 9.9980116, 9.9346514, 19.846081, 19.855501, 19.858107, 19.858709, 0.34999999, 0.34999999, 0.34999999, 0.34999999, 0.34998012, 0.34934652, 0.34923041, 0.34927750, 0.34929055, 0.34929353, 0.99996436
0.35600001, 1.0000000, 1.0000000, 9.9999990, 9.9999990, 9.9999990, 9.9999990, 9.9999990, 9.9999990, 19.999998, 19.999998, 19.999998, 19.998999, 0.34999999, 0.34999999, 0.34999999, 0.34999999, 0.34999999, 0.34999999, 0.34999999, 0.34999999, 0.34999999, 0.34999499, 1.0000000
0.35600001, 1.0000000, 1.0000000, 9.9999990, 9.9999990, 9.9999990, 9.9999990, 9.9999990, 9.9999990, 19.999998, 19.999998, 19.999998, 19.998999, 0.34999999, 0.34999999, 0.34999999, 0.34999999, 0.34999999, 0.34999999, 0.34999999, 0.34999999, 0.34999999, 0.34999499, 1.0000000
0.34031695, 1.0000000, 0.94317728, 9.1280890, 9.6655521, 9.8161345, 9.9460945, 9.9724245, 9.9889641, 19.998158, 19.999521, 19.999643, 19.975222, 0.34124851, 0.34663859, 0.34815270, 0.34945691, 0.34972215, 0.34988859, 0.34999061, 0.34999755, 0.34999821, 0.34987611, 0.94317728
0.30044484, 1.0000000, 0.79871315, 6.5301642, 9.3329430, 9.5851698, 9.8079681, 9.8954334, 9.9517488, 19.987114, 19.996632, 19.997320, 19.952684, 0.31518716, 0.34326950, 0.34582111, 0.34806466, 0.34894666, 0.34951362, 0.34993488, 0.34998298, 0.34998655, 0.34976342, 0.79871315
0.26332480, 1.0000000, 0.66422027, 3.8743324, 9.2986612, 9.5373545, 9.7480669, 9.8520041, 9.9277220, 19.979294, 19.994514, 19.992821, 19.932545, 0.28867275, 0.34294781, 0.34535375, 0.34747124, 0.34851521, 0.34927481, 0.34989604, 0.34997246, 0.34996408, 0.34966272, 0.66422027
0.23482509, 1.0000000, 0.56096047, 2.4194689, 8.2824202, 9.5113420, 9.7177296, 9.8263083, 9.9110432, 19.972343, 19.992462, 19.985512, 19.915451, 0.27419439, 0.33282357, 0.34511307, 0.34717724, 0.34826306, 0.34911042, 0.34986171, 0.34996229, 0.34992754, 0.34957725, 0.56096047
0.20399141, 1.0000000, 0.44924426, 1.3663828, 6.3507538, 9.4510469, 9.6746073, 9.7951288, 9.8921995, 19.964104, 19.989658, 19.975264, 19.901459, 0.26366228, 0.31350321, 0.34450725, 0.34674543, 0.34795097, 0.34892187, 0.34982052, 0.34994829, 0.34987631, 0.34950730, 0.44924426
0.17749296, 1.0000000, 0.35323533, 0.50816834, 4.5872407, 9.4414597, 9.6599989, 9.7815809, 9.8817778, 19.956816, 19.986340, 19.962795, 19.890429, 0.25508150, 0.29587141, 0.34441358, 0.34659979, 0.34781569, 0.34881774, 0.34978408, 0.34993169, 0.34981397, 0.34945214, 0.35323533
0.15645400, 0.92326504, 0.27700722, 0.0000000, 2.9950559, 9.2435923, 9.6424475, 9.7684298, 9.8731232, 19.950140, 19.981987, 19.948956, 19.881966, 0.24999860, 0.27994782, 0.34243169, 0.34642357, 0.34768385, 0.34873107, 0.34975070, 0.34990993, 0.34974477, 0.34940982, 0.27700722
0.14947125, 0.83894074, 0.25170740, 0.0000000, 2.5393872, 8.4607687, 9.6715765, 9.7833061, 9.8786211, 19.947451, 19.977079, 19.934973, 19.875654, 0.24999860, 0.27539125, 0.33460334, 0.34671476, 0.34783256, 0.34878603, 0.34973726, 0.34988540, 0.34967488, 0.34937829, 0.25170740
0.14222087, 0.75138456, 0.22543791, 0.0000000, 2.0723343, 7.6437426, 9.6667747, 9.7815037, 9.8782978, 19.944777, 19.970343, 19.921528, 19.870970, 0.24999860, 0.27072334, 0.32643741, 0.34666774, 0.34781504, 0.34878299, 0.34972388, 0.34985173, 0.34960765, 0.34935486, 0.22543791
0.13270660, 0.63648933, 0.19096591, 0.0000000, 1.4604092, 6.5809412, 9.6240559, 9.7561188, 9.8662434, 19.939283, 19.961027, 19.909042, 19.867516, 0.24999860, 0.26460409, 0.31580943, 0.34624055, 0.34756118, 0.34866244, 0.34969643, 0.34980515, 0.34954521, 0.34933758, 0.19096591
0.12780081, 0.57724667, 0.17319132, 0.0000000, 1.1869192, 5.9318271, 9.6696835, 9.7810326, 9.8763170, 19.937593, 19.951199, 19.898420, 19.865059, 0.24999860, 0.26186743, 0.30931386, 0.34669539, 0.34780961, 0.34876293, 0.34968796, 0.34975600, 0.34949210, 0.34932530, 0.17319132
0.12332638, 0.52321303, 0.15697961, 0.0000000, 0.94182789, 5.3363795, 9.6840782, 9.7907686, 9.8813248, 19.935368, 19.940315, 19.889540, 19.863291, 0.24999860, 0.25941828, 0.30336380, 0.34684080, 0.34790769, 0.34881324, 0.34967685, 0.34970158, 0.34944770, 0.34931645, 0.15697961
0.11598230, 0.43452537, 0.13037065, 0.0000000, 0.51899552, 4.4235692, 9.6259861, 9.7573652, 9.8664150, 19.928635, 19.928013, 19.882050, 19.861965, 0.24999860, 0.25518996, 0.29423571, 0.34625986, 0.34757364, 0.34866416, 0.34964317, 0.34964007, 0.34941024, 0.34930983, 0.13037065
0.12455292, 0.53802490, 0.16142362, 0.92328191, 0.32769442, 3.7903216, 9.6587496, 9.7742615, 9.8724518, 19.924423, 19.916782, 19.876301, 19.861067, 0.25923282, 0.25327694, 0.28790322, 0.34658748, 0.34774262, 0.34872451, 0.34962213, 0.34958392, 0.34938151, 0.34930533, 0.16142362
0.11770262, 0.45530018, 0.13660371, 0.62605143, 0.20236075, 3.3666399, 9.7060204, 9.8015537, 9.8832808, 19.919670, 19.906418, 19.871891, 19.860449, 0.25625676, 0.25202289, 0.28366035, 0.34705672, 0.34801379, 0.34883222, 0.34959835, 0.34953210, 0.34935945, 0.34930223, 0.13660371
0.11163887, 0.38207382, 0.11463361, 0.36233068, 0.86414814E-1, 3.0065055, 9.7225285, 9.8129444, 9.8881407, 19.913780, 19.897087, 19.868484, 19.859999, 0.25362289, 0.25086409, 0.28006405, 0.34722462, 0.34812912, 0.34888130, 0.34956890, 0.34948543, 0.34934241, 0.34930000, 0.11463361
0.18572561, 1.0000000, 0.38306382, 2.6592464, 2.6063709, 8.1990137, 9.7333803, 9.8502274, 9.9028368, 19.908895, 19.889437, 19.866020, 19.859709, 0.27659225, 0.27606359, 0.33198991, 0.34733373, 0.34850225, 0.34902838, 0.34954447, 0.34944719, 0.34933010, 0.34929854, 0.38306382
0.20116748, 1.0000000, 0.43901256, 2.4480076, 4.4960470, 8.8524380, 9.7459993, 9.8384657, 9.8969183, 19.900358, 19.882206, 19.863960, 19.859451, 0.27448007, 0.29496047, 0.33852437, 0.34746000, 0.34838465, 0.34896919, 0.34950179, 0.34941104, 0.34931982, 0.34929726, 0.43901256
0.19015905, 1.0000000, 0.39912698, 2.1792026, 3.2447042, 9.5857067, 9.7746239, 9.8475208, 9.8990135, 19.893797, 19.876722, 19.862547, 19.859299, 0.27179155, 0.28244662, 0.34585646, 0.34774613, 0.34847516, 0.34899011, 0.34946898, 0.34938362, 0.34931272, 0.34929651, 0.39912698
0.19195038, 1.0000000, 0.40561727, 2.5517404, 2.9079466, 9.4468756, 9.7867823, 9.8523426, 9.8994865, 19.887857, 19.872419, 19.861528, 19.859251, 0.27551740, 0.27907947, 0.34446877, 0.34786782, 0.34852344, 0.34899485, 0.34943929, 0.34936211, 0.34930766, 0.34929627, 0.40561727
0.18966722, 1.0000000, 0.39734501, 2.0288377, 3.3979342, 9.6525993, 9.8097696, 9.8637733, 9.9020472, 19.882723, 19.869118, 19.860828, 19.859222, 0.27028838, 0.28397936, 0.34652600, 0.34809768, 0.34863773, 0.34902048, 0.34941360, 0.34934559, 0.34930414, 0.34929612, 0.39734501
0.17772660, 1.0000000, 0.35408184, 1.5722543, 2.8883159, 9.3210859, 9.7681532, 9.8407898, 9.8906746, 19.875969, 19.865997, 19.860147, 19.859163, 0.26572186, 0.27888238, 0.34320962, 0.34768125, 0.34840778, 0.34890673, 0.34937984, 0.34932998, 0.34930074, 0.34929582, 0.35408184
0.16953596, 1.0000000, 0.32440570, 1.5240282, 2.3628712, 8.5707703, 9.7054586, 9.8029776, 9.8714199, 19.866991, 19.862738, 19.859463, 19.859051, 0.26524028, 0.27362871, 0.33570769, 0.34705460, 0.34802979, 0.34871420, 0.34933496, 0.34931368, 0.34929731, 0.34929526, 0.32440570
0.16101412, 0.97833353, 0.29352942, 1.1906862, 2.1309705, 8.0853148, 9.7290945, 9.8121185, 9.8728209, 19.863373, 19.861181, 19.859211, 19.858997, 0.26190200, 0.27130449, 0.33084330, 0.34728855, 0.34812000, 0.34872782, 0.34931687, 0.34930590, 0.34929606, 0.34929499, 0.29352942
0.16500227, 1.0000000, 0.30797923, 1.5397757, 2.1021037, 7.9238381, 9.7877779, 9.8430309, 9.8836451, 19.862169, 19.860493, 19.859163, 19.858997, 0.26539776, 0.27102104, 0.32923838, 0.34787777, 0.34843031, 0.34883645, 0.34931085, 0.34930247, 0.34929582, 0.34929499, 0.30797923
0.15530188, 0.90935206, 0.27283290, 1.1414617, 1.8383890, 7.4449286, 9.7529392, 9.8249941, 9.8757086, 19.859039, 19.859451, 19.858969, 19.858955, 0.26141462, 0.26838389, 0.32444930, 0.34752938, 0.34824994, 0.34875709, 0.34929520, 0.34929726, 0.34929484, 0.34929478, 0.27283290
0.15896636, 0.95360458, 0.28610998, 1.8790752, 1.4163703, 6.7316976, 9.6917448, 9.7897310, 9.8595352, 19.853821, 19.857929, 19.858566, 19.858845, 0.26879075, 0.26416370, 0.31731698, 0.34691745, 0.34789732, 0.34859535, 0.34926909, 0.34928966, 0.34929281, 0.34929422, 0.28610998
0.14366946, 0.76887792, 0.23068646, 1.1970162, 1.0757625, 6.0020146, 9.6699514, 9.7745037, 9.8519382, 19.850822, 19.857033, 19.858335, 19.858805, 0.26196298, 0.26075375, 0.31000936, 0.34669602, 0.34774327, 0.34851879, 0.34925410, 0.34928516, 0.34929168, 0.34929401, 0.23068646
0.13308129, 0.64101428, 0.19232352, 0.75829625, 0.83933473, 5.3757195, 9.6770144, 9.7767096, 9.8520613, 19.849743, 19.856644, 19.858250, 19.858805, 0.25758016, 0.25839150, 0.30375126, 0.34676799, 0.34776601, 0.34852025, 0.34924871, 0.34928322, 0.34929127, 0.34929401, 0.19232352
0.12800974, 0.57976985, 0.17394835, 0.57206750, 0.73158145, 4.9752197, 9.7164822, 9.7985134, 9.8607397, 19.850525, 19.856810, 19.858301, 19.858805, 0.25571996, 0.25731525, 0.29975033, 0.34716406, 0.34798479, 0.34860727, 0.34925264, 0.34928405, 0.34929150, 0.34929401, 0.17394835
0.18237823, 1.0000000, 0.37093562, 2.8837233, 2.2979407, 7.2588053, 9.7545662, 9.8204260, 9.8695049, 19.851503, 19.856997, 19.858372, 19.858805, 0.27883723, 0.27297941, 0.32258806, 0.34754565, 0.34820426, 0.34869504, 0.34925753, 0.34928498, 0.34929186, 0.34929401, 0.37093562
0.24478418, 1.0000000, 0.59704411, 2.9140592, 8.6936359, 9.4282093, 9.8000498, 9.8459787, 9.8794689, 19.852783, 19.857306, 19.858423, 19.858805, 0.27914059, 0.33693635, 0.34428209, 0.34800050, 0.34845978, 0.34879470, 0.34926391, 0.34928653, 0.34929210, 0.34929401, 0.59704411
0.24794705, 1.0000000, 0.60850382, 2.9599280, 8.8616590, 9.6979866, 9.8197451, 9.8577423, 9.8840189, 19.853542, 19.857458, 19.858423, 19.858805, 0.27959928, 0.33861658, 0.34697986, 0.34819746, 0.34857744, 0.34884018, 0.34926772, 0.34928730, 0.34929210, 0.34929401, 0.60850382
0.25696588, 1.0000000, 0.64118069, 3.5572705, 8.9813480, 9.6519241, 9.7961645, 9.8463163, 9.8797178, 19.853029, 19.857285, 19.858377, 19.858805, 0.28557271, 0.33981347, 0.34651923, 0.34796163, 0.34846318, 0.34879717, 0.34926516, 0.34928644, 0.34929189, 0.34929401, 0.64118069
0.22973005, 1.0000000, 0.54250020, 2.2099285, 8.0082064, 9.5280819, 9.7296867, 9.8099861, 9.8645802, 19.849663, 19.856390, 19.858183, 19.858757, 0.27209929, 0.33008206, 0.34528083, 0.34729686, 0.34809986, 0.34864581, 0.34924832, 0.34928197, 0.34929091, 0.34929377, 0.54250020
0.20954178, 1.0000000, 0.46935427, 1.6069770, 6.5838237, 9.5159340, 9.7091513, 9.7965469, 9.8586798, 19.847954, 19.855934, 19.858095, 19.858709, 0.26606977, 0.31583825, 0.34515935, 0.34709150, 0.34796548, 0.34858680, 0.34923977, 0.34927967, 0.34929049, 0.34929353, 0.46935427
0.19653760, 1.0000000, 0.42223763, 1.2756467, 5.5482101, 9.5469313, 9.7231340, 9.8032589, 9.8615541, 19.848425, 19.856079, 19.858177, 19.858709, 0.26275647, 0.30548209, 0.34546930, 0.34723133, 0.34803259, 0.34861553, 0.34924212, 0.34928039, 0.34929088, 0.34929353, 0.42223763
0.18259738, 1.0000000, 0.37172964, 0.93531013, 4.4470205, 9.5184507, 9.7157326, 9.7995205, 9.8605585, 19.848696, 19.856150, 19.858189, 19.858709, 0.25935310, 0.29447019, 0.34518450, 0.34715733, 0.34799522, 0.34860557, 0.34924346, 0.34928074, 0.34929094, 0.34929353, 0.37172964
0.19152310, 1.0000000, 0.40406924, 2.0251989, 3.6757157, 9.5782013, 9.7381773, 9.8116856, 9.8653135, 19.849375, 19.856331, 19.858208, 19.858709, 0.27025199, 0.28675717, 0.34578201, 0.34738177, 0.34811684, 0.34865314, 0.34924686, 0.34928167, 0.34929103, 0.34929353, 0.40406924
0.17712337, 1.0000000, 0.35189626, 1.5140533, 2.9675007, 9.2258530, 9.7166529, 9.8002844, 9.8607788, 19.848671, 19.856144, 19.858154, 19.858709, 0.26514053, 0.27967501, 0.34225851, 0.34716654, 0.34800285, 0.34860778, 0.34924334, 0.34928071, 0.34929079, 0.34929353, 0.35189626
0.35600001, 1.0000000, 1.0000000, 9.9999990, 9.9999990, 9.9999990, 9.9999990, 9.9999990, 9.9999990, 19.999998, 19.999998, 19.999998, 19.998999, 0.34999999, 0.34999999, 0.34999999, 0.34999999, 0.34999999, 0.34999999, 0.34999999, 0.34999999, 0.34999999, 0.34999499, 1.0000000
0.35600001, 1.0000000, 1.0000000, 9.9999990, 9.9999990, 9.9999990, 9.9999990, 9.9999990, 9.9999962, 19.999998, 19.999992, 19.999996, 19.993982, 0.34999999, 0.34999999, 0.34999999, 0.34999999, 0.34999999, 0.34999996, 0.34999999, 0.34999996, 0.34999996, 0.34996992, 1.0000000
0.35600001, 1.0000000, 1.0000000, 9.9999990, 9.9999990, 9.9999990, 9.9999990, 9.9999990, 9.9999990, 19.999998, 19.999998, 19.999996, 19.993994, 0.34999999, 0.34999999, 0.34999999, 0.34999999, 0.34999999, 0.34999999, 0.34999999, 0.34999999, 0.34999996, 0.34996998, 1.0000000
0.35600001, 1.0000000, 1.0000000, 9.9999990, 9.9999990, 9.9999990, 9.9999990, 9.9999990, 9.9999990, 19.999998, 19.999998, 19.999998, 19.996996, 0.34999999, 0.34999999, 0.34999999, 0.34999999, 0.34999999, 0.34999999, 0.34999999, 0.34999999, 0.34999999, 0.34998497, 1.0000000
0.35121959, 1.0000000, 0.98267955, 9.7484608, 9.8762274, 9.9354696, 9.9837713, 9.9917917, 9.9968624, 19.999594, 19.999891, 19.999857, 19.980116, 0.34748462, 0.34876227, 0.34935468, 0.34983772, 0.34991792, 0.34996861, 0.34999797, 0.34999946, 0.34999928, 0.34990057, 0.98267955
0.35600001, 1.0000000, 1.0000000, 9.9999990, 9.9999990, 9.9999990, 9.9999990, 9.9999962, 9.9999990, 19.999998, 19.999998, 19.999561, 19.958824, 0.34999999, 0.34999999, 0.34999999, 0.34999999, 0.34999996, 0.34999999, 0.34999999, 0.34999999, 0.34999782, 0.34979412, 1.0000000
0.35600001, 1.0000000, 1.0000000, 9.9999990, 9.9999990, 9.9999990, 9.9999990, 9.9999990, 9.9999990, 19.999998, 19.999998, 19.999998, 19.998999, 0.34999999, 0.34999999, 0.34999999, 0.34999999, 0.34999999, 0.34999999, 0.34999999, 0.34999999, 0.34999999, 0.34999499, 1.0000000
0.35600001, 1.0000000, 1.0000000, 9.9999990, 9.9999990, 9.9999990, 9.9999990, 9.9999962, 9.9999990, 19.999998, 19.999998, 19.999992, 19.998993, 0.34999999, 0.34999999, 0.34999999, 0.34999999, 0.34999996, 0.34999999, 0.34999999, 0.34999999, 0.34999996, 0.34999496, 1.0000000
0.35600001, 1.0000000, 1.0000000, 9.9999990, 9.9999990, 9.9999990, 9.9999962, 9.9999990, 9.9999990, 19.999998, 19.999998, 19.999998, 19.997997, 0.34999999, 0.34999999, 0.34999999, 0.34999996, 0.34999999, 0.34999999, 0.34999999, 0.34999999, 0.34999999, 0.34998998, 1.0000000
0.35600001, 1.0000000, 1.0000000, 9.9999990, 9.9999990, 9.9999990, 9.9999990, 9.9999990, 9.9999990, 19.999998, 19.999998, 19.999998, 19.998999, 0.34999999, 0.34999999, 0.34999999, 0.34999999, 0.34999999, 0.34999999, 0.34999999, 0.34999999, 0.34999999, 0.34999499, 1.0000000
0.35600001, 1.0000000, 1.0000000, 9.9999990, 9.9999990, 9.9999990, 9.9999962, 9.9999990, 9.9999990, 19.999992, 19.999998, 19.999992, 19.996359, 0.34999999, 0.34999999, 0.34999999, 0.34999996, 0.34999999, 0.34999999, 0.34999996, 0.34999999, 0.34999996, 0.34998178, 1.0000000
0.34341174, 1.0000000, 0.95439041, 9.3006020, 9.7258654, 9.8500700, 9.9600019, 9.9796181, 9.9922981, 19.999111, 19.999767, 19.999613, 19.972683, 0.34300435, 0.34725761, 0.34850016, 0.34959990, 0.34979612, 0.34992296, 0.34999555, 0.34999883, 0.34999806, 0.34986341, 0.95439041
0.30673099, 1.0000000, 0.82148904, 6.9281163, 9.3792610, 9.6194334, 9.8502712, 9.9198418, 9.9664431, 19.993874, 19.998402, 19.997461, 19.950434, 0.31928116, 0.34379262, 0.34619433, 0.34850270, 0.34919840, 0.34966442, 0.34996936, 0.34999201, 0.34998730, 0.34975216, 0.82148904
0.26982850, 1.0000000, 0.68778443, 4.3277936, 9.3013096, 9.5499058, 9.7803526, 9.8746862, 9.9441500, 19.988955, 19.997107, 19.992870, 19.930656, 0.29327607, 0.34301072, 0.34549785, 0.34780329, 0.34874675, 0.34944147, 0.34994477, 0.34998554, 0.34996435, 0.34965327, 0.68778443
0.27803826, 1.0000000, 0.71752995, 4.8504658, 9.3966217, 9.6000481, 9.7804813, 9.8673630, 9.9369068, 19.986567, 19.996325, 19.985584, 19.913990, 0.29850426, 0.34396577, 0.34600025, 0.34780475, 0.34867361, 0.34936908, 0.34993285, 0.34998161, 0.34992793, 0.34956995, 0.71752995
0.24533883, 1.0000000, 0.59905368, 2.9458215, 8.6864548, 9.4899664, 9.7156229, 9.8260174, 9.9137793, 19.979078, 19.993860, 19.975136, 19.900318, 0.27945626, 0.33686104, 0.34489775, 0.34715584, 0.34825996, 0.34913772, 0.34989539, 0.34996930, 0.34987569, 0.34950158, 0.59905368
0.21597944, 1.0000000, 0.49267909, 1.9697368, 6.7845926, 9.4675512, 9.6884022, 9.8040228, 9.8990135, 19.972591, 19.990915, 19.962538, 19.889574, 0.26969147, 0.31783372, 0.34466699, 0.34688225, 0.34803933, 0.34898984, 0.34986296, 0.34995458, 0.34981269, 0.34944788, 0.49267909
0.19903430, 1.0000000, 0.43128371, 1.4821440, 5.5284162, 9.5057898, 9.7096548, 9.8129301, 9.9004059, 19.969894, 19.987803, 19.948887, 19.881414, 0.26481727, 0.30527484, 0.34504989, 0.34709492, 0.34812847, 0.34900379, 0.34984946, 0.34993902, 0.34974444, 0.34940708, 0.43128371
0.17128217, 1.0000000, 0.33073249, 0.70368052, 3.5307777, 9.4042044, 9.6558285, 9.7807341, 9.8850880, 19.964647, 19.982393, 19.934750, 19.875237, 0.25703588, 0.28530493, 0.34403828, 0.34655750, 0.34780696, 0.34885076, 0.34982324, 0.34991196, 0.34967375, 0.34937617, 0.33073249
0.15237695, 0.87403029, 0.26223531, 0.14854968, 2.5704622, 8.6109943, 9.6450567, 9.7712746, 9.8785086, 19.960209, 19.975260, 19.921181, 19.870663, 0.25148547, 0.27570423, 0.33610931, 0.34645042, 0.34771270, 0.34878507, 0.34980103, 0.34987628, 0.34960592, 0.34935331, 0.26223531
0.14274764, 0.75774580, 0.22734648, 0.0000000, 2.1126747, 7.6926651, 9.6572142, 9.7769728, 9.8800907, 19.957577, 19.966665, 19.908968, 19.867363, 0.24999435, 0.27112660, 0.32692635, 0.34657207, 0.34776971, 0.34880090, 0.34978789, 0.34983331, 0.34954482, 0.34933680, 0.22734648
0.13777155, 0.69765407, 0.20931716, 0.0000000, 1.8333465, 7.0402780, 9.6920023, 9.7969389, 9.8884830, 19.955767, 19.956682, 19.898434, 19.864975, 0.24999435, 0.26833296, 0.32040182, 0.34691975, 0.34796926, 0.34888476, 0.34977883, 0.34978342, 0.34949216, 0.34932488, 0.20931716
0.13034812, 0.60800821, 0.18242070, 0.0000000, 1.3920248, 6.1394339, 9.6544380, 9.7766819, 9.8801746, 19.950981, 19.944895, 19.889462, 19.863218, 0.24999435, 0.26392025, 0.31139433, 0.34654438, 0.34776682, 0.34880173, 0.34975490, 0.34972447, 0.34944731, 0.34931609, 0.18242070
0.12243121, 0.51240295, 0.15373626, 0.0000000, 0.93848407, 5.1440363, 9.6184816, 9.7542133, 9.8688736, 19.943953, 19.932234, 19.882061, 19.861925, 0.24999435, 0.25938484, 0.30144036, 0.34618482, 0.34754214, 0.34868872, 0.34971976, 0.34966117, 0.34941030, 0.34930962, 0.15373626
0.11712012, 0.44826567, 0.13449316, 0.0000000, 0.68363249, 4.3660073, 9.6376972, 9.7634916, 9.8714561, 19.938417, 19.920364, 19.876320, 19.861055, 0.24999435, 0.25683632, 0.29366007, 0.34637696, 0.34763491, 0.34871456, 0.34969208, 0.34960181, 0.34938160, 0.34930527, 0.13449316
0.35599655, 1.0000000, 0.99998748, 9.9998655, 9.9999189, 9.9999609, 9.9999905, 9.9999962, 9.9999990, 19.999537, 19.954941, 19.872032, 19.860474, 0.34999827, 0.34999895, 0.34999949, 0.34999987, 0.34999996, 0.34999999, 0.34999770, 0.34977472, 0.34936017, 0.34930235, 0.99998748
0.35600001, 1.0000000, 1.0000000, 9.9999990, 9.9999990, 9.9999990, 9.9999990, 9.9999990, 9.9999990, 19.999998, 19.999998, 19.999998, 19.997992, 0.34999999, 0.34999999, 0.34999999, 0.34999999, 0.34999999, 0.34999999, 0.34999999, 0.34999999, 0.34999999, 0.34998995, 1.0000000
0.35581076, 1.0000000, 0.99931437, 9.9908829, 9.9945621, 9.9972792, 9.9994574, 9.9997225, 9.9999104, 19.999998, 19.999992, 19.999989, 19.991005, 0.34990558, 0.34994364, 0.34997180, 0.34999436, 0.34999713, 0.34999907, 0.34999999, 0.34999996, 0.34999993, 0.34995502, 0.99931437
0.33782077, 1.0000000, 0.93413323, 8.9662104, 9.6366301, 9.7967529, 9.9422407, 9.9703789, 9.9886131, 19.998545, 19.999611, 19.999336, 19.967539, 0.33966154, 0.34636593, 0.34796736, 0.34942237, 0.34970376, 0.34988612, 0.34999272, 0.34999806, 0.34999669, 0.34983769, 0.93413323
0.30863020, 1.0000000, 0.82837021, 7.0527692, 9.3960266, 9.6289501, 9.8511772, 9.9199200, 9.9664011, 19.993944, 19.998413, 19.996756, 19.945780, 0.32052770, 0.34396026, 0.34628952, 0.34851176, 0.34919921, 0.34966400, 0.34996971, 0.34999207, 0.34998378, 0.34972888, 0.82837021
0.26503339, 1.0000000, 0.67041081, 4.0244298, 9.2479887, 9.5141115, 9.7619629, 9.8638601, 9.9392214, 19.988079, 19.996847, 19.991478, 19.926643, 0.29024300, 0.34247810, 0.34514019, 0.34761944, 0.34863850, 0.34939218, 0.34994039, 0.34998423, 0.34995741, 0.34963322, 0.67041081
0.22873813, 1.0000000, 0.53890622, 2.3431091, 7.7028785, 9.4592438, 9.7027388, 9.8207893, 9.9144897, 19.981394, 19.994856, 19.983238, 19.910576, 0.27342945, 0.32702556, 0.34459046, 0.34702697, 0.34820768, 0.34914485, 0.34990698, 0.34997427, 0.34991619, 0.34955287, 0.53890622
0.20180589, 1.0000000, 0.44132569, 1.5373081, 5.8048072, 9.4411898, 9.6818218, 9.8015604, 9.9006977, 19.976463, 19.992912, 19.972403, 19.897629, 0.26537308, 0.30804807, 0.34441191, 0.34681821, 0.34801561, 0.34900698, 0.34988230, 0.34996456, 0.34986201, 0.34948814, 0.44132569
0.17660090, 1.0000000, 0.35000327, 0.82387030, 3.9597473, 9.4266996, 9.6644335, 9.7868605, 9.8899097, 19.971348, 19.990120, 19.959517, 19.887522, 0.25823861, 0.28959721, 0.34426668, 0.34664428, 0.34786859, 0.34889910, 0.34985673, 0.34995061, 0.34979758, 0.34943759, 0.35000327
0.15935132, 0.95825344, 0.28750479, 0.34876764, 2.8918147, 8.9802227, 9.6674614, 9.7858553, 9.8869505, 19.967812, 19.986435, 19.945656, 19.879829, 0.25348717, 0.27891567, 0.33979839, 0.34667379, 0.34785813, 0.34886935, 0.34983906, 0.34993216, 0.34972829, 0.34939915, 0.28750479
0.14625430, 0.80009276, 0.24005184, 0.0000000, 2.3636460, 8.0370140, 9.6601667, 9.7807159, 9.8836088, 19.964561, 19.981131, 19.931715, 19.874071, 0.24999750, 0.27363539, 0.33036828, 0.34660122, 0.34780693, 0.34883600, 0.34982282, 0.34990567, 0.34965858, 0.34937036, 0.24005184
0.13663560, 0.68393648, 0.20520146, 0.0000000, 1.7732054, 6.9035363, 9.6284990, 9.7608662, 9.8739653, 19.960506, 19.973669, 19.918402, 19.869829, 0.24999750, 0.26773018, 0.31903169, 0.34628397, 0.34760815, 0.34873948, 0.34980252, 0.34986836, 0.34959200, 0.34934914, 0.20520146
0.12715769, 0.56948024, 0.17086117, 0.0000000, 1.2235940, 5.7201924, 9.6018019, 9.7429276, 9.8642378, 19.955742, 19.964144, 19.906366, 19.866705, 0.24999750, 0.26223573, 0.30720142, 0.34601784, 0.34742919, 0.34864235, 0.34977871, 0.34982073, 0.34953183, 0.34933352, 0.17086117
0.11844358, 0.46424800, 0.13928834, 0.0000000, 0.75342953, 4.5619378, 9.5818758, 9.7290411, 9.8561163, 19.950357, 19.952929, 19.895979, 19.864441, 0.24999750, 0.25753295, 0.29561526, 0.34581703, 0.34728953, 0.34856087, 0.34975177, 0.34976465, 0.34947988, 0.34932220, 0.13928834
0.11317495, 0.40062353, 0.12019908, 0.0000000, 0.53101778, 3.7251346, 9.6132212, 9.7467384, 9.8634720, 19.947577, 19.941530, 19.887554, 19.862848, 0.24999750, 0.25531018, 0.28725135, 0.34613222, 0.34746739, 0.34863472, 0.34973788, 0.34970766, 0.34943777, 0.34931424, 0.12019908
0.10849625, 0.34412318, 0.10324728, 0.0000000, 0.32998919, 2.9952602, 9.6200008, 9.7519503, 9.8660479, 19.943113, 19.929594, 19.880680, 19.861713, 0.24999750, 0.25329968, 0.27995166, 0.34619942, 0.34751922, 0.34866038, 0.34971556, 0.34964797, 0.34940341, 0.34930855, 0.10324728
0.10581509, 0.31174529, 0.93532942E-1, 0.0000000, 0.18738210, 2.6987731, 9.2862158, 9.7578621, 9.8688622, 19.937963, 19.918036, 19.875311, 19.860920, 0.24999750, 0.25187382, 0.27698773, 0.34286216, 0.34757861, 0.34868863, 0.34968981, 0.34959018, 0.34937656, 0.34930462, 0.93532942E-1
0.10365083, 0.28560948, 0.85691415E-1, 0.0000000, 0.94279647E-1, 2.4279981, 8.9574785, 9.7611904, 9.8703775, 19.932205, 19.907454, 19.871178, 19.860355, 0.24999750, 0.25094256, 0.27427682, 0.33957246, 0.34761062, 0.34870335, 0.34966102, 0.34953725, 0.34935588, 0.34930179, 0.85691415E-1
0.35594302, 1.0000000, 0.99979353, 9.9977255, 9.9986372, 9.9993172, 9.9998627, 9.9999342, 9.9999790, 19.999998, 19.999998, 19.999990, 19.992998, 0.34997159, 0.34998298, 0.34999147, 0.34999830, 0.34999916, 0.34999973, 0.34999999, 0.34999999, 0.34999996, 0.34996498, 0.99979353
0.35600001, 1.0000000, 1.0000000, 9.9999990, 9.9999990, 9.9999990, 9.9999990, 9.9999990, 9.9999990, 19.999998, 19.999992, 19.999998, 19.996996, 0.34999999, 0.34999999, 0.34999999, 0.34999999, 0.34999999, 0.34999999, 0.34999999, 0.34999996, 0.34999999, 0.34998497, 1.0000000
0.35600001, 1.0000000, 1.0000000, 9.9999990, 9.9999990, 9.9999990, 9.9999990, 9.9999990, 9.9999990, 19.999998, 19.999998, 19.999998, 19.997997, 0.34999999, 0.34999999, 0.34999999, 0.34999999, 0.34999999, 0.34999999, 0.34999999, 0.34999999, 0.34999999, 0.34998998, 1.0000000
0.35394526, 1.0000000, 0.99255514, 9.8960428, 9.9413853, 9.9703236, 9.9939528, 9.9969635, 9.9989862, 19.999998, 19.999998, 19.999989, 19.991005, 0.34895763, 0.34941217, 0.34970242, 0.34993935, 0.34996954, 0.34998983, 0.34999999, 0.34999999, 0.34999993, 0.34995502, 0.99255514
0.33561856, 1.0000000, 0.92615414, 8.8357649, 9.5997362, 9.7749758, 9.9359732, 9.9671421, 9.9874296, 19.998466, 19.999599, 19.999805, 19.982075, 0.33835721, 0.34599707, 0.34774962, 0.34935969, 0.34967139, 0.34987429, 0.34999233, 0.34999800, 0.34999901, 0.34991038, 0.92615414
0.30140376, 1.0000000, 0.80218744, 6.5424290, 9.3808651, 9.6167240, 9.8443222, 9.9157896, 9.9649897, 19.994177, 19.998478, 19.998459, 19.959099, 0.31542429, 0.34380865, 0.34616724, 0.34844321, 0.34915790, 0.34964991, 0.34997088, 0.34999239, 0.34999231, 0.34979549, 0.80218744
0.33276021, 1.0000000, 0.91579777, 8.8671656, 9.3277111, 9.5648880, 9.7847271, 9.8763247, 9.9451733, 19.990063, 19.997393, 19.994999, 19.938265, 0.33867079, 0.34327653, 0.34564859, 0.34784722, 0.34876323, 0.34945172, 0.34995031, 0.34998697, 0.34997499, 0.34969133, 0.91579777
0.35600001, 1.0000000, 1.0000000, 9.9999990, 9.9999990, 9.9999990, 9.9999990, 9.9999990, 9.9999990, 19.999998, 19.999998, 19.999998, 19.998999, 0.34999999, 0.34999999, 0.34999999, 0.34999999, 0.34999999, 0.34999999, 0.34999999, 0.34999999, 0.34999999, 0.34999499, 1.0000000
0.35295147, 1.0000000, 0.98895454, 9.9799166, 9.7767735, 9.7922878, 9.9408455, 9.9696589, 9.9883633, 19.998556, 19.999630, 19.999825, 19.983057, 0.34979916, 0.34776774, 0.34792286, 0.34940845, 0.34969658, 0.34988362, 0.34999278, 0.34999815, 0.34999913, 0.34991530, 0.98895454
0.33235699, 1.0000000, 0.91433686, 8.7754345, 9.3928804, 9.6227922, 9.8560381, 9.9228020, 9.9688807, 19.995653, 19.998873, 19.998629, 19.960049, 0.33775434, 0.34392881, 0.34622791, 0.34856039, 0.34922802, 0.34968880, 0.34997827, 0.34999436, 0.34999314, 0.34980023, 0.91433686
0.35518771, 1.0000000, 0.99705684, 9.9993153, 9.9912634, 9.8736563, 9.8109980, 9.8923445, 9.9532604, 19.992414, 19.998013, 19.995356, 19.939114, 0.34999317, 0.34991264, 0.34873655, 0.34810999, 0.34892344, 0.34953260, 0.34996206, 0.34999007, 0.34997678, 0.34969556, 0.99705684
0.35600001, 1.0000000, 1.0000000, 9.9999990, 9.9999990, 9.9999990, 9.9999990, 9.9999990, 9.9999990, 19.999998, 19.999998, 19.999998, 19.998999, 0.34999999, 0.34999999, 0.34999999, 0.34999999, 0.34999999, 0.34999999, 0.34999999, 0.34999999, 0.34999999, 0.34999499, 1.0000000
0.35600001, 1.0000000, 1.0000000, 9.9999990, 9.9999990, 9.9999990, 9.9999990, 9.9999990, 9.9999990, 19.999998, 19.999998, 19.999998, 19.997997, 0.34999999, 0.34999999, 0.34999999, 0.34999999, 0.34999999, 0.34999999, 0.34999999, 0.34999999, 0.34999999, 0.34998998, 1.0000000
0.33773452, 1.0000000, 0.93382066, 8.9684191, 9.6251764, 9.7915096, 9.9428759, 9.9707680, 9.9889765, 19.998789, 19.999678, 19.999647, 19.974253, 0.33968318, 0.34625110, 0.34791479, 0.34942871, 0.34970763, 0.34988976, 0.34999394, 0.34999838, 0.34999824, 0.34987128, 0.93382066
0.32284948, 1.0000000, 0.87988937, 7.9776206, 9.5223627, 9.7147236, 9.9016094, 9.9478931, 9.9798250, 19.997805, 19.999426, 19.997921, 19.951946, 0.32977620, 0.34522364, 0.34714723, 0.34901610, 0.34947893, 0.34979826, 0.34998903, 0.34999713, 0.34998959, 0.34975973, 0.87988937
0.30088407, 1.0000000, 0.80030453, 6.4856548, 9.4069567, 9.6297646, 9.8393784, 9.9112701, 9.9628630, 19.994404, 19.998543, 19.993654, 19.931997, 0.31485656, 0.34406957, 0.34629765, 0.34839380, 0.34911269, 0.34962863, 0.34997201, 0.34999272, 0.34996825, 0.34965998, 0.80030453
0.27978268, 1.0000000, 0.72385025, 5.0174804, 9.3409500, 9.5735579, 9.7859840, 9.8760405, 9.9444485, 19.990170, 19.997337, 19.986439, 19.915047, 0.30017480, 0.34340951, 0.34573558, 0.34785983, 0.34876040, 0.34944448, 0.34995085, 0.34998667, 0.34993219, 0.34957522, 0.72385025
0.29087001, 1.0000000, 0.76402169, 5.7924476, 9.3790226, 9.5936441, 9.7837210, 9.8690519, 9.9380732, 19.988331, 19.996414, 19.976572, 19.901245, 0.30792448, 0.34379023, 0.34593645, 0.34783721, 0.34869051, 0.34938073, 0.34994167, 0.34998208, 0.34988287, 0.34950623, 0.76402169
0.26197284, 1.0000000, 0.65932190, 3.7336893, 9.3392992, 9.5648575, 9.7652187, 9.8551693, 9.9293060, 19.985838, 19.994713, 19.964386, 19.890358, 0.28733152, 0.34338495, 0.34564447, 0.34765136, 0.34855127, 0.34929290, 0.34992918, 0.34997356, 0.34982193, 0.34945178, 0.65932190
0.35517377, 1.0000000, 0.99700630, 9.9585838, 9.9756622, 9.9877739, 9.9975357, 9.9987621, 9.9995880, 19.999998, 19.999998, 19.999990, 19.991999, 0.34958583, 0.34975663, 0.34987774, 0.34997535, 0.34998763, 0.34999588, 0.34999999, 0.34999999, 0.34999996, 0.34996000, 0.99700630
0.35540879, 1.0000000, 0.99785781, 9.9923277, 9.9895296, 9.9158850, 9.9527349, 9.9757996, 9.9906139, 19.998718, 19.999659, 19.999863, 19.984043, 0.34992328, 0.34989530, 0.34915885, 0.34952736, 0.34975800, 0.34990615, 0.34999359, 0.34999830, 0.34999931, 0.34992021, 0.99785781
0.35600001, 1.0000000, 1.0000000, 9.9999990, 9.9999990, 9.9999990, 9.9999990, 9.9999990, 9.9999962, 19.999998, 19.999998, 19.999998, 19.996996, 0.34999999, 0.34999999, 0.34999999, 0.34999999, 0.34999999, 0.34999996, 0.34999999, 0.34999999, 0.34999999, 0.34998497, 1.0000000
0.34902358, 1.0000000, 0.97472316, 9.6277027, 9.8266125, 9.9085274, 9.9770784, 9.9883995, 9.9956350, 19.999493, 19.999868, 19.999937, 19.987009, 0.34627703, 0.34826612, 0.34908527, 0.34977078, 0.34988400, 0.34995633, 0.34999746, 0.34999934, 0.34999970, 0.34993505, 0.97472316
0.35560524, 1.0000000, 0.99856961, 9.9802656, 9.9882936, 9.9941349, 9.9988222, 9.9994125, 9.9998026, 19.999998, 19.999998, 19.999989, 19.991005, 0.34980267, 0.34988293, 0.34994134, 0.34998822, 0.34999412, 0.34999803, 0.34999999, 0.34999999, 0.34999993, 0.34995502, 0.99856961
0.33613330, 1.0000000, 0.92801923, 8.8641777, 9.6112556, 9.7813282, 9.9361410, 9.9671755, 9.9872007, 19.998228, 19.999535, 19.999769, 19.981062, 0.33864176, 0.34611255, 0.34781328, 0.34936142, 0.34967175, 0.34987199, 0.34999114, 0.34999767, 0.34999883, 0.34990531, 0.92801923
0.33215517, 1.0000000, 0.91360551, 8.7499905, 9.4108181, 9.6234608, 9.8543034, 9.9216185, 9.9681406, 19.995310, 19.998783, 19.998444, 19.958191, 0.33749992, 0.34410816, 0.34623462, 0.34854305, 0.34921619, 0.34968141, 0.34997654, 0.34999391, 0.34999222, 0.34979096, 0.91360551
0.35599166, 1.0000000, 0.99996984, 9.9995852, 9.9997492, 9.9998741, 9.9999752, 9.9999876, 9.9999962, 19.999998, 19.999998, 19.999998, 19.994993, 0.34999585, 0.34999749, 0.34999874, 0.34999976, 0.34999987, 0.34999996, 0.34999999, 0.34999999, 0.34999999, 0.34997496, 0.99996984
0.35600001, 1.0000000, 1.0000000, 9.9999990, 9.9999990, 9.9999990, 9.9999990, 9.9999990, 9.9999990, 19.999998, 19.999998, 19.999998, 19.996996, 0.34999999, 0.34999999, 0.34999999, 0.34999999, 0.34999999, 0.34999999, 0.34999999, 0.34999999, 0.34999999, 0.34998497, 1.0000000
0.35598981, 1.0000000, 0.99996293, 9.9999990, 9.9999990, 9.9999952, 9.9935722, 9.9894619, 9.9960403, 19.999546, 19.999880, 19.999935, 19.985044, 0.34999999, 0.34999999, 0.34999996, 0.34993571, 0.34989461, 0.34996039, 0.34999773, 0.34999940, 0.34999967, 0.34992522, 0.99996293
0.34971690, 1.0000000, 0.97723496, 9.7116098, 9.7832565, 9.8845425, 9.9710789, 9.9853344, 9.9945364, 19.999432, 19.999849, 19.999825, 19.979128, 0.34711611, 0.34783256, 0.34884542, 0.34971079, 0.34985334, 0.34994537, 0.34999716, 0.34999925, 0.34999913, 0.34989566, 0.97723496
0.35600001, 1.0000000, 0.99999988, 9.9999990, 9.9999962, 9.9999990, 9.9999990, 9.9999962, 9.9999990, 19.999998, 19.999998, 19.999998, 19.994993, 0.34999999, 0.34999996, 0.34999999, 0.34999999, 0.34999996, 0.34999999, 0.34999999, 0.34999999, 0.34999999, 0.34997496, 0.99999988
0.32279775, 1.0000000, 0.87970197, 8.0424976, 9.4345255, 9.6656065, 9.8862133, 9.9404087, 9.9758778, 19.996040, 19.998968, 19.999348, 19.971315, 0.33042496, 0.34434527, 0.34665605, 0.34886214, 0.34940410, 0.34975877, 0.34998021, 0.34999484, 0.34999675, 0.34985659, 0.87970197
0.27422854, 1.0000000, 0.70372659, 4.6940374, 9.2409010, 9.5134506, 9.7718344, 9.8721085, 9.9441910, 19.989412, 19.997238, 19.996984, 19.949183, 0.29694039, 0.34240901, 0.34513450, 0.34771836, 0.34872109, 0.34944192, 0.34994707, 0.34998620, 0.34998491, 0.34974593, 0.70372659
0.23000388, 1.0000000, 0.54349226, 2.5330663, 7.5532537, 9.4324389, 9.6914272, 9.8157043, 9.9139233, 19.982519, 19.995390, 19.992090, 19.929562, 0.27533066, 0.32553253, 0.34432438, 0.34691426, 0.34815705, 0.34913924, 0.34991258, 0.34997696, 0.34996045, 0.34964782, 0.54349226
0.21208845, 1.0000000, 0.47858134, 2.0485969, 6.1572032, 9.5058393, 9.7188559, 9.8234501, 9.9122162, 19.980865, 19.994780, 19.984671, 19.913073, 0.27048597, 0.31157202, 0.34505838, 0.34718856, 0.34823450, 0.34912217, 0.34990433, 0.34997389, 0.34992334, 0.34956536, 0.47858134
0.31451309, 1.0000000, 0.84968501, 7.4543023, 9.4392986, 9.6480312, 9.7764463, 9.8533335, 9.9220562, 19.980442, 19.994129, 19.974581, 19.899693, 0.32454303, 0.34439299, 0.34648031, 0.34776446, 0.34853333, 0.34922057, 0.34990221, 0.34997064, 0.34987289, 0.34949845, 0.84968501
0.28198212, 1.0000000, 0.73181927, 5.2000999, 9.3209715, 9.5488081, 9.7463350, 9.8376932, 9.9147015, 19.977306, 19.992052, 19.962122, 19.889156, 0.30200100, 0.34320971, 0.34548807, 0.34746334, 0.34837693, 0.34914702, 0.34988654, 0.34996027, 0.34981060, 0.34944579, 0.73181927
0.33594519, 1.0000000, 0.92733765, 9.0399733, 9.4190245, 9.5849943, 9.7570982, 9.8426609, 9.9157867, 19.975513, 19.989164, 19.948492, 19.881119, 0.34039974, 0.34419024, 0.34584993, 0.34757099, 0.34842661, 0.34915787, 0.34987757, 0.34994581, 0.34974247, 0.34940559, 0.92733765
0.35596001, 1.0000000, 0.99985510, 9.9980087, 9.9988012, 9.9994030, 9.9998798, 9.9999371, 9.9999819, 19.999998, 19.999998, 19.999990, 19.992998, 0.34998009, 0.34998801, 0.34999403, 0.34999880, 0.34999937, 0.34999982, 0.34999999, 0.34999999, 0.34999996, 0.34996498, 0.99985510
0.32924193, 1.0000000, 0.90305048, 8.4322643, 9.5279207, 9.7280407, 9.9171782, 9.9571400, 9.9833679, 19.997841, 19.999439, 19.999382, 19.969414, 0.33432263, 0.34527922, 0.34728041, 0.34917179, 0.34957141, 0.34983367, 0.34998921, 0.34999719, 0.34999692, 0.34984708, 0.90305048
0.29576397, 1.0000000, 0.78175354, 6.1612277, 9.3467846, 9.5953922, 9.8363914, 9.9110813, 9.9636803, 19.994827, 19.998657, 19.997087, 19.947517, 0.31161228, 0.34346783, 0.34595391, 0.34836391, 0.34911081, 0.34963679, 0.34997413, 0.34999329, 0.34998542, 0.34973758, 0.78175354
0.26102984, 1.0000000, 0.65590519, 3.7010593, 9.2863550, 9.5421333, 9.7815361, 9.8745432, 9.9458876, 19.992176, 19.997953, 19.992298, 19.928211, 0.28701061, 0.34286356, 0.34542134, 0.34781536, 0.34874544, 0.34945887, 0.34996086, 0.34998977, 0.34996149, 0.34964105, 0.65590519
0.23588589, 1.0000000, 0.56480390, 2.5132060, 8.2422419, 9.5277195, 9.7507477, 9.8505697, 9.9310436, 19.988686, 19.996895, 19.984529, 19.911922, 0.27512944, 0.33241731, 0.34527421, 0.34750688, 0.34850541, 0.34931034, 0.34994343, 0.34998447, 0.34992266, 0.34955961, 0.56480390
0.21132518, 1.0000000, 0.47581586, 1.7876685, 6.5118337, 9.4821701, 9.7162056, 9.8255701, 9.9157753, 19.984720, 19.995325, 19.973970, 19.898726, 0.26787668, 0.31511834, 0.34482169, 0.34716207, 0.34825569, 0.34915775, 0.34992361, 0.34997663, 0.34986985, 0.34949362, 0.47581586
0.18921039, 1.0000000, 0.39568982, 1.2066156, 4.8207235, 9.4648390, 9.6985874, 9.8107872, 9.9055777, 19.981531, 19.993223, 19.961372, 19.888384, 0.26206616, 0.29820722, 0.34464839, 0.34698588, 0.34810787, 0.34905577, 0.34990767, 0.34996611, 0.34980685, 0.34944192, 0.39568982
0.17022499, 1.0000000, 0.32690212, 0.75365007, 3.2908707, 9.4525824, 9.6884460, 9.8021526, 9.8991947, 19.978849, 19.990042, 19.947598, 19.880510, 0.25753579, 0.28290683, 0.34452313, 0.34688392, 0.34802127, 0.34899184, 0.34989426, 0.34995019, 0.34973800, 0.34940255, 0.32690212
0.15852043, 0.94821942, 0.28449428, 0.44620335, 2.6529372, 8.9222288, 9.7006807, 9.8072042, 9.8993511, 19.976711, 19.985338, 19.933640, 19.874626, 0.25446203, 0.27652937, 0.33922228, 0.34700680, 0.34807205, 0.34899351, 0.34988356, 0.34992668, 0.34966820, 0.34937313, 0.28449428
0.14927658, 0.83658987, 0.25100207, 0.29225051, 2.2147865, 8.0841341, 9.6845989, 9.7979078, 9.8946533, 19.973808, 19.978514, 19.920288, 19.870258, 0.25292206, 0.27214587, 0.33083767, 0.34684512, 0.34797862, 0.34894639, 0.34986904, 0.34989256, 0.34960145, 0.34935129, 0.25100207
0.13849938, 0.70644355, 0.21195427, 0.29551983E-1, 1.8003702, 7.1901298, 9.6693926, 9.7881079, 9.8898296, 19.971094, 19.969746, 19.908207, 19.867060, 0.25029543, 0.26800027, 0.32189447, 0.34669209, 0.34788015, 0.34889796, 0.34985548, 0.34984872, 0.34954104, 0.34933531, 0.21195427
0.12995917, 0.60331130, 0.18101150, 0.0000000, 1.3419747, 6.1503854, 9.6354418, 9.7669201, 9.8794928, 19.966879, 19.958954, 19.897661, 19.864729, 0.24999271, 0.26341975, 0.31150386, 0.34635442, 0.34766918, 0.34879494, 0.34983438, 0.34979478, 0.34948832, 0.34932363, 0.18101150
0.12262493, 0.51474243, 0.15443817, 0.0000000, 0.97236037, 5.1248298, 9.6141863, 9.7527809, 9.8722343, 19.962736, 19.947111, 19.888878, 19.863071, 0.24999271, 0.25972185, 0.30124363, 0.34614012, 0.34752691, 0.34872204, 0.34981367, 0.34973556, 0.34944439, 0.34931535, 0.15443817
0.11533451, 0.42670253, 0.12802356, 0.0000000, 0.63870549, 4.0393958, 9.5810070, 9.7316589, 9.8619013, 19.957411, 19.934692, 19.881748, 19.861885, 0.24999271, 0.25638705, 0.29039395, 0.34581006, 0.34731659, 0.34861901, 0.34978706, 0.34967345, 0.34940875, 0.34930941, 0.12802356
0.19287571, 1.0000000, 0.40896997, 2.2857785, 3.6113737, 9.1945515, 9.6273012, 9.7559204, 9.8696136, 19.951748, 19.922663, 19.876179, 19.861038, 0.27285480, 0.28611091, 0.34194192, 0.34627226, 0.34755883, 0.34869602, 0.34975874, 0.34961331, 0.34938091, 0.34930518, 0.40896997
0.23973642, 1.0000000, 0.57875514, 2.9174984, 8.0973959, 9.4269114, 9.6532488, 9.7716913, 9.8747120, 19.942743, 19.910851, 19.871700, 19.860392, 0.27917498, 0.33097395, 0.34426910, 0.34653249, 0.34771693, 0.34874713, 0.34971371, 0.34955424, 0.34935850, 0.34930196, 0.57875514
0.28661546, 1.0000000, 0.74860668, 5.5559187, 9.2843733, 9.5644064, 9.7199478, 9.8104753, 9.8907709, 19.935179, 19.900852, 19.868412, 19.859985, 0.30555832, 0.34284288, 0.34564361, 0.34719938, 0.34810469, 0.34890768, 0.34967589, 0.34950426, 0.34934205, 0.34929994, 0.74860668
0.35397321, 1.0000000, 0.99265647, 9.8973904, 9.9417400, 9.9705162, 9.9940004, 9.9969902, 9.9989948, 19.999998, 19.999998, 19.999989, 19.991005, 0.34897390, 0.34941739, 0.34970516, 0.34994000, 0.34996989, 0.34998995, 0.34999999, 0.34999999, 0.34999993, 0.34995502, 0.99265647
0.33783144, 1.0000000, 0.93417174, 9.0418081, 9.5448618, 9.7368574, 9.9181929, 9.9575987, 9.9834089, 19.997715, 19.999403, 19.999275, 19.967520, 0.34041807, 0.34544861, 0.34736857, 0.34918192, 0.34957600, 0.34983408, 0.34998858, 0.34999701, 0.34999639, 0.34983760, 0.93417174
0.30181980, 1.0000000, 0.80369490, 6.6030836, 9.3442001, 9.5920334, 9.8306599, 9.9076271, 9.9615850, 19.993856, 19.998396, 19.996750, 19.945799, 0.31603083, 0.34344199, 0.34592032, 0.34830660, 0.34907627, 0.34961584, 0.34996927, 0.34999198, 0.34998375, 0.34972900, 0.80369490
0.26729876, 1.0000000, 0.67861861, 4.1469975, 9.2979813, 9.5475826, 9.7784519, 9.8721590, 9.9435492, 19.990364, 19.997486, 19.991652, 19.926691, 0.29146999, 0.34297982, 0.34547582, 0.34778452, 0.34872159, 0.34943551, 0.34995180, 0.34998745, 0.34995824, 0.34963346, 0.67861861
0.24366772, 1.0000000, 0.59299892, 2.8155923, 8.6626492, 9.5538187, 9.7643557, 9.8577642, 9.9337349, 19.988289, 19.996773, 19.983728, 19.910692, 0.27815476, 0.33662435, 0.34553701, 0.34764332, 0.34857753, 0.34933731, 0.34994143, 0.34998387, 0.34991863, 0.34955347, 0.59299892
0.22505552, 1.0000000, 0.52556342, 2.2697449, 7.3360124, 9.5348663, 9.7495823, 9.8455181, 9.9251852, 19.986006, 19.995579, 19.973093, 19.897762, 0.27269691, 0.32335910, 0.34534800, 0.34749568, 0.34845513, 0.34925184, 0.34993002, 0.34997791, 0.34986547, 0.34948879, 0.52556342
0.20460781, 1.0000000, 0.45147756, 1.6896755, 5.8529487, 9.5044003, 9.7272682, 9.8296680, 9.9154186, 19.983135, 19.993505, 19.960377, 19.887659, 0.26689354, 0.30852279, 0.34503856, 0.34727159, 0.34829611, 0.34915400, 0.34991568, 0.34996754, 0.34980190, 0.34943831, 0.45147756
0.18643831, 1.0000000, 0.38564605, 1.2188226, 4.4536152, 9.4864168, 9.7146559, 9.8198814, 9.9089098, 19.980785, 19.990297, 19.946558, 19.879965, 0.26218638, 0.29453212, 0.34485987, 0.34714571, 0.34819838, 0.34908894, 0.34990394, 0.34995148, 0.34973279, 0.34939983, 0.38564605
0.16396147, 1.0000000, 0.30420822, 0.61232150, 2.9498787, 9.0989580, 9.6652832, 9.7891731, 9.8934288, 19.976625, 19.984932, 19.932480, 19.874195, 0.25612250, 0.27949670, 0.34098634, 0.34665215, 0.34789139, 0.34893417, 0.34988314, 0.34992465, 0.34966239, 0.34937099, 0.30420822
0.14661157, 0.80440694, 0.24134623, 0.14033616, 2.2639008, 7.8627057, 9.6289644, 9.7646103, 9.8801279, 19.972506, 19.977581, 19.919119, 19.869928, 0.25140333, 0.27263868, 0.32862645, 0.34628949, 0.34764606, 0.34880126, 0.34986252, 0.34988791, 0.34959561, 0.34934965, 0.24134623
0.13403003, 0.65247136, 0.19576098, 0.0000000, 1.6456008, 6.5379148, 9.5998545, 9.7440853, 9.8688250, 19.968784, 19.968376, 19.907118, 19.866812, 0.24996249, 0.26645184, 0.31537086, 0.34599611, 0.34743962, 0.34868783, 0.34984392, 0.34984189, 0.34953558, 0.34933406, 0.19576098
0.12594023, 0.55477834, 0.16645014, 0.0000000, 1.2108922, 5.4527588, 9.6051512, 9.7450123, 9.8669138, 19.964907, 19.957531, 19.896751, 19.864553, 0.24996249, 0.26210377, 0.30451599, 0.34604743, 0.34744805, 0.34866846, 0.34982455, 0.34978765, 0.34948376, 0.34932277, 0.16645014
0.11867297, 0.46701822, 0.14011948, 0.0000000, 0.85135102, 4.4186959, 9.5945549, 9.7384243, 9.8634787, 19.960693, 19.945633, 19.888132, 19.862936, 0.24996249, 0.25851017, 0.29417825, 0.34594175, 0.34738234, 0.34863412, 0.34980348, 0.34972817, 0.34944066, 0.34931469, 0.14011948
0.11190049, 0.38523316, 0.11558151, 0.0000000, 0.53809881, 3.4119186, 9.5793571, 9.7284327, 9.8580770, 19.954981, 19.933157, 19.881128, 19.861761, 0.24996249, 0.25538099, 0.28411919, 0.34579358, 0.34728432, 0.34858078, 0.34977490, 0.34966579, 0.34940565, 0.34930879, 0.11558151
0.10615263, 0.31582147, 0.94755918E-1, 0.0000000, 0.24780929, 2.6787877, 9.2213659, 9.7065239, 9.8468027, 19.947226, 19.920673, 19.875517, 19.860920, 0.24996249, 0.25247750, 0.27678466, 0.34221146, 0.34706408, 0.34846765, 0.34973612, 0.34960335, 0.34937757, 0.34930462, 0.94755918E-1
0.10199036, 0.26555747, 0.79675205E-1, 0.0000000, 0.47230721E-1, 2.1903574, 8.6506605, 9.6929617, 9.8386440, 19.938585, 19.909096, 19.871189, 19.860321, 0.24996249, 0.25047213, 0.27189955, 0.33650342, 0.34692782, 0.34838584, 0.34969294, 0.34954548, 0.34935594, 0.34930161, 0.79675205E-1
0.99282101E-1, 0.23285228, 0.69862671E-1, 0.0000000, 0.0000000, 1.7524123, 8.0522404, 9.6774683, 9.8301773, 19.929506, 19.898872, 19.867907, 19.859909, 0.24996249, 0.24999662, 0.26751795, 0.33051673, 0.34677127, 0.34830061, 0.34964752, 0.34949437, 0.34933954, 0.34929955, 0.69862671E-1
0.96110746E-1, 0.19455479, 0.58372274E-1, 0.0000000, 0.0000000, 1.1736870, 7.1538858, 9.6054621, 9.7942171, 19.917631, 19.889549, 19.865295, 19.859575, 0.24996249, 0.24999662, 0.26173687, 0.32153887, 0.34605461, 0.34794217, 0.34958816, 0.34944776, 0.34932649, 0.34929788, 0.58372274E-1
0.93874067E-1, 0.16754447, 0.50268371E-1, 0.0000000, 0.0000000, 0.80362558, 6.3075042, 9.6031809, 9.7877522, 19.907410, 19.882143, 19.863441, 19.859356, 0.24996249, 0.24999662, 0.25803295, 0.31306985, 0.34602788, 0.34787619, 0.34953704, 0.34941071, 0.34931719, 0.34929678, 0.50268371E-1
0.91496997E-1, 0.13883871, 0.41655779E-1, 0.0000000, 0.0000000, 0.44337213, 5.2682557, 9.5479727, 9.7587643, 19.896332, 19.875790, 19.861938, 19.859222, 0.24996249, 0.24999662, 0.25443336, 0.30268171, 0.34547895, 0.34758738, 0.34948164, 0.34937894, 0.34930968, 0.34929612, 0.41655779E-1
0.89319140E-1, 0.11253876, 0.33765007E-1, 0.0000000, 0.0000000, 0.16562343, 4.0605102, 9.4932585, 9.7271166, 19.885286, 19.870472, 19.860806, 19.859116, 0.24996249, 0.24999662, 0.25165513, 0.29059970, 0.34492630, 0.34726903, 0.34942645, 0.34935236, 0.34930402, 0.34929559, 0.33765007E-1
0.87695047E-1, 0.92926078E-1, 0.27880613E-1, 0.0000000, 0.0000000, 0.10594726E-1, 2.9611020, 9.3253412, 9.7088556, 19.876280, 19.866478, 19.859999, 19.859022, 0.24996249, 0.24999662, 0.25010583, 0.27960414, 0.34324259, 0.34708479, 0.34938139, 0.34933239, 0.34930000, 0.34929511, 0.27880613E-1
0.87012038E-1, 0.84677957E-1, 0.25405928E-1, 0.0000000, 0.0000000, 0.0000000, 2.5775075, 8.5497932, 9.7032099, 19.868567, 19.863377, 19.859402, 19.858934, 0.24996249, 0.24999662, 0.24999571, 0.27577010, 0.33548966, 0.34702897, 0.34934282, 0.34931690, 0.34929702, 0.34929466, 0.25405928E-1
0.86419083E-1, 0.77517435E-1, 0.23257557E-1, 0.0000000, 0.0000000, 0.0000000, 2.2357912, 7.8035588, 9.6987753, 19.862715, 19.861155, 19.859003, 19.858856, 0.24996249, 0.24999662, 0.24999571, 0.27235031, 0.32802233, 0.34698227, 0.34931356, 0.34930578, 0.34929502, 0.34929428, 0.23257557E-1
0.85761711E-1, 0.69578908E-1, 0.20875759E-1, 0.0000000, 0.0000000, 0.0000000, 1.8661499, 6.9616041, 9.6770859, 19.856833, 19.859163, 19.858601, 19.858768, 0.24996249, 0.24999662, 0.24999571, 0.26865566, 0.31960514, 0.34676579, 0.34928417, 0.34929582, 0.34929299, 0.34929383, 0.20875759E-1
0.85244589E-1, 0.63334122E-1, 0.19002138E-1, 0.0000000, 0.0000000, 0.0000000, 1.6022354, 6.2365260, 9.6868019, 19.855295, 19.858425, 19.858471, 19.858757, 0.24996249, 0.24999662, 0.24999571, 0.26601806, 0.31235689, 0.34686369, 0.34927648, 0.34929213, 0.34929234, 0.34929377, 0.19002138E-1
0.14710185, 0.81032783, 0.24312267, 2.3335040, 2.2442551, 2.4572582, 2.2456288, 7.1248655, 9.7749443, 19.852053, 19.857342, 19.858236, 19.858709, 0.27332804, 0.27243850, 0.27457038, 0.27245587, 0.32124799, 0.34774914, 0.34926027, 0.34928671, 0.34929118, 0.34929353, 0.24312267
0.14607975, 0.79798484, 0.23941940, 2.5719643, 1.8451929, 2.2377431, 2.1818905, 6.9633088, 9.8171673, 19.850685, 19.856831, 19.858171, 19.858709, 0.27571964, 0.26845193, 0.27237743, 0.27181891, 0.31963310, 0.34817168, 0.34925342, 0.34928414, 0.34929085, 0.34929353, 0.23941940
0.15273662, 0.87837374, 0.26353848, 2.4921596, 2.3871689, 2.3693113, 4.3616815, 9.1798449, 9.8418341, 19.850788, 19.856771, 19.858200, 19.858709, 0.27492160, 0.27387169, 0.27369311, 0.29361683, 0.34179845, 0.34841835, 0.34925395, 0.34928387, 0.34929100, 0.34929353, 0.26353848
0.14677344, 0.80636191, 0.24193276, 2.2046566, 2.2243321, 2.2869916, 3.7318463, 9.6937323, 9.8579063, 19.851768, 19.856966, 19.858288, 19.858709, 0.27204657, 0.27224332, 0.27286991, 0.28731847, 0.34693733, 0.34857905, 0.34925884, 0.34928483, 0.34929144, 0.34929353, 0.24193276
0.12905531, 0.59239608, 0.17773660, 1.3369173, 1.6998619, 2.0073235, 3.4217162, 9.7315092, 9.8451586, 19.849779, 19.856421, 19.858171, 19.858709, 0.26336917, 0.26699862, 0.27007324, 0.28421718, 0.34731510, 0.34845158, 0.34924889, 0.34928209, 0.34929085, 0.34929353, 0.17773660
0.15360752, 0.88889074, 0.26669389, 2.4858952, 2.3613124, 2.2041023, 6.3379130, 9.7133694, 9.8288212, 19.847763, 19.855871, 19.858061, 19.858709, 0.27485895, 0.27361313, 0.27204102, 0.31337914, 0.34713370, 0.34828821, 0.34923881, 0.34927934, 0.34929031, 0.34929353, 0.26669389
0.35600001, 1.0000000, 1.0000000, 9.9999990, 9.9999990, 9.9999990, 9.9999990, 9.9999990, 9.9999990, 19.999998, 19.999998, 19.999998, 19.997997, 0.34999999, 0.34999999, 0.34999999, 0.34999999, 0.34999999, 0.34999999, 0.34999999, 0.34999999, 0.34999999, 0.34998998, 1.0000000
0.33376217, 1.0000000, 0.91942799, 8.7488327, 9.5405540, 9.7376862, 9.9236126, 9.9606533, 9.9850578, 19.998323, 19.999563, 19.999611, 19.974239, 0.33748832, 0.34540555, 0.34737685, 0.34923613, 0.34960654, 0.34985059, 0.34999162, 0.34999782, 0.34999806, 0.34987119, 0.91942799
0.30213910, 1.0000000, 0.80485183, 6.5930901, 9.3840990, 9.6186676, 9.8456163, 9.9163427, 9.9657640, 19.994965, 19.998682, 19.997730, 19.951899, 0.31593090, 0.34384099, 0.34618667, 0.34845617, 0.34916341, 0.34965765, 0.34997481, 0.34999341, 0.34998864, 0.34975949, 0.80485183
0.25525677, 1.0000000, 0.63498831, 3.3403127, 9.2190676, 9.4931164, 9.7501297, 9.8566437, 9.9369707, 19.989300, 19.997177, 19.993294, 19.931929, 0.28340313, 0.34219068, 0.34493116, 0.34750131, 0.34856644, 0.34936970, 0.34994650, 0.34998590, 0.34996647, 0.34965965, 0.63498831
0.22058748, 1.0000000, 0.50937492, 1.9714028, 7.3465710, 9.4427996, 9.6950626, 9.8158455, 9.9133167, 19.983696, 19.995556, 19.985985, 19.914989, 0.26971403, 0.32346570, 0.34442800, 0.34695062, 0.34815845, 0.34913316, 0.34991848, 0.34997779, 0.34992993, 0.34957495, 0.50937492
0.19487607, 1.0000000, 0.41621763, 1.2538463, 5.4412818, 9.4408464, 9.6803646, 9.8001795, 9.9005966, 19.979132, 19.993887, 19.975933, 19.901146, 0.26253739, 0.30441004, 0.34440604, 0.34680313, 0.34800154, 0.34900588, 0.34989566, 0.34996945, 0.34987968, 0.34950572, 0.41621763
0.17331032, 1.0000000, 0.33808088, 0.70798397, 3.7436109, 9.4471207, 9.6763430, 9.7937126, 9.8938522, 19.975367, 19.991749, 19.963675, 19.890257, 0.25707984, 0.28743610, 0.34447122, 0.34676343, 0.34793714, 0.34893852, 0.34987682, 0.34995875, 0.34981838, 0.34945127, 0.33808088
0.21894625, 1.0000000, 0.50342840, 2.8481066, 5.6856885, 9.4464521, 9.6999397, 9.8049622, 9.8967476, 19.973616, 19.989016, 19.950129, 19.881954, 0.27848107, 0.30685687, 0.34446451, 0.34699941, 0.34804961, 0.34896749, 0.34986809, 0.34994507, 0.34975064, 0.34940976, 0.50342840
0.35600001, 1.0000000, 1.0000000, 9.9999990, 9.9999990, 9.9999990, 9.9999990, 9.9999990, 9.9999990, 19.999998, 19.999998, 19.999998, 19.995995, 0.34999999, 0.34999999, 0.34999999, 0.34999999, 0.34999999, 0.34999999, 0.34999999, 0.34999999, 0.34999999, 0.34997997, 1.0000000
0.35600001, 1.0000000, 0.99999994, 9.9999990, 9.9999990, 9.9999962, 9.9999990, 9.9999990, 9.9999962, 19.999998, 19.999992, 19.999992, 19.997997, 0.34999999, 0.34999999, 0.34999996, 0.34999999, 0.34999999, 0.34999996, 0.34999999, 0.34999996, 0.34999996, 0.34998998, 0.99999994
0.33227921, 1.0000000, 0.91405499, 8.6223717, 9.5647631, 9.7516136, 9.9274445, 9.9626198, 9.9857559, 19.998371, 19.999577, 19.999798, 19.981079, 0.33622372, 0.34564763, 0.34751612, 0.34927446, 0.34962618, 0.34985757, 0.34999186, 0.34999788, 0.34999898, 0.34990540, 0.91405499
0.30613875, 1.0000000, 0.81934333, 6.9300842, 9.3271332, 9.5800562, 9.8279057, 9.9063969, 9.9618673, 19.994659, 19.998604, 19.998407, 19.958191, 0.31930083, 0.34327132, 0.34580058, 0.34827906, 0.34906396, 0.34961867, 0.34997329, 0.34999302, 0.34999204, 0.34979096, 0.81934333
0.34834903, 1.0000000, 0.97227907, 9.7630224, 9.6569586, 9.6729269, 9.8313074, 9.9018383, 9.9568024, 19.993254, 19.998226, 19.995035, 19.937508, 0.34763023, 0.34656960, 0.34672928, 0.34831306, 0.34901839, 0.34956801, 0.34996626, 0.34999114, 0.34997517, 0.34968755, 0.97227907
0.33213329, 1.0000000, 0.91352630, 8.6841516, 9.5001192, 9.6676569, 9.8267851, 9.8958731, 9.9521246, 19.992271, 19.997894, 19.988935, 19.919712, 0.33684152, 0.34500119, 0.34667656, 0.34826785, 0.34895873, 0.34952125, 0.34996134, 0.34998947, 0.34994468, 0.34959856, 0.91352630
0.35460865, 1.0000000, 0.99495894, 9.9298029, 9.9596682, 9.9796429, 9.9958467, 9.9979191, 9.9993019, 19.999992, 19.999998, 19.999983, 19.990009, 0.34929803, 0.34959668, 0.34979641, 0.34995848, 0.34997919, 0.34999302, 0.34999996, 0.34999999, 0.34999990, 0.34995005, 0.99495894
0.33050066, 1.0000000, 0.90761101, 8.5348186, 9.5141096, 9.7188711, 9.9132404, 9.9550600, 9.9825363, 19.997692, 19.999403, 19.999224, 19.966581, 0.33534819, 0.34514111, 0.34718871, 0.34913242, 0.34955060, 0.34982535, 0.34998846, 0.34999701, 0.34999612, 0.34983289, 0.90761101
0.29400760, 1.0000000, 0.77538973, 6.0407457, 9.3404474, 9.5876608, 9.8281078, 9.9060135, 9.9613810, 19.994410, 19.998545, 19.996622, 19.944956, 0.31040746, 0.34340447, 0.34587660, 0.34828109, 0.34906012, 0.34961382, 0.34997204, 0.34999272, 0.34998310, 0.34972477, 0.77538973
0.25185755, 1.0000000, 0.62267226, 3.0782149, 9.2382784, 9.5056591, 9.7566328, 9.8592815, 9.9386473, 19.990757, 19.997581, 19.991383, 19.925982, 0.28078216, 0.34238279, 0.34505659, 0.34756634, 0.34859282, 0.34938648, 0.34995377, 0.34998792, 0.34995693, 0.34962991, 0.62267226
0.22155756, 1.0000000, 0.51288968, 2.0786822, 7.2739868, 9.4617519, 9.7090635, 9.8242607, 9.9181833, 19.986412, 19.996237, 19.983187, 19.910067, 0.27078584, 0.32273784, 0.34461620, 0.34709036, 0.34824246, 0.34918177, 0.34993207, 0.34998119, 0.34991592, 0.34955034, 0.51288968
0.20130739, 1.0000000, 0.43951946, 1.5783757, 5.6572452, 9.4726248, 9.7087784, 9.8183727, 9.9114504, 19.984768, 19.995184, 19.972488, 19.897280, 0.26578265, 0.30657008, 0.34472430, 0.34708738, 0.34818351, 0.34911445, 0.34992385, 0.34997591, 0.34986246, 0.34948641, 0.43951946
0.18233907, 1.0000000, 0.37079376, 1.1400759, 4.1069264, 9.4546738, 9.6982260, 9.8097839, 9.9052639, 19.983219, 19.993383, 19.959791, 19.887312, 0.26140076, 0.29106927, 0.34454674, 0.34698227, 0.34809783, 0.34905264, 0.34991610, 0.34996691, 0.34979895, 0.34943655, 0.37079376
0.17996834, 1.0000000, 0.36220413, 1.6490102, 2.9967813, 9.4035692, 9.7111511, 9.8151999, 9.9054813, 19.982058, 19.990437, 19.946070, 19.879713, 0.26648897, 0.27996659, 0.34403375, 0.34711114, 0.34815177, 0.34905475, 0.34991029, 0.34995219, 0.34973034, 0.34939855, 0.36220413
0.16379431, 1.0000000, 0.30360258, 1.0705501, 2.4778752, 8.4697132, 9.6824894, 9.7981443, 9.8968134, 19.979076, 19.985321, 19.932064, 19.873995, 0.26070550, 0.27477875, 0.33469713, 0.34682488, 0.34798145, 0.34896815, 0.34989539, 0.34992659, 0.34966034, 0.34936997, 0.30360258
0.14707853, 0.81004602, 0.24303812, 0.51781535, 1.9244313, 7.3911047, 9.6472082, 9.7756958, 9.8853025, 19.975241, 19.978018, 19.918776, 19.869781, 0.25517815, 0.26924431, 0.32391104, 0.34647208, 0.34775695, 0.34885302, 0.34987620, 0.34989008, 0.34959388, 0.34934890, 0.24303812
0.13435023, 0.65633804, 0.19692111, 0.17642379, 1.4819622, 6.3444204, 9.6350079, 9.7660456, 9.8794508, 19.972298, 19.968981, 19.906849, 19.866718, 0.25176373, 0.26481706, 0.31343871, 0.34634840, 0.34765962, 0.34879422, 0.34986150, 0.34984490, 0.34953424, 0.34933358, 0.19692111
0.12680173, 0.56518179, 0.16957149, 0.11038780E-1, 1.2212962, 5.5847454, 9.6656628, 9.7821884, 9.8849335, 19.969913, 19.958479, 19.896639, 19.864513, 0.25011039, 0.26221249, 0.30584633, 0.34665623, 0.34782168, 0.34884927, 0.34984958, 0.34979239, 0.34948319, 0.34932256, 0.16957149
0.14431484, 0.77667153, 0.23302476, 1.6155869, 0.98487735, 4.9373899, 9.6730204, 9.7877522, 9.8873644, 19.966091, 19.946648, 19.888090, 19.862913, 0.26615506, 0.25984848, 0.29937315, 0.34672990, 0.34787738, 0.34887359, 0.34983045, 0.34973323, 0.34944046, 0.34931457, 0.23302476
0.14697704, 0.80882037, 0.24267039, 2.2040935, 0.72246194, 4.1508150, 9.6450500, 9.7718115, 9.8809023, 19.960939, 19.934271, 19.881165, 19.861761, 0.27204037, 0.25722450, 0.29150784, 0.34645036, 0.34771806, 0.34880900, 0.34980470, 0.34967136, 0.34940583, 0.34930879, 0.24267039
0.13257679, 0.63492179, 0.19049560, 1.4890075, 0.54206550, 3.4183121, 9.6394253, 9.7673759, 9.8784924, 19.955488, 19.922321, 19.875740, 19.860950, 0.26489007, 0.25542066, 0.28418311, 0.34639424, 0.34767377, 0.34878492, 0.34977743, 0.34961161, 0.34937871, 0.34930474, 0.19049560
0.11804253, 0.45940492, 0.13783526, 0.77495575, 0.30178428, 2.8195441, 9.4004745, 9.7451124, 9.8672762, 19.946428, 19.910585, 19.871378, 19.860355, 0.25774798, 0.25301749, 0.27819374, 0.34400362, 0.34745052, 0.34867254, 0.34973213, 0.34955293, 0.34935689, 0.34930179, 0.13783526
0.10801597, 0.33832324, 0.10150713, 0.30513704, 0.12651086, 2.4072556, 8.9471531, 9.7288532, 9.8578272, 19.936832, 19.900187, 19.868088, 19.859938, 0.25304961, 0.25126466, 0.27406842, 0.33946842, 0.34728688, 0.34857771, 0.34968418, 0.34950092, 0.34934044, 0.34929970, 0.10150713
0.18044689, 1.0000000, 0.36393803, 2.1773517, 2.8507590, 8.0893459, 9.5328493, 9.7803545, 9.8767824, 19.928068, 19.891590, 19.865679, 19.859638, 0.27177352, 0.27850759, 0.33089346, 0.34532851, 0.34780353, 0.34876782, 0.34964034, 0.34945795, 0.34932840, 0.34929818, 0.36393803
0.30898887, 1.0000000, 0.82966977, 7.5380030, 8.8548727, 9.2346764, 9.6599112, 9.7889309, 9.8802395, 19.918318, 19.884268, 19.863819, 19.859451, 0.32538003, 0.33854872, 0.34234676, 0.34659910, 0.34788930, 0.34880239, 0.34959158, 0.34942132, 0.34931910, 0.34929726, 0.82966977
0.30122387, 1.0000000, 0.80153573, 6.5787492, 9.3514261, 9.5486574, 9.7202644, 9.8136559, 9.8883877, 19.908260, 19.878170, 19.862423, 19.859299, 0.31578749, 0.34351426, 0.34548658, 0.34720266, 0.34813654, 0.34888387, 0.34954131, 0.34939086, 0.34931213, 0.34929651, 0.80153573
0.28310347, 1.0000000, 0.73588216, 5.1653991, 9.4733133, 9.6290712, 9.7592010, 9.8344603, 9.8949089, 19.898849, 19.873293, 19.861412, 19.859251, 0.30165398, 0.34473312, 0.34629071, 0.34759200, 0.34834459, 0.34894907, 0.34949425, 0.34936646, 0.34930706, 0.34929627, 0.73588216
0.26000941, 1.0000000, 0.65220791, 3.5605700, 9.3813324, 9.5844173, 9.7579737, 9.8347473, 9.8939629, 19.890852, 19.869612, 19.860710, 19.859217, 0.28560570, 0.34381333, 0.34584418, 0.34757975, 0.34834749, 0.34893963, 0.34945425, 0.34934807, 0.34930354, 0.34929609, 0.65220791
0.23814085, 1.0000000, 0.57297409, 2.5885911, 8.3835297, 9.5426178, 9.7396774, 9.8243341, 9.8875093, 19.882870, 19.866491, 19.860111, 19.859163, 0.27588591, 0.33383530, 0.34542617, 0.34739679, 0.34824336, 0.34887511, 0.34941435, 0.34933245, 0.34930056, 0.34929582, 0.57297409
0.21294007, 1.0000000, 0.48166689, 1.8540651, 6.6014853, 9.4783735, 9.7014961, 9.8009882, 9.8749619, 19.874750, 19.863749, 19.859592, 19.859087, 0.26854065, 0.31601486, 0.34478372, 0.34701496, 0.34800988, 0.34874961, 0.34937376, 0.34931874, 0.34929797, 0.34929544, 0.48166689
0.35598463, 1.0000000, 0.99994415, 9.9993229, 9.9995937, 9.9997969, 9.9999609, 9.9999790, 9.9999933, 19.999998, 19.999998, 19.999998, 19.994993, 0.34999231, 0.34999537, 0.34999770, 0.34999955, 0.34999976, 0.34999993, 0.34999999, 0.34999999, 0.34999999, 0.34997496, 0.99994415
0.35600001, 1.0000000, 1.0000000, 9.9999990, 9.9999990, 9.9999990, 9.9999990, 9.9999990, 9.9999990, 19.999998, 19.999998, 19.999998, 19.997997, 0.34999999, 0.34999999, 0.34999999, 0.34999999, 0.34999999, 0.34999999, 0.34999999, 0.34999999, 0.34999999, 0.34998998, 1.0000000
0.34173489, 1.0000000, 0.94831473, 9.2000990, 9.6994629, 9.8341494, 9.9518175, 9.9753151, 9.9901886, 19.998425, 19.999594, 19.999611, 19.974253, 0.34200099, 0.34699464, 0.34834149, 0.34951818, 0.34975314, 0.34990188, 0.34999213, 0.34999797, 0.34999806, 0.34987128, 0.94831473
0.35064864, 1.0000000, 0.98061097, 9.7159481, 9.8646564, 9.9289570, 9.9842196, 9.9920626, 9.9972620, 19.999933, 19.999981, 19.999933, 19.984056, 0.34715948, 0.34864658, 0.34928957, 0.34984219, 0.34992063, 0.34997261, 0.34999967, 0.34999990, 0.34999967, 0.34992027, 0.98061097
0.34800166, 1.0000000, 0.97102046, 9.5699120, 9.8056450, 9.8967581, 9.9750795, 9.9874010, 9.9954205, 19.999636, 19.999903, 19.999922, 19.984043, 0.34569913, 0.34805644, 0.34896758, 0.34975079, 0.34987402, 0.34995419, 0.34999818, 0.34999952, 0.34999961, 0.34992021, 0.97102046
0.33449513, 1.0000000, 0.92208368, 8.7938118, 9.5527668, 9.7407122, 9.9223404, 9.9597931, 9.9849663, 19.998663, 19.999641, 19.998932, 19.961004, 0.33793813, 0.34552768, 0.34740713, 0.34922341, 0.34959793, 0.34984967, 0.34999332, 0.34999821, 0.34999466, 0.34980503, 0.92208368
0.35598218, 1.0000000, 0.99993533, 9.9996891, 9.9998112, 9.9999065, 9.9997683, 9.9793844, 9.9790144, 19.997662, 19.999386, 19.995907, 19.940001, 0.34999689, 0.34999812, 0.34999907, 0.34999770, 0.34979385, 0.34979016, 0.34998831, 0.34999692, 0.34997952, 0.34970000, 0.99993533
0.35600001, 1.0000000, 1.0000000, 9.9999990, 9.9999990, 9.9999990, 9.9999990, 9.9999990, 9.9999990, 19.999998, 19.999998, 19.999998, 19.996996, 0.34999999, 0.34999999, 0.34999999, 0.34999999, 0.34999999, 0.34999999, 0.34999999, 0.34999999, 0.34999999, 0.34998497, 1.0000000
0.33064365, 1.0000000, 0.90812916, 8.5210705, 9.5430546, 9.7382765, 9.9249716, 9.9613762, 9.9856138, 19.998676, 19.999653, 19.999758, 19.978153, 0.33521071, 0.34543055, 0.34738275, 0.34924972, 0.34961376, 0.34985614, 0.34999338, 0.34999827, 0.34999877, 0.34989077, 0.90812916
0.32057947, 1.0000000, 0.87166464, 7.9007320, 9.4186831, 9.6408873, 9.8605671, 9.9247513, 9.9704723, 19.996918, 19.999195, 19.998287, 19.955513, 0.32900733, 0.34418684, 0.34640887, 0.34860566, 0.34924752, 0.34970471, 0.34998459, 0.34999597, 0.34999144, 0.34977758, 0.87166464
0.30375549, 1.0000000, 0.81070828, 6.6830158, 9.4244881, 9.6333399, 9.8294039, 9.9031057, 9.9595547, 19.995363, 19.998787, 19.994596, 19.935150, 0.31683016, 0.34424490, 0.34633338, 0.34829405, 0.34903106, 0.34959555, 0.34997681, 0.34999394, 0.34997299, 0.34967574, 0.81070828
0.29480019, 1.0000000, 0.77826154, 5.9578366, 9.5242224, 9.6877327, 9.8328648, 9.9005232, 9.9552841, 19.993916, 19.998358, 19.988079, 19.917732, 0.30957836, 0.34524223, 0.34687734, 0.34832865, 0.34900522, 0.34955284, 0.34996957, 0.34999180, 0.34994039, 0.34958866, 0.77826154
0.27347401, 1.0000000, 0.70099276, 4.5166755, 9.3936110, 9.6093922, 9.8043699, 9.8823843, 9.9459972, 19.992502, 19.997660, 19.978697, 19.903406, 0.29516676, 0.34393612, 0.34609392, 0.34804371, 0.34882385, 0.34945998, 0.34996250, 0.34998828, 0.34989348, 0.34951705, 0.70099276
0.24916893, 1.0000000, 0.61293089, 2.9930086, 9.0170593, 9.5787287, 9.7790232, 9.8651686, 9.9360981, 19.990316, 19.996197, 19.966852, 19.892044, 0.27992880, 0.34016830, 0.34578606, 0.34779000, 0.34865156, 0.34936094, 0.34995157, 0.34998098, 0.34983426, 0.34946021, 0.61293089
0.26416916, 1.0000000, 0.66727954, 3.8151963, 9.4066839, 9.6739588, 9.8101063, 9.8793993, 9.9397058, 19.990078, 19.994268, 19.953573, 19.883333, 0.28815109, 0.34406549, 0.34673890, 0.34810093, 0.34879392, 0.34939703, 0.34995037, 0.34997135, 0.34976786, 0.34941667, 0.66727954
0.27836812, 1.0000000, 0.71872497, 4.7119360, 9.5953312, 9.7299480, 9.8357410, 9.8930674, 9.9443073, 19.989838, 19.990879, 19.939707, 19.876757, 0.29711935, 0.34595332, 0.34729949, 0.34835741, 0.34893066, 0.34944308, 0.34994918, 0.34995440, 0.34969854, 0.34938377, 0.71872497
0.26602095, 1.0000000, 0.67398900, 3.8666229, 9.5314722, 9.6937141, 9.8325844, 9.8921661, 9.9440165, 19.989237, 19.985523, 19.926100, 19.871859, 0.28866622, 0.34531471, 0.34693715, 0.34832585, 0.34892166, 0.34944016, 0.34994620, 0.34992760, 0.34963050, 0.34935930, 0.67398900
0.27000493, 1.0000000, 0.68842369, 4.2158141, 9.4565506, 9.6465597, 9.8146992, 9.8826561, 9.9400768, 19.987926, 19.977932, 19.913464, 19.868269, 0.29215813, 0.34456551, 0.34646559, 0.34814698, 0.34882656, 0.34940076, 0.34993964, 0.34988967, 0.34956732, 0.34934133, 0.68842369
0.24909472, 1.0000000, 0.61266202, 2.9709637, 9.0564470, 9.5578241, 9.7682285, 9.8560886, 9.9283485, 19.984869, 19.967968, 19.902229, 19.865618, 0.27970964, 0.34056446, 0.34557825, 0.34768230, 0.34856087, 0.34928349, 0.34992436, 0.34983984, 0.34951115, 0.34932810, 0.61266202
0.25045335, 1.0000000, 0.61758453, 2.9531717, 9.1984549, 9.6531925, 9.8001451, 9.8715067, 9.9333973, 19.983227, 19.956978, 19.892824, 19.863735, 0.27953172, 0.34198454, 0.34653193, 0.34800145, 0.34871507, 0.34933397, 0.34991613, 0.34978488, 0.34946412, 0.34931868, 0.61758453
0.22916777, 1.0000000, 0.54046291, 2.3456721, 7.7041035, 9.5386963, 9.7573938, 9.8478842, 9.9233942, 19.978825, 19.944553, 19.884989, 19.862366, 0.27345440, 0.32703644, 0.34538409, 0.34757334, 0.34847856, 0.34923384, 0.34989411, 0.34972277, 0.34942496, 0.34931183, 0.54046291
0.20952070, 1.0000000, 0.46927789, 1.8330246, 6.2043648, 9.5062189, 9.7342777, 9.8330631, 9.9159365, 19.973204, 19.931898, 19.878727, 19.861378, 0.26832965, 0.31204244, 0.34506127, 0.34734261, 0.34833053, 0.34915933, 0.34986603, 0.34965950, 0.34939364, 0.34930688, 0.46927789
0.18965256, 1.0000000, 0.39729187, 1.3606250, 4.6100836, 9.4760704, 9.7118816, 9.8181887, 9.9081316, 19.966139, 19.919695, 19.873812, 19.860685, 0.26360625, 0.29610083, 0.34476072, 0.34711882, 0.34818190, 0.34908131, 0.34983069, 0.34959847, 0.34936905, 0.34930342, 0.39729187
0.17655526, 1.0000000, 0.34983787, 1.0539323, 3.5091872, 9.5325680, 9.7290440, 9.8255548, 9.9083967, 19.957312, 19.908405, 19.870010, 19.860161, 0.26053914, 0.28509155, 0.34532523, 0.34729037, 0.34825549, 0.34908393, 0.34978655, 0.34954202, 0.34935004, 0.34930080, 0.34983787
0.16544056, 1.0000000, 0.30956721, 0.74812472, 2.8758378, 9.1385260, 9.7277603, 9.8242636, 9.9058657, 19.946737, 19.898321, 19.867081, 19.859810, 0.25747761, 0.27874994, 0.34137186, 0.34727475, 0.34824121, 0.34905818, 0.34973368, 0.34949160, 0.34933540, 0.34929904, 0.30956721
0.15881759, 0.95180798, 0.28557095, 0.57260394, 2.6264012, 8.6183939, 9.7439747, 9.8327026, 9.9075251, 19.936190, 19.889893, 19.864925, 19.859562, 0.25572300, 0.27625567, 0.33617026, 0.34743664, 0.34832549, 0.34907472, 0.34968096, 0.34944946, 0.34932464, 0.34929782, 0.28557095
0.15275389, 0.87858224, 0.26360103, 0.42243004, 2.3919253, 8.1214294, 9.7496586, 9.8358641, 9.9070787, 19.925365, 19.882948, 19.863323, 19.859392, 0.25422201, 0.27391145, 0.33120105, 0.34749338, 0.34835702, 0.34907025, 0.34962684, 0.34941474, 0.34931663, 0.34929696, 0.26360103
0.14637226, 0.80151725, 0.24047923, 0.26908517, 2.1418035, 7.5933709, 9.7431583, 9.8319168, 9.9032421, 19.914494, 19.877253, 19.862123, 19.859299, 0.25268906, 0.27140951, 0.32591859, 0.34742773, 0.34831721, 0.34903178, 0.34957248, 0.34938627, 0.34931061, 0.34929651, 0.24047923
0.13909283, 0.71361017, 0.21410446, 0.10133386, 1.8523991, 6.9772892, 9.7218065, 9.8188658, 9.8951168, 19.903917, 19.872618, 19.861223, 19.859222, 0.25101286, 0.26851860, 0.31976277, 0.34721524, 0.34818724, 0.34895068, 0.34951958, 0.34936309, 0.34930611, 0.34929612, 0.21410446
0.13190022, 0.62675148, 0.18804425, 0.0000000, 1.5213907, 6.2474036, 9.6918182, 9.7994137, 9.8834829, 19.893753, 19.868809, 19.860493, 19.859175, 0.24999213, 0.26520997, 0.31246597, 0.34691566, 0.34799287, 0.34883440, 0.34946877, 0.34934404, 0.34930247, 0.34929588, 0.18804425
0.12602450, 0.55579585, 0.16675544, 0.0000000, 1.2072057, 5.4645066, 9.6670799, 9.7820854, 9.8725605, 19.884977, 19.865871, 19.859970, 19.859127, 0.24999213, 0.26206625, 0.30463189, 0.34666616, 0.34781849, 0.34872481, 0.34942490, 0.34932935, 0.34929985, 0.34929565, 0.16675544
0.19043761, 1.0000000, 0.40013629, 2.1720858, 3.7484794, 8.6890793, 9.7312765, 9.8151884, 9.8824158, 19.879713, 19.864162, 19.859724, 19.859127, 0.27170923, 0.28747275, 0.33687681, 0.34730962, 0.34815031, 0.34882361, 0.34939855, 0.34932083, 0.34929863, 0.34929565, 0.40013629
0.24307530, 1.0000000, 0.59085250, 2.7721322, 8.6637220, 9.5518503, 9.7818336, 9.8434553, 9.8914051, 19.875349, 19.862881, 19.859577, 19.859127, 0.27772132, 0.33663723, 0.34551850, 0.34781834, 0.34843457, 0.34891406, 0.34937674, 0.34931439, 0.34929788, 0.34929565, 0.59085250
0.23274145, 1.0000000, 0.55341101, 2.8432488, 7.3065095, 9.5418339, 9.7482529, 9.8263073, 9.8829050, 19.869892, 19.861429, 19.859346, 19.859087, 0.27843249, 0.32306510, 0.34541833, 0.34748253, 0.34826308, 0.34882906, 0.34934947, 0.34930715, 0.34929675, 0.34929544, 0.55341101
0.21455511, 1.0000000, 0.48751849, 2.3037462, 6.0146461, 9.5354586, 9.7330933, 9.8165798, 9.8770771, 19.865631, 19.860346, 19.859180, 19.859051, 0.27303723, 0.31014606, 0.34535429, 0.34733087, 0.34816578, 0.34877077, 0.34932816, 0.34930173, 0.34929591, 0.34929526, 0.48751849
0.20079562, 1.0000000, 0.43766525, 1.9127041, 4.9913793, 9.5646954, 9.7391214, 9.8181877, 9.8757210, 19.862410, 19.859570, 19.859058, 19.859022, 0.26912171, 0.29990545, 0.34563896, 0.34738958, 0.34818104, 0.34875694, 0.34931204, 0.34929785, 0.34929529, 0.34929511, 0.43766525
0.19844449, 1.0000000, 0.42914665, 1.8931717, 4.6598468, 9.7083941, 9.7951746, 9.8476887, 9.8858347, 19.861567, 19.859421, 19.859058, 19.859022, 0.26892892, 0.29659432, 0.34707960, 0.34795088, 0.34847644, 0.34885821, 0.34930784, 0.34929711, 0.34929529, 0.34929511, 0.42914665
0.19676143, 1.0000000, 0.42304868, 1.8727809, 4.4608254, 9.7599792, 9.8253365, 9.8643780, 9.8913918, 19.860949, 19.859346, 19.859058, 19.859022, 0.26872498, 0.29460424, 0.34759539, 0.34825248, 0.34864333, 0.34891376, 0.34930474, 0.34929675, 0.34929529, 0.34929511, 0.42304868
0.19390523, 1.0000000, 0.41270009, 1.8120825, 4.2232795, 9.7456703, 9.8333092, 9.8692560, 9.8927889, 19.860458, 19.859346, 19.859058, 19.859022, 0.26811761, 0.29222831, 0.34745151, 0.34833205, 0.34869203, 0.34892771, 0.34930229, 0.34929675, 0.34929529, 0.34929511, 0.41270009
0.18052936, 1.0000000, 0.36423677, 1.4134854, 3.3708088, 9.5646915, 9.7698202, 9.8359842, 9.8800735, 19.858526, 19.858868, 19.858929, 19.858992, 0.26413199, 0.28370401, 0.34564114, 0.34769702, 0.34835926, 0.34880051, 0.34929264, 0.34929433, 0.34929463, 0.34929496, 0.36423677
0.16770831, 1.0000000, 0.31778368, 1.0091156, 2.7508080, 9.0689974, 9.7274618, 9.8114090, 9.8700695, 19.856503, 19.858324, 19.858780, 19.858946, 0.26008651, 0.27750048, 0.34067744, 0.34727192, 0.34811273, 0.34870026, 0.34928250, 0.34929162, 0.34929389, 0.34929472, 0.31778368
0.15696138, 0.92939222, 0.27884555, 0.68065226, 2.3752272, 8.3292990, 9.7054329, 9.7972527, 9.8640194, 19.855169, 19.857977, 19.858662, 19.858923, 0.25679907, 0.27373666, 0.33326563, 0.34704795, 0.34796929, 0.34863913, 0.34927586, 0.34928989, 0.34929329, 0.34929460, 0.27884555
0.14749891, 0.81512272, 0.24456127, 0.41587353, 2.0395069, 7.6003489, 9.6953030, 9.7901173, 9.8606682, 19.854267, 19.857706, 19.858566, 19.858923, 0.25415322, 0.27037889, 0.32597333, 0.34694535, 0.34789729, 0.34860536, 0.34927133, 0.34928852, 0.34929281, 0.34929460, 0.24456127
0.13899562, 0.71243608, 0.21375221, 0.21717250, 1.7234892, 6.8410892, 9.6817417, 9.7818127, 9.8573332, 19.853909, 19.857574, 19.858534, 19.858923, 0.25216958, 0.26722467, 0.31839058, 0.34681168, 0.34781525, 0.34857234, 0.34926954, 0.34928787, 0.34929267, 0.34929460, 0.21375221
0.13055344, 0.61048770, 0.18316463, 0.44229627E-1, 1.4046222, 6.0195994, 9.6610832, 9.7694712, 9.8523798, 19.853481, 19.857458, 19.858526, 19.858923, 0.25044197, 0.26403981, 0.31018224, 0.34660643, 0.34769246, 0.34852305, 0.34926742, 0.34928730, 0.34929264, 0.34929460, 0.18316463
0.12416945, 0.53339422, 0.16003427, 0.0000000, 1.1168838, 5.2022667, 9.6470785, 9.7605553, 9.8485050, 19.853106, 19.857368, 19.858521, 19.858923, 0.24999167, 0.26116699, 0.30201837, 0.34646919, 0.34760475, 0.34848478, 0.34926552, 0.34928685, 0.34929261, 0.34929460, 0.16003427
0.16305433, 1.0000000, 0.30092150, 2.9928923, 1.0329455, 4.7707877, 9.7095652, 9.7946987, 9.8615456, 19.854244, 19.857683, 19.858566, 19.858923, 0.27992505, 0.26032865, 0.29770604, 0.34709492, 0.34794661, 0.34861535, 0.34927124, 0.34928840, 0.34929281, 0.34929460, 0.30092150
0.18834570, 1.0000000, 0.39255691, 2.6516347, 2.9714375, 8.1213646, 9.7752075, 9.8319836, 9.8758240, 19.855200, 19.857941, 19.858566, 19.858923, 0.27651635, 0.27971438, 0.33121365, 0.34775206, 0.34831983, 0.34875825, 0.34927601, 0.34928972, 0.34929281, 0.34929460, 0.39255691
0.18020779, 1.0000000, 0.36307171, 2.3182540, 2.7511568, 7.7105722, 9.7629023, 9.8279505, 9.8751049, 19.855440, 19.858000, 19.858566, 19.858923, 0.27318224, 0.27751136, 0.32710546, 0.34762895, 0.34827948, 0.34875104, 0.34927720, 0.34929001, 0.34929281, 0.34929460, 0.36307171
0.16948812, 1.0000000, 0.32423228, 1.8855870, 2.4523079, 7.1702981, 9.7357521, 9.8140154, 9.8702450, 19.855175, 19.857904, 19.858561, 19.858923, 0.26885214, 0.27452016, 0.32169873, 0.34735635, 0.34813955, 0.34870225, 0.34927589, 0.34928954, 0.34929281, 0.34929460, 0.32423228
0.15834662, 0.94612068, 0.28386459, 1.4546454, 2.1335273, 6.5571494, 9.7119894, 9.8004704, 9.8651276, 19.854769, 19.857809, 19.858551, 19.858923, 0.26454645, 0.27133527, 0.31557149, 0.34711990, 0.34800470, 0.34865129, 0.34927386, 0.34928906, 0.34929276, 0.34929460, 0.28386459
0.14981943, 0.84314543, 0.25296894, 1.1465520, 1.8872738, 6.0170302, 9.7119551, 9.7996511, 9.8646240, 19.854687, 19.857788, 19.858561, 19.858923, 0.26146552, 0.26887274, 0.31017029, 0.34711954, 0.34799650, 0.34864622, 0.34927344, 0.34928894, 0.34929281, 0.34929460, 0.25296894
0.14188132, 0.74728411, 0.22420765, 0.87379515, 1.6532451, 5.4812102, 9.7088985, 9.7975931, 9.8637371, 19.854588, 19.857758, 19.858561, 19.858923, 0.25873336, 0.26652727, 0.30480349, 0.34708595, 0.34797439, 0.34863687, 0.34927294, 0.34928879, 0.34929281, 0.34929460, 0.22420765
0.13573146, 0.67301792, 0.20192558, 0.68553686, 1.4669895, 4.9956040, 9.7119560, 9.7992582, 9.8645964, 19.854952, 19.857847, 19.858566, 19.858923, 0.25685039, 0.26466349, 0.29994515, 0.34711534, 0.34799045, 0.34864524, 0.34927475, 0.34928924, 0.34929281, 0.34929460, 0.20192558
0.12933554, 0.59578025, 0.17875195, 0.49386024, 1.2684405, 4.4860573, 9.7018099, 9.7937946, 9.8626661, 19.854992, 19.857883, 19.858566, 19.858923, 0.25493771, 0.26268303, 0.29485816, 0.34701705, 0.34793741, 0.34862649, 0.34927496, 0.34928942, 0.34929281, 0.34929460, 0.17875195
0.12272537, 0.51595527, 0.15480207, 0.30794442, 1.0595024, 3.9326940, 9.6832933, 9.7832232, 9.8586588, 19.854845, 19.857847, 19.858561, 19.858923, 0.25307804, 0.26059213, 0.28932160, 0.34683031, 0.34783089, 0.34858614, 0.34927422, 0.34928924, 0.34929281, 0.34929460, 0.15480207
0.11658663, 0.44182321, 0.13256022, 0.15304089, 0.86374879, 3.3633440, 9.6686125, 9.7742691, 9.8550501, 19.854681, 19.857811, 19.858561, 19.858923, 0.25152856, 0.25863120, 0.28362116, 0.34667906, 0.34773910, 0.34854931, 0.34927341, 0.34928906, 0.34929281, 0.34929460, 0.13256022
0.11105878, 0.37506849, 0.11253180, 0.17893314E-1, 0.66832006, 2.9057593, 9.4936037, 9.7603712, 9.8494596, 19.854414, 19.857740, 19.858551, 19.858923, 0.25017864, 0.25667682, 0.27904370, 0.34492695, 0.34759903, 0.34849301, 0.34927207, 0.34928870, 0.34929276, 0.34929460, 0.11253180
0.10763447, 0.33371624, 0.10012489, 0.0000000, 0.48172474, 2.5870352, 9.1302204, 9.7463264, 9.8434286, 19.853966, 19.857599, 19.858540, 19.858904, 0.25000000, 0.25480896, 0.27584815, 0.34128654, 0.34745488, 0.34843144, 0.34926984, 0.34928799, 0.34929270, 0.34929451, 0.10012489
0.10518004, 0.30407631, 0.91232017E-1, 0.0000000, 0.34818351, 2.3279428, 8.7883158, 9.7473669, 9.8432884, 19.853872, 19.857540, 19.858555, 19.858881, 0.25000000, 0.25347736, 0.27326447, 0.33787188, 0.34746742, 0.34843078, 0.34926936, 0.34928769, 0.34929278, 0.34929439, 0.91232017E-1
0.10275173, 0.27475190, 0.82433812E-1, 0.0000000, 0.22177100, 2.0658493, 8.4289141, 9.7405214, 9.8403149, 19.853518, 19.857458, 19.858540, 19.858856, 0.25000000, 0.25221556, 0.27064845, 0.33428094, 0.34740049, 0.34840155, 0.34926760, 0.34928730, 0.34929270, 0.34929428, 0.82433812E-1
0.10054390, 0.24808997, 0.74434437E-1, 0.0000000, 0.11846423, 1.8147677, 8.0544748, 9.7325125, 9.8369274, 19.853308, 19.857433, 19.858540, 19.858839, 0.25000000, 0.25118339, 0.26813802, 0.33053619, 0.34731996, 0.34836754, 0.34926653, 0.34928715, 0.34929270, 0.34929419, 0.74434437E-1
0.98630771E-1, 0.22498687, 0.67502812E-1, 0.0000000, 0.39237738E-1, 1.5875161, 7.6758986, 9.7287531, 9.8351278, 19.853249, 19.857416, 19.858545, 19.858828, 0.25000000, 0.25039175, 0.26586270, 0.32674691, 0.34727991, 0.34834871, 0.34926623, 0.34928709, 0.34929273, 0.34929413, 0.67502812E-1
0.97427577E-1, 0.21045694, 0.63143395E-1, 0.0000000, 0.37074089E-2, 1.4309913, 7.3546419, 9.7435627, 9.8409805, 19.853872, 19.857590, 19.858566, 19.858828, 0.25000000, 0.25003698, 0.26429316, 0.32352918, 0.34742421, 0.34840596, 0.34926936, 0.34928796, 0.34929281, 0.34929413, 0.63143395E-1
0.10798358, 0.33793217, 0.10138980, 0.79852641, 0.0000000, 1.3623178, 7.1514840, 9.7799406, 9.8554440, 19.854681, 19.857782, 19.858566, 19.858828, 0.25798136, 0.24999955, 0.26362118, 0.32151273, 0.34779799, 0.34855396, 0.34927341, 0.34928891, 0.34929281, 0.34929413, 0.10138980
0.11143104, 0.37956396, 0.11388057, 1.1073917, 0.0000000, 1.2210011, 6.8763390, 9.7614136, 9.8496599, 19.854910, 19.857836, 19.858566, 19.858828, 0.26107392, 0.24999955, 0.26221001, 0.31876338, 0.34761414, 0.34849662, 0.34927455, 0.34928918, 0.34929281, 0.34929413, 0.11388057
0.10946783, 0.35585615, 0.10676752, 0.98622143, 0.0000000, 1.1797518, 6.7128005, 9.7961321, 9.8629398, 19.855782, 19.858070, 19.858566, 19.858828, 0.25986153, 0.24999955, 0.26179728, 0.31712773, 0.34796110, 0.34862936, 0.34927890, 0.34929034, 0.34929281, 0.34929413, 0.10676752
0.10479035, 0.29937044, 0.89820117E-1, 0.69583356, 0.0000000, 1.0690689, 6.4733362, 9.7741890, 9.8557959, 19.856052, 19.858099, 19.858566, 19.858828, 0.25695550, 0.24999955, 0.26068938, 0.31473178, 0.34774071, 0.34855753, 0.34928027, 0.34929049, 0.34929281, 0.34929413, 0.89820117E-1
0.10004452, 0.24205935, 0.72625071E-1, 0.41134059, 0.0000000, 0.93422234, 6.1725583, 9.7465115, 9.8451290, 19.855902, 19.858034, 19.858566, 19.858828, 0.25411102, 0.24999955, 0.25934058, 0.31172344, 0.34746340, 0.34845072, 0.34927952, 0.34929016, 0.34929281, 0.34929413, 0.72625071E-1
0.95678329E-1, 0.18933284, 0.56805536E-1, 0.17842054, 0.0000000, 0.75329244, 5.7125998, 9.6925926, 9.8229408, 19.856171, 19.858076, 19.858566, 19.858828, 0.25178382, 0.24999955, 0.25753242, 0.30712521, 0.34692526, 0.34822920, 0.34928086, 0.34929037, 0.34929281, 0.34929413, 0.56805536E-1
0.94749741E-1, 0.17811918, 0.53441100E-1, 0.13978481, 0.0000000, 0.70386231, 5.4505305, 9.7481842, 9.8431978, 19.856712, 19.858212, 19.858566, 19.858828, 0.25139767, 0.24999955, 0.25703833, 0.30450484, 0.34748146, 0.34843186, 0.34928358, 0.34929106, 0.34929281, 0.34929413, 0.53441100E-1
0.10032674, 0.24546748, 0.73647611E-1, 0.59025288, 0.0000000, 0.61290562, 5.1467595, 9.7364578, 9.8397503, 19.856684, 19.858212, 19.858566, 19.858828, 0.25589842, 0.24999955, 0.25612777, 0.30146545, 0.34736255, 0.34839681, 0.34928343, 0.34929106, 0.34929281, 0.34929413, 0.73647611E-1
0.14026104, 0.72771758, 0.21833710, 2.2696643, 2.0667644, 0.56646168, 4.9467754, 9.7756529, 9.8542719, 19.856300, 19.858105, 19.858566, 19.858828, 0.27268535, 0.27066147, 0.25566378, 0.29946625, 0.34775507, 0.34854224, 0.34928149, 0.34929052, 0.34929281, 0.34929413, 0.21833710
0.12962842, 0.59931701, 0.17981309, 1.7162979, 1.7568409, 0.50013363, 4.7449040, 9.7765589, 9.8551416, 19.855476, 19.857897, 19.858534, 19.858828, 0.26715785, 0.26756525, 0.25500089, 0.29744819, 0.34776473, 0.34855112, 0.34927738, 0.34928948, 0.34929267, 0.34929413, 0.17981309
0.12876925, 0.58894169, 0.17670019, 1.8632621, 1.4612377, 0.43683946, 4.5347576, 9.7719450, 9.8536139, 19.854998, 19.857786, 19.858540, 19.858828, 0.26862630, 0.26460940, 0.25436795, 0.29534665, 0.34771848, 0.34853581, 0.34927499, 0.34928894, 0.34929270, 0.34929413, 0.17670019
0.11914556, 0.47272518, 0.14183174, 1.3503909, 1.2048274, 0.37570894, 4.3247108, 9.7701511, 9.8527393, 19.854507, 19.857668, 19.858540, 19.858828, 0.26350039, 0.26204640, 0.25375679, 0.29324642, 0.34770074, 0.34852713, 0.34927255, 0.34928834, 0.34929270, 0.34929413, 0.14183174
0.11078157, 0.37172088, 0.11152742, 0.91982186, 0.96809566, 0.30871034, 4.1124749, 9.7689295, 9.8516941, 19.853642, 19.857458, 19.858498, 19.858828, 0.25919071, 0.25967622, 0.25308636, 0.29112276, 0.34768692, 0.34851614, 0.34926820, 0.34928730, 0.34929249, 0.34929413, 0.11152742
0.10459505, 0.29701191, 0.89112490E-1, 0.61189830, 0.78104138, 0.25401413, 3.9115276, 9.7710361, 9.8523111, 19.853283, 19.857374, 19.858515, 19.858828, 0.25611362, 0.25780630, 0.25253949, 0.28911322, 0.34770781, 0.34852225, 0.34926641, 0.34928685, 0.34929258, 0.34929413, 0.89112490E-1
0.98288029E-1, 0.22084782, 0.66260971E-1, 0.30731261, 0.58220625, 0.18785298, 3.6963286, 9.7652330, 9.8496151, 19.852432, 19.857176, 19.858471, 19.858805, 0.25306758, 0.25581574, 0.25187752, 0.28695926, 0.34764701, 0.34849435, 0.34926218, 0.34928587, 0.34929234, 0.34929401, 0.66260971E-1
0.92920005E-1, 0.15602314, 0.46811625E-1, 0.63127279E-1, 0.39625466, 0.12401342, 3.4610138, 9.7518396, 9.8441782, 19.851803, 19.857014, 19.858389, 19.858805, 0.25062993, 0.25395748, 0.25123933, 0.28460574, 0.34751216, 0.34843969, 0.34925902, 0.34928507, 0.34929195, 0.34929401, 0.46811625E-1
0.90192512E-1, 0.12308571, 0.36929406E-1, 0.0000000, 0.22941828, 0.65284967E-1, 3.1887019, 9.7301235, 9.8354206, 19.851397, 19.856897, 19.858355, 19.858805, 0.24998470, 0.25229132, 0.25065243, 0.28188303, 0.34729517, 0.34835216, 0.34925699, 0.34928447, 0.34929177, 0.34929401, 0.36929406E-1
0.88694312E-1, 0.10499326, 0.31501129E-1, 0.0000000, 0.99197030E-1, 0.14460087E-1, 2.9834361, 9.6346312, 9.8302212, 19.851147, 19.856821, 19.858349, 19.858805, 0.24998470, 0.25099009, 0.25014445, 0.27982876, 0.34633726, 0.34829915, 0.34925574, 0.34928411, 0.34929174, 0.34929401, 0.31501129E-1
0.87685741E-1, 0.92813708E-1, 0.27846897E-1, 0.0000000, 0.31918287E-2, 0.0000000, 2.8926313, 9.4415083, 9.8298464, 19.851078, 19.856815, 19.858355, 19.858805, 0.24998470, 0.25003186, 0.24999915, 0.27891976, 0.34440437, 0.34829473, 0.34925538, 0.34928408, 0.34929177, 0.34929401, 0.27846897E-1
0.87495089E-1, 0.90511344E-1, 0.27156118E-1, 0.0000000, 0.0000000, 0.0000000, 2.7949631, 9.2401295, 9.8274021, 19.850576, 19.856680, 19.858330, 19.858805, 0.24998470, 0.24999994, 0.24999915, 0.27794501, 0.34239367, 0.34827131, 0.34925288, 0.34928340, 0.34929165, 0.34929401, 0.27156118E-1
0.87321676E-1, 0.88417247E-1, 0.26527828E-1, 0.0000000, 0.0000000, 0.0000000, 2.6919425, 9.0285959, 9.8237305, 19.849981, 19.856539, 19.858288, 19.858805, 0.24998470, 0.24999994, 0.24999915, 0.27691469, 0.34027800, 0.34823442, 0.34924990, 0.34928268, 0.34929144, 0.34929401, 0.26527828E-1
0.87133057E-1, 0.86139441E-1, 0.25844418E-1, 0.0000000, 0.0000000, 0.0000000, 2.5814862, 8.7959843, 9.8173561, 19.849688, 19.856441, 19.858250, 19.858805, 0.24998470, 0.24999994, 0.24999915, 0.27581027, 0.33795202, 0.34817064, 0.34924844, 0.34928221, 0.34929127, 0.34929401, 0.25844418E-1
0.86942419E-1, 0.83837233E-1, 0.25153685E-1, 0.0000000, 0.0000000, 0.0000000, 2.4720192, 8.5554209, 9.8133326, 19.849638, 19.856421, 19.858231, 19.858805, 0.24998470, 0.24999994, 0.24999915, 0.27471653, 0.33554786, 0.34813091, 0.34924820, 0.34928209, 0.34929115, 0.34929401, 0.25153685E-1
0.86722426E-1, 0.81180625E-1, 0.24356624E-1, 0.0000000, 0.0000000, 0.0000000, 2.3464890, 8.2793379, 9.8035107, 19.849476, 19.856373, 19.858213, 19.858805, 0.24998470, 0.24999994, 0.24999915, 0.27345887, 0.33278278, 0.34803092, 0.34924740, 0.34928185, 0.34929106, 0.34929401, 0.24356624E-1
0.86571820E-1, 0.79361871E-1, 0.23810942E-1, 0.0000000, 0.0000000, 0.0000000, 2.2661865, 8.0717154, 9.8154774, 19.850151, 19.856537, 19.858242, 19.858805, 0.24998470, 0.24999994, 0.24999915, 0.27265701, 0.33070850, 0.34815127, 0.34925076, 0.34928268, 0.34929121, 0.34929401, 0.23810942E-1
0.86404331E-1, 0.77339277E-1, 0.23204103E-1, 0.0000000, 0.0000000, 0.0000000, 2.1761298, 7.8474622, 9.8145857, 19.850760, 19.856699, 19.858294, 19.858805, 0.24998470, 0.24999994, 0.24999915, 0.27175674, 0.32846639, 0.34814242, 0.34925380, 0.34928349, 0.34929147, 0.34929401, 0.23204103E-1
0.86215995E-1, 0.75064890E-1, 0.22521719E-1, 0.0000000, 0.0000000, 0.0000000, 2.0750670, 7.5972600, 9.8079433, 19.851183, 19.856827, 19.858330, 19.858805, 0.24998470, 0.24999994, 0.24999915, 0.27074522, 0.32596263, 0.34807515, 0.34925592, 0.34928414, 0.34929165, 0.34929401, 0.22521719E-1
0.86056545E-1, 0.73139377E-1, 0.21944009E-1, 0.0000000, 0.0000000, 0.0000000, 1.9925296, 7.3750186, 9.8112354, 19.851809, 19.856979, 19.858383, 19.858805, 0.24998470, 0.24999994, 0.24999915, 0.26992249, 0.32374504, 0.34811005, 0.34925905, 0.34928489, 0.34929192, 0.34929401, 0.21944009E-1
0.10503618, 0.30233914, 0.90710811E-1, 1.3779491, 0.0000000, 0.0000000, 1.9867867, 7.2957644, 9.8491030, 19.853401, 19.857399, 19.858423, 19.858805, 0.26377648, 0.24999994, 0.24999915, 0.26986760, 0.32295716, 0.34849080, 0.34926701, 0.34928700, 0.34929210, 0.34929401, 0.90710811E-1
0.10761482, 0.33347887, 0.10005367, 1.5659928, 0.0000000, 0.0000000, 1.9858390, 7.2469811, 9.8698006, 19.854626, 19.857704, 19.858423, 19.858805, 0.26565817, 0.24999994, 0.24999915, 0.26985827, 0.32246956, 0.34869790, 0.34927315, 0.34928852, 0.34929210, 0.34929401, 0.10005367
0.11266613, 0.39447898, 0.11835553, 1.9331932, 0.0000000, 0.0000000, 1.9838363, 7.2060161, 9.8802633, 19.855570, 19.857939, 19.858423, 19.858805, 0.26933098, 0.24999994, 0.24999915, 0.26983830, 0.32206005, 0.34880257, 0.34927785, 0.34928969, 0.34929210, 0.34929401, 0.11835553
0.11180328, 0.38405916, 0.11522927, 1.8726110, 0.0000000, 0.0000000, 1.9800544, 7.1662021, 9.8851719, 19.856295, 19.858086, 19.858423, 19.858805, 0.26871949, 0.24999994, 0.24999915, 0.26980013, 0.32166126, 0.34885135, 0.34928149, 0.34929043, 0.34929210, 0.34929401, 0.11522927
0.11104824, 0.37494129, 0.11249364, 1.8193007, 0.0000000, 0.0000000, 1.9766182, 7.1292624, 9.8884039, 19.856859, 19.858185, 19.858423, 19.858805, 0.26818520, 0.24999994, 0.24999915, 0.26976568, 0.32129171, 0.34888363, 0.34928429, 0.34929091, 0.34929210, 0.34929401, 0.11249364
0.10995208, 0.36170393, 0.10852204, 1.7412275, 0.0000000, 0.0000000, 1.9714385, 7.0902514, 9.8892174, 19.857260, 19.858185, 19.858423, 19.858805, 0.26740560, 0.24999994, 0.24999915, 0.26971394, 0.32090172, 0.34889179, 0.34928629, 0.34929091, 0.34929210, 0.34929401, 0.10852204
0.10867033, 0.34622538, 0.10387801, 1.6501516, 0.0000000, 0.0000000, 1.9651026, 7.0493474, 9.8890581, 19.857534, 19.858185, 19.858423, 19.858805, 0.26649290, 0.24999994, 0.24999915, 0.26965040, 0.32049236, 0.34889007, 0.34928769, 0.34929091, 0.34929210, 0.34929401, 0.10387801
0.10667320, 0.32210782, 0.96642010E-1, 1.5082002, 0.0000000, 0.0000000, 1.9538105, 7.0009789, 9.8865128, 19.857607, 19.858185, 19.858423, 19.858805, 0.26506731, 0.24999994, 0.24999915, 0.26953697, 0.32000774, 0.34886417, 0.34928805, 0.34929091, 0.34929210, 0.34929401, 0.96642010E-1
0.10062795, 0.24910496, 0.74738964E-1, 1.0760128, 0.0000000, 0.0000000, 1.9067079, 6.9149618, 9.8723602, 19.855541, 19.857655, 19.858335, 19.858805, 0.26074228, 0.24999994, 0.24999915, 0.26906517, 0.31914616, 0.34872195, 0.34927770, 0.34928828, 0.34929168, 0.34929401, 0.74738964E-1
0.98578840E-1, 0.22435969, 0.67314640E-1, 0.93044043, 0.0000000, 0.0000000, 1.8898875, 6.8479195, 9.8730679, 19.856037, 19.857870, 19.858423, 19.858805, 0.25928757, 0.24999994, 0.24999915, 0.26889682, 0.31847546, 0.34872890, 0.34928018, 0.34928936, 0.34929210, 0.34929401, 0.67314640E-1
0.95997661E-1, 0.19318914, 0.57962541E-1, 0.74613690, 0.0000000, 0.0000000, 1.8651307, 6.7690229, 9.8696814, 19.856180, 19.857922, 19.858423, 19.858805, 0.25745586, 0.24999994, 0.24999915, 0.26865047, 0.31768873, 0.34869611, 0.34928089, 0.34928960, 0.34929210, 0.34929401, 0.57962541E-1
0.96198589E-1, 0.19561562, 0.58690555E-1, 0.76506734, 0.0000000, 0.0000000, 1.8411845, 6.6975031, 9.8703251, 19.855904, 19.857845, 19.858423, 19.858805, 0.25763735, 0.24999994, 0.24999915, 0.26840994, 0.31697154, 0.34870154, 0.34927952, 0.34928924, 0.34929210, 0.34929401, 0.58690555E-1
0.95047519E-1, 0.18171518, 0.54520007E-1, 0.68385899, 0.0000000, 0.0000000, 1.8288821, 6.6357360, 9.8738995, 19.856485, 19.858017, 19.858423, 19.858805, 0.25682876, 0.24999994, 0.24999915, 0.26828724, 0.31635451, 0.34873757, 0.34928244, 0.34929007, 0.34929210, 0.34929401, 0.54520007E-1
0.94112419E-1, 0.17042284, 0.51131964E-1, 0.61770678, 0.0000000, 0.0000000, 1.8180311, 6.5799308, 9.8772554, 19.856882, 19.858133, 19.858423, 19.858805, 0.25617394, 0.24999994, 0.24999915, 0.26817974, 0.31579828, 0.34877205, 0.34928441, 0.34929067, 0.34929210, 0.34929401, 0.51131964E-1
0.90331294E-1, 0.12476160, 0.37432224E-1, 0.35041869, 0.0000000, 0.0000000, 1.7672628, 6.4614096, 9.8573446, 19.856203, 19.857943, 19.858419, 19.858805, 0.25350201, 0.24999994, 0.24999915, 0.26767197, 0.31461287, 0.34857282, 0.34928101, 0.34928972, 0.34929210, 0.34929401, 0.37432224E-1
0.85355639E-1, 0.64675212E-1, 0.19404504E-1, 0.61720610E-2, 0.0000000, 0.0000000, 1.6388714, 6.1865897, 9.8025866, 19.854387, 19.857473, 19.858318, 19.858805, 0.25006160, 0.24999994, 0.24999915, 0.26638666, 0.31186205, 0.34802383, 0.34927195, 0.34928736, 0.34929159, 0.34929401, 0.19404504E-1
0.84967412E-1, 0.59986912E-1, 0.17997874E-1, 0.0000000, 0.0000000, 0.0000000, 1.4772803, 5.7918248, 9.7587070, 19.852848, 19.857084, 19.858278, 19.858805, 0.24999373, 0.24999994, 0.24999915, 0.26477116, 0.30791506, 0.34758529, 0.34926423, 0.34928542, 0.34929138, 0.34929401, 0.17997874E-1
0.84783472E-1, 0.57765607E-1, 0.17331416E-1, 0.0000000, 0.0000000, 0.0000000, 1.3765842, 5.5434527, 9.7865229, 19.849884, 19.856340, 19.858143, 19.858805, 0.24999373, 0.24999994, 0.24999915, 0.26375234, 0.30541924, 0.34785652, 0.34924904, 0.34928161, 0.34929070, 0.34929401, 0.17331416E-1
0.84573962E-1, 0.55235568E-1, 0.16572328E-1, 0.0000000, 0.0000000, 0.0000000, 1.2509674, 5.2861543, 9.7873135, 19.845825, 19.855324, 19.857925, 19.858757, 0.24999373, 0.24999994, 0.24999915, 0.26250345, 0.30285269, 0.34786782, 0.34922901, 0.34927657, 0.34928963, 0.34929377, 0.16572328E-1
0.84416501E-1, 0.53334080E-1, 0.16001824E-1, 0.0000000, 0.0000000, 0.0000000, 1.1710972, 5.0619717, 9.7944975, 19.846104, 19.855392, 19.858007, 19.858757, 0.24999373, 0.24999994, 0.24999915, 0.26170856, 0.30061451, 0.34794161, 0.34923053, 0.34927696, 0.34929004, 0.34929377, 0.16001824E-1
0.84259324E-1, 0.51435966E-1, 0.15432334E-1, 0.0000000, 0.0000000, 0.0000000, 1.0952890, 4.8346190, 9.7936897, 19.846880, 19.855631, 19.858120, 19.858757, 0.24999373, 0.24999994, 0.24999915, 0.26094961, 0.29833898, 0.34793204, 0.34923440, 0.34927815, 0.34929061, 0.34929377, 0.15432334E-1
0.84061429E-1, 0.49046226E-1, 0.14715340E-1, 0.0000000, 0.0000000, 0.0000000, 0.99979341, 4.5538034, 9.7741232, 19.847162, 19.855757, 19.858154, 19.858757, 0.24999373, 0.24999994, 0.24999915, 0.25999543, 0.29553235, 0.34773716, 0.34923580, 0.34927878, 0.34929079, 0.34929377, 0.14715340E-1
0.83886862E-1, 0.46938084E-1, 0.14082834E-1, 0.0000000, 0.0000000, 0.0000000, 0.91983378, 4.2909241, 9.7763739, 19.847631, 19.855913, 19.858171, 19.858757, 0.24999373, 0.24999994, 0.24999915, 0.25919667, 0.29290530, 0.34776077, 0.34923816, 0.34927958, 0.34929085, 0.34929377, 0.14082834E-1
0.85503757E-1, 0.66463903E-1, 0.19941166E-1, 0.12091994, 0.0000000, 0.0000000, 0.90616047, 4.1844015, 9.8294058, 19.849493, 19.856421, 19.858261, 19.858757, 0.25120646, 0.24999994, 0.24999915, 0.25906038, 0.29184115, 0.34829181, 0.34924746, 0.34928209, 0.34929129, 0.34929377, 0.19941166E-1
0.18035543, 1.0000000, 0.36360660, 2.5490642, 2.6770914, 7.5349550, 8.1908007, 8.8821039, 9.8578558, 19.851078, 19.856815, 19.858360, 19.858757, 0.27548966, 0.27677029, 0.32534865, 0.33190784, 0.33882096, 0.34857854, 0.34925538, 0.34928408, 0.34929180, 0.34929377, 0.36360660
0.35600001, 1.0000000, 1.0000000, 9.9999990, 9.9999990, 9.9999990, 9.9999990, 9.9999990, 9.9999990, 19.999998, 19.999998, 19.999998, 19.998999, 0.34999999, 0.34999999, 0.34999999, 0.34999999, 0.34999999, 0.34999999, 0.34999999, 0.34999999, 0.34999999, 0.34999499, 1.0000000
0.35599995, 1.0000000, 0.99999976, 9.9999962, 9.9999990, 9.9999990, 9.9999990, 9.9999990, 9.9999990, 19.999998, 19.999998, 19.999998, 19.995995, 0.34999996, 0.34999999, 0.34999999, 0.34999999, 0.34999999, 0.34999999, 0.34999999, 0.34999999, 0.34999999, 0.34997997, 0.99999976
0.35599947, 1.0000000, 0.99999803, 9.9999990, 9.9999990, 9.9999990, 9.9999990, 9.9999990, 9.9999990, 19.999998, 19.999998, 19.999998, 19.998999, 0.34999973, 0.34999985, 0.34999990, 0.34999996, 0.34999999, 0.34999999, 0.34999999, 0.34999999, 0.34999999, 0.34999499, 0.99999803
0.34470069, 1.0000000, 0.95906037, 9.3805017, 9.7433805, 9.8611584, 9.9625320, 9.9809208, 9.9926348, 19.999010, 19.999731, 19.999689, 19.975233, 0.34379974, 0.34743053, 0.34860992, 0.34962499, 0.34980902, 0.34992629, 0.34999505, 0.34999865, 0.34999844, 0.34987617, 0.95906037
0.31923592, 1.0000000, 0.86679679, 7.7648139, 9.4711800, 9.6838264, 9.8774347, 9.9350567, 9.9720316, 19.993986, 19.998402, 19.997782, 19.952765, 0.32759807, 0.34468395, 0.34682402, 0.34876829, 0.34934747, 0.34971878, 0.34996969, 0.34999195, 0.34998888, 0.34976381, 0.86679679
0.28669605, 1.0000000, 0.74889868, 5.5060663, 9.3672304, 9.5952139, 9.7981977, 9.8860312, 9.9469824, 19.986567, 19.996428, 19.993355, 19.932661, 0.30498457, 0.34362912, 0.34593010, 0.34797210, 0.34885529, 0.34946737, 0.34993243, 0.34998202, 0.34996673, 0.34966332, 0.74889868
0.25471249, 1.0000000, 0.63301623, 3.2211299, 9.3226080, 9.5533094, 9.7565308, 9.8546906, 9.9290409, 19.980883, 19.994740, 19.986120, 19.915586, 0.28220820, 0.34322110, 0.34553057, 0.34756476, 0.34854662, 0.34929031, 0.34990442, 0.34997371, 0.34993058, 0.34957793, 0.63301623
0.23349045, 1.0000000, 0.55612481, 2.3227036, 8.2608261, 9.5499334, 9.7430143, 9.8407660, 9.9188538, 19.976416, 19.993078, 19.976170, 19.901653, 0.27322450, 0.33260286, 0.34549621, 0.34742951, 0.34840733, 0.34918842, 0.34988207, 0.34996539, 0.34988084, 0.34950826, 0.55612481
0.21398723, 1.0000000, 0.48546100, 1.7187506, 6.9230461, 9.5307865, 9.7305593, 9.8298254, 9.9112492, 19.972609, 19.990921, 19.963963, 19.890640, 0.26718605, 0.31922692, 0.34530541, 0.34730509, 0.34829801, 0.34911239, 0.34986305, 0.34995461, 0.34981981, 0.34945321, 0.48546100
0.19527352, 1.0000000, 0.41765764, 1.1859417, 5.5624485, 9.5106287, 9.7187748, 9.8206758, 9.9053984, 19.969402, 19.987799, 19.950386, 19.882208, 0.26185870, 0.30562246, 0.34510455, 0.34718740, 0.34820658, 0.34905392, 0.34984702, 0.34993899, 0.34975192, 0.34941104, 0.41765764
0.17638466, 1.0000000, 0.34921977, 0.63837171, 4.2038641, 9.4950657, 9.7044277, 9.8105488, 9.8988504, 19.965248, 19.982864, 19.936300, 19.875851, 0.25638291, 0.29203546, 0.34494704, 0.34704354, 0.34810510, 0.34898838, 0.34982625, 0.34991431, 0.34968150, 0.34937924, 0.34921977
0.16104463, 0.97870189, 0.29363993, 0.26816130, 2.9852061, 9.4620466, 9.7023134, 9.8077221, 9.8966799, 19.962582, 19.976456, 19.922771, 19.871134, 0.25268108, 0.27984858, 0.34461492, 0.34702200, 0.34807667, 0.34896663, 0.34981292, 0.34988227, 0.34961385, 0.34935567, 0.29363993
0.15273798, 0.87839013, 0.26354340, 0.19907951E-1, 2.6775956, 8.8915339, 9.7253294, 9.8197670, 9.9009275, 19.960516, 19.968275, 19.910419, 19.867718, 0.25019905, 0.27677438, 0.33891273, 0.34725273, 0.34819737, 0.34900919, 0.34980258, 0.34984139, 0.34955209, 0.34933859, 0.26354340
0.14976473, 0.84248501, 0.25277078, 0.0000000, 2.5240393, 8.5372229, 9.7622042, 9.8411903, 9.9104004, 19.959579, 19.958714, 19.899734, 19.865246, 0.24999949, 0.27523822, 0.33536854, 0.34762120, 0.34841150, 0.34910384, 0.34979790, 0.34979355, 0.34949869, 0.34932622, 0.25277078
0.14543349, 0.79018033, 0.23707782, 0.0000000, 2.2543697, 8.0331488, 9.7495441, 9.8361778, 9.9094067, 19.956839, 19.947554, 19.890669, 19.863447, 0.24999949, 0.27254230, 0.33032903, 0.34749484, 0.34836149, 0.34909397, 0.34978420, 0.34973776, 0.34945333, 0.34931725, 0.23707782
0.14046124, 0.73013520, 0.21906246, 0.0000000, 1.9372731, 7.4711552, 9.7311678, 9.8260193, 9.9046154, 19.951672, 19.935385, 19.883165, 19.862143, 0.24999949, 0.26937142, 0.32470906, 0.34731102, 0.34825987, 0.34904605, 0.34975836, 0.34967691, 0.34941584, 0.34931070, 0.21906246
0.13795903, 0.69991827, 0.20999649, 0.0000000, 1.7969370, 7.1398230, 9.7626905, 9.8428621, 9.9108896, 19.947147, 19.923630, 19.877304, 19.861214, 0.24999949, 0.26796666, 0.32139283, 0.34762543, 0.34842786, 0.34910867, 0.34973574, 0.34961814, 0.34938651, 0.34930608, 0.20999649
0.13403350, 0.65251315, 0.19577353, 0.0000000, 1.5618056, 6.6657043, 9.7463322, 9.8345842, 9.9072590, 19.940315, 19.912270, 19.872644, 19.860556, 0.24999949, 0.26561639, 0.31665349, 0.34746227, 0.34834531, 0.34907240, 0.34970158, 0.34956133, 0.34936321, 0.34930277, 0.19577353
0.13147146, 0.62157387, 0.18649080, 0.0000000, 1.4218658, 6.3220119, 9.7637339, 9.8436995, 9.9099178, 19.933178, 19.902172, 19.869139, 19.860085, 0.24999949, 0.26421759, 0.31321773, 0.34763661, 0.34843662, 0.34909907, 0.34966588, 0.34951085, 0.34934568, 0.34930041, 0.18649080
0.12937912, 0.59630650, 0.17890984, 0.0000000, 1.2967408, 6.0621905, 9.7825775, 9.8540764, 9.9122801, 19.924570, 19.893196, 19.866432, 19.859751, 0.24999949, 0.26296589, 0.31061840, 0.34782463, 0.34854019, 0.34912261, 0.34962285, 0.34946597, 0.34933215, 0.34929875, 0.17890984
0.12656999, 0.56238317, 0.16873182, 0.0000000, 1.1179358, 5.7434998, 9.7737637, 9.8493452, 9.9081182, 19.914562, 19.885347, 19.864338, 19.859497, 0.24999949, 0.26117823, 0.30743209, 0.34773666, 0.34849295, 0.34908101, 0.34957281, 0.34942675, 0.34932169, 0.34929749, 0.16873182
0.12519796, 0.54581445, 0.16376071, 0.0000000, 1.0403425, 5.5604329, 9.8012362, 9.8634272, 9.9112968, 19.906096, 19.879253, 19.862877, 19.859346, 0.24999949, 0.26040199, 0.30560049, 0.34801099, 0.34863359, 0.34911272, 0.34953049, 0.34939626, 0.34931439, 0.34929675, 0.16376071
0.17490371, 1.0000000, 0.34385398, 2.5255828, 2.2715032, 6.6799521, 9.8246584, 9.8757544, 9.9134703, 19.897964, 19.874346, 19.861782, 19.859299, 0.27525407, 0.27271408, 0.31679812, 0.34824616, 0.34875733, 0.34913465, 0.34948981, 0.34937173, 0.34930891, 0.34929651, 0.34385398
0.18412332, 1.0000000, 0.37725839, 2.3376048, 2.7681022, 8.5351915, 9.8435211, 9.8855572, 9.9145479, 19.890739, 19.870523, 19.861017, 19.859299, 0.27337503, 0.27768031, 0.33535078, 0.34843495, 0.34885544, 0.34914544, 0.34945369, 0.34935263, 0.34930509, 0.34929651, 0.37725839
0.21517594, 1.0000000, 0.48976785, 2.1707535, 6.2738752, 9.5829105, 9.8327923, 9.8792810, 9.9086113, 19.882921, 19.867220, 19.860369, 19.859211, 0.27170742, 0.31273857, 0.34582895, 0.34832790, 0.34879279, 0.34908611, 0.34941462, 0.34933609, 0.34930184, 0.34929606, 0.48976785
0.20016494, 1.0000000, 0.43538022, 1.6050339, 5.4005322, 9.6071358, 9.7842884, 9.8511496, 9.8930426, 19.873482, 19.863951, 19.859694, 19.859110, 0.26604134, 0.30399901, 0.34606728, 0.34784141, 0.34851074, 0.34893009, 0.34936735, 0.34931976, 0.34929848, 0.34929556, 0.43538022
0.19108893, 1.0000000, 0.40249613, 1.2827367, 4.8171024, 9.6530313, 9.7849693, 9.8480597, 9.8886852, 19.867661, 19.861935, 19.859346, 19.859045, 0.26282603, 0.29816797, 0.34652728, 0.34784907, 0.34848028, 0.34888676, 0.34933829, 0.34930968, 0.34929675, 0.34929523, 0.40249613
0.16831540, 1.0000000, 0.31998330, 0.42018592, 3.6054084, 9.5132732, 9.7101431, 9.8035812, 9.8658104, 19.857328, 19.858923, 19.858681, 19.858923, 0.25411096, 0.28600344, 0.34510306, 0.34708819, 0.34802908, 0.34865481, 0.34928608, 0.34929445, 0.34929338, 0.34929460, 0.31998330
0.15407699, 0.89456016, 0.26839489, 0.0000000, 2.7722895, 9.1194649, 9.6844921, 9.7839165, 9.8535299, 19.849567, 19.856712, 19.858227, 19.858828, 0.24999610, 0.27766758, 0.34116116, 0.34683010, 0.34783164, 0.34853160, 0.34924722, 0.34928343, 0.34929112, 0.34929413, 0.26839489
0.14624019, 0.79992223, 0.24000067, 0.0000000, 2.2034674, 8.3861141, 9.6611185, 9.7670279, 9.8428087, 19.842548, 19.854769, 19.857796, 19.858751, 0.24999610, 0.27192110, 0.33379593, 0.34658071, 0.34765473, 0.34842035, 0.34921139, 0.34927350, 0.34928888, 0.34929374, 0.24000067
0.13806111, 0.70115101, 0.21036634, 0.0000000, 1.6307235, 7.5500708, 9.6422939, 9.7529402, 9.8345213, 19.837374, 19.853323, 19.857456, 19.858704, 0.24999610, 0.26623753, 0.32545847, 0.34640357, 0.34751955, 0.34834039, 0.34918606, 0.34926641, 0.34928721, 0.34929353, 0.21036634
0.13257542, 0.63490528, 0.19049063, 0.0000000, 1.2757868, 6.9170322, 9.6664629, 9.7651577, 9.8390331, 19.836683, 19.853060, 19.857420, 19.858698, 0.24999610, 0.26273301, 0.31915197, 0.34665689, 0.34764764, 0.34838849, 0.34918314, 0.34926525, 0.34928706, 0.34929350, 0.19049063
0.12436748, 0.53578550, 0.16075173, 0.0000000, 0.75386763, 6.0077987, 9.6248684, 9.7412062, 9.8283005, 19.833385, 19.852118, 19.857214, 19.858652, 0.24999610, 0.25744423, 0.31001946, 0.34622106, 0.34739795, 0.34827614, 0.34916580, 0.34926030, 0.34928599, 0.34929323, 0.16075173
0.12146961, 0.50079060, 0.15025221, 0.0000000, 0.60949922, 5.5535707, 9.6942997, 9.7794151, 9.8450928, 19.837063, 19.853043, 19.857473, 19.858709, 0.24999610, 0.25609395, 0.30553094, 0.34694132, 0.34779331, 0.34845066, 0.34918532, 0.34926522, 0.34928736, 0.34929353, 0.15025221
0.11720017, 0.44923249, 0.13478322, 0.0000000, 0.37122369, 5.0006757, 9.6851883, 9.7766857, 9.8450441, 19.837999, 19.853285, 19.857561, 19.858704, 0.24999610, 0.25371176, 0.30000353, 0.34685063, 0.34776622, 0.34845024, 0.34919000, 0.34926641, 0.34928781, 0.34929353, 0.13478322
0.11274709, 0.39545673, 0.11864889, 0.0000000, 0.11523962, 4.4395108, 9.6766272, 9.7724314, 9.8433943, 19.837870, 19.853251, 19.857578, 19.858704, 0.24999610, 0.25115207, 0.29438898, 0.34676358, 0.34772298, 0.34843349, 0.34918934, 0.34926626, 0.34928790, 0.34929353, 0.11864889
0.10828301, 0.34154809, 0.10247467, 0.0000000, 0.0000000, 3.6099031, 9.6138515, 9.7358541, 9.8267508, 19.833586, 19.852125, 19.857283, 19.858635, 0.24999610, 0.24999999, 0.28607988, 0.34612849, 0.34735343, 0.34826538, 0.34916773, 0.34926057, 0.34928641, 0.34929317, 0.10247467
0.10501538, 0.30208796, 0.90635456E-1, 0.0000000, 0.0000000, 2.8830080, 9.3261700, 9.7054939, 9.8133936, 19.831085, 19.851429, 19.857100, 19.858604, 0.24999610, 0.24999999, 0.27879912, 0.34324452, 0.34704611, 0.34812999, 0.34915492, 0.34925702, 0.34928545, 0.34929302, 0.90635456E-1
0.10291611, 0.27673692, 0.83029374E-1, 0.0000000, 0.0000000, 2.4675667, 8.8530149, 9.7050257, 9.8128033, 19.831137, 19.851410, 19.857100, 19.858616, 0.24999610, 0.24999999, 0.27467167, 0.33852729, 0.34704867, 0.34812748, 0.34915569, 0.34925705, 0.34928548, 0.34929308, 0.83029374E-1
0.10142772, 0.25876305, 0.77636674E-1, 0.0000000, 0.0000000, 2.1834998, 8.4642477, 9.7219582, 9.8210669, 19.833725, 19.852095, 19.857283, 19.858675, 0.24999610, 0.24999999, 0.27183387, 0.33464161, 0.34721908, 0.34821048, 0.34916863, 0.34926048, 0.34928641, 0.34929338, 0.77636674E-1
0.99425517E-1, 0.23458424, 0.70382312E-1, 0.0000000, 0.0000000, 1.8006325, 7.9735327, 9.6993885, 9.8128891, 19.834433, 19.852293, 19.857307, 19.858683, 0.24999610, 0.24999999, 0.26800454, 0.32973376, 0.34699294, 0.34812856, 0.34917217, 0.34926146, 0.34928653, 0.34929341, 0.70382312E-1
0.98868333E-1, 0.22785565, 0.68363532E-1, 0.0000000, 0.0000000, 1.7073035, 7.7321692, 9.7607660, 9.8384037, 19.838558, 19.853378, 19.857609, 19.858709, 0.24999610, 0.24999999, 0.26707149, 0.32732031, 0.34760678, 0.34838372, 0.34919280, 0.34926689, 0.34928805, 0.34929353, 0.68363532E-1
0.98006636E-1, 0.21744972, 0.65241441E-1, 0.0000000, 0.0000000, 1.5496939, 7.4774890, 9.7648621, 9.8420286, 19.840460, 19.853916, 19.857731, 19.858709, 0.24999610, 0.24999999, 0.26549444, 0.32477248, 0.34764704, 0.34841976, 0.34920231, 0.34926957, 0.34928864, 0.34929353, 0.65241441E-1
0.96167207E-1, 0.19523656, 0.58576826E-1, 0.0000000, 0.0000000, 1.2078732, 7.0009313, 9.7008848, 9.8171158, 19.839235, 19.853615, 19.857622, 19.858683, 0.24999610, 0.24999999, 0.26207674, 0.32000700, 0.34700724, 0.34817064, 0.34919617, 0.34926808, 0.34928811, 0.34929341, 0.58576826E-1
0.94809189E-1, 0.17883708, 0.53656489E-1, 0.0000000, 0.0000000, 0.96971393, 6.5529900, 9.6969557, 9.8146181, 19.839632, 19.853733, 19.857666, 19.858709, 0.24999610, 0.24999999, 0.25969669, 0.31552926, 0.34696910, 0.34814602, 0.34919816, 0.34926867, 0.34928834, 0.34929353, 0.53656489E-1
0.94363287E-1, 0.17345236, 0.52040912E-1, 0.0000000, 0.0000000, 0.89972615, 6.3276339, 9.7616549, 9.8403673, 19.842123, 19.854416, 19.857832, 19.858709, 0.24999610, 0.24999999, 0.25899699, 0.31327599, 0.34761626, 0.34840357, 0.34921062, 0.34927207, 0.34928915, 0.34929353, 0.52040912E-1
0.14922459, 0.83596212, 0.25081372, 2.6023121, 2.3088276, 0.87808371, 6.2063904, 9.8101673, 9.8609362, 19.845184, 19.855213, 19.858042, 19.858709, 0.27602270, 0.27308804, 0.25878081, 0.31206384, 0.34810162, 0.34860933, 0.34922594, 0.34927607, 0.34929019, 0.34929353, 0.25081372
0.14538956, 0.78965002, 0.23691870, 2.5166333, 2.0530372, 0.78071952, 6.0487719, 9.8088350, 9.8609428, 19.845066, 19.855190, 19.858061, 19.858709, 0.27516559, 0.27053002, 0.25780714, 0.31048760, 0.34808826, 0.34860939, 0.34922534, 0.34927595, 0.34929031, 0.34929353, 0.23691870
0.13849765, 0.70642263, 0.21194798, 2.2095652, 1.7945975, 0.68993270, 5.8834014, 9.8035240, 9.8596745, 19.845480, 19.855337, 19.858107, 19.858709, 0.27209526, 0.26794580, 0.25689930, 0.30883396, 0.34803519, 0.34859672, 0.34922740, 0.34927669, 0.34929055, 0.34929353, 0.21194798
0.12939271, 0.59647065, 0.17895910, 1.7332345, 1.5520632, 0.59782565, 5.7177806, 9.8020620, 9.8591976, 19.845491, 19.855354, 19.858107, 19.858709, 0.26732972, 0.26551923, 0.25597799, 0.30717731, 0.34802017, 0.34859183, 0.34922746, 0.34927678, 0.34929055, 0.34929353, 0.17895910
0.11530686, 0.42636874, 0.12792341, 1.0087073, 1.1597157, 0.44719577, 5.4788222, 9.7745380, 9.8479042, 19.843536, 19.854855, 19.857954, 19.858692, 0.26008254, 0.26159403, 0.25447136, 0.30478677, 0.34774408, 0.34847859, 0.34921768, 0.34927428, 0.34928977, 0.34929347, 0.12792341
0.10252593, 0.27202502, 0.81615672E-1, 0.37417710, 0.77594817, 0.30156970, 5.1913218, 9.7491140, 9.8375187, 19.842278, 19.854509, 19.857859, 19.858688, 0.25374055, 0.25775796, 0.25301540, 0.30191219, 0.34749019, 0.34837487, 0.34921139, 0.34927255, 0.34928930, 0.34929344, 0.81615672E-1
0.94549902E-1, 0.17570591, 0.52717045E-1, 0.59747696E-1, 0.43740571, 0.17108023, 4.8511257, 9.7226524, 9.8268967, 19.841782, 19.854368, 19.857801, 19.858698, 0.25059703, 0.25437215, 0.25171041, 0.29850915, 0.34722441, 0.34826824, 0.34920889, 0.34927183, 0.34928900, 0.34929350, 0.52717045E-1
0.89844577E-1, 0.11888400, 0.35668768E-1, 0.0000000, 0.90771914E-1, 0.24524331E-1, 4.3863554, 9.6773605, 9.8073025, 19.840393, 19.853996, 19.857695, 19.858675, 0.24997427, 0.25090754, 0.25024521, 0.29386267, 0.34677258, 0.34807271, 0.34920198, 0.34926999, 0.34928846, 0.34929338, 0.35668768E-1
0.88418342E-1, 0.10166062, 0.30501237E-1, 0.0000000, 0.0000000, 0.0000000, 3.7300422, 9.6147881, 9.7792110, 19.840916, 19.854115, 19.857719, 19.858709, 0.24997427, 0.24996665, 0.24999674, 0.28729910, 0.34614620, 0.34779155, 0.34920457, 0.34927058, 0.34928858, 0.34929353, 0.30501237E-1
0.88109620E-1, 0.97932480E-1, 0.29382683E-1, 0.0000000, 0.0000000, 0.0000000, 3.3192701, 9.6816454, 9.8064327, 19.842958, 19.854633, 19.857849, 19.858709, 0.24997427, 0.24996665, 0.24999674, 0.28319120, 0.34681427, 0.34806359, 0.34921479, 0.34927318, 0.34928924, 0.34929353, 0.29382683E-1
0.87812811E-1, 0.94348222E-1, 0.28307298E-1, 0.0000000, 0.0000000, 0.0000000, 2.9939322, 9.6143188, 9.8088188, 19.842827, 19.854605, 19.857832, 19.858709, 0.24997427, 0.24996665, 0.24999674, 0.27993864, 0.34614208, 0.34808785, 0.34921414, 0.34927303, 0.34928915, 0.34929353, 0.28307298E-1
0.87676153E-1, 0.92697941E-1, 0.27812164E-1, 0.0000000, 0.0000000, 0.0000000, 2.9192476, 9.4288101, 9.8234711, 19.845404, 19.855282, 19.858021, 19.858709, 0.24997427, 0.24996665, 0.24999674, 0.27919155, 0.34428659, 0.34823418, 0.34922701, 0.34927642, 0.34929010, 0.34929353, 0.27812164E-1
0.93017563E-1, 0.15720123, 0.47165085E-1, 0.39703846, 0.0000000, 0.0000000, 2.8391094, 9.2554064, 9.8310852, 19.846304, 19.855536, 19.858120, 19.858709, 0.25396985, 0.24996665, 0.24999674, 0.27839085, 0.34255368, 0.34831071, 0.34923151, 0.34927768, 0.34929061, 0.34929353, 0.47165085E-1
0.91680355E-1, 0.14105299, 0.42320132E-1, 0.30904114, 0.0000000, 0.0000000, 2.7658701, 9.1022301, 9.8364477, 19.846760, 19.855677, 19.858143, 19.858709, 0.25309020, 0.24996665, 0.24999674, 0.27765858, 0.34102213, 0.34836441, 0.34923381, 0.34927839, 0.34929073, 0.34929353, 0.42320132E-1
0.17745727, 1.0000000, 0.35310602, 2.3992767, 3.2776880, 5.9312549, 8.8191614, 9.6395454, 9.8566637, 19.847906, 19.855997, 19.858189, 19.858709, 0.27399248, 0.28277665, 0.30931234, 0.33819157, 0.34639543, 0.34856665, 0.34923953, 0.34928000, 0.34929094, 0.34929353, 0.35310602
0.14623079, 0.79980880, 0.23996665, 1.2877107, 1.5986085, 5.3020387, 9.5412445, 9.7175646, 9.8396740, 19.842047, 19.854456, 19.857754, 19.858622, 0.26287413, 0.26598385, 0.30301669, 0.34541109, 0.34717497, 0.34839651, 0.34921023, 0.34927228, 0.34928876, 0.34929311, 0.23996665
0.12547670, 0.54918057, 0.16477065, 0.41512549, 1.0556281, 4.2736754, 9.5839214, 9.7221699, 9.8283749, 19.838938, 19.853590, 19.857540, 19.858629, 0.25415066, 0.26055536, 0.29273492, 0.34583837, 0.34722129, 0.34828359, 0.34919471, 0.34926796, 0.34928769, 0.34929314, 0.16477065
0.11179271, 0.38393161, 0.11519101, 0.0000000, 0.58005750, 3.3057404, 9.5771313, 9.7135353, 9.8204803, 19.836712, 19.852978, 19.857376, 19.858635, 0.24997753, 0.25579947, 0.28305423, 0.34576946, 0.34713444, 0.34820446, 0.34918356, 0.34926489, 0.34928688, 0.34929317, 0.11519101
0.10619127, 0.31628805, 0.94895907E-1, 0.0000000, 0.24259388, 2.6919484, 9.2597628, 9.7055025, 9.8165722, 19.836693, 19.852942, 19.857376, 19.858669, 0.24997753, 0.25242540, 0.27691644, 0.34259555, 0.34705392, 0.34816536, 0.34918347, 0.34926471, 0.34928688, 0.34929335, 0.94895907E-1
0.10222425, 0.26838201, 0.80522656E-1, 0.0000000, 0.0000000, 2.3118167, 8.7935076, 9.7083282, 9.8174152, 19.837116, 19.853020, 19.857426, 19.858692, 0.24997753, 0.24999835, 0.27311465, 0.33793241, 0.34708181, 0.34817365, 0.34918559, 0.34926510, 0.34928712, 0.34929347, 0.80522656E-1
0.10142255, 0.25870055, 0.77617928E-1, 0.0000000, 0.0000000, 2.1676123, 8.5188808, 9.7547207, 9.8373814, 19.840631, 19.853945, 19.857719, 19.858709, 0.24997753, 0.24999835, 0.27167410, 0.33518720, 0.34754628, 0.34837353, 0.34920317, 0.34926972, 0.34928858, 0.34929353, 0.77617928E-1
0.10042073, 0.24660252, 0.73988155E-1, 0.0000000, 0.0000000, 1.9810021, 8.2388849, 9.7578125, 9.8410311, 19.843010, 19.854599, 19.857855, 19.858709, 0.24997753, 0.24999835, 0.26980960, 0.33238849, 0.34757790, 0.34841025, 0.34921506, 0.34927300, 0.34928927, 0.34929353, 0.73988155E-1
0.99021286E-1, 0.22970268, 0.68917699E-1, 0.0000000, 0.0000000, 1.7176181, 7.8785233, 9.7349033, 9.8328724, 19.843447, 19.854731, 19.857889, 19.858709, 0.24997753, 0.24999835, 0.26717567, 0.32878479, 0.34734875, 0.34832862, 0.34921724, 0.34927365, 0.34928945, 0.34929353, 0.68917699E-1
0.98458484E-1, 0.22290631, 0.66878580E-1, 0.0000000, 0.0000000, 1.6213953, 7.6587591, 9.7731390, 9.8480492, 19.845610, 19.855337, 19.858061, 19.858709, 0.24997753, 0.24999835, 0.26621270, 0.32658640, 0.34773064, 0.34848025, 0.34922805, 0.34927669, 0.34929031, 0.34929353, 0.66878580E-1
0.97337164E-1, 0.20936508, 0.62815808E-1, 0.0000000, 0.0000000, 1.4138877, 7.3529978, 9.7543402, 9.8410873, 19.845150, 19.855213, 19.858047, 19.858709, 0.24997753, 0.24999835, 0.26413703, 0.32352805, 0.34754214, 0.34841046, 0.34922576, 0.34927607, 0.34929025, 0.34929353, 0.62815808E-1
0.24783637, 1.0000000, 0.60810274, 3.3514094, 8.6250257, 8.9488163, 9.3172407, 9.7889633, 9.8551035, 19.847277, 19.855797, 19.858194, 19.858709, 0.28351286, 0.33624834, 0.33948717, 0.34317219, 0.34788951, 0.34855101, 0.34923637, 0.34927899, 0.34929097, 0.34929353, 0.60810274
0.22791857, 1.0000000, 0.53593677, 2.8169603, 6.8480506, 9.4118471, 9.6285419, 9.7770061, 9.8485479, 19.844061, 19.854982, 19.857941, 19.858675, 0.27816907, 0.31847969, 0.34411794, 0.34628528, 0.34777001, 0.34848544, 0.34922031, 0.34927490, 0.34928972, 0.34929338, 0.53593677
0.20032212, 1.0000000, 0.43594968, 1.8845320, 5.0545511, 9.4402981, 9.6515312, 9.7647429, 9.8422709, 19.841356, 19.854267, 19.857742, 19.858669, 0.26884198, 0.30054012, 0.34439793, 0.34651428, 0.34764692, 0.34842253, 0.34920678, 0.34927133, 0.34928870, 0.34929335, 0.43594968
0.17381132, 1.0000000, 0.33989608, 1.0632485, 3.2367959, 9.4139328, 9.6384974, 9.7518578, 9.8366385, 19.839903, 19.853861, 19.857622, 19.858688, 0.26062971, 0.28236285, 0.34413195, 0.34638345, 0.34751779, 0.34836611, 0.34919950, 0.34926930, 0.34928811, 0.34929344, 0.33989608
0.15503731, 0.90615714, 0.27187434, 0.46022534, 2.3982108, 8.5673571, 9.6316042, 9.7463293, 9.8345118, 19.839779, 19.853804, 19.857635, 19.858704, 0.25460118, 0.27397871, 0.33566752, 0.34631467, 0.34746262, 0.34834486, 0.34919888, 0.34926903, 0.34928817, 0.34929353, 0.27187434
0.14401388, 0.77303731, 0.23193438, 0.13034642, 2.0223022, 7.7498350, 9.6579151, 9.7610312, 9.8409748, 19.841261, 19.854179, 19.857744, 19.858709, 0.25130290, 0.27021766, 0.32748806, 0.34657657, 0.34760901, 0.34840930, 0.34920630, 0.34927088, 0.34928873, 0.34929353, 0.23193438
0.13931562, 0.71630049, 0.21491164, 0.27349591E-1, 1.8603742, 7.2668843, 9.7085457, 9.7906170, 9.8541250, 19.844347, 19.854982, 19.857948, 19.858709, 0.25027347, 0.26860231, 0.32266602, 0.34708470, 0.34790578, 0.34854114, 0.34922174, 0.34927490, 0.34928975, 0.34929353, 0.21491164
0.13231634, 0.63177663, 0.18955195, 0.0000000, 1.4738023, 6.4510479, 9.6677732, 9.7698526, 9.8469038, 19.844490, 19.855047, 19.857973, 19.858709, 0.24999657, 0.26473659, 0.31450731, 0.34667677, 0.34769803, 0.34846890, 0.34922245, 0.34927523, 0.34928986, 0.34929353, 0.18955195
0.12599169, 0.55539954, 0.16663653, 0.0000000, 1.1292785, 5.6182408, 9.6456347, 9.7570868, 9.8421698, 19.844637, 19.855095, 19.858002, 19.858709, 0.24999657, 0.26129150, 0.30617920, 0.34645525, 0.34757030, 0.34842151, 0.34922320, 0.34927547, 0.34929001, 0.34929353, 0.16663653
0.12110537, 0.49639201, 0.14893250, 0.0000000, 0.89200437, 4.9097285, 9.6557970, 9.7621841, 9.8445339, 19.845739, 19.855419, 19.858107, 19.858709, 0.24999657, 0.25891918, 0.29909492, 0.34655705, 0.34762138, 0.34844521, 0.34922868, 0.34927708, 0.34929055, 0.34929353, 0.14893250
0.11678213, 0.44418412, 0.13326856, 0.0000000, 0.68924129, 4.2690873, 9.6621141, 9.7660427, 9.8464699, 19.846619, 19.855654, 19.858166, 19.858709, 0.24999657, 0.25689197, 0.29268950, 0.34662053, 0.34766009, 0.34846458, 0.34923309, 0.34927827, 0.34929082, 0.34929353, 0.13326856
0.11108758, 0.37541631, 0.11263616, 0.0000000, 0.42750537, 3.4301043, 9.6134815, 9.7385597, 9.8360100, 19.846422, 19.855608, 19.858107, 19.858709, 0.24999657, 0.25427437, 0.28429824, 0.34613323, 0.34738478, 0.34835982, 0.34923211, 0.34927803, 0.34929055, 0.34929353, 0.11263616
0.10511082, 0.30324048, 0.90981245E-1, 0.0000000, 0.11489093, 2.6951103, 9.2202978, 9.6963348, 9.8174562, 19.844303, 19.855064, 19.857967, 19.858698, 0.24999657, 0.25114864, 0.27694800, 0.34220085, 0.34696224, 0.34817418, 0.34922153, 0.34927532, 0.34928983, 0.34929350, 0.90981245E-1
0.10174721, 0.26262119, 0.78794241E-1, 0.0000000, 0.0000000, 2.2266297, 8.6563940, 9.6860247, 9.8116589, 19.843555, 19.854881, 19.857925, 19.858704, 0.24999657, 0.24998888, 0.27226117, 0.33655995, 0.34685799, 0.34811583, 0.34921777, 0.34927440, 0.34928963, 0.34929353, 0.78794241E-1
0.99707514E-1, 0.23798971, 0.71404055E-1, 0.0000000, 0.0000000, 1.8415600, 8.1180086, 9.6847143, 9.8105583, 19.843372, 19.854824, 19.857912, 19.858709, 0.24999657, 0.24998888, 0.26841250, 0.33117738, 0.34684551, 0.34810504, 0.34921688, 0.34927413, 0.34928957, 0.34929353, 0.71404055E-1
0.97869791E-1, 0.21579717, 0.64745627E-1, 0.0000000, 0.0000000, 1.5028059, 7.5919485, 9.6837091, 9.8096104, 19.842806, 19.854664, 19.857866, 19.858698, 0.24999657, 0.24998888, 0.26502666, 0.32591805, 0.34683621, 0.34809580, 0.34921402, 0.34927332, 0.34928933, 0.34929350, 0.64745627E-1
0.95709383E-1, 0.18970793, 0.56918073E-1, 0.0000000, 0.0000000, 1.1149138, 6.9428864, 9.6496878, 9.7948389, 19.841497, 19.854317, 19.857759, 19.858698, 0.24999657, 0.24998888, 0.26114604, 0.31942502, 0.34649420, 0.34794748, 0.34920749, 0.34927160, 0.34928879, 0.34929350, 0.56918073E-1
0.93838438E-1, 0.16711415, 0.50139260E-1, 0.0000000, 0.0000000, 0.79624951, 6.2801056, 9.6413765, 9.7895164, 19.840504, 19.854021, 19.857672, 19.858692, 0.24999657, 0.24998888, 0.25796175, 0.31279987, 0.34641284, 0.34789488, 0.34920251, 0.34927011, 0.34928834, 0.34929347, 0.50139260E-1
0.93343720E-1, 0.16113994, 0.48346817E-1, 0.0000000, 0.0000000, 0.72900653, 5.9681387, 9.7300882, 9.8267174, 19.843676, 19.854822, 19.857885, 19.858709, 0.24999657, 0.24998888, 0.25728953, 0.30968049, 0.34730017, 0.34826693, 0.34921837, 0.34927410, 0.34928942, 0.34929353, 0.48346817E-1
0.15408990, 0.89471608, 0.26844168, 2.1696458, 3.7902226, 0.63457787, 5.7296920, 9.7598457, 9.8406610, 19.844465, 19.855047, 19.857973, 19.858709, 0.27169463, 0.28790033, 0.25634563, 0.30729663, 0.34759822, 0.34840652, 0.34922233, 0.34927523, 0.34928986, 0.34929353, 0.26844168
0.12471727, 0.54000962, 0.16201909, 1.0299861, 1.6391009, 1.7204195, 5.3640728, 9.7230768, 9.8257227, 19.841156, 19.854193, 19.857729, 19.858664, 0.26029423, 0.26638564, 0.26720139, 0.30363896, 0.34722918, 0.34825671, 0.34920579, 0.34927097, 0.34928864, 0.34929332, 0.16201909
0.11066227, 0.37028018, 0.11109516, 0.40235519, 1.1545479, 1.4565438, 5.0086703, 9.7190914, 9.8241444, 19.841145, 19.854156, 19.857719, 19.858709, 0.25402158, 0.26154208, 0.26456329, 0.30008522, 0.34718949, 0.34824097, 0.34920573, 0.34927079, 0.34928858, 0.34929353, 0.11109516
0.10019536, 0.24388099, 0.73171616E-1, 0.0000000, 0.73088408, 1.1935651, 4.6271620, 9.7032881, 9.8182068, 19.841368, 19.854210, 19.857731, 19.858709, 0.24996214, 0.25730798, 0.26193494, 0.29627109, 0.34703231, 0.34818190, 0.34920684, 0.34927106, 0.34928864, 0.34929353, 0.73171616E-1
0.97219542E-1, 0.20794469, 0.62389649E-1, 0.0000000, 0.49220026, 1.0181338, 4.2906156, 9.7144299, 9.8233929, 19.843275, 19.854710, 19.857849, 19.858709, 0.24996214, 0.25492129, 0.26018059, 0.29290554, 0.34714362, 0.34823370, 0.34921637, 0.34927356, 0.34928924, 0.34929353, 0.62389649E-1
0.94386473E-1, 0.17373231, 0.52124906E-1, 0.0000000, 0.27240515, 0.84123909, 3.9542580, 9.7101822, 9.8224010, 19.844112, 19.854959, 19.857912, 19.858709, 0.24996214, 0.25272322, 0.25841108, 0.28954136, 0.34710032, 0.34822351, 0.34922057, 0.34927481, 0.34928957, 0.34929353, 0.52124906E-1
0.91763556E-1, 0.14205775, 0.42621586E-1, 0.0000000, 0.84236264E-1, 0.66011250, 3.5830848, 9.6929178, 9.8157215, 19.844580, 19.855087, 19.857960, 19.858709, 0.24996214, 0.25084203, 0.25659981, 0.28582945, 0.34692729, 0.34815657, 0.34922290, 0.34927544, 0.34928980, 0.34929353, 0.42621586E-1
0.95637195E-1, 0.18883611, 0.56656502E-1, 0.39525926, 0.0000000, 0.52027702, 3.2181828, 9.6921978, 9.8154001, 19.845657, 19.855394, 19.858061, 19.858709, 0.25395069, 0.24999380, 0.25520203, 0.28218091, 0.34692058, 0.34815353, 0.34922829, 0.34927696, 0.34929031, 0.34929353, 0.56656502E-1
0.15642038, 0.92285901, 0.27688539, 2.9094517, 2.1258473, 2.6026516, 3.0136020, 9.7653484, 9.8440609, 19.847300, 19.855825, 19.858183, 19.858709, 0.27909255, 0.27125761, 0.27602598, 0.28013590, 0.34765327, 0.34844056, 0.34923649, 0.34927914, 0.34929091, 0.34929353, 0.27688539
0.21335447, 1.0000000, 0.48316833, 2.7513385, 5.2400937, 9.3388157, 9.5699177, 9.8072805, 9.8635502, 19.849157, 19.856312, 19.858267, 19.858709, 0.27750978, 0.30239683, 0.34338447, 0.34569845, 0.34807241, 0.34863538, 0.34924579, 0.34928155, 0.34929132, 0.34929353, 0.48316833
0.18499804, 1.0000000, 0.38042766, 1.8071622, 3.3443770, 9.4146128, 9.6454897, 9.7754107, 9.8497343, 19.846010, 19.855465, 19.858036, 19.858698, 0.26807112, 0.28344321, 0.34414536, 0.34645474, 0.34775403, 0.34849730, 0.34923005, 0.34927732, 0.34929019, 0.34929350, 0.38042766
0.16688314, 1.0000000, 0.31479400, 1.1641115, 2.5651395, 8.7399311, 9.6593752, 9.7681618, 9.8463869, 19.845196, 19.855253, 19.858013, 19.858709, 0.26163965, 0.27564946, 0.33739603, 0.34659302, 0.34768125, 0.34846374, 0.34922597, 0.34927627, 0.34929007, 0.34929353, 0.31479400
0.16771193, 1.0000000, 0.31779683, 1.6154826, 2.2508144, 8.0566044, 9.6875048, 9.7811289, 9.8517475, 19.846151, 19.855515, 19.858120, 19.858709, 0.26615372, 0.27250722, 0.33056441, 0.34687465, 0.34781107, 0.34851742, 0.34923077, 0.34927756, 0.34929061, 0.34929353, 0.31779683
0.16336051, 1.0000000, 0.30203083, 1.5552580, 2.0626636, 7.5732446, 9.7204466, 9.7998581, 9.8599358, 19.847937, 19.856003, 19.858208, 19.858709, 0.26555240, 0.27062649, 0.32573217, 0.34720442, 0.34799856, 0.34859937, 0.34923968, 0.34928000, 0.34929103, 0.34929353, 0.30203083
0.15620455, 0.92025286, 0.27610347, 1.2792885, 1.8760324, 7.1344495, 9.7340374, 9.8086338, 9.8639622, 19.848991, 19.856279, 19.858236, 19.858709, 0.26279232, 0.26875985, 0.32134357, 0.34734011, 0.34808621, 0.34863958, 0.34924495, 0.34928140, 0.34929118, 0.34929353, 0.27610347
0.14750326, 0.81517518, 0.24457702, 0.95273554, 1.6378045, 6.6017303, 9.7196369, 9.8018646, 9.8620405, 19.849487, 19.856396, 19.858250, 19.858709, 0.25952625, 0.26637691, 0.31601501, 0.34719568, 0.34801832, 0.34862030, 0.34924743, 0.34928197, 0.34929127, 0.34929353, 0.24457702
0.14028540, 0.72801179, 0.21842538, 0.69988072, 1.4382690, 6.0993490, 9.7205305, 9.8023424, 9.8626595, 19.850168, 19.856539, 19.858288, 19.858709, 0.25699854, 0.26438236, 0.31099281, 0.34720510, 0.34802330, 0.34862655, 0.34925085, 0.34928268, 0.34929144, 0.34929353, 0.21842538
0.34539789, 1.0000000, 0.96158653, 9.4218979, 9.7540760, 9.8676214, 9.9657068, 9.9825697, 9.9934177, 19.999254, 19.999802, 19.999886, 19.984043, 0.34421724, 0.34753969, 0.34867567, 0.34965694, 0.34982562, 0.34993413, 0.34999627, 0.34999901, 0.34999943, 0.34992021, 0.96158653
0.32905161, 1.0000000, 0.90236086, 8.3726444, 9.5903721, 9.7590914, 9.9196653, 9.9579382, 9.9833679, 19.997692, 19.999397, 19.998854, 19.960974, 0.33371902, 0.34589863, 0.34758833, 0.34919611, 0.34957913, 0.34983358, 0.34998846, 0.34999698, 0.34999427, 0.34980488, 0.90236086
0.35599446, 1.0000000, 0.99997997, 9.9998264, 9.9998951, 9.9999456, 9.9999876, 9.9999933, 9.9999990, 19.999998, 19.999998, 19.999998, 19.995995, 0.34999725, 0.34999833, 0.34999916, 0.34999982, 0.34999990, 0.34999999, 0.34999999, 0.34999999, 0.34999999, 0.34997997, 0.99997997
0.35182947, 1.0000000, 0.98488921, 9.7823887, 9.8894224, 9.9427299, 9.9859838, 9.9929161, 9.9973240, 19.999683, 19.999916, 19.999876, 19.981098, 0.34782389, 0.34889424, 0.34942728, 0.34985983, 0.34992915, 0.34997323, 0.34999841, 0.34999958, 0.34999937, 0.34990549, 0.98488921
0.34841293, 1.0000000, 0.97251052, 9.6569500, 9.7345896, 9.8528404, 9.9590483, 9.9790382, 9.9919863, 19.999033, 19.999743, 19.998693, 19.958250, 0.34656826, 0.34734514, 0.34852803, 0.34959039, 0.34979036, 0.34991986, 0.34999517, 0.34999871, 0.34999347, 0.34979126, 0.97251052
0.35570985, 1.0000000, 0.99894863, 9.9855824, 9.9914284, 9.9957094, 9.9991379, 9.9995728, 9.9998560, 19.999998, 19.999998, 19.999989, 19.991005, 0.34985504, 0.34991381, 0.34995687, 0.34999132, 0.34999570, 0.34999856, 0.34999999, 0.34999999, 0.34999993, 0.34995502, 0.99894863
0.35598910, 1.0000000, 0.99996048, 9.9995852, 9.9997463, 9.9998770, 9.9999723, 9.9999847, 9.9999990, 19.999992, 19.999998, 19.999990, 19.992998, 0.34999457, 0.34999669, 0.34999838, 0.34999964, 0.34999982, 0.34999999, 0.34999996, 0.34999999, 0.34999996, 0.34996498, 0.99996048
0.35149127, 1.0000000, 0.98366398, 9.8700285, 9.7989378, 9.7649555, 9.9277735, 9.9627008, 9.9852247, 19.997751, 19.999426, 19.999737, 19.980080, 0.34870028, 0.34798938, 0.34764954, 0.34927773, 0.34962702, 0.34985226, 0.34998876, 0.34999713, 0.34999868, 0.34990039, 0.98366398
0.35060018, 1.0000000, 0.98043543, 9.9023504, 9.7042856, 9.6498947, 9.8575449, 9.9227705, 9.9680195, 19.994827, 19.998663, 19.998337, 19.957277, 0.34902352, 0.34704286, 0.34649894, 0.34857544, 0.34922770, 0.34968019, 0.34997413, 0.34999332, 0.34999168, 0.34978640, 0.98043543
0.31479502, 1.0000000, 0.85070652, 7.5405364, 9.3590231, 9.5824575, 9.7972250, 9.8841867, 9.9487915, 19.990602, 19.997547, 19.994654, 19.936661, 0.32540277, 0.34358832, 0.34582359, 0.34797204, 0.34884179, 0.34948787, 0.34995300, 0.34998775, 0.34997326, 0.34968331, 0.85070652
0.35600001, 1.0000000, 1.0000000, 9.9999990, 9.9999990, 9.9999990, 9.9999990, 9.9999990, 9.9999990, 19.999998, 19.999998, 19.999998, 19.998999, 0.34999999, 0.34999999, 0.34999999, 0.34999999, 0.34999999, 0.34999999, 0.34999999, 0.34999999, 0.34999999, 0.34999499, 1.0000000
0.33022821, 1.0000000, 0.90662384, 8.4937143, 9.5408449, 9.7361269, 9.9200592, 9.9586697, 9.9839735, 19.997906, 19.999456, 19.999607, 19.975222, 0.33493459, 0.34540671, 0.34736037, 0.34920043, 0.34958661, 0.34983972, 0.34998953, 0.34999728, 0.34999803, 0.34987611, 0.90662384
0.35580260, 1.0000000, 0.99928463, 9.9904985, 9.9943209, 9.9971571, 9.9994297, 9.9997129, 9.9999037, 19.999998, 19.999998, 19.999990, 19.991999, 0.34990153, 0.34994113, 0.34997052, 0.34999409, 0.34999704, 0.34999901, 0.34999999, 0.34999999, 0.34999996, 0.34996000, 0.99928463
0.34150016, 1.0000000, 0.94746441, 9.2381201, 9.6380873, 9.7791376, 9.9317465, 9.9648790, 9.9865084, 19.998343, 19.999569, 19.999826, 19.984032, 0.34238023, 0.34638026, 0.34779108, 0.34931740, 0.34964874, 0.34986508, 0.34999171, 0.34999785, 0.34999913, 0.34992015, 0.94746441
0.35600001, 1.0000000, 1.0000000, 9.9999990, 9.9999990, 9.9999990, 9.9999990, 9.9999990, 9.9999990, 19.999998, 19.999998, 19.999998, 19.998999, 0.34999999, 0.34999999, 0.34999999, 0.34999999, 0.34999999, 0.34999999, 0.34999999, 0.34999999, 0.34999999, 0.34999499, 1.0000000
0.35599089, 1.0000000, 0.99996704, 9.9996386, 9.9997816, 9.9998922, 9.9999790, 9.9999905, 9.9999990, 19.999998, 19.999998, 19.999990, 19.992998, 0.34999546, 0.34999725, 0.34999865, 0.34999973, 0.34999987, 0.34999999, 0.34999999, 0.34999999, 0.34999996, 0.34996498, 0.99996704
0.35599929, 1.0000000, 0.99999738, 9.9999990, 9.9999990, 9.9999990, 9.9999990, 9.9999990, 9.9999990, 19.999998, 19.999998, 19.999998, 19.998999, 0.34999964, 0.34999979, 0.34999987, 0.34999996, 0.34999999, 0.34999999, 0.34999999, 0.34999999, 0.34999999, 0.34999499, 0.99999738
0.34983480, 1.0000000, 0.97766232, 9.6745901, 9.8417683, 9.9172039, 9.9796219, 9.9896879, 9.9961357, 19.999569, 19.999886, 19.999908, 19.983068, 0.34674591, 0.34841770, 0.34917206, 0.34979624, 0.34989688, 0.34996134, 0.34999785, 0.34999943, 0.34999955, 0.34991533, 0.97766232
0.32652301, 1.0000000, 0.89319921, 8.2406445, 9.5234947, 9.7211943, 9.9100618, 9.9531317, 9.9815950, 19.997478, 19.999336, 19.998772, 19.960054, 0.33240560, 0.34523433, 0.34721166, 0.34910056, 0.34953129, 0.34981596, 0.34998739, 0.34999669, 0.34999385, 0.34980029, 0.89319921
0.35455114, 1.0000000, 0.99475038, 9.9269705, 9.9579887, 9.9787989, 9.9957066, 9.9978418, 9.9992781, 19.999998, 19.999998, 19.999983, 19.989990, 0.34926924, 0.34957960, 0.34978786, 0.34995702, 0.34997842, 0.34999278, 0.34999999, 0.34999999, 0.34999990, 0.34994996, 0.99475038
0.32387334, 1.0000000, 0.88359898, 8.0790243, 9.4860611, 9.6975298, 9.8978958, 9.9466085, 9.9783611, 19.996399, 19.999058, 19.999153, 19.966547, 0.33079025, 0.34486061, 0.34697530, 0.34897897, 0.34946609, 0.34978360, 0.34998199, 0.34999529, 0.34999576, 0.34983274, 0.88359898
0.28217322, 1.0000000, 0.73251158, 5.2217107, 9.2978373, 9.5542936, 9.7979870, 9.8877258, 9.9515419, 19.990984, 19.997650, 19.996401, 19.944878, 0.30221435, 0.34297544, 0.34554145, 0.34797958, 0.34887710, 0.34951535, 0.34995490, 0.34998825, 0.34998199, 0.34972438, 0.73251158
0.24782893, 1.0000000, 0.60807586, 2.9692948, 8.9241571, 9.5256348, 9.7524080, 9.8538980, 9.9329500, 19.986917, 19.996532, 19.991144, 19.925886, 0.27969271, 0.33924115, 0.34525615, 0.34752405, 0.34853896, 0.34932950, 0.34993458, 0.34998268, 0.34995574, 0.34962943, 0.60807586
0.23874821, 1.0000000, 0.57517463, 2.6937842, 8.2812834, 9.5408802, 9.7402620, 9.8400965, 9.9219723, 19.983171, 19.995344, 19.982969, 19.909996, 0.27693716, 0.33281159, 0.34540808, 0.34740248, 0.34840086, 0.34921971, 0.34991586, 0.34997672, 0.34991485, 0.34954998, 0.57517463
0.21286841, 1.0000000, 0.48140728, 1.9652784, 6.4086971, 9.4749880, 9.6994629, 9.8122358, 9.9053373, 19.977514, 19.993221, 19.971981, 19.897169, 0.26965189, 0.31408522, 0.34474856, 0.34699437, 0.34812221, 0.34905332, 0.34988758, 0.34996611, 0.34985989, 0.34948584, 0.48140728
0.18040223, 1.0000000, 0.36377621, 1.0053605, 4.1353307, 9.3938541, 9.6472855, 9.7773819, 9.8860950, 19.971216, 19.990070, 19.958958, 19.887159, 0.26005298, 0.29135177, 0.34393677, 0.34647250, 0.34777364, 0.34886089, 0.34985608, 0.34995034, 0.34979481, 0.34943581, 0.36377621
0.15633468, 0.92182428, 0.27657494, 0.34962893, 2.7129471, 8.6191750, 9.6212978, 9.7576475, 9.8742371, 19.966606, 19.986036, 19.944994, 19.879530, 0.25349563, 0.27712643, 0.33618692, 0.34621191, 0.34757593, 0.34874219, 0.34983304, 0.34993017, 0.34972498, 0.34939766, 0.27657494
0.14041439, 0.72956926, 0.21889268, 0.0000000, 2.0159216, 7.3370152, 9.6070490, 9.7464285, 9.8664722, 19.961893, 19.980227, 19.930948, 19.873831, 0.24993744, 0.27015680, 0.32336578, 0.34606937, 0.34746373, 0.34866452, 0.34980947, 0.34990114, 0.34965473, 0.34936917, 0.21889268
0.12688529, 0.56619084, 0.16987424, 0.0000000, 1.2255609, 5.6676211, 9.5430088, 9.7056923, 9.8464947, 19.956118, 19.972170, 19.917570, 19.869606, 0.24993744, 0.26225299, 0.30667016, 0.34542805, 0.34705588, 0.34846458, 0.34978059, 0.34986085, 0.34958786, 0.34934804, 0.16987424
0.11736975, 0.45128033, 0.13539764, 0.0000000, 0.75618029, 4.3076687, 9.5451880, 9.7042074, 9.8437805, 19.952761, 19.962868, 19.905739, 19.866564, 0.24993744, 0.25755966, 0.29307061, 0.34544921, 0.34704071, 0.34843734, 0.34976381, 0.34981436, 0.34952870, 0.34933281, 0.13539764
0.10788479, 0.33673912, 0.10103184, 0.0000000, 0.29177368, 2.9722750, 9.4255142, 9.6796980, 9.8307343, 19.946714, 19.951416, 19.895411, 19.864330, 0.24993744, 0.25291631, 0.27971548, 0.34425056, 0.34679464, 0.34830654, 0.34973356, 0.34975708, 0.34947705, 0.34932166, 0.10103184
0.10195148, 0.26508799, 0.79534352E-1, 0.0000000, 0.0000000, 2.2747040, 8.6758108, 9.6567755, 9.8178301, 19.939951, 19.938951, 19.886803, 19.862713, 0.24993744, 0.24998212, 0.27274275, 0.33675483, 0.34656593, 0.34817767, 0.34969977, 0.34969476, 0.34943402, 0.34931356, 0.79534352E-1
0.99570490E-1, 0.23633498, 0.70907585E-1, 0.0000000, 0.0000000, 1.8236578, 8.0481853, 9.6682568, 9.8224630, 19.935446, 19.927017, 19.880037, 19.861603, 0.24993744, 0.24998212, 0.26823363, 0.33047926, 0.34668103, 0.34822410, 0.34967723, 0.34963509, 0.34940019, 0.34930801, 0.70907585E-1
0.35537702, 1.0000000, 0.99774265, 9.9692249, 9.9818239, 9.9908829, 9.9981632, 9.9990816, 9.9996986, 19.999998, 19.999998, 19.999983, 19.990009, 0.34968817, 0.34981579, 0.34990761, 0.34998140, 0.34999070, 0.34999695, 0.34999999, 0.34999999, 0.34999990, 0.34995005, 0.99774265
0.32842481, 1.0000000, 0.90008986, 8.3867636, 9.5136871, 9.7141399, 9.9045601, 9.9501572, 9.9799185, 19.996775, 19.999153, 19.999674, 19.981050, 0.33386764, 0.34513688, 0.34714139, 0.34904560, 0.34950158, 0.34979919, 0.34998387, 0.34999576, 0.34999835, 0.34990525, 0.90008986
0.28208500, 1.0000000, 0.73219192, 5.2307944, 9.2782803, 9.5415697, 9.7949276, 9.8862276, 9.9516659, 19.991842, 19.997860, 19.998192, 19.958149, 0.30230686, 0.34278166, 0.34541512, 0.34794915, 0.34886223, 0.34951663, 0.34995919, 0.34998930, 0.34999096, 0.34979075, 0.73219192
0.23692364, 1.0000000, 0.56856388, 2.7186155, 8.0669098, 9.4570246, 9.7091255, 9.8280602, 9.9209347, 19.984806, 19.995996, 19.994452, 19.937382, 0.27718118, 0.33066025, 0.34456506, 0.34709018, 0.34828007, 0.34920916, 0.34992403, 0.34998000, 0.34997225, 0.34968692, 0.56856388
0.20573626, 1.0000000, 0.45556617, 1.7893612, 5.8700809, 9.4240456, 9.6762714, 9.8001337, 9.9028502, 19.980204, 19.994671, 19.988047, 19.919554, 0.26789021, 0.30869412, 0.34423512, 0.34676161, 0.34800076, 0.34902832, 0.34990102, 0.34997335, 0.34994024, 0.34959775, 0.45556617
0.20501254, 1.0000000, 0.45294395, 2.1646352, 5.1421428, 9.4549761, 9.6801510, 9.7967243, 9.8964605, 19.976789, 19.993382, 19.978853, 19.904846, 0.27164102, 0.30141380, 0.34454277, 0.34680009, 0.34796652, 0.34896436, 0.34988394, 0.34996691, 0.34989426, 0.34952423, 0.45294395
0.35600001, 1.0000000, 1.0000000, 9.9999990, 9.9999990, 9.9999990, 9.9999990, 9.9999990, 9.9999990, 19.999998, 19.999998, 19.999998, 19.998999, 0.34999999, 0.34999999, 0.34999999, 0.34999999, 0.34999999, 0.34999999, 0.34999999, 0.34999999, 0.34999999, 0.34999499, 1.0000000
0.32583919, 1.0000000, 0.89072162, 8.2394409, 9.4632368, 9.6851301, 9.8964376, 9.9459686, 9.9783936, 19.996666, 19.999140, 19.999535, 19.975185, 0.33239153, 0.34463036, 0.34685028, 0.34896418, 0.34945956, 0.34978390, 0.34998333, 0.34999570, 0.34999767, 0.34987593, 0.89072162
0.33305448, 1.0000000, 0.91686404, 8.7810221, 9.4534378, 9.6554508, 9.8481255, 9.9159861, 9.9645319, 19.994171, 19.998486, 19.997787, 19.952772, 0.33780718, 0.34453240, 0.34655353, 0.34848103, 0.34915978, 0.34964529, 0.34997085, 0.34999242, 0.34998894, 0.34976387, 0.91686404
0.35599673, 1.0000000, 0.99998820, 9.9998922, 9.9999342, 9.9999695, 9.9999933, 9.9999933, 9.9999990, 19.999998, 19.999998, 19.999998, 19.996996, 0.34999838, 0.34999901, 0.34999952, 0.34999990, 0.34999990, 0.34999999, 0.34999999, 0.34999999, 0.34999999, 0.34998497, 0.99998820
0.35597634, 1.0000000, 0.99991417, 9.9988728, 9.9993229, 9.9996624, 9.9999342, 9.9999609, 9.9999905, 19.999998, 19.999998, 19.999990, 19.991999, 0.34998819, 0.34999290, 0.34999648, 0.34999931, 0.34999958, 0.34999990, 0.34999999, 0.34999999, 0.34999996, 0.34996000, 0.99991417
0.35599560, 1.0000000, 0.99998391, 9.9998922, 9.9999342, 9.9999666, 9.9999933, 9.9999933, 9.9999990, 19.999998, 19.999998, 19.999998, 19.996996, 0.34999779, 0.34999865, 0.34999934, 0.34999987, 0.34999990, 0.34999999, 0.34999999, 0.34999999, 0.34999999, 0.34998497, 0.99998391
0.35600001, 1.0000000, 1.0000000, 9.9999990, 9.9999990, 9.9999990, 9.9999990, 9.9999990, 9.9999990, 19.999998, 19.999998, 19.999998, 19.998999, 0.34999999, 0.34999999, 0.34999999, 0.34999999, 0.34999999, 0.34999999, 0.34999999, 0.34999999, 0.34999999, 0.34999499, 1.0000000
0.35600001, 1.0000000, 1.0000000, 9.9999990, 9.9999990, 9.9999990, 9.9999990, 9.9999990, 9.9999990, 19.999998, 19.999998, 19.999998, 19.996996, 0.34999999, 0.34999999, 0.34999999, 0.34999999, 0.34999999, 0.34999999, 0.34999999, 0.34999999, 0.34999999, 0.34998497, 1.0000000
0.31827319, 1.0000000, 0.86330867, 7.7288499, 9.4179945, 9.6541529, 9.8785810, 9.9362154, 9.9737530, 19.995327, 19.998783, 19.999376, 19.973228, 0.32728684, 0.34417871, 0.34654090, 0.34878570, 0.34936211, 0.34973750, 0.34997663, 0.34999391, 0.34999686, 0.34986615, 0.86330867
0.26718432, 1.0000000, 0.67820406, 4.1944447, 9.2302217, 9.5034971, 9.7629871, 9.8663321, 9.9414682, 19.988935, 19.997097, 19.997200, 19.950928, 0.29194081, 0.34229741, 0.34503248, 0.34762937, 0.34866306, 0.34941459, 0.34994468, 0.34998548, 0.34998602, 0.34975463, 0.67820406
0.35593057, 1.0000000, 0.99974841, 9.9975195, 9.9985123, 9.9992542, 9.9998531, 9.9999218, 9.9999723, 19.999998, 19.999998, 19.999998, 19.994993, 0.34996539, 0.34997925, 0.34998959, 0.34999794, 0.34999892, 0.34999964, 0.34999999, 0.34999999, 0.34999999, 0.34997496, 0.99974841
0.35600001, 1.0000000, 1.0000000, 9.9999990, 9.9999990, 9.9999990, 9.9999990, 9.9999990, 9.9999990, 19.999998, 19.999998, 19.999998, 19.998999, 0.34999999, 0.34999999, 0.34999999, 0.34999999, 0.34999999, 0.34999999, 0.34999999, 0.34999999, 0.34999999, 0.34999499, 1.0000000
0.32701528, 1.0000000, 0.89498287, 8.2928867, 9.5012369, 9.7108917, 9.9092245, 9.9528933, 9.9814787, 19.997370, 19.999319, 19.999582, 19.975210, 0.33292758, 0.34501150, 0.34710845, 0.34909216, 0.34952888, 0.34981474, 0.34998685, 0.34999660, 0.34999791, 0.34987605, 0.89498287
0.30015963, 1.0000000, 0.79767984, 6.4340487, 9.4049530, 9.6326103, 9.8529425, 9.9198809, 9.9675388, 19.995684, 19.998884, 19.997902, 19.952801, 0.31433055, 0.34404081, 0.34632164, 0.34852850, 0.34919837, 0.34967524, 0.34997842, 0.34999442, 0.34998950, 0.34976399, 0.79767984
0.27252138, 1.0000000, 0.69754112, 4.4508877, 9.3887444, 9.6073780, 9.8108635, 9.8915768, 9.9531927, 19.993069, 19.998198, 19.993801, 19.932739, 0.29450655, 0.34388450, 0.34607226, 0.34810835, 0.34891561, 0.34953186, 0.34996533, 0.34999099, 0.34996900, 0.34966370, 0.69754112
0.23831114, 1.0000000, 0.57359105, 2.6896029, 8.2590637, 9.4928532, 9.7407408, 9.8466501, 9.9304447, 19.988739, 19.996944, 19.986712, 19.915691, 0.27689511, 0.33258894, 0.34492755, 0.34740719, 0.34846643, 0.34930441, 0.34994370, 0.34998471, 0.34993356, 0.34957844, 0.57359105
0.21148048, 1.0000000, 0.47637853, 1.8977344, 6.3560448, 9.4687071, 9.7073069, 9.8204565, 9.9140568, 19.984863, 19.995485, 19.976820, 19.901718, 0.26897511, 0.31355599, 0.34468374, 0.34707239, 0.34820420, 0.34914047, 0.34992433, 0.34997743, 0.34988409, 0.34950858, 0.47637853
0.19153477, 1.0000000, 0.40411147, 1.3591766, 4.8373804, 9.4842691, 9.7059402, 9.8148222, 9.9073124, 19.982029, 19.993711, 19.964687, 19.890724, 0.26358995, 0.29836997, 0.34483892, 0.34705862, 0.34814784, 0.34907299, 0.34991014, 0.34996855, 0.34982345, 0.34945363, 0.40411147
0.17196345, 1.0000000, 0.33320090, 0.87252855, 3.3025265, 9.4524050, 9.6896152, 9.8031492, 9.8999166, 19.979309, 19.990868, 19.951117, 19.882309, 0.25872463, 0.28302380, 0.34452197, 0.34689572, 0.34803128, 0.34899911, 0.34989655, 0.34995434, 0.34975559, 0.34941155, 0.33320090
0.15904266, 0.95452595, 0.28638643, 0.52746534, 2.6232302, 8.8404655, 9.6908245, 9.8019524, 9.8975706, 19.977152, 19.986624, 19.937134, 19.875956, 0.25527397, 0.27623028, 0.33840123, 0.34690750, 0.34801915, 0.34897560, 0.34988576, 0.34993312, 0.34968567, 0.34937978, 0.28638643
0.23582116, 1.0000000, 0.56456935, 2.9533415, 7.5242057, 9.4829273, 9.7491598, 9.8338356, 9.9101009, 19.977066, 19.981043, 19.923708, 19.871269, 0.27953151, 0.32523915, 0.34482744, 0.34749120, 0.34833819, 0.34910095, 0.34988534, 0.34990522, 0.34961855, 0.34935635, 0.56456935
0.34721887, 1.0000000, 0.96818435, 9.5295944, 9.7842312, 9.8856354, 9.9722509, 9.9859562, 9.9948702, 19.999557, 19.999886, 19.999937, 19.987009, 0.34529594, 0.34784231, 0.34885636, 0.34972250, 0.34985957, 0.34994870, 0.34999779, 0.34999943, 0.34999970, 0.34993505, 0.96818435
0.32873213, 1.0000000, 0.90120327, 8.4037390, 9.5172396, 9.7219095, 9.9149780, 9.9560118, 9.9828863, 19.997715, 19.999403, 19.999752, 19.982044, 0.33403739, 0.34517241, 0.34721911, 0.34914976, 0.34956011, 0.34982887, 0.34998858, 0.34999701, 0.34999877, 0.34991023, 0.90120327
0.35494149, 1.0000000, 0.99616480, 9.9469204, 9.9690685, 9.9844446, 9.9968500, 9.9984226, 9.9994717, 19.999998, 19.999998, 19.999989, 19.990986, 0.34946811, 0.34969002, 0.34984413, 0.34996843, 0.34998420, 0.34999472, 0.34999999, 0.34999999, 0.34999993, 0.34995493, 0.99616480
0.34855181, 1.0000000, 0.97301376, 9.6476383, 9.7567034, 9.8701944, 9.9682789, 9.9839373, 9.9941502, 19.999516, 19.999863, 19.999952, 19.988997, 0.34647638, 0.34756702, 0.34870195, 0.34968278, 0.34983939, 0.34994149, 0.34999758, 0.34999931, 0.34999976, 0.34994498, 0.97301376
0.32038662, 1.0000000, 0.87096596, 7.8493271, 9.4589252, 9.6769352, 9.8922968, 9.9434452, 9.9783001, 19.997698, 19.999392, 19.999180, 19.965654, 0.32849282, 0.34458894, 0.34676921, 0.34892294, 0.34943441, 0.34978300, 0.34998849, 0.34999695, 0.34999591, 0.34982827, 0.87096596
0.27974176, 1.0000000, 0.72370201, 5.0477357, 9.2937670, 9.5530128, 9.8029289, 9.8904905, 9.9547701, 19.994040, 19.998438, 19.996469, 19.944107, 0.30047572, 0.34293589, 0.34552920, 0.34802911, 0.34890482, 0.34954765, 0.34997019, 0.34999219, 0.34998235, 0.34972054, 0.72370201
0.33276314, 1.0000000, 0.91580844, 9.1021357, 8.9828806, 9.4861908, 9.7315521, 9.8420248, 9.9292030, 19.988913, 19.997057, 19.991020, 19.925243, 0.34102136, 0.33982879, 0.34486192, 0.34731552, 0.34842026, 0.34929204, 0.34994456, 0.34998530, 0.34995511, 0.34962621, 0.91580844
0.30258352, 1.0000000, 0.80646193, 6.7278800, 9.2796946, 9.5203476, 9.7312269, 9.8343563, 9.9201174, 19.985685, 19.995974, 19.982769, 19.909500, 0.31727469, 0.34279355, 0.34520170, 0.34731191, 0.34834337, 0.34920111, 0.34992844, 0.34997988, 0.34991384, 0.34954751, 0.80646193
0.25140578, 1.0000000, 0.62103540, 3.0976992, 9.1878128, 9.4533596, 9.6902800, 9.8066988, 9.9035959, 19.980507, 19.993948, 19.971727, 19.896780, 0.28097555, 0.34187555, 0.34453228, 0.34690252, 0.34806684, 0.34903589, 0.34990254, 0.34996974, 0.34985864, 0.34948391, 0.62103540
0.24056213, 1.0000000, 0.58174682, 2.8499217, 8.2191963, 9.5832148, 9.7455940, 9.8342781, 9.9126797, 19.980125, 19.992373, 19.959051, 19.886940, 0.27849770, 0.33218932, 0.34583059, 0.34745565, 0.34834263, 0.34912673, 0.34990063, 0.34996188, 0.34979525, 0.34943470, 0.58174682
0.23171549, 1.0000000, 0.54969376, 2.7475595, 7.3105531, 9.5980864, 9.7678614, 9.8478184, 9.9187679, 19.980135, 19.989653, 19.945391, 19.879457, 0.27747500, 0.32310456, 0.34598023, 0.34767848, 0.34847814, 0.34918764, 0.34990066, 0.34994826, 0.34972695, 0.34939730, 0.54969376
0.21210235, 1.0000000, 0.47863171, 2.1769464, 5.9383407, 9.5148211, 9.7385702, 9.8330021, 9.9133453, 19.978647, 19.984854, 19.931517, 19.873848, 0.27176863, 0.30938202, 0.34514710, 0.34738547, 0.34832990, 0.34913343, 0.34989324, 0.34992427, 0.34965760, 0.34936923, 0.47863171
0.23542197, 1.0000000, 0.56312305, 2.7423115, 7.7900944, 9.5575180, 9.7487335, 9.8377953, 9.9149008, 19.977726, 19.978230, 19.918442, 19.869717, 0.27742153, 0.32789826, 0.34557354, 0.34748700, 0.34837776, 0.34914896, 0.34988862, 0.34989116, 0.34959221, 0.34934857, 0.56312305
0.35534936, 1.0000000, 0.99764252, 9.9674397, 9.9808750, 9.9903975, 9.9980621, 9.9990311, 9.9996777, 19.999998, 19.999998, 19.999983, 19.990009, 0.34967381, 0.34980839, 0.34990379, 0.34998059, 0.34999028, 0.34999678, 0.34999999, 0.34999999, 0.34999990, 0.34995005, 0.99764252
0.35600001, 1.0000000, 1.0000000, 9.9999990, 9.9999990, 9.9999990, 9.9999990, 9.9999990, 9.9999990, 19.999998, 19.999998, 19.999990, 19.992998, 0.34999999, 0.34999999, 0.34999999, 0.34999999, 0.34999999, 0.34999999, 0.34999999, 0.34999999, 0.34999996, 0.34996498, 1.0000000
0.34970212, 1.0000000, 0.97718155, 9.6711359, 9.8331909, 9.9134169, 9.9813366, 9.9906063, 9.9956083, 19.999111, 19.999767, 19.999788, 19.979116, 0.34671137, 0.34833190, 0.34913418, 0.34981337, 0.34990606, 0.34995610, 0.34999555, 0.34999883, 0.34999895, 0.34989560, 0.97718155
0.32349962, 1.0000000, 0.88224494, 8.0643253, 9.4716187, 9.6866169, 9.8954401, 9.9452238, 9.9773827, 19.996298, 19.999033, 19.998333, 19.956398, 0.33064169, 0.34471509, 0.34686559, 0.34895429, 0.34945217, 0.34977379, 0.34998149, 0.34999517, 0.34999168, 0.34978199, 0.88224494
0.29016483, 1.0000000, 0.76146680, 5.7655916, 9.3371058, 9.5859747, 9.8269386, 9.9045315, 9.9602280, 19.994303, 19.998512, 19.994722, 19.935907, 0.30765209, 0.34336734, 0.34585783, 0.34826902, 0.34904510, 0.34960222, 0.34997150, 0.34999257, 0.34997362, 0.34967953, 0.76146680
0.26517272, 1.0000000, 0.67091566, 3.9451561, 9.3548708, 9.5876408, 9.8035641, 9.8859482, 9.9504337, 19.993248, 19.998169, 19.988340, 19.918346, 0.28944987, 0.34354627, 0.34587514, 0.34803537, 0.34885937, 0.34950432, 0.34996623, 0.34999084, 0.34994170, 0.34959173, 0.67091566
0.23561513, 1.0000000, 0.56382293, 2.5726497, 8.1214066, 9.5067015, 9.7498598, 9.8508730, 9.9326944, 19.990698, 19.997206, 19.978989, 19.903894, 0.27572292, 0.33120728, 0.34506306, 0.34749779, 0.34850830, 0.34932679, 0.34995347, 0.34998602, 0.34989494, 0.34951946, 0.56382293
0.22227688, 1.0000000, 0.51549590, 2.4351001, 6.7272182, 9.5321999, 9.7426977, 9.8413486, 9.9241076, 19.988300, 19.995697, 19.967218, 19.892410, 0.27435008, 0.31727067, 0.34532094, 0.34742677, 0.34841338, 0.34924105, 0.34994149, 0.34997848, 0.34983608, 0.34946206, 0.51549590
0.35600001, 1.0000000, 1.0000000, 9.9999990, 9.9999990, 9.9999990, 9.9999990, 9.9999990, 9.9999990, 19.999998, 19.999998, 19.999998, 19.997997, 0.34999999, 0.34999999, 0.34999999, 0.34999999, 0.34999999, 0.34999999, 0.34999999, 0.34999999, 0.34999999, 0.34998998, 1.0000000
0.35599887, 1.0000000, 0.99999589, 9.9999990, 9.9999990, 9.9999990, 9.9999990, 9.9999990, 9.9999990, 19.999998, 19.999998, 19.999998, 19.996996, 0.34999943, 0.34999967, 0.34999982, 0.34999996, 0.34999996, 0.34999999, 0.34999999, 0.34999999, 0.34999999, 0.34998497, 0.99999589
0.34786135, 1.0000000, 0.97051203, 9.5665598, 9.7974682, 9.8931217, 9.9753065, 9.9875288, 9.9955997, 19.999767, 19.999933, 19.999956, 19.987051, 0.34565988, 0.34797117, 0.34892944, 0.34975272, 0.34987509, 0.34995595, 0.34999883, 0.34999967, 0.34999979, 0.34993526, 0.97051203
0.31037980, 1.0000000, 0.83470935, 7.1914206, 9.3775244, 9.6239462, 9.8673391, 9.9299402, 9.9723854, 19.996422, 19.999050, 19.998976, 19.963783, 0.32191047, 0.34377232, 0.34623796, 0.34867311, 0.34929925, 0.34972379, 0.34998211, 0.34999526, 0.34999487, 0.34981892, 0.83470935
0.35600001, 1.0000000, 0.99999994, 9.9999990, 9.9999990, 9.9999962, 9.9999990, 9.9999990, 9.9999990, 19.999998, 19.999998, 19.999998, 19.997992, 0.34999999, 0.34999999, 0.34999996, 0.34999999, 0.34999999, 0.34999999, 0.34999999, 0.34999999, 0.34999999, 0.34998995, 0.99999994
0.33415592, 1.0000000, 0.92085475, 8.7670660, 9.5540304, 9.7451639, 9.9276571, 9.9627771, 9.9861841, 19.998783, 19.999683, 19.999622, 19.974239, 0.33766836, 0.34553882, 0.34745085, 0.34927642, 0.34962767, 0.34986180, 0.34999391, 0.34999841, 0.34999812, 0.34987119, 0.92085475
0.33250946, 1.0000000, 0.91488934, 8.6429996, 9.5601330, 9.7499981, 9.9271994, 9.9625092, 9.9856434, 19.998264, 19.999552, 19.999762, 19.980080, 0.33642563, 0.34559843, 0.34749848, 0.34927168, 0.34962493, 0.34985638, 0.34999132, 0.34999776, 0.34999880, 0.34990039, 0.91488934
0.29101539, 1.0000000, 0.76454842, 5.8559909, 9.3002272, 9.5642147, 9.8242216, 9.9045410, 9.9614410, 19.994898, 19.998676, 19.998320, 19.957277, 0.30855626, 0.34299880, 0.34564036, 0.34824187, 0.34904522, 0.34961435, 0.34997448, 0.34999338, 0.34999159, 0.34978640, 0.76454842
0.26415524, 1.0000000, 0.66722906, 3.8889799, 9.3357077, 9.5716076, 9.7919731, 9.8798685, 9.9484491, 19.993200, 19.998226, 19.994823, 19.936689, 0.28888643, 0.34335223, 0.34571359, 0.34791923, 0.34879842, 0.34948441, 0.34996599, 0.34999114, 0.34997413, 0.34968346, 0.66722906
0.35599208, 1.0000000, 0.99997133, 9.9996624, 9.9997969, 9.9998980, 9.9999819, 9.9999876, 9.9999933, 19.999998, 19.999998, 19.999996, 19.993994, 0.34999606, 0.34999764, 0.34999880, 0.34999979, 0.34999985, 0.34999993, 0.34999999, 0.34999999, 0.34999996, 0.34996998, 0.99997133
0.35600001, 1.0000000, 0.99999988, 9.9999990, 9.9999962, 9.9999990, 9.9999962, 9.9999990, 9.9999990, 19.999998, 19.999998, 19.999998, 19.998999, 0.34999999, 0.34999996, 0.34999999, 0.34999996, 0.34999999, 0.34999999, 0.34999999, 0.34999999, 0.34999999, 0.34999499, 0.99999988
0.35600001, 1.0000000, 1.0000000, 9.9999990, 9.9999990, 9.9999990, 9.9999990, 9.9999990, 9.9999990, 19.999998, 19.999998, 19.999998, 19.996996, 0.34999999, 0.34999999, 0.34999999, 0.34999999, 0.34999999, 0.34999999, 0.34999999, 0.34999999, 0.34999999, 0.34998497, 1.0000000
0.34647524, 1.0000000, 0.96548986, 9.5263767, 9.7195759, 9.8483124, 9.9633636, 9.9814262, 9.9934263, 19.999647, 19.999908, 19.999662, 19.973301, 0.34526378, 0.34719574, 0.34848312, 0.34963363, 0.34981427, 0.34993428, 0.34999824, 0.34999955, 0.34999830, 0.34986651, 0.96548986
0.34104353, 1.0000000, 0.94580972, 9.2322216, 9.5946398, 9.7732096, 9.9381495, 9.9683437, 9.9882088, 19.998848, 19.999706, 19.999889, 19.986019, 0.34232223, 0.34594640, 0.34773210, 0.34938151, 0.34968343, 0.34988210, 0.34999424, 0.34999853, 0.34999946, 0.34993011, 0.94580972
0.33538890, 1.0000000, 0.92532218, 8.9590015, 9.4346638, 9.6555395, 9.8737431, 9.9325695, 9.9737740, 19.997238, 19.999290, 19.998957, 19.962851, 0.33958894, 0.34434596, 0.34655505, 0.34873736, 0.34932566, 0.34973773, 0.34998620, 0.34999645, 0.34999478, 0.34981424, 0.92532218
0.31582862, 1.0000000, 0.85445142, 7.5550723, 9.4270897, 9.6360455, 9.8348475, 9.9070482, 9.9616718, 19.995647, 19.998873, 19.996096, 19.941620, 0.32555053, 0.34427074, 0.34636036, 0.34834844, 0.34907049, 0.34961671, 0.34997824, 0.34999436, 0.34998047, 0.34970811, 0.85445142
0.31516325, 1.0000000, 0.85204071, 7.5166683, 9.4186201, 9.6257629, 9.8158731, 9.8920679, 9.9531231, 19.994564, 19.998583, 19.990587, 19.923172, 0.32516667, 0.34418619, 0.34625763, 0.34815872, 0.34892067, 0.34953123, 0.34997281, 0.34999293, 0.34995294, 0.34961587, 0.85204071
0.29302961, 1.0000000, 0.77184641, 5.9500327, 9.3743849, 9.5956182, 9.7965584, 9.8778286, 9.9448080, 19.993444, 19.998095, 19.982147, 19.907841, 0.30950034, 0.34374386, 0.34595618, 0.34796560, 0.34877828, 0.34944808, 0.34996721, 0.34999049, 0.34991074, 0.34953922, 0.77184641
0.26142192, 1.0000000, 0.65732569, 3.7131639, 9.3110590, 9.5513391, 9.7704268, 9.8601809, 9.9351463, 19.992271, 19.997139, 19.971096, 19.895540, 0.28713131, 0.34311008, 0.34551314, 0.34770420, 0.34860179, 0.34935147, 0.34996134, 0.34998569, 0.34985548, 0.34947771, 0.65732569
0.26470423, 1.0000000, 0.66921824, 3.9507427, 9.3072481, 9.5641489, 9.7599955, 9.8509359, 9.9277468, 19.990030, 19.995056, 19.958103, 19.885973, 0.28950560, 0.34306991, 0.34564018, 0.34759969, 0.34850922, 0.34927741, 0.34995013, 0.34997529, 0.34979051, 0.34942988, 0.66921824
0.25058529, 1.0000000, 0.61806262, 2.9806585, 9.2049952, 9.5895967, 9.7671080, 9.8525667, 9.9260330, 19.988646, 19.991894, 19.944225, 19.878710, 0.27980596, 0.34204882, 0.34589538, 0.34767097, 0.34852561, 0.34926030, 0.34994322, 0.34995946, 0.34972113, 0.34939355, 0.61806262
0.22549923, 1.0000000, 0.52717108, 2.2398443, 7.4636755, 9.4928007, 9.7256126, 9.8283806, 9.9143057, 19.985544, 19.986532, 19.930254, 19.873259, 0.27239844, 0.32463676, 0.34492800, 0.34725612, 0.34828380, 0.34914306, 0.34992772, 0.34993267, 0.34965128, 0.34936631, 0.52717108
0.20282249, 1.0000000, 0.44500899, 1.6558528, 5.7112832, 9.4733210, 9.7069511, 9.8150978, 9.9069738, 19.983332, 19.979338, 19.917183, 19.869270, 0.26655716, 0.30711001, 0.34473088, 0.34706903, 0.34815073, 0.34906965, 0.34991667, 0.34989670, 0.34958592, 0.34934634, 0.44500899
0.19433498, 1.0000000, 0.41425714, 1.7300010, 4.5337362, 9.5249300, 9.7288809, 9.8256702, 9.9101257, 19.982204, 19.970495, 19.905582, 19.866394, 0.26729926, 0.29533619, 0.34524804, 0.34728855, 0.34825659, 0.34910122, 0.34991103, 0.34985247, 0.34952790, 0.34933197, 0.41425714
0.18211977, 1.0000000, 0.36999917, 1.6368985, 3.2273185, 9.5005341, 9.7156181, 9.8178768, 9.9060669, 19.979179, 19.959560, 19.895535, 19.864271, 0.26636899, 0.28227317, 0.34500533, 0.34715617, 0.34817877, 0.34906065, 0.34989589, 0.34979779, 0.34947768, 0.34932137, 0.36999917
0.16439836, 1.0000000, 0.30579114, 1.0391206, 2.4968386, 8.6859179, 9.6778221, 9.7957058, 9.8956108, 19.973890, 19.947117, 19.887108, 19.862713, 0.26038867, 0.27496475, 0.33685282, 0.34677681, 0.34795636, 0.34895587, 0.34986946, 0.34973559, 0.34943554, 0.34931356, 0.30579114
0.15247172, 0.87517470, 0.26257867, 0.66700876, 2.0996511, 7.8392839, 9.6789560, 9.7943897, 9.8934422, 19.968384, 19.934504, 19.880367, 19.861626, 0.25666851, 0.27099353, 0.32838723, 0.34678820, 0.34794322, 0.34893417, 0.34984192, 0.34967253, 0.34940183, 0.34930813, 0.26257867
0.35566753, 1.0000000, 0.99879539, 9.9959154, 9.9975452, 9.9906807, 9.8678389, 9.8260069, 9.9057093, 19.963406, 19.922617, 19.875187, 19.860872, 0.34994781, 0.34996867, 0.34990340, 0.34867769, 0.34825975, 0.34905696, 0.34981704, 0.34961307, 0.34937593, 0.34930438, 0.99879539
0.35600001, 1.0000000, 1.0000000, 9.9999990, 9.9999990, 9.9999990, 9.9999990, 9.9999990, 9.9999990, 19.999998, 19.999998, 19.999998, 19.998999, 0.34999999, 0.34999999, 0.34999999, 0.34999999, 0.34999999, 0.34999999, 0.34999999, 0.34999999, 0.34999999, 0.34999499, 1.0000000
0.35599756, 1.0000000, 0.99999106, 9.9999990, 9.9999990, 9.9999990, 9.9999990, 9.9999990, 9.9999990, 19.999998, 19.999998, 19.999998, 19.998999, 0.34999877, 0.34999925, 0.34999964, 0.34999993, 0.34999996, 0.34999999, 0.34999999, 0.34999999, 0.34999999, 0.34999499, 0.99999106
0.34909141, 1.0000000, 0.97496873, 9.8437595, 9.5599566, 9.7500458, 9.9304485, 9.9642859, 9.9868231, 19.998884, 19.999712, 19.999788, 19.979128, 0.34843761, 0.34559956, 0.34750044, 0.34930450, 0.34964287, 0.34986824, 0.34999442, 0.34999856, 0.34999895, 0.34989566, 0.97496873
0.34760094, 1.0000000, 0.96956861, 9.7333374, 9.5920210, 9.7039537, 9.8928690, 9.9427309, 9.9781275, 19.998169, 19.999521, 19.998476, 19.956434, 0.34733337, 0.34592021, 0.34703952, 0.34892869, 0.34942731, 0.34978127, 0.34999084, 0.34999761, 0.34999239, 0.34978217, 0.96956861
0.33697206, 1.0000000, 0.93105805, 8.9992886, 9.5343914, 9.7054119, 9.8721561, 9.9287491, 9.9711189, 19.997084, 19.999228, 19.994930, 19.935966, 0.33999091, 0.34534267, 0.34705350, 0.34872144, 0.34928742, 0.34971115, 0.34998542, 0.34999615, 0.34997466, 0.34967983, 0.93105805
0.35551453, 1.0000000, 0.99824107, 9.9996567, 9.9976826, 9.8985834, 9.9619436, 9.9806519, 9.9928513, 19.999331, 19.999826, 19.999931, 19.986019, 0.34999597, 0.34997648, 0.34898567, 0.34961942, 0.34980649, 0.34992850, 0.34999666, 0.34999913, 0.34999967, 0.34993011, 0.99824107
0.35235238, 1.0000000, 0.98678398, 9.9704866, 9.6998186, 9.8286057, 9.9574041, 9.9783468, 9.9923277, 19.999617, 19.999897, 19.999922, 19.984056, 0.34970486, 0.34699818, 0.34828606, 0.34957403, 0.34978348, 0.34992328, 0.34999809, 0.34999949, 0.34999961, 0.34992027, 0.98678398
0.34165430, 1.0000000, 0.94802272, 9.3169775, 9.5598841, 9.7171698, 9.9020758, 9.9486151, 9.9810514, 19.998837, 19.999683, 19.998943, 19.961004, 0.34316978, 0.34559885, 0.34717169, 0.34902075, 0.34948614, 0.34981051, 0.34999418, 0.34999841, 0.34999472, 0.34980503, 0.94802272
0.33015597, 1.0000000, 0.90636212, 8.5021982, 9.5362148, 9.7102003, 9.8780766, 9.9330683, 9.9737597, 19.997931, 19.999451, 19.995937, 19.940001, 0.33502090, 0.34536144, 0.34710163, 0.34878069, 0.34933066, 0.34973758, 0.34998965, 0.34999725, 0.34997970, 0.34970000, 0.90636212
0.32878232, 1.0000000, 0.90138507, 8.5497475, 9.3590727, 9.5917521, 9.8108511, 9.8927450, 9.9550791, 19.994946, 19.998631, 19.990057, 19.921776, 0.33549747, 0.34359074, 0.34591752, 0.34810850, 0.34892744, 0.34955078, 0.34997472, 0.34999317, 0.34995028, 0.34960887, 0.90138507
0.35600001, 1.0000000, 1.0000000, 9.9999990, 9.9999990, 9.9999990, 9.9999990, 9.9999990, 9.9999990, 19.999998, 19.999998, 19.999998, 19.996996, 0.34999999, 0.34999999, 0.34999999, 0.34999999, 0.34999999, 0.34999999, 0.34999999, 0.34999999, 0.34999999, 0.34998497, 1.0000000
0.34601939, 1.0000000, 0.96383840, 9.6695843, 9.5039978, 9.7070827, 9.9102468, 9.9535341, 9.9824343, 19.998175, 19.999521, 19.999567, 19.973270, 0.34669319, 0.34503838, 0.34707001, 0.34910232, 0.34953526, 0.34982431, 0.34999087, 0.34999761, 0.34999782, 0.34986636, 0.96383840
0.32641530, 1.0000000, 0.89280903, 8.2852449, 9.4674826, 9.6717339, 9.8691378, 9.9289160, 9.9716272, 19.996696, 19.999140, 19.997707, 19.951052, 0.33284715, 0.34467119, 0.34671548, 0.34869099, 0.34928897, 0.34971622, 0.34998348, 0.34999570, 0.34998852, 0.34975526, 0.89280903
0.29817927, 1.0000000, 0.79050457, 6.3387413, 9.3510351, 9.5880384, 9.8115034, 9.8932009, 9.9550657, 19.994278, 19.998501, 19.993399, 19.931253, 0.31338310, 0.34350654, 0.34587842, 0.34811464, 0.34893179, 0.34955060, 0.34997138, 0.34999251, 0.34996700, 0.34965628, 0.79050457
0.26564690, 1.0000000, 0.67263365, 4.0300531, 9.2978611, 9.5433321, 9.7693300, 9.8639126, 9.9393864, 19.991615, 19.997694, 19.986200, 19.914480, 0.29029778, 0.34297475, 0.34543136, 0.34769288, 0.34863892, 0.34939381, 0.34995806, 0.34998846, 0.34993100, 0.34957239, 0.67263365
0.24118920, 1.0000000, 0.58401883, 2.7969420, 8.4089279, 9.5296469, 9.7476807, 9.8462391, 9.9279451, 19.989323, 19.996653, 19.976210, 19.900803, 0.27796799, 0.33408669, 0.34529501, 0.34747651, 0.34846225, 0.34927940, 0.34994662, 0.34998327, 0.34988105, 0.34950402, 0.58401883
0.28553605, 1.0000000, 0.74469584, 5.4268303, 9.3325195, 9.6183510, 9.7821302, 9.8618793, 9.9316216, 19.989347, 19.995579, 19.964134, 19.890053, 0.30426812, 0.34332502, 0.34618342, 0.34782127, 0.34861881, 0.34931621, 0.34994674, 0.34997791, 0.34982067, 0.34945026, 0.74469584
0.35600001, 1.0000000, 1.0000000, 9.9999990, 9.9999990, 9.9999990, 9.9999990, 9.9999990, 9.9999990, 19.999998, 19.999998, 19.999998, 19.998999, 0.34999999, 0.34999999, 0.34999999, 0.34999999, 0.34999999, 0.34999999, 0.34999999, 0.34999999, 0.34999999, 0.34999499, 1.0000000
0.35600001, 1.0000000, 1.0000000, 9.9999990, 9.9999990, 9.9999990, 9.9999990, 9.9999990, 9.9999990, 19.999998, 19.999998, 19.999998, 19.998999, 0.34999999, 0.34999999, 0.34999999, 0.34999999, 0.34999999, 0.34999999, 0.34999999, 0.34999999, 0.34999999, 0.34999499, 1.0000000
0.35600001, 1.0000000, 1.0000000, 9.9999990, 9.9999990, 9.9999990, 9.9999990, 9.9999990, 9.9999990, 19.999998, 19.999998, 19.999998, 19.996996, 0.34999999, 0.34999999, 0.34999999, 0.34999999, 0.34999999, 0.34999999, 0.34999999, 0.34999999, 0.34999999, 0.34998497, 1.0000000
0.35573167, 1.0000000, 0.99902779, 9.9865932, 9.9920378, 9.9959927, 9.9991980, 9.9995975, 9.9998655, 19.999998, 19.999998, 19.999975, 19.989016, 0.34986594, 0.34992039, 0.34995991, 0.34999198, 0.34999597, 0.34999865, 0.34999999, 0.34999999, 0.34999987, 0.34994507, 0.99902779
0.34918725, 1.0000000, 0.97531617, 9.6375027, 9.8290291, 9.9099579, 9.9798393, 9.9898348, 9.9964924, 19.999897, 19.999975, 19.999323, 19.965672, 0.34637478, 0.34829015, 0.34909952, 0.34979838, 0.34989834, 0.34996492, 0.34999949, 0.34999987, 0.34999663, 0.34982836, 0.97531617
0.34907037, 1.0000000, 0.97489268, 9.6326866, 9.8241053, 9.9076929, 9.9791107, 9.9894838, 9.9963140, 19.999838, 19.999958, 19.999964, 19.988020, 0.34632686, 0.34824106, 0.34907693, 0.34979111, 0.34989482, 0.34996313, 0.34999919, 0.34999979, 0.34999982, 0.34994009, 0.97489268
0.33610731, 1.0000000, 0.92792493, 8.8397779, 9.6403503, 9.7955999, 9.9459496, 9.9722977, 9.9903526, 19.999796, 19.999945, 19.999266, 19.964733, 0.33839777, 0.34640351, 0.34795600, 0.34945950, 0.34972298, 0.34990352, 0.34999898, 0.34999973, 0.34999633, 0.34982365, 0.92792493
0.29981691, 1.0000000, 0.79643810, 6.4351039, 9.3695326, 9.6114731, 9.8537922, 9.9216604, 9.9698868, 19.997406, 19.999319, 19.996540, 19.943296, 0.31435055, 0.34369493, 0.34611452, 0.34853789, 0.34921658, 0.34969887, 0.34998703, 0.34999660, 0.34998271, 0.34971648, 0.79643810
0.26201063, 1.0000000, 0.65945870, 3.7615876, 9.2995615, 9.5493822, 9.7881784, 9.8797750, 9.9503317, 19.995029, 19.998678, 19.991182, 19.924585, 0.28761515, 0.34299454, 0.34549326, 0.34788167, 0.34879768, 0.34950328, 0.34997514, 0.34999341, 0.34995592, 0.34962294, 0.65945870
0.23872764, 1.0000000, 0.57510012, 2.6920886, 8.2770061, 9.5429935, 9.7665005, 9.8610907, 9.9390326, 19.994011, 19.998240, 19.982998, 19.908985, 0.27691925, 0.33276701, 0.34542817, 0.34766465, 0.34861073, 0.34939027, 0.34997004, 0.34999120, 0.34991500, 0.34954494, 0.57510012
0.24019656, 1.0000000, 0.58042228, 2.7663767, 8.3517933, 9.5097589, 9.7347775, 9.8381901, 9.9251146, 19.991747, 19.997046, 19.972063, 19.896425, 0.27766201, 0.33351478, 0.34509581, 0.34734741, 0.34838173, 0.34925109, 0.34995872, 0.34998524, 0.34986031, 0.34948212, 0.58042228
0.28380406, 1.0000000, 0.73842049, 5.3187866, 9.2916164, 9.6421213, 9.7844486, 9.8621035, 9.9313936, 19.991699, 19.995632, 19.959332, 19.886675, 0.30318660, 0.34291482, 0.34642053, 0.34784433, 0.34862098, 0.34931391, 0.34995848, 0.34997815, 0.34979665, 0.34943336, 0.73842049
0.29861122, 1.0000000, 0.79206967, 6.3739648, 9.3560276, 9.5785074, 9.7707863, 9.8548231, 9.9272747, 19.990368, 19.992643, 19.945507, 19.879263, 0.31373423, 0.34355548, 0.34578264, 0.34770736, 0.34854800, 0.34927267, 0.34995183, 0.34996322, 0.34972754, 0.34939632, 0.79206967
0.27582234, 1.0000000, 0.70950127, 4.6932335, 9.3936377, 9.5988083, 9.7791500, 9.8588839, 9.9281263, 19.989758, 19.988094, 19.931662, 19.873707, 0.29692799, 0.34393117, 0.34598544, 0.34779096, 0.34858856, 0.34928116, 0.34994879, 0.34994048, 0.34965831, 0.34936854, 0.70950127
0.24500312, 1.0000000, 0.59783733, 2.8832345, 8.7296648, 9.5240059, 9.7428217, 9.8382902, 9.9184570, 19.986885, 19.980919, 19.918409, 19.869600, 0.27883071, 0.33729368, 0.34523845, 0.34742787, 0.34838271, 0.34918451, 0.34993443, 0.34990460, 0.34959203, 0.34934801, 0.59783733
0.22537310, 1.0000000, 0.52671409, 2.3205132, 7.2946334, 9.5329466, 9.7374353, 9.8332081, 9.9146090, 19.984156, 19.971792, 19.906519, 19.866600, 0.27320004, 0.32293671, 0.34532318, 0.34737307, 0.34833142, 0.34914589, 0.34992078, 0.34985897, 0.34953260, 0.34933299, 0.52671409
0.21026352, 1.0000000, 0.47196928, 1.9369274, 6.0970149, 9.5510826, 9.7455845, 9.8365936, 9.9152966, 19.982004, 19.961174, 19.896402, 19.864435, 0.26936904, 0.31096968, 0.34551048, 0.34745580, 0.34836590, 0.34915298, 0.34991002, 0.34980586, 0.34948200, 0.34932217, 0.47196928
0.19348058, 1.0000000, 0.41116154, 1.5053630, 4.8079233, 9.5190964, 9.7322321, 9.8289061, 9.9116850, 19.978325, 19.949141, 19.887924, 19.862862, 0.26505169, 0.29807550, 0.34518731, 0.34732157, 0.34828869, 0.34911674, 0.34989163, 0.34974569, 0.34943962, 0.34931430, 0.41116154
0.17629492, 1.0000000, 0.34889463, 1.0758609, 3.4704800, 9.4810209, 9.7124729, 9.8170366, 9.9058857, 19.972908, 19.936436, 19.881021, 19.861732, 0.26075566, 0.28469911, 0.34480244, 0.34712312, 0.34816957, 0.34905860, 0.34986454, 0.34968218, 0.34940511, 0.34930867, 0.34889463
0.35394347, 1.0000000, 0.99254876, 9.8996725, 9.9426918, 9.9710312, 9.9941130, 9.9970531, 9.9990101, 19.999998, 19.999998, 19.999983, 19.990009, 0.34896123, 0.34940553, 0.34969959, 0.34993899, 0.34996945, 0.34998974, 0.34999999, 0.34999999, 0.34999990, 0.34995005, 0.99254876
0.35079920, 1.0000000, 0.98115659, 9.7204533, 9.8745079, 9.9335299, 9.9771948, 9.9883423, 9.9947901, 19.998634, 19.999647, 19.999296, 19.966606, 0.34720236, 0.34874377, 0.34933466, 0.34977183, 0.34988338, 0.34994787, 0.34999317, 0.34999824, 0.34999648, 0.34983304, 0.98115659
0.32893485, 1.0000000, 0.90193772, 8.4049149, 9.5357523, 9.7311411, 9.9154701, 9.9560146, 9.9826164, 19.997478, 19.999355, 19.996866, 19.945004, 0.33404657, 0.34535578, 0.34731051, 0.34915453, 0.34956005, 0.34982613, 0.34998739, 0.34999678, 0.34998435, 0.34972501, 0.90193772
0.29632384, 1.0000000, 0.78378201, 6.1803913, 9.3743401, 9.6115532, 9.8457413, 9.9159050, 9.9664268, 19.996101, 19.998981, 19.991823, 19.926060, 0.31179973, 0.34373960, 0.34611359, 0.34845701, 0.34915885, 0.34966421, 0.34998050, 0.34999490, 0.34995911, 0.34963030, 0.78378201
0.26053259, 1.0000000, 0.65410352, 3.6484365, 9.3074303, 9.5541859, 9.7888985, 9.8789253, 9.9491148, 19.994297, 19.998335, 19.983829, 19.910192, 0.28648311, 0.34307235, 0.34554088, 0.34788877, 0.34878916, 0.34949112, 0.34997147, 0.34999168, 0.34991914, 0.34955096, 0.65410352
0.23708482, 1.0000000, 0.56914788, 2.6290565, 8.1862020, 9.5383053, 9.7620621, 9.8578720, 9.9365444, 19.992544, 19.997341, 19.973124, 19.897381, 0.27629000, 0.33186099, 0.34538242, 0.34762049, 0.34857866, 0.34936541, 0.34996271, 0.34998670, 0.34986562, 0.34948689, 0.56914788
0.21470481, 1.0000000, 0.48806089, 2.0262301, 6.5127101, 9.4986610, 9.7330484, 9.8368368, 9.9240608, 19.990791, 19.995556, 19.960411, 19.887375, 0.27026013, 0.31512290, 0.34498355, 0.34732985, 0.34836805, 0.34924048, 0.34995395, 0.34997779, 0.34980205, 0.34943688, 0.48806089
0.20178235, 1.0000000, 0.44124034, 1.7374367, 5.4048429, 9.5504904, 9.7506151, 9.8431368, 9.9235201, 19.990362, 19.992929, 19.946705, 19.879799, 0.26737341, 0.30404666, 0.34550336, 0.34750584, 0.34843123, 0.34923515, 0.34995180, 0.34996465, 0.34973353, 0.34939900, 0.44124034
0.35248566, 1.0000000, 0.98726678, 9.8194370, 9.9028158, 9.9502811, 9.9897070, 9.9948349, 9.9982710, 19.999998, 19.999998, 19.999983, 19.990009, 0.34819376, 0.34902781, 0.34950262, 0.34989706, 0.34994832, 0.34998271, 0.34999999, 0.34999999, 0.34999990, 0.34995005, 0.98726678
0.34625739, 1.0000000, 0.96470052, 9.4713564, 9.7698708, 9.8767862, 9.9700460, 9.9848413, 9.9945183, 19.999588, 19.999891, 19.999935, 19.985031, 0.34471357, 0.34769872, 0.34876788, 0.34970045, 0.34984842, 0.34994519, 0.34999794, 0.34999946, 0.34999967, 0.34992516, 0.96470052
0.31657559, 1.0000000, 0.85715789, 7.5828032, 9.4472761, 9.6688070, 9.8887396, 9.9415569, 9.9775763, 19.997639, 19.999386, 19.998917, 19.961918, 0.32582802, 0.34447277, 0.34668806, 0.34888738, 0.34941557, 0.34977576, 0.34998819, 0.34999692, 0.34999460, 0.34980959, 0.85715789
0.30455589, 1.0000000, 0.81360817, 6.6315241, 9.5557299, 9.7221375, 9.8821325, 9.9347353, 9.9739637, 19.997513, 19.999355, 19.996069, 19.940825, 0.31631431, 0.34555653, 0.34722099, 0.34882125, 0.34934732, 0.34973964, 0.34998757, 0.34999678, 0.34998035, 0.34970412, 0.81360817
0.28351834, 1.0000000, 0.73738527, 5.1934462, 9.4508581, 9.6554327, 9.8477449, 9.9134073, 9.9644260, 19.996828, 19.999155, 19.990477, 19.922531, 0.30193010, 0.34450382, 0.34655190, 0.34847695, 0.34913385, 0.34964415, 0.34998414, 0.34999579, 0.34995240, 0.34961265, 0.73738527
0.25235480, 1.0000000, 0.62447387, 3.0441043, 9.3227797, 9.5651217, 9.7912540, 9.8784962, 9.9475756, 19.994415, 19.998322, 19.981844, 19.907274, 0.28043631, 0.34321910, 0.34564674, 0.34791163, 0.34878451, 0.34947559, 0.34997207, 0.34999162, 0.34990922, 0.34953636, 0.62447387
0.23044568, 1.0000000, 0.54509306, 2.3766100, 7.8125744, 9.5303278, 9.7571917, 9.8542004, 9.9337997, 19.992176, 19.997084, 19.970617, 19.895073, 0.27375913, 0.32811198, 0.34529486, 0.34757018, 0.34854114, 0.34933770, 0.34996086, 0.34998542, 0.34985310, 0.34947535, 0.54509306
0.20944260, 1.0000000, 0.46899489, 1.8129110, 6.2330995, 9.5024204, 9.7325039, 9.8356571, 9.9222059, 19.989983, 19.994972, 19.957541, 19.885620, 0.26812238, 0.31231710, 0.34501362, 0.34732285, 0.34835547, 0.34922171, 0.34994990, 0.34997487, 0.34978771, 0.34942812, 0.46899489
0.18908638, 1.0000000, 0.39524052, 1.3054341, 4.6385188, 9.4729595, 9.7105598, 9.8195353, 9.9120665, 19.987789, 19.991531, 19.943588, 19.878447, 0.26304772, 0.29637107, 0.34471518, 0.34710264, 0.34819385, 0.34912017, 0.34993893, 0.34995764, 0.34971794, 0.34939224, 0.39524052
0.17077215, 1.0000000, 0.32888457, 0.88304877, 3.1391137, 9.4561329, 9.6959591, 9.8082676, 9.9044724, 19.985558, 19.986301, 19.929707, 19.873083, 0.25882831, 0.28138649, 0.34455433, 0.34695816, 0.34808195, 0.34904450, 0.34992778, 0.34993151, 0.34964854, 0.34936541, 0.32888457
0.15773827, 0.93877411, 0.28166041, 0.54010153, 2.5193839, 8.6952448, 9.6873932, 9.8011599, 9.8992138, 19.983231, 19.978970, 19.916668, 19.869129, 0.25539777, 0.27518475, 0.33693674, 0.34687045, 0.34800985, 0.34899154, 0.34991616, 0.34989485, 0.34958333, 0.34934565, 0.28166041
0.14686315, 0.80744517, 0.24225777, 0.26707351, 2.1027803, 7.8138790, 9.6806622, 9.7958488, 9.8954153, 19.980577, 19.969641, 19.905031, 19.866259, 0.25266859, 0.27101770, 0.32812002, 0.34680197, 0.34795615, 0.34895334, 0.34990290, 0.34984821, 0.34952515, 0.34933129, 0.24225777
0.13630548, 0.67994988, 0.20400536, 0.86030364E-1, 1.6618639, 6.7549281, 9.6498756, 9.7770309, 9.8870630, 19.978035, 19.958797, 19.895094, 19.864189, 0.25085986, 0.26661345, 0.31753877, 0.34649575, 0.34776878, 0.34887013, 0.34989017, 0.34979397, 0.34947547, 0.34932095, 0.20400536
0.12861075, 0.58702761, 0.17612590, 0.0000000, 1.3253778, 5.8573327, 9.6499481, 9.7753525, 9.8846188, 19.974113, 19.946692, 19.886850, 19.862684, 0.24999513, 0.26324609, 0.30855638, 0.34649387, 0.34775069, 0.34884524, 0.34987056, 0.34973347, 0.34943426, 0.34931344, 0.17612590
0.12262215, 0.51470870, 0.15442805, 0.0000000, 1.0406345, 4.9808831, 9.6424904, 9.7702293, 9.8817348, 19.969477, 19.934305, 19.880226, 19.861626, 0.24999513, 0.26040232, 0.29979920, 0.34642118, 0.34770042, 0.34881672, 0.34984738, 0.34967154, 0.34940112, 0.34930813, 0.15442805
0.11732490, 0.45073879, 0.13523516, 0.0000000, 0.80764890, 4.1672883, 9.6379309, 9.7668552, 9.8795099, 19.963449, 19.922176, 19.875015, 19.860849, 0.24999513, 0.25807548, 0.29167023, 0.34637809, 0.34766793, 0.34879491, 0.34981725, 0.34961087, 0.34937507, 0.34930426, 0.13523516
0.35298115, 1.0000000, 0.98906219, 9.9888496, 9.8649979, 9.6481667, 9.7538157, 9.8316364, 9.9045935, 19.956999, 19.911148, 19.871031, 19.860321, 0.34988657, 0.34864882, 0.34648111, 0.34753805, 0.34831631, 0.34904590, 0.34978500, 0.34955573, 0.34935516, 0.34930161, 0.98906219
0.33940220, 1.0000000, 0.93986285, 9.1770706, 9.5649633, 9.6669159, 9.7880363, 9.8546858, 9.9154987, 19.948795, 19.901182, 19.867960, 19.859951, 0.34176430, 0.34564561, 0.34666714, 0.34787995, 0.34854665, 0.34915492, 0.34974396, 0.34950590, 0.34933978, 0.34929976, 0.93986285
0.31702441, 1.0000000, 0.85878408, 7.6321478, 9.4546576, 9.6340456, 9.7891712, 9.8583679, 9.9177446, 19.938915, 19.892443, 19.865622, 19.859663, 0.32631028, 0.34453824, 0.34633619, 0.34789085, 0.34858322, 0.34917730, 0.34969458, 0.34946221, 0.34932810, 0.34929830, 0.85878408
0.29871067, 1.0000000, 0.79242992, 6.2938781, 9.4661751, 9.6445789, 9.7975464, 9.8642759, 9.9195805, 19.928730, 19.885164, 19.863876, 19.859488, 0.31293085, 0.34465459, 0.34644216, 0.34797472, 0.34864238, 0.34919569, 0.34964365, 0.34942582, 0.34931940, 0.34929743, 0.79242992
0.27481645, 1.0000000, 0.70585668, 4.6163249, 9.3966398, 9.6034184, 9.7851562, 9.8581114, 9.9158354, 19.918320, 19.879177, 19.862564, 19.859346, 0.29616216, 0.34396505, 0.34603348, 0.34785143, 0.34858105, 0.34915832, 0.34959161, 0.34939587, 0.34931281, 0.34929675, 0.70585668
0.35597235, 1.0000000, 0.99989969, 9.9988909, 9.9993315, 9.9996624, 9.9999342, 9.9999666, 9.9999876, 19.999998, 19.999998, 19.999998, 19.994993, 0.34998623, 0.34999171, 0.34999582, 0.34999919, 0.34999958, 0.34999985, 0.34999999, 0.34999999, 0.34999999, 0.34997496, 0.99989969
0.35170090, 1.0000000, 0.98442352, 9.9217224, 9.6991110, 9.8349209, 9.9585094, 9.9788904, 9.9924297, 19.999527, 19.999874, 19.999846, 19.980116, 0.34921724, 0.34699112, 0.34834921, 0.34958509, 0.34978890, 0.34992430, 0.34999764, 0.34999937, 0.34999922, 0.34990057, 0.98442352
0.35399002, 1.0000000, 0.99271733, 9.8978472, 9.9433918, 9.9712210, 9.9935112, 9.9967403, 9.9988251, 19.999903, 19.999964, 19.999962, 19.987026, 0.34897569, 0.34943226, 0.34971136, 0.34993494, 0.34996733, 0.34998822, 0.34999952, 0.34999982, 0.34999982, 0.34993511, 0.99271733
0.34557718, 1.0000000, 0.96223623, 9.4264259, 9.7652502, 9.8728218, 9.9697704, 9.9846935, 9.9946852, 19.999821, 19.999939, 19.999203, 19.963797, 0.34426174, 0.34765092, 0.34872741, 0.34969756, 0.34984684, 0.34994683, 0.34999910, 0.34999970, 0.34999603, 0.34981897, 0.96223623
0.33136904, 1.0000000, 0.91075742, 8.5185843, 9.6153612, 9.7759962, 9.9348459, 9.9662533, 9.9880447, 19.999611, 19.999880, 19.996525, 19.942495, 0.33518311, 0.34615177, 0.34775904, 0.34934828, 0.34966245, 0.34988043, 0.34999806, 0.34999940, 0.34998262, 0.34971249, 0.91075742
0.32161826, 1.0000000, 0.87542844, 7.8069730, 9.6265030, 9.7738914, 9.9196053, 9.9569950, 9.9842882, 19.999527, 19.999828, 19.991201, 19.923941, 0.32806844, 0.34626403, 0.34773842, 0.34919596, 0.34956989, 0.34984285, 0.34999764, 0.34999913, 0.34995601, 0.34961969, 0.87542844
0.29341730, 1.0000000, 0.77325106, 5.9445295, 9.4046478, 9.6323519, 9.8548679, 9.9205294, 9.9694681, 19.998301, 19.999336, 19.982880, 19.908442, 0.30944178, 0.34404314, 0.34632182, 0.34854832, 0.34920511, 0.34969461, 0.34999150, 0.34999669, 0.34991440, 0.34954220, 0.77325106
0.27393526, 1.0000000, 0.70266396, 4.4976387, 9.4549103, 9.6524363, 9.8392067, 9.9077873, 9.9627104, 19.998211, 19.998714, 19.971987, 19.896017, 0.29497510, 0.34454751, 0.34652352, 0.34839189, 0.34907779, 0.34962708, 0.34999105, 0.34999359, 0.34985992, 0.34948009, 0.70266396
0.25859642, 1.0000000, 0.64708847, 3.3714106, 9.4760151, 9.6628361, 9.8330984, 9.9011555, 9.9577589, 19.997805, 19.997206, 19.959154, 19.886368, 0.28371105, 0.34475496, 0.34662572, 0.34833044, 0.34901127, 0.34957752, 0.34998903, 0.34998602, 0.34979576, 0.34943184, 0.64708847
0.24875157, 1.0000000, 0.61141872, 2.8691471, 9.1171446, 9.6758518, 9.8351021, 9.9000025, 9.9553366, 19.997654, 19.994459, 19.945326, 19.879040, 0.27868953, 0.34116778, 0.34675658, 0.34835064, 0.34899983, 0.34955332, 0.34998828, 0.34997231, 0.34972662, 0.34939522, 0.61141872
0.23156090, 1.0000000, 0.54913366, 2.4004369, 7.8733463, 9.5829077, 9.7950573, 9.8764544, 9.9442596, 19.996668, 19.989742, 19.931423, 19.873554, 0.27400404, 0.32873282, 0.34582868, 0.34795049, 0.34876451, 0.34944260, 0.34998333, 0.34994870, 0.34965712, 0.34936777, 0.54913366
0.22566839, 1.0000000, 0.52778399, 2.2795022, 7.3147316, 9.6740885, 9.8200026, 9.8874617, 9.9463120, 19.996428, 19.983202, 19.918352, 19.869505, 0.27279434, 0.32314599, 0.34674001, 0.34819984, 0.34887454, 0.34946308, 0.34998214, 0.34991601, 0.34959176, 0.34934753, 0.52778399
0.20919114, 1.0000000, 0.46808383, 1.8459022, 6.1144638, 9.5555220, 9.7767782, 9.8630600, 9.9353666, 19.994736, 19.974255, 19.906559, 19.866541, 0.26845375, 0.31113419, 0.34554702, 0.34776610, 0.34862977, 0.34935337, 0.34997368, 0.34987128, 0.34953278, 0.34933269, 0.46808383
0.19162357, 1.0000000, 0.40443322, 1.4207095, 4.7313695, 9.5054550, 9.7422771, 9.8412218, 9.9244404, 19.992327, 19.963417, 19.896376, 19.864384, 0.26420173, 0.29730293, 0.34504378, 0.34742057, 0.34841108, 0.34924403, 0.34996164, 0.34981710, 0.34948188, 0.34932190, 0.40443322
0.17596188, 1.0000000, 0.34768799, 1.0748655, 3.4266245, 9.4906912, 9.7251005, 9.8285027, 9.9167395, 19.989071, 19.951330, 19.887936, 19.862837, 0.26074257, 0.28425458, 0.34489080, 0.34724769, 0.34828335, 0.34916684, 0.34994537, 0.34975666, 0.34943968, 0.34931418, 0.34768799
0.16433676, 1.0000000, 0.30556795, 0.79209507, 2.7469964, 8.9878063, 9.7169991, 9.8215847, 9.9116030, 19.984465, 19.938612, 19.881104, 19.861750, 0.25791475, 0.27745709, 0.33985698, 0.34716544, 0.34821355, 0.34911525, 0.34992233, 0.34969306, 0.34940553, 0.34930876, 0.30556795
0.15463644, 0.90131623, 0.27042192, 0.54911375, 2.3717909, 8.2091103, 9.7085018, 9.8151169, 9.9070759, 19.978102, 19.926025, 19.875694, 19.860950, 0.25548482, 0.27370152, 0.33206275, 0.34707832, 0.34814778, 0.34906963, 0.34989050, 0.34963012, 0.34937847, 0.34930474, 0.27042192
0.14756066, 0.81586850, 0.24478503, 0.40621758, 2.0904779, 7.5387187, 9.7153902, 9.8178329, 9.9068394, 19.970604, 19.914297, 19.871525, 19.860392, 0.25405583, 0.27088514, 0.32535174, 0.34714478, 0.34817371, 0.34906685, 0.34985301, 0.34957150, 0.34935763, 0.34930196, 0.24478503
0.15717544, 0.93197727, 0.27962115, 1.3211161, 1.9366711, 7.1059566, 9.7502832, 9.8366976, 9.9130697, 19.961578, 19.903784, 19.868332, 19.859985, 0.26320270, 0.26935926, 0.32104591, 0.34749907, 0.34836510, 0.34913006, 0.34980789, 0.34951892, 0.34934166, 0.34929994, 0.27962115
0.15112993, 0.85897112, 0.25771710, 1.1128932, 1.7664790, 6.6738610, 9.7541027, 9.8401003, 9.9141121, 19.951054, 19.894623, 19.865892, 19.859686, 0.26112807, 0.26766396, 0.31673703, 0.34754059, 0.34840077, 0.34914103, 0.34975526, 0.34947312, 0.34932947, 0.34929842, 0.25771710
0.14715290, 0.81094414, 0.24330758, 0.98928511, 1.6557932, 6.3430409, 9.7724791, 9.8506250, 9.9172773, 19.940037, 19.887005, 19.864092, 19.859497, 0.25989032, 0.26655540, 0.31342554, 0.34772331, 0.34850550, 0.34917250, 0.34970018, 0.34943503, 0.34932047, 0.34929749, 0.24330758
0.14116636, 0.73865020, 0.22161722, 0.80012083, 1.4787674, 5.8848176, 9.7530909, 9.8403854, 9.9120054, 19.928511, 19.880682, 19.862741, 19.859352, 0.25800121, 0.26478767, 0.30884817, 0.34753090, 0.34840387, 0.34912005, 0.34964254, 0.34940341, 0.34931371, 0.34929675, 0.22161722
0.13342831, 0.64520484, 0.19358081, 0.56244135, 1.2462944, 5.2835112, 9.7157984, 9.8181648, 9.9005451, 19.916889, 19.875492, 19.861700, 19.859299, 0.25562385, 0.26246220, 0.30283350, 0.34715739, 0.34818137, 0.34900537, 0.34958446, 0.34937745, 0.34930849, 0.34929651, 0.19358081
0.12792131, 0.57870191, 0.17362794, 0.41498244, 1.0834634, 4.7714744, 9.7163372, 9.8155928, 9.8955832, 19.906382, 19.871450, 19.860971, 19.859251, 0.25414869, 0.26083288, 0.29771084, 0.34716180, 0.34815511, 0.34895557, 0.34953192, 0.34935725, 0.34930485, 0.34929627, 0.17362794
0.12311921, 0.52071118, 0.15622899, 0.28951466, 0.94236135, 4.3116531, 9.7182360, 9.8148251, 9.8915377, 19.896879, 19.868282, 19.860424, 19.859222, 0.25289431, 0.25942200, 0.29311287, 0.34718072, 0.34814742, 0.34891510, 0.34948438, 0.34934142, 0.34930211, 0.34929612, 0.15622899
0.11832681, 0.46283796, 0.13886528, 0.17861128, 0.79729855, 3.8189473, 9.7036085, 9.8050861, 9.8845081, 19.888714, 19.865849, 19.860023, 19.859205, 0.25178489, 0.25796971, 0.28818166, 0.34703213, 0.34804887, 0.34884438, 0.34944355, 0.34932923, 0.34930012, 0.34929603, 0.13886528
0.11640366, 0.43961379, 0.13189733, 0.15473068, 0.74671209, 3.5244660, 9.7436934, 9.8254471, 9.8891306, 19.882444, 19.864128, 19.859753, 19.859205, 0.25154647, 0.25746468, 0.28523889, 0.34743375, 0.34825286, 0.34889078, 0.34941223, 0.34932065, 0.34929878, 0.34929603, 0.13189733
0.11417414, 0.41268981, 0.12381933, 0.12936592, 0.67913830, 3.2045884, 9.7425203, 9.8246746, 9.8869076, 19.877350, 19.862850, 19.859606, 19.859205, 0.25129366, 0.25679138, 0.28204590, 0.34742519, 0.34824675, 0.34886909, 0.34938675, 0.34931424, 0.34929803, 0.34929603, 0.12381933
0.11071286, 0.37089109, 0.11127846, 0.53042173E-1, 0.56161880, 2.8908789, 9.5915318, 9.8031168, 9.8767328, 19.872662, 19.861725, 19.859478, 19.859180, 0.25053036, 0.25561583, 0.27890784, 0.34591469, 0.34803084, 0.34876722, 0.34936330, 0.34930861, 0.34929740, 0.34929591, 0.11127846
0.10770571, 0.33457655, 0.10038301, 0.0000000, 0.43978989, 2.6429474, 9.3190928, 9.7843208, 9.8671846, 19.868694, 19.860832, 19.859394, 19.859163, 0.24999283, 0.25439522, 0.27642146, 0.34318528, 0.34784022, 0.34867084, 0.34934348, 0.34930417, 0.34929699, 0.34929582, 0.10038301
0.10564859, 0.30973464, 0.92929684E-1, 0.0000000, 0.34279823, 2.4002523, 9.0215855, 9.7711430, 9.8601284, 19.865889, 19.860271, 19.859348, 19.859144, 0.24999283, 0.25342694, 0.27399892, 0.34021315, 0.34770998, 0.34860078, 0.34932944, 0.34930137, 0.34929675, 0.34929574, 0.92929684E-1
0.10471155, 0.29841879, 0.89534588E-1, 0.0000000, 0.30396283, 2.2887616, 8.8238344, 9.7949791, 9.8674927, 19.864061, 19.859936, 19.859324, 19.859144, 0.24999283, 0.25303826, 0.27288243, 0.33823436, 0.34794760, 0.34867418, 0.34932029, 0.34929967, 0.34929663, 0.34929574, 0.89534588E-1
0.15745054, 0.93529940, 0.28061789, 2.5548935, 2.4352641, 2.2646248, 8.7210836, 9.8304892, 9.8799076, 19.862860, 19.859766, 19.859324, 19.859144, 0.27554852, 0.27435240, 0.27264613, 0.33721074, 0.34830484, 0.34879905, 0.34931430, 0.34929883, 0.34929663, 0.34929574, 0.28061789
0.16079326, 0.97566640, 0.29272920, 2.3005037, 2.1582513, 4.3103256, 9.5244513, 9.8558779, 9.8887453, 19.861961, 19.859627, 19.859324, 19.859144, 0.27300504, 0.27158251, 0.29310325, 0.34524453, 0.34855878, 0.34888744, 0.34930980, 0.34929812, 0.34929663, 0.34929574, 0.29272920
0.15643626, 0.92305088, 0.27694297, 2.1417379, 2.0681591, 3.9256742, 9.7327824, 9.8556719, 9.8886089, 19.861235, 19.859537, 19.859318, 19.859144, 0.27141738, 0.27068159, 0.28925675, 0.34732783, 0.34855673, 0.34888607, 0.34930617, 0.34929770, 0.34929660, 0.34929574, 0.27694297
0.14976868, 0.84253269, 0.25278509, 1.8522024, 1.8991619, 3.6168981, 9.7550821, 9.8408327, 9.8831215, 19.860338, 19.859419, 19.859289, 19.859133, 0.26851928, 0.26898995, 0.28616738, 0.34754995, 0.34840789, 0.34883106, 0.34930170, 0.34929711, 0.34929645, 0.34929568, 0.25278509
0.14624359, 0.79996336, 0.24001300, 1.7111719, 1.8117905, 3.4053321, 9.7803402, 9.8452673, 9.8845205, 19.860010, 19.859402, 19.859276, 19.859133, 0.26710787, 0.26811546, 0.28405103, 0.34780210, 0.34845203, 0.34884501, 0.34930006, 0.34929702, 0.34929639, 0.34929568, 0.24001300
0.15011993, 0.84677440, 0.25405774, 2.1296740, 1.6957253, 3.1791825, 9.7767448, 9.8406172, 9.8828173, 19.859764, 19.859371, 19.859270, 19.859133, 0.27129424, 0.26695606, 0.28179070, 0.34776676, 0.34840581, 0.34882805, 0.34929883, 0.34929687, 0.34929636, 0.34929568, 0.25405774
0.14259508, 0.75590372, 0.22679380, 1.7670900, 1.5157402, 2.9527485, 9.6797237, 9.8252115, 9.8769102, 19.858982, 19.859165, 19.859224, 19.859121, 0.26766557, 0.26515466, 0.27952480, 0.34679547, 0.34825122, 0.34876880, 0.34929490, 0.34929582, 0.34929612, 0.34929562, 0.22679380
0.13541394, 0.66918367, 0.20077518, 1.4205843, 1.3318002, 2.7828991, 9.4870920, 9.8117380, 9.8716812, 19.858381, 19.858971, 19.859177, 19.859116, 0.26419726, 0.26331317, 0.27782395, 0.34486750, 0.34811559, 0.34871620, 0.34929192, 0.34929484, 0.34929588, 0.34929559, 0.20077518
0.12989290, 0.60251099, 0.18077138, 1.1646092, 1.1846453, 2.6329012, 9.2953720, 9.8070145, 9.8698158, 19.858263, 19.858900, 19.859154, 19.859110, 0.26164317, 0.26184466, 0.27632701, 0.34295231, 0.34806940, 0.34869793, 0.34929132, 0.34929448, 0.34929577, 0.34929556, 0.18077138
0.20878601, 1.0000000, 0.46661592, 2.2821784, 5.7238774, 8.8591185, 9.4200687, 9.8254156, 9.8762321, 19.858326, 19.858864, 19.859146, 19.859110, 0.27281892, 0.30723444, 0.33858785, 0.34419996, 0.34825379, 0.34876221, 0.34929162, 0.34929430, 0.34929574, 0.34929556, 0.46661592
0.27492064, 1.0000000, 0.70623416, 5.0798726, 8.6979752, 9.5016050, 9.6974983, 9.8304214, 9.8780441, 19.858238, 19.858852, 19.859123, 19.859104, 0.30079871, 0.33697975, 0.34501606, 0.34697497, 0.34830421, 0.34878045, 0.34929121, 0.34929425, 0.34929562, 0.34929553, 0.70623416
0.25522947, 1.0000000, 0.63488942, 3.1782310, 9.4277630, 9.6128445, 9.7618465, 9.8399220, 9.8814802, 19.858320, 19.858852, 19.859118, 19.859104, 0.28177944, 0.34427249, 0.34612584, 0.34761792, 0.34839895, 0.34881470, 0.34929159, 0.34929425, 0.34929559, 0.34929553, 0.63488942
0.28458923, 1.0000000, 0.74126530, 5.3320341, 9.3434019, 9.6831226, 9.7975693, 9.8525591, 9.8859272, 19.858431, 19.858852, 19.859118, 19.859104, 0.30332035, 0.34343404, 0.34683123, 0.34797570, 0.34852558, 0.34885928, 0.34929216, 0.34929425, 0.34929559, 0.34929553, 0.74126530
0.26505625, 1.0000000, 0.67049360, 3.8835232, 9.4283295, 9.6271210, 9.7884293, 9.8461399, 9.8838348, 19.858461, 19.858852, 19.859112, 19.859104, 0.28883374, 0.34428111, 0.34627011, 0.34788406, 0.34846127, 0.34883833, 0.34929231, 0.34929425, 0.34929556, 0.34929553, 0.67049360
0.25133520, 1.0000000, 0.62077969, 2.9678822, 9.2893381, 9.6427603, 9.7926378, 9.8475714, 9.8844528, 19.858566, 19.858852, 19.859112, 19.859104, 0.27967656, 0.34288913, 0.34642541, 0.34792593, 0.34847549, 0.34884444, 0.34929281, 0.34929425, 0.34929556, 0.34929553, 0.62077969
0.24439016, 1.0000000, 0.59561646, 2.8078585, 8.7003183, 9.6749945, 9.8042850, 9.8534832, 9.8864851, 19.858566, 19.858852, 19.859112, 19.859104, 0.27807471, 0.33699596, 0.34674594, 0.34804204, 0.34853441, 0.34886470, 0.34929281, 0.34929425, 0.34929556, 0.34929553, 0.59561646
0.23424400, 1.0000000, 0.55885506, 2.5586784, 7.9091573, 9.6366224, 9.7946606, 9.8485746, 9.8848629, 19.858566, 19.858852, 19.859112, 19.859104, 0.27558661, 0.32909125, 0.34636602, 0.34794658, 0.34848571, 0.34884864, 0.34929281, 0.34929425, 0.34929556, 0.34929553, 0.55885506
0.22443113, 1.0000000, 0.52330112, 2.3276567, 7.1158357, 9.6252937, 9.7887068, 9.8453608, 9.8838091, 19.858566, 19.858852, 19.859112, 19.859104, 0.27327558, 0.32115653, 0.34625173, 0.34788683, 0.34845349, 0.34883806, 0.34929281, 0.34929425, 0.34929556, 0.34929553, 0.52330112
0.21414319, 1.0000000, 0.48602605, 2.0913363, 6.2733078, 9.6147175, 9.7813158, 9.8412609, 9.8824329, 19.858566, 19.858852, 19.859112, 19.859104, 0.27091274, 0.31273195, 0.34614632, 0.34781298, 0.34841251, 0.34882429, 0.34929281, 0.34929425, 0.34929556, 0.34929553, 0.48602605
0.20569320, 1.0000000, 0.45541012, 1.9074857, 5.5531049, 9.6268339, 9.7833834, 9.8421593, 9.8827295, 19.858566, 19.858852, 19.859112, 19.859104, 0.26907369, 0.30552903, 0.34626660, 0.34783348, 0.34842142, 0.34882724, 0.34929281, 0.34929425, 0.34929556, 0.34929553, 0.45541012
0.19693565, 1.0000000, 0.42367989, 1.7158538, 4.8274050, 9.6026669, 9.7771969, 9.8389511, 9.8816566, 19.858566, 19.858852, 19.859112, 19.859104, 0.26715809, 0.29827327, 0.34602588, 0.34777182, 0.34838942, 0.34881654, 0.34929281, 0.34929425, 0.34929556, 0.34929553, 0.42367989
0.19330098, 1.0000000, 0.41051075, 1.6579032, 4.4368186, 9.6947517, 9.8051691, 9.8534679, 9.8865376, 19.858566, 19.858852, 19.859112, 19.859104, 0.26657513, 0.29436189, 0.34694064, 0.34805030, 0.34853399, 0.34886515, 0.34929281, 0.34929425, 0.34929556, 0.34929553, 0.41051075
0.18938690, 1.0000000, 0.39632934, 1.5719354, 4.0982656, 9.7085476, 9.8157406, 9.8593121, 9.8882723, 19.858398, 19.858852, 19.859106, 19.859104, 0.26571745, 0.29097968, 0.34708196, 0.34815669, 0.34859276, 0.34888262, 0.34929198, 0.34929425, 0.34929553, 0.34929553, 0.39632934
0.18712458, 1.0000000, 0.38813254, 1.5219599, 3.8812747, 9.7567291, 9.8332195, 9.8684683, 9.8910313, 19.858200, 19.858805, 19.859072, 19.859104, 0.26521939, 0.28881246, 0.34756690, 0.34833211, 0.34868464, 0.34891030, 0.34929100, 0.34929401, 0.34929535, 0.34929553, 0.38813254
0.18369588, 1.0000000, 0.37570971, 1.4323711, 3.6248298, 9.7404137, 9.8335676, 9.8687534, 9.8907804, 19.857943, 19.858709, 19.859066, 19.859104, 0.26432300, 0.28624719, 0.34740266, 0.34833539, 0.34868738, 0.34890774, 0.34928972, 0.34929353, 0.34929532, 0.34929553, 0.37570971
0.17860866, 1.0000000, 0.35727769, 1.2944996, 3.2651105, 9.6953106, 9.8208075, 9.8621216, 9.8881865, 19.857540, 19.858599, 19.859030, 19.859104, 0.26294270, 0.28264764, 0.34694797, 0.34820703, 0.34862068, 0.34888169, 0.34928769, 0.34929299, 0.34929514, 0.34929553, 0.35727769
0.17518386, 1.0000000, 0.34486905, 1.1999935, 2.9986711, 9.7143326, 9.8272705, 9.8651609, 9.8889265, 19.857187, 19.858547, 19.859018, 19.859104, 0.26199770, 0.27998337, 0.34713790, 0.34827161, 0.34865108, 0.34888908, 0.34928593, 0.34929273, 0.34929508, 0.34929553, 0.34486905
0.17131865, 1.0000000, 0.33086470, 1.0691673, 2.8717577, 9.4721479, 9.8187094, 9.8605719, 9.8870945, 19.856787, 19.858469, 19.858976, 19.859098, 0.26069030, 0.27871537, 0.34471786, 0.34818634, 0.34860533, 0.34887081, 0.34928393, 0.34929234, 0.34929487, 0.34929550, 0.33086470
0.16808733, 1.0000000, 0.31915700, 0.97172558, 2.7623863, 9.2364702, 9.8160706, 9.8590593, 9.8866577, 19.856800, 19.858480, 19.858971, 19.859098, 0.25971535, 0.27762058, 0.34235922, 0.34815955, 0.34858999, 0.34886637, 0.34928399, 0.34929240, 0.34929484, 0.34929550, 0.31915700
0.16310909, 1.0000000, 0.30111992, 0.83503425, 2.5793700, 8.8617067, 9.7928658, 9.8469448, 9.8826771, 19.856775, 19.858479, 19.858934, 19.859087, 0.25834849, 0.27579027, 0.33861116, 0.34792733, 0.34846878, 0.34882656, 0.34928387, 0.34929240, 0.34929466, 0.34929544, 0.30111992
0.15924862, 0.95701331, 0.28713271, 0.74048340, 2.4379253, 8.5278158, 9.7885666, 9.8444300, 9.8821106, 19.856987, 19.858534, 19.858923, 19.859087, 0.25740361, 0.27437687, 0.33527398, 0.34788471, 0.34844381, 0.34882095, 0.34928495, 0.34929267, 0.34929460, 0.34929544, 0.28713271
0.15339227, 0.88629144, 0.26591402, 0.58017969, 2.2257895, 8.0784187, 9.7657051, 9.8320694, 9.8776112, 19.856585, 19.858398, 19.858875, 19.859070, 0.25580025, 0.27225429, 0.33077767, 0.34765548, 0.34831989, 0.34877583, 0.34928292, 0.34929198, 0.34929436, 0.34929535, 0.26591402
0.14747335, 0.81481397, 0.24446864, 0.44209063, 2.0033746, 7.5603232, 9.7448816, 9.8202991, 9.8734741, 19.856443, 19.858345, 19.858833, 19.859058, 0.25441885, 0.27002817, 0.32559270, 0.34744611, 0.34820163, 0.34873429, 0.34928221, 0.34929174, 0.34929416, 0.34929529, 0.24446864
0.14400721, 0.77295649, 0.23191014, 0.37871599, 1.8761158, 7.1835470, 9.7594471, 9.8274279, 9.8761482, 19.856726, 19.858421, 19.858828, 19.859051, 0.25378630, 0.26875859, 0.32183054, 0.34759313, 0.34827361, 0.34876126, 0.34928364, 0.34929210, 0.34929413, 0.34929526, 0.23191014
0.14127052, 0.73990804, 0.22199461, 0.34382641, 1.7707229, 6.8459015, 9.7687263, 9.8327017, 9.8783827, 19.857246, 19.858561, 19.858828, 19.859051, 0.25343820, 0.26770705, 0.31845868, 0.34768718, 0.34832695, 0.34878379, 0.34928623, 0.34929281, 0.34929413, 0.34929526, 0.22199461
0.13757330, 0.69526029, 0.20859894, 0.29663146, 1.6212165, 6.4134192, 9.7526360, 9.8245974, 9.8759403, 19.857647, 19.858566, 19.858828, 19.859051, 0.25296620, 0.26621175, 0.31413335, 0.34752613, 0.34824586, 0.34875938, 0.34928823, 0.34929281, 0.34929413, 0.34929526, 0.20859894
0.13338210, 0.64464688, 0.19341341, 0.24641156, 1.4530063, 5.9101462, 9.7328129, 9.8136787, 9.8722897, 19.857916, 19.858566, 19.858828, 19.859051, 0.25246394, 0.26452947, 0.30910024, 0.34732774, 0.34813657, 0.34872285, 0.34928960, 0.34929281, 0.34929413, 0.34929526, 0.19341341
0.13132069, 0.61975300, 0.18594450, 0.22671223, 1.3822705, 5.6127911, 9.7612324, 9.8285513, 9.8774996, 19.858118, 19.858566, 19.858828, 19.859051, 0.25226653, 0.26382059, 0.30612358, 0.34761083, 0.34828475, 0.34877473, 0.34929058, 0.34929281, 0.34929413, 0.34929526, 0.18594450
0.13052477, 0.61014152, 0.18306077, 0.22143722, 1.3643444, 5.4634457, 9.8007402, 9.8499546, 9.8849440, 19.858253, 19.858566, 19.858828, 19.859051, 0.25221393, 0.26364177, 0.30463108, 0.34800622, 0.34849894, 0.34884924, 0.34929127, 0.34929281, 0.34929413, 0.34929526, 0.18306077
0.12923118, 0.59452015, 0.17837389, 0.20926893, 1.3189137, 5.2803655, 9.8074312, 9.8544197, 9.8865833, 19.858292, 19.858566, 19.858828, 19.859051, 0.25209236, 0.26318786, 0.30280110, 0.34807336, 0.34854370, 0.34886569, 0.34929144, 0.34929281, 0.34929413, 0.34929526, 0.17837389
0.12649617, 0.56149179, 0.16846439, 0.17894506, 1.2084782, 4.9499769, 9.7737646, 9.8372889, 9.8808756, 19.858292, 19.858566, 19.858828, 19.859051, 0.25178930, 0.26208419, 0.29949856, 0.34773716, 0.34837264, 0.34880868, 0.34929144, 0.34929281, 0.34929413, 0.34929526, 0.16846439
0.12344843, 0.52468699, 0.15742184, 0.12141764, 1.1010587, 4.6251988, 9.7604523, 9.8297291, 9.8779774, 19.857922, 19.858521, 19.858828, 19.859045, 0.25121358, 0.26100740, 0.29624525, 0.34760168, 0.34829587, 0.34877929, 0.34928960, 0.34929261, 0.34929413, 0.34929523, 0.15742184
0.12035978, 0.48738813, 0.14623107, 0.54225326E-1, 0.99828243, 4.3099647, 9.7563591, 9.8268881, 9.8765783, 19.857492, 19.858423, 19.858805, 19.859039, 0.25054193, 0.25997916, 0.29309174, 0.34756002, 0.34826705, 0.34876519, 0.34928745, 0.34929210, 0.34929401, 0.34929520, 0.14623107
0.11791097, 0.45781612, 0.13735858, 0.0000000, 0.91534853, 4.0613031, 9.7701044, 9.8336926, 9.8783712, 19.856859, 19.858250, 19.858805, 19.859034, 0.24999964, 0.25915030, 0.29060596, 0.34769765, 0.34833524, 0.34878314, 0.34928429, 0.34929127, 0.34929401, 0.34929517, 0.13735858
0.11626913, 0.43798915, 0.13140988, 0.0000000, 0.82930028, 3.8346479, 9.7780218, 9.8378000, 9.8792124, 19.856136, 19.858120, 19.858757, 19.859028, 0.24999964, 0.25829023, 0.28834003, 0.34777695, 0.34837636, 0.34879157, 0.34928069, 0.34929061, 0.34929377, 0.34929514, 0.13140988
0.11517417, 0.42476633, 0.12744264, 0.0000000, 0.77368915, 3.6747112, 9.7997522, 9.8491764, 9.8828239, 19.855841, 19.858084, 19.858757, 19.859022, 0.24999964, 0.25773644, 0.28674605, 0.34799695, 0.34849149, 0.34882817, 0.34927920, 0.34929043, 0.34929377, 0.34929511, 0.12744264
0.11224967, 0.38944975, 0.11684661, 0.0000000, 0.61429739, 3.3038507, 9.7388029, 9.8168955, 9.8709517, 19.854698, 19.857813, 19.858709, 19.858986, 0.24999964, 0.25614071, 0.28303242, 0.34738445, 0.34816715, 0.34870893, 0.34927350, 0.34928906, 0.34929353, 0.34929493, 0.11684661
0.11003125, 0.36265996, 0.10880887, 0.0000000, 0.51187575, 2.9860735, 9.6818542, 9.8072500, 9.8675613, 19.854628, 19.857801, 19.858709, 19.858969, 0.24999964, 0.25511521, 0.27985039, 0.34681183, 0.34806910, 0.34867448, 0.34927315, 0.34928900, 0.34929353, 0.34929484, 0.10880887
0.10827134, 0.34140712, 0.10243239, 0.0000000, 0.40674508, 2.8124094, 9.4779663, 9.8015680, 9.8651819, 19.854315, 19.857718, 19.858662, 19.858952, 0.24999964, 0.25406471, 0.27811459, 0.34477326, 0.34801236, 0.34865072, 0.34927157, 0.34928858, 0.34929329, 0.34929475, 0.10243239
0.10671829, 0.32265231, 0.96805379E-1, 0.0000000, 0.32209456, 2.6478529, 9.2717609, 9.7982931, 9.8639584, 19.854345, 19.857706, 19.858662, 19.858934, 0.24999964, 0.25321901, 0.27647054, 0.34271201, 0.34797999, 0.34863859, 0.34927171, 0.34928852, 0.34929329, 0.34929466, 0.96805379E-1
0.10419916, 0.29223108, 0.87678097E-1, 0.0000000, 0.18419623, 2.3781567, 8.9675226, 9.7695427, 9.8526249, 19.853365, 19.857466, 19.858566, 19.858898, 0.24999964, 0.25184172, 0.27378011, 0.33967412, 0.34769481, 0.34852603, 0.34926683, 0.34928733, 0.34929281, 0.34929448, 0.87678097E-1
0.10205470, 0.26633444, 0.79908326E-1, 0.0000000, 0.72324276E-1, 2.1460116, 8.6627579, 9.7599487, 9.8481016, 19.852671, 19.857286, 19.858498, 19.858875, 0.24999964, 0.25072312, 0.27145821, 0.33662602, 0.34759861, 0.34848070, 0.34926337, 0.34928644, 0.34929249, 0.34929436, 0.79908326E-1
0.10008389, 0.24253480, 0.72767720E-1, 0.0000000, 0.0000000, 1.8883556, 8.3091526, 9.7434921, 9.8409472, 19.851833, 19.857082, 19.858461, 19.858833, 0.24999964, 0.24999946, 0.26887232, 0.33308163, 0.34742913, 0.34840751, 0.34925917, 0.34928542, 0.34929231, 0.34929416, 0.72767720E-1
0.99500492E-1, 0.23548959, 0.70653945E-1, 0.0000000, 0.0000000, 1.7879575, 8.0851812, 9.7767754, 9.8536987, 19.852942, 19.857359, 19.858561, 19.858828, 0.24999964, 0.24999946, 0.26787260, 0.33084550, 0.34776396, 0.34853572, 0.34926471, 0.34928679, 0.34929281, 0.34929413, 0.70653945E-1
0.14028186, 0.72796887, 0.21841250, 2.3641706, 1.0040224, 1.7675459, 7.9720154, 9.8192129, 9.8701286, 19.854033, 19.857647, 19.858566, 19.858828, 0.27364013, 0.26003981, 0.26767510, 0.32971981, 0.34819192, 0.34870124, 0.34927016, 0.34928823, 0.34929281, 0.34929413, 0.21841250
0.18889827, 1.0000000, 0.39455891, 2.4034047, 4.0076890, 7.0576525, 9.5318470, 9.8401861, 9.8785706, 19.854780, 19.857822, 19.858566, 19.858828, 0.27403384, 0.29007667, 0.32057634, 0.34531841, 0.34840181, 0.34878570, 0.34927389, 0.34928912, 0.34929281, 0.34929413, 0.39455891
0.35599935, 1.0000000, 0.99999762, 9.9999990, 9.9999990, 9.9999962, 9.9999990, 9.9999990, 9.9999990, 19.999998, 19.999998, 19.999998, 19.998999, 0.34999967, 0.34999982, 0.34999987, 0.34999996, 0.34999999, 0.34999999, 0.34999999, 0.34999999, 0.34999999, 0.34999499, 0.99999762
0.35599935, 1.0000000, 0.99999756, 9.9999990, 9.9999990, 9.9999990, 9.9999990, 9.9999990, 9.9999990, 19.999998, 19.999998, 19.999998, 19.998999, 0.34999967, 0.34999979, 0.34999990, 0.34999996, 0.34999999, 0.34999999, 0.34999999, 0.34999999, 0.34999999, 0.34999499, 0.99999756
0.34695983, 1.0000000, 0.96724564, 9.5545797, 9.7281780, 9.8535652, 9.9658976, 9.9827490, 9.9940424, 19.999838, 19.999950, 19.999928, 19.984056, 0.34554565, 0.34728169, 0.34853560, 0.34965897, 0.34982750, 0.34994042, 0.34999919, 0.34999976, 0.34999964, 0.34992027, 0.96724564
0.33381611, 1.0000000, 0.91962355, 8.7284899, 9.5740318, 9.7514000, 9.9265957, 9.9619255, 9.9863482, 19.999426, 19.999844, 19.998966, 19.961004, 0.33728370, 0.34573954, 0.34751362, 0.34926587, 0.34961924, 0.34986347, 0.34999713, 0.34999922, 0.34999484, 0.34980503, 0.91962355
0.32892948, 1.0000000, 0.90191835, 8.3182869, 9.6516361, 9.7861652, 9.9159031, 9.9546652, 9.9824762, 19.998562, 19.999622, 19.995955, 19.940014, 0.33318174, 0.34651560, 0.34786126, 0.34915894, 0.34954661, 0.34982476, 0.34999281, 0.34999812, 0.34997976, 0.34970006, 0.90191835
0.31945583, 1.0000000, 0.86759359, 7.6459570, 9.6371555, 9.7745705, 9.8980074, 9.9433661, 9.9764318, 19.996971, 19.999155, 19.990171, 19.921824, 0.32645515, 0.34636819, 0.34774402, 0.34897971, 0.34943348, 0.34976426, 0.34998485, 0.34999579, 0.34995085, 0.34960911, 0.86759359
0.31058997, 1.0000000, 0.83547091, 7.0060649, 9.6366558, 9.7702799, 9.8865538, 9.9351025, 9.9714317, 19.995489, 19.998539, 19.981485, 19.906723, 0.32005644, 0.34636307, 0.34770104, 0.34886518, 0.34935084, 0.34971425, 0.34997743, 0.34999269, 0.34990743, 0.34953362, 0.83547091
0.28717840, 1.0000000, 0.75064635, 5.4687262, 9.4401684, 9.6473970, 9.8327742, 9.9036474, 9.9564734, 19.992128, 19.996950, 19.970112, 19.894627, 0.30468300, 0.34439728, 0.34647170, 0.34832731, 0.34903625, 0.34956464, 0.34996063, 0.34998477, 0.34985057, 0.34947312, 0.75064635
0.25591165, 1.0000000, 0.63736093, 3.3042266, 9.3215752, 9.5611362, 9.7802496, 9.8701534, 9.9399395, 19.988743, 19.994493, 19.956905, 19.885248, 0.28303957, 0.34321123, 0.34560904, 0.34780201, 0.34870130, 0.34939930, 0.34994370, 0.34997246, 0.34978452, 0.34942624, 0.63736093
0.23294389, 1.0000000, 0.55414450, 2.3666382, 8.1276731, 9.5344906, 9.7513247, 9.8486118, 9.9273157, 19.985521, 19.990692, 19.942879, 19.878139, 0.27366444, 0.33127269, 0.34534255, 0.34751278, 0.34848589, 0.34927306, 0.34992760, 0.34995347, 0.34971440, 0.34939069, 0.55414450
0.21186949, 1.0000000, 0.47778797, 1.8110156, 6.5266085, 9.5049276, 9.7297983, 9.8322182, 9.9177790, 19.983414, 19.985365, 19.929026, 19.872858, 0.26810789, 0.31526119, 0.34504572, 0.34729725, 0.34832183, 0.34917766, 0.34991705, 0.34992683, 0.34964514, 0.34936428, 0.47778797
0.19107115, 1.0000000, 0.40243167, 1.3173401, 4.8576579, 9.4694233, 9.7071896, 9.8163528, 9.9089861, 19.981552, 19.978104, 19.916073, 19.868963, 0.26317292, 0.29857555, 0.34469321, 0.34707168, 0.34816343, 0.34908983, 0.34990776, 0.34989053, 0.34958035, 0.34934482, 0.40243167
0.17824981, 1.0000000, 0.35597754, 1.0444909, 3.7416275, 9.5100727, 9.7242184, 9.8238611, 9.9100494, 19.979939, 19.968954, 19.904573, 19.866146, 0.26044425, 0.28741485, 0.34509891, 0.34724179, 0.34823844, 0.34910044, 0.34989971, 0.34984475, 0.34952286, 0.34933072, 0.35597754
0.16444004, 1.0000000, 0.30594212, 0.62292516, 2.9163928, 9.2336454, 9.7178411, 9.8193779, 9.9056921, 19.975122, 19.957472, 19.894579, 19.864084, 0.25622749, 0.27915898, 0.34232861, 0.34717676, 0.34819293, 0.34905666, 0.34987563, 0.34978735, 0.34947288, 0.34932041, 0.30594212
0.15579903, 0.91535562, 0.27463415, 0.33730865, 2.6166587, 8.6954365, 9.7325058, 9.8266010, 9.9071884, 19.970249, 19.945148, 19.886353, 19.862597, 0.25337136, 0.27615860, 0.33694109, 0.34732208, 0.34826452, 0.34907138, 0.34985125, 0.34972575, 0.34943175, 0.34931299, 0.27463415
0.14646269, 0.80260926, 0.24080686, 0.79274178E-1, 2.2557287, 8.0243263, 9.7168379, 9.8178740, 9.9033060, 19.964205, 19.932459, 19.879736, 19.861544, 0.25079253, 0.27255359, 0.33023667, 0.34716678, 0.34817794, 0.34903279, 0.34982103, 0.34966230, 0.34939867, 0.34930772, 0.24080686
0.14118117, 0.73882914, 0.22167091, 0.0000000, 1.9998997, 7.5214252, 9.7315454, 9.8252726, 9.9049721, 19.956755, 19.920116, 19.874508, 19.860779, 0.24999276, 0.26999357, 0.32520410, 0.34731284, 0.34825137, 0.34904927, 0.34978378, 0.34960058, 0.34937254, 0.34930390, 0.22167091
0.13500398, 0.66423279, 0.19928977, 0.0000000, 1.6073018, 6.8238387, 9.6979551, 9.8060827, 9.8952894, 19.945885, 19.908150, 19.870377, 19.860209, 0.24999276, 0.26606718, 0.31822595, 0.34697604, 0.34805903, 0.34895229, 0.34972942, 0.34954074, 0.34935188, 0.34930104, 0.19928977
0.12874778, 0.58868235, 0.17662238, 0.0000000, 1.2293577, 6.0742264, 9.6748657, 9.7907295, 9.8861103, 19.933844, 19.897505, 19.867170, 19.859797, 0.24999276, 0.26228994, 0.31073326, 0.34674579, 0.34790584, 0.34886062, 0.34966922, 0.34948751, 0.34933585, 0.34929898, 0.17662238
0.12171906, 0.50380307, 0.15115604, 0.0000000, 0.84153414, 5.1630459, 9.6353645, 9.7653704, 9.8725405, 19.921276, 19.888371, 19.864771, 19.859488, 0.24999276, 0.25841209, 0.30162051, 0.34634992, 0.34765181, 0.34872478, 0.34960639, 0.34944186, 0.34932387, 0.34929743, 0.15115604
0.11439033, 0.41530064, 0.12460265, 0.0000000, 0.50670505, 4.0749216, 9.5888157, 9.7344723, 9.8564119, 19.909849, 19.881027, 19.862999, 19.859299, 0.24999276, 0.25506514, 0.29074150, 0.34588453, 0.34734288, 0.34856349, 0.34954923, 0.34940514, 0.34931499, 0.34929651, 0.12460265
0.10932563, 0.35413879, 0.10625226, 0.0000000, 0.31841397, 3.2236285, 9.6042280, 9.7402334, 9.8551893, 19.900352, 19.875444, 19.861780, 19.859222, 0.24999276, 0.25318369, 0.28223404, 0.34604093, 0.34740165, 0.34855166, 0.34950176, 0.34937721, 0.34930891, 0.34929612, 0.10625226
0.10463956, 0.29754940, 0.89273751E-1, 0.0000000, 0.11364818, 2.5784314, 9.2339544, 9.7119951, 9.8406096, 19.890636, 19.870771, 19.860828, 19.859163, 0.24999276, 0.25113639, 0.27578315, 0.34233871, 0.34711951, 0.34840596, 0.34945318, 0.34935385, 0.34930414, 0.34929582, 0.89273751E-1
0.10250053, 0.27171838, 0.81523664E-1, 0.0000000, 0.37717819E-1, 2.2907109, 8.8379822, 9.7335615, 9.8466568, 19.883883, 19.867582, 19.860241, 19.859133, 0.24999276, 0.25037706, 0.27290389, 0.33837736, 0.34733424, 0.34846613, 0.34941941, 0.34933791, 0.34930122, 0.34929568, 0.81523664E-1
0.13475342, 0.66120708, 0.19838196, 2.3784847, 0.12719631E-1, 2.2311478, 8.6620159, 9.7949972, 9.8696241, 19.878780, 19.865332, 19.859892, 19.859127, 0.27378404, 0.25012720, 0.27231124, 0.33661997, 0.34794989, 0.34869620, 0.34939390, 0.34932667, 0.34929946, 0.34929565, 0.19838196
0.17056492, 1.0000000, 0.32813376, 2.3324728, 2.8479278, 5.2066364, 9.4302425, 9.8324852, 9.8841734, 19.874596, 19.863657, 19.859652, 19.859127, 0.27332366, 0.27847850, 0.30206564, 0.34430215, 0.34832472, 0.34884167, 0.34937298, 0.34931830, 0.34929827, 0.34929565, 0.32813376
0.16531959, 1.0000000, 0.30912897, 2.1511703, 2.7272015, 4.7269478, 9.7133265, 9.8444843, 9.8884058, 19.870762, 19.862326, 19.859489, 19.859116, 0.27151161, 0.27727196, 0.29726940, 0.34713325, 0.34844485, 0.34888405, 0.34935382, 0.34931162, 0.34929746, 0.34929559, 0.30912897
0.15717617, 0.93198603, 0.27962378, 1.8168390, 2.4853497, 4.3537641, 9.7416086, 9.8331337, 9.8837261, 19.867455, 19.861284, 19.859394, 19.859098, 0.26816821, 0.27485335, 0.29353753, 0.34741604, 0.34833130, 0.34883726, 0.34933728, 0.34930640, 0.34929699, 0.34929550, 0.27962378
0.15061806, 0.85278982, 0.25586253, 1.5583068, 2.2846997, 4.0320358, 9.7509241, 9.8296871, 9.8816271, 19.865034, 19.860594, 19.859299, 19.859087, 0.26558167, 0.27284577, 0.29031929, 0.34750870, 0.34829661, 0.34881619, 0.34932518, 0.34930298, 0.34929651, 0.34929544, 0.25586253
0.14053667, 0.73104596, 0.21933572, 1.1584580, 1.9612521, 3.5872014, 9.7128601, 9.8057356, 9.8716536, 19.862366, 19.859865, 19.859180, 19.859064, 0.26158294, 0.26961085, 0.28587049, 0.34712777, 0.34805694, 0.34871638, 0.34931183, 0.34929931, 0.34929591, 0.34929532, 0.21933572
0.13498701, 0.66402787, 0.19922829, 0.95838606, 1.7874569, 3.2560127, 9.7316942, 9.8134661, 9.8733130, 19.860815, 19.859489, 19.859110, 19.859058, 0.25958318, 0.26787382, 0.28255942, 0.34731653, 0.34813446, 0.34873307, 0.34930408, 0.34929746, 0.34929556, 0.34929529, 0.19922829
0.13058664, 0.61088860, 0.18328491, 0.87487102, 1.5545398, 2.9599638, 9.6264696, 9.8027134, 9.8686047, 19.859348, 19.859144, 19.859028, 19.859039, 0.25874749, 0.26554412, 0.27959841, 0.34626389, 0.34802672, 0.34868589, 0.34929675, 0.34929574, 0.34929514, 0.34929520, 0.18328491
0.12411997, 0.53279662, 0.15985498, 0.60543716, 1.3349742, 2.7779639, 9.4146833, 9.7981873, 9.8657207, 19.857719, 19.858690, 19.858904, 19.859011, 0.25605351, 0.26334861, 0.27777848, 0.34414604, 0.34798145, 0.34865704, 0.34928858, 0.34929344, 0.34929451, 0.34929505, 0.15985498
0.11974052, 0.47990990, 0.14398737, 0.44768453, 1.1692941, 2.6184976, 9.2081404, 9.7981796, 9.8655148, 19.857275, 19.858545, 19.858856, 19.858992, 0.25447625, 0.26169202, 0.27618393, 0.34208068, 0.34798142, 0.34865505, 0.34928638, 0.34929273, 0.34929428, 0.34929496, 0.14398737
0.12059700, 0.49025285, 0.14709057, 0.70659518, 0.95159113, 2.4424047, 8.9933863, 9.7945194, 9.8624315, 19.855011, 19.857937, 19.858690, 19.858946, 0.25706312, 0.25951365, 0.27442113, 0.33993173, 0.34794402, 0.34862393, 0.34927505, 0.34928969, 0.34929344, 0.34929472, 0.14709057
0.10978825, 0.35972542, 0.10792842, 0.20855367, 0.63933432, 2.1780519, 8.6981592, 9.7683611, 9.8503704, 19.851517, 19.857010, 19.858444, 19.858875, 0.25208417, 0.25639081, 0.27177620, 0.33697814, 0.34768167, 0.34850305, 0.34925759, 0.34928507, 0.34929222, 0.34929436, 0.10792842
0.10282452, 0.27563098, 0.82697563E-1, 0.0000000, 0.33669770, 1.8738359, 8.3246145, 9.7390804, 9.8372345, 19.848692, 19.856260, 19.858231, 19.858805, 0.24997745, 0.25336552, 0.26873425, 0.33324251, 0.34738865, 0.34837162, 0.34924346, 0.34928131, 0.34929115, 0.34929401, 0.82697563E-1
0.99640414E-1, 0.23717934, 0.71160920E-1, 0.0000000, 0.13957322, 1.5862823, 7.8986988, 9.7177544, 9.8281898, 19.848049, 19.856060, 19.858183, 19.858805, 0.24997745, 0.25139520, 0.26585981, 0.32898399, 0.34717569, 0.34828126, 0.34924024, 0.34928030, 0.34929091, 0.34929401, 0.71160920E-1
0.96486069E-1, 0.19908720, 0.59732135E-1, 0.0000000, 0.0000000, 1.2258351, 7.3123345, 9.6708584, 9.8079720, 19.846889, 19.855761, 19.858095, 19.858757, 0.24997745, 0.24998569, 0.26225701, 0.32312173, 0.34670755, 0.34807935, 0.34923446, 0.34927881, 0.34929049, 0.34929377, 0.59732135E-1
0.95027357E-1, 0.18147166, 0.54446943E-1, 0.0000000, 0.0000000, 0.97638369, 6.7939315, 9.6783295, 9.8089952, 19.846142, 19.855536, 19.858072, 19.858709, 0.24997745, 0.24998569, 0.25976259, 0.31793758, 0.34678206, 0.34808955, 0.34923071, 0.34927768, 0.34929037, 0.34929353, 0.54446943E-1
0.93510441E-1, 0.16315331, 0.48950888E-1, 0.0000000, 0.0000000, 0.72267354, 6.2411971, 9.6653194, 9.8026218, 19.844534, 19.855127, 19.857979, 19.858704, 0.24997745, 0.24998569, 0.25722134, 0.31240264, 0.34664595, 0.34802377, 0.34922266, 0.34927565, 0.34928989, 0.34929353, 0.48950888E-1
0.91978893E-1, 0.14465819, 0.43401800E-1, 0.0000000, 0.0000000, 0.48665702, 5.5885134, 9.6342945, 9.7888584, 19.843937, 19.854994, 19.857943, 19.858709, 0.24997745, 0.24998569, 0.25486282, 0.30587649, 0.34633550, 0.34788606, 0.34921968, 0.34927496, 0.34928972, 0.34929353, 0.43401800E-1
0.90686440E-1, 0.12905042, 0.38718998E-1, 0.0000000, 0.0000000, 0.30714571, 4.9306965, 9.6214018, 9.7824030, 19.843950, 19.855005, 19.857943, 19.858709, 0.24997745, 0.24998569, 0.25307027, 0.29930308, 0.34621024, 0.34782276, 0.34921974, 0.34927502, 0.34928972, 0.34929353, 0.38718998E-1
0.89450166E-1, 0.11412105, 0.34239739E-1, 0.0000000, 0.0000000, 0.16469061, 4.1687937, 9.5882235, 9.7670727, 19.844692, 19.855175, 19.858013, 19.858709, 0.24997745, 0.24998569, 0.25164619, 0.29168427, 0.34587803, 0.34766930, 0.34922346, 0.34927589, 0.34929007, 0.34929353, 0.34239739E-1
0.88486299E-1, 0.10248131, 0.30747470E-1, 0.0000000, 0.0000000, 0.54264069E-1, 3.5421829, 9.6135645, 9.7768497, 19.844402, 19.855108, 19.858025, 19.858709, 0.24997745, 0.24998569, 0.25054243, 0.28541899, 0.34613177, 0.34776717, 0.34922200, 0.34927553, 0.34929013, 0.34929353, 0.30747470E-1
0.87841541E-1, 0.94695151E-1, 0.28411387E-1, 0.0000000, 0.0000000, 0.0000000, 3.0209005, 9.6390781, 9.7882080, 19.843771, 19.854959, 19.857990, 19.858709, 0.24997745, 0.24998569, 0.24999912, 0.28020188, 0.34637940, 0.34787825, 0.34921885, 0.34927481, 0.34928995, 0.34929353, 0.28411387E-1
0.87579101E-1, 0.91525912E-1, 0.27460519E-1, 0.0000000, 0.0000000, 0.0000000, 2.8436689, 9.3581114, 9.7932606, 19.843864, 19.854971, 19.857979, 19.858709, 0.24997745, 0.24998569, 0.24999912, 0.27842924, 0.34356886, 0.34792835, 0.34921932, 0.34927484, 0.34928989, 0.34929353, 0.27460519E-1
0.87217003E-1, 0.87153137E-1, 0.26148556E-1, 0.0000000, 0.0000000, 0.0000000, 2.6262820, 8.9247847, 9.7702608, 19.843760, 19.854948, 19.857960, 19.858709, 0.24997745, 0.24998569, 0.24999912, 0.27625838, 0.33924031, 0.34769988, 0.34921879, 0.34927475, 0.34928980, 0.34929353, 0.26148556E-1
0.86764239E-1, 0.81685543E-1, 0.24508115E-1, 0.0000000, 0.0000000, 0.0000000, 2.3602664, 8.3719025, 9.7426910, 19.843067, 19.854771, 19.857895, 19.858704, 0.24997745, 0.24998569, 0.24999912, 0.27359954, 0.33371344, 0.34742478, 0.34921533, 0.34927386, 0.34928948, 0.34929353, 0.24508115E-1
0.86335003E-1, 0.76502040E-1, 0.22952907E-1, 0.0000000, 0.0000000, 0.0000000, 2.1173239, 7.8237309, 9.7339001, 19.842665, 19.854650, 19.857866, 19.858709, 0.24997745, 0.24998569, 0.24999912, 0.27117062, 0.32823247, 0.34733701, 0.34921333, 0.34927326, 0.34928933, 0.34929353, 0.22952907E-1
0.85912161E-1, 0.71395755E-1, 0.21420870E-1, 0.0000000, 0.0000000, 0.0000000, 1.8844724, 7.2704144, 9.7287064, 19.842264, 19.854509, 19.857832, 19.858704, 0.24997745, 0.24998569, 0.24999912, 0.26884073, 0.32269645, 0.34728363, 0.34921134, 0.34927255, 0.34928915, 0.34929353, 0.21420870E-1
0.85369572E-1, 0.64843453E-1, 0.19454982E-1, 0.0000000, 0.0000000, 0.0000000, 1.6007513, 6.5385461, 9.6934872, 19.842842, 19.854650, 19.857866, 19.858709, 0.24997745, 0.24998569, 0.24999912, 0.26600471, 0.31537977, 0.34693202, 0.34921420, 0.34927326, 0.34928933, 0.34929353, 0.19454982E-1
0.85032724E-1, 0.60775619E-1, 0.18234510E-1, 0.0000000, 0.0000000, 0.0000000, 1.4345497, 6.0473151, 9.7246542, 19.843454, 19.854794, 19.857906, 19.858709, 0.24997745, 0.24998569, 0.24999912, 0.26434186, 0.31046551, 0.34724244, 0.34921727, 0.34927398, 0.34928954, 0.34929353, 0.18234510E-1
0.84531538E-1, 0.54723307E-1, 0.16418634E-1, 0.0000000, 0.0000000, 0.0000000, 1.1863440, 5.3471370, 9.6815348, 19.842958, 19.854650, 19.857885, 19.858709, 0.24997745, 0.24998569, 0.24999912, 0.26186079, 0.30346540, 0.34681174, 0.34921479, 0.34927326, 0.34928942, 0.34929353, 0.16418634E-1
0.84067330E-1, 0.49117465E-1, 0.14736713E-1, 0.0000000, 0.0000000, 0.0000000, 0.97313523, 4.6572013, 9.6681786, 19.842922, 19.854650, 19.857866, 19.858709, 0.24997745, 0.24998569, 0.24999912, 0.25972787, 0.29656368, 0.34667599, 0.34921461, 0.34927326, 0.34928933, 0.34929353, 0.14736713E-1
0.83573788E-1, 0.43157354E-1, 0.12948501E-1, 0.0000000, 0.0000000, 0.0000000, 0.76102614, 3.8962615, 9.6469975, 19.842859, 19.854633, 19.857849, 19.858709, 0.24997745, 0.24998569, 0.24999912, 0.25760713, 0.28895462, 0.34646335, 0.34921429, 0.34927318, 0.34928924, 0.34929353, 0.12948501E-1
0.83223209E-1, 0.38923748E-1, 0.11678292E-1, 0.0000000, 0.0000000, 0.0000000, 0.63173473, 3.2996616, 9.6709089, 19.844837, 19.855169, 19.857996, 19.858709, 0.24997745, 0.24998569, 0.24999912, 0.25631508, 0.28299069, 0.34670326, 0.34922418, 0.34927586, 0.34928998, 0.34929353, 0.11678292E-1
0.82862720E-1, 0.34570500E-1, 0.10372188E-1, 0.0000000, 0.0000000, 0.0000000, 0.47155321, 2.8345137, 9.4150209, 19.844555, 19.855095, 19.857990, 19.858709, 0.24997745, 0.24998569, 0.24999912, 0.25471362, 0.27833939, 0.34414384, 0.34922278, 0.34927547, 0.34928995, 0.34929353, 0.10372188E-1
0.82519099E-1, 0.30420909E-1, 0.91271857E-2, 0.0000000, 0.0000000, 0.0000000, 0.32665431, 2.4482667, 8.9516554, 19.845186, 19.855259, 19.858061, 19.858709, 0.24997745, 0.24998569, 0.24999912, 0.25326562, 0.27447921, 0.33951235, 0.34922594, 0.34927630, 0.34929031, 0.34929353, 0.91271857E-2
0.82341701E-1, 0.28278623E-1, 0.84844353E-2, 0.0000000, 0.0000000, 0.0000000, 0.25979877, 2.2451072, 8.6765976, 19.846895, 19.855703, 19.858189, 19.858709, 0.24997745, 0.24998569, 0.24999912, 0.25259724, 0.27244782, 0.33676177, 0.34923446, 0.34927851, 0.34929094, 0.34929353, 0.84844353E-2
0.82195774E-1, 0.26516389E-1, 0.79557123E-2, 0.0000000, 0.0000000, 0.0000000, 0.20677447, 2.0783246, 8.4370356, 19.848122, 19.856060, 19.858225, 19.858709, 0.24997745, 0.24998569, 0.24999912, 0.25206730, 0.27078104, 0.33436733, 0.34924060, 0.34928030, 0.34929112, 0.34929353, 0.79557123E-2
0.82046822E-1, 0.24717607E-1, 0.74160239E-2, 0.0000000, 0.0000000, 0.0000000, 0.15308559, 1.9103050, 8.1879063, 19.848484, 19.856150, 19.858208, 19.858709, 0.24997745, 0.24998569, 0.24999912, 0.25152928, 0.26909325, 0.33186507, 0.34924242, 0.34928074, 0.34929103, 0.34929353, 0.74160239E-2
0.81926689E-1, 0.23266897E-1, 0.69807670E-2, 0.0000000, 0.0000000, 0.0000000, 0.12063086, 1.7629385, 7.9507852, 19.849953, 19.856516, 19.858288, 19.858709, 0.24997745, 0.24998569, 0.24999912, 0.25120583, 0.26762590, 0.32950264, 0.34924978, 0.34928256, 0.34929144, 0.34929353, 0.69807670E-2
0.81820786E-1, 0.21987954E-1, 0.65970458E-2, 0.0000000, 0.0000000, 0.0000000, 0.96979737E-1, 1.6298503, 7.7233233, 19.851419, 19.856897, 19.858383, 19.858709, 0.24997745, 0.24998569, 0.24999912, 0.25096965, 0.26629725, 0.32723126, 0.34925711, 0.34928447, 0.34929192, 0.34929353, 0.65970458E-2
0.81678525E-1, 0.20270014E-1, 0.60816128E-2, 0.0000000, 0.0000000, 0.0000000, 0.65714121E-1, 1.4518321, 7.4141178, 19.852009, 19.857050, 19.858419, 19.858709, 0.24997745, 0.24998569, 0.24999912, 0.25065702, 0.26451704, 0.32413900, 0.34926003, 0.34928524, 0.34929210, 0.34929353, 0.60816128E-2
0.81540361E-1, 0.18601531E-1, 0.55810176E-2, 0.0000000, 0.0000000, 0.0000000, 0.33593178E-1, 1.2851059, 7.1075654, 19.851826, 19.856997, 19.858372, 19.858709, 0.24997745, 0.24998569, 0.24999912, 0.25033569, 0.26284638, 0.32106704, 0.34925914, 0.34928498, 0.34929186, 0.34929353, 0.55810176E-2
0.81413865E-1, 0.17074000E-1, 0.51227123E-2, 0.0000000, 0.0000000, 0.0000000, 0.12001395E-1, 1.1274874, 6.7917571, 19.852055, 19.857050, 19.858397, 19.858709, 0.24997745, 0.24998569, 0.24999912, 0.25011998, 0.26127329, 0.31791446, 0.34926027, 0.34928524, 0.34929198, 0.34929353, 0.51227123E-2
0.81374556E-1, 0.16599312E-1, 0.49802917E-2, 0.0000000, 0.0000000, 0.0000000, 0.91820955E-2, 1.0791332, 6.6690607, 19.853443, 19.857416, 19.858423, 19.858709, 0.24997745, 0.24998569, 0.24999912, 0.25009179, 0.26078945, 0.31668672, 0.34926721, 0.34928709, 0.34929210, 0.34929353, 0.49802917E-2
0.81329130E-1, 0.16050676E-1, 0.48156846E-2, 0.0000000, 0.0000000, 0.0000000, 0.43660402E-2, 1.0245532, 6.5327992, 19.854313, 19.857616, 19.858423, 19.858709, 0.24997745, 0.24998569, 0.24999912, 0.25004363, 0.26024306, 0.31532273, 0.34927157, 0.34928808, 0.34929210, 0.34929353, 0.48156846E-2
0.81290185E-1, 0.15580437E-1, 0.46745986E-2, 0.0000000, 0.0000000, 0.0000000, 0.88810921E-3, 0.97814500, 6.4103942, 19.855057, 19.857809, 19.858423, 19.858709, 0.24997745, 0.24998569, 0.24999912, 0.25000888, 0.25977960, 0.31409988, 0.34927529, 0.34928906, 0.34929210, 0.34929353, 0.46745986E-2
0.81223987E-1, 0.14781031E-1, 0.44347527E-2, 0.0000000, 0.0000000, 0.0000000, 0.0000000, 0.89097619, 6.1981130, 19.855099, 19.857798, 19.858423, 19.858709, 0.24997745, 0.24998569, 0.24999912, 0.24999987, 0.25890687, 0.31197444, 0.34927550, 0.34928900, 0.34929210, 0.34929353, 0.44347527E-2
0.81127413E-1, 0.13614750E-1, 0.40848334E-2, 0.0000000, 0.0000000, 0.0000000, 0.0000000, 0.76341629, 5.8813720, 19.854378, 19.857597, 19.858389, 19.858709, 0.24997745, 0.24998569, 0.24999912, 0.24999987, 0.25763065, 0.30880472, 0.34927189, 0.34928799, 0.34929195, 0.34929353, 0.40848334E-2
0.81090331E-1, 0.13166979E-1, 0.39504888E-2, 0.0000000, 0.0000000, 0.0000000, 0.0000000, 0.71984529, 5.7433147, 19.855309, 19.857857, 19.858423, 19.858709, 0.24997745, 0.24998569, 0.24999912, 0.24999987, 0.25719514, 0.30742434, 0.34927654, 0.34928930, 0.34929210, 0.34929353, 0.39504888E-2
0.30411881, 1.0000000, 0.81202459, 8.6606874, 7.5077262, 7.5602474, 7.8384938, 8.2705173, 8.8805695, 19.855381, 19.857821, 19.858423, 19.858709, 0.33660588, 0.32507676, 0.32560220, 0.32838488, 0.33270514, 0.33880571, 0.34927690, 0.34928912, 0.34929210, 0.34929353, 0.81202459
0.35599917, 1.0000000, 0.99999702, 9.9999962, 9.9999990, 9.9999990, 9.9999990, 9.9999990, 9.9999990, 19.999998, 19.999998, 19.999998, 19.998999, 0.34999958, 0.34999976, 0.34999987, 0.34999996, 0.34999999, 0.34999999, 0.34999999, 0.34999999, 0.34999999, 0.34999499, 0.99999702
0.35517883, 1.0000000, 0.99702477, 9.9585161, 9.9765682, 9.9881601, 9.9968977, 9.9984322, 9.9993734, 19.999886, 19.999969, 19.999969, 19.989016, 0.34958398, 0.34976497, 0.34988123, 0.34996891, 0.34998429, 0.34999374, 0.34999943, 0.34999985, 0.34999985, 0.34994507, 0.99702477
0.35391021, 1.0000000, 0.99242824, 9.8932810, 9.9417391, 9.9703131, 9.9927082, 9.9963140, 9.9985838, 19.999802, 19.999945, 19.999949, 19.985044, 0.34893081, 0.34941617, 0.34970254, 0.34992695, 0.34996307, 0.34998581, 0.34999901, 0.34999973, 0.34999973, 0.34992522, 0.99242824
0.35599762, 1.0000000, 0.99999130, 9.9999399, 9.9999638, 9.9999819, 9.9999933, 9.9999962, 9.9999990, 19.999998, 19.999998, 19.999998, 19.997997, 0.34999880, 0.34999928, 0.34999964, 0.34999990, 0.34999993, 0.34999999, 0.34999999, 0.34999999, 0.34999999, 0.34998998, 0.99999130
0.35599869, 1.0000000, 0.99999523, 9.9999666, 9.9999790, 9.9999905, 9.9999962, 9.9999990, 9.9999990, 19.999998, 19.999998, 19.999998, 19.997997, 0.34999934, 0.34999961, 0.34999982, 0.34999993, 0.34999999, 0.34999999, 0.34999999, 0.34999999, 0.34999999, 0.34998998, 0.99999523
0.35599858, 1.0000000, 0.99999487, 9.9999609, 9.9999790, 9.9999905, 9.9999933, 9.9999990, 9.9999990, 19.999998, 19.999998, 19.999998, 19.997997, 0.34999928, 0.34999958, 0.34999982, 0.34999990, 0.34999999, 0.34999999, 0.34999999, 0.34999999, 0.34999999, 0.34998998, 0.99999487
0.35599792, 1.0000000, 0.99999237, 9.9999313, 9.9999580, 9.9999790, 9.9999933, 9.9999990, 9.9999990, 19.999998, 19.999998, 19.999998, 19.996996, 0.34999895, 0.34999937, 0.34999967, 0.34999990, 0.34999999, 0.34999999, 0.34999999, 0.34999999, 0.34999999, 0.34998497, 0.99999237
0.35599905, 1.0000000, 0.99999666, 9.9999695, 9.9999819, 9.9999876, 9.9999962, 9.9999962, 9.9999990, 19.999998, 19.999998, 19.999983, 19.990385, 0.34999955, 0.34999973, 0.34999982, 0.34999996, 0.34999996, 0.34999999, 0.34999999, 0.34999999, 0.34999990, 0.34995192, 0.99999666
0.35520244, 1.0000000, 0.99711031, 9.9972191, 9.9338503, 9.9521255, 9.9898300, 9.9948969, 9.9982529, 19.999969, 19.999987, 19.999949, 19.985044, 0.34997094, 0.34933776, 0.34952089, 0.34989825, 0.34994894, 0.34998253, 0.34999985, 0.34999993, 0.34999973, 0.34992522, 0.99711031
0.34565866, 1.0000000, 0.96253127, 9.4382257, 9.7567329, 9.8695536, 9.9682636, 9.9839134, 9.9942036, 19.999577, 19.999886, 19.999922, 19.984043, 0.34438184, 0.34756705, 0.34869543, 0.34968260, 0.34983915, 0.34994203, 0.34999788, 0.34999943, 0.34999961, 0.34992021, 0.96253127
0.34852082, 1.0000000, 0.97290146, 9.7015486, 9.6896563, 9.8220911, 9.9497337, 9.9740648, 9.9906740, 19.999521, 19.999874, 19.998991, 19.961004, 0.34701511, 0.34689632, 0.34822080, 0.34949732, 0.34974065, 0.34990674, 0.34999761, 0.34999937, 0.34999496, 0.34980503, 0.97290146
0.35598159, 1.0000000, 0.99993330, 9.9992332, 9.9995403, 9.9997702, 9.9999542, 9.9999752, 9.9999905, 19.999998, 19.999998, 19.999996, 19.993994, 0.34999081, 0.34999448, 0.34999725, 0.34999946, 0.34999970, 0.34999987, 0.34999999, 0.34999999, 0.34999996, 0.34996998, 0.99993330
0.33486408, 1.0000000, 0.92342043, 8.8169022, 9.5569382, 9.7475004, 9.9250536, 9.9613724, 9.9850550, 19.998056, 19.999498, 19.999451, 19.970396, 0.33816165, 0.34556457, 0.34747255, 0.34925002, 0.34961349, 0.34985045, 0.34999028, 0.34999749, 0.34999725, 0.34985197, 0.92342043
0.31710607, 1.0000000, 0.85907990, 7.5747910, 9.5109549, 9.7032576, 9.8892584, 9.9405432, 9.9764071, 19.997103, 19.999249, 19.997391, 19.948435, 0.32573467, 0.34509960, 0.34702748, 0.34889153, 0.34940493, 0.34976390, 0.34998551, 0.34999624, 0.34998697, 0.34974217, 0.85907990
0.31424868, 1.0000000, 0.84872699, 7.3202610, 9.5746431, 9.7335701, 9.8808107, 9.9330950, 9.9721165, 19.996346, 19.999056, 19.992853, 19.929018, 0.32319546, 0.34574082, 0.34733284, 0.34880754, 0.34933066, 0.34972107, 0.34998173, 0.34999529, 0.34996426, 0.34964508, 0.84872699
0.32719487, 1.0000000, 0.89563352, 8.1877851, 9.6659317, 9.7828789, 9.8882465, 9.9345694, 9.9713106, 19.996012, 19.998827, 19.985441, 19.912655, 0.33187407, 0.34665662, 0.34782743, 0.34888220, 0.34934554, 0.34971306, 0.34998006, 0.34999412, 0.34992722, 0.34956327, 0.89563352
0.31631869, 1.0000000, 0.85622710, 7.4408479, 9.6122437, 9.7537661, 9.8795967, 9.9285088, 9.9680758, 19.995667, 19.998289, 19.975285, 19.899374, 0.32440788, 0.34612200, 0.34753743, 0.34879589, 0.34928507, 0.34968075, 0.34997833, 0.34999144, 0.34987643, 0.34949687, 0.85622710
0.29444146, 1.0000000, 0.77696174, 5.9916878, 9.4423037, 9.6506338, 9.8412523, 9.9065924, 9.9584427, 19.994553, 19.996880, 19.962887, 19.888950, 0.30991524, 0.34442148, 0.34650552, 0.34841236, 0.34906584, 0.34958440, 0.34997275, 0.34998441, 0.34981444, 0.34944475, 0.77696174
0.28551722, 1.0000000, 0.74462759, 5.2439952, 9.5740395, 9.7227192, 9.8554249, 9.9117289, 9.9589300, 19.994486, 19.994570, 19.949293, 19.880989, 0.30243477, 0.34573472, 0.34722430, 0.34855366, 0.34911698, 0.34958920, 0.34997243, 0.34997284, 0.34974647, 0.34940493, 0.74462759
0.27529496, 1.0000000, 0.70759034, 4.5004854, 9.5768595, 9.7252817, 9.8563786, 9.9111414, 9.9577217, 19.994268, 19.990614, 19.935392, 19.875013, 0.29500142, 0.34576425, 0.34725061, 0.34856334, 0.34911117, 0.34957713, 0.34997135, 0.34995306, 0.34967697, 0.34937507, 0.70759034
0.25204444, 1.0000000, 0.62334931, 2.9861183, 9.3544750, 9.6121330, 9.8097067, 9.8848524, 9.9456911, 19.991962, 19.984140, 19.921896, 19.870552, 0.27986100, 0.34354442, 0.34612116, 0.34809703, 0.34884849, 0.34945691, 0.34995982, 0.34992069, 0.34960949, 0.34935278, 0.62334931
0.22681080, 1.0000000, 0.53192317, 2.2206068, 7.6451135, 9.5063028, 9.7469568, 9.8469152, 9.9274292, 19.987930, 19.975157, 19.909538, 19.867270, 0.27220380, 0.32644641, 0.34506011, 0.34746897, 0.34846884, 0.34927419, 0.34993964, 0.34987578, 0.34954768, 0.34933636, 0.53192317
0.20392781, 1.0000000, 0.44901380, 1.6061127, 5.9256191, 9.4738302, 9.7153616, 9.8242950, 9.9146852, 19.984186, 19.964481, 19.898821, 19.864895, 0.26606059, 0.30925500, 0.34473735, 0.34715340, 0.34824285, 0.34914681, 0.34992093, 0.34982240, 0.34949410, 0.34932446, 0.44901380
0.19752543, 1.0000000, 0.42581677, 1.5080899, 5.2331276, 9.6245461, 9.7728214, 9.8527994, 9.9238644, 19.982496, 19.953127, 19.889997, 19.863218, 0.26508024, 0.30232990, 0.34624422, 0.34772795, 0.34852788, 0.34923860, 0.34991246, 0.34976563, 0.34944999, 0.34931609, 0.42581677
0.35596925, 1.0000000, 0.99988860, 9.9985542, 9.9991322, 9.9995613, 9.9999132, 9.9999580, 9.9999876, 19.999998, 19.999998, 19.999990, 19.991999, 0.34998468, 0.34999081, 0.34999534, 0.34999907, 0.34999955, 0.34999987, 0.34999999, 0.34999999, 0.34999996, 0.34996000, 0.99988860
0.34407079, 1.0000000, 0.95677805, 9.3422585, 9.7326717, 9.8548069, 9.9646931, 9.9821081, 9.9936638, 19.999672, 19.999908, 19.999470, 19.968512, 0.34342241, 0.34732661, 0.34854800, 0.34964693, 0.34982109, 0.34993663, 0.34999835, 0.34999955, 0.34999734, 0.34984255, 0.95677805
0.35595602, 1.0000000, 0.99984068, 9.9981337, 9.9988785, 9.9994421, 9.9998894, 9.9999428, 9.9999790, 19.999998, 19.999998, 19.999990, 19.991999, 0.34997809, 0.34998682, 0.34999344, 0.34999868, 0.34999934, 0.34999976, 0.34999999, 0.34999999, 0.34999996, 0.34996000, 0.99984068
0.35010505, 1.0000000, 0.97864139, 9.6883879, 9.8491716, 9.9209957, 9.9829502, 9.9914198, 9.9971247, 19.999992, 19.999998, 19.999874, 19.980116, 0.34688351, 0.34849149, 0.34920985, 0.34982947, 0.34991419, 0.34997123, 0.34999996, 0.34999999, 0.34999937, 0.34990057, 0.97864139
0.34267449, 1.0000000, 0.95171905, 9.2642126, 9.7035713, 9.8386612, 9.9592438, 9.9792938, 9.9924507, 19.999397, 19.999838, 19.999859, 19.982080, 0.34263921, 0.34703386, 0.34838569, 0.34959227, 0.34979284, 0.34992447, 0.34999698, 0.34999919, 0.34999931, 0.34991041, 0.95171905
0.35579962, 1.0000000, 0.99927402, 9.9903440, 9.9942312, 9.9971123, 9.9994240, 9.9997072, 9.9999065, 19.999998, 19.999998, 19.999990, 19.991999, 0.34990004, 0.34994030, 0.34997010, 0.34999403, 0.34999698, 0.34999904, 0.34999999, 0.34999999, 0.34999996, 0.34996000, 0.99927402
0.34520555, 1.0000000, 0.96088952, 9.4078169, 9.7544870, 9.8672276, 9.9675732, 9.9835539, 9.9941235, 19.999636, 19.999908, 19.999458, 19.968512, 0.34407553, 0.34754321, 0.34867144, 0.34967554, 0.34983546, 0.34994119, 0.34999818, 0.34999955, 0.34999728, 0.34984255, 0.96088952
0.31125462, 1.0000000, 0.83787894, 7.2431507, 9.3932047, 9.6334066, 9.8675261, 9.9298630, 9.9718323, 19.995874, 19.998926, 19.997019, 19.946674, 0.32242408, 0.34392625, 0.34633109, 0.34867465, 0.34929833, 0.34971824, 0.34997937, 0.34999463, 0.34998509, 0.34973338, 0.83787894
0.29801100, 1.0000000, 0.78989482, 6.1830487, 9.5263042, 9.7006769, 9.8648176, 9.9239655, 9.9681520, 19.995613, 19.998857, 19.992281, 19.927515, 0.31182799, 0.34526071, 0.34700558, 0.34864795, 0.34923953, 0.34968150, 0.34997806, 0.34999430, 0.34996140, 0.34963757, 0.78989482
0.27790186, 1.0000000, 0.71703571, 4.8053508, 9.4283981, 9.6400785, 9.8347692, 9.9046173, 9.9589119, 19.994493, 19.998396, 19.984573, 19.911390, 0.29805079, 0.34428081, 0.34639916, 0.34834737, 0.34904599, 0.34958905, 0.34997246, 0.34999198, 0.34992287, 0.34955695, 0.71703571
0.32990855, 1.0000000, 0.90546566, 8.5244350, 9.4949961, 9.6727381, 9.8323288, 9.8997097, 9.9545813, 19.993570, 19.997654, 19.974134, 19.898348, 0.33524159, 0.34494811, 0.34672642, 0.34832311, 0.34899700, 0.34954578, 0.34996784, 0.34998828, 0.34987068, 0.34949175, 0.90546566
0.29109269, 1.0000000, 0.76482862, 5.8697038, 9.3031244, 9.5489864, 9.7723265, 9.8638496, 9.9368162, 19.989834, 19.995440, 19.961428, 19.888107, 0.30868936, 0.34302393, 0.34548610, 0.34772250, 0.34863812, 0.34936804, 0.34994918, 0.34997720, 0.34980714, 0.34944054, 0.76482862
0.27607316, 1.0000000, 0.71040994, 4.6455112, 9.4755468, 9.6496334, 9.8026209, 9.8763618, 9.9393692, 19.989613, 19.992983, 19.947779, 19.880358, 0.29644799, 0.34474677, 0.34649190, 0.34802532, 0.34876317, 0.34939355, 0.34994805, 0.34996492, 0.34973890, 0.34940177, 0.71040994
0.26194602, 1.0000000, 0.65922469, 3.6155059, 9.4792910, 9.6571798, 9.8120852, 9.8807201, 9.9401197, 19.989277, 19.988810, 19.933907, 19.874531, 0.28615373, 0.34479085, 0.34657076, 0.34812066, 0.34880710, 0.34940118, 0.34994638, 0.34994406, 0.34966952, 0.34937266, 0.65922469
0.24699995, 1.0000000, 0.60507226, 2.9050021, 8.8806477, 9.6161919, 9.7998686, 9.8739586, 9.9368172, 19.988249, 19.982466, 19.920643, 19.870216, 0.27904844, 0.33880356, 0.34616032, 0.34799835, 0.34873945, 0.34936810, 0.34994125, 0.34991235, 0.34960321, 0.34935108, 0.60507226
0.22914013, 1.0000000, 0.54036278, 2.3932219, 7.6129479, 9.5522156, 9.7693481, 9.8563766, 9.9288025, 19.986202, 19.973862, 19.908543, 19.867060, 0.27393007, 0.32612538, 0.34551960, 0.34769294, 0.34856349, 0.34928793, 0.34993100, 0.34986931, 0.34954271, 0.34933531, 0.54036278
0.20999922, 1.0000000, 0.47101164, 1.8702984, 6.1954780, 9.5137539, 9.7420301, 9.8390818, 9.9201021, 19.983240, 19.963274, 19.898039, 19.864754, 0.26870158, 0.31195199, 0.34513539, 0.34741986, 0.34839061, 0.34920093, 0.34991619, 0.34981638, 0.34949020, 0.34932378, 0.47101164
0.19489425, 1.0000000, 0.41628349, 1.4906347, 4.9975905, 9.5268459, 9.7394190, 9.8353043, 9.9167051, 19.979858, 19.951441, 19.889277, 19.863102, 0.26490575, 0.29997474, 0.34526733, 0.34739396, 0.34835291, 0.34916702, 0.34989929, 0.34975719, 0.34944639, 0.34931552, 0.41628349
0.35583353, 1.0000000, 0.99939686, 9.9922075, 9.9953394, 9.9976664, 9.9995289, 9.9997673, 9.9999218, 19.999998, 19.999998, 19.999969, 19.988020, 0.34991699, 0.34995034, 0.34997514, 0.34999499, 0.34999752, 0.34999916, 0.34999999, 0.34999999, 0.34999985, 0.34994009, 0.99939686
0.35319149, 1.0000000, 0.98982430, 9.8567114, 9.9219971, 9.9601755, 9.9911957, 9.9955816, 9.9984283, 19.999908, 19.999969, 19.999969, 19.988020, 0.34856161, 0.34921664, 0.34960008, 0.34991163, 0.34995565, 0.34998423, 0.34999955, 0.34999985, 0.34999985, 0.34994009, 0.98982430
0.34914309, 1.0000000, 0.97515595, 9.6693439, 9.7854290, 9.8836126, 9.9720001, 9.9858036, 9.9950256, 19.999796, 19.999939, 19.999266, 19.964733, 0.34669062, 0.34785259, 0.34883526, 0.34971982, 0.34985796, 0.34995022, 0.34999898, 0.34999970, 0.34999633, 0.34982365, 0.97515595
0.34164602, 1.0000000, 0.94799280, 9.2219038, 9.6657515, 9.8088360, 9.9469213, 9.9726439, 9.9903259, 19.999659, 19.999903, 19.996708, 19.943333, 0.34221870, 0.34665731, 0.34808823, 0.34946918, 0.34972644, 0.34990326, 0.34999830, 0.34999952, 0.34998354, 0.34971666, 0.94799280
0.33727509, 1.0000000, 0.93215609, 8.8991385, 9.6787853, 9.8082714, 9.9360495, 9.9661312, 9.9877510, 19.999622, 19.999870, 19.991499, 19.924650, 0.33898607, 0.34678441, 0.34808096, 0.34936014, 0.34966114, 0.34987745, 0.34999812, 0.34999937, 0.34995750, 0.34962326, 0.93215609
0.35598952, 1.0000000, 0.99996197, 9.9995108, 9.9997072, 9.9998531, 9.9999666, 9.9999876, 9.9999962, 19.999998, 19.999998, 19.999996, 19.993994, 0.34999475, 0.34999686, 0.34999841, 0.34999964, 0.34999987, 0.34999996, 0.34999999, 0.34999999, 0.34999996, 0.34996998, 0.99996197
0.35599756, 1.0000000, 0.99999106, 9.9999189, 9.9999485, 9.9999752, 9.9999933, 9.9999990, 9.9999990, 19.999998, 19.999998, 19.999998, 19.996996, 0.34999877, 0.34999925, 0.34999964, 0.34999990, 0.34999999, 0.34999999, 0.34999999, 0.34999999, 0.34999999, 0.34998497, 0.99999106
0.35599893, 1.0000000, 0.99999613, 9.9999819, 9.9999905, 9.9999933, 9.9999990, 9.9999990, 9.9999990, 19.999998, 19.999998, 19.999998, 19.997997, 0.34999946, 0.34999970, 0.34999982, 0.34999996, 0.34999999, 0.34999999, 0.34999999, 0.34999999, 0.34999999, 0.34998998, 0.99999613
0.32519048, 1.0000000, 0.88837123, 8.1821709, 9.4735470, 9.6943941, 9.9074688, 9.9521074, 9.9817553, 19.997990, 19.999474, 19.999599, 19.974239, 0.33182156, 0.34473535, 0.34694389, 0.34907469, 0.34952107, 0.34981754, 0.34998995, 0.34999737, 0.34999800, 0.34987119, 0.88837123
0.29913479, 1.0000000, 0.79396665, 6.3360815, 9.4344187, 9.6475391, 9.8550835, 9.9208555, 9.9681253, 19.996130, 19.998991, 19.997808, 19.951929, 0.31335917, 0.34434274, 0.34647465, 0.34855068, 0.34920847, 0.34968123, 0.34998065, 0.34999496, 0.34998906, 0.34975964, 0.79396665
0.26982367, 1.0000000, 0.68776685, 4.2956729, 9.3365374, 9.5788031, 9.8067169, 9.8897934, 9.9535894, 19.994392, 19.998531, 19.993666, 19.932016, 0.29295406, 0.34336188, 0.34578624, 0.34806681, 0.34889776, 0.34953582, 0.34997195, 0.34999266, 0.34996831, 0.34966010, 0.68776685
0.24147791, 1.0000000, 0.58506489, 2.8455763, 8.3605547, 9.5294847, 9.7619505, 9.8590822, 9.9374676, 19.992092, 19.997839, 19.986616, 19.915119, 0.27845439, 0.33360317, 0.34529346, 0.34761924, 0.34859067, 0.34937462, 0.34996045, 0.34998921, 0.34993309, 0.34957558, 0.58506489
0.22205012, 1.0000000, 0.51467431, 2.2962689, 6.9286547, 9.5353279, 9.7491283, 9.8464537, 9.9280787, 19.990269, 19.996975, 19.976744, 19.901312, 0.27296188, 0.31928512, 0.34535229, 0.34749109, 0.34846446, 0.34928074, 0.34995133, 0.34998488, 0.34988374, 0.34950656, 0.51467431
0.20035894, 1.0000000, 0.43608311, 1.6923726, 5.3445745, 9.4853659, 9.7199993, 9.8264675, 9.9161606, 19.987690, 19.995285, 19.964563, 19.890411, 0.26692289, 0.30344418, 0.34485227, 0.34719968, 0.34826452, 0.34916154, 0.34993845, 0.34997642, 0.34982282, 0.34945205, 0.43608311
0.18085833, 1.0000000, 0.36542872, 1.1993468, 3.8237009, 9.4653683, 9.7032509, 9.8136292, 9.9076824, 19.985495, 19.992594, 19.950972, 19.882061, 0.26199248, 0.28823513, 0.34465134, 0.34703204, 0.34813607, 0.34907672, 0.34992748, 0.34996298, 0.34975487, 0.34941030, 0.36542872
0.16712347, 1.0000000, 0.31566474, 0.86897910, 2.9189677, 9.0603724, 9.7009420, 9.8100910, 9.9043016, 19.984253, 19.988592, 19.937025, 19.875778, 0.25868797, 0.27918604, 0.34059805, 0.34700820, 0.34810027, 0.34904280, 0.34992126, 0.34994295, 0.34968513, 0.34937888, 0.31566474
0.20952184, 1.0000000, 0.46928206, 2.2744238, 5.4665141, 9.5136509, 9.7335815, 9.8273993, 9.9098148, 19.983006, 19.982685, 19.923529, 19.871128, 0.27274105, 0.30466053, 0.34513250, 0.34733498, 0.34827358, 0.34909800, 0.34991503, 0.34991342, 0.34961766, 0.34935564, 0.46928206
0.30405265, 1.0000000, 0.81178498, 6.7188759, 9.4013252, 9.6490335, 9.7802467, 9.8538294, 9.9201241, 19.981812, 19.974771, 19.911177, 19.867735, 0.31718686, 0.34401163, 0.34648949, 0.34780228, 0.34853819, 0.34920120, 0.34990907, 0.34987384, 0.34955588, 0.34933868, 0.81178498
0.30008918, 1.0000000, 0.79742455, 6.2363920, 9.6653976, 9.7582140, 9.8288193, 9.8821087, 9.9325943, 19.981157, 19.965193, 19.900415, 19.865257, 0.31236321, 0.34665328, 0.34758180, 0.34828812, 0.34882107, 0.34932595, 0.34990579, 0.34982598, 0.34950209, 0.34932628, 0.79742455
0.25797969, 1.0000000, 0.64485395, 3.4811754, 9.2962942, 9.5341797, 9.7459211, 9.8387384, 9.9149523, 19.974621, 19.952829, 19.891008, 19.863407, 0.28480637, 0.34295431, 0.34533736, 0.34745830, 0.34838694, 0.34914938, 0.34987310, 0.34976414, 0.34945506, 0.34931704, 0.64485395
0.21525277, 1.0000000, 0.49004629, 1.9262075, 6.7983809, 9.4113989, 9.6667986, 9.7906008, 9.8932333, 19.967037, 19.939651, 19.883337, 19.862083, 0.26926064, 0.31798080, 0.34411192, 0.34666756, 0.34790578, 0.34893227, 0.34983519, 0.34969825, 0.34941667, 0.34931043, 0.49004629
0.18099010, 1.0000000, 0.36590615, 1.0584384, 4.1392150, 9.3580875, 9.6263494, 9.7626581, 9.8782654, 19.958864, 19.926611, 19.877253, 19.861143, 0.26058280, 0.29138842, 0.34357667, 0.34626263, 0.34762612, 0.34878251, 0.34979433, 0.34963304, 0.34938627, 0.34930572, 0.36590615
0.14968178, 0.84148306, 0.25247017, 0.22611618, 2.4580746, 7.9496102, 9.5609074, 9.7190790, 9.8548632, 19.947268, 19.913706, 19.872355, 19.860428, 0.25226089, 0.27457905, 0.32949334, 0.34560841, 0.34719047, 0.34854850, 0.34973633, 0.34956855, 0.34936178, 0.34930214, 0.25247017
0.13150024, 0.62192136, 0.18659507, 0.0000000, 1.5642285, 6.1090150, 9.5302057, 9.6959057, 9.8400164, 19.935377, 19.902206, 19.868626, 19.859951, 0.24999711, 0.26563880, 0.31108332, 0.34529993, 0.34695798, 0.34839982, 0.34967688, 0.34951103, 0.34934312, 0.34929976, 0.18659507
0.11896870, 0.47058946, 0.14119096, 0.0000000, 0.90177953, 4.4158840, 9.5073996, 9.6791201, 9.8289318, 19.923141, 19.892275, 19.865818, 19.859598, 0.24999711, 0.25900987, 0.29413947, 0.34506565, 0.34678695, 0.34828788, 0.34961569, 0.34946138, 0.34932908, 0.34929800, 0.14119096
0.29528806, 1.0000000, 0.78002918, 6.3681045, 9.0867033, 9.3727417, 9.6463747, 9.7596903, 9.8607531, 19.914373, 19.884798, 19.863918, 19.859426, 0.31367168, 0.34085903, 0.34372327, 0.34646288, 0.34759650, 0.34860739, 0.34957188, 0.34942400, 0.34931958, 0.34929714, 0.78002918
0.23277099, 1.0000000, 0.55351806, 2.8113871, 7.4755807, 9.3548717, 9.6105671, 9.7427845, 9.8536959, 19.901993, 19.877779, 19.862288, 19.859251, 0.27811259, 0.32475376, 0.34354743, 0.34610540, 0.34742773, 0.34853691, 0.34950995, 0.34938890, 0.34931144, 0.34929627, 0.55351806
0.18905291, 1.0000000, 0.39511925, 1.5526384, 4.3137612, 9.3220987, 9.5863857, 9.7274847, 9.8450518, 19.890678, 19.872175, 19.861094, 19.859144, 0.26552406, 0.29313374, 0.34321678, 0.34586298, 0.34727439, 0.34845036, 0.34945339, 0.34936088, 0.34930545, 0.34929574, 0.39511925
0.21762650, 1.0000000, 0.49864671, 2.0904243, 6.8351450, 9.3814611, 9.6167336, 9.7435942, 9.8491383, 19.882086, 19.868135, 19.860308, 19.859076, 0.27090108, 0.31834528, 0.34381038, 0.34616646, 0.34743550, 0.34849122, 0.34941041, 0.34934068, 0.34930155, 0.34929538, 0.49864671
0.26012492, 1.0000000, 0.65262657, 3.7480972, 9.1700239, 9.4395924, 9.6547766, 9.7657385, 9.8567896, 19.875618, 19.865231, 19.859774, 19.859022, 0.28747961, 0.34169826, 0.34439492, 0.34654757, 0.34765726, 0.34856787, 0.34937808, 0.34932616, 0.34929886, 0.34929511, 0.65262657
0.35594529, 1.0000000, 0.99980170, 9.9976301, 9.9985781, 9.9992905, 9.9998589, 9.9999247, 9.9999752, 19.999998, 19.999998, 19.999998, 19.994993, 0.34997272, 0.34998363, 0.34999183, 0.34999838, 0.34999913, 0.34999973, 0.34999999, 0.34999999, 0.34999999, 0.34997496, 0.99980170
0.34142983, 1.0000000, 0.94720954, 9.2079773, 9.6654863, 9.8035355, 9.9474993, 9.9731865, 9.9900312, 19.999044, 19.999748, 19.999901, 19.986019, 0.34207919, 0.34665450, 0.34803519, 0.34947497, 0.34973183, 0.34990031, 0.34999523, 0.34999874, 0.34999949, 0.34993011, 0.94720954
0.35447127, 1.0000000, 0.99446118, 9.9338102, 9.9588299, 9.9382420, 9.9844370, 9.9921722, 9.9972439, 19.999849, 19.999964, 19.999975, 19.989016, 0.34933698, 0.34958762, 0.34938210, 0.34984431, 0.34992170, 0.34997243, 0.34999925, 0.34999982, 0.34999987, 0.34994507, 0.99446118
0.33212543, 1.0000000, 0.91349787, 8.7365007, 9.4168777, 9.6435356, 9.8760529, 9.9346914, 9.9747524, 19.997162, 19.999266, 19.999146, 19.965637, 0.33736444, 0.34416842, 0.34643519, 0.34876052, 0.34934688, 0.34974754, 0.34998581, 0.34999633, 0.34999573, 0.34982818, 0.91349787
0.28221172, 1.0000000, 0.73265117, 5.2655034, 9.2492266, 9.5186710, 9.7784004, 9.8756142, 9.9482183, 19.993248, 19.998241, 19.996403, 19.944101, 0.30265462, 0.34249184, 0.34518647, 0.34778395, 0.34875610, 0.34948218, 0.34996623, 0.34999120, 0.34998202, 0.34972051, 0.73265117
0.23448287, 1.0000000, 0.55972052, 2.6828318, 7.8469110, 9.4271488, 9.6961775, 9.8196659, 9.9188385, 19.987995, 19.996819, 19.990948, 19.925224, 0.27682722, 0.32846719, 0.34427032, 0.34696153, 0.34819654, 0.34918836, 0.34993997, 0.34998411, 0.34995472, 0.34962612, 0.55972052
0.19852969, 1.0000000, 0.42945540, 1.6793102, 5.2074065, 9.3804216, 9.6516104, 9.7850723, 9.8977270, 19.984388, 19.995626, 19.982676, 19.909464, 0.26679158, 0.30207127, 0.34380168, 0.34651560, 0.34785047, 0.34897718, 0.34992194, 0.34997815, 0.34991339, 0.34954733, 0.42945540
0.18668121, 1.0000000, 0.38652614, 1.5736967, 3.9522491, 9.3847313, 9.6445942, 9.7753878, 9.8884163, 19.981983, 19.994354, 19.971828, 19.896786, 0.26573387, 0.28951782, 0.34384176, 0.34644482, 0.34775332, 0.34888396, 0.34990990, 0.34997177, 0.34985915, 0.34948394, 0.38652614
0.35599899, 1.0000000, 0.99999636, 9.9999990, 9.9999990, 9.9999990, 9.9999990, 9.9999990, 9.9999990, 19.999998, 19.999998, 19.999998, 19.998999, 0.34999949, 0.34999970, 0.34999985, 0.34999996, 0.34999996, 0.34999999, 0.34999999, 0.34999999, 0.34999999, 0.34999499, 0.99999636
0.33472979, 1.0000000, 0.92293394, 8.8251123, 9.5325928, 9.7332993, 9.9259672, 9.9619789, 9.9861221, 19.998991, 19.999743, 19.999678, 19.975222, 0.33824939, 0.34532478, 0.34733242, 0.34925956, 0.34961975, 0.34986117, 0.34999496, 0.34999871, 0.34999838, 0.34987611, 0.92293394
0.34541595, 1.0000000, 0.96165192, 9.4276810, 9.7483616, 9.8654299, 9.9679165, 9.9837685, 9.9942160, 19.999653, 19.999903, 19.999950, 19.987026, 0.34427124, 0.34748015, 0.34865254, 0.34967881, 0.34983751, 0.34994209, 0.34999827, 0.34999952, 0.34999976, 0.34993511, 0.96165192
0.35146397, 1.0000000, 0.98356509, 9.7661180, 9.8761168, 9.9363403, 9.9864111, 9.9931755, 9.9976702, 19.999945, 19.999987, 19.999983, 19.990009, 0.34765881, 0.34875971, 0.34936267, 0.34986398, 0.34993169, 0.34997669, 0.34999973, 0.34999993, 0.34999990, 0.34995005, 0.98356509
0.35451508, 1.0000000, 0.99461979, 9.9251757, 9.9569368, 9.9782743, 9.9955959, 9.9977827, 9.9992599, 19.999998, 19.999998, 19.999983, 19.990009, 0.34925115, 0.34956902, 0.34978256, 0.34995595, 0.34997779, 0.34999260, 0.34999999, 0.34999999, 0.34999990, 0.34995005, 0.99461979
0.35125685, 1.0000000, 0.98281473, 9.8038960, 9.8074293, 9.8991318, 9.9776964, 9.9887562, 9.9961357, 19.999897, 19.999969, 19.999969, 19.988020, 0.34803838, 0.34807393, 0.34899116, 0.34977692, 0.34988752, 0.34996134, 0.34999949, 0.34999985, 0.34999985, 0.34994009, 0.98281473
0.31431568, 1.0000000, 0.84896982, 7.5371051, 9.3048725, 9.5728827, 9.8421402, 9.9159822, 9.9669504, 19.995998, 19.998955, 19.999016, 19.964668, 0.32536992, 0.34304789, 0.34572840, 0.34842131, 0.34915981, 0.34966952, 0.34998000, 0.34999478, 0.34999508, 0.34982336, 0.84896982
0.26957136, 1.0000000, 0.68685275, 4.3584433, 9.2404327, 9.5107365, 9.7678089, 9.8678827, 9.9441872, 19.992704, 19.998104, 19.996243, 19.943237, 0.29358232, 0.34240165, 0.34510598, 0.34767780, 0.34867868, 0.34944183, 0.34996352, 0.34999052, 0.34998122, 0.34971619, 0.68685275
0.23227011, 1.0000000, 0.55170327, 2.6389122, 7.6356692, 9.4580212, 9.7112417, 9.8271675, 9.9214993, 19.988649, 19.997009, 19.990751, 19.924498, 0.27638760, 0.32635409, 0.34457856, 0.34711209, 0.34827149, 0.34921494, 0.34994325, 0.34998506, 0.34995377, 0.34962249, 0.55170327
0.34831434, 1.0000000, 0.97215337, 9.5940599, 9.8038969, 9.8972092, 9.9766569, 9.9882336, 9.9958677, 19.999796, 19.999945, 19.999964, 19.989016, 0.34593582, 0.34803605, 0.34897059, 0.34976625, 0.34988219, 0.34995863, 0.34999898, 0.34999973, 0.34999982, 0.34994507, 0.97215337
0.34602851, 1.0000000, 0.96387148, 9.5916948, 9.5999966, 9.7687511, 9.9378042, 9.9681873, 9.9883032, 19.999004, 19.999743, 19.999882, 19.985031, 0.34591636, 0.34599960, 0.34768733, 0.34937802, 0.34968185, 0.34988302, 0.34999502, 0.34999871, 0.34999940, 0.34992516, 0.96387148
0.33323628, 1.0000000, 0.91752279, 8.8177919, 9.4167948, 9.6434727, 9.8706102, 9.9308872, 9.9736700, 19.997841, 19.999445, 19.998936, 19.961918, 0.33817554, 0.34416640, 0.34643394, 0.34870595, 0.34930879, 0.34973666, 0.34998921, 0.34999722, 0.34999469, 0.34980959, 0.91752279
0.29531255, 1.0000000, 0.78011793, 6.1378012, 9.3442287, 9.5795069, 9.8043680, 9.8895884, 9.9543753, 19.994993, 19.998699, 19.995901, 19.940794, 0.31137609, 0.34344053, 0.34579417, 0.34804350, 0.34889579, 0.34954372, 0.34997496, 0.34999350, 0.34997952, 0.34970397, 0.78011793
0.34548676, 1.0000000, 0.96190852, 9.6489735, 9.5539904, 9.5810680, 9.7839727, 9.8719444, 9.9435520, 19.993486, 19.998297, 19.990231, 19.922474, 0.34648868, 0.34553927, 0.34581035, 0.34783965, 0.34871942, 0.34943551, 0.34996742, 0.34999150, 0.34995115, 0.34961236, 0.96190852
0.34299380, 1.0000000, 0.95287603, 9.2866526, 9.7037334, 9.8399248, 9.9597178, 9.9795437, 9.9925013, 19.999336, 19.999826, 19.999952, 19.988997, 0.34286487, 0.34703630, 0.34839872, 0.34959707, 0.34979537, 0.34992498, 0.34999669, 0.34999913, 0.34999976, 0.34994498, 0.95287603
0.28942281, 1.0000000, 0.75877833, 5.7706814, 9.2622910, 9.5397396, 9.8190165, 9.9025126, 9.9614229, 19.995489, 19.998825, 19.999037, 19.965607, 0.30770540, 0.34262154, 0.34539673, 0.34819001, 0.34902507, 0.34961420, 0.34997743, 0.34999412, 0.34999520, 0.34982803, 0.75877833
0.24077959, 1.0000000, 0.58253473, 2.9306054, 8.1778870, 9.4535351, 9.7226038, 9.8393078, 9.9305525, 19.990650, 19.997555, 19.996246, 19.944056, 0.27930370, 0.33177492, 0.34453306, 0.34722555, 0.34839284, 0.34930542, 0.34995323, 0.34998778, 0.34998125, 0.34972027, 0.58253473
0.22967824, 1.0000000, 0.54231244, 2.8637500, 6.9478936, 9.4647093, 9.6923246, 9.8113508, 9.9112806, 19.986603, 19.996437, 19.990877, 19.925196, 0.27863455, 0.31947464, 0.34464419, 0.34692264, 0.34811321, 0.34911272, 0.34993303, 0.34998220, 0.34995440, 0.34962597, 0.54231244
0.34922028, 1.0000000, 0.97543567, 9.7664833, 9.6749973, 9.8045540, 9.9475555, 9.9731808, 9.9900999, 19.999111, 19.999773, 19.999887, 19.985031, 0.34766427, 0.34674960, 0.34804535, 0.34947553, 0.34973177, 0.34990099, 0.34999555, 0.34999886, 0.34999943, 0.34992516, 0.97543567
0.35597187, 1.0000000, 0.99989808, 9.9989119, 9.9993439, 9.9996748, 9.9999313, 9.9999609, 9.9999876, 19.999998, 19.999998, 19.999996, 19.993994, 0.34998599, 0.34999156, 0.34999579, 0.34999913, 0.34999952, 0.34999985, 0.34999999, 0.34999999, 0.34999996, 0.34996998, 0.99989808
0.35411191, 1.0000000, 0.99315900, 9.9714365, 9.9066553, 9.8409548, 9.9423389, 9.9704819, 9.9893627, 19.999336, 19.999826, 19.999523, 19.970417, 0.34971377, 0.34906620, 0.34840935, 0.34942335, 0.34970477, 0.34989363, 0.34999669, 0.34999913, 0.34999761, 0.34985209, 0.99315900
0.30967605, 1.0000000, 0.83215952, 7.1836495, 9.3315458, 9.5797758, 9.8308773, 9.9087667, 9.9638901, 19.995880, 19.998926, 19.997295, 19.948399, 0.32183602, 0.34331509, 0.34579757, 0.34830874, 0.34908763, 0.34963891, 0.34997940, 0.34999463, 0.34998649, 0.34974200, 0.83215952
0.25614709, 1.0000000, 0.63821405, 3.4278138, 9.1932430, 9.4734449, 9.7375298, 9.8487940, 9.9349098, 19.991222, 19.997702, 19.992487, 19.928925, 0.28427556, 0.34192821, 0.34473231, 0.34737486, 0.34848770, 0.34934899, 0.34995610, 0.34998852, 0.34996244, 0.34964463, 0.63821405
0.23020458, 1.0000000, 0.54421949, 2.4873376, 7.6478333, 9.4454174, 9.6944437, 9.8146839, 9.9137716, 19.986818, 19.996368, 19.984760, 19.912489, 0.27487126, 0.32647446, 0.34445179, 0.34694394, 0.34814662, 0.34913763, 0.34993410, 0.34998184, 0.34992379, 0.34956244, 0.54421949
0.19687751, 1.0000000, 0.42346925, 1.5413791, 5.2246852, 9.4048471, 9.6585007, 9.7869024, 9.8956966, 19.982298, 19.994658, 19.974279, 19.899157, 0.26541260, 0.30224442, 0.34404626, 0.34658456, 0.34786880, 0.34895688, 0.34991148, 0.34997329, 0.34987140, 0.34949577, 0.42346925
0.16698423, 1.0000000, 0.31516024, 0.80142617, 2.9569836, 9.1968336, 9.6229506, 9.7614546, 9.8805065, 19.978699, 19.992451, 19.961714, 19.888720, 0.25801283, 0.27956668, 0.34196341, 0.34622848, 0.34761405, 0.34880489, 0.34989351, 0.34996226, 0.34980857, 0.34944361, 0.31516024
0.14841475, 0.82618243, 0.24787952, 0.28477907, 2.2497563, 7.8522015, 9.6103745, 9.7506046, 9.8721771, 19.975031, 19.989023, 19.947897, 19.880749, 0.25284693, 0.27249342, 0.32851478, 0.34610197, 0.34750515, 0.34872147, 0.34987515, 0.34994513, 0.34973949, 0.34940374, 0.24787952
0.13189825, 0.62672782, 0.18803716, 0.0000000, 1.5124410, 6.2984142, 9.5657654, 9.7216463, 9.8569660, 19.970358, 19.983685, 19.933813, 19.874743, 0.24995758, 0.26512119, 0.31297740, 0.34565559, 0.34721541, 0.34856930, 0.34985179, 0.34991843, 0.34966907, 0.34937370, 0.18803716
0.11992143, 0.48209459, 0.14464284, 0.0000000, 0.89309812, 4.6564903, 9.5203962, 9.6913519, 9.8413086, 19.966257, 19.976521, 19.920347, 19.870312, 0.24995758, 0.25892875, 0.29655910, 0.34520158, 0.34691229, 0.34841266, 0.34983128, 0.34988260, 0.34960175, 0.34935156, 0.14464284
0.10873856, 0.34704936, 0.10412522, 0.0000000, 0.39676428, 2.9748142, 9.4062824, 9.6555424, 9.8221235, 19.961987, 19.967363, 19.908119, 19.867075, 0.24995758, 0.25396627, 0.27974296, 0.34405956, 0.34655371, 0.34822068, 0.34980994, 0.34983683, 0.34954059, 0.34933537, 0.10412522
0.10107730, 0.25453135, 0.76367043E-1, 0.0000000, 0.58171153E-1, 2.0184965, 8.3544655, 9.5962591, 9.7917185, 19.957296, 19.956495, 19.897522, 19.864729, 0.24995758, 0.25058144, 0.27018037, 0.33354089, 0.34596041, 0.34791645, 0.34978649, 0.34978247, 0.34948760, 0.34932363, 0.76367043E-1
0.96679710E-1, 0.20142560, 0.60433723E-1, 0.0000000, 0.0000000, 1.2999415, 7.2370782, 9.5670853, 9.7740526, 19.952629, 19.944620, 19.888712, 19.863035, 0.24995758, 0.24998957, 0.26299211, 0.32236263, 0.34566548, 0.34773871, 0.34976315, 0.34972310, 0.34944355, 0.34931517, 0.60433723E-1
0.19214833, 1.0000000, 0.40633449, 2.4199934, 3.4733815, 8.8922787, 9.4589701, 9.6963425, 9.8294926, 19.948135, 19.932524, 19.881613, 19.861843, 0.27419060, 0.28472579, 0.33891249, 0.34458750, 0.34696230, 0.34829453, 0.34974068, 0.34966260, 0.34940806, 0.34930921, 0.40633449
0.35595042, 1.0000000, 0.99982029, 9.9986849, 9.9992094, 9.9996061, 9.9999218, 9.9999609, 9.9999876, 19.999998, 19.999998, 19.999998, 19.994993, 0.34997529, 0.34998515, 0.34999260, 0.34999853, 0.34999925, 0.34999976, 0.34999999, 0.34999999, 0.34999999, 0.34997496, 0.99982029
0.35553360, 1.0000000, 0.99831015, 9.9997997, 9.9978571, 9.9009094, 9.9740829, 9.9869347, 9.9954834, 19.999855, 19.999964, 19.999969, 19.988020, 0.34999391, 0.34997612, 0.34900787, 0.34974059, 0.34986922, 0.34995481, 0.34999928, 0.34999982, 0.34999985, 0.34994009, 0.99831015
0.32262182, 1.0000000, 0.87906444, 8.0084476, 9.4593000, 9.6831980, 9.9030151, 9.9496565, 9.9810457, 19.998169, 19.999521, 19.999826, 19.984043, 0.33008331, 0.34459215, 0.34683156, 0.34903005, 0.34949654, 0.34981045, 0.34999084, 0.34999761, 0.34999913, 0.34992021, 0.87906444
0.30994529, 1.0000000, 0.83313501, 7.1705804, 9.3634186, 9.6155558, 9.8683186, 9.9306583, 9.9731636, 19.996952, 19.999207, 19.999702, 19.982033, 0.32170361, 0.34363246, 0.34615466, 0.34868300, 0.34930649, 0.34973159, 0.34998477, 0.34999603, 0.34999850, 0.34991017, 0.83313501
0.25390279, 1.0000000, 0.63008249, 3.2719250, 9.1816864, 9.4703627, 9.7486115, 9.8579636, 9.9403582, 19.992081, 19.997925, 19.998310, 19.959051, 0.28271726, 0.34181350, 0.34470189, 0.34748575, 0.34857947, 0.34940353, 0.34996039, 0.34998962, 0.34999156, 0.34979525, 0.63008249
0.22304916, 1.0000000, 0.51829404, 2.1805854, 7.2885032, 9.4552326, 9.7108688, 9.8266926, 9.9218760, 19.989555, 19.997244, 19.994970, 19.938251, 0.27180183, 0.32287699, 0.34454712, 0.34710762, 0.34826639, 0.34921858, 0.34994778, 0.34998623, 0.34997484, 0.34969127, 0.51829404
0.19440888, 1.0000000, 0.41452491, 1.4472485, 5.0775137, 9.4119396, 9.6750412, 9.7995167, 9.9049454, 19.986877, 19.996424, 19.988838, 19.920311, 0.26447117, 0.30077237, 0.34411684, 0.34674987, 0.34799489, 0.34904936, 0.34993440, 0.34998211, 0.34994417, 0.34960157, 0.41452491
0.16607437, 1.0000000, 0.31186360, 0.74518621, 2.9674382, 9.1418209, 9.6310472, 9.7686749, 9.8864985, 19.983030, 19.995089, 19.979744, 19.905468, 0.25744990, 0.27966964, 0.34141091, 0.34630892, 0.34768596, 0.34886470, 0.34991515, 0.34997544, 0.34989873, 0.34952733, 0.31186360
0.14535558, 0.78923970, 0.23679559, 0.20245910, 2.1468310, 7.5986071, 9.5907955, 9.7403736, 9.8697376, 19.978985, 19.993174, 19.968153, 19.893604, 0.25202391, 0.27146387, 0.32597825, 0.34590599, 0.34740272, 0.34869704, 0.34989494, 0.34996587, 0.34984076, 0.34946802, 0.23679559
0.13134006, 0.61998695, 0.18601470, 0.0000000, 1.5061826, 6.1735826, 9.5764589, 9.7280407, 9.8605595, 19.975224, 19.990372, 19.954844, 19.884447, 0.24996632, 0.26505768, 0.31172729, 0.34576192, 0.34727907, 0.34860516, 0.34987611, 0.34995186, 0.34977421, 0.34942225, 0.18601470
0.12171536, 0.50375831, 0.15114261, 0.0000000, 1.0071963, 4.8520555, 9.5649052, 9.7191639, 9.8546124, 19.972010, 19.986288, 19.940838, 19.877533, 0.24996632, 0.26006410, 0.29850161, 0.34564158, 0.34718785, 0.34854484, 0.34986004, 0.34993145, 0.34970421, 0.34938768, 0.15114261
0.11183253, 0.38441235, 0.11533524, 0.0000000, 0.55223405, 3.3896205, 9.5084925, 9.6840963, 9.8383474, 19.968842, 19.980373, 19.927034, 19.872400, 0.24996632, 0.25551668, 0.28387877, 0.34507516, 0.34683600, 0.34838179, 0.34984422, 0.34990185, 0.34963518, 0.34936202, 0.11533524
0.10526670, 0.30512285, 0.91546014E-1, 0.0000000, 0.23969114, 2.5210233, 9.0469255, 9.6715841, 9.8299255, 19.965517, 19.972450, 19.914190, 19.868628, 0.24996632, 0.25239503, 0.27520037, 0.34046215, 0.34671205, 0.34829798, 0.34982759, 0.34986225, 0.34957096, 0.34934312, 0.91546014E-1
0.35216117, 1.0000000, 0.98609108, 9.8038425, 9.8935595, 9.9455814, 9.9886751, 9.9943275, 9.9980860, 19.999987, 19.999998, 19.999983, 19.990009, 0.34803182, 0.34893161, 0.34945381, 0.34988633, 0.34994307, 0.34998080, 0.34999993, 0.34999999, 0.34999990, 0.34995005, 0.98609108
0.33789337, 1.0000000, 0.93439615, 9.0779066, 9.5108719, 9.7016706, 9.9127445, 9.9549189, 9.9835348, 19.998890, 19.999712, 19.999308, 19.966595, 0.34077734, 0.34510761, 0.34701613, 0.34912732, 0.34954911, 0.34983531, 0.34999445, 0.34999856, 0.34999654, 0.34983298, 0.93439615
0.30191338, 1.0000000, 0.80403399, 6.6174827, 9.3345594, 9.5862904, 9.8353500, 9.9105663, 9.9650564, 19.996857, 19.999182, 19.996813, 19.944973, 0.31617171, 0.34334293, 0.34586152, 0.34835324, 0.34910551, 0.34965050, 0.34998429, 0.34999591, 0.34998405, 0.34972486, 0.80403399
0.25110441, 1.0000000, 0.61994350, 3.0605443, 9.1939058, 9.4760590, 9.7449389, 9.8533916, 9.9382429, 19.993467, 19.998297, 19.991615, 19.926001, 0.28060326, 0.34193513, 0.34475857, 0.34744897, 0.34853372, 0.34938237, 0.34996733, 0.34999150, 0.34995806, 0.34963000, 0.61994350
0.21451281, 1.0000000, 0.48736522, 1.9556135, 6.6571050, 9.4129801, 9.6814203, 9.8079138, 9.9126272, 19.989336, 19.997023, 19.983425, 19.910097, 0.26955345, 0.31656560, 0.34412596, 0.34681341, 0.34807876, 0.34912613, 0.34994668, 0.34998512, 0.34991711, 0.34955049, 0.48736522
0.18732494, 1.0000000, 0.38885850, 1.2612313, 4.5300345, 9.4192619, 9.6673136, 9.7923260, 9.8993683, 19.986208, 19.995590, 19.972607, 19.897280, 0.26261011, 0.29529557, 0.34418768, 0.34667212, 0.34792274, 0.34899351, 0.34993103, 0.34997794, 0.34986302, 0.34948641, 0.38885850
0.16595334, 1.0000000, 0.31142515, 0.73119700, 2.9881656, 9.1102524, 9.6569824, 9.7824430, 9.8907833, 19.983191, 19.993431, 19.959808, 19.887312, 0.25731069, 0.27987850, 0.34109771, 0.34656882, 0.34782392, 0.34890765, 0.34991595, 0.34996715, 0.34979904, 0.34943655, 0.31142515
0.15200669, 0.86955911, 0.26089382, 0.37507117, 2.4323554, 8.0430899, 9.6508074, 9.7769413, 9.8862324, 19.980946, 19.990192, 19.945986, 19.879700, 0.25374931, 0.27431810, 0.33042186, 0.34650591, 0.34776831, 0.34886196, 0.34990472, 0.34995097, 0.34972993, 0.34939849, 0.26089382
0.14045386, 0.73004603, 0.21903571, 0.25463700, 1.8509150, 6.8240342, 9.6254845, 9.7601976, 9.8774567, 19.978386, 19.985191, 19.932014, 19.874012, 0.25254509, 0.26850358, 0.31823009, 0.34625196, 0.34760052, 0.34877405, 0.34989193, 0.34992597, 0.34966007, 0.34937006, 0.21903571
0.13657451, 0.68319863, 0.20498009, 0.39730370, 1.5575171, 5.9917631, 9.6535692, 9.7758055, 9.8836222, 19.977978, 19.978769, 19.918922, 19.869841, 0.25397030, 0.26556870, 0.30990520, 0.34653169, 0.34775603, 0.34883553, 0.34988987, 0.34989384, 0.34959462, 0.34934920, 0.20498009
0.12382355, 0.52921706, 0.15878101, 0.10872185, 1.0981739, 4.8051705, 9.5977888, 9.7430964, 9.8696766, 19.975613, 19.969891, 19.907026, 19.866764, 0.25108677, 0.26097894, 0.29804561, 0.34597546, 0.34742972, 0.34869635, 0.34987807, 0.34984946, 0.34953514, 0.34933382, 0.15878101
0.11759219, 0.45396656, 0.13620359, 0.48935413E-2, 0.88920593, 4.0516233, 9.6446695, 9.7680483, 9.8782396, 19.973827, 19.959562, 19.896835, 19.864553, 0.25004891, 0.25888962, 0.29051068, 0.34644404, 0.34767914, 0.34878194, 0.34986913, 0.34979782, 0.34948418, 0.34932277, 0.13620359
0.11206558, 0.38722673, 0.11617964, 0.0000000, 0.64408779, 3.2298250, 9.6181917, 9.7539892, 9.8729725, 19.970583, 19.947847, 19.888285, 19.862942, 0.24999677, 0.25643918, 0.28229401, 0.34617940, 0.34753862, 0.34872928, 0.34985292, 0.34973925, 0.34944141, 0.34931472, 0.11617964
0.12209480, 0.50834048, 0.15251739, 1.0261059, 0.43561161, 2.7080746, 9.3274965, 9.7451801, 9.8682470, 19.965872, 19.935528, 19.881336, 19.861801, 0.26025942, 0.25435570, 0.27707943, 0.34327406, 0.34745133, 0.34868231, 0.34982938, 0.34967762, 0.34940669, 0.34930900, 0.15251739
0.14489082, 0.78362715, 0.23511167, 1.7663717, 1.7932206, 2.9995890, 9.4800987, 9.7583809, 9.8723640, 19.959282, 19.923204, 19.875813, 19.860971, 0.26766223, 0.26793131, 0.27999514, 0.34480050, 0.34758356, 0.34872356, 0.34979641, 0.34961602, 0.34937906, 0.34930485, 0.23511167
0.13019764, 0.60619110, 0.18187551, 1.0863394, 1.3654917, 2.6490271, 9.1034575, 9.7529116, 9.8698597, 19.951498, 19.911673, 19.871538, 19.860392, 0.26086149, 0.26365349, 0.27648887, 0.34103364, 0.34752861, 0.34869841, 0.34975749, 0.34955835, 0.34935769, 0.34930196, 0.18187551
0.15912291, 0.95549524, 0.28667724, 2.0792336, 2.2256494, 4.5094705, 9.5707111, 9.7845440, 9.8827486, 19.944035, 19.901731, 19.868364, 19.859999, 0.27078906, 0.27225438, 0.29509255, 0.34570622, 0.34784496, 0.34882733, 0.34972018, 0.34950864, 0.34934181, 0.34930000, 0.28667724
0.14154842, 0.74326402, 0.22300151, 1.3346463, 1.7490089, 3.6881366, 9.6320601, 9.7710524, 9.8765345, 19.933039, 19.892494, 19.865808, 19.859663, 0.26334485, 0.26748881, 0.28688002, 0.34631988, 0.34771016, 0.34876522, 0.34966519, 0.34946248, 0.34932905, 0.34929830, 0.22300151
0.13682364, 0.68620723, 0.20588276, 1.2212217, 1.5817404, 3.2439518, 9.6952171, 9.7996454, 9.8874264, 19.924318, 19.885397, 19.864040, 19.859488, 0.26221007, 0.26581573, 0.28243783, 0.34695116, 0.34799594, 0.34887409, 0.34962159, 0.34942698, 0.34932020, 0.34929743, 0.20588276
0.13676441, 0.68549186, 0.20566812, 1.4180720, 1.4038593, 2.9449522, 9.6122808, 9.8056107, 9.8898335, 19.915285, 19.879534, 19.862711, 19.859346, 0.26417872, 0.26403740, 0.27944827, 0.34612200, 0.34805569, 0.34889820, 0.34957641, 0.34939766, 0.34931356, 0.34929675, 0.20566812
0.12419692, 0.53372580, 0.16013375, 0.84553957, 1.0518610, 2.5953829, 9.2649240, 9.7680902, 9.8729448, 19.904949, 19.874401, 19.861612, 19.859287, 0.25845391, 0.26051751, 0.27595246, 0.34264827, 0.34768039, 0.34872925, 0.34952474, 0.34937200, 0.34930807, 0.34929645, 0.16013375
0.15608996, 0.91886884, 0.27568823, 1.7133385, 2.2031188, 5.0614820, 9.4795427, 9.7668152, 9.8692493, 19.896738, 19.870680, 19.860924, 19.859251, 0.26713133, 0.27202961, 0.30061302, 0.34479475, 0.34766778, 0.34869236, 0.34948370, 0.34935340, 0.34930462, 0.34929627, 0.27568823
0.17088467, 1.0000000, 0.32929227, 1.9376844, 2.5188475, 7.2295794, 9.6161442, 9.7601547, 9.8620777, 19.887438, 19.867264, 19.860258, 19.859200, 0.26937458, 0.27518669, 0.32229322, 0.34616074, 0.34760118, 0.34862065, 0.34943718, 0.34933633, 0.34930128, 0.34929600, 0.32929227
0.14973138, 0.84208220, 0.25264993, 1.1303186, 1.9053340, 6.0415211, 9.6064348, 9.7427759, 9.8516884, 19.879147, 19.864529, 19.859753, 19.859144, 0.26130241, 0.26905257, 0.31041399, 0.34606397, 0.34742755, 0.34851682, 0.34939572, 0.34932265, 0.34929878, 0.34929574, 0.25264993
0.26611412, 1.0000000, 0.67432654, 4.8251672, 8.3525715, 8.9460411, 9.6026144, 9.7362251, 9.8453999, 19.872124, 19.862389, 19.859392, 19.859081, 0.29824784, 0.33352172, 0.33945826, 0.34602571, 0.34736201, 0.34845391, 0.34936062, 0.34931195, 0.34929696, 0.34929541, 0.67432654
0.29838252, 1.0000000, 0.79124093, 6.4741035, 9.2309999, 9.4670715, 9.6710911, 9.7740850, 9.8580046, 19.867470, 19.861040, 19.859194, 19.859051, 0.31474057, 0.34230959, 0.34467050, 0.34671089, 0.34774083, 0.34858006, 0.34933734, 0.34930521, 0.34929597, 0.34929526, 0.79124093
0.35552341, 1.0000000, 0.99827319, 9.9762268, 9.9859276, 9.9929495, 9.9985867, 9.9992933, 9.9997702, 19.999998, 19.999998, 19.999989, 19.991005, 0.34976161, 0.34985888, 0.34992930, 0.34998584, 0.34999290, 0.34999770, 0.34999999, 0.34999999, 0.34999993, 0.34995502, 0.99827319
0.32654607, 1.0000000, 0.89328283, 8.2493610, 9.5136232, 9.7163363, 9.9135780, 9.9551868, 9.9830551, 19.998247, 19.999540, 19.999311, 19.967539, 0.33249307, 0.34513587, 0.34716320, 0.34913576, 0.34955183, 0.34983057, 0.34999123, 0.34999770, 0.34999657, 0.34983769, 0.89328283
0.31939811, 1.0000000, 0.86738443, 7.8946810, 9.3258209, 9.5740128, 9.8180590, 9.9000883, 9.9595127, 19.994970, 19.998688, 19.996803, 19.945805, 0.32894439, 0.34325650, 0.34573928, 0.34818041, 0.34900078, 0.34959510, 0.34997484, 0.34999344, 0.34998402, 0.34972903, 0.86738443
0.32672143, 1.0000000, 0.89391822, 8.4766779, 9.2699528, 9.5275793, 9.7700071, 9.8666267, 9.9429045, 19.993164, 19.998201, 19.991829, 19.926739, 0.33476552, 0.34269869, 0.34527537, 0.34769997, 0.34866622, 0.34942904, 0.34996581, 0.34999102, 0.34995914, 0.34963369, 0.89391822
0.35599864, 1.0000000, 0.99999505, 9.9999962, 9.9999990, 9.9999990, 9.9999990, 9.9999990, 9.9999990, 19.999998, 19.999998, 19.999998, 19.998999, 0.34999931, 0.34999961, 0.34999979, 0.34999996, 0.34999996, 0.34999999, 0.34999999, 0.34999999, 0.34999999, 0.34999499, 0.99999505
0.33264053, 1.0000000, 0.91536409, 8.6475925, 9.5676346, 9.7538767, 9.9310713, 9.9645805, 9.9869308, 19.998884, 19.999712, 19.999678, 19.975222, 0.33646443, 0.34566876, 0.34753489, 0.34930989, 0.34964541, 0.34986919, 0.34999442, 0.34999856, 0.34999838, 0.34987611, 0.91536409
0.30166996, 1.0000000, 0.80315202, 6.5496774, 9.3970642, 9.6285086, 9.8564396, 9.9226542, 9.9694910, 19.996584, 19.999111, 19.997950, 19.952814, 0.31548354, 0.34395927, 0.34627923, 0.34856319, 0.34922594, 0.34969470, 0.34998292, 0.34999555, 0.34998974, 0.34976408, 0.80315202
0.27493826, 1.0000000, 0.70629799, 4.6338482, 9.3780603, 9.6044912, 9.8176556, 9.8964853, 9.9567833, 19.994987, 19.998686, 19.993921, 19.932787, 0.29633021, 0.34377053, 0.34603974, 0.34817550, 0.34896433, 0.34956765, 0.34997493, 0.34999344, 0.34996960, 0.34966394, 0.70629799
0.35599625, 1.0000000, 0.99998641, 9.9999962, 9.9999990, 9.9999990, 9.9999990, 9.9999990, 9.9999990, 19.999998, 19.999998, 19.999998, 19.998999, 0.34999812, 0.34999889, 0.34999943, 0.34999987, 0.34999993, 0.34999996, 0.34999999, 0.34999999, 0.34999999, 0.34999499, 0.99998641
0.35599625, 1.0000000, 0.99998629, 9.9999990, 9.9999990, 9.9999990, 9.9999990, 9.9999990, 9.9999990, 19.999998, 19.999992, 19.999992, 19.998993, 0.34999812, 0.34999886, 0.34999943, 0.34999987, 0.34999993, 0.34999996, 0.34999999, 0.34999996, 0.34999996, 0.34999496, 0.99998629
0.33726406, 1.0000000, 0.93211615, 9.0610495, 9.4705343, 9.6894646, 9.8997030, 9.9477596, 9.9794102, 19.997103, 19.999229, 19.999559, 19.975185, 0.34060985, 0.34470493, 0.34689444, 0.34899700, 0.34947756, 0.34979409, 0.34998551, 0.34999615, 0.34999779, 0.34987593, 0.93211615
0.30077708, 1.0000000, 0.79991686, 6.5284157, 9.3479834, 9.5904102, 9.8250360, 9.9035845, 9.9601603, 19.994297, 19.998497, 19.997787, 19.952772, 0.31527084, 0.34346840, 0.34589824, 0.34824917, 0.34903526, 0.34960139, 0.34997147, 0.34999248, 0.34998894, 0.34976387, 0.79991686
0.26325211, 1.0000000, 0.66395688, 3.8638573, 9.2877779, 9.5386744, 9.7737360, 9.8685989, 9.9429178, 19.992081, 19.997904, 19.993706, 19.932739, 0.28863427, 0.34287161, 0.34538355, 0.34773672, 0.34868565, 0.34942907, 0.34996039, 0.34998953, 0.34996852, 0.34966370, 0.66395688
0.35599381, 1.0000000, 0.99997759, 9.9998798, 9.9999275, 9.9999638, 9.9999905, 9.9999962, 9.9999990, 19.999998, 19.999998, 19.999998, 19.997997, 0.34999692, 0.34999815, 0.34999907, 0.34999979, 0.34999990, 0.34999996, 0.34999999, 0.34999999, 0.34999999, 0.34998998, 0.99997759
0.35599881, 1.0000000, 0.99999571, 9.9999962, 9.9999990, 9.9999990, 9.9999990, 9.9999990, 9.9999990, 19.999998, 19.999998, 19.999998, 19.998999, 0.34999940, 0.34999967, 0.34999982, 0.34999996, 0.34999996, 0.34999999, 0.34999999, 0.34999999, 0.34999999, 0.34999499, 0.99999571
0.35599655, 1.0000000, 0.99998742, 9.9998798, 9.9999275, 9.9999609, 9.9999933, 9.9999962, 9.9999990, 19.999998, 19.999998, 19.999998, 19.997997, 0.34999827, 0.34999895, 0.34999946, 0.34999990, 0.34999993, 0.34999999, 0.34999999, 0.34999999, 0.34999999, 0.34998998, 0.99998742
0.35599673, 1.0000000, 0.99998808, 9.9998894, 9.9999342, 9.9999666, 9.9999933, 9.9999933, 9.9999990, 19.999998, 19.999998, 19.999998, 19.996996, 0.34999835, 0.34999901, 0.34999952, 0.34999990, 0.34999990, 0.34999999, 0.34999999, 0.34999999, 0.34999999, 0.34998497, 0.99998808
0.35566092, 1.0000000, 0.99877137, 9.9831686, 9.9899874, 9.9949865, 9.9989977, 9.9994955, 9.9998388, 19.999998, 19.999998, 19.999990, 19.991999, 0.34983063, 0.34989923, 0.34994954, 0.34998992, 0.34999493, 0.34999838, 0.34999999, 0.34999999, 0.34999996, 0.34996000, 0.99877137
0.33059615, 1.0000000, 0.90795708, 8.5309601, 9.5281105, 9.7257385, 9.9184265, 9.9578104, 9.9842587, 19.998587, 19.999630, 19.999399, 19.968500, 0.33530900, 0.34528071, 0.34725717, 0.34918424, 0.34957808, 0.34984258, 0.34999293, 0.34999815, 0.34999698, 0.34984249, 0.90795708
0.35598576, 1.0000000, 0.99994838, 9.9993467, 9.9996090, 9.9998026, 9.9999609, 9.9999790, 9.9999933, 19.999998, 19.999998, 19.999998, 19.994993, 0.34999290, 0.34999573, 0.34999785, 0.34999958, 0.34999976, 0.34999993, 0.34999999, 0.34999999, 0.34999999, 0.34997496, 0.99994838
0.35599512, 1.0000000, 0.99998224, 9.9998112, 9.9998865, 9.9999456, 9.9999905, 9.9999905, 9.9999962, 19.999998, 19.999998, 19.999998, 19.995995, 0.34999755, 0.34999850, 0.34999928, 0.34999987, 0.34999987, 0.34999996, 0.34999999, 0.34999999, 0.34999999, 0.34997997, 0.99998224
0.35599625, 1.0000000, 0.99998629, 9.9998741, 9.9999218, 9.9999638, 9.9999933, 9.9999933, 9.9999990, 19.999998, 19.999998, 19.999998, 19.996996, 0.34999812, 0.34999883, 0.34999946, 0.34999990, 0.34999990, 0.34999999, 0.34999999, 0.34999999, 0.34999999, 0.34998497, 0.99998629
0.33923882, 1.0000000, 0.93927103, 9.0730448, 9.6303492, 9.7942371, 9.9478521, 9.9734182, 9.9906349, 19.999599, 19.999891, 19.999725, 19.975079, 0.34072986, 0.34630311, 0.34794220, 0.34947848, 0.34973416, 0.34990636, 0.34999800, 0.34999946, 0.34999862, 0.34987539, 0.93927103
0.35581088, 1.0000000, 0.99931479, 9.9906178, 9.9944077, 9.9971962, 9.9994364, 9.9997196, 9.9999104, 19.999998, 19.999998, 19.999989, 19.991005, 0.34990561, 0.34994373, 0.34997177, 0.34999433, 0.34999716, 0.34999910, 0.34999999, 0.34999999, 0.34999993, 0.34995502, 0.99931479
0.33860856, 1.0000000, 0.93698758, 9.0792503, 9.5662899, 9.7542067, 9.9306145, 9.9643583, 9.9866304, 19.998640, 19.999641, 19.999861, 19.986019, 0.34079134, 0.34566218, 0.34754172, 0.34930605, 0.34964356, 0.34986630, 0.34999320, 0.34999821, 0.34999931, 0.34993011, 0.93698758
0.28843176, 1.0000000, 0.75518751, 5.6921124, 9.2728806, 9.5426035, 9.8126259, 9.8980064, 9.9595909, 19.995647, 19.998867, 19.998844, 19.962820, 0.30692017, 0.34272787, 0.34542555, 0.34812617, 0.34898001, 0.34959587, 0.34997824, 0.34999433, 0.34999421, 0.34981412, 0.75518751
0.24203365, 1.0000000, 0.58707839, 2.8582096, 8.4403019, 9.4696398, 9.7327986, 9.8448029, 9.9338646, 19.992741, 19.998110, 19.995882, 19.941589, 0.27858055, 0.33440030, 0.34469488, 0.34732765, 0.34844789, 0.34933859, 0.34996369, 0.34999055, 0.34997940, 0.34970796, 0.58707839
0.21481749, 1.0000000, 0.48846915, 2.1164656, 6.3988929, 9.4593601, 9.7071733, 9.8219872, 9.9187260, 19.990852, 19.997581, 19.990307, 19.923136, 0.27116266, 0.31398529, 0.34459090, 0.34707117, 0.34821960, 0.34918717, 0.34995425, 0.34998792, 0.34995154, 0.34961569, 0.48846915
0.33482122, 1.0000000, 0.92326516, 9.1892414, 9.1028090, 9.4661331, 9.6996469, 9.8123827, 9.9098759, 19.989466, 19.996986, 19.981833, 19.907804, 0.34188613, 0.34102434, 0.34465939, 0.34699610, 0.34812361, 0.34909868, 0.34994733, 0.34998494, 0.34990916, 0.34953901, 0.92326516
0.29297239, 1.0000000, 0.77163905, 6.0399857, 9.2719355, 9.5095940, 9.7186298, 9.8206425, 9.9098282, 19.988104, 19.995928, 19.970764, 19.895498, 0.31039938, 0.34271890, 0.34509572, 0.34718624, 0.34820640, 0.34909827, 0.34994051, 0.34997964, 0.34985381, 0.34947750, 0.77163905
0.25804979, 1.0000000, 0.64510787, 3.5048764, 9.2772112, 9.5148239, 9.7251911, 9.8237801, 9.9097509, 19.986858, 19.994085, 19.957829, 19.885962, 0.28504506, 0.34276626, 0.34514523, 0.34725130, 0.34823751, 0.34909740, 0.34993428, 0.34997043, 0.34978914, 0.34942982, 0.64510787
0.24096157, 1.0000000, 0.58319408, 2.7854264, 8.4136753, 9.5101547, 9.7273283, 9.8250141, 9.9100676, 19.986189, 19.991081, 19.944023, 19.878735, 0.27785307, 0.33413458, 0.34510031, 0.34727305, 0.34825003, 0.34910065, 0.34993094, 0.34995541, 0.34972012, 0.34939367, 0.58319408
0.21744585, 1.0000000, 0.49799219, 2.1365671, 6.6737008, 9.4777250, 9.7100754, 9.8152304, 9.9053860, 19.984213, 19.985958, 19.930162, 19.873306, 0.27136418, 0.31673422, 0.34477529, 0.34710035, 0.34815210, 0.34905380, 0.34992105, 0.34992978, 0.34965080, 0.34936655, 0.49799219
0.19033718, 1.0000000, 0.39977238, 1.4449984, 4.5844979, 9.4230852, 9.6747360, 9.7937269, 9.8955526, 19.981802, 19.978731, 19.917082, 19.869305, 0.26444843, 0.29584202, 0.34422782, 0.34674674, 0.34793696, 0.34895539, 0.34990901, 0.34989366, 0.34958541, 0.34934652, 0.39977238
0.17185430, 1.0000000, 0.33280542, 1.0864019, 2.9815137, 9.3609514, 9.6744366, 9.7914972, 9.8932676, 19.979919, 19.969690, 19.905441, 19.866394, 0.26086175, 0.27981144, 0.34360370, 0.34674317, 0.34791437, 0.34893247, 0.34989959, 0.34984845, 0.34952721, 0.34933197, 0.33280542
0.16012383, 0.96758217, 0.29030368, 0.81938803, 2.5021405, 8.3763771, 9.6731358, 9.7900038, 9.8919210, 19.977619, 19.958954, 19.895468, 19.864271, 0.25819218, 0.27501830, 0.33375859, 0.34673017, 0.34789944, 0.34891900, 0.34988809, 0.34979478, 0.34947735, 0.34932137, 0.29030368
0.14555863, 0.79169160, 0.23753123, 0.44684112, 1.9553661, 7.2020802, 9.6403112, 9.7703266, 9.8830471, 19.973825, 19.946926, 19.887171, 19.862741, 0.25446740, 0.26955098, 0.32201588, 0.34640181, 0.34770262, 0.34883022, 0.34986913, 0.34973463, 0.34943587, 0.34931371, 0.23753123
0.13471471, 0.66073954, 0.19824168, 0.21053553, 1.5494287, 6.1822209, 9.6405220, 9.7684975, 9.8806105, 19.968990, 19.934505, 19.880480, 19.861649, 0.25210488, 0.26549211, 0.31181788, 0.34640387, 0.34768429, 0.34880587, 0.34984496, 0.34967253, 0.34940240, 0.34930825, 0.19824168
0.12617894, 0.55766082, 0.16731498, 0.62787533E-1, 1.2256622, 5.2605896, 9.6399841, 9.7675896, 9.8793631, 19.962975, 19.922386, 19.875204, 19.860872, 0.25062770, 0.26225460, 0.30260152, 0.34639823, 0.34767509, 0.34879336, 0.34981486, 0.34961194, 0.34937602, 0.34930438, 0.16731498
0.11863522, 0.46656233, 0.13998270, 0.0000000, 0.91946125, 4.2666688, 9.6158895, 9.7528210, 9.8725443, 19.955706, 19.911150, 19.871111, 19.860338, 0.24997465, 0.25919253, 0.29266185, 0.34615672, 0.34752712, 0.34872508, 0.34977853, 0.34955576, 0.34935555, 0.34930170, 0.13998270
0.11370389, 0.40701109, 0.12211554, 0.0000000, 0.71801543, 3.4751909, 9.6286650, 9.7590399, 9.8734770, 19.947205, 19.901104, 19.868008, 19.859951, 0.24997465, 0.25717819, 0.28474712, 0.34628400, 0.34758905, 0.34873432, 0.34973603, 0.34950551, 0.34934002, 0.34929976, 0.12211554
0.11173572, 0.38324326, 0.11498448, 0.16018450, 0.51326454, 2.9148996, 9.4330015, 9.7531643, 9.8694992, 19.936707, 19.892166, 19.865599, 19.859638, 0.25160137, 0.25513172, 0.27914640, 0.34432834, 0.34753078, 0.34869468, 0.34968352, 0.34946084, 0.34932798, 0.34929818, 0.11498448
0.10586040, 0.31229246, 0.93697108E-1, 0.0000000, 0.32268465, 2.5041013, 8.9919424, 9.7335176, 9.8592958, 19.925552, 19.884630, 19.863758, 19.859440, 0.24998365, 0.25322172, 0.27502117, 0.33990517, 0.34732744, 0.34859037, 0.34962776, 0.34942314, 0.34931880, 0.34929720, 0.93697108E-1
0.11007481, 0.36318597, 0.10896669, 0.39314330, 0.27271211, 2.3572624, 8.7416897, 9.7781391, 9.8748035, 19.915903, 19.878832, 19.862474, 19.859346, 0.25392506, 0.25272447, 0.27356112, 0.33740836, 0.34777662, 0.34874642, 0.34957951, 0.34939414, 0.34931237, 0.34929675, 0.10896669
0.10727335, 0.32935530, 0.98816477E-1, 0.27889907, 0.21930337, 2.2098632, 8.5203867, 9.7939205, 9.8806543, 19.906446, 19.874130, 19.861517, 19.859299, 0.25278452, 0.25219092, 0.27208799, 0.33519566, 0.34793448, 0.34880498, 0.34953225, 0.34937066, 0.34930760, 0.34929651, 0.98816477E-1
0.17365497, 1.0000000, 0.33932960, 2.8003871, 2.2837729, 5.5137057, 9.4715967, 9.8356028, 9.8956375, 19.898285, 19.870554, 19.860882, 19.859299, 0.27800056, 0.27283612, 0.30513510, 0.34471527, 0.34835568, 0.34895626, 0.34949142, 0.34935278, 0.34930441, 0.34929651, 0.33932960
0.16487560, 1.0000000, 0.30752027, 2.1101027, 2.1280260, 5.9565635, 9.7121010, 9.8443737, 9.8983316, 19.890850, 19.867737, 19.860420, 19.859299, 0.27109784, 0.27127832, 0.30956295, 0.34712014, 0.34844330, 0.34898317, 0.34945425, 0.34933868, 0.34930211, 0.34929651, 0.30752027
0.15824506, 0.94489413, 0.28349659, 1.9943833, 1.8237978, 5.3525047, 9.7105274, 9.8179893, 9.8868055, 19.883656, 19.865368, 19.860035, 19.859251, 0.26994056, 0.26823619, 0.30352241, 0.34710431, 0.34817940, 0.34886792, 0.34941828, 0.34932685, 0.34930018, 0.34929627, 0.28349659
0.14239520, 0.75348973, 0.22606952, 1.3166845, 1.4354497, 4.5749550, 9.6633196, 9.7815704, 9.8698864, 19.876934, 19.863394, 19.859699, 19.859211, 0.26316112, 0.26435074, 0.29574358, 0.34663066, 0.34781441, 0.34869844, 0.34938467, 0.34931695, 0.34929851, 0.34929606, 0.22606952
0.13097855, 0.61562145, 0.18470490, 0.87556541, 1.1472046, 3.8680403, 9.6530905, 9.7703905, 9.8621998, 19.871819, 19.862007, 19.859489, 19.859180, 0.25874981, 0.26146746, 0.28867266, 0.34652704, 0.34770194, 0.34862134, 0.34935910, 0.34931004, 0.34929746, 0.34929591, 0.18470490
0.12046174, 0.48861945, 0.14660050, 0.50308704, 0.86935759, 3.1311929, 9.6298885, 9.7543774, 9.8532600, 19.867504, 19.860870, 19.859354, 19.859152, 0.25502643, 0.25868899, 0.28130364, 0.34629378, 0.34754121, 0.34853175, 0.34933752, 0.34930435, 0.34929678, 0.34929577, 0.14660050
0.11324023, 0.40141189, 0.12043561, 0.25337040, 0.65288544, 2.7030320, 9.3754787, 9.7483644, 9.8487406, 19.864193, 19.860065, 19.859253, 19.859121, 0.25253120, 0.25652498, 0.27702230, 0.34374923, 0.34748074, 0.34848642, 0.34932095, 0.34930032, 0.34929627, 0.34929562, 0.12043561
0.10705832, 0.32675856, 0.98037377E-1, 0.62426925E-1, 0.44691265, 2.3448734, 8.9496546, 9.7288160, 9.8395224, 19.861567, 19.859489, 19.859144, 19.859087, 0.25062358, 0.25446615, 0.27344093, 0.33949059, 0.34728491, 0.34839413, 0.34930784, 0.34929746, 0.34929574, 0.34929544, 0.98037377E-1
0.10349545, 0.28373304, 0.85128427E-1, 0.0000000, 0.30777454, 2.0528197, 8.5380764, 9.7272549, 9.8374472, 19.859934, 19.859194, 19.859070, 19.859070, 0.24998720, 0.25307545, 0.27052051, 0.33537436, 0.34726891, 0.34837326, 0.34929967, 0.34929597, 0.34929535, 0.34929535, 0.85128427E-1
0.15648469, 0.92363566, 0.27711841, 2.3225932, 2.3609340, 2.9556155, 8.7865696, 9.7770109, 9.8560314, 19.859558, 19.859152, 19.859058, 19.859070, 0.27320901, 0.27359903, 0.27954969, 0.33786187, 0.34776795, 0.34855959, 0.34929779, 0.34929577, 0.34929529, 0.34929535, 0.27711841
0.30628109, 1.0000000, 0.81985891, 7.0313435, 9.2614765, 9.4559040, 9.6460495, 9.8247986, 9.8745995, 19.859489, 19.859152, 19.859058, 19.859070, 0.32031295, 0.34261441, 0.34455886, 0.34646046, 0.34824795, 0.34874600, 0.34929746, 0.34929577, 0.34929529, 0.34929535, 0.81985891
0.35599244, 1.0000000, 0.99997252, 9.9996805, 9.9998055, 9.9999037, 9.9999819, 9.9999876, 9.9999990, 19.999998, 19.999998, 19.999998, 19.994993, 0.34999624, 0.34999770, 0.34999886, 0.34999979, 0.34999985, 0.34999999, 0.34999999, 0.34999999, 0.34999999, 0.34997496, 0.99997252
0.35552466, 1.0000000, 0.99827760, 9.9997101, 9.9820547, 9.9282064, 9.9837027, 9.9917860, 9.9970980, 19.999838, 19.999958, 19.999914, 19.983068, 0.34999296, 0.34981808, 0.34928083, 0.34983680, 0.34991774, 0.34997097, 0.34999919, 0.34999979, 0.34999958, 0.34991533, 0.99827760
0.33721781, 1.0000000, 0.93194860, 8.9297800, 9.6278286, 9.7915163, 9.9439878, 9.9713526, 9.9894934, 19.999140, 19.999773, 19.999788, 19.979099, 0.33929354, 0.34627551, 0.34791377, 0.34943959, 0.34971339, 0.34989488, 0.34999570, 0.34999886, 0.34999895, 0.34989551, 0.93194860
0.30724233, 1.0000000, 0.82334179, 6.9391212, 9.4104137, 9.6407490, 9.8717985, 9.9317474, 9.9740820, 19.997877, 19.999439, 19.998428, 19.956398, 0.31938651, 0.34410033, 0.34640551, 0.34871760, 0.34931728, 0.34974074, 0.34998938, 0.34999719, 0.34999216, 0.34978199, 0.82334179
0.27272224, 1.0000000, 0.69826901, 4.5155244, 9.3232698, 9.5706406, 9.8113632, 9.8943043, 9.9578886, 19.996870, 19.999168, 19.994877, 19.935925, 0.29515323, 0.34323022, 0.34570512, 0.34811336, 0.34894294, 0.34957886, 0.34998435, 0.34999585, 0.34997439, 0.34967962, 0.69826901
0.24313827, 1.0000000, 0.59108067, 2.8935165, 8.4780455, 9.5334139, 9.7688208, 9.8645287, 9.9426365, 19.995838, 19.998842, 19.988518, 19.918394, 0.27893412, 0.33477861, 0.34533310, 0.34768799, 0.34864515, 0.34942633, 0.34997919, 0.34999421, 0.34994259, 0.34959197, 0.59108067
0.22246647, 1.0000000, 0.51618284, 2.3511350, 6.8949547, 9.5215158, 9.7494230, 9.8482676, 9.9321203, 19.995256, 19.998386, 19.979305, 19.903955, 0.27350873, 0.31894490, 0.34521195, 0.34749359, 0.34848234, 0.34932107, 0.34997627, 0.34999192, 0.34989652, 0.34951979, 0.51618284
0.20292971, 1.0000000, 0.44539741, 1.8695503, 5.3505650, 9.5016623, 9.7324409, 9.8348942, 9.9231358, 19.994726, 19.997414, 19.967665, 19.892487, 0.26869285, 0.30350110, 0.34501261, 0.34732357, 0.34834853, 0.34923121, 0.34997362, 0.34998706, 0.34983832, 0.34946245, 0.44539741
0.19520801, 1.0000000, 0.41742033, 1.8223912, 4.4603219, 9.5670080, 9.7579021, 9.8466930, 9.9248085, 19.994312, 19.995501, 19.954390, 19.883699, 0.26822221, 0.29460073, 0.34566739, 0.34757850, 0.34846666, 0.34924799, 0.34997156, 0.34997749, 0.34977195, 0.34941849, 0.41742033
0.21828245, 1.0000000, 0.50102329, 2.5577931, 5.9571857, 9.6829700, 9.8031387, 9.8710232, 9.9330626, 19.994312, 19.992275, 19.940517, 19.877026, 0.27557710, 0.30957070, 0.34682879, 0.34803122, 0.34871015, 0.34933060, 0.34997156, 0.34996137, 0.34970260, 0.34938514, 0.50102329
0.21161576, 1.0000000, 0.47686869, 2.5543332, 5.1973758, 9.6063118, 9.7912188, 9.8661823, 9.9317226, 19.993919, 19.987053, 19.926884, 19.872059, 0.27554306, 0.30197343, 0.34606281, 0.34791213, 0.34866181, 0.34931722, 0.34996960, 0.34993526, 0.34963441, 0.34936029, 0.47686869
0.19302009, 1.0000000, 0.40949306, 1.9984514, 3.9315693, 9.5132685, 9.7462025, 9.8412876, 9.9217091, 19.992493, 19.979521, 19.914164, 19.868399, 0.26998109, 0.28931165, 0.34512776, 0.34746101, 0.34841236, 0.34921691, 0.34996247, 0.34989759, 0.34957081, 0.34934199, 0.40949306
0.17755568, 1.0000000, 0.35346264, 1.5433639, 2.9587269, 9.2451153, 9.7260418, 9.8278637, 9.9148445, 19.990648, 19.969940, 19.902887, 19.865742, 0.26543173, 0.27958509, 0.34244773, 0.34725970, 0.34827828, 0.34914833, 0.34995323, 0.34984970, 0.34951442, 0.34932870, 0.35346264
0.16400868, 1.0000000, 0.30437925, 1.1131525, 2.4969816, 8.3369999, 9.7006187, 9.8112936, 9.9065495, 19.988138, 19.958706, 19.893314, 19.863813, 0.26113033, 0.27496824, 0.33336735, 0.34700558, 0.34811264, 0.34906536, 0.34994069, 0.34979352, 0.34946656, 0.34931907, 0.30437925
0.15795755, 0.94142216, 0.28245491, 0.96167624, 2.2881150, 7.7890525, 9.7335005, 9.8280907, 9.9119816, 19.985664, 19.946693, 19.885496, 19.862450, 0.25961626, 0.27288041, 0.32788926, 0.34733471, 0.34828076, 0.34911975, 0.34992832, 0.34973347, 0.34942749, 0.34931225, 0.28245491
0.14932191, 0.83713752, 0.25116637, 0.74834228, 1.9746989, 7.0465789, 9.7124786, 9.8167953, 9.9077005, 19.981703, 19.934299, 19.879240, 19.861473, 0.25748295, 0.26974621, 0.32046443, 0.34712440, 0.34816778, 0.34907696, 0.34990853, 0.34967148, 0.34939620, 0.34930736, 0.25116637
0.13984379, 0.72267872, 0.21682531, 0.52178204, 1.6334057, 6.2031260, 9.6828451, 9.7990408, 9.8997021, 19.975624, 19.922127, 19.874302, 19.860779, 0.25521722, 0.26633292, 0.31202912, 0.34682778, 0.34799007, 0.34899691, 0.34987813, 0.34961063, 0.34937149, 0.34930390, 0.21682531
0.13483630, 0.66220790, 0.19868225, 0.42546093, 1.4601469, 5.6543059, 9.7103701, 9.8132906, 9.9038467, 19.968071, 19.910881, 19.870470, 19.860268, 0.25425389, 0.26459998, 0.30654016, 0.34710273, 0.34813240, 0.34903830, 0.34984034, 0.34955442, 0.34935236, 0.34930134, 0.19868225
0.12843381, 0.58489084, 0.17548481, 0.28851926, 1.2358099, 5.0214019, 9.6956806, 9.8052578, 9.8998556, 19.958431, 19.900757, 19.867529, 19.859903, 0.25288138, 0.26234829, 0.30019408, 0.34694910, 0.34804866, 0.34899724, 0.34979215, 0.34950379, 0.34933764, 0.34929952, 0.17548481
0.12623644, 0.55835527, 0.16752334, 0.26234984, 1.1674047, 4.6971674, 9.7482271, 9.8339348, 9.9097061, 19.948174, 19.892204, 19.865362, 19.859627, 0.25262240, 0.26167110, 0.29696572, 0.34747979, 0.34833810, 0.34909666, 0.34974086, 0.34946102, 0.34932682, 0.34929812, 0.16752334
0.12289764, 0.51803565, 0.15542625, 0.21801293, 1.0456234, 4.2842913, 9.7378855, 9.8298120, 9.9078999, 19.937212, 19.885067, 19.863707, 19.859468, 0.25217929, 0.26045379, 0.29283795, 0.34737659, 0.34829700, 0.34907863, 0.34968606, 0.34942535, 0.34931853, 0.34929734, 0.15542625
0.18231952, 1.0000000, 0.37072289, 2.4744301, 2.8006077, 7.6107588, 9.7181807, 9.8184452, 9.9018497, 19.926039, 19.879211, 19.862471, 19.859346, 0.27474296, 0.27800515, 0.32610637, 0.34718147, 0.34818432, 0.34901845, 0.34963018, 0.34939605, 0.34931237, 0.34929675, 0.37072289
0.18398774, 1.0000000, 0.37676719, 2.3030968, 2.8837442, 8.4048996, 9.7690115, 9.8452291, 9.9090376, 19.915268, 19.874519, 19.861547, 19.859346, 0.27303064, 0.27883720, 0.33404863, 0.34769002, 0.34845227, 0.34909037, 0.34957635, 0.34937260, 0.34930775, 0.34929675, 0.37676719
0.18425032, 1.0000000, 0.37771851, 2.3330450, 2.7805119, 8.5806150, 9.7475004, 9.8339520, 9.9022350, 19.904646, 19.870649, 19.860853, 19.859299, 0.27333012, 0.27780488, 0.33580577, 0.34747490, 0.34833950, 0.34902236, 0.34952325, 0.34935325, 0.34930426, 0.34929651, 0.37771851
0.17713904, 1.0000000, 0.35195306, 2.0617962, 2.5888324, 8.1512632, 9.7625713, 9.8408918, 9.9016609, 19.895685, 19.867754, 19.860371, 19.859287, 0.27061024, 0.27588251, 0.33150348, 0.34762350, 0.34840780, 0.34901625, 0.34947842, 0.34933877, 0.34930184, 0.34929645, 0.35195306
0.16865881, 1.0000000, 0.32122755, 1.7413110, 2.3509204, 7.6482391, 9.7536116, 9.8350611, 9.8964634, 19.887848, 19.865517, 19.860029, 19.859251, 0.26740777, 0.27350488, 0.32647535, 0.34753433, 0.34834972, 0.34896433, 0.34943923, 0.34932759, 0.34930015, 0.34929627, 0.32122755
0.15919946, 0.95641953, 0.28695455, 1.3965905, 2.0785689, 7.0626116, 9.7337122, 9.8224039, 9.8886404, 19.881157, 19.863750, 19.859741, 19.859222, 0.26396093, 0.27078125, 0.32061857, 0.34733504, 0.34822300, 0.34888604, 0.34940580, 0.34931874, 0.34929872, 0.34929612, 0.28695455
0.15505059, 0.90631735, 0.27192241, 1.2684405, 1.9626826, 6.7112250, 9.7621412, 9.8358994, 9.8909006, 19.876310, 19.862574, 19.859594, 19.859222, 0.26268110, 0.26962376, 0.31710699, 0.34761989, 0.34835821, 0.34890875, 0.34938157, 0.34931287, 0.34929797, 0.34929612, 0.27192241
0.14615777, 0.79892683, 0.23970203, 0.95436275, 1.6999692, 6.1466255, 9.7280378, 9.8164282, 9.8811331, 19.871315, 19.861420, 19.859394, 19.859200, 0.25953799, 0.26699367, 0.31145534, 0.34727693, 0.34816256, 0.34881073, 0.34935659, 0.34930709, 0.34929699, 0.34929600, 0.23970203
0.13810000, 0.70162070, 0.21050726, 0.69616735, 1.4574498, 5.5523100, 9.7073107, 9.8027639, 9.8737516, 19.867552, 19.860594, 19.859306, 19.859169, 0.25695598, 0.26456735, 0.30550945, 0.34706834, 0.34802523, 0.34873670, 0.34933776, 0.34930298, 0.34929654, 0.34929585, 0.21050726
0.13056934, 0.61067981, 0.18322226, 0.49009323, 1.2226760, 4.8941746, 9.6842442, 9.7877922, 9.8664751, 19.864973, 19.860071, 19.859264, 19.859158, 0.25489795, 0.26222232, 0.29893282, 0.34683892, 0.34787613, 0.34866416, 0.34932488, 0.34930035, 0.34929633, 0.34929579, 0.18322226
0.12447831, 0.53712392, 0.16115329, 0.34772456, 1.0329217, 4.2774615, 9.6774549, 9.7821646, 9.8629570, 19.863140, 19.859743, 19.859228, 19.859158, 0.25347605, 0.26032710, 0.29277024, 0.34677258, 0.34782064, 0.34862924, 0.34931570, 0.34929872, 0.34929615, 0.34929579, 0.16115329
0.11977603, 0.48033881, 0.14411606, 0.26020706, 0.88700652, 3.7245131, 9.6798182, 9.7824736, 9.8621902, 19.861973, 19.859552, 19.859219, 19.859158, 0.25260118, 0.25886825, 0.28724128, 0.34679618, 0.34782374, 0.34862158, 0.34930986, 0.34929776, 0.34929609, 0.34929579, 0.14411606
0.11495010, 0.42206040, 0.12663078, 0.17816126, 0.73532760, 3.1399438, 9.6624556, 9.7722406, 9.8578157, 19.861080, 19.859394, 19.859207, 19.859158, 0.25178111, 0.25735202, 0.28139678, 0.34662291, 0.34772158, 0.34857789, 0.34930539, 0.34929699, 0.34929603, 0.34929579, 0.12663078
0.11197019, 0.38607481, 0.11583403, 0.13605654, 0.62784255, 2.8111458, 9.4844627, 9.7741442, 9.8580256, 19.860590, 19.859394, 19.859207, 19.859158, 0.25135994, 0.25627673, 0.27810767, 0.34484208, 0.34774011, 0.34857979, 0.34930295, 0.34929699, 0.34929603, 0.34929579, 0.11583403
0.10926973, 0.35346383, 0.10604975, 0.93477964E-1, 0.52187145, 2.5721340, 9.1895533, 9.7680702, 9.8554792, 19.860155, 19.859354, 19.859196, 19.859158, 0.25093442, 0.25521749, 0.27571833, 0.34189337, 0.34767956, 0.34855440, 0.34930077, 0.34929678, 0.34929597, 0.34929579, 0.10604975
0.10694872, 0.32543507, 0.97640283E-1, 0.59229136E-1, 0.43398142, 2.3593545, 8.9010057, 9.7671709, 9.8547564, 19.859772, 19.859312, 19.859177, 19.859158, 0.25059199, 0.25433847, 0.27358988, 0.33900729, 0.34767020, 0.34854707, 0.34929886, 0.34929657, 0.34929588, 0.34929579, 0.97640283E-1
0.10520346, 0.30435929, 0.91316916E-1, 0.38427114E-1, 0.36944747, 2.1875262, 8.6398859, 9.7731361, 9.8567810, 19.859585, 19.859276, 19.859165, 19.859158, 0.25038412, 0.25369355, 0.27187249, 0.33639669, 0.34773013, 0.34856740, 0.34929794, 0.34929639, 0.34929582, 0.34929579, 0.91316916E-1
0.10342947, 0.28293628, 0.84889375E-1, 0.21362305E-1, 0.30556321, 2.0009489, 8.3582850, 9.7674789, 9.8547144, 19.859467, 19.859247, 19.859159, 19.859158, 0.25021347, 0.25305423, 0.27000493, 0.33357903, 0.34767255, 0.34854642, 0.34929734, 0.34929624, 0.34929579, 0.34929579, 0.84889375E-1
0.10134761, 0.25779557, 0.77346407E-1, 0.0000000, 0.23164153, 1.7850459, 8.0278196, 9.7512236, 9.8482246, 19.859100, 19.859159, 19.859135, 19.859158, 0.24999827, 0.25231513, 0.26784557, 0.33027381, 0.34750956, 0.34848136, 0.34929550, 0.34929579, 0.34929568, 0.34929579, 0.77346407E-1
0.10077772, 0.25091350, 0.75281575E-1, 0.0000000, 0.21401048, 1.7158955, 7.8390298, 9.7886095, 9.8617668, 19.859100, 19.859159, 19.859135, 19.859158, 0.24999827, 0.25213933, 0.26715589, 0.32838750, 0.34788436, 0.34861708, 0.34929550, 0.34929579, 0.34929568, 0.34929579, 0.75281575E-1
0.99916719E-1, 0.24051599, 0.72162017E-1, 0.0000000, 0.18637776, 1.6060501, 7.6266499, 9.7886457, 9.8625231, 19.859072, 19.859154, 19.859135, 19.859158, 0.24999827, 0.25186250, 0.26605499, 0.32626125, 0.34788308, 0.34862411, 0.34929535, 0.34929577, 0.34929568, 0.34929579, 0.72162017E-1
0.99248804E-1, 0.23245022, 0.69742039E-1, 0.0000000, 0.16125143, 1.5286982, 7.4516816, 9.8006048, 9.8670025, 19.858864, 19.859100, 19.859118, 19.859158, 0.24999827, 0.25161123, 0.26528087, 0.32451087, 0.34800214, 0.34866872, 0.34929430, 0.34929550, 0.34929559, 0.34929579, 0.69742039E-1
0.98331481E-1, 0.22137257, 0.66418417E-1, 0.0000000, 0.12528598, 1.4214307, 7.2459126, 9.7921009, 9.8640604, 19.858536, 19.858986, 19.859089, 19.859152, 0.24999827, 0.25125146, 0.26420632, 0.32245097, 0.34791550, 0.34863877, 0.34929270, 0.34929493, 0.34929544, 0.34929577, 0.66418417E-1
0.97603783E-1, 0.21258482, 0.63781828E-1, 0.0000000, 0.10809600, 1.3229549, 7.0335922, 9.7866364, 9.8621960, 19.858669, 19.858986, 19.859089, 19.859152, 0.24999827, 0.25107980, 0.26322249, 0.32032841, 0.34786111, 0.34862021, 0.34929335, 0.34929493, 0.34929544, 0.34929577, 0.63781828E-1
0.96584558E-1, 0.20027655, 0.60088977E-1, 0.0000000, 0.74085593E-1, 1.1973470, 6.7769618, 9.7696257, 9.8555689, 19.858374, 19.858875, 19.859066, 19.859144, 0.24999827, 0.25074050, 0.26197052, 0.31776628, 0.34769383, 0.34855488, 0.34929186, 0.34929436, 0.34929532, 0.34929574, 0.60088977E-1
0.95477223E-1, 0.18690428, 0.56076892E-1, 0.0000000, 0.38421154E-1, 1.0623485, 6.4827394, 9.7513971, 9.8480473, 19.857996, 19.858757, 19.859035, 19.859127, 0.24999827, 0.25038388, 0.26061887, 0.31482175, 0.34750974, 0.34847903, 0.34928998, 0.34929377, 0.34929517, 0.34929565, 0.56076892E-1
0.12705791, 0.56827539, 0.17049967, 2.3086100, 0.33450127E-1, 1.0337353, 6.3283219, 9.7971754, 9.8644924, 19.858177, 19.858757, 19.859030, 19.859127, 0.27307603, 0.25033441, 0.26033601, 0.31328154, 0.34797046, 0.34864450, 0.34929088, 0.34929377, 0.34929514, 0.34929565, 0.17049967
0.11902230, 0.47123671, 0.14138515, 1.7818451, 0.23305416E-2, 0.95082819, 6.1287527, 9.7872982, 9.8613873, 19.857706, 19.858658, 19.858994, 19.859116, 0.26781145, 0.25002331, 0.25950715, 0.31128609, 0.34787181, 0.34861347, 0.34928852, 0.34929329, 0.34929496, 0.34929559, 0.14138515
0.11216642, 0.38844448, 0.11654500, 1.3250858, 0.0000000, 0.86767375, 5.9085717, 9.7764463, 9.8575029, 19.857571, 19.858669, 19.858971, 19.859116, 0.26324281, 0.24999972, 0.25867516, 0.30908358, 0.34776267, 0.34857443, 0.34928787, 0.34929335, 0.34929484, 0.34929559, 0.11654500
0.10984798, 0.36044675, 0.10814484, 1.1738509, 0.0000000, 0.83687603, 5.7595892, 9.8024006, 9.8669939, 19.857901, 19.858709, 19.858971, 19.859116, 0.26173544, 0.24999972, 0.25836810, 0.30759501, 0.34802324, 0.34866968, 0.34928951, 0.34929353, 0.34929484, 0.34929559, 0.10814484
0.10497896, 0.30164817, 0.90503499E-1, 0.85711777, 0.0000000, 0.76268911, 5.5425386, 9.7791367, 9.8590918, 19.858154, 19.858709, 19.858971, 19.859116, 0.25856784, 0.24999972, 0.25762600, 0.30542409, 0.34779024, 0.34859052, 0.34929079, 0.34929353, 0.34929484, 0.34929559, 0.90503499E-1
0.10029858, 0.24512745, 0.73545590E-1, 0.56181848, 0.0000000, 0.67397952, 5.2665887, 9.7513800, 9.8483849, 19.858250, 19.858709, 19.858971, 19.859116, 0.25561714, 0.24999972, 0.25673941, 0.30266529, 0.34751326, 0.34848368, 0.34929127, 0.34929353, 0.34929484, 0.34929559, 0.73545590E-1
0.97739473E-1, 0.21422341, 0.64273454E-1, 0.40720403, 0.0000000, 0.61594248, 5.0374842, 9.7619200, 9.8515825, 19.858089, 19.858698, 19.858971, 19.859116, 0.25407088, 0.24999972, 0.25615889, 0.30037397, 0.34761837, 0.34851551, 0.34929043, 0.34929350, 0.34929484, 0.34929559, 0.64273454E-1
0.96753277E-1, 0.20231406, 0.60700290E-1, 0.35293102, 0.0000000, 0.59017837, 4.8750663, 9.7912455, 9.8625345, 19.858273, 19.858709, 19.858971, 19.859116, 0.25352243, 0.24999972, 0.25589833, 0.29874495, 0.34790674, 0.34862342, 0.34929135, 0.34929353, 0.34929484, 0.34929559, 0.60700290E-1
0.98277591E-1, 0.22072177, 0.66223152E-1, 0.47861338, 0.0000000, 0.56488812, 4.7346210, 9.8033409, 9.8676825, 19.858414, 19.858709, 19.858971, 19.859116, 0.25478208, 0.24999972, 0.25564745, 0.29734379, 0.34803089, 0.34867600, 0.34929207, 0.34929353, 0.34929484, 0.34929559, 0.66223152E-1
0.95180929E-1, 0.18332626, 0.55003379E-1, 0.29360950, 0.0000000, 0.49039423, 4.4755778, 9.7503672, 9.8485670, 19.858414, 19.858709, 19.858971, 19.859116, 0.25293455, 0.24999972, 0.25490317, 0.29475439, 0.34750214, 0.34848517, 0.34929207, 0.34929353, 0.34929484, 0.34929559, 0.55003379E-1
0.93681037E-1, 0.16521336, 0.49568966E-1, 0.20280778, 0.0000000, 0.45845211, 4.3136744, 9.7900248, 9.8617887, 19.857763, 19.858566, 19.858948, 19.859110, 0.25202730, 0.24999972, 0.25458398, 0.29313576, 0.34789911, 0.34861749, 0.34928882, 0.34929281, 0.34929472, 0.34929556, 0.49568966E-1
0.92155069E-1, 0.14678569, 0.44040110E-1, 0.10835230, 0.0000000, 0.42723715, 4.1906834, 9.8140564, 9.8704052, 19.857075, 19.858398, 19.858948, 19.859110, 0.25108171, 0.24999972, 0.25427023, 0.29190260, 0.34813562, 0.34870237, 0.34928536, 0.34929198, 0.34929472, 0.34929556, 0.44040110E-1
0.91132551E-1, 0.13443765, 0.40335327E-1, 0.47659874E-1, 0.0000000, 0.40238202, 4.0825338, 9.8249865, 9.8747044, 19.856892, 19.858374, 19.858948, 19.859110, 0.25047609, 0.24999972, 0.25402251, 0.29082268, 0.34824666, 0.34874597, 0.34928447, 0.34929186, 0.34929472, 0.34929556, 0.40335327E-1
0.91304272E-1, 0.13651139, 0.40957510E-1, 0.73263049E-1, 0.0000000, 0.37663281, 3.9857922, 9.8329697, 9.8775854, 19.856585, 19.858326, 19.858948, 19.859104, 0.25073254, 0.24999972, 0.25376621, 0.28985766, 0.34832937, 0.34877574, 0.34928292, 0.34929162, 0.34929472, 0.34929553, 0.40957510E-1
0.89904219E-1, 0.11960425, 0.35884865E-1, 0.0000000, 0.0000000, 0.31616092, 3.8353407, 9.8042231, 9.8669090, 19.855453, 19.858068, 19.858839, 19.859070, 0.24999741, 0.24999972, 0.25316039, 0.28835043, 0.34803841, 0.34866780, 0.34927726, 0.34929034, 0.34929419, 0.34929535, 0.35884865E-1
0.89611754E-1, 0.11607241, 0.34825206E-1, 0.0000000, 0.0000000, 0.27321279, 3.6960604, 9.8059149, 9.8670025, 19.854948, 19.857960, 19.858768, 19.859058, 0.24999741, 0.24999972, 0.25273091, 0.28695732, 0.34805480, 0.34866858, 0.34927475, 0.34928980, 0.34929383, 0.34929529, 0.34825206E-1
0.89179754E-1, 0.11085556, 0.33259995E-1, 0.0000000, 0.0000000, 0.20830333, 3.5131402, 9.7822847, 9.8577356, 19.853874, 19.857672, 19.858698, 19.859016, 0.24999741, 0.24999972, 0.25208113, 0.28512499, 0.34781393, 0.34857437, 0.34926936, 0.34928834, 0.34929350, 0.34929508, 0.33259995E-1
0.88720709E-1, 0.10531201, 0.31596765E-1, 0.0000000, 0.0000000, 0.14347732, 3.2959464, 9.7600746, 9.8486500, 19.852966, 19.857441, 19.858652, 19.858969, 0.24999741, 0.24999972, 0.25143287, 0.28295067, 0.34758773, 0.34848210, 0.34926483, 0.34928721, 0.34929326, 0.34929484, 0.31596765E-1
0.88156685E-1, 0.98500833E-1, 0.29553205E-1, 0.0000000, 0.0000000, 0.68455935E-1, 3.0093448, 9.7235632, 9.8333750, 19.851753, 19.857153, 19.858566, 19.858923, 0.24999741, 0.24999972, 0.25068399, 0.28008845, 0.34722751, 0.34833100, 0.34925878, 0.34928578, 0.34929281, 0.34929460, 0.29553205E-1
0.87665200E-1, 0.92565626E-1, 0.27772466E-1, 0.0000000, 0.0000000, 0.37223101E-2, 2.8631806, 9.4825602, 9.8181334, 19.850925, 19.856936, 19.858467, 19.858881, 0.24999741, 0.24999972, 0.25003716, 0.27862188, 0.34480914, 0.34817567, 0.34925464, 0.34928468, 0.34929234, 0.34929439, 0.27772466E-1
0.87418497E-1, 0.89586444E-1, 0.26878621E-1, 0.0000000, 0.0000000, 0.0000000, 2.7275414, 9.1968813, 9.8072577, 19.850773, 19.856874, 19.858456, 19.858850, 0.24999741, 0.24999972, 0.24999993, 0.27727035, 0.34196025, 0.34806955, 0.34925386, 0.34928438, 0.34929228, 0.34929425, 0.26878621E-1
0.87186694E-1, 0.86787157E-1, 0.26038751E-1, 0.0000000, 0.0000000, 0.0000000, 2.5950699, 8.9035511, 9.8017616, 19.850809, 19.856874, 19.858461, 19.858828, 0.24999741, 0.24999972, 0.24999993, 0.27594617, 0.33902773, 0.34801477, 0.34925404, 0.34928438, 0.34929231, 0.34929413, 0.26038751E-1
0.86940125E-1, 0.83809532E-1, 0.25145374E-1, 0.0000000, 0.0000000, 0.0000000, 2.4571390, 8.5867395, 9.7948227, 19.851126, 19.856958, 19.858479, 19.858828, 0.24999741, 0.24999972, 0.24999993, 0.27456540, 0.33585694, 0.34794426, 0.34925562, 0.34928480, 0.34929240, 0.34929413, 0.25145374E-1
0.86739406E-1, 0.81385642E-1, 0.24418134E-1, 0.0000000, 0.0000000, 0.0000000, 2.3501306, 8.3135338, 9.8010025, 19.851910, 19.857140, 19.858545, 19.858828, 0.24999741, 0.24999972, 0.24999993, 0.27349621, 0.33312631, 0.34800649, 0.34925956, 0.34928569, 0.34929273, 0.34929413, 0.24418134E-1
0.86607032E-1, 0.79787113E-1, 0.23938527E-1, 0.0000000, 0.0000000, 0.0000000, 2.2835851, 8.1200609, 9.8193474, 19.852760, 19.857359, 19.858566, 19.858828, 0.24999741, 0.24999972, 0.24999993, 0.27283254, 0.33119473, 0.34819108, 0.34926379, 0.34928679, 0.34929281, 0.34929413, 0.23938527E-1
0.87801546E-1, 0.94212145E-1, 0.28266471E-1, 0.99545717E-1, 0.0000000, 0.0000000, 2.1867247, 7.8825479, 9.8127899, 19.852936, 19.857399, 19.858551, 19.858828, 0.25099525, 0.24999972, 0.24999993, 0.27186698, 0.32882500, 0.34812769, 0.34926468, 0.34928700, 0.34929276, 0.34929413, 0.28266471E-1
0.86337306E-1, 0.76529831E-1, 0.22961246E-1, 0.0000000, 0.0000000, 0.0000000, 2.1399319, 7.7501168, 9.8353472, 19.852648, 19.857323, 19.858526, 19.858828, 0.24999788, 0.24999972, 0.24999993, 0.27139702, 0.32749701, 0.34835172, 0.34926325, 0.34928662, 0.34929264, 0.34929413, 0.22961246E-1
0.86277887E-1, 0.75812288E-1, 0.22745961E-1, 0.0000000, 0.0000000, 0.0000000, 2.1112890, 7.6577816, 9.8526287, 19.852942, 19.857388, 19.858566, 19.858828, 0.24999788, 0.24999972, 0.24999993, 0.27111143, 0.32657516, 0.34852517, 0.34926471, 0.34928694, 0.34929281, 0.34929413, 0.22745961E-1
0.86195573E-1, 0.74818254E-1, 0.22447722E-1, 0.0000000, 0.0000000, 0.0000000, 2.0674765, 7.5464211, 9.8530636, 19.852989, 19.857418, 19.858555, 19.858828, 0.24999788, 0.24999972, 0.24999993, 0.27067333, 0.32546163, 0.34852952, 0.34926495, 0.34928709, 0.34929278, 0.34929413, 0.22447722E-1
0.86155936E-1, 0.74339643E-1, 0.22304123E-1, 0.0000000, 0.0000000, 0.0000000, 2.0525126, 7.4770517, 9.8654213, 19.854010, 19.857683, 19.858566, 19.858828, 0.24999788, 0.24999972, 0.24999993, 0.27052236, 0.32476544, 0.34865198, 0.34927005, 0.34928840, 0.34929281, 0.34929413, 0.22304123E-1
0.86108595E-1, 0.73767915E-1, 0.22132589E-1, 0.0000000, 0.0000000, 0.0000000, 2.0309420, 7.4036961, 9.8684397, 19.854588, 19.857817, 19.858566, 19.858828, 0.24999788, 0.24999972, 0.24999993, 0.27030942, 0.32403696, 0.34868440, 0.34927294, 0.34928909, 0.34929281, 0.34929413, 0.22132589E-1
0.86044587E-1, 0.72994977E-1, 0.21900684E-1, 0.0000000, 0.0000000, 0.0000000, 1.9981742, 7.3163066, 9.8656149, 19.854599, 19.857794, 19.858566, 19.858828, 0.24999788, 0.24999972, 0.24999993, 0.26997995, 0.32315975, 0.34865466, 0.34927300, 0.34928897, 0.34929281, 0.34929413, 0.21900684E-1
0.85990615E-1, 0.72343208E-1, 0.21705134E-1, 0.0000000, 0.0000000, 0.0000000, 1.9732207, 7.2352238, 9.8663836, 19.855053, 19.857916, 19.858566, 19.858828, 0.24999788, 0.24999972, 0.24999993, 0.26973131, 0.32235056, 0.34866309, 0.34927526, 0.34928960, 0.34929281, 0.34929413, 0.21705134E-1
0.85927054E-1, 0.71575657E-1, 0.21474846E-1, 0.0000000, 0.0000000, 0.0000000, 1.9411057, 7.1466851, 9.8644981, 19.855011, 19.857916, 19.858566, 19.858828, 0.24999788, 0.24999972, 0.24999993, 0.26940984, 0.32146463, 0.34864396, 0.34927505, 0.34928960, 0.34929281, 0.34929413, 0.21474846E-1
0.85853696E-1, 0.70689760E-1, 0.21209050E-1, 0.0000000, 0.0000000, 0.0000000, 1.9022226, 7.0483503, 9.8604517, 19.854692, 19.857836, 19.858566, 19.858828, 0.24999788, 0.24999972, 0.24999993, 0.26902163, 0.32048240, 0.34860399, 0.34927347, 0.34928918, 0.34929281, 0.34929413, 0.21209050E-1
0.85781604E-1, 0.69819130E-1, 0.20947834E-1, 0.0000000, 0.0000000, 0.0000000, 1.8658221, 6.9481030, 9.8580666, 19.854723, 19.857822, 19.858566, 19.858828, 0.24999788, 0.24999972, 0.24999993, 0.26865691, 0.31947857, 0.34857950, 0.34927362, 0.34928912, 0.34929281, 0.34929413, 0.20947834E-1
0.85621774E-1, 0.67889079E-1, 0.20368760E-1, 0.0000000, 0.0000000, 0.0000000, 1.7791450, 6.7456217, 9.8276272, 19.854309, 19.857698, 19.858534, 19.858828, 0.24999788, 0.24999972, 0.24999993, 0.26778999, 0.31745344, 0.34827492, 0.34927154, 0.34928849, 0.34929267, 0.34929413, 0.20368760E-1
0.85466474E-1, 0.66013612E-1, 0.19806065E-1, 0.0000000, 0.0000000, 0.0000000, 1.6961992, 6.5398674, 9.8165522, 19.853531, 19.857475, 19.858503, 19.858828, 0.24999788, 0.24999972, 0.24999993, 0.26696104, 0.31539682, 0.34816459, 0.34926766, 0.34928739, 0.34929252, 0.34929413, 0.19806065E-1
0.85383005E-1, 0.65005690E-1, 0.19503657E-1, 0.0000000, 0.0000000, 0.0000000, 1.6586483, 6.4072676, 9.8337822, 19.853989, 19.857590, 19.858566, 19.858828, 0.24999788, 0.24999972, 0.24999993, 0.26658636, 0.31407240, 0.34833771, 0.34926993, 0.34928796, 0.34929281, 0.34929413, 0.19503657E-1
0.85299768E-1, 0.64000465E-1, 0.19202061E-1, 0.0000000, 0.0000000, 0.0000000, 1.6198009, 6.2818866, 9.8400040, 19.854321, 19.857658, 19.858566, 19.858828, 0.24999788, 0.24999972, 0.24999993, 0.26619774, 0.31281832, 0.34839979, 0.34927160, 0.34928828, 0.34929281, 0.34929413, 0.19202061E-1
0.85191943E-1, 0.62698342E-1, 0.18811384E-1, 0.0000000, 0.0000000, 0.0000000, 1.5642345, 6.1341610, 9.8350277, 19.853895, 19.857527, 19.858534, 19.858828, 0.24999788, 0.24999972, 0.24999993, 0.26564223, 0.31134138, 0.34835017, 0.34926948, 0.34928763, 0.34929267, 0.34929413, 0.18811384E-1
0.85102767E-1, 0.61621450E-1, 0.18488284E-1, 0.0000000, 0.0000000, 0.0000000, 1.5188187, 6.0092049, 9.8404598, 19.853382, 19.857416, 19.858540, 19.858828, 0.24999788, 0.24999972, 0.24999993, 0.26518479, 0.31008533, 0.34840092, 0.34926692, 0.34928709, 0.34929270, 0.34929413, 0.18488284E-1
0.84957480E-1, 0.59866976E-1, 0.17961890E-1, 0.0000000, 0.0000000, 0.0000000, 1.4371008, 5.8273234, 9.8230581, 19.851732, 19.857010, 19.858423, 19.858805, 0.24999788, 0.24999972, 0.24999993, 0.26436809, 0.30826733, 0.34822726, 0.34925866, 0.34928507, 0.34929210, 0.34929401, 0.17961890E-1
0.84830269E-1, 0.58330763E-1, 0.17500980E-1, 0.0000000, 0.0000000, 0.0000000, 1.3689548, 5.6567059, 9.8213053, 19.850878, 19.856779, 19.858324, 19.858805, 0.24999788, 0.24999972, 0.24999993, 0.26368716, 0.30656213, 0.34821019, 0.34925440, 0.34928390, 0.34929162, 0.34929401, 0.17500980E-1
0.84637880E-1, 0.56007508E-1, 0.16803933E-1, 0.0000000, 0.0000000, 0.0000000, 1.2698591, 5.3993273, 9.7925615, 19.850405, 19.856638, 19.858301, 19.858805, 0.24999788, 0.24999972, 0.24999993, 0.26269725, 0.30399042, 0.34792387, 0.34925202, 0.34928319, 0.34929150, 0.34929401, 0.16803933E-1
0.84463201E-1, 0.53898007E-1, 0.16171020E-1, 0.0000000, 0.0000000, 0.0000000, 1.1839002, 5.1508279, 9.7887640, 19.850075, 19.856550, 19.858278, 19.858805, 0.24999788, 0.24999972, 0.24999993, 0.26183712, 0.30150419, 0.34788504, 0.34925038, 0.34928274, 0.34929138, 0.34929401, 0.16171020E-1
0.84320873E-1, 0.52179225E-1, 0.15655333E-1, 0.0000000, 0.0000000, 0.0000000, 1.1112511, 4.9488540, 9.8002291, 19.849180, 19.856319, 19.858194, 19.858805, 0.24999788, 0.24999972, 0.24999993, 0.26110995, 0.29948282, 0.34799850, 0.34924591, 0.34928161, 0.34929097, 0.34929401, 0.15655333E-1
0.84151953E-1, 0.50139401E-1, 0.15043325E-1, 0.0000000, 0.0000000, 0.0000000, 1.0206699, 4.7241588, 9.7940855, 19.847534, 19.855871, 19.858095, 19.858805, 0.24999788, 0.24999972, 0.24999993, 0.26020399, 0.29723534, 0.34793654, 0.34923768, 0.34927934, 0.34929049, 0.34929401, 0.15043325E-1
0.14101365, 0.73680615, 0.22106396, 2.3729177, 2.2968352, 1.2857407, 0.91038942, 4.4435945, 9.7750816, 19.845720, 19.855383, 19.858021, 19.858768, 0.27372101, 0.27296361, 0.26285607, 0.25910372, 0.29443550, 0.34775048, 0.34922859, 0.34927690, 0.34929010, 0.34929383, 0.22106396
0.12541318, 0.54841357, 0.16454053, 1.5777588, 1.8355250, 1.1159480, 0.85514486, 4.2896385, 9.8128815, 19.845243, 19.855247, 19.858013, 19.858757, 0.26576969, 0.26834974, 0.26115781, 0.25855118, 0.29289573, 0.34812832, 0.34922621, 0.34927624, 0.34929007, 0.34929377, 0.16454053
0.11361997, 0.40599763, 0.12181147, 0.99750459, 1.4611959, 0.97035468, 0.80673397, 4.1642065, 9.8285494, 19.845339, 19.855276, 19.858061, 19.858757, 0.25997064, 0.26460809, 0.25970227, 0.25806713, 0.29164153, 0.34828505, 0.34922668, 0.34927636, 0.34929031, 0.34929377, 0.12181147
0.10191317, 0.26462528, 0.79395525E-1, 0.43890774, 1.0744303, 0.80434382, 0.74489415, 4.0373344, 9.8315411, 19.844337, 19.855034, 19.858013, 19.858757, 0.25438380, 0.26073655, 0.25804055, 0.25744841, 0.29037189, 0.34831423, 0.34922168, 0.34927517, 0.34929007, 0.34929377, 0.79395525E-1
0.91897987E-1, 0.14368111, 0.43108642E-1, 0.11295080E-2, 0.69449842, 0.63013434, 0.68025291, 3.8972290, 9.8255033, 19.843678, 19.854881, 19.857979, 19.858757, 0.25001127, 0.25693595, 0.25629723, 0.25680164, 0.28896976, 0.34825289, 0.34921840, 0.34927440, 0.34928989, 0.34929377, 0.43108642E-1
0.88834897E-1, 0.10669100, 0.32010503E-1, 0.0000000, 0.41078925, 0.48575401, 0.62722564, 3.7513642, 9.8197384, 19.844292, 19.855055, 19.858036, 19.858757, 0.24999994, 0.25410339, 0.25485489, 0.25627157, 0.28751159, 0.34819561, 0.34922147, 0.34927529, 0.34929019, 0.34929377, 0.32010503E-1
0.85472167E-1, 0.66082425E-1, 0.19826710E-1, 0.0000000, 0.11585057, 0.29957592, 0.55366755, 3.5379210, 9.7892866, 19.844173, 19.855036, 19.858030, 19.858757, 0.24999994, 0.25115758, 0.25299457, 0.25553623, 0.28537777, 0.34789157, 0.34922087, 0.34927517, 0.34929016, 0.34929377, 0.19826710E-1
0.83687395E-1, 0.44529278E-1, 0.13360119E-1, 0.0000000, 0.0000000, 0.14364123, 0.47785640, 3.2621853, 9.7614107, 19.844498, 19.855129, 19.858047, 19.858757, 0.24999994, 0.24998321, 0.25143546, 0.25477794, 0.28261968, 0.34761193, 0.34922248, 0.34927565, 0.34929025, 0.34929377, 0.13360119E-1
0.83183885E-1, 0.38448848E-1, 0.11535808E-1, 0.0000000, 0.0000000, 0.58364868E-1, 0.42178631, 3.0098176, 9.7612200, 19.845575, 19.855425, 19.858143, 19.858757, 0.24999994, 0.24998321, 0.25058353, 0.25421768, 0.28009754, 0.34761155, 0.34922788, 0.34927714, 0.34929073, 0.34929377, 0.11535808E-1
0.82845509E-1, 0.34362625E-1, 0.10309819E-1, 0.0000000, 0.0000000, 0.0000000, 0.36761165, 2.9177041, 9.6665239, 19.845552, 19.855431, 19.858120, 19.858757, 0.24999994, 0.24998321, 0.24999881, 0.25367358, 0.27916694, 0.34665406, 0.34922776, 0.34927714, 0.34929061, 0.34929377, 0.10309819E-1
0.82758747E-1, 0.33314932E-1, 0.99954791E-2, 0.0000000, 0.0000000, 0.0000000, 0.32801330, 2.8273849, 9.5437899, 19.846975, 19.855780, 19.858189, 19.858757, 0.24999994, 0.24998321, 0.24999881, 0.25327885, 0.27826828, 0.34543163, 0.34923488, 0.34927890, 0.34929094, 0.34929377, 0.99954791E-2
0.82624294E-1, 0.31691194E-1, 0.95083090E-2, 0.0000000, 0.0000000, 0.0000000, 0.26999712, 2.6800485, 9.3568783, 19.847342, 19.855879, 19.858183, 19.858757, 0.24999994, 0.24998321, 0.24999881, 0.25269982, 0.27679977, 0.34356794, 0.34923670, 0.34927940, 0.34929091, 0.34929377, 0.95083090E-2
0.82522132E-1, 0.30457497E-1, 0.91381632E-2, 0.0000000, 0.0000000, 0.0000000, 0.22206306, 2.5759399, 9.2171211, 19.847401, 19.855904, 19.858171, 19.858757, 0.24999994, 0.24998321, 0.24999881, 0.25222030, 0.27575749, 0.34216896, 0.34923699, 0.34927952, 0.34929085, 0.34929377, 0.91381632E-2
0.82422107E-1, 0.29249556E-1, 0.87757446E-2, 0.0000000, 0.0000000, 0.0000000, 0.17881989, 2.4694710, 9.0709534, 19.847672, 19.855972, 19.858177, 19.858757, 0.24999994, 0.24998321, 0.24999881, 0.25178796, 0.27469316, 0.34070763, 0.34923837, 0.34927985, 0.34929088, 0.34929377, 0.87757446E-2
0.82281590E-1, 0.27552711E-1, 0.82666399E-2, 0.0000000, 0.0000000, 0.0000000, 0.12032688, 2.3150504, 8.8661680, 19.846794, 19.855736, 19.858107, 19.858757, 0.24999994, 0.24998321, 0.24999881, 0.25120327, 0.27315050, 0.33866167, 0.34923398, 0.34927869, 0.34929055, 0.34929377, 0.82666399E-2
0.82155794E-1, 0.26033601E-1, 0.78108613E-2, 0.0000000, 0.0000000, 0.0000000, 0.71835518E-1, 2.1739960, 8.6699505, 19.846439, 19.855619, 19.858095, 19.858757, 0.24999994, 0.24998321, 0.24999881, 0.25071818, 0.27173737, 0.33669606, 0.34923220, 0.34927809, 0.34929049, 0.34929377, 0.78108613E-2
0.82028568E-1, 0.24497153E-1, 0.73498813E-2, 0.0000000, 0.0000000, 0.0000000, 0.24405122E-1, 2.0298421, 8.4641371, 19.845894, 19.855478, 19.858072, 19.858757, 0.24999994, 0.24998321, 0.24999881, 0.25024402, 0.27029771, 0.33464038, 0.34922945, 0.34927738, 0.34929037, 0.34929377, 0.73498813E-2
0.81981421E-1, 0.23927851E-1, 0.71790731E-2, 0.0000000, 0.0000000, 0.0000000, 0.13592839E-1, 1.9726455, 8.3604250, 19.848097, 19.856060, 19.858208, 19.858757, 0.24999994, 0.24998321, 0.24999881, 0.25013587, 0.26972252, 0.33359867, 0.34924048, 0.34928030, 0.34929103, 0.34929377, 0.71790731E-2
0.81954941E-1, 0.23608077E-1, 0.70831315E-2, 0.0000000, 0.0000000, 0.0000000, 0.0000000, 1.9522339, 8.3107166, 19.849392, 19.856396, 19.858273, 19.858757, 0.24999994, 0.24998321, 0.24999881, 0.25000000, 0.26951972, 0.33310348, 0.34924695, 0.34928197, 0.34929135, 0.34929377, 0.70831315E-2
0.81938960E-1, 0.23415104E-1, 0.70252335E-2, 0.0000000, 0.0000000, 0.0000000, 0.0000000, 1.9298404, 8.2609453, 19.849897, 19.856491, 19.858288, 19.858757, 0.24999994, 0.24998321, 0.24999881, 0.25000000, 0.26929840, 0.33260944, 0.34924948, 0.34928244, 0.34929144, 0.34929377, 0.70252335E-2
0.81843026E-1, 0.22256553E-1, 0.66776341E-2, 0.0000000, 0.0000000, 0.0000000, 0.0000000, 1.7747760, 8.0317440, 19.847694, 19.855909, 19.858166, 19.858709, 0.24999994, 0.24998321, 0.24999881, 0.25000000, 0.26774597, 0.33031476, 0.34923846, 0.34927955, 0.34929082, 0.34929353, 0.66776341E-2
0.81785157E-1, 0.21557750E-1, 0.64679720E-2, 0.0000000, 0.0000000, 0.0000000, 0.0000000, 1.6853333, 7.8809886, 19.848047, 19.855997, 19.858177, 19.858709, 0.24999994, 0.24998321, 0.24999881, 0.25000000, 0.26685104, 0.32880631, 0.34924024, 0.34928000, 0.34929088, 0.34929353, 0.64679720E-2
0.81707053E-1, 0.20614564E-1, 0.61849882E-2, 0.0000000, 0.0000000, 0.0000000, 0.0000000, 1.5629083, 7.6816397, 19.846994, 19.855730, 19.858084, 19.858709, 0.24999994, 0.24998321, 0.24999881, 0.25000000, 0.26562825, 0.32681501, 0.34923497, 0.34927866, 0.34929043, 0.34929353, 0.61849882E-2
0.10924252, 0.35313520, 0.10595116, 1.9979358, 0.0000000, 0.0000000, 0.0000000, 1.5165925, 7.5872970, 19.848309, 19.856060, 19.858194, 19.858709, 0.26997653, 0.24998321, 0.24999881, 0.25000000, 0.26516587, 0.32587284, 0.34924155, 0.34928030, 0.34929097, 0.34929353, 0.10595116
0.10022898, 0.24428695, 0.73293418E-1, 1.3462275, 0.0000000, 0.0000000, 0.0000000, 1.4792740, 7.5262537, 19.846617, 19.855619, 19.858061, 19.858709, 0.26346228, 0.24998321, 0.24999881, 0.25000000, 0.26479274, 0.32526255, 0.34923309, 0.34927809, 0.34929031, 0.34929353, 0.73293418E-1
0.99957228E-1, 0.24100523, 0.72308801E-1, 1.3280153, 0.0000000, 0.0000000, 0.0000000, 1.4677793, 7.4891295, 19.848019, 19.855997, 19.858183, 19.858709, 0.26327252, 0.24998321, 0.24999881, 0.25000000, 0.26467755, 0.32489088, 0.34924009, 0.34928000, 0.34929091, 0.34929353, 0.72308801E-1
0.28937286, 1.0000000, 0.75859725, 6.6707468, 8.4148865, 8.5413408, 8.7527351, 9.0402021, 9.3884010, 19.850325, 19.856585, 19.858324, 19.858709, 0.31670499, 0.33414698, 0.33541244, 0.33752713, 0.34040192, 0.34388399, 0.34925163, 0.34928292, 0.34929162, 0.34929353, 0.75859725
0.26740342, 1.0000000, 0.67899781, 4.3166351, 9.1874161, 9.3257618, 9.4624414, 9.5993328, 9.7417517, 19.851326, 19.856861, 19.858389, 19.858709, 0.29316634, 0.34187415, 0.34325761, 0.34462440, 0.34599334, 0.34741753, 0.34925663, 0.34928429, 0.34929195, 0.34929353, 0.67899781
0.24372000, 1.0000000, 0.59318841, 2.8704464, 8.6505041, 9.4563551, 9.6103201, 9.7152929, 9.8127165, 19.850168, 19.856564, 19.858288, 19.858709, 0.27870408, 0.33650434, 0.34456316, 0.34610310, 0.34715289, 0.34812716, 0.34925085, 0.34928280, 0.34929144, 0.34929353, 0.59318841
0.26468629, 1.0000000, 0.66915321, 4.2207832, 8.9042740, 9.4964352, 9.6618385, 9.7568769, 9.8369532, 19.848402, 19.856102, 19.858154, 19.858709, 0.29220784, 0.33904272, 0.34496436, 0.34661838, 0.34756878, 0.34836954, 0.34924200, 0.34928051, 0.34929079, 0.34929353, 0.66915321
0.35123116, 1.0000000, 0.98272157, 9.9881687, 9.7288055, 9.5204763, 9.6851730, 9.7753448, 9.8463898, 19.846272, 19.855536, 19.858025, 19.858704, 0.34988168, 0.34728807, 0.34520477, 0.34685174, 0.34775347, 0.34846389, 0.34923136, 0.34927768, 0.34929013, 0.34929353, 0.98272157
0.35593981, 1.0000000, 0.99978185, 9.9976692, 9.9986019, 9.9993019, 9.9998589, 9.9999313, 9.9999752, 19.999998, 19.999998, 19.999998, 19.994993, 0.34996998, 0.34998199, 0.34999102, 0.34999821, 0.34999910, 0.34999970, 0.34999999, 0.34999999, 0.34999999, 0.34997496, 0.99978185
0.35564697, 1.0000000, 0.99872088, 9.9999990, 9.9993877, 9.9223442, 9.9750977, 9.9873953, 9.9951820, 19.999372, 19.999844, 19.999882, 19.982080, 0.34999999, 0.34999388, 0.34922343, 0.34975097, 0.34987396, 0.34995180, 0.34999686, 0.34999922, 0.34999940, 0.34991041, 0.99872088
0.35593212, 1.0000000, 0.99975395, 9.9970493, 9.9983692, 9.9991741, 9.9997072, 9.9998474, 9.9999275, 19.999975, 19.999992, 19.999983, 19.990009, 0.34996554, 0.34998071, 0.34999025, 0.34999678, 0.34999833, 0.34999922, 0.34999987, 0.34999996, 0.34999990, 0.34995005, 0.99975395
0.35600001, 1.0000000, 1.0000000, 9.9999990, 9.9999990, 9.9999990, 9.9999990, 9.9999990, 9.9999990, 19.999998, 19.999998, 19.999992, 19.995995, 0.34999999, 0.34999999, 0.34999999, 0.34999999, 0.34999999, 0.34999999, 0.34999999, 0.34999999, 0.34999996, 0.34997997, 1.0000000
0.34970742, 1.0000000, 0.97720087, 9.7095184, 9.7853622, 9.8852358, 9.9702778, 9.9849186, 9.9942598, 19.999296, 19.999813, 19.999617, 19.972338, 0.34709519, 0.34785363, 0.34885237, 0.34970278, 0.34984919, 0.34994259, 0.34999648, 0.34999907, 0.34999809, 0.34986168, 0.97720087
0.33658975, 1.0000000, 0.92967290, 8.8916063, 9.6205063, 9.7822332, 9.9339132, 9.9657707, 9.9868231, 19.998425, 19.999594, 19.997726, 19.950186, 0.33891606, 0.34620506, 0.34782234, 0.34933913, 0.34965771, 0.34986824, 0.34999213, 0.34999797, 0.34998864, 0.34975094, 0.92967290
0.31989494, 1.0000000, 0.86918449, 7.7560029, 9.5343037, 9.7189445, 9.8947477, 9.9435854, 9.9773474, 19.996923, 19.999205, 19.993357, 19.930504, 0.32755780, 0.34534141, 0.34718862, 0.34894729, 0.34943578, 0.34977344, 0.34998462, 0.34999603, 0.34996679, 0.34965253, 0.86918449
0.31045181, 1.0000000, 0.83497024, 7.0137300, 9.6129036, 9.7561455, 9.8898697, 9.9381828, 9.9740849, 19.996393, 19.998970, 19.986177, 19.913891, 0.32013613, 0.34612808, 0.34756097, 0.34889862, 0.34938177, 0.34974083, 0.34998196, 0.34999484, 0.34993088, 0.34956944, 0.83497024
0.34048891, 1.0000000, 0.94380033, 9.1503468, 9.6528397, 9.7943840, 9.9441738, 9.9714718, 9.9892998, 19.998878, 19.999706, 19.999834, 19.982075, 0.34150314, 0.34652820, 0.34794372, 0.34944171, 0.34971473, 0.34989300, 0.34999439, 0.34999853, 0.34999916, 0.34991038, 0.94380033
0.35596967, 1.0000000, 0.99989015, 9.9988756, 9.9993258, 9.9996624, 9.9999313, 9.9999666, 9.9999847, 19.999992, 19.999998, 19.999998, 19.994993, 0.34998488, 0.34999093, 0.34999546, 0.34999907, 0.34999955, 0.34999982, 0.34999996, 0.34999999, 0.34999999, 0.34997496, 0.99989015
0.35600001, 1.0000000, 1.0000000, 9.9999990, 9.9999990, 9.9999990, 9.9999990, 9.9999990, 9.9999990, 19.999998, 19.999998, 19.999998, 19.998999, 0.34999999, 0.34999999, 0.34999999, 0.34999999, 0.34999999, 0.34999999, 0.34999999, 0.34999999, 0.34999999, 0.34999499, 1.0000000
0.35584056, 1.0000000, 0.99942237, 9.9921360, 9.9955597, 9.9977617, 9.9993143, 9.9996538, 9.9998474, 19.999964, 19.999992, 19.999962, 19.987026, 0.34991929, 0.34995437, 0.34997699, 0.34999302, 0.34999648, 0.34999844, 0.34999982, 0.34999996, 0.34999982, 0.34993511, 0.99942237
0.35598123, 1.0000000, 0.99993187, 9.9993315, 9.9995975, 9.9997997, 9.9999609, 9.9999790, 9.9999905, 19.999998, 19.999998, 19.999998, 19.994993, 0.34999064, 0.34999436, 0.34999719, 0.34999946, 0.34999970, 0.34999987, 0.34999999, 0.34999999, 0.34999999, 0.34997496, 0.99993187
0.35600001, 1.0000000, 1.0000000, 9.9999990, 9.9999990, 9.9999990, 9.9999990, 9.9999990, 9.9999990, 19.999998, 19.999998, 19.999998, 19.998999, 0.34999999, 0.34999999, 0.34999999, 0.34999999, 0.34999999, 0.34999999, 0.34999999, 0.34999999, 0.34999999, 0.34999499, 1.0000000
0.35600001, 1.0000000, 1.0000000, 9.9999990, 9.9999990, 9.9999990, 9.9999990, 9.9999990, 9.9999990, 19.999998, 19.999998, 19.999998, 19.998999, 0.34999999, 0.34999999, 0.34999999, 0.34999999, 0.34999999, 0.34999999, 0.34999999, 0.34999999, 0.34999999, 0.34999499, 1.0000000
0.35600001, 1.0000000, 1.0000000, 9.9999990, 9.9999990, 9.9999990, 9.9999990, 9.9999990, 9.9999990, 19.999998, 19.999998, 19.999998, 19.995995, 0.34999999, 0.34999999, 0.34999999, 0.34999999, 0.34999999, 0.34999999, 0.34999999, 0.34999999, 0.34999999, 0.34997997, 1.0000000
0.33449531, 1.0000000, 0.92208427, 8.7665634, 9.5849075, 9.7656364, 9.9323158, 9.9652014, 9.9866209, 19.998323, 19.999563, 19.999668, 19.976192, 0.33766380, 0.34584787, 0.34765574, 0.34932303, 0.34965196, 0.34986618, 0.34999162, 0.34999782, 0.34999835, 0.34988096, 0.92208427
0.30564636, 1.0000000, 0.81755918, 6.8243899, 9.4110088, 9.6383820, 9.8582563, 9.9236612, 9.9688015, 19.995256, 19.998772, 19.997965, 19.953680, 0.31824255, 0.34410897, 0.34638324, 0.34858245, 0.34923655, 0.34968799, 0.34997627, 0.34999385, 0.34998983, 0.34976840, 0.81755918
0.28315693, 1.0000000, 0.73607588, 5.1825104, 9.4354801, 9.6397715, 9.8296785, 9.9030237, 9.9581795, 19.993397, 19.998274, 19.994022, 19.933550, 0.30182147, 0.34435081, 0.34639567, 0.34829637, 0.34903002, 0.34958172, 0.34996697, 0.34999138, 0.34997010, 0.34966776, 0.73607588
0.35597515, 1.0000000, 0.99990994, 9.9993467, 9.9996090, 9.9998026, 9.9999609, 9.9999790, 9.9999933, 19.999998, 19.999998, 19.999180, 19.956232, 0.34998760, 0.34999257, 0.34999627, 0.34999925, 0.34999961, 0.34999987, 0.34999999, 0.34999999, 0.34999591, 0.34978116, 0.99990994
0.34786797, 1.0000000, 0.97053611, 9.5644407, 9.8006659, 9.8943319, 9.9747267, 9.9872255, 9.9953909, 19.999659, 19.999903, 19.998714, 19.956434, 0.34564120, 0.34800467, 0.34894231, 0.34974706, 0.34987217, 0.34995389, 0.34999830, 0.34999952, 0.34999359, 0.34978217, 0.97053611
0.32777485, 1.0000000, 0.89773494, 8.3165808, 9.5427465, 9.7334948, 9.9171762, 9.9569702, 9.9835901, 19.998217, 19.999525, 19.995132, 19.935944, 0.33315822, 0.34542224, 0.34733230, 0.34917122, 0.34956944, 0.34983581, 0.34999108, 0.34999764, 0.34997565, 0.34967971, 0.89773494
0.31206912, 1.0000000, 0.84083015, 7.1848989, 9.5425758, 9.7186575, 9.8885765, 9.9395342, 9.9759092, 19.997192, 19.999189, 19.988756, 19.918394, 0.32184464, 0.34542227, 0.34718481, 0.34888542, 0.34939516, 0.34975904, 0.34998596, 0.34999594, 0.34994379, 0.34959197, 0.84083015
0.30267033, 1.0000000, 0.80677652, 6.4602299, 9.6005030, 9.7482195, 9.8854179, 9.9351091, 9.9731064, 19.996935, 19.998829, 19.979559, 19.903955, 0.31460005, 0.34600303, 0.34748119, 0.34885398, 0.34935102, 0.34973103, 0.34998468, 0.34999415, 0.34989780, 0.34951979, 0.80677652
0.28243455, 1.0000000, 0.73345846, 5.1100230, 9.4563875, 9.6593952, 9.8463345, 9.9118385, 9.9624224, 19.995441, 19.997631, 19.967831, 19.892469, 0.30109879, 0.34456229, 0.34659314, 0.34846318, 0.34911829, 0.34962419, 0.34997720, 0.34998816, 0.34983915, 0.34946233, 0.73345846
0.26883245, 1.0000000, 0.68417543, 4.0892110, 9.5039272, 9.6819344, 9.8434753, 9.9070692, 9.9588213, 19.995089, 19.995756, 19.954563, 19.883652, 0.29089189, 0.34503892, 0.34681916, 0.34843472, 0.34907067, 0.34958822, 0.34997544, 0.34997877, 0.34977281, 0.34941825, 0.68417543
0.26201826, 1.0000000, 0.65948641, 3.5055957, 9.6191463, 9.7469664, 9.8592796, 9.9133806, 9.9594393, 19.994719, 19.992435, 19.940619, 19.876991, 0.28505597, 0.34619147, 0.34746966, 0.34859279, 0.34913379, 0.34959438, 0.34997359, 0.34996217, 0.34970310, 0.34938496, 0.65948641
0.25042421, 1.0000000, 0.61747897, 2.9230623, 9.2252798, 9.6811018, 9.8418779, 9.9032822, 9.9545574, 19.994045, 19.987160, 19.926895, 19.872034, 0.27923006, 0.34225172, 0.34681046, 0.34841865, 0.34903276, 0.34954554, 0.34997022, 0.34993580, 0.34963447, 0.34936017, 0.61747897
0.25671026, 1.0000000, 0.64025456, 3.1627414, 9.5481300, 9.7505951, 9.8577738, 9.9104757, 9.9558573, 19.993240, 19.979805, 19.914200, 19.868404, 0.28162721, 0.34548095, 0.34750578, 0.34857771, 0.34910473, 0.34955856, 0.34996620, 0.34989902, 0.34957099, 0.34934202, 0.64025456
0.26687810, 1.0000000, 0.67709452, 3.7890205, 9.7036943, 9.8032141, 9.8753366, 9.9194603, 9.9584093, 19.992081, 19.970385, 19.902971, 19.865765, 0.28789020, 0.34703696, 0.34803215, 0.34875336, 0.34919459, 0.34958410, 0.34996039, 0.34985191, 0.34951484, 0.34932882, 0.67709452
0.33675134, 1.0000000, 0.93025845, 8.8416500, 9.7173700, 9.8093786, 9.8828602, 9.9237375, 9.9597521, 19.990236, 19.959293, 19.893435, 19.863846, 0.33841652, 0.34717369, 0.34809378, 0.34882861, 0.34923738, 0.34959751, 0.34995118, 0.34979647, 0.34946716, 0.34931922, 0.93025845
0.32709280, 1.0000000, 0.89526373, 8.1974659, 9.6449022, 9.7704458, 9.8761530, 9.9205875, 9.9585466, 19.987286, 19.947117, 19.885578, 19.862467, 0.33197439, 0.34644884, 0.34770438, 0.34876150, 0.34920588, 0.34958547, 0.34993643, 0.34973559, 0.34942788, 0.34931234, 0.89526373
0.30989003, 1.0000000, 0.83293486, 7.0574198, 9.5107250, 9.6914339, 9.8496828, 9.9065437, 9.9526787, 19.982136, 19.934402, 19.879227, 19.861462, 0.32057238, 0.34510580, 0.34691361, 0.34849668, 0.34906533, 0.34952676, 0.34991068, 0.34967202, 0.34939614, 0.34930730, 0.83293486
0.29369274, 1.0000000, 0.77424902, 5.9033298, 9.4884033, 9.6734304, 9.8379316, 9.8992863, 9.9492121, 19.975832, 19.922150, 19.874266, 19.860756, 0.30903232, 0.34488308, 0.34673384, 0.34837922, 0.34899279, 0.34949210, 0.34987915, 0.34961075, 0.34937131, 0.34930378, 0.77424902
0.28463888, 1.0000000, 0.74144518, 5.2027335, 9.5465641, 9.7040186, 9.8428488, 9.9007063, 9.9487286, 19.968102, 19.910856, 19.870451, 19.860250, 0.30202705, 0.34546530, 0.34704000, 0.34842846, 0.34900704, 0.34948727, 0.34984052, 0.34955427, 0.34935224, 0.34930125, 0.74144518
0.26451701, 1.0000000, 0.66853976, 3.8318465, 9.4378672, 9.6376944, 9.8158712, 9.8852787, 9.9409151, 19.957594, 19.900513, 19.867453, 19.859886, 0.28831846, 0.34437868, 0.34637696, 0.34815872, 0.34885278, 0.34940916, 0.34978798, 0.34950256, 0.34933728, 0.34929943, 0.66853976
0.25375056, 1.0000000, 0.62953091, 2.9938042, 9.5068140, 9.6897097, 9.8295851, 9.8909655, 9.9410076, 19.947205, 19.891937, 19.865278, 19.859604, 0.27993762, 0.34506735, 0.34689668, 0.34829578, 0.34890962, 0.34941009, 0.34973603, 0.34945968, 0.34932640, 0.34929803, 0.62953091
0.31012103, 1.0000000, 0.83377182, 6.9534454, 9.6697130, 9.7738638, 9.8570538, 9.9048395, 9.9436655, 19.936119, 19.884783, 19.863642, 19.859457, 0.31953445, 0.34669712, 0.34773862, 0.34857053, 0.34904841, 0.34943664, 0.34968060, 0.34942392, 0.34931821, 0.34929729, 0.83377182
0.30987704, 1.0000000, 0.83288777, 6.9621124, 9.6340160, 9.7569923, 9.8591490, 9.9058475, 9.9411030, 19.924631, 19.878893, 19.862381, 19.859346, 0.31962112, 0.34634015, 0.34756991, 0.34859151, 0.34905848, 0.34941104, 0.34962314, 0.34939447, 0.34931189, 0.34929675, 0.83288777
0.29554754, 1.0000000, 0.78096926, 5.9976931, 9.5396881, 9.7034674, 9.8444433, 9.8972921, 9.9342365, 19.913387, 19.874111, 19.861460, 19.859299, 0.30997643, 0.34539637, 0.34703442, 0.34844437, 0.34897289, 0.34934238, 0.34956694, 0.34937054, 0.34930730, 0.34929651, 0.78096926
0.28543124, 1.0000000, 0.74431604, 5.2421808, 9.5695724, 9.7191458, 9.8474712, 9.8971863, 9.9300842, 19.903522, 19.870459, 19.860813, 19.859299, 0.30241954, 0.34569326, 0.34719020, 0.34847444, 0.34897175, 0.34930080, 0.34951761, 0.34935230, 0.34930408, 0.34929651, 0.74431604
0.26499885, 1.0000000, 0.67028564, 3.8750148, 9.4276085, 9.6328955, 9.8146982, 9.8775740, 9.9182205, 19.893984, 19.867405, 19.860296, 19.859251, 0.28874955, 0.34427521, 0.34632850, 0.34814689, 0.34877571, 0.34918216, 0.34946993, 0.34933704, 0.34930149, 0.34929627, 0.67028564
0.24375466, 1.0000000, 0.59331393, 2.8035402, 8.6800156, 9.5790739, 9.7789574, 9.8544836, 9.9045029, 19.885048, 19.864882, 19.859877, 19.859211, 0.27803370, 0.33679703, 0.34578902, 0.34778923, 0.34854466, 0.34904498, 0.34942526, 0.34932441, 0.34929937, 0.34929606, 0.59331393
0.22430940, 1.0000000, 0.52286011, 2.2331417, 7.3068891, 9.5382404, 9.7478933, 9.8330059, 9.8914919, 19.877222, 19.862839, 19.859510, 19.859163, 0.27233016, 0.32306641, 0.34538078, 0.34747860, 0.34832987, 0.34891486, 0.34938610, 0.34931418, 0.34929755, 0.34929582, 0.52286011
0.21261880, 1.0000000, 0.48050287, 1.9579381, 6.3290076, 9.5837545, 9.7602930, 9.8358984, 9.8894348, 19.872602, 19.861725, 19.859394, 19.859158, 0.26957938, 0.31329006, 0.34583753, 0.34760293, 0.34835899, 0.34889436, 0.34936303, 0.34930861, 0.34929699, 0.34929579, 0.48050287
0.20118043, 1.0000000, 0.43905950, 1.6850680, 5.4080281, 9.5730543, 9.7587757, 9.8333282, 9.8861170, 19.868820, 19.860876, 19.859324, 19.859152, 0.26685068, 0.30408028, 0.34573054, 0.34758776, 0.34833330, 0.34886116, 0.34934410, 0.34930438, 0.34929663, 0.34929577, 0.43905950
0.18476237, 1.0000000, 0.37957382, 1.2589008, 4.1705008, 9.5123014, 9.7266932, 9.8139429, 9.8763008, 19.864620, 19.859917, 19.859177, 19.859110, 0.26258832, 0.29170364, 0.34512147, 0.34726661, 0.34813929, 0.34876296, 0.34932309, 0.34929958, 0.34929588, 0.34929556, 0.37957382
0.35597968, 1.0000000, 0.99992633, 9.9989862, 9.9993944, 9.9996958, 9.9999399, 9.9999695, 9.9999905, 19.999998, 19.999998, 19.999998, 19.994987, 0.34998986, 0.34999394, 0.34999695, 0.34999940, 0.34999970, 0.34999990, 0.34999999, 0.34999999, 0.34999999, 0.34997493, 0.99992633
0.35600001, 1.0000000, 1.0000000, 9.9999990, 9.9999990, 9.9999990, 9.9999990, 9.9999990, 9.9999990, 19.999998, 19.999998, 19.999998, 19.998999, 0.34999999, 0.34999999, 0.34999999, 0.34999999, 0.34999999, 0.34999999, 0.34999999, 0.34999999, 0.34999999, 0.34999499, 1.0000000
0.35600001, 1.0000000, 1.0000000, 9.9999990, 9.9999990, 9.9999990, 9.9999990, 9.9999990, 9.9999990, 19.999998, 19.999998, 19.999998, 19.998999, 0.34999999, 0.34999999, 0.34999999, 0.34999999, 0.34999999, 0.34999999, 0.34999999, 0.34999999, 0.34999999, 0.34999499, 1.0000000
0.35600001, 1.0000000, 1.0000000, 9.9999990, 9.9999990, 9.9999990, 9.9999990, 9.9999990, 9.9999990, 19.999998, 19.999998, 19.999998, 19.995995, 0.34999999, 0.34999999, 0.34999999, 0.34999999, 0.34999999, 0.34999999, 0.34999999, 0.34999999, 0.34999999, 0.34997997, 1.0000000
0.35600001, 1.0000000, 1.0000000, 9.9999990, 9.9999990, 9.9999990, 9.9999990, 9.9999990, 9.9999990, 19.999998, 19.999998, 19.999998, 19.998999, 0.34999999, 0.34999999, 0.34999999, 0.34999999, 0.34999999, 0.34999999, 0.34999999, 0.34999999, 0.34999999, 0.34999499, 1.0000000
0.35600001, 1.0000000, 0.99999988, 9.9999990, 9.9999962, 9.9999990, 9.9999990, 9.9999990, 9.9999990, 19.999992, 19.999998, 19.999998, 19.997997, 0.34999999, 0.34999996, 0.34999999, 0.34999999, 0.34999999, 0.34999999, 0.34999996, 0.34999999, 0.34999999, 0.34998998, 0.99999988
0.34157681, 1.0000000, 0.94774193, 9.1950474, 9.6901836, 9.8298540, 9.9574785, 9.9783745, 9.9923038, 19.999557, 19.999891, 19.999695, 19.974264, 0.34195048, 0.34690183, 0.34829855, 0.34957477, 0.34978375, 0.34992304, 0.34999779, 0.34999946, 0.34999847, 0.34987134, 0.94774193
0.35598171, 1.0000000, 0.99993360, 9.9991798, 9.9995050, 9.9997520, 9.9999485, 9.9999752, 9.9999933, 19.999998, 19.999998, 19.999990, 19.992998, 0.34999087, 0.34999448, 0.34999725, 0.34999943, 0.34999973, 0.34999993, 0.34999999, 0.34999999, 0.34999996, 0.34996498, 0.99993360
0.35600001, 1.0000000, 1.0000000, 9.9999990, 9.9999990, 9.9999990, 9.9999990, 9.9999990, 9.9999990, 19.999998, 19.999998, 19.999998, 19.997997, 0.34999999, 0.34999999, 0.34999999, 0.34999999, 0.34999999, 0.34999999, 0.34999999, 0.34999999, 0.34999999, 0.34998998, 1.0000000
0.35600001, 1.0000000, 1.0000000, 9.9999990, 9.9999990, 9.9999990, 9.9999990, 9.9999990, 9.9999990, 19.999998, 19.999998, 19.999998, 19.996996, 0.34999999, 0.34999999, 0.34999999, 0.34999999, 0.34999999, 0.34999999, 0.34999999, 0.34999999, 0.34999999, 0.34998497, 1.0000000
0.35584188, 1.0000000, 0.99942696, 9.9921150, 9.9952793, 9.9976368, 9.9995251, 9.9997635, 9.9999189, 19.999998, 19.999998, 19.999989, 19.991005, 0.34992117, 0.34995279, 0.34997636, 0.34999526, 0.34999764, 0.34999919, 0.34999999, 0.34999999, 0.34999993, 0.34995502, 0.99942696
0.34265417, 1.0000000, 0.95164555, 9.2617636, 9.7042742, 9.8388414, 9.9601526, 9.9797697, 9.9927740, 19.999563, 19.999891, 19.999825, 19.979134, 0.34261763, 0.34704274, 0.34838840, 0.34960154, 0.34979770, 0.34992772, 0.34999782, 0.34999946, 0.34999913, 0.34989566, 0.95164555
0.31691670, 1.0000000, 0.85839373, 7.6023383, 9.4530096, 9.6736937, 9.8921785, 9.9433708, 9.9786291, 19.998121, 19.999516, 19.998453, 19.956423, 0.32602340, 0.34453011, 0.34673694, 0.34892178, 0.34943372, 0.34978628, 0.34999061, 0.34999758, 0.34999228, 0.34978211, 0.85839373
0.28885835, 1.0000000, 0.75673318, 5.6316276, 9.3853998, 9.6154194, 9.8371162, 9.9100628, 9.9638224, 19.996183, 19.999014, 19.994846, 19.935944, 0.30631629, 0.34385401, 0.34615418, 0.34837115, 0.34910062, 0.34963822, 0.34998092, 0.34999508, 0.34997422, 0.34967971, 0.75673318
0.26292503, 1.0000000, 0.66277188, 3.7791319, 9.3581476, 9.5897341, 9.8056898, 9.8876944, 9.9524097, 19.994987, 19.998617, 19.988464, 19.918394, 0.28779131, 0.34358147, 0.34589735, 0.34805691, 0.34887695, 0.34952408, 0.34997493, 0.34999308, 0.34994233, 0.34959197, 0.66277188
0.27979308, 1.0000000, 0.72388792, 4.9330916, 9.4470758, 9.6391020, 9.8120565, 9.8866882, 9.9491005, 19.994558, 19.998196, 19.979275, 19.903955, 0.29933023, 0.34446999, 0.34639063, 0.34812048, 0.34886685, 0.34949100, 0.34997278, 0.34999096, 0.34989637, 0.34951979, 0.72388792
0.35591698, 1.0000000, 0.99969918, 9.9958620, 9.9975176, 9.9987593, 9.9997520, 9.9998741, 9.9999580, 19.999998, 19.999998, 19.999989, 19.991005, 0.34995863, 0.34997517, 0.34998760, 0.34999752, 0.34999874, 0.34999958, 0.34999999, 0.34999999, 0.34999993, 0.34995502, 0.99969918
0.35060149, 1.0000000, 0.98044026, 9.7183075, 9.8566732, 9.9256573, 9.9842730, 9.9921103, 9.9973507, 19.999998, 19.999998, 19.999432, 19.967562, 0.34718308, 0.34856674, 0.34925658, 0.34984273, 0.34992111, 0.34997350, 0.34999999, 0.34999999, 0.34999716, 0.34983781, 0.98044026
0.32610869, 1.0000000, 0.89169806, 8.2164173, 9.5151997, 9.7168713, 9.9143238, 9.9556065, 9.9834299, 19.998556, 19.999630, 19.997068, 19.945868, 0.33216417, 0.34515199, 0.34716871, 0.34914324, 0.34955606, 0.34983429, 0.34999278, 0.34999815, 0.34998533, 0.34972933, 0.89169806
0.35183275, 1.0000000, 0.98490125, 9.7845926, 9.8865175, 9.9416170, 9.9874620, 9.9937000, 9.9978390, 19.999939, 19.999987, 19.999969, 19.988020, 0.34784591, 0.34886518, 0.34941617, 0.34987462, 0.34993699, 0.34997839, 0.34999970, 0.34999993, 0.34999985, 0.34994009, 0.98490125
0.33401370, 1.0000000, 0.92033947, 8.7234230, 9.5957975, 9.7700100, 9.9356003, 9.9669008, 9.9878254, 19.999016, 19.999748, 19.999218, 19.964716, 0.33723330, 0.34595737, 0.34769979, 0.34935594, 0.34966898, 0.34987825, 0.34999508, 0.34999874, 0.34999609, 0.34982359, 0.92033947
0.34719986, 1.0000000, 0.96811527, 9.6156969, 9.6851797, 9.8082094, 9.9307251, 9.9630184, 9.9860277, 19.998962, 19.999737, 19.996660, 19.943327, 0.34614629, 0.34684536, 0.34807885, 0.34930658, 0.34962985, 0.34986016, 0.34999481, 0.34999868, 0.34998330, 0.34971663, 0.96811527
0.35600001, 1.0000000, 1.0000000, 9.9999990, 9.9999990, 9.9999990, 9.9999990, 9.9999990, 9.9999990, 19.999998, 19.999996, 19.993887, 19.924644, 0.34999999, 0.34999999, 0.34999999, 0.34999999, 0.34999999, 0.34999999, 0.34999999, 0.34999996, 0.34996945, 0.34962323, 1.0000000
0.35600001, 1.0000000, 1.0000000, 9.9999990, 9.9999990, 9.9999990, 9.9999990, 9.9999990, 9.9999990, 19.999998, 19.999998, 19.999998, 19.998999, 0.34999999, 0.34999999, 0.34999999, 0.34999999, 0.34999999, 0.34999999, 0.34999999, 0.34999999, 0.34999999, 0.34999499, 1.0000000
0.35600001, 1.0000000, 1.0000000, 9.9999990, 9.9999990, 9.9999990, 9.9999990, 9.9999990, 9.9999990, 19.999998, 19.999998, 19.999998, 19.998999, 0.34999999, 0.34999999, 0.34999999, 0.34999999, 0.34999999, 0.34999999, 0.34999999, 0.34999999, 0.34999999, 0.34999499, 1.0000000
0.35600001, 1.0000000, 1.0000000, 9.9999990, 9.9999990, 9.9999990, 9.9999990, 9.9999990, 9.9999990, 19.999998, 19.999998, 19.999998, 19.995995, 0.34999999, 0.34999999, 0.34999999, 0.34999999, 0.34999999, 0.34999999, 0.34999999, 0.34999999, 0.34999999, 0.34997997, 1.0000000
0.35600001, 1.0000000, 1.0000000, 9.9999990, 9.9999990, 9.9999990, 9.9999990, 9.9999990, 9.9999990, 19.999998, 19.999998, 19.999998, 19.998999, 0.34999999, 0.34999999, 0.34999999, 0.34999999, 0.34999999, 0.34999999, 0.34999999, 0.34999999, 0.34999999, 0.34999499, 1.0000000
0.35600001, 1.0000000, 1.0000000, 9.9999990, 9.9999990, 9.9999990, 9.9999990, 9.9999990, 9.9999990, 19.999998, 19.999998, 19.999998, 19.997997, 0.34999999, 0.34999999, 0.34999999, 0.34999999, 0.34999999, 0.34999999, 0.34999999, 0.34999999, 0.34999999, 0.34998998, 1.0000000
0.35600001, 1.0000000, 1.0000000, 9.9999990, 9.9999990, 9.9999990, 9.9999990, 9.9999990, 9.9999990, 19.999998, 19.999998, 19.999998, 19.998999, 0.34999999, 0.34999999, 0.34999999, 0.34999999, 0.34999999, 0.34999999, 0.34999999, 0.34999999, 0.34999999, 0.34999499, 1.0000000
0.33937776, 1.0000000, 0.93977439, 9.0629597, 9.6565933, 9.8095341, 9.9499159, 9.9744568, 9.9906502, 19.999235, 19.999796, 19.999714, 19.975222, 0.34062675, 0.34656408, 0.34809443, 0.34949899, 0.34974447, 0.34990647, 0.34999618, 0.34999898, 0.34999856, 0.34987611, 0.93977439
0.31462067, 1.0000000, 0.85007489, 7.4308915, 9.4610815, 9.6755695, 9.8880901, 9.9407949, 9.9774399, 19.997919, 19.999456, 19.998062, 19.952837, 0.32430893, 0.34461081, 0.34675568, 0.34888089, 0.34940794, 0.34977439, 0.34998959, 0.34999728, 0.34999031, 0.34976417, 0.85007489
0.28037661, 1.0000000, 0.72600222, 5.0594177, 9.3355284, 9.5808468, 9.8175640, 9.8985844, 9.9588099, 19.995506, 19.998817, 19.993986, 19.932806, 0.30059120, 0.34335202, 0.34580678, 0.34817529, 0.34898567, 0.34958804, 0.34997752, 0.34999409, 0.34996992, 0.34966403, 0.72600222
0.25137892, 1.0000000, 0.62093812, 2.9795840, 9.3158817, 9.5586843, 9.7842350, 9.8741531, 9.9457893, 19.993933, 19.998316, 19.987104, 19.915770, 0.27979296, 0.34315348, 0.34558409, 0.34784177, 0.34874126, 0.34945780, 0.34996966, 0.34999159, 0.34993553, 0.34957886, 0.62093812
0.22703330, 1.0000000, 0.53272933, 2.2654772, 7.5940289, 9.5121250, 9.7430611, 9.8453789, 9.9293985, 19.990948, 19.997154, 19.977266, 19.901800, 0.27265406, 0.32593885, 0.34512037, 0.34743044, 0.34845370, 0.34929395, 0.34995472, 0.34998578, 0.34988633, 0.34950900, 0.53272933
0.21399206, 1.0000000, 0.48547846, 1.9519538, 6.5128107, 9.5652142, 9.7596788, 9.8501673, 9.9277468, 19.990181, 19.995953, 19.965277, 19.890806, 0.26951954, 0.31512812, 0.34565213, 0.34759679, 0.34850168, 0.34927747, 0.34995091, 0.34997976, 0.34982640, 0.34945405, 0.48547846
0.19694808, 1.0000000, 0.42372495, 1.5209347, 5.1999030, 9.5164948, 9.7393169, 9.8370533, 9.9201832, 19.988647, 19.993496, 19.951782, 19.882374, 0.26520935, 0.30199903, 0.34516495, 0.34739316, 0.34837052, 0.34920183, 0.34994322, 0.34996748, 0.34975892, 0.34941188, 0.42372495
0.18439540, 1.0000000, 0.37824422, 1.2484521, 4.1337733, 9.5252514, 9.7423086, 9.8370180, 9.9185753, 19.987835, 19.989725, 19.937845, 19.876024, 0.26248369, 0.29133609, 0.34525061, 0.34742269, 0.34836999, 0.34918571, 0.34993917, 0.34994861, 0.34968922, 0.34938014, 0.37824422
0.17127222, 1.0000000, 0.33069640, 0.96052885, 3.0362263, 9.5121603, 9.7332602, 9.8309460, 9.9149084, 19.986603, 19.983912, 19.924294, 19.871317, 0.25960511, 0.28036189, 0.34512106, 0.34733248, 0.34830940, 0.34914905, 0.34993303, 0.34991956, 0.34962147, 0.34935659, 0.33069640
0.16054483, 0.97266632, 0.29182908, 0.66523552, 2.5938511, 8.7945976, 9.7181578, 9.8212214, 9.9096155, 19.984652, 19.975901, 19.911804, 19.867865, 0.25665191, 0.27593744, 0.33794415, 0.34718117, 0.34821200, 0.34909609, 0.34992325, 0.34987950, 0.34955901, 0.34933931, 0.29182908
0.15568730, 0.91400647, 0.27422938, 0.58164597, 2.3974538, 8.2849960, 9.7458277, 9.8356981, 9.9149723, 19.983929, 19.966368, 19.900940, 19.865347, 0.25581646, 0.27397454, 0.33284995, 0.34745827, 0.34835699, 0.34914973, 0.34991965, 0.34983185, 0.34950471, 0.34932673, 0.27422938
0.35598975, 1.0000000, 0.99996275, 9.9999990, 9.9999990, 9.9999990, 9.9999990, 9.9999990, 9.9999990, 19.999998, 19.999998, 19.999998, 19.997997, 0.34999487, 0.34999692, 0.34999844, 0.34999970, 0.34999985, 0.34999993, 0.34999999, 0.34999999, 0.34999999, 0.34998998, 0.99996275
0.34182674, 1.0000000, 0.94864756, 9.2104769, 9.6935530, 9.8319893, 9.9577646, 9.9785318, 9.9922895, 19.999504, 19.999874, 19.999695, 19.974264, 0.34210476, 0.34693554, 0.34831989, 0.34957764, 0.34978533, 0.34992290, 0.34999752, 0.34999937, 0.34999847, 0.34987134, 0.94864756
0.33266377, 1.0000000, 0.91544843, 8.6081095, 9.6216269, 9.7774591, 9.9309502, 9.9639511, 9.9868231, 19.999229, 19.999802, 19.998016, 19.951960, 0.33608109, 0.34621626, 0.34777460, 0.34930950, 0.34963951, 0.34986824, 0.34999615, 0.34999901, 0.34999007, 0.34975979, 0.91544843
0.32739568, 1.0000000, 0.89636099, 8.2341146, 9.6163836, 9.7668447, 9.9133291, 9.9532824, 9.9823370, 19.998926, 19.999723, 19.993958, 19.932064, 0.33234113, 0.34616384, 0.34766844, 0.34913328, 0.34953281, 0.34982336, 0.34999463, 0.34999862, 0.34996980, 0.34966034, 0.89636099
0.35520822, 1.0000000, 0.99713117, 9.9604464, 9.9768295, 9.9883499, 9.9976521, 9.9988251, 9.9996090, 19.999998, 19.999998, 19.999989, 19.991005, 0.34960276, 0.34976727, 0.34988299, 0.34997642, 0.34998819, 0.34999606, 0.34999999, 0.34999999, 0.34999993, 0.34995502, 0.99713117
0.35600001, 1.0000000, 1.0000000, 9.9999990, 9.9999990, 9.9999990, 9.9999990, 9.9999990, 9.9999990, 19.999998, 19.999998, 19.999998, 19.998999, 0.34999999, 0.34999999, 0.34999999, 0.34999999, 0.34999999, 0.34999999, 0.34999999, 0.34999999, 0.34999999, 0.34999499, 1.0000000
0.34327567, 1.0000000, 0.95389718, 9.2987585, 9.7142649, 9.8448029, 9.9633856, 9.9814606, 9.9936047, 19.999849, 19.999964, 19.999750, 19.975233, 0.34298760, 0.34714264, 0.34844804, 0.34963387, 0.34981459, 0.34993604, 0.34999925, 0.34999982, 0.34999874, 0.34987617, 0.95389718
0.35600001, 1.0000000, 1.0000000, 9.9999990, 9.9999990, 9.9999990, 9.9999990, 9.9999990, 9.9999990, 19.999998, 19.999998, 19.999998, 19.994993, 0.34999999, 0.34999999, 0.34999999, 0.34999999, 0.34999999, 0.34999999, 0.34999999, 0.34999999, 0.34999999, 0.34997496, 1.0000000
0.35600001, 1.0000000, 1.0000000, 9.9999990, 9.9999990, 9.9999990, 9.9999990, 9.9999990, 9.9999990, 19.999998, 19.999998, 19.999998, 19.998999, 0.34999999, 0.34999999, 0.34999999, 0.34999999, 0.34999999, 0.34999999, 0.34999999, 0.34999999, 0.34999999, 0.34999499, 1.0000000
0.35600001, 1.0000000, 1.0000000, 9.9999990, 9.9999990, 9.9999990, 9.9999990, 9.9999990, 9.9999990, 19.999998, 19.999998, 19.999998, 19.995995, 0.34999999, 0.34999999, 0.34999999, 0.34999999, 0.34999999, 0.34999999, 0.34999999, 0.34999999, 0.34999999, 0.34997997, 1.0000000
0.35600001, 1.0000000, 1.0000000, 9.9999990, 9.9999990, 9.9999990, 9.9999990, 9.9999990, 9.9999990, 19.999998, 19.999998, 19.999998, 19.994993, 0.34999999, 0.34999999, 0.34999999, 0.34999999, 0.34999999, 0.34999999, 0.34999999, 0.34999999, 0.34999999, 0.34997496, 1.0000000
0.35600001, 1.0000000, 1.0000000, 9.9999990, 9.9999990, 9.9999990, 9.9999990, 9.9999990, 9.9999990, 19.999998, 19.999998, 19.999998, 19.997997, 0.34999999, 0.34999999, 0.34999999, 0.34999999, 0.34999999, 0.34999999, 0.34999999, 0.34999999, 0.34999999, 0.34998998, 1.0000000
0.35600001, 1.0000000, 1.0000000, 9.9999990, 9.9999990, 9.9999990, 9.9999990, 9.9999990, 9.9999990, 19.999998, 19.999998, 19.999998, 19.998999, 0.34999999, 0.34999999, 0.34999999, 0.34999999, 0.34999999, 0.34999999, 0.34999999, 0.34999999, 0.34999999, 0.34999499, 1.0000000
0.33341581, 1.0000000, 0.91817313, 8.7032776, 9.5651369, 9.7543697, 9.9326153, 9.9654522, 9.9872808, 19.998926, 19.999718, 19.999796, 19.980110, 0.33703277, 0.34565136, 0.34754369, 0.34932616, 0.34965453, 0.34987280, 0.34999463, 0.34999859, 0.34999898, 0.34990054, 0.91817313
0.33651519, 1.0000000, 0.92940277, 8.9983730, 9.4870262, 9.6881762, 9.8860865, 9.9391603, 9.9765167, 19.997746, 19.999414, 19.998522, 19.957331, 0.33998311, 0.34486988, 0.34688154, 0.34886083, 0.34939158, 0.34976518, 0.34998873, 0.34999707, 0.34999260, 0.34978664, 0.92940277
0.31859094, 1.0000000, 0.86445981, 7.7191534, 9.4702864, 9.6655760, 9.8507366, 9.9164715, 9.9657249, 19.996143, 19.999002, 19.995031, 19.936743, 0.32719153, 0.34470287, 0.34665576, 0.34850737, 0.34916472, 0.34965724, 0.34998071, 0.34999502, 0.34997517, 0.34968370, 0.86445981
0.34291559, 1.0000000, 0.95259279, 9.3912239, 9.6288738, 9.6544275, 9.8370323, 9.9053326, 9.9595785, 19.995659, 19.998848, 19.988834, 19.919081, 0.34391224, 0.34628874, 0.34654427, 0.34837031, 0.34905332, 0.34959579, 0.34997830, 0.34999424, 0.34994417, 0.34959540, 0.95259279
0.31812167, 1.0000000, 0.86275965, 7.7353301, 9.4140806, 9.6205082, 9.8167324, 9.8912764, 9.9519224, 19.994774, 19.998329, 19.979731, 19.904514, 0.32735330, 0.34414080, 0.34620509, 0.34816733, 0.34891278, 0.34951922, 0.34997386, 0.34999165, 0.34989864, 0.34952256, 0.86275965
0.28202245, 1.0000000, 0.73196536, 5.2235126, 9.2887583, 9.5379744, 9.7664194, 9.8600359, 9.9359932, 19.991901, 19.996773, 19.968027, 19.892891, 0.30223513, 0.34288758, 0.34537974, 0.34766418, 0.34860036, 0.34935993, 0.34995949, 0.34998387, 0.34984013, 0.34946445, 0.73196536
0.25048667, 1.0000000, 0.61770535, 2.9673815, 9.2440033, 9.5366240, 9.7518272, 9.8473425, 9.9272594, 19.989983, 19.994520, 19.954720, 19.883945, 0.27967188, 0.34243643, 0.34536439, 0.34751788, 0.34847325, 0.34927255, 0.34994990, 0.34997261, 0.34977359, 0.34941971, 0.61770535
0.35595071, 1.0000000, 0.99982131, 9.9978056, 9.9986820, 9.9993410, 9.9998684, 9.9999342, 9.9999790, 19.999998, 19.999998, 19.999996, 19.993994, 0.34997544, 0.34998524, 0.34999263, 0.34999853, 0.34999925, 0.34999976, 0.34999999, 0.34999999, 0.34999996, 0.34996998, 0.99982131
0.35519159, 1.0000000, 0.99707079, 9.9593582, 9.9763575, 9.9881010, 9.9975481, 9.9987717, 9.9995823, 19.999992, 19.999998, 19.999983, 19.990009, 0.34959358, 0.34976357, 0.34988099, 0.34997547, 0.34998772, 0.34999582, 0.34999996, 0.34999999, 0.34999990, 0.34995005, 0.99707079
0.35600001, 1.0000000, 1.0000000, 9.9999990, 9.9999990, 9.9999990, 9.9999990, 9.9999990, 9.9999990, 19.999998, 19.999998, 19.999998, 19.998999, 0.34999999, 0.34999999, 0.34999999, 0.34999999, 0.34999999, 0.34999999, 0.34999999, 0.34999999, 0.34999999, 0.34999499, 1.0000000
0.34630817, 1.0000000, 0.96488476, 9.5505819, 9.6738634, 9.8207951, 9.9552879, 9.9772663, 9.9919176, 19.999569, 19.999886, 19.999895, 19.983068, 0.34550583, 0.34673864, 0.34820795, 0.34955287, 0.34977266, 0.34991917, 0.34999785, 0.34999943, 0.34999949, 0.34991533, 0.96488476
0.35600001, 1.0000000, 0.99999994, 9.9999990, 9.9999990, 9.9999962, 9.9999962, 9.9999990, 9.9999990, 19.999998, 19.999998, 19.999998, 19.998999, 0.34999999, 0.34999999, 0.34999996, 0.34999996, 0.34999999, 0.34999999, 0.34999999, 0.34999999, 0.34999999, 0.34999499, 0.99999994
0.32597983, 1.0000000, 0.89123130, 8.2228851, 9.4952202, 9.7062979, 9.9099932, 9.9533520, 9.9821568, 19.997967, 19.999468, 19.999619, 19.975222, 0.33222687, 0.34495082, 0.34706226, 0.34909979, 0.34953347, 0.34982154, 0.34998983, 0.34999734, 0.34999809, 0.34987611, 0.89123130
0.30569404, 1.0000000, 0.81773204, 6.7848754, 9.4643698, 9.6717110, 9.8748169, 9.9321337, 9.9736347, 19.997639, 19.999386, 19.998014, 19.952848, 0.31784531, 0.34464085, 0.34671566, 0.34874788, 0.34932119, 0.34973627, 0.34998819, 0.34999692, 0.34999007, 0.34976423, 0.81773204
0.28111315, 1.0000000, 0.72867072, 5.0530066, 9.4099503, 9.6280375, 9.8354969, 9.9071484, 9.9622250, 19.996601, 19.999115, 19.994034, 19.932817, 0.30052498, 0.34409380, 0.34627745, 0.34835437, 0.34907117, 0.34962216, 0.34998301, 0.34999558, 0.34997016, 0.34966409, 0.72867072
0.35600001, 1.0000000, 1.0000000, 9.9999990, 9.9999990, 9.9999990, 9.9999990, 9.9999990, 9.9999990, 19.999998, 19.999998, 19.999998, 19.997997, 0.34999999, 0.34999999, 0.34999999, 0.34999999, 0.34999999, 0.34999999, 0.34999999, 0.34999999, 0.34999999, 0.34998998, 1.0000000
0.34449512, 1.0000000, 0.95831555, 9.4915037, 9.5851345, 9.7628622, 9.9335852, 9.9658871, 9.9873171, 19.998831, 19.999695, 19.999647, 19.974239, 0.34491503, 0.34585136, 0.34762862, 0.34933585, 0.34965888, 0.34987319, 0.34999415, 0.34999847, 0.34999824, 0.34987119, 0.95831555
0.34361243, 1.0000000, 0.95511746, 9.4626865, 9.5619650, 9.7019711, 9.8960171, 9.9446011, 9.9791069, 19.998461, 19.999599, 19.997963, 19.951946, 0.34462687, 0.34561965, 0.34701970, 0.34896016, 0.34944600, 0.34979108, 0.34999231, 0.34999800, 0.34998983, 0.34975973, 0.95511746
0.31460571, 1.0000000, 0.85002059, 7.4865193, 9.3983469, 9.6240702, 9.8434277, 9.9133348, 9.9654951, 19.996952, 19.999205, 19.993839, 19.932039, 0.32486519, 0.34398347, 0.34624070, 0.34843427, 0.34913334, 0.34965494, 0.34998477, 0.34999603, 0.34996921, 0.34966019, 0.85002059
0.28289810, 1.0000000, 0.73513800, 5.2474341, 9.3319426, 9.5739670, 9.8009892, 9.8853712, 9.9518538, 19.995459, 19.998728, 19.986837, 19.915131, 0.30247343, 0.34331840, 0.34573916, 0.34800977, 0.34885365, 0.34951851, 0.34997728, 0.34999365, 0.34993419, 0.34957564, 0.73513800
0.27360407, 1.0000000, 0.70146400, 4.5392623, 9.3798466, 9.5967855, 9.7944717, 9.8768730, 9.9452944, 19.994761, 19.998144, 19.977047, 19.901335, 0.29539081, 0.34379619, 0.34596670, 0.34794447, 0.34876862, 0.34945291, 0.34997380, 0.34999073, 0.34988523, 0.34950668, 0.70146400
0.35599661, 1.0000000, 0.99998772, 9.9998293, 9.9998980, 9.9999485, 9.9999876, 9.9999933, 9.9999962, 19.999998, 19.999998, 19.999992, 19.994993, 0.34999830, 0.34999898, 0.34999949, 0.34999987, 0.34999993, 0.34999996, 0.34999999, 0.34999999, 0.34999996, 0.34997496, 0.99998772
0.35600001, 1.0000000, 1.0000000, 9.9999990, 9.9999990, 9.9999990, 9.9999990, 9.9999990, 9.9999990, 19.999998, 19.999998, 19.999998, 19.996996, 0.34999999, 0.34999999, 0.34999999, 0.34999999, 0.34999999, 0.34999999, 0.34999999, 0.34999999, 0.34999999, 0.34998497, 1.0000000
0.35600001, 1.0000000, 1.0000000, 9.9999990, 9.9999990, 9.9999990, 9.9999990, 9.9999990, 9.9999990, 19.999998, 19.999998, 19.999998, 19.997997, 0.34999999, 0.34999999, 0.34999999, 0.34999999, 0.34999999, 0.34999999, 0.34999999, 0.34999999, 0.34999999, 0.34998998, 1.0000000
0.33881694, 1.0000000, 0.93774247, 9.0949841, 9.5646486, 9.7539997, 9.9336329, 9.9660091, 9.9876795, 19.999170, 19.999784, 19.999670, 19.974264, 0.34094983, 0.34564650, 0.34753999, 0.34933633, 0.34966010, 0.34987679, 0.34999585, 0.34999892, 0.34999835, 0.34987134, 0.93774247
0.35598367, 1.0000000, 0.99994075, 9.9991856, 9.9995079, 9.9997549, 9.9999485, 9.9999752, 9.9999905, 19.999998, 19.999998, 19.999990, 19.992998, 0.34999186, 0.34999508, 0.34999755, 0.34999949, 0.34999976, 0.34999990, 0.34999999, 0.34999999, 0.34999996, 0.34996498, 0.99994075
0.32988238, 1.0000000, 0.90537101, 8.5022840, 9.4978456, 9.7098856, 9.9155283, 9.9564114, 9.9838133, 19.998598, 19.999630, 19.999712, 19.977131, 0.33502284, 0.34497845, 0.34709886, 0.34915528, 0.34956411, 0.34983814, 0.34999299, 0.34999815, 0.34999856, 0.34988564, 0.90537101
0.33315241, 1.0000000, 0.91721886, 8.7724876, 9.4686508, 9.6700125, 9.8685684, 9.9286718, 9.9720573, 19.997316, 19.999296, 19.998188, 19.954576, 0.33772486, 0.34468651, 0.34670013, 0.34868568, 0.34928674, 0.34972057, 0.34998658, 0.34999648, 0.34999093, 0.34977287, 0.91721886
0.30401054, 1.0000000, 0.81163234, 6.7374058, 9.3777857, 9.6080580, 9.8253145, 9.9012756, 9.9594126, 19.995953, 19.998941, 19.994402, 19.934332, 0.31737405, 0.34377787, 0.34608057, 0.34825313, 0.34901276, 0.34959412, 0.34997976, 0.34999472, 0.34997201, 0.34967166, 0.81163234
0.28726155, 1.0000000, 0.75094759, 5.5627837, 9.3381014, 9.5733929, 9.7908993, 9.8774185, 9.9467583, 19.994249, 19.998425, 19.987751, 19.917053, 0.30561677, 0.34336987, 0.34572822, 0.34790784, 0.34877360, 0.34946737, 0.34997123, 0.34999213, 0.34993875, 0.34958526, 0.75094759
0.35600001, 1.0000000, 1.0000000, 9.9999990, 9.9999990, 9.9999990, 9.9999990, 9.9999990, 9.9999990, 19.999998, 19.999998, 19.999998, 19.995995, 0.34999999, 0.34999999, 0.34999999, 0.34999999, 0.34999999, 0.34999999, 0.34999999, 0.34999999, 0.34999999, 0.34997997, 1.0000000
0.35600001, 1.0000000, 1.0000000, 9.9999990, 9.9999990, 9.9999990, 9.9999990, 9.9999990, 9.9999990, 19.999998, 19.999998, 19.999998, 19.998999, 0.34999999, 0.34999999, 0.34999999, 0.34999999, 0.34999999, 0.34999999, 0.34999999, 0.34999999, 0.34999999, 0.34999499, 1.0000000
0.35229778, 1.0000000, 0.98658609, 9.9405632, 9.7763586, 9.7681704, 9.9339333, 9.9660206, 9.9872389, 19.998699, 19.999664, 19.999678, 19.975233, 0.34940565, 0.34776360, 0.34768170, 0.34933934, 0.34966022, 0.34987238, 0.34999350, 0.34999833, 0.34999838, 0.34987617, 0.98658609
0.32584411, 1.0000000, 0.89073956, 8.2593050, 9.4479656, 9.6560764, 9.8753748, 9.9333477, 9.9743109, 19.997574, 19.999372, 19.998014, 19.952837, 0.33259052, 0.34447792, 0.34655988, 0.34875357, 0.34933338, 0.34974307, 0.34998786, 0.34999686, 0.34999007, 0.34976417, 0.89073956
0.29630834, 1.0000000, 0.78372592, 6.1755462, 9.3826189, 9.6102324, 9.8283777, 9.9037333, 9.9608583, 19.996124, 19.998989, 19.994017, 19.932817, 0.31175491, 0.34382567, 0.34610206, 0.34828371, 0.34903732, 0.34960860, 0.34998062, 0.34999496, 0.34997007, 0.34966409, 0.78372592
0.26976609, 1.0000000, 0.68755829, 4.2800612, 9.3527756, 9.5857420, 9.8018866, 9.8843746, 9.9506416, 19.995256, 19.998661, 19.987188, 19.915804, 0.29279843, 0.34352490, 0.34585595, 0.34801856, 0.34884360, 0.34950635, 0.34997627, 0.34999329, 0.34993595, 0.34957904, 0.68755829
0.34013551, 1.0000000, 0.94251984, 9.1156082, 9.6583242, 9.8123226, 9.9533606, 9.9762964, 9.9915867, 19.999569, 19.999886, 19.999922, 19.984043, 0.34115398, 0.34658194, 0.34812254, 0.34953347, 0.34976292, 0.34991583, 0.34999785, 0.34999943, 0.34999961, 0.34992021, 0.94251984
0.35596895, 1.0000000, 0.99988753, 9.9984531, 9.9990692, 9.9995346, 9.9999065, 9.9999542, 9.9999847, 19.999998, 19.999998, 19.999998, 19.994993, 0.34998453, 0.34999070, 0.34999534, 0.34999907, 0.34999955, 0.34999985, 0.34999999, 0.34999999, 0.34999999, 0.34997496, 0.99988753
0.35600001, 1.0000000, 1.0000000, 9.9999990, 9.9999990, 9.9999990, 9.9999990, 9.9999990, 9.9999990, 19.999998, 19.999998, 19.999998, 19.994993, 0.34999999, 0.34999999, 0.34999999, 0.34999999, 0.34999999, 0.34999999, 0.34999999, 0.34999999, 0.34999999, 0.34997496, 1.0000000
0.34189284, 1.0000000, 0.94888699, 9.2160139, 9.6922426, 9.8316107, 9.9596739, 9.9795418, 9.9929438, 19.999832, 19.999958, 19.999893, 19.981091, 0.34216014, 0.34692243, 0.34831610, 0.34959674, 0.34979540, 0.34992945, 0.34999916, 0.34999979, 0.34999946, 0.34990546, 0.94888699
0.32345659, 1.0000000, 0.88208902, 8.0378389, 9.4999123, 9.7039042, 9.9074516, 9.9516325, 9.9825268, 19.999218, 19.999796, 19.998711, 19.958250, 0.33037838, 0.34499913, 0.34703904, 0.34907451, 0.34951633, 0.34982526, 0.34999609, 0.34999898, 0.34999356, 0.34979126, 0.88208902
0.35598445, 1.0000000, 0.99994367, 9.9992247, 9.9995346, 9.9997673, 9.9999542, 9.9999723, 9.9999876, 19.999998, 19.999992, 19.999998, 19.994993, 0.34999225, 0.34999534, 0.34999767, 0.34999955, 0.34999973, 0.34999987, 0.34999999, 0.34999996, 0.34999999, 0.34997496, 0.99994367
0.35558492, 1.0000000, 0.99849600, 9.9999990, 9.9993992, 9.9224672, 9.9165173, 9.9569178, 9.9839201, 19.998520, 19.999611, 19.999786, 19.981079, 0.34999999, 0.34999400, 0.34922469, 0.34916517, 0.34956917, 0.34983921, 0.34999260, 0.34999806, 0.34999892, 0.34990540, 0.99849600
0.33173651, 1.0000000, 0.91208881, 8.6505394, 9.4963570, 9.6812677, 9.8600454, 9.9243727, 9.9707623, 19.997490, 19.999344, 19.998598, 19.958233, 0.33650538, 0.34496358, 0.34681267, 0.34860045, 0.34924373, 0.34970763, 0.34998745, 0.34999672, 0.34999299, 0.34979117, 0.91208881
0.29513192, 1.0000000, 0.77946335, 6.1442003, 9.3181286, 9.5666370, 9.8007545, 9.8871851, 9.9535313, 19.995394, 19.998787, 19.995173, 19.937544, 0.31144202, 0.34318128, 0.34566638, 0.34800756, 0.34887186, 0.34953532, 0.34997696, 0.34999394, 0.34997585, 0.34968773, 0.77946335
0.26301485, 1.0000000, 0.66309726, 3.8364720, 9.3017969, 9.5441217, 9.7675781, 9.8624640, 9.9394884, 19.993355, 19.998180, 19.988983, 19.919718, 0.28836393, 0.34301683, 0.34544063, 0.34767565, 0.34862459, 0.34939486, 0.34996676, 0.34999090, 0.34994492, 0.34959859, 0.66309726
0.24629757, 1.0000000, 0.60252738, 2.9122205, 8.7896347, 9.6073084, 9.7832108, 9.8662052, 9.9373684, 19.992867, 19.997786, 19.980009, 19.905041, 0.27912220, 0.33789635, 0.34607309, 0.34783211, 0.34866205, 0.34937370, 0.34996432, 0.34998894, 0.34990004, 0.34952521, 0.60252738
0.23153876, 1.0000000, 0.54905343, 2.5166273, 7.6706786, 9.6001062, 9.7799311, 9.8623323, 9.9334641, 19.992081, 19.996798, 19.968534, 19.893328, 0.27516627, 0.32670680, 0.34600106, 0.34779930, 0.34862334, 0.34933466, 0.34996039, 0.34998399, 0.34984267, 0.34946662, 0.54905343
0.22486980, 1.0000000, 0.52489054, 2.3724556, 7.0676737, 9.6687450, 9.8076181, 9.8763943, 9.9376383, 19.992079, 19.995100, 19.955412, 19.884317, 0.27372456, 0.32067674, 0.34668744, 0.34807616, 0.34876394, 0.34937638, 0.34996039, 0.34997550, 0.34977704, 0.34942159, 0.52489054
0.21256006, 1.0000000, 0.48029003, 2.0394654, 6.1619787, 9.6206160, 9.7928228, 9.8684826, 9.9338274, 19.991100, 19.991734, 19.941483, 19.877468, 0.27039465, 0.31161979, 0.34620616, 0.34792823, 0.34868482, 0.34933826, 0.34995550, 0.34995866, 0.34970742, 0.34938735, 0.48029003
0.19605649, 1.0000000, 0.42049450, 1.7247945, 4.7561736, 9.5074244, 9.7449722, 9.8413496, 9.9225082, 19.989880, 19.986441, 19.927732, 19.872389, 0.26724795, 0.29756173, 0.34507424, 0.34744972, 0.34841350, 0.34922507, 0.34994939, 0.34993219, 0.34963867, 0.34936196, 0.42049450
0.18640715, 1.0000000, 0.38553315, 1.5198261, 3.8979731, 9.5716648, 9.7636414, 9.8496428, 9.9244499, 19.989487, 19.979326, 19.915005, 19.868664, 0.26519826, 0.28897974, 0.34571666, 0.34763640, 0.34849644, 0.34924451, 0.34994742, 0.34989664, 0.34957501, 0.34934333, 0.38553315
0.16944396, 1.0000000, 0.32407236, 1.0352165, 2.9088826, 9.0819836, 9.7102976, 9.8192396, 9.9109945, 19.986668, 19.969660, 19.903568, 19.865931, 0.26035216, 0.27908882, 0.34081984, 0.34710297, 0.34819239, 0.34910995, 0.34993333, 0.34984830, 0.34951785, 0.34932965, 0.32407236
0.15274498, 0.87847453, 0.26356873, 0.54435134, 2.2884278, 7.9402294, 9.6579580, 9.7859211, 9.8944683, 19.982374, 19.958099, 19.893795, 19.863930, 0.25544325, 0.27288362, 0.32940114, 0.34657931, 0.34785905, 0.34894463, 0.34991187, 0.34979051, 0.34946898, 0.34931964, 0.26356873
0.14167790, 0.74482775, 0.22347067, 0.28356016, 1.8656671, 6.9833503, 9.6567593, 9.7816172, 9.8897896, 19.978228, 19.945797, 19.885780, 19.862495, 0.25283507, 0.26865458, 0.31982958, 0.34656653, 0.34781563, 0.34889773, 0.34989113, 0.34972900, 0.34942889, 0.34931248, 0.22347067
0.13664483, 0.68404776, 0.20523486, 0.22138357, 1.6653866, 6.3647194, 9.6985569, 9.8041601, 9.8978930, 19.974327, 19.933569, 19.879440, 19.861496, 0.25221330, 0.26665142, 0.31364250, 0.34698415, 0.34804088, 0.34897870, 0.34987164, 0.34966785, 0.34939721, 0.34930748, 0.20523486
0.12965578, 0.59964746, 0.17991224, 0.23175776, 1.2818187, 5.4207015, 9.6501350, 9.7770414, 9.8865099, 19.967218, 19.921206, 19.874384, 19.860779, 0.25231758, 0.26281819, 0.30420703, 0.34650135, 0.34777042, 0.34886509, 0.34983608, 0.34960604, 0.34937191, 0.34930390, 0.17991224
0.12620629, 0.55799121, 0.16741410, 0.18043220, 1.1708945, 4.9648671, 9.7096462, 9.8096523, 9.8984108, 19.959974, 19.910145, 19.870533, 19.860268, 0.25180432, 0.26170895, 0.29964867, 0.34709647, 0.34809652, 0.34898412, 0.34979987, 0.34955072, 0.34935266, 0.34930134, 0.16741410
0.12402570, 0.53165817, 0.15951341, 0.15556216, 1.1021525, 4.6497092, 9.7539263, 9.8357763, 9.9089899, 19.951420, 19.900311, 19.867607, 19.859915, 0.25155425, 0.26101568, 0.29648477, 0.34753406, 0.34835514, 0.34908903, 0.34975711, 0.34950155, 0.34933802, 0.34929958, 0.15951341
0.12332076, 0.52314526, 0.15695928, 0.15180111, 1.0878384, 4.5042238, 9.8040962, 9.8653297, 9.9207764, 19.941868, 19.891870, 19.865396, 19.859638, 0.25151801, 0.26087838, 0.29504225, 0.34804097, 0.34865329, 0.34920776, 0.34970933, 0.34945935, 0.34932697, 0.34929818, 0.15695928
0.15207681, 0.87040591, 0.26114789, 2.3087649, 1.0473907, 4.3378515, 9.8155689, 9.8741426, 9.9243708, 19.931614, 19.884790, 19.863735, 19.859476, 0.27308765, 0.26047391, 0.29337853, 0.34815568, 0.34874141, 0.34924370, 0.34965807, 0.34942394, 0.34931868, 0.34929737, 0.26114789
0.35600001, 1.0000000, 1.0000000, 9.9999990, 9.9999990, 9.9999990, 9.9999990, 9.9999990, 9.9999990, 19.999998, 19.999998, 19.999996, 19.993994, 0.34999999, 0.34999999, 0.34999999, 0.34999999, 0.34999999, 0.34999999, 0.34999999, 0.34999999, 0.34999996, 0.34996998, 1.0000000
0.33465075, 1.0000000, 0.92264754, 8.8069019, 9.5473738, 9.7430086, 9.9315958, 9.9649668, 9.9875689, 19.999451, 19.999855, 19.999537, 19.970417, 0.33806902, 0.34547374, 0.34743008, 0.34931594, 0.34964967, 0.34987569, 0.34999725, 0.34999928, 0.34999770, 0.34985209, 0.92264754
0.30222702, 1.0000000, 0.80517036, 6.6137428, 9.3631725, 9.6096878, 9.8572168, 9.9235907, 9.9712667, 19.998199, 19.999535, 19.997469, 19.948435, 0.31613743, 0.34363171, 0.34609687, 0.34857216, 0.34923589, 0.34971267, 0.34999099, 0.34999767, 0.34998733, 0.34974217, 0.80517036
0.27253932, 1.0000000, 0.69760621, 4.4922171, 9.3353138, 9.5789852, 9.8129835, 9.8946142, 9.9579535, 19.997322, 19.999306, 19.992924, 19.929018, 0.29492128, 0.34335202, 0.34578925, 0.34812972, 0.34894609, 0.34957951, 0.34998661, 0.34999654, 0.34996462, 0.34964508, 0.69760621
0.24383532, 1.0000000, 0.59360623, 2.8700352, 8.6007280, 9.5333357, 9.7708158, 9.8656673, 9.9429522, 19.996017, 19.998863, 19.985447, 19.912630, 0.27870035, 0.33600730, 0.34533337, 0.34770817, 0.34865668, 0.34942952, 0.34998009, 0.34999430, 0.34992725, 0.34956315, 0.59360623
0.32441705, 1.0000000, 0.88556898, 8.6172295, 8.7641735, 9.5199652, 9.7484741, 9.8478260, 9.9311161, 19.994207, 19.997931, 19.975155, 19.899321, 0.33617228, 0.33764175, 0.34519964, 0.34748474, 0.34847826, 0.34931117, 0.34997103, 0.34998965, 0.34987578, 0.34949660, 0.88556898
0.28276908, 1.0000000, 0.73467058, 5.2962146, 9.2715425, 9.5203476, 9.7390280, 9.8385019, 9.9229822, 19.992128, 19.996260, 19.962677, 19.888878, 0.30295902, 0.34271216, 0.34520176, 0.34738994, 0.34838486, 0.34922975, 0.34996063, 0.34998131, 0.34981340, 0.34944439, 0.73467058
0.25257355, 1.0000000, 0.62526649, 3.0875907, 9.3003254, 9.5318508, 9.7387552, 9.8355379, 9.9189396, 19.990805, 19.993633, 19.949032, 19.880919, 0.28087342, 0.34299874, 0.34531617, 0.34738708, 0.34835514, 0.34918931, 0.34995401, 0.34996817, 0.34974515, 0.34940460, 0.62526649
0.23094469, 1.0000000, 0.54690105, 2.4220319, 7.8060050, 9.5152092, 9.7321196, 9.8304119, 9.9150229, 19.989288, 19.989319, 19.935072, 19.874926, 0.27421966, 0.32805878, 0.34515131, 0.34732106, 0.34830403, 0.34915021, 0.34994644, 0.34994659, 0.34967536, 0.34937462, 0.54690105
0.21139677, 1.0000000, 0.47607526, 1.9295245, 6.2722945, 9.5056057, 9.7259054, 9.8257875, 9.9119730, 19.988024, 19.983103, 19.921675, 19.870506, 0.26929325, 0.31271905, 0.34505311, 0.34725845, 0.34825757, 0.34911963, 0.34994012, 0.34991550, 0.34960836, 0.34935254, 0.47607526
0.21180862, 1.0000000, 0.47756743, 2.1414070, 5.9594250, 9.5222406, 9.7305441, 9.8273773, 9.9118137, 19.986893, 19.974890, 19.909521, 19.867283, 0.27141342, 0.30959314, 0.34522155, 0.34730527, 0.34827369, 0.34911811, 0.34993446, 0.34987444, 0.34954759, 0.34933642, 0.47756743
0.18932150, 1.0000000, 0.39609239, 1.5403032, 4.2826333, 9.4578915, 9.6994772, 9.8094454, 9.9036083, 19.983971, 19.964422, 19.898857, 19.864923, 0.26540035, 0.29282185, 0.34457400, 0.34699374, 0.34809396, 0.34903592, 0.34991986, 0.34982210, 0.34949428, 0.34932461, 0.39609239
0.17465524, 1.0000000, 0.34295377, 1.2164414, 3.0248427, 9.5062799, 9.7142000, 9.8160362, 9.9052200, 19.981461, 19.952871, 19.889997, 19.863230, 0.26216236, 0.28024536, 0.34505796, 0.34714103, 0.34815985, 0.34905201, 0.34990731, 0.34976435, 0.34944999, 0.34931615, 0.34295377
0.19076148, 1.0000000, 0.40130970, 2.4745345, 2.9994726, 9.2542105, 9.7056999, 9.8112564, 9.9032021, 19.977825, 19.940569, 19.882788, 19.862007, 0.27474535, 0.27999473, 0.34254211, 0.34705698, 0.34811255, 0.34903201, 0.34988913, 0.34970284, 0.34941393, 0.34931004, 0.40130970
0.22110407, 1.0000000, 0.51124662, 2.5654049, 6.3968492, 9.4753532, 9.7450314, 9.8331261, 9.9116697, 19.973322, 19.928373, 19.877081, 19.861155, 0.27565405, 0.31396848, 0.34475353, 0.34745032, 0.34833127, 0.34911668, 0.34986660, 0.34964186, 0.34938541, 0.34930578, 0.51124662
0.35450125, 1.0000000, 0.99456966, 9.9241505, 9.9568987, 9.9782028, 9.9953480, 9.9976664, 9.9991884, 19.999964, 19.999992, 19.999777, 19.974377, 0.34924150, 0.34956899, 0.34978202, 0.34995347, 0.34997666, 0.34999189, 0.34999982, 0.34999996, 0.34999889, 0.34987187, 0.99456966
0.32052857, 1.0000000, 0.87148029, 7.8747931, 9.4372101, 9.6685171, 9.8960028, 9.9458895, 9.9794102, 19.997818, 19.999439, 19.997986, 19.952030, 0.32874793, 0.34437209, 0.34668517, 0.34896004, 0.34945890, 0.34979409, 0.34998909, 0.34999719, 0.34998992, 0.34976014, 0.87148029
0.35600001, 1.0000000, 0.99999988, 9.9999990, 9.9999962, 9.9999990, 9.9999962, 9.9999962, 9.9999990, 19.999998, 19.999998, 19.999998, 19.997997, 0.34999999, 0.34999996, 0.34999999, 0.34999996, 0.34999996, 0.34999999, 0.34999999, 0.34999999, 0.34999999, 0.34998998, 0.99999988
0.32777333, 1.0000000, 0.89772940, 8.3401661, 9.5096684, 9.7167692, 9.9172087, 9.9572544, 9.9840717, 19.998568, 19.999622, 19.999622, 19.974253, 0.33340165, 0.34509668, 0.34716770, 0.34917209, 0.34957254, 0.34984070, 0.34999284, 0.34999812, 0.34999812, 0.34987128, 0.89772940
0.29574680, 1.0000000, 0.78169125, 6.1383324, 9.3737631, 9.6120062, 9.8490839, 9.9181948, 9.9683638, 19.997400, 19.999319, 19.997885, 19.951946, 0.31138012, 0.34373471, 0.34611857, 0.34849054, 0.34918180, 0.34968358, 0.34998700, 0.34999660, 0.34998941, 0.34975973, 0.78169125
0.26797634, 1.0000000, 0.68107373, 4.1420097, 9.3620186, 9.5931997, 9.8128195, 9.8932238, 9.9563713, 19.996595, 19.999104, 19.993797, 19.932053, 0.29141599, 0.34361461, 0.34592915, 0.34812760, 0.34893194, 0.34956363, 0.34998298, 0.34999552, 0.34996897, 0.34966028, 0.68107373
0.24132298, 1.0000000, 0.58450353, 2.8048456, 8.4052982, 9.5353146, 9.7688437, 9.8637009, 9.9408388, 19.994642, 19.998501, 19.986765, 19.915142, 0.27804846, 0.33405298, 0.34535316, 0.34768844, 0.34863701, 0.34940839, 0.34997320, 0.34999251, 0.34993383, 0.34957570, 0.58450353
0.35585016, 1.0000000, 0.99945700, 9.9946251, 9.9967785, 9.9983873, 9.9996777, 9.9998388, 9.9999428, 19.999998, 19.999998, 19.999998, 19.994993, 0.34992534, 0.34995520, 0.34997758, 0.34999552, 0.34999776, 0.34999922, 0.34999999, 0.34999999, 0.34999999, 0.34997496, 0.99945700
0.35600001, 1.0000000, 1.0000000, 9.9999990, 9.9999990, 9.9999990, 9.9999990, 9.9999990, 9.9999990, 19.999998, 19.999998, 19.999998, 19.998999, 0.34999999, 0.34999999, 0.34999999, 0.34999999, 0.34999999, 0.34999999, 0.34999999, 0.34999999, 0.34999999, 0.34999499, 1.0000000
0.32292965, 1.0000000, 0.88017982, 8.0216780, 9.4709425, 9.6893177, 9.9040365, 9.9501534, 9.9811935, 19.998146, 19.999516, 19.999630, 19.975222, 0.33021677, 0.34470943, 0.34689319, 0.34904036, 0.34950155, 0.34981194, 0.34999073, 0.34999758, 0.34999815, 0.34987611, 0.88017982
0.29414305, 1.0000000, 0.77588058, 6.0118618, 9.3868217, 9.6189480, 9.8468199, 9.9163380, 9.9670830, 19.996881, 19.999187, 19.997967, 19.952820, 0.31011862, 0.34386823, 0.34618947, 0.34846818, 0.34916338, 0.34967083, 0.34998441, 0.34999594, 0.34998983, 0.34976411, 0.77588058
0.27727151, 1.0000000, 0.71475178, 4.7765365, 9.4105406, 9.6250992, 9.8274927, 9.9010410, 9.9593477, 19.996780, 19.999157, 19.994051, 19.932829, 0.29775679, 0.34409526, 0.34624580, 0.34827384, 0.34900987, 0.34959328, 0.34998390, 0.34999579, 0.34997025, 0.34966415, 0.71475178
0.32510132, 1.0000000, 0.88804823, 8.2022152, 9.4623508, 9.6527195, 9.8257198, 9.8962622, 9.9549036, 19.996374, 19.998972, 19.987253, 19.915804, 0.33201915, 0.34462142, 0.34652612, 0.34825698, 0.34896249, 0.34954900, 0.34998187, 0.34999487, 0.34993628, 0.34957904, 0.88804823
0.35599202, 1.0000000, 0.99997097, 9.9996004, 9.9997606, 9.9998798, 9.9999752, 9.9999876, 9.9999962, 19.999998, 19.999998, 19.999998, 19.994993, 0.34999600, 0.34999761, 0.34999880, 0.34999976, 0.34999987, 0.34999996, 0.34999999, 0.34999999, 0.34999999, 0.34997496, 0.99997097
0.35600001, 1.0000000, 1.0000000, 9.9999990, 9.9999990, 9.9999990, 9.9999990, 9.9999990, 9.9999990, 19.999998, 19.999998, 19.999998, 19.995989, 0.34999999, 0.34999999, 0.34999999, 0.34999999, 0.34999999, 0.34999999, 0.34999999, 0.34999999, 0.34999999, 0.34997994, 1.0000000
0.34629226, 1.0000000, 0.96482688, 9.4754839, 9.7684155, 9.8764143, 9.9700880, 9.9848709, 9.9945335, 19.999588, 19.999891, 19.999958, 19.988003, 0.34475064, 0.34768155, 0.34876284, 0.34970060, 0.34984860, 0.34994531, 0.34999794, 0.34999946, 0.34999979, 0.34994000, 0.96482688
0.35600001, 1.0000000, 1.0000000, 9.9999990, 9.9999990, 9.9999990, 9.9999990, 9.9999990, 9.9999990, 19.999998, 19.999998, 19.999998, 19.994993, 0.34999999, 0.34999999, 0.34999999, 0.34999999, 0.34999999, 0.34999999, 0.34999999, 0.34999999, 0.34999999, 0.34997496, 1.0000000
0.35508925, 1.0000000, 0.99670011, 9.9999790, 9.9861469, 9.8216009, 9.9462671, 9.9725666, 9.9900131, 19.999249, 19.999802, 19.999886, 19.984043, 0.34999979, 0.34986147, 0.34821600, 0.34946269, 0.34972566, 0.34990013, 0.34999624, 0.34999901, 0.34999943, 0.34992021, 0.99670011
0.34012067, 1.0000000, 0.94246608, 9.1729908, 9.5854893, 9.7663689, 9.9368773, 9.9676886, 9.9882183, 19.999117, 19.999773, 19.999823, 19.981079, 0.34172991, 0.34585488, 0.34766370, 0.34936878, 0.34967688, 0.34988219, 0.34999558, 0.34999886, 0.34999913, 0.34990540, 0.94246608
0.31270722, 1.0000000, 0.84314203, 7.3256345, 9.4210062, 9.6480169, 9.8743324, 9.9330292, 9.9745922, 19.997995, 19.999474, 19.998615, 19.958239, 0.32325634, 0.34421006, 0.34648016, 0.34874332, 0.34933031, 0.34974593, 0.34998998, 0.34999737, 0.34999308, 0.34979120, 0.84314203
0.28236687, 1.0000000, 0.73321331, 5.1826882, 9.3618670, 9.5968752, 9.8232660, 9.9010572, 9.9603033, 19.996708, 19.999132, 19.995256, 19.937544, 0.30182341, 0.34361488, 0.34596682, 0.34823227, 0.34901038, 0.34960297, 0.34998354, 0.34999567, 0.34997627, 0.34968773, 0.73321331
0.25231963, 1.0000000, 0.62434644, 3.0378616, 9.3275099, 9.5651264, 9.7877769, 9.8760586, 9.9474268, 19.995684, 19.998808, 19.989143, 19.919735, 0.28037861, 0.34327510, 0.34565127, 0.34787777, 0.34876058, 0.34947425, 0.34997842, 0.34999403, 0.34994572, 0.34959868, 0.62434644
0.22852427, 1.0000000, 0.53813136, 2.3368478, 7.6528525, 9.5144682, 9.7487764, 9.8491488, 9.9324856, 19.993820, 19.998043, 19.980062, 19.905029, 0.27336848, 0.32652852, 0.34514469, 0.34748775, 0.34849149, 0.34932485, 0.34996909, 0.34999022, 0.34990031, 0.34952515, 0.53813136
0.20822528, 1.0000000, 0.46458432, 1.8311530, 6.0551701, 9.4983511, 9.7310934, 9.8346128, 9.9226646, 19.992603, 19.996941, 19.968548, 19.893328, 0.26831076, 0.31055018, 0.34498233, 0.34731069, 0.34834599, 0.34922662, 0.34996301, 0.34998471, 0.34984273, 0.34946662, 0.46458432
0.19075707, 1.0000000, 0.40129369, 1.4277309, 4.6258001, 9.4848709, 9.7210512, 9.8259306, 9.9160500, 19.991585, 19.994974, 19.955353, 19.884306, 0.26427731, 0.29625800, 0.34484869, 0.34721053, 0.34825930, 0.34916049, 0.34995791, 0.34997487, 0.34977677, 0.34942153, 0.40129369
0.23005672, 1.0000000, 0.54368377, 2.4110734, 7.7254844, 9.5013046, 9.7217417, 9.8240070, 9.9125605, 19.990242, 19.991508, 19.941412, 19.877462, 0.27410981, 0.32725307, 0.34501198, 0.34721720, 0.34823996, 0.34912556, 0.34995121, 0.34995753, 0.34970707, 0.34938732, 0.54368377
0.20956521, 1.0000000, 0.46943912, 1.9106716, 6.0926905, 9.4866142, 9.7161312, 9.8197737, 9.9096088, 19.989368, 19.986298, 19.927692, 19.872389, 0.26910615, 0.31092584, 0.34486532, 0.34716114, 0.34819764, 0.34909606, 0.34994686, 0.34993148, 0.34963846, 0.34936196, 0.46943912
0.25405768, 1.0000000, 0.63064373, 3.1669819, 9.3270912, 9.5691690, 9.7503853, 9.8380861, 9.9160738, 19.988909, 19.979164, 19.914976, 19.868664, 0.28166795, 0.34326759, 0.34568998, 0.34750348, 0.34838068, 0.34916067, 0.34994453, 0.34989583, 0.34957486, 0.34934333, 0.63064373
0.23638372, 1.0000000, 0.56660765, 2.5622129, 8.2142935, 9.5413857, 9.7451382, 9.8361645, 9.9152832, 19.987059, 19.969763, 19.903622, 19.865940, 0.27562213, 0.33214295, 0.34541386, 0.34745139, 0.34836164, 0.34915283, 0.34993529, 0.34984881, 0.34951812, 0.34932971, 0.56660765
0.27873373, 1.0000000, 0.72004974, 4.9776430, 9.2953529, 9.5553446, 9.7524757, 9.8405142, 9.9169741, 19.984756, 19.958731, 19.893959, 19.863960, 0.29977643, 0.34295353, 0.34555346, 0.34752476, 0.34840515, 0.34916973, 0.34992379, 0.34979364, 0.34946978, 0.34931982, 0.72004974
0.33130908, 1.0000000, 0.91054016, 8.5680170, 9.5445385, 9.7403479, 9.9272289, 9.9626007, 9.9861994, 19.998837, 19.999695, 19.999889, 19.986019, 0.33567742, 0.34544355, 0.34740251, 0.34927210, 0.34962592, 0.34986195, 0.34999418, 0.34999847, 0.34999946, 0.34993011, 0.91054016
0.30589202, 1.0000000, 0.81844932, 6.8245807, 9.4312754, 9.6523066, 9.8713751, 9.9309826, 9.9735041, 19.997734, 19.999409, 19.999004, 19.962851, 0.31824580, 0.34431276, 0.34652308, 0.34871376, 0.34930983, 0.34973505, 0.34998867, 0.34999704, 0.34999502, 0.34981424, 0.81844932
0.27247292, 1.0000000, 0.69736558, 4.4965844, 9.3253813, 9.5725718, 9.8103886, 9.8933773, 9.9568386, 19.996172, 19.999004, 19.996143, 19.941631, 0.29495934, 0.34324571, 0.34572157, 0.34810302, 0.34893334, 0.34956825, 0.34998086, 0.34999502, 0.34998071, 0.34970814, 0.69736558
0.24421069, 1.0000000, 0.59496623, 2.8786631, 8.6322813, 9.5367489, 9.7701015, 9.8650274, 9.9417315, 19.994326, 19.998524, 19.990587, 19.923172, 0.27878118, 0.33631298, 0.34536207, 0.34769991, 0.34864971, 0.34941715, 0.34997162, 0.34999263, 0.34995294, 0.34961587, 0.59496623
0.22245976, 1.0000000, 0.51615852, 2.2704720, 7.0365276, 9.5140610, 9.7442760, 9.8450413, 9.9292383, 19.992485, 19.997845, 19.982094, 19.907816, 0.27269381, 0.32034501, 0.34512693, 0.34743994, 0.34844899, 0.34929192, 0.34996241, 0.34998924, 0.34991047, 0.34953907, 0.51615852
0.20154127, 1.0000000, 0.44036689, 1.7190784, 5.4478307, 9.4861097, 9.7225218, 9.8285570, 9.9184637, 19.990602, 19.996681, 19.970982, 19.895512, 0.26717702, 0.30445215, 0.34483832, 0.34722054, 0.34828320, 0.34918383, 0.34995300, 0.34998339, 0.34985492, 0.34947756, 0.44036689
0.18163955, 1.0000000, 0.36825922, 1.2355626, 3.8628845, 9.4603338, 9.7026548, 9.8139400, 9.9091578, 19.988791, 19.994724, 19.958008, 19.885962, 0.26234904, 0.28861648, 0.34458819, 0.34702346, 0.34813783, 0.34909105, 0.34994394, 0.34997362, 0.34979004, 0.34942982, 0.36825922
0.16545483, 1.0000000, 0.30961895, 0.82981586, 2.8711796, 8.8910751, 9.6835957, 9.8004532, 9.9010096, 19.987074, 19.991463, 19.944124, 19.878710, 0.25829354, 0.27870220, 0.33889592, 0.34683272, 0.34800288, 0.34900957, 0.34993535, 0.34995732, 0.34972063, 0.34939355, 0.30961895
0.15387496, 0.89212036, 0.26766288, 0.53862631, 2.4152188, 7.9759140, 9.6788979, 9.7956867, 9.8970137, 19.985544, 19.986496, 19.930283, 19.873283, 0.25538415, 0.27414653, 0.32974979, 0.34678671, 0.34795570, 0.34896976, 0.34992772, 0.34993249, 0.34965140, 0.34936643, 0.26766288
0.14270240, 0.75719965, 0.22718261, 0.29856861, 1.9618988, 6.9903445, 9.6603498, 9.7837381, 9.8908443, 19.984035, 19.979488, 19.917248, 19.869305, 0.25298354, 0.26961058, 0.31988844, 0.34659937, 0.34783530, 0.34890774, 0.34992018, 0.34989744, 0.34958625, 0.34934652, 0.22718261
0.13356701, 0.64687985, 0.19408336, 0.12393296, 1.5949011, 6.0984912, 9.6555119, 9.7796659, 9.8878832, 19.982193, 19.970448, 19.905594, 19.866394, 0.25123900, 0.26594639, 0.31097987, 0.34655353, 0.34779584, 0.34887856, 0.34991097, 0.34985223, 0.34952796, 0.34933197, 0.19408336
0.12513818, 0.54509252, 0.16354412, 0.0000000, 1.2483329, 5.1752672, 9.6377344, 9.7685480, 9.8824673, 19.979757, 19.959667, 19.895569, 19.864283, 0.24999750, 0.26247674, 0.30173904, 0.34637225, 0.34768292, 0.34882382, 0.34989879, 0.34979832, 0.34947783, 0.34932142, 0.16354412
0.11881743, 0.46876258, 0.14064284, 0.0000000, 0.94788373, 4.2537932, 9.6187267, 9.7563658, 9.8765106, 19.976562, 19.947788, 19.887270, 19.862766, 0.24999750, 0.25947446, 0.29252812, 0.34618282, 0.34756139, 0.34876436, 0.34988281, 0.34973896, 0.34943634, 0.34931383, 0.14064284
0.11249641, 0.39242941, 0.11774060, 0.0000000, 0.67068338, 3.2908812, 9.5895481, 9.7376747, 9.8673000, 19.971918, 19.935326, 19.880562, 19.861671, 0.24999750, 0.25669965, 0.28289118, 0.34588522, 0.34737155, 0.34867123, 0.34985960, 0.34967664, 0.34940282, 0.34930837, 0.11774060
0.10703631, 0.32649282, 0.97957641E-1, 0.0000000, 0.41458309, 2.5750608, 9.1535301, 9.7045698, 9.8508787, 19.965897, 19.923115, 19.875280, 19.860897, 0.24999750, 0.25414011, 0.27573287, 0.34152269, 0.34703901, 0.34850651, 0.34982949, 0.34961557, 0.34937641, 0.34930450, 0.97957641E-1
0.10369690, 0.28616577, 0.85858323E-1, 0.0000000, 0.26717484, 2.1657319, 8.6334639, 9.7040558, 9.8481264, 19.958540, 19.911758, 19.871189, 19.860355, 0.24999750, 0.25266948, 0.27164814, 0.33632731, 0.34703645, 0.34847987, 0.34979269, 0.34955880, 0.34935594, 0.34930179, 0.85858323E-1
0.10062630, 0.24908498, 0.74732967E-1, 0.0000000, 0.14914572, 1.7722994, 8.0747499, 9.6903114, 9.8405972, 19.949612, 19.901543, 19.868050, 19.859962, 0.24999750, 0.25149104, 0.26772049, 0.33074522, 0.34690174, 0.34840548, 0.34974808, 0.34950772, 0.34934026, 0.34929982, 0.74732967E-1
0.97954720E-1, 0.21682282, 0.65053351E-1, 0.0000000, 0.66295266E-1, 1.4140427, 7.4768305, 9.6740599, 9.8314161, 19.939661, 19.892715, 19.865685, 19.859663, 0.24999750, 0.25066280, 0.26413888, 0.32476667, 0.34673953, 0.34831381, 0.34969831, 0.34946358, 0.34932843, 0.34929830, 0.65053351E-1
0.95405072E-1, 0.18603300, 0.55815481E-1, 0.0000000, 0.23901463E-2, 1.0666370, 6.7887673, 9.6469030, 9.8163433, 19.928835, 19.885260, 19.863871, 19.859468, 0.24999750, 0.25002390, 0.26066607, 0.31788728, 0.34646878, 0.34816334, 0.34964418, 0.34942630, 0.34931934, 0.34929734, 0.55815481E-1
0.94248109E-1, 0.17206144, 0.51623598E-1, 0.0000000, 0.0000000, 0.88919103, 6.2849045, 9.6836796, 9.8293219, 19.918556, 19.879267, 19.862558, 19.859346, 0.24999750, 0.24999899, 0.25888756, 0.31284288, 0.34683207, 0.34829161, 0.34959278, 0.34939635, 0.34931278, 0.34929675, 0.51623598E-1
0.16696841, 1.0000000, 0.31510288, 2.6599944, 2.1325827, 4.6764512, 9.4582739, 9.7817917, 9.8692436, 19.909256, 19.874620, 19.861618, 19.859346, 0.27659950, 0.27132562, 0.29676428, 0.34458265, 0.34781787, 0.34869242, 0.34954628, 0.34937310, 0.34930807, 0.34929675, 0.31510288
0.15455975, 0.90038997, 0.27014402, 2.1212637, 1.8624932, 3.9741416, 9.6562452, 9.7915144, 9.8757629, 19.899939, 19.870743, 19.860901, 19.859299, 0.27121264, 0.26862493, 0.28974143, 0.34656245, 0.34791514, 0.34875762, 0.34949970, 0.34935373, 0.34930450, 0.34929651, 0.27014402
0.14401029, 0.77299380, 0.23192133, 1.6610533, 1.6114563, 3.4561279, 9.6847343, 9.7936277, 9.8767662, 19.891752, 19.867790, 19.860390, 19.859251, 0.26661053, 0.26611456, 0.28456128, 0.34684736, 0.34793627, 0.34876767, 0.34945875, 0.34933895, 0.34930193, 0.34929627, 0.23192133
0.13205338, 0.62860101, 0.18859917, 1.1424035, 1.2939364, 2.9677958, 9.5174942, 9.7718496, 9.8673611, 19.884893, 19.865562, 19.860046, 19.859222, 0.26142403, 0.26293936, 0.27967796, 0.34517494, 0.34771851, 0.34867361, 0.34942448, 0.34932780, 0.34930024, 0.34929612, 0.18859917
0.12203965, 0.50767446, 0.15231757, 0.71699321, 0.99733472, 2.6346416, 9.1568842, 9.7541704, 9.8578157, 19.878712, 19.863728, 19.859730, 19.859205, 0.25716966, 0.25997311, 0.27634612, 0.34156862, 0.34754157, 0.34857813, 0.34939355, 0.34931862, 0.34929866, 0.34929603, 0.15231757
0.11398806, 0.41044286, 0.12314517, 0.41378140, 0.74053109, 2.2979736, 8.7515888, 9.7358809, 9.8480539, 19.873848, 19.862410, 19.859535, 19.859194, 0.25413674, 0.25740415, 0.27297795, 0.33751452, 0.34735808, 0.34848025, 0.34936923, 0.34931204, 0.34929767, 0.34929597, 0.12314517
0.15216830, 0.87151062, 0.26147935, 1.8260270, 1.8985957, 4.3373351, 9.5293112, 9.7726994, 9.8599577, 19.870222, 19.861496, 19.859442, 19.859180, 0.26825818, 0.26898465, 0.29337186, 0.34529245, 0.34772667, 0.34859946, 0.34935111, 0.34930748, 0.34929723, 0.34929591, 0.26147935
0.14547497, 0.79068130, 0.23722813, 1.5810847, 1.7422199, 3.8145287, 9.6856613, 9.7983990, 9.8694420, 19.867666, 19.860903, 19.859442, 19.859180, 0.26581085, 0.26742220, 0.28814530, 0.34685662, 0.34798399, 0.34869441, 0.34933832, 0.34930450, 0.34929723, 0.34929591, 0.23722813
0.13703689, 0.68878239, 0.20665538, 1.2476355, 1.5175343, 3.3407791, 9.6930065, 9.7938290, 9.8677397, 19.865360, 19.860386, 19.859394, 19.859175, 0.26246846, 0.26516956, 0.28340146, 0.34692636, 0.34793642, 0.34867677, 0.34932679, 0.34930193, 0.34929699, 0.34929588, 0.20665538
0.12881352, 0.58947635, 0.17686060, 0.91979802, 1.2779146, 2.9516280, 9.5676384, 9.7833052, 9.8631163, 19.863356, 19.859936, 19.859343, 19.859163, 0.25919247, 0.26277456, 0.27951097, 0.34567297, 0.34783128, 0.34863058, 0.34931678, 0.34929967, 0.34929672, 0.34929582, 0.17686060
0.12144661, 0.50051278, 0.15016885, 0.62251687, 1.0416985, 2.6943536, 9.2767563, 9.7717600, 9.8576384, 19.861433, 19.859537, 19.859270, 19.859144, 0.25622129, 0.26041308, 0.27693850, 0.34276411, 0.34771577, 0.34857574, 0.34930718, 0.34929770, 0.34929636, 0.34929574, 0.15016885
0.11509064, 0.42375761, 0.12714000, 0.38786530, 0.82747042, 2.4351926, 8.9610767, 9.7606764, 9.8524132, 19.860020, 19.859276, 19.859207, 19.859121, 0.25387409, 0.25826886, 0.27434331, 0.33960441, 0.34760332, 0.34852296, 0.34930009, 0.34929639, 0.34929603, 0.34929562, 0.12714000
0.10954163, 0.35674730, 0.10703490, 0.20373464, 0.63153505, 2.1700740, 8.6129313, 9.7483368, 9.8467197, 19.858881, 19.859024, 19.859135, 19.859104, 0.25203529, 0.25631154, 0.27169415, 0.33612409, 0.34748042, 0.34846622, 0.34929439, 0.34929511, 0.34929568, 0.34929553, 0.10703490
0.10514077, 0.30360210, 0.91089740E-1, 0.82227588E-1, 0.46815574, 1.9130647, 8.2415133, 9.7361898, 9.8412962, 19.858168, 19.858828, 19.859081, 19.859081, 0.25082186, 0.25468013, 0.26912773, 0.33241260, 0.34736040, 0.34841245, 0.34929085, 0.34929413, 0.34929541, 0.34929541, 0.91089740E-1
0.10106324, 0.25436145, 0.76316066E-1, 0.0000000, 0.30798316, 1.6171843, 7.7846289, 9.7104654, 9.8302269, 19.857553, 19.858658, 19.859022, 19.859064, 0.24999051, 0.25307783, 0.26616660, 0.32784125, 0.34710151, 0.34830120, 0.34928778, 0.34929329, 0.34929511, 0.34929532, 0.76316066E-1
0.98904110E-1, 0.22828767, 0.68493150E-1, 0.0000000, 0.20710230, 1.3850868, 7.3449492, 9.7079887, 9.8281441, 19.857353, 19.858616, 19.858980, 19.859051, 0.24999051, 0.25207028, 0.26384833, 0.32344681, 0.34707811, 0.34828085, 0.34928676, 0.34929308, 0.34929490, 0.34929526, 0.68493150E-1
0.97248212E-1, 0.20829093, 0.62493533E-1, 0.0000000, 0.14191568, 1.1979491, 6.9303360, 9.7138500, 9.8299284, 19.857370, 19.858652, 19.858955, 19.859045, 0.24999051, 0.25141829, 0.26197580, 0.31929907, 0.34713548, 0.34829828, 0.34928685, 0.34929326, 0.34929478, 0.34929523, 0.62493533E-1
0.95832661E-1, 0.19119656, 0.57364706E-1, 0.0000000, 0.81878901E-1, 1.0481238, 6.5665364, 9.7225895, 9.8334322, 19.857037, 19.858561, 19.858904, 19.859028, 0.24999051, 0.25081792, 0.26047575, 0.31565848, 0.34722081, 0.34833258, 0.34928519, 0.34929281, 0.34929451, 0.34929514, 0.57364706E-1
0.94668984E-1, 0.17714392, 0.53148489E-1, 0.0000000, 0.49203634E-1, 0.90768635, 6.1924171, 9.7183180, 9.8322248, 19.857176, 19.858545, 19.858881, 19.859022, 0.24999051, 0.25049141, 0.25907117, 0.31191641, 0.34717709, 0.34832019, 0.34928587, 0.34929273, 0.34929439, 0.34929511, 0.53148489E-1
0.93958050E-1, 0.16855860, 0.50572637E-1, 0.0000000, 0.39356947E-1, 0.81594288, 5.8793163, 9.7348080, 9.8389263, 19.857590, 19.858566, 19.858881, 19.859022, 0.24999051, 0.25039330, 0.25815660, 0.30878907, 0.34734470, 0.34838814, 0.34928796, 0.34929281, 0.34929439, 0.34929511, 0.50572637E-1
0.92758685E-1, 0.15407497, 0.46227112E-1, 0.0000000, 0.0000000, 0.68341196, 5.5022578, 9.7111444, 9.8298864, 19.857067, 19.858410, 19.858828, 19.859005, 0.24999051, 0.24999414, 0.25682849, 0.30501351, 0.34710345, 0.34829614, 0.34928533, 0.34929204, 0.34929413, 0.34929502, 0.46227112E-1
0.92195019E-1, 0.14726807, 0.44184841E-1, 0.0000000, 0.0000000, 0.60525835, 5.1975064, 9.7354050, 9.8384733, 19.856892, 19.858366, 19.858805, 19.858986, 0.24999051, 0.24999414, 0.25604868, 0.30196840, 0.34734780, 0.34838262, 0.34928447, 0.34929183, 0.34929401, 0.34929493, 0.44184841E-1
0.91362238E-1, 0.13721143, 0.41167546E-1, 0.0000000, 0.0000000, 0.48620999, 4.8081717, 9.6973114, 9.8240299, 19.856249, 19.858208, 19.858757, 19.858969, 0.24999051, 0.24999414, 0.25485876, 0.29807511, 0.34696645, 0.34823805, 0.34928125, 0.34929103, 0.34929377, 0.34929484, 0.41167546E-1
0.90616755E-1, 0.12820886, 0.38466506E-1, 0.0000000, 0.0000000, 0.39007962, 4.3960180, 9.6868067, 9.8185101, 19.856020, 19.858166, 19.858707, 19.858952, 0.24999051, 0.24999414, 0.25389609, 0.29394954, 0.34685636, 0.34818113, 0.34928009, 0.34929082, 0.34929353, 0.34929475, 0.38466506E-1
0.89896485E-1, 0.11951079, 0.35856824E-1, 0.0000000, 0.0000000, 0.30672252, 3.9525740, 9.6711311, 9.8113680, 19.856112, 19.858147, 19.858673, 19.858940, 0.24999051, 0.24999414, 0.25306219, 0.28951272, 0.34669539, 0.34810829, 0.34928057, 0.34929073, 0.34929335, 0.34929469, 0.35856824E-1
0.89093097E-1, 0.10980905, 0.32946009E-1, 0.0000000, 0.0000000, 0.22026896, 3.4329357, 9.6371536, 9.7960348, 19.855965, 19.858076, 19.858662, 19.858923, 0.24999051, 0.24999414, 0.25219935, 0.28431892, 0.34635690, 0.34795541, 0.34927982, 0.34929037, 0.34929329, 0.34929460, 0.32946009E-1
0.88402733E-1, 0.10147217, 0.30444695E-1, 0.0000000, 0.0000000, 0.15248358, 2.9833198, 9.5464039, 9.7901049, 19.855806, 19.858034, 19.858614, 19.858923, 0.24999051, 0.24999414, 0.25152290, 0.27982566, 0.34545201, 0.34789693, 0.34927905, 0.34929016, 0.34929305, 0.34929460, 0.30444695E-1
0.87853335E-1, 0.94837569E-1, 0.28454117E-1, 0.0000000, 0.0000000, 0.97435713E-1, 2.7984290, 9.1412554, 9.7799730, 19.855778, 19.858023, 19.858566, 19.858923, 0.24999051, 0.24999414, 0.25097340, 0.27797881, 0.34140360, 0.34779653, 0.34927890, 0.34929010, 0.34929281, 0.34929460, 0.28454117E-1
0.87355241E-1, 0.88822588E-1, 0.26649442E-1, 0.0000000, 0.0000000, 0.53104758E-1, 2.6213825, 8.7394190, 9.7750845, 19.855522, 19.857929, 19.858566, 19.858923, 0.24999051, 0.24999414, 0.25052994, 0.27620301, 0.33737612, 0.34774411, 0.34927762, 0.34928966, 0.34929281, 0.34929460, 0.26649442E-1
0.86931728E-1, 0.83708152E-1, 0.25114957E-1, 0.0000000, 0.0000000, 0.21150708E-1, 2.4608641, 8.3575554, 9.7762480, 19.855347, 19.857904, 19.858566, 19.858923, 0.24999051, 0.24999414, 0.25021088, 0.27459434, 0.33355123, 0.34775299, 0.34927672, 0.34928954, 0.34929281, 0.34929460, 0.25114957E-1
0.86553007E-1, 0.79134732E-1, 0.23742795E-1, 0.0000000, 0.0000000, 0.0000000, 2.3014398, 7.9708900, 9.7736769, 19.855230, 19.857893, 19.858566, 19.858923, 0.24999051, 0.24999414, 0.24999826, 0.27300650, 0.32969522, 0.34773120, 0.34927616, 0.34928948, 0.34929281, 0.34929460, 0.23742795E-1
0.86281687E-1, 0.75858250E-1, 0.22759750E-1, 0.0000000, 0.0000000, 0.0000000, 2.1565228, 7.6051602, 9.7749414, 19.855116, 19.857883, 19.858566, 19.858923, 0.24999051, 0.24999414, 0.24999826, 0.27155688, 0.32603687, 0.34774309, 0.34927559, 0.34928942, 0.34929281, 0.34929460, 0.22759750E-1
0.85995063E-1, 0.72396889E-1, 0.21721238E-1, 0.0000000, 0.0000000, 0.0000000, 2.0044923, 7.2198620, 9.7684898, 19.854910, 19.857836, 19.858561, 19.858923, 0.24999051, 0.24999414, 0.24999826, 0.27003464, 0.32218012, 0.34767655, 0.34927455, 0.34928918, 0.34929281, 0.34929460, 0.21721238E-1
0.85720539E-1, 0.69081768E-1, 0.20726603E-1, 0.0000000, 0.0000000, 0.0000000, 1.8620729, 6.8413019, 9.7664118, 19.854816, 19.857811, 19.858561, 19.858923, 0.24999051, 0.24999414, 0.24999826, 0.26861301, 0.31839886, 0.34765738, 0.34927410, 0.34928906, 0.34929281, 0.34929460, 0.20726603E-1
0.85445739E-1, 0.65763257E-1, 0.19730952E-1, 0.0000000, 0.0000000, 0.0000000, 1.7220676, 6.4582682, 9.7619905, 19.854734, 19.857788, 19.858561, 19.858923, 0.24999051, 0.24999414, 0.24999826, 0.26721486, 0.31457180, 0.34761441, 0.34927368, 0.34928894, 0.34929281, 0.34929460, 0.19730952E-1
0.85165471E-1, 0.62378738E-1, 0.18715493E-1, 0.0000000, 0.0000000, 0.0000000, 1.5833199, 6.0607014, 9.7553186, 19.854910, 19.857836, 19.858566, 19.858923, 0.24999051, 0.24999414, 0.24999826, 0.26582822, 0.31059748, 0.34754807, 0.34927455, 0.34928918, 0.34929281, 0.34929460, 0.18715493E-1
0.84971040E-1, 0.60030710E-1, 0.18011015E-1, 0.0000000, 0.0000000, 0.0000000, 1.4944702, 5.7608180, 9.7745447, 19.855499, 19.858011, 19.858566, 19.858923, 0.24999051, 0.24999414, 0.24999826, 0.26494330, 0.30760550, 0.34774393, 0.34927750, 0.34929007, 0.34929281, 0.34929460, 0.18011015E-1
0.84752209E-1, 0.57388112E-1, 0.17218156E-1, 0.0000000, 0.0000000, 0.0000000, 1.3912559, 5.4397607, 9.7697163, 19.855701, 19.858034, 19.858566, 19.858923, 0.24999051, 0.24999414, 0.24999826, 0.26391238, 0.30439728, 0.34769696, 0.34927851, 0.34929016, 0.34929281, 0.34929460, 0.17218156E-1
0.84523670E-1, 0.54628216E-1, 0.16390104E-1, 0.0000000, 0.0000000, 0.0000000, 1.2839466, 5.1076379, 9.7637520, 19.855429, 19.857929, 19.858566, 19.858923, 0.24999051, 0.24999414, 0.24999826, 0.26283181, 0.30106112, 0.34762782, 0.34927714, 0.34928966, 0.34929281, 0.34929460, 0.16390104E-1
0.84240772E-1, 0.51211972E-1, 0.15365128E-1, 0.0000000, 0.0000000, 0.0000000, 1.1520118, 4.6938782, 9.7382507, 19.855358, 19.857929, 19.858566, 19.858923, 0.24999051, 0.24999414, 0.24999826, 0.26151887, 0.29693621, 0.34738073, 0.34927678, 0.34928966, 0.34929281, 0.34929460, 0.15365128E-1
0.83965726E-1, 0.47890466E-1, 0.14368577E-1, 0.0000000, 0.0000000, 0.0000000, 1.0315686, 4.2736540, 9.7283077, 19.855545, 19.857977, 19.858566, 19.858923, 0.24999051, 0.24999414, 0.24999826, 0.26031458, 0.29273424, 0.34728131, 0.34927773, 0.34928989, 0.34929281, 0.34929460, 0.14368577E-1
0.83699927E-1, 0.44680677E-1, 0.13405544E-1, 0.0000000, 0.0000000, 0.0000000, 0.91908574, 3.8578279, 9.7235489, 19.855606, 19.857977, 19.858566, 19.858923, 0.24999051, 0.24999414, 0.24999826, 0.25919053, 0.28857759, 0.34723493, 0.34927803, 0.34928989, 0.34929281, 0.34929460, 0.13405544E-1
0.83513245E-1, 0.42426284E-1, 0.12729159E-1, 0.0000000, 0.0000000, 0.0000000, 0.84438622, 3.5480738, 9.7482424, 19.855429, 19.857929, 19.858566, 19.858923, 0.24999051, 0.24999414, 0.24999826, 0.25844353, 0.28548005, 0.34748179, 0.34927714, 0.34928966, 0.34929281, 0.34929460, 0.12729159E-1
0.83334416E-1, 0.40266711E-1, 0.12081222E-1, 0.0000000, 0.0000000, 0.0000000, 0.76981485, 3.2647426, 9.7553110, 19.854816, 19.857786, 19.858540, 19.858923, 0.24999051, 0.24999414, 0.24999826, 0.25769401, 0.28263867, 0.34754437, 0.34927410, 0.34928894, 0.34929270, 0.34929460, 0.12081222E-1
0.83154343E-1, 0.38092107E-1, 0.11428775E-1, 0.0000000, 0.0000000, 0.0000000, 0.69268942, 2.9963226, 9.7184010, 19.854439, 19.857693, 19.858551, 19.858923, 0.24999051, 0.24999414, 0.24999826, 0.25692287, 0.27995455, 0.34717461, 0.34927219, 0.34928846, 0.34929276, 0.34929460, 0.11428775E-1
0.82984947E-1, 0.36046468E-1, 0.10815023E-1, 0.0000000, 0.0000000, 0.0000000, 0.60545206, 2.8292239, 9.5142622, 19.854084, 19.857574, 19.858545, 19.858923, 0.24999051, 0.24999414, 0.24999826, 0.25605157, 0.27828535, 0.34513494, 0.34927040, 0.34928787, 0.34929273, 0.34929460, 0.10815023E-1
0.82800649E-1, 0.33820860E-1, 0.10147273E-1, 0.0000000, 0.0000000, 0.0000000, 0.51608682, 2.6415706, 9.2792873, 19.853842, 19.857515, 19.858551, 19.858923, 0.24999051, 0.24999414, 0.24999826, 0.25515729, 0.27640653, 0.34278211, 0.34926921, 0.34928757, 0.34929276, 0.34929460, 0.10147273E-1
0.82638383E-1, 0.31861398E-1, 0.95593762E-2, 0.0000000, 0.0000000, 0.0000000, 0.44302344, 2.4708688, 9.0539370, 19.854055, 19.857571, 19.858566, 19.858923, 0.24999051, 0.24999414, 0.24999826, 0.25442690, 0.27469939, 0.34052798, 0.34927028, 0.34928787, 0.34929281, 0.34929460, 0.95593762E-2
0.82507260E-1, 0.30277938E-1, 0.90842899E-2, 0.0000000, 0.0000000, 0.0000000, 0.38645864, 2.3307204, 8.8581705, 19.854321, 19.857647, 19.858566, 19.858923, 0.24999051, 0.24999414, 0.24999826, 0.25386432, 0.27330640, 0.33858070, 0.34927160, 0.34928823, 0.34929281, 0.34929460, 0.90842899E-2
0.82363486E-1, 0.28541649E-1, 0.85633509E-2, 0.0000000, 0.0000000, 0.0000000, 0.32703876, 2.1762490, 8.6382170, 19.854298, 19.857622, 19.858561, 19.858923, 0.24999051, 0.24999414, 0.24999826, 0.25326917, 0.27175841, 0.33637679, 0.34927148, 0.34928811, 0.34929281, 0.34929460, 0.85633509E-2
0.82250699E-1, 0.27179647E-1, 0.81547098E-2, 0.0000000, 0.0000000, 0.0000000, 0.28031170, 2.0579278, 8.4600105, 19.854084, 19.857553, 19.858555, 19.858923, 0.24999051, 0.24999414, 0.24999826, 0.25280029, 0.27056888, 0.33458585, 0.34927040, 0.34928778, 0.34929278, 0.34929460, 0.81547098E-2
0.82124934E-1, 0.25660895E-1, 0.76990384E-2, 0.0000000, 0.0000000, 0.0000000, 0.23308694, 1.9190937, 8.2463961, 19.854055, 19.857553, 19.858555, 19.858923, 0.24999051, 0.24999414, 0.24999826, 0.25232917, 0.26918393, 0.33245394, 0.34927028, 0.34928778, 0.34929278, 0.34929460, 0.76990384E-2
0.82030304E-1, 0.24518134E-1, 0.73561762E-2, 0.0000000, 0.0000000, 0.0000000, 0.19184351, 1.8243760, 8.0937901, 19.853266, 19.857380, 19.858521, 19.858898, 0.24999051, 0.24999414, 0.24999826, 0.25191638, 0.26823395, 0.33092338, 0.34926632, 0.34928691, 0.34929261, 0.34929448, 0.73561762E-2
0.81932217E-1, 0.23333630E-1, 0.70007890E-2, 0.0000000, 0.0000000, 0.0000000, 0.15160441, 1.7230093, 7.9270611, 19.852629, 19.857233, 19.858521, 19.858875, 0.24999051, 0.24999414, 0.24999826, 0.25151473, 0.26722270, 0.32925928, 0.34926313, 0.34928617, 0.34929261, 0.34929436, 0.70007890E-2
0.81812099E-1, 0.21883095E-1, 0.65655848E-2, 0.0000000, 0.0000000, 0.0000000, 0.11164844, 1.5877634, 7.6996145, 19.852350, 19.857193, 19.858534, 19.858856, 0.24999051, 0.24999414, 0.24999826, 0.25111607, 0.26587465, 0.32699132, 0.34926176, 0.34928596, 0.34929267, 0.34929428, 0.65655848E-2
0.81701607E-1, 0.20548733E-1, 0.61652367E-2, 0.0000000, 0.0000000, 0.0000000, 0.78439713E-1, 1.4618933, 7.4760962, 19.852282, 19.857176, 19.858534, 19.858833, 0.24999051, 0.24999414, 0.24999826, 0.25078401, 0.26461530, 0.32475477, 0.34926140, 0.34928587, 0.34929267, 0.34929416, 0.61652367E-2
0.81613846E-1, 0.19488990E-1, 0.58472818E-2, 0.0000000, 0.0000000, 0.0000000, 0.42021275E-1, 1.3757229, 7.3192067, 19.851255, 19.856922, 19.858456, 19.858828, 0.24999051, 0.24999414, 0.24999826, 0.25041974, 0.26374957, 0.32317850, 0.34925628, 0.34928462, 0.34929228, 0.34929413, 0.58472818E-2
0.81499547E-1, 0.18108694E-1, 0.54331515E-2, 0.0000000, 0.0000000, 0.0000000, 0.0000000, 1.2565881, 7.1023917, 19.849625, 19.856516, 19.858335, 19.858805, 0.24999051, 0.24999414, 0.24999826, 0.24999976, 0.26255390, 0.32100132, 0.34924811, 0.34928256, 0.34929168, 0.34929401, 0.54331515E-2
0.81408255E-1, 0.17006198E-1, 0.51023695E-2, 0.0000000, 0.0000000, 0.0000000, 0.0000000, 1.1214852, 6.8443055, 19.848026, 19.856079, 19.858194, 19.858805, 0.24999051, 0.24999414, 0.24999826, 0.24999976, 0.26120687, 0.31842679, 0.34924012, 0.34928039, 0.34929097, 0.34929401, 0.51023695E-2
0.81320390E-1, 0.15945202E-1, 0.47840392E-2, 0.0000000, 0.0000000, 0.0000000, 0.0000000, 0.99646449, 6.5852604, 19.847225, 19.855860, 19.858143, 19.858805, 0.24999051, 0.24999414, 0.24999826, 0.24999976, 0.25995201, 0.31582475, 0.34923613, 0.34927928, 0.34929073, 0.34929401, 0.47840392E-2
0.81219785E-1, 0.14730243E-1, 0.44195149E-2, 0.0000000, 0.0000000, 0.0000000, 0.0000000, 0.85563660, 6.2799611, 19.845575, 19.855406, 19.858030, 19.858768, 0.24999051, 0.24999414, 0.24999826, 0.24999976, 0.25854197, 0.31276438, 0.34922788, 0.34927702, 0.34929016, 0.34929383, 0.44195149E-2
0.81128567E-1, 0.13628735E-1, 0.40890295E-2, 0.0000000, 0.0000000, 0.0000000, 0.0000000, 0.73193312, 5.9876494, 19.844385, 19.855087, 19.857973, 19.858757, 0.24999051, 0.24999414, 0.24999826, 0.24999976, 0.25730991, 0.30985084, 0.34922192, 0.34927544, 0.34928986, 0.34929377, 0.40890295E-2
0.81046574E-1, 0.12638528E-1, 0.37919376E-2, 0.0000000, 0.0000000, 0.0000000, 0.0000000, 0.62540770, 5.7116013, 19.843737, 19.854940, 19.857931, 19.858757, 0.24999051, 0.24999414, 0.24999826, 0.24999976, 0.25624755, 0.30709609, 0.34921867, 0.34927469, 0.34928966, 0.34929377, 0.37919376E-2
0.80973469E-1, 0.11755682E-1, 0.35270574E-2, 0.0000000, 0.0000000, 0.0000000, 0.0000000, 0.53564906, 5.4498372, 19.843996, 19.855005, 19.857954, 19.858757, 0.24999051, 0.24999414, 0.24999826, 0.24999976, 0.25535232, 0.30448419, 0.34921998, 0.34927502, 0.34928977, 0.34929377, 0.35270574E-2
0.80886021E-1, 0.10699692E-1, 0.32102289E-2, 0.0000000, 0.0000000, 0.0000000, 0.0000000, 0.43467283, 5.1176400, 19.844219, 19.855064, 19.857979, 19.858757, 0.24999051, 0.24999414, 0.24999826, 0.24999976, 0.25434500, 0.30116957, 0.34922111, 0.34927532, 0.34928989, 0.34929377, 0.32102289E-2
0.80805883E-1, 0.97319586E-2, 0.29198797E-2, 0.0000000, 0.0000000, 0.0000000, 0.0000000, 0.34865439, 4.7959180, 19.844620, 19.855171, 19.858030, 19.858757, 0.24999051, 0.24999414, 0.24999826, 0.24999976, 0.25348374, 0.29794636, 0.34922311, 0.34927586, 0.34929016, 0.34929377, 0.29198797E-2
0.80727592E-1, 0.87864511E-2, 0.26361989E-2, 0.0000000, 0.0000000, 0.0000000, 0.0000000, 0.27185082, 4.4598804, 19.845280, 19.855343, 19.858095, 19.858757, 0.24999051, 0.24999414, 0.24999826, 0.24999976, 0.25271493, 0.29457918, 0.34922642, 0.34927672, 0.34929049, 0.34929377, 0.26361989E-2
0.80660842E-1, 0.79803774E-2, 0.23943528E-2, 0.0000000, 0.0000000, 0.0000000, 0.0000000, 0.21369159, 4.1481161, 19.846659, 19.855690, 19.858183, 19.858757, 0.24999051, 0.24999414, 0.24999826, 0.24999976, 0.25213641, 0.29147783, 0.34923330, 0.34927845, 0.34929091, 0.34929377, 0.23943528E-2
0.80587536E-1, 0.70951940E-2, 0.21287710E-2, 0.0000000, 0.0000000, 0.0000000, 0.0000000, 0.15519559, 3.7924888, 19.847282, 19.855867, 19.858183, 19.858757, 0.24999051, 0.24999414, 0.24999826, 0.24999976, 0.25155148, 0.28792098, 0.34923643, 0.34927934, 0.34929091, 0.34929377, 0.21287710E-2
0.80550887E-1, 0.66525796E-2, 0.19959735E-2, 0.0000000, 0.0000000, 0.0000000, 0.0000000, 0.12988150, 3.6036792, 19.848839, 19.856268, 19.858236, 19.858757, 0.24999051, 0.24999414, 0.24999826, 0.24999976, 0.25129768, 0.28602642, 0.34924418, 0.34928134, 0.34929118, 0.34929377, 0.19959735E-2
0.80521300E-1, 0.62953350E-2, 0.18887894E-2, 0.0000000, 0.0000000, 0.0000000, 0.0000000, 0.10979176, 3.4482026, 19.849947, 19.856516, 19.858294, 19.858757, 0.24997933, 0.24999414, 0.24999826, 0.24999976, 0.25109792, 0.28448203, 0.34924972, 0.34928256, 0.34929147, 0.34929377, 0.18887894E-2
0.80469750E-1, 0.56727221E-2, 0.17019869E-2, 0.0000000, 0.0000000, 0.0000000, 0.0000000, 0.80531836E-1, 3.1639252, 19.850801, 19.856745, 19.858349, 19.858757, 0.24997933, 0.24999414, 0.24999826, 0.24999976, 0.25080436, 0.28162664, 0.34925401, 0.34928373, 0.34929174, 0.34929377, 0.17019869E-2
0.80407120E-1, 0.49164644E-2, 0.14750869E-2, 0.0000000, 0.0000000, 0.0000000, 0.0000000, 0.46774745E-1, 2.8098493, 19.837151, 19.856699, 19.858330, 19.858757, 0.24997933, 0.24999414, 0.24999826, 0.24999976, 0.25046775, 0.27809849, 0.34918576, 0.34928349, 0.34929165, 0.34929377, 0.14750869E-2
0.82621068E-1, 0.31652272E-1, 0.94966311E-2, 0.16178489, 0.0000000, 0.0000000, 0.0000000, 0.36147237E-1, 2.7466416, 19.811083, 19.856867, 19.858389, 19.858757, 0.25161383, 0.24999414, 0.24999826, 0.24999976, 0.25036144, 0.27746573, 0.34905541, 0.34928435, 0.34929195, 0.34929377, 0.94966311E-2
0.80368221E-1, 0.44466676E-2, 0.13341338E-2, 0.0000000, 0.0000000, 0.0000000, 0.0000000, 0.14489889E-1, 2.6259451, 19.782938, 19.856527, 19.858288, 19.858757, 0.24993914, 0.24999414, 0.24999826, 0.24999976, 0.25014472, 0.27624851, 0.34891468, 0.34928262, 0.34929144, 0.34929377, 0.13341338E-2
0.80336154E-1, 0.40594055E-2, 0.12179435E-2, 0.0000000, 0.0000000, 0.0000000, 0.0000000, 0.0000000, 2.4370670, 19.755764, 19.856489, 19.858284, 19.858757, 0.24993914, 0.24999414, 0.24999826, 0.24999976, 0.24999999, 0.27435887, 0.34877881, 0.34928244, 0.34929141, 0.34929377, 0.12179435E-2
0.80308676E-1, 0.37276244E-2, 0.11183992E-2, 0.0000000, 0.0000000, 0.0000000, 0.0000000, 0.0000000, 2.2372067, 19.728052, 19.856337, 19.858231, 19.858757, 0.24993914, 0.24999414, 0.24999826, 0.24999976, 0.24999999, 0.27236798, 0.34864026, 0.34928167, 0.34929115, 0.34929377, 0.11183992E-2
0.80277525E-1, 0.33514677E-2, 0.10055408E-2, 0.0000000, 0.0000000, 0.0000000, 0.0000000, 0.0000000, 2.0115762, 19.701128, 19.856421, 19.858236, 19.858757, 0.24993914, 0.24999414, 0.24999826, 0.24999976, 0.24999999, 0.27011082, 0.34850565, 0.34928209, 0.34929118, 0.34929377, 0.10055408E-2
0.80254421E-1, 0.30724665E-2, 0.92183211E-3, 0.0000000, 0.0000000, 0.0000000, 0.0000000, 0.0000000, 1.8437654, 19.674883, 19.856596, 19.858294, 19.858757, 0.24993914, 0.24999414, 0.24999826, 0.24999976, 0.24999999, 0.26843664, 0.34837443, 0.34928298, 0.34929147, 0.34929377, 0.92183211E-3
0.80222934E-1, 0.26922019E-2, 0.80774137E-3, 0.0000000, 0.0000000, 0.0000000, 0.0000000, 0.0000000, 1.6156077, 19.648802, 19.856779, 19.858335, 19.858757, 0.24993914, 0.24999414, 0.24999826, 0.24999976, 0.24999999, 0.26615483, 0.34824401, 0.34928390, 0.34929168, 0.34929377, 0.80774137E-3
0.80200136E-1, 0.24168908E-2, 0.72513975E-3, 0.0000000, 0.0000000, 0.0000000, 0.0000000, 0.0000000, 1.4502794, 19.620796, 19.856489, 19.858250, 19.858757, 0.24993914, 0.24999414, 0.24999826, 0.24999976, 0.24999999, 0.26450279, 0.34810397, 0.34928244, 0.34929127, 0.34929377, 0.72513975E-3
0.80173127E-1, 0.20907221E-2, 0.62727934E-3, 0.0000000, 0.0000000, 0.0000000, 0.0000000, 0.0000000, 1.2558728, 19.590662, 19.855818, 19.858095, 19.858757, 0.24993914, 0.24999414, 0.24999826, 0.24999976, 0.24999999, 0.26254559, 0.34795332, 0.34927911, 0.34929049, 0.34929377, 0.62727934E-3
0.80140702E-1, 0.16991983E-2, 0.50981046E-3, 0.0000000, 0.0000000, 0.0000000, 0.0000000, 0.0000000, 1.0209113, 19.561152, 19.855465, 19.858036, 19.858757, 0.24993914, 0.24999414, 0.24999826, 0.24999976, 0.24999999, 0.26019621, 0.34780577, 0.34927732, 0.34929019, 0.34929377, 0.50981046E-3
0.81384301E-1, 0.16716976E-1, 0.50155944E-2, 0.91588497E-1, 0.0000000, 0.0000000, 0.0000000, 0.0000000, 0.99197328, 19.534018, 19.855774, 19.858166, 19.858757, 0.25090393, 0.24999414, 0.24999826, 0.24999976, 0.24999999, 0.25991845, 0.34767008, 0.34927887, 0.34929082, 0.34929377, 0.50155944E-2
0.91503292E-1, 0.13891478, 0.41678604E-1, 0.82440674, 0.0000000, 0.0000000, 0.0000000, 0.0000000, 0.98210275, 19.506466, 19.855913, 19.858171, 19.858757, 0.25823751, 0.24999414, 0.24999826, 0.24999976, 0.24999999, 0.25982094, 0.34753233, 0.34927958, 0.34929085, 0.34929377, 0.41678604E-1
0.83043709E-1, 0.36756109E-1, 0.11027936E-1, 0.21139979, 0.0000000, 0.0000000, 0.0000000, 0.0000000, 0.96419156, 19.476620, 19.855478, 19.858047, 19.858757, 0.25210917, 0.24999414, 0.24999826, 0.24999976, 0.24999999, 0.25964171, 0.34738308, 0.34927738, 0.34929025, 0.34929377, 0.11027936E-1
0.80120720E-1, 0.14578336E-2, 0.43739381E-3, 0.0000000, 0.0000000, 0.0000000, 0.0000000, 0.0000000, 0.87625384, 19.447981, 19.855453, 19.858072, 19.858757, 0.24983679, 0.24999414, 0.24999826, 0.24999976, 0.24999999, 0.25874788, 0.34723991, 0.34927726, 0.34929037, 0.34929377, 0.43739381E-3
0.80114581E-1, 0.13836679E-2, 0.41514190E-3, 0.0000000, 0.0000000, 0.0000000, 0.0000000, 0.0000000, 0.83028376, 19.422258, 19.856079, 19.858208, 19.858757, 0.24983679, 0.24999414, 0.24999826, 0.24999976, 0.24999999, 0.25830284, 0.34711128, 0.34928039, 0.34929103, 0.34929377, 0.41514190E-3
0.80088884E-1, 0.10733823E-2, 0.32204689E-3, 0.0000000, 0.0000000, 0.0000000, 0.0000000, 0.0000000, 0.64409375, 19.394529, 19.856060, 19.858189, 19.858757, 0.24983679, 0.24999414, 0.24999826, 0.24999976, 0.24999999, 0.25644094, 0.34697264, 0.34928030, 0.34929094, 0.34929377, 0.32204689E-3
0.80051959E-1, 0.62750466E-3, 0.18827022E-3, 0.0000000, 0.0000000, 0.0000000, 0.0000000, 0.0000000, 0.37658811, 19.366598, 19.855997, 19.858177, 19.858757, 0.24983679, 0.24999414, 0.24999826, 0.24999976, 0.24999999, 0.25376540, 0.34683299, 0.34928000, 0.34929088, 0.34929377, 0.18827022E-3
0.80027938E-1, 0.33744279E-3, 0.10124296E-3, 0.0000000, 0.0000000, 0.0000000, 0.0000000, 0.0000000, 0.20263195, 19.339527, 19.856150, 19.858194, 19.858757, 0.24983679, 0.24999414, 0.24999826, 0.24999976, 0.24999999, 0.25202486, 0.34669763, 0.34928074, 0.34929097, 0.34929377, 0.10124296E-3
0.80007367E-1, 0.89025540E-4, 0.26710333E-4, 0.0000000, 0.0000000, 0.0000000, 0.0000000, 0.0000000, 0.53930283E-1, 19.313324, 19.856441, 19.858267, 19.858757, 0.24983679, 0.24999414, 0.24999826, 0.24999976, 0.24999999, 0.25053421, 0.34656662, 0.34928221, 0.34929132, 0.34929377, 0.26710333E-4
0.85969664E-1, 0.72090216E-1, 0.21629227E-1, 0.43273568, 0.0000000, 0.0000000, 0.0000000, 0.0000000, 0.50744414E-1, 19.287931, 19.856815, 19.858355, 19.858757, 0.25432077, 0.24999414, 0.24999826, 0.24999976, 0.24999999, 0.25050744, 0.34643966, 0.34928408, 0.34929177, 0.34929377, 0.21629227E-1
0.79999998E-1, 0.0000000, 0.0000000, 0.0000000, 0.0000000, 0.0000000, 0.0000000, 0.0000000, 0.0000000, 19.257898, 19.856060, 19.858171, 19.858709, 0.24983913, 0.24999414, 0.24999826, 0.24999976, 0.24999999, 0.24999309, 0.34628949, 0.34928030, 0.34929085, 0.34929353, 0.0000000
0.79999998E-1, 0.0000000, 0.0000000, 0.0000000, 0.0000000, 0.0000000, 0.0000000, 0.0000000, 0.0000000, 19.231262, 19.856297, 19.858200, 19.858709, 0.24983913, 0.24999414, 0.24999826, 0.24999976, 0.24999999, 0.24999309, 0.34615630, 0.34928149, 0.34929100, 0.34929353, 0.0000000
0.79999998E-1, 0.0000000, 0.0000000, 0.0000000, 0.0000000, 0.0000000, 0.0000000, 0.0000000, 0.0000000, 19.202888, 19.856026, 19.858154, 19.858709, 0.24983913, 0.24999414, 0.24999826, 0.24999976, 0.24999999, 0.24999309, 0.34601444, 0.34928012, 0.34929079, 0.34929353, 0.0000000
0.79999998E-1, 0.0000000, 0.0000000, 0.0000000, 0.0000000, 0.0000000, 0.0000000, 0.0000000, 0.0000000, 19.173933, 19.855755, 19.858072, 19.858709, 0.24983913, 0.24999414, 0.24999826, 0.24999976, 0.24999999, 0.24999309, 0.34586966, 0.34927878, 0.34929037, 0.34929353, 0.0000000
0.79999998E-1, 0.0000000, 0.0000000, 0.0000000, 0.0000000, 0.0000000, 0.0000000, 0.0000000, 0.0000000, 19.142427, 19.854977, 19.857912, 19.858698, 0.24983913, 0.24999414, 0.24999826, 0.24999976, 0.24999999, 0.24999309, 0.34571198, 0.34927484, 0.34928957, 0.34929350, 0.0000000
0.79999998E-1, 0.0000000, 0.0000000, 0.0000000, 0.0000000, 0.0000000, 0.0000000, 0.0000000, 0.0000000, 19.110817, 19.854446, 19.857790, 19.858692, 0.24983913, 0.24999414, 0.24999826, 0.24999976, 0.24999999, 0.24999309, 0.34555408, 0.34927222, 0.34928894, 0.34929347, 0.0000000
0.79999998E-1, 0.0000000, 0.0000000, 0.0000000, 0.0000000, 0.0000000, 0.0000000, 0.0000000, 0.0000000, 19.082121, 19.854723, 19.857843, 19.858709, 0.24983913, 0.24999414, 0.24999826, 0.24999976, 0.24999999, 0.24999309, 0.34541062, 0.34927362, 0.34928921, 0.34929353, 0.0000000
0.79999998E-1, 0.0000000, 0.0000000, 0.0000000, 0.0000000, 0.0000000, 0.0000000, 0.0000000, 0.0000000, 19.050531, 19.854267, 19.857706, 19.858688, 0.24983913, 0.24999414, 0.24999826, 0.24999976, 0.24999999, 0.24999309, 0.34525266, 0.34927133, 0.34928852, 0.34929344, 0.0000000
0.79999998E-1, 0.0000000, 0.0000000, 0.0000000, 0.0000000, 0.0000000, 0.0000000, 0.0000000, 0.0000000, 19.021799, 19.854551, 19.857784, 19.858709, 0.24983913, 0.24999414, 0.24999826, 0.24999976, 0.24999999, 0.24999309, 0.34510899, 0.34927276, 0.34928891, 0.34929353, 0.0000000
0.97621366E-1, 0.21279712, 0.63845523E-1, 1.2771487, 0.0000000, 0.0000000, 0.0000000, 0.0000000, 0.0000000, 18.990023, 19.854086, 19.857660, 19.858692, 0.26276910, 0.24999414, 0.24999826, 0.24999976, 0.24999999, 0.24999309, 0.34495011, 0.34927043, 0.34928828, 0.34929347, 0.63845523E-1
0.86126596E-1, 0.73985316E-1, 0.22197815E-1, 0.45182407, 0.0000000, 0.0000000, 0.0000000, 0.0000000, 0.0000000, 18.957029, 19.853491, 19.857548, 19.858683, 0.25443956, 0.24999414, 0.24999826, 0.24999976, 0.24999999, 0.24999309, 0.34478474, 0.34926733, 0.34928772, 0.34929341, 0.22197815E-1
0.81181340E-1, 0.14265940E-1, 0.42802100E-2, 0.90327859E-1, 0.0000000, 0.0000000, 0.0000000, 0.0000000, 0.0000000, 18.927662, 19.853928, 19.857702, 19.858709, 0.25085604, 0.24999414, 0.24999826, 0.24999976, 0.24999999, 0.24999309, 0.34463811, 0.34926957, 0.34928852, 0.34929353, 0.42802100E-2
0.79999998E-1, 0.0000000, 0.0000000, 0.0000000, 0.0000000, 0.0000000, 0.0000000, 0.0000000, 0.0000000, 18.897432, 19.854038, 19.857719, 19.858709, 0.24990122, 0.24999414, 0.24999826, 0.24999976, 0.24999999, 0.24999309, 0.34448716, 0.34927019, 0.34928858, 0.34929353, 0.0000000
0.79999998E-1, 0.0000000, 0.0000000, 0.0000000, 0.0000000, 0.0000000, 0.0000000, 0.0000000, 0.0000000, 18.867270, 19.854097, 19.857719, 19.858709, 0.24990122, 0.24999414, 0.24999826, 0.24999976, 0.24999999, 0.24999309, 0.34433633, 0.34927049, 0.34928858, 0.34929353, 0.0000000
0.79999998E-1, 0.0000000, 0.0000000, 0.0000000, 0.0000000, 0.0000000, 0.0000000, 0.0000000, 0.0000000, 18.838629, 19.854492, 19.857807, 19.858709, 0.24990122, 0.24999414, 0.24999826, 0.24999976, 0.24999999, 0.24999309, 0.34419316, 0.34927246, 0.34928903, 0.34929353, 0.0000000
0.79999998E-1, 0.0000000, 0.0000000, 0.0000000, 0.0000000, 0.0000000, 0.0000000, 0.0000000, 0.0000000, 18.808521, 19.854416, 19.857790, 19.858709, 0.24990122, 0.24999414, 0.24999826, 0.24999976, 0.24999999, 0.24999309, 0.34404260, 0.34927207, 0.34928894, 0.34929353, 0.0000000
0.79999998E-1, 0.0000000, 0.0000000, 0.0000000, 0.0000000, 0.0000000, 0.0000000, 0.0000000, 0.0000000, 18.780327, 19.854803, 19.857880, 19.858709, 0.24990122, 0.24999414, 0.24999826, 0.24999976, 0.24999999, 0.24999309, 0.34390163, 0.34927401, 0.34928939, 0.34929353, 0.0000000
0.79999998E-1, 0.0000000, 0.0000000, 0.0000000, 0.0000000, 0.0000000, 0.0000000, 0.0000000, 0.0000000, 18.750942, 19.854788, 19.857889, 19.858709, 0.24990122, 0.24999414, 0.24999826, 0.24999976, 0.24999999, 0.24999309, 0.34375471, 0.34927395, 0.34928945, 0.34929353, 0.0000000
0.15310274, 0.88279510, 0.26486501, 2.8024316, 2.1169960, 2.9698582, 2.4886873, 5.3333492, 2.4390936, 18.722664, 19.855022, 19.857960, 19.858709, 0.27802432, 0.27116996, 0.27969858, 0.27488688, 0.30333349, 0.27439094, 0.34361333, 0.34927511, 0.34928980, 0.34929353, 0.26486501
0.13454631, 0.65870583, 0.19763152, 1.8894583, 1.6581327, 2.7102351, 2.3835926, 2.4353414, 4.4663272, 19.477598, 19.853933, 19.857664, 19.858658, 0.26885512, 0.26656115, 0.27709162, 0.27383086, 0.27435082, 0.29466194, 0.34738776, 0.34926960, 0.34928828, 0.34929329, 0.19763152
0.11322221, 0.40119433, 0.12037034, 0.81082284, 1.0906368, 2.3760498, 2.2462039, 2.3651152, 4.2134480, 19.656664, 19.852459, 19.857258, 19.858599, 0.25797644, 0.26083836, 0.27372459, 0.27244446, 0.27364215, 0.29212984, 0.34828252, 0.34926209, 0.34928623, 0.34929299, 0.12037034
0.94793893E-1, 0.17865236, 0.53601071E-1, 0.0000000, 0.43382049, 1.9571394, 2.0735025, 2.2763162, 4.0551405, 19.728201, 19.850742, 19.856812, 19.858494, 0.24998873, 0.25422823, 0.26951015, 0.27070576, 0.27274817, 0.29054371, 0.34863970, 0.34925336, 0.34928396, 0.34929243, 0.53601071E-1
0.88770524E-1, 0.10591365, 0.31777274E-1, 0.0000000, 0.0000000, 1.4083773, 1.8484294, 2.1589160, 3.9151495, 19.761911, 19.848768, 19.856314, 19.858376, 0.24998873, 0.24997562, 0.26403061, 0.26845902, 0.27157611, 0.28914475, 0.34880844, 0.34924355, 0.34928149, 0.34929183, 0.31777274E-1
0.86322479E-1, 0.76350845E-1, 0.22907546E-1, 0.0000000, 0.0000000, 0.87897778, 1.6230136, 2.0377846, 3.7869363, 19.781519, 19.847643, 19.856033, 19.858311, 0.24998873, 0.24997562, 0.25873289, 0.26620215, 0.27036324, 0.28786170, 0.34890640, 0.34923792, 0.34928009, 0.34929153, 0.22907546E-1
0.84796034E-1, 0.57917360E-1, 0.17376946E-1, 0.0000000, 0.0000000, 0.55145025, 1.4676213, 1.9502044, 3.6847868, 19.797857, 19.848234, 19.856186, 19.858423, 0.24998873, 0.24997562, 0.25547609, 0.26465651, 0.26949161, 0.28684235, 0.34898847, 0.34924096, 0.34928086, 0.34929210, 0.17376946E-1
0.84050380E-1, 0.48912790E-1, 0.14675304E-1, 0.0000000, 0.0000000, 0.39241314, 1.3802260, 1.8988192, 3.6095126, 19.811769, 19.849712, 19.856598, 19.858505, 0.24998873, 0.24997562, 0.25392160, 0.26380047, 0.26898697, 0.28609437, 0.34905884, 0.34924856, 0.34928298, 0.34929252, 0.14675304E-1
0.86221024E-1, 0.75125627E-1, 0.22539942E-1, 0.19799769, 0.0000000, 0.27694404, 1.3118148, 1.8588662, 3.5464272, 19.821337, 19.850950, 19.856918, 19.858587, 0.25197807, 0.24997562, 0.25276864, 0.26311740, 0.26858813, 0.28546396, 0.34910667, 0.34925476, 0.34928459, 0.34929293, 0.22539942E-1
0.15503325, 0.90610796, 0.27185959, 2.8935699, 2.2263994, 3.4654925, 1.2934476, 1.8492371, 3.5049257, 19.829807, 19.852423, 19.857321, 19.858692, 0.27893570, 0.27226400, 0.28465492, 0.26293448, 0.26849237, 0.28504926, 0.34914905, 0.34926212, 0.34928662, 0.34929347, 0.27185959
0.14120616, 0.73913097, 0.22176147, 2.3137541, 2.0555496, 2.1449237, 2.2702694, 2.1350951, 4.4398785, 19.835428, 19.853472, 19.857620, 19.858709, 0.27313754, 0.27055550, 0.27144924, 0.27270269, 0.27135095, 0.29439878, 0.34917715, 0.34926736, 0.34928811, 0.34929353, 0.22176147
0.13822356, 0.70311272, 0.21095492, 2.1595836, 1.9756496, 2.1037936, 2.2527308, 2.1262407, 4.4035478, 19.840010, 19.854416, 19.857849, 19.858709, 0.27159584, 0.26975650, 0.27103794, 0.27252731, 0.27126241, 0.29403549, 0.34920004, 0.34927207, 0.34928924, 0.34929353, 0.21095492
0.13431454, 0.65590698, 0.19679177, 1.9579977, 1.8703461, 2.0492613, 2.2291751, 2.1143465, 4.3670592, 19.842901, 19.855011, 19.857990, 19.858709, 0.26957998, 0.26870346, 0.27049261, 0.27229175, 0.27114347, 0.29367059, 0.34921449, 0.34927505, 0.34928995, 0.34929353, 0.19679177
0.11956087, 0.47774047, 0.14333647, 1.2049407, 1.4641553, 1.8339068, 2.1388054, 2.0687222, 4.3123937, 19.840513, 19.854288, 19.857805, 19.858675, 0.26204693, 0.26463977, 0.26833794, 0.27138779, 0.27068710, 0.29312384, 0.34920257, 0.34927145, 0.34928903, 0.34929338, 0.14333647
0.10615715, 0.31587598, 0.94772272E-1, 0.53614378, 1.0831565, 1.6236246, 2.0490499, 2.0232825, 4.2569180, 19.838768, 19.853750, 19.857658, 19.858675, 0.25533468, 0.26081613, 0.26622763, 0.27048668, 0.27023089, 0.29256815, 0.34919369, 0.34926870, 0.34928828, 0.34929338, 0.94772272E-1
0.96364170E-1, 0.19761515, 0.59290476E-1, 0.61792135E-1, 0.78373551, 1.4463902, 1.9748360, 1.9856423, 4.2048841, 19.838850, 19.853682, 19.857635, 19.858704, 0.25061759, 0.25783494, 0.26446167, 0.26974776, 0.26985613, 0.29204863, 0.34919426, 0.34926841, 0.34928817, 0.34929353, 0.59290476E-1
0.10444136, 0.29515597, 0.88555649E-1, 0.79928935, 0.59759915, 1.3251424, 1.9253165, 1.9604504, 4.1597238, 19.840786, 19.854153, 19.857759, 19.858709, 0.25799143, 0.25597534, 0.26325071, 0.26925296, 0.26960438, 0.29159716, 0.34920394, 0.34927076, 0.34928879, 0.34929353, 0.88555649E-1
0.10057691, 0.24848859, 0.74554034E-1, 0.66030622, 0.42682886, 1.2095153, 1.8766642, 1.9356042, 4.1154251, 19.842236, 19.854492, 19.857838, 19.858709, 0.25660306, 0.25426829, 0.26209515, 0.26876664, 0.26935604, 0.29115427, 0.34921119, 0.34927246, 0.34928918, 0.34929353, 0.74554034E-1
0.14300454, 0.76084834, 0.22827734, 2.0451279, 2.2467465, 2.3664565, 2.6855052, 6.9233541, 9.3602781, 19.843548, 19.854841, 19.857918, 19.858709, 0.27045128, 0.27246746, 0.27366456, 0.27685505, 0.31923354, 0.34360278, 0.34921774, 0.34927422, 0.34928960, 0.34929353, 0.22827734
0.26444864, 1.0000000, 0.66829216, 4.6921053, 8.4645853, 8.8823566, 9.1604652, 9.4431257, 9.7358265, 19.845722, 19.855419, 19.858084, 19.858709, 0.29692104, 0.33464587, 0.33882356, 0.34160465, 0.34443125, 0.34735826, 0.34922862, 0.34927708, 0.34929043, 0.34929353, 0.66829216
0.35600001, 1.0000000, 1.0000000, 9.9999990, 9.9999990, 9.9999990, 9.9999990, 9.9999990, 9.9999990, 19.999998, 19.999998, 19.999998, 19.998999, 0.34999999, 0.34999999, 0.34999999, 0.34999999, 0.34999999, 0.34999999, 0.34999999, 0.34999999, 0.34999999, 0.34999499, 1.0000000
0.35600001, 1.0000000, 1.0000000, 9.9999990, 9.9999990, 9.9999990, 9.9999990, 9.9999990, 9.9999990, 19.999998, 19.999998, 19.999998, 19.998999, 0.34999999, 0.34999999, 0.34999999, 0.34999999, 0.34999999, 0.34999999, 0.34999999, 0.34999999, 0.34999999, 0.34999499, 1.0000000
0.34034836, 1.0000000, 0.94329101, 9.1301584, 9.6660261, 9.8164387, 9.9461622, 9.9724512, 9.9889727, 19.998138, 19.999521, 19.999630, 19.975222, 0.34126797, 0.34664267, 0.34815541, 0.34945738, 0.34972233, 0.34988865, 0.34999052, 0.34999755, 0.34999815, 0.34987611, 0.94329101
0.30017257, 1.0000000, 0.79772675, 6.5130978, 9.3305817, 9.5835333, 9.8067045, 9.8947144, 9.9513531, 19.986946, 19.996595, 19.997297, 19.952684, 0.31501180, 0.34324351, 0.34580353, 0.34805140, 0.34893915, 0.34950951, 0.34993401, 0.34998280, 0.34998643, 0.34976342, 0.79772675
0.26293448, 1.0000000, 0.66280603, 3.8475862, 9.2975607, 9.5363483, 9.7469635, 9.8512545, 9.9272575, 19.979097, 19.994467, 19.992809, 19.932545, 0.28840181, 0.34293506, 0.34534279, 0.34745973, 0.34850746, 0.34927005, 0.34989503, 0.34997222, 0.34996402, 0.34966272, 0.66280603
0.23468162, 1.0000000, 0.56044066, 2.4511456, 8.2129765, 9.5102882, 9.7166719, 9.8255520, 9.9105425, 19.972069, 19.992399, 19.985487, 19.915451, 0.27451116, 0.33212915, 0.34510252, 0.34716666, 0.34825549, 0.34910542, 0.34986034, 0.34996200, 0.34992743, 0.34957725, 0.56044066
0.20367095, 1.0000000, 0.44808310, 1.3862759, 6.2796264, 9.4498749, 9.6735048, 9.7943344, 9.8916626, 19.963749, 19.989592, 19.975218, 19.901459, 0.26386121, 0.31279203, 0.34449556, 0.34673440, 0.34794301, 0.34891650, 0.34981874, 0.34994796, 0.34987611, 0.34950730, 0.44808310
0.17677027, 1.0000000, 0.35061690, 0.50835609, 4.5012960, 9.4387598, 9.6578598, 9.7801609, 9.8809166, 19.956282, 19.986233, 19.962725, 19.890429, 0.25508338, 0.29501197, 0.34438658, 0.34657839, 0.34780151, 0.34880915, 0.34978139, 0.34993118, 0.34981364, 0.34945214, 0.35061690
0.15597473, 0.91747743, 0.27527076, 0.0000000, 2.9653459, 9.1876135, 9.6411743, 9.7674732, 9.8724432, 19.949535, 19.981846, 19.948883, 19.881966, 0.24999960, 0.27965075, 0.34187192, 0.34641084, 0.34767428, 0.34872428, 0.34974769, 0.34990925, 0.34974441, 0.34940982, 0.27527076
0.14899482, 0.83318740, 0.24998122, 0.0000000, 2.5102048, 8.4043074, 9.6706944, 9.7826204, 9.8780909, 19.946869, 19.976900, 19.934914, 19.875654, 0.24999960, 0.27509946, 0.33403876, 0.34670594, 0.34782571, 0.34878072, 0.34973434, 0.34988451, 0.34967458, 0.34937829, 0.24998122
0.14175321, 0.74573714, 0.22374351, 0.0000000, 2.0441084, 7.5874658, 9.6659966, 9.7809000, 9.8778410, 19.944191, 19.970150, 19.921469, 19.870970, 0.24999960, 0.27044109, 0.32587466, 0.34665996, 0.34780902, 0.34877843, 0.34972095, 0.34985074, 0.34960735, 0.34935486, 0.22374351
0.13224061, 0.63086206, 0.18927754, 0.0000000, 1.4325619, 6.5243726, 9.6230421, 9.7553902, 9.8657322, 19.938665, 19.960821, 19.908989, 19.867516, 0.24999960, 0.26432562, 0.31524372, 0.34623042, 0.34755391, 0.34865731, 0.34969333, 0.34980410, 0.34954494, 0.34933758, 0.18927754
0.12733702, 0.57164603, 0.17151096, 0.0000000, 1.1596113, 5.8746476, 9.6688633, 9.7804260, 9.8758726, 19.937035, 19.950979, 19.898357, 19.865059, 0.24999960, 0.26159438, 0.30874211, 0.34668720, 0.34780353, 0.34875849, 0.34968516, 0.34975490, 0.34949178, 0.34932530, 0.17151096
0.12287207, 0.51772684, 0.15533359, 0.0000000, 0.91568232, 5.2791595, 9.6833181, 9.7902031, 9.8809252, 19.934826, 19.940079, 19.889467, 19.863291, 0.24999960, 0.25915682, 0.30279160, 0.34683317, 0.34790203, 0.34880924, 0.34967414, 0.34970039, 0.34944734, 0.34931645, 0.15533359
0.11554212, 0.42920974, 0.12877581, 0.0000000, 0.49431920, 4.3668814, 9.6250095, 9.7566719, 9.8659477, 19.928070, 19.927755, 19.881981, 19.861965, 0.24999960, 0.25494319, 0.29366881, 0.34625009, 0.34756672, 0.34865949, 0.34964034, 0.34963876, 0.34940991, 0.34930983, 0.12877581
0.12394913, 0.53073353, 0.15923598, 0.92292428, 0.29188991, 3.7183480, 9.6548605, 9.7718182, 9.8710833, 19.923586, 19.916475, 19.876242, 19.861067, 0.25922924, 0.25291890, 0.28718346, 0.34654862, 0.34771818, 0.34871083, 0.34961793, 0.34958237, 0.34938121, 0.34930533, 0.15923598
0.11706911, 0.44764975, 0.13430835, 0.62345862, 0.16768873, 3.2921236, 9.7041655, 9.8001871, 9.8823547, 19.918922, 19.906143, 19.871834, 19.860449, 0.25623080, 0.25167629, 0.28291523, 0.34703815, 0.34800008, 0.34882295, 0.34959462, 0.34953073, 0.34935915, 0.34930223, 0.13430835
0.11119953, 0.37676826, 0.11304178, 0.35817921, 0.53089857E-1, 2.9935896, 9.6594915, 9.8120136, 9.8874321, 19.913080, 19.896845, 19.868460, 19.859999, 0.25358137, 0.25053087, 0.27993488, 0.34659427, 0.34811983, 0.34887421, 0.34956539, 0.34948424, 0.34934229, 0.34930000, 0.11304178
0.18519425, 1.0000000, 0.38113859, 2.6592464, 2.5608003, 8.1697111, 9.6942463, 9.8496132, 9.9022999, 19.908260, 19.889254, 19.866009, 19.859709, 0.27659225, 0.27560788, 0.33169690, 0.34694239, 0.34849611, 0.34902298, 0.34954131, 0.34944627, 0.34933004, 0.34929854, 0.38113859
0.20036963, 1.0000000, 0.43612182, 2.4477510, 4.4101672, 8.8345385, 9.7353878, 9.8378897, 9.8964043, 19.899771, 19.882059, 19.863955, 19.859451, 0.27447751, 0.29410166, 0.33834538, 0.34735388, 0.34837890, 0.34896404, 0.34949887, 0.34941030, 0.34931976, 0.34929726, 0.43612182
0.18924731, 1.0000000, 0.39582360, 2.1778822, 3.1386492, 9.5827656, 9.7711039, 9.8470287, 9.8985643, 19.893299, 19.876604, 19.862547, 19.859299, 0.27177835, 0.28138608, 0.34582701, 0.34771091, 0.34847021, 0.34898561, 0.34946650, 0.34938303, 0.34931272, 0.34929651, 0.39582360
0.19119318, 1.0000000, 0.40287381, 2.5496483, 2.8414698, 9.4042635, 9.7852945, 9.8519135, 9.8991089, 19.887505, 19.872324, 19.861528, 19.859251, 0.27549648, 0.27841470, 0.34404263, 0.34785295, 0.34851915, 0.34899110, 0.34943753, 0.34936163, 0.34930766, 0.34929627, 0.40287381
0.18876493, 1.0000000, 0.39407584, 2.0275564, 3.2945459, 9.6459093, 9.8089905, 9.8634148, 9.9017344, 19.882475, 19.869041, 19.860828, 19.859222, 0.27027556, 0.28294545, 0.34645909, 0.34808990, 0.34863415, 0.34901735, 0.34941238, 0.34934521, 0.34930414, 0.34929612, 0.39407584
0.17701873, 1.0000000, 0.35151717, 1.5691072, 2.8336287, 9.2701435, 9.7675724, 9.8404131, 9.8903666, 19.875721, 19.865932, 19.860147, 19.859163, 0.26569036, 0.27833554, 0.34270018, 0.34767547, 0.34840402, 0.34890363, 0.34937862, 0.34932965, 0.34930074, 0.34929582, 0.35151717
0.16875468, 1.0000000, 0.32157493, 1.5147686, 2.3097694, 8.5193768, 9.7045641, 9.8023796, 9.8709955, 19.866720, 19.862671, 19.859463, 19.859051, 0.26514769, 0.27309769, 0.33519375, 0.34704563, 0.34802380, 0.34870994, 0.34933358, 0.34931335, 0.34929731, 0.34929526, 0.32157493
0.16022632, 0.96881992, 0.29067504, 1.1800200, 2.0795822, 8.0335150, 9.7284307, 9.8116198, 9.8724804, 19.863150, 19.861134, 19.859194, 19.858997, 0.26179537, 0.27079073, 0.33032528, 0.34728193, 0.34811500, 0.34872440, 0.34931576, 0.34930566, 0.34929597, 0.34929499, 0.29067504
0.16421291, 1.0000000, 0.30511928, 1.5290946, 2.0508261, 7.8714571, 9.7873716, 9.8426962, 9.8833952, 19.861975, 19.860451, 19.859152, 19.858997, 0.26529095, 0.27050826, 0.32871458, 0.34787372, 0.34842697, 0.34883395, 0.34930986, 0.34930226, 0.34929577, 0.34929499, 0.30511928
0.15451802, 0.89988607, 0.26999283, 1.1297256, 1.7894387, 7.3927674, 9.7523966, 9.8246078, 9.8754616, 19.858868, 19.859409, 19.858955, 19.858955, 0.26129726, 0.26789439, 0.32392767, 0.34752396, 0.34824607, 0.34875461, 0.34929433, 0.34929705, 0.34929478, 0.34929478, 0.26999283
0.15816873, 0.94397253, 0.28322008, 1.8648118, 1.3700008, 6.6795335, 9.6909866, 9.7892227, 9.8592224, 19.853632, 19.857893, 19.858566, 19.858845, 0.26864812, 0.26370001, 0.31679535, 0.34690988, 0.34789222, 0.34859222, 0.34926817, 0.34928948, 0.34929281, 0.34929422, 0.28322008
0.14287136, 0.75924003, 0.22779480, 1.1810273, 1.0322541, 5.9497337, 9.6691589, 9.7739582, 9.8516178, 19.850641, 19.856997, 19.858330, 19.858805, 0.26180315, 0.26031879, 0.30948654, 0.34668806, 0.34773782, 0.34851557, 0.34925321, 0.34928498, 0.34929165, 0.34929401, 0.22779480
0.13229918, 0.63156950, 0.18948981, 0.74198842, 0.79853237, 5.3229675, 9.6762371, 9.7761707, 9.8517399, 19.849573, 19.856607, 19.858242, 19.858805, 0.25741711, 0.25798354, 0.30322376, 0.34676021, 0.34776059, 0.34851703, 0.34924787, 0.34928304, 0.34929121, 0.34929401, 0.18948981
0.12724134, 0.57049066, 0.17116432, 0.55599809, 0.69234073, 4.9218459, 9.7158136, 9.7980509, 9.8604774, 19.850372, 19.856773, 19.858288, 19.858805, 0.25555927, 0.25692287, 0.29921660, 0.34715739, 0.34798011, 0.34860465, 0.34925187, 0.34928387, 0.34929144, 0.34929401, 0.17116432
0.18190476, 1.0000000, 0.36922017, 2.8833718, 2.2934020, 7.1548204, 9.7541180, 9.8201113, 9.8693247, 19.851376, 19.856997, 19.858360, 19.858805, 0.27883372, 0.27293402, 0.32154819, 0.34754118, 0.34820110, 0.34869325, 0.34925687, 0.34928498, 0.34929180, 0.34929401, 0.36922017
0.24428603, 1.0000000, 0.59523922, 2.9857545, 8.5152836, 9.4256802, 9.7997723, 9.8457785, 9.8793564, 19.852699, 19.857306, 19.858423, 19.858805, 0.27985755, 0.33515283, 0.34425682, 0.34799773, 0.34845778, 0.34879357, 0.34926349, 0.34928653, 0.34929210, 0.34929401, 0.59523922
0.24676339, 1.0000000, 0.60421515, 2.9101224, 8.8020163, 9.6974497, 9.8195162, 9.8575830, 9.8839273, 19.853470, 19.857458, 19.858423, 19.858805, 0.27910122, 0.33802015, 0.34697449, 0.34819517, 0.34857583, 0.34883928, 0.34926736, 0.34928730, 0.34929210, 0.34929401, 0.60421515
0.25556606, 1.0000000, 0.63610888, 3.4649940, 8.9663630, 9.6514482, 9.7958498, 9.8461151, 9.8796024, 19.852987, 19.857285, 19.858377, 19.858805, 0.28464994, 0.33966362, 0.34651449, 0.34795851, 0.34846115, 0.34879601, 0.34926492, 0.34928644, 0.34929189, 0.34929401, 0.63610888
0.22869295, 1.0000000, 0.53874254, 2.1829009, 7.9284902, 9.5272627, 9.7290745, 9.8096132, 9.8643827, 19.849586, 19.856390, 19.858183, 19.858757, 0.27182901, 0.32928491, 0.34527263, 0.34729075, 0.34809613, 0.34864384, 0.34924793, 0.34928197, 0.34929091, 0.34929377, 0.53874254
0.20850468, 1.0000000, 0.46559665, 1.5798658, 6.5043068, 9.5150242, 9.7084637, 9.7961092, 9.8584557, 19.847860, 19.855934, 19.858095, 19.858709, 0.26579866, 0.31504306, 0.34515023, 0.34708464, 0.34796110, 0.34858456, 0.34923929, 0.34927967, 0.34929049, 0.34929353, 0.46559665
0.19551057, 1.0000000, 0.41851652, 1.2491256, 5.4688969, 9.5460529, 9.7225065, 9.8028536, 9.8613501, 19.848345, 19.856054, 19.858166, 19.858709, 0.26249126, 0.30468896, 0.34546053, 0.34722507, 0.34802854, 0.34861350, 0.34924173, 0.34928027, 0.34929082, 0.34929353, 0.41851652
0.18160737, 1.0000000, 0.36814258, 0.91018975, 4.3697538, 9.5177383, 9.7151613, 9.7991486, 9.8603697, 19.848627, 19.856144, 19.858183, 19.858709, 0.25910190, 0.29369754, 0.34517738, 0.34715161, 0.34799150, 0.34860370, 0.34924313, 0.34928071, 0.34929091, 0.34929353, 0.36814258
0.19056696, 1.0000000, 0.40060490, 2.0010233, 3.6007183, 9.5779285, 9.7378263, 9.8114471, 9.8651791, 19.849316, 19.856325, 19.858208, 19.858709, 0.27001023, 0.28600717, 0.34577930, 0.34737825, 0.34811446, 0.34865180, 0.34924656, 0.34928161, 0.34929103, 0.34929353, 0.40060490
0.17638043, 1.0000000, 0.34920445, 1.4910489, 2.9362381, 9.1856985, 9.7163086, 9.8000507, 9.8606262, 19.848572, 19.856113, 19.858154, 19.858709, 0.26491049, 0.27936238, 0.34185699, 0.34716308, 0.34800050, 0.34860626, 0.34924287, 0.34928057, 0.34929079, 0.34929353, 0.34920445
0.35600001, 1.0000000, 1.0000000, 9.9999990, 9.9999990, 9.9999990, 9.9999990, 9.9999990, 9.9999990, 19.999998, 19.999998, 19.999998, 19.998999, 0.34999999, 0.34999999, 0.34999999, 0.34999999, 0.34999999, 0.34999999, 0.34999999, 0.34999999, 0.34999999, 0.34999499, 1.0000000
0.35599995, 1.0000000, 0.99999976, 9.9999962, 9.9999990, 9.9999990, 9.9999990, 9.9999990, 9.9999990, 19.999998, 19.999992, 19.999996, 19.994019, 0.34999996, 0.34999999, 0.34999999, 0.34999999, 0.34999999, 0.34999999, 0.34999999, 0.34999996, 0.34999996, 0.34997010, 0.99999976
0.35600001, 1.0000000, 1.0000000, 9.9999990, 9.9999990, 9.9999990, 9.9999990, 9.9999990, 9.9999990, 19.999998, 19.999998, 19.999996, 19.993994, 0.34999999, 0.34999999, 0.34999999, 0.34999999, 0.34999999, 0.34999999, 0.34999999, 0.34999999, 0.34999996, 0.34996998, 1.0000000
0.35600001, 1.0000000, 1.0000000, 9.9999990, 9.9999990, 9.9999990, 9.9999990, 9.9999990, 9.9999990, 19.999998, 19.999998, 19.999998, 19.996996, 0.34999999, 0.34999999, 0.34999999, 0.34999999, 0.34999999, 0.34999999, 0.34999999, 0.34999999, 0.34999999, 0.34998497, 1.0000000
0.35122919, 1.0000000, 0.98271441, 9.7489958, 9.8764362, 9.9355927, 9.9838133, 9.9918156, 9.9968624, 19.999599, 19.999897, 19.999857, 19.980116, 0.34748995, 0.34876436, 0.34935594, 0.34983814, 0.34991816, 0.34996861, 0.34999800, 0.34999949, 0.34999928, 0.34990057, 0.98271441
0.35599995, 1.0000000, 0.99999976, 9.9999962, 9.9999990, 9.9999990, 9.9999990, 9.9999990, 9.9999990, 19.999998, 19.999998, 19.999567, 19.958986, 0.34999996, 0.34999999, 0.34999999, 0.34999999, 0.34999999, 0.34999999, 0.34999999, 0.34999999, 0.34999782, 0.34979492, 0.99999976
0.35600001, 1.0000000, 1.0000000, 9.9999990, 9.9999990, 9.9999990, 9.9999990, 9.9999990, 9.9999990, 19.999998, 19.999998, 19.999998, 19.998999, 0.34999999, 0.34999999, 0.34999999, 0.34999999, 0.34999999, 0.34999999, 0.34999999, 0.34999999, 0.34999999, 0.34999499, 1.0000000
0.35600001, 1.0000000, 1.0000000, 9.9999990, 9.9999990, 9.9999990, 9.9999990, 9.9999990, 9.9999990, 19.999998, 19.999998, 19.999992, 19.998993, 0.34999999, 0.34999999, 0.34999999, 0.34999999, 0.34999999, 0.34999999, 0.34999999, 0.34999999, 0.34999996, 0.34999496, 1.0000000
0.35600001, 1.0000000, 0.99999988, 9.9999990, 9.9999962, 9.9999990, 9.9999962, 9.9999990, 9.9999990, 19.999998, 19.999998, 19.999998, 19.997997, 0.34999999, 0.34999996, 0.34999999, 0.34999996, 0.34999999, 0.34999999, 0.34999999, 0.34999999, 0.34999999, 0.34998998, 0.99999988
0.35600001, 1.0000000, 1.0000000, 9.9999990, 9.9999990, 9.9999990, 9.9999990, 9.9999990, 9.9999990, 19.999998, 19.999998, 19.999998, 19.998999, 0.34999999, 0.34999999, 0.34999999, 0.34999999, 0.34999999, 0.34999999, 0.34999999, 0.34999999, 0.34999999, 0.34999499, 1.0000000
0.35600001, 1.0000000, 1.0000000, 9.9999990, 9.9999990, 9.9999990, 9.9999990, 9.9999990, 9.9999990, 19.999998, 19.999998, 19.999992, 19.996538, 0.34999999, 0.34999999, 0.34999999, 0.34999999, 0.34999999, 0.34999999, 0.34999999, 0.34999999, 0.34999996, 0.34998268, 1.0000000
0.34342939, 1.0000000, 0.95445418, 9.3016434, 9.7261572, 9.8502445, 9.9600430, 9.9796391, 9.9923105, 19.999117, 19.999767, 19.999613, 19.972874, 0.34301478, 0.34726053, 0.34850192, 0.34960032, 0.34979632, 0.34992307, 0.34999558, 0.34999883, 0.34999806, 0.34986436, 0.95445418
0.30673075, 1.0000000, 0.82148820, 6.9281349, 9.3792419, 9.6193953, 9.8501167, 9.9197531, 9.9663782, 19.993837, 19.998396, 19.997484, 19.950607, 0.31928134, 0.34379241, 0.34619397, 0.34850118, 0.34919754, 0.34966379, 0.34996918, 0.34999198, 0.34998742, 0.34975302, 0.82148820
0.26978177, 1.0000000, 0.68761498, 4.3246322, 9.3010826, 9.5496788, 9.7800264, 9.8744745, 9.9439878, 19.988882, 19.997082, 19.992935, 19.930817, 0.29324448, 0.34300849, 0.34549555, 0.34780002, 0.34874463, 0.34943986, 0.34994441, 0.34998542, 0.34996468, 0.34965408, 0.68761498
0.27797309, 1.0000000, 0.71729374, 4.8458977, 9.3964853, 9.5998726, 9.7802172, 9.8671627, 9.9367437, 19.986485, 19.996275, 19.985643, 19.914108, 0.29845861, 0.34396440, 0.34599850, 0.34780210, 0.34867159, 0.34936744, 0.34993243, 0.34998137, 0.34992820, 0.34957054, 0.71729374
0.24516989, 1.0000000, 0.59844160, 2.9347405, 8.6848898, 9.4893923, 9.7150097, 9.8256054, 9.9134922, 19.978937, 19.993790, 19.975214, 19.900394, 0.27934545, 0.33684543, 0.34489202, 0.34714970, 0.34825584, 0.34913486, 0.34989470, 0.34996894, 0.34987608, 0.34950197, 0.59844160
0.21573892, 1.0000000, 0.49180770, 1.9554198, 6.7797599, 9.4670162, 9.6877642, 9.8035698, 9.8986940, 19.972443, 19.990845, 19.962645, 19.889627, 0.26954833, 0.31778541, 0.34466165, 0.34687591, 0.34803480, 0.34898663, 0.34986222, 0.34995422, 0.34981322, 0.34944814, 0.49180770
0.19877166, 1.0000000, 0.43033212, 1.4670849, 5.5220518, 9.5054064, 9.7091675, 9.8125677, 9.9001427, 19.969740, 19.987713, 19.949007, 19.881454, 0.26466674, 0.30521119, 0.34504604, 0.34709004, 0.34812483, 0.34900117, 0.34984869, 0.34993857, 0.34974504, 0.34940726, 0.43033212
0.17101812, 1.0000000, 0.32977578, 0.68918765, 3.5232320, 9.4039450, 9.6554260, 9.7804270, 9.8848486, 19.964462, 19.982313, 19.934856, 19.875265, 0.25689095, 0.28522947, 0.34403569, 0.34655347, 0.34780389, 0.34884837, 0.34982231, 0.34991157, 0.34967428, 0.34937632, 0.32977578
0.15210909, 0.87079567, 0.26126483, 0.13444424, 2.5622845, 8.6097775, 9.6446943, 9.7709913, 9.8782959, 19.960007, 19.975166, 19.921274, 19.870687, 0.25134441, 0.27562246, 0.33609715, 0.34644678, 0.34770986, 0.34878293, 0.34980005, 0.34987584, 0.34960636, 0.34935343, 0.26126483
0.14267692, 0.75689179, 0.22709025, 0.0000000, 2.1049113, 7.6911774, 9.6569948, 9.7767897, 9.8799334, 19.957388, 19.966587, 19.909033, 19.867363, 0.24999845, 0.27104896, 0.32691148, 0.34656990, 0.34776786, 0.34879935, 0.34978694, 0.34983295, 0.34954518, 0.34933680, 0.22709025
0.13770263, 0.69682193, 0.20906749, 0.0000000, 1.8258244, 7.0387220, 9.6918602, 9.7968102, 9.8883600, 19.955559, 19.956623, 19.898470, 19.864975, 0.24999845, 0.26825774, 0.32038626, 0.34691834, 0.34796798, 0.34888357, 0.34977779, 0.34978312, 0.34949234, 0.34932488, 0.20906749
0.13027987, 0.60718399, 0.18217342, 0.0000000, 1.3846457, 6.1377540, 9.6542854, 9.7765598, 9.8800421, 19.950739, 19.944841, 19.889462, 19.863201, 0.24999845, 0.26384646, 0.31137753, 0.34654287, 0.34776559, 0.34880042, 0.34975368, 0.34972420, 0.34944731, 0.34931600, 0.18217342
0.12236021, 0.51154560, 0.15347902, 0.0000000, 0.93100369, 5.1419072, 9.6182814, 9.7540531, 9.8687096, 19.943718, 19.932175, 19.882048, 19.861921, 0.24999845, 0.25931004, 0.30141908, 0.34618282, 0.34754053, 0.34868711, 0.34971860, 0.34966087, 0.34941024, 0.34930962, 0.15347902
0.11704916, 0.44740885, 0.13423608, 0.0000000, 0.67630708, 4.3635693, 9.6375389, 9.7633572, 9.8713150, 19.938179, 19.920334, 19.876320, 19.861055, 0.24999845, 0.25676307, 0.29363570, 0.34637541, 0.34763357, 0.34871316, 0.34969088, 0.34960169, 0.34938160, 0.34930527, 0.13423608
0.35599661, 1.0000000, 0.99998760, 9.9998684, 9.9999189, 9.9999609, 9.9999905, 9.9999962, 9.9999990, 19.999470, 19.951796, 19.872032, 19.860474, 0.34999830, 0.34999895, 0.34999949, 0.34999987, 0.34999996, 0.34999999, 0.34999734, 0.34975898, 0.34936017, 0.34930235, 0.99998760
0.35600001, 1.0000000, 1.0000000, 9.9999990, 9.9999990, 9.9999990, 9.9999990, 9.9999990, 9.9999990, 19.999998, 19.999998, 19.999998, 19.997992, 0.34999999, 0.34999999, 0.34999999, 0.34999999, 0.34999999, 0.34999999, 0.34999999, 0.34999999, 0.34999999, 0.34998995, 1.0000000
0.35581112, 1.0000000, 0.99931550, 9.9908981, 9.9945650, 9.9972849, 9.9994574, 9.9997253, 9.9999104, 19.999998, 19.999992, 19.999989, 19.991005, 0.34990573, 0.34994373, 0.34997186, 0.34999436, 0.34999716, 0.34999907, 0.34999999, 0.34999996, 0.34999993, 0.34995502, 0.99931550
0.33784419, 1.0000000, 0.93421799, 8.9676390, 9.6369629, 9.7969646, 9.9423056, 9.9704084, 9.9886131, 19.998545, 19.999611, 19.999336, 19.967539, 0.33967581, 0.34636927, 0.34796947, 0.34942302, 0.34970406, 0.34988612, 0.34999272, 0.34999806, 0.34999669, 0.34983769, 0.93421799
0.30862910, 1.0000000, 0.82836622, 7.0527554, 9.3959656, 9.6288900, 9.8510332, 9.9198170, 9.9663277, 19.993916, 19.998407, 19.996738, 19.945780, 0.32052755, 0.34395966, 0.34628889, 0.34851032, 0.34919816, 0.34966329, 0.34996957, 0.34999204, 0.34998369, 0.34972888, 0.82836622
0.26498988, 1.0000000, 0.67025316, 4.0214305, 9.2478552, 9.5139389, 9.7616625, 9.8636560, 9.9390736, 19.987995, 19.996819, 19.991478, 19.926643, 0.29021302, 0.34247679, 0.34513846, 0.34761643, 0.34863648, 0.34939072, 0.34993997, 0.34998411, 0.34995741, 0.34963322, 0.67025316
0.22865103, 1.0000000, 0.53859067, 2.3375301, 7.7018170, 9.4590302, 9.7023792, 9.8205328, 9.9142790, 19.981232, 19.994856, 19.983238, 19.910576, 0.27337366, 0.32701495, 0.34458834, 0.34702337, 0.34820512, 0.34914273, 0.34990615, 0.34997427, 0.34991619, 0.34955287, 0.53859067
0.20169269, 1.0000000, 0.44091552, 1.5304178, 5.8027563, 9.4410095, 9.6815081, 9.8013124, 9.9004869, 19.976273, 19.992912, 19.972403, 19.897629, 0.26530418, 0.30802757, 0.34441009, 0.34681508, 0.34801313, 0.34900486, 0.34988135, 0.34996456, 0.34986201, 0.34948814, 0.44091552
0.17645738, 1.0000000, 0.34948319, 0.81559420, 3.9563553, 9.4264984, 9.6641226, 9.7866116, 9.8897095, 19.971109, 19.990107, 19.959517, 19.887522, 0.25815585, 0.28956327, 0.34426466, 0.34664118, 0.34786609, 0.34889710, 0.34985554, 0.34995052, 0.34979758, 0.34943759, 0.34948319
0.15918937, 0.95629776, 0.28691801, 0.33962727, 2.8876901, 8.9798889, 9.6671972, 9.7856445, 9.8867636, 19.967546, 19.986399, 19.945631, 19.879829, 0.25339580, 0.27887443, 0.33979505, 0.34667113, 0.34785604, 0.34886748, 0.34983772, 0.34993199, 0.34972817, 0.34939915, 0.28691801
0.14621009, 0.79955876, 0.23989162, 0.0000000, 2.3589790, 8.0357494, 9.6598825, 9.7804985, 9.8834333, 19.964283, 19.981083, 19.931673, 19.874071, 0.24998276, 0.27358872, 0.33035567, 0.34659839, 0.34780478, 0.34883425, 0.34982142, 0.34990543, 0.34965837, 0.34937036, 0.23989162
0.13659137, 0.68340236, 0.20504121, 0.0000000, 1.7685235, 6.9022646, 9.6283245, 9.7607174, 9.8738194, 19.960175, 19.973619, 19.918356, 19.869829, 0.24998276, 0.26768336, 0.31901902, 0.34628224, 0.34760666, 0.34873801, 0.34980088, 0.34986809, 0.34959179, 0.34934914, 0.20504121
0.12711084, 0.56891447, 0.17069142, 0.0000000, 1.2186676, 5.7187757, 9.6016483, 9.7427979, 9.8640919, 19.955408, 19.964060, 19.906338, 19.866705, 0.24998276, 0.26218647, 0.30718726, 0.34601629, 0.34742787, 0.34864089, 0.34977704, 0.34982032, 0.34953168, 0.34933352, 0.17069142
0.11839144, 0.46361837, 0.13909942, 0.0000000, 0.74805617, 4.5601354, 9.5817146, 9.7289000, 9.8559723, 19.950020, 19.952810, 19.895948, 19.864441, 0.24998276, 0.25747922, 0.29559729, 0.34581542, 0.34728813, 0.34855944, 0.34975010, 0.34976405, 0.34947973, 0.34932220, 0.13909942
0.11312345, 0.40000162, 0.12001249, 0.0000000, 0.52576363, 3.7232378, 9.6131287, 9.7466393, 9.8633471, 19.947260, 19.941412, 19.887506, 19.862848, 0.24998276, 0.25525764, 0.28723237, 0.34613129, 0.34746641, 0.34863347, 0.34973630, 0.34970707, 0.34943753, 0.34931424, 0.12001249
0.10844218, 0.34347025, 0.10305138, 0.0000000, 0.32457709, 2.9930611, 9.6198912, 9.7518501, 9.8659210, 19.942785, 19.929464, 19.880651, 19.861713, 0.24998276, 0.25324556, 0.27992967, 0.34619832, 0.34751821, 0.34865913, 0.34971392, 0.34964731, 0.34940326, 0.34930855, 0.10305138
0.10576155, 0.31109875, 0.93338959E-1, 0.0000000, 0.18206537, 2.6965499, 9.2859097, 9.7577648, 9.8687353, 19.937632, 19.917915, 19.875277, 19.860920, 0.24998276, 0.25182065, 0.27696550, 0.34285909, 0.34757763, 0.34868735, 0.34968817, 0.34958959, 0.34937638, 0.34930462, 0.93338959E-1
0.10359953, 0.28499004, 0.85505567E-1, 0.0000000, 0.89222193E-1, 2.4258256, 8.9570293, 9.7611065, 9.8702593, 19.931921, 19.907335, 19.871147, 19.860355, 0.24998276, 0.25089198, 0.27425510, 0.33956796, 0.34760979, 0.34870219, 0.34965962, 0.34953669, 0.34935573, 0.34930179, 0.85505567E-1
0.35594314, 1.0000000, 0.99979389, 9.9977312, 9.9986372, 9.9993200, 9.9998627, 9.9999313, 9.9999790, 19.999998, 19.999998, 19.999990, 19.992998, 0.34997165, 0.34998298, 0.34999150, 0.34999830, 0.34999913, 0.34999973, 0.34999999, 0.34999999, 0.34999996, 0.34996498, 0.99979389
0.35600001, 1.0000000, 1.0000000, 9.9999990, 9.9999990, 9.9999990, 9.9999990, 9.9999990, 9.9999990, 19.999998, 19.999998, 19.999998, 19.996996, 0.34999999, 0.34999999, 0.34999999, 0.34999999, 0.34999999, 0.34999999, 0.34999999, 0.34999999, 0.34999999, 0.34998497, 1.0000000
0.35600001, 1.0000000, 1.0000000, 9.9999990, 9.9999990, 9.9999990, 9.9999990, 9.9999990, 9.9999990, 19.999998, 19.999998, 19.999998, 19.997997, 0.34999999, 0.34999999, 0.34999999, 0.34999999, 0.34999999, 0.34999999, 0.34999999, 0.34999999, 0.34999999, 0.34998998, 1.0000000
0.35394716, 1.0000000, 0.99256217, 9.8961411, 9.9414358, 9.9703474, 9.9939585, 9.9969664, 9.9989891, 19.999998, 19.999998, 19.999989, 19.991005, 0.34895864, 0.34941268, 0.34970266, 0.34993941, 0.34996957, 0.34998986, 0.34999999, 0.34999999, 0.34999993, 0.34995502, 0.99256217
0.33563972, 1.0000000, 0.92623067, 8.8370581, 9.6000319, 9.7751694, 9.9360199, 9.9671659, 9.9874449, 19.998466, 19.999594, 19.999805, 19.982075, 0.33837014, 0.34600002, 0.34775153, 0.34936017, 0.34967163, 0.34987444, 0.34999233, 0.34999797, 0.34999901, 0.34991038, 0.92623067
0.30140984, 1.0000000, 0.80220962, 6.5428729, 9.3808842, 9.6167173, 9.8442116, 9.9157209, 9.9649544, 19.994154, 19.998472, 19.998453, 19.959099, 0.31542873, 0.34380883, 0.34616718, 0.34844211, 0.34915721, 0.34964955, 0.34997076, 0.34999236, 0.34999228, 0.34979549, 0.80220962
0.33273488, 1.0000000, 0.91570610, 8.8654633, 9.3275890, 9.5647488, 9.7844906, 9.8761787, 9.9450645, 19.990021, 19.997381, 19.994999, 19.938265, 0.33865377, 0.34327537, 0.34564722, 0.34784484, 0.34876177, 0.34945065, 0.34995010, 0.34998691, 0.34997499, 0.34969133, 0.91570610
0.35600001, 1.0000000, 1.0000000, 9.9999990, 9.9999990, 9.9999990, 9.9999990, 9.9999990, 9.9999990, 19.999998, 19.999998, 19.999998, 19.998999, 0.34999999, 0.34999999, 0.34999999, 0.34999999, 0.34999999, 0.34999999, 0.34999999, 0.34999999, 0.34999999, 0.34999499, 1.0000000
0.35296476, 1.0000000, 0.98900265, 9.9801416, 9.7779169, 9.7924480, 9.9408846, 9.9696684, 9.9883633, 19.998556, 19.999622, 19.999825, 19.983057, 0.34980142, 0.34777915, 0.34792447, 0.34940884, 0.34969670, 0.34988362, 0.34999278, 0.34999812, 0.34999913, 0.34991530, 0.98900265
0.33240575, 1.0000000, 0.91451353, 8.7786808, 9.3932571, 9.6229887, 9.8561077, 9.9228258, 9.9688835, 19.995642, 19.998867, 19.998629, 19.960049, 0.33778679, 0.34393257, 0.34622988, 0.34856108, 0.34922826, 0.34968883, 0.34997821, 0.34999433, 0.34999314, 0.34980023, 0.91451353
0.35520208, 1.0000000, 0.99710900, 9.9993181, 9.9916716, 9.8763313, 9.8109512, 9.8923092, 9.9532309, 19.992367, 19.998007, 19.995356, 19.939114, 0.34999317, 0.34991673, 0.34876332, 0.34810951, 0.34892309, 0.34953231, 0.34996182, 0.34999004, 0.34997678, 0.34969556, 0.99710900
0.35600001, 1.0000000, 1.0000000, 9.9999990, 9.9999990, 9.9999990, 9.9999990, 9.9999990, 9.9999990, 19.999998, 19.999998, 19.999998, 19.998999, 0.34999999, 0.34999999, 0.34999999, 0.34999999, 0.34999999, 0.34999999, 0.34999999, 0.34999999, 0.34999999, 0.34999499, 1.0000000
0.35600001, 1.0000000, 1.0000000, 9.9999990, 9.9999990, 9.9999990, 9.9999990, 9.9999990, 9.9999990, 19.999998, 19.999998, 19.999998, 19.997997, 0.34999999, 0.34999999, 0.34999999, 0.34999999, 0.34999999, 0.34999999, 0.34999999, 0.34999999, 0.34999999, 0.34998998, 1.0000000
0.33775628, 1.0000000, 0.93389940, 8.9697351, 9.6254930, 9.7917137, 9.9429407, 9.9708099, 9.9889908, 19.998789, 19.999678, 19.999647, 19.974253, 0.33969635, 0.34625429, 0.34791681, 0.34942934, 0.34970808, 0.34988990, 0.34999394, 0.34999838, 0.34999824, 0.34987128, 0.93389940
0.32288247, 1.0000000, 0.88000894, 7.9798203, 9.5225925, 9.7148857, 9.9016647, 9.9479351, 9.9798288, 19.997799, 19.999420, 19.997921, 19.951946, 0.32979819, 0.34522593, 0.34714887, 0.34901664, 0.34947935, 0.34979829, 0.34998900, 0.34999710, 0.34998959, 0.34975973, 0.88000894
0.30090266, 1.0000000, 0.80037200, 6.4870291, 9.4069376, 9.6297503, 9.8392944, 9.9112329, 9.9628210, 19.994379, 19.998537, 19.993654, 19.931997, 0.31487030, 0.34406936, 0.34629750, 0.34839293, 0.34911233, 0.34962821, 0.34997189, 0.34999269, 0.34996825, 0.34965998, 0.80037200
0.27977079, 1.0000000, 0.72380716, 5.0167551, 9.3408165, 9.5734243, 9.7857904, 9.8759241, 9.9443684, 19.990105, 19.997313, 19.986433, 19.915047, 0.30016756, 0.34340817, 0.34573424, 0.34785789, 0.34875923, 0.34944367, 0.34995052, 0.34998655, 0.34993216, 0.34957522, 0.72380716
0.29084539, 1.0000000, 0.76393253, 5.7907391, 9.3789701, 9.5935535, 9.7835522, 9.8689346, 9.9379845, 19.988264, 19.996384, 19.976553, 19.901245, 0.30790740, 0.34378970, 0.34593552, 0.34783551, 0.34868935, 0.34937984, 0.34994131, 0.34998190, 0.34988278, 0.34950623, 0.76393253
0.26193285, 1.0000000, 0.65917689, 3.7308624, 9.3392420, 9.5647535, 9.7650347, 9.8550425, 9.9292040, 19.985737, 19.994654, 19.964386, 19.890358, 0.28730330, 0.34338441, 0.34564343, 0.34764951, 0.34855002, 0.34929189, 0.34992868, 0.34997326, 0.34982193, 0.34945178, 0.65917689
0.35517436, 1.0000000, 0.99700844, 9.9586134, 9.9756832, 9.9877796, 9.9975357, 9.9987659, 9.9995880, 19.999998, 19.999998, 19.999990, 19.991999, 0.34958613, 0.34975684, 0.34987780, 0.34997535, 0.34998766, 0.34999588, 0.34999999, 0.34999999, 0.34999996, 0.34996000, 0.99700844
0.35541540, 1.0000000, 0.99788171, 9.9923515, 9.9897137, 9.9170074, 9.9527798, 9.9758348, 9.9906378, 19.998718, 19.999659, 19.999863, 19.984043, 0.34992352, 0.34989715, 0.34917009, 0.34952781, 0.34975836, 0.34990638, 0.34999359, 0.34999830, 0.34999931, 0.34992021, 0.99788171
0.35600001, 1.0000000, 1.0000000, 9.9999990, 9.9999990, 9.9999990, 9.9999990, 9.9999990, 9.9999962, 19.999998, 19.999998, 19.999998, 19.996996, 0.34999999, 0.34999999, 0.34999999, 0.34999999, 0.34999999, 0.34999996, 0.34999999, 0.34999999, 0.34999999, 0.34998497, 1.0000000
0.34903067, 1.0000000, 0.97474867, 9.6281013, 9.8267555, 9.9086065, 9.9771051, 9.9884090, 9.9956350, 19.999493, 19.999868, 19.999937, 19.987009, 0.34628102, 0.34826756, 0.34908608, 0.34977105, 0.34988409, 0.34995633, 0.34999746, 0.34999934, 0.34999970, 0.34993505, 0.97474867
0.35560590, 1.0000000, 0.99857199, 9.9803019, 9.9883089, 9.9941406, 9.9988222, 9.9994125, 9.9998026, 19.999998, 19.999998, 19.999989, 19.991005, 0.34980303, 0.34988308, 0.34994140, 0.34998822, 0.34999412, 0.34999803, 0.34999999, 0.34999999, 0.34999993, 0.34995502, 0.99857199
0.33615559, 1.0000000, 0.92809999, 8.8655443, 9.6115637, 9.7815142, 9.9361858, 9.9672012, 9.9872160, 19.998228, 19.999535, 19.999769, 19.981062, 0.33865544, 0.34611565, 0.34781516, 0.34936187, 0.34967202, 0.34987217, 0.34999114, 0.34999767, 0.34999883, 0.34990531, 0.92809999
0.33218837, 1.0000000, 0.91372591, 8.7520952, 9.4112635, 9.6235781, 9.8543177, 9.9216309, 9.9681492, 19.995316, 19.998777, 19.998444, 19.958191, 0.33752096, 0.34411263, 0.34623578, 0.34854317, 0.34921631, 0.34968150, 0.34997657, 0.34999388, 0.34999222, 0.34979096, 0.91372591
0.35599172, 1.0000000, 0.99996990, 9.9995852, 9.9997520, 9.9998741, 9.9999752, 9.9999876, 9.9999962, 19.999998, 19.999998, 19.999998, 19.994993, 0.34999585, 0.34999752, 0.34999874, 0.34999976, 0.34999987, 0.34999996, 0.34999999, 0.34999999, 0.34999999, 0.34997496, 0.99996990
0.35600001, 1.0000000, 1.0000000, 9.9999990, 9.9999990, 9.9999990, 9.9999990, 9.9999990, 9.9999990, 19.999998, 19.999998, 19.999998, 19.996996, 0.34999999, 0.34999999, 0.34999999, 0.34999999, 0.34999999, 0.34999999, 0.34999999, 0.34999999, 0.34999999, 0.34998497, 1.0000000
0.35599023, 1.0000000, 0.99996465, 9.9999990, 9.9999990, 9.9999952, 9.9941444, 9.9894619, 9.9960403, 19.999546, 19.999880, 19.999935, 19.985044, 0.34999999, 0.34999999, 0.34999996, 0.34994143, 0.34989461, 0.34996039, 0.34999773, 0.34999940, 0.34999967, 0.34992522, 0.99996465
0.34972489, 1.0000000, 0.97726405, 9.7120676, 9.7834177, 9.8846388, 9.9710970, 9.9853411, 9.9945335, 19.999426, 19.999849, 19.999825, 19.979128, 0.34712067, 0.34783417, 0.34884638, 0.34971097, 0.34985340, 0.34994534, 0.34999713, 0.34999925, 0.34999913, 0.34989566, 0.97726405
0.35600001, 1.0000000, 0.99999988, 9.9999990, 9.9999962, 9.9999990, 9.9999990, 9.9999962, 9.9999990, 19.999998, 19.999998, 19.999998, 19.994993, 0.34999999, 0.34999996, 0.34999999, 0.34999999, 0.34999996, 0.34999999, 0.34999999, 0.34999999, 0.34999999, 0.34997496, 0.99999988
0.32280692, 1.0000000, 0.87973517, 8.0430698, 9.4346466, 9.6656799, 9.8861752, 9.9403849, 9.9758663, 19.996023, 19.998962, 19.999348, 19.971315, 0.33043069, 0.34434646, 0.34665680, 0.34886175, 0.34940386, 0.34975865, 0.34998012, 0.34999481, 0.34999675, 0.34985659, 0.87973517
0.27419466, 1.0000000, 0.70360380, 4.6917372, 9.2407618, 9.5132885, 9.7715721, 9.8719540, 9.9440994, 19.989359, 19.997204, 19.996984, 19.949183, 0.29691738, 0.34240761, 0.34513289, 0.34771574, 0.34871954, 0.34944099, 0.34994680, 0.34998602, 0.34998491, 0.34974593, 0.70360380
0.22993134, 1.0000000, 0.54322946, 2.5284171, 7.5523715, 9.4322615, 9.6911259, 9.8154898, 9.9137745, 19.982410, 19.995329, 19.992090, 19.929550, 0.27528417, 0.32552370, 0.34432262, 0.34691125, 0.34815490, 0.34913775, 0.34991205, 0.34997666, 0.34996045, 0.34964776, 0.54322946
0.21200500, 1.0000000, 0.47827896, 2.0433784, 6.1558981, 9.5057430, 9.7186375, 9.8232737, 9.9120827, 19.980745, 19.994703, 19.984671, 19.913061, 0.27043378, 0.31155899, 0.34505743, 0.34718639, 0.34823275, 0.34912083, 0.34990373, 0.34997350, 0.34992334, 0.34956530, 0.47827896
0.31442136, 1.0000000, 0.84935272, 7.4477229, 9.4392576, 9.6479425, 9.7763138, 9.8532104, 9.9219542, 19.980316, 19.994045, 19.974581, 19.899687, 0.32447723, 0.34439257, 0.34647942, 0.34776312, 0.34853211, 0.34921953, 0.34990159, 0.34997022, 0.34987289, 0.34949845, 0.84935272
0.28187126, 1.0000000, 0.73141760, 5.1922469, 9.3207922, 9.5486317, 9.7461166, 9.8375273, 9.9145842, 19.977158, 19.991957, 19.962122, 19.889156, 0.30192247, 0.34320793, 0.34548631, 0.34746116, 0.34837526, 0.34914583, 0.34988579, 0.34995979, 0.34981060, 0.34944579, 0.73141760
0.33583045, 1.0000000, 0.92692190, 9.0327263, 9.4173574, 9.5848312, 9.7569008, 9.8424997, 9.9156742, 19.975359, 19.989080, 19.948492, 19.881119, 0.34032726, 0.34417358, 0.34584832, 0.34756902, 0.34842500, 0.34915674, 0.34987679, 0.34994540, 0.34974247, 0.34940559, 0.92692190
0.35596013, 1.0000000, 0.99985558, 9.9980145, 9.9988070, 9.9994030, 9.9998798, 9.9999371, 9.9999819, 19.999998, 19.999998, 19.999990, 19.992998, 0.34998015, 0.34998807, 0.34999403, 0.34999880, 0.34999937, 0.34999982, 0.34999999, 0.34999999, 0.34999996, 0.34996498, 0.99985558
0.32845950, 1.0000000, 0.90021551, 8.3823252, 9.5198526, 9.7225847, 9.9136057, 9.9552040, 9.9823999, 19.997501, 19.999350, 19.999371, 19.969414, 0.33382326, 0.34519851, 0.34722584, 0.34913605, 0.34955204, 0.34982401, 0.34998751, 0.34999675, 0.34999686, 0.34984708, 0.90021551
0.29308492, 1.0000000, 0.77204674, 5.9799089, 9.3322906, 9.5842466, 9.8268175, 9.9054327, 9.9606705, 19.993742, 19.998365, 19.997028, 19.947512, 0.30979908, 0.34332290, 0.34584248, 0.34826818, 0.34905434, 0.34960669, 0.34996870, 0.34999183, 0.34998515, 0.34973755, 0.77204674
0.25651169, 1.0000000, 0.63953507, 3.3875971, 9.2711639, 9.5294428, 9.7693663, 9.8666458, 9.9412756, 19.990316, 19.997463, 19.992186, 19.928165, 0.28387597, 0.34271163, 0.34529442, 0.34769365, 0.34866646, 0.34941274, 0.34995157, 0.34998733, 0.34996092, 0.34964082, 0.63953507
0.23237431, 1.0000000, 0.55208081, 2.3514957, 8.0910501, 9.5228071, 9.7443590, 9.8455763, 9.9275408, 19.986866, 19.996382, 19.984404, 19.911894, 0.27351245, 0.33090535, 0.34522504, 0.34744295, 0.34845543, 0.34927529, 0.34993434, 0.34998190, 0.34992200, 0.34955949, 0.55208081
0.20808397, 1.0000000, 0.46407235, 1.6479552, 6.3557100, 9.4784718, 9.7121391, 9.8221464, 9.9131374, 19.982918, 19.994801, 19.973846, 19.898695, 0.26647955, 0.31355709, 0.34478471, 0.34712139, 0.34822148, 0.34913138, 0.34991458, 0.34997401, 0.34986922, 0.34949347, 0.46407235
0.18623100, 1.0000000, 0.38489491, 1.0877341, 4.6612091, 9.4614201, 9.6954889, 9.8082237, 9.9035797, 19.979740, 19.992685, 19.961246, 19.888371, 0.26087734, 0.29661208, 0.34461421, 0.34695488, 0.34808224, 0.34903580, 0.34989870, 0.34996343, 0.34980625, 0.34944186, 0.38489491
0.16759007, 1.0000000, 0.31735530, 0.65487027, 3.1385520, 9.4506283, 9.6863928, 9.8004017, 9.8977661, 19.977125, 19.989498, 19.947474, 19.880510, 0.25654808, 0.28138369, 0.34450355, 0.34686336, 0.34800372, 0.34897757, 0.34988564, 0.34994748, 0.34973738, 0.34940255, 0.31735530
0.15646487, 0.92339629, 0.27704659, 0.36112666, 2.5903940, 8.8348455, 9.6992121, 9.8059616, 9.8983059, 19.975073, 19.984791, 19.933533, 19.874626, 0.25361127, 0.27590394, 0.33834845, 0.34699214, 0.34805962, 0.34898305, 0.34987536, 0.34992397, 0.34966767, 0.34937313, 0.27704659
0.14742965, 0.81428623, 0.24431030, 0.22078454, 2.1559744, 7.9943099, 9.6829519, 9.7966671, 9.8937130, 19.972208, 19.977934, 19.920183, 19.870258, 0.25220752, 0.27155775, 0.32993940, 0.34682864, 0.34796622, 0.34893698, 0.34986103, 0.34988967, 0.34960091, 0.34935129, 0.24431030
0.13724992, 0.69135493, 0.20742722, 0.0000000, 1.7456084, 7.0968628, 9.6675129, 9.7867670, 9.8889303, 19.969517, 19.969175, 19.908131, 19.867060, 0.24996907, 0.26745272, 0.32096174, 0.34667325, 0.34786671, 0.34888896, 0.34984758, 0.34984589, 0.34954065, 0.34933531, 0.20742722
0.12916079, 0.59367001, 0.17811882, 0.0000000, 1.2930632, 6.0559020, 9.6335583, 9.7655745, 9.8786030, 19.965303, 19.958399, 19.897581, 19.864729, 0.24996907, 0.26293063, 0.31055903, 0.34633559, 0.34765574, 0.34878603, 0.34982651, 0.34979200, 0.34948790, 0.34932363, 0.17811882
0.12187041, 0.50563073, 0.15170440, 0.0000000, 0.92940032, 5.0290928, 9.6120615, 9.7513075, 9.8712912, 19.961197, 19.946600, 19.888811, 19.863071, 0.24996907, 0.25929227, 0.30028629, 0.34611884, 0.34751219, 0.34871262, 0.34980598, 0.34973300, 0.34944406, 0.34931535, 0.15170440
0.11464478, 0.41837341, 0.12552458, 0.0000000, 0.60294867, 3.9449394, 9.5787935, 9.7301226, 9.8609200, 19.955923, 19.934244, 19.881695, 19.861885, 0.24996907, 0.25602949, 0.28944939, 0.34578794, 0.34730121, 0.34860921, 0.34977961, 0.34967121, 0.34940848, 0.34930941, 0.12552458
0.19100699, 1.0000000, 0.40219921, 2.1923780, 3.5419564, 9.1948605, 9.6216879, 9.7523279, 9.8675671, 19.949970, 19.922178, 19.876089, 19.861025, 0.27192089, 0.28541675, 0.34194493, 0.34621611, 0.34752288, 0.34867555, 0.34974986, 0.34961089, 0.34938043, 0.34930512, 0.40219921
0.23752916, 1.0000000, 0.57075781, 2.7701168, 8.0781870, 9.4242630, 9.6504240, 9.7696009, 9.8732691, 19.941082, 19.910423, 19.871643, 19.860392, 0.27770117, 0.33078188, 0.34424263, 0.34650424, 0.34769601, 0.34873268, 0.34970540, 0.34955212, 0.34935820, 0.34930196, 0.57075781
0.28438812, 1.0000000, 0.74053657, 5.3959932, 9.2828875, 9.5629148, 9.7184200, 9.8092136, 9.8897352, 19.933664, 19.900480, 19.868364, 19.859985, 0.30395910, 0.34282801, 0.34562871, 0.34718412, 0.34809208, 0.34889731, 0.34966832, 0.34950238, 0.34934181, 0.34929994, 0.74053657
0.35397553, 1.0000000, 0.99266481, 9.8975048, 9.9418030, 9.9705515, 9.9940062, 9.9969902, 9.9989948, 19.999998, 19.999998, 19.999989, 19.991005, 0.34897506, 0.34941804, 0.34970552, 0.34994006, 0.34996989, 0.34998995, 0.34999999, 0.34999999, 0.34999993, 0.34995502, 0.99266481
0.33785421, 1.0000000, 0.93425429, 9.0432463, 9.5451174, 9.7370300, 9.9182463, 9.9576340, 9.9834061, 19.997715, 19.999403, 19.999275, 19.967520, 0.34043247, 0.34545118, 0.34737030, 0.34918246, 0.34957635, 0.34983405, 0.34998858, 0.34999701, 0.34999639, 0.34983760, 0.93425429
0.30182368, 1.0000000, 0.80370897, 6.6033840, 9.3441963, 9.5920095, 9.8305264, 9.9075565, 9.9615316, 19.993832, 19.998390, 19.996750, 19.945799, 0.31603384, 0.34344196, 0.34592009, 0.34830526, 0.34907556, 0.34961531, 0.34996915, 0.34999195, 0.34998375, 0.34972900, 0.80370897
0.26727340, 1.0000000, 0.67852676, 4.1452851, 9.2978735, 9.5474453, 9.7782202, 9.8720217, 9.9434547, 19.990364, 19.997450, 19.991652, 19.926691, 0.29145285, 0.34297875, 0.34547445, 0.34778219, 0.34872022, 0.34943455, 0.34995180, 0.34998724, 0.34995824, 0.34963346, 0.67852676
0.24362299, 1.0000000, 0.59283686, 2.8125434, 8.6624155, 9.5537052, 9.7641363, 9.8576241, 9.9336281, 19.988270, 19.996725, 19.983728, 19.910692, 0.27812427, 0.33662200, 0.34553590, 0.34764111, 0.34857613, 0.34933624, 0.34994134, 0.34998363, 0.34991863, 0.34955347, 0.59283686
0.22499289, 1.0000000, 0.52533656, 2.2656381, 7.3353682, 9.5347633, 9.7493658, 9.8453703, 9.9250727, 19.985947, 19.995525, 19.973093, 19.897762, 0.27265587, 0.32335266, 0.34534699, 0.34749353, 0.34845364, 0.34925070, 0.34992975, 0.34997761, 0.34986547, 0.34948879, 0.52533656
0.20452358, 1.0000000, 0.45117238, 1.6843826, 5.8516850, 9.5042858, 9.7270432, 9.8295107, 9.9152746, 19.983036, 19.993433, 19.960377, 19.887659, 0.26684061, 0.30851018, 0.34503743, 0.34726933, 0.34829453, 0.34915257, 0.34991518, 0.34996718, 0.34980190, 0.34943831, 0.45117238
0.18633786, 1.0000000, 0.38528210, 1.2126416, 4.4518518, 9.4863377, 9.7144394, 9.8197145, 9.9087687, 19.980659, 19.990213, 19.946558, 19.879965, 0.26212460, 0.29451451, 0.34485909, 0.34714353, 0.34819672, 0.34908754, 0.34990329, 0.34995106, 0.34973279, 0.34939983, 0.38528210
0.16384396, 1.0000000, 0.30378243, 0.60534179, 2.9474230, 9.0988150, 9.6650639, 9.7890005, 9.8932772, 19.976454, 19.984837, 19.932480, 19.874195, 0.25605270, 0.27947214, 0.34098494, 0.34664994, 0.34788966, 0.34893265, 0.34988227, 0.34992418, 0.34966239, 0.34937099, 0.30378243
0.14648353, 0.80286074, 0.24088232, 0.13298988, 2.2609770, 7.8621740, 9.6287613, 9.7644472, 9.8799829, 19.972290, 19.977463, 19.919119, 19.869928, 0.25132987, 0.27260944, 0.32862115, 0.34628746, 0.34764442, 0.34879979, 0.34986144, 0.34988731, 0.34959561, 0.34934965, 0.24088232
0.13400370, 0.65215343, 0.19566560, 0.0000000, 1.6426533, 6.5374765, 9.5997477, 9.7439747, 9.8687086, 19.968521, 19.968258, 19.907118, 19.866812, 0.24996716, 0.26642239, 0.31536651, 0.34599507, 0.34743851, 0.34868667, 0.34984261, 0.34984130, 0.34953558, 0.34933406, 0.19566560
0.12591080, 0.55442280, 0.16634348, 0.0000000, 1.2075812, 5.4522939, 9.6050501, 9.7449217, 9.8667955, 19.964609, 19.957426, 19.896740, 19.864553, 0.24996716, 0.26207069, 0.30451137, 0.34604642, 0.34744716, 0.34866726, 0.34982306, 0.34978712, 0.34948370, 0.34932277, 0.16634348
0.11864185, 0.46664229, 0.14000669, 0.0000000, 0.84784329, 4.4182134, 9.5944881, 9.7383528, 9.8633652, 19.960360, 19.945538, 19.888132, 19.862936, 0.24996716, 0.25847510, 0.29417345, 0.34594110, 0.34738162, 0.34863299, 0.34980181, 0.34972769, 0.34944066, 0.34931469, 0.14000669
0.11186653, 0.38482293, 0.11545843, 0.0000000, 0.53433776, 3.4112601, 9.5792913, 9.7283478, 9.8579721, 19.954622, 19.933044, 19.881128, 19.861761, 0.24996716, 0.25534338, 0.28411260, 0.34579292, 0.34728348, 0.34857970, 0.34977311, 0.34966522, 0.34940565, 0.34930879, 0.11545843
0.10611583, 0.31537700, 0.94622560E-1, 0.0000000, 0.24385154, 2.6778727, 9.2211246, 9.7064400, 9.8466902, 19.946846, 19.920578, 19.875517, 19.860920, 0.24996716, 0.25243792, 0.27677551, 0.34220904, 0.34706324, 0.34846652, 0.34973425, 0.34960288, 0.34937757, 0.34930462, 0.94622560E-1
0.10195220, 0.26509655, 0.79536922E-1, 0.0000000, 0.43252110E-1, 2.1892071, 8.6501417, 9.6928654, 9.8385143, 19.938236, 19.909000, 19.871189, 19.860321, 0.24996716, 0.25043237, 0.27188805, 0.33649823, 0.34692687, 0.34838456, 0.34969118, 0.34954500, 0.34935594, 0.34930161, 0.79536922E-1
0.99277079E-1, 0.23279166, 0.69844484E-1, 0.0000000, 0.0000000, 1.7513096, 8.0517149, 9.6774483, 9.8300858, 19.929155, 19.898792, 19.867907, 19.859909, 0.24996716, 0.24999882, 0.26750693, 0.33051148, 0.34677109, 0.34829971, 0.34964579, 0.34949395, 0.34933954, 0.34929955, 0.69844484E-1
0.96107110E-1, 0.19451085, 0.58359090E-1, 0.0000000, 0.0000000, 1.1727989, 7.1538858, 9.6055660, 9.7941847, 19.917297, 19.889444, 19.865295, 19.859575, 0.24996716, 0.24999882, 0.26172799, 0.32153887, 0.34605566, 0.34794185, 0.34958649, 0.34944722, 0.34932649, 0.34929788, 0.58359090E-1
0.93871109E-1, 0.16750875, 0.50257653E-1, 0.0000000, 0.0000000, 0.80277622, 6.3080974, 9.6033115, 9.7877417, 19.907085, 19.882046, 19.863432, 19.859356, 0.24996716, 0.24999882, 0.25802448, 0.31307581, 0.34602919, 0.34787607, 0.34953544, 0.34941024, 0.34931716, 0.34929678, 0.50257653E-1
0.91494471E-1, 0.13880822, 0.41646630E-1, 0.0000000, 0.0000000, 0.44247508, 5.2695999, 9.5481501, 9.7587786, 19.896006, 19.875721, 19.861938, 19.859222, 0.24996716, 0.24999882, 0.25442439, 0.30269516, 0.34548074, 0.34758753, 0.34948003, 0.34937862, 0.34930968, 0.34929612, 0.41646630E-1
0.89258909E-1, 0.11181145, 0.33546790E-1, 0.0000000, 0.0000000, 0.15601814, 4.0378776, 9.4897490, 9.7249794, 19.884560, 19.870312, 19.860775, 19.859104, 0.24996716, 0.24999882, 0.25155914, 0.29037341, 0.34489116, 0.34724766, 0.34942281, 0.34935156, 0.34930387, 0.34929553, 0.33546790E-1
0.87664999E-1, 0.92563234E-1, 0.27771749E-1, 0.0000000, 0.0000000, 0.46849251E-2, 2.9776006, 9.2791481, 9.7078342, 19.875656, 19.866320, 19.859974, 19.858997, 0.24996716, 0.24999882, 0.25004679, 0.27976909, 0.34278071, 0.34707460, 0.34937829, 0.34933159, 0.34929988, 0.34929499, 0.27771749E-1
0.87005734E-1, 0.84601842E-1, 0.25383091E-1, 0.0000000, 0.0000000, 0.0000000, 2.5920181, 8.5056410, 9.7029171, 19.868040, 19.863235, 19.859379, 19.858923, 0.24996716, 0.24999882, 0.24999852, 0.27591518, 0.33504823, 0.34702605, 0.34934020, 0.34931618, 0.34929690, 0.34929460, 0.25383091E-1
0.86412519E-1, 0.77438116E-1, 0.23233758E-1, 0.0000000, 0.0000000, 0.0000000, 2.2485824, 7.7621346, 9.6986971, 19.862276, 19.861032, 19.858978, 19.858839, 0.24996716, 0.24999882, 0.24999852, 0.27247819, 0.32760817, 0.34698150, 0.34931138, 0.34930515, 0.34929490, 0.34929419, 0.23233758E-1
0.85754864E-1, 0.69496252E-1, 0.20850962E-1, 0.0000000, 0.0000000, 0.0000000, 1.8770099, 6.9233608, 9.6770649, 19.856478, 19.859070, 19.858576, 19.858757, 0.24996716, 0.24999882, 0.24999852, 0.26876423, 0.31922275, 0.34676561, 0.34928238, 0.34929535, 0.34929287, 0.34929377, 0.20850962E-1
0.85237809E-1, 0.63252240E-1, 0.18977571E-1, 0.0000000, 0.0000000, 0.0000000, 1.6117364, 6.2011452, 9.6868067, 19.854988, 19.858351, 19.858471, 19.858757, 0.24996716, 0.24999882, 0.24999852, 0.26611304, 0.31200314, 0.34686375, 0.34927493, 0.34929174, 0.34929234, 0.34929377, 0.18977571E-1
0.14709574, 0.81025386, 0.24310048, 2.3335428, 2.2449791, 2.4568677, 2.2476494, 7.0941234, 9.7748613, 19.851778, 19.857271, 19.858231, 19.858709, 0.27332842, 0.27244577, 0.27456647, 0.27247608, 0.32094061, 0.34774831, 0.34925890, 0.34928635, 0.34929115, 0.34929353, 0.24310048
0.14605823, 0.79772502, 0.23934144, 2.5712311, 1.8454492, 2.2371829, 2.1837325, 6.9326115, 9.8170519, 19.850454, 19.856771, 19.858166, 19.858709, 0.27571231, 0.26845449, 0.27237183, 0.27183732, 0.31932610, 0.34817052, 0.34925228, 0.34928387, 0.34929082, 0.34929353, 0.23934144
0.15270914, 0.87804186, 0.26343891, 2.4920344, 2.3870678, 2.3691952, 4.3328366, 9.1785679, 9.8417253, 19.850595, 19.856749, 19.858194, 19.858709, 0.27492034, 0.27387068, 0.27369195, 0.29332837, 0.34178567, 0.34841725, 0.34925297, 0.34928375, 0.34929097, 0.34929353, 0.26343891
0.14674728, 0.80604583, 0.24183793, 2.2045999, 2.2243023, 2.2869110, 3.7019634, 9.6935959, 9.8578062, 19.851625, 19.856955, 19.858278, 19.858709, 0.27204600, 0.27224302, 0.27286911, 0.28701964, 0.34693596, 0.34857807, 0.34925812, 0.34928477, 0.34929138, 0.34929353, 0.24183793
0.12902221, 0.59199649, 0.17761672, 1.3363987, 1.6997367, 2.0072222, 3.3921952, 9.7314730, 9.8450756, 19.849663, 19.856396, 19.858166, 19.858709, 0.26336399, 0.26699737, 0.27007222, 0.28392196, 0.34731472, 0.34845075, 0.34924832, 0.34928197, 0.34929082, 0.34929353, 0.17761672
0.15358099, 0.88857055, 0.26659784, 2.4859042, 2.3613186, 2.2040486, 6.3060026, 9.7133045, 9.8287411, 19.847658, 19.855860, 19.858061, 19.858709, 0.27485904, 0.27361318, 0.27204049, 0.31306002, 0.34713304, 0.34828740, 0.34923828, 0.34927928, 0.34929031, 0.34929353, 0.26659784
0.35600001, 1.0000000, 1.0000000, 9.9999990, 9.9999990, 9.9999990, 9.9999990, 9.9999990, 9.9999990, 19.999998, 19.999998, 19.999998, 19.997997, 0.34999999, 0.34999999, 0.34999999, 0.34999999, 0.34999999, 0.34999999, 0.34999999, 0.34999999, 0.34999999, 0.34998998, 1.0000000
0.33378142, 1.0000000, 0.91949779, 8.7500343, 9.5408001, 9.7378387, 9.9236536, 9.9606743, 9.9850578, 19.998323, 19.999563, 19.999611, 19.974239, 0.33750033, 0.34540799, 0.34737837, 0.34923655, 0.34960675, 0.34985059, 0.34999162, 0.34999782, 0.34999806, 0.34987119, 0.91949779
0.30215120, 1.0000000, 0.80489558, 6.5939350, 9.3841505, 9.6186810, 9.8455439, 9.9163017, 9.9657459, 19.994928, 19.998682, 19.997730, 19.951899, 0.31593937, 0.34384149, 0.34618682, 0.34845543, 0.34916303, 0.34965748, 0.34997463, 0.34999341, 0.34998864, 0.34975949, 0.80489558
0.25524038, 1.0000000, 0.63492882, 3.3391955, 9.2190142, 9.4930267, 9.7499399, 9.8565216, 9.9368820, 19.989216, 19.997177, 19.993294, 19.931929, 0.28339195, 0.34219015, 0.34493026, 0.34749940, 0.34856522, 0.34936881, 0.34994608, 0.34998590, 0.34996647, 0.34965965, 0.63492882
0.22054185, 1.0000000, 0.50920957, 1.9684315, 7.3460975, 9.4426956, 9.6948347, 9.8156776, 9.9131994, 19.983578, 19.995550, 19.985985, 19.914989, 0.26968431, 0.32346097, 0.34442696, 0.34694836, 0.34815678, 0.34913200, 0.34991789, 0.34997776, 0.34992993, 0.34957495, 0.50920957
0.19480643, 1.0000000, 0.41596529, 1.2495428, 5.4401278, 9.4407368, 9.6801443, 9.8000174, 9.9004793, 19.978985, 19.993887, 19.975933, 19.901146, 0.26249436, 0.30439851, 0.34440497, 0.34680095, 0.34799993, 0.34900472, 0.34989494, 0.34996945, 0.34987968, 0.34950572, 0.41596529
0.17148703, 1.0000000, 0.33147478, 0.63204467, 3.6559012, 9.4373045, 9.6688414, 9.7891235, 9.8913565, 19.974361, 19.991505, 19.963602, 19.890245, 0.25632045, 0.28655902, 0.34437305, 0.34668842, 0.34789124, 0.34891355, 0.34987181, 0.34995753, 0.34981802, 0.34945124, 0.33147478
0.21651694, 1.0000000, 0.49462658, 2.8428555, 5.4195805, 9.4121037, 9.6900787, 9.7986250, 9.8930855, 19.971954, 19.988558, 19.950020, 19.881920, 0.27842855, 0.30419582, 0.34412104, 0.34690079, 0.34798625, 0.34893087, 0.34985977, 0.34994280, 0.34975010, 0.34940961, 0.49462658
0.35600001, 1.0000000, 1.0000000, 9.9999990, 9.9999990, 9.9999990, 9.9999990, 9.9999990, 9.9999990, 19.999998, 19.999998, 19.999998, 19.995995, 0.34999999, 0.34999999, 0.34999999, 0.34999999, 0.34999999, 0.34999999, 0.34999999, 0.34999999, 0.34999999, 0.34997997, 1.0000000
0.35600001, 1.0000000, 1.0000000, 9.9999990, 9.9999990, 9.9999990, 9.9999990, 9.9999990, 9.9999990, 19.999998, 19.999992, 19.999992, 19.997997, 0.34999999, 0.34999999, 0.34999999, 0.34999999, 0.34999999, 0.34999999, 0.34999999, 0.34999996, 0.34999996, 0.34998998, 1.0000000
0.33229476, 1.0000000, 0.91411138, 8.6233444, 9.5649595, 9.7517385, 9.9274654, 9.9626369, 9.9857683, 19.998360, 19.999577, 19.999786, 19.981079, 0.33623344, 0.34564960, 0.34751737, 0.34927467, 0.34962636, 0.34985769, 0.34999180, 0.34999788, 0.34999892, 0.34990540, 0.91411138
0.30613968, 1.0000000, 0.81934661, 6.9301624, 9.3271341, 9.5800323, 9.8277836, 9.9063396, 9.9618158, 19.994631, 19.998598, 19.998407, 19.958191, 0.31930164, 0.34327134, 0.34580034, 0.34827784, 0.34906340, 0.34961817, 0.34997314, 0.34999299, 0.34999204, 0.34979096, 0.81934661
0.34834826, 1.0000000, 0.97227621, 9.7630453, 9.6568642, 9.6728888, 9.8312111, 9.9017792, 9.9567432, 19.993212, 19.998226, 19.995035, 19.937508, 0.34763044, 0.34656864, 0.34672889, 0.34831211, 0.34901780, 0.34956744, 0.34996605, 0.34999114, 0.34997517, 0.34968755, 0.97227621
0.33213753, 1.0000000, 0.91354167, 8.6844292, 9.5001717, 9.6676664, 9.8267097, 9.8958235, 9.9520645, 19.992224, 19.997894, 19.988935, 19.919712, 0.33684430, 0.34500173, 0.34667665, 0.34826711, 0.34895822, 0.34952065, 0.34996110, 0.34998947, 0.34994468, 0.34959856, 0.91354167
0.35460949, 1.0000000, 0.99496192, 9.9298429, 9.9596910, 9.9796581, 9.9958467, 9.9979162, 9.9993019, 19.999992, 19.999998, 19.999983, 19.990009, 0.34929842, 0.34959692, 0.34979659, 0.34995848, 0.34997916, 0.34999302, 0.34999996, 0.34999999, 0.34999990, 0.34995005, 0.99496192
0.33051181, 1.0000000, 0.90765131, 8.5355158, 9.5142546, 9.7189569, 9.9132109, 9.9550438, 9.9825211, 19.997692, 19.999403, 19.999224, 19.966581, 0.33535516, 0.34514254, 0.34718958, 0.34913212, 0.34955043, 0.34982520, 0.34998846, 0.34999701, 0.34999612, 0.34983289, 0.90765131
0.29400596, 1.0000000, 0.77538389, 6.0406537, 9.3404446, 9.5876217, 9.8279629, 9.9059353, 9.9613304, 19.994392, 19.998539, 19.996622, 19.944950, 0.31040654, 0.34340444, 0.34587622, 0.34827963, 0.34905934, 0.34961331, 0.34997195, 0.34999269, 0.34998310, 0.34972474, 0.77538389
0.25183544, 1.0000000, 0.62259215, 3.0766723, 9.2382460, 9.5055790, 9.7564430, 9.8591623, 9.9385500, 19.990746, 19.997570, 19.991383, 19.925964, 0.28076673, 0.34238246, 0.34505579, 0.34756443, 0.34859163, 0.34938550, 0.34995371, 0.34998786, 0.34995693, 0.34962982, 0.62259215
0.22151020, 1.0000000, 0.51271808, 2.0755947, 7.2734923, 9.4616470, 9.7088499, 9.8240995, 9.9180574, 19.986364, 19.996225, 19.983187, 19.910055, 0.27075499, 0.32273290, 0.34461516, 0.34708825, 0.34824085, 0.34918052, 0.34993184, 0.34998113, 0.34991592, 0.34955028, 0.51271808
0.20051706, 1.0000000, 0.43665600, 1.5439481, 5.6217394, 9.4683857, 9.7054653, 9.8163691, 9.9103222, 19.984314, 19.995071, 19.972464, 19.897251, 0.26543841, 0.30621505, 0.34468189, 0.34705424, 0.34816349, 0.34910315, 0.34992158, 0.34997535, 0.34986231, 0.34948626, 0.43665600
0.18158895, 1.0000000, 0.36807588, 1.1104792, 4.0666366, 9.4531984, 9.6965647, 9.8085794, 9.9044619, 19.982744, 19.993265, 19.959743, 19.887299, 0.26110479, 0.29066637, 0.34453198, 0.34696564, 0.34808579, 0.34904462, 0.34991372, 0.34996632, 0.34979871, 0.34943649, 0.36807588
0.17939851, 1.0000000, 0.36013949, 1.6226292, 2.9906363, 9.3664694, 9.7100439, 9.8143492, 9.9048758, 19.981565, 19.990311, 19.946009, 19.879700, 0.26622519, 0.27990514, 0.34366277, 0.34710005, 0.34814328, 0.34904870, 0.34990782, 0.34995157, 0.34973004, 0.34939849, 0.36013949
0.16326152, 1.0000000, 0.30167216, 1.0473996, 2.4709702, 8.4322386, 9.6816759, 9.7975044, 9.8963299, 19.978546, 19.985180, 19.932014, 19.873995, 0.26047400, 0.27470970, 0.33432239, 0.34681675, 0.34797505, 0.34896329, 0.34989274, 0.34992591, 0.34966007, 0.34936997, 0.30167216
0.14657685, 0.80398786, 0.24122049, 0.49779713, 1.9164383, 7.3528810, 9.6463861, 9.7750854, 9.8848772, 19.974739, 19.977852, 19.918692, 19.869781, 0.25497797, 0.26916438, 0.32352883, 0.34646386, 0.34775084, 0.34884876, 0.34987369, 0.34988925, 0.34959346, 0.34934890, 0.24122049
0.13387930, 0.65065104, 0.19521484, 0.15950799, 1.4731079, 6.3050089, 9.6341133, 9.7654085, 9.8790245, 19.971781, 19.968811, 19.906786, 19.866718, 0.25159460, 0.26472852, 0.31304461, 0.34633946, 0.34765324, 0.34878993, 0.34985891, 0.34984404, 0.34953392, 0.34933358, 0.19521484
0.12640533, 0.56039470, 0.16813523, 0.0000000, 1.2121260, 5.5443587, 9.6648788, 9.7816238, 9.8845539, 19.969400, 19.958326, 19.896566, 19.864513, 0.24999511, 0.26212078, 0.30544245, 0.34664840, 0.34781602, 0.34884548, 0.34984702, 0.34979165, 0.34948283, 0.34932256, 0.16813523
0.14391205, 0.77180749, 0.23156540, 1.6039848, 0.97575486, 4.8972020, 9.6723795, 9.7872791, 9.8870335, 19.965567, 19.946474, 19.888033, 19.862913, 0.26603904, 0.25975725, 0.29897130, 0.34672350, 0.34787264, 0.34887028, 0.34982783, 0.34973237, 0.34944016, 0.34931457, 0.23156540
0.14658420, 0.80407649, 0.24124707, 2.1928430, 0.71350634, 4.1115341, 9.6443663, 9.7713327, 9.8805676, 19.960411, 19.934105, 19.881104, 19.861761, 0.27192786, 0.25713494, 0.29111505, 0.34644350, 0.34771326, 0.34880564, 0.34980205, 0.34967053, 0.34940553, 0.34930879, 0.24124707
0.13220388, 0.63041848, 0.18914446, 1.4784247, 0.53388476, 3.3800638, 9.6387644, 9.7669010, 9.8781681, 19.954954, 19.922167, 19.875694, 19.860950, 0.26478425, 0.25533885, 0.28380063, 0.34638765, 0.34766901, 0.34878168, 0.34977478, 0.34961084, 0.34937847, 0.34930474, 0.18914446
0.11773437, 0.45568359, 0.13671875, 0.76439679, 0.29379129, 2.8003006, 9.3807373, 9.7445259, 9.8668995, 19.945911, 19.910437, 19.871355, 19.860355, 0.25764242, 0.25293756, 0.27800131, 0.34380624, 0.34744465, 0.34866878, 0.34972957, 0.34955218, 0.34935677, 0.34930179, 0.13671875
0.10773310, 0.33490738, 0.10048226, 0.29594898, 0.11925995, 2.3884237, 8.9256849, 9.7281523, 9.8573732, 19.936344, 19.900043, 19.868050, 19.859938, 0.25295776, 0.25119218, 0.27388009, 0.33925375, 0.34727982, 0.34857318, 0.34968174, 0.34950021, 0.34934026, 0.34929970, 0.10048226
0.18001871, 1.0000000, 0.36238661, 2.1722853, 2.8128119, 8.0791998, 9.5305872, 9.7799511, 9.8764715, 19.927605, 19.891476, 19.865658, 19.859638, 0.27172285, 0.27812812, 0.33079201, 0.34530586, 0.34779951, 0.34876472, 0.34963802, 0.34945738, 0.34932828, 0.34929818, 0.36238661
0.30828613, 1.0000000, 0.82712352, 7.4886737, 8.8526821, 9.2338982, 9.6593227, 9.7886019, 9.8799772, 19.917881, 19.884159, 19.863819, 19.859451, 0.32488674, 0.33852682, 0.34233898, 0.34659323, 0.34788603, 0.34879977, 0.34958941, 0.34942079, 0.34931910, 0.34929726, 0.82712352
0.30049038, 1.0000000, 0.79887819, 6.5261655, 9.3507957, 9.5481548, 9.7198420, 9.8133516, 9.8881187, 19.907846, 19.878063, 19.862423, 19.859299, 0.31526166, 0.34350795, 0.34548154, 0.34719843, 0.34813350, 0.34888119, 0.34953922, 0.34939033, 0.34931213, 0.34929651, 0.79887819
0.28236550, 1.0000000, 0.73320824, 5.1123509, 9.4728422, 9.6286802, 9.7588634, 9.8341932, 9.8946590, 19.898497, 19.873198, 19.861412, 19.859251, 0.30112350, 0.34472841, 0.34628680, 0.34758863, 0.34834194, 0.34894660, 0.34949249, 0.34936598, 0.34930706, 0.34929627, 0.73320824
0.25931045, 1.0000000, 0.64967549, 3.5102680, 9.3809690, 9.5840960, 9.7576618, 9.8344822, 9.8937159, 19.890545, 19.869530, 19.860710, 19.859217, 0.28510267, 0.34380969, 0.34584096, 0.34757662, 0.34834483, 0.34893715, 0.34945273, 0.34934765, 0.34930354, 0.34929609, 0.64967549
0.23749922, 1.0000000, 0.57064933, 2.5428324, 8.3824749, 9.5423737, 9.7393665, 9.8240757, 9.8872681, 19.882607, 19.866415, 19.860111, 19.859163, 0.27542832, 0.33382475, 0.34542373, 0.34739366, 0.34824076, 0.34887269, 0.34941304, 0.34933206, 0.34930056, 0.34929582, 0.57064933
0.21236856, 1.0000000, 0.47959626, 1.8142611, 6.5989876, 9.4781075, 9.7011566, 9.8007107, 9.8747301, 19.874514, 19.863667, 19.859592, 19.859087, 0.26814261, 0.31598988, 0.34478107, 0.34701157, 0.34800711, 0.34874731, 0.34937257, 0.34931833, 0.34929797, 0.34929544, 0.47959626
0.35598463, 1.0000000, 0.99994415, 9.9993229, 9.9995937, 9.9997969, 9.9999609, 9.9999790, 9.9999933, 19.999998, 19.999998, 19.999998, 19.994993, 0.34999231, 0.34999537, 0.34999770, 0.34999955, 0.34999976, 0.34999993, 0.34999999, 0.34999999, 0.34999999, 0.34997496, 0.99994415
0.35600001, 1.0000000, 1.0000000, 9.9999990, 9.9999990, 9.9999990, 9.9999990, 9.9999990, 9.9999990, 19.999998, 19.999998, 19.999998, 19.997997, 0.34999999, 0.34999999, 0.34999999, 0.34999999, 0.34999999, 0.34999999, 0.34999999, 0.34999999, 0.34999999, 0.34998998, 1.0000000
0.34174371, 1.0000000, 0.94834667, 9.2006102, 9.6996326, 9.8342552, 9.9517765, 9.9753027, 9.9901714, 19.998419, 19.999588, 19.999611, 19.974253, 0.34200609, 0.34699634, 0.34834254, 0.34951776, 0.34975302, 0.34990171, 0.34999210, 0.34999794, 0.34999806, 0.34987128, 0.94834667
0.35065484, 1.0000000, 0.98063350, 9.7162886, 9.8647966, 9.9290400, 9.9842339, 9.9920654, 9.9972620, 19.999928, 19.999981, 19.999933, 19.984056, 0.34716290, 0.34864795, 0.34929040, 0.34984234, 0.34992066, 0.34997261, 0.34999964, 0.34999990, 0.34999967, 0.34992027, 0.98063350
0.34800911, 1.0000000, 0.97104740, 9.5703211, 9.8058071, 9.8968611, 9.9750891, 9.9873924, 9.9954205, 19.999636, 19.999903, 19.999922, 19.984043, 0.34570321, 0.34805807, 0.34896863, 0.34975088, 0.34987393, 0.34995419, 0.34999818, 0.34999952, 0.34999961, 0.34992021, 0.97104740
0.33450443, 1.0000000, 0.92211741, 8.7944088, 9.5528717, 9.7407808, 9.9223080, 9.9597511, 9.9849482, 19.998652, 19.999641, 19.998932, 19.961004, 0.33794409, 0.34552872, 0.34740782, 0.34922308, 0.34959751, 0.34984949, 0.34999326, 0.34999821, 0.34999466, 0.34980503, 0.92211741
0.35598254, 1.0000000, 0.99993670, 9.9996891, 9.9998150, 9.9999065, 9.9997873, 9.9801722, 9.9789801, 19.997650, 19.999386, 19.995907, 19.940001, 0.34999689, 0.34999815, 0.34999907, 0.34999788, 0.34980172, 0.34978980, 0.34998825, 0.34999692, 0.34997952, 0.34970000, 0.99993670
0.35600001, 1.0000000, 1.0000000, 9.9999990, 9.9999990, 9.9999990, 9.9999990, 9.9999990, 9.9999990, 19.999998, 19.999998, 19.999998, 19.996996, 0.34999999, 0.34999999, 0.34999999, 0.34999999, 0.34999999, 0.34999999, 0.34999999, 0.34999999, 0.34999999, 0.34998497, 1.0000000
0.33065104, 1.0000000, 0.90815586, 8.5215311, 9.5431576, 9.7383327, 9.9249315, 9.9613647, 9.9856081, 19.998669, 19.999653, 19.999758, 19.978153, 0.33521530, 0.34543157, 0.34738332, 0.34924930, 0.34961364, 0.34985608, 0.34999335, 0.34999827, 0.34999877, 0.34989077, 0.90815586
0.31991184, 1.0000000, 0.86924583, 7.8573089, 9.4126883, 9.6369438, 9.8583965, 9.9235601, 9.9699202, 19.996780, 19.999165, 19.998287, 19.955513, 0.32857308, 0.34412688, 0.34636945, 0.34858397, 0.34923559, 0.34969920, 0.34998390, 0.34999582, 0.34999144, 0.34977758, 0.86924583
0.30301982, 1.0000000, 0.80804282, 6.6312704, 9.4228191, 9.6318769, 9.8279209, 9.9021606, 9.9590397, 19.995220, 19.998751, 19.994596, 19.935150, 0.31631270, 0.34422821, 0.34631878, 0.34827921, 0.34902161, 0.34959039, 0.34997609, 0.34999377, 0.34997299, 0.34967574, 0.80804282
0.29404649, 1.0000000, 0.77553070, 5.9041095, 9.5233212, 9.6868563, 9.8318729, 9.8998165, 9.9548359, 19.993761, 19.998310, 19.988079, 19.917732, 0.30904108, 0.34523320, 0.34686857, 0.34831873, 0.34899816, 0.34954837, 0.34996879, 0.34999156, 0.34994039, 0.34958866, 0.77553070
0.27272105, 1.0000000, 0.69826466, 4.4629693, 9.3927002, 9.6085949, 9.8035622, 9.8817863, 9.9455881, 19.992367, 19.997618, 19.978697, 19.903406, 0.29462969, 0.34392700, 0.34608597, 0.34803563, 0.34881786, 0.34945589, 0.34996182, 0.34998810, 0.34989348, 0.34951705, 0.69826466
0.24847974, 1.0000000, 0.61043382, 2.9434772, 9.0166140, 9.5783997, 9.7784948, 9.8647356, 9.9357557, 19.990175, 19.996149, 19.966852, 19.892044, 0.27943352, 0.34016386, 0.34578279, 0.34778470, 0.34864724, 0.34935752, 0.34995088, 0.34998074, 0.34983426, 0.34946021, 0.61043382
0.26355267, 1.0000000, 0.66504592, 3.7780499, 9.3943310, 9.6736898, 9.8097630, 9.8791008, 9.9394531, 19.989983, 19.994221, 19.953573, 19.883333, 0.28777960, 0.34394196, 0.34673622, 0.34809747, 0.34879094, 0.34939450, 0.34994990, 0.34997112, 0.34976786, 0.34941667, 0.66504592
0.27770048, 1.0000000, 0.71630615, 4.6643515, 9.5941458, 9.7297544, 9.8354950, 9.8928404, 9.9440994, 19.989742, 19.990831, 19.939707, 19.876757, 0.29664353, 0.34594145, 0.34729755, 0.34835494, 0.34892839, 0.34944099, 0.34994870, 0.34995416, 0.34969854, 0.34938377, 0.71630615
0.26538682, 1.0000000, 0.67169130, 3.8207684, 9.5313749, 9.6936331, 9.8323879, 9.8919744, 9.9438343, 19.989141, 19.985476, 19.926100, 19.871859, 0.28820768, 0.34531376, 0.34693635, 0.34832388, 0.34891975, 0.34943834, 0.34994572, 0.34992737, 0.34963050, 0.34935930, 0.67169130
0.26941273, 1.0000000, 0.68627799, 4.1730275, 9.4564285, 9.6464310, 9.8145056, 9.8824863, 9.9399300, 19.987831, 19.977884, 19.913452, 19.868269, 0.29173028, 0.34456429, 0.34646431, 0.34814507, 0.34882486, 0.34939930, 0.34993917, 0.34988943, 0.34956726, 0.34934133, 0.68627799
0.24855648, 1.0000000, 0.61071187, 2.9322596, 9.0560799, 9.5576344, 9.7679844, 9.8559055, 9.9282131, 19.984737, 19.967937, 19.902229, 19.865618, 0.27932259, 0.34056079, 0.34557635, 0.34767985, 0.34855905, 0.34928215, 0.34992367, 0.34983969, 0.34951115, 0.34932810, 0.61071187
0.25022370, 1.0000000, 0.61675251, 2.9680700, 9.1459780, 9.6530676, 9.7999763, 9.8713741, 9.9332943, 19.983109, 19.956955, 19.892824, 19.863735, 0.27968070, 0.34145978, 0.34653068, 0.34799975, 0.34871376, 0.34933293, 0.34991553, 0.34978479, 0.34946412, 0.34931868, 0.61675251
0.22888915, 1.0000000, 0.53945339, 2.3562045, 7.6532106, 9.5381708, 9.7570372, 9.8476458, 9.9232597, 19.978704, 19.944530, 19.884989, 19.862366, 0.27355969, 0.32652754, 0.34537888, 0.34756976, 0.34847617, 0.34923252, 0.34989351, 0.34972265, 0.34942496, 0.34931183, 0.53945339
0.20920476, 1.0000000, 0.46813315, 1.8399984, 6.1549187, 9.5056667, 9.7338648, 9.8327808, 9.9157877, 19.973074, 19.931885, 19.878727, 19.861378, 0.26839939, 0.31154799, 0.34505573, 0.34733847, 0.34832773, 0.34915784, 0.34986538, 0.34965941, 0.34939364, 0.34930688, 0.46813315
0.18931527, 1.0000000, 0.39606982, 1.3646454, 4.5629635, 9.4755611, 9.7114611, 9.8179007, 9.9079666, 19.966032, 19.919672, 19.873812, 19.860685, 0.26364645, 0.29562962, 0.34475562, 0.34711462, 0.34817901, 0.34907967, 0.34983015, 0.34959835, 0.34936905, 0.34930342, 0.39606982
0.17622355, 1.0000000, 0.34863603, 1.0564536, 3.4650304, 9.5324278, 9.7288008, 9.8253784, 9.9082603, 19.957205, 19.908388, 19.870010, 19.860161, 0.26056436, 0.28464997, 0.34532383, 0.34728792, 0.34825373, 0.34908256, 0.34978601, 0.34954193, 0.34935004, 0.34930080, 0.34863603
0.16511905, 1.0000000, 0.30840233, 0.74926317, 2.8351486, 9.1384840, 9.7276020, 9.8241310, 9.9057550, 19.946644, 19.898285, 19.867081, 19.859810, 0.25748897, 0.27834317, 0.34137145, 0.34727317, 0.34823987, 0.34905708, 0.34973323, 0.34949142, 0.34933540, 0.34929904, 0.30840233
0.15850760, 0.94806457, 0.28444782, 0.57289302, 2.5884480, 8.6184664, 9.7438784, 9.8326206, 9.9074392, 19.936089, 19.889868, 19.864925, 19.859562, 0.25572589, 0.27587625, 0.33617100, 0.34743568, 0.34832466, 0.34907386, 0.34968045, 0.34944934, 0.34932464, 0.34929782, 0.28444782
0.15245666, 0.87499279, 0.26252410, 0.42199194, 2.3566155, 8.1217127, 9.7495975, 9.8358107, 9.9069929, 19.925261, 19.882917, 19.863323, 19.859392, 0.25421762, 0.27355847, 0.33120385, 0.34749278, 0.34835649, 0.34906939, 0.34962630, 0.34941459, 0.34931663, 0.34929696, 0.26252410
0.14608736, 0.79807663, 0.23944694, 0.26786625, 2.1092267, 7.5937648, 9.7431002, 9.8318615, 9.9031639, 19.914381, 19.877224, 19.862123, 19.859287, 0.25267687, 0.27108386, 0.32592252, 0.34742713, 0.34831664, 0.34903097, 0.34957191, 0.34938613, 0.34931061, 0.34929645, 0.23944694
0.13882102, 0.71032780, 0.21311966, 0.99307299E-1, 1.8228233, 6.9775558, 9.7217188, 9.8187828, 9.8950357, 19.903811, 19.872595, 19.861210, 19.859222, 0.25099260, 0.26822293, 0.31976539, 0.34721437, 0.34818640, 0.34894988, 0.34951904, 0.34936297, 0.34930605, 0.34929612, 0.21311966
0.13168012, 0.62409359, 0.18724680, 0.0000000, 1.4949530, 6.2471571, 9.6916513, 9.7992907, 9.8833704, 19.893648, 19.868801, 19.860493, 19.859175, 0.24999294, 0.26494566, 0.31246346, 0.34691399, 0.34799162, 0.34883329, 0.34946823, 0.34934402, 0.34930247, 0.34929588, 0.18724680
0.12582639, 0.55340338, 0.16603762, 0.0000000, 1.1838496, 5.4634171, 9.6668472, 9.7819204, 9.8724308, 19.884867, 19.865871, 19.859970, 19.859127, 0.24999294, 0.26183277, 0.30462095, 0.34666380, 0.34781685, 0.34872350, 0.34942433, 0.34932935, 0.34929985, 0.34929565, 0.16603762
0.19024548, 1.0000000, 0.39944008, 2.1720858, 3.7252877, 8.6890612, 9.7311678, 9.8150949, 9.8823128, 19.879620, 19.864162, 19.859724, 19.859127, 0.27170923, 0.28724092, 0.33687666, 0.34730855, 0.34814936, 0.34882259, 0.34939811, 0.34932083, 0.34929863, 0.34929565, 0.39944008
0.24288687, 1.0000000, 0.59016979, 2.7640498, 8.6602840, 9.5401812, 9.7817602, 9.8433809, 9.8913317, 19.875278, 19.862881, 19.859577, 19.859127, 0.27764049, 0.33660284, 0.34540182, 0.34781760, 0.34843379, 0.34891331, 0.34937638, 0.34931439, 0.34929788, 0.34929565, 0.59016979
0.23250879, 1.0000000, 0.55256808, 2.8350592, 7.2926307, 9.5407419, 9.7480927, 9.8261909, 9.8828144, 19.869822, 19.861429, 19.859299, 19.859087, 0.27835059, 0.32292631, 0.34540743, 0.34748092, 0.34826189, 0.34882814, 0.34934911, 0.34930715, 0.34929651, 0.34929544, 0.55256808
0.21431908, 1.0000000, 0.48666331, 2.2954555, 6.0001054, 9.5352249, 9.7329054, 9.8164387, 9.8769722, 19.865559, 19.860340, 19.859144, 19.859051, 0.27295431, 0.31000066, 0.34535193, 0.34732899, 0.34816435, 0.34876972, 0.34932780, 0.34930170, 0.34929574, 0.34929526, 0.48666331
0.20056599, 1.0000000, 0.43683326, 1.9046366, 4.9771700, 9.5645685, 9.7389688, 9.8180761, 9.8756294, 19.862368, 19.859570, 19.859022, 19.859022, 0.26904106, 0.29976338, 0.34563771, 0.34738806, 0.34817994, 0.34875602, 0.34931183, 0.34929785, 0.34929511, 0.34929511, 0.43683326
0.19821541, 1.0000000, 0.42831665, 1.8851876, 4.6455426, 9.7083101, 9.7950773, 9.8476038, 9.8857698, 19.861536, 19.859421, 19.859022, 19.859022, 0.26884907, 0.29645130, 0.34707877, 0.34794989, 0.34847561, 0.34885755, 0.34930769, 0.34929711, 0.34929511, 0.34929511, 0.42831665
0.19653349, 1.0000000, 0.42222273, 1.8648684, 4.4465227, 9.7599106, 9.8252563, 9.8643103, 9.8913441, 19.860924, 19.859346, 19.859022, 19.859022, 0.26864588, 0.29446122, 0.34759468, 0.34825167, 0.34864265, 0.34891328, 0.34930462, 0.34929675, 0.34929511, 0.34929511, 0.42222273
0.19368264, 1.0000000, 0.41189361, 1.8044323, 4.2091861, 9.7456160, 9.8332500, 9.8691998, 9.8927631, 19.860441, 19.859346, 19.859022, 19.859022, 0.26804110, 0.29208735, 0.34745097, 0.34833145, 0.34869146, 0.34892744, 0.34930220, 0.34929675, 0.34929511, 0.34929511, 0.41189361
0.18032034, 1.0000000, 0.36347947, 1.4062673, 3.3576183, 9.5646563, 9.7697268, 9.8359137, 9.8800268, 19.858503, 19.858868, 19.858892, 19.858992, 0.26405984, 0.28357214, 0.34564078, 0.34769607, 0.34835854, 0.34880006, 0.34929252, 0.34929433, 0.34929445, 0.34929496, 0.36347947
0.16750835, 1.0000000, 0.31705922, 1.0019332, 2.7385890, 9.0690842, 9.7273626, 9.8113422, 9.8700142, 19.856474, 19.858313, 19.858744, 19.858946, 0.26001471, 0.27737835, 0.34067833, 0.34727094, 0.34811208, 0.34869969, 0.34928238, 0.34929156, 0.34929371, 0.34929472, 0.31705922
0.15676588, 0.92703152, 0.27813727, 0.67329109, 2.3638220, 8.3294201, 9.7053385, 9.7971849, 9.8639612, 19.855135, 19.857952, 19.858662, 19.858923, 0.25672552, 0.27362269, 0.33326682, 0.34704700, 0.34796864, 0.34863853, 0.34927568, 0.34928977, 0.34929329, 0.34929460, 0.27813727
0.14730613, 0.81279469, 0.24386279, 0.40832162, 2.0287871, 7.6003861, 9.6951866, 9.7900238, 9.8605890, 19.854219, 19.857695, 19.858566, 19.858923, 0.25407782, 0.27027175, 0.32597366, 0.34694418, 0.34789637, 0.34860459, 0.34927109, 0.34928846, 0.34929281, 0.34929460, 0.24386279
0.13881302, 0.71023107, 0.21309063, 0.20990670, 1.7136157, 6.8409600, 9.6816349, 9.7817221, 9.8572712, 19.853836, 19.857563, 19.858534, 19.858904, 0.25209698, 0.26712596, 0.31838927, 0.34681061, 0.34781429, 0.34857172, 0.34926918, 0.34928781, 0.34929267, 0.34929451, 0.21309063
0.13038281, 0.60842705, 0.18254638, 0.37461519E-1, 1.3955981, 6.0190148, 9.6609507, 9.7693624, 9.8523045, 19.853424, 19.857445, 19.858526, 19.858875, 0.25037432, 0.26394960, 0.31017640, 0.34660509, 0.34769139, 0.34852231, 0.34926713, 0.34928721, 0.34929264, 0.34929436, 0.18254638
0.12409721, 0.53252172, 0.15977250, 0.0000000, 1.1086524, 5.2013068, 9.6469545, 9.7604589, 9.8484249, 19.853043, 19.857357, 19.858521, 19.858875, 0.24999380, 0.26108471, 0.30200881, 0.34646797, 0.34760377, 0.34848398, 0.34926522, 0.34928679, 0.34929261, 0.34929436, 0.15977250
0.16298810, 1.0000000, 0.30068147, 2.9931128, 1.0250926, 4.7697797, 9.7095032, 9.7946291, 9.8614845, 19.854193, 19.857670, 19.858566, 19.858875, 0.27992725, 0.26025012, 0.29769593, 0.34709430, 0.34794590, 0.34861472, 0.34927097, 0.34928834, 0.34929281, 0.34929436, 0.30068147
0.18827608, 1.0000000, 0.39230466, 2.6516318, 2.9633999, 8.1206503, 9.7751598, 9.8319368, 9.8757763, 19.855158, 19.857929, 19.858566, 19.858875, 0.27651632, 0.27963400, 0.33120650, 0.34775159, 0.34831935, 0.34875777, 0.34927580, 0.34928966, 0.34929281, 0.34929436, 0.39230466
0.18013838, 1.0000000, 0.36282021, 2.3179829, 2.7435541, 7.7099352, 9.7628517, 9.8279009, 9.8750601, 19.855404, 19.857988, 19.858566, 19.858875, 0.27317953, 0.27743533, 0.32709908, 0.34762847, 0.34827897, 0.34875059, 0.34927702, 0.34928995, 0.34929281, 0.34929436, 0.36282021
0.16941661, 1.0000000, 0.32397315, 1.8848479, 2.4452031, 7.1697083, 9.7357025, 9.8139591, 9.8701916, 19.855135, 19.857893, 19.858561, 19.858875, 0.26884475, 0.27444914, 0.32169282, 0.34735587, 0.34813899, 0.34870172, 0.34927568, 0.34928948, 0.34929281, 0.34929436, 0.32397315
0.15827096, 0.94520682, 0.28359041, 1.4533252, 2.1268873, 6.5565705, 9.7119255, 9.8004122, 9.8650637, 19.854723, 19.857798, 19.858551, 19.858875, 0.26453325, 0.27126887, 0.31556571, 0.34711927, 0.34800413, 0.34865063, 0.34927362, 0.34928900, 0.34929276, 0.34929436, 0.28359041
0.14890334, 0.83208257, 0.24964975, 1.1077851, 1.8568307, 5.9873590, 9.7063122, 9.7964172, 9.8631878, 19.854321, 19.857674, 19.858545, 19.858875, 0.26107785, 0.26856831, 0.30987358, 0.34706312, 0.34796417, 0.34863189, 0.34927160, 0.34928837, 0.34929273, 0.34929436, 0.24964975
0.14103393, 0.73705101, 0.22113742, 0.83999038, 1.6249418, 5.4465060, 9.7062340, 9.7958422, 9.8628645, 19.854273, 19.857647, 19.858561, 19.858875, 0.25839546, 0.26624426, 0.30445638, 0.34705925, 0.34795687, 0.34862810, 0.34927136, 0.34928823, 0.34929281, 0.34929436, 0.22113742
0.13495156, 0.66359991, 0.19909988, 0.65602362, 1.4405996, 4.9587522, 9.7104464, 9.7982016, 9.8640242, 19.854673, 19.857742, 19.858566, 19.858875, 0.25655541, 0.26439965, 0.29957658, 0.34710017, 0.34797984, 0.34863952, 0.34927338, 0.34928870, 0.34929281, 0.34929436, 0.19909988
0.12862988, 0.58725864, 0.17619522, 0.46863556, 1.2441516, 4.4485445, 9.7008085, 9.7930717, 9.8622608, 19.854769, 19.857769, 19.858566, 19.858875, 0.25468549, 0.26244015, 0.29448304, 0.34700701, 0.34793019, 0.34862244, 0.34927386, 0.34928885, 0.34929281, 0.34929436, 0.17619522
0.12209500, 0.50834280, 0.15251809, 0.28690696, 1.0373801, 3.8950081, 9.6824350, 9.7826300, 9.8583174, 19.854649, 19.857737, 19.858561, 19.858875, 0.25286776, 0.26037094, 0.28894472, 0.34682170, 0.34782496, 0.34858271, 0.34927323, 0.34928867, 0.34929281, 0.34929436, 0.15251809
0.11602226, 0.43500790, 0.13051543, 0.13561547, 0.84363520, 3.3255088, 9.6677456, 9.7736883, 9.8547211, 19.854507, 19.857700, 19.858555, 19.858875, 0.25135449, 0.25843012, 0.28324282, 0.34667030, 0.34773329, 0.34854600, 0.34927255, 0.34928849, 0.34929278, 0.34929436, 0.13051543
0.11060644, 0.36960599, 0.11089289, 0.38743019E-2, 0.65014064, 2.8830023, 9.4764996, 9.7596569, 9.8490810, 19.854237, 19.857620, 19.858545, 19.858875, 0.25003868, 0.25649512, 0.27881607, 0.34475583, 0.34759188, 0.34848922, 0.34927118, 0.34928811, 0.34929273, 0.34929436, 0.11089289
0.10739344, 0.33080563, 0.99251613E-1, 0.0000000, 0.46557784, 2.5648832, 9.1115046, 9.7456627, 9.8430681, 19.853790, 19.857504, 19.858534, 19.858856, 0.24999918, 0.25464773, 0.27562666, 0.34109932, 0.34744820, 0.34842786, 0.34926894, 0.34928751, 0.34929267, 0.34929428, 0.99251613E-1
0.10495475, 0.30135569, 0.90415746E-1, 0.0000000, 0.33371747, 2.3065031, 8.7682838, 9.7467728, 9.8429489, 19.853706, 19.857492, 19.858551, 19.858833, 0.24999918, 0.25333285, 0.27305010, 0.33767149, 0.34746140, 0.34842739, 0.34926853, 0.34928745, 0.34929276, 0.34929416, 0.90415746E-1
0.10254192, 0.27221811, 0.81673600E-1, 0.0000000, 0.20895004, 2.0451455, 8.4074974, 9.7399206, 9.8399782, 19.853395, 19.857433, 19.858540, 19.858828, 0.24999918, 0.25208744, 0.27044144, 0.33406675, 0.34739444, 0.34839818, 0.34926698, 0.34928715, 0.34929270, 0.34929413, 0.81673600E-1
0.10034973, 0.24574517, 0.73730923E-1, 0.0000000, 0.10728538, 1.7948538, 8.0315924, 9.7318668, 9.8365946, 19.853188, 19.857386, 19.858540, 19.858828, 0.24999918, 0.25107169, 0.26793894, 0.33030733, 0.34731346, 0.34836420, 0.34926593, 0.34928691, 0.34929270, 0.34929413, 0.73730923E-1
0.98452091E-1, 0.22282904, 0.66855401E-1, 0.0000000, 0.29638410E-1, 1.5684724, 7.6515212, 9.7280912, 9.8347950, 19.853142, 19.857386, 19.858540, 19.858828, 0.24999918, 0.25029591, 0.26567233, 0.32650310, 0.34727323, 0.34834537, 0.34926569, 0.34928691, 0.34929270, 0.34929413, 0.66855401E-1
0.97300395E-1, 0.20892107, 0.62682591E-1, 0.0000000, 0.0000000, 1.4128119, 7.3291726, 9.7430105, 9.8406963, 19.853779, 19.857571, 19.858566, 19.858828, 0.24999918, 0.24999903, 0.26411152, 0.32327449, 0.34741867, 0.34840313, 0.34926888, 0.34928787, 0.34929281, 0.34929413, 0.62682591E-1
0.10788794, 0.33677715, 0.10104325, 0.79844296, 0.0000000, 1.3447136, 7.1255589, 9.7796173, 9.8552532, 19.854599, 19.857769, 19.858566, 19.858828, 0.25798053, 0.24999903, 0.26344517, 0.32125351, 0.34779474, 0.34855205, 0.34927300, 0.34928885, 0.34929281, 0.34929413, 0.10104325
0.11133134, 0.37835994, 0.11351933, 1.1066139, 0.0000000, 1.2047350, 6.8503633, 9.7611723, 9.8495140, 19.854816, 19.857811, 19.858566, 19.858828, 0.26106614, 0.24999903, 0.26204735, 0.31850362, 0.34761173, 0.34849513, 0.34927410, 0.34928906, 0.34929281, 0.34929413, 0.11351933
0.10934826, 0.35441211, 0.10633427, 0.98404586, 0.0000000, 1.1635125, 6.6860609, 9.7957497, 9.8627462, 19.855713, 19.858051, 19.858566, 19.858828, 0.25983977, 0.24999903, 0.26163489, 0.31686035, 0.34795728, 0.34862739, 0.34927857, 0.34929025, 0.34929281, 0.34929413, 0.10633427
0.10467431, 0.29796910, 0.89399673E-1, 0.69356859, 0.0000000, 1.0539830, 6.4465218, 9.7739058, 9.8556385, 19.855995, 19.858082, 19.858566, 19.858828, 0.25693285, 0.24999903, 0.26053855, 0.31446365, 0.34773785, 0.34855598, 0.34927997, 0.34929040, 0.34929281, 0.34929413, 0.89399673E-1
0.99953502E-1, 0.24096018, 0.72295286E-1, 0.41046441, 0.0000000, 0.92065036, 6.1453228, 9.7460823, 9.8449488, 19.855865, 19.858028, 19.858566, 19.858828, 0.25410226, 0.24999903, 0.25920489, 0.31145108, 0.34745911, 0.34844893, 0.34927934, 0.34929013, 0.34929281, 0.34929413, 0.72295286E-1
0.95591933E-1, 0.18828954, 0.56492511E-1, 0.17729402, 0.0000000, 0.74172914, 5.6851025, 9.6921558, 9.8227329, 19.856136, 19.858070, 19.858566, 19.858828, 0.25177255, 0.24999903, 0.25741678, 0.30685025, 0.34692091, 0.34822711, 0.34928069, 0.34929034, 0.34929281, 0.34929413, 0.56492511E-1
0.94642676E-1, 0.17682627, 0.53053185E-1, 0.13768971, 0.0000000, 0.69139898, 5.4193668, 9.7465830, 9.8425598, 19.856689, 19.858198, 19.858566, 19.858828, 0.25137672, 0.24999903, 0.25691369, 0.30419323, 0.34746543, 0.34842545, 0.34928346, 0.34929100, 0.34929281, 0.34929413, 0.53053185E-1
0.10022230, 0.24420635, 0.73269233E-1, 0.58802962, 0.0000000, 0.60160160, 5.1146240, 9.7357187, 9.8394012, 19.856667, 19.858198, 19.858566, 19.858828, 0.25587618, 0.24999903, 0.25601476, 0.30114409, 0.34735516, 0.34839332, 0.34928334, 0.34929100, 0.34929281, 0.34929413, 0.73269233E-1
0.14016038, 0.72650200, 0.21797240, 2.2689848, 2.0645051, 0.55547059, 4.9142027, 9.7752981, 9.8540897, 19.856277, 19.858093, 19.858566, 19.858828, 0.27267858, 0.27063891, 0.25555387, 0.29914057, 0.34775153, 0.34854043, 0.34928137, 0.34929046, 0.34929281, 0.34929413, 0.21797240
0.12951690, 0.59797037, 0.17940906, 1.7148346, 1.7543942, 0.48950911, 4.7123294, 9.7763538, 9.8550262, 19.855438, 19.857882, 19.858534, 19.858828, 0.26714322, 0.26754078, 0.25489464, 0.29712245, 0.34776267, 0.34854996, 0.34927720, 0.34928942, 0.34929267, 0.34929413, 0.17940906
0.12865050, 0.58750767, 0.17626993, 1.8612206, 1.4586270, 0.42668283, 4.5023408, 9.7718067, 9.8535271, 19.854975, 19.857775, 19.858540, 19.858828, 0.26860589, 0.26458329, 0.25426638, 0.29502249, 0.34771708, 0.34853494, 0.34927487, 0.34928888, 0.34929270, 0.34929413, 0.17626993
0.11901709, 0.47117382, 0.14136629, 1.3476729, 1.2019724, 0.36591589, 4.2924500, 9.7700272, 9.8526545, 19.854475, 19.857656, 19.858540, 19.858828, 0.26347321, 0.26201785, 0.25365886, 0.29292381, 0.34769949, 0.34852627, 0.34927237, 0.34928828, 0.34929270, 0.34929413, 0.14136629
0.11063786, 0.36998543, 0.11100673, 0.91617405, 0.96482337, 0.29914379, 4.0803027, 9.7687941, 9.8516026, 19.853600, 19.857458, 19.858471, 19.858805, 0.25915426, 0.25964350, 0.25299069, 0.29080102, 0.34768555, 0.34851521, 0.34926799, 0.34928730, 0.34929234, 0.34929401, 0.11100673
0.10443937, 0.29513192, 0.88548437E-1, 0.60753524, 0.77739656, 0.24467707, 3.8793783, 9.7708807, 9.8522196, 19.853235, 19.857357, 19.858423, 19.858805, 0.25607002, 0.25776988, 0.25244612, 0.28879172, 0.34770626, 0.34852132, 0.34926617, 0.34928679, 0.34929210, 0.34929401, 0.88548437E-1
0.98119624E-1, 0.21881418, 0.65650821E-1, 0.30224919, 0.57809949, 0.17873347, 3.6640823, 9.7649851, 9.8494749, 19.852364, 19.857121, 19.858343, 19.858805, 0.25301698, 0.25577468, 0.25178635, 0.28663683, 0.34764451, 0.34849295, 0.34926182, 0.34928560, 0.34929171, 0.34929401, 0.65650821E-1
0.92741214E-1, 0.15386400, 0.46163816E-1, 0.57628751E-1, 0.39154589, 0.11514723, 3.4282665, 9.7513218, 9.8439379, 19.851688, 19.856939, 19.858318, 19.858805, 0.25057504, 0.25391039, 0.25115073, 0.28427821, 0.34750691, 0.34843728, 0.34925845, 0.34928471, 0.34929159, 0.34929401, 0.46163816E-1
0.90088904E-1, 0.12183445, 0.36553990E-1, 0.0000000, 0.22448599, 0.56910515E-1, 3.1551182, 9.7294054, 9.8350725, 19.851278, 19.856833, 19.858307, 19.858805, 0.24998741, 0.25224203, 0.25056875, 0.28154719, 0.34728792, 0.34834868, 0.34925640, 0.34928417, 0.34929153, 0.34929401, 0.36553990E-1
0.88601232E-1, 0.10386926, 0.31163896E-1, 0.0000000, 0.94386935E-1, 0.66280365E-2, 2.9684634, 9.6141548, 9.8298197, 19.851042, 19.856773, 19.858301, 19.858805, 0.24998741, 0.25094208, 0.25006622, 0.27967900, 0.34613243, 0.34829509, 0.34925520, 0.34928387, 0.34929150, 0.34929401, 0.31163896E-1
0.87637983E-1, 0.92236921E-1, 0.27673844E-1, 0.0000000, 0.0000000, 0.0000000, 2.8774648, 9.4203091, 9.8294878, 19.850985, 19.856768, 19.858301, 19.858805, 0.24998741, 0.24999884, 0.24999967, 0.27876809, 0.34419239, 0.34829116, 0.34925491, 0.34928384, 0.34929150, 0.34929401, 0.27673844E-1
0.87473661E-1, 0.90252548E-1, 0.27078472E-1, 0.0000000, 0.0000000, 0.0000000, 2.7798235, 9.2187138, 9.8271599, 19.850489, 19.856638, 19.858288, 19.858805, 0.24998741, 0.24999884, 0.24999967, 0.27779365, 0.34217954, 0.34826890, 0.34925243, 0.34928319, 0.34929144, 0.34929401, 0.27078472E-1
0.87300286E-1, 0.88158920E-1, 0.26450321E-1, 0.0000000, 0.0000000, 0.0000000, 2.6768951, 9.0070715, 9.8235426, 19.849897, 19.856489, 19.858236, 19.858805, 0.24998741, 0.24999884, 0.24999967, 0.27676424, 0.34006280, 0.34823254, 0.34924948, 0.34928244, 0.34929118, 0.34929401, 0.26450321E-1
0.87111771E-1, 0.85882403E-1, 0.25767298E-1, 0.0000000, 0.0000000, 0.0000000, 2.5665908, 8.7744093, 9.8171949, 19.849609, 19.856421, 19.858208, 19.858805, 0.24998741, 0.24999884, 0.24999967, 0.27566135, 0.33773628, 0.34816903, 0.34924805, 0.34928209, 0.34929103, 0.34929401, 0.25767298E-1
0.86921282E-1, 0.83581991E-1, 0.25077105E-1, 0.0000000, 0.0000000, 0.0000000, 2.4573116, 8.5338259, 9.8131752, 19.849562, 19.856396, 19.858200, 19.858805, 0.24998741, 0.24999884, 0.24999967, 0.27456948, 0.33533195, 0.34812933, 0.34924781, 0.34928197, 0.34929100, 0.34929401, 0.25077105E-1
0.86701520E-1, 0.80928169E-1, 0.24280880E-1, 0.0000000, 0.0000000, 0.0000000, 2.3320465, 8.2577696, 9.8033524, 19.849392, 19.856348, 19.858200, 19.858805, 0.24998741, 0.24999884, 0.24999967, 0.27331448, 0.33256713, 0.34802932, 0.34924695, 0.34928173, 0.34929100, 0.34929401, 0.24280880E-1
0.86550981E-1, 0.79110213E-1, 0.23735438E-1, 0.0000000, 0.0000000, 0.0000000, 2.2518544, 8.0500870, 9.8153248, 19.850058, 19.856489, 19.858242, 19.858805, 0.24998741, 0.24999884, 0.24999967, 0.27251372, 0.33049223, 0.34814972, 0.34925029, 0.34928244, 0.34929121, 0.34929401, 0.23735438E-1
0.86383648E-1, 0.77089481E-1, 0.23129158E-1, 0.0000000, 0.0000000, 0.0000000, 2.1619887, 7.8258252, 9.8144350, 19.850658, 19.856651, 19.858294, 19.858805, 0.24998741, 0.24999884, 0.24999967, 0.27161536, 0.32825002, 0.34814093, 0.34925330, 0.34928325, 0.34929147, 0.34929401, 0.23129158E-1
0.86195506E-1, 0.74817516E-1, 0.22447500E-1, 0.0000000, 0.0000000, 0.0000000, 2.0611644, 7.5756326, 9.8077955, 19.851089, 19.856785, 19.858330, 19.858805, 0.24998741, 0.24999884, 0.24999967, 0.27060622, 0.32574633, 0.34807366, 0.34925544, 0.34928393, 0.34929165, 0.34929401, 0.22447500E-1
0.86036250E-1, 0.72894327E-1, 0.21870485E-1, 0.0000000, 0.0000000, 0.0000000, 1.9788533, 7.3533974, 9.8110905, 19.851715, 19.856960, 19.858383, 19.858805, 0.24998741, 0.24999884, 0.24999967, 0.26978576, 0.32352883, 0.34810862, 0.34925857, 0.34928480, 0.34929192, 0.34929401, 0.21870485E-1
0.10501997, 0.30214339, 0.90652086E-1, 1.3782442, 0.0000000, 0.0000000, 1.9731522, 7.2740774, 9.8490133, 19.853342, 19.857386, 19.858423, 19.858805, 0.26377943, 0.24999884, 0.24999967, 0.26973125, 0.32274029, 0.34848991, 0.34926671, 0.34928691, 0.34929210, 0.34929401, 0.90652086E-1
0.10759884, 0.33328602, 0.99995807E-1, 1.5663028, 0.0000000, 0.0000000, 1.9722164, 7.2252450, 9.8697367, 19.854580, 19.857693, 19.858423, 19.858805, 0.26566130, 0.24999884, 0.24999967, 0.26972204, 0.32225221, 0.34869725, 0.34927291, 0.34928846, 0.34929210, 0.34929401, 0.99995807E-1
0.11265106, 0.39429709, 0.11830096, 1.9335687, 0.0000000, 0.0000000, 1.9702256, 7.1842623, 9.8802195, 19.855534, 19.857933, 19.858423, 19.858805, 0.26933476, 0.24999884, 0.24999967, 0.26970220, 0.32184249, 0.34880215, 0.34927768, 0.34928966, 0.34929210, 0.34929401, 0.11830096
0.11177050, 0.38366324, 0.11511049, 1.8717110, 0.0000000, 0.0000000, 1.9663841, 7.1442776, 9.8850975, 19.856266, 19.858080, 19.858423, 19.858805, 0.26871052, 0.24999884, 0.24999967, 0.26966342, 0.32144204, 0.34885061, 0.34928134, 0.34929040, 0.34929210, 0.34929401, 0.11511049
0.11101692, 0.37456304, 0.11238015, 1.8185079, 0.0000000, 0.0000000, 1.9629806, 7.1073232, 9.8883476, 19.856842, 19.858185, 19.858423, 19.858805, 0.26817727, 0.24999884, 0.24999967, 0.26962930, 0.32107231, 0.34888306, 0.34928420, 0.34929091, 0.34929210, 0.34929401, 0.11238015
0.10983199, 0.36025369, 0.10808692, 1.7340541, 0.0000000, 0.0000000, 1.9574016, 7.0674663, 9.8889046, 19.857246, 19.858185, 19.858423, 19.858805, 0.26733387, 0.24999884, 0.24999967, 0.26957357, 0.32067385, 0.34888867, 0.34928623, 0.34929091, 0.34929210, 0.34929401, 0.10808692
0.10855357, 0.34481537, 0.10345495, 1.6432196, 0.0000000, 0.0000000, 1.9511074, 7.0264392, 9.8888569, 19.857523, 19.858185, 19.858423, 19.858805, 0.26642358, 0.24999884, 0.24999967, 0.26951045, 0.32026330, 0.34888807, 0.34928763, 0.34929091, 0.34929210, 0.34929401, 0.10345495
0.10654527, 0.32056299, 0.96178517E-1, 1.5004635, 0.0000000, 0.0000000, 1.9397080, 6.9779291, 9.8863554, 19.857607, 19.858185, 19.858423, 19.858805, 0.26499000, 0.24999884, 0.24999967, 0.26939595, 0.31977722, 0.34886259, 0.34928805, 0.34929091, 0.34929210, 0.34929401, 0.96178517E-1
0.10048679, 0.24740031, 0.74227519E-1, 1.0673314, 0.0000000, 0.0000000, 1.8924475, 6.8917480, 9.8722143, 19.855518, 19.857655, 19.858330, 19.858805, 0.26065552, 0.24999884, 0.24999967, 0.26892257, 0.31891403, 0.34872052, 0.34927759, 0.34928828, 0.34929165, 0.34929401, 0.74227519E-1
0.98441914E-1, 0.22270617, 0.66818535E-1, 0.92206597, 0.0000000, 0.0000000, 1.8756390, 6.8245711, 9.8729343, 19.856037, 19.857857, 19.858423, 19.858805, 0.25920391, 0.24999884, 0.24999967, 0.26875433, 0.31824198, 0.34872755, 0.34928018, 0.34928930, 0.34929210, 0.34929401, 0.66818535E-1
0.95867142E-1, 0.19161296, 0.57489637E-1, 0.73823631, 0.0000000, 0.0000000, 1.8509001, 6.7455139, 9.8695421, 19.856180, 19.857914, 19.858423, 19.858805, 0.25737688, 0.24999884, 0.24999967, 0.26850817, 0.31745365, 0.34869468, 0.34928089, 0.34928957, 0.34929210, 0.34929401, 0.57489637E-1
0.96068241E-1, 0.19404149, 0.58218271E-1, 0.75717866, 0.0000000, 0.0000000, 1.8269300, 6.6738544, 9.8702087, 19.855904, 19.857840, 19.858423, 19.858805, 0.25755855, 0.24999884, 0.24999967, 0.26826739, 0.31673506, 0.34870034, 0.34927952, 0.34928921, 0.34929210, 0.34929401, 0.58218271E-1
0.94922945E-1, 0.18021083, 0.54068655E-1, 0.67639649, 0.0000000, 0.0000000, 1.8146574, 6.6119690, 9.8737926, 19.856485, 19.858009, 19.858423, 19.858805, 0.25675416, 0.24999884, 0.24999967, 0.26814499, 0.31611684, 0.34873649, 0.34928244, 0.34929004, 0.34929210, 0.34929401, 0.54068655E-1
0.93991473E-1, 0.16896230, 0.50693762E-1, 0.61051250, 0.0000000, 0.0000000, 1.8038124, 6.5560684, 9.8771658, 19.856882, 19.858128, 19.858423, 19.858805, 0.25610200, 0.24999884, 0.24999967, 0.26803756, 0.31555969, 0.34877115, 0.34928441, 0.34929064, 0.34929210, 0.34929401, 0.50693762E-1
0.90218723E-1, 0.12340220, 0.37024364E-1, 0.34384131, 0.0000000, 0.0000000, 1.7530024, 6.4372396, 9.8571377, 19.856180, 19.857943, 19.858419, 19.858805, 0.25343627, 0.24999884, 0.24999967, 0.26752937, 0.31437117, 0.34857073, 0.34928089, 0.34928972, 0.34929210, 0.34929401, 0.37024364E-1
0.85276499E-1, 0.63719511E-1, 0.19117765E-1, 0.21070242E-2, 0.0000000, 0.0000000, 1.6241044, 6.1604505, 9.8017502, 19.854357, 19.857462, 19.858318, 19.858805, 0.25002104, 0.24999884, 0.24999967, 0.26623899, 0.31160063, 0.34801546, 0.34927177, 0.34928730, 0.34929159, 0.34929401, 0.19117765E-1
0.84944434E-1, 0.59709426E-1, 0.17914619E-1, 0.0000000, 0.0000000, 0.0000000, 1.4630407, 5.7649851, 9.7581396, 19.852797, 19.857065, 19.858278, 19.858805, 0.24999784, 0.24999884, 0.24999967, 0.26462880, 0.30764666, 0.34757960, 0.34926397, 0.34928533, 0.34929138, 0.34929401, 0.17914619E-1
0.84760234E-1, 0.57484977E-1, 0.17247219E-1, 0.0000000, 0.0000000, 0.0000000, 1.3622642, 5.5161529, 9.7861767, 19.849785, 19.856318, 19.858143, 19.858805, 0.24999784, 0.24999884, 0.24999967, 0.26360884, 0.30514610, 0.34785298, 0.34924853, 0.34928149, 0.34929070, 0.34929401, 0.17247219E-1
0.84550038E-1, 0.54946683E-1, 0.16485654E-1, 0.0000000, 0.0000000, 0.0000000, 1.2361377, 5.2582421, 9.7869234, 19.845678, 19.855274, 19.857925, 19.858757, 0.24999784, 0.24999884, 0.24999967, 0.26235485, 0.30257338, 0.34786379, 0.34922823, 0.34927633, 0.34928963, 0.34929377, 0.16485654E-1
0.84392630E-1, 0.53045783E-1, 0.15915327E-1, 0.0000000, 0.0000000, 0.0000000, 1.1564106, 5.0337825, 9.7941675, 19.845949, 19.855370, 19.858007, 19.858757, 0.24999784, 0.24999884, 0.24999967, 0.26156172, 0.30033264, 0.34793830, 0.34922975, 0.34927684, 0.34929004, 0.34929377, 0.15915327E-1
0.84235594E-1, 0.51149365E-1, 0.15346345E-1, 0.0000000, 0.0000000, 0.0000000, 1.0808378, 4.8062820, 9.7933855, 19.846752, 19.855608, 19.858120, 19.858757, 0.24999784, 0.24999884, 0.24999967, 0.26080516, 0.29805565, 0.34792897, 0.34923375, 0.34927803, 0.34929061, 0.34929377, 0.15346345E-1
0.84037952E-1, 0.48762698E-1, 0.14630273E-1, 0.0000000, 0.0000000, 0.0000000, 0.98571181, 4.5253701, 9.7737656, 19.847046, 19.855726, 19.858154, 19.858757, 0.24999784, 0.24999884, 0.24999967, 0.25985464, 0.29524800, 0.34773359, 0.34923524, 0.34927863, 0.34929079, 0.34929377, 0.14630273E-1
0.83863623E-1, 0.46657477E-1, 0.13998643E-1, 0.0000000, 0.0000000, 0.0000000, 0.90611577, 4.2623396, 9.7760420, 19.847548, 19.855885, 19.858171, 19.858757, 0.24999784, 0.24999884, 0.24999967, 0.25905949, 0.29261950, 0.34775743, 0.34923774, 0.34927943, 0.34929085, 0.34929377, 0.13998643E-1
0.85479617E-1, 0.66172324E-1, 0.19853683E-1, 0.12085736, 0.0000000, 0.0000000, 0.89244843, 4.1556425, 9.8292341, 19.849409, 19.856390, 19.858261, 19.858757, 0.25120583, 0.24999884, 0.24999967, 0.25892326, 0.29155359, 0.34829012, 0.34924704, 0.34928197, 0.34929129, 0.34929377, 0.19853683E-1
0.17994040, 1.0000000, 0.36210290, 2.5442302, 2.6330585, 7.5384359, 8.1926413, 8.8829603, 9.8577642, 19.851017, 19.856792, 19.858360, 19.858757, 0.27544132, 0.27632996, 0.32538345, 0.33192623, 0.33882952, 0.34857762, 0.34925508, 0.34928396, 0.34929180, 0.34929377, 0.36210290
0.35600001, 1.0000000, 1.0000000, 9.9999990, 9.9999990, 9.9999990, 9.9999990, 9.9999990, 9.9999990, 19.999998, 19.999998, 19.999998, 19.998999, 0.34999999, 0.34999999, 0.34999999, 0.34999999, 0.34999999, 0.34999999, 0.34999999, 0.34999999, 0.34999999, 0.34999499, 1.0000000
0.35600001, 1.0000000, 1.0000000, 9.9999990, 9.9999990, 9.9999990, 9.9999990, 9.9999990, 9.9999990, 19.999998, 19.999998, 19.999998, 19.995995, 0.34999999, 0.34999999, 0.34999999, 0.34999999, 0.34999999, 0.34999999, 0.34999999, 0.34999999, 0.34999999, 0.34997997, 1.0000000
0.35599947, 1.0000000, 0.99999803, 9.9999990, 9.9999990, 9.9999990, 9.9999990, 9.9999990, 9.9999990, 19.999998, 19.999998, 19.999998, 19.998999, 0.34999973, 0.34999985, 0.34999990, 0.34999996, 0.34999999, 0.34999999, 0.34999999, 0.34999999, 0.34999999, 0.34999499, 0.99999803
0.34471142, 1.0000000, 0.95909941, 9.3811340, 9.7435646, 9.8612690, 9.9625473, 9.9809361, 9.9926376, 19.999004, 19.999731, 19.999689, 19.975233, 0.34380609, 0.34743237, 0.34861103, 0.34962514, 0.34980917, 0.34992632, 0.34999502, 0.34999865, 0.34999844, 0.34987617, 0.95909941
0.31917214, 1.0000000, 0.86656564, 7.7613325, 9.4702682, 9.6832781, 9.8770132, 9.9348230, 9.9719133, 19.993921, 19.998402, 19.997776, 19.952765, 0.32756040, 0.34467337, 0.34681782, 0.34876370, 0.34934497, 0.34971753, 0.34996933, 0.34999195, 0.34998885, 0.34976381, 0.86656564
0.28646860, 1.0000000, 0.74807459, 5.4913101, 9.3657751, 9.5941362, 9.7972593, 9.8854685, 9.9466429, 19.986370, 19.996386, 19.993349, 19.932661, 0.30483377, 0.34361291, 0.34591845, 0.34796226, 0.34884945, 0.34946385, 0.34993139, 0.34998181, 0.34996670, 0.34966332, 0.74807459
0.25440270, 1.0000000, 0.63189381, 3.1998003, 9.3216591, 9.5524874, 9.7556782, 9.8541069, 9.9286489, 19.980627, 19.994717, 19.986120, 19.915586, 0.28199327, 0.34321079, 0.34552193, 0.34755599, 0.34854069, 0.34928635, 0.34990314, 0.34997359, 0.34993058, 0.34957793, 0.63189381
0.23328243, 1.0000000, 0.55537111, 2.3287683, 8.2260876, 9.5491562, 9.7422609, 9.8402119, 9.9184780, 19.976130, 19.993031, 19.976152, 19.901653, 0.27328515, 0.33225551, 0.34548846, 0.34742197, 0.34840178, 0.34918466, 0.34988064, 0.34996516, 0.34988075, 0.34950826, 0.55537111
0.21371974, 1.0000000, 0.48449177, 1.7212778, 6.8869762, 9.5300789, 9.7298908, 9.8293285, 9.9109030, 19.972328, 19.990873, 19.963943, 19.890640, 0.26721132, 0.31886622, 0.34529835, 0.34729841, 0.34829304, 0.34910893, 0.34986165, 0.34995437, 0.34981972, 0.34945321, 0.48449177
0.19495517, 1.0000000, 0.41650420, 1.1853933, 5.5253587, 9.5099230, 9.7181396, 9.8202047, 9.9050751, 19.969110, 19.987751, 19.950375, 19.882208, 0.26185322, 0.30525157, 0.34509748, 0.34718102, 0.34820187, 0.34905070, 0.34984556, 0.34993875, 0.34975189, 0.34941104, 0.41650420
0.17601666, 1.0000000, 0.34788638, 0.63453317, 4.1661959, 9.4944782, 9.7038250, 9.8101101, 9.8985300, 19.964954, 19.982826, 19.936285, 19.875851, 0.25634453, 0.29165879, 0.34494117, 0.34703749, 0.34810072, 0.34898520, 0.34982479, 0.34991413, 0.34968144, 0.34937924, 0.34788638
0.16079232, 0.97565490, 0.29272574, 0.26268065, 2.9791741, 9.4315491, 9.7018785, 9.8074007, 9.8964071, 19.962296, 19.976397, 19.922760, 19.871134, 0.25262630, 0.27978826, 0.34430996, 0.34701765, 0.34807345, 0.34896389, 0.34981149, 0.34988198, 0.34961379, 0.34935567, 0.29272574
0.15246019, 0.87503552, 0.26253691, 0.12999773E-1, 2.6709290, 8.8609018, 9.7249413, 9.8194828, 9.9006824, 19.960264, 19.968193, 19.910419, 19.867718, 0.25013000, 0.27670771, 0.33860639, 0.34724885, 0.34819454, 0.34900674, 0.34980133, 0.34984097, 0.34955209, 0.34933859, 0.26253691
0.14957958, 0.84024918, 0.25209996, 0.0000000, 2.5170982, 8.5064783, 9.7618809, 9.8409462, 9.9102001, 19.959316, 19.958643, 19.899734, 19.865246, 0.24999917, 0.27516881, 0.33506110, 0.34761798, 0.34840906, 0.34910184, 0.34979659, 0.34979323, 0.34949869, 0.34932622, 0.25209996
0.14524722, 0.78793103, 0.23640294, 0.0000000, 2.2471905, 8.0026112, 9.7492189, 9.8359299, 9.9092131, 19.956553, 19.947512, 19.890669, 19.863447, 0.24999917, 0.27247050, 0.33002365, 0.34749159, 0.34835899, 0.34909204, 0.34978276, 0.34973755, 0.34945333, 0.34931725, 0.23640294
0.14026754, 0.72779596, 0.21836063, 0.0000000, 1.9292742, 7.4404850, 9.7307358, 9.8257093, 9.9043837, 19.951399, 19.935326, 19.883165, 19.862143, 0.24999917, 0.26929146, 0.32440233, 0.34730670, 0.34825677, 0.34904373, 0.34975699, 0.34967664, 0.34941584, 0.34931070, 0.21836063
0.13776174, 0.69753581, 0.20928167, 0.0000000, 1.7886043, 7.1089363, 9.7623358, 9.8425980, 9.9106750, 19.946869, 19.923607, 19.877304, 19.861214, 0.24999917, 0.26788333, 0.32108399, 0.34762189, 0.34842524, 0.34910652, 0.34973434, 0.34961802, 0.34938651, 0.34930608, 0.20928167
0.13383383, 0.65010190, 0.19505008, 0.0000000, 1.5531510, 6.6348977, 9.7459402, 9.8343058, 9.9070415, 19.940056, 19.912245, 19.872644, 19.860556, 0.24999917, 0.26552984, 0.31634542, 0.34745836, 0.34834254, 0.34907025, 0.34970027, 0.34956121, 0.34936321, 0.34930277, 0.19505008
0.13127075, 0.61915004, 0.18576360, 0.0000000, 1.4130980, 6.2911654, 9.7633991, 9.8434505, 9.9097233, 19.932949, 19.902136, 19.869139, 19.860085, 0.24999917, 0.26412991, 0.31290928, 0.34763324, 0.34843412, 0.34909710, 0.34966475, 0.34951067, 0.34934568, 0.34930041, 0.18576360
0.12917352, 0.59382367, 0.17816493, 0.0000000, 1.2875468, 6.0310111, 9.7822409, 9.8538170, 9.9120770, 19.924358, 19.893154, 19.866432, 19.859751, 0.24999917, 0.26287398, 0.31030661, 0.34782127, 0.34853759, 0.34912059, 0.34962180, 0.34946579, 0.34933215, 0.34929875, 0.17816493
0.12635870, 0.55983168, 0.16796631, 0.0000000, 1.1082321, 5.7119918, 9.7733631, 9.8490639, 9.9078970, 19.914337, 19.885323, 19.864338, 19.859497, 0.24999917, 0.26108119, 0.30711699, 0.34773263, 0.34849015, 0.34907877, 0.34957168, 0.34942663, 0.34932169, 0.34929749, 0.16796631
0.12498380, 0.54322827, 0.16298479, 0.0000000, 1.0304481, 5.5285912, 9.8009176, 9.8631792, 9.9110870, 19.905895, 19.879234, 19.862877, 19.859346, 0.24999917, 0.26030305, 0.30528206, 0.34800780, 0.34863111, 0.34911063, 0.34952947, 0.34939617, 0.34931439, 0.34929675, 0.16298479
0.17471559, 1.0000000, 0.34317243, 2.5255322, 2.2685111, 6.6407413, 9.8244228, 9.8755445, 9.9133043, 19.897795, 19.874332, 19.861782, 19.859299, 0.27525356, 0.27268416, 0.31640601, 0.34824380, 0.34875524, 0.34913298, 0.34948897, 0.34937167, 0.34930891, 0.34929651, 0.34317243
0.18379068, 1.0000000, 0.37605315, 2.3375897, 2.7302623, 8.5306292, 9.8433447, 9.8853817, 9.9143944, 19.890608, 19.870523, 19.861017, 19.859299, 0.27337489, 0.27730191, 0.33530515, 0.34843317, 0.34885371, 0.34914392, 0.34945303, 0.34935263, 0.34930509, 0.34929651, 0.37605315
0.21481609, 1.0000000, 0.48846406, 2.1706371, 6.2307944, 9.5826073, 9.8325567, 9.8790894, 9.9084568, 19.882780, 19.867208, 19.860363, 19.859211, 0.27170625, 0.31230778, 0.34582594, 0.34832552, 0.34879085, 0.34908456, 0.34941390, 0.34933603, 0.34930182, 0.34929606, 0.48846406
0.19973120, 1.0000000, 0.43380862, 1.6010404, 5.3555365, 9.6064024, 9.7837238, 9.8507624, 9.8928013, 19.873327, 19.863928, 19.859694, 19.859110, 0.26600015, 0.30354843, 0.34605962, 0.34783563, 0.34850678, 0.34892762, 0.34936658, 0.34931964, 0.34929848, 0.34929556, 0.43380862
0.19059490, 1.0000000, 0.40070614, 1.2756377, 4.7697849, 9.6521778, 9.7843075, 9.8476200, 9.8884172, 19.867493, 19.861912, 19.859346, 19.859045, 0.26275504, 0.29769483, 0.34651875, 0.34784245, 0.34847590, 0.34888408, 0.34933746, 0.34930956, 0.34929675, 0.34929523, 0.40070614
0.16769697, 1.0000000, 0.31774262, 0.40638149, 3.5550318, 9.5121326, 9.7091618, 9.8029442, 9.8654404, 19.857140, 19.858898, 19.858681, 19.858904, 0.25397032, 0.28549841, 0.34509093, 0.34707803, 0.34802252, 0.34865099, 0.34928510, 0.34929433, 0.34929338, 0.34929451, 0.31774262
0.15362389, 0.88908851, 0.26675323, 0.0000000, 2.7193217, 9.1165981, 9.6834211, 9.7832050, 9.8531036, 19.849331, 19.856689, 19.858166, 19.858805, 0.24999821, 0.27713659, 0.34113181, 0.34681904, 0.34782431, 0.34852725, 0.34924600, 0.34928328, 0.34929079, 0.34929401, 0.26675323
0.14576125, 0.79413867, 0.23826544, 0.0000000, 2.1493137, 8.3795071, 9.6599636, 9.7662477, 9.8423195, 19.842255, 19.854696, 19.857725, 19.858728, 0.24999821, 0.27137789, 0.33372891, 0.34656867, 0.34764668, 0.34841534, 0.34920990, 0.34927312, 0.34928855, 0.34929362, 0.23826544
0.13757204, 0.69524485, 0.20859432, 0.0000000, 1.5770227, 7.5399489, 9.6412630, 9.7522125, 9.8340473, 19.837055, 19.853212, 19.857388, 19.858688, 0.24999821, 0.26569933, 0.32535657, 0.34639293, 0.34751210, 0.34833556, 0.34918445, 0.34926584, 0.34928688, 0.34929344, 0.20859432
0.13207969, 0.62891889, 0.18869454, 0.0000000, 1.2225389, 6.9042420, 9.6655426, 9.7645073, 9.8386068, 19.836369, 19.852932, 19.857361, 19.858698, 0.24999821, 0.26219982, 0.31902364, 0.34664744, 0.34764102, 0.34838417, 0.34918153, 0.34926459, 0.34928676, 0.34929350, 0.18869454
0.12387693, 0.52986157, 0.15897438, 0.0000000, 0.70298910, 5.9918108, 9.6239100, 9.7405272, 9.8278484, 19.833038, 19.851999, 19.857164, 19.858646, 0.24999821, 0.25693369, 0.30985853, 0.34621093, 0.34739092, 0.34827152, 0.34916404, 0.34925970, 0.34928572, 0.34929320, 0.15897438
0.12098539, 0.49494311, 0.14849779, 0.0000000, 0.55984855, 5.5360832, 9.6936970, 9.7789421, 9.8447523, 19.836777, 19.852942, 19.857443, 19.858709, 0.24999821, 0.25559750, 0.30535603, 0.34693530, 0.34778857, 0.34844723, 0.34918389, 0.34926471, 0.34928721, 0.34929353, 0.14849779
0.11673392, 0.44360200, 0.13309391, 0.0000000, 0.32424331, 4.9821701, 9.6846304, 9.7762613, 9.8447399, 19.837738, 19.853186, 19.857542, 19.858704, 0.24999821, 0.25324202, 0.29981846, 0.34684506, 0.34776199, 0.34844717, 0.34918869, 0.34926593, 0.34928772, 0.34929353, 0.13309391
0.11228903, 0.38992509, 0.11698923, 0.0000000, 0.69966912E-1, 4.4195795, 9.6759768, 9.7719717, 9.8430805, 19.837616, 19.853180, 19.857567, 19.858704, 0.24999821, 0.25069946, 0.29418963, 0.34675705, 0.34771836, 0.34843037, 0.34918809, 0.34926590, 0.34928784, 0.34929353, 0.11698923
0.10818915, 0.34041467, 0.10213462, 0.0000000, 0.0000000, 3.5875821, 9.6129580, 9.7352381, 9.8263435, 19.833284, 19.852037, 19.857283, 19.858629, 0.24999821, 0.24999867, 0.28585583, 0.34611914, 0.34734705, 0.34826121, 0.34916618, 0.34926012, 0.34928638, 0.34929314, 0.10213462
0.10491899, 0.30092391, 0.90286203E-1, 0.0000000, 0.0000000, 2.8602123, 9.3244772, 9.7049179, 9.8129883, 19.830795, 19.851357, 19.857096, 19.858599, 0.24999821, 0.24999867, 0.27857047, 0.34322724, 0.34704015, 0.34812585, 0.34915343, 0.34925663, 0.34928545, 0.34929299, 0.90286203E-1
0.10282341, 0.27561739, 0.82693487E-1, 0.0000000, 0.0000000, 2.4458170, 8.8500576, 9.7045908, 9.8124847, 19.830885, 19.851336, 19.857100, 19.858610, 0.24999821, 0.24999867, 0.27445421, 0.33849770, 0.34704432, 0.34812433, 0.34915441, 0.34925669, 0.34928548, 0.34929305, 0.82693487E-1
0.10133897, 0.25769126, 0.77315114E-1, 0.0000000, 0.0000000, 2.1628470, 8.4605093, 9.7216406, 9.8208284, 19.833513, 19.852018, 19.857283, 19.858669, 0.24999821, 0.24999867, 0.27162737, 0.33460423, 0.34721589, 0.34820810, 0.34916756, 0.34926009, 0.34928641, 0.34929335, 0.77315114E-1
0.99342346E-1, 0.23357983, 0.70080958E-1, 0.0000000, 0.0000000, 1.7815143, 7.9688654, 9.6990576, 9.8126411, 19.834227, 19.852219, 19.857307, 19.858683, 0.24999821, 0.24999867, 0.26781338, 0.32968709, 0.34698963, 0.34812608, 0.34917113, 0.34926111, 0.34928653, 0.34929341, 0.70080958E-1
0.98786317E-1, 0.22686519, 0.68066366E-1, 0.0000000, 0.0000000, 1.6885340, 7.7270865, 9.7605534, 9.8382187, 19.838388, 19.853331, 19.857609, 19.858709, 0.24999821, 0.24999867, 0.26688382, 0.32726946, 0.34760463, 0.34838188, 0.34919193, 0.34926665, 0.34928805, 0.34929353, 0.68066366E-1
0.97927034E-1, 0.21648839, 0.64953014E-1, 0.0000000, 0.0000000, 1.5315801, 7.4720278, 9.7646599, 9.8418674, 19.840319, 19.853874, 19.857731, 19.858709, 0.24999821, 0.24999867, 0.26531333, 0.32471785, 0.34764501, 0.34841815, 0.34920159, 0.34926936, 0.34928864, 0.34929353, 0.64953014E-1
0.96093610E-1, 0.19434787, 0.58310196E-1, 0.0000000, 0.0000000, 1.1914015, 6.9946108, 9.7005682, 9.8169022, 19.839096, 19.853579, 19.857622, 19.858683, 0.24999821, 0.24999867, 0.26191202, 0.31994379, 0.34700406, 0.34816849, 0.34919548, 0.34926790, 0.34928811, 0.34929341, 0.58310196E-1
0.94740033E-1, 0.17800196, 0.53405929E-1, 0.0000000, 0.0000000, 0.95447898, 6.5458407, 9.6966324, 9.8144026, 19.839470, 19.853699, 19.857666, 19.858709, 0.24999821, 0.24999867, 0.25954434, 0.31545779, 0.34696588, 0.34814388, 0.34919736, 0.34926850, 0.34928834, 0.34929353, 0.53405929E-1
0.94293825E-1, 0.17261349, 0.51789224E-1, 0.0000000, 0.0000000, 0.88450015, 6.3200164, 9.7614164, 9.8401976, 19.841980, 19.854368, 19.857832, 19.858709, 0.24999821, 0.24999867, 0.25884473, 0.31319982, 0.34761387, 0.34840187, 0.34920990, 0.34927183, 0.34928915, 0.34929353, 0.51789224E-1
0.14915633, 0.83513784, 0.25056642, 2.6023240, 2.3089619, 0.86286664, 6.1985884, 9.8100300, 9.8608236, 19.845089, 19.855202, 19.858042, 19.858709, 0.27602282, 0.27308938, 0.25862864, 0.31198582, 0.34810024, 0.34860820, 0.34922546, 0.34927601, 0.34929019, 0.34929353, 0.25056642
0.14529625, 0.78852308, 0.23658058, 2.5152802, 2.0524681, 0.76546371, 6.0406833, 9.8086805, 9.8608255, 19.844978, 19.855190, 19.858061, 19.858709, 0.27515206, 0.27052432, 0.25765458, 0.31040671, 0.34808671, 0.34860823, 0.34922490, 0.34927595, 0.34929031, 0.34929353, 0.23658058
0.13781390, 0.69816548, 0.20947060, 2.1774650, 1.7779857, 0.66797137, 5.8697000, 9.8015280, 9.8587132, 19.845131, 19.855244, 19.858084, 19.858709, 0.27177426, 0.26777968, 0.25667968, 0.30869693, 0.34801522, 0.34858710, 0.34922564, 0.34927621, 0.34929043, 0.34929353, 0.20947060
0.12847272, 0.58536071, 0.17562577, 1.6892612, 1.5286207, 0.57285428, 5.6999230, 9.8001194, 9.8582153, 19.845089, 19.855238, 19.858084, 19.858709, 0.26689002, 0.26528481, 0.25572827, 0.30699870, 0.34800074, 0.34858200, 0.34922546, 0.34927619, 0.34929043, 0.34929353, 0.17562577
0.11444920, 0.41601160, 0.12481596, 0.96885860, 1.1368245, 0.42275488, 5.4588604, 9.7732611, 9.8472080, 19.843206, 19.854752, 19.857931, 19.858692, 0.25968415, 0.26136512, 0.25422698, 0.30458713, 0.34773126, 0.34847164, 0.34921604, 0.34927374, 0.34928966, 0.34929347, 0.12481596
0.10175315, 0.26269293, 0.78815758E-1, 0.33994317, 0.75372458, 0.27808249, 5.1688509, 9.7478247, 9.8368530, 19.842010, 19.854441, 19.857836, 19.858688, 0.25339830, 0.25753573, 0.25278056, 0.30168745, 0.34747726, 0.34836820, 0.34921005, 0.34927219, 0.34928918, 0.34929344, 0.78815758E-1
0.93882777E-1, 0.16764961, 0.50299916E-1, 0.32600760E-1, 0.41594207, 0.14895797, 4.8239703, 9.7205315, 9.8259354, 19.841539, 19.854322, 19.857771, 19.858698, 0.25032577, 0.25415751, 0.25148925, 0.29823750, 0.34720311, 0.34825861, 0.34920770, 0.34927160, 0.34928885, 0.34929350, 0.50299916E-1
0.89586787E-1, 0.11577091, 0.34734748E-1, 0.0000000, 0.72914362E-1, 0.49263239E-2, 4.3529425, 9.6749420, 9.8061533, 19.840166, 19.853939, 19.857670, 19.858675, 0.24999046, 0.25072899, 0.25004926, 0.29352850, 0.34674841, 0.34806117, 0.34920084, 0.34926969, 0.34928834, 0.34929338, 0.34734748E-1
0.88385388E-1, 0.10126268, 0.30381843E-1, 0.0000000, 0.0000000, 0.0000000, 3.6912935, 9.6130161, 9.7782373, 19.840738, 19.854074, 19.857702, 19.858709, 0.24999046, 0.24998602, 0.24999908, 0.28691161, 0.34612846, 0.34778181, 0.34920371, 0.34927037, 0.34928852, 0.34929353, 0.30381843E-1
0.88076212E-1, 0.97529083E-1, 0.29261652E-1, 0.0000000, 0.0000000, 0.0000000, 3.2793286, 9.6809826, 9.8059998, 19.842793, 19.854588, 19.857838, 19.858709, 0.24999046, 0.24998602, 0.24999908, 0.28279179, 0.34680766, 0.34805927, 0.34921396, 0.34927294, 0.34928918, 0.34929353, 0.29261652E-1
0.87790914E-1, 0.94083771E-1, 0.28227955E-1, 0.0000000, 0.0000000, 0.0000000, 2.9816718, 9.5860367, 9.8085394, 19.842693, 19.854557, 19.857819, 19.858709, 0.24999046, 0.24998602, 0.24999908, 0.27981603, 0.34585929, 0.34808505, 0.34921348, 0.34927279, 0.34928909, 0.34929353, 0.28227955E-1
0.87654434E-1, 0.92435621E-1, 0.27733460E-1, 0.0000000, 0.0000000, 0.0000000, 2.9071541, 9.4005814, 9.8233109, 19.845297, 19.855253, 19.858007, 19.858709, 0.24999046, 0.24998602, 0.24999908, 0.27907062, 0.34400430, 0.34823257, 0.34922647, 0.34927627, 0.34929004, 0.34929353, 0.27733460E-1
0.93018211E-1, 0.15720905, 0.47167435E-1, 0.39865673, 0.0000000, 0.0000000, 2.8270392, 9.2272177, 9.8309555, 19.846209, 19.855501, 19.858084, 19.858709, 0.25398603, 0.24998602, 0.24999908, 0.27827016, 0.34227178, 0.34830940, 0.34923103, 0.34927750, 0.34929043, 0.34929353, 0.47167435E-1
0.91662653E-1, 0.14083925, 0.42256001E-1, 0.30931830, 0.0000000, 0.0000000, 2.7539015, 9.0742035, 9.8363619, 19.846657, 19.855631, 19.858120, 19.858709, 0.25309297, 0.24998602, 0.24999908, 0.27753890, 0.34074187, 0.34836355, 0.34923327, 0.34927815, 0.34929061, 0.34929353, 0.42256001E-1
0.17732356, 1.0000000, 0.35262161, 2.3992672, 3.2776160, 5.9009423, 8.8117847, 9.6363306, 9.8565760, 19.847818, 19.855955, 19.858183, 19.858709, 0.27399236, 0.28277594, 0.30900922, 0.33811778, 0.34636328, 0.34856576, 0.34923908, 0.34927976, 0.34929091, 0.34929353, 0.35262161
0.14596200, 0.79656285, 0.23899277, 1.2820691, 1.5955985, 5.2622790, 9.5400419, 9.7166061, 9.8394375, 19.841900, 19.854391, 19.857742, 19.858616, 0.26281771, 0.26595375, 0.30261913, 0.34539908, 0.34716538, 0.34839413, 0.34920949, 0.34927195, 0.34928870, 0.34929308, 0.23899277
0.12515503, 0.54529595, 0.16360515, 0.40673018, 1.0508507, 4.2337203, 9.5831928, 9.7216530, 9.8281250, 19.838755, 19.853533, 19.857529, 19.858622, 0.25406671, 0.26050758, 0.29233536, 0.34583110, 0.34721613, 0.34828112, 0.34919378, 0.34926766, 0.34928763, 0.34929311, 0.16360515
0.11157419, 0.38129255, 0.11439921, 0.0000000, 0.57356954, 3.2661254, 9.5764236, 9.7130499, 9.8201866, 19.836498, 19.852913, 19.857365, 19.858629, 0.24998221, 0.25573459, 0.28265813, 0.34576237, 0.34712958, 0.34820154, 0.34918249, 0.34926456, 0.34928682, 0.34929314, 0.11439921
0.10598099, 0.31374878, 0.94134048E-1, 0.0000000, 0.23598075, 2.6547580, 9.2581453, 9.7050657, 9.8162966, 19.836493, 19.852873, 19.857376, 19.858664, 0.24998221, 0.25235927, 0.27654457, 0.34257933, 0.34704956, 0.34816259, 0.34918246, 0.34926435, 0.34928688, 0.34929332, 0.94134048E-1
0.10207719, 0.26660597, 0.79989791E-1, 0.0000000, 0.0000000, 2.2769718, 8.7903538, 9.7078800, 9.8171425, 19.836952, 19.852983, 19.857426, 19.858692, 0.24998221, 0.24999967, 0.27276626, 0.33790085, 0.34707731, 0.34817091, 0.34918475, 0.34926492, 0.34928712, 0.34929347, 0.79989791E-1
0.10128029, 0.25698256, 0.77102482E-1, 0.0000000, 0.0000000, 2.1340342, 8.5151072, 9.7544479, 9.8372126, 19.840502, 19.853916, 19.857719, 19.858709, 0.24998221, 0.24999967, 0.27133834, 0.33514947, 0.34754357, 0.34837183, 0.34920251, 0.34926957, 0.34928858, 0.34929353, 0.77102482E-1
0.10028534, 0.24496752, 0.73497608E-1, 0.0000000, 0.0000000, 1.9491971, 8.2345486, 9.7575579, 9.8408699, 19.842897, 19.854582, 19.857855, 19.858709, 0.24998221, 0.24999967, 0.26949155, 0.33234513, 0.34757537, 0.34840864, 0.34921449, 0.34927291, 0.34928927, 0.34929353, 0.73497608E-1
0.98894149E-1, 0.22816736, 0.68457052E-1, 0.0000000, 0.0000000, 1.6880035, 7.8732586, 9.7345562, 9.8326769, 19.843323, 19.854725, 19.857889, 19.858709, 0.24998221, 0.24999967, 0.26687953, 0.32873210, 0.34734526, 0.34832668, 0.34921661, 0.34927362, 0.34928945, 0.34929353, 0.68457052E-1
0.98334327E-1, 0.22140692, 0.66428721E-1, 0.0000000, 0.0000000, 1.5925795, 7.6530137, 9.7728958, 9.8479061, 19.845516, 19.855326, 19.858061, 19.858709, 0.24998221, 0.24999967, 0.26592457, 0.32652894, 0.34772822, 0.34847879, 0.34922758, 0.34927663, 0.34929031, 0.34929353, 0.66428721E-1
0.97218491E-1, 0.20793200, 0.62385838E-1, 0.0000000, 0.0000000, 1.3865680, 7.3464537, 9.7540150, 9.8409071, 19.845045, 19.855213, 19.858047, 19.858709, 0.24998221, 0.24999967, 0.26386386, 0.32346261, 0.34753886, 0.34840861, 0.34922522, 0.34927607, 0.34929025, 0.34929353, 0.62385838E-1
0.24738500, 1.0000000, 0.60646737, 3.3185375, 8.6254110, 8.9486790, 9.3169279, 9.7887459, 9.8549604, 19.847200, 19.855797, 19.858194, 19.858709, 0.28318414, 0.33625221, 0.33948579, 0.34316906, 0.34788734, 0.34854957, 0.34923601, 0.34927899, 0.34929097, 0.34929353, 0.60646737
0.22746629, 1.0000000, 0.53429812, 2.7852325, 6.8464851, 9.4115849, 9.6282530, 9.7767487, 9.8483906, 19.843994, 19.854959, 19.857941, 19.858675, 0.27785179, 0.31846404, 0.34411532, 0.34628242, 0.34776741, 0.34848389, 0.34921998, 0.34927481, 0.34928972, 0.34929338, 0.53429812
0.19986328, 1.0000000, 0.43428728, 1.8538624, 5.0504971, 9.4399176, 9.6511192, 9.7644453, 9.8420820, 19.841276, 19.854244, 19.857742, 19.858669, 0.26853532, 0.30049959, 0.34439415, 0.34651014, 0.34764394, 0.34842065, 0.34920639, 0.34927124, 0.34928870, 0.34929335, 0.43428728
0.17240915, 1.0000000, 0.33481571, 0.99796653, 3.1798346, 9.4079180, 9.6341162, 9.7491722, 9.8352852, 19.839437, 19.853731, 19.857607, 19.858675, 0.25997701, 0.28179330, 0.34407172, 0.34633964, 0.34749094, 0.34835258, 0.34919718, 0.34926865, 0.34928805, 0.34929338, 0.33481571
0.15399972, 0.89362705, 0.26811492, 0.40520132, 2.4019897, 8.4931459, 9.6295109, 9.7448568, 9.8336763, 19.839392, 19.853708, 19.857624, 19.858698, 0.25405106, 0.27401647, 0.33492538, 0.34629375, 0.34744787, 0.34833652, 0.34919697, 0.34926856, 0.34928811, 0.34929350, 0.26811492
0.14305142, 0.76141441, 0.22844717, 0.82367659E-1, 2.0238547, 7.6744852, 9.6566620, 9.7601061, 9.8404217, 19.840963, 19.854126, 19.857744, 19.858709, 0.25082332, 0.27023312, 0.32673454, 0.34656402, 0.34759974, 0.34840378, 0.34920481, 0.34927064, 0.34928873, 0.34929353, 0.22844717
0.13862813, 0.70799828, 0.21242073, 0.0000000, 1.8609792, 7.1910157, 9.7077055, 9.7899942, 9.8537340, 19.844101, 19.854959, 19.857948, 19.858709, 0.24999385, 0.26860833, 0.32190734, 0.34707633, 0.34789956, 0.34853721, 0.34922051, 0.34927481, 0.34928975, 0.34929353, 0.21242073
0.13199526, 0.62789935, 0.18838865, 0.0000000, 1.4724553, 6.3764358, 9.6669006, 9.7692471, 9.8465462, 19.844278, 19.855047, 19.857973, 19.858709, 0.24999385, 0.26472309, 0.31376123, 0.34666806, 0.34769198, 0.34846532, 0.34922141, 0.34927523, 0.34928986, 0.34929353, 0.18838865
0.12565969, 0.55139035, 0.16543365, 0.0000000, 1.1260599, 5.5447459, 9.6446991, 9.7564583, 9.8418121, 19.844465, 19.855095, 19.857990, 19.858709, 0.24999385, 0.26125932, 0.30544427, 0.34644589, 0.34756401, 0.34841794, 0.34922233, 0.34927547, 0.34928995, 0.34929353, 0.16543365
0.12076697, 0.49230543, 0.14770640, 0.0000000, 0.88760853, 4.8370285, 9.6549025, 9.7615719, 9.8441906, 19.845587, 19.855406, 19.858095, 19.858709, 0.24999385, 0.25887522, 0.29836795, 0.34654811, 0.34761524, 0.34844175, 0.34922794, 0.34927702, 0.34929049, 0.34929353, 0.14770640
0.11644983, 0.44017130, 0.13206460, 0.0000000, 0.68436861, 4.1987476, 9.6614838, 9.7655973, 9.8462029, 19.846504, 19.855644, 19.858166, 19.858709, 0.24999385, 0.25684324, 0.29198611, 0.34661421, 0.34765565, 0.34846193, 0.34923252, 0.34927821, 0.34929082, 0.34929353, 0.13206460
0.11076875, 0.37156612, 0.11148099, 0.0000000, 0.42219758, 3.3639073, 9.6127605, 9.7380733, 9.8357449, 19.846315, 19.855608, 19.858107, 19.858709, 0.24999385, 0.25422129, 0.28363630, 0.34612602, 0.34737992, 0.34835717, 0.34923157, 0.34927803, 0.34929055, 0.34929353, 0.11148099
0.10480862, 0.29959106, 0.89886308E-1, 0.0000000, 0.10898709, 2.6346297, 9.2171688, 9.6955633, 9.8170671, 19.844198, 19.855047, 19.857954, 19.858698, 0.24999385, 0.25108963, 0.27634323, 0.34216955, 0.34695449, 0.34817028, 0.34922099, 0.34927523, 0.34928977, 0.34929350, 0.89886308E-1
0.10151576, 0.25982615, 0.77955641E-1, 0.0000000, 0.0000000, 2.1720438, 8.6502209, 9.6852179, 9.8112450, 19.843454, 19.854855, 19.857906, 19.858704, 0.24999385, 0.24999160, 0.27171540, 0.33649817, 0.34684995, 0.34811172, 0.34921727, 0.34927428, 0.34928954, 0.34929353, 0.77955641E-1
0.99495746E-1, 0.23543231, 0.70636757E-1, 0.0000000, 0.0000000, 1.7922789, 8.1090889, 9.6839170, 9.8101606, 19.843283, 19.854788, 19.857895, 19.858709, 0.24999385, 0.24999160, 0.26791975, 0.33108816, 0.34683752, 0.34810105, 0.34921640, 0.34927395, 0.34928948, 0.34929353, 0.70636757E-1
0.97675093E-1, 0.21344598, 0.64040199E-1, 0.0000000, 0.0000000, 1.4581889, 7.5803490, 9.6829033, 9.8091984, 19.842701, 19.854628, 19.857849, 19.858698, 0.24999385, 0.24999160, 0.26458052, 0.32580206, 0.34682810, 0.34809169, 0.34921351, 0.34927315, 0.34928924, 0.34929350, 0.64040199E-1
0.95536262E-1, 0.18761720, 0.56290790E-1, 0.0000000, 0.0000000, 1.0762423, 6.9277024, 9.6486731, 9.7943258, 19.841393, 19.854273, 19.857731, 19.858692, 0.24999385, 0.24999160, 0.26075941, 0.31927314, 0.34648404, 0.34794232, 0.34920695, 0.34927136, 0.34928864, 0.34929347, 0.56290790E-1
0.93659624E-1, 0.16495478, 0.49491383E-1, 0.0000000, 0.0000000, 0.75901449, 6.2525263, 9.6374922, 9.7878504, 19.840357, 19.853979, 19.857660, 19.858692, 0.24999385, 0.24999160, 0.25758943, 0.31252408, 0.34637401, 0.34787822, 0.34920180, 0.34926990, 0.34928828, 0.34929347, 0.49491383E-1
0.93168281E-1, 0.15902135, 0.47711175E-1, 0.0000000, 0.0000000, 0.69313049, 5.9365144, 9.7285595, 9.8259449, 19.843565, 19.854803, 19.857874, 19.858709, 0.24999385, 0.24999160, 0.25693080, 0.30936426, 0.34728488, 0.34825921, 0.34921783, 0.34927401, 0.34928936, 0.34929353, 0.47711175E-1
0.15388505, 0.89224225, 0.26769945, 2.1693478, 3.7868309, 0.59956908, 5.6966705, 9.7590694, 9.8402386, 19.844349, 19.855005, 19.857948, 19.858709, 0.27169165, 0.28786641, 0.25599554, 0.30696642, 0.34759045, 0.34840229, 0.34922174, 0.34927502, 0.34928975, 0.34929353, 0.26769945
0.12445207, 0.53680700, 0.16105820, 1.0252923, 1.6359538, 1.6851455, 5.3301220, 9.7225161, 9.8253918, 19.841009, 19.854137, 19.857718, 19.858664, 0.26024732, 0.26635417, 0.26684868, 0.30329946, 0.34722355, 0.34825337, 0.34920505, 0.34927070, 0.34928858, 0.34929332, 0.16105820
0.11037511, 0.36681253, 0.11005477, 0.39615035, 1.1501193, 1.4236987, 4.9740901, 9.7186289, 9.8238659, 19.841003, 19.854115, 19.857719, 19.858709, 0.25395954, 0.26149777, 0.26423487, 0.29973942, 0.34718487, 0.34823817, 0.34920502, 0.34927058, 0.34928858, 0.34929353, 0.11005477
0.99994309E-1, 0.24145304, 0.72443157E-1, 0.0000000, 0.72531402, 1.1633098, 4.5916839, 9.7026472, 9.8178577, 19.841249, 19.854168, 19.857719, 19.858709, 0.24996684, 0.25725228, 0.26163241, 0.29591632, 0.34702590, 0.34817836, 0.34920624, 0.34927085, 0.34928858, 0.34929353, 0.72443157E-1
0.97026050E-1, 0.20560808, 0.61688595E-1, 0.0000000, 0.48647523, 0.99016726, 4.2543573, 9.7138243, 9.8230791, 19.843182, 19.854664, 19.857838, 19.858709, 0.24996684, 0.25486404, 0.25990096, 0.29254296, 0.34713751, 0.34823054, 0.34921592, 0.34927332, 0.34928918, 0.34929353, 0.61688595E-1
0.94198525E-1, 0.17146264, 0.51443938E-1, 0.0000000, 0.26645958, 0.81527531, 3.9169674, 9.7094288, 9.8220320, 19.844019, 19.854912, 19.857901, 19.858709, 0.24996684, 0.25266376, 0.25815147, 0.28916845, 0.34709278, 0.34821981, 0.34922010, 0.34927458, 0.34928951, 0.34929353, 0.51443938E-1
0.91583267E-1, 0.13988055, 0.41968364E-1, 0.0000000, 0.78359246E-1, 0.63623488, 3.5440910, 9.6918230, 9.8152199, 19.844479, 19.855047, 19.857948, 19.858709, 0.24996684, 0.25078329, 0.25636107, 0.28543952, 0.34691629, 0.34815153, 0.34922239, 0.34927523, 0.34928975, 0.34929353, 0.41968364E-1
0.95518634E-1, 0.18740436, 0.56226932E-1, 0.39571822, 0.0000000, 0.49842894, 3.1772411, 9.6910353, 9.8148565, 19.845573, 19.855366, 19.858047, 19.858709, 0.25395527, 0.24999605, 0.25498357, 0.28177148, 0.34690896, 0.34814808, 0.34922788, 0.34927684, 0.34929025, 0.34929353, 0.56226932E-1
0.15629943, 0.92139852, 0.27644721, 2.9091775, 2.1255970, 2.5809259, 2.9954076, 9.7411222, 9.8437824, 19.847225, 19.855797, 19.858177, 19.858709, 0.27908981, 0.27125511, 0.27580872, 0.27995396, 0.34741101, 0.34843776, 0.34923613, 0.34927899, 0.34929088, 0.34929353, 0.27644721
0.21302634, 1.0000000, 0.48197949, 2.7513027, 5.2044373, 9.3342438, 9.5621243, 9.7903967, 9.8633919, 19.849091, 19.856285, 19.858261, 19.858709, 0.27750942, 0.30204028, 0.34333876, 0.34562048, 0.34790358, 0.34863380, 0.34924546, 0.34928143, 0.34929129, 0.34929353, 0.48197949
0.18453781, 1.0000000, 0.37876019, 1.8037230, 3.2972865, 9.4108448, 9.6397047, 9.7694511, 9.8495445, 19.845911, 19.855453, 19.858036, 19.858698, 0.26803672, 0.28297234, 0.34410769, 0.34639689, 0.34769443, 0.34849542, 0.34922954, 0.34927726, 0.34929019, 0.34929350, 0.37876019
0.16639978, 1.0000000, 0.31304264, 1.1592567, 2.5189905, 8.7324152, 9.6565771, 9.7661409, 9.8462133, 19.845114, 19.855253, 19.858013, 19.858709, 0.26159111, 0.27518800, 0.33732086, 0.34656507, 0.34766105, 0.34846202, 0.34922558, 0.34927627, 0.34929007, 0.34929353, 0.31304264
0.16725829, 1.0000000, 0.31615326, 1.6116351, 2.2082539, 8.0453014, 9.6862612, 9.7803612, 9.8516436, 19.846111, 19.855524, 19.858120, 19.858709, 0.26611525, 0.27208164, 0.33045137, 0.34686223, 0.34780341, 0.34851637, 0.34923056, 0.34927762, 0.34929061, 0.34929353, 0.31615326
0.16291684, 1.0000000, 0.30042335, 1.5511245, 2.0222993, 7.5607433, 9.7198553, 9.7995176, 9.8598604, 19.847906, 19.856020, 19.858208, 19.858709, 0.26551107, 0.27022284, 0.32560715, 0.34719849, 0.34799513, 0.34859860, 0.34923953, 0.34928009, 0.34929103, 0.34929353, 0.30042335
0.15576521, 0.91494727, 0.27451164, 1.2745112, 1.8374920, 7.1214271, 9.7336769, 9.8084230, 9.8638887, 19.848955, 19.856279, 19.858236, 19.858709, 0.26274455, 0.26837444, 0.32121333, 0.34733650, 0.34808412, 0.34863886, 0.34924477, 0.34928140, 0.34929118, 0.34929353, 0.27451164
0.14707801, 0.81004000, 0.24303630, 0.94745457, 1.6019076, 6.5884819, 9.7193565, 9.8016939, 9.8619642, 19.849451, 19.856396, 19.858250, 19.858709, 0.25947344, 0.26601797, 0.31588253, 0.34719288, 0.34801662, 0.34861952, 0.34924725, 0.34928197, 0.34929127, 0.34929353, 0.24303630
0.13987404, 0.72304410, 0.21693492, 0.69491565, 1.4045745, 6.0840554, 9.7200432, 9.8020592, 9.8625393, 19.850151, 19.856539, 19.858288, 19.858709, 0.25694889, 0.26404542, 0.31083986, 0.34720021, 0.34802046, 0.34862536, 0.34925076, 0.34928268, 0.34929144, 0.34929353, 0.21693492
0.34541309, 1.0000000, 0.96164161, 9.4227791, 9.7543602, 9.8677721, 9.9657640, 9.9826059, 9.9934416, 19.999249, 19.999802, 19.999886, 19.984043, 0.34422606, 0.34754252, 0.34867719, 0.34965754, 0.34982601, 0.34993437, 0.34999624, 0.34999901, 0.34999943, 0.34992021, 0.96164161
0.32907361, 1.0000000, 0.90244061, 8.3740931, 9.5905504, 9.7592001, 9.9196882, 9.9579620, 9.9833736, 19.997675, 19.999397, 19.998854, 19.960974, 0.33373353, 0.34590042, 0.34758940, 0.34919634, 0.34957936, 0.34983364, 0.34998837, 0.34999698, 0.34999427, 0.34980488, 0.90244061
0.35599446, 1.0000000, 0.99997997, 9.9998264, 9.9998951, 9.9999456, 9.9999876, 9.9999933, 9.9999990, 19.999998, 19.999998, 19.999998, 19.995995, 0.34999725, 0.34999833, 0.34999916, 0.34999982, 0.34999990, 0.34999999, 0.34999999, 0.34999999, 0.34999999, 0.34997997, 0.99997997
0.35183638, 1.0000000, 0.98491436, 9.7827654, 9.8895845, 9.9428263, 9.9860134, 9.9929371, 9.9973392, 19.999683, 19.999916, 19.999876, 19.981098, 0.34782764, 0.34889585, 0.34942827, 0.34986013, 0.34992936, 0.34997338, 0.34999841, 0.34999958, 0.34999937, 0.34990549, 0.98491436
0.34843081, 1.0000000, 0.97257543, 9.6580410, 9.7348452, 9.8530083, 9.9591007, 9.9790497, 9.9920101, 19.999033, 19.999743, 19.998693, 19.958250, 0.34657916, 0.34734771, 0.34852970, 0.34959093, 0.34979048, 0.34992009, 0.34999517, 0.34999871, 0.34999347, 0.34979126, 0.97257543
0.35571092, 1.0000000, 0.99895251, 9.9856386, 9.9914579, 9.9957304, 9.9991407, 9.9995728, 9.9998560, 19.999998, 19.999998, 19.999989, 19.991005, 0.34985557, 0.34991410, 0.34995705, 0.34999135, 0.34999570, 0.34999856, 0.34999999, 0.34999999, 0.34999993, 0.34995502, 0.99895251
0.35598922, 1.0000000, 0.99996084, 9.9995852, 9.9997520, 9.9998770, 9.9999723, 9.9999847, 9.9999990, 19.999998, 19.999998, 19.999990, 19.992998, 0.34999460, 0.34999678, 0.34999838, 0.34999964, 0.34999982, 0.34999999, 0.34999999, 0.34999999, 0.34999996, 0.34996498, 0.99996084
0.35151207, 1.0000000, 0.98373932, 9.8706617, 9.8002863, 9.7651615, 9.9278555, 9.9627361, 9.9852486, 19.997770, 19.999426, 19.999737, 19.980080, 0.34870660, 0.34800285, 0.34765160, 0.34927857, 0.34962738, 0.34985250, 0.34998885, 0.34999713, 0.34999868, 0.34990039, 0.98373932
0.35063863, 1.0000000, 0.98057461, 9.9036388, 9.7066793, 9.6500711, 9.8576212, 9.9228144, 9.9680433, 19.994844, 19.998663, 19.998337, 19.957277, 0.34903640, 0.34706679, 0.34650069, 0.34857622, 0.34922814, 0.34968042, 0.34997422, 0.34999332, 0.34999168, 0.34978640, 0.98057461
0.31487608, 1.0000000, 0.85100025, 7.5461097, 9.3594122, 9.5826435, 9.7973118, 9.8842344, 9.9488173, 19.990602, 19.997547, 19.994654, 19.936661, 0.32545853, 0.34359223, 0.34582546, 0.34797290, 0.34884226, 0.34948814, 0.34995300, 0.34998775, 0.34997326, 0.34968331, 0.85100025
0.35600001, 1.0000000, 1.0000000, 9.9999990, 9.9999990, 9.9999990, 9.9999990, 9.9999990, 9.9999990, 19.999998, 19.999998, 19.999998, 19.998999, 0.34999999, 0.34999999, 0.34999999, 0.34999999, 0.34999999, 0.34999999, 0.34999999, 0.34999999, 0.34999999, 0.34999499, 1.0000000
0.33025414, 1.0000000, 0.90671778, 8.4953508, 9.5411444, 9.7363195, 9.9201088, 9.9586878, 9.9839859, 19.997906, 19.999451, 19.999607, 19.975222, 0.33495095, 0.34540972, 0.34736231, 0.34920090, 0.34958678, 0.34983984, 0.34998953, 0.34999725, 0.34999803, 0.34987611, 0.90671778
0.35580313, 1.0000000, 0.99928671, 9.9905252, 9.9943361, 9.9971695, 9.9994392, 9.9997129, 9.9999037, 19.999998, 19.999998, 19.999990, 19.991999, 0.34990180, 0.34994131, 0.34997067, 0.34999418, 0.34999704, 0.34999901, 0.34999999, 0.34999999, 0.34999996, 0.34996000, 0.99928671
0.34152257, 1.0000000, 0.94754553, 9.2394152, 9.6384706, 9.7794542, 9.9318228, 9.9649115, 9.9865294, 19.998343, 19.999569, 19.999826, 19.984032, 0.34239316, 0.34638408, 0.34779423, 0.34931818, 0.34964910, 0.34986529, 0.34999171, 0.34999785, 0.34999913, 0.34992015, 0.94754553
0.35600001, 1.0000000, 1.0000000, 9.9999990, 9.9999990, 9.9999990, 9.9999990, 9.9999990, 9.9999990, 19.999998, 19.999998, 19.999998, 19.998999, 0.34999999, 0.34999999, 0.34999999, 0.34999999, 0.34999999, 0.34999999, 0.34999999, 0.34999999, 0.34999999, 0.34999499, 1.0000000
0.35599095, 1.0000000, 0.99996722, 9.9996414, 9.9997816, 9.9998922, 9.9999790, 9.9999905, 9.9999990, 19.999998, 19.999998, 19.999990, 19.992998, 0.34999549, 0.34999725, 0.34999865, 0.34999973, 0.34999987, 0.34999999, 0.34999999, 0.34999999, 0.34999996, 0.34996498, 0.99996722
0.35599929, 1.0000000, 0.99999738, 9.9999990, 9.9999990, 9.9999990, 9.9999962, 9.9999990, 9.9999962, 19.999998, 19.999998, 19.999998, 19.998999, 0.34999964, 0.34999979, 0.34999987, 0.34999993, 0.34999999, 0.34999996, 0.34999999, 0.34999999, 0.34999999, 0.34999499, 0.99999738
0.34984285, 1.0000000, 0.97769147, 9.6750374, 9.8419466, 9.9173069, 9.9796400, 9.9897079, 9.9961357, 19.999569, 19.999891, 19.999908, 19.983068, 0.34675038, 0.34841946, 0.34917307, 0.34979641, 0.34989709, 0.34996134, 0.34999785, 0.34999946, 0.34999955, 0.34991533, 0.97769147
0.32654148, 1.0000000, 0.89326614, 8.2418461, 9.5236702, 9.7212973, 9.9100666, 9.9531403, 9.9815683, 19.997471, 19.999344, 19.998772, 19.960054, 0.33241761, 0.34523612, 0.34721267, 0.34910059, 0.34953138, 0.34981567, 0.34998736, 0.34999672, 0.34999385, 0.34980029, 0.89326614
0.35455310, 1.0000000, 0.99475753, 9.9270716, 9.9580421, 9.9788294, 9.9957094, 9.9978476, 9.9992809, 19.999992, 19.999998, 19.999983, 19.989990, 0.34927025, 0.34958014, 0.34978819, 0.34995708, 0.34997848, 0.34999281, 0.34999996, 0.34999999, 0.34999990, 0.34994996, 0.99475753
0.32388824, 1.0000000, 0.88365304, 8.0799837, 9.4862204, 9.6976357, 9.8978653, 9.9465933, 9.9783459, 19.996387, 19.999063, 19.999153, 19.966547, 0.33079985, 0.34486219, 0.34697634, 0.34897864, 0.34946594, 0.34978345, 0.34998193, 0.34999532, 0.34999576, 0.34983274, 0.88365304
0.28215024, 1.0000000, 0.73242837, 5.2201748, 9.2977161, 9.5541582, 9.7977390, 9.8875885, 9.9514418, 19.990948, 19.997639, 19.996384, 19.944878, 0.30219904, 0.34297425, 0.34554011, 0.34797710, 0.34887573, 0.34951437, 0.34995472, 0.34998819, 0.34998190, 0.34972438, 0.73242837
0.24777424, 1.0000000, 0.60787767, 2.9655366, 8.9239378, 9.5254717, 9.7521191, 9.8536987, 9.9328184, 19.986853, 19.996521, 19.991121, 19.925886, 0.27965513, 0.33923897, 0.34525451, 0.34752116, 0.34853697, 0.34932819, 0.34993428, 0.34998262, 0.34995562, 0.34962943, 0.60787767
0.23866579, 1.0000000, 0.57487601, 2.6881635, 8.2808285, 9.5407000, 9.7399883, 9.8399019, 9.9218416, 19.983118, 19.995333, 19.982958, 19.909996, 0.27688095, 0.33280703, 0.34540629, 0.34739974, 0.34839892, 0.34921840, 0.34991559, 0.34997666, 0.34991479, 0.34954998, 0.57487601
0.21275492, 1.0000000, 0.48099607, 1.9581020, 6.4070849, 9.4748020, 9.6991692, 9.8120184, 9.9051819, 19.977425, 19.993210, 19.971964, 19.897169, 0.26958013, 0.31406909, 0.34474674, 0.34699142, 0.34812006, 0.34905177, 0.34988713, 0.34996605, 0.34985983, 0.34948584, 0.48099607
0.18025437, 1.0000000, 0.36324048, 0.99667311, 4.1321058, 9.3936405, 9.6469479, 9.7771378, 9.8859062, 19.971073, 19.990028, 19.958946, 19.887159, 0.25996611, 0.29131952, 0.34393466, 0.34646910, 0.34777120, 0.34885901, 0.34985536, 0.34995013, 0.34979475, 0.34943581, 0.36324048
0.15619697, 0.92016113, 0.27607596, 0.34147501, 2.7098417, 8.6193409, 9.6211386, 9.7574959, 9.8740950, 19.966448, 19.985996, 19.944994, 19.879530, 0.25341412, 0.27709538, 0.33618858, 0.34621030, 0.34757441, 0.34874076, 0.34983224, 0.34992999, 0.34972498, 0.34939766, 0.27607596
0.14038548, 0.72922021, 0.21878794, 0.0000000, 2.0124345, 7.3370442, 9.6068983, 9.7462893, 9.8663530, 19.961721, 19.980179, 19.930948, 19.873831, 0.24994156, 0.27012196, 0.32336611, 0.34606785, 0.34746233, 0.34866333, 0.34980860, 0.34990090, 0.34965473, 0.34936917, 0.21878794
0.12685470, 0.56582147, 0.16976342, 0.0000000, 1.2218297, 5.6677237, 9.5429020, 9.7055855, 9.8463783, 19.955885, 19.972105, 19.917570, 19.869606, 0.24994156, 0.26221570, 0.30667120, 0.34542698, 0.34705481, 0.34846342, 0.34977943, 0.34986052, 0.34958786, 0.34934804, 0.16976342
0.11733765, 0.45089269, 0.13528134, 0.0000000, 0.75228214, 4.3077235, 9.5451384, 9.7041416, 9.8436813, 19.952496, 19.962786, 19.905739, 19.866564, 0.24994156, 0.25752071, 0.29307118, 0.34544870, 0.34704006, 0.34843636, 0.34976247, 0.34981394, 0.34952870, 0.34933281, 0.13528134
0.10784764, 0.33629051, 0.10089725, 0.0000000, 0.28747022, 2.9719293, 9.4254255, 9.6796217, 9.8306227, 19.946434, 19.951334, 19.895405, 19.864330, 0.24994156, 0.25287330, 0.27971205, 0.34424967, 0.34679386, 0.34830543, 0.34973216, 0.34975666, 0.34947702, 0.34932166, 0.10089725
0.10194859, 0.26505306, 0.79523876E-1, 0.0000000, 0.0000000, 2.2740781, 8.6754932, 9.6567173, 9.8177338, 19.939669, 19.938864, 19.886803, 19.862701, 0.24994156, 0.24995510, 0.27273649, 0.33675164, 0.34656537, 0.34817672, 0.34969833, 0.34969431, 0.34943402, 0.34931350, 0.79523876E-1
0.99568740E-1, 0.23631385, 0.70901245E-1, 0.0000000, 0.0000000, 1.8232346, 8.0481720, 9.6683054, 9.8224173, 19.935150, 19.926941, 19.880032, 19.861603, 0.24994156, 0.24995510, 0.26822940, 0.33047912, 0.34668151, 0.34822363, 0.34967574, 0.34963471, 0.34940016, 0.34930801, 0.70901245E-1
0.35537797, 1.0000000, 0.99774629, 9.9692755, 9.9818535, 9.9908972, 9.9981670, 9.9990816, 9.9996986, 19.999998, 19.999998, 19.999983, 19.990009, 0.34968868, 0.34981608, 0.34990776, 0.34998143, 0.34999070, 0.34999695, 0.34999999, 0.34999999, 0.34999990, 0.34995005, 0.99774629
0.32844377, 1.0000000, 0.90015858, 8.3879843, 9.5138807, 9.7142677, 9.9045687, 9.9501724, 9.9799185, 19.996769, 19.999146, 19.999674, 19.981050, 0.33387983, 0.34513882, 0.34714267, 0.34904569, 0.34950173, 0.34979919, 0.34998384, 0.34999573, 0.34999835, 0.34990525, 0.90015858
0.28207818, 1.0000000, 0.73216730, 5.2303495, 9.2782545, 9.5415087, 9.7947445, 9.8861313, 9.9515886, 19.991795, 19.997841, 19.998192, 19.958149, 0.30230242, 0.34278142, 0.34541449, 0.34794733, 0.34886125, 0.34951586, 0.34995896, 0.34998921, 0.34999096, 0.34979075, 0.73216730
0.23686713, 1.0000000, 0.56835914, 2.7150006, 8.0662355, 9.4568424, 9.7088165, 9.8278513, 9.9207935, 19.984703, 19.995937, 19.994434, 19.937382, 0.27714506, 0.33065355, 0.34456328, 0.34708709, 0.34827799, 0.34920776, 0.34992352, 0.34997970, 0.34997219, 0.34968692, 0.56835914
0.20565258, 1.0000000, 0.45526296, 1.7842054, 5.8686619, 9.4239159, 9.6759958, 9.7999334, 9.9026918, 19.980061, 19.994623, 19.988047, 19.919554, 0.26783869, 0.30867997, 0.34423384, 0.34675887, 0.34799877, 0.34902674, 0.34990031, 0.34997311, 0.34994024, 0.34959775, 0.45526296
0.20492825, 1.0000000, 0.45263857, 2.1623194, 5.1359181, 9.4548540, 9.6799126, 9.7965336, 9.8962936, 19.976629, 19.993334, 19.978853, 19.904846, 0.27161786, 0.30135158, 0.34454155, 0.34679770, 0.34796461, 0.34896269, 0.34988314, 0.34996668, 0.34989426, 0.34952423, 0.45263857
0.35600001, 1.0000000, 1.0000000, 9.9999990, 9.9999990, 9.9999990, 9.9999962, 9.9999962, 9.9999990, 19.999998, 19.999998, 19.999998, 19.998999, 0.34999999, 0.34999999, 0.34999999, 0.34999996, 0.34999996, 0.34999999, 0.34999999, 0.34999999, 0.34999999, 0.34999499, 1.0000000
0.32585621, 1.0000000, 0.89078337, 8.2405300, 9.4634237, 9.6852503, 9.8964138, 9.9459591, 9.9783907, 19.996655, 19.999128, 19.999535, 19.975185, 0.33240241, 0.34463224, 0.34685150, 0.34896395, 0.34945947, 0.34978387, 0.34998327, 0.34999564, 0.34999767, 0.34987593, 0.89078337
0.33305967, 1.0000000, 0.91688287, 8.7814198, 9.4534235, 9.6554251, 9.8480082, 9.9159126, 9.9644804, 19.994135, 19.998472, 19.997787, 19.952772, 0.33781120, 0.34453228, 0.34655327, 0.34847987, 0.34915903, 0.34964478, 0.34997067, 0.34999236, 0.34998894, 0.34976387, 0.91688287
0.35599673, 1.0000000, 0.99998820, 9.9998922, 9.9999342, 9.9999695, 9.9999933, 9.9999933, 9.9999990, 19.999998, 19.999998, 19.999998, 19.996996, 0.34999838, 0.34999901, 0.34999952, 0.34999990, 0.34999990, 0.34999999, 0.34999999, 0.34999999, 0.34999999, 0.34998497, 0.99998820
0.35597634, 1.0000000, 0.99991429, 9.9988756, 9.9993229, 9.9996624, 9.9999342, 9.9999609, 9.9999905, 19.999998, 19.999998, 19.999990, 19.991999, 0.34998822, 0.34999290, 0.34999648, 0.34999931, 0.34999958, 0.34999990, 0.34999999, 0.34999999, 0.34999996, 0.34996000, 0.99991429
0.35599566, 1.0000000, 0.99998415, 9.9998922, 9.9999342, 9.9999666, 9.9999933, 9.9999933, 9.9999990, 19.999998, 19.999998, 19.999998, 19.996996, 0.34999782, 0.34999868, 0.34999934, 0.34999987, 0.34999990, 0.34999999, 0.34999999, 0.34999999, 0.34999999, 0.34998497, 0.99998415
0.35600001, 1.0000000, 1.0000000, 9.9999990, 9.9999990, 9.9999990, 9.9999990, 9.9999990, 9.9999990, 19.999998, 19.999998, 19.999998, 19.998999, 0.34999999, 0.34999999, 0.34999999, 0.34999999, 0.34999999, 0.34999999, 0.34999999, 0.34999999, 0.34999999, 0.34999499, 1.0000000
0.35600001, 1.0000000, 1.0000000, 9.9999990, 9.9999990, 9.9999990, 9.9999990, 9.9999990, 9.9999990, 19.999998, 19.999998, 19.999998, 19.996996, 0.34999999, 0.34999999, 0.34999999, 0.34999999, 0.34999999, 0.34999999, 0.34999999, 0.34999999, 0.34999999, 0.34998497, 1.0000000
0.31828141, 1.0000000, 0.86333841, 7.7293677, 9.4181013, 9.6542110, 9.8785105, 9.9361801, 9.9737349, 19.995310, 19.998777, 19.999376, 19.973228, 0.32729203, 0.34417978, 0.34654149, 0.34878498, 0.34936175, 0.34973732, 0.34997654, 0.34999388, 0.34999686, 0.34986615, 0.86333841
0.26714909, 1.0000000, 0.67807639, 4.1920261, 9.2301044, 9.5033493, 9.7627048, 9.8661623, 9.9413557, 19.988859, 19.997078, 19.997200, 19.950928, 0.29191664, 0.34229627, 0.34503102, 0.34762654, 0.34866136, 0.34941348, 0.34994429, 0.34998539, 0.34998602, 0.34975463, 0.67807639
0.35593081, 1.0000000, 0.99974930, 9.9975290, 9.9985180, 9.9992542, 9.9998531, 9.9999218, 9.9999723, 19.999998, 19.999998, 19.999998, 19.994993, 0.34996551, 0.34997931, 0.34998962, 0.34999794, 0.34999892, 0.34999964, 0.34999999, 0.34999999, 0.34999999, 0.34997496, 0.99974930
0.35600001, 1.0000000, 1.0000000, 9.9999990, 9.9999990, 9.9999990, 9.9999990, 9.9999990, 9.9999990, 19.999998, 19.999998, 19.999998, 19.998999, 0.34999999, 0.34999999, 0.34999999, 0.34999999, 0.34999999, 0.34999999, 0.34999999, 0.34999999, 0.34999999, 0.34999499, 1.0000000
0.32571661, 1.0000000, 0.89027756, 8.2091408, 9.4889536, 9.7023783, 9.9036779, 9.9498796, 9.9799633, 19.996876, 19.999187, 19.999535, 19.975185, 0.33209014, 0.34488866, 0.34702334, 0.34903669, 0.34949875, 0.34979960, 0.34998438, 0.34999594, 0.34999767, 0.34987593, 0.89027756
0.29872060, 1.0000000, 0.79246581, 6.3334637, 9.4010859, 9.6291122, 9.8488531, 9.9172974, 9.9660854, 19.995173, 19.998741, 19.997854, 19.952801, 0.31332484, 0.34400213, 0.34628665, 0.34848762, 0.34917253, 0.34966069, 0.34997585, 0.34999371, 0.34998927, 0.34976399, 0.79246581
0.27101642, 1.0000000, 0.69208843, 4.3442688, 9.3862696, 9.6050177, 9.8080082, 9.8895044, 9.9518700, 19.992550, 19.998055, 19.993748, 19.932739, 0.29344040, 0.34385976, 0.34604865, 0.34807980, 0.34889489, 0.34951866, 0.34996274, 0.34999028, 0.34996873, 0.34966370, 0.69208843
0.23767345, 1.0000000, 0.57128060, 2.7270226, 8.1205902, 9.4915695, 9.7389498, 9.8451815, 9.9293642, 19.988180, 19.996815, 19.986658, 19.915691, 0.27726930, 0.33120424, 0.34491470, 0.34738928, 0.34845173, 0.34929362, 0.34994090, 0.34998408, 0.34993330, 0.34957844, 0.57128060
0.21070546, 1.0000000, 0.47357053, 1.9232243, 6.2210674, 9.4669647, 9.7057438, 9.8192091, 9.9131298, 19.984272, 19.995367, 19.976778, 19.901718, 0.26922998, 0.31220627, 0.34466630, 0.34705675, 0.34819174, 0.34913117, 0.34992135, 0.34997684, 0.34988388, 0.34950858, 0.47357053
0.19066307, 1.0000000, 0.40095311, 1.3764173, 4.7044740, 9.4824696, 9.7045107, 9.8137321, 9.9065094, 19.981436, 19.993580, 19.964634, 19.890724, 0.26376233, 0.29704100, 0.34482092, 0.34704435, 0.34813693, 0.34906498, 0.34990719, 0.34996790, 0.34982318, 0.34945363, 0.40095311
0.17102867, 1.0000000, 0.32981399, 0.88257492, 3.1737895, 9.4509773, 9.6883011, 9.8021593, 9.8992205, 19.978739, 19.990719, 19.951069, 19.882284, 0.25882509, 0.28173646, 0.34450766, 0.34688255, 0.34802139, 0.34899214, 0.34989369, 0.34995359, 0.34975535, 0.34941143, 0.32981399
0.15834887, 0.94614780, 0.28387272, 0.53378046, 2.5605173, 8.7775669, 9.6897583, 9.8011551, 9.8970022, 19.976574, 19.986456, 19.937080, 19.875931, 0.25533712, 0.27560318, 0.33777225, 0.34689683, 0.34801117, 0.34896991, 0.34988287, 0.34993228, 0.34968540, 0.34937966, 0.28387272
0.23432708, 1.0000000, 0.55915606, 2.8549850, 7.5102081, 9.4780731, 9.7484970, 9.8333254, 9.9096956, 19.976494, 19.980864, 19.923674, 19.871258, 0.27854800, 0.32509917, 0.34477890, 0.34748459, 0.34833306, 0.34909689, 0.34988248, 0.34990433, 0.34961838, 0.34935629, 0.55915606
0.34722686, 1.0000000, 0.96821314, 9.5300398, 9.7844009, 9.8857260, 9.9722748, 9.9859800, 9.9948730, 19.999557, 19.999886, 19.999937, 19.987009, 0.34530041, 0.34784400, 0.34885725, 0.34972274, 0.34985980, 0.34994873, 0.34999779, 0.34999943, 0.34999970, 0.34993505, 0.96821314
0.32874364, 1.0000000, 0.90124494, 8.4044609, 9.5173826, 9.7219963, 9.9149675, 9.9559984, 9.9828777, 19.997704, 19.999397, 19.999752, 19.982044, 0.33404461, 0.34517384, 0.34721997, 0.34914967, 0.34955999, 0.34982878, 0.34998852, 0.34999698, 0.34999877, 0.34991023, 0.90124494
0.35494292, 1.0000000, 0.99616987, 9.9469948, 9.9691048, 9.9844656, 9.9968596, 9.9984226, 9.9994717, 19.999998, 19.999998, 19.999989, 19.990986, 0.34946886, 0.34969038, 0.34984434, 0.34996855, 0.34998420, 0.34999472, 0.34999999, 0.34999999, 0.34999993, 0.34995493, 0.99616987
0.34855974, 1.0000000, 0.97304237, 9.6480818, 9.7568665, 9.8702908, 9.9682932, 9.9839373, 9.9941406, 19.999516, 19.999868, 19.999952, 19.988997, 0.34648082, 0.34756866, 0.34870291, 0.34968293, 0.34983939, 0.34994140, 0.34999758, 0.34999934, 0.34999976, 0.34994498, 0.97304237
0.32040957, 1.0000000, 0.87104917, 7.8508162, 9.4591379, 9.6770697, 9.8923111, 9.9434452, 9.9782763, 19.997686, 19.999392, 19.999180, 19.965654, 0.32850775, 0.34459108, 0.34677055, 0.34892309, 0.34943441, 0.34978276, 0.34998843, 0.34999695, 0.34999591, 0.34982827, 0.87104917
0.27975065, 1.0000000, 0.72373414, 5.0483408, 9.2938375, 9.5530214, 9.8028355, 9.8904171, 9.9546967, 19.994011, 19.998432, 19.996469, 19.944107, 0.30048180, 0.34293658, 0.34552929, 0.34802818, 0.34890407, 0.34954694, 0.34997004, 0.34999216, 0.34998235, 0.34972054, 0.72373414
0.33272976, 1.0000000, 0.91568750, 9.0998650, 8.9827347, 9.4860535, 9.7313166, 9.8418589, 9.9290581, 19.988846, 19.997057, 19.991020, 19.925243, 0.34099865, 0.33982736, 0.34486052, 0.34731317, 0.34841859, 0.34929058, 0.34994423, 0.34998530, 0.34995511, 0.34962621, 0.91568750
0.30252421, 1.0000000, 0.80624706, 6.7237639, 9.2795229, 9.5201616, 9.7309694, 9.8341675, 9.9199734, 19.985579, 19.995974, 19.982769, 19.909500, 0.31723353, 0.34279183, 0.34519988, 0.34730935, 0.34834149, 0.34919968, 0.34992790, 0.34997988, 0.34991384, 0.34954751, 0.80624706
0.25130677, 1.0000000, 0.62067670, 3.0907307, 9.1876230, 9.4531307, 9.6899786, 9.8064709, 9.9034300, 19.980358, 19.993925, 19.971727, 19.896780, 0.28090587, 0.34187368, 0.34452999, 0.34689951, 0.34806457, 0.34903425, 0.34990180, 0.34996963, 0.34985864, 0.34948391, 0.62067670
0.24046741, 1.0000000, 0.58140367, 2.8432488, 8.2189426, 9.5831289, 9.7454338, 9.8341379, 9.9125690, 19.979971, 19.992352, 19.959051, 19.886940, 0.27843097, 0.33218682, 0.34582976, 0.34745404, 0.34834123, 0.34912562, 0.34989986, 0.34996176, 0.34979525, 0.34943470, 0.58140367
0.23163058, 1.0000000, 0.54938614, 2.7413845, 7.3105941, 9.5981073, 9.7677784, 9.8477278, 9.9186888, 19.980003, 19.989630, 19.945368, 19.879457, 0.27741325, 0.32310498, 0.34598044, 0.34767765, 0.34847721, 0.34918687, 0.34990001, 0.34994814, 0.34972686, 0.34939730, 0.54938614
0.21127661, 1.0000000, 0.47563982, 2.1383822, 5.9055529, 9.5103998, 9.7351570, 9.8309908, 9.9122467, 19.978138, 19.984730, 19.931469, 19.873837, 0.27138299, 0.30905417, 0.34510291, 0.34735134, 0.34830979, 0.34912243, 0.34989068, 0.34992364, 0.34965736, 0.34936917, 0.47563982
0.23404939, 1.0000000, 0.55814993, 2.6579709, 7.7673001, 9.5536366, 9.7452765, 9.8355703, 9.9135933, 19.977007, 19.978033, 19.918394, 19.869694, 0.27657819, 0.32767034, 0.34553471, 0.34745243, 0.34835553, 0.34913588, 0.34988505, 0.34989017, 0.34959197, 0.34934849, 0.55814993
0.35535008, 1.0000000, 0.99764514, 9.9674759, 9.9808960, 9.9904099, 9.9980621, 9.9990311, 9.9996748, 19.999998, 19.999998, 19.999983, 19.990009, 0.34967417, 0.34980860, 0.34990391, 0.34998059, 0.34999028, 0.34999675, 0.34999999, 0.34999999, 0.34999990, 0.34995005, 0.99764514
0.35600001, 1.0000000, 1.0000000, 9.9999990, 9.9999990, 9.9999990, 9.9999990, 9.9999990, 9.9999990, 19.999998, 19.999998, 19.999990, 19.992998, 0.34999999, 0.34999999, 0.34999999, 0.34999999, 0.34999999, 0.34999999, 0.34999999, 0.34999999, 0.34999996, 0.34996498, 1.0000000
0.34970760, 1.0000000, 0.97720128, 9.6714230, 9.8333225, 9.9134846, 9.9813490, 9.9906225, 9.9962273, 19.999111, 19.999767, 19.999788, 19.979116, 0.34671423, 0.34833324, 0.34913486, 0.34981349, 0.34990624, 0.34996226, 0.34999555, 0.34999883, 0.34999895, 0.34989560, 0.97720128
0.32350752, 1.0000000, 0.88227355, 8.0648298, 9.4716949, 9.6866693, 9.8953943, 9.9452562, 9.9779282, 19.996284, 19.999027, 19.998333, 19.956398, 0.33064675, 0.34471586, 0.34686613, 0.34895381, 0.34945250, 0.34977925, 0.34998143, 0.34999514, 0.34999168, 0.34978199, 0.88227355
0.29016036, 1.0000000, 0.76145059, 5.7652845, 9.3371000, 9.5859385, 9.8268061, 9.9045458, 9.9606543, 19.994255, 19.998501, 19.994722, 19.935907, 0.30764902, 0.34336728, 0.34585747, 0.34826767, 0.34904525, 0.34960648, 0.34997126, 0.34999251, 0.34997362, 0.34967953, 0.76145059
0.26518708, 1.0000000, 0.67096764, 3.9459856, 9.3551407, 9.5877848, 9.8035564, 9.8860292, 9.9507675, 19.993170, 19.998169, 19.988340, 19.918346, 0.28945816, 0.34354895, 0.34587660, 0.34803531, 0.34886017, 0.34950766, 0.34996584, 0.34999084, 0.34994170, 0.34959173, 0.67096764
0.23561740, 1.0000000, 0.56383109, 2.5725186, 8.1218605, 9.5067596, 9.7498274, 9.8509302, 9.9328957, 19.990602, 19.997171, 19.978989, 19.903894, 0.27572161, 0.33121184, 0.34506363, 0.34749746, 0.34850889, 0.34932882, 0.34995300, 0.34998587, 0.34989494, 0.34951946, 0.56383109
0.22228083, 1.0000000, 0.51551020, 2.4343877, 6.7288036, 9.5323372, 9.7427187, 9.8414116, 9.9242363, 19.988186, 19.995674, 19.967218, 19.892410, 0.27434295, 0.31728652, 0.34532231, 0.34742698, 0.34841400, 0.34924233, 0.34994093, 0.34997839, 0.34983608, 0.34946206, 0.51551020
0.35600001, 1.0000000, 1.0000000, 9.9999990, 9.9999990, 9.9999990, 9.9999990, 9.9999990, 9.9999990, 19.999998, 19.999998, 19.999998, 19.997997, 0.34999999, 0.34999999, 0.34999999, 0.34999999, 0.34999999, 0.34999999, 0.34999999, 0.34999999, 0.34999999, 0.34998998, 1.0000000
0.35599887, 1.0000000, 0.99999583, 9.9999990, 9.9999962, 9.9999990, 9.9999990, 9.9999990, 9.9999990, 19.999998, 19.999998, 19.999998, 19.996996, 0.34999943, 0.34999964, 0.34999982, 0.34999996, 0.34999996, 0.34999999, 0.34999999, 0.34999999, 0.34999999, 0.34998497, 0.99999583
0.34786630, 1.0000000, 0.97053003, 9.5668240, 9.7975874, 9.8931885, 9.9753065, 9.9875288, 9.9955997, 19.999767, 19.999933, 19.999956, 19.987104, 0.34566256, 0.34797236, 0.34893012, 0.34975272, 0.34987509, 0.34995595, 0.34999883, 0.34999967, 0.34999979, 0.34993553, 0.97053003
0.31036919, 1.0000000, 0.83467102, 7.1906986, 9.3774977, 9.6238918, 9.8671780, 9.9298449, 9.9723358, 19.996380, 19.999050, 19.998981, 19.963844, 0.32190326, 0.34377205, 0.34623742, 0.34867150, 0.34929830, 0.34972331, 0.34998190, 0.34999526, 0.34999490, 0.34981921, 0.83467102
0.35600001, 1.0000000, 1.0000000, 9.9999990, 9.9999990, 9.9999990, 9.9999990, 9.9999990, 9.9999990, 19.999998, 19.999998, 19.999998, 19.997992, 0.34999999, 0.34999999, 0.34999999, 0.34999999, 0.34999999, 0.34999999, 0.34999999, 0.34999999, 0.34999999, 0.34998995, 1.0000000
0.33416814, 1.0000000, 0.92089909, 8.7678223, 9.5542011, 9.7452593, 9.9276543, 9.9627562, 9.9861660, 19.998772, 19.999683, 19.999622, 19.974239, 0.33767593, 0.34554052, 0.34745181, 0.34927639, 0.34962747, 0.34986162, 0.34999385, 0.34999841, 0.34999812, 0.34987119, 0.92089909
0.33252305, 1.0000000, 0.91493857, 8.6438217, 9.5603428, 9.7501230, 9.9271641, 9.9624910, 9.9856195, 19.998264, 19.999535, 19.999762, 19.980080, 0.33643386, 0.34560055, 0.34749976, 0.34927136, 0.34962475, 0.34985614, 0.34999132, 0.34999767, 0.34999880, 0.34990039, 0.91493857
0.29102039, 1.0000000, 0.76456660, 5.8563423, 9.3002739, 9.5642042, 9.8240643, 9.9044380, 9.9613733, 19.994869, 19.998646, 19.998320, 19.957277, 0.30855978, 0.34299928, 0.34564024, 0.34824029, 0.34904420, 0.34961367, 0.34997433, 0.34999323, 0.34999159, 0.34978640, 0.76456660
0.26415026, 1.0000000, 0.66721100, 3.8886440, 9.3357086, 9.5715628, 9.7918129, 9.8797607, 9.9483576, 19.993153, 19.998198, 19.994823, 19.936689, 0.28888306, 0.34335226, 0.34571317, 0.34791762, 0.34879735, 0.34948349, 0.34996575, 0.34999099, 0.34997413, 0.34968346, 0.66721100
0.35599208, 1.0000000, 0.99997133, 9.9996624, 9.9997969, 9.9998980, 9.9999819, 9.9999876, 9.9999933, 19.999998, 19.999998, 19.999996, 19.993994, 0.34999606, 0.34999764, 0.34999880, 0.34999979, 0.34999985, 0.34999993, 0.34999999, 0.34999999, 0.34999996, 0.34996998, 0.99997133
0.35600001, 1.0000000, 0.99999988, 9.9999990, 9.9999962, 9.9999990, 9.9999962, 9.9999990, 9.9999990, 19.999998, 19.999998, 19.999998, 19.998999, 0.34999999, 0.34999996, 0.34999999, 0.34999996, 0.34999999, 0.34999999, 0.34999999, 0.34999999, 0.34999999, 0.34999499, 0.99999988
0.35600001, 1.0000000, 1.0000000, 9.9999990, 9.9999990, 9.9999990, 9.9999990, 9.9999990, 9.9999990, 19.999998, 19.999998, 19.999998, 19.996996, 0.34999999, 0.34999999, 0.34999999, 0.34999999, 0.34999999, 0.34999999, 0.34999999, 0.34999999, 0.34999999, 0.34998497, 1.0000000
0.34648192, 1.0000000, 0.96551424, 9.5267658, 9.7197046, 9.8483858, 9.9633541, 9.9814348, 9.9934263, 19.999647, 19.999908, 19.999662, 19.973301, 0.34526765, 0.34719706, 0.34848386, 0.34963354, 0.34981436, 0.34993428, 0.34999824, 0.34999955, 0.34999830, 0.34986651, 0.96551424
0.34105653, 1.0000000, 0.94585693, 9.2330122, 9.5948362, 9.7733288, 9.9381733, 9.9683523, 9.9882030, 19.998848, 19.999706, 19.999889, 19.986019, 0.34233013, 0.34594837, 0.34773329, 0.34938174, 0.34968352, 0.34988204, 0.34999424, 0.34999853, 0.34999946, 0.34993011, 0.94585693
0.33540237, 1.0000000, 0.92537087, 8.9599228, 9.4347382, 9.6555767, 9.8737040, 9.9325514, 9.9737539, 19.997215, 19.999283, 19.998957, 19.962851, 0.33959815, 0.34434670, 0.34655541, 0.34873697, 0.34932548, 0.34973752, 0.34998608, 0.34999642, 0.34999478, 0.34981424, 0.92537087
0.31584251, 1.0000000, 0.85450178, 7.5560465, 9.4271498, 9.6360617, 9.8347893, 9.9070129, 9.9616251, 19.995607, 19.998867, 19.996096, 19.941620, 0.32556024, 0.34427133, 0.34636053, 0.34834787, 0.34907013, 0.34961626, 0.34997803, 0.34999433, 0.34998047, 0.34970811, 0.85450178
0.31517550, 1.0000000, 0.85208511, 7.5175385, 9.4186649, 9.6257572, 9.8157845, 9.8920040, 9.9530754, 19.994505, 19.998535, 19.990587, 19.923172, 0.32517537, 0.34418666, 0.34625757, 0.34815785, 0.34892005, 0.34953076, 0.34997252, 0.34999269, 0.34995294, 0.34961587, 0.85208511
0.29303533, 1.0000000, 0.77186710, 5.9504609, 9.3743954, 9.5955887, 9.7964449, 9.8777609, 9.9447546, 19.993366, 19.998047, 19.982147, 19.907841, 0.30950460, 0.34374395, 0.34595588, 0.34796447, 0.34877759, 0.34944755, 0.34996682, 0.34999025, 0.34991074, 0.34953922, 0.77186710
0.26142871, 1.0000000, 0.65735042, 3.7135925, 9.3111668, 9.5513687, 9.7703295, 9.8601055, 9.9350910, 19.992176, 19.997103, 19.971096, 19.895540, 0.28713560, 0.34311116, 0.34551343, 0.34770322, 0.34860101, 0.34935090, 0.34996086, 0.34998551, 0.34985548, 0.34947771, 0.65735042
0.26469332, 1.0000000, 0.66917866, 3.9499972, 9.3072224, 9.5640831, 9.7598591, 9.8508234, 9.9276743, 19.989887, 19.995022, 19.958103, 19.885973, 0.28949815, 0.34306967, 0.34563953, 0.34759831, 0.34850809, 0.34927669, 0.34994942, 0.34997511, 0.34979051, 0.34942988, 0.66917866
0.25057301, 1.0000000, 0.61801815, 2.9797256, 9.2050924, 9.5895796, 9.7669916, 9.8524733, 9.9259624, 19.988466, 19.991863, 19.944225, 19.878710, 0.27979666, 0.34204978, 0.34589520, 0.34766978, 0.34852469, 0.34925959, 0.34994233, 0.34995931, 0.34972113, 0.34939355, 0.61801815
0.22546647, 1.0000000, 0.52705240, 2.2375851, 7.4635463, 9.4927320, 9.7254543, 9.8282566, 9.9142094, 19.985355, 19.986465, 19.930254, 19.873259, 0.27237585, 0.32463545, 0.34492731, 0.34725454, 0.34828258, 0.34914210, 0.34992677, 0.34993231, 0.34965128, 0.34936631, 0.52705240
0.20277676, 1.0000000, 0.44484332, 1.6527295, 5.7110081, 9.4732790, 9.7068043, 9.8149776, 9.9068699, 19.983105, 19.979242, 19.917183, 19.869270, 0.26652592, 0.30710727, 0.34473047, 0.34706756, 0.34814954, 0.34906861, 0.34991553, 0.34989622, 0.34958592, 0.34934634, 0.44484332
0.19426787, 1.0000000, 0.41401401, 1.7274767, 4.5300703, 9.5245361, 9.7286615, 9.8255100, 9.9100266, 19.982014, 19.970400, 19.905582, 19.866394, 0.26727402, 0.29529950, 0.34524411, 0.34728634, 0.34825498, 0.34910023, 0.34991008, 0.34985200, 0.34952790, 0.34933197, 0.41401401
0.18204513, 1.0000000, 0.36972868, 1.6338885, 3.2233720, 9.5004673, 9.7154675, 9.8177586, 9.9059753, 19.978979, 19.959488, 19.895535, 19.864271, 0.26633888, 0.28223372, 0.34500468, 0.34715468, 0.34817758, 0.34905976, 0.34989488, 0.34979743, 0.34947768, 0.34932137, 0.36972868
0.16430615, 1.0000000, 0.30545706, 1.0350168, 2.4926662, 8.6857033, 9.6776581, 9.7955828, 9.8955078, 19.973688, 19.947050, 19.887108, 19.862713, 0.26034766, 0.27492303, 0.33685070, 0.34677517, 0.34795511, 0.34895486, 0.34986845, 0.34973526, 0.34943554, 0.34931356, 0.30545706
0.15237102, 0.87395877, 0.26221386, 0.66230297, 2.0954876, 7.8390136, 9.6788321, 9.7942886, 9.8933420, 19.968151, 19.934439, 19.880367, 19.861626, 0.25662145, 0.27095190, 0.32838455, 0.34678695, 0.34794220, 0.34893319, 0.34984076, 0.34967220, 0.34940183, 0.34930813, 0.26221386
0.35565805, 1.0000000, 0.99876106, 9.9959278, 9.9975443, 9.9897137, 9.8610668, 9.8259373, 9.9056349, 19.963167, 19.922562, 19.875187, 19.860872, 0.34994796, 0.34996864, 0.34989375, 0.34861001, 0.34825906, 0.34905624, 0.34981585, 0.34961280, 0.34937593, 0.34930438, 0.99876106
0.35600001, 1.0000000, 1.0000000, 9.9999990, 9.9999990, 9.9999990, 9.9999990, 9.9999990, 9.9999990, 19.999998, 19.999998, 19.999998, 19.998999, 0.34999999, 0.34999999, 0.34999999, 0.34999999, 0.34999999, 0.34999999, 0.34999999, 0.34999999, 0.34999999, 0.34999499, 1.0000000
0.35599756, 1.0000000, 0.99999106, 9.9999990, 9.9999990, 9.9999990, 9.9999990, 9.9999990, 9.9999990, 19.999998, 19.999998, 19.999998, 19.998999, 0.34999877, 0.34999925, 0.34999964, 0.34999993, 0.34999996, 0.34999999, 0.34999999, 0.34999999, 0.34999999, 0.34999499, 0.99999106
0.34910053, 1.0000000, 0.97500187, 9.8443232, 9.5600910, 9.7501183, 9.9304256, 9.9642763, 9.9868050, 19.998873, 19.999712, 19.999788, 19.979128, 0.34844324, 0.34560090, 0.34750119, 0.34930426, 0.34964275, 0.34986806, 0.34999436, 0.34999856, 0.34999895, 0.34989566, 0.97500187
0.34762537, 1.0000000, 0.96965718, 9.7347527, 9.5925531, 9.7040720, 9.8928843, 9.9427280, 9.9781065, 19.998158, 19.999521, 19.998476, 19.956434, 0.34734753, 0.34592554, 0.34704071, 0.34892884, 0.34942728, 0.34978107, 0.34999079, 0.34999761, 0.34999239, 0.34978217, 0.96965718
0.33700889, 1.0000000, 0.93119150, 9.0017939, 9.5346136, 9.7055149, 9.8721476, 9.9287338, 9.9711094, 19.997066, 19.999228, 19.994930, 19.935966, 0.34001598, 0.34534490, 0.34705451, 0.34872136, 0.34928727, 0.34971106, 0.34998533, 0.34999615, 0.34997466, 0.34967983, 0.93119150
0.35551691, 1.0000000, 0.99824959, 9.9996567, 9.9977064, 9.8991051, 9.9619493, 9.9806576, 9.9928513, 19.999325, 19.999826, 19.999931, 19.986019, 0.34999597, 0.34997672, 0.34899086, 0.34961948, 0.34980655, 0.34992850, 0.34999663, 0.34999913, 0.34999967, 0.34993011, 0.99824959
0.35235608, 1.0000000, 0.98679733, 9.9705477, 9.7001371, 9.8286591, 9.9573812, 9.9783440, 9.9923220, 19.999617, 19.999897, 19.999922, 19.984056, 0.34970549, 0.34700137, 0.34828660, 0.34957382, 0.34978345, 0.34992322, 0.34999809, 0.34999949, 0.34999961, 0.34992027, 0.98679733
0.34166694, 1.0000000, 0.94806868, 9.3176832, 9.5601387, 9.7173815, 9.9020491, 9.9486151, 9.9810486, 19.998831, 19.999683, 19.998943, 19.961004, 0.34317684, 0.34560138, 0.34717381, 0.34902048, 0.34948614, 0.34981048, 0.34999415, 0.34999841, 0.34999472, 0.34980503, 0.94806868
0.33017838, 1.0000000, 0.90644348, 8.5036993, 9.5363827, 9.7102976, 9.8780298, 9.9330530, 9.9737415, 19.997925, 19.999445, 19.995937, 19.940001, 0.33503592, 0.34536311, 0.34710261, 0.34878024, 0.34933051, 0.34973741, 0.34998962, 0.34999722, 0.34997970, 0.34970000, 0.90644348
0.32879075, 1.0000000, 0.90141571, 8.5504036, 9.3590431, 9.5916948, 9.8107176, 9.8926668, 9.9550219, 19.994928, 19.998631, 19.990057, 19.921776, 0.33550403, 0.34359044, 0.34591696, 0.34810716, 0.34892666, 0.34955022, 0.34997463, 0.34999317, 0.34995028, 0.34960887, 0.90141571
0.35600001, 1.0000000, 1.0000000, 9.9999990, 9.9999990, 9.9999990, 9.9999990, 9.9999990, 9.9999990, 19.999998, 19.999998, 19.999998, 19.996996, 0.34999999, 0.34999999, 0.34999999, 0.34999999, 0.34999999, 0.34999999, 0.34999999, 0.34999999, 0.34999999, 0.34998497, 1.0000000
0.34602505, 1.0000000, 0.96385872, 9.6698971, 9.5041103, 9.7071743, 9.9101934, 9.9535236, 9.9824114, 19.998163, 19.999521, 19.999567, 19.973270, 0.34669632, 0.34503955, 0.34707093, 0.34910178, 0.34953514, 0.34982410, 0.34999081, 0.34999761, 0.34999782, 0.34986636, 0.96385872
0.32643145, 1.0000000, 0.89286757, 8.2863083, 9.4676256, 9.6718016, 9.8690729, 9.9288874, 9.9716005, 19.996666, 19.999128, 19.997707, 19.951052, 0.33285782, 0.34467265, 0.34671617, 0.34869033, 0.34928870, 0.34971595, 0.34998333, 0.34999564, 0.34998852, 0.34975526, 0.89286757
0.29817760, 1.0000000, 0.79049850, 6.3386922, 9.3509817, 9.5879574, 9.8113289, 9.8931074, 9.9549799, 19.994230, 19.998489, 19.993399, 19.931253, 0.31338260, 0.34350601, 0.34587762, 0.34811291, 0.34893087, 0.34954974, 0.34997115, 0.34999245, 0.34996700, 0.34965628, 0.79049850
0.26562047, 1.0000000, 0.67253786, 4.0282454, 9.2977724, 9.5432110, 9.7691126, 9.8637743, 9.9392662, 19.991556, 19.997688, 19.986200, 19.914480, 0.29027969, 0.34297389, 0.34543014, 0.34769070, 0.34863755, 0.34939259, 0.34995776, 0.34998843, 0.34993100, 0.34957239, 0.67253786
0.24114139, 1.0000000, 0.58384562, 2.7937980, 8.4084978, 9.5295048, 9.7474556, 9.8460751, 9.9278107, 19.989252, 19.996639, 19.976210, 19.900803, 0.27793655, 0.33408239, 0.34529358, 0.34747425, 0.34846058, 0.34927803, 0.34994626, 0.34998319, 0.34988105, 0.34950402, 0.58384562
0.28549069, 1.0000000, 0.74453151, 5.4235563, 9.3325415, 9.6183014, 9.7820044, 9.8617764, 9.9315157, 19.989273, 19.995533, 19.964134, 19.890053, 0.30423540, 0.34332523, 0.34618291, 0.34782001, 0.34861776, 0.34931517, 0.34994638, 0.34997767, 0.34982067, 0.34945026, 0.74453151
0.35600001, 1.0000000, 1.0000000, 9.9999990, 9.9999990, 9.9999990, 9.9999990, 9.9999990, 9.9999990, 19.999998, 19.999998, 19.999998, 19.998999, 0.34999999, 0.34999999, 0.34999999, 0.34999999, 0.34999999, 0.34999999, 0.34999999, 0.34999999, 0.34999999, 0.34999499, 1.0000000
0.35600001, 1.0000000, 1.0000000, 9.9999990, 9.9999990, 9.9999990, 9.9999990, 9.9999990, 9.9999990, 19.999998, 19.999998, 19.999998, 19.998999, 0.34999999, 0.34999999, 0.34999999, 0.34999999, 0.34999999, 0.34999999, 0.34999999, 0.34999999, 0.34999999, 0.34999499, 1.0000000
0.35600001, 1.0000000, 1.0000000, 9.9999990, 9.9999990, 9.9999990, 9.9999990, 9.9999990, 9.9999990, 19.999998, 19.999998, 19.999998, 19.996996, 0.34999999, 0.34999999, 0.34999999, 0.34999999, 0.34999999, 0.34999999, 0.34999999, 0.34999999, 0.34999999, 0.34998497, 1.0000000
0.35570520, 1.0000000, 0.99893188, 9.9852695, 9.9912548, 9.9956112, 9.9991207, 9.9995584, 9.9998531, 19.999998, 19.999998, 19.999975, 19.989016, 0.34985268, 0.34991255, 0.34995610, 0.34999120, 0.34999558, 0.34999853, 0.34999999, 0.34999999, 0.34999987, 0.34994507, 0.99893188
0.34916842, 1.0000000, 0.97524774, 9.6364021, 9.8286829, 9.9097614, 9.9797850, 9.9898109, 9.9964838, 19.999897, 19.999975, 19.999323, 19.965672, 0.34636378, 0.34828669, 0.34909755, 0.34979784, 0.34989810, 0.34996483, 0.34999949, 0.34999987, 0.34999663, 0.34982836, 0.97524774
0.34907466, 1.0000000, 0.97490817, 9.6329145, 9.8242064, 9.9077520, 9.9791222, 9.9894810, 9.9963140, 19.999838, 19.999958, 19.999964, 19.988020, 0.34632915, 0.34824207, 0.34907752, 0.34979123, 0.34989482, 0.34996313, 0.34999919, 0.34999979, 0.34999982, 0.34994009, 0.97490817
0.33612525, 1.0000000, 0.92798996, 8.8408871, 9.6405849, 9.7957478, 9.9459963, 9.9723244, 9.9903622, 19.999796, 19.999945, 19.999266, 19.964733, 0.33840889, 0.34640586, 0.34795749, 0.34945995, 0.34972325, 0.34990361, 0.34999898, 0.34999973, 0.34999633, 0.34982365, 0.92798996
0.29983318, 1.0000000, 0.79649693, 6.4362164, 9.3696213, 9.6115189, 9.8537540, 9.9216442, 9.9698620, 19.997383, 19.999313, 19.996540, 19.943296, 0.31436169, 0.34369579, 0.34611496, 0.34853750, 0.34921640, 0.34969860, 0.34998691, 0.34999657, 0.34998271, 0.34971648, 0.79649693
0.26201969, 1.0000000, 0.65949160, 3.7622244, 9.2996101, 9.5493822, 9.7880936, 9.8797216, 9.9502783, 19.994993, 19.998678, 19.991182, 19.924585, 0.28762153, 0.34299502, 0.34549326, 0.34788081, 0.34879714, 0.34950274, 0.34997496, 0.34999341, 0.34995592, 0.34962294, 0.65949160
0.23873469, 1.0000000, 0.57512569, 2.6923447, 8.2774220, 9.5430288, 9.7664366, 9.8610497, 9.9389725, 19.993963, 19.998240, 19.982992, 19.908985, 0.27692181, 0.33277118, 0.34542853, 0.34766400, 0.34861031, 0.34938967, 0.34996980, 0.34999120, 0.34991497, 0.34954494, 0.57512569
0.24019282, 1.0000000, 0.58040869, 2.7660668, 8.3518782, 9.5097456, 9.7346849, 9.8381252, 9.9250441, 19.991699, 19.997046, 19.972063, 19.896425, 0.27765894, 0.33351561, 0.34509566, 0.34734648, 0.34838107, 0.34925038, 0.34995848, 0.34998524, 0.34986031, 0.34948212, 0.58040869
0.28380644, 1.0000000, 0.73842907, 5.3189383, 9.2916489, 9.6421366, 9.7844143, 9.8620682, 9.9313526, 19.991652, 19.995632, 19.959332, 19.886675, 0.30318812, 0.34291515, 0.34642068, 0.34784400, 0.34862062, 0.34931350, 0.34995824, 0.34997815, 0.34979665, 0.34943336, 0.73842907
0.29861122, 1.0000000, 0.79206961, 6.3739371, 9.3560820, 9.5785084, 9.7707205, 9.8547735, 9.9272270, 19.990309, 19.992643, 19.945507, 19.879263, 0.31373394, 0.34355605, 0.34578264, 0.34770671, 0.34854749, 0.34927219, 0.34995154, 0.34996322, 0.34972754, 0.34939632, 0.79206961
0.27582273, 1.0000000, 0.70950264, 4.6932216, 9.3937006, 9.5988131, 9.7790804, 9.8588295, 9.9280748, 19.989685, 19.988083, 19.931662, 19.873707, 0.29692790, 0.34393182, 0.34598547, 0.34779027, 0.34858802, 0.34928066, 0.34994844, 0.34994042, 0.34965831, 0.34936854, 0.70950264
0.24498847, 1.0000000, 0.59778428, 2.8821559, 8.7297354, 9.5239639, 9.7427015, 9.8381977, 9.9183836, 19.986813, 19.980919, 19.918409, 19.869600, 0.27881992, 0.33729437, 0.34523803, 0.34742668, 0.34838179, 0.34918377, 0.34993407, 0.34990460, 0.34959203, 0.34934801, 0.59778428
0.22534622, 1.0000000, 0.52661675, 2.3185940, 7.2946262, 9.5329046, 9.7373123, 9.8331099, 9.9145269, 19.984077, 19.971792, 19.906519, 19.866600, 0.27318084, 0.32293665, 0.34532276, 0.34737185, 0.34833044, 0.34914505, 0.34992039, 0.34985897, 0.34953260, 0.34933299, 0.52661675
0.21023513, 1.0000000, 0.47186643, 1.9348025, 6.0971408, 9.5510874, 9.7455091, 9.8365240, 9.9152164, 19.981911, 19.961174, 19.896391, 19.864435, 0.26934779, 0.31097093, 0.34551051, 0.34745502, 0.34836522, 0.34915215, 0.34990954, 0.34980586, 0.34948194, 0.34932217, 0.47186643
0.19344375, 1.0000000, 0.41102806, 1.5026629, 4.8079834, 9.5190945, 9.7321444, 9.8288288, 9.9115963, 19.978230, 19.949141, 19.887924, 19.862862, 0.26502469, 0.29807615, 0.34518728, 0.34732071, 0.34828791, 0.34911585, 0.34989116, 0.34974569, 0.34943962, 0.34931430, 0.41102806
0.17624623, 1.0000000, 0.34871823, 1.0724068, 3.4703605, 9.4810381, 9.7123804, 9.8169537, 9.9057980, 19.972788, 19.936424, 19.881021, 19.861732, 0.26072115, 0.28469792, 0.34480259, 0.34712222, 0.34816873, 0.34905770, 0.34986395, 0.34968212, 0.34940511, 0.34930867, 0.34871823
0.35394627, 1.0000000, 0.99255890, 9.8998022, 9.9427719, 9.9710608, 9.9941196, 9.9970617, 9.9990158, 19.999998, 19.999998, 19.999983, 19.990009, 0.34896260, 0.34940639, 0.34969991, 0.34993905, 0.34996954, 0.34998980, 0.34999999, 0.34999999, 0.34999990, 0.34995005, 0.99255890
0.35080242, 1.0000000, 0.98116815, 9.7206364, 9.8745813, 9.9335508, 9.9771919, 9.9883423, 9.9947872, 19.998634, 19.999647, 19.999296, 19.966606, 0.34720418, 0.34874451, 0.34933484, 0.34977180, 0.34988338, 0.34994784, 0.34999317, 0.34999824, 0.34999648, 0.34983304, 0.98116815
0.32894611, 1.0000000, 0.90197861, 8.4056339, 9.5358858, 9.7312117, 9.9154577, 9.9560146, 9.9826107, 19.997478, 19.999350, 19.996866, 19.945004, 0.33405375, 0.34535709, 0.34731123, 0.34915441, 0.34956005, 0.34982607, 0.34998739, 0.34999675, 0.34998435, 0.34972501, 0.90197861
0.29633677, 1.0000000, 0.78382879, 6.1812592, 9.3744307, 9.6115932, 9.8456860, 9.9158726, 9.9664059, 19.996082, 19.998970, 19.991823, 19.926060, 0.31180844, 0.34374052, 0.34611401, 0.34845647, 0.34915853, 0.34966400, 0.34998041, 0.34999484, 0.34995911, 0.34963030, 0.78382879
0.26054406, 1.0000000, 0.65414506, 3.6492128, 9.3075123, 9.5542135, 9.7888298, 9.8788776, 9.9490747, 19.994255, 19.998335, 19.983829, 19.910192, 0.28649089, 0.34307319, 0.34554115, 0.34788808, 0.34878868, 0.34949073, 0.34997126, 0.34999168, 0.34991914, 0.34955096, 0.65414506
0.23708634, 1.0000000, 0.56915337, 2.6290596, 8.1863928, 9.5383034, 9.7619724, 9.8578138, 9.9365025, 19.992466, 19.997324, 19.973124, 19.897369, 0.27629003, 0.33186290, 0.34538242, 0.34761959, 0.34857810, 0.34936500, 0.34996232, 0.34998661, 0.34986562, 0.34948686, 0.56915337
0.21469770, 1.0000000, 0.48803514, 2.0254703, 6.5131207, 9.4986763, 9.7329712, 9.8367825, 9.9239950, 19.990696, 19.995531, 19.960400, 19.887375, 0.27025253, 0.31512702, 0.34498370, 0.34732908, 0.34836748, 0.34923983, 0.34995347, 0.34997767, 0.34980199, 0.34943688, 0.48803514
0.20177826, 1.0000000, 0.44122562, 1.7366052, 5.4057035, 9.5505686, 9.7505913, 9.8430986, 9.9234648, 19.990255, 19.992905, 19.946663, 19.879799, 0.26736510, 0.30405527, 0.34550413, 0.34750560, 0.34843084, 0.34923458, 0.34995127, 0.34996453, 0.34973332, 0.34939900, 0.44122562
0.35248876, 1.0000000, 0.98727810, 9.8196030, 9.9028931, 9.9503222, 9.9897137, 9.9948406, 9.9982710, 19.999992, 19.999998, 19.999983, 19.990009, 0.34819543, 0.34902859, 0.34950304, 0.34989712, 0.34994838, 0.34998271, 0.34999996, 0.34999999, 0.34999990, 0.34995005, 0.98727810
0.34626204, 1.0000000, 0.96471751, 9.4716263, 9.7699680, 9.8768358, 9.9700584, 9.9848289, 9.9945154, 19.999588, 19.999891, 19.999935, 19.985031, 0.34471625, 0.34769967, 0.34876835, 0.34970057, 0.34984830, 0.34994516, 0.34999794, 0.34999946, 0.34999967, 0.34992516, 0.96471751
0.31658134, 1.0000000, 0.85717875, 7.5831647, 9.4473524, 9.6688414, 9.8886938, 9.9415178, 9.9775457, 19.997627, 19.999386, 19.998917, 19.961918, 0.32583165, 0.34447354, 0.34668842, 0.34888694, 0.34941518, 0.34977546, 0.34998813, 0.34999692, 0.34999460, 0.34980959, 0.85717875
0.30456543, 1.0000000, 0.81364286, 6.6321611, 9.5558138, 9.7221727, 9.8820972, 9.9347010, 9.9739399, 19.997501, 19.999355, 19.996069, 19.940825, 0.31632069, 0.34555736, 0.34722134, 0.34882089, 0.34934697, 0.34973940, 0.34998751, 0.34999678, 0.34998035, 0.34970412, 0.81364286
0.28352994, 1.0000000, 0.73742735, 5.1942210, 9.4509544, 9.6554747, 9.8476954, 9.9133663, 9.9644108, 19.996798, 19.999155, 19.990477, 19.922531, 0.30193785, 0.34450480, 0.34655234, 0.34847644, 0.34913343, 0.34964404, 0.34998399, 0.34999579, 0.34995240, 0.34961265, 0.73742735
0.25235575, 1.0000000, 0.62447733, 3.0441613, 9.3228168, 9.5651093, 9.7911558, 9.8784189, 9.9475374, 19.994368, 19.998308, 19.981844, 19.907274, 0.28043687, 0.34321949, 0.34564665, 0.34791064, 0.34878373, 0.34947523, 0.34997183, 0.34999153, 0.34990922, 0.34953636, 0.62447733
0.23043509, 1.0000000, 0.54505467, 2.3757279, 7.8127809, 9.5303249, 9.7570782, 9.8541193, 9.9337320, 19.992128, 19.997047, 19.970617, 19.895073, 0.27375031, 0.32811406, 0.34529486, 0.34756905, 0.34854034, 0.34933701, 0.34996063, 0.34998524, 0.34985310, 0.34947535, 0.54505467
0.20942187, 1.0000000, 0.46891981, 1.8111885, 6.2334676, 9.5024328, 9.7323999, 9.8355694, 9.9221230, 19.989899, 19.994942, 19.957541, 19.885609, 0.26810518, 0.31232083, 0.34501374, 0.34732184, 0.34835461, 0.34922087, 0.34994948, 0.34997469, 0.34978771, 0.34942806, 0.46891981
0.18905661, 1.0000000, 0.39513260, 1.3029784, 4.6390147, 9.4729824, 9.7104597, 9.8194437, 9.9119787, 19.987688, 19.991484, 19.943581, 19.878422, 0.26302317, 0.29637605, 0.34471545, 0.34710166, 0.34819293, 0.34911928, 0.34993845, 0.34995741, 0.34971792, 0.34939212, 0.39513260
0.17073323, 1.0000000, 0.32874358, 0.87993741, 3.1395910, 9.4561777, 9.6958780, 9.8081884, 9.9043846, 19.985451, 19.986252, 19.929697, 19.873070, 0.25879720, 0.28139126, 0.34455478, 0.34695736, 0.34808117, 0.34904361, 0.34992725, 0.34993127, 0.34964848, 0.34936535, 0.32874358
0.15769009, 0.93819225, 0.28148583, 0.53642392, 2.5195479, 8.6955500, 9.6873198, 9.8010931, 9.8991461, 19.983099, 19.978941, 19.916660, 19.869116, 0.25536102, 0.27518639, 0.33693981, 0.34686971, 0.34800917, 0.34899086, 0.34991550, 0.34989470, 0.34958330, 0.34934556, 0.28148583
0.14680651, 0.80676121, 0.24205257, 0.26293397, 2.1025805, 7.8144002, 9.6806145, 9.7957907, 9.8953457, 19.980440, 19.969593, 19.905014, 19.866247, 0.25262722, 0.27101570, 0.32812527, 0.34680149, 0.34795555, 0.34895265, 0.34990221, 0.34984797, 0.34952506, 0.34933123, 0.24205257
0.13625905, 0.67938912, 0.20383713, 0.82379580E-1, 1.6617298, 6.7561264, 9.6499205, 9.7770338, 9.8870249, 19.977886, 19.958738, 19.895088, 19.864183, 0.25082338, 0.26661214, 0.31755075, 0.34649619, 0.34776881, 0.34886974, 0.34988943, 0.34979370, 0.34947544, 0.34932092, 0.20383713
0.12861374, 0.58706379, 0.17613675, 0.0000000, 1.3249606, 5.8588762, 9.6499834, 9.7753515, 9.8845787, 19.973959, 19.946638, 19.886850, 19.862684, 0.24999662, 0.26324195, 0.30857185, 0.34649426, 0.34775069, 0.34884483, 0.34986979, 0.34973317, 0.34943426, 0.34931344, 0.17613675
0.12262553, 0.51474953, 0.15444031, 0.0000000, 1.0400802, 4.9827919, 9.6425514, 9.7702570, 9.8817167, 19.969301, 19.934242, 19.880226, 19.861626, 0.24999662, 0.26039678, 0.29981834, 0.34642178, 0.34770069, 0.34881654, 0.34984651, 0.34967121, 0.34940112, 0.34930813, 0.15444031
0.11732849, 0.45078209, 0.13524815, 0.0000000, 0.80696046, 4.1695094, 9.6380186, 9.7668943, 9.8795042, 19.963264, 19.922123, 19.875015, 19.860849, 0.24999662, 0.25806859, 0.29169247, 0.34637895, 0.34766832, 0.34879485, 0.34981632, 0.34961063, 0.34937507, 0.34930426, 0.13524815
0.35299307, 1.0000000, 0.98910540, 9.9889441, 9.8658457, 9.6490316, 9.7538404, 9.8316469, 9.9045763, 19.956814, 19.911100, 19.871031, 19.860321, 0.34988752, 0.34865728, 0.34648976, 0.34753829, 0.34831640, 0.34904572, 0.34978408, 0.34955549, 0.34935516, 0.34930161, 0.98910540
0.33943290, 1.0000000, 0.93997413, 9.1788979, 9.5655155, 9.6671352, 9.7880478, 9.8546848, 9.9154692, 19.948610, 19.901134, 19.867960, 19.859951, 0.34178257, 0.34565115, 0.34666932, 0.34788007, 0.34854665, 0.34915462, 0.34974307, 0.34950566, 0.34933978, 0.34929976, 0.93997413
0.31706274, 1.0000000, 0.85892290, 7.6348162, 9.4548082, 9.6341085, 9.7891550, 9.8583546, 9.9176970, 19.938757, 19.892408, 19.865622, 19.859663, 0.32633695, 0.34453976, 0.34633684, 0.34789068, 0.34858310, 0.34917682, 0.34969378, 0.34946203, 0.34932810, 0.34929830, 0.85892290
0.29875135, 1.0000000, 0.79257733, 6.2967515, 9.4662781, 9.6446266, 9.7975254, 9.8642435, 9.9195147, 19.928564, 19.885139, 19.863876, 19.859488, 0.31295958, 0.34465563, 0.34644264, 0.34797451, 0.34864208, 0.34919503, 0.34964281, 0.34942570, 0.34931940, 0.34929743, 0.79257733
0.27486050, 1.0000000, 0.70601618, 4.6194239, 9.3967657, 9.6034832, 9.7851324, 9.8580694, 9.9157515, 19.918148, 19.879171, 19.862564, 19.859346, 0.29619315, 0.34396631, 0.34603414, 0.34785119, 0.34858063, 0.34915748, 0.34959075, 0.34939587, 0.34931281, 0.34929675, 0.70601618
0.35597235, 1.0000000, 0.99989980, 9.9988909, 9.9993343, 9.9996653, 9.9999342, 9.9999638, 9.9999876, 19.999992, 19.999998, 19.999998, 19.994993, 0.34998623, 0.34999174, 0.34999585, 0.34999919, 0.34999955, 0.34999985, 0.34999996, 0.34999999, 0.34999999, 0.34997496, 0.99989980
0.35170937, 1.0000000, 0.98445410, 9.9222231, 9.6992559, 9.8349991, 9.9585323, 9.9789028, 9.9924355, 19.999527, 19.999874, 19.999846, 19.980116, 0.34922224, 0.34699255, 0.34834999, 0.34958532, 0.34978902, 0.34992436, 0.34999764, 0.34999937, 0.34999922, 0.34990057, 0.98445410
0.35399175, 1.0000000, 0.99272358, 9.8979349, 9.9434414, 9.9712448, 9.9935169, 9.9967489, 9.9988251, 19.999903, 19.999964, 19.999962, 19.987026, 0.34897658, 0.34943274, 0.34971160, 0.34993500, 0.34996739, 0.34998822, 0.34999952, 0.34999982, 0.34999982, 0.34993511, 0.99272358
0.34558588, 1.0000000, 0.96226758, 9.4269342, 9.7654047, 9.8729095, 9.9697943, 9.9847078, 9.9946852, 19.999821, 19.999939, 19.999203, 19.963797, 0.34426680, 0.34765247, 0.34872830, 0.34969780, 0.34984699, 0.34994683, 0.34999910, 0.34999970, 0.34999603, 0.34981897, 0.96226758
0.33138573, 1.0000000, 0.91081786, 8.5196695, 9.6155138, 9.7760992, 9.9348669, 9.9662743, 9.9880476, 19.999605, 19.999880, 19.996525, 19.942495, 0.33519399, 0.34615329, 0.34776005, 0.34934849, 0.34966266, 0.34988046, 0.34999803, 0.34999940, 0.34998262, 0.34971249, 0.91081786
0.32164142, 1.0000000, 0.87551236, 7.8085370, 9.6266460, 9.7739859, 9.9196339, 9.9570246, 9.9842882, 19.999516, 19.999828, 19.991201, 19.923941, 0.32808405, 0.34626547, 0.34773937, 0.34919626, 0.34957018, 0.34984285, 0.34999758, 0.34999913, 0.34995601, 0.34961969, 0.87551236
0.29344556, 1.0000000, 0.77335346, 5.9464703, 9.4047832, 9.6324348, 9.8548679, 9.9205446, 9.9694471, 19.998276, 19.999323, 19.982880, 19.908442, 0.30946118, 0.34404451, 0.34632266, 0.34854832, 0.34920526, 0.34969440, 0.34999138, 0.34999663, 0.34991440, 0.34954220, 0.77335346
0.27397385, 1.0000000, 0.70280373, 4.5002966, 9.4550791, 9.6525450, 9.8392334, 9.9077988, 9.9626961, 19.998186, 19.998697, 19.971987, 19.896017, 0.29500169, 0.34454918, 0.34652466, 0.34839216, 0.34907791, 0.34962693, 0.34999093, 0.34999350, 0.34985992, 0.34948009, 0.70280373
0.25863773, 1.0000000, 0.64723814, 3.3742990, 9.4761486, 9.6629152, 9.8331184, 9.9011679, 9.9577475, 19.997782, 19.997181, 19.959154, 19.886368, 0.28373992, 0.34475631, 0.34662649, 0.34833065, 0.34901142, 0.34957740, 0.34998891, 0.34998590, 0.34979576, 0.34943184, 0.64723814
0.24879479, 1.0000000, 0.61157531, 2.8720081, 9.1175442, 9.6759396, 9.8351326, 9.9000130, 9.9553242, 19.997631, 19.994442, 19.945326, 19.879040, 0.27871817, 0.34117177, 0.34675744, 0.34835094, 0.34899992, 0.34955317, 0.34998816, 0.34997222, 0.34972662, 0.34939522, 0.61157531
0.23159963, 1.0000000, 0.54927403, 2.4026632, 7.8742695, 9.5829954, 9.7950802, 9.8764534, 9.9442463, 19.996620, 19.989731, 19.931423, 19.873554, 0.27402630, 0.32874203, 0.34582958, 0.34795073, 0.34876451, 0.34944245, 0.34998310, 0.34994864, 0.34965712, 0.34936777, 0.54927403
0.22570957, 1.0000000, 0.52793324, 2.2816896, 7.3160138, 9.6741781, 9.8200254, 9.8874588, 9.9462976, 19.996380, 19.983177, 19.918352, 19.869505, 0.27281621, 0.32315880, 0.34674090, 0.34820008, 0.34887451, 0.34946296, 0.34998190, 0.34991589, 0.34959176, 0.34934753, 0.52793324
0.20922385, 1.0000000, 0.46820238, 1.8472373, 6.1161370, 9.5556278, 9.7767744, 9.8630466, 9.9353638, 19.994694, 19.974207, 19.906559, 19.866541, 0.26846710, 0.31115091, 0.34554812, 0.34776607, 0.34862962, 0.34935337, 0.34997347, 0.34987104, 0.34953278, 0.34933269, 0.46820238
0.19164982, 1.0000000, 0.40452832, 1.4212638, 4.7335453, 9.5055866, 9.7422857, 9.8412123, 9.9244347, 19.992268, 19.963375, 19.896376, 19.864384, 0.26420727, 0.29732472, 0.34504512, 0.34742066, 0.34841102, 0.34924397, 0.34996134, 0.34981686, 0.34948188, 0.34932190, 0.40452832
0.17598072, 1.0000000, 0.34775624, 1.0747075, 3.4290903, 9.4908247, 9.7251062, 9.8285027, 9.9167242, 19.988998, 19.951260, 19.887936, 19.862837, 0.26074100, 0.28427929, 0.34489214, 0.34724775, 0.34828335, 0.34916666, 0.34994501, 0.34975630, 0.34943968, 0.34931418, 0.34775624
0.16434649, 1.0000000, 0.30560318, 0.79126656, 2.7492971, 8.9882927, 9.7170153, 9.8215942, 9.9115753, 19.984346, 19.938540, 19.881104, 19.861750, 0.25790650, 0.27748013, 0.33986190, 0.34716561, 0.34821364, 0.34911498, 0.34992173, 0.34969270, 0.34940553, 0.34930876, 0.30560318
0.15463722, 0.90132546, 0.27042469, 0.54767430, 2.3737609, 8.2101202, 9.7085371, 9.8151331, 9.9070559, 19.977983, 19.925941, 19.875694, 19.860950, 0.25547045, 0.27372125, 0.33207291, 0.34707868, 0.34814796, 0.34906942, 0.34988993, 0.34962970, 0.34937847, 0.34930474, 0.27042469
0.14756137, 0.81587696, 0.24478757, 0.40464103, 2.0923586, 7.5403357, 9.7154741, 9.8178730, 9.9068260, 19.970488, 19.914240, 19.871525, 19.860392, 0.25404009, 0.27090397, 0.32536802, 0.34714562, 0.34817415, 0.34906670, 0.34985244, 0.34957120, 0.34935763, 0.34930196, 0.24478757
0.15717560, 0.93197936, 0.27962178, 1.3194680, 1.9384623, 7.1078787, 9.7503405, 9.8367205, 9.9130516, 19.961452, 19.903725, 19.868332, 19.859985, 0.26318625, 0.26937720, 0.32106516, 0.34749967, 0.34836534, 0.34912989, 0.34980726, 0.34951863, 0.34934166, 0.34929994, 0.27962178
0.15112978, 0.85896951, 0.25771663, 1.1112720, 1.7681092, 6.6759586, 9.7541552, 9.8401232, 9.9140930, 19.950932, 19.894564, 19.865892, 19.859686, 0.26111186, 0.26768026, 0.31675801, 0.34754109, 0.34840101, 0.34914085, 0.34975466, 0.34947282, 0.34932947, 0.34929842, 0.25771663
0.14715374, 0.81095421, 0.24331060, 0.98773241, 1.6573399, 6.3453140, 9.7725306, 9.8506355, 9.9172535, 19.939901, 19.886932, 19.864092, 19.859497, 0.25987479, 0.26657087, 0.31344828, 0.34772381, 0.34850562, 0.34917226, 0.34969950, 0.34943467, 0.34932047, 0.34929749, 0.24331060
0.14116684, 0.73865604, 0.22161898, 0.79858899, 1.4801443, 5.8872762, 9.7531490, 9.8403997, 9.9119701, 19.928392, 19.880629, 19.862736, 19.859352, 0.25798589, 0.26480144, 0.30887276, 0.34753150, 0.34840399, 0.34911969, 0.34964198, 0.34940314, 0.34931368, 0.34929675, 0.22161898
0.13342696, 0.64518875, 0.19357598, 0.56087077, 1.2474090, 5.2861824, 9.7158642, 9.8181896, 9.9005098, 19.916773, 19.875444, 19.861700, 19.859299, 0.25560814, 0.26247334, 0.30286020, 0.34715804, 0.34818161, 0.34900501, 0.34958386, 0.34937721, 0.34930849, 0.34929651, 0.19357598
0.12791844, 0.57866716, 0.17361751, 0.41337311, 1.0843813, 4.7742891, 9.7164040, 9.8156195, 9.8955469, 19.906275, 19.871420, 19.860971, 19.859251, 0.25413260, 0.26084206, 0.29773903, 0.34716246, 0.34815538, 0.34895518, 0.34953138, 0.34935710, 0.34930485, 0.34929627, 0.17361751
0.12311427, 0.52065170, 0.15621114, 0.28781593, 0.94310641, 4.3146110, 9.7183104, 9.8148499, 9.8914995, 19.896801, 19.868254, 19.860424, 19.859222, 0.25287735, 0.25942945, 0.29314244, 0.34718147, 0.34814766, 0.34891471, 0.34948400, 0.34934127, 0.34930211, 0.34929612, 0.15621114
0.11832017, 0.46275774, 0.13884121, 0.17686486, 0.79785287, 3.8220217, 9.7036839, 9.8051090, 9.8844719, 19.888620, 19.865824, 19.860023, 19.859205, 0.25176746, 0.25797528, 0.28821242, 0.34703287, 0.34804910, 0.34884402, 0.34944311, 0.34932911, 0.34930012, 0.34929603, 0.13884121
0.11639879, 0.43955493, 0.13187967, 0.15309751, 0.74724257, 3.5276556, 9.7437563, 9.8254633, 9.8891068, 19.882391, 19.864111, 19.859753, 19.859205, 0.25153014, 0.25746998, 0.28527081, 0.34743437, 0.34825301, 0.34889054, 0.34941196, 0.34932056, 0.34929878, 0.34929603, 0.13187967
0.11417112, 0.41265333, 0.12380838, 0.12784600, 0.67963302, 3.2079163, 9.7426119, 9.8247032, 9.8868980, 19.877316, 19.862844, 19.859606, 19.859205, 0.25127846, 0.25679633, 0.28207916, 0.34742612, 0.34824702, 0.34886897, 0.34938657, 0.34931421, 0.34929803, 0.34929603, 0.12380838
0.11070645, 0.37081373, 0.11125524, 0.51417947E-1, 0.56189597, 2.8941541, 9.5916977, 9.8031588, 9.8767176, 19.872631, 19.861725, 19.859478, 19.859180, 0.25051412, 0.25561860, 0.27894059, 0.34591636, 0.34803125, 0.34876704, 0.34936315, 0.34930861, 0.34929740, 0.34929591, 0.11125524
0.10771962, 0.33474445, 0.10043338, 0.0000000, 0.43983757, 2.6461272, 9.3194494, 9.7843771, 9.8671770, 19.868649, 19.860832, 19.859394, 19.859163, 0.24999353, 0.25439572, 0.27645326, 0.34318885, 0.34784082, 0.34867078, 0.34934324, 0.34930417, 0.34929699, 0.34929582, 0.10043338
0.10566118, 0.30988669, 0.92975304E-1, 0.0000000, 0.34269392, 2.4033694, 9.0222092, 9.7712259, 9.8601341, 19.865847, 19.860271, 19.859348, 19.859144, 0.24999353, 0.25342590, 0.27403009, 0.34021938, 0.34771079, 0.34860083, 0.34932923, 0.34930137, 0.34929675, 0.34929574, 0.92975304E-1
0.10472380, 0.29856667, 0.89578964E-1, 0.0000000, 0.30380487, 2.2918673, 8.8246450, 9.7950478, 9.8674946, 19.864014, 19.859936, 19.859324, 19.859144, 0.24999353, 0.25303668, 0.27291349, 0.33824247, 0.34794828, 0.34867421, 0.34932005, 0.34929967, 0.34929663, 0.34929574, 0.89578964E-1
0.15743223, 0.93507820, 0.28055152, 2.5548995, 2.4333568, 2.2644877, 8.7190981, 9.8296204, 9.8795691, 19.862816, 19.859762, 19.859324, 19.859144, 0.27554858, 0.27433333, 0.27264476, 0.33719090, 0.34829614, 0.34879565, 0.34931409, 0.34929880, 0.34929663, 0.34929574, 0.28055152
0.16077542, 0.97545117, 0.29266462, 2.3005188, 2.1581769, 4.3062515, 9.5240898, 9.8553753, 9.8885403, 19.861929, 19.859619, 19.859324, 19.859144, 0.27300519, 0.27158177, 0.29306251, 0.34524089, 0.34855375, 0.34888542, 0.34930965, 0.34929809, 0.34929663, 0.34929574, 0.29266462
0.15641934, 0.92284650, 0.27688164, 2.1418481, 2.0681353, 3.9213398, 9.7325974, 9.8553791, 9.8884859, 19.861210, 19.859537, 19.859318, 19.859144, 0.27141848, 0.27068135, 0.28921339, 0.34732598, 0.34855378, 0.34888485, 0.34930605, 0.34929770, 0.34929660, 0.34929574, 0.27688164
0.14974910, 0.84229606, 0.25271410, 1.8521518, 1.8990695, 3.6125522, 9.7549524, 9.8406658, 9.8830452, 19.860313, 19.859419, 19.859289, 19.859133, 0.26851881, 0.26898903, 0.28612393, 0.34754866, 0.34840623, 0.34883031, 0.34930158, 0.34929711, 0.34929645, 0.34929568, 0.25271410
0.14622647, 0.79975665, 0.23995098, 1.7112285, 1.8117696, 3.4010642, 9.7802744, 9.8451824, 9.8844757, 19.859997, 19.859402, 19.859276, 19.859133, 0.26710847, 0.26811525, 0.28400835, 0.34780145, 0.34845117, 0.34884456, 0.34929997, 0.34929702, 0.34929639, 0.34929568, 0.23995098
0.15010542, 0.84659910, 0.25400513, 2.1298261, 1.6957730, 3.1750836, 9.7767210, 9.8405800, 9.8827934, 19.859764, 19.859371, 19.859270, 19.859133, 0.27129576, 0.26695654, 0.28174970, 0.34776652, 0.34840545, 0.34882781, 0.34929883, 0.34929687, 0.34929636, 0.34929568, 0.25400513
0.14257243, 0.75563008, 0.22671171, 1.7667711, 1.5155405, 2.9487491, 9.6796808, 9.8251858, 9.8768806, 19.858976, 19.859165, 19.859224, 19.859121, 0.26766238, 0.26515266, 0.27948481, 0.34679505, 0.34825096, 0.34876850, 0.34929487, 0.34929582, 0.34929612, 0.34929562, 0.22671171
0.13538703, 0.66885859, 0.20067765, 1.4199853, 1.3314486, 2.7790933, 9.4870625, 9.8117342, 9.8716669, 19.858358, 19.858971, 19.859177, 19.859116, 0.26419130, 0.26330966, 0.27778590, 0.34486720, 0.34811556, 0.34871608, 0.34929180, 0.34929484, 0.34929588, 0.34929559, 0.20067765
0.12986584, 0.60218418, 0.18067332, 1.1639535, 1.1842549, 2.6293218, 9.2953892, 9.8070288, 9.8698101, 19.858252, 19.858900, 19.859154, 19.859110, 0.26163661, 0.26184076, 0.27629125, 0.34295249, 0.34806955, 0.34869787, 0.34929127, 0.34929448, 0.34929577, 0.34929556, 0.18067332
0.20875020, 1.0000000, 0.46648619, 2.2823036, 5.7191396, 8.8595057, 9.4201117, 9.8254423, 9.8762360, 19.858326, 19.858864, 19.859146, 19.859110, 0.27282017, 0.30718711, 0.33859172, 0.34420040, 0.34825405, 0.34876224, 0.34929162, 0.34929430, 0.34929574, 0.34929556, 0.46648619
0.27487034, 1.0000000, 0.70605195, 5.0761871, 8.6980124, 9.5016594, 9.6975069, 9.8304329, 9.8780441, 19.858238, 19.858852, 19.859123, 19.859104, 0.30076188, 0.33698013, 0.34501660, 0.34697506, 0.34830433, 0.34878045, 0.34929121, 0.34929425, 0.34929562, 0.34929553, 0.70605195
0.25519240, 1.0000000, 0.63475502, 3.1754367, 9.4278908, 9.6129189, 9.7618675, 9.8399458, 9.8814802, 19.858320, 19.858852, 19.859118, 19.859104, 0.28175151, 0.34427381, 0.34612659, 0.34761813, 0.34839919, 0.34881470, 0.34929159, 0.34929425, 0.34929559, 0.34929553, 0.63475502
0.28455865, 1.0000000, 0.74115449, 5.3296728, 9.3436050, 9.6831932, 9.7975988, 9.8525877, 9.8859358, 19.858431, 19.858852, 19.859118, 19.859104, 0.30329674, 0.34343606, 0.34683192, 0.34797600, 0.34852588, 0.34885937, 0.34929216, 0.34929425, 0.34929559, 0.34929553, 0.74115449
0.26418906, 1.0000000, 0.66735172, 3.8270063, 9.4207916, 9.6218920, 9.7855635, 9.8445587, 9.8831091, 19.858238, 19.858835, 19.859093, 19.859098, 0.28826857, 0.34420574, 0.34621778, 0.34785539, 0.34844548, 0.34883106, 0.34929121, 0.34929419, 0.34929547, 0.34929550, 0.66735172
0.25095755, 1.0000000, 0.61941147, 2.9975085, 9.1953840, 9.6411295, 9.7910728, 9.8466234, 9.8839941, 19.858416, 19.858852, 19.859093, 19.859098, 0.27997279, 0.34194961, 0.34640908, 0.34791028, 0.34846598, 0.34883985, 0.34929207, 0.34929425, 0.34929547, 0.34929550, 0.61941147
0.24398164, 1.0000000, 0.59413636, 2.8352766, 8.6059885, 9.6738739, 9.8032675, 9.8528395, 9.8861856, 19.858555, 19.858852, 19.859093, 19.859098, 0.27834883, 0.33605272, 0.34673473, 0.34803188, 0.34852797, 0.34886172, 0.34929278, 0.34929425, 0.34929547, 0.34929550, 0.59413636
0.23379998, 1.0000000, 0.55724627, 2.5826840, 7.8160996, 9.6356688, 9.7939005, 9.8480978, 9.8846712, 19.858566, 19.858852, 19.859093, 19.859098, 0.27582666, 0.32816067, 0.34635648, 0.34793898, 0.34848094, 0.34884670, 0.34929281, 0.34929425, 0.34929547, 0.34929550, 0.55724627
0.22395973, 1.0000000, 0.52159315, 2.3486166, 7.0244522, 9.6244841, 9.7881193, 9.8450012, 9.8836727, 19.858566, 19.858852, 19.859093, 19.859098, 0.27348518, 0.32024273, 0.34624362, 0.34788096, 0.34844989, 0.34883669, 0.34929281, 0.34929425, 0.34929547, 0.34929550, 0.52159315
0.21364732, 1.0000000, 0.48422939, 2.1092236, 6.1840444, 9.6139736, 9.7808084, 9.8409605, 9.8823309, 19.858566, 19.858852, 19.859093, 19.859098, 0.27109161, 0.31183934, 0.34613886, 0.34780791, 0.34840950, 0.34882328, 0.34929281, 0.34929425, 0.34929547, 0.34929550, 0.48422939
0.20517777, 1.0000000, 0.45354262, 1.9229859, 5.4654422, 9.6261101, 9.7829390, 9.8418999, 9.8826456, 19.858566, 19.858852, 19.859093, 19.859098, 0.26922870, 0.30465242, 0.34625933, 0.34782904, 0.34841883, 0.34882641, 0.34929281, 0.34929425, 0.34929547, 0.34929550, 0.45354262
0.19640592, 1.0000000, 0.42176050, 1.7289758, 4.7420044, 9.6018887, 9.7767582, 9.8387051, 9.8815718, 19.858566, 19.858852, 19.859093, 19.859098, 0.26728928, 0.29741928, 0.34601811, 0.34776744, 0.34838697, 0.34881568, 0.34929281, 0.34929425, 0.34929547, 0.34929550, 0.42176050
0.19277522, 1.0000000, 0.40860584, 1.6705453, 4.3524113, 9.6944952, 9.8049335, 9.8533392, 9.8864794, 19.858566, 19.858852, 19.859093, 19.859098, 0.26670149, 0.29351792, 0.34693807, 0.34804794, 0.34853271, 0.34886456, 0.34929281, 0.34929425, 0.34929547, 0.34929550, 0.40860584
0.18886825, 1.0000000, 0.39445022, 1.5838832, 4.0157719, 9.7084713, 9.8156033, 9.8592367, 9.8882427, 19.858398, 19.858828, 19.859089, 19.859098, 0.26583689, 0.29015481, 0.34708115, 0.34815532, 0.34859201, 0.34888232, 0.34929198, 0.34929413, 0.34929544, 0.34929550, 0.39445022
0.18660656, 1.0000000, 0.38625562, 1.5336335, 3.7993083, 9.7566519, 9.8331175, 9.8684130, 9.8910112, 19.858189, 19.858805, 19.859066, 19.859098, 0.26533613, 0.28799278, 0.34756613, 0.34833109, 0.34868410, 0.34891012, 0.34929094, 0.34929401, 0.34929532, 0.34929550, 0.38625562
0.18318099, 1.0000000, 0.37384415, 1.4433831, 3.5443277, 9.7403545, 9.8334846, 9.8687038, 9.8907499, 19.857912, 19.858709, 19.859066, 19.859098, 0.26443312, 0.28544220, 0.34740210, 0.34833455, 0.34868690, 0.34890744, 0.34928957, 0.34929353, 0.34929532, 0.34929550, 0.37384415
0.17810103, 1.0000000, 0.35543850, 1.3044894, 3.1871786, 9.6952791, 9.8207321, 9.8620615, 9.8881454, 19.857506, 19.858599, 19.859030, 19.859098, 0.26304257, 0.28186840, 0.34694764, 0.34820628, 0.34862009, 0.34888127, 0.34928754, 0.34929299, 0.34929514, 0.34929550, 0.35543850
0.17493340, 1.0000000, 0.34396163, 1.2094051, 2.9838026, 9.6522303, 9.8271904, 9.8651085, 9.8888922, 19.857157, 19.858547, 19.859018, 19.859098, 0.26209179, 0.27983469, 0.34651691, 0.34827080, 0.34865052, 0.34888875, 0.34928578, 0.34929273, 0.34929508, 0.34929550, 0.34396163
0.17105553, 1.0000000, 0.32991126, 1.0775059, 2.8569221, 9.4104996, 9.8185654, 9.8604870, 9.8870420, 19.856752, 19.858469, 19.858963, 19.859087, 0.26077369, 0.27856702, 0.34410137, 0.34818491, 0.34860447, 0.34887031, 0.34928375, 0.34929234, 0.34929481, 0.34929544, 0.32991126
0.16781402, 1.0000000, 0.31816670, 0.97914338, 2.7476370, 9.1752672, 9.8158951, 9.8589478, 9.8866167, 19.856775, 19.858461, 19.858929, 19.859087, 0.25978950, 0.27747312, 0.34174722, 0.34815779, 0.34858888, 0.34886596, 0.34928387, 0.34929231, 0.34929463, 0.34929544, 0.31816670
0.16282240, 1.0000000, 0.30008113, 0.84104836, 2.5648980, 8.8014212, 9.7926178, 9.8468084, 9.8826227, 19.856752, 19.858444, 19.858887, 19.859081, 0.25840861, 0.27564555, 0.33800834, 0.34792486, 0.34846744, 0.34882602, 0.34928375, 0.34929222, 0.34929442, 0.34929541, 0.30008113
0.15895037, 0.95341158, 0.28605208, 0.74534118, 2.4236469, 8.4682083, 9.7883053, 9.8442755, 9.8820429, 19.856962, 19.858492, 19.858875, 19.859081, 0.25745219, 0.27423409, 0.33467790, 0.34788209, 0.34844229, 0.34882027, 0.34928483, 0.34929246, 0.34929436, 0.34929541, 0.28605208
0.15307550, 0.88246608, 0.26476631, 0.58332980, 2.2116690, 8.0197353, 9.7653637, 9.8318739, 9.8775120, 19.856527, 19.858385, 19.858828, 19.859064, 0.25583172, 0.27211311, 0.33019087, 0.34765205, 0.34831795, 0.34877485, 0.34928262, 0.34929192, 0.34929413, 0.34929532, 0.26476631
0.14714265, 0.81082040, 0.24327046, 0.44373572, 1.9895673, 7.5026741, 9.7444935, 9.8200665, 9.8733521, 19.856386, 19.858318, 19.858805, 19.859051, 0.25443530, 0.26989010, 0.32501626, 0.34744224, 0.34819931, 0.34873307, 0.34928194, 0.34929159, 0.34929401, 0.34929526, 0.24327046
0.14367454, 0.76893920, 0.23070483, 0.37981272, 1.8626601, 7.1265306, 9.7591286, 9.8272362, 9.8760548, 19.856703, 19.858383, 19.858805, 19.859045, 0.25379726, 0.26862404, 0.32126042, 0.34758994, 0.34827167, 0.34876031, 0.34928352, 0.34929192, 0.34929401, 0.34929523, 0.23070483
0.14094187, 0.73593926, 0.22080387, 0.34472346, 1.7577261, 6.7895994, 9.7684345, 9.8325300, 9.8783188, 19.857227, 19.858423, 19.858805, 19.859045, 0.25344718, 0.26757708, 0.31789568, 0.34768426, 0.34832525, 0.34878317, 0.34928614, 0.34929210, 0.34929401, 0.34929523, 0.22080387
0.13725068, 0.69136411, 0.20742998, 0.29725730, 1.6088486, 6.3582225, 9.7523003, 9.8244038, 9.8758583, 19.857588, 19.858423, 19.858805, 19.859045, 0.25297245, 0.26608807, 0.31358141, 0.34752277, 0.34824392, 0.34875855, 0.34928793, 0.34929210, 0.34929401, 0.34929523, 0.20742998
0.13306227, 0.64078462, 0.19225462, 0.24651289, 1.4412403, 5.8561926, 9.7323980, 9.8134460, 9.8721972, 19.857857, 19.858423, 19.858805, 19.859045, 0.25246495, 0.26441181, 0.30856073, 0.34732360, 0.34813425, 0.34872192, 0.34928930, 0.34929210, 0.34929401, 0.34929523, 0.19225462
0.13100520, 0.61594325, 0.18480146, 0.22675395, 1.3708681, 5.5593348, 9.7609320, 9.8283682, 9.8773994, 19.858021, 19.858423, 19.858805, 19.859045, 0.25226694, 0.26370656, 0.30558905, 0.34760779, 0.34828293, 0.34877372, 0.34929010, 0.34929210, 0.34929401, 0.34929523, 0.18480146
0.13020931, 0.60633194, 0.18191777, 0.22144616, 1.3530165, 5.4099302, 9.8005333, 9.8498106, 9.8848515, 19.858156, 19.858423, 19.858805, 19.859045, 0.25221401, 0.26352850, 0.30409595, 0.34800410, 0.34849751, 0.34884831, 0.34929079, 0.34929210, 0.34929401, 0.34929523, 0.18191777
0.12873006, 0.58846843, 0.17655818, 0.20105243, 1.3021231, 5.2207990, 9.8054810, 9.8533535, 9.8861065, 19.858133, 19.858423, 19.858805, 19.859045, 0.25201020, 0.26301995, 0.30220544, 0.34805387, 0.34853306, 0.34886092, 0.34929067, 0.34929210, 0.34929401, 0.34929523, 0.17655818
0.12562436, 0.55096370, 0.16530564, 0.15445054, 1.1809379, 4.8773394, 9.7691221, 9.8346796, 9.8797283, 19.857998, 19.858423, 19.858805, 19.859039, 0.25154439, 0.26180878, 0.29877219, 0.34769076, 0.34834656, 0.34879720, 0.34928998, 0.34929210, 0.34929401, 0.34929520, 0.16530564
0.12261958, 0.51467770, 0.15441875, 0.99298358E-1, 1.0751843, 4.5511055, 9.7579803, 9.8281832, 9.8772554, 19.857714, 19.858377, 19.858805, 19.859034, 0.25099251, 0.26074865, 0.29550433, 0.34757692, 0.34828037, 0.34877208, 0.34928858, 0.34929189, 0.34929401, 0.34929517, 0.15441875
0.11956665, 0.47781029, 0.14335743, 0.33849478E-1, 0.97370744, 4.2358098, 9.7549362, 9.8259335, 9.8761044, 19.857304, 19.858324, 19.858805, 19.859028, 0.25033829, 0.25973344, 0.29235020, 0.34754574, 0.34825748, 0.34876043, 0.34928653, 0.34929162, 0.34929401, 0.34929514, 0.14335743
0.11740284, 0.45167994, 0.13551754, 0.0000000, 0.89132190, 3.9868765, 9.7691298, 9.8330326, 9.8780289, 19.856718, 19.858200, 19.858805, 19.859022, 0.24999981, 0.25891009, 0.28986174, 0.34768787, 0.34832859, 0.34877971, 0.34928358, 0.34929100, 0.34929401, 0.34929511, 0.13551754
0.11576570, 0.43190968, 0.12958586, 0.0000000, 0.80575049, 3.7603302, 9.7773228, 9.8373184, 9.8789606, 19.856012, 19.858072, 19.858757, 19.859016, 0.24999981, 0.25805476, 0.28759694, 0.34776992, 0.34837151, 0.34878904, 0.34928006, 0.34929037, 0.34929377, 0.34929508, 0.12958586
0.11467169, 0.41869837, 0.12562208, 0.0000000, 0.75031519, 3.6002178, 9.7992601, 9.8488340, 9.8826485, 19.855736, 19.858061, 19.858757, 19.859011, 0.24999981, 0.25750273, 0.28600115, 0.34799203, 0.34848806, 0.34882638, 0.34927869, 0.34929031, 0.34929377, 0.34929505, 0.12562208
0.11268278, 0.39468011, 0.11841588, 0.0000000, 0.66401064, 3.3033187, 9.7573872, 9.8273163, 9.8757076, 19.856060, 19.858183, 19.858757, 19.859005, 0.24999981, 0.25663939, 0.28303140, 0.34757283, 0.34827262, 0.34875691, 0.34928030, 0.34929091, 0.34929377, 0.34929502, 0.11841588
0.11028804, 0.36576095, 0.10973926, 0.0000000, 0.54675937, 2.9852839, 9.6444702, 9.8050623, 9.8676977, 19.855801, 19.858120, 19.858757, 19.858986, 0.24999981, 0.25546533, 0.27984664, 0.34644067, 0.34804860, 0.34867629, 0.34927899, 0.34929061, 0.34929377, 0.34929493, 0.10973926
0.10824312, 0.34106639, 0.10233016, 0.0000000, 0.44602454, 2.7470291, 9.3832474, 9.7851009, 9.8605032, 19.856031, 19.858183, 19.858757, 19.858980, 0.24999981, 0.25445864, 0.27746528, 0.34382904, 0.34784922, 0.34860444, 0.34928015, 0.34929091, 0.34929377, 0.34929490, 0.10233016
0.10651112, 0.32015064, 0.96054800E-1, 0.0000000, 0.36713481, 2.5389075, 9.1219292, 9.7790384, 9.8580608, 19.856297, 19.858219, 19.858757, 19.858974, 0.24999981, 0.25367066, 0.27538672, 0.34121761, 0.34778950, 0.34858030, 0.34928149, 0.34929109, 0.34929377, 0.34929487, 0.96054800E-1
0.10444061, 0.29514688, 0.88552922E-1, 0.0000000, 0.27072728, 2.2949815, 8.8144073, 9.7636681, 9.8518600, 19.856079, 19.858177, 19.858709, 19.858963, 0.24999981, 0.25270650, 0.27294651, 0.33814153, 0.34763527, 0.34851813, 0.34928039, 0.34929088, 0.34929353, 0.34929481, 0.88552922E-1
0.10281681, 0.27553779, 0.82669601E-1, 0.0000000, 0.19114017, 2.1146326, 8.5459690, 9.7691956, 9.8531818, 19.855688, 19.858051, 19.858662, 19.858946, 0.24999981, 0.25191122, 0.27114531, 0.33545884, 0.34769148, 0.34853166, 0.34927845, 0.34929025, 0.34929329, 0.34929472, 0.82669601E-1
0.10122731, 0.25634280, 0.76910533E-1, 0.0000000, 0.11445284, 1.9379139, 8.2769537, 9.7693996, 9.8528805, 19.855242, 19.857916, 19.858614, 19.858929, 0.24999981, 0.25114435, 0.26937771, 0.33276832, 0.34769326, 0.34852856, 0.34927621, 0.34928960, 0.34929305, 0.34929463, 0.76910533E-1
0.99502124E-1, 0.23550937, 0.70659876E-1, 0.0000000, 0.37556887E-1, 1.7375588, 7.9729309, 9.7570839, 9.8479462, 19.854681, 19.857788, 19.858566, 19.858923, 0.24999981, 0.25037539, 0.26737127, 0.32972535, 0.34756842, 0.34847865, 0.34927341, 0.34928894, 0.34929281, 0.34929460, 0.70659876E-1
0.98577879E-1, 0.22434807, 0.67311153E-1, 0.0000000, 0.0000000, 1.6307235, 7.7520676, 9.7789698, 9.8558931, 19.854786, 19.857811, 19.858566, 19.858923, 0.24999981, 0.24999824, 0.26630601, 0.32751951, 0.34778896, 0.34855869, 0.34927392, 0.34928906, 0.34929281, 0.34929460, 0.67311153E-1
0.98107725E-1, 0.21867044, 0.65607697E-1, 0.0000000, 0.0000000, 1.5512556, 7.5736299, 9.7955952, 9.8626318, 19.855135, 19.857916, 19.858566, 19.858923, 0.24999981, 0.24999824, 0.26550901, 0.32573280, 0.34795371, 0.34862557, 0.34927568, 0.34928960, 0.34929281, 0.34929460, 0.65607697E-1
0.10519443, 0.30425018, 0.91284186E-1, 0.56142509, 0.0000000, 1.4324039, 7.3703732, 9.7916021, 9.8608942, 19.854273, 19.857668, 19.858515, 19.858923, 0.25561392, 0.24999824, 0.26432380, 0.32370347, 0.34791583, 0.34860888, 0.34927136, 0.34928834, 0.34929258, 0.34929460, 0.91284186E-1
0.10268445, 0.27393934, 0.82190022E-1, 0.41070879, 0.0000000, 1.3601035, 7.2097692, 9.8053722, 9.8659458, 19.854225, 19.857647, 19.858566, 19.858923, 0.25410458, 0.24999824, 0.26359856, 0.32209507, 0.34805194, 0.34865886, 0.34927112, 0.34928823, 0.34929281, 0.34929460, 0.82190022E-1
0.10015108, 0.24334614, 0.73011145E-1, 0.26288331, 0.0000000, 1.2752593, 7.0391622, 9.8042641, 9.8657980, 19.854193, 19.857622, 19.858561, 19.858923, 0.25262645, 0.24999824, 0.26274914, 0.32038781, 0.34803998, 0.34865707, 0.34927097, 0.34928811, 0.34929281, 0.34929460, 0.73011145E-1
0.99104673E-1, 0.23070963, 0.69219813E-1, 0.20834208, 0.0000000, 1.2296855, 6.9069605, 9.8175077, 9.8711262, 19.854910, 19.857800, 19.858566, 19.858923, 0.25208044, 0.24999824, 0.26229158, 0.31906369, 0.34817088, 0.34870985, 0.34927455, 0.34928900, 0.34929281, 0.34929460, 0.69219813E-1
0.97768545E-1, 0.21457453, 0.64378798E-1, 0.14134645, 0.0000000, 1.1613965, 6.7522988, 9.8101425, 9.8690929, 19.855358, 19.857941, 19.858566, 19.858923, 0.25141183, 0.24999824, 0.26160997, 0.31751835, 0.34809807, 0.34868979, 0.34927678, 0.34928972, 0.34929281, 0.34929460, 0.64378798E-1
0.96388131E-1, 0.19790456, 0.59377305E-1, 0.76723099E-1, 0.0000000, 1.0806501, 6.5684137, 9.7988386, 9.8652716, 19.855688, 19.858040, 19.858566, 19.858923, 0.25076687, 0.24999824, 0.26080504, 0.31568235, 0.34798706, 0.34865227, 0.34927845, 0.34929019, 0.34929281, 0.34929460, 0.59377305E-1
0.95121592E-1, 0.18260969, 0.54788388E-1, 0.10016561E-1, 0.0000000, 1.0258853, 6.4191318, 9.8092842, 9.8687878, 19.855713, 19.858023, 19.858566, 19.858923, 0.25010008, 0.24999824, 0.26025590, 0.31418765, 0.34809005, 0.34868693, 0.34927857, 0.34929010, 0.34929281, 0.34929460, 0.54788388E-1
0.94674692E-1, 0.17721286, 0.53169176E-1, 0.0000000, 0.0000000, 0.97674429, 6.2874146, 9.8171997, 9.8715553, 19.855629, 19.857965, 19.858566, 19.858923, 0.24999978, 0.24999824, 0.25976461, 0.31287050, 0.34816918, 0.34871459, 0.34927815, 0.34928983, 0.34929281, 0.34929460, 0.53169176E-1
0.93973905E-1, 0.16875015, 0.50630108E-1, 0.0000000, 0.0000000, 0.85630119, 6.0628529, 9.7821398, 9.8582182, 19.854380, 19.857645, 19.858503, 19.858892, 0.24999978, 0.24999824, 0.25856051, 0.31062499, 0.34781855, 0.34858122, 0.34927189, 0.34928823, 0.34929252, 0.34929445, 0.50630108E-1
0.93163379E-1, 0.15896216, 0.47693416E-1, 0.0000000, 0.0000000, 0.72304606, 5.7692161, 9.7480211, 9.8444796, 19.853401, 19.857416, 19.858503, 19.858862, 0.24999978, 0.24999824, 0.25722855, 0.30768913, 0.34747764, 0.34844393, 0.34926701, 0.34928709, 0.34929252, 0.34929430, 0.47693416E-1
0.92300907E-1, 0.14854681, 0.44568501E-1, 0.0000000, 0.0000000, 0.59090555, 5.4041982, 9.7182846, 9.8317242, 19.853058, 19.857334, 19.858534, 19.858839, 0.24999978, 0.24999824, 0.25590864, 0.30404124, 0.34718215, 0.34831700, 0.34926528, 0.34928668, 0.34929267, 0.34929419, 0.44568501E-1
0.91823809E-1, 0.14278534, 0.42839885E-1, 0.0000000, 0.0000000, 0.52910745, 5.1246147, 9.7417078, 9.8402462, 19.853914, 19.857590, 19.858566, 19.858833, 0.24999978, 0.24999824, 0.25528970, 0.30124351, 0.34741458, 0.34840164, 0.34926957, 0.34928796, 0.34929281, 0.34929416, 0.42839885E-1
0.10827729, 0.34147900, 0.10245395, 1.2134075, 0.0000000, 0.49300492, 4.9336348, 9.7771339, 9.8541813, 19.854490, 19.857723, 19.858566, 19.858828, 0.26213309, 0.24999824, 0.25492993, 0.29933611, 0.34777111, 0.34854171, 0.34927246, 0.34928861, 0.34929281, 0.34929413, 0.10245395
0.13684590, 0.68647605, 0.20596342, 2.7265847, 0.95385611, 0.46527088, 4.7992373, 9.8065205, 9.8658381, 19.854786, 19.857800, 19.858566, 19.858828, 0.27726567, 0.25953853, 0.25465271, 0.29799235, 0.34806517, 0.34865838, 0.34927392, 0.34928900, 0.34929281, 0.34929413, 0.20596342
0.13240191, 0.63281006, 0.18986200, 2.4666815, 0.87566972, 0.43548942, 4.6867719, 9.8218098, 9.8719988, 19.854864, 19.857811, 19.858566, 19.858828, 0.27466619, 0.25875658, 0.25435486, 0.29686767, 0.34821799, 0.34871995, 0.34927434, 0.34928906, 0.34929281, 0.34929413, 0.18986200
0.12789562, 0.57839161, 0.17353484, 2.2006333, 0.79932213, 0.40772259, 4.5799417, 9.8278074, 9.8746891, 19.855074, 19.857859, 19.858566, 19.858828, 0.27200440, 0.25799280, 0.25407711, 0.29579920, 0.34827781, 0.34874681, 0.34927538, 0.34928930, 0.34929281, 0.34929413, 0.17353484
0.12335891, 0.52360594, 0.15709750, 1.9611716, 0.68485141, 0.36747754, 4.4463987, 9.8134222, 9.8699236, 19.855032, 19.857859, 19.858566, 19.858828, 0.26960945, 0.25684804, 0.25367466, 0.29446369, 0.34813389, 0.34869912, 0.34927517, 0.34928930, 0.34929281, 0.34929413, 0.15709750
0.11913615, 0.47261155, 0.14179765, 1.7142504, 0.61162114, 0.33899546, 4.3308992, 9.8215151, 9.8728046, 19.855118, 19.857904, 19.858566, 19.858828, 0.26714081, 0.25611585, 0.25338987, 0.29330873, 0.34821486, 0.34872797, 0.34927559, 0.34928954, 0.34929281, 0.34929413, 0.14179765
0.11397210, 0.41024998, 0.12308730, 1.4219224, 0.51003397, 0.29505193, 4.2092028, 9.8214474, 9.8723192, 19.854519, 19.857752, 19.858540, 19.858828, 0.26421380, 0.25509918, 0.25295019, 0.29209107, 0.34821334, 0.34872282, 0.34927261, 0.34928876, 0.34929270, 0.34929413, 0.12308730
0.10652909, 0.32036757, 0.96119888E-1, 1.0097593, 0.35074055, 0.22139251, 4.0574536, 9.8071012, 9.8660002, 19.852846, 19.857317, 19.858450, 19.858828, 0.26009294, 0.25350642, 0.25221363, 0.29057342, 0.34806967, 0.34865955, 0.34926423, 0.34928659, 0.34929225, 0.34929413, 0.96119888E-1
0.10337976, 0.28233609, 0.84709294E-1, 0.84053874, 0.27976334, 0.18711984, 3.9466252, 9.8239031, 9.8719091, 19.852894, 19.857328, 19.858492, 19.858828, 0.25840041, 0.25279665, 0.25187087, 0.28946486, 0.34823731, 0.34871849, 0.34926447, 0.34928665, 0.34929246, 0.34929413, 0.84709294E-1
0.15201366, 0.86964315, 0.26091903, 2.3776979, 2.3057878, 2.1730275, 6.8566427, 9.8413782, 9.8782034, 19.853199, 19.857416, 19.858545, 19.858828, 0.27377614, 0.27305740, 0.27173004, 0.31856629, 0.34841368, 0.34878200, 0.34926599, 0.34928709, 0.34929273, 0.34929413, 0.26091903
0.22968699, 1.0000000, 0.54234415, 2.8100729, 7.1050496, 9.3473778, 9.5855370, 9.8554773, 9.8833694, 19.853697, 19.857540, 19.858566, 19.858828, 0.27810043, 0.32105005, 0.34347349, 0.34585530, 0.34855476, 0.34883368, 0.34926850, 0.34928769, 0.34929281, 0.34929413, 0.54234415
0.32236591, 1.0000000, 0.87813729, 8.0164633, 9.4614229, 9.6310539, 9.7571812, 9.8617172, 9.8854599, 19.853872, 19.857571, 19.858566, 19.858828, 0.33016446, 0.34461412, 0.34631050, 0.34757182, 0.34861717, 0.34885460, 0.34926936, 0.34928787, 0.34929281, 0.34929413, 0.87813729
0.30731693, 1.0000000, 0.82361203, 6.8894625, 9.5060959, 9.6597948, 9.7866154, 9.8548431, 9.8825188, 19.853218, 19.857399, 19.858526, 19.858828, 0.31889164, 0.34505847, 0.34659669, 0.34786588, 0.34854832, 0.34882516, 0.34926608, 0.34928700, 0.34929264, 0.34929413, 0.82361203
0.29253361, 1.0000000, 0.77004927, 5.8133049, 9.5110455, 9.6665382, 9.7921658, 9.8493204, 9.8802252, 19.852623, 19.857250, 19.858509, 19.858828, 0.30812892, 0.34510639, 0.34666333, 0.34792125, 0.34849301, 0.34880221, 0.34926313, 0.34928626, 0.34929255, 0.34929413, 0.77004927
0.27688974, 1.0000000, 0.71336859, 4.6948099, 9.4917412, 9.6559601, 9.7884665, 9.8439703, 9.8782129, 19.852234, 19.857157, 19.858515, 19.858828, 0.29694456, 0.34491313, 0.34655741, 0.34788421, 0.34843948, 0.34878203, 0.34926116, 0.34928578, 0.34929258, 0.34929413, 0.71336859
0.30808765, 1.0000000, 0.82640451, 6.8235641, 9.6599569, 9.7497702, 9.8203630, 9.8594427, 9.8844357, 19.853376, 19.857477, 19.858566, 19.858828, 0.31823424, 0.34659839, 0.34749711, 0.34820351, 0.34859437, 0.34884432, 0.34926689, 0.34928739, 0.34929281, 0.34929413, 0.82640451
0.30006802, 1.0000000, 0.79734790, 6.2578559, 9.6374054, 9.7430191, 9.8235340, 9.8611145, 9.8849554, 19.853514, 19.857529, 19.858566, 19.858828, 0.31257653, 0.34637219, 0.34742925, 0.34823516, 0.34861106, 0.34884953, 0.34926757, 0.34928763, 0.34929281, 0.34929413, 0.79734790
0.29550475, 1.0000000, 0.78081423, 5.8824234, 9.6941109, 9.7754660, 9.8358774, 9.8675213, 9.8873186, 19.853945, 19.857634, 19.858566, 19.858828, 0.30882254, 0.34693941, 0.34775379, 0.34835860, 0.34867513, 0.34887317, 0.34926972, 0.34928817, 0.34929281, 0.34929413, 0.78081423
0.28936803, 1.0000000, 0.75857979, 5.4503508, 9.6763039, 9.7685947, 9.8368025, 9.8681126, 9.8874474, 19.854033, 19.857622, 19.858566, 19.858828, 0.30450216, 0.34676161, 0.34768522, 0.34836787, 0.34868106, 0.34887445, 0.34927016, 0.34928811, 0.34929281, 0.34929413, 0.75857979
0.27616489, 1.0000000, 0.71074241, 4.6300368, 9.5012245, 9.6708155, 9.8074236, 9.8529959, 9.8820658, 19.853601, 19.857492, 19.858534, 19.858828, 0.29630023, 0.34501210, 0.34670806, 0.34807420, 0.34852996, 0.34882066, 0.34926802, 0.34928745, 0.34929267, 0.34929413, 0.71074241
0.25671080, 1.0000000, 0.64025646, 3.2718620, 9.4407091, 9.6276150, 9.7820187, 9.8392181, 9.8768387, 19.852671, 19.857250, 19.858479, 19.858828, 0.28271729, 0.34440476, 0.34627497, 0.34781995, 0.34839207, 0.34876835, 0.34926337, 0.34928626, 0.34929240, 0.34929413, 0.64025646
0.26743573, 1.0000000, 0.67911500, 3.9014688, 9.6303921, 9.7325726, 9.8132105, 9.8551502, 9.8831081, 19.853577, 19.857517, 19.858566, 19.858828, 0.28901255, 0.34630075, 0.34732413, 0.34813178, 0.34855136, 0.34883103, 0.34926790, 0.34928757, 0.34929281, 0.34929413, 0.67911500
0.24988002, 1.0000000, 0.61550730, 2.9652596, 9.1507349, 9.5844574, 9.7609243, 9.8275557, 9.8719063, 19.851349, 19.856939, 19.858389, 19.858805, 0.27965221, 0.34150663, 0.34584418, 0.34760916, 0.34827551, 0.34871906, 0.34925675, 0.34928471, 0.34929195, 0.34929401, 0.61550730
0.23209649, 1.0000000, 0.55107421, 2.4204314, 7.9304137, 9.5521212, 9.7390194, 9.8146305, 9.8669453, 19.850441, 19.856668, 19.858307, 19.858805, 0.27420321, 0.32930195, 0.34551990, 0.34738994, 0.34814620, 0.34866941, 0.34925219, 0.34928334, 0.34929153, 0.34929401, 0.55107421
0.22346514, 1.0000000, 0.51980120, 2.2038193, 7.2078958, 9.6275635, 9.7652102, 9.8279772, 9.8725204, 19.851486, 19.856960, 19.858383, 19.858805, 0.27203712, 0.32207683, 0.34627420, 0.34765181, 0.34827963, 0.34872514, 0.34925744, 0.34928480, 0.34929192, 0.34929401, 0.51980120
0.25241381, 1.0000000, 0.62468767, 2.9888721, 9.3346243, 9.7383423, 9.8078432, 9.8510561, 9.8815126, 19.852940, 19.857317, 19.858423, 19.858805, 0.27988783, 0.34334460, 0.34738258, 0.34807825, 0.34851047, 0.34881511, 0.34926468, 0.34928659, 0.34929210, 0.34929401, 0.62468767
0.25194490, 1.0000000, 0.62298870, 2.9561043, 9.3127089, 9.7717791, 9.8295488, 9.8634548, 9.8864059, 19.854061, 19.857574, 19.858423, 19.858805, 0.27956092, 0.34312683, 0.34771767, 0.34829545, 0.34863454, 0.34886405, 0.34927031, 0.34928787, 0.34929210, 0.34929401, 0.62298870
0.35599869, 1.0000000, 0.99999523, 9.9999542, 9.9999723, 9.9999876, 9.9999990, 9.9999990, 9.9999990, 19.999998, 19.999998, 19.999998, 19.996996, 0.34999934, 0.34999961, 0.34999982, 0.34999999, 0.34999999, 0.34999999, 0.34999999, 0.34999999, 0.34999999, 0.34998497, 0.99999523
0.35599971, 1.0000000, 0.99999887, 9.9999990, 9.9999990, 9.9999990, 9.9999990, 9.9999990, 9.9999990, 19.999998, 19.999998, 19.999998, 19.998999, 0.34999985, 0.34999990, 0.34999993, 0.34999999, 0.34999999, 0.34999999, 0.34999999, 0.34999999, 0.34999999, 0.34999499, 0.99999887
0.35600001, 1.0000000, 1.0000000, 9.9999990, 9.9999990, 9.9999990, 9.9999990, 9.9999990, 9.9999990, 19.999998, 19.999998, 19.999998, 19.998999, 0.34999999, 0.34999999, 0.34999999, 0.34999999, 0.34999999, 0.34999999, 0.34999999, 0.34999999, 0.34999999, 0.34999499, 1.0000000
0.35599965, 1.0000000, 0.99999875, 9.9999990, 9.9999990, 9.9999990, 9.9999990, 9.9999990, 9.9999990, 19.999998, 19.999998, 19.999998, 19.998999, 0.34999982, 0.34999990, 0.34999993, 0.34999999, 0.34999999, 0.34999999, 0.34999999, 0.34999999, 0.34999999, 0.34999499, 0.99999875
0.34750998, 1.0000000, 0.96923894, 9.5855951, 9.7401896, 9.8599567, 9.9625320, 9.9809294, 9.9926615, 19.999010, 19.999748, 19.999794, 19.979700, 0.34585577, 0.34740180, 0.34859949, 0.34962532, 0.34980929, 0.34992662, 0.34999505, 0.34999874, 0.34999898, 0.34989852, 0.96923894
0.33043802, 1.0000000, 0.90738404, 8.4945316, 9.5628614, 9.7435894, 9.9114752, 9.9535789, 9.9810925, 19.996792, 19.999165, 19.998425, 19.956938, 0.33494034, 0.34562525, 0.34743419, 0.34911439, 0.34953561, 0.34981087, 0.34998396, 0.34999582, 0.34999213, 0.34978467, 0.90738404
0.30105734, 1.0000000, 0.80093241, 6.5059838, 9.3976631, 9.6246443, 9.8359947, 9.9098597, 9.9608898, 19.992224, 19.997959, 19.994688, 19.936335, 0.31505749, 0.34397456, 0.34624541, 0.34835973, 0.34909847, 0.34960887, 0.34996110, 0.34998980, 0.34997344, 0.34968168, 0.80093241
0.26648489, 1.0000000, 0.67566985, 4.0799189, 9.3094416, 9.5531960, 9.7765512, 9.8705416, 9.9409866, 19.987703, 19.996689, 19.988123, 19.918667, 0.29079789, 0.34309262, 0.34553105, 0.34776533, 0.34870532, 0.34940985, 0.34993851, 0.34998345, 0.34994060, 0.34959334, 0.67566985
0.23762150, 1.0000000, 0.57109237, 2.6875079, 8.1705551, 9.5118942, 9.7367830, 9.8410711, 9.9240379, 19.983326, 19.995193, 19.978704, 19.904119, 0.27687410, 0.33170372, 0.34511790, 0.34736761, 0.34841061, 0.34924033, 0.34991664, 0.34997597, 0.34989351, 0.34952059, 0.57109237
0.21291769, 1.0000000, 0.48158577, 1.9394487, 6.4504738, 9.4857922, 9.7116346, 9.8209724, 9.9112396, 19.979479, 19.993265, 19.966883, 19.892551, 0.26939374, 0.31450328, 0.34485686, 0.34711614, 0.34820962, 0.34911236, 0.34989738, 0.34996632, 0.34983441, 0.34946275, 0.48158577
0.19570284, 1.0000000, 0.41921318, 1.4858961, 5.1157699, 9.5081120, 9.7192087, 9.8215895, 9.9086838, 19.977554, 19.990820, 19.953571, 19.883699, 0.26485750, 0.30115467, 0.34507832, 0.34719151, 0.34821558, 0.34908673, 0.34988779, 0.34995410, 0.34976786, 0.34941849, 0.41921318
0.17502102, 1.0000000, 0.34427902, 0.90859830, 3.6053793, 9.4636641, 9.6937609, 9.8054008, 9.8994598, 19.973791, 19.986437, 19.939505, 19.876966, 0.25908563, 0.28605288, 0.34463549, 0.34693736, 0.34805387, 0.34899458, 0.34986895, 0.34993219, 0.34969753, 0.34938484, 0.34427902
0.16072838, 0.97488290, 0.29249412, 0.53698123, 2.7922063, 8.8789988, 9.6853418, 9.7987366, 9.8954582, 19.971619, 19.980625, 19.925835, 19.871975, 0.25536945, 0.27792093, 0.33878821, 0.34685305, 0.34798715, 0.34895453, 0.34985811, 0.34990314, 0.34962916, 0.34935987, 0.29249412
0.14698178, 0.80887771, 0.24268758, 0.17444193, 2.2492738, 7.8589191, 9.6619644, 9.7836771, 9.8878040, 19.968702, 19.972643, 19.913139, 19.868305, 0.25174439, 0.27249244, 0.32858869, 0.34661952, 0.34783670, 0.34887800, 0.34984350, 0.34986323, 0.34956568, 0.34934151, 0.24268758
0.13761826, 0.69580305, 0.20876180, 0.0000000, 1.8500686, 6.9773417, 9.6631813, 9.7831001, 9.8866053, 19.966413, 19.963034, 19.901985, 19.865658, 0.24999268, 0.26849937, 0.31977093, 0.34663114, 0.34783065, 0.34886593, 0.34983206, 0.34981516, 0.34950992, 0.34932828, 0.20876180
0.13304669, 0.64059645, 0.19219816, 0.0000000, 1.6090691, 6.3478212, 9.6923256, 9.7994413, 9.8929882, 19.964241, 19.952145, 19.892572, 19.863771, 0.24999268, 0.26608846, 0.31347376, 0.34692192, 0.34799373, 0.34892964, 0.34982121, 0.34976071, 0.34946287, 0.34931886, 0.19219816
0.15791807, 0.94094539, 0.28231186, 1.6599357, 2.1870465, 5.6700368, 9.6812096, 9.7937298, 9.8895521, 19.958414, 19.939680, 19.884661, 19.862360, 0.26659650, 0.27186820, 0.30669743, 0.34681109, 0.34793678, 0.34889534, 0.34979206, 0.34969839, 0.34942329, 0.34931180, 0.28231186
0.14009123, 0.72566688, 0.21772183, 0.92527270, 1.6752750, 4.8478303, 9.6469297, 9.7731628, 9.8796234, 19.950693, 19.926889, 19.878296, 19.861338, 0.25924739, 0.26674697, 0.29846993, 0.34646595, 0.34772992, 0.34879568, 0.34975347, 0.34963444, 0.34939149, 0.34930670, 0.21772183
0.12582490, 0.55338538, 0.16603222, 0.39537549, 1.2442619, 4.0325708, 9.6306810, 9.7616596, 9.8728876, 19.942318, 19.914768, 19.873323, 19.860603, 0.25395223, 0.26243976, 0.29032108, 0.34630460, 0.34761548, 0.34872848, 0.34971160, 0.34957385, 0.34936661, 0.34930301, 0.16603222
0.11522476, 0.42537737, 0.12762597, 0.73528290E-1, 0.90153217, 3.2331424, 9.6211405, 9.7541723, 9.8681355, 19.933983, 19.903959, 19.869549, 19.860104, 0.25073484, 0.25901204, 0.28232551, 0.34620789, 0.34753993, 0.34868076, 0.34966990, 0.34951979, 0.34934774, 0.34930050, 0.12762597
0.10862431, 0.34566960, 0.10371125, 0.0000000, 0.56089461, 2.6349931, 9.2863884, 9.7278271, 9.8551941, 19.924322, 19.894375, 19.866667, 19.859739, 0.24996962, 0.25560629, 0.27634370, 0.34285951, 0.34727597, 0.34855115, 0.34962159, 0.34947187, 0.34933335, 0.34929869, 0.10371125
0.10443398, 0.29506698, 0.88528946E-1, 0.0000000, 0.31609535, 2.2130280, 8.7884302, 9.7115784, 9.8456192, 19.914839, 19.886374, 19.864500, 19.859482, 0.24996962, 0.25316045, 0.27212846, 0.33788285, 0.34711498, 0.34845594, 0.34957421, 0.34943187, 0.34932250, 0.34929740, 0.88528946E-1
0.10131841, 0.25744301, 0.77240631E-1, 0.0000000, 0.15181303, 1.8821537, 8.3241749, 9.7136536, 9.8435364, 19.905661, 19.879843, 19.862909, 19.859346, 0.24996962, 0.25151739, 0.26881689, 0.33323765, 0.34713411, 0.34843457, 0.34952831, 0.34939921, 0.34931454, 0.34929675, 0.77240631E-1
0.97879894E-1, 0.21591918, 0.64782232E-1, 0.0000000, 0.90032816E-2, 1.4656901, 7.7033720, 9.6717863, 9.8235149, 19.896540, 19.874498, 19.861723, 19.859251, 0.24996962, 0.25009000, 0.26465550, 0.32703227, 0.34671694, 0.34823486, 0.34948272, 0.34937251, 0.34930861, 0.34929627, 0.64782232E-1
0.95975637E-1, 0.19292325, 0.57882763E-1, 0.0000000, 0.0000000, 1.1472791, 7.0916142, 9.6657715, 9.8168087, 19.888403, 19.870296, 19.860874, 19.859194, 0.24996962, 0.24999598, 0.26146865, 0.32091102, 0.34665424, 0.34816688, 0.34944201, 0.34935147, 0.34930438, 0.34929597, 0.57882763E-1
0.95235817E-1, 0.18398908, 0.55202246E-1, 0.0000000, 0.0000000, 1.0336518, 6.7307992, 9.7247639, 9.8397179, 19.882984, 19.867491, 19.860352, 19.859180, 0.24996962, 0.24999598, 0.26033556, 0.31730679, 0.34724674, 0.34839690, 0.34941491, 0.34933746, 0.34930176, 0.34929591, 0.55202246E-1
0.94098613E-1, 0.17025605, 0.51081926E-1, 0.0000000, 0.0000000, 0.84794462, 6.2964649, 9.7061787, 9.8326330, 19.877069, 19.865038, 19.859898, 19.859158, 0.24996962, 0.24999598, 0.25847840, 0.31296310, 0.34706059, 0.34832594, 0.34938535, 0.34932518, 0.34929949, 0.34929579, 0.51081926E-1
0.93115062E-1, 0.15837865, 0.47518346E-1, 0.0000000, 0.0000000, 0.69358945, 5.8817329, 9.7034817, 9.8300610, 19.871716, 19.863043, 19.859552, 19.859110, 0.24996962, 0.24999598, 0.25693548, 0.30881658, 0.34703422, 0.34830040, 0.34935859, 0.34931523, 0.34929776, 0.34929556, 0.47518346E-1
0.91736808E-1, 0.14173470, 0.42524666E-1, 0.0000000, 0.0000000, 0.48969686, 5.2701306, 9.6466990, 9.8040133, 19.867163, 19.861488, 19.859299, 19.859076, 0.24996962, 0.24999598, 0.25489566, 0.30269849, 0.34646443, 0.34803927, 0.34933582, 0.34930745, 0.34929651, 0.34929538, 0.42524666E-1
0.13805148, 0.70103461, 0.21033141, 2.1608024, 2.0102024, 0.48465729, 5.0596914, 9.7657499, 9.8498411, 19.865473, 19.860859, 19.859299, 19.859076, 0.27160257, 0.27009898, 0.25484622, 0.30059615, 0.34765676, 0.34849817, 0.34932736, 0.34930429, 0.34929651, 0.34929538, 0.21033141
0.13372734, 0.64881599, 0.19466427, 1.9359529, 1.8827528, 0.46739578, 4.9144316, 9.7988129, 9.8654842, 19.864000, 19.860390, 19.859251, 19.859076, 0.26935935, 0.26882744, 0.25467396, 0.29914430, 0.34798810, 0.34865484, 0.34931999, 0.34930193, 0.34929627, 0.34929538, 0.19466427
0.15449530, 0.89961171, 0.26991051, 2.6911914, 2.3777008, 2.0107687, 4.7485323, 9.7969742, 9.8658466, 19.861891, 19.859781, 19.859158, 19.859058, 0.27690968, 0.27377582, 0.27010718, 0.29748508, 0.34796950, 0.34865838, 0.34930944, 0.34929889, 0.34929579, 0.34929529, 0.26991051
0.19351983, 1.0000000, 0.41130376, 2.1095295, 4.4074230, 8.3532476, 9.5404806, 9.8337193, 9.8792868, 19.860880, 19.859516, 19.859121, 19.859058, 0.27109474, 0.29407355, 0.33353183, 0.34540465, 0.34833711, 0.34879282, 0.34930441, 0.34929758, 0.34929562, 0.34929529, 0.41130376
0.26508063, 1.0000000, 0.67058194, 3.9384017, 9.3590498, 9.5942402, 9.7505007, 9.8555880, 9.8872080, 19.860209, 19.859383, 19.859098, 19.859058, 0.28938383, 0.34359026, 0.34594229, 0.34750497, 0.34855586, 0.34887207, 0.34930104, 0.34929693, 0.34929550, 0.34929529, 0.67058194
0.35600001, 1.0000000, 1.0000000, 9.9999990, 9.9999990, 9.9999990, 9.9999990, 9.9999990, 9.9999990, 19.999998, 19.999998, 19.999998, 19.997997, 0.34999999, 0.34999999, 0.34999999, 0.34999999, 0.34999999, 0.34999999, 0.34999999, 0.34999999, 0.34999999, 0.34998998, 1.0000000
0.33337104, 1.0000000, 0.91801101, 8.6920347, 9.5765285, 9.7594233, 9.9311981, 9.9646244, 9.9866600, 19.998581, 19.999622, 19.999622, 19.974253, 0.33691877, 0.34576425, 0.34759369, 0.34931186, 0.34964618, 0.34986657, 0.34999290, 0.34999812, 0.34999812, 0.34987128, 0.91801101
0.33024788, 1.0000000, 0.90669507, 8.5047293, 9.5376062, 9.7188587, 9.8953676, 9.9439621, 9.9779730, 19.997484, 19.999336, 19.997890, 19.951946, 0.33504152, 0.34537220, 0.34718663, 0.34895325, 0.34943941, 0.34977967, 0.34998742, 0.34999669, 0.34998944, 0.34975973, 0.90669507
0.35600001, 1.0000000, 1.0000000, 9.9999990, 9.9999990, 9.9999990, 9.9999990, 9.9999990, 9.9999990, 19.999998, 19.999998, 19.999998, 19.998999, 0.34999999, 0.34999999, 0.34999999, 0.34999999, 0.34999999, 0.34999999, 0.34999999, 0.34999999, 0.34999999, 0.34999499, 1.0000000
0.35213906, 1.0000000, 0.98601103, 9.7996006, 9.8962412, 9.9464598, 9.9878483, 9.9938812, 9.9978161, 19.999849, 19.999964, 19.999750, 19.975233, 0.34799510, 0.34896189, 0.34946433, 0.34987843, 0.34993878, 0.34997815, 0.34999925, 0.34999982, 0.34999874, 0.34987617, 0.98601103
0.33819729, 1.0000000, 0.93549740, 8.9799957, 9.6540489, 9.8057365, 9.9480648, 9.9734230, 9.9903708, 19.999344, 19.999832, 19.998146, 19.952848, 0.33979869, 0.34653968, 0.34805694, 0.34948057, 0.34973422, 0.34990370, 0.34999672, 0.34999916, 0.34999073, 0.34976423, 0.93549740
0.32564020, 1.0000000, 0.89000058, 8.2168570, 9.4769430, 9.6852255, 9.8905602, 9.9420471, 9.9778490, 19.997936, 19.999466, 19.994129, 19.932806, 0.33216822, 0.34476918, 0.34685212, 0.34890556, 0.34942049, 0.34977847, 0.34998968, 0.34999734, 0.34997064, 0.34966403, 0.89000058
0.31501418, 1.0000000, 0.85150063, 7.3654718, 9.5864878, 9.7401066, 9.8857937, 9.9364185, 9.9743757, 19.997478, 19.999252, 19.987314, 19.915798, 0.32365239, 0.34586307, 0.34740016, 0.34885776, 0.34936410, 0.34974372, 0.34998739, 0.34999627, 0.34993657, 0.34957898, 0.85150063
0.31869951, 1.0000000, 0.86485326, 7.6204004, 9.6044798, 9.7492409, 9.8794460, 9.9306049, 9.9705429, 19.996679, 19.998680, 19.977636, 19.901871, 0.32619646, 0.34603912, 0.34748951, 0.34879386, 0.34930575, 0.34970534, 0.34998339, 0.34999341, 0.34988818, 0.34950936, 0.86485326
0.28167856, 1.0000000, 0.73071945, 5.1704497, 9.3194437, 9.5674152, 9.7985659, 9.8839607, 9.9494219, 19.993105, 19.996799, 19.965431, 19.890823, 0.30169418, 0.34318328, 0.34566844, 0.34798449, 0.34883901, 0.34949401, 0.34996551, 0.34998399, 0.34982717, 0.34945410, 0.73071945
0.24673444, 1.0000000, 0.60411030, 2.9964864, 8.7576513, 9.5093164, 9.7482719, 9.8500080, 9.9316158, 19.989887, 19.993940, 19.951805, 19.882362, 0.27995899, 0.33756623, 0.34508759, 0.34748158, 0.34849951, 0.34931594, 0.34994942, 0.34996969, 0.34975904, 0.34941182, 0.60411030
0.21910585, 1.0000000, 0.50400674, 2.1810949, 6.8060651, 9.4668789, 9.7107096, 9.8227901, 9.9157467, 19.986597, 19.989519, 19.937708, 19.875967, 0.27180642, 0.31805217, 0.34466290, 0.34710589, 0.34822732, 0.34915724, 0.34993297, 0.34994760, 0.34968853, 0.34937984, 0.50400674
0.19547869, 1.0000000, 0.41840106, 1.5460908, 5.0201936, 9.4537649, 9.6940451, 9.8085175, 9.9056683, 19.983732, 19.983271, 19.924055, 19.871237, 0.26545629, 0.30019292, 0.34452915, 0.34693873, 0.34808427, 0.34905639, 0.34991866, 0.34991634, 0.34962028, 0.34935617, 0.41840106
0.17525157, 1.0000000, 0.34511438, 1.0573834, 3.3973539, 9.4425707, 9.6844473, 9.8000355, 9.8993073, 19.981216, 19.975092, 19.911545, 19.867786, 0.26057270, 0.28397134, 0.34442267, 0.34684384, 0.34800002, 0.34899294, 0.34990609, 0.34987545, 0.34955773, 0.34933895, 0.34511438
0.15727443, 0.93317252, 0.27997977, 0.56993365, 2.4952233, 8.5380478, 9.6532669, 9.7798738, 9.8885994, 19.977556, 19.964779, 19.900537, 19.865271, 0.25569841, 0.27494985, 0.33537638, 0.34653175, 0.34779826, 0.34888583, 0.34988779, 0.34982389, 0.34950268, 0.34932634, 0.27997977
0.14139117, 0.74136513, 0.22243178, 0.18665493, 1.8750578, 7.2304678, 9.6167889, 9.7561378, 9.8764181, 19.973169, 19.952974, 19.891241, 19.863447, 0.25186577, 0.26874587, 0.32229561, 0.34616548, 0.34756017, 0.34876376, 0.34986585, 0.34976488, 0.34945619, 0.34931725, 0.22243178
0.12836775, 0.58409321, 0.17524549, 0.0000000, 1.3088852, 5.8483896, 9.5822315, 9.7328014, 9.8638077, 19.967464, 19.940271, 19.883619, 19.862131, 0.24995357, 0.26308513, 0.30847555, 0.34581956, 0.34732661, 0.34863761, 0.34983733, 0.34970134, 0.34941810, 0.34931067, 0.17524549
0.11878982, 0.46842927, 0.14054283, 0.0000000, 0.85753500, 4.4443707, 9.5531864, 9.7125168, 9.8527298, 19.961412, 19.927729, 19.877592, 19.861202, 0.24995357, 0.25857487, 0.29444247, 0.34553134, 0.34712490, 0.34852722, 0.34980705, 0.34963864, 0.34938794, 0.34930602, 0.14054283
0.11097191, 0.37401956, 0.11221709, 0.0000000, 0.53743422, 3.1982002, 9.5482998, 9.7066402, 9.8473978, 19.954102, 19.915831, 19.872890, 19.860556, 0.24995357, 0.25537342, 0.28197926, 0.34548137, 0.34706557, 0.34847370, 0.34977052, 0.34957916, 0.34936446, 0.34930277, 0.11221709
0.10721856, 0.32869372, 0.98617978E-1, 0.0000000, 0.37946403, 2.6646018, 9.2521143, 9.7257357, 9.8546219, 19.946388, 19.905209, 19.869339, 19.860104, 0.24995357, 0.25379387, 0.27664325, 0.34251919, 0.34725633, 0.34854588, 0.34973195, 0.34952605, 0.34934670, 0.34930050, 0.98617978E-1
0.10259370, 0.27284348, 0.81861235E-1, 0.0000000, 0.13104379, 2.1633446, 8.6819592, 9.6967516, 9.8407364, 19.934643, 19.895172, 19.866463, 19.859722, 0.24995357, 0.25130868, 0.27161893, 0.33680794, 0.34696102, 0.34840515, 0.34967321, 0.34947586, 0.34933230, 0.34929860, 0.81861235E-1
0.99548541E-1, 0.23606986, 0.70828043E-1, 0.0000000, 0.11864305E-1, 1.7754674, 8.1285992, 9.6938114, 9.8369131, 19.924028, 19.887056, 19.864384, 19.859468, 0.24995357, 0.25011861, 0.26775211, 0.33128363, 0.34693670, 0.34836864, 0.34962013, 0.34943527, 0.34932190, 0.34929734, 0.70828043E-1
0.10162673, 0.26116633, 0.78357734E-1, 0.19448698, 0.67323446E-2, 1.6841590, 7.8704920, 9.7648268, 9.8651505, 19.915483, 19.880880, 19.862951, 19.859346, 0.25194263, 0.25006726, 0.26683578, 0.32869950, 0.34764490, 0.34865037, 0.34957743, 0.34940439, 0.34931475, 0.34929675, 0.78357734E-1
0.10842112, 0.34321582, 0.10297505, 0.71053803, 0.0000000, 1.6411066, 7.7271924, 9.8117352, 9.8849669, 19.906767, 19.875818, 19.861889, 19.859346, 0.25710377, 0.24999991, 0.26640996, 0.32727090, 0.34811670, 0.34884945, 0.34953383, 0.34937909, 0.34930944, 0.34929675, 0.10297505
0.13563246, 0.67182243, 0.20156689, 2.6880412, 0.0000000, 1.6335756, 7.6529050, 9.8492050, 9.8999319, 19.898827, 19.871859, 19.861147, 19.859346, 0.27687642, 0.24999991, 0.26633504, 0.32652837, 0.34849161, 0.34899917, 0.34949413, 0.34935930, 0.34930575, 0.34929675, 0.20156689
0.14932334, 0.83715457, 0.25117150, 2.1581917, 2.1005511, 2.5151193, 7.5896029, 9.8660040, 9.9058609, 19.891453, 19.868723, 19.860582, 19.859346, 0.27158162, 0.27100533, 0.27515110, 0.32589597, 0.34866002, 0.34905860, 0.34945726, 0.34934360, 0.34930292, 0.34929675, 0.25117150
0.14556351, 0.79175061, 0.23754895, 2.0309954, 1.9232064, 2.4096549, 7.4773183, 9.8521719, 9.8997202, 19.884735, 19.866230, 19.860182, 19.859299, 0.27030969, 0.26923192, 0.27409646, 0.32477313, 0.34852168, 0.34899721, 0.34942368, 0.34933114, 0.34930092, 0.34929651, 0.23754895
0.12970608, 0.60025501, 0.18009451, 1.2574643, 1.4690995, 2.1250844, 7.2169089, 9.7919664, 9.8742867, 19.877064, 19.863834, 19.859747, 19.859222, 0.26257417, 0.26469067, 0.27125061, 0.32216892, 0.34791955, 0.34874284, 0.34938532, 0.34931916, 0.34929875, 0.34929612, 0.18009451
0.12154297, 0.50167650, 0.15051800, 0.88666379, 1.2150228, 1.9454360, 6.9846425, 9.7830162, 9.8677578, 19.872211, 19.862368, 19.859516, 19.859200, 0.25886551, 0.26214930, 0.26945361, 0.31984589, 0.34782979, 0.34867746, 0.34936106, 0.34931183, 0.34929758, 0.34929600, 0.15051800
0.12257940, 0.51419246, 0.15427317, 1.1751711, 0.97665191, 1.7621815, 6.7314744, 9.7730312, 9.8614035, 19.868219, 19.861237, 19.859354, 19.859175, 0.26175138, 0.25976637, 0.26762167, 0.31731462, 0.34773022, 0.34861401, 0.34934109, 0.34930617, 0.34929678, 0.34929588, 0.15427317
0.11679268, 0.44431162, 0.13330682, 0.89553297, 0.83104670, 1.6319990, 6.5098510, 9.7768602, 9.8615780, 19.865881, 19.860613, 19.859335, 19.859175, 0.25895444, 0.25830996, 0.26631951, 0.31509814, 0.34776831, 0.34861568, 0.34932941, 0.34930307, 0.34929669, 0.34929588, 0.13330682
0.10654577, 0.32056904, 0.96180327E-1, 0.41723847, 0.55077076, 1.3850123, 6.1660190, 9.7376938, 9.8442087, 19.862093, 19.859657, 19.859165, 19.859127, 0.25417167, 0.25550714, 0.26384941, 0.31165957, 0.34737644, 0.34844190, 0.34931046, 0.34929830, 0.34929582, 0.34929565, 0.96180327E-1
0.10161573, 0.26103351, 0.78317888E-1, 0.21319985, 0.40425956, 1.2276947, 5.8644524, 9.7416277, 9.8438892, 19.860312, 19.859251, 19.859089, 19.859104, 0.25213090, 0.25404131, 0.26227501, 0.30864269, 0.34741476, 0.34843838, 0.34930155, 0.34929627, 0.34929544, 0.34929553, 0.78317888E-1
0.95139265E-1, 0.18282311, 0.54852419E-1, 0.0000000, 0.17958581, 0.93380213, 5.3483725, 9.6724615, 9.8144073, 19.857904, 19.858662, 19.858929, 19.859058, 0.24992190, 0.25179547, 0.25933701, 0.30348256, 0.34672356, 0.34814373, 0.34928954, 0.34929329, 0.34929463, 0.34929529, 0.54852419E-1
0.97565539E-1, 0.21212296, 0.63643254E-1, 0.36157072, 0.43645501E-1, 0.70187449, 4.7855334, 9.6531324, 9.8026533, 19.856421, 19.858242, 19.858805, 19.859022, 0.25361410, 0.25043634, 0.25701782, 0.29785404, 0.34653005, 0.34802610, 0.34928209, 0.34929121, 0.34929401, 0.34929511, 0.63643254E-1
0.19171688, 1.0000000, 0.40477127, 2.6047559, 3.6825323, 7.9073553, 8.6884232, 9.6564302, 9.8022766, 19.855688, 19.858072, 19.858757, 19.858992, 0.27604711, 0.28682497, 0.32907316, 0.33688414, 0.34656423, 0.34802273, 0.34927845, 0.34929037, 0.34929377, 0.34929496, 0.40477127
0.34711474, 1.0000000, 0.96780694, 9.9513750, 9.4776392, 9.1780930, 9.5737314, 9.7333641, 9.8327827, 19.854780, 19.857855, 19.858709, 19.858955, 0.34951374, 0.34477639, 0.34178093, 0.34573731, 0.34733364, 0.34832782, 0.34927389, 0.34928927, 0.34929353, 0.34929478, 0.96780694
0.35600001, 1.0000000, 1.0000000, 9.9999990, 9.9999990, 9.9999990, 9.9999990, 9.9999990, 9.9999990, 19.999998, 19.999998, 19.999998, 19.994993, 0.34999999, 0.34999999, 0.34999999, 0.34999999, 0.34999999, 0.34999999, 0.34999999, 0.34999999, 0.34999999, 0.34997496, 1.0000000
0.35599929, 1.0000000, 0.99999738, 9.9999962, 9.9999990, 9.9999990, 9.9999990, 9.9999990, 9.9999990, 19.999998, 19.999998, 19.999998, 19.998999, 0.34999964, 0.34999979, 0.34999990, 0.34999996, 0.34999999, 0.34999999, 0.34999999, 0.34999999, 0.34999999, 0.34999499, 0.99999738
0.32092279, 1.0000000, 0.87290859, 7.9068360, 9.4333305, 9.6668644, 9.8921967, 9.9438210, 9.9779320, 19.996960, 19.999207, 19.999548, 19.975185, 0.32906610, 0.34433168, 0.34666783, 0.34892178, 0.34943813, 0.34977928, 0.34998479, 0.34999603, 0.34999773, 0.34987593, 0.87290859
0.28036940, 1.0000000, 0.72597599, 5.0958996, 9.2910080, 9.5515137, 9.8038788, 9.8913774, 9.9549208, 19.993515, 19.998306, 19.997746, 19.952765, 0.30095375, 0.34290433, 0.34551218, 0.34803820, 0.34891349, 0.34954911, 0.34996757, 0.34999153, 0.34998873, 0.34976381, 0.72597599
0.24277723, 1.0000000, 0.58977252, 2.9311271, 8.3979053, 9.4903717, 9.7416430, 9.8486118, 9.9332190, 19.990269, 19.997416, 19.993586, 19.932722, 0.27930775, 0.33397302, 0.34490028, 0.34741572, 0.34848577, 0.34933206, 0.34995133, 0.34998709, 0.34996793, 0.34966362, 0.58977252
0.21113725, 1.0000000, 0.47513491, 2.0044446, 6.1548715, 9.4364004, 9.6924438, 9.8127384, 9.9126186, 19.986698, 19.996342, 19.986515, 19.915668, 0.27004191, 0.31154406, 0.34436041, 0.34692368, 0.34812704, 0.34912607, 0.34993351, 0.34998173, 0.34993258, 0.34957835, 0.47513491
0.27876878, 1.0000000, 0.72017676, 4.9942493, 9.2403908, 9.6171513, 9.7630491, 9.8471251, 9.9224777, 19.986929, 19.995939, 19.976896, 19.901764, 0.29993969, 0.34240079, 0.34616989, 0.34763017, 0.34847108, 0.34922472, 0.34993464, 0.34997970, 0.34988448, 0.34950882, 0.72017676
0.32555819, 1.0000000, 0.88970351, 8.1449566, 9.5844641, 9.7138987, 9.8117390, 9.8744469, 9.9326906, 19.987059, 19.994953, 19.964973, 19.890795, 0.33144957, 0.34584463, 0.34713900, 0.34811738, 0.34874445, 0.34932691, 0.34993529, 0.34997475, 0.34982488, 0.34945399, 0.88970351
0.30957335, 1.0000000, 0.83178741, 7.0645165, 9.4825001, 9.6587439, 9.8089857, 9.8751516, 9.9336843, 19.986488, 19.992722, 19.951555, 19.882374, 0.32064500, 0.34482488, 0.34658739, 0.34808987, 0.34875152, 0.34933683, 0.34993243, 0.34996361, 0.34975779, 0.34941188, 0.83178741
0.35591573, 1.0000000, 0.99969459, 9.9982824, 9.9989090, 9.9904995, 9.9933481, 9.9966650, 9.9988852, 19.999998, 19.999998, 19.999975, 19.989016, 0.34998024, 0.34998754, 0.34990421, 0.34993333, 0.34996656, 0.34998882, 0.34999999, 0.34999999, 0.34999987, 0.34994507, 0.99969459
0.35599780, 1.0000000, 0.99999207, 9.9999342, 9.9999609, 9.9999819, 9.9999962, 9.9999990, 9.9999990, 19.999998, 19.999998, 19.999998, 19.996996, 0.34999889, 0.34999934, 0.34999970, 0.34999993, 0.34999999, 0.34999999, 0.34999999, 0.34999999, 0.34999999, 0.34998497, 0.99999207
0.35600001, 1.0000000, 1.0000000, 9.9999990, 9.9999990, 9.9999990, 9.9999990, 9.9999990, 9.9999990, 19.999998, 19.999998, 19.999998, 19.998999, 0.34999999, 0.34999999, 0.34999999, 0.34999999, 0.34999999, 0.34999999, 0.34999999, 0.34999999, 0.34999999, 0.34999499, 1.0000000
0.35548544, 1.0000000, 0.99813557, 9.9995441, 9.9609909, 9.9575272, 9.9910641, 9.9955158, 9.9984856, 19.999987, 19.999998, 19.999750, 19.975233, 0.34999543, 0.34960991, 0.34957528, 0.34991065, 0.34995514, 0.34998485, 0.34999993, 0.34999999, 0.34999874, 0.34987617, 0.99813557
0.35129428, 1.0000000, 0.98295027, 9.8129892, 9.8076267, 9.8787603, 9.9715414, 9.9855690, 9.9950342, 19.999891, 19.999975, 19.998169, 19.952848, 0.34812990, 0.34807628, 0.34878761, 0.34971541, 0.34985569, 0.34995034, 0.34999946, 0.34999987, 0.34999084, 0.34976423, 0.98295027
0.34685147, 1.0000000, 0.96685314, 9.5186291, 9.7708492, 9.8628349, 9.9620934, 9.9804525, 9.9931707, 19.999838, 19.999962, 19.994247, 19.932835, 0.34518629, 0.34770849, 0.34862834, 0.34962094, 0.34980452, 0.34993172, 0.34999919, 0.34999982, 0.34997123, 0.34966418, 0.96685314
0.33530474, 1.0000000, 0.92501718, 8.7907162, 9.6324568, 9.7846594, 9.9324303, 9.9646378, 9.9870434, 19.999254, 19.999718, 19.987421, 19.915815, 0.33790717, 0.34632456, 0.34784660, 0.34932429, 0.34964639, 0.34987044, 0.34999627, 0.34999859, 0.34993711, 0.34957907, 0.92501718
0.28983620, 1.0000000, 0.76027602, 5.7861166, 9.2818727, 9.5504723, 9.8122473, 9.8974609, 9.9581442, 19.994373, 19.998072, 19.977457, 19.901812, 0.30786055, 0.34281817, 0.34550443, 0.34812242, 0.34897459, 0.34958145, 0.34997186, 0.34999037, 0.34988728, 0.34950906, 0.76027602
0.24635932, 1.0000000, 0.60275114, 2.9699922, 8.7694731, 9.4826622, 9.7397423, 9.8485823, 9.9337473, 19.990471, 19.996101, 19.965248, 19.890770, 0.27969724, 0.33769000, 0.34482408, 0.34739688, 0.34848556, 0.34933737, 0.34995234, 0.34998050, 0.34982625, 0.34945387, 0.60275114
0.21240698, 1.0000000, 0.47973543, 1.9917935, 6.3393083, 9.4217005, 9.6851749, 9.8088503, 9.9113827, 19.986839, 19.993103, 19.951591, 19.882315, 0.26991150, 0.31338078, 0.34420785, 0.34684989, 0.34808755, 0.34911349, 0.34993419, 0.34996551, 0.34975797, 0.34941158, 0.47973543
0.18681264, 1.0000000, 0.38700232, 1.3446212, 4.3261390, 9.4245949, 9.6727400, 9.7951927, 9.9001646, 19.984329, 19.988846, 19.937548, 19.875956, 0.26344317, 0.29325551, 0.34423953, 0.34672609, 0.34795126, 0.34900141, 0.34992164, 0.34994423, 0.34968776, 0.34937978, 0.38700232
0.17145279, 1.0000000, 0.33135068, 1.0369420, 2.9716849, 9.4414968, 9.6956758, 9.8052149, 9.9014664, 19.983614, 19.983147, 19.924057, 19.871269, 0.26036838, 0.27971506, 0.34441215, 0.34695619, 0.34805185, 0.34901458, 0.34991807, 0.34991574, 0.34962028, 0.34935635, 0.33135068
0.16587853, 1.0000000, 0.31115410, 0.90466738, 2.7660222, 8.9350739, 9.7383327, 9.8291492, 9.9104176, 19.983187, 19.975496, 19.911678, 19.867834, 0.25904667, 0.27766022, 0.33935073, 0.34738332, 0.34829149, 0.34910417, 0.34991592, 0.34987748, 0.34955838, 0.34933919, 0.31115410
0.16417408, 1.0000000, 0.30497852, 0.87512732, 2.7115374, 8.7165232, 9.7923117, 9.8603144, 9.9233398, 19.982523, 19.965969, 19.900827, 19.865347, 0.25875121, 0.27711526, 0.33716506, 0.34792307, 0.34860310, 0.34923339, 0.34991261, 0.34982985, 0.34950414, 0.34932673, 0.30497852
0.15774417, 0.93884534, 0.28168178, 0.71588457, 2.4582357, 8.2078362, 9.7663918, 9.8493452, 9.9210939, 19.980564, 19.954781, 19.891655, 19.863543, 0.25715819, 0.27458102, 0.33207616, 0.34766337, 0.34849319, 0.34921086, 0.34990281, 0.34977391, 0.34945828, 0.34931773, 0.28168178
0.15102032, 0.85764748, 0.25731999, 0.56162775, 2.1924229, 7.6340795, 9.7467947, 9.8389072, 9.9175587, 19.977421, 19.942701, 19.884138, 19.862261, 0.25561613, 0.27192387, 0.32634017, 0.34746781, 0.34838900, 0.34917554, 0.34988710, 0.34971350, 0.34942070, 0.34931129, 0.25731999
0.14401072, 0.77299905, 0.23192291, 0.42501390, 1.9093126, 6.9682603, 9.7257938, 9.8262205, 9.9122343, 19.972986, 19.930470, 19.878143, 19.861338, 0.25424996, 0.26909262, 0.31968167, 0.34725767, 0.34826207, 0.34912232, 0.34986493, 0.34965235, 0.34939072, 0.34930670, 0.23192291
0.17494288, 1.0000000, 0.34399596, 2.7873425, 1.8397450, 6.6909752, 9.7778454, 9.8537703, 9.9218035, 19.967260, 19.918743, 19.873470, 19.860685, 0.27787298, 0.26839727, 0.31690943, 0.34777835, 0.34853765, 0.34921801, 0.34983629, 0.34959370, 0.34936735, 0.34930342, 0.34399596
0.16020459, 0.96855760, 0.29059634, 1.6689122, 1.8062800, 6.9435568, 9.7099295, 9.8170996, 9.9069796, 19.958195, 19.907558, 19.869747, 19.860172, 0.26668912, 0.26806280, 0.31943557, 0.34709930, 0.34817100, 0.34906980, 0.34979099, 0.34953779, 0.34934872, 0.34930086, 0.29059634
0.15582210, 0.91563421, 0.27471775, 1.8369406, 1.4336139, 6.0814667, 9.6724691, 9.7929401, 9.8941679, 19.947241, 19.897551, 19.866882, 19.859816, 0.26836771, 0.26433533, 0.31081298, 0.34672415, 0.34792915, 0.34894159, 0.34973621, 0.34948775, 0.34933442, 0.34929907, 0.27471775
0.17361555, 1.0000000, 0.33918676, 1.4299303, 2.9059739, 8.7910767, 9.6749239, 9.7913599, 9.8900499, 19.936089, 19.889153, 19.864750, 19.859556, 0.26429826, 0.27905849, 0.33790886, 0.34674883, 0.34791338, 0.34890044, 0.34968045, 0.34944576, 0.34932375, 0.34929779, 0.33918676
0.16730133, 1.0000000, 0.31630915, 1.6141981, 2.3671241, 7.7341819, 9.6589375, 9.7802362, 9.8823853, 19.924446, 19.882179, 19.863165, 19.859381, 0.26614040, 0.27366987, 0.32733956, 0.34658882, 0.34780207, 0.34882376, 0.34962222, 0.34941089, 0.34931582, 0.34929690, 0.31630915
0.17407486, 1.0000000, 0.34085092, 1.9530624, 2.4805160, 8.0068512, 9.6843176, 9.7930298, 9.8843479, 19.913673, 19.876667, 19.862005, 19.859299, 0.26953006, 0.27480474, 0.33006784, 0.34684300, 0.34793022, 0.34884346, 0.34956837, 0.34938332, 0.34931004, 0.34929651, 0.34085092
0.22844404, 1.0000000, 0.53784072, 2.8028369, 6.9099174, 9.4376917, 9.7273006, 9.8169403, 9.8914957, 19.904161, 19.872414, 19.861189, 19.859287, 0.27802682, 0.31909686, 0.34437534, 0.34727266, 0.34816921, 0.34891489, 0.34952080, 0.34936208, 0.34930593, 0.34929645, 0.53784072
0.35507739, 1.0000000, 0.99665707, 9.9540911, 9.9731455, 9.9864979, 9.9972763, 9.9986343, 9.9995432, 19.999998, 19.999998, 19.999975, 19.989016, 0.34953693, 0.34972906, 0.34986380, 0.34997252, 0.34998623, 0.34999540, 0.34999999, 0.34999999, 0.34999987, 0.34994507, 0.99665707
0.32865751, 1.0000000, 0.90093291, 8.4030733, 9.5130281, 9.7156391, 9.9106522, 9.9537249, 9.9823046, 19.997967, 19.999468, 19.999710, 19.978123, 0.33403075, 0.34513026, 0.34715641, 0.34910652, 0.34953725, 0.34982306, 0.34998983, 0.34999734, 0.34999853, 0.34989062, 0.90093291
0.30156690, 1.0000000, 0.80277854, 6.5247507, 9.4179554, 9.6397390, 9.8569593, 9.9221630, 9.9693041, 19.996851, 19.999182, 19.998287, 19.955507, 0.31524357, 0.34417617, 0.34639564, 0.34856924, 0.34922147, 0.34969297, 0.34998426, 0.34999591, 0.34999144, 0.34977752, 0.80277854
0.35595596, 1.0000000, 0.99984038, 9.9982586, 9.9989567, 9.9994774, 9.9998951, 9.9999485, 9.9999819, 19.999998, 19.999998, 19.999998, 19.994993, 0.34997803, 0.34998682, 0.34999341, 0.34999868, 0.34999934, 0.34999976, 0.34999999, 0.34999999, 0.34999999, 0.34997496, 0.99984038
0.35600001, 1.0000000, 1.0000000, 9.9999990, 9.9999990, 9.9999990, 9.9999990, 9.9999990, 9.9999990, 19.999998, 19.999998, 19.999998, 19.995995, 0.34999999, 0.34999999, 0.34999999, 0.34999999, 0.34999999, 0.34999999, 0.34999999, 0.34999999, 0.34999999, 0.34997997, 1.0000000
0.35565758, 1.0000000, 0.99875921, 9.9828911, 9.9898300, 9.9949121, 9.9989805, 9.9994898, 9.9998293, 19.999998, 19.999998, 19.999990, 19.991999, 0.34982890, 0.34989831, 0.34994912, 0.34998980, 0.34999490, 0.34999830, 0.34999999, 0.34999999, 0.34999996, 0.34996000, 0.99875921
0.35280043, 1.0000000, 0.98840743, 9.8361511, 9.9106789, 9.9544029, 9.9904375, 9.9952059, 9.9983721, 19.999969, 19.999992, 19.999983, 19.990009, 0.34836152, 0.34910679, 0.34954402, 0.34990436, 0.34995204, 0.34998372, 0.34999985, 0.34999996, 0.34999990, 0.34995005, 0.98840743
0.35597557, 1.0000000, 0.99991149, 9.9990311, 9.9994154, 9.9997101, 9.9999428, 9.9999695, 9.9999905, 19.999998, 19.999998, 19.999996, 19.993994, 0.34998783, 0.34999266, 0.34999636, 0.34999928, 0.34999964, 0.34999987, 0.34999999, 0.34999999, 0.34999996, 0.34996998, 0.99991149
0.35600001, 1.0000000, 1.0000000, 9.9999990, 9.9999990, 9.9999990, 9.9999990, 9.9999990, 9.9999990, 19.999998, 19.999998, 19.999998, 19.995995, 0.34999999, 0.34999999, 0.34999999, 0.34999999, 0.34999999, 0.34999999, 0.34999999, 0.34999999, 0.34999999, 0.34997997, 1.0000000
0.35600001, 1.0000000, 1.0000000, 9.9999990, 9.9999990, 9.9999990, 9.9999990, 9.9999990, 9.9999990, 19.999998, 19.999998, 19.999996, 19.993994, 0.34999999, 0.34999999, 0.34999999, 0.34999999, 0.34999999, 0.34999999, 0.34999999, 0.34999999, 0.34999996, 0.34996998, 1.0000000
0.35599071, 1.0000000, 0.99996632, 9.9995375, 9.9997196, 9.9998627, 9.9999723, 9.9999819, 9.9999962, 19.999998, 19.999998, 19.999990, 19.992998, 0.34999537, 0.34999719, 0.34999862, 0.34999973, 0.34999982, 0.34999996, 0.34999999, 0.34999999, 0.34999996, 0.34996498, 0.99996632
0.35599148, 1.0000000, 0.99996912, 9.9997072, 9.9998264, 9.9999132, 9.9999819, 9.9999905, 9.9999990, 19.999998, 19.999998, 19.999998, 19.994993, 0.34999573, 0.34999746, 0.34999874, 0.34999973, 0.34999987, 0.34999999, 0.34999999, 0.34999999, 0.34999999, 0.34997496, 0.99996912
0.35600001, 1.0000000, 1.0000000, 9.9999990, 9.9999990, 9.9999990, 9.9999990, 9.9999990, 9.9999990, 19.999998, 19.999998, 19.999998, 19.996996, 0.34999999, 0.34999999, 0.34999999, 0.34999999, 0.34999999, 0.34999999, 0.34999999, 0.34999999, 0.34999999, 0.34998497, 1.0000000
0.35600001, 1.0000000, 1.0000000, 9.9999990, 9.9999990, 9.9999990, 9.9999990, 9.9999990, 9.9999990, 19.999998, 19.999998, 19.999998, 19.996996, 0.34999999, 0.34999999, 0.34999999, 0.34999999, 0.34999999, 0.34999999, 0.34999999, 0.34999999, 0.34999999, 0.34998497, 1.0000000
0.34561384, 1.0000000, 0.96236891, 9.4384832, 9.7519588, 9.8674278, 9.9698572, 9.9847841, 9.9948015, 19.999903, 19.999969, 19.999949, 19.985044, 0.34438354, 0.34751877, 0.34867385, 0.34969848, 0.34984782, 0.34994802, 0.34999952, 0.34999985, 0.34999973, 0.34992522, 0.96236891
0.34584492, 1.0000000, 0.96320629, 9.5443783, 9.6434078, 9.7946892, 9.9464760, 9.9726830, 9.9901142, 19.999319, 19.999826, 19.999899, 19.985031, 0.34543985, 0.34643170, 0.34794566, 0.34946454, 0.34972671, 0.34990111, 0.34999660, 0.34999913, 0.34999949, 0.34992516, 0.96320629
0.33678746, 1.0000000, 0.93038929, 9.0046015, 9.5008049, 9.7020845, 9.9026518, 9.9487476, 9.9810600, 19.998848, 19.999706, 19.999001, 19.961931, 0.34004360, 0.34500653, 0.34702006, 0.34902635, 0.34948739, 0.34981057, 0.34999424, 0.34999853, 0.34999502, 0.34980965, 0.93038929
0.34403849, 1.0000000, 0.95666116, 9.3470240, 9.7232771, 9.8508234, 9.9656506, 9.9826365, 9.9940729, 19.999903, 19.999981, 19.999949, 19.985044, 0.34346771, 0.34723118, 0.34850743, 0.34965637, 0.34982628, 0.34994069, 0.34999952, 0.34999990, 0.34999973, 0.34992522, 0.95666116
0.32905918, 1.0000000, 0.90238822, 8.3798485, 9.5789413, 9.7550755, 9.9302950, 9.9639139, 9.9874859, 19.999903, 19.999981, 19.999071, 19.961931, 0.33379465, 0.34578678, 0.34754941, 0.34930268, 0.34963900, 0.34987479, 0.34999952, 0.34999990, 0.34999534, 0.34980965, 0.90238822
0.29921663, 1.0000000, 0.79426312, 6.3708844, 9.3955154, 9.6287127, 9.8607168, 9.9250698, 9.9718533, 19.998528, 19.999622, 19.996115, 19.940825, 0.31370491, 0.34395167, 0.34628534, 0.34860682, 0.34925053, 0.34971848, 0.34999263, 0.34999812, 0.34998056, 0.34970412, 0.79426312
0.27056062, 1.0000000, 0.69043702, 4.3471379, 9.3365459, 9.5812311, 9.8154984, 9.8959761, 9.9585886, 19.997656, 19.999382, 19.990503, 19.922522, 0.29347092, 0.34336486, 0.34581202, 0.34815493, 0.34895971, 0.34958589, 0.34998828, 0.34999692, 0.34995252, 0.34961259, 0.69043702
0.23850803, 1.0000000, 0.57430446, 2.7630687, 8.1562386, 9.4977570, 9.7539244, 9.8560848, 9.9388876, 19.995667, 19.998653, 19.981905, 19.907291, 0.27762920, 0.33155975, 0.34497601, 0.34753892, 0.34856069, 0.34938881, 0.34997833, 0.34999326, 0.34990951, 0.34953645, 0.57430446
0.23199260, 1.0000000, 0.55069780, 2.7841001, 7.3301492, 9.5123758, 9.7386189, 9.8410759, 9.9274445, 19.993731, 19.997477, 19.970713, 19.895081, 0.27783760, 0.32329613, 0.34512028, 0.34738547, 0.34841040, 0.34927434, 0.34996864, 0.34998739, 0.34985358, 0.34947541, 0.55069780
0.23721300, 1.0000000, 0.56961232, 2.7075558, 8.1077890, 9.4784279, 9.7157774, 9.8241043, 9.9163046, 19.991793, 19.995449, 19.957659, 19.885632, 0.27707413, 0.33107531, 0.34478280, 0.34715748, 0.34824088, 0.34916300, 0.34995896, 0.34997725, 0.34978831, 0.34942815, 0.56961232
0.21340337, 1.0000000, 0.48334551, 2.0760446, 6.2917118, 9.4673672, 9.7062187, 9.8155251, 9.9095602, 19.990219, 19.992195, 19.943752, 19.878464, 0.27075922, 0.31291491, 0.34467199, 0.34706184, 0.34815508, 0.34909555, 0.34995109, 0.34996098, 0.34971875, 0.34939232, 0.48334551
0.18907833, 1.0000000, 0.39521128, 1.4555424, 4.4101448, 9.4301033, 9.6826563, 9.7998734, 9.9005623, 19.988066, 19.986990, 19.929855, 19.873106, 0.26455396, 0.29409876, 0.34429818, 0.34682596, 0.34799844, 0.34900555, 0.34994033, 0.34993494, 0.34964928, 0.34936553, 0.39521128
0.16557705, 1.0000000, 0.31006178, 0.85889995, 2.9181094, 8.7384262, 9.6412745, 9.7733145, 9.8871927, 19.985607, 19.979668, 19.916796, 19.869165, 0.25858709, 0.27917722, 0.33737847, 0.34641147, 0.34773248, 0.34887171, 0.34992802, 0.34989834, 0.34958398, 0.34934583, 0.31006178
0.25123960, 1.0000000, 0.62043321, 3.2059677, 8.9812260, 9.4554110, 9.7381859, 9.8257418, 9.9064722, 19.985126, 19.970896, 19.905287, 19.866301, 0.28205621, 0.33980644, 0.34455109, 0.34738123, 0.34825709, 0.34906459, 0.34992564, 0.34985447, 0.34952644, 0.34933150, 0.62043321
0.24512315, 1.0000000, 0.59827226, 2.9561639, 8.5949430, 9.5752745, 9.7605247, 9.8414125, 9.9145231, 19.983789, 19.960306, 19.895403, 19.864223, 0.27956042, 0.33594730, 0.34575155, 0.34760502, 0.34841400, 0.34914520, 0.34991896, 0.34980154, 0.34947702, 0.34932113, 0.59827226
0.35598445, 1.0000000, 0.99994355, 9.9999990, 9.9999962, 9.9999962, 9.9999990, 9.9999990, 9.9999990, 19.999998, 19.999998, 19.999998, 19.998999, 0.34999225, 0.34999532, 0.34999764, 0.34999952, 0.34999976, 0.34999990, 0.34999999, 0.34999999, 0.34999999, 0.34999499, 0.99994355
0.35599470, 1.0000000, 0.99998069, 9.9999342, 9.9999609, 9.9999752, 9.9999962, 9.9999962, 9.9999990, 19.999998, 19.999998, 19.999998, 19.997997, 0.34999734, 0.34999841, 0.34999916, 0.34999985, 0.34999990, 0.34999996, 0.34999999, 0.34999999, 0.34999999, 0.34998998, 0.99998069
0.35575104, 1.0000000, 0.99909788, 9.9877834, 9.9927082, 9.9963436, 9.9992666, 9.9996328, 9.9998741, 19.999998, 19.999998, 19.999990, 19.992998, 0.34987578, 0.34992585, 0.34996280, 0.34999254, 0.34999627, 0.34999871, 0.34999999, 0.34999999, 0.34999996, 0.34996498, 0.99909788
0.34404403, 1.0000000, 0.95668119, 9.3432875, 9.7288351, 9.8531418, 9.9661312, 9.9828739, 9.9941921, 19.999964, 19.999987, 19.999525, 19.969461, 0.34343082, 0.34728706, 0.34853077, 0.34966120, 0.34982869, 0.34994188, 0.34999982, 0.34999993, 0.34999764, 0.34984732, 0.95668119
0.35586619, 1.0000000, 0.99951524, 9.9997196, 9.9996185, 9.9734144, 9.9865990, 9.9932680, 9.9977503, 19.999998, 19.999998, 19.999969, 19.988020, 0.34999594, 0.34999543, 0.34973374, 0.34986588, 0.34993264, 0.34997749, 0.34999999, 0.34999999, 0.34999985, 0.34994009, 0.99951524
0.35594749, 1.0000000, 0.99980980, 9.9975700, 9.9985390, 9.9992695, 9.9998560, 9.9999275, 9.9999752, 19.999998, 19.999998, 19.999989, 19.991005, 0.34997386, 0.34998429, 0.34999213, 0.34999844, 0.34999922, 0.34999973, 0.34999999, 0.34999999, 0.34999993, 0.34995502, 0.99980980
0.32696086, 1.0000000, 0.89478570, 8.2998095, 9.4857330, 9.7038565, 9.9146576, 9.9560061, 9.9836884, 19.998587, 19.999641, 19.999853, 19.985031, 0.33299750, 0.34485695, 0.34703836, 0.34914654, 0.34956002, 0.34983689, 0.34999293, 0.34999821, 0.34999925, 0.34992516, 0.89478570
0.29445118, 1.0000000, 0.77699703, 6.0520239, 9.3643723, 9.6054058, 9.8447313, 9.9157763, 9.9672327, 19.997072, 19.999249, 19.998880, 19.961918, 0.31051931, 0.34364286, 0.34605360, 0.34844723, 0.34915769, 0.34967229, 0.34998536, 0.34999624, 0.34999439, 0.34980959, 0.77699703
0.25827757, 1.0000000, 0.64593315, 3.5113623, 9.2737923, 9.5355577, 9.7854919, 9.8776083, 9.9496384, 19.995584, 19.998854, 19.995913, 19.940794, 0.28511092, 0.34273362, 0.34535336, 0.34785447, 0.34877583, 0.34949630, 0.34997791, 0.34999427, 0.34997958, 0.34970397, 0.64593315
0.22714211, 1.0000000, 0.53312355, 2.2876918, 7.5930243, 9.4707251, 9.7286539, 9.8388891, 9.9291172, 19.992937, 19.998142, 19.990175, 19.922438, 0.27287525, 0.32592693, 0.34470519, 0.34728611, 0.34838867, 0.34929112, 0.34996468, 0.34999073, 0.34995088, 0.34961218, 0.53312355
0.20689271, 1.0000000, 0.45975620, 1.7873824, 5.9766521, 9.4830952, 9.7214823, 9.8288088, 9.9201031, 19.991615, 19.997570, 19.981600, 19.907232, 0.26787186, 0.30976257, 0.34482780, 0.34721416, 0.34828776, 0.34920090, 0.34995806, 0.34998786, 0.34990799, 0.34953615, 0.45975620
0.18439859, 1.0000000, 0.37825578, 1.2686223, 4.1578865, 9.4249821, 9.6898117, 9.8073940, 9.9079056, 19.990252, 19.996523, 19.970438, 19.895056, 0.26268476, 0.29157597, 0.34424654, 0.34689742, 0.34807360, 0.34907895, 0.34995127, 0.34998262, 0.34985220, 0.34947526, 0.37825578
0.16461816, 1.0000000, 0.30658752, 0.77278316, 2.9008656, 8.8230677, 9.6597042, 9.7864885, 9.8954010, 19.987875, 19.994364, 19.957378, 19.885590, 0.25772607, 0.27900469, 0.33822465, 0.34659573, 0.34786424, 0.34895378, 0.34993938, 0.34997183, 0.34978688, 0.34942794, 0.30658752
0.17384976, 1.0000000, 0.34003532, 1.8069714, 2.6180804, 8.1584806, 9.7093887, 9.8117075, 9.9030991, 19.987598, 19.991394, 19.943581, 19.878439, 0.26806661, 0.27617812, 0.33158064, 0.34709290, 0.34811658, 0.34903082, 0.34993798, 0.34995696, 0.34971792, 0.34939221, 0.34003532
0.15879956, 0.95159024, 0.28550562, 1.2487054, 2.1671772, 7.2919054, 9.6808081, 9.7965689, 9.8964567, 19.985498, 19.986195, 19.929707, 19.873083, 0.26248622, 0.27167091, 0.32291761, 0.34680769, 0.34796548, 0.34896451, 0.34992748, 0.34993097, 0.34964854, 0.34936541, 0.28550562
0.14604095, 0.79751611, 0.23927876, 0.81399381, 1.7753273, 6.4477725, 9.6695986, 9.7889471, 9.8921623, 19.983337, 19.978952, 19.916679, 19.869135, 0.25813714, 0.26774961, 0.31447113, 0.34669399, 0.34788847, 0.34892130, 0.34991670, 0.34989476, 0.34958339, 0.34934568, 0.23927876
0.13692646, 0.68744874, 0.20625526, 0.63394308, 1.4164478, 5.5685072, 9.6528111, 9.7782269, 9.8870640, 19.981316, 19.969782, 19.905079, 19.866270, 0.25633702, 0.26416123, 0.30567867, 0.34652591, 0.34778112, 0.34887025, 0.34990656, 0.34984893, 0.34952539, 0.34933135, 0.20625526
0.12674193, 0.56445956, 0.16935481, 0.35618842, 1.0977745, 4.6764169, 9.6312332, 9.7649202, 9.8809814, 19.978989, 19.958998, 19.895184, 19.864201, 0.25356096, 0.26097605, 0.29676056, 0.34631085, 0.34764847, 0.34880954, 0.34989494, 0.34979498, 0.34947592, 0.34932101, 0.16935481
0.18852770, 1.0000000, 0.39321631, 2.1726518, 3.3123991, 9.1204243, 9.6214638, 9.7574053, 9.8759556, 19.974733, 19.946806, 19.886908, 19.862690, 0.27172312, 0.28312087, 0.34119993, 0.34621376, 0.34757361, 0.34875941, 0.34987366, 0.34973404, 0.34943455, 0.34931344, 0.39321631
0.16656685, 1.0000000, 0.31364799, 1.4138132, 2.3686886, 8.2303743, 9.6271973, 9.7595043, 9.8751202, 19.968904, 19.934099, 19.880207, 19.861603, 0.26413652, 0.27368528, 0.33230090, 0.34627131, 0.34759471, 0.34875107, 0.34984452, 0.34967050, 0.34940103, 0.34930801, 0.31364799
0.14925331, 0.83630878, 0.25091773, 0.85318983, 1.8321097, 6.9945636, 9.6131926, 9.7513599, 9.8714409, 19.962223, 19.921831, 19.874956, 19.860826, 0.25852987, 0.26831850, 0.31994069, 0.34613055, 0.34751293, 0.34871417, 0.34981111, 0.34960917, 0.34937477, 0.34930414, 0.25091773
0.13432059, 0.65597999, 0.19681369, 0.43258667, 1.3538808, 5.7525687, 9.5939503, 9.7391367, 9.8652229, 19.953928, 19.910368, 19.870876, 19.860292, 0.25432330, 0.26353401, 0.30751550, 0.34593612, 0.34738964, 0.34865165, 0.34976965, 0.34955186, 0.34935439, 0.34930146, 0.19681369
0.12096697, 0.49472064, 0.14843103, 0.13856292, 0.91134906, 4.4010825, 9.5566807, 9.7150440, 9.8531504, 19.944391, 19.900139, 19.867767, 19.859896, 0.25138491, 0.25911072, 0.29400414, 0.34556392, 0.34714898, 0.34853101, 0.34972197, 0.34950069, 0.34933883, 0.34929949, 0.14843103
0.11056492, 0.36910468, 0.11074248, 0.0000000, 0.56116879, 3.0624292, 9.5145073, 9.6876717, 9.8389215, 19.934114, 19.891375, 19.865408, 19.859598, 0.24999584, 0.25560865, 0.28061602, 0.34513992, 0.34687409, 0.34838831, 0.34967059, 0.34945688, 0.34932703, 0.34929800, 0.11074248
0.10564847, 0.30973318, 0.92929251E-1, 0.0000000, 0.32023787, 2.4631233, 8.9802551, 9.6862526, 9.8342476, 19.922970, 19.883936, 19.863611, 19.859415, 0.24999584, 0.25320116, 0.27462655, 0.33979917, 0.34686068, 0.34834185, 0.34961486, 0.34941968, 0.34931806, 0.34929708, 0.92929251E-1
0.10122645, 0.25633240, 0.76907411E-1, 0.0000000, 0.13450682, 1.9105613, 8.2770605, 9.6572437, 9.8190794, 19.912050, 19.877867, 19.862288, 19.859299, 0.24999584, 0.25134426, 0.26909998, 0.33276573, 0.34656957, 0.34818983, 0.34956026, 0.34938934, 0.34931144, 0.34929651, 0.76907411E-1
0.96973643E-1, 0.20497522, 0.61498716E-1, 0.0000000, 0.13494492E-1, 1.3180256, 7.3459377, 9.5991468, 9.7893581, 19.901926, 19.873062, 19.861309, 19.859222, 0.24999584, 0.25013486, 0.26317644, 0.32345515, 0.34598869, 0.34789264, 0.34950963, 0.34936529, 0.34930655, 0.34929612, 0.61498716E-1
0.94248906E-1, 0.17207101, 0.51626466E-1, 0.0000000, 0.0000000, 0.88228285, 6.3820610, 9.5787725, 9.7745352, 19.892616, 19.869251, 19.860569, 19.859180, 0.24999584, 0.24999952, 0.25881839, 0.31381419, 0.34578294, 0.34774372, 0.34946308, 0.34934625, 0.34930283, 0.34929591, 0.51626466E-1
0.92904940E-1, 0.15584119, 0.46757031E-1, 0.0000000, 0.0000000, 0.68319440, 5.7202082, 9.6395817, 9.7982340, 19.885069, 19.866438, 19.860086, 19.859152, 0.24999584, 0.24999952, 0.25682747, 0.30719459, 0.34638953, 0.34798020, 0.34942535, 0.34933218, 0.34930044, 0.34929577, 0.46757031E-1
0.90950333E-1, 0.13223721, 0.39675131E-1, 0.0000000, 0.0000000, 0.40772259, 4.7794962, 9.5608969, 9.7630405, 19.878075, 19.864105, 19.859718, 19.859110, 0.24999584, 0.24999952, 0.25407642, 0.29779312, 0.34560713, 0.34762979, 0.34939039, 0.34932053, 0.34929860, 0.34929556, 0.39675131E-1
0.89460850E-1, 0.11425006, 0.34278445E-1, 0.0000000, 0.0000000, 0.23925602, 3.8407533, 9.5336008, 9.7476311, 19.872997, 19.862524, 19.859482, 19.859087, 0.24999584, 0.24999952, 0.25239035, 0.28840050, 0.34532729, 0.34747332, 0.34936500, 0.34931260, 0.34929740, 0.34929544, 0.34278445E-1
0.88054970E-1, 0.97272500E-1, 0.29184669E-1, 0.0000000, 0.0000000, 0.10173321, 2.9646218, 9.2730608, 9.7206078, 19.868160, 19.861158, 19.859251, 19.859051, 0.24999584, 0.24999952, 0.25101626, 0.27964002, 0.34272093, 0.34720269, 0.34934080, 0.34930581, 0.34929627, 0.34929526, 0.29184669E-1
0.20178197, 1.0000000, 0.44123900, 2.8705657, 3.8124485, 9.0667772, 9.3614798, 9.6076708, 9.8093824, 19.865868, 19.860546, 19.859222, 19.859045, 0.27869833, 0.28811866, 0.34066084, 0.34361336, 0.34607595, 0.34809357, 0.34932935, 0.34930274, 0.34929612, 0.34929523, 0.44123900
0.35599899, 1.0000000, 0.99999636, 9.9999990, 9.9999990, 9.9999990, 9.9999990, 9.9999990, 9.9999990, 19.999998, 19.999998, 19.999998, 19.998999, 0.34999949, 0.34999970, 0.34999985, 0.34999996, 0.34999996, 0.34999999, 0.34999999, 0.34999999, 0.34999999, 0.34999499, 0.99999636
0.35599840, 1.0000000, 0.99999404, 9.9999428, 9.9999638, 9.9999790, 9.9999962, 9.9999962, 9.9999990, 19.999998, 19.999998, 19.999998, 19.997997, 0.34999919, 0.34999949, 0.34999973, 0.34999996, 0.34999996, 0.34999999, 0.34999999, 0.34999999, 0.34999999, 0.34998998, 0.99999404
0.35515255, 1.0000000, 0.99692959, 9.9998112, 9.9556789, 9.8909674, 9.9759274, 9.9878674, 9.9958735, 19.999922, 19.999981, 19.999975, 19.989016, 0.34999764, 0.34955651, 0.34890953, 0.34975925, 0.34987867, 0.34995872, 0.34999961, 0.34999990, 0.34999987, 0.34994507, 0.99692959
0.33393025, 1.0000000, 0.92003715, 8.7596664, 9.5513697, 9.7218828, 9.9189100, 9.9580402, 9.9849033, 19.999224, 19.999802, 19.999275, 19.965666, 0.33759642, 0.34551355, 0.34721872, 0.34918907, 0.34958041, 0.34984905, 0.34999612, 0.34999901, 0.34999639, 0.34982833, 0.92003715
0.33945954, 1.0000000, 0.94007069, 9.2435455, 9.4528446, 9.6621866, 9.8698206, 9.9296350, 9.9730539, 19.998032, 19.999493, 19.996742, 19.944166, 0.34241974, 0.34451881, 0.34661695, 0.34869719, 0.34929585, 0.34973037, 0.34999016, 0.34999746, 0.34998372, 0.34972084, 0.94007069
0.35599136, 1.0000000, 0.99996871, 9.9996929, 9.9998178, 9.9999104, 9.9999819, 9.9999905, 9.9999962, 19.999998, 19.999998, 19.999998, 19.996996, 0.34999567, 0.34999743, 0.34999871, 0.34999973, 0.34999987, 0.34999996, 0.34999999, 0.34999999, 0.34999999, 0.34998497, 0.99996871
0.35599750, 1.0000000, 0.99999088, 9.9999990, 9.9999990, 9.9999962, 9.9999990, 9.9999990, 9.9999990, 19.999998, 19.999998, 19.999998, 19.998999, 0.34999874, 0.34999925, 0.34999961, 0.34999993, 0.34999996, 0.34999999, 0.34999999, 0.34999999, 0.34999999, 0.34999499, 0.99999088
0.35599101, 1.0000000, 0.99996728, 9.9997435, 9.9998446, 9.9999218, 9.9999819, 9.9999933, 9.9999990, 19.999998, 19.999998, 19.999998, 19.996996, 0.34999549, 0.34999728, 0.34999865, 0.34999970, 0.34999987, 0.34999996, 0.34999999, 0.34999999, 0.34999999, 0.34998497, 0.99996728
0.34969580, 1.0000000, 0.97715873, 9.6986876, 9.8022518, 9.8841686, 9.9733620, 9.9865627, 9.9953012, 19.999796, 19.999945, 19.999956, 19.987026, 0.34698641, 0.34802222, 0.34884155, 0.34973359, 0.34986562, 0.34995300, 0.34999898, 0.34999973, 0.34999979, 0.34993511, 0.97715873
0.35599577, 1.0000000, 0.99998456, 9.9999008, 9.9999399, 9.9999666, 9.9999933, 9.9999962, 9.9999990, 19.999998, 19.999998, 19.999998, 19.997997, 0.34999788, 0.34999871, 0.34999934, 0.34999987, 0.34999993, 0.34999999, 0.34999999, 0.34999999, 0.34999999, 0.34998998, 0.99998456
0.31791443, 1.0000000, 0.86200869, 7.7047553, 9.4135180, 9.6526680, 9.8909330, 9.9431782, 9.9786501, 19.998037, 19.999493, 19.999599, 19.974239, 0.32704735, 0.34413502, 0.34652659, 0.34890929, 0.34943178, 0.34978649, 0.34999019, 0.34999746, 0.34999800, 0.34987119, 0.86200869
0.27805206, 1.0000000, 0.71757990, 4.9262886, 9.2917910, 9.5523024, 9.8070078, 9.8933258, 9.9570303, 19.995363, 19.998800, 19.997761, 19.951899, 0.29926154, 0.34291643, 0.34552225, 0.34806994, 0.34893316, 0.34957027, 0.34997681, 0.34999400, 0.34998882, 0.34975949, 0.71757990
0.25364587, 1.0000000, 0.62915164, 3.1123557, 9.3551283, 9.5831394, 9.7946596, 9.8798771, 9.9486094, 19.994780, 19.998644, 19.993696, 19.932016, 0.28111973, 0.34354442, 0.34582788, 0.34794587, 0.34879842, 0.34948596, 0.34997389, 0.34999323, 0.34996849, 0.34966010, 0.62915164
0.34672570, 1.0000000, 0.96639752, 9.6421843, 9.5973930, 9.7742205, 9.9392128, 9.9689074, 9.9885750, 19.999063, 19.999754, 19.999887, 19.985031, 0.34642017, 0.34597296, 0.34774169, 0.34939203, 0.34968901, 0.34988573, 0.34999532, 0.34999877, 0.34999943, 0.34992516, 0.96639752
0.34164488, 1.0000000, 0.94798869, 9.2053747, 9.6826563, 9.8268909, 9.9585152, 9.9789534, 9.9926977, 19.999773, 19.999945, 19.999943, 19.986031, 0.34205326, 0.34682626, 0.34826878, 0.34958512, 0.34978950, 0.34992698, 0.34999886, 0.34999973, 0.34999973, 0.34993017, 0.94798869
0.32825783, 1.0000000, 0.89948481, 8.4103050, 9.4710522, 9.6837912, 9.8963842, 9.9455967, 9.9798498, 19.998640, 19.999653, 19.999052, 19.962851, 0.33410087, 0.34470907, 0.34683716, 0.34896371, 0.34945586, 0.34979847, 0.34999320, 0.34999827, 0.34999526, 0.34981424, 0.89948481
0.35599798, 1.0000000, 0.99999267, 9.9999485, 9.9999695, 9.9999847, 9.9999962, 9.9999962, 9.9999990, 19.999998, 19.999998, 19.999998, 19.997997, 0.34999898, 0.34999940, 0.34999970, 0.34999993, 0.34999993, 0.34999999, 0.34999999, 0.34999999, 0.34999999, 0.34998998, 0.99999267
0.35599887, 1.0000000, 0.99999583, 9.9999990, 9.9999962, 9.9999990, 9.9999990, 9.9999990, 9.9999990, 19.999998, 19.999998, 19.999998, 19.998999, 0.34999943, 0.34999964, 0.34999982, 0.34999996, 0.34999996, 0.34999999, 0.34999999, 0.34999999, 0.34999999, 0.34999499, 0.99999583
0.33429635, 1.0000000, 0.92136353, 8.7824869, 9.5462179, 9.7417498, 9.9301434, 9.9641733, 9.9871683, 19.999302, 19.999813, 19.999714, 19.975233, 0.33782434, 0.34546185, 0.34741732, 0.34930140, 0.34964171, 0.34987170, 0.34999651, 0.34999907, 0.34999856, 0.34987617, 0.92136353
0.29955828, 1.0000000, 0.79550093, 6.4286795, 9.3550329, 9.6020870, 9.8485928, 9.9185400, 9.9686546, 19.997347, 19.999302, 19.998003, 19.952820, 0.31428400, 0.34354788, 0.34601963, 0.34848565, 0.34918529, 0.34968653, 0.34998673, 0.34999651, 0.34999001, 0.34976411, 0.79550093
0.33895463, 1.0000000, 0.93824130, 9.0448322, 9.6404095, 9.8013878, 9.9469738, 9.9729366, 9.9898977, 19.998968, 19.999725, 19.999901, 19.987009, 0.34044445, 0.34640163, 0.34801263, 0.34946945, 0.34972924, 0.34989896, 0.34999484, 0.34999862, 0.34999949, 0.34993505, 0.93824130
0.35255361, 1.0000000, 0.98751295, 9.8263865, 9.9050674, 9.9515419, 9.9900103, 9.9949980, 9.9983273, 19.999998, 19.999998, 19.999983, 19.990009, 0.34823737, 0.34903464, 0.34950736, 0.34989849, 0.34994918, 0.34998301, 0.34999999, 0.34999999, 0.34999990, 0.34995005, 0.98751295
0.35599774, 1.0000000, 0.99999177, 9.9999990, 9.9999990, 9.9999990, 9.9999990, 9.9999990, 9.9999990, 19.999998, 19.999998, 19.999998, 19.998999, 0.34999886, 0.34999931, 0.34999967, 0.34999993, 0.34999996, 0.34999999, 0.34999999, 0.34999999, 0.34999999, 0.34999499, 0.99999177
0.32595968, 1.0000000, 0.89115828, 8.2300549, 9.4828157, 9.7006044, 9.9135132, 9.9553833, 9.9836197, 19.998772, 19.999683, 19.999678, 19.975233, 0.33230010, 0.34482783, 0.34700590, 0.34913510, 0.34955379, 0.34983620, 0.34999385, 0.34999841, 0.34999838, 0.34987617, 0.89115828
0.28913227, 1.0000000, 0.75772554, 5.6897688, 9.3374910, 9.5858927, 9.8324156, 9.9087029, 9.9642572, 19.996756, 19.999165, 19.997967, 19.952820, 0.30689558, 0.34337282, 0.34585786, 0.34832394, 0.34908691, 0.34964254, 0.34998378, 0.34999582, 0.34998983, 0.34976411, 0.75772554
0.26721287, 1.0000000, 0.67830753, 4.0604105, 9.3947592, 9.6134033, 9.8188810, 9.8957186, 9.9570217, 19.996708, 19.999151, 19.994051, 19.932829, 0.29060066, 0.34394279, 0.34613156, 0.34818831, 0.34895691, 0.34957013, 0.34998354, 0.34999576, 0.34997025, 0.34966415, 0.67830753
0.25396967, 1.0000000, 0.63032484, 3.1156712, 9.3809757, 9.5968094, 9.7958345, 9.8786306, 9.9470692, 19.995632, 19.998770, 19.987194, 19.915804, 0.28115511, 0.34380683, 0.34596661, 0.34795806, 0.34878615, 0.34947062, 0.34997815, 0.34999385, 0.34993598, 0.34957904, 0.63032484
0.24148032, 1.0000000, 0.58507359, 2.8437316, 8.3546553, 9.5472069, 9.7632418, 9.8566618, 9.9345827, 19.993731, 19.997894, 19.977446, 19.901848, 0.27843708, 0.33354613, 0.34547183, 0.34763235, 0.34856659, 0.34934583, 0.34996864, 0.34998947, 0.34988722, 0.34950924, 0.58507359
0.22425099, 1.0000000, 0.52264845, 2.3787351, 7.0511098, 9.5453625, 9.7568388, 9.8495922, 9.9286003, 19.992704, 19.996670, 19.965431, 19.890842, 0.27378643, 0.32050946, 0.34545252, 0.34756815, 0.34849581, 0.34928599, 0.34996352, 0.34998333, 0.34982717, 0.34945422, 0.52264845
0.20478478, 1.0000000, 0.45211875, 1.8523127, 5.6017232, 9.5056629, 9.7341385, 9.8345089, 9.9197512, 19.990940, 19.994207, 19.951918, 19.882410, 0.26851943, 0.30601051, 0.34505093, 0.34734023, 0.34834450, 0.34919730, 0.34995469, 0.34997103, 0.34975958, 0.34941205, 0.45211875
0.18450323, 1.0000000, 0.37863487, 1.3343811, 4.0410099, 9.4663305, 9.7077141, 9.8169794, 9.9099770, 19.988861, 19.990128, 19.937893, 19.876024, 0.26333562, 0.29039523, 0.34464589, 0.34707355, 0.34816799, 0.34909916, 0.34994429, 0.34995064, 0.34968945, 0.34938014, 0.37863487
0.16771770, 1.0000000, 0.31781769, 0.90449154, 2.9301465, 9.0710087, 9.6908531, 9.8047209, 9.9024668, 19.986782, 19.984100, 19.924276, 19.871300, 0.25903803, 0.27928808, 0.34068939, 0.34690413, 0.34804496, 0.34902391, 0.34993392, 0.34992051, 0.34962139, 0.34935650, 0.31781769
0.15406823, 0.89445448, 0.26836318, 0.53985715, 2.4017959, 8.0514603, 9.6690550, 9.7901745, 9.8945236, 19.984491, 19.975979, 19.911768, 19.867834, 0.25539383, 0.27400535, 0.33049345, 0.34668547, 0.34789920, 0.34894437, 0.34992245, 0.34987989, 0.34955883, 0.34933919, 0.26836318
0.14252582, 0.75506717, 0.22654282, 0.27081966, 1.9478887, 7.0687666, 9.6581593, 9.7818995, 9.8892841, 19.981894, 19.965944, 19.900805, 19.865335, 0.25270629, 0.26947063, 0.32067269, 0.34657750, 0.34781694, 0.34889215, 0.34990948, 0.34982973, 0.34950402, 0.34932667, 0.22654282
0.18359584, 1.0000000, 0.37534726, 2.8296530, 2.9208362, 6.5029140, 9.7112989, 9.8107557, 9.9001017, 19.980183, 19.954817, 19.891655, 19.863531, 0.27828345, 0.27920026, 0.31502011, 0.34711030, 0.34810618, 0.34900057, 0.34990090, 0.34977409, 0.34945828, 0.34931767, 0.37534726
0.18103337, 1.0000000, 0.36606294, 2.8710575, 2.2495956, 7.0824556, 9.7072210, 9.8106575, 9.9013042, 19.976994, 19.942715, 19.884138, 19.862230, 0.27871019, 0.27249578, 0.32082427, 0.34707212, 0.34810653, 0.34901303, 0.34988496, 0.34971356, 0.34942070, 0.34931114, 0.36606294
0.22442797, 1.0000000, 0.52328974, 2.3791237, 7.6139812, 8.4898605, 9.6517496, 9.7788782, 9.8881588, 19.971130, 19.930111, 19.878036, 19.861273, 0.27379110, 0.32613960, 0.33489847, 0.34651747, 0.34778878, 0.34888160, 0.34985566, 0.34965056, 0.34939018, 0.34930637, 0.52328974
0.19903427, 1.0000000, 0.43128353, 1.8219054, 4.9929152, 9.4499483, 9.6832867, 9.7945528, 9.8921328, 19.963797, 19.918026, 19.873259, 19.860609, 0.26821613, 0.29992434, 0.34449494, 0.34683195, 0.34794503, 0.34892118, 0.34981897, 0.34959012, 0.34936631, 0.34930304, 0.43128353
0.17904516, 1.0000000, 0.35885924, 1.3321161, 3.3940408, 9.4514923, 9.6833324, 9.7949667, 9.8917074, 19.955036, 19.906965, 19.869591, 19.860121, 0.26331896, 0.28393704, 0.34451023, 0.34683236, 0.34794921, 0.34891692, 0.34977520, 0.34953481, 0.34934795, 0.34930059, 0.35885924
0.16349965, 1.0000000, 0.30253500, 0.90337992, 2.6051879, 8.7066965, 9.6713915, 9.7881470, 9.8879671, 19.944782, 19.897152, 19.866789, 19.859779, 0.25903174, 0.27604830, 0.33706099, 0.34671259, 0.34788078, 0.34887943, 0.34972391, 0.34948575, 0.34933394, 0.34929889, 0.30253500
0.15039831, 0.85013616, 0.25506637, 0.56142807, 2.1204085, 7.6562076, 9.6559658, 9.7783451, 9.8823147, 19.933851, 19.888826, 19.864668, 19.859539, 0.25561225, 0.27119952, 0.32655382, 0.34655756, 0.34778240, 0.34882277, 0.34966925, 0.34944412, 0.34932333, 0.34929770, 0.25506637
0.13881052, 0.71020091, 0.21308158, 0.29305816, 1.6877413, 6.6214905, 9.6423769, 9.7689619, 9.8759604, 19.922550, 19.881912, 19.863089, 19.859362, 0.25292888, 0.26687157, 0.31620345, 0.34642044, 0.34768793, 0.34875903, 0.34961274, 0.34940955, 0.34931543, 0.34929681, 0.21308158
0.12834947, 0.58387232, 0.17517921, 0.97119808E-1, 1.2891889, 5.5509548, 9.6201496, 9.7542667, 9.8671036, 19.911646, 19.876331, 19.861912, 19.859287, 0.25097045, 0.26288599, 0.30549684, 0.34619707, 0.34754044, 0.34867027, 0.34955823, 0.34938166, 0.34930956, 0.34929645, 0.17517921
0.11858156, 0.46591434, 0.13978828, 0.0000000, 0.89213848, 4.3213024, 9.5740566, 9.7245998, 9.8515673, 19.901506, 19.871916, 19.861052, 19.859222, 0.24997288, 0.25891709, 0.29320261, 0.34573594, 0.34724364, 0.34851488, 0.34950754, 0.34935957, 0.34930527, 0.34929612, 0.13978828
0.11075453, 0.37139446, 0.11142948, 0.0000000, 0.57979226, 3.0661471, 9.5353317, 9.6978970, 9.8365583, 19.892984, 19.868597, 19.860456, 19.859205, 0.24997288, 0.25579429, 0.28065187, 0.34534734, 0.34697592, 0.34836456, 0.34946492, 0.34934300, 0.34930229, 0.34929603, 0.11142948
0.10564998, 0.30975139, 0.92934713E-1, 0.0000000, 0.34349263, 2.4184763, 8.9796400, 9.6789656, 9.8245554, 19.885298, 19.865965, 19.860018, 19.859175, 0.24997288, 0.25343311, 0.27417839, 0.33979166, 0.34678710, 0.34824470, 0.34942648, 0.34932983, 0.34930009, 0.34929588, 0.92934713E-1
0.14045665, 0.73007965, 0.21904580, 1.7172992, 1.8432021, 2.1775007, 8.5901461, 9.7268801, 9.8410063, 19.878878, 19.863976, 19.859711, 19.859158, 0.26716524, 0.26842704, 0.27177206, 0.33589914, 0.34726748, 0.34840962, 0.34939438, 0.34931988, 0.34929854, 0.34929579, 0.21904580
0.16206637, 0.99104047, 0.29734188, 2.8564482, 2.2396445, 2.8163552, 8.5320234, 9.7446375, 9.8479004, 19.873873, 19.862532, 19.859499, 19.859144, 0.27855694, 0.27239290, 0.27816132, 0.33531889, 0.34744561, 0.34847873, 0.34936935, 0.34931266, 0.34929749, 0.34929574, 0.29734188
0.14493415, 0.78415048, 0.23526867, 1.9810289, 1.8007636, 2.5363235, 8.2026300, 9.7493954, 9.8492966, 19.869215, 19.861288, 19.859354, 19.859116, 0.26980931, 0.26800710, 0.27536285, 0.33202606, 0.34749380, 0.34849292, 0.34934607, 0.34930643, 0.34929678, 0.34929559, 0.23526867
0.13312995, 0.64160198, 0.19249985, 1.4098197, 1.4745951, 2.3034425, 7.8992720, 9.7552996, 9.8512735, 19.866209, 19.860559, 19.859295, 19.859110, 0.26409343, 0.26474294, 0.27303207, 0.32899112, 0.34755200, 0.34851241, 0.34933105, 0.34930280, 0.34929648, 0.34929556, 0.19249985
0.13346007, 0.64558840, 0.19369589, 1.6442895, 1.2407154, 2.1212161, 7.6322813, 9.7669230, 9.8552313, 19.864010, 19.860054, 19.859247, 19.859098, 0.26643819, 0.26240504, 0.27121034, 0.32632151, 0.34766841, 0.34855205, 0.34932005, 0.34930027, 0.34929624, 0.34929550, 0.19369589
0.12246910, 0.51286054, 0.15387355, 1.0953993, 0.97311735, 1.8939883, 7.3233733, 9.7526226, 9.8495169, 19.862051, 19.859606, 19.859180, 19.859076, 0.26095086, 0.25972950, 0.26893827, 0.32323247, 0.34752539, 0.34849492, 0.34931025, 0.34929803, 0.34929591, 0.34929538, 0.15387355
0.11376466, 0.40774497, 0.12233572, 0.69049597, 0.74277520, 1.6705632, 6.9868832, 9.7397156, 9.8437891, 19.860672, 19.859335, 19.859127, 19.859064, 0.25690219, 0.25742596, 0.26670364, 0.31986716, 0.34739599, 0.34843752, 0.34930336, 0.34929669, 0.34929565, 0.34929532, 0.12233572
0.10593429, 0.31318477, 0.93964830E-1, 0.35782754, 0.51726401, 1.4219850, 6.5885730, 9.7157269, 9.8333664, 19.859426, 19.859081, 19.859064, 19.859039, 0.25357521, 0.25516999, 0.26421618, 0.31588233, 0.34715477, 0.34833282, 0.34929714, 0.34929541, 0.34929532, 0.34929520, 0.93964830E-1
0.10114633, 0.25536484, 0.76617114E-1, 0.17885566, 0.36902726, 1.2324005, 6.2146282, 9.7170572, 9.8326197, 19.858566, 19.858875, 19.859011, 19.859022, 0.25178713, 0.25368848, 0.26232103, 0.31214327, 0.34716821, 0.34832540, 0.34929281, 0.34929436, 0.34929505, 0.34929511, 0.76617114E-1
0.97099528E-1, 0.20649533, 0.61954796E-1, 0.61216950E-1, 0.23373961, 1.0117233, 5.7585044, 9.6883554, 9.8206730, 19.858120, 19.858757, 19.858969, 19.859011, 0.25061160, 0.25233608, 0.26011437, 0.30758181, 0.34688085, 0.34820580, 0.34929061, 0.34929377, 0.34929484, 0.34929505, 0.61954796E-1
0.14374179, 0.76975131, 0.23094849, 1.8191814, 2.2813559, 2.1464407, 6.6122589, 9.7510729, 9.8441916, 19.858177, 19.858757, 19.858963, 19.859011, 0.26818758, 0.27281037, 0.27146292, 0.31612167, 0.34751004, 0.34844166, 0.34929088, 0.34929377, 0.34929481, 0.34929505, 0.23094849
0.32376963, 1.0000000, 0.88322318, 8.3965416, 9.1461935, 9.3760233, 9.5920296, 9.8058338, 9.8661423, 19.858324, 19.858757, 19.858963, 19.859011, 0.33395901, 0.34145775, 0.34375808, 0.34591985, 0.34805810, 0.34866133, 0.34929162, 0.34929377, 0.34929481, 0.34929505, 0.88322318
0.35599506, 1.0000000, 0.99998200, 9.9998503, 9.9999104, 9.9999542, 9.9999905, 9.9999962, 9.9999990, 19.999998, 19.999998, 19.999998, 19.996996, 0.34999752, 0.34999850, 0.34999925, 0.34999985, 0.34999993, 0.34999999, 0.34999999, 0.34999999, 0.34999999, 0.34998497, 0.99998200
0.35599762, 1.0000000, 0.99999130, 9.9999990, 9.9999962, 9.9999990, 9.9999990, 9.9999990, 9.9999990, 19.999998, 19.999998, 19.999998, 19.998999, 0.34999880, 0.34999925, 0.34999964, 0.34999993, 0.34999996, 0.34999999, 0.34999999, 0.34999999, 0.34999999, 0.34999499, 0.99999130
0.33387411, 1.0000000, 0.91983372, 8.7243147, 9.5810690, 9.7629128, 9.9376774, 9.9681292, 9.9887552, 19.999552, 19.999880, 19.999725, 19.975233, 0.33724082, 0.34580916, 0.34762836, 0.34937662, 0.34968120, 0.34988752, 0.34999776, 0.34999940, 0.34999862, 0.34987617, 0.91983372
0.29909927, 1.0000000, 0.79383785, 6.3858891, 9.3661480, 9.6098480, 9.8564978, 9.9231892, 9.9712362, 19.998329, 19.999563, 19.998062, 19.952848, 0.31385544, 0.34365845, 0.34609693, 0.34856465, 0.34923175, 0.34971231, 0.34999165, 0.34999782, 0.34999031, 0.34976423, 0.79383785
0.26778376, 1.0000000, 0.68037587, 4.1568117, 9.3248758, 9.5709753, 9.8084879, 9.8919764, 9.9570789, 19.997574, 19.999365, 19.994093, 19.932829, 0.29156637, 0.34324643, 0.34570855, 0.34808463, 0.34891963, 0.34957075, 0.34998786, 0.34999683, 0.34997046, 0.34966415, 0.68037587
0.24300568, 1.0000000, 0.59060025, 2.8108597, 8.5900908, 9.5508499, 9.7776394, 9.8692570, 9.9443903, 19.996429, 19.998972, 19.987236, 19.915804, 0.27810717, 0.33589828, 0.34550706, 0.34777609, 0.34869242, 0.34944385, 0.34998214, 0.34999487, 0.34993619, 0.34957904, 0.59060025
0.27622744, 1.0000000, 0.71096897, 4.7652326, 9.3251934, 9.5906286, 9.7834053, 9.8679876, 9.9399862, 19.995632, 19.998394, 19.977571, 19.901871, 0.29764915, 0.34324819, 0.34590435, 0.34783366, 0.34867966, 0.34939981, 0.34997815, 0.34999198, 0.34988785, 0.34950936, 0.71096897
0.24789314, 1.0000000, 0.60830843, 2.9862614, 8.8961449, 9.5437708, 9.7609491, 9.8530121, 9.9311991, 19.994524, 19.997158, 19.965544, 19.890877, 0.27985641, 0.33895037, 0.34543177, 0.34760827, 0.34852949, 0.34931180, 0.34997261, 0.34998578, 0.34982771, 0.34945437, 0.60830843
0.22866237, 1.0000000, 0.53863174, 2.4640083, 7.4502687, 9.5341864, 9.7499409, 9.8443174, 9.9250336, 19.993418, 19.994875, 19.952049, 19.882421, 0.27463451, 0.32449257, 0.34533539, 0.34749809, 0.34844252, 0.34925011, 0.34996709, 0.34997436, 0.34976023, 0.34941211, 0.53863174
0.20957771, 1.0000000, 0.46948442, 1.9615114, 5.9971633, 9.5115976, 9.7352848, 9.8340845, 9.9186440, 19.992029, 19.990969, 19.938078, 19.876072, 0.26960757, 0.30995783, 0.34510502, 0.34735063, 0.34833971, 0.34918606, 0.34996015, 0.34995484, 0.34969038, 0.34938037, 0.46948442
0.18979049, 1.0000000, 0.39779162, 1.4708638, 4.4481864, 9.4739695, 9.7131920, 9.8197317, 9.9109306, 19.990490, 19.985090, 19.924477, 19.871359, 0.26469889, 0.29446420, 0.34472090, 0.34712806, 0.34819537, 0.34910864, 0.34995246, 0.34992546, 0.34962237, 0.34935680, 0.39779162
0.17281520, 1.0000000, 0.33628696, 1.0842323, 3.0460589, 9.4663000, 9.7037382, 9.8123798, 9.9060984, 19.988815, 19.977152, 19.912004, 19.867893, 0.26083642, 0.28045064, 0.34464753, 0.34703422, 0.34812218, 0.34906045, 0.34994408, 0.34988576, 0.34956002, 0.34933946, 0.33628696
0.16113719, 0.97981983, 0.29397535, 0.77293515, 2.5624692, 8.6524935, 9.6967573, 9.8070087, 9.9025373, 19.986795, 19.967264, 19.901018, 19.865381, 0.25772414, 0.27561432, 0.33650741, 0.34696364, 0.34806809, 0.34902471, 0.34993398, 0.34983632, 0.34950510, 0.34932691, 0.29397535
0.15101491, 0.85758215, 0.25730038, 0.52607656, 2.1769257, 7.8035531, 9.6897497, 9.8020620, 9.8995523, 19.984133, 19.955839, 19.891766, 19.863554, 0.25525633, 0.27175826, 0.32801580, 0.34689260, 0.34801814, 0.34899467, 0.34992066, 0.34977919, 0.34945881, 0.34931776, 0.25730038
0.14196675, 0.74831587, 0.22451721, 0.32856464, 1.8290997, 6.9736428, 9.6827106, 9.7972183, 9.8967333, 19.980347, 19.943501, 19.884174, 19.862236, 0.25328243, 0.26828030, 0.31971601, 0.34682143, 0.34796932, 0.34896639, 0.34990174, 0.34971750, 0.34942088, 0.34931117, 0.22451721
0.13380043, 0.64969873, 0.19492911, 0.17445683, 1.5129805, 6.1513343, 9.6735096, 9.7911854, 9.8934669, 19.975149, 19.930965, 19.878113, 19.861273, 0.25174174, 0.26511502, 0.31148329, 0.34672564, 0.34790710, 0.34893307, 0.34987575, 0.34965482, 0.34939057, 0.34930637, 0.19492911
0.12804577, 0.58020478, 0.17407885, 0.11061728, 1.2835801, 5.4342937, 9.6783676, 9.7934237, 9.8938704, 19.968985, 19.919100, 19.873425, 19.860638, 0.25110325, 0.26281548, 0.30429992, 0.34676835, 0.34792650, 0.34893608, 0.34984493, 0.34959549, 0.34936711, 0.34930319, 0.17407885
0.14265499, 0.75662696, 0.22701079, 1.4258802, 1.1300147, 4.8870120, 9.7023754, 9.8068209, 9.8985929, 19.961193, 19.908178, 19.869791, 19.860157, 0.26422736, 0.26128519, 0.29883778, 0.34701091, 0.34806171, 0.34898376, 0.34980595, 0.34954089, 0.34934896, 0.34930080, 0.22701079
0.13477761, 0.66149920, 0.19846961, 1.1080325, 0.97162127, 4.3446741, 9.7015829, 9.8070669, 9.8984098, 19.951794, 19.898460, 19.867023, 19.859844, 0.26107854, 0.25971526, 0.29344463, 0.34701487, 0.34807020, 0.34898394, 0.34975898, 0.34949231, 0.34933513, 0.34929922, 0.19846961
0.12554961, 0.55006117, 0.16503486, 0.75524449, 0.77627599, 3.6961091, 9.6676159, 9.7877665, 9.8897085, 19.941002, 19.890099, 19.864914, 19.859581, 0.25754318, 0.25775704, 0.28694749, 0.34666905, 0.34787408, 0.34889588, 0.34970501, 0.34945050, 0.34932458, 0.34929791, 0.16503486
0.11706963, 0.44765615, 0.13431028, 0.46118796, 0.59075654, 3.0040369, 9.6412706, 9.7703419, 9.8798656, 19.929604, 19.883131, 19.863323, 19.859415, 0.25460705, 0.25590387, 0.28003097, 0.34640667, 0.34770036, 0.34879762, 0.34964803, 0.34941566, 0.34931663, 0.34929708, 0.13431028
0.11082442, 0.37223834, 0.11168268, 0.24331808, 0.42702854, 2.6249976, 9.2674932, 9.7507296, 9.8685789, 19.918369, 19.877481, 19.862146, 19.859299, 0.25243089, 0.25426787, 0.27624252, 0.34266967, 0.34750453, 0.34868488, 0.34959185, 0.34938741, 0.34931073, 0.34929651, 0.11168268
0.10567189, 0.31001598, 0.93014099E-1, 0.92422962E-1, 0.28718710, 2.2549212, 8.8279753, 9.7303162, 9.8563623, 19.907806, 19.872963, 19.861265, 19.859251, 0.25092196, 0.25286764, 0.27253258, 0.33826673, 0.34729597, 0.34856120, 0.34953904, 0.34936482, 0.34930632, 0.34929627, 0.93014099E-1
0.10211299, 0.26703843, 0.80119543E-1, 0.97453594E-2, 0.19029379, 1.9486636, 8.3967781, 9.7259045, 9.8505306, 19.898399, 19.869457, 19.860640, 19.859222, 0.25009739, 0.25190207, 0.26948225, 0.33396402, 0.34725687, 0.34850457, 0.34949201, 0.34934729, 0.34930319, 0.34929612, 0.80119543E-1
0.99585399E-1, 0.23651494, 0.70961580E-1, 0.0000000, 0.10765195, 1.6343713, 7.9132018, 9.7080479, 9.8400011, 19.890118, 19.866756, 19.860147, 19.859205, 0.24999391, 0.25107622, 0.26634142, 0.32912979, 0.34707910, 0.34839952, 0.34945059, 0.34933379, 0.34930074, 0.34929603, 0.70961580E-1
0.97277619E-1, 0.20864603, 0.62600069E-1, 0.0000000, 0.41550398E-1, 1.3221860, 7.3613172, 9.6845169, 9.8267918, 19.882977, 19.864624, 19.859804, 19.859180, 0.24999391, 0.25041541, 0.26322028, 0.32361141, 0.34684402, 0.34826753, 0.34941489, 0.34932312, 0.34929901, 0.34929591, 0.62600069E-1
0.95248893E-1, 0.18414700, 0.55249628E-1, 0.0000000, 0.0000000, 1.0388255, 6.7566528, 9.6651735, 9.8151197, 19.877058, 19.862997, 19.859577, 19.859163, 0.24999391, 0.24999478, 0.26038432, 0.31756142, 0.34664810, 0.34814999, 0.34938529, 0.34931499, 0.34929788, 0.34929582, 0.55249628E-1
0.94100803E-1, 0.17028254, 0.51089872E-1, 0.0000000, 0.0000000, 0.85869431, 6.2609878, 9.6814537, 9.8196421, 19.872250, 19.861773, 19.859442, 19.859144, 0.24999391, 0.24999478, 0.25858435, 0.31260610, 0.34681159, 0.34819543, 0.34936124, 0.34930885, 0.34929723, 0.34929574, 0.51089872E-1
0.93049891E-1, 0.15759160, 0.47282208E-1, 0.0000000, 0.0000000, 0.70106983, 5.7840295, 9.6829119, 9.8194857, 19.868362, 19.860865, 19.859354, 19.859121, 0.24999391, 0.24999478, 0.25700170, 0.30782542, 0.34681666, 0.34819067, 0.34934181, 0.34930432, 0.34929678, 0.34929562, 0.47282208E-1
0.92163965E-1, 0.14689307, 0.44072330E-1, 0.0000000, 0.0000000, 0.57583153, 5.3378587, 9.6862688, 9.8202610, 19.865440, 19.860237, 19.859295, 19.859104, 0.24999391, 0.24999478, 0.25575051, 0.30336410, 0.34684953, 0.34819818, 0.34932721, 0.34930119, 0.34929648, 0.34929553, 0.44072330E-1
0.91371872E-1, 0.13732775, 0.41202445E-1, 0.0000000, 0.0000000, 0.47149956, 4.9030180, 9.6852798, 9.8194580, 19.863365, 19.859842, 19.859251, 19.859081, 0.24999391, 0.24999478, 0.25470820, 0.29901606, 0.34683886, 0.34818986, 0.34931684, 0.34929922, 0.34929627, 0.34929541, 0.41202445E-1
0.90554908E-1, 0.12746197, 0.38242415E-1, 0.0000000, 0.0000000, 0.36793351, 4.4426956, 9.6725588, 9.8134661, 19.861437, 19.859489, 19.859175, 19.859070, 0.24999391, 0.24999478, 0.25367174, 0.29440859, 0.34670559, 0.34812790, 0.34930718, 0.34929746, 0.34929588, 0.34929535, 0.38242415E-1
0.15146029, 0.86296070, 0.25891411, 2.5002031, 2.1547675, 2.4765701, 4.2250009, 9.7656918, 9.8490505, 19.860500, 19.859354, 19.859144, 19.859070, 0.27498278, 0.27153772, 0.27475998, 0.29224804, 0.34765464, 0.34848976, 0.34930250, 0.34929678, 0.34929574, 0.34929535, 0.25891411
0.17829713, 1.0000000, 0.35614902, 2.9272766, 2.3094118, 6.1843886, 9.3670244, 9.8182974, 9.8711033, 19.860149, 19.859348, 19.859144, 19.859070, 0.27926913, 0.27309239, 0.31184158, 0.34366956, 0.34818262, 0.34871092, 0.34930074, 0.34929675, 0.34929574, 0.34929535, 0.35614902
0.29398376, 1.0000000, 0.77530342, 6.1016321, 9.2802896, 9.5296993, 9.7196207, 9.8467283, 9.8829174, 19.859867, 19.859343, 19.859144, 19.859070, 0.31101599, 0.34280258, 0.34529683, 0.34719619, 0.34846726, 0.34882918, 0.34929934, 0.34929672, 0.34929574, 0.34929535, 0.77530342
0.33011395, 1.0000000, 0.90620989, 8.5201912, 9.5343761, 9.6718311, 9.7889328, 9.8577986, 9.8874311, 19.859491, 19.859264, 19.859121, 19.859070, 0.33520114, 0.34534326, 0.34671804, 0.34788927, 0.34857795, 0.34887430, 0.34929746, 0.34929633, 0.34929562, 0.34929535, 0.90620989
0.35599846, 1.0000000, 0.99999440, 9.9999990, 9.9999990, 9.9999990, 9.9999990, 9.9999990, 9.9999990, 19.999998, 19.999998, 19.999998, 19.998999, 0.34999922, 0.34999955, 0.34999976, 0.34999993, 0.34999996, 0.34999999, 0.34999999, 0.34999999, 0.34999999, 0.34999499, 0.99999440
0.35599858, 1.0000000, 0.99999481, 9.9999990, 9.9999990, 9.9999990, 9.9999990, 9.9999990, 9.9999990, 19.999998, 19.999998, 19.999998, 19.998999, 0.34999928, 0.34999958, 0.34999979, 0.34999996, 0.34999996, 0.34999999, 0.34999999, 0.34999999, 0.34999999, 0.34999499, 0.99999481
0.35599041, 1.0000000, 0.99996525, 9.9996090, 9.9997635, 9.9998798, 9.9999723, 9.9999876, 9.9999990, 19.999998, 19.999998, 19.999998, 19.994993, 0.34999523, 0.34999710, 0.34999853, 0.34999967, 0.34999985, 0.34999999, 0.34999999, 0.34999999, 0.34999999, 0.34997496, 0.99996525
0.34767777, 1.0000000, 0.96984702, 9.5944023, 9.7440729, 9.8620720, 9.9679756, 9.9838133, 9.9944296, 19.999868, 19.999964, 19.999863, 19.980116, 0.34594357, 0.34744045, 0.34862056, 0.34967974, 0.34983814, 0.34994429, 0.34999934, 0.34999982, 0.34999931, 0.34990057, 0.96984702
0.33524024, 1.0000000, 0.92478353, 8.7935829, 9.6210308, 9.7810555, 9.9385729, 9.9683104, 9.9889374, 19.999802, 19.999945, 19.998665, 19.957342, 0.33793515, 0.34620985, 0.34781033, 0.34938568, 0.34968308, 0.34988937, 0.34999901, 0.34999973, 0.34999332, 0.34978670, 0.92478353
0.31595966, 1.0000000, 0.85492629, 7.4868641, 9.5133543, 9.7057657, 9.8986454, 9.9460659, 9.9805584, 19.999647, 19.999901, 19.995289, 19.936771, 0.32486746, 0.34513262, 0.34705716, 0.34898636, 0.34946060, 0.34980556, 0.34999824, 0.34999949, 0.34997645, 0.34968385, 0.85492629
0.29552296, 1.0000000, 0.78088021, 6.0535851, 9.4588671, 9.6648254, 9.8656588, 9.9258938, 9.9721708, 19.999569, 19.999857, 19.989109, 19.919104, 0.31053475, 0.34458765, 0.34664774, 0.34865648, 0.34925887, 0.34972167, 0.34999785, 0.34999928, 0.34994555, 0.34959552, 0.78088021
0.27609387, 1.0000000, 0.71048498, 4.6563420, 9.4503279, 9.6524143, 9.8439779, 9.9108572, 9.9647703, 19.999487, 19.999550, 19.980047, 19.904556, 0.29656249, 0.34450215, 0.34652358, 0.34843966, 0.34910852, 0.34964767, 0.34999743, 0.34999776, 0.34990025, 0.34952277, 0.71048498
0.26165780, 1.0000000, 0.65818042, 3.5765960, 9.4961033, 9.6756010, 9.8404179, 9.9057465, 9.9605379, 19.999344, 19.998747, 19.968519, 19.892975, 0.28576353, 0.34495720, 0.34675404, 0.34840378, 0.34905726, 0.34960532, 0.34999672, 0.34999374, 0.34984261, 0.34946486, 0.65818042
0.24829069, 1.0000000, 0.60974884, 2.8986394, 9.0244722, 9.6537485, 9.8286028, 9.8971262, 9.9552088, 19.999159, 19.996981, 19.955313, 19.884041, 0.27898371, 0.34023970, 0.34653479, 0.34828550, 0.34897098, 0.34955201, 0.34999579, 0.34998491, 0.34977657, 0.34942019, 0.60974884
0.24045777, 1.0000000, 0.58136874, 2.7057676, 8.3878345, 9.6764860, 9.8327179, 9.8974905, 9.9534235, 19.999073, 19.993795, 19.941368, 19.877279, 0.27705580, 0.33387482, 0.34676284, 0.34832677, 0.34897470, 0.34953418, 0.34999537, 0.34996897, 0.34970683, 0.34938639, 0.58136874
0.23436126, 1.0000000, 0.55927992, 2.5624573, 7.8790402, 9.6980009, 9.8404579, 9.9006405, 9.9532509, 19.999027, 19.988756, 19.927671, 19.872265, 0.27562189, 0.32878542, 0.34697697, 0.34840396, 0.34900612, 0.34953240, 0.34999514, 0.34994379, 0.34963834, 0.34936133, 0.55927992
0.22370845, 1.0000000, 0.52068275, 2.2975893, 7.0673351, 9.6346340, 9.8207369, 9.8895578, 9.9483271, 19.998783, 19.981606, 19.914927, 19.868565, 0.27297533, 0.32067230, 0.34634563, 0.34820721, 0.34889552, 0.34948325, 0.34999391, 0.34990802, 0.34957463, 0.34934282, 0.52068275
0.21509731, 1.0000000, 0.48948294, 2.0987988, 6.3557081, 9.6414843, 9.8173752, 9.8865919, 9.9461126, 19.998144, 19.972378, 19.903614, 19.865883, 0.27098754, 0.31355628, 0.34641421, 0.34817362, 0.34886587, 0.34946111, 0.34999073, 0.34986189, 0.34951806, 0.34932941, 0.48948294
0.20377523, 1.0000000, 0.44846091, 1.8365175, 5.4518981, 9.5953932, 9.7973490, 9.8747597, 9.9407330, 19.996845, 19.961390, 19.893970, 19.863930, 0.26836303, 0.30451518, 0.34595057, 0.34797281, 0.34874725, 0.34940720, 0.34998423, 0.34980696, 0.34946984, 0.34931964, 0.44846091
0.19734584, 1.0000000, 0.42516607, 1.7059773, 4.8633118, 9.6507788, 9.8111162, 9.8808584, 9.9417496, 19.994493, 19.949249, 19.886028, 19.862543, 0.26705825, 0.29863054, 0.34650522, 0.34811062, 0.34880832, 0.34941742, 0.34997246, 0.34974626, 0.34943014, 0.34931272, 0.42516607
0.35592979, 1.0000000, 0.99974561, 9.9973621, 9.9984169, 9.9992094, 9.9998417, 9.9999218, 9.9999752, 19.999998, 19.999998, 19.999998, 19.994993, 0.34996501, 0.34997901, 0.34998950, 0.34999791, 0.34999895, 0.34999967, 0.34999999, 0.34999999, 0.34999999, 0.34997496, 0.99974561
0.35599810, 1.0000000, 0.99999303, 9.9999990, 9.9999962, 9.9999990, 9.9999990, 9.9999990, 9.9999990, 19.999998, 19.999998, 19.999998, 19.998999, 0.34999904, 0.34999940, 0.34999973, 0.34999993, 0.34999996, 0.34999999, 0.34999999, 0.34999999, 0.34999999, 0.34999499, 0.99999303
0.35599911, 1.0000000, 0.99999672, 9.9999990, 9.9999990, 9.9999990, 9.9999990, 9.9999990, 9.9999990, 19.999998, 19.999998, 19.999998, 19.998999, 0.34999955, 0.34999973, 0.34999985, 0.34999996, 0.34999999, 0.34999999, 0.34999999, 0.34999999, 0.34999999, 0.34999499, 0.99999672
0.35599905, 1.0000000, 0.99999666, 9.9999962, 9.9999990, 9.9999990, 9.9999990, 9.9999990, 9.9999990, 19.999998, 19.999998, 19.999998, 19.998999, 0.34999952, 0.34999973, 0.34999987, 0.34999996, 0.34999999, 0.34999999, 0.34999999, 0.34999999, 0.34999999, 0.34999499, 0.99999666
0.35599661, 1.0000000, 0.99998760, 9.9998684, 9.9999189, 9.9999609, 9.9999876, 9.9999990, 9.9999990, 19.999998, 19.999998, 19.999998, 19.995995, 0.34999830, 0.34999895, 0.34999949, 0.34999985, 0.34999999, 0.34999999, 0.34999999, 0.34999999, 0.34999999, 0.34997997, 0.99998760
0.35565674, 1.0000000, 0.99875629, 9.9985037, 9.9818945, 9.9604530, 9.9918356, 9.9959211, 9.9986315, 19.999998, 19.999998, 19.999893, 19.981098, 0.34998485, 0.34981883, 0.34960449, 0.34991837, 0.34995919, 0.34998631, 0.34999999, 0.34999999, 0.34999946, 0.34990549, 0.99875629
0.34397805, 1.0000000, 0.95644224, 9.3530025, 9.7162590, 9.8308125, 9.9598122, 9.9796104, 9.9931231, 19.999998, 19.999998, 19.998758, 19.958250, 0.34352958, 0.34716231, 0.34830797, 0.34959808, 0.34979612, 0.34993124, 0.34999999, 0.34999999, 0.34999380, 0.34979126, 0.95644224
0.33316696, 1.0000000, 0.91727149, 8.6322260, 9.6378908, 9.7852802, 9.9367390, 9.9671154, 9.9886436, 19.999998, 19.999998, 19.995481, 19.937578, 0.33632079, 0.34637794, 0.34785229, 0.34936729, 0.34967110, 0.34988642, 0.34999999, 0.34999999, 0.34997740, 0.34968787, 0.91727149
0.32602853, 1.0000000, 0.89140773, 8.0933971, 9.6682940, 9.7983789, 9.9279366, 9.9613905, 9.9861898, 19.999998, 19.999958, 19.989424, 19.919777, 0.33093324, 0.34668240, 0.34798351, 0.34927931, 0.34961388, 0.34986189, 0.34999999, 0.34999979, 0.34994712, 0.34959888, 0.89140773
0.31875056, 1.0000000, 0.86503822, 7.5670042, 9.6696405, 9.7970800, 9.9174938, 9.9546509, 9.9828691, 19.999563, 19.999586, 19.980446, 19.905106, 0.32566583, 0.34669319, 0.34796914, 0.34917462, 0.34954631, 0.34982863, 0.34999782, 0.34999794, 0.34990221, 0.34952551, 0.86503822
0.31060481, 1.0000000, 0.83552468, 6.9925990, 9.6513596, 9.7842407, 9.9051619, 9.9467354, 9.9787579, 19.998837, 19.998653, 19.968969, 19.893404, 0.31992173, 0.34651008, 0.34784061, 0.34905127, 0.34946716, 0.34978753, 0.34999418, 0.34999326, 0.34984484, 0.34946701, 0.83552468
0.29939282, 1.0000000, 0.79490143, 6.2277327, 9.5929251, 9.7475452, 9.8891459, 9.9366941, 9.9741268, 19.998528, 19.996881, 19.955830, 19.884369, 0.31227195, 0.34592429, 0.34747294, 0.34889096, 0.34936666, 0.34974119, 0.34999263, 0.34998441, 0.34977916, 0.34942186, 0.79490143
0.28959173, 1.0000000, 0.75939023, 5.5211306, 9.5905228, 9.7430105, 9.8823318, 9.9313850, 9.9712009, 19.998489, 19.993778, 19.941916, 19.877533, 0.30520496, 0.34589863, 0.34742674, 0.34882262, 0.34931353, 0.34971189, 0.34999245, 0.34996888, 0.34970957, 0.34938768, 0.75939023
0.27932316, 1.0000000, 0.72218531, 4.7844338, 9.5828876, 9.7358227, 9.8734055, 9.9250612, 9.9674282, 19.997883, 19.988676, 19.928167, 19.872452, 0.29783890, 0.34582236, 0.34735492, 0.34873337, 0.34925029, 0.34967417, 0.34998941, 0.34994337, 0.34964085, 0.34936225, 0.72218531
0.27063033, 1.0000000, 0.69068956, 4.1442122, 9.5968428, 9.7421074, 9.8709383, 9.9222832, 9.9650393, 19.997187, 19.981487, 19.915367, 19.868694, 0.29143855, 0.34596345, 0.34741855, 0.34870887, 0.34922257, 0.34965029, 0.34998593, 0.34990743, 0.34957683, 0.34934348, 0.69068956
0.25577062, 1.0000000, 0.63685000, 3.1550949, 9.4868917, 9.6757345, 9.8471899, 9.9083986, 9.9586716, 19.995996, 19.972187, 19.903994, 19.865976, 0.28154832, 0.34486422, 0.34675494, 0.34847143, 0.34908375, 0.34958664, 0.34998000, 0.34986094, 0.34951997, 0.34932989, 0.63685000
0.24346663, 1.0000000, 0.59227037, 2.6955752, 8.7839041, 9.6460247, 9.8288412, 9.8966780, 9.9528599, 19.994312, 19.961185, 19.894291, 19.864000, 0.27695385, 0.33783531, 0.34645820, 0.34828800, 0.34896657, 0.34952855, 0.34997156, 0.34980592, 0.34947145, 0.34931999, 0.59227037
0.23286125, 1.0000000, 0.55384511, 2.4283886, 7.9543347, 9.6375914, 9.8186560, 9.8892164, 9.9484730, 19.991632, 19.949053, 19.886276, 19.862591, 0.27428135, 0.32953838, 0.34637290, 0.34818593, 0.34889185, 0.34948465, 0.34995815, 0.34974527, 0.34943140, 0.34931296, 0.55384511
0.22293195, 1.0000000, 0.51786935, 2.1864235, 7.1619630, 9.6326218, 9.8123703, 9.8841581, 9.9450283, 19.987524, 19.936476, 19.879835, 19.861578, 0.27186146, 0.32161418, 0.34632257, 0.34812295, 0.34884119, 0.34945017, 0.34993762, 0.34968239, 0.34939918, 0.34930789, 0.51786935
0.21583714, 1.0000000, 0.49216354, 2.0246208, 6.5589304, 9.6645966, 9.8203754, 9.8871822, 9.9447136, 19.981760, 19.924131, 19.874775, 19.860849, 0.27024096, 0.31557912, 0.34663844, 0.34820223, 0.34887105, 0.34944686, 0.34990880, 0.34962064, 0.34937388, 0.34930426, 0.49216354
0.20734067, 1.0000000, 0.46137923, 1.8153578, 5.8917985, 9.6450415, 9.8140354, 9.8831358, 9.9418440, 19.973793, 19.912558, 19.870817, 19.860321, 0.26814938, 0.30890983, 0.34644374, 0.34813899, 0.34883067, 0.34941819, 0.34986895, 0.34956279, 0.34935409, 0.34930161, 0.46137923
0.20129412, 1.0000000, 0.43947142, 1.6778409, 5.3751373, 9.6738873, 9.8223162, 9.8868256, 9.9417448, 19.964272, 19.902231, 19.867811, 19.859951, 0.26677462, 0.30374408, 0.34673232, 0.34822181, 0.34886757, 0.34941721, 0.34982136, 0.34951115, 0.34933907, 0.34929976, 0.43947142
0.19424888, 1.0000000, 0.41394526, 1.5060037, 4.8193188, 9.6589308, 9.8182755, 9.8842297, 9.9390030, 19.953110, 19.893274, 19.865520, 19.859674, 0.26505503, 0.29818356, 0.34657964, 0.34818077, 0.34884131, 0.34938970, 0.34976554, 0.34946638, 0.34932759, 0.34929836, 0.41394526
0.21253414, 1.0000000, 0.48019615, 2.2601843, 5.7270789, 9.7383060, 9.8432083, 9.8968525, 9.9415045, 19.941576, 19.885876, 19.863832, 19.859491, 0.27259791, 0.30726480, 0.34737796, 0.34843105, 0.34896803, 0.34941486, 0.34970787, 0.34942937, 0.34931916, 0.34929746, 0.48019615
0.31502193, 1.0000000, 0.85152870, 7.3787141, 9.5455570, 9.7869005, 9.8642302, 9.9079876, 9.9432001, 19.929970, 19.879868, 19.862570, 19.859352, 0.32378668, 0.34545523, 0.34786883, 0.34864226, 0.34907985, 0.34943199, 0.34964985, 0.34939933, 0.34931284, 0.34929675, 0.85152870
0.30955929, 1.0000000, 0.83173651, 6.9665108, 9.5940599, 9.7467546, 9.8579683, 9.9046669, 9.9385777, 19.918100, 19.874889, 19.861576, 19.859346, 0.31966358, 0.34593934, 0.34746692, 0.34857956, 0.34904662, 0.34938574, 0.34959051, 0.34937444, 0.34930789, 0.34929675, 0.83173651
0.29176754, 1.0000000, 0.76727366, 5.7608066, 9.4958115, 9.6771955, 9.8323574, 9.8898067, 9.9284420, 19.906330, 19.870773, 19.860840, 19.859287, 0.30759722, 0.34494740, 0.34676647, 0.34832248, 0.34889749, 0.34928423, 0.34953165, 0.34935385, 0.34930420, 0.34929645, 0.76727366
0.27238837, 1.0000000, 0.69705927, 4.3987474, 9.4462996, 9.6412888, 9.8122654, 9.8763094, 9.9185743, 19.896103, 19.867630, 19.860298, 19.859222, 0.29397768, 0.34445035, 0.34640646, 0.34812135, 0.34876245, 0.34918553, 0.34948051, 0.34933814, 0.34930149, 0.34929612, 0.69705927
0.25644755, 1.0000000, 0.63930273, 3.2329478, 9.4604368, 9.6465101, 9.8089514, 9.8713398, 9.9124289, 19.888107, 19.865374, 19.859940, 19.859222, 0.28232557, 0.34459752, 0.34646162, 0.34808880, 0.34871304, 0.34912416, 0.34944054, 0.34932688, 0.34929970, 0.34929612, 0.63930273
0.24255642, 1.0000000, 0.58897257, 2.6770055, 8.7258787, 9.6192827, 9.7958536, 9.8614912, 9.9048567, 19.881308, 19.863628, 19.859682, 19.859211, 0.27676404, 0.33724701, 0.34618634, 0.34795722, 0.34861425, 0.34904835, 0.34940654, 0.34931815, 0.34929842, 0.34929606, 0.58897257
0.22974651, 1.0000000, 0.54255980, 2.3452401, 7.7436304, 9.5999689, 9.7834139, 9.8519917, 9.8978691, 19.875731, 19.862322, 19.859493, 19.859200, 0.27344558, 0.32742280, 0.34599131, 0.34783244, 0.34851906, 0.34897840, 0.34937865, 0.34931162, 0.34929746, 0.34929600, 0.54255980
0.21703547, 1.0000000, 0.49650535, 2.0339549, 6.7362657, 9.5835142, 9.7721376, 9.8433495, 9.8919001, 19.871391, 19.861362, 19.859394, 19.859200, 0.27033496, 0.31735355, 0.34582865, 0.34772006, 0.34843284, 0.34891877, 0.34935695, 0.34930682, 0.34929699, 0.34929600, 0.49650535
0.20495032, 1.0000000, 0.45271850, 1.7475933, 5.7596655, 9.5748148, 9.7637129, 9.8365784, 9.8870678, 19.867899, 19.860636, 19.859335, 19.859180, 0.26747128, 0.30758744, 0.34574050, 0.34763557, 0.34836501, 0.34887043, 0.34933949, 0.34930319, 0.34929669, 0.34929591, 0.45271850
0.19318369, 1.0000000, 0.41008580, 1.4763027, 4.7981815, 9.5624399, 9.7549219, 9.8300200, 9.8827629, 19.865086, 19.860077, 19.859270, 19.859169, 0.26475853, 0.29797304, 0.34561566, 0.34754744, 0.34829929, 0.34882733, 0.34932542, 0.34930038, 0.34929636, 0.34929585, 0.41008580
0.18244654, 1.0000000, 0.37118310, 1.2512535, 3.8795764, 9.5543776, 9.7492218, 9.8255224, 9.8798513, 19.863211, 19.859743, 19.859247, 19.859169, 0.26251194, 0.28879467, 0.34554240, 0.34749195, 0.34825507, 0.34879845, 0.34931606, 0.34929872, 0.34929624, 0.34929585, 0.37118310
0.17324674, 1.0000000, 0.33785051, 1.0697335, 3.0677979, 9.5623140, 9.7502899, 9.8250771, 9.8786917, 19.861801, 19.859489, 19.859219, 19.859169, 0.26069507, 0.28067407, 0.34561703, 0.34750164, 0.34825015, 0.34878671, 0.34930900, 0.34929746, 0.34929609, 0.34929585, 0.33785051
0.16669691, 1.0000000, 0.31411925, 0.90325475, 2.7668624, 9.1355171, 9.7519588, 9.8253222, 9.8779068, 19.860582, 19.859306, 19.859177, 19.859163, 0.25903156, 0.27766684, 0.34135219, 0.34751895, 0.34825289, 0.34877896, 0.34930292, 0.34929654, 0.34929588, 0.34929582, 0.31411925
0.16119044, 0.98046273, 0.29416823, 0.75415075, 2.5698037, 8.6981783, 9.7571383, 9.8276415, 9.8779402, 19.859497, 19.859089, 19.859123, 19.859152, 0.25753802, 0.27569091, 0.33696970, 0.34756866, 0.34827504, 0.34877896, 0.34929749, 0.34929544, 0.34929562, 0.34929577, 0.29416823
0.15594736, 0.91714674, 0.27517155, 0.60296953, 2.3871570, 8.2987690, 9.7613773, 9.8295555, 9.8778114, 19.858389, 19.858805, 19.859066, 19.859127, 0.25602752, 0.27386642, 0.33297876, 0.34761167, 0.34829450, 0.34877777, 0.34929195, 0.34929401, 0.34929532, 0.34929565, 0.27517155
0.15069933, 0.85377121, 0.25615698, 0.46041012, 2.1991134, 7.8825088, 9.7585173, 9.8277569, 9.8766432, 19.857540, 19.858604, 19.859018, 19.859110, 0.25460273, 0.27198717, 0.32881796, 0.34758341, 0.34827667, 0.34876615, 0.34928769, 0.34929302, 0.34929508, 0.34929556, 0.25615698
0.14680460, 0.80673826, 0.24204569, 0.39610267, 2.0424008, 7.4684019, 9.7573204, 9.8270903, 9.8766823, 19.857702, 19.858704, 19.859018, 19.859110, 0.25396067, 0.27042288, 0.32468197, 0.34757268, 0.34827062, 0.34876674, 0.34928852, 0.34929353, 0.34929508, 0.34929556, 0.24204569
0.14146933, 0.74230897, 0.22271498, 0.29143393, 1.8324971, 6.9545741, 9.7388830, 9.8169708, 9.8729744, 19.857435, 19.858641, 19.858988, 19.859098, 0.25291330, 0.26832107, 0.31953833, 0.34738675, 0.34816867, 0.34872937, 0.34928718, 0.34929320, 0.34929493, 0.34929550, 0.22271498
0.13657829, 0.68324441, 0.20499383, 0.22680461, 1.6304612, 6.3964272, 9.7230844, 9.8078585, 9.8698626, 19.857649, 19.858709, 19.858971, 19.859098, 0.25226733, 0.26630151, 0.31395823, 0.34722900, 0.34807765, 0.34869832, 0.34928825, 0.34929353, 0.34929484, 0.34929550, 0.20499383
0.13251384, 0.63416165, 0.19026753, 0.18550158, 1.4653832, 5.8822083, 9.7213230, 9.8063622, 9.8694019, 19.857889, 19.858709, 19.858971, 19.859098, 0.25185472, 0.26465240, 0.30881923, 0.34721228, 0.34806314, 0.34869388, 0.34928945, 0.34929353, 0.34929484, 0.34929550, 0.19026753
0.12740894, 0.57251441, 0.17177150, 0.11541545, 1.2647957, 5.2895837, 9.7008228, 9.7947817, 9.8650284, 19.857729, 19.858614, 19.858946, 19.859087, 0.25115386, 0.26264599, 0.30289176, 0.34700674, 0.34794706, 0.34865001, 0.34928864, 0.34929305, 0.34929472, 0.34929544, 0.17177150
0.12321727, 0.52189553, 0.15658432, 0.56424737E-1, 1.1107087, 4.7804933, 9.7040958, 9.7958765, 9.8650417, 19.857504, 19.858545, 19.858923, 19.859081, 0.25056419, 0.26110649, 0.29780364, 0.34704044, 0.34795851, 0.34865034, 0.34928751, 0.34929273, 0.34929460, 0.34929541, 0.15658432
0.11919092, 0.47327301, 0.14199610, 0.0000000, 0.96408725, 4.2896228, 9.7032366, 9.7951117, 9.8644543, 19.857187, 19.858461, 19.858881, 19.859076, 0.24999855, 0.25964007, 0.29289439, 0.34703153, 0.34795070, 0.34864441, 0.34928593, 0.34929231, 0.34929439, 0.34929538, 0.14199610
0.11561266, 0.43006146, 0.12903135, 0.0000000, 0.80192387, 3.7550302, 9.6854563, 9.7850475, 9.8604374, 19.856703, 19.858356, 19.858828, 19.859064, 0.24999855, 0.25801694, 0.28754494, 0.34685180, 0.34784907, 0.34860390, 0.34928352, 0.34929177, 0.34929413, 0.34929532, 0.12903135
0.11344181, 0.40384620, 0.12116598, 0.0000000, 0.72071552, 3.3844070, 9.7159491, 9.8012743, 9.8661861, 19.856779, 19.858379, 19.858828, 19.859058, 0.24999855, 0.25720653, 0.28384256, 0.34715864, 0.34801233, 0.34866172, 0.34928390, 0.34929189, 0.34929413, 0.34929529, 0.12116598
0.11181533, 0.38420463, 0.11527292, 0.0000000, 0.66481829, 3.0976334, 9.7395220, 9.8149643, 9.8714561, 19.857058, 19.858456, 19.858828, 19.859058, 0.24999855, 0.25664636, 0.28097206, 0.34739253, 0.34814832, 0.34871411, 0.34928530, 0.34929228, 0.34929413, 0.34929529, 0.11527292
0.11835791, 0.46321347, 0.13897794, 0.61522722, 0.55468082, 2.8710186, 9.6213751, 9.8095694, 9.8691435, 19.856249, 19.858231, 19.858805, 19.859034, 0.25615203, 0.25554669, 0.27870983, 0.34621352, 0.34809557, 0.34869140, 0.34928125, 0.34929115, 0.34929401, 0.34929517, 0.13897794
0.11579995, 0.43232334, 0.12970997, 0.50221682, 0.49438179, 2.7787061, 9.4793406, 9.8213692, 9.8732967, 19.856150, 19.858194, 19.858805, 19.859028, 0.25502014, 0.25494263, 0.27778369, 0.34479111, 0.34821251, 0.34873259, 0.34928074, 0.34929097, 0.34929401, 0.34929514, 0.12970997
0.11317815, 0.40066221, 0.12021068, 0.39213002, 0.43237507, 2.6670485, 9.3273497, 9.8215752, 9.8735218, 19.856138, 19.858194, 19.858805, 19.859022, 0.25391904, 0.25432226, 0.27666587, 0.34327024, 0.34821406, 0.34873465, 0.34928069, 0.34929097, 0.34929401, 0.34929511, 0.12021068
0.11183643, 0.38445950, 0.11534938, 0.34006834, 0.40111244, 2.6017904, 9.2106962, 9.8327818, 9.8777437, 19.856489, 19.858273, 19.858805, 19.859022, 0.25339761, 0.25400895, 0.27601084, 0.34210196, 0.34832513, 0.34877655, 0.34928244, 0.34929135, 0.34929401, 0.34929511, 0.11534938
0.10989522, 0.36101729, 0.10831602, 0.26774108, 0.35489500, 2.4952888, 9.0665588, 9.8261681, 9.8757057, 19.856646, 19.858307, 19.858805, 19.859022, 0.25267547, 0.25354740, 0.27494746, 0.34066164, 0.34825954, 0.34875634, 0.34928322, 0.34929153, 0.34929401, 0.34929511, 0.10831602
0.10786076, 0.33644900, 0.10094479, 0.19777715, 0.30631721, 2.3683696, 8.8957920, 9.8167753, 9.8725538, 19.856815, 19.858349, 19.858805, 19.859022, 0.25197721, 0.25306267, 0.27368170, 0.33895639, 0.34816691, 0.34872526, 0.34928408, 0.34929174, 0.34929401, 0.34929511, 0.10094479
0.10614397, 0.31571686, 0.94724528E-1, 0.13135076, 0.26391149, 2.2868395, 8.7589884, 9.8243151, 9.8750000, 19.856709, 19.858324, 19.858805, 19.859005, 0.25131273, 0.25263819, 0.27286437, 0.33758682, 0.34824142, 0.34874943, 0.34928355, 0.34929162, 0.34929401, 0.34929502, 0.94724528E-1
0.10457949, 0.29682410, 0.89056134E-1, 0.68575144E-1, 0.22438467, 2.2200048, 8.6404696, 9.8317251, 9.8774662, 19.856571, 19.858284, 19.858805, 19.858992, 0.25068533, 0.25224301, 0.27219597, 0.33640149, 0.34831545, 0.34877408, 0.34928286, 0.34929141, 0.34929401, 0.34929496, 0.89056134E-1
0.10201395, 0.26584232, 0.79760671E-1, 0.0000000, 0.13353825, 2.0542026, 8.4363136, 9.8052034, 9.8674965, 19.855595, 19.858042, 19.858757, 19.858963, 0.24999730, 0.25133485, 0.27053797, 0.33435979, 0.34805009, 0.34867430, 0.34927797, 0.34929019, 0.34929377, 0.34929481, 0.79760671E-1
0.10028132, 0.24491897, 0.73483042E-1, 0.0000000, 0.49954653E-1, 1.8582940, 8.1736727, 9.7781754, 9.8570490, 19.854864, 19.857872, 19.858673, 19.858940, 0.24999730, 0.25049937, 0.26857954, 0.33173376, 0.34777996, 0.34856990, 0.34927434, 0.34928936, 0.34929335, 0.34929469, 0.73483042E-1
0.98676324E-1, 0.22553691, 0.67667842E-1, 0.0000000, 0.0000000, 1.6389728, 7.8444009, 9.7521820, 9.8465872, 19.854534, 19.857782, 19.858614, 19.858923, 0.24999730, 0.24999569, 0.26638892, 0.32844323, 0.34752133, 0.34846571, 0.34927267, 0.34928891, 0.34929305, 0.34929460, 0.67667842E-1
0.98004401E-1, 0.21742275, 0.65233350E-1, 0.0000000, 0.0000000, 1.5242368, 7.5977931, 9.7701044, 9.8529711, 19.855118, 19.857941, 19.858614, 19.858923, 0.24999730, 0.24999569, 0.26523963, 0.32597518, 0.34769928, 0.34852910, 0.34927559, 0.34928972, 0.34929305, 0.34929460, 0.65233350E-1
0.11505882, 0.42337340, 0.12702473, 1.2633115, 0.0000000, 1.4636159, 7.4274778, 9.7971106, 9.8633757, 19.855713, 19.858076, 19.858614, 19.858923, 0.26263225, 0.24999569, 0.26463586, 0.32427448, 0.34797090, 0.34863371, 0.34927857, 0.34929037, 0.34929305, 0.34929460, 0.12702473
0.14390625, 0.77173746, 0.23154439, 2.7744591, 0.99794269, 1.4209837, 7.3017240, 9.8189020, 9.8717690, 19.855953, 19.858088, 19.858614, 19.858923, 0.27774441, 0.25997940, 0.26420981, 0.32301721, 0.34818900, 0.34871769, 0.34927976, 0.34929043, 0.34929305, 0.34929460, 0.23154439
0.14008895, 0.72563928, 0.21771356, 2.5533528, 0.93547702, 1.3810784, 7.1944427, 9.8315239, 9.8766499, 19.856052, 19.858082, 19.858614, 19.858923, 0.27553293, 0.25935465, 0.26381069, 0.32194433, 0.34831518, 0.34876648, 0.34928027, 0.34929040, 0.34929305, 0.34929460, 0.21771356
0.13630211, 0.67990923, 0.20399317, 2.3316801, 0.87777674, 1.3413817, 7.0904694, 9.8368893, 9.8789988, 19.856346, 19.858135, 19.858614, 19.858923, 0.27331495, 0.25877735, 0.26341349, 0.32090437, 0.34836864, 0.34878990, 0.34928173, 0.34929067, 0.34929305, 0.34929460, 0.20399317
0.13231023, 0.63170278, 0.18952979, 2.1325140, 0.77807307, 1.2699902, 6.9509778, 9.8232822, 9.8744688, 19.856323, 19.858124, 19.858614, 19.858923, 0.27132297, 0.25778025, 0.26269951, 0.31950936, 0.34823251, 0.34874460, 0.34928161, 0.34929061, 0.34929305, 0.34929460, 0.18952979
0.12862113, 0.58715302, 0.17616352, 1.9190580, 0.72018206, 1.2278616, 6.8375511, 9.8306198, 9.8770885, 19.856440, 19.858147, 19.858614, 19.858923, 0.26918894, 0.25720146, 0.26227829, 0.31837517, 0.34830597, 0.34877080, 0.34928221, 0.34929073, 0.34929305, 0.34929460, 0.17616352
0.12408491, 0.53237319, 0.15972793, 1.6646951, 0.63701868, 1.1716098, 6.7185020, 9.8310137, 9.8768320, 19.855970, 19.858040, 19.858578, 19.858923, 0.26664171, 0.25636899, 0.26171499, 0.31718373, 0.34830922, 0.34876803, 0.34927985, 0.34929019, 0.34929287, 0.34929460, 0.15972793
0.11724306, 0.44975039, 0.13493861, 1.2897283, 0.49714744, 1.0798484, 6.5682883, 9.8183966, 9.8712673, 19.854485, 19.857639, 19.858498, 19.858887, 0.26289275, 0.25497043, 0.26079735, 0.31568152, 0.34818292, 0.34871233, 0.34927243, 0.34928820, 0.34929249, 0.34929442, 0.13493861
0.11442828, 0.41575894, 0.12474015, 1.1399835, 0.43581128, 1.0408401, 6.4653740, 9.8335848, 9.8764515, 19.854391, 19.857622, 19.858555, 19.858875, 0.26139492, 0.25435698, 0.26040706, 0.31465209, 0.34833458, 0.34876409, 0.34927195, 0.34928811, 0.34929278, 0.34929436, 0.12474015
0.16263992, 0.99796677, 0.29941997, 2.7338326, 2.2399604, 3.1698406, 9.4249191, 9.8484344, 9.8816195, 19.854502, 19.857658, 19.858566, 19.858875, 0.27733743, 0.27239916, 0.28169811, 0.34424901, 0.34848425, 0.34881616, 0.34927252, 0.34928828, 0.34929281, 0.34929436, 0.29941997
0.26757661, 1.0000000, 0.67962533, 4.1854038, 9.2904873, 9.5143290, 9.7317095, 9.8608885, 9.8860092, 19.854809, 19.857742, 19.858566, 19.858875, 0.29185364, 0.34290436, 0.34514302, 0.34731704, 0.34860885, 0.34886009, 0.34927404, 0.34928870, 0.34929281, 0.34929436, 0.67962533
0.35599959, 1.0000000, 0.99999851, 9.9999990, 9.9999990, 9.9999990, 9.9999990, 9.9999990, 9.9999990, 19.996645, 19.857758, 19.858566, 19.858875, 0.34999979, 0.34999987, 0.34999993, 0.34999999, 0.34999999, 0.34999999, 0.34998322, 0.34928879, 0.34929281, 0.34929436, 0.99999851
0.34762448, 1.0000000, 0.96965390, 9.5507231, 9.7959280, 9.8916550, 9.9721479, 9.9858751, 9.9942827, 19.972054, 19.857878, 19.858566, 19.858875, 0.34550348, 0.34795699, 0.34891540, 0.34972125, 0.34985864, 0.34994280, 0.34986025, 0.34928939, 0.34929281, 0.34929436, 0.96965390
0.33747458, 1.0000000, 0.93287879, 8.9155912, 9.6723852, 9.8130693, 9.9418774, 9.9698391, 9.9859028, 19.948654, 19.857859, 19.858566, 19.858875, 0.33915031, 0.34672022, 0.34812886, 0.34941837, 0.34969822, 0.34985897, 0.34974328, 0.34928930, 0.34929281, 0.34929436, 0.93287879
0.32436800, 1.0000000, 0.88539129, 8.0320549, 9.5945263, 9.7570143, 9.9084253, 9.9506941, 9.9734068, 19.927431, 19.857727, 19.858545, 19.858875, 0.33031529, 0.34594151, 0.34756824, 0.34908387, 0.34950674, 0.34973401, 0.34963715, 0.34928864, 0.34929273, 0.34929436, 0.88539129
0.35523903, 1.0000000, 0.99724275, 9.9985857, 9.9855680, 9.8733721, 9.9160681, 9.9516525, 9.9665146, 19.910769, 19.857929, 19.858566, 19.858875, 0.34998405, 0.34985462, 0.34873319, 0.34916055, 0.34951645, 0.34966511, 0.34955385, 0.34928966, 0.34929281, 0.34929436, 0.99724275
0.35040832, 1.0000000, 0.97974014, 9.7487259, 9.8350897, 9.8424902, 9.9120398, 9.9464140, 9.9559793, 19.897215, 19.858046, 19.858566, 19.858875, 0.34748453, 0.34834921, 0.34842408, 0.34912023, 0.34946406, 0.34955975, 0.34948608, 0.34929022, 0.34929281, 0.34929436, 0.97974014
0.34822285, 1.0000000, 0.97182178, 9.5982475, 9.8143311, 9.8572206, 9.9162416, 9.9445744, 9.9462805, 19.886749, 19.858112, 19.858566, 19.858875, 0.34598008, 0.34814185, 0.34857145, 0.34916225, 0.34944567, 0.34946278, 0.34943375, 0.34929055, 0.34929281, 0.34929436, 0.97182178
0.34417403, 1.0000000, 0.95715219, 9.3330069, 9.7736464, 9.8461676, 9.9130821, 9.9381638, 9.9355974, 19.878654, 19.858141, 19.858566, 19.858875, 0.34332812, 0.34773523, 0.34846106, 0.34913069, 0.34938157, 0.34935594, 0.34939328, 0.34929070, 0.34929281, 0.34929436, 0.95715219
0.33213806, 1.0000000, 0.91354364, 8.6042833, 9.5894279, 9.7451248, 9.8794994, 9.9149799, 9.9203300, 19.871908, 19.857965, 19.858561, 19.858875, 0.33604261, 0.34589416, 0.34745118, 0.34879500, 0.34914979, 0.34920329, 0.34935954, 0.34928983, 0.34929281, 0.34929436, 0.91354364
0.31315693, 1.0000000, 0.84477144, 7.2989335, 9.5071831, 9.6872435, 9.8440161, 9.8898268, 9.9060993, 19.866310, 19.857710, 19.858515, 19.858875, 0.32298693, 0.34506992, 0.34687150, 0.34843996, 0.34889817, 0.34906095, 0.34933156, 0.34928855, 0.34929258, 0.34929436, 0.84477144
0.32465935, 1.0000000, 0.88644677, 8.0093021, 9.6684065, 9.7728052, 9.8585815, 9.8917685, 9.9037237, 19.863441, 19.857847, 19.858566, 19.858875, 0.33008942, 0.34668148, 0.34772673, 0.34858555, 0.34891757, 0.34903720, 0.34931719, 0.34928924, 0.34929281, 0.34929436, 0.88644677
0.30462313, 1.0000000, 0.81385183, 6.7488141, 9.4271593, 9.6307163, 9.8030205, 9.8586550, 9.8886013, 19.859039, 19.857340, 19.858431, 19.858828, 0.31748742, 0.34427100, 0.34630686, 0.34803015, 0.34858653, 0.34888601, 0.34929520, 0.34928671, 0.34929216, 0.34929413, 0.81385183
0.27823928, 1.0000000, 0.71825826, 4.8866825, 9.3709536, 9.5866632, 9.7717829, 9.8382950, 9.8797503, 19.856462, 19.857115, 19.858410, 19.858828, 0.29886499, 0.34370744, 0.34586555, 0.34771761, 0.34838283, 0.34879747, 0.34928232, 0.34928557, 0.34929204, 0.34929413, 0.71825826
0.26436949, 1.0000000, 0.66800541, 3.7878263, 9.4915857, 9.6540070, 9.7883320, 9.8446779, 9.8816881, 19.855984, 19.857323, 19.858492, 19.858828, 0.28787673, 0.34491354, 0.34653887, 0.34788308, 0.34844667, 0.34881684, 0.34927991, 0.34928662, 0.34929246, 0.34929413, 0.66800541
0.30438077, 1.0000000, 0.81297380, 6.5478973, 9.6689100, 9.7545862, 9.8229647, 9.8621540, 9.8877420, 19.856199, 19.857634, 19.858566, 19.858828, 0.31547740, 0.34668770, 0.34754515, 0.34822950, 0.34862149, 0.34887740, 0.34928101, 0.34928817, 0.34929281, 0.34929413, 0.81297380
0.30353892, 1.0000000, 0.80992365, 6.4484768, 9.7147207, 9.7856331, 9.8408747, 9.8715744, 9.8908777, 19.856436, 19.857853, 19.858566, 19.858828, 0.31448457, 0.34714699, 0.34785625, 0.34840873, 0.34871575, 0.34890878, 0.34928218, 0.34928927, 0.34929281, 0.34929413, 0.80992365
0.35599858, 1.0000000, 0.99999475, 9.9999514, 9.9999695, 9.9999876, 9.9999990, 9.9999990, 9.9999990, 19.999998, 19.999998, 19.999998, 19.996996, 0.34999928, 0.34999955, 0.34999982, 0.34999999, 0.34999999, 0.34999999, 0.34999999, 0.34999999, 0.34999999, 0.34998497, 0.99999475
0.35599965, 1.0000000, 0.99999875, 9.9999990, 9.9999990, 9.9999990, 9.9999990, 9.9999990, 9.9999990, 19.999998, 19.999998, 19.999998, 19.998999, 0.34999982, 0.34999990, 0.34999993, 0.34999999, 0.34999999, 0.34999999, 0.34999999, 0.34999999, 0.34999999, 0.34999499, 0.99999875
0.35600001, 1.0000000, 1.0000000, 9.9999990, 9.9999990, 9.9999990, 9.9999990, 9.9999990, 9.9999990, 19.999998, 19.999998, 19.999998, 19.998999, 0.34999999, 0.34999999, 0.34999999, 0.34999999, 0.34999999, 0.34999999, 0.34999999, 0.34999999, 0.34999999, 0.34999499, 1.0000000
0.35599965, 1.0000000, 0.99999863, 9.9999990, 9.9999990, 9.9999990, 9.9999990, 9.9999990, 9.9999990, 19.999998, 19.999998, 19.999998, 19.998999, 0.34999982, 0.34999987, 0.34999993, 0.34999999, 0.34999999, 0.34999999, 0.34999999, 0.34999999, 0.34999999, 0.34999499, 0.99999863
0.34718364, 1.0000000, 0.96805656, 9.5665035, 9.7344427, 9.8565893, 9.9613323, 9.9803009, 9.9923906, 19.998943, 19.999731, 19.999775, 19.978821, 0.34566486, 0.34734431, 0.34856582, 0.34961331, 0.34980300, 0.34992391, 0.34999472, 0.34999865, 0.34999889, 0.34989411, 0.96805656
0.32985443, 1.0000000, 0.90526968, 8.4557371, 9.5587444, 9.7406473, 9.9103460, 9.9529276, 9.9808311, 19.996786, 19.999170, 19.998333, 19.956123, 0.33455208, 0.34558386, 0.34740466, 0.34910309, 0.34952909, 0.34980825, 0.34998393, 0.34999585, 0.34999168, 0.34978062, 0.90526968
0.30119568, 1.0000000, 0.80143362, 6.5125437, 9.4015141, 9.6275940, 9.8396435, 9.9118710, 9.9621458, 19.992867, 19.998156, 19.994553, 19.935648, 0.31512293, 0.34401298, 0.34627482, 0.34839618, 0.34911859, 0.34962144, 0.34996432, 0.34999079, 0.34997275, 0.34967825, 0.80143362
0.26756144, 1.0000000, 0.67957032, 4.1527386, 9.3147182, 9.5582123, 9.7830114, 9.8745966, 9.9436340, 19.989103, 19.997070, 19.987951, 19.918104, 0.29152599, 0.34314531, 0.34558117, 0.34782991, 0.34874588, 0.34943631, 0.34994552, 0.34998536, 0.34993976, 0.34959051, 0.67957032
0.23975092, 1.0000000, 0.57880765, 2.7382464, 8.3360853, 9.5231466, 9.7474155, 9.8479900, 9.9284964, 19.985781, 19.995821, 19.978506, 19.903683, 0.27738139, 0.33335891, 0.34523037, 0.34747392, 0.34847978, 0.34928492, 0.34992892, 0.34997910, 0.34989253, 0.34951842, 0.57880765
0.21660730, 1.0000000, 0.49495399, 2.0598621, 6.6870732, 9.4989843, 9.7239723, 9.8293867, 9.9167747, 19.982840, 19.994135, 19.966663, 19.892233, 0.27059782, 0.31686917, 0.34498870, 0.34723949, 0.34829375, 0.34916773, 0.34991419, 0.34997067, 0.34983331, 0.34946117, 0.49495399
0.20023826, 1.0000000, 0.43564585, 1.6378790, 5.4024558, 9.5205984, 9.7302761, 9.8294344, 9.9140177, 19.981319, 19.991808, 19.953333, 19.883440, 0.26637712, 0.30402127, 0.34520310, 0.34730217, 0.34829405, 0.34914008, 0.34990659, 0.34995905, 0.34976667, 0.34941721, 0.43564585
0.18090191, 1.0000000, 0.36558664, 1.1194319, 3.9553514, 9.4776697, 9.7071486, 9.8146868, 9.9056816, 19.978479, 19.987684, 19.939314, 19.876814, 0.26119387, 0.28955257, 0.34477553, 0.34707123, 0.34814674, 0.34905678, 0.34989241, 0.34993842, 0.34969658, 0.34938407, 0.36558664
0.16554022, 1.0000000, 0.30992833, 0.73471665, 2.9418111, 9.0806837, 9.6931448, 9.8049011, 9.9002075, 19.976486, 19.981890, 19.925663, 19.871870, 0.25734666, 0.27941692, 0.34080499, 0.34693107, 0.34804881, 0.34900200, 0.34988242, 0.34990945, 0.34962833, 0.34935933, 0.30992833
0.15154883, 0.86402994, 0.25923491, 0.35732388, 2.3927689, 8.0636730, 9.6679850, 9.7885532, 9.8917723, 19.973751, 19.973927, 19.912991, 19.868246, 0.25357315, 0.27392739, 0.33063623, 0.34667975, 0.34788549, 0.34891769, 0.34986874, 0.34986964, 0.34956497, 0.34934121, 0.25923491
0.14151622, 0.74287528, 0.22288488, 0.13690293, 1.9874275, 7.1863227, 9.6683874, 9.7872305, 9.8899612, 19.971502, 19.964258, 19.901876, 19.865601, 0.25136888, 0.26987287, 0.32186073, 0.34668317, 0.34787196, 0.34889948, 0.34985751, 0.34982130, 0.34950939, 0.34932801, 0.22288488
0.13534410, 0.66834015, 0.20052209, 0.24837255E-1, 1.7405123, 6.5560255, 9.6960297, 9.8025112, 9.8956881, 19.969273, 19.953278, 19.892494, 19.863712, 0.25024831, 0.26740265, 0.31555560, 0.34695894, 0.34802443, 0.34895664, 0.34984636, 0.34976637, 0.34946248, 0.34931856, 0.20052209
0.16088267, 0.97674602, 0.29305312, 1.7165840, 2.3431273, 5.8836174, 9.6867876, 9.7978182, 9.8928843, 19.963909, 19.940840, 19.884645, 19.862326, 0.26716280, 0.27342880, 0.30883303, 0.34686685, 0.34797767, 0.34892866, 0.34981954, 0.34970421, 0.34942323, 0.34931162, 0.29305312
0.14373282, 0.76964301, 0.23091599, 1.0251611, 1.8370867, 5.0692086, 9.6537142, 9.7781401, 9.8835936, 19.956654, 19.928099, 19.878307, 19.861307, 0.26024571, 0.26836452, 0.30068332, 0.34653381, 0.34777969, 0.34883538, 0.34978327, 0.34964049, 0.34939152, 0.34930652, 0.23091599
0.12968551, 0.60000640, 0.18001993, 0.51279068, 1.4019579, 4.2567401, 9.6365595, 9.7662430, 9.8767853, 19.948425, 19.915941, 19.873363, 19.860603, 0.25512600, 0.26401645, 0.29256263, 0.34636346, 0.34766132, 0.34876749, 0.34974211, 0.34957969, 0.34936681, 0.34930301, 0.18001993
0.11895867, 0.47046819, 0.14115457, 0.18783510, 1.0483593, 3.4589493, 9.6268854, 9.7586575, 9.8719263, 19.939930, 19.905033, 19.869616, 19.860121, 0.25187725, 0.26047993, 0.28458348, 0.34626549, 0.34758487, 0.34871870, 0.34969965, 0.34952515, 0.34934807, 0.34930059, 0.14115457
0.11049928, 0.36831194, 0.11050463, 0.0000000, 0.69083571, 2.8181434, 9.3335667, 9.7323704, 9.8590069, 19.930061, 19.895329, 19.866728, 19.859758, 0.24997859, 0.25690511, 0.27817482, 0.34333128, 0.34732142, 0.34858930, 0.34965032, 0.34947664, 0.34933364, 0.34929878, 0.11050463
0.10611494, 0.31536624, 0.94619334E-1, 0.0000000, 0.42856932, 2.3818641, 8.8470974, 9.7159061, 9.8493080, 19.920206, 19.887224, 19.864584, 19.859503, 0.24997859, 0.25428501, 0.27381670, 0.33846954, 0.34715828, 0.34849280, 0.34960103, 0.34943610, 0.34932292, 0.34929752, 0.94619334E-1
0.10285474, 0.27599585, 0.82807034E-1, 0.0000000, 0.25161505, 2.0394027, 8.3933916, 9.7177401, 9.8470373, 19.910547, 19.880590, 19.862988, 19.859346, 0.24997859, 0.25251493, 0.27038905, 0.33392981, 0.34717500, 0.34846959, 0.34955275, 0.34940296, 0.34931493, 0.34929675, 0.82807034E-1
0.99195041E-1, 0.23180100, 0.69547258E-1, 0.0000000, 0.88182092E-1, 1.6072869, 7.7887816, 9.6771708, 9.8274775, 19.900982, 19.875158, 19.861794, 19.859287, 0.24997859, 0.25088164, 0.26607138, 0.32788637, 0.34677082, 0.34827447, 0.34950492, 0.34937578, 0.34930897, 0.34929645, 0.69547258E-1
0.96568003E-1, 0.20007670, 0.60029015E-1, 0.0000000, 0.0000000, 1.2710005, 7.1864233, 9.6693363, 9.8199492, 19.892384, 19.870897, 19.860947, 19.859222, 0.24997859, 0.24999002, 0.26270530, 0.32185894, 0.34668979, 0.34819826, 0.34946191, 0.34935448, 0.34930474, 0.34929612, 0.60029015E-1
0.95782869E-1, 0.19059528, 0.57184305E-1, 0.0000000, 0.0000000, 1.1464566, 6.8264761, 9.7262287, 9.8416519, 19.886246, 19.867971, 19.860405, 19.859222, 0.24997859, 0.24999002, 0.26146349, 0.31826347, 0.34726140, 0.34841621, 0.34943122, 0.34933984, 0.34930202, 0.34929612, 0.57184305E-1
0.94590709E-1, 0.17619863, 0.52864876E-1, 0.0000000, 0.0000000, 0.94774365, 6.3911309, 9.7070971, 9.8341904, 19.879889, 19.865448, 19.859953, 19.859200, 0.24997859, 0.24999002, 0.25947627, 0.31390974, 0.34706977, 0.34834149, 0.34939945, 0.34932724, 0.34929976, 0.34929600, 0.52864876E-1
0.93573637E-1, 0.16391647, 0.49179859E-1, 0.0000000, 0.0000000, 0.78515410, 5.9770131, 9.7045393, 9.8315716, 19.874199, 19.863443, 19.859625, 19.859163, 0.24997859, 0.24999002, 0.25785103, 0.30976939, 0.34704477, 0.34831551, 0.34937099, 0.34931722, 0.34929812, 0.34929582, 0.49179859E-1
0.92126012E-1, 0.14643475, 0.43934818E-1, 0.0000000, 0.0000000, 0.56500137, 5.3632135, 9.6474152, 9.8052416, 19.869381, 19.861891, 19.859394, 19.859127, 0.24997859, 0.24999002, 0.25564849, 0.30362925, 0.34647152, 0.34805152, 0.34934691, 0.34930944, 0.34929699, 0.34929565, 0.43934818E-1
0.13843499, 0.70566607, 0.21172099, 2.1606712, 2.0102501, 0.55900812, 5.1530457, 9.7662239, 9.8507376, 19.867195, 19.861185, 19.859394, 19.859127, 0.27160102, 0.27009931, 0.25558963, 0.30152965, 0.34766147, 0.34850711, 0.34933597, 0.34930593, 0.34929699, 0.34929565, 0.21172099
0.13404742, 0.65268129, 0.19582397, 1.9329578, 1.8809736, 0.53971410, 5.0070148, 9.7988911, 9.8661623, 19.865364, 19.860655, 19.859394, 19.859127, 0.26932940, 0.26880962, 0.25539711, 0.30007011, 0.34798887, 0.34866163, 0.34932682, 0.34930328, 0.34929699, 0.34929565, 0.19582397
0.15487355, 0.90417945, 0.27128097, 2.6903808, 2.3780465, 2.0856647, 4.8409758, 9.7971859, 9.8665771, 19.863087, 19.860048, 19.859324, 19.859116, 0.27690145, 0.27377921, 0.27085611, 0.29840949, 0.34797159, 0.34866568, 0.34931543, 0.34930024, 0.34929663, 0.34929559, 0.27128097
0.19470930, 1.0000000, 0.41561335, 2.1095471, 4.5274773, 8.4001741, 9.5413218, 9.8341160, 9.8799706, 19.861822, 19.859749, 19.859295, 19.859116, 0.27109492, 0.29527402, 0.33400106, 0.34541306, 0.34834108, 0.34879968, 0.34930912, 0.34929875, 0.34929648, 0.34929559, 0.41561335
0.26736915, 1.0000000, 0.67887378, 4.1023965, 9.3614340, 9.5954647, 9.7508764, 9.8560562, 9.8878212, 19.860922, 19.859573, 19.859270, 19.859116, 0.29102379, 0.34361410, 0.34595454, 0.34750873, 0.34856057, 0.34887820, 0.34930462, 0.34929788, 0.34929636, 0.34929559, 0.67887378
0.35600001, 1.0000000, 1.0000000, 9.9999990, 9.9999990, 9.9999990, 9.9999990, 9.9999990, 9.9999990, 19.999998, 19.999998, 19.999998, 19.997997, 0.34999999, 0.34999999, 0.34999999, 0.34999999, 0.34999999, 0.34999999, 0.34999999, 0.34999999, 0.34999999, 0.34998998, 1.0000000
0.33308417, 1.0000000, 0.91697156, 8.6745481, 9.5723276, 9.7568855, 9.9310656, 9.9645662, 9.9867430, 19.998693, 19.999653, 19.999647, 19.974253, 0.33674383, 0.34572217, 0.34756830, 0.34931055, 0.34964561, 0.34986740, 0.34999347, 0.34999827, 0.34999824, 0.34987128, 0.91697156
0.32992977, 1.0000000, 0.90554249, 8.4829483, 9.5359659, 9.7179079, 9.8959265, 9.9442997, 9.9783325, 19.997757, 19.999409, 19.997932, 19.951946, 0.33482340, 0.34535557, 0.34717700, 0.34895885, 0.34944278, 0.34978327, 0.34998879, 0.34999704, 0.34998965, 0.34975973, 0.90554249
0.35600001, 1.0000000, 1.0000000, 9.9999990, 9.9999990, 9.9999990, 9.9999990, 9.9999990, 9.9999990, 19.999998, 19.999998, 19.999998, 19.998999, 0.34999999, 0.34999999, 0.34999999, 0.34999999, 0.34999999, 0.34999999, 0.34999999, 0.34999999, 0.34999999, 0.34999499, 1.0000000
0.35206145, 1.0000000, 0.98572975, 9.7954693, 9.8943014, 9.9454222, 9.9876633, 9.9937887, 9.9977922, 19.999863, 19.999964, 19.999750, 19.975233, 0.34795377, 0.34894246, 0.34945393, 0.34987658, 0.34993786, 0.34997791, 0.34999931, 0.34999982, 0.34999874, 0.34987617, 0.98572975
0.33794701, 1.0000000, 0.93459070, 8.9645815, 9.6506176, 9.8036280, 9.9477625, 9.9732513, 9.9903765, 19.999403, 19.999849, 19.998146, 19.952848, 0.33964449, 0.34650534, 0.34803587, 0.34947753, 0.34973249, 0.34990376, 0.34999701, 0.34999925, 0.34999073, 0.34976423, 0.93459070
0.32527214, 1.0000000, 0.88866705, 8.1920795, 9.4744997, 9.6837397, 9.8907928, 9.9421740, 9.9780836, 19.998146, 19.999514, 19.994146, 19.932823, 0.33192044, 0.34474471, 0.34683728, 0.34890789, 0.34942174, 0.34978083, 0.34999073, 0.34999758, 0.34997073, 0.34966412, 0.88866705
0.31459814, 1.0000000, 0.84999317, 7.3364000, 9.5850401, 9.7393599, 9.8861427, 9.9366522, 9.9746819, 19.997751, 19.999329, 19.987349, 19.915815, 0.32336158, 0.34584850, 0.34739265, 0.34886122, 0.34936643, 0.34974679, 0.34998876, 0.34999663, 0.34993675, 0.34957907, 0.84999317
0.31829244, 1.0000000, 0.86337841, 7.5914569, 9.6036949, 9.7489719, 9.8801079, 9.9310541, 9.9709730, 19.997036, 19.998764, 19.977695, 19.901907, 0.32590666, 0.34603095, 0.34748667, 0.34880045, 0.34931025, 0.34970963, 0.34998518, 0.34999382, 0.34988847, 0.34950954, 0.86337841
0.28155822, 1.0000000, 0.73028326, 5.1613884, 9.3194408, 9.5681496, 9.8011551, 9.8856001, 9.9506521, 19.993933, 19.997004, 19.965544, 19.890865, 0.30160305, 0.34318268, 0.34567547, 0.34801033, 0.34885538, 0.34950632, 0.34996966, 0.34998500, 0.34982771, 0.34945434, 0.73028326
0.24627858, 1.0000000, 0.60245860, 2.8987975, 8.8647461, 9.5100460, 9.7510414, 9.8519764, 9.9332047, 19.991091, 19.994267, 19.951923, 19.882410, 0.27898198, 0.33863649, 0.34509459, 0.34750921, 0.34851918, 0.34933183, 0.34995544, 0.34997132, 0.34975961, 0.34941205, 0.60245860
0.21915288, 1.0000000, 0.50417709, 2.1247327, 6.9048162, 9.4679403, 9.7135420, 9.8249331, 9.9175415, 19.988169, 19.989952, 19.937851, 19.876019, 0.27124271, 0.31903914, 0.34467322, 0.34713414, 0.34824866, 0.34917521, 0.34994084, 0.34994978, 0.34968925, 0.34938008, 0.50417709
0.19591975, 1.0000000, 0.41999909, 1.5225261, 5.1121035, 9.4544802, 9.6965523, 9.8105335, 9.9074287, 19.985661, 19.983816, 19.924204, 19.871281, 0.26522049, 0.30111140, 0.34453592, 0.34696370, 0.34810442, 0.34907401, 0.34992832, 0.34991908, 0.34962103, 0.34935641, 0.41999909
0.17587686, 1.0000000, 0.34737992, 1.0563076, 3.4748294, 9.4418192, 9.6859522, 9.8014555, 9.9007864, 19.983431, 19.975710, 19.911703, 19.867823, 0.26056188, 0.28474593, 0.34441501, 0.34685886, 0.34801424, 0.34900776, 0.34991714, 0.34987855, 0.34955853, 0.34933913, 0.34737992
0.15812242, 0.94341296, 0.28305221, 0.59209764, 2.5640547, 8.5310535, 9.6542845, 9.7809477, 9.8899126, 19.980118, 19.965481, 19.900715, 19.865307, 0.25591999, 0.27563798, 0.33530626, 0.34654188, 0.34780902, 0.34889895, 0.34990060, 0.34982741, 0.34950358, 0.34932655, 0.28305221
0.14236510, 0.75312632, 0.22596049, 0.22431314, 1.9356549, 7.2188964, 9.6174374, 9.7569389, 9.8775568, 19.976040, 19.953747, 19.891405, 19.863483, 0.25224218, 0.26935154, 0.32217962, 0.34617186, 0.34756815, 0.34877515, 0.34988019, 0.34976873, 0.34945703, 0.34931743, 0.22596049
0.12874034, 0.58859259, 0.17659543, 0.0000000, 1.3627082, 5.8307686, 9.5822296, 9.7331924, 9.8647680, 19.970654, 19.941109, 19.883795, 19.862167, 0.24997483, 0.26362303, 0.30829903, 0.34581947, 0.34733051, 0.34864721, 0.34985328, 0.34970555, 0.34941897, 0.34931085, 0.17659543
0.11902260, 0.47124034, 0.14138624, 0.0000000, 0.90028942, 4.4154334, 9.5517120, 9.7119322, 9.8531647, 19.964779, 19.928600, 19.877764, 19.861233, 0.24997483, 0.25900239, 0.29415309, 0.34551659, 0.34711906, 0.34853157, 0.34982389, 0.34964299, 0.34938881, 0.34930617, 0.14138624
0.11112095, 0.37581936, 0.11275709, 0.0000000, 0.57365894, 3.1622310, 9.5464611, 9.7057295, 9.8475857, 19.957623, 19.916670, 19.873047, 19.860579, 0.24997483, 0.25573558, 0.28161949, 0.34546292, 0.34705642, 0.34847558, 0.34978813, 0.34958336, 0.34936523, 0.34930289, 0.11275709
0.10730402, 0.32972568, 0.98927602E-1, 0.0000000, 0.40995181, 2.6258886, 9.2449484, 9.7242346, 9.8545132, 19.949825, 19.905972, 19.869463, 19.860121, 0.24997483, 0.25409862, 0.27625602, 0.34244749, 0.34724131, 0.34854478, 0.34974912, 0.34952986, 0.34934732, 0.34930059, 0.98927602E-1
0.10274792, 0.27470583, 0.82419991E-1, 0.0000000, 0.16752779, 2.1302552, 8.6702328, 9.6955976, 9.8409376, 19.938280, 19.895906, 19.866573, 19.859751, 0.24997483, 0.25167292, 0.27128762, 0.33669016, 0.34694919, 0.34840709, 0.34969139, 0.34947953, 0.34933287, 0.34929875, 0.82419991E-1
0.99708587E-1, 0.23800257, 0.71407914E-1, 0.0000000, 0.47913194E-1, 1.7457068, 8.1110153, 9.6924381, 9.8370237, 19.927551, 19.887712, 19.864479, 19.859503, 0.24997483, 0.25047898, 0.26745448, 0.33110774, 0.34692293, 0.34836978, 0.34963775, 0.34943855, 0.34932238, 0.34929752, 0.71407914E-1
0.10179318, 0.26317635, 0.78960799E-1, 0.19656420, 0.40802360E-1, 1.6537994, 7.8490353, 9.7637196, 9.8653383, 19.918583, 19.881430, 19.863035, 19.859362, 0.25196329, 0.25040773, 0.26653206, 0.32848471, 0.34763369, 0.34865218, 0.34959292, 0.34940714, 0.34931517, 0.34929681, 0.78960799E-1
0.10853978, 0.34464884, 0.10340499, 0.71471035, 0.24521351E-1, 1.6113967, 7.7046523, 9.8112745, 9.8854685, 19.909449, 19.876249, 19.861952, 19.859346, 0.25714540, 0.25024518, 0.26611283, 0.32704541, 0.34811208, 0.34885445, 0.34954724, 0.34938124, 0.34930974, 0.34929675, 0.10340499
0.13570541, 0.67270327, 0.20183116, 2.6924224, 0.18599629E-1, 1.6039848, 7.6302018, 9.8492203, 9.9006834, 19.901085, 19.872194, 19.861183, 19.859346, 0.27692002, 0.25018597, 0.26603910, 0.32630131, 0.34849176, 0.34900668, 0.34950542, 0.34936097, 0.34930593, 0.34929675, 0.20183116
0.14932430, 0.83716631, 0.25117502, 2.1585643, 2.1098197, 2.5000243, 7.5670829, 9.8662930, 9.9067621, 19.893303, 19.868986, 19.860619, 19.859346, 0.27158535, 0.27109802, 0.27500013, 0.32567078, 0.34866288, 0.34906763, 0.34946650, 0.34934494, 0.34930310, 0.34929675, 0.25117502
0.14557858, 0.79193252, 0.23760352, 2.0324588, 1.9321561, 2.3949594, 7.4548450, 9.8523951, 9.9006233, 19.886293, 19.866446, 19.860212, 19.859299, 0.27032432, 0.26932141, 0.27394950, 0.32454839, 0.34852391, 0.34900624, 0.34943146, 0.34933221, 0.34930107, 0.34929651, 0.23760352
0.12994690, 0.60316312, 0.18096703, 1.2716353, 1.4822960, 2.1138520, 7.1955423, 9.7922354, 9.8753099, 19.878597, 19.864088, 19.859781, 19.859222, 0.26271585, 0.26482260, 0.27113828, 0.32195523, 0.34792224, 0.34875306, 0.34939298, 0.34932044, 0.34929889, 0.34929612, 0.18096703
0.12187539, 0.50569087, 0.15172243, 0.90630352, 1.2295067, 1.9355655, 6.9633231, 9.7830591, 9.8686018, 19.873592, 19.862614, 19.859558, 19.859211, 0.25906184, 0.26229408, 0.26935488, 0.31963268, 0.34783021, 0.34868589, 0.34936798, 0.34931308, 0.34929779, 0.34929606, 0.15172243
0.12331109, 0.52302855, 0.15692426, 1.2133092, 1.0029525, 1.7617166, 6.7174129, 9.7754221, 9.8630867, 19.869539, 19.861509, 19.859394, 19.859200, 0.26213276, 0.26002935, 0.26761702, 0.31717402, 0.34775412, 0.34863085, 0.34934771, 0.34930754, 0.34929699, 0.34929600, 0.15692426
0.11780363, 0.45651984, 0.13696966, 0.94651878, 0.86499453, 1.6390771, 6.5041642, 9.7804060, 9.8636599, 19.867073, 19.860865, 19.859354, 19.859200, 0.25946423, 0.25864944, 0.26639026, 0.31504124, 0.34780377, 0.34863651, 0.34933537, 0.34930432, 0.34929678, 0.34929600, 0.13696966
0.10809711, 0.33930308, 0.10180110, 0.49206913, 0.60091019, 1.4071465, 6.1770749, 9.7436638, 9.8474627, 19.863497, 19.859947, 19.859213, 19.859163, 0.25491986, 0.25600851, 0.26407075, 0.31177011, 0.34743613, 0.34847444, 0.34931749, 0.34929973, 0.34929606, 0.34929582, 0.10180110
0.10323905, 0.28063682, 0.84199466E-1, 0.28706491, 0.45846701, 1.2589484, 5.8923831, 9.7482262, 9.8473635, 19.861578, 19.859489, 19.859140, 19.859144, 0.25286919, 0.25458327, 0.26258755, 0.30892205, 0.34748077, 0.34847313, 0.34930789, 0.34929746, 0.34929571, 0.34929574, 0.84199466E-1
0.96500993E-1, 0.19926740, 0.59786201E-1, 0.41386485E-1, 0.24088621, 0.98673999, 5.4183583, 9.6853514, 9.8208466, 19.859356, 19.859005, 19.859018, 19.859104, 0.25041372, 0.25240836, 0.25986636, 0.30418244, 0.34685251, 0.34820810, 0.34929678, 0.34929502, 0.34929508, 0.34929553, 0.59786201E-1
0.99071898E-1, 0.23031387, 0.69101073E-1, 0.40579438, 0.10655820, 0.76803863, 4.9003034, 9.6664848, 9.8097849, 19.858040, 19.858662, 19.858923, 19.859076, 0.25405622, 0.25106531, 0.25767940, 0.29900178, 0.34666359, 0.34809744, 0.34929019, 0.34929329, 0.34929460, 0.34929538, 0.69101073E-1
0.19395334, 1.0000000, 0.41287437, 2.5343628, 4.0761523, 7.8937140, 8.6868429, 9.6698828, 9.8093796, 19.857182, 19.858431, 19.858839, 19.859051, 0.27534318, 0.29076111, 0.32893673, 0.33686835, 0.34669876, 0.34809378, 0.34928590, 0.34929216, 0.34929419, 0.34929526, 0.41287437
0.34996700, 1.0000000, 0.97814131, 9.9855738, 9.6936092, 9.3189821, 9.5800562, 9.7405710, 9.8371334, 19.856337, 19.858219, 19.858768, 19.859028, 0.34985572, 0.34693611, 0.34318984, 0.34580058, 0.34740570, 0.34837133, 0.34928167, 0.34929109, 0.34929383, 0.34929514, 0.97814131
0.35600001, 1.0000000, 1.0000000, 9.9999990, 9.9999990, 9.9999990, 9.9999990, 9.9999990, 9.9999990, 19.999998, 19.999998, 19.999998, 19.994993, 0.34999999, 0.34999999, 0.34999999, 0.34999999, 0.34999999, 0.34999999, 0.34999999, 0.34999999, 0.34999999, 0.34997496, 1.0000000
0.35599923, 1.0000000, 0.99999726, 9.9999962, 9.9999990, 9.9999990, 9.9999990, 9.9999990, 9.9999990, 19.999998, 19.999998, 19.999998, 19.998999, 0.34999961, 0.34999979, 0.34999987, 0.34999996, 0.34999999, 0.34999999, 0.34999999, 0.34999999, 0.34999999, 0.34999499, 0.99999726
0.32334754, 1.0000000, 0.88169396, 8.0607891, 9.4597721, 9.6842184, 9.9011135, 9.9486313, 9.9801311, 19.997555, 19.999361, 19.999582, 19.975210, 0.33060551, 0.34459606, 0.34684131, 0.34901094, 0.34948623, 0.34980127, 0.34998778, 0.34999681, 0.34999791, 0.34987605, 0.88169396
0.28561032, 1.0000000, 0.74496490, 5.4517202, 9.3188534, 9.5717974, 9.8190184, 9.9004698, 9.9595222, 19.994869, 19.998663, 19.997824, 19.952789, 0.30451146, 0.34318262, 0.34571496, 0.34818956, 0.34900439, 0.34959510, 0.34997433, 0.34999332, 0.34998912, 0.34976393, 0.74496490
0.24753836, 1.0000000, 0.60702300, 2.9964356, 8.8526669, 9.5088987, 9.7575359, 9.8591690, 9.9392691, 19.992319, 19.997988, 19.993731, 19.932739, 0.27996069, 0.33852017, 0.34508550, 0.34757465, 0.34859133, 0.34939256, 0.34996158, 0.34998995, 0.34996864, 0.34966370, 0.60702300
0.21792917, 1.0000000, 0.49974334, 2.1519394, 6.7156272, 9.4588299, 9.7105799, 9.8251228, 9.9201317, 19.989628, 19.997166, 19.986729, 19.915709, 0.27151668, 0.31715119, 0.34458473, 0.34710506, 0.34825087, 0.34920120, 0.34994814, 0.34998584, 0.34993365, 0.34957856, 0.49974334
0.28902620, 1.0000000, 0.75734127, 5.7153492, 9.2694311, 9.6299953, 9.7738905, 9.8552971, 9.9280615, 19.989771, 19.996773, 19.977106, 19.901812, 0.30715030, 0.34269121, 0.34629834, 0.34773859, 0.34855279, 0.34928057, 0.34994885, 0.34998387, 0.34988552, 0.34950906, 0.75734127
0.33605593, 1.0000000, 0.92773879, 8.8971891, 9.5935478, 9.7218618, 9.8188095, 9.8800707, 9.9368334, 19.989914, 19.995798, 19.965200, 19.890829, 0.33897188, 0.34593546, 0.34721863, 0.34818810, 0.34880072, 0.34936833, 0.34994957, 0.34997898, 0.34982601, 0.34945413, 0.92773879
0.32102531, 1.0000000, 0.87328005, 7.8759379, 9.5044746, 9.6736841, 9.8179722, 9.8814440, 9.9378157, 19.989458, 19.993670, 19.951771, 19.882410, 0.32875919, 0.34504461, 0.34673679, 0.34817973, 0.34881443, 0.34937817, 0.34994727, 0.34996834, 0.34975886, 0.34941205, 0.87328005
0.35595858, 1.0000000, 0.99984992, 9.9982052, 9.9989262, 9.9994631, 9.9998894, 9.9999456, 9.9999819, 19.999998, 19.999998, 19.999977, 19.989275, 0.34997934, 0.34998763, 0.34999382, 0.34999874, 0.34999937, 0.34999979, 0.34999999, 0.34999999, 0.34999987, 0.34994638, 0.99984992
0.35599768, 1.0000000, 0.99999154, 9.9999313, 9.9999580, 9.9999790, 9.9999962, 9.9999990, 9.9999990, 19.999998, 19.999998, 19.999998, 19.996996, 0.34999883, 0.34999931, 0.34999964, 0.34999993, 0.34999999, 0.34999999, 0.34999999, 0.34999999, 0.34999999, 0.34998497, 0.99999154
0.35600001, 1.0000000, 1.0000000, 9.9999990, 9.9999990, 9.9999990, 9.9999990, 9.9999990, 9.9999990, 19.999998, 19.999998, 19.999998, 19.998999, 0.34999999, 0.34999999, 0.34999999, 0.34999999, 0.34999999, 0.34999999, 0.34999999, 0.34999999, 0.34999999, 0.34999499, 1.0000000
0.35554183, 1.0000000, 0.99833983, 9.9996738, 9.9670343, 9.9585466, 9.9913263, 9.9956589, 9.9985361, 19.999992, 19.999998, 19.999750, 19.975233, 0.34999675, 0.34967035, 0.34958547, 0.34991327, 0.34995657, 0.34998536, 0.34999996, 0.34999999, 0.34999874, 0.34987617, 0.99833983
0.35166013, 1.0000000, 0.98427570, 9.8308201, 9.8198519, 9.8829021, 9.9728069, 9.9862452, 9.9953012, 19.999928, 19.999981, 19.998169, 19.952848, 0.34830821, 0.34819853, 0.34882903, 0.34972808, 0.34986246, 0.34995300, 0.34999964, 0.34999990, 0.34999084, 0.34976423, 0.98427570
0.34737337, 1.0000000, 0.96874404, 9.5508270, 9.7783136, 9.8662519, 9.9635687, 9.9812880, 9.9934616, 19.999891, 19.999968, 19.994247, 19.932835, 0.34550828, 0.34778315, 0.34866253, 0.34963569, 0.34981287, 0.34993461, 0.34999946, 0.34999985, 0.34997123, 0.34966418, 0.96874404
0.33685058, 1.0000000, 0.93061805, 8.8878059, 9.6511860, 9.7956619, 9.9373541, 9.9673195, 9.9881678, 19.999498, 19.999783, 19.987438, 19.915815, 0.33887807, 0.34651187, 0.34795663, 0.34937355, 0.34967321, 0.34988168, 0.34999749, 0.34999892, 0.34993720, 0.34957907, 0.93061805
0.29476559, 1.0000000, 0.77813613, 6.1178684, 9.3115616, 9.5718422, 9.8275242, 9.9063997, 9.9625502, 19.995642, 19.998419, 19.977541, 19.901848, 0.31117806, 0.34311503, 0.34571812, 0.34827518, 0.34906396, 0.34962550, 0.34997821, 0.34999210, 0.34988770, 0.34950924, 0.77813613
0.25050482, 1.0000000, 0.61777109, 2.9922795, 9.2240200, 9.4966316, 9.7542944, 9.8583603, 9.9394302, 19.992485, 19.996645, 19.965359, 19.890818, 0.27992004, 0.34223512, 0.34496370, 0.34754241, 0.34858334, 0.34939420, 0.34996241, 0.34998322, 0.34982678, 0.34945410, 0.61777109
0.21788901, 1.0000000, 0.49959782, 2.0770879, 6.8501668, 9.4361610, 9.6990452, 9.8187189, 9.9176722, 19.989506, 19.993843, 19.951746, 19.882343, 0.27076414, 0.31848836, 0.34435245, 0.34698859, 0.34818622, 0.34917638, 0.34994751, 0.34996921, 0.34975874, 0.34941173, 0.49959782
0.19362330, 1.0000000, 0.41167867, 1.4822870, 4.9078598, 9.4432364, 9.6879101, 9.8057976, 9.9069023, 19.987549, 19.989759, 19.937744, 19.876003, 0.26481959, 0.29907206, 0.34442607, 0.34687781, 0.34805733, 0.34906882, 0.34993774, 0.34994879, 0.34968871, 0.34938002, 0.41167867
0.17867728, 1.0000000, 0.35752636, 1.1940300, 3.5575941, 9.4874392, 9.7087393, 9.8145208, 9.9075441, 19.987234, 19.984196, 19.924252, 19.871300, 0.26193914, 0.28557387, 0.34487164, 0.34708682, 0.34814492, 0.34907535, 0.34993619, 0.34992099, 0.34962127, 0.34935650, 0.35752636
0.17155597, 1.0000000, 0.33172449, 1.0543168, 2.9898345, 9.3573093, 9.7475100, 9.8359365, 9.9150000, 19.986750, 19.976540, 19.911844, 19.867870, 0.26054317, 0.27989835, 0.34357309, 0.34747511, 0.34835938, 0.34915000, 0.34993374, 0.34988269, 0.34955922, 0.34933937, 0.33172449
0.16982339, 1.0000000, 0.32544705, 1.0215014, 2.9337020, 9.1470709, 9.7983103, 9.8649817, 9.9266825, 19.986036, 19.966980, 19.901001, 19.865381, 0.26021495, 0.27933690, 0.34147054, 0.34798306, 0.34864977, 0.34926683, 0.34993017, 0.34983489, 0.34950501, 0.34932691, 0.32544705
0.16348547, 1.0000000, 0.30248356, 0.86333454, 2.6821792, 8.6528788, 9.7749205, 9.8551111, 9.9246626, 19.984209, 19.955805, 19.891815, 19.863571, 0.25863260, 0.27682039, 0.33652651, 0.34774870, 0.34855083, 0.34924653, 0.34992105, 0.34977901, 0.34945908, 0.34931785, 0.30248356
0.15687981, 0.92840713, 0.27855000, 0.70971251, 2.4189801, 8.0997686, 9.7573338, 9.8457966, 9.9215746, 19.981239, 19.943699, 19.884281, 19.862261, 0.25709695, 0.27418941, 0.33099705, 0.34757319, 0.34845787, 0.34921572, 0.34990621, 0.34971851, 0.34942141, 0.34931129, 0.27855000
0.14972880, 0.84205103, 0.25264058, 0.55915713, 2.1311045, 7.4555993, 9.7370338, 9.8336620, 9.9164953, 19.976851, 19.931377, 19.878248, 19.861338, 0.25559133, 0.27131051, 0.32455507, 0.34737009, 0.34833652, 0.34916493, 0.34988424, 0.34965688, 0.34939125, 0.34930670, 0.25264058
0.18063879, 1.0000000, 0.36463329, 2.9171557, 2.0597816, 7.1918025, 9.7855864, 9.8592567, 9.9252968, 19.970997, 19.919538, 19.873552, 19.860685, 0.27917111, 0.27059764, 0.32191768, 0.34785578, 0.34859252, 0.34925294, 0.34985498, 0.34959769, 0.34936777, 0.34930342, 0.36463329
0.16877621, 1.0000000, 0.32165298, 2.1776795, 1.8601805, 7.2072210, 9.7209187, 9.8244896, 9.9114981, 19.962229, 19.908339, 19.869852, 19.860172, 0.27177680, 0.26860180, 0.32207221, 0.34720919, 0.34824491, 0.34911498, 0.34981114, 0.34954169, 0.34934926, 0.34930086, 0.32165298
0.16045046, 0.97152680, 0.29148719, 1.5239835, 2.3660870, 6.3742476, 9.6845808, 9.8012543, 9.8994961, 19.951607, 19.898342, 19.867004, 19.859827, 0.26523843, 0.27365959, 0.31374070, 0.34684527, 0.34801227, 0.34899488, 0.34975803, 0.34949172, 0.34933501, 0.34929913, 0.29148719
0.17989910, 1.0000000, 0.36195326, 1.5764713, 3.1603820, 9.3085308, 9.6856365, 9.7989531, 9.8951159, 19.940325, 19.889868, 19.864855, 19.859562, 0.26576361, 0.28160247, 0.34308335, 0.34685594, 0.34798932, 0.34895110, 0.34970161, 0.34944934, 0.34932429, 0.34929782, 0.36195326
0.17352191, 1.0000000, 0.33884749, 1.7842889, 2.4861395, 8.4282398, 9.6714106, 9.7889404, 9.8880939, 19.928774, 19.882881, 19.863272, 19.859398, 0.26784119, 0.27485999, 0.33428001, 0.34671357, 0.34788913, 0.34888086, 0.34964389, 0.34941441, 0.34931636, 0.34929699, 0.33884749
0.17992865, 1.0000000, 0.36206031, 2.0057082, 2.7815847, 8.6404600, 9.6937323, 9.7999430, 9.8892183, 19.917622, 19.877277, 19.862104, 19.859299, 0.27005652, 0.27781540, 0.33640388, 0.34693718, 0.34799933, 0.34889215, 0.34958810, 0.34938639, 0.34931052, 0.34929651, 0.36206031
0.23746076, 1.0000000, 0.57051003, 2.9496849, 7.7398901, 9.4639874, 9.7351494, 9.8227425, 9.8956499, 19.907564, 19.872927, 19.861265, 19.859287, 0.27949524, 0.32739636, 0.34463832, 0.34735116, 0.34822729, 0.34895644, 0.34953782, 0.34936464, 0.34930632, 0.34929645, 0.57051003
0.35509014, 1.0000000, 0.99670339, 9.9547577, 9.9735250, 9.9866829, 9.9973154, 9.9986553, 9.9995527, 19.999998, 19.999998, 19.999975, 19.989016, 0.34954342, 0.34973276, 0.34986559, 0.34997290, 0.34998643, 0.34999549, 0.34999999, 0.34999999, 0.34999987, 0.34994507, 0.99670339
0.32918856, 1.0000000, 0.90285701, 8.4338760, 9.5211821, 9.7242002, 9.9135513, 9.9550886, 9.9829750, 19.998180, 19.999535, 19.999710, 19.978123, 0.33433875, 0.34521180, 0.34724200, 0.34913552, 0.34955090, 0.34982973, 0.34999090, 0.34999767, 0.34999853, 0.34989062, 0.90285701
0.30318749, 1.0000000, 0.80865026, 6.6335192, 9.4278955, 9.6472988, 9.8627615, 9.9254389, 9.9710407, 19.997429, 19.999344, 19.998323, 19.955513, 0.31633106, 0.34427544, 0.34647119, 0.34862727, 0.34925422, 0.34971035, 0.34998715, 0.34999672, 0.34999162, 0.34977758, 0.80865026
0.35595417, 1.0000000, 0.99983388, 9.9981899, 9.9989147, 9.9994574, 9.9998922, 9.9999456, 9.9999819, 19.999998, 19.999998, 19.999998, 19.994993, 0.34997714, 0.34998628, 0.34999314, 0.34999862, 0.34999931, 0.34999976, 0.34999999, 0.34999999, 0.34999999, 0.34997496, 0.99983388
0.35600001, 1.0000000, 1.0000000, 9.9999990, 9.9999990, 9.9999990, 9.9999990, 9.9999990, 9.9999990, 19.999998, 19.999998, 19.999998, 19.995995, 0.34999999, 0.34999999, 0.34999999, 0.34999999, 0.34999999, 0.34999999, 0.34999999, 0.34999999, 0.34999999, 0.34997997, 1.0000000
0.35565084, 1.0000000, 0.99873477, 9.9825544, 9.9896212, 9.9948111, 9.9989595, 9.9994812, 9.9998264, 19.999998, 19.999998, 19.999990, 19.991999, 0.34982556, 0.34989622, 0.34994811, 0.34998959, 0.34999481, 0.34999827, 0.34999999, 0.34999999, 0.34999996, 0.34996000, 0.99873477
0.35300750, 1.0000000, 0.98915750, 9.8471079, 9.9159479, 9.9571600, 9.9911833, 9.9955873, 9.9985209, 19.999998, 19.999998, 19.999983, 19.990009, 0.34847108, 0.34915948, 0.34957159, 0.34991184, 0.34995586, 0.34998521, 0.34999999, 0.34999999, 0.34999990, 0.34995005, 0.98915750
0.35597467, 1.0000000, 0.99990821, 9.9989920, 9.9993973, 9.9996958, 9.9999371, 9.9999695, 9.9999905, 19.999998, 19.999998, 19.999996, 19.993994, 0.34998736, 0.34999245, 0.34999618, 0.34999922, 0.34999961, 0.34999987, 0.34999999, 0.34999999, 0.34999996, 0.34996998, 0.99990821
0.35600001, 1.0000000, 0.99999994, 9.9999990, 9.9999990, 9.9999962, 9.9999990, 9.9999990, 9.9999990, 19.999998, 19.999998, 19.999998, 19.995995, 0.34999999, 0.34999999, 0.34999996, 0.34999999, 0.34999999, 0.34999999, 0.34999999, 0.34999999, 0.34999999, 0.34997997, 0.99999994
0.35600001, 1.0000000, 1.0000000, 9.9999990, 9.9999990, 9.9999990, 9.9999990, 9.9999990, 9.9999990, 19.999998, 19.999998, 19.999996, 19.993994, 0.34999999, 0.34999999, 0.34999999, 0.34999999, 0.34999999, 0.34999999, 0.34999999, 0.34999999, 0.34999996, 0.34996998, 1.0000000
0.35599041, 1.0000000, 0.99996513, 9.9995193, 9.9997129, 9.9998560, 9.9999723, 9.9999819, 9.9999962, 19.999992, 19.999998, 19.999990, 19.992998, 0.34999520, 0.34999713, 0.34999856, 0.34999973, 0.34999982, 0.34999996, 0.34999996, 0.34999999, 0.34999996, 0.34996498, 0.99996513
0.35599124, 1.0000000, 0.99996817, 9.9996986, 9.9998207, 9.9999065, 9.9999819, 9.9999905, 9.9999990, 19.999998, 19.999998, 19.999998, 19.994993, 0.34999561, 0.34999737, 0.34999865, 0.34999973, 0.34999987, 0.34999999, 0.34999999, 0.34999999, 0.34999999, 0.34997496, 0.99996817
0.35600001, 1.0000000, 1.0000000, 9.9999990, 9.9999990, 9.9999990, 9.9999990, 9.9999990, 9.9999990, 19.999998, 19.999998, 19.999998, 19.996996, 0.34999999, 0.34999999, 0.34999999, 0.34999999, 0.34999999, 0.34999999, 0.34999999, 0.34999999, 0.34999999, 0.34998497, 1.0000000
0.35600001, 1.0000000, 1.0000000, 9.9999990, 9.9999990, 9.9999990, 9.9999990, 9.9999990, 9.9999990, 19.999998, 19.999998, 19.999998, 19.996996, 0.34999999, 0.34999999, 0.34999999, 0.34999999, 0.34999999, 0.34999999, 0.34999999, 0.34999999, 0.34999999, 0.34998497, 1.0000000
0.34544790, 1.0000000, 0.96176767, 9.4291067, 9.7485313, 9.8655186, 9.9696579, 9.9846840, 9.9948168, 19.999950, 19.999987, 19.999949, 19.985044, 0.34428972, 0.34748447, 0.34865478, 0.34969649, 0.34984681, 0.34994817, 0.34999976, 0.34999993, 0.34999973, 0.34992522, 0.96176767
0.34572381, 1.0000000, 0.96276736, 9.5376949, 9.6405582, 9.7934761, 9.9464760, 9.9726887, 9.9901714, 19.999378, 19.999832, 19.999924, 19.985031, 0.34537286, 0.34640309, 0.34793350, 0.34946451, 0.34972677, 0.34990168, 0.34999689, 0.34999916, 0.34999961, 0.34992516, 0.96276736
0.33649302, 1.0000000, 0.92932248, 8.9853230, 9.4981766, 9.7005424, 9.9025784, 9.9487247, 9.9811611, 19.998974, 19.999725, 19.999012, 19.961931, 0.33985072, 0.34498018, 0.34700462, 0.34902561, 0.34948716, 0.34981158, 0.34999487, 0.34999862, 0.34999508, 0.34980965, 0.92932248
0.34391809, 1.0000000, 0.95622486, 9.3401785, 9.7208576, 9.8494673, 9.9655199, 9.9825802, 9.9940815, 19.999945, 19.999981, 19.999949, 19.985044, 0.34339917, 0.34720692, 0.34849384, 0.34965503, 0.34982571, 0.34994078, 0.34999973, 0.34999990, 0.34999973, 0.34992522, 0.95622486
0.32866362, 1.0000000, 0.90095508, 8.3546305, 9.5746632, 9.7524128, 9.9295015, 9.9635162, 9.9873762, 19.999945, 19.999981, 19.999071, 19.961931, 0.33354235, 0.34574392, 0.34752277, 0.34929475, 0.34963500, 0.34987369, 0.34999973, 0.34999990, 0.34999534, 0.34980965, 0.90095508
0.29876623, 1.0000000, 0.79263121, 6.3400331, 9.3932333, 9.6273432, 9.8609056, 9.9251842, 9.9721022, 19.998789, 19.999683, 19.996128, 19.940825, 0.31339625, 0.34392869, 0.34627157, 0.34860867, 0.34925166, 0.34972095, 0.34999394, 0.34999841, 0.34998065, 0.34970412, 0.79263121
0.26988089, 1.0000000, 0.68797427, 4.3008251, 9.3327894, 9.5790014, 9.8152428, 9.8959026, 9.9588404, 19.998037, 19.999489, 19.990511, 19.922522, 0.29300779, 0.34332725, 0.34578970, 0.34815237, 0.34895900, 0.34958839, 0.34999019, 0.34999746, 0.34995255, 0.34961259, 0.68797427
0.23798496, 1.0000000, 0.57240921, 2.7308316, 8.1472921, 9.4966507, 9.7543993, 9.8564615, 9.9394321, 19.996321, 19.998844, 19.981928, 19.907291, 0.27730677, 0.33147016, 0.34496489, 0.34754366, 0.34856445, 0.34939426, 0.34998161, 0.34999421, 0.34990963, 0.34953645, 0.57240921
0.23159139, 1.0000000, 0.54924411, 2.7604461, 7.3214211, 9.5116549, 9.7392740, 9.8416233, 9.9281054, 19.994612, 19.997728, 19.970749, 19.895081, 0.27760094, 0.32320863, 0.34511292, 0.34739199, 0.34841585, 0.34928092, 0.34997305, 0.34998864, 0.34985375, 0.34947541, 0.54924411
0.23682450, 1.0000000, 0.56820470, 2.6830463, 8.1020365, 9.4776440, 9.7163162, 9.8246241, 9.9169588, 19.992836, 19.995756, 19.957695, 19.885632, 0.27682900, 0.33101767, 0.34477490, 0.34716284, 0.34824610, 0.34916952, 0.34996417, 0.34997877, 0.34978849, 0.34942815, 0.56820470
0.21314462, 1.0000000, 0.48240799, 2.0658970, 6.2778101, 9.4663363, 9.7067833, 9.8160801, 9.9102497, 19.991512, 19.992569, 19.943794, 19.878464, 0.27065772, 0.31277582, 0.34466162, 0.34706748, 0.34816062, 0.34910244, 0.34995756, 0.34996283, 0.34971899, 0.34939232, 0.48240799
0.18898568, 1.0000000, 0.39487559, 1.4609039, 4.3905230, 9.4289703, 9.6831923, 9.8004284, 9.9012804, 19.989637, 19.987413, 19.929934, 19.873106, 0.26460749, 0.29390246, 0.34428674, 0.34683129, 0.34800398, 0.34901270, 0.34994820, 0.34993708, 0.34964967, 0.34936553, 0.39487559
0.16564007, 1.0000000, 0.31029010, 0.87755024, 2.8981149, 8.7314749, 9.6413574, 9.7736158, 9.8878336, 19.987453, 19.980156, 19.916874, 19.869165, 0.25877351, 0.27897716, 0.33730876, 0.34641227, 0.34773546, 0.34887809, 0.34993726, 0.34990078, 0.34958437, 0.34934583, 0.31029010
0.25104585, 1.0000000, 0.61973131, 3.1932173, 8.9796495, 9.4543810, 9.7379847, 9.8258305, 9.9068394, 19.986919, 19.971390, 19.905346, 19.866301, 0.28192860, 0.33979046, 0.34454066, 0.34737921, 0.34825799, 0.34906828, 0.34993461, 0.34985694, 0.34952673, 0.34933150, 0.61973131
0.24490359, 1.0000000, 0.59747678, 2.9676497, 8.5505285, 9.5729313, 9.7600040, 9.8412781, 9.9147816, 19.985647, 19.960798, 19.895439, 19.864223, 0.27967522, 0.33550307, 0.34572810, 0.34759980, 0.34841266, 0.34914780, 0.34992823, 0.34980398, 0.34947720, 0.34932113, 0.59747678
0.35598385, 1.0000000, 0.99994135, 9.9999962, 9.9999990, 9.9999990, 9.9999990, 9.9999990, 9.9999990, 19.999998, 19.999998, 19.999998, 19.998999, 0.34999192, 0.34999517, 0.34999758, 0.34999952, 0.34999976, 0.34999990, 0.34999999, 0.34999999, 0.34999999, 0.34999499, 0.99994135
0.35599446, 1.0000000, 0.99997997, 9.9999313, 9.9999580, 9.9999752, 9.9999962, 9.9999962, 9.9999990, 19.999998, 19.999998, 19.999998, 19.997997, 0.34999725, 0.34999833, 0.34999913, 0.34999985, 0.34999990, 0.34999996, 0.34999999, 0.34999999, 0.34999999, 0.34998998, 0.99997997
0.35574800, 1.0000000, 0.99908698, 9.9876375, 9.9926224, 9.9963045, 9.9992638, 9.9996300, 9.9998741, 19.999998, 19.999998, 19.999990, 19.992998, 0.34987426, 0.34992495, 0.34996241, 0.34999251, 0.34999624, 0.34999871, 0.34999999, 0.34999999, 0.34999996, 0.34996498, 0.99908698
0.34387344, 1.0000000, 0.95606315, 9.3333426, 9.7257586, 9.8513613, 9.9657621, 9.9826956, 9.9941378, 19.999975, 19.999992, 19.999525, 19.969461, 0.34333131, 0.34725624, 0.34851292, 0.34965748, 0.34982690, 0.34994134, 0.34999987, 0.34999996, 0.34999764, 0.34984732, 0.95606315
0.35583985, 1.0000000, 0.99941969, 9.9997072, 9.9995050, 9.9673862, 9.9863930, 9.9931669, 9.9977207, 19.999998, 19.999998, 19.999969, 19.988020, 0.34999576, 0.34999427, 0.34967348, 0.34986386, 0.34993163, 0.34997720, 0.34999999, 0.34999999, 0.34999985, 0.34994009, 0.99941969
0.35594565, 1.0000000, 0.99980307, 9.9974842, 9.9984913, 9.9992456, 9.9998474, 9.9999247, 9.9999752, 19.999998, 19.999998, 19.999989, 19.991005, 0.34997290, 0.34998375, 0.34999189, 0.34999835, 0.34999919, 0.34999973, 0.34999999, 0.34999999, 0.34999993, 0.34995502, 0.99980307
0.32680964, 1.0000000, 0.89423782, 8.2904892, 9.4836254, 9.7025948, 9.9147577, 9.9560719, 9.9837990, 19.998682, 19.999659, 19.999865, 19.985031, 0.33290428, 0.34483585, 0.34702572, 0.34914756, 0.34956068, 0.34983799, 0.34999341, 0.34999830, 0.34999931, 0.34992516, 0.89423782
0.29469705, 1.0000000, 0.77788788, 6.0664434, 9.3684473, 9.6080704, 9.8466587, 9.9168816, 9.9678783, 19.997375, 19.999319, 19.998905, 19.961918, 0.31066349, 0.34368357, 0.34608027, 0.34846649, 0.34916875, 0.34967875, 0.34998688, 0.34999660, 0.34999454, 0.34980959, 0.77788788
0.25915280, 1.0000000, 0.64910436, 3.5673890, 9.2827272, 9.5414782, 9.7889557, 9.8797188, 9.9508123, 19.996054, 19.998974, 19.995974, 19.940800, 0.28567106, 0.34282285, 0.34541252, 0.34788907, 0.34879696, 0.34950802, 0.34998026, 0.34999487, 0.34997988, 0.34970400, 0.64910436
0.22854659, 1.0000000, 0.53821224, 2.3653359, 7.6292076, 9.4775438, 9.7333488, 9.8419266, 9.9309225, 19.993711, 19.998344, 19.990259, 19.922474, 0.27365160, 0.32628864, 0.34477332, 0.34733304, 0.34841904, 0.34930918, 0.34996855, 0.34999174, 0.34995130, 0.34961236, 0.53821224
0.20853239, 1.0000000, 0.46569702, 1.8675506, 6.0373507, 9.4894009, 9.7257891, 9.8317270, 9.9219580, 19.992544, 19.997831, 19.981695, 19.907263, 0.26867339, 0.31036940, 0.34489077, 0.34725723, 0.34831694, 0.34921947, 0.34996271, 0.34998915, 0.34990847, 0.34953630, 0.46569702
0.18634471, 1.0000000, 0.38530692, 1.3499975, 4.2523828, 9.4334135, 9.6950598, 9.8108912, 9.9100103, 19.991318, 19.996834, 19.970545, 19.895081, 0.26349840, 0.29252082, 0.34433079, 0.34694991, 0.34810856, 0.34909999, 0.34995657, 0.34998417, 0.34985274, 0.34947541, 0.38530692
0.16637173, 1.0000000, 0.31294101, 0.85541606, 2.9224694, 8.9265966, 9.6649895, 9.7900925, 9.8976202, 19.989220, 19.994745, 19.957516, 19.885632, 0.25855219, 0.27922064, 0.33925980, 0.34664854, 0.34790024, 0.34897596, 0.34994608, 0.34997374, 0.34978759, 0.34942815, 0.31294101
0.17554460, 1.0000000, 0.34617609, 1.8833697, 2.6410966, 8.2663660, 9.7124367, 9.8139887, 9.9046793, 19.988884, 19.991814, 19.943712, 19.878473, 0.26883042, 0.27640823, 0.33265933, 0.34712335, 0.34813938, 0.34904662, 0.34994441, 0.34995908, 0.34971857, 0.34939235, 0.34617609
0.16078173, 0.97552717, 0.29268742, 1.3325632, 2.2038074, 7.4164820, 9.6860456, 9.7999859, 9.8984556, 19.986975, 19.986698, 19.929850, 19.873106, 0.26332474, 0.27203718, 0.32416332, 0.34686008, 0.34799966, 0.34898448, 0.34993488, 0.34993351, 0.34964925, 0.34936553, 0.29268742
0.14830464, 0.82485282, 0.24748060, 0.90406835, 1.8250436, 6.5931730, 9.6762667, 9.7932577, 9.8945684, 19.985035, 19.979527, 19.916832, 19.869165, 0.25903758, 0.26824668, 0.31592494, 0.34676066, 0.34793156, 0.34894535, 0.34992516, 0.34989762, 0.34958416, 0.34934583, 0.24748060
0.13923816, 0.71536523, 0.21463104, 0.72049201, 1.4717430, 5.7262216, 9.6590014, 9.7823706, 9.8894835, 19.983198, 19.970413, 19.905209, 19.866293, 0.25720218, 0.26471406, 0.30725566, 0.34658781, 0.34782258, 0.34889445, 0.34991598, 0.34985206, 0.34952605, 0.34933147, 0.21463104
0.12905511, 0.59239388, 0.17773594, 0.43286979, 1.1581868, 4.8564868, 9.6396551, 9.7703514, 9.8838987, 19.980963, 19.959616, 19.895262, 19.864212, 0.25432760, 0.26158011, 0.29856116, 0.34639511, 0.34770277, 0.34883875, 0.34990481, 0.34979808, 0.34947631, 0.34932107, 0.17773594
0.19156900, 1.0000000, 0.40423554, 2.2064657, 3.6222286, 9.1208687, 9.6281710, 9.7620163, 9.8786831, 19.976871, 19.947422, 19.886980, 19.862701, 0.27206117, 0.28621885, 0.34120438, 0.34628078, 0.34761968, 0.34878668, 0.34988436, 0.34973711, 0.34943491, 0.34931350, 0.40423554
0.16919492, 1.0000000, 0.32316998, 1.4687836, 2.4914651, 8.4345579, 9.6338959, 9.7640467, 9.8778658, 19.971273, 19.934717, 19.880283, 19.861614, 0.26468614, 0.27491292, 0.33434269, 0.34633830, 0.34764013, 0.34877855, 0.34985638, 0.34967357, 0.34940141, 0.34930807, 0.32316998
0.15208401, 0.87049270, 0.26117393, 0.91779530, 1.9526750, 7.2197180, 9.6210699, 9.7565508, 9.8744497, 19.964762, 19.922438, 19.875034, 19.860849, 0.25917581, 0.26952401, 0.32219207, 0.34620932, 0.34756482, 0.34874427, 0.34982380, 0.34961218, 0.34937519, 0.34930426, 0.26117393
0.13729742, 0.69192857, 0.20759933, 0.50031543, 1.4724314, 6.0061927, 9.6038837, 9.7456264, 9.8688383, 19.956564, 19.910957, 19.870955, 19.860302, 0.25500026, 0.26471919, 0.31005147, 0.34603551, 0.34745458, 0.34868783, 0.34978282, 0.34955478, 0.34935477, 0.34930152, 0.20759933
0.12388143, 0.52991599, 0.15899070, 0.19668639, 1.0218740, 4.6869278, 9.5692167, 9.7233000, 9.8576612, 19.947041, 19.900698, 19.867830, 19.859921, 0.25196591, 0.26021573, 0.29686239, 0.34568936, 0.34723157, 0.34857613, 0.34973520, 0.34950349, 0.34933916, 0.34929961, 0.15899070
0.11305670, 0.39919552, 0.11977064, 0.23907423E-1, 0.65927804, 3.3839145, 9.5313854, 9.6987238, 9.8447657, 19.936691, 19.891870, 19.865479, 19.859615, 0.25023887, 0.25658935, 0.28383034, 0.34530890, 0.34698474, 0.34844679, 0.34968346, 0.34945935, 0.34932739, 0.34929806, 0.11977064
0.10716023, 0.32798931, 0.98406635E-1, 0.0000000, 0.39975047, 2.6352882, 9.1465282, 9.6927290, 9.8384466, 19.925489, 19.884382, 19.863689, 19.859434, 0.24998903, 0.25399601, 0.27634799, 0.34146190, 0.34692550, 0.34838387, 0.34962744, 0.34942192, 0.34931844, 0.34929717, 0.98406635E-1
0.10251050, 0.27183869, 0.81559762E-1, 0.0000000, 0.19415319, 2.0642428, 8.4598017, 9.6632748, 9.8229389, 19.914419, 19.878281, 19.862333, 19.859299, 0.24998903, 0.25194040, 0.27063647, 0.33459312, 0.34662998, 0.34822842, 0.34957209, 0.34939140, 0.34931165, 0.34929651, 0.81559762E-1
0.97981744E-1, 0.21714912, 0.65151252E-1, 0.0000000, 0.51096082E-1, 1.4452964, 7.5474820, 9.6057053, 9.7934322, 19.904152, 19.873451, 19.861372, 19.859251, 0.24998903, 0.25051066, 0.26444885, 0.32547054, 0.34605435, 0.34793338, 0.34952074, 0.34936726, 0.34930685, 0.34929627, 0.65151252E-1
0.94841480E-1, 0.17922699, 0.53773478E-1, 0.0000000, 0.0000000, 0.98237395, 6.5945220, 9.5836859, 9.7778559, 19.894701, 19.869617, 19.860651, 19.859205, 0.24998903, 0.24998626, 0.25981882, 0.31593862, 0.34583205, 0.34777692, 0.34947351, 0.34934810, 0.34930325, 0.34929603, 0.53773478E-1
0.93440555E-1, 0.16230929, 0.48697658E-1, 0.0000000, 0.0000000, 0.76905191, 5.9362144, 9.6425877, 9.8004398, 19.886942, 19.866768, 19.860147, 19.859180, 0.24998903, 0.24998626, 0.25768551, 0.30935442, 0.34641963, 0.34800228, 0.34943470, 0.34933382, 0.34930074, 0.34929591, 0.48697658E-1
0.91391712E-1, 0.13756730, 0.41274317E-1, 0.0000000, 0.0000000, 0.47067106, 4.9956183, 9.5645752, 9.7655125, 19.879805, 19.864450, 19.859753, 19.859152, 0.24998903, 0.24998626, 0.25470582, 0.29995427, 0.34564391, 0.34765449, 0.34939903, 0.34932226, 0.34929878, 0.34929577, 0.41274317E-1
0.89819103E-1, 0.11857637, 0.35576470E-1, 0.0000000, 0.0000000, 0.28322041, 4.0520420, 9.5365257, 9.7496405, 19.874514, 19.862839, 19.859535, 19.859127, 0.24998903, 0.24998626, 0.25282961, 0.29051301, 0.34535652, 0.34749341, 0.34937257, 0.34931418, 0.34929767, 0.34929565, 0.35576470E-1
0.88268235E-1, 0.99847950E-1, 0.29957380E-1, 0.0000000, 0.0000000, 0.13067126, 2.9835522, 9.4606590, 9.7225561, 19.869545, 19.861460, 19.859299, 19.859087, 0.24998903, 0.24998626, 0.25130534, 0.27982923, 0.34459659, 0.34722212, 0.34934771, 0.34930730, 0.34929651, 0.34929544, 0.29957380E-1
0.20304996, 1.0000000, 0.44583321, 2.8717756, 3.9471102, 9.0902605, 9.3925819, 9.6411648, 9.8102255, 19.866989, 19.860777, 19.859251, 19.859081, 0.27871025, 0.28946489, 0.34089547, 0.34392437, 0.34641090, 0.34810200, 0.34933496, 0.34930390, 0.34929627, 0.34929541, 0.44583321
0.35599893, 1.0000000, 0.99999613, 9.9999990, 9.9999990, 9.9999990, 9.9999990, 9.9999990, 9.9999990, 19.999998, 19.999998, 19.999998, 19.998999, 0.34999946, 0.34999967, 0.34999985, 0.34999996, 0.34999996, 0.34999999, 0.34999999, 0.34999999, 0.34999999, 0.34999499, 0.99999613
0.35599834, 1.0000000, 0.99999392, 9.9999399, 9.9999638, 9.9999790, 9.9999962, 9.9999962, 9.9999990, 19.999998, 19.999998, 19.999998, 19.997997, 0.34999916, 0.34999949, 0.34999973, 0.34999996, 0.34999996, 0.34999999, 0.34999999, 0.34999999, 0.34999999, 0.34998998, 0.99999392
0.35509408, 1.0000000, 0.99671763, 9.9997511, 9.9492407, 9.8899755, 9.9757423, 9.9877815, 9.9958496, 19.999933, 19.999981, 19.999975, 19.989016, 0.34999701, 0.34949210, 0.34889960, 0.34975740, 0.34987780, 0.34995848, 0.34999967, 0.34999990, 0.34999987, 0.34994507, 0.99671763
0.33359551, 1.0000000, 0.91882432, 8.7392702, 9.5461454, 9.7195940, 9.9183922, 9.9578009, 9.9848557, 19.999283, 19.999807, 19.999275, 19.965666, 0.33739245, 0.34546131, 0.34719583, 0.34918389, 0.34957802, 0.34984857, 0.34999642, 0.34999904, 0.34999639, 0.34982833, 0.91882432
0.33904362, 1.0000000, 0.93856376, 9.2148952, 9.4510145, 9.6611309, 9.8699055, 9.9297266, 9.9732285, 19.998228, 19.999527, 19.996767, 19.944166, 0.34213272, 0.34450012, 0.34660619, 0.34869802, 0.34929672, 0.34973210, 0.34999114, 0.34999764, 0.34998384, 0.34972084, 0.93856376
0.35599107, 1.0000000, 0.99996752, 9.9996834, 9.9998083, 9.9999037, 9.9999790, 9.9999905, 9.9999962, 19.999998, 19.999998, 19.999998, 19.996996, 0.34999552, 0.34999731, 0.34999865, 0.34999970, 0.34999987, 0.34999996, 0.34999999, 0.34999999, 0.34999999, 0.34998497, 0.99996752
0.35599744, 1.0000000, 0.99999064, 9.9999990, 9.9999990, 9.9999990, 9.9999990, 9.9999990, 9.9999990, 19.999998, 19.999998, 19.999998, 19.998999, 0.34999871, 0.34999922, 0.34999961, 0.34999990, 0.34999996, 0.34999999, 0.34999999, 0.34999999, 0.34999999, 0.34999499, 0.99999064
0.35599071, 1.0000000, 0.99996620, 9.9997339, 9.9998388, 9.9999218, 9.9999819, 9.9999933, 9.9999990, 19.999998, 19.999998, 19.999998, 19.996996, 0.34999534, 0.34999719, 0.34999862, 0.34999970, 0.34999987, 0.34999996, 0.34999999, 0.34999999, 0.34999999, 0.34998497, 0.99996620
0.34960955, 1.0000000, 0.97684622, 9.6946087, 9.7992029, 9.8830729, 9.9732275, 9.9864731, 9.9952831, 19.999807, 19.999950, 19.999956, 19.987026, 0.34694561, 0.34799173, 0.34883058, 0.34973225, 0.34986469, 0.34995282, 0.34999904, 0.34999976, 0.34999979, 0.34993511, 0.97684622
0.35599566, 1.0000000, 0.99998409, 9.9998980, 9.9999371, 9.9999666, 9.9999933, 9.9999962, 9.9999990, 19.999998, 19.999998, 19.999998, 19.997997, 0.34999782, 0.34999868, 0.34999931, 0.34999987, 0.34999993, 0.34999999, 0.34999999, 0.34999999, 0.34999999, 0.34998998, 0.99998409
0.31773579, 1.0000000, 0.86136144, 7.6934123, 9.4114323, 9.6514215, 9.8911886, 9.9433441, 9.9788342, 19.998180, 19.999527, 19.999599, 19.974239, 0.32693392, 0.34411418, 0.34651414, 0.34891185, 0.34943345, 0.34978834, 0.34999090, 0.34999764, 0.34999800, 0.34987119, 0.86136144
0.27796584, 1.0000000, 0.71726757, 4.9205050, 9.2909212, 9.5521402, 9.8083725, 9.8941917, 9.9577198, 19.995802, 19.998909, 19.997789, 19.951910, 0.29920369, 0.34290767, 0.34552059, 0.34808356, 0.34894183, 0.34957716, 0.34997901, 0.34999454, 0.34998894, 0.34975955, 0.71726757
0.25348306, 1.0000000, 0.62856179, 3.1017330, 9.3534412, 9.5824585, 9.7954302, 9.8805103, 9.9492464, 19.995316, 19.998781, 19.993713, 19.932016, 0.28101340, 0.34352732, 0.34582096, 0.34795356, 0.34880471, 0.34949234, 0.34997657, 0.34999391, 0.34996855, 0.34966010, 0.62856179
0.34657413, 1.0000000, 0.96584833, 9.6330385, 9.5950298, 9.7728224, 9.9392538, 9.9689322, 9.9886694, 19.999134, 19.999779, 19.999887, 19.985031, 0.34632868, 0.34594929, 0.34772772, 0.34939241, 0.34968925, 0.34988666, 0.34999567, 0.34999889, 0.34999943, 0.34992516, 0.96584833
0.34152025, 1.0000000, 0.94753718, 9.1981201, 9.6803789, 9.8255825, 9.9583464, 9.9788733, 9.9927092, 19.999802, 19.999945, 19.999950, 19.986031, 0.34198070, 0.34680349, 0.34825566, 0.34958342, 0.34978870, 0.34992710, 0.34999901, 0.34999973, 0.34999976, 0.34993017, 0.94753718
0.32803735, 1.0000000, 0.89868599, 8.3957663, 9.4691963, 9.6826782, 9.8965816, 9.9457159, 9.9800358, 19.998789, 19.999683, 19.999069, 19.962851, 0.33395544, 0.34469044, 0.34682602, 0.34896567, 0.34945706, 0.34980032, 0.34999394, 0.34999841, 0.34999534, 0.34981424, 0.89868599
0.35599798, 1.0000000, 0.99999255, 9.9999456, 9.9999695, 9.9999847, 9.9999962, 9.9999962, 9.9999990, 19.999998, 19.999998, 19.999998, 19.997997, 0.34999895, 0.34999940, 0.34999970, 0.34999993, 0.34999993, 0.34999999, 0.34999999, 0.34999999, 0.34999999, 0.34998998, 0.99999255
0.35599875, 1.0000000, 0.99999553, 9.9999962, 9.9999962, 9.9999962, 9.9999990, 9.9999990, 9.9999990, 19.999998, 19.999998, 19.999998, 19.998999, 0.34999940, 0.34999961, 0.34999979, 0.34999996, 0.34999996, 0.34999999, 0.34999999, 0.34999999, 0.34999999, 0.34999499, 0.99999553
0.33410579, 1.0000000, 0.92067319, 8.7707644, 9.5435629, 9.7401400, 9.9300508, 9.9641504, 9.9872332, 19.999378, 19.999838, 19.999714, 19.975233, 0.33770710, 0.34543526, 0.34740123, 0.34930047, 0.34964147, 0.34987232, 0.34999689, 0.34999919, 0.34999856, 0.34987617, 0.92067319
0.29970175, 1.0000000, 0.79602087, 6.4355931, 9.3592978, 9.6047306, 9.8504162, 9.9195871, 9.9692822, 19.997650, 19.999392, 19.998032, 19.952820, 0.31435305, 0.34359047, 0.34604603, 0.34850389, 0.34919575, 0.34969279, 0.34998825, 0.34999695, 0.34999016, 0.34976411, 0.79602087
0.33890110, 1.0000000, 0.93804741, 9.0419092, 9.6391449, 9.8007212, 9.9472876, 9.9731064, 9.9900188, 19.999050, 19.999754, 19.999901, 19.987009, 0.34041509, 0.34638888, 0.34800589, 0.34947261, 0.34973094, 0.34990016, 0.34999526, 0.34999877, 0.34999949, 0.34993505, 0.93804741
0.35250270, 1.0000000, 0.98732865, 9.8238287, 9.9037695, 9.9508734, 9.9898567, 9.9949274, 9.9983006, 19.999998, 19.999998, 19.999983, 19.990009, 0.34821084, 0.34902111, 0.34950039, 0.34989691, 0.34994844, 0.34998274, 0.34999999, 0.34999999, 0.34999990, 0.34995005, 0.98732865
0.35599768, 1.0000000, 0.99999154, 9.9999990, 9.9999990, 9.9999990, 9.9999990, 9.9999990, 9.9999990, 19.999998, 19.999998, 19.999998, 19.998999, 0.34999883, 0.34999928, 0.34999964, 0.34999993, 0.34999996, 0.34999999, 0.34999999, 0.34999999, 0.34999999, 0.34999499, 0.99999154
0.32579297, 1.0000000, 0.89055413, 8.2196407, 9.4806681, 9.6993008, 9.9136658, 9.9554729, 9.9837570, 19.998878, 19.999706, 19.999678, 19.975233, 0.33219594, 0.34480634, 0.34699282, 0.34913662, 0.34955469, 0.34983757, 0.34999439, 0.34999853, 0.34999838, 0.34987617, 0.89055413
0.28894907, 1.0000000, 0.75706178, 5.6774154, 9.3361483, 9.5852966, 9.8332987, 9.9092560, 9.9647551, 19.997089, 19.999241, 19.997978, 19.952837, 0.30677196, 0.34335935, 0.34585187, 0.34833276, 0.34909242, 0.34964752, 0.34998545, 0.34999621, 0.34998989, 0.34976417, 0.75706178
0.26681888, 1.0000000, 0.67687994, 4.0339751, 9.3920193, 9.6118870, 9.8188553, 9.8958321, 9.9573650, 19.997061, 19.999228, 19.994062, 19.932829, 0.29033619, 0.34391522, 0.34611630, 0.34818804, 0.34895805, 0.34957355, 0.34998530, 0.34999615, 0.34997031, 0.34966415, 0.67687994
0.25356621, 1.0000000, 0.62886298, 3.0877192, 9.3792572, 9.5959101, 9.7960463, 9.8788738, 9.9474907, 19.996107, 19.998882, 19.987219, 19.915804, 0.28087556, 0.34378955, 0.34595755, 0.34796014, 0.34878859, 0.34947485, 0.34998053, 0.34999442, 0.34993610, 0.34957904, 0.62886298
0.24137640, 1.0000000, 0.58469707, 2.8568177, 8.3203678, 9.5468197, 9.7640343, 9.8572636, 9.9352303, 19.994440, 19.998072, 19.977499, 19.901859, 0.27856794, 0.33320326, 0.34546795, 0.34764028, 0.34857261, 0.34935230, 0.34997219, 0.34999037, 0.34988749, 0.34950930, 0.58469707
0.22415742, 1.0000000, 0.52230948, 2.3952067, 7.0127273, 9.5444679, 9.7573729, 9.8500900, 9.9292126, 19.993557, 19.996895, 19.965496, 19.890865, 0.27395111, 0.32012561, 0.34544355, 0.34757349, 0.34850079, 0.34929210, 0.34996778, 0.34998447, 0.34982747, 0.34945434, 0.52230948
0.20474374, 1.0000000, 0.45197010, 1.8750995, 5.5593791, 9.5044336, 9.7346249, 9.8349857, 9.9203949, 19.992008, 19.994493, 19.951996, 19.882421, 0.26874712, 0.30558690, 0.34503844, 0.34734502, 0.34834927, 0.34920374, 0.34996003, 0.34997246, 0.34976000, 0.34941211, 0.45197010
0.18454039, 1.0000000, 0.37876952, 1.3642251, 3.9965169, 9.4649658, 9.7081013, 9.8174334, 9.9106436, 19.990166, 19.990473, 19.938000, 19.876049, 0.26363358, 0.28994992, 0.34463164, 0.34707731, 0.34817246, 0.34910581, 0.34995082, 0.34995237, 0.34968999, 0.34938025, 0.37876952
0.16787016, 1.0000000, 0.31837013, 0.94140768, 2.8893888, 9.0664778, 9.6911211, 9.8051100, 9.9030972, 19.988331, 19.984529, 19.924395, 19.871317, 0.25940669, 0.27888027, 0.34064338, 0.34690666, 0.34804878, 0.34903020, 0.34994167, 0.34992266, 0.34962198, 0.34935659, 0.31837013
0.15433505, 0.89767659, 0.26932991, 0.58235526, 2.3692727, 8.0395384, 9.6690474, 9.7903948, 9.8950987, 19.986284, 19.976473, 19.911861, 19.867865, 0.25581831, 0.27367988, 0.33037362, 0.34668523, 0.34790128, 0.34895009, 0.34993142, 0.34988236, 0.34955931, 0.34933931, 0.26932991
0.14290592, 0.75965738, 0.22792001, 0.31861961, 1.9234926, 7.0502672, 9.6579142, 9.7819710, 9.8898096, 19.983934, 19.966494, 19.900904, 19.865335, 0.25318387, 0.26922655, 0.32048732, 0.34657493, 0.34781760, 0.34889740, 0.34991968, 0.34983248, 0.34950453, 0.34932667, 0.22792001
0.18377243, 1.0000000, 0.37598705, 2.8436720, 2.9300661, 6.4807119, 9.7108793, 9.8106794, 9.9004421, 19.982256, 19.955372, 19.891718, 19.863531, 0.27842313, 0.27929226, 0.31479785, 0.34710601, 0.34810540, 0.34900394, 0.34991127, 0.34977686, 0.34945858, 0.34931767, 0.37598705
0.18105771, 1.0000000, 0.36615109, 2.8761566, 2.2499919, 7.0706949, 9.7065382, 9.8104000, 9.9015217, 19.979113, 19.943228, 19.884174, 19.862236, 0.27876118, 0.27249974, 0.32070667, 0.34706530, 0.34810397, 0.34901521, 0.34989557, 0.34971613, 0.34942088, 0.34931117, 0.36615109
0.22433341, 1.0000000, 0.52294707, 2.3742340, 7.6114483, 8.4885273, 9.6510782, 9.7786074, 9.8884201, 19.973398, 19.930599, 19.878077, 19.861273, 0.27374223, 0.32611427, 0.33488515, 0.34651074, 0.34778607, 0.34888420, 0.34986699, 0.34965301, 0.34939039, 0.34930637, 0.52294707
0.19900554, 1.0000000, 0.43117949, 1.8263489, 4.9825506, 9.4489832, 9.6832457, 9.7946663, 9.8925924, 19.966192, 19.918459, 19.873335, 19.860609, 0.26826048, 0.29982054, 0.34448516, 0.34683150, 0.34794620, 0.34892577, 0.34983096, 0.34959230, 0.34936666, 0.34930304, 0.43117949
0.17911628, 1.0000000, 0.35911697, 1.3462245, 3.3796816, 9.4503431, 9.6834984, 9.7952576, 9.8923569, 19.957516, 19.907381, 19.869673, 19.860134, 0.26345995, 0.28379336, 0.34449860, 0.34683400, 0.34795207, 0.34892339, 0.34978759, 0.34953690, 0.34934837, 0.34930068, 0.35911697
0.16369674, 1.0000000, 0.30324906, 0.92688203, 2.5936365, 8.6990805, 9.6714220, 9.7884121, 9.8887157, 19.947300, 19.897568, 19.866858, 19.859797, 0.25926664, 0.27593270, 0.33698466, 0.34671286, 0.34788343, 0.34888691, 0.34973651, 0.34948784, 0.34933430, 0.34929898, 0.30324906
0.15069193, 0.85368168, 0.25613013, 0.59198737, 2.1126091, 7.6409492, 9.6557369, 9.7785091, 9.8831043, 19.936373, 19.889231, 19.864750, 19.859556, 0.25591770, 0.27112144, 0.32640105, 0.34655526, 0.34778401, 0.34883070, 0.34968185, 0.34944615, 0.34932375, 0.34929779, 0.25613013
0.13919425, 0.71483493, 0.21447192, 0.32980144, 1.6840696, 6.5992494, 9.6419334, 9.7690201, 9.8767757, 19.925034, 19.882292, 19.863165, 19.859386, 0.25329605, 0.26683471, 0.31598076, 0.34641591, 0.34768847, 0.34876716, 0.34962517, 0.34941146, 0.34931582, 0.34929693, 0.21447192
0.12879118, 0.58920658, 0.17677966, 0.13701618, 1.2898415, 5.5236158, 9.6195669, 9.7542467, 9.8679132, 19.914022, 19.876703, 19.862000, 19.859299, 0.25136909, 0.26289237, 0.30522320, 0.34619117, 0.34754017, 0.34867835, 0.34957010, 0.34938353, 0.34930998, 0.34929651, 0.17677966
0.11847601, 0.46463963, 0.13940583, 0.0000000, 0.89586675, 4.2886753, 9.5728512, 9.7242041, 9.8521852, 19.903734, 19.872261, 19.861158, 19.859251, 0.24999392, 0.25895420, 0.29287606, 0.34572375, 0.34723964, 0.34852102, 0.34951866, 0.34936130, 0.34930581, 0.34929627, 0.13940583
0.11059409, 0.36945689, 0.11084815, 0.0000000, 0.58272481, 3.0222974, 9.5324936, 9.6964264, 9.8365946, 19.894968, 19.868921, 19.860546, 19.859222, 0.24999392, 0.25582346, 0.28021315, 0.34531873, 0.34696111, 0.34836489, 0.34947485, 0.34934461, 0.34930274, 0.34929612, 0.11084815
0.10566506, 0.30993345, 0.92989340E-1, 0.0000000, 0.34900606, 2.4245291, 8.9134569, 9.6774178, 9.8244190, 19.887083, 19.866274, 19.860086, 19.859205, 0.24999392, 0.25348815, 0.27423871, 0.33912972, 0.34677154, 0.34824330, 0.34943542, 0.34933138, 0.34930044, 0.34929603, 0.92989340E-1
0.14049545, 0.73054832, 0.21918643, 1.7189473, 1.8493533, 2.1827459, 8.5228109, 9.7262335, 9.8412209, 19.880461, 19.864246, 19.859747, 19.859180, 0.26718146, 0.26848835, 0.27182442, 0.33522573, 0.34726095, 0.34841177, 0.34940231, 0.34932125, 0.34929875, 0.34929591, 0.21918643
0.16200233, 0.99026716, 0.29710987, 2.8568387, 2.2424519, 2.8030424, 8.4874859, 9.7441349, 9.8482065, 19.875261, 19.862761, 19.859552, 19.859169, 0.27856058, 0.27242085, 0.27802813, 0.33487347, 0.34744054, 0.34848180, 0.34937632, 0.34931380, 0.34929776, 0.34929585, 0.29710987
0.14494319, 0.78425962, 0.23530142, 1.9851774, 1.8052667, 2.5245428, 8.1583443, 9.7492638, 9.8497868, 19.870468, 19.861509, 19.859383, 19.859144, 0.26985076, 0.26805210, 0.27524504, 0.33158320, 0.34749249, 0.34849781, 0.34935233, 0.34930754, 0.34929693, 0.34929574, 0.23530142
0.13314155, 0.64174187, 0.19254182, 1.4144748, 1.4786333, 2.2917242, 7.8544025, 9.7549887, 9.8516703, 19.867289, 19.860735, 19.859324, 19.859133, 0.26413980, 0.26478323, 0.27291483, 0.32854238, 0.34754887, 0.34851635, 0.34933645, 0.34930366, 0.34929663, 0.34929568, 0.19254182
0.13346732, 0.64567584, 0.19372213, 1.6492248, 1.2440562, 2.1091461, 7.5863400, 9.7664280, 9.8554955, 19.864906, 19.860212, 19.859289, 19.859127, 0.26648736, 0.26243836, 0.27108958, 0.32586205, 0.34766343, 0.34855467, 0.34932452, 0.34930107, 0.34929645, 0.34929565, 0.19372213
0.12248269, 0.51302457, 0.15392277, 1.1005312, 0.97692609, 1.8821031, 7.2762008, 9.7519188, 9.8496580, 19.862843, 19.859777, 19.859228, 19.859110, 0.26100206, 0.25976753, 0.26881936, 0.32276073, 0.34751832, 0.34849629, 0.34931421, 0.34929889, 0.34929615, 0.34929556, 0.15392277
0.11444245, 0.41592994, 0.12479147, 0.72703362, 0.76499879, 1.6743302, 6.9536514, 9.7433882, 9.8457184, 19.861597, 19.859529, 19.859201, 19.859104, 0.25726739, 0.25764814, 0.26674128, 0.31953481, 0.34743267, 0.34845680, 0.34930798, 0.34929764, 0.34929600, 0.34929553, 0.12479147
0.10725365, 0.32911742, 0.98745100E-1, 0.42081773, 0.55961013, 1.4466792, 6.5815992, 9.7236242, 9.8372545, 19.860542, 19.859348, 19.859163, 19.859087, 0.25420463, 0.25559327, 0.26446313, 0.31581265, 0.34723377, 0.34837171, 0.34930271, 0.34929675, 0.34929582, 0.34929544, 0.98745100E-1
0.10281983, 0.27557421, 0.82680531E-1, 0.25203228, 0.42440295, 1.2758672, 6.2399225, 9.7277317, 9.8378086, 19.859819, 19.859228, 19.859133, 19.859076, 0.25251836, 0.25424206, 0.26275569, 0.31239629, 0.34727505, 0.34837732, 0.34929910, 0.34929615, 0.34929568, 0.34929538, 0.82680531E-1
0.98843150E-1, 0.22755155, 0.68272293E-1, 0.12780130, 0.29414594, 1.0744303, 5.8294787, 9.7032862, 9.8278666, 19.859478, 19.859165, 19.859110, 19.859076, 0.25127688, 0.25293991, 0.26074147, 0.30829170, 0.34703031, 0.34827781, 0.34929740, 0.34929582, 0.34929556, 0.34929538, 0.68272293E-1
0.14417967, 0.77503943, 0.23253508, 1.8127114, 2.2880168, 2.2129118, 6.8459449, 9.7582464, 9.8482046, 19.859383, 19.859146, 19.859104, 19.859076, 0.26812282, 0.27287692, 0.27212754, 0.31845847, 0.34758177, 0.34848180, 0.34929693, 0.34929574, 0.34929553, 0.34929538, 0.23253508
0.32790551, 1.0000000, 0.89820826, 8.6921682, 9.1505804, 9.3798380, 9.5952606, 9.8097658, 9.8684826, 19.859383, 19.859146, 19.859104, 19.859076, 0.33691496, 0.34150153, 0.34379619, 0.34595215, 0.34809741, 0.34868473, 0.34929693, 0.34929574, 0.34929553, 0.34929538, 0.89820826
0.35599488, 1.0000000, 0.99998146, 9.9998474, 9.9999065, 9.9999514, 9.9999905, 9.9999962, 9.9999990, 19.999998, 19.999998, 19.999998, 19.996996, 0.34999746, 0.34999844, 0.34999922, 0.34999985, 0.34999993, 0.34999999, 0.34999999, 0.34999999, 0.34999999, 0.34998497, 0.99998146
0.35599750, 1.0000000, 0.99999100, 9.9999990, 9.9999962, 9.9999962, 9.9999990, 9.9999962, 9.9999990, 19.999998, 19.999998, 19.999998, 19.998999, 0.34999877, 0.34999922, 0.34999961, 0.34999993, 0.34999993, 0.34999999, 0.34999999, 0.34999999, 0.34999999, 0.34999499, 0.99999100
0.33479035, 1.0000000, 0.92315346, 8.7815905, 9.5922632, 9.7700663, 9.9410658, 9.9699078, 9.9895639, 19.999760, 19.999933, 19.999739, 19.975233, 0.33781353, 0.34592107, 0.34769985, 0.34941050, 0.34969899, 0.34989563, 0.34999880, 0.34999967, 0.34999868, 0.34987617, 0.92315346
0.30181250, 1.0000000, 0.80366844, 6.5698590, 9.3806677, 9.6206799, 9.8652954, 9.9282465, 9.9737568, 19.999069, 19.999754, 19.998110, 19.952848, 0.31569496, 0.34380358, 0.34620520, 0.34865263, 0.34928229, 0.34973752, 0.34999534, 0.34999877, 0.34999055, 0.34976423, 0.80366844
0.27048472, 1.0000000, 0.69016194, 4.3486171, 9.3285952, 9.5749664, 9.8144045, 9.8959951, 9.9594879, 19.998413, 19.999586, 19.994165, 19.932829, 0.29348433, 0.34328356, 0.34574845, 0.34814382, 0.34895983, 0.34959486, 0.34999207, 0.34999794, 0.34997082, 0.34966415, 0.69016194
0.24479833, 1.0000000, 0.59709537, 2.8784661, 8.6929178, 9.5518723, 9.7810555, 9.8719797, 9.9464664, 19.997406, 19.999252, 19.987314, 19.915804, 0.27878317, 0.33692646, 0.34551722, 0.34781027, 0.34871966, 0.34946460, 0.34998703, 0.34999627, 0.34993657, 0.34957904, 0.59709537
0.27850500, 1.0000000, 0.71922094, 4.9273291, 9.3289394, 9.5922499, 9.7859430, 9.8701029, 9.9417477, 19.996696, 19.998705, 19.977654, 19.901871, 0.29926991, 0.34328559, 0.34592053, 0.34785905, 0.34870082, 0.34941742, 0.34998348, 0.34999353, 0.34988827, 0.34950936, 0.71922094
0.24887042, 1.0000000, 0.61184931, 2.9598384, 9.0581465, 9.5435781, 9.7624264, 9.8544130, 9.9325962, 19.995712, 19.997517, 19.965639, 19.890877, 0.27959207, 0.34056988, 0.34542969, 0.34762302, 0.34854349, 0.34932575, 0.34997857, 0.34998757, 0.34982818, 0.34945437, 0.61184931
0.22967890, 1.0000000, 0.54231483, 2.4484456, 7.5985980, 9.5346556, 9.7513351, 9.8455601, 9.9262505, 19.994736, 19.995256, 19.952150, 19.882421, 0.27447876, 0.32597539, 0.34533992, 0.34751198, 0.34845492, 0.34926227, 0.34997368, 0.34997627, 0.34976074, 0.34941211, 0.54231483
0.21065773, 1.0000000, 0.47339755, 1.9578099, 6.1334233, 9.5120821, 9.7366915, 9.8352776, 9.9197502, 19.993505, 19.991394, 19.938154, 19.876072, 0.26957038, 0.31131974, 0.34510958, 0.34736463, 0.34835163, 0.34919712, 0.34996754, 0.34995696, 0.34969077, 0.34938037, 0.47339755
0.19089249, 1.0000000, 0.40178433, 1.4779598, 4.5694194, 9.4739685, 9.7143908, 9.8207722, 9.9119368, 19.992119, 19.985565, 19.924561, 19.871359, 0.26476958, 0.29567564, 0.34472042, 0.34713995, 0.34820572, 0.34911868, 0.34996060, 0.34992784, 0.34962279, 0.34935680, 0.40178433
0.17383379, 1.0000000, 0.33997750, 1.0981470, 3.1465843, 9.4649611, 9.7041531, 9.8129416, 9.9068699, 19.990625, 19.977667, 19.912081, 19.867893, 0.26097536, 0.28145531, 0.34463379, 0.34703830, 0.34812778, 0.34906814, 0.34995311, 0.34988832, 0.34956041, 0.34933946, 0.33997750
0.16182494, 0.98812509, 0.29646719, 0.79360306, 2.5709271, 8.7329149, 9.6969852, 9.8074055, 9.9031878, 19.988756, 19.967794, 19.901112, 19.865381, 0.25793055, 0.27569860, 0.33731100, 0.34696582, 0.34807202, 0.34903118, 0.34994379, 0.34983897, 0.34950554, 0.34932691, 0.29646719
0.15169588, 0.86580569, 0.25976768, 0.55005550, 2.1847634, 7.8726711, 9.6895838, 9.8021898, 9.9000425, 19.986212, 19.956364, 19.891825, 19.863554, 0.25549582, 0.27183631, 0.32870632, 0.34689084, 0.34801936, 0.34899956, 0.34993106, 0.34978181, 0.34945911, 0.34931776, 0.25976768
0.14263692, 0.75640899, 0.22694540, 0.35521090, 1.8366903, 7.0318379, 9.6822815, 9.7971516, 9.8970966, 19.982550, 19.944023, 19.884247, 19.862236, 0.25354856, 0.26835591, 0.32029730, 0.34681699, 0.34796858, 0.34896997, 0.34991276, 0.34972012, 0.34942123, 0.34931117, 0.22694540
0.13445169, 0.65756321, 0.19728869, 0.20331740, 1.5204102, 6.1980953, 9.6727610, 9.7908993, 9.8937292, 19.977470, 19.931498, 19.878183, 19.861273, 0.25202981, 0.26518893, 0.31195003, 0.34671795, 0.34790412, 0.34893566, 0.34988734, 0.34965748, 0.34939092, 0.34930637, 0.19728869
0.12861954, 0.58713377, 0.17615774, 0.13850927, 1.2894154, 5.4690785, 9.6770182, 9.7927685, 9.8939447, 19.971365, 19.919561, 19.873470, 19.860638, 0.25138137, 0.26287329, 0.30464655, 0.34675452, 0.34791976, 0.34893680, 0.34985682, 0.34959781, 0.34936735, 0.34930319, 0.17615774
0.14315495, 0.76266462, 0.22882228, 1.4517277, 1.1348009, 4.9130611, 9.7009859, 9.8061056, 9.8986053, 19.963524, 19.908592, 19.869841, 19.860161, 0.26448444, 0.26133260, 0.29909727, 0.34699669, 0.34805441, 0.34898382, 0.34981763, 0.34954298, 0.34934920, 0.34930080, 0.22882228
0.13516727, 0.66620463, 0.19988139, 1.1287183, 0.97591877, 4.3617105, 9.6999149, 9.8061838, 9.8984032, 19.954075, 19.898844, 19.867065, 19.859844, 0.26128531, 0.25975820, 0.29361492, 0.34699816, 0.34806135, 0.34898385, 0.34977037, 0.34949422, 0.34933531, 0.34929922, 0.19988139
0.12587506, 0.55399108, 0.16621394, 0.77339411, 0.78128278, 3.7048664, 9.6659212, 9.7868652, 9.8897476, 19.943203, 19.890417, 19.864931, 19.859581, 0.25772420, 0.25780693, 0.28703469, 0.34665191, 0.34786496, 0.34889624, 0.34971601, 0.34945208, 0.34932464, 0.34929791, 0.16621394
0.11737958, 0.45139900, 0.13543324, 0.47921240, 0.59725046, 3.0063701, 9.6397600, 9.7695417, 9.8799820, 19.931669, 19.883389, 19.863323, 19.859415, 0.25478700, 0.25596866, 0.28005403, 0.34639141, 0.34769228, 0.34879875, 0.34965834, 0.34941694, 0.34931663, 0.34929708, 0.13543324
0.11113641, 0.37600592, 0.11281306, 0.26177466, 0.43500960, 2.6240678, 9.2625923, 9.7497950, 9.8686752, 19.920269, 19.877695, 19.862165, 19.859299, 0.25261521, 0.25434756, 0.27623305, 0.34262052, 0.34749511, 0.34868580, 0.34960133, 0.34938848, 0.34931082, 0.34929651, 0.11281306
0.10598187, 0.31375933, 0.94137214E-1, 0.11099279, 0.29641688, 2.2515445, 8.8192558, 9.7293158, 9.8564215, 19.909527, 19.873169, 19.861311, 19.859251, 0.25110713, 0.25295970, 0.27249849, 0.33817926, 0.34728584, 0.34856173, 0.34954762, 0.34936583, 0.34930655, 0.34929627, 0.94137214E-1
0.10242300, 0.27078217, 0.81242777E-1, 0.28064847E-1, 0.20046532, 1.9445509, 8.3854122, 9.7251568, 9.8506384, 19.899893, 19.869652, 19.860682, 19.859222, 0.25028044, 0.25200373, 0.26944107, 0.33385032, 0.34724933, 0.34850565, 0.34949946, 0.34934825, 0.34930342, 0.34929612, 0.81242777E-1
0.99631943E-1, 0.23707703, 0.71130224E-1, 0.0000000, 0.11779070, 1.6285807, 7.8976541, 9.7068748, 9.8398933, 19.891417, 19.866924, 19.860199, 19.859205, 0.24998985, 0.25117758, 0.26628345, 0.32897425, 0.34706736, 0.34839845, 0.34945709, 0.34933463, 0.34930098, 0.34929603, 0.71130224E-1
0.97303510E-1, 0.20895864, 0.62693864E-1, 0.0000000, 0.50610304E-1, 1.3147265, 7.3401670, 9.6829596, 9.8264399, 19.884087, 19.864788, 19.859840, 19.859180, 0.24998985, 0.25050598, 0.26314566, 0.32339987, 0.34682840, 0.34826401, 0.34942043, 0.34932393, 0.34929919, 0.34929591, 0.62693864E-1
0.95229805E-1, 0.18391646, 0.55180460E-1, 0.0000000, 0.48756599E-2, 1.0304123, 6.7281480, 9.6630993, 9.8144665, 19.878035, 19.863161, 19.859600, 19.859163, 0.24998985, 0.25004873, 0.26030010, 0.31727624, 0.34662724, 0.34814337, 0.34939018, 0.34931582, 0.34929800, 0.34929582, 0.55180460E-1
0.94077483E-1, 0.17000090, 0.51005371E-1, 0.0000000, 0.0000000, 0.85707307, 6.2397156, 9.6836491, 9.8206959, 19.873137, 19.861948, 19.859442, 19.859144, 0.24998985, 0.24999782, 0.25856805, 0.31239325, 0.34683347, 0.34820595, 0.34936568, 0.34930974, 0.34929723, 0.34929574, 0.51005371E-1
0.93173735E-1, 0.15908714, 0.47730915E-1, 0.0000000, 0.0000000, 0.72527230, 5.8059344, 9.6949806, 9.8251429, 19.869631, 19.861160, 19.859394, 19.859133, 0.24998985, 0.24999782, 0.25724319, 0.30804405, 0.34693706, 0.34824711, 0.34934816, 0.34930581, 0.34929699, 0.34929568, 0.47730915E-1
0.92407897E-1, 0.14983886, 0.44956155E-1, 0.0000000, 0.0000000, 0.61859488, 5.4097037, 9.7023697, 9.8280907, 19.866922, 19.860577, 19.859354, 19.859127, 0.24998985, 0.24999782, 0.25617743, 0.30408213, 0.34701034, 0.34827641, 0.34933460, 0.34930289, 0.34929678, 0.34929565, 0.44956155E-1
0.91724463E-1, 0.14158566, 0.42479947E-1, 0.0000000, 0.0000000, 0.52901208, 5.0305533, 9.7045336, 9.8288918, 19.864948, 19.860176, 19.859343, 19.859127, 0.24998985, 0.24999782, 0.25528249, 0.30029100, 0.34703133, 0.34828418, 0.34932473, 0.34930089, 0.34929672, 0.34929565, 0.42479947E-1
0.91005586E-1, 0.13290443, 0.39875314E-1, 0.0000000, 0.0000000, 0.43646097, 4.6321912, 9.6946945, 9.8243980, 19.863089, 19.859825, 19.859306, 19.859121, 0.24998985, 0.24999782, 0.25435567, 0.29630294, 0.34692708, 0.34823728, 0.34931543, 0.34929913, 0.34929654, 0.34929562, 0.39875314E-1
0.15235753, 0.87379575, 0.26216495, 2.5198965, 2.1672516, 2.5591640, 4.4376717, 9.7762365, 9.8550329, 19.862005, 19.859642, 19.859295, 19.859121, 0.27517915, 0.27166229, 0.27558559, 0.29437464, 0.34776008, 0.34854954, 0.34931004, 0.34929821, 0.34929648, 0.34929562, 0.26216495
0.17955953, 1.0000000, 0.36072296, 2.9273419, 2.3096414, 6.4780908, 9.4163713, 9.8243704, 9.8746004, 19.861328, 19.859585, 19.859295, 19.859121, 0.27926973, 0.27309465, 0.31477842, 0.34416300, 0.34824333, 0.34874588, 0.34930664, 0.34929794, 0.34929648, 0.34929562, 0.36072296
0.29850793, 1.0000000, 0.79169542, 6.4079795, 9.3099546, 9.5397816, 9.7284060, 9.8507719, 9.8852158, 19.860817, 19.859585, 19.859295, 19.859121, 0.31407943, 0.34309921, 0.34539768, 0.34728402, 0.34850767, 0.34885216, 0.34930408, 0.34929794, 0.34929648, 0.34929562, 0.79169542
0.33534342, 1.0000000, 0.92515725, 8.8889961, 9.5463619, 9.6800528, 9.7948618, 9.8615685, 9.8894424, 19.860369, 19.859537, 19.859289, 19.859121, 0.33888915, 0.34546313, 0.34680027, 0.34794855, 0.34861565, 0.34889442, 0.34930184, 0.34929770, 0.34929645, 0.34929562, 0.92515725
0.35599840, 1.0000000, 0.99999416, 9.9999990, 9.9999990, 9.9999990, 9.9999990, 9.9999990, 9.9999990, 19.999998, 19.999998, 19.999998, 19.998999, 0.34999919, 0.34999952, 0.34999976, 0.34999993, 0.34999996, 0.34999999, 0.34999999, 0.34999999, 0.34999999, 0.34999499, 0.99999416
0.35599852, 1.0000000, 0.99999458, 9.9999990, 9.9999990, 9.9999990, 9.9999990, 9.9999990, 9.9999990, 19.999998, 19.999998, 19.999998, 19.998999, 0.34999925, 0.34999955, 0.34999979, 0.34999996, 0.34999996, 0.34999999, 0.34999999, 0.34999999, 0.34999999, 0.34999499, 0.99999458
0.35599005, 1.0000000, 0.99996394, 9.9995909, 9.9997549, 9.9998798, 9.9999723, 9.9999876, 9.9999990, 19.999998, 19.999998, 19.999998, 19.994993, 0.34999502, 0.34999701, 0.34999853, 0.34999967, 0.34999985, 0.34999999, 0.34999999, 0.34999999, 0.34999999, 0.34997496, 0.99996394
0.34753340, 1.0000000, 0.96932399, 9.5860281, 9.7414055, 9.8605547, 9.9676466, 9.9836407, 9.9943819, 19.999880, 19.999969, 19.999863, 19.980116, 0.34585980, 0.34741375, 0.34860539, 0.34967643, 0.34983641, 0.34994382, 0.34999940, 0.34999985, 0.34999931, 0.34990057, 0.96932399
0.33534050, 1.0000000, 0.92514658, 8.7991409, 9.6231518, 9.7823191, 9.9392757, 9.9686699, 9.9891300, 19.999880, 19.999969, 19.998671, 19.957342, 0.33799070, 0.34623104, 0.34782296, 0.34939271, 0.34968665, 0.34989130, 0.34999940, 0.34999985, 0.34999335, 0.34978670, 0.92514658
0.31644738, 1.0000000, 0.85669333, 7.5190797, 9.5169945, 9.7083712, 9.9007835, 9.9472418, 9.9811993, 19.999880, 19.999968, 19.995289, 19.936771, 0.32518953, 0.34516901, 0.34708324, 0.34900776, 0.34947234, 0.34981197, 0.34999940, 0.34999985, 0.34997645, 0.34968385, 0.85669333
0.29641247, 1.0000000, 0.78410316, 6.1141362, 9.4633417, 9.6681795, 9.8683939, 9.9275265, 9.9730711, 19.999880, 19.999952, 19.989109, 19.919104, 0.31114024, 0.34463236, 0.34668127, 0.34868383, 0.34927520, 0.34973067, 0.34999940, 0.34999976, 0.34994555, 0.34959552, 0.78410316
0.27738434, 1.0000000, 0.71516055, 4.7454090, 9.4553947, 9.6562614, 9.8470907, 9.9128199, 9.9659004, 19.999880, 19.999681, 19.980047, 19.904556, 0.29745314, 0.34455279, 0.34656203, 0.34847078, 0.34912813, 0.34965897, 0.34999940, 0.34999841, 0.34990025, 0.34952277, 0.71516055
0.26343280, 1.0000000, 0.66461164, 3.6992667, 9.5030127, 9.6806440, 9.8442307, 9.9081888, 9.9619923, 19.999880, 19.998896, 19.968544, 19.892975, 0.28699011, 0.34502620, 0.34680444, 0.34844190, 0.34908167, 0.34961987, 0.34999940, 0.34999448, 0.34984273, 0.34946486, 0.66461164
0.24990618, 1.0000000, 0.61560208, 2.9359996, 9.1538506, 9.6594839, 9.8331575, 9.9000721, 9.9570198, 19.999880, 19.997171, 19.955362, 19.884047, 0.27935722, 0.34153330, 0.34659210, 0.34833100, 0.34900045, 0.34957013, 0.34999940, 0.34998587, 0.34977680, 0.34942025, 0.61560208
0.24229379, 1.0000000, 0.58802098, 2.7506442, 8.5317812, 9.6813869, 9.8367643, 9.9002295, 9.9551973, 19.999878, 19.994020, 19.941427, 19.877291, 0.27750450, 0.33531421, 0.34681180, 0.34836721, 0.34900209, 0.34955192, 0.34999940, 0.34997010, 0.34970713, 0.34938645, 0.58802098
0.23624131, 1.0000000, 0.56609166, 2.6072650, 8.0293074, 9.7014332, 9.8434439, 9.9027977, 9.9547548, 19.999844, 19.988976, 19.927721, 19.872271, 0.27606988, 0.33028790, 0.34701124, 0.34843382, 0.34902766, 0.34954745, 0.34999922, 0.34994489, 0.34963861, 0.34936136, 0.56609166
0.22543015, 1.0000000, 0.52692080, 2.3367703, 7.2092810, 9.6355019, 9.8224669, 9.8910017, 9.9494858, 19.999590, 19.981817, 19.914963, 19.868565, 0.27336711, 0.32209173, 0.34635431, 0.34822452, 0.34890997, 0.34949484, 0.34999794, 0.34990910, 0.34957480, 0.34934282, 0.52692080
0.21667327, 1.0000000, 0.49519297, 2.1333785, 6.4882994, 9.6414185, 9.8182631, 9.8874960, 9.9469557, 19.998991, 19.972580, 19.903650, 19.865883, 0.27133334, 0.31488216, 0.34641355, 0.34818250, 0.34887490, 0.34946951, 0.34999496, 0.34986290, 0.34951824, 0.34932941, 0.49519297
0.20515180, 1.0000000, 0.45344850, 1.8653065, 5.5704427, 9.5947866, 9.7976408, 9.8752289, 9.9413176, 19.997704, 19.961605, 19.894005, 19.863930, 0.26865086, 0.30570045, 0.34594443, 0.34797573, 0.34875193, 0.34941307, 0.34998852, 0.34980804, 0.34947002, 0.34931964, 0.45344850
0.19860408, 1.0000000, 0.42972487, 1.7315507, 4.9730582, 9.6499653, 9.8110971, 9.8810577, 9.9421453, 19.995352, 19.949465, 19.886053, 19.862543, 0.26731396, 0.29972792, 0.34649703, 0.34811044, 0.34881032, 0.34942135, 0.34997675, 0.34974733, 0.34943026, 0.34931272, 0.42972487
0.35592771, 1.0000000, 0.99973804, 9.9972811, 9.9983721, 9.9991827, 9.9998360, 9.9999161, 9.9999723, 19.999998, 19.999998, 19.999998, 19.994993, 0.34996396, 0.34997842, 0.34998918, 0.34999782, 0.34999889, 0.34999964, 0.34999999, 0.34999999, 0.34999999, 0.34997496, 0.99973804
0.35599804, 1.0000000, 0.99999279, 9.9999990, 9.9999990, 9.9999990, 9.9999990, 9.9999990, 9.9999990, 19.999998, 19.999998, 19.999998, 19.998999, 0.34999901, 0.34999940, 0.34999970, 0.34999993, 0.34999996, 0.34999999, 0.34999999, 0.34999999, 0.34999999, 0.34999499, 0.99999279
0.35599905, 1.0000000, 0.99999660, 9.9999990, 9.9999990, 9.9999990, 9.9999990, 9.9999990, 9.9999990, 19.999998, 19.999998, 19.999998, 19.998999, 0.34999952, 0.34999973, 0.34999985, 0.34999996, 0.34999999, 0.34999999, 0.34999999, 0.34999999, 0.34999999, 0.34999499, 0.99999660
0.35599911, 1.0000000, 0.99999672, 9.9999990, 9.9999990, 9.9999990, 9.9999990, 9.9999990, 9.9999990, 19.999998, 19.999998, 19.999998, 19.998999, 0.34999955, 0.34999973, 0.34999985, 0.34999996, 0.34999999, 0.34999999, 0.34999999, 0.34999999, 0.34999999, 0.34999499, 0.99999672
0.35599655, 1.0000000, 0.99998742, 9.9998655, 9.9999189, 9.9999580, 9.9999905, 9.9999990, 9.9999990, 19.999998, 19.999998, 19.999998, 19.995995, 0.34999827, 0.34999895, 0.34999946, 0.34999987, 0.34999999, 0.34999999, 0.34999999, 0.34999999, 0.34999999, 0.34997997, 0.99998742
0.35562217, 1.0000000, 0.99863100, 9.9983587, 9.9783030, 9.9598122, 9.9916983, 9.9958496, 9.9986076, 19.999998, 19.999998, 19.999893, 19.981098, 0.34998339, 0.34978291, 0.34959805, 0.34991699, 0.34995848, 0.34998608, 0.34999999, 0.34999999, 0.34999946, 0.34990549, 0.99863100
0.34377944, 1.0000000, 0.95572263, 9.3418751, 9.7118235, 9.8289509, 9.9592857, 9.9793396, 9.9930220, 19.999998, 19.999998, 19.998758, 19.958250, 0.34341827, 0.34711793, 0.34828937, 0.34959283, 0.34979337, 0.34993023, 0.34999999, 0.34999999, 0.34999380, 0.34979126, 0.95572263
0.33279830, 1.0000000, 0.91593581, 8.6082573, 9.6344490, 9.7832565, 9.9359179, 9.9666653, 9.9884701, 19.999998, 19.999998, 19.995481, 19.937578, 0.33608106, 0.34634349, 0.34783205, 0.34935907, 0.34966660, 0.34988466, 0.34999999, 0.34999999, 0.34997740, 0.34968787, 0.91593581
0.32553884, 1.0000000, 0.88963348, 8.0602255, 9.6654692, 9.7965822, 9.9270210, 9.9608517, 9.9859972, 19.999998, 19.999958, 19.989424, 19.919777, 0.33060148, 0.34665412, 0.34796557, 0.34927016, 0.34960848, 0.34985998, 0.34999999, 0.34999979, 0.34994712, 0.34959888, 0.88963348
0.31824249, 1.0000000, 0.86319739, 7.5314827, 9.6681118, 9.7960291, 9.9169989, 9.9543285, 9.9827766, 19.999622, 19.999603, 19.980446, 19.905106, 0.32531047, 0.34667778, 0.34795859, 0.34916967, 0.34954309, 0.34982771, 0.34999812, 0.34999803, 0.34990221, 0.34952551, 0.86319739
0.31010872, 1.0000000, 0.83372730, 6.9574161, 9.6504269, 9.7836409, 9.9051056, 9.9466543, 9.9787979, 19.998955, 19.998684, 19.968969, 19.893404, 0.31956980, 0.34650064, 0.34783456, 0.34905067, 0.34946635, 0.34978792, 0.34999478, 0.34999341, 0.34984484, 0.34946701, 0.83372730
0.29886445, 1.0000000, 0.79298711, 6.1906767, 9.5913458, 9.7466726, 9.8892078, 9.9367151, 9.9742489, 19.998705, 19.996929, 19.955830, 19.884369, 0.31190124, 0.34590834, 0.34746411, 0.34889156, 0.34936687, 0.34974238, 0.34999353, 0.34998465, 0.34977916, 0.34942186, 0.79298711
0.28895700, 1.0000000, 0.75709063, 5.4771080, 9.5880318, 9.7415924, 9.8820820, 9.9312592, 9.9712667, 19.998680, 19.993826, 19.941916, 19.877533, 0.30476457, 0.34587350, 0.34741247, 0.34882009, 0.34931225, 0.34971255, 0.34999341, 0.34996912, 0.34970957, 0.34938768, 0.75709063
0.27869052, 1.0000000, 0.71989310, 4.7398071, 9.5813341, 9.7349625, 9.8734856, 9.9251270, 9.9676180, 19.998169, 19.988749, 19.928167, 19.872452, 0.29739249, 0.34580657, 0.34734619, 0.34873417, 0.34925091, 0.34967607, 0.34999084, 0.34994376, 0.34964085, 0.34936225, 0.71989310
0.27002001, 1.0000000, 0.68847829, 4.1007395, 9.5958223, 9.7416182, 9.8712101, 9.9224730, 9.9652967, 19.997543, 19.981583, 19.915367, 19.868694, 0.29100373, 0.34595311, 0.34741360, 0.34871155, 0.34922448, 0.34965289, 0.34998772, 0.34990790, 0.34957683, 0.34934348, 0.68847829
0.25525111, 1.0000000, 0.63496780, 3.1179447, 9.4861317, 9.6754837, 9.8477802, 9.9087906, 9.9590731, 19.996475, 19.972309, 19.903994, 19.865976, 0.28117678, 0.34485647, 0.34675238, 0.34847730, 0.34908763, 0.34959063, 0.34998238, 0.34986156, 0.34951997, 0.34932989, 0.63496780
0.24321853, 1.0000000, 0.59137142, 2.7011395, 8.7446470, 9.6459217, 9.8295097, 9.8971491, 9.9533215, 19.994867, 19.961340, 19.894291, 19.864000, 0.27700943, 0.33744264, 0.34645709, 0.34829468, 0.34897128, 0.34953314, 0.34997433, 0.34980670, 0.34947145, 0.34931999, 0.59137142
0.23267099, 1.0000000, 0.55315578, 2.4378300, 7.9155922, 9.6375122, 9.8193474, 9.8897305, 9.9489727, 19.992289, 19.949205, 19.886288, 19.862591, 0.27437568, 0.32915083, 0.34637201, 0.34819284, 0.34889698, 0.34948960, 0.34996146, 0.34974602, 0.34943146, 0.34931296, 0.55315578
0.22280106, 1.0000000, 0.51739514, 2.1995425, 7.1242042, 9.6326637, 9.8130922, 9.8847141, 9.9455538, 19.988272, 19.936613, 19.879854, 19.861578, 0.27199253, 0.32123643, 0.34632286, 0.34813014, 0.34884676, 0.34945542, 0.34994137, 0.34968308, 0.34939927, 0.34930789, 0.51739514
0.21572268, 1.0000000, 0.49174881, 2.0402133, 6.5194583, 9.6639071, 9.8208714, 9.8876133, 9.9452076, 19.982584, 19.924290, 19.874805, 19.860849, 0.27039668, 0.31518412, 0.34663132, 0.34820715, 0.34887531, 0.34945181, 0.34991291, 0.34962144, 0.34937403, 0.34930426, 0.49174881
0.20726685, 1.0000000, 0.46111172, 1.8345803, 5.8512425, 9.6442175, 9.8145018, 9.8835630, 9.9423771, 19.974720, 19.912701, 19.870859, 19.860321, 0.26834142, 0.30850405, 0.34643528, 0.34814361, 0.34883493, 0.34942353, 0.34987360, 0.34956351, 0.34935430, 0.34930161, 0.46111172
0.20125115, 1.0000000, 0.43931574, 1.6999990, 5.3334222, 9.6730566, 9.8227243, 9.8872271, 9.9422874, 19.965235, 19.902386, 19.867847, 19.859951, 0.26699603, 0.30332676, 0.34672379, 0.34822586, 0.34887159, 0.34942263, 0.34982616, 0.34951192, 0.34933925, 0.34929976, 0.43931574
0.19426712, 1.0000000, 0.41401130, 1.5323907, 4.7779031, 9.6582012, 9.8187885, 9.8847008, 9.9396257, 19.954136, 19.893421, 19.865562, 19.859674, 0.26531863, 0.29776919, 0.34657204, 0.34818587, 0.34884599, 0.34939593, 0.34977067, 0.34946710, 0.34932780, 0.34929836, 0.41401130
0.21245810, 1.0000000, 0.47992063, 2.2684515, 5.7042422, 9.7380133, 9.8435993, 9.8972731, 9.9421024, 19.942532, 19.886007, 19.863861, 19.859491, 0.27268043, 0.30703625, 0.34737489, 0.34843493, 0.34897220, 0.34942085, 0.34971267, 0.34943002, 0.34931931, 0.34929746, 0.47992063
0.31482357, 1.0000000, 0.85080993, 7.3645496, 9.5451641, 9.7868652, 9.8645945, 9.9083977, 9.9438047, 19.930847, 19.879978, 19.862595, 19.859352, 0.32364503, 0.34545127, 0.34786844, 0.34864593, 0.34908393, 0.34943804, 0.34965423, 0.34939989, 0.34931296, 0.34929675, 0.85080993
0.30938423, 1.0000000, 0.83110231, 6.9539332, 9.5937586, 9.7468081, 9.8586693, 9.9052725, 9.9393215, 19.918953, 19.875002, 19.861618, 19.859346, 0.31953776, 0.34593627, 0.34746742, 0.34858656, 0.34905267, 0.34939319, 0.34959477, 0.34937501, 0.34930807, 0.34929675, 0.83110231
0.29177314, 1.0000000, 0.76729393, 5.7602754, 9.4967184, 9.6782045, 9.8340788, 9.8910341, 9.9295464, 19.907249, 19.870909, 19.860859, 19.859299, 0.30759156, 0.34495610, 0.34677640, 0.34833965, 0.34890977, 0.34929529, 0.34953624, 0.34935454, 0.34930429, 0.34929651, 0.76729393
0.27253640, 1.0000000, 0.69759566, 4.4087005, 9.4468985, 9.6423016, 9.8142586, 9.8777943, 9.9198360, 19.897018, 19.867737, 19.860325, 19.859251, 0.29407686, 0.34445596, 0.34641638, 0.34814125, 0.34877726, 0.34919813, 0.34948510, 0.34933868, 0.34930164, 0.34929627, 0.69759566
0.25664961, 1.0000000, 0.64003474, 3.2473998, 9.4602652, 9.6470566, 9.8106661, 9.8727560, 9.9136477, 19.888947, 19.865515, 19.860008, 19.859251, 0.28246996, 0.34459558, 0.34646696, 0.34810591, 0.34872720, 0.34913635, 0.34944475, 0.34932756, 0.34930003, 0.34929627, 0.64003474
0.24281903, 1.0000000, 0.58992398, 2.6969492, 8.7240505, 9.6195459, 9.7974806, 9.8628664, 9.9060278, 19.882128, 19.863794, 19.859766, 19.859251, 0.27696326, 0.33722842, 0.34618878, 0.34797344, 0.34862798, 0.34906003, 0.34941065, 0.34931898, 0.34929883, 0.34929627, 0.58992398
0.23008804, 1.0000000, 0.54379725, 2.3714542, 7.7409334, 9.6001740, 9.7850103, 9.8533392, 9.8990078, 19.876528, 19.862492, 19.859585, 19.859251, 0.27370745, 0.32739547, 0.34599313, 0.34784836, 0.34853250, 0.34898978, 0.34938264, 0.34931245, 0.34929794, 0.34929627, 0.54379725
0.21744360, 1.0000000, 0.49798402, 2.0657420, 6.7324080, 9.5835400, 9.7736225, 9.8446121, 9.8929768, 19.872164, 19.861551, 19.859537, 19.859251, 0.27065262, 0.31731468, 0.34582871, 0.34773487, 0.34844545, 0.34892952, 0.34936082, 0.34930775, 0.34929770, 0.34929627, 0.49798402
0.20542735, 1.0000000, 0.45444688, 1.7846316, 5.7554269, 9.5747786, 9.7650862, 9.8377647, 9.8880873, 19.868666, 19.860855, 19.859480, 19.859251, 0.26784143, 0.30754483, 0.34573990, 0.34764925, 0.34837684, 0.34888062, 0.34934333, 0.34930426, 0.34929740, 0.34929627, 0.45444688
0.19372854, 1.0000000, 0.41205993, 1.5179724, 4.7944508, 9.5623617, 9.7561970, 9.8311186, 9.8837366, 19.865866, 19.860327, 19.859430, 19.859251, 0.26517498, 0.29793552, 0.34561464, 0.34756014, 0.34831026, 0.34883708, 0.34932932, 0.34930164, 0.34929717, 0.34929627, 0.41205993
0.18296885, 1.0000000, 0.37307557, 1.2920678, 3.8747149, 9.5539703, 9.7500410, 9.8263388, 9.8806486, 19.863890, 19.859974, 19.859402, 19.859251, 0.26292005, 0.28874600, 0.34553829, 0.34750012, 0.34826323, 0.34880644, 0.34931946, 0.34929988, 0.34929702, 0.34929627, 0.37307557
0.17378664, 1.0000000, 0.33980665, 1.1121660, 3.0625260, 9.5616884, 9.7509413, 9.8257589, 9.8794041, 19.862459, 19.859764, 19.859371, 19.859251, 0.26111925, 0.28062126, 0.34561062, 0.34750813, 0.34825695, 0.34879383, 0.34931231, 0.34929883, 0.34929687, 0.34929627, 0.33980665
0.16742370, 1.0000000, 0.31675249, 0.95212162, 2.7691901, 9.1429663, 9.7540703, 9.8267527, 9.8788671, 19.861240, 19.859585, 19.859344, 19.859251, 0.25952017, 0.27769005, 0.34142661, 0.34754005, 0.34826720, 0.34878856, 0.34930620, 0.34929794, 0.34929672, 0.34929627, 0.31675249
0.16211052, 0.99157381, 0.29750189, 0.80972910, 2.5796354, 8.7148590, 9.7600470, 9.8295164, 9.8790464, 19.860172, 19.859390, 19.859297, 19.859251, 0.25809348, 0.27578905, 0.33713630, 0.34759769, 0.34829375, 0.34878999, 0.34930086, 0.34929696, 0.34929648, 0.34929627, 0.29750189
0.15706807, 0.93068063, 0.27923211, 0.66584051, 2.4042754, 8.3248768, 9.7647085, 9.8316889, 9.8790312, 19.859089, 19.859148, 19.859228, 19.859222, 0.25665596, 0.27403748, 0.33323964, 0.34764493, 0.34831581, 0.34878996, 0.34929544, 0.34929574, 0.34929615, 0.34929612, 0.27923211
0.15192744, 0.86860192, 0.26060665, 0.52805841, 2.2197843, 7.9117327, 9.7609596, 9.8294640, 9.8777237, 19.858286, 19.858948, 19.859165, 19.859211, 0.25527897, 0.27219379, 0.32911009, 0.34760779, 0.34829375, 0.34877694, 0.34929144, 0.34929472, 0.34929582, 0.34929606, 0.26060665
0.14872879, 0.82997477, 0.24901734, 0.47904849, 2.0940959, 7.5522976, 9.7699499, 9.8341045, 9.8795977, 19.858438, 19.858948, 19.859165, 19.859211, 0.25478837, 0.27093542, 0.32551295, 0.34769690, 0.34833974, 0.34879553, 0.34929219, 0.34929472, 0.34929582, 0.34929606, 0.24901734
0.14752518, 0.81543988, 0.24465643, 0.46456158, 2.0559251, 7.3750763, 9.8016930, 9.8510695, 9.8855181, 19.858566, 19.858948, 19.859165, 19.859211, 0.25464562, 0.27055925, 0.32375076, 0.34801692, 0.34851068, 0.34885520, 0.34929281, 0.34929472, 0.34929582, 0.34929606, 0.24465643
0.14408652, 0.77391446, 0.23219757, 0.41025579, 1.9142389, 7.0140224, 9.7814617, 9.8411703, 9.8822842, 19.858566, 19.858948, 19.859165, 19.859211, 0.25410256, 0.26914239, 0.32014021, 0.34781462, 0.34841171, 0.34882283, 0.34929281, 0.34929472, 0.34929582, 0.34929606, 0.23219757
0.13996083, 0.72409201, 0.21724933, 0.35071671, 1.7430663, 6.5650849, 9.7555561, 9.8273726, 9.8776455, 19.858566, 19.858948, 19.859165, 19.859211, 0.25350711, 0.26743048, 0.31565052, 0.34755549, 0.34827366, 0.34877643, 0.34929281, 0.34929472, 0.34929582, 0.34929606, 0.21724933
0.13702324, 0.68861753, 0.20660593, 0.31214952, 1.6297817, 6.2092347, 9.7620077, 9.8301630, 9.8785467, 19.858566, 19.858948, 19.859165, 19.859211, 0.25312132, 0.26629728, 0.31209138, 0.34761974, 0.34830147, 0.34878540, 0.34929281, 0.34929472, 0.34929582, 0.34929606, 0.20660593
0.13474619, 0.66111988, 0.19835579, 0.28536022, 1.5445441, 5.9168420, 9.7727203, 9.8358631, 9.8805151, 19.858566, 19.858948, 19.859165, 19.859211, 0.25285307, 0.26544368, 0.30916506, 0.34772611, 0.34835806, 0.34880498, 0.34929281, 0.34929472, 0.34929582, 0.34929606, 0.19835579
0.14175726, 0.74578601, 0.22375818, 0.85774362, 1.5152216, 5.7537770, 9.8030291, 9.8519964, 9.8859930, 19.858566, 19.858948, 19.859165, 19.859211, 0.25857547, 0.26515016, 0.30753383, 0.34802896, 0.34851930, 0.34885970, 0.34929281, 0.34929472, 0.34929582, 0.34929606, 0.22375818
0.13724282, 0.69126922, 0.20740151, 0.72822273, 1.3776749, 5.3794422, 9.7662621, 9.8332739, 9.8796434, 19.858545, 19.858948, 19.859159, 19.859211, 0.25728056, 0.26377487, 0.30379072, 0.34766129, 0.34833205, 0.34879619, 0.34929273, 0.34929472, 0.34929579, 0.34929606, 0.20740151
0.13465184, 0.65998036, 0.19801392, 0.66494346, 1.3047487, 5.1088219, 9.7758656, 9.8378592, 9.8812170, 19.858566, 19.858948, 19.859159, 19.859211, 0.25664675, 0.26304433, 0.30108204, 0.34775630, 0.34837741, 0.34881178, 0.34929281, 0.34929472, 0.34929579, 0.34929606, 0.19801392
0.13092293, 0.61494964, 0.18450335, 0.57129860, 1.1915892, 4.7501073, 9.7549410, 9.8267984, 9.8774691, 19.858566, 19.858948, 19.859159, 19.859211, 0.25571263, 0.26191545, 0.29750016, 0.34754902, 0.34826779, 0.34877464, 0.34929281, 0.34929472, 0.34929579, 0.34929606, 0.18450335
0.12802252, 0.57992417, 0.17399465, 0.50508082, 1.1074334, 4.4378567, 9.7566710, 9.8272791, 9.8775759, 19.858566, 19.858948, 19.859159, 19.859211, 0.25505081, 0.26107433, 0.29437858, 0.34756672, 0.34827280, 0.34877574, 0.34929281, 0.34929472, 0.34929579, 0.34929606, 0.17399465
0.12440877, 0.53628415, 0.16090134, 0.39751530, 1.0057300, 4.1295271, 9.7543211, 9.8257618, 9.8765163, 19.858015, 19.858847, 19.859118, 19.859205, 0.25397319, 0.26005432, 0.29128912, 0.34754032, 0.34825614, 0.34876469, 0.34929007, 0.34929425, 0.34929559, 0.34929603, 0.16090134
0.12058419, 0.49009824, 0.14704418, 0.29766560, 0.89248717, 3.7699058, 9.7376738, 9.8164806, 9.8730459, 19.857771, 19.858757, 19.859077, 19.859200, 0.25297448, 0.25892097, 0.28769082, 0.34737247, 0.34816265, 0.34872973, 0.34928885, 0.34929377, 0.34929538, 0.34929600, 0.14704418
0.11855697, 0.46561730, 0.13969916, 0.26181638, 0.83709657, 3.5045080, 9.7572927, 9.8264933, 9.8766136, 19.857954, 19.858757, 19.859072, 19.859200, 0.25261691, 0.25836855, 0.28504005, 0.34757012, 0.34826353, 0.34876567, 0.34928977, 0.34929377, 0.34929535, 0.34929600, 0.13969916
0.11496684, 0.42226252, 0.12669143, 0.18770695, 0.72510540, 3.1180906, 9.7207556, 9.8070955, 9.8698463, 19.857889, 19.858709, 19.859053, 19.859194, 0.25187579, 0.25724810, 0.28117457, 0.34720358, 0.34806895, 0.34869778, 0.34928945, 0.34929353, 0.34929526, 0.34929597, 0.12669143
0.11327852, 0.40187421, 0.12057433, 0.15852749, 0.67106783, 2.9277296, 9.6484880, 9.8168039, 9.8732281, 19.858061, 19.858709, 19.859047, 19.859194, 0.25158495, 0.25670984, 0.27927548, 0.34648368, 0.34816745, 0.34873208, 0.34929031, 0.34929353, 0.34929523, 0.34929597, 0.12057433
0.13639033, 0.68097448, 0.20431277, 1.9146711, 0.59946477, 2.8275132, 9.5070572, 9.8236866, 9.8751602, 19.857506, 19.858587, 19.858994, 19.859180, 0.26914486, 0.25599429, 0.27827433, 0.34507003, 0.34823656, 0.34875152, 0.34928754, 0.34929293, 0.34929496, 0.34929591, 0.20431277
0.13095161, 0.61529613, 0.18460730, 1.6156256, 0.52230656, 2.7004361, 9.3461370, 9.8192759, 9.8734407, 19.857140, 19.858526, 19.858948, 19.859175, 0.26614794, 0.25522146, 0.27700019, 0.34345847, 0.34819123, 0.34873390, 0.34928569, 0.34929264, 0.34929472, 0.34929588, 0.18460730
0.12903887, 0.59219754, 0.17767704, 1.5132964, 0.49422681, 2.6544988, 9.2449408, 9.8372126, 9.8797407, 19.857246, 19.858561, 19.858948, 19.859175, 0.26512337, 0.25494039, 0.27653992, 0.34244588, 0.34837025, 0.34879678, 0.34928623, 0.34929281, 0.34929472, 0.34929588, 0.17767704
0.12525927, 0.54655480, 0.16398284, 1.3092786, 0.44121146, 2.5535583, 9.1089735, 9.8318195, 9.8779726, 19.857193, 19.858521, 19.858948, 19.859169, 0.26308760, 0.25441107, 0.27553254, 0.34108755, 0.34831703, 0.34877935, 0.34928596, 0.34929261, 0.34929472, 0.34929585, 0.16398284
0.12129526, 0.49868518, 0.14962052, 1.0986656, 0.39096177, 2.4312675, 8.9481649, 9.8210850, 9.8744488, 19.857347, 19.858566, 19.858948, 19.859163, 0.26098314, 0.25390887, 0.27431035, 0.33947992, 0.34820989, 0.34874415, 0.34928674, 0.34929281, 0.34929472, 0.34929582, 0.14962052
0.11782186, 0.45674002, 0.13703571, 0.91911852, 0.33865571, 2.3252039, 8.7937069, 9.8192921, 9.8736305, 19.857212, 19.858484, 19.858948, 19.859152, 0.25919050, 0.25338641, 0.27325150, 0.33793667, 0.34819272, 0.34873626, 0.34928605, 0.34929243, 0.34929472, 0.34929577, 0.13703571
0.11390160, 0.40939862, 0.12283187, 0.72253048, 0.28394759, 2.1838248, 8.6014442, 9.8054256, 9.8687449, 19.857193, 19.858509, 19.858948, 19.859144, 0.25722295, 0.25283891, 0.27183613, 0.33601278, 0.34805331, 0.34868711, 0.34928596, 0.34929255, 0.34929472, 0.34929574, 0.12283187
0.11191083, 0.38535795, 0.11561895, 0.62703192, 0.25745034, 2.1021307, 8.4511671, 9.8148813, 9.8721066, 19.857454, 19.858566, 19.858948, 19.859144, 0.25627032, 0.25257450, 0.27102131, 0.33451167, 0.34814882, 0.34872106, 0.34928727, 0.34929281, 0.34929472, 0.34929574, 0.11561895
0.11024188, 0.36520359, 0.10957204, 0.54782033, 0.23044944, 2.0406961, 8.3263731, 9.8265743, 9.8762035, 19.857475, 19.858551, 19.858948, 19.859144, 0.25547820, 0.25230449, 0.27040696, 0.33326373, 0.34826574, 0.34876204, 0.34928739, 0.34929276, 0.34929472, 0.34929574, 0.10957204
0.23449846, 1.0000000, 0.55977702, 2.5111787, 8.2179384, 9.2886095, 9.5473576, 9.8450174, 9.8823643, 19.857239, 19.858492, 19.858948, 19.859133, 0.27511179, 0.33217937, 0.34288609, 0.34547359, 0.34845018, 0.34882364, 0.34928620, 0.34929246, 0.34929472, 0.34929568, 0.55977702
0.22268406, 1.0000000, 0.51697117, 2.2313805, 7.1052246, 9.5592899, 9.7260942, 9.8431253, 9.8808556, 19.856119, 19.858238, 19.858900, 19.859116, 0.27231166, 0.32104814, 0.34559014, 0.34726039, 0.34843096, 0.34880847, 0.34928060, 0.34929121, 0.34929448, 0.34929559, 0.51697117
0.21120705, 1.0000000, 0.47538787, 1.9057184, 6.2431164, 9.5922308, 9.7558031, 9.8360329, 9.8775826, 19.854994, 19.857960, 19.858805, 19.859081, 0.26905453, 0.31242594, 0.34591827, 0.34755722, 0.34835991, 0.34877568, 0.34927496, 0.34928980, 0.34929401, 0.34929541, 0.47538787
0.19932821, 1.0000000, 0.43234858, 1.5803635, 5.3586645, 9.5787630, 9.7544413, 9.8277826, 9.8742638, 19.854218, 19.857759, 19.858757, 19.859058, 0.26579982, 0.30357891, 0.34578073, 0.34754300, 0.34827712, 0.34874240, 0.34927109, 0.34928879, 0.34929377, 0.34929529, 0.43234858
0.18469906, 1.0000000, 0.37934440, 1.1883676, 4.2736979, 9.5278244, 9.7307034, 9.8119850, 9.8680000, 19.853119, 19.857471, 19.858675, 19.859016, 0.26188064, 0.29273042, 0.34527093, 0.34730554, 0.34811911, 0.34867975, 0.34926561, 0.34928736, 0.34929338, 0.34929508, 0.37934440
0.17014481, 1.0000000, 0.32661164, 0.83329380, 3.1250193, 9.4986439, 9.7113953, 9.7996340, 9.8630619, 19.852365, 19.857300, 19.858641, 19.858980, 0.25833011, 0.28124383, 0.34497678, 0.34711200, 0.34799537, 0.34863028, 0.34926182, 0.34928650, 0.34929320, 0.34929490, 0.32661164
0.16174304, 0.98713619, 0.29617047, 0.62321424, 2.7014315, 9.0139914, 9.7186613, 9.8025999, 9.8643045, 19.852673, 19.857376, 19.858683, 19.858963, 0.25623035, 0.27700967, 0.34013218, 0.34718496, 0.34802517, 0.34864277, 0.34926337, 0.34928688, 0.34929341, 0.34929481, 0.29617047
0.15743193, 0.93507463, 0.28055045, 0.52506328, 2.5432439, 8.6077728, 9.7474842, 9.8183327, 9.8705235, 19.853569, 19.857622, 19.858673, 19.858946, 0.25524962, 0.27542949, 0.33607271, 0.34747371, 0.34818277, 0.34870505, 0.34926784, 0.34928811, 0.34929335, 0.34929472, 0.28055045
0.15724275, 0.93279004, 0.27986500, 0.66003203, 2.4384589, 8.3143387, 9.7738380, 9.8333387, 9.8764372, 19.854399, 19.857788, 19.858662, 19.858940, 0.25659946, 0.27438268, 0.33314013, 0.34773761, 0.34833300, 0.34876424, 0.34927198, 0.34928894, 0.34929329, 0.34929469, 0.27986500
0.23204464, 1.0000000, 0.55088633, 2.9263825, 7.0414367, 9.6116476, 9.8093319, 9.8529825, 9.8837194, 19.855188, 19.857988, 19.858662, 19.858940, 0.27926382, 0.32041436, 0.34611648, 0.34809333, 0.34852982, 0.34883720, 0.34927595, 0.34928995, 0.34929329, 0.34929469, 0.55088633
0.23230001, 1.0000000, 0.55181164, 2.5837064, 7.5830154, 9.7276678, 9.8273087, 9.8633232, 9.8875408, 19.855747, 19.858082, 19.858662, 19.858940, 0.27583706, 0.32583016, 0.34727669, 0.34827310, 0.34863323, 0.34887540, 0.34927875, 0.34929040, 0.34929329, 0.34929469, 0.55181164
0.23048772, 1.0000000, 0.54524535, 2.5513916, 7.3910327, 9.7773294, 9.8435936, 9.8723612, 9.8908911, 19.856361, 19.858206, 19.858662, 19.858940, 0.27551392, 0.32391033, 0.34777328, 0.34843594, 0.34872362, 0.34890890, 0.34928182, 0.34929103, 0.34929329, 0.34929469, 0.54524535
0.22815248, 1.0000000, 0.53678429, 2.4937570, 7.2004070, 9.7848969, 9.8501377, 9.8761301, 9.8922138, 19.856703, 19.858286, 19.858662, 19.858940, 0.27493757, 0.32200408, 0.34784895, 0.34850138, 0.34876129, 0.34892213, 0.34928352, 0.34929144, 0.34929329, 0.34929469, 0.53678429
0.21958363, 1.0000000, 0.50573778, 2.2423477, 6.6415873, 9.6802435, 9.8204803, 9.8611927, 9.8869486, 19.856396, 19.858152, 19.858662, 19.858923, 0.27242124, 0.31641191, 0.34679955, 0.34820420, 0.34861162, 0.34886941, 0.34928197, 0.34929076, 0.34929329, 0.34929460, 0.50573778
0.21078922, 1.0000000, 0.47387394, 1.9955069, 6.0105438, 9.6467476, 9.8014288, 9.8511667, 9.8834028, 19.855984, 19.858046, 19.858662, 19.858923, 0.26995179, 0.31009951, 0.34646270, 0.34801331, 0.34851119, 0.34883389, 0.34927991, 0.34929022, 0.34929329, 0.34929460, 0.47387394
0.20315310, 1.0000000, 0.44620687, 1.7997324, 5.4150071, 9.6465378, 9.7954712, 9.8477678, 9.8823767, 19.855934, 19.858040, 19.858662, 19.858923, 0.26799521, 0.30414626, 0.34646198, 0.34795403, 0.34847730, 0.34882364, 0.34927967, 0.34929019, 0.34929329, 0.34929460, 0.44620687
0.20865773, 1.0000000, 0.46615118, 2.4707289, 4.9453554, 9.6760941, 9.8029108, 9.8515120, 9.8838940, 19.856153, 19.858076, 19.858662, 19.858923, 0.27470583, 0.29945180, 0.34675920, 0.34802875, 0.34851494, 0.34883887, 0.34928077, 0.34929037, 0.34929329, 0.34929460, 0.46615118
0.20506068, 1.0000000, 0.45311835, 2.4928598, 4.4787884, 9.6656027, 9.8027086, 9.8515968, 9.8841867, 19.856419, 19.858135, 19.858662, 19.858923, 0.27492860, 0.29478788, 0.34665602, 0.34802708, 0.34851596, 0.34884188, 0.34928209, 0.34929067, 0.34929329, 0.34929460, 0.45311835
0.34826440, 1.0000000, 0.97197229, 9.5881090, 9.8063269, 9.8979759, 9.9759026, 9.9878330, 9.9956112, 19.999678, 19.999916, 19.998230, 19.943739, 0.34588110, 0.34806326, 0.34897977, 0.34975904, 0.34987834, 0.34995610, 0.34999838, 0.34999958, 0.34999114, 0.34971869, 0.97197229
0.35600001, 1.0000000, 1.0000000, 9.9999990, 9.9999990, 9.9999990, 9.9999990, 9.9999990, 9.9999990, 19.999998, 19.999998, 19.999998, 19.994993, 0.34999999, 0.34999999, 0.34999999, 0.34999999, 0.34999999, 0.34999999, 0.34999999, 0.34999999, 0.34999999, 0.34997496, 1.0000000
0.35600001, 1.0000000, 1.0000000, 9.9999990, 9.9999990, 9.9999990, 9.9999990, 9.9999990, 9.9999990, 19.999998, 19.999998, 19.999998, 19.998999, 0.34999999, 0.34999999, 0.34999999, 0.34999999, 0.34999999, 0.34999999, 0.34999999, 0.34999999, 0.34999999, 0.34999499, 1.0000000
0.35600001, 1.0000000, 1.0000000, 9.9999990, 9.9999990, 9.9999990, 9.9999990, 9.9999990, 9.9999990, 19.999998, 19.999998, 19.999998, 19.998999, 0.34999999, 0.34999999, 0.34999999, 0.34999999, 0.34999999, 0.34999999, 0.34999999, 0.34999999, 0.34999999, 0.34999499, 1.0000000
0.33959240, 1.0000000, 0.94055200, 9.0793581, 9.6561460, 9.8097801, 9.9467640, 9.9727516, 9.9894819, 19.998592, 19.999636, 19.999655, 19.975222, 0.34078804, 0.34655792, 0.34809601, 0.34946728, 0.34972733, 0.34989476, 0.34999296, 0.34999818, 0.34999827, 0.34987611, 0.94055200
0.31223980, 1.0000000, 0.84144849, 7.2808833, 9.4363670, 9.6581554, 9.8720303, 9.9317245, 9.9721937, 19.995647, 19.998873, 19.997860, 19.952801, 0.32280144, 0.34435791, 0.34657860, 0.34871972, 0.34931695, 0.34972185, 0.34997824, 0.34999436, 0.34998930, 0.34976399, 0.84144849
0.28523821, 1.0000000, 0.74361670, 5.3719668, 9.3861876, 9.6120176, 9.8246832, 9.9014473, 9.9579725, 19.993307, 19.998257, 19.993784, 19.932756, 0.30371380, 0.34385574, 0.34611702, 0.34824619, 0.34901413, 0.34957960, 0.34996653, 0.34999129, 0.34996891, 0.34966379, 0.74361670
0.25948033, 1.0000000, 0.65029103, 3.5366626, 9.3513889, 9.5827770, 9.7957268, 9.8802462, 9.9467745, 19.991652, 19.997726, 19.986872, 19.915733, 0.28536603, 0.34351298, 0.34582728, 0.34795716, 0.34880239, 0.34946772, 0.34995824, 0.34998864, 0.34993437, 0.34957868, 0.65029103
0.23515490, 1.0000000, 0.56215537, 2.5167794, 8.1468525, 9.5289955, 9.7574558, 9.8541260, 9.9327059, 19.989264, 19.996677, 19.977076, 19.901794, 0.27516431, 0.33146176, 0.34528598, 0.34757376, 0.34854084, 0.34932691, 0.34994632, 0.34998339, 0.34988537, 0.34950897, 0.56215537
0.21670043, 1.0000000, 0.49529138, 2.0067067, 6.7706466, 9.5258532, 9.7444973, 9.8423948, 9.9242001, 19.987207, 19.995144, 19.965004, 19.890795, 0.27006629, 0.31770489, 0.34525743, 0.34744474, 0.34842384, 0.34924197, 0.34993604, 0.34997571, 0.34982502, 0.34945399, 0.49529138
0.19745788, 1.0000000, 0.42557201, 1.4979720, 5.3150344, 9.4922981, 9.7236271, 9.8276205, 9.9151430, 19.984934, 19.992472, 19.951448, 19.882362, 0.26497748, 0.30314562, 0.34491876, 0.34723541, 0.34827575, 0.34915128, 0.34992468, 0.34996235, 0.34975725, 0.34941182, 0.42557201
0.18428785, 1.0000000, 0.37785447, 1.2044579, 4.1937952, 9.5291538, 9.7353630, 9.8316441, 9.9146986, 19.983889, 19.988573, 19.937523, 19.876003, 0.26204255, 0.29193369, 0.34528673, 0.34735265, 0.34831592, 0.34914681, 0.34991944, 0.34994286, 0.34968761, 0.34938002, 0.37785447
0.17084864, 1.0000000, 0.32916173, 0.90735853, 3.0807040, 9.5000544, 9.7258186, 9.8257780, 9.9114380, 19.982552, 19.982695, 19.923998, 19.871300, 0.25907359, 0.28080705, 0.34500054, 0.34725818, 0.34825778, 0.34911439, 0.34991276, 0.34991348, 0.34961998, 0.34935650, 0.32916173
0.15789247, 0.94063610, 0.28221905, 0.56039691, 2.5088847, 8.6790047, 9.6951160, 9.8072357, 9.9026928, 19.980240, 19.974573, 19.911520, 19.867834, 0.25560397, 0.27508885, 0.33679006, 0.34695116, 0.34807235, 0.34902692, 0.34990120, 0.34987286, 0.34955761, 0.34933919, 0.28221905
0.15253583, 0.87594897, 0.26281098, 0.44988394, 2.3037672, 8.1560488, 9.7311106, 9.8259907, 9.9092541, 19.979052, 19.964928, 19.900690, 19.865347, 0.25449780, 0.27303445, 0.33155480, 0.34730977, 0.34825921, 0.34909230, 0.34989527, 0.34982464, 0.34950346, 0.34932673, 0.26281098
0.14723784, 0.81196994, 0.24361534, 0.33940077, 2.0963340, 7.6548219, 9.7423515, 9.8331060, 9.9123926, 19.976936, 19.953743, 19.891529, 19.863543, 0.25339401, 0.27096334, 0.32654822, 0.34742352, 0.34833106, 0.34912392, 0.34988469, 0.34976870, 0.34945765, 0.34931773, 0.24361534
0.13771945, 0.69702512, 0.20912845, 0.11115968, 1.7253697, 6.8697248, 9.6994390, 9.8092775, 9.9025307, 19.972265, 19.941343, 19.883949, 19.862225, 0.25111160, 0.26725370, 0.31869724, 0.34699440, 0.34809276, 0.34902531, 0.34986132, 0.34970671, 0.34941974, 0.34931111, 0.20912845
0.14591762, 0.79602700, 0.23883200, 0.98862350, 1.5293181, 6.3125753, 9.7176714, 9.8180294, 9.9051037, 19.967539, 19.929153, 19.877977, 19.861296, 0.25988623, 0.26529318, 0.31312576, 0.34717673, 0.34818029, 0.34905103, 0.34983769, 0.34964576, 0.34938988, 0.34930646, 0.23883200
0.14181013, 0.74642444, 0.22394973, 0.86332858, 1.4231026, 5.9443288, 9.7535505, 9.8379860, 9.9126167, 19.961643, 19.917517, 19.873306, 19.860662, 0.25862899, 0.26422676, 0.30943441, 0.34753257, 0.34837839, 0.34912565, 0.34980822, 0.34958759, 0.34936655, 0.34930331, 0.22394973
0.13775697, 0.69747829, 0.20926441, 0.73137581, 1.3139307, 5.6170092, 9.7670116, 9.8469286, 9.9162769, 19.953878, 19.906796, 19.869686, 19.860172, 0.25731316, 0.26313868, 0.30616876, 0.34766963, 0.34846905, 0.34916267, 0.34976938, 0.34953398, 0.34934843, 0.34930086, 0.20926441
0.21659990, 1.0000000, 0.49492714, 2.6592553, 5.7804489, 9.2876472, 9.8200417, 9.8765621, 9.9273252, 19.945299, 19.897451, 19.866982, 19.859858, 0.27659231, 0.30780420, 0.34287623, 0.34820035, 0.34876558, 0.34927326, 0.34972650, 0.34948725, 0.34933490, 0.34929928, 0.49492714
0.23755252, 1.0000000, 0.57084244, 2.8178902, 7.8946085, 9.5954056, 9.8038807, 9.8699331, 9.9240246, 19.934402, 19.889128, 19.864843, 19.859587, 0.27817890, 0.32894608, 0.34595406, 0.34803879, 0.34869933, 0.34924024, 0.34967202, 0.34944564, 0.34932423, 0.34929794, 0.57084244
0.23110920, 1.0000000, 0.54749709, 2.6498704, 7.3512669, 9.6822701, 9.8191900, 9.8782530, 9.9256096, 19.924141, 19.882456, 19.863297, 19.859434, 0.27649817, 0.32351178, 0.34682211, 0.34819180, 0.34878248, 0.34925607, 0.34962070, 0.34941226, 0.34931648, 0.34929717, 0.54749709
0.22821932, 1.0000000, 0.53702646, 2.1389155, 7.8471746, 9.6931334, 9.8271999, 9.8827286, 9.9253473, 19.914362, 19.877125, 19.862165, 19.859346, 0.27138916, 0.32847175, 0.34693134, 0.34827200, 0.34882730, 0.34925348, 0.34957182, 0.34938562, 0.34931082, 0.34929675, 0.53702646
0.23326673, 1.0000000, 0.55531418, 2.6701899, 7.5431881, 9.7446346, 9.8459454, 9.8923635, 9.9262505, 19.905333, 19.872932, 19.861341, 19.859346, 0.27670190, 0.32543188, 0.34744635, 0.34845945, 0.34892362, 0.34926251, 0.34952667, 0.34936467, 0.34930670, 0.34929675, 0.55531418
0.22252455, 1.0000000, 0.51639324, 2.3557186, 6.8240714, 9.6447477, 9.8172054, 9.8766232, 9.9171572, 19.896309, 19.869434, 19.860689, 19.859299, 0.27355626, 0.31823912, 0.34644634, 0.34817183, 0.34876612, 0.34917155, 0.34948155, 0.34934717, 0.34930345, 0.34929651, 0.51639324
0.21126768, 1.0000000, 0.47560748, 1.6898096, 6.6236057, 9.5583344, 9.7699594, 9.8485823, 9.9021463, 19.886948, 19.866358, 19.860123, 19.859222, 0.26689810, 0.31623605, 0.34558335, 0.34769958, 0.34848583, 0.34902146, 0.34943473, 0.34933180, 0.34930062, 0.34929612, 0.47560748
0.20269048, 1.0000000, 0.44453073, 1.5071005, 5.8621936, 9.6206131, 9.7829895, 9.8519354, 9.8998070, 19.880716, 19.864401, 19.859793, 19.859211, 0.26506594, 0.30861011, 0.34619641, 0.34782791, 0.34851837, 0.34899774, 0.34940359, 0.34932202, 0.34929895, 0.34929606, 0.44453073
0.20670360, 1.0000000, 0.45907104, 1.8999219, 5.6207085, 9.7475271, 9.8263054, 9.8730259, 9.9045515, 19.876154, 19.863070, 19.859629, 19.859211, 0.26899922, 0.30620709, 0.34747526, 0.34826306, 0.34873027, 0.34904552, 0.34938076, 0.34931535, 0.34929815, 0.34929606, 0.45907104
0.19696456, 1.0000000, 0.42378464, 1.6396672, 4.9384427, 9.6345167, 9.7985201, 9.8576117, 9.8965502, 19.871653, 19.861866, 19.859489, 19.859194, 0.26639667, 0.29938442, 0.34634516, 0.34798521, 0.34857613, 0.34896550, 0.34935826, 0.34930933, 0.34929746, 0.34929597, 0.42378464
0.20022619, 1.0000000, 0.43560213, 2.5694132, 3.8428268, 9.5284023, 9.7461405, 9.8272982, 9.8824091, 19.866503, 19.860567, 19.859295, 19.859133, 0.27569413, 0.28842828, 0.34528401, 0.34746140, 0.34827298, 0.34882408, 0.34933251, 0.34930283, 0.34929648, 0.34929568, 0.43560213
0.18468994, 1.0000000, 0.37931132, 2.0427318, 2.9544325, 9.3197708, 9.7253561, 9.8128014, 9.8749504, 19.863213, 19.859781, 19.859182, 19.859098, 0.27041835, 0.27953655, 0.34318542, 0.34725100, 0.34812674, 0.34874907, 0.34931606, 0.34929889, 0.34929591, 0.34929550, 0.37931132
0.17526667, 1.0000000, 0.34516907, 1.6932219, 2.6791067, 8.7551060, 9.7312040, 9.8137712, 9.8737345, 19.861065, 19.859299, 19.859087, 19.859070, 0.26692805, 0.27678710, 0.33754459, 0.34731060, 0.34813699, 0.34873712, 0.34930533, 0.34929651, 0.34929544, 0.34929535, 0.34516907
0.17087877, 1.0000000, 0.32927084, 1.5519023, 2.5528252, 8.4088345, 9.7623091, 9.8298674, 9.8790188, 19.860298, 19.859205, 19.859070, 19.859070, 0.26551780, 0.27552706, 0.33408636, 0.34762263, 0.34829843, 0.34879011, 0.34930149, 0.34929603, 0.34929535, 0.34929535, 0.32927084
0.22606762, 1.0000000, 0.52923048, 2.9118478, 6.4124589, 9.4783764, 9.7923670, 9.8462191, 9.8844843, 19.859760, 19.859152, 19.859058, 19.859070, 0.27911848, 0.31412458, 0.34478375, 0.34792367, 0.34846219, 0.34884483, 0.34929880, 0.34929577, 0.34929529, 0.34929535, 0.52923048
0.32703659, 1.0000000, 0.89506006, 8.3507290, 9.4137688, 9.7256269, 9.8276005, 9.8652039, 9.8908739, 19.859612, 19.859152, 19.859058, 19.859070, 0.33350730, 0.34413770, 0.34725627, 0.34827602, 0.34865203, 0.34890872, 0.34929806, 0.34929577, 0.34929529, 0.34929535, 0.89506006
0.33320159, 1.0000000, 0.91739714, 8.6256275, 9.6703329, 9.7805948, 9.8457050, 9.8751278, 9.8939943, 19.859489, 19.859133, 19.859058, 19.859070, 0.33625627, 0.34670332, 0.34780595, 0.34845704, 0.34875128, 0.34893996, 0.34929746, 0.34929568, 0.34929529, 0.34929535, 0.91739714
0.34486908, 1.0000000, 0.95967060, 9.5471020, 9.5754824, 9.7201214, 9.8332090, 9.8690577, 9.8915806, 19.859116, 19.859034, 19.859034, 19.859070, 0.34547102, 0.34575483, 0.34720123, 0.34833211, 0.34869057, 0.34891582, 0.34929559, 0.34929517, 0.34929517, 0.34929535, 0.95967060
0.31547099, 1.0000000, 0.85315573, 7.5576415, 9.4016352, 9.6101570, 9.7878370, 9.8450699, 9.8821259, 19.857300, 19.858566, 19.858898, 19.859034, 0.32557642, 0.34401634, 0.34610158, 0.34787837, 0.34845069, 0.34882125, 0.34928650, 0.34929281, 0.34929448, 0.34929517, 0.85315573
0.28803235, 1.0000000, 0.75374043, 5.5915780, 9.3788033, 9.5875263, 9.7658825, 9.8322697, 9.8769894, 19.856060, 19.858194, 19.858805, 19.859005, 0.30591577, 0.34378803, 0.34587526, 0.34765881, 0.34832269, 0.34876990, 0.34928030, 0.34929097, 0.34929401, 0.34929502, 0.75374043
0.26872933, 1.0000000, 0.68380183, 4.1655154, 9.4137068, 9.6075325, 9.7706385, 9.8340178, 9.8777866, 19.856049, 19.858183, 19.858805, 19.858986, 0.29165515, 0.34413707, 0.34607533, 0.34770638, 0.34834018, 0.34877786, 0.34928024, 0.34929091, 0.34929401, 0.34929493, 0.68380183
0.25071752, 1.0000000, 0.61854166, 2.9885082, 9.2070503, 9.5941124, 9.7683163, 9.8327627, 9.8776712, 19.856297, 19.858219, 19.858805, 19.858980, 0.27988508, 0.34207052, 0.34594113, 0.34768316, 0.34832764, 0.34877670, 0.34928149, 0.34929109, 0.34929401, 0.34929490, 0.61854166
0.25564390, 1.0000000, 0.63639092, 3.1964083, 9.4296131, 9.6418314, 9.7841425, 9.8411188, 9.8807335, 19.856514, 19.858267, 19.858805, 19.858974, 0.28196409, 0.34429613, 0.34641832, 0.34784144, 0.34841120, 0.34880733, 0.34928256, 0.34929132, 0.34929401, 0.34929487, 0.63639092
0.24030049, 1.0000000, 0.58079886, 2.5967627, 8.6003790, 9.5969849, 9.7687111, 9.8330803, 9.8775940, 19.856020, 19.858166, 19.858757, 19.858955, 0.27596763, 0.33600378, 0.34596986, 0.34768713, 0.34833080, 0.34877592, 0.34928009, 0.34929082, 0.34929377, 0.34929478, 0.58079886
0.35600001, 1.0000000, 1.0000000, 9.9999990, 9.9999990, 9.9999990, 9.9999990, 9.9999990, 9.9999990, 19.999998, 19.999998, 19.999998, 19.998999, 0.34999999, 0.34999999, 0.34999999, 0.34999999, 0.34999999, 0.34999999, 0.34999999, 0.34999999, 0.34999999, 0.34999499, 1.0000000
0.35599995, 1.0000000, 0.99999976, 9.9999962, 9.9999990, 9.9999990, 9.9999962, 9.9999990, 9.9999962, 19.999998, 19.999998, 19.999992, 19.997820, 0.34999996, 0.34999999, 0.34999999, 0.34999996, 0.34999999, 0.34999996, 0.34999999, 0.34999999, 0.34999996, 0.34998912, 0.99999976
0.35600001, 1.0000000, 1.0000000, 9.9999990, 9.9999990, 9.9999990, 9.9999990, 9.9999990, 9.9999990, 19.999998, 19.999998, 19.999996, 19.993994, 0.34999999, 0.34999999, 0.34999999, 0.34999999, 0.34999999, 0.34999999, 0.34999999, 0.34999999, 0.34999996, 0.34996998, 1.0000000
0.35600001, 1.0000000, 1.0000000, 9.9999990, 9.9999990, 9.9999990, 9.9999990, 9.9999990, 9.9999990, 19.999998, 19.999998, 19.999998, 19.996996, 0.34999999, 0.34999999, 0.34999999, 0.34999999, 0.34999999, 0.34999999, 0.34999999, 0.34999999, 0.34999999, 0.34998497, 1.0000000
0.35151958, 1.0000000, 0.98376656, 9.7652149, 9.8825645, 9.9389744, 9.9855070, 9.9926996, 9.9973154, 19.999748, 19.999939, 19.999857, 19.980116, 0.34765214, 0.34882563, 0.34938973, 0.34985507, 0.34992701, 0.34997314, 0.34999874, 0.34999970, 0.34999928, 0.34990057, 0.98376656
0.35600001, 1.0000000, 0.99999994, 9.9999990, 9.9999990, 9.9999962, 9.9999990, 9.9999990, 9.9999962, 19.999998, 19.999998, 19.999676, 19.964258, 0.34999999, 0.34999999, 0.34999996, 0.34999999, 0.34999999, 0.34999996, 0.34999999, 0.34999999, 0.34999838, 0.34982130, 0.99999994
0.35600001, 1.0000000, 1.0000000, 9.9999990, 9.9999990, 9.9999990, 9.9999990, 9.9999990, 9.9999990, 19.999998, 19.999998, 19.999998, 19.998999, 0.34999999, 0.34999999, 0.34999999, 0.34999999, 0.34999999, 0.34999999, 0.34999999, 0.34999999, 0.34999999, 0.34999499, 1.0000000
0.35600001, 1.0000000, 1.0000000, 9.9999990, 9.9999990, 9.9999990, 9.9999990, 9.9999990, 9.9999990, 19.999998, 19.999998, 19.999998, 19.998993, 0.34999999, 0.34999999, 0.34999999, 0.34999999, 0.34999999, 0.34999999, 0.34999999, 0.34999999, 0.34999999, 0.34999496, 1.0000000
0.35600001, 1.0000000, 0.99999994, 9.9999990, 9.9999990, 9.9999962, 9.9999990, 9.9999990, 9.9999990, 19.999998, 19.999998, 19.999998, 19.997997, 0.34999999, 0.34999999, 0.34999996, 0.34999999, 0.34999999, 0.34999999, 0.34999999, 0.34999999, 0.34999999, 0.34998998, 0.99999994
0.35600001, 1.0000000, 1.0000000, 9.9999990, 9.9999990, 9.9999990, 9.9999990, 9.9999990, 9.9999990, 19.999998, 19.999998, 19.999998, 19.998999, 0.34999999, 0.34999999, 0.34999999, 0.34999999, 0.34999999, 0.34999999, 0.34999999, 0.34999999, 0.34999999, 0.34999499, 1.0000000
0.35600001, 1.0000000, 0.99999994, 9.9999990, 9.9999990, 9.9999962, 9.9999990, 9.9999990, 9.9999962, 19.999998, 19.999998, 19.999998, 19.997520, 0.34999999, 0.34999999, 0.34999996, 0.34999999, 0.34999999, 0.34999996, 0.34999999, 0.34999999, 0.34999999, 0.34998760, 0.99999994
0.34373063, 1.0000000, 0.95554572, 9.3202629, 9.7299757, 9.8527222, 9.9629450, 9.9811649, 9.9931793, 19.999498, 19.999868, 19.999668, 19.973814, 0.34320062, 0.34729850, 0.34852660, 0.34962934, 0.34981158, 0.34993175, 0.34999749, 0.34999934, 0.34999835, 0.34986907, 0.95554572
0.31080815, 1.0000000, 0.83626133, 7.1981192, 9.4079819, 9.6411572, 9.8713579, 9.9318371, 9.9731598, 19.996626, 19.999117, 19.997782, 19.951502, 0.32198119, 0.34407982, 0.34641159, 0.34871358, 0.34931839, 0.34973159, 0.34998313, 0.34999558, 0.34998891, 0.34975749, 0.83626133
0.27851155, 1.0000000, 0.71924472, 4.9225268, 9.3390341, 9.5809755, 9.8116531, 9.8944511, 9.9559755, 19.994118, 19.998459, 19.993502, 19.931620, 0.29922292, 0.34338766, 0.34580839, 0.34811625, 0.34894437, 0.34955969, 0.34997058, 0.34999231, 0.34996751, 0.34965810, 0.71924472
0.28932747, 1.0000000, 0.75843281, 5.6391945, 9.4278679, 9.6273117, 9.8088026, 9.8868952, 9.9497633, 19.993044, 19.998070, 19.986437, 19.914799, 0.30639145, 0.34427819, 0.34627286, 0.34808797, 0.34886894, 0.34949762, 0.34996521, 0.34999034, 0.34993219, 0.34957400, 0.75843281
0.25911850, 1.0000000, 0.64897996, 3.5705855, 9.2833614, 9.5311604, 9.7552643, 9.8530321, 9.9315968, 19.988840, 19.996532, 19.976366, 19.901020, 0.28570324, 0.34282950, 0.34530950, 0.34755224, 0.34853011, 0.34931591, 0.34994420, 0.34998268, 0.34988183, 0.34950510, 0.64897996
0.23283182, 1.0000000, 0.55373847, 2.4318755, 8.0206013, 9.5144444, 9.7322474, 9.8347740, 9.9196243, 19.985458, 19.994568, 19.964100, 19.890169, 0.27431104, 0.33019072, 0.34513536, 0.34732062, 0.34834680, 0.34919593, 0.34992731, 0.34997284, 0.34982049, 0.34945086, 0.55373847
0.21873242, 1.0000000, 0.50265366, 2.0573378, 6.9197140, 9.5536880, 9.7489815, 9.8409901, 9.9195147, 19.984100, 19.992014, 19.950567, 19.881880, 0.27056748, 0.31918523, 0.34552866, 0.34748814, 0.34840906, 0.34919485, 0.34992051, 0.34996006, 0.34975284, 0.34940940, 0.50265366
0.19349889, 1.0000000, 0.41122785, 1.3716072, 5.0715423, 9.4509430, 9.6980991, 9.8107681, 9.9051695, 19.980860, 19.987404, 19.936502, 19.875612, 0.26371434, 0.30071154, 0.34450582, 0.34698024, 0.34810731, 0.34905156, 0.34990430, 0.34993702, 0.34968251, 0.34937805, 0.41122785
0.17253110, 1.0000000, 0.33525759, 0.86688697, 3.3870099, 9.4410458, 9.6815977, 9.7980938, 9.8973360, 19.978090, 19.980989, 19.922937, 19.870970, 0.25866866, 0.28386965, 0.34440982, 0.34681585, 0.34798089, 0.34897333, 0.34989044, 0.34990495, 0.34961468, 0.34935486, 0.33525759
0.16067383, 0.97422421, 0.29229650, 0.59046745, 2.6997149, 8.8703127, 9.6920223, 9.8022213, 9.8977118, 19.976448, 19.972889, 19.910606, 19.867624, 0.25590461, 0.27699697, 0.33870283, 0.34692016, 0.34802219, 0.34897712, 0.34988225, 0.34986445, 0.34955305, 0.34933811, 0.29229650
0.15455100, 0.90028429, 0.27011231, 0.46043396, 2.4588645, 8.2978668, 9.7256813, 9.8209105, 9.9050426, 19.975208, 19.963142, 19.899900, 19.865171, 0.25460416, 0.27458805, 0.33297765, 0.34725657, 0.34820899, 0.34905040, 0.34987605, 0.34981573, 0.34949949, 0.34932587, 0.27011231
0.14432240, 0.77676290, 0.23305218, 0.21569431, 2.0497084, 7.4693933, 9.6934071, 9.8038893, 9.8984737, 19.971804, 19.951639, 19.890791, 19.863396, 0.25215694, 0.27049708, 0.32469392, 0.34693408, 0.34803888, 0.34898475, 0.34985903, 0.34975821, 0.34945396, 0.34931698, 0.23305218
0.13415313, 0.65395784, 0.19620697, 0.0000000, 1.6326785, 6.5739107, 9.6645308, 9.7862463, 9.8899622, 19.966492, 19.939131, 19.883301, 19.862095, 0.24999885, 0.26632679, 0.31573910, 0.34664530, 0.34786245, 0.34889963, 0.34983248, 0.34969565, 0.34941649, 0.34931046, 0.19620697
0.12925263, 0.59477895, 0.17845154, 0.0000000, 1.3888538, 5.8736672, 9.6811466, 9.7941999, 9.8922968, 19.961679, 19.927040, 19.877432, 19.861202, 0.24999885, 0.26388854, 0.30873668, 0.34681147, 0.34794199, 0.34892297, 0.34980839, 0.34963518, 0.34938717, 0.34930602, 0.17845154
0.35599601, 1.0000000, 0.99998558, 9.9998446, 9.9999065, 9.9999514, 9.9999905, 9.9999933, 9.9999962, 19.999998, 19.999998, 19.999998, 19.994993, 0.34999800, 0.34999880, 0.34999940, 0.34999987, 0.34999993, 0.34999996, 0.34999999, 0.34999999, 0.34999999, 0.34997496, 0.99998558
0.35600001, 1.0000000, 1.0000000, 9.9999990, 9.9999990, 9.9999990, 9.9999990, 9.9999990, 9.9999990, 19.999998, 19.999998, 19.999998, 19.997997, 0.34999999, 0.34999999, 0.34999999, 0.34999999, 0.34999999, 0.34999999, 0.34999999, 0.34999999, 0.34999999, 0.34998998, 1.0000000
0.35579479, 1.0000000, 0.99925637, 9.9901428, 9.9941196, 9.9970503, 9.9994097, 9.9997044, 9.9999037, 19.999998, 19.999998, 19.999989, 19.991005, 0.34989759, 0.34993887, 0.34996936, 0.34999385, 0.34999692, 0.34999901, 0.34999999, 0.34999999, 0.34999993, 0.34995502, 0.99925637
0.33824265, 1.0000000, 0.93566173, 8.9917850, 9.6427040, 9.8005219, 9.9452400, 9.9719839, 9.9894905, 19.998896, 19.999706, 19.999371, 19.967550, 0.33991718, 0.34642661, 0.34800503, 0.34945238, 0.34971979, 0.34989491, 0.34999448, 0.34999853, 0.34999686, 0.34983775, 0.93566173
0.31273833, 1.0000000, 0.84325480, 7.3253741, 9.4243984, 9.6503592, 9.8716240, 9.9315748, 9.9729195, 19.996565, 19.999100, 19.996948, 19.945837, 0.32325375, 0.34424397, 0.34650359, 0.34871623, 0.34931576, 0.34972918, 0.34998283, 0.34999549, 0.34998474, 0.34972918, 0.84325480
0.27381489, 1.0000000, 0.70222783, 4.6322818, 9.2776680, 9.5411701, 9.7933712, 9.8839312, 9.9514818, 19.993509, 19.998297, 19.991896, 19.926739, 0.29632118, 0.34277472, 0.34541070, 0.34793350, 0.34883919, 0.34951478, 0.34996754, 0.34999150, 0.34995949, 0.34963369, 0.70222783
0.23907192, 1.0000000, 0.57634747, 2.7589827, 8.2392988, 9.4867773, 9.7369261, 9.8446751, 9.9306431, 19.989931, 19.997192, 19.983881, 19.910709, 0.27758771, 0.33238918, 0.34486559, 0.34736881, 0.34844652, 0.34930634, 0.34994966, 0.34998596, 0.34991941, 0.34955356, 0.57634747
0.21485819, 1.0000000, 0.48861662, 2.0639718, 6.4845657, 9.4695292, 9.7139330, 9.8250351, 9.9174347, 19.987204, 19.995905, 19.973188, 19.897768, 0.27063972, 0.31484565, 0.34469530, 0.34713933, 0.34825036, 0.34917435, 0.34993601, 0.34997952, 0.34986594, 0.34948885, 0.48861662
0.19246708, 1.0000000, 0.40748939, 1.4575630, 4.7991910, 9.4583073, 9.6976709, 9.8111143, 9.9072018, 19.984350, 19.993845, 19.960472, 19.887676, 0.26457545, 0.29799157, 0.34458274, 0.34697664, 0.34811112, 0.34907201, 0.34992176, 0.34996921, 0.34980237, 0.34943837, 0.40748939
0.17500289, 1.0000000, 0.34421337, 1.0456711, 3.3755612, 9.4619474, 9.6973467, 9.8080740, 9.9032469, 19.982630, 19.990833, 19.946730, 19.880001, 0.26045525, 0.28375277, 0.34461552, 0.34697267, 0.34808034, 0.34903231, 0.34991315, 0.34995416, 0.34973365, 0.34940001, 0.34421337
0.16176370, 0.98738557, 0.29624531, 0.70329905, 2.6598840, 8.8379478, 9.6900120, 9.8026114, 9.8995132, 19.981010, 19.986162, 19.932806, 19.874254, 0.25703248, 0.27659768, 0.33837754, 0.34689969, 0.34802589, 0.34899509, 0.34990504, 0.34993082, 0.34966403, 0.34937125, 0.29624531
0.14853469, 0.82763070, 0.24831404, 0.36692917, 2.1480203, 7.7954116, 9.6627016, 9.7854786, 9.8911076, 19.978775, 19.979380, 19.919535, 19.869999, 0.25366867, 0.27147800, 0.32795012, 0.34662604, 0.34785429, 0.34891090, 0.34989387, 0.34989691, 0.34959766, 0.34935001, 0.24831404
0.13601631, 0.67645782, 0.20295765, 0.79795718E-1, 1.6625166, 6.7056432, 9.6382151, 9.7692347, 9.8824530, 19.975924, 19.970459, 19.907526, 19.866882, 0.25079793, 0.26662487, 0.31705582, 0.34638196, 0.34769225, 0.34882450, 0.34987962, 0.34985229, 0.34953764, 0.34933442, 0.20295765
0.12705067, 0.56818783, 0.17047340, 0.0000000, 1.2458861, 5.6448269, 9.6215219, 9.7575541, 9.8756971, 19.972527, 19.959757, 19.897142, 19.864613, 0.24997738, 0.26245672, 0.30644342, 0.34621355, 0.34757471, 0.34875667, 0.34986264, 0.34979880, 0.34948570, 0.34932306, 0.17047340
0.12189798, 0.50596362, 0.15180427, 0.0000000, 1.0206699, 4.8437428, 9.6443453, 9.7698793, 9.8803587, 19.970293, 19.948338, 19.888615, 19.863014, 0.24997738, 0.26020670, 0.29843742, 0.34644344, 0.34769881, 0.34880358, 0.34985146, 0.34974170, 0.34944308, 0.34931508, 0.15180427
0.11757566, 0.45376700, 0.13614371, 0.0000000, 0.83891749, 4.1605539, 9.6547556, 9.7767849, 9.8836269, 19.966791, 19.936293, 19.881681, 19.861885, 0.24997738, 0.25838870, 0.29160437, 0.34654701, 0.34776759, 0.34883618, 0.34983397, 0.34968147, 0.34940842, 0.34930941, 0.13614371
0.11397082, 0.41023451, 0.12308266, 0.0000000, 0.69841743, 3.5680597, 9.6638870, 9.7828560, 9.8865929, 19.962004, 19.924381, 19.876205, 19.861055, 0.24997738, 0.25698417, 0.28568059, 0.34663886, 0.34782857, 0.34886593, 0.34981000, 0.34962189, 0.34938103, 0.34930527, 0.12308266
0.11075111, 0.37135303, 0.11141706, 0.0000000, 0.58719516, 3.0124948, 9.6674271, 9.7852354, 9.8878384, 19.956015, 19.913197, 19.871975, 19.860474, 0.24997738, 0.25587058, 0.28012142, 0.34667200, 0.34785119, 0.34887800, 0.34978008, 0.34956598, 0.34935987, 0.34930235, 0.11141706
0.35593289, 1.0000000, 0.99975669, 9.9973230, 9.9983959, 9.9991951, 9.9998388, 9.9999161, 9.9999723, 19.999998, 19.999998, 19.999990, 19.992998, 0.34996653, 0.34997994, 0.34998995, 0.34999800, 0.34999895, 0.34999967, 0.34999999, 0.34999999, 0.34999996, 0.34996498, 0.99975669
0.35600001, 1.0000000, 1.0000000, 9.9999990, 9.9999990, 9.9999990, 9.9999990, 9.9999990, 9.9999990, 19.999998, 19.999998, 19.999998, 19.996996, 0.34999999, 0.34999999, 0.34999999, 0.34999999, 0.34999999, 0.34999999, 0.34999999, 0.34999999, 0.34999999, 0.34998497, 1.0000000
0.35600001, 1.0000000, 1.0000000, 9.9999990, 9.9999990, 9.9999990, 9.9999990, 9.9999990, 9.9999990, 19.999998, 19.999998, 19.999998, 19.997997, 0.34999999, 0.34999999, 0.34999999, 0.34999999, 0.34999999, 0.34999999, 0.34999999, 0.34999999, 0.34999999, 0.34998998, 1.0000000
0.35385972, 1.0000000, 0.99224526, 9.8916807, 9.9390678, 9.9691439, 9.9937048, 9.9968386, 9.9989471, 19.999998, 19.999998, 19.999989, 19.991005, 0.34891352, 0.34938872, 0.34969047, 0.34993684, 0.34996828, 0.34998944, 0.34999999, 0.34999999, 0.34999993, 0.34995502, 0.99224526
0.33624303, 1.0000000, 0.92841667, 8.8761501, 9.6051397, 9.7790518, 9.9412479, 9.9699688, 9.9890442, 19.999170, 19.999784, 19.999840, 19.982075, 0.33876097, 0.34605104, 0.34779033, 0.34941244, 0.34969965, 0.34989044, 0.34999585, 0.34999892, 0.34999919, 0.34991038, 0.92841667
0.30551434, 1.0000000, 0.81708097, 6.8199148, 9.4028864, 9.6349325, 9.8654671, 9.9280939, 9.9721346, 19.997215, 19.999271, 19.998650, 19.959152, 0.31819916, 0.34402886, 0.34634933, 0.34865469, 0.34928095, 0.34972134, 0.34998608, 0.34999636, 0.34999326, 0.34979576, 0.81708097
0.34153324, 1.0000000, 0.94758427, 9.4706697, 9.3623056, 9.5944090, 9.8164558, 9.8965082, 9.9575891, 19.995672, 19.998857, 19.995388, 19.938347, 0.34470567, 0.34362242, 0.34594378, 0.34816450, 0.34896505, 0.34957588, 0.34997836, 0.34999430, 0.34997696, 0.34969175, 0.94758427
0.35600001, 1.0000000, 1.0000000, 9.9999990, 9.9999990, 9.9999990, 9.9999990, 9.9999990, 9.9999990, 19.999998, 19.999998, 19.999998, 19.998999, 0.34999999, 0.34999999, 0.34999999, 0.34999999, 0.34999999, 0.34999999, 0.34999999, 0.34999999, 0.34999999, 0.34999499, 1.0000000
0.35358238, 1.0000000, 0.99124050, 9.9894009, 9.8330221, 9.7989521, 9.9469767, 9.9729195, 9.9901533, 19.999283, 19.999821, 19.999861, 19.983057, 0.34989402, 0.34833023, 0.34798953, 0.34946978, 0.34972918, 0.34990153, 0.34999642, 0.34999910, 0.34999931, 0.34991530, 0.99124050
0.33406079, 1.0000000, 0.92050993, 8.8861713, 9.4093399, 9.6292210, 9.8674049, 9.9294729, 9.9729614, 19.997501, 19.999350, 19.998749, 19.960066, 0.33886170, 0.34409338, 0.34629220, 0.34867406, 0.34929472, 0.34972960, 0.34998751, 0.34999675, 0.34999374, 0.34980032, 0.92050993
0.35590351, 1.0000000, 0.99965042, 9.9992189, 9.9994583, 9.9886389, 9.9909382, 9.9483128, 9.9615002, 19.996256, 19.999022, 19.995617, 19.939171, 0.34999219, 0.34999460, 0.34988639, 0.34990937, 0.34948313, 0.34961501, 0.34998128, 0.34999511, 0.34997809, 0.34969586, 0.99965042
0.35600001, 1.0000000, 1.0000000, 9.9999990, 9.9999990, 9.9999990, 9.9999990, 9.9999990, 9.9999990, 19.999998, 19.999998, 19.999998, 19.998999, 0.34999999, 0.34999999, 0.34999999, 0.34999999, 0.34999999, 0.34999999, 0.34999999, 0.34999999, 0.34999999, 0.34999499, 1.0000000
0.35600001, 1.0000000, 1.0000000, 9.9999990, 9.9999990, 9.9999990, 9.9999990, 9.9999990, 9.9999990, 19.999998, 19.999998, 19.999998, 19.997997, 0.34999999, 0.34999999, 0.34999999, 0.34999999, 0.34999999, 0.34999999, 0.34999999, 0.34999999, 0.34999999, 0.34998998, 1.0000000
0.33813131, 1.0000000, 0.93525833, 8.9942932, 9.6282263, 9.7939606, 9.9471455, 9.9730701, 9.9903173, 19.999392, 19.999838, 19.999695, 19.974264, 0.33994174, 0.34628150, 0.34793922, 0.34947136, 0.34973067, 0.34990317, 0.34999695, 0.34999919, 0.34999847, 0.34987134, 0.93525833
0.32439727, 1.0000000, 0.88549733, 8.0802584, 9.5327311, 9.7228813, 9.9122143, 9.9539003, 9.9833374, 19.999361, 19.999832, 19.998035, 19.951960, 0.33080259, 0.34532732, 0.34722883, 0.34912214, 0.34953901, 0.34983337, 0.34999681, 0.34999916, 0.34999019, 0.34975979, 0.88549733
0.30532661, 1.0000000, 0.81640071, 6.7857471, 9.4307928, 9.6490679, 9.8607044, 9.9240704, 9.9705257, 19.997805, 19.999418, 19.993898, 19.932039, 0.31785747, 0.34430793, 0.34649068, 0.34860703, 0.34924072, 0.34970525, 0.34998903, 0.34999710, 0.34996951, 0.34966019, 0.81640071
0.28848517, 1.0000000, 0.75538105, 5.6162090, 9.3752184, 9.6027317, 9.8169098, 9.8958712, 9.9569063, 19.996017, 19.998859, 19.986891, 19.915131, 0.30616209, 0.34375218, 0.34602731, 0.34816909, 0.34895870, 0.34956905, 0.34998009, 0.34999430, 0.34993446, 0.34957564, 0.75538105
0.30152267, 1.0000000, 0.80261827, 6.5410967, 9.4026012, 9.6163597, 9.8107786, 9.8879585, 9.9511166, 19.995478, 19.998323, 19.977118, 19.901335, 0.31541097, 0.34402603, 0.34616360, 0.34810778, 0.34887958, 0.34951118, 0.34997737, 0.34999162, 0.34988558, 0.34950668, 0.80261827
0.27525258, 1.0000000, 0.70743692, 4.6683421, 9.3685598, 9.5912018, 9.7935419, 9.8752537, 9.9434700, 19.994600, 19.997133, 19.965040, 19.890459, 0.29667610, 0.34367675, 0.34590748, 0.34793448, 0.34875205, 0.34943455, 0.34997299, 0.34998566, 0.34982520, 0.34945229, 0.70743692
0.35514009, 1.0000000, 0.99688435, 9.9568920, 9.9746790, 9.9872856, 9.9974346, 9.9987183, 9.9995728, 19.999998, 19.999998, 19.999990, 19.991999, 0.34956890, 0.34974679, 0.34987286, 0.34997433, 0.34998718, 0.34999573, 0.34999999, 0.34999999, 0.34999996, 0.34996000, 0.99688435
0.35569000, 1.0000000, 0.99887675, 9.9910526, 9.9942789, 9.9772339, 9.9577980, 9.9784803, 9.9920397, 19.999271, 19.999807, 19.999886, 19.984043, 0.34991053, 0.34994280, 0.34977233, 0.34957796, 0.34978479, 0.34992039, 0.34999636, 0.34999904, 0.34999943, 0.34992021, 0.99887675
0.35599995, 1.0000000, 0.99999976, 9.9999962, 9.9999990, 9.9999990, 9.9999990, 9.9999990, 9.9999990, 19.999998, 19.999998, 19.999998, 19.996996, 0.34999996, 0.34999999, 0.34999999, 0.34999999, 0.34999999, 0.34999999, 0.34999999, 0.34999999, 0.34999999, 0.34998497, 0.99999976
0.34946114, 1.0000000, 0.97630835, 9.6531811, 9.8343067, 9.9130135, 9.9804506, 9.9901495, 9.9965763, 19.999874, 19.999964, 19.999956, 19.987026, 0.34653181, 0.34834307, 0.34913012, 0.34980452, 0.34990150, 0.34996575, 0.34999937, 0.34999982, 0.34999979, 0.34993511, 0.97630835
0.35557425, 1.0000000, 0.99845743, 9.9787130, 9.9873877, 9.9936705, 9.9987268, 9.9993649, 9.9997883, 19.999998, 19.999998, 19.999989, 19.991005, 0.34978712, 0.34987387, 0.34993669, 0.34998727, 0.34999365, 0.34999788, 0.34999999, 0.34999999, 0.34999993, 0.34995502, 0.99845743
0.33693707, 1.0000000, 0.93093133, 8.9155960, 9.6190548, 9.7869024, 9.9420748, 9.9703598, 9.9889879, 19.998962, 19.999731, 19.999823, 19.981079, 0.33915597, 0.34619054, 0.34786904, 0.34942076, 0.34970361, 0.34988987, 0.34999481, 0.34999865, 0.34999913, 0.34990540, 0.93093133
0.33446008, 1.0000000, 0.92195666, 8.8907642, 9.4477882, 9.6332922, 9.8680782, 9.9297075, 9.9729433, 19.997412, 19.999325, 19.998598, 19.958233, 0.33890766, 0.34447789, 0.34633291, 0.34868079, 0.34929708, 0.34972942, 0.34998706, 0.34999663, 0.34999299, 0.34979117, 0.92195666
0.35599035, 1.0000000, 0.99996489, 9.9995165, 9.9997101, 9.9998531, 9.9999695, 9.9999847, 9.9999933, 19.999998, 19.999998, 19.999998, 19.994993, 0.34999517, 0.34999710, 0.34999853, 0.34999970, 0.34999985, 0.34999993, 0.34999999, 0.34999999, 0.34999999, 0.34997496, 0.99996489
0.35600001, 1.0000000, 1.0000000, 9.9999990, 9.9999990, 9.9999990, 9.9999990, 9.9999990, 9.9999990, 19.999998, 19.999998, 19.999998, 19.996996, 0.34999999, 0.34999999, 0.34999999, 0.34999999, 0.34999999, 0.34999999, 0.34999999, 0.34999999, 0.34999999, 0.34998497, 1.0000000
0.35600001, 1.0000000, 1.0000000, 9.9999990, 9.9999990, 9.9999990, 9.9999962, 9.9999962, 9.9999990, 19.999998, 19.999998, 19.999987, 19.987751, 0.34999999, 0.34999999, 0.34999999, 0.34999996, 0.34999996, 0.34999999, 0.34999999, 0.34999999, 0.34999993, 0.34993875, 1.0000000
0.35024101, 1.0000000, 0.97913408, 9.7428064, 9.7914762, 9.8895292, 9.9756651, 9.9877310, 9.9958735, 19.999981, 19.999998, 19.999855, 19.979134, 0.34742805, 0.34791476, 0.34889528, 0.34975666, 0.34987730, 0.34995872, 0.34999990, 0.34999999, 0.34999928, 0.34989566, 0.97913408
0.35600001, 1.0000000, 1.0000000, 9.9999990, 9.9999990, 9.9999990, 9.9999990, 9.9999990, 9.9999990, 19.999998, 19.999998, 19.999998, 19.994993, 0.34999999, 0.34999999, 0.34999999, 0.34999999, 0.34999999, 0.34999999, 0.34999999, 0.34999999, 0.34999999, 0.34997496, 1.0000000
0.32482624, 1.0000000, 0.88705152, 8.1769171, 9.4482927, 9.6765871, 9.8989496, 9.9474783, 9.9798880, 19.997704, 19.999397, 19.999454, 19.971352, 0.33176917, 0.34448293, 0.34676588, 0.34898949, 0.34947479, 0.34979889, 0.34998852, 0.34999698, 0.34999728, 0.34985676, 0.88705152
0.28159165, 1.0000000, 0.73040444, 5.1998739, 9.2699451, 9.5394039, 9.8023262, 9.8909941, 9.9554939, 19.994303, 19.998508, 19.997318, 19.949266, 0.30199873, 0.34269947, 0.34539405, 0.34802327, 0.34890994, 0.34955496, 0.34997150, 0.34999254, 0.34998658, 0.34974635, 0.73040444
0.23842977, 1.0000000, 0.57402086, 2.7375193, 8.2122393, 9.4586353, 9.7249298, 9.8390579, 9.9296303, 19.990566, 19.997511, 19.992689, 19.929688, 0.27737519, 0.33212239, 0.34458634, 0.34724930, 0.34839058, 0.34929630, 0.34995282, 0.34998757, 0.34996346, 0.34964845, 0.57402086
0.22272508, 1.0000000, 0.51711982, 2.3564279, 6.9121289, 9.5309925, 9.7466879, 9.8439913, 9.9271240, 19.990364, 19.997313, 19.985392, 19.913204, 0.27356428, 0.31912130, 0.34530991, 0.34746689, 0.34843990, 0.34927124, 0.34995180, 0.34998655, 0.34992695, 0.34956601, 0.51711982
0.33035421, 1.0000000, 0.90708053, 8.5735474, 9.4737282, 9.6685629, 9.7972050, 9.8693428, 9.9343119, 19.990269, 19.996836, 19.975332, 19.899817, 0.33573547, 0.34473729, 0.34668562, 0.34797204, 0.34869343, 0.34934312, 0.34995133, 0.34998417, 0.34987667, 0.34949908, 0.90708053
0.30126899, 1.0000000, 0.80169928, 6.5612721, 9.3611193, 9.5816002, 9.7754974, 9.8580523, 9.9288177, 19.988838, 19.995327, 19.963020, 19.889278, 0.31561273, 0.34361118, 0.34581602, 0.34775499, 0.34858054, 0.34928817, 0.34994417, 0.34997663, 0.34981510, 0.34944639, 0.80169928
0.34747022, 1.0000000, 0.96909499, 9.5458746, 9.7876129, 9.8878555, 9.9730520, 9.9803753, 9.9305315, 19.987982, 19.992830, 19.949427, 19.881220, 0.34545875, 0.34787613, 0.34887856, 0.34973052, 0.34980375, 0.34930533, 0.34993991, 0.34996414, 0.34974712, 0.34940609, 0.96909499
0.35595518, 1.0000000, 0.99983770, 9.9977703, 9.9986553, 9.9993315, 9.9998655, 9.9999313, 9.9999790, 19.999998, 19.999998, 19.999990, 19.992998, 0.34997770, 0.34998655, 0.34999332, 0.34999865, 0.34999931, 0.34999979, 0.34999999, 0.34999999, 0.34999996, 0.34996498, 0.99983770
0.32962066, 1.0000000, 0.90442270, 8.4584103, 9.5287743, 9.7294598, 9.9216919, 9.9596272, 9.9849033, 19.998562, 19.999630, 19.999430, 19.969439, 0.33458412, 0.34528774, 0.34729460, 0.34921691, 0.34959626, 0.34984905, 0.34999281, 0.34999815, 0.34999716, 0.34984720, 0.90442270
0.29745543, 1.0000000, 0.78788191, 6.2768040, 9.3534336, 9.6021643, 9.8482685, 9.9181414, 9.9681740, 19.996983, 19.999218, 19.997236, 19.947559, 0.31276804, 0.34353435, 0.34602165, 0.34848267, 0.34918141, 0.34968174, 0.34998491, 0.34999609, 0.34998620, 0.34973779, 0.78788191
0.26382709, 1.0000000, 0.66604006, 3.8980203, 9.2906866, 9.5487947, 9.7950239, 9.8835468, 9.9522552, 19.995667, 19.998877, 19.992548, 19.928253, 0.28898019, 0.34290686, 0.34548795, 0.34795025, 0.34883547, 0.34952256, 0.34997833, 0.34999439, 0.34996274, 0.34964126, 0.66604006
0.23993529, 1.0000000, 0.57947570, 2.7216048, 8.3763895, 9.5385981, 9.7671013, 9.8619595, 9.9394255, 19.993868, 19.998289, 19.984913, 19.911999, 0.27721283, 0.33375797, 0.34538260, 0.34767032, 0.34861922, 0.34939414, 0.34996933, 0.34999144, 0.34992456, 0.34955999, 0.57947570
0.21721265, 1.0000000, 0.49714726, 2.0877421, 6.7138090, 9.4947987, 9.7343693, 9.8386307, 9.9256420, 19.991699, 19.997227, 19.974487, 19.898802, 0.27087742, 0.31713808, 0.34494799, 0.34734368, 0.34838632, 0.34925643, 0.34995848, 0.34998614, 0.34987244, 0.34949401, 0.49714726
0.19637147, 1.0000000, 0.42163569, 1.5629411, 5.0837069, 9.4759159, 9.7152691, 9.8233919, 9.9154720, 19.989971, 19.995562, 19.961977, 19.888491, 0.26562941, 0.30083707, 0.34475917, 0.34715268, 0.34823391, 0.34915471, 0.34994987, 0.34997779, 0.34980989, 0.34944245, 0.42163569
0.17831172, 1.0000000, 0.35620186, 1.1476159, 3.6039925, 9.4621258, 9.7036991, 9.8139067, 9.9086113, 19.988504, 19.992811, 19.948275, 19.880625, 0.26147500, 0.28603774, 0.34461838, 0.34703639, 0.34813878, 0.34908602, 0.34994251, 0.34996405, 0.34974137, 0.34940311, 0.35620186
0.16690531, 1.0000000, 0.31487432, 0.87353587, 2.8854191, 9.0540743, 9.7143679, 9.8178225, 9.9079866, 19.987364, 19.988499, 19.934359, 19.874712, 0.25873536, 0.27885419, 0.34054074, 0.34714368, 0.34817821, 0.34907988, 0.34993681, 0.34994251, 0.34967178, 0.34937355, 0.31487432
0.15829137, 0.94545346, 0.28366441, 0.74418485, 2.4687080, 8.2434626, 9.6987267, 9.8086300, 9.9032249, 19.985647, 19.982058, 19.920998, 19.870354, 0.25744069, 0.27468479, 0.33243081, 0.34698638, 0.34808585, 0.34903210, 0.34992823, 0.34991029, 0.34960499, 0.34935176, 0.28366441
0.14774555, 0.81810123, 0.24545492, 0.48006475, 2.0684838, 7.3820767, 9.6831913, 9.7986326, 9.8982286, 19.983950, 19.973593, 19.908894, 19.867159, 0.25479913, 0.27068090, 0.32381374, 0.34683007, 0.34798542, 0.34898195, 0.34991974, 0.34986797, 0.34954447, 0.34933579, 0.24545492
0.13620085, 0.67868632, 0.20362626, 0.20993054, 1.6275495, 6.3826332, 9.6506538, 9.7783585, 9.8884668, 19.981060, 19.963116, 19.898336, 19.864813, 0.25209931, 0.26627550, 0.31382632, 0.34650654, 0.34778360, 0.34888467, 0.34990531, 0.34981558, 0.34949169, 0.34932405, 0.20362626
0.12695101, 0.56698447, 0.17011236, 0.56633353E-1, 1.2631118, 5.3952270, 9.6294451, 9.7643194, 9.8813171, 19.978062, 19.951456, 19.889524, 19.863144, 0.25056615, 0.26262870, 0.30394712, 0.34629261, 0.34764227, 0.34881285, 0.34989029, 0.34975728, 0.34944761, 0.34931570, 0.17011236
0.11886352, 0.46931931, 0.14080988, 0.0000000, 0.91682971, 4.3316755, 9.5939112, 9.7418995, 9.8705378, 19.973761, 19.939049, 19.882357, 19.861925, 0.24998643, 0.25916830, 0.29331675, 0.34593910, 0.34741899, 0.34870538, 0.34986880, 0.34969524, 0.34941179, 0.34930962, 0.14080988
0.20047212, 1.0000000, 0.43649313, 2.7964802, 3.6775181, 9.1921339, 9.6373758, 9.7641811, 9.8771143, 19.968449, 19.926741, 19.876690, 19.861086, 0.27796084, 0.28677204, 0.34191743, 0.34637296, 0.34764141, 0.34877101, 0.34984225, 0.34963369, 0.34938344, 0.34930542, 0.43649313
0.24775405, 1.0000000, 0.60780454, 3.2362328, 8.5257826, 9.4399796, 9.6679621, 9.7825518, 9.8836756, 19.960180, 19.914745, 19.872198, 19.860474, 0.28236234, 0.33525783, 0.34439981, 0.34667963, 0.34782553, 0.34883675, 0.34980088, 0.34957373, 0.34936100, 0.34930235, 0.60780454
0.29824692, 1.0000000, 0.79074967, 6.3704710, 9.3226070, 9.5784721, 9.7330999, 9.8205061, 9.8994780, 19.952129, 19.904327, 19.868849, 19.860039, 0.31370363, 0.34322512, 0.34578425, 0.34733090, 0.34820500, 0.34899476, 0.34976065, 0.34952164, 0.34934425, 0.34930021, 0.79074967
0.35386789, 1.0000000, 0.99227482, 9.8919697, 9.9388342, 9.9690351, 9.9936876, 9.9968386, 9.9989443, 19.999998, 19.999998, 19.999989, 19.991005, 0.34891969, 0.34938833, 0.34969035, 0.34993687, 0.34996837, 0.34998944, 0.34999999, 0.34999999, 0.34999993, 0.34995502, 0.99227482
0.33786309, 1.0000000, 0.93428653, 9.0446968, 9.5436382, 9.7365561, 9.9210215, 9.9591684, 9.9844513, 19.998264, 19.999546, 19.999323, 19.967525, 0.34044698, 0.34543639, 0.34736556, 0.34921020, 0.34959167, 0.34984452, 0.34999132, 0.34999773, 0.34999663, 0.34983763, 0.93428653
0.30376971, 1.0000000, 0.81075972, 6.7350397, 9.3535862, 9.6008425, 9.8437548, 9.9153690, 9.9663877, 19.996143, 19.998991, 19.996923, 19.945822, 0.31735039, 0.34353587, 0.34600842, 0.34843755, 0.34915370, 0.34966388, 0.34998071, 0.34999496, 0.34998462, 0.34972912, 0.81075972
0.27129015, 1.0000000, 0.69308025, 4.4236479, 9.3102360, 9.5600939, 9.7960711, 9.8836327, 9.9511986, 19.994392, 19.998535, 19.991961, 19.926739, 0.29423648, 0.34310237, 0.34560093, 0.34796071, 0.34883633, 0.34951198, 0.34997195, 0.34999269, 0.34995979, 0.34963369, 0.69308025
0.24765381, 1.0000000, 0.60744137, 2.9232562, 8.9563389, 9.5656242, 9.7814846, 9.8698301, 9.9424744, 19.993641, 19.998194, 19.984144, 19.910776, 0.27923119, 0.33956090, 0.34565490, 0.34781459, 0.34869817, 0.34942469, 0.34996819, 0.34999096, 0.34992072, 0.34955388, 0.60744137
0.23051970, 1.0000000, 0.54536116, 2.4595141, 7.6708913, 9.5473938, 9.7670135, 9.8580980, 9.9346256, 19.992645, 19.997419, 19.973606, 19.897863, 0.27459452, 0.32670775, 0.34547320, 0.34766999, 0.34858090, 0.34934622, 0.34996322, 0.34998709, 0.34986803, 0.34948933, 0.54536116
0.21158963, 1.0000000, 0.47677401, 1.9604236, 6.2360682, 9.5174599, 9.7451649, 9.8427944, 9.9254074, 19.991234, 19.995770, 19.960985, 19.887758, 0.26960012, 0.31235284, 0.34516862, 0.34745044, 0.34842733, 0.34925386, 0.34995615, 0.34997886, 0.34980494, 0.34943879, 0.47677401
0.19456252, 1.0000000, 0.41508162, 1.5475839, 4.8786178, 9.4983215, 9.7316160, 9.8325768, 9.9187546, 19.990078, 19.993017, 19.947241, 19.880075, 0.26547334, 0.29878142, 0.34497860, 0.34731519, 0.34832528, 0.34918740, 0.34995037, 0.34996510, 0.34973621, 0.34940037, 0.41508162
0.17183332, 1.0000000, 0.33272940, 0.99324286, 3.1051702, 9.4153004, 9.6822100, 9.8020267, 9.9035606, 19.987583, 19.988199, 19.933239, 19.874289, 0.25993118, 0.28104937, 0.34414947, 0.34682137, 0.34801990, 0.34903550, 0.34993792, 0.34994099, 0.34966618, 0.34937143, 0.33272940
0.15495032, 0.90510654, 0.27155912, 0.54607987, 2.3606002, 8.3258562, 9.6466436, 9.7779474, 9.8904161, 19.985033, 19.981365, 19.919895, 19.870012, 0.25546065, 0.27360564, 0.33325794, 0.34646627, 0.34777939, 0.34890413, 0.34992516, 0.34990683, 0.34959948, 0.34935006, 0.27155912
0.14040068, 0.72940373, 0.21884301, 0.22800267, 1.7877728, 7.0279145, 9.6166296, 9.7569456, 9.8787088, 19.982531, 19.972536, 19.907856, 19.866894, 0.25227904, 0.26787305, 0.32026994, 0.34616378, 0.34756818, 0.34878668, 0.34991264, 0.34986269, 0.34953928, 0.34933448, 0.21884301
0.13026524, 0.60700727, 0.18212040, 0.49331784E-1, 1.3933748, 5.9638400, 9.6211157, 9.7572079, 9.8764429, 19.979961, 19.962009, 19.897470, 19.864649, 0.25049296, 0.26392746, 0.30962497, 0.34620684, 0.34756988, 0.34876367, 0.34989980, 0.34981006, 0.34948736, 0.34932324, 0.18212040
0.12248012, 0.51299357, 0.15391347, 0.0000000, 1.0520756, 4.9330730, 9.6083498, 9.7492085, 9.8722744, 19.976734, 19.950226, 19.888840, 19.863014, 0.24999122, 0.26051641, 0.29932052, 0.34607950, 0.34749007, 0.34872207, 0.34988368, 0.34975111, 0.34944421, 0.34931508, 0.15391347
0.11582374, 0.43261054, 0.12979615, 0.0000000, 0.75312257, 3.9255581, 9.5925188, 9.7387753, 9.8667059, 19.972029, 19.937731, 19.881777, 19.861843, 0.24999122, 0.25753123, 0.28925559, 0.34592518, 0.34738776, 0.34866706, 0.34986013, 0.34968865, 0.34940889, 0.34930921, 0.12979615
0.10956922, 0.35708046, 0.10713486, 0.0000000, 0.47893822, 2.9951124, 9.4478188, 9.7187643, 9.8565855, 19.965431, 19.925213, 19.876179, 19.861002, 0.24999122, 0.25478822, 0.27994746, 0.34447587, 0.34718645, 0.34856543, 0.34982717, 0.34962606, 0.34938091, 0.34930500, 0.10713486
0.10536788, 0.30634481, 0.91912635E-1, 0.0000000, 0.27264655, 2.5010288, 8.9153395, 9.7057409, 9.8488121, 19.957302, 19.913404, 19.871807, 19.860409, 0.24999122, 0.25272545, 0.27500567, 0.33915013, 0.34705561, 0.34848753, 0.34978652, 0.34956703, 0.34935904, 0.34930205, 0.91912635E-1
0.10194795, 0.26504532, 0.79521552E-1, 0.0000000, 0.14044344, 2.0533860, 8.3557796, 9.6908007, 9.8408680, 19.948397, 19.902918, 19.868484, 19.859999, 0.24999122, 0.25140342, 0.27052647, 0.33355176, 0.34690452, 0.34840748, 0.34974200, 0.34951460, 0.34934241, 0.34930000, 0.79521552E-1
0.97486317E-1, 0.21116626, 0.63356213E-1, 0.0000000, 0.0000000, 1.4366537, 7.4928360, 9.6170177, 9.8047457, 19.936825, 19.893408, 19.865856, 19.859674, 0.24999122, 0.24998970, 0.26436654, 0.32492834, 0.34617019, 0.34804747, 0.34968412, 0.34946704, 0.34932929, 0.34929836, 0.63356213E-1
0.95115013E-1, 0.18253022, 0.54764543E-1, 0.0000000, 0.0000000, 1.0308504, 6.6651754, 9.6114664, 9.7963839, 19.925941, 19.885658, 19.863960, 19.859463, 0.24999122, 0.24998970, 0.26030403, 0.31664598, 0.34611049, 0.34796241, 0.34962970, 0.34942830, 0.34931982, 0.34929731, 0.54764543E-1
0.92587344E-1, 0.15200585, 0.45606315E-1, 0.0000000, 0.0000000, 0.63066185, 5.6431999, 9.5562563, 9.7672386, 19.914251, 19.879089, 19.862499, 19.859299, 0.24999122, 0.24998970, 0.25630608, 0.30643106, 0.34556177, 0.34767213, 0.34957126, 0.34939545, 0.34931248, 0.34929651, 0.45606315E-1
0.90348594E-1, 0.12497057, 0.37494920E-1, 0.0000000, 0.0000000, 0.32758713, 4.4856009, 9.5075073, 9.7388067, 19.902899, 19.873772, 19.861391, 19.859217, 0.24999122, 0.24998970, 0.25327361, 0.29484981, 0.34506848, 0.34738582, 0.34951448, 0.34936887, 0.34930694, 0.34929609, 0.37494920E-1
0.88644303E-1, 0.10438941, 0.31319954E-1, 0.0000000, 0.0000000, 0.15156269, 3.3211741, 9.4854689, 9.7235994, 19.893375, 19.869759, 19.860617, 19.859175, 0.24999122, 0.24998970, 0.25151381, 0.28320378, 0.34484333, 0.34723210, 0.34946686, 0.34934878, 0.34930307, 0.34929588, 0.31319954E-1
0.87537147E-1, 0.91019221E-1, 0.27308498E-1, 0.0000000, 0.0000000, 0.51993132E-1, 2.7393997, 8.9710674, 9.7157526, 19.885046, 19.866627, 19.860069, 19.859133, 0.24999122, 0.24998970, 0.25051939, 0.27738830, 0.33970135, 0.34715417, 0.34942523, 0.34933314, 0.34930035, 0.34929568, 0.27308498E-1
0.86748272E-1, 0.81492722E-1, 0.24450263E-1, 0.0000000, 0.0000000, 0.75697899E-3, 2.4109602, 8.2382593, 9.7079372, 19.878279, 19.864309, 19.859718, 19.859104, 0.24999122, 0.24998970, 0.25000757, 0.27410057, 0.33236715, 0.34707329, 0.34939140, 0.34932154, 0.34929860, 0.34929553, 0.24450263E-1
0.86092182E-1, 0.73569708E-1, 0.22073120E-1, 0.0000000, 0.0000000, 0.0000000, 2.0472765, 7.3956604, 9.6841860, 19.871712, 19.862309, 19.859367, 19.859058, 0.24999122, 0.24998970, 0.24999940, 0.27046573, 0.32394388, 0.34683633, 0.34935856, 0.34931153, 0.34929684, 0.34929529, 0.22073120E-1
0.85572943E-1, 0.67299351E-1, 0.20191824E-1, 0.0000000, 0.0000000, 0.0000000, 1.7811596, 6.6700492, 9.6930647, 19.868362, 19.861294, 19.859287, 19.859045, 0.24999122, 0.24998970, 0.24999940, 0.26780638, 0.31669074, 0.34692594, 0.34934181, 0.34930646, 0.34929645, 0.34929523, 0.20191824E-1
0.14697695, 0.80881929, 0.24267006, 2.3296952, 2.1463661, 2.4920404, 2.6836514, 7.6860771, 9.7835054, 19.864470, 19.860241, 19.859144, 19.859005, 0.27328885, 0.27145919, 0.27491781, 0.27683595, 0.32685998, 0.34783474, 0.34932235, 0.34930122, 0.34929574, 0.34929502, 0.24267006
0.14834303, 0.82531613, 0.24761961, 2.6868105, 1.8210649, 2.3020685, 2.6323855, 7.5373545, 9.8258038, 19.861834, 19.859575, 19.859039, 19.858980, 0.27686810, 0.26821065, 0.27302068, 0.27632385, 0.32537353, 0.34825805, 0.34930918, 0.34929788, 0.34929520, 0.34929490, 0.24761961
0.15345564, 0.88705689, 0.26614368, 2.5556893, 2.2916436, 2.2596955, 5.4861617, 9.5539732, 9.8500290, 19.860464, 19.859251, 19.858986, 19.858969, 0.27555689, 0.27291644, 0.27259696, 0.30486161, 0.34553975, 0.34850028, 0.34930232, 0.34929627, 0.34929493, 0.34929484, 0.26614368
0.14856431, 0.82798856, 0.24842142, 2.3128839, 2.1589577, 2.1933885, 5.1851430, 9.7463713, 9.8653564, 19.860046, 19.859222, 19.858980, 19.858969, 0.27312884, 0.27158958, 0.27193388, 0.30185142, 0.34746373, 0.34865355, 0.34930024, 0.34929612, 0.34929490, 0.34929484, 0.24842142
0.13257101, 0.63485205, 0.19047466, 1.5204340, 1.6980201, 1.9492328, 4.9069982, 9.7508240, 9.8532362, 19.857904, 19.858673, 19.858837, 19.858934, 0.26520434, 0.26698020, 0.26949233, 0.29906997, 0.34750825, 0.34853238, 0.34928954, 0.34929335, 0.34929419, 0.34929466, 0.19047466
0.15612677, 0.91931325, 0.27582157, 2.4850278, 2.3554623, 2.5036664, 7.9448833, 9.7311268, 9.8398857, 19.856195, 19.858194, 19.858696, 19.858898, 0.27485028, 0.27355462, 0.27503666, 0.32944882, 0.34731126, 0.34839886, 0.34928098, 0.34929097, 0.34929347, 0.34929448, 0.27582157
0.35600001, 1.0000000, 1.0000000, 9.9999990, 9.9999990, 9.9999990, 9.9999990, 9.9999990, 9.9999990, 19.999998, 19.999998, 19.999998, 19.997997, 0.34999999, 0.34999999, 0.34999999, 0.34999999, 0.34999999, 0.34999999, 0.34999999, 0.34999999, 0.34999999, 0.34998998, 1.0000000
0.33483469, 1.0000000, 0.92331392, 8.8182116, 9.5499420, 9.7446022, 9.9315796, 9.9649410, 9.9874763, 19.999350, 19.999826, 19.999695, 19.974264, 0.33818212, 0.34549943, 0.34744602, 0.34931579, 0.34964940, 0.34987476, 0.34999675, 0.34999913, 0.34999847, 0.34987134, 0.92331392
0.30652559, 1.0000000, 0.82074481, 6.8894315, 9.4074574, 9.6377668, 9.8675241, 9.9291277, 9.9731960, 19.998096, 19.999504, 19.997952, 19.951946, 0.31889433, 0.34407458, 0.34637767, 0.34867525, 0.34929127, 0.34973195, 0.34999049, 0.34999752, 0.34998977, 0.34975973, 0.82074481
0.26486439, 1.0000000, 0.66979849, 4.0025373, 9.2553473, 9.5244560, 9.7838440, 9.8783388, 9.9503403, 19.995251, 19.998770, 19.993744, 19.932011, 0.29002538, 0.34255347, 0.34524456, 0.34783843, 0.34878337, 0.34950340, 0.34997624, 0.34999385, 0.34996873, 0.34966004, 0.66979849
0.23206744, 1.0000000, 0.55096895, 2.4829268, 7.8592324, 9.4752731, 9.7302666, 9.8404856, 9.9298820, 19.992319, 19.997898, 19.986628, 19.915094, 0.27482927, 0.32859233, 0.34475273, 0.34730268, 0.34840485, 0.34929883, 0.34996158, 0.34998947, 0.34993315, 0.34957546, 0.55096895
0.20968835, 1.0000000, 0.46988529, 1.8797696, 6.1628747, 9.4789391, 9.7165995, 9.8260937, 9.9184780, 19.990068, 19.996891, 19.976715, 19.901287, 0.26879606, 0.31162554, 0.34478691, 0.34716550, 0.34826067, 0.34918469, 0.34995034, 0.34998447, 0.34988359, 0.34950644, 0.46988529
0.18926072, 1.0000000, 0.39587215, 1.3553172, 4.5727272, 9.4752760, 9.7056179, 9.8156586, 9.9098101, 19.987738, 19.995237, 19.964529, 19.890400, 0.26355317, 0.29572728, 0.34475276, 0.34705618, 0.34815657, 0.34909809, 0.34993869, 0.34997618, 0.34982264, 0.34945199, 0.39587215
0.23146775, 1.0000000, 0.54879618, 2.8664410, 7.1236305, 9.5273285, 9.7223167, 9.8222551, 9.9097586, 19.986559, 19.992815, 19.951006, 19.882074, 0.27866441, 0.32123631, 0.34527329, 0.34722316, 0.34822255, 0.34909758, 0.34993279, 0.34996408, 0.34975502, 0.34941036, 0.54879618
0.35600001, 1.0000000, 1.0000000, 9.9999990, 9.9999990, 9.9999990, 9.9999990, 9.9999990, 9.9999990, 19.999998, 19.999998, 19.999998, 19.995995, 0.34999999, 0.34999999, 0.34999999, 0.34999999, 0.34999999, 0.34999999, 0.34999999, 0.34999999, 0.34999999, 0.34997997, 1.0000000
0.35600001, 1.0000000, 0.99999988, 9.9999990, 9.9999962, 9.9999990, 9.9999990, 9.9999990, 9.9999990, 19.999998, 19.999998, 19.999998, 19.997992, 0.34999999, 0.34999996, 0.34999999, 0.34999999, 0.34999999, 0.34999999, 0.34999999, 0.34999999, 0.34999999, 0.34998995, 0.99999988
0.33317769, 1.0000000, 0.91731048, 8.6781292, 9.5760889, 9.7588758, 9.9322634, 9.9652033, 9.9870996, 19.998854, 19.999695, 19.999817, 19.981091, 0.33678129, 0.34576088, 0.34758875, 0.34932262, 0.34965202, 0.34987098, 0.34999427, 0.34999847, 0.34999907, 0.34990546, 0.91731048
0.31108415, 1.0000000, 0.83726138, 7.2616673, 9.3575697, 9.6028976, 9.8485451, 9.9184008, 9.9684401, 19.997168, 19.999254, 19.998568, 19.958233, 0.32261667, 0.34357569, 0.34602898, 0.34848544, 0.34918401, 0.34968442, 0.34998584, 0.34999627, 0.34999284, 0.34979117, 0.83726138
0.35222483, 1.0000000, 0.98632181, 9.8758879, 9.8793736, 9.7834415, 9.8478155, 9.9128008, 9.9636297, 19.996309, 19.999031, 19.995245, 19.937567, 0.34875888, 0.34879375, 0.34783441, 0.34847814, 0.34912801, 0.34963629, 0.34998155, 0.34999517, 0.34997624, 0.34968784, 0.98632181
0.33895755, 1.0000000, 0.93825191, 9.1197577, 9.5767918, 9.7061005, 9.8428402, 9.9069548, 9.9594097, 19.995892, 19.998903, 19.989185, 19.919765, 0.34119758, 0.34576792, 0.34706101, 0.34842840, 0.34906954, 0.34959409, 0.34997946, 0.34999451, 0.34994593, 0.34959882, 0.93825191
0.35470706, 1.0000000, 0.99531549, 9.9348259, 9.9624348, 9.9810524, 9.9961720, 9.9980774, 9.9993591, 19.999998, 19.999998, 19.999983, 19.990009, 0.34934825, 0.34962434, 0.34981054, 0.34996173, 0.34998077, 0.34999359, 0.34999999, 0.34999999, 0.34999990, 0.34995005, 0.99531549
0.33206832, 1.0000000, 0.91329092, 8.6334877, 9.5320969, 9.7306709, 9.9208012, 9.9591265, 9.9845915, 19.998413, 19.999588, 19.999283, 19.966595, 0.33633488, 0.34532097, 0.34730670, 0.34920800, 0.34959126, 0.34984592, 0.34999207, 0.34999794, 0.34999642, 0.34983298, 0.91329092
0.29867387, 1.0000000, 0.79229653, 6.3565516, 9.3655348, 9.6070185, 9.8462496, 9.9167309, 9.9673061, 19.996660, 19.999128, 19.996799, 19.944973, 0.31356552, 0.34365535, 0.34607017, 0.34846249, 0.34916732, 0.34967306, 0.34998330, 0.34999564, 0.34998399, 0.34972486, 0.79229653
0.26012635, 1.0000000, 0.65263170, 3.6499979, 9.2680807, 9.5304737, 9.7816114, 9.8754444, 9.9484205, 19.994892, 19.998659, 19.991711, 19.926012, 0.28649998, 0.34268081, 0.34530473, 0.34781611, 0.34875444, 0.34948421, 0.34997445, 0.34999329, 0.34995854, 0.34963006, 0.65263170
0.23106112, 1.0000000, 0.54732287, 2.4258673, 7.8241076, 9.4917641, 9.7379055, 9.8439808, 9.9309664, 19.992586, 19.997869, 19.983664, 19.910143, 0.27425745, 0.32823873, 0.34491622, 0.34737876, 0.34843966, 0.34930959, 0.34996292, 0.34998935, 0.34991831, 0.34955072, 0.54732287
0.21227574, 1.0000000, 0.47925994, 1.9652367, 6.3183680, 9.5031214, 9.7341223, 9.8364391, 9.9236965, 19.991795, 19.997086, 19.973017, 19.897358, 0.26965094, 0.31318092, 0.34502915, 0.34734082, 0.34836417, 0.34923691, 0.34995896, 0.34998542, 0.34986508, 0.34948680, 0.47925994
0.19428161, 1.0000000, 0.41406381, 1.5440255, 4.8580332, 9.4837551, 9.7221336, 9.8268738, 9.9168530, 19.990982, 19.995531, 19.960386, 19.887392, 0.26544026, 0.29858035, 0.34483755, 0.34722134, 0.34826875, 0.34916854, 0.34995490, 0.34997767, 0.34980193, 0.34943697, 0.41406381
0.19155435, 1.0000000, 0.40418240, 2.0425944, 3.6835775, 9.5115662, 9.7288418, 9.8284674, 9.9150171, 19.990185, 19.992809, 19.946627, 19.879799, 0.27042452, 0.28683424, 0.34511366, 0.34728801, 0.34828445, 0.34915012, 0.34995091, 0.34996405, 0.34973314, 0.34939900, 0.40418240
0.17477435, 1.0000000, 0.34338531, 1.4977872, 2.8295755, 8.9882088, 9.7040281, 9.8132782, 9.9070282, 19.988352, 19.988089, 19.932669, 19.874088, 0.26497787, 0.27829576, 0.33988208, 0.34704030, 0.34813279, 0.34907028, 0.34994176, 0.34994045, 0.34966335, 0.34937045, 0.34338531
0.15897490, 0.95370770, 0.28614092, 0.97011328, 2.3075283, 7.9834714, 9.6729059, 9.7934599, 9.8968134, 19.985960, 19.981207, 19.919384, 19.869877, 0.25970113, 0.27307528, 0.32983470, 0.34672907, 0.34793460, 0.34896815, 0.34992981, 0.34990603, 0.34959692, 0.34934938, 0.28614092
0.14654186, 0.80356526, 0.24109370, 0.62099695, 1.8788457, 7.0066791, 9.6609755, 9.7842073, 9.8912373, 19.984127, 19.972473, 19.907467, 19.866812, 0.25620830, 0.26878542, 0.32006112, 0.34660822, 0.34784126, 0.34891209, 0.34992063, 0.34986237, 0.34953734, 0.34933406, 0.24109370
0.13876599, 0.70966315, 0.21292025, 0.42677820, 1.6147047, 6.2960234, 9.6869707, 9.7975101, 9.8951960, 19.982157, 19.962025, 19.897177, 19.864588, 0.25426751, 0.26614645, 0.31295910, 0.34686935, 0.34797493, 0.34895191, 0.34991080, 0.34981012, 0.34948587, 0.34932294, 0.21292025
0.15666400, 0.92580110, 0.27776811, 2.0497143, 1.3799459, 5.6773138, 9.6932850, 9.8020887, 9.8970842, 19.978958, 19.950186, 19.888588, 19.862967, 0.27049619, 0.26379907, 0.30677232, 0.34693259, 0.34802073, 0.34897077, 0.34989479, 0.34975094, 0.34944293, 0.34931484, 0.27776811
0.15954123, 0.96054679, 0.28819287, 2.6447864, 1.1136651, 4.9273682, 9.6694613, 9.7886467, 9.8918362, 19.974651, 19.937765, 19.881638, 19.861818, 0.27644724, 0.26113650, 0.29927331, 0.34669447, 0.34788641, 0.34891835, 0.34987324, 0.34968883, 0.34940818, 0.34930909, 0.28819287
0.14440233, 0.77772790, 0.23334171, 1.8936396, 0.89801252, 4.2079940, 9.6604948, 9.7824373, 9.8886299, 19.969160, 19.925526, 19.876137, 19.861008, 0.26893640, 0.25898013, 0.29207993, 0.34660494, 0.34782436, 0.34888631, 0.34984580, 0.34962761, 0.34938067, 0.34930503, 0.23334171
0.12973025, 0.60054684, 0.18018207, 1.2048125, 0.65832138, 3.4479952, 9.6329641, 9.7657242, 9.8803015, 19.960945, 19.913662, 19.871765, 19.860409, 0.26204601, 0.25658253, 0.28447813, 0.34632862, 0.34765673, 0.34880283, 0.34980473, 0.34956831, 0.34935883, 0.34930205, 0.18018207
0.11856380, 0.46569973, 0.13972390, 0.70110261, 0.45981109, 2.8717279, 9.4205770, 9.7522306, 9.8725271, 19.951494, 19.903053, 19.868443, 19.859985, 0.25700769, 0.25459680, 0.27871317, 0.34420308, 0.34752092, 0.34872478, 0.34975746, 0.34951526, 0.34934223, 0.34929994, 0.13972390
0.18780592, 1.0000000, 0.39060113, 2.0285666, 3.3562548, 9.3334703, 9.6158438, 9.7944679, 9.8876352, 19.941835, 19.894033, 19.865974, 19.859697, 0.27028567, 0.28356254, 0.34333470, 0.34615844, 0.34794468, 0.34887636, 0.34970918, 0.34947017, 0.34932989, 0.34929848, 0.39060113
0.32960898, 1.0000000, 0.90438032, 8.8196068, 9.1228943, 9.4011593, 9.6832104, 9.8007202, 9.8899632, 19.931158, 19.886356, 19.864113, 19.859488, 0.33819607, 0.34122893, 0.34401160, 0.34683210, 0.34800720, 0.34889963, 0.34965581, 0.34943178, 0.34932056, 0.34929743, 0.90438032
0.32549345, 1.0000000, 0.88946897, 8.3053350, 9.3891888, 9.5753765, 9.7364912, 9.8249874, 9.8977861, 19.919926, 19.879951, 19.862688, 19.859346, 0.33305335, 0.34389189, 0.34575376, 0.34736490, 0.34824988, 0.34897786, 0.34959963, 0.34939975, 0.34931344, 0.34929675, 0.88946897
0.30768543, 1.0000000, 0.82494724, 6.9305019, 9.4910297, 9.6437845, 9.7720032, 9.8444262, 9.9036446, 19.909147, 19.874815, 19.861629, 19.859299, 0.31930500, 0.34491029, 0.34643784, 0.34772003, 0.34844425, 0.34903646, 0.34954575, 0.34937409, 0.34930813, 0.34929651, 0.82494724
0.28503388, 1.0000000, 0.74287635, 5.3478966, 9.4112883, 9.6065311, 9.7743607, 9.8467197, 9.9033880, 19.899998, 19.870951, 19.860924, 19.859287, 0.30347896, 0.34411287, 0.34606531, 0.34774360, 0.34846720, 0.34903389, 0.34950000, 0.34935474, 0.34930462, 0.34929645, 0.74287635
0.25742459, 1.0000000, 0.64284265, 3.4078829, 9.3356752, 9.5601578, 9.7571106, 9.8371868, 9.8973961, 19.891256, 19.867765, 19.860353, 19.859251, 0.28407884, 0.34335676, 0.34560159, 0.34757110, 0.34837186, 0.34897396, 0.34945628, 0.34933883, 0.34930176, 0.34929627, 0.64284265
0.23124970, 1.0000000, 0.54800618, 2.3788035, 7.9229727, 9.5026007, 9.7232914, 9.8166189, 9.8859720, 19.882658, 19.865053, 19.859888, 19.859200, 0.27378803, 0.32922971, 0.34502602, 0.34723291, 0.34816620, 0.34885973, 0.34941328, 0.34932527, 0.34929943, 0.34929600, 0.54800618
0.35598242, 1.0000000, 0.99993634, 9.9992275, 9.9995375, 9.9997673, 9.9999542, 9.9999752, 9.9999933, 19.999998, 19.999998, 19.999998, 19.994993, 0.34999123, 0.34999475, 0.34999737, 0.34999949, 0.34999973, 0.34999993, 0.34999999, 0.34999999, 0.34999999, 0.34997496, 0.99993634
0.35600001, 1.0000000, 1.0000000, 9.9999990, 9.9999990, 9.9999990, 9.9999990, 9.9999990, 9.9999990, 19.999998, 19.999998, 19.999998, 19.997997, 0.34999999, 0.34999999, 0.34999999, 0.34999999, 0.34999999, 0.34999999, 0.34999999, 0.34999999, 0.34999999, 0.34998998, 1.0000000
0.34157848, 1.0000000, 0.94774818, 9.1913080, 9.6958447, 9.8322802, 9.9542150, 9.9766226, 9.9910994, 19.998938, 19.999725, 19.999659, 19.974253, 0.34191307, 0.34695846, 0.34832281, 0.34954214, 0.34976622, 0.34991100, 0.34999469, 0.34999862, 0.34999830, 0.34987128, 0.94774818
0.35067105, 1.0000000, 0.98069209, 9.7175751, 9.8645754, 9.9289970, 9.9846754, 9.9922943, 9.9974108, 19.999998, 19.999998, 19.999933, 19.984056, 0.34717575, 0.34864575, 0.34928995, 0.34984675, 0.34992296, 0.34997410, 0.34999999, 0.34999999, 0.34999967, 0.34992027, 0.98069209
0.34790897, 1.0000000, 0.97068459, 9.5651197, 9.8030052, 9.8954029, 9.9758997, 9.9878387, 9.9957542, 19.999826, 19.999958, 19.999928, 19.984043, 0.34565121, 0.34803006, 0.34895402, 0.34975898, 0.34987837, 0.34995753, 0.34999913, 0.34999979, 0.34999964, 0.34992021, 0.97068459
0.33477694, 1.0000000, 0.92310482, 8.8118248, 9.5552597, 9.7427187, 9.9262848, 9.9619284, 9.9863129, 19.999313, 19.999826, 19.998960, 19.961004, 0.33811826, 0.34555259, 0.34742719, 0.34926283, 0.34961927, 0.34986311, 0.34999657, 0.34999913, 0.34999481, 0.34980503, 0.92310482
0.35599041, 1.0000000, 0.99996513, 9.9996452, 9.9997883, 9.9998922, 9.9999790, 9.9998341, 9.9823198, 19.998718, 19.999672, 19.995968, 19.940001, 0.34999645, 0.34999788, 0.34999892, 0.34999979, 0.34999835, 0.34982321, 0.34999359, 0.34999835, 0.34997985, 0.34970000, 0.99996513
0.35600001, 1.0000000, 1.0000000, 9.9999990, 9.9999990, 9.9999990, 9.9999990, 9.9999990, 9.9999990, 19.999998, 19.999998, 19.999998, 19.996996, 0.34999999, 0.34999999, 0.34999999, 0.34999999, 0.34999999, 0.34999999, 0.34999999, 0.34999999, 0.34999999, 0.34998497, 1.0000000
0.33102399, 1.0000000, 0.90950710, 8.5451450, 9.5470638, 9.7410259, 9.9281397, 9.9630957, 9.9866066, 19.999105, 19.999767, 19.999775, 19.978153, 0.33545145, 0.34547064, 0.34741026, 0.34928140, 0.34963095, 0.34986606, 0.34999552, 0.34999883, 0.34999889, 0.34989077, 0.90950710
0.32091397, 1.0000000, 0.87287670, 7.9250779, 9.4176702, 9.6413183, 9.8650999, 9.9275112, 9.9723740, 19.997931, 19.999456, 19.998360, 19.955532, 0.32925078, 0.34417671, 0.34641320, 0.34865099, 0.34927511, 0.34972376, 0.34998965, 0.34999728, 0.34999180, 0.34977767, 0.87287670
0.30412552, 1.0000000, 0.81204891, 6.7098751, 9.4233398, 9.6341019, 9.8342791, 9.9063988, 9.9620924, 19.996912, 19.999180, 19.994711, 19.935162, 0.31709874, 0.34423339, 0.34634101, 0.34834278, 0.34906399, 0.34962094, 0.34998456, 0.34999591, 0.34997356, 0.34967580, 0.81204891
0.29492587, 1.0000000, 0.77871692, 5.9696579, 9.5196533, 9.6866550, 9.8367720, 9.9034729, 9.9579144, 19.995874, 19.998837, 19.988222, 19.917747, 0.30969658, 0.34519655, 0.34686655, 0.34836772, 0.34903473, 0.34957916, 0.34997937, 0.34999418, 0.34994110, 0.34958875, 0.77871692
0.27375335, 1.0000000, 0.70200479, 4.5377803, 9.3913403, 9.6096630, 9.8090801, 9.8858967, 9.9490948, 19.995071, 19.998316, 19.978893, 19.903435, 0.29537779, 0.34391341, 0.34609663, 0.34809080, 0.34885895, 0.34949094, 0.34997535, 0.34999159, 0.34989446, 0.34951717, 0.70200479
0.24942710, 1.0000000, 0.61386627, 2.9711366, 9.0835876, 9.5794687, 9.7844229, 9.8692312, 9.9396763, 19.993582, 19.997057, 19.967102, 19.892075, 0.27970994, 0.34083325, 0.34579328, 0.34784395, 0.34869215, 0.34939671, 0.34996790, 0.34998530, 0.34983552, 0.34946036, 0.61386627
0.26456076, 1.0000000, 0.66869837, 3.8424420, 9.4085960, 9.6730795, 9.8128719, 9.8820038, 9.9424181, 19.993395, 19.995163, 19.953812, 19.883381, 0.28842342, 0.34408447, 0.34673002, 0.34812859, 0.34881994, 0.34942415, 0.34996697, 0.34997582, 0.34976906, 0.34941691, 0.66869837
0.27886349, 1.0000000, 0.72051990, 4.7471066, 9.5956287, 9.7309217, 9.8384008, 9.8954563, 9.9466705, 19.993261, 19.991819, 19.939930, 19.876791, 0.29747108, 0.34595630, 0.34730923, 0.34838402, 0.34895456, 0.34946671, 0.34996632, 0.34995911, 0.34969965, 0.34938395, 0.72051990
0.26649693, 1.0000000, 0.67571342, 3.9029667, 9.5283031, 9.6930199, 9.8352413, 9.8944740, 9.9462929, 19.992916, 19.986526, 19.926313, 19.871881, 0.28902966, 0.34528303, 0.34693021, 0.34835240, 0.34894472, 0.34946293, 0.34996459, 0.34993264, 0.34963158, 0.34935939, 0.67571342
0.27056926, 1.0000000, 0.69046831, 4.2574825, 9.4547291, 9.6466360, 9.8178692, 9.8851967, 9.9424763, 19.991941, 19.979029, 19.913683, 19.868277, 0.29257482, 0.34454730, 0.34646636, 0.34817868, 0.34885198, 0.34942478, 0.34995970, 0.34989515, 0.34956843, 0.34934139, 0.69046831
0.24957268, 1.0000000, 0.61439371, 2.9395671, 9.1647053, 9.5597925, 9.7737579, 9.8600702, 9.9317074, 19.989725, 19.969282, 19.902454, 19.865648, 0.27939567, 0.34164706, 0.34559792, 0.34773758, 0.34860069, 0.34931707, 0.34994861, 0.34984642, 0.34951228, 0.34932825, 0.61439371
0.25107720, 1.0000000, 0.61984491, 2.9673605, 9.2498064, 9.6529236, 9.8031750, 9.8741684, 9.9360046, 19.988155, 19.958288, 19.893019, 19.863771, 0.27967361, 0.34249806, 0.34652925, 0.34803176, 0.34874168, 0.34936005, 0.34994078, 0.34979144, 0.34946510, 0.34931886, 0.61984491
0.23003303, 1.0000000, 0.54359794, 2.3896070, 7.7354703, 9.5376616, 9.7610216, 9.8508739, 9.9263744, 19.984388, 19.945950, 19.885197, 19.862402, 0.27389339, 0.32734951, 0.34537342, 0.34760955, 0.34850842, 0.34926361, 0.34992194, 0.34972975, 0.34942597, 0.34931201, 0.54359794
0.21058196, 1.0000000, 0.47312301, 1.9000053, 6.2210636, 9.5049257, 9.7375565, 9.8359137, 9.9190016, 19.979296, 19.933332, 19.878927, 19.861414, 0.26899937, 0.31220928, 0.34504822, 0.34737536, 0.34835902, 0.34919000, 0.34989649, 0.34966666, 0.34939462, 0.34930706, 0.47312301
0.19057786, 1.0000000, 0.40064439, 1.4386177, 4.5938301, 9.4716129, 9.7130575, 9.8198729, 9.9107819, 19.972679, 19.921093, 19.874002, 19.860708, 0.26438618, 0.29593831, 0.34471613, 0.34713057, 0.34819871, 0.34910780, 0.34986341, 0.34960547, 0.34937000, 0.34930354, 0.40064439
0.17778650, 1.0000000, 0.35429889, 1.1574358, 3.4865212, 9.5296841, 9.7307968, 9.8274927, 9.9112034, 19.964207, 19.909754, 19.870193, 19.860203, 0.26157415, 0.28486481, 0.34529632, 0.34730786, 0.34827486, 0.34911200, 0.34982103, 0.34954876, 0.34935096, 0.34930101, 0.35429889
0.16787612, 1.0000000, 0.31839174, 0.91069043, 2.8903513, 9.1546726, 9.7345753, 9.8291750, 9.9102964, 19.954226, 19.899693, 19.867281, 19.859852, 0.25910199, 0.27889416, 0.34153190, 0.34734261, 0.34829018, 0.34910244, 0.34977114, 0.34949845, 0.34933642, 0.34929925, 0.31839174
0.16190542, 0.98909694, 0.29675877, 0.76543391, 2.6618509, 8.6492176, 9.7511892, 9.8381262, 9.9124413, 19.943707, 19.891197, 19.865126, 19.859587, 0.25764990, 0.27660927, 0.33647716, 0.34750849, 0.34837955, 0.34912384, 0.34971854, 0.34945598, 0.34932563, 0.34929794, 0.29675877
0.15643588, 0.92304623, 0.27694157, 0.64178407, 2.4473338, 8.1672688, 9.7573910, 9.8417759, 9.9124765, 19.932726, 19.884121, 19.863512, 19.859440, 0.25641406, 0.27446470, 0.33165827, 0.34757045, 0.34841603, 0.34912416, 0.34966362, 0.34942061, 0.34931755, 0.34929720, 0.27694157
0.15067911, 0.85352695, 0.25608370, 0.51533282, 2.2190957, 7.6565914, 9.7518291, 9.8385687, 9.9092512, 19.921625, 19.878345, 19.862288, 19.859346, 0.25514966, 0.27218151, 0.32654965, 0.34751415, 0.34838361, 0.34909180, 0.34960812, 0.34939173, 0.34931144, 0.34929675, 0.25608370
0.14409739, 0.77404559, 0.23223691, 0.37389100, 1.9564778, 7.0669265, 9.7325182, 9.8269291, 9.9019880, 19.910845, 19.873682, 19.861399, 19.859299, 0.25373700, 0.26955879, 0.32065848, 0.34732220, 0.34826779, 0.34901938, 0.34955424, 0.34936839, 0.34930700, 0.34929651, 0.23223691
0.13667752, 0.68444258, 0.20535330, 0.22018254, 1.6630262, 6.3804517, 9.7060909, 9.8098917, 9.8916788, 19.900690, 19.869959, 19.860735, 19.859251, 0.25220084, 0.26662576, 0.31379589, 0.34705830, 0.34809762, 0.34891635, 0.34950346, 0.34934980, 0.34930366, 0.34929627, 0.20535330
0.12955095, 0.59838146, 0.17953239, 0.97143650E-1, 1.3798803, 5.6432261, 9.6826286, 9.7936773, 9.8813906, 19.891838, 19.867081, 19.860229, 19.859222, 0.25097060, 0.26379177, 0.30641788, 0.34682137, 0.34793428, 0.34881306, 0.34945920, 0.34933540, 0.34930116, 0.34929612, 0.17953239
0.19405600, 1.0000000, 0.41324642, 2.1655500, 4.1942992, 8.6917162, 9.7396002, 9.8224792, 9.8887253, 19.885216, 19.865118, 19.859922, 19.859222, 0.27164274, 0.29192814, 0.33690178, 0.34739256, 0.34822306, 0.34888667, 0.34942609, 0.34932560, 0.34929961, 0.34929612, 0.41324642
0.24841994, 1.0000000, 0.61021715, 3.1236703, 8.6921530, 9.6124039, 9.7872829, 9.8486748, 9.8961983, 19.879705, 19.863598, 19.859694, 19.859222, 0.28123671, 0.33692151, 0.34612405, 0.34787282, 0.34848675, 0.34896198, 0.34939852, 0.34931800, 0.34929848, 0.34929612, 0.61021715
0.23533955, 1.0000000, 0.56282443, 2.5170712, 8.1549520, 9.5566578, 9.7589073, 9.8341780, 9.8887701, 19.874193, 19.862200, 19.859489, 19.859205, 0.27517071, 0.33154953, 0.34556657, 0.34758908, 0.34834176, 0.34888771, 0.34937096, 0.34931099, 0.34929746, 0.34929603, 0.56282443
0.21930817, 1.0000000, 0.50473970, 2.1086364, 6.9032402, 9.5525208, 9.7479048, 9.8268595, 9.8838606, 19.869865, 19.861185, 19.859394, 19.859180, 0.27108613, 0.31903192, 0.34552488, 0.34747899, 0.34826857, 0.34883860, 0.34934932, 0.34930593, 0.34929699, 0.34929591, 0.50473970
0.20654392, 1.0000000, 0.45849246, 1.7943084, 5.8759379, 9.5756531, 9.7516108, 9.8272943, 9.8819256, 19.866419, 19.860420, 19.859318, 19.859163, 0.26793766, 0.30874875, 0.34574786, 0.34751436, 0.34827206, 0.34881896, 0.34933209, 0.34930211, 0.34929660, 0.34929582, 0.45849246
0.20428106, 1.0000000, 0.45029366, 1.7763674, 5.5547156, 9.7156839, 9.8029146, 9.8538828, 9.8902626, 19.864681, 19.860107, 19.859318, 19.859163, 0.26776093, 0.30554202, 0.34715235, 0.34802824, 0.34853837, 0.34890249, 0.34932339, 0.34930053, 0.34929660, 0.34929582, 0.45029366
0.20263864, 1.0000000, 0.44434288, 1.7576426, 5.3589296, 9.7656660, 9.8309488, 9.8690357, 9.8947220, 19.863329, 19.859861, 19.859318, 19.859163, 0.26757368, 0.30358428, 0.34765211, 0.34830856, 0.34868991, 0.34894708, 0.34931666, 0.34929931, 0.34929660, 0.34929582, 0.44434288
0.19973093, 1.0000000, 0.43380770, 1.7007887, 5.1099377, 9.7495155, 9.8375492, 9.8728256, 9.8953247, 19.862307, 19.859713, 19.859318, 19.859163, 0.26700467, 0.30109358, 0.34748963, 0.34837440, 0.34872767, 0.34895307, 0.34931153, 0.34929857, 0.34929660, 0.34929582, 0.43380770
0.18709059, 1.0000000, 0.38800937, 1.3775468, 4.2189288, 9.5710516, 9.7780313, 9.8415928, 9.8836355, 19.860708, 19.859390, 19.859259, 19.859144, 0.26377258, 0.29218397, 0.34570447, 0.34777910, 0.34841529, 0.34883615, 0.34930354, 0.34929696, 0.34929630, 0.34929574, 0.38800937
0.17360413, 1.0000000, 0.33914542, 1.0664642, 3.1413298, 9.5183382, 9.7389488, 9.8191090, 9.8748980, 19.859299, 19.859089, 19.859177, 19.859121, 0.26065943, 0.28140408, 0.34516943, 0.34738663, 0.34818965, 0.34874851, 0.34929651, 0.34929544, 0.34929588, 0.34929562, 0.33914542
0.16360770, 1.0000000, 0.30292645, 0.81670284, 2.6476831, 8.9338303, 9.7194357, 9.8066998, 9.8698273, 19.858438, 19.858852, 19.859118, 19.859110, 0.25815767, 0.27645865, 0.33930764, 0.34718770, 0.34806362, 0.34869713, 0.34929219, 0.34929425, 0.34929559, 0.34929556, 0.30292645
0.15532075, 0.90957981, 0.27290124, 0.61765015, 2.3333609, 8.2267551, 9.7109165, 9.8007050, 9.8671417, 19.857861, 19.858709, 19.859064, 19.859087, 0.25616819, 0.27331477, 0.33223438, 0.34710133, 0.34800309, 0.34867007, 0.34928930, 0.34929353, 0.34929532, 0.34929544, 0.27290124
0.14750688, 0.81521893, 0.24459013, 0.45382679, 2.0293951, 7.4929051, 9.6983204, 9.7930861, 9.8641176, 19.857571, 19.858622, 19.859022, 19.859076, 0.25453383, 0.27028200, 0.32490700, 0.34697750, 0.34792796, 0.34864023, 0.34928787, 0.34929311, 0.34929511, 0.34929538, 0.24459013
0.13955645, 0.71920884, 0.21578424, 0.30106902, 1.7196894, 6.7036834, 9.6797523, 9.7820501, 9.8597097, 19.857225, 19.858580, 19.858974, 19.859058, 0.25300848, 0.26718935, 0.31702211, 0.34679326, 0.34781834, 0.34859639, 0.34928614, 0.34929290, 0.34929487, 0.34929529, 0.21578424
0.13225648, 0.63105369, 0.18933505, 0.17311871, 1.4398813, 5.9269633, 9.6681356, 9.7746239, 9.8564768, 19.856894, 19.858503, 19.858923, 19.859039, 0.25173074, 0.26439658, 0.30926505, 0.34667987, 0.34774551, 0.34856451, 0.34928447, 0.34929252, 0.34929460, 0.34929520, 0.18933505
0.16546570, 1.0000000, 0.30965832, 2.1561623, 2.3431182, 5.5179224, 9.7238970, 9.8047352, 9.8674803, 19.857407, 19.858566, 19.858923, 19.859039, 0.27155861, 0.27342921, 0.30517691, 0.34723815, 0.34804693, 0.34867465, 0.34928703, 0.34929281, 0.34929460, 0.34929520, 0.30965832
0.19370587, 1.0000000, 0.41197777, 2.6542277, 3.0177529, 9.3122892, 9.7839251, 9.8384304, 9.8798809, 19.857718, 19.858566, 19.858923, 19.859039, 0.27654228, 0.28017753, 0.34312290, 0.34783924, 0.34838432, 0.34879881, 0.34928858, 0.34929281, 0.34929460, 0.34929520, 0.41197777
0.18647549, 1.0000000, 0.38578069, 2.3777604, 2.7843893, 8.9561472, 9.7757635, 9.8362217, 9.8796549, 19.857769, 19.858566, 19.858912, 19.859039, 0.27377731, 0.27784368, 0.33956110, 0.34775755, 0.34836218, 0.34879655, 0.34928885, 0.34929281, 0.34929454, 0.34929520, 0.38578069
0.17711304, 1.0000000, 0.35185882, 2.0139365, 2.5296597, 8.4251413, 9.7528563, 9.8246613, 9.8757162, 19.857552, 19.858509, 19.858875, 19.859034, 0.27013522, 0.27529347, 0.33424619, 0.34752735, 0.34824601, 0.34875694, 0.34928775, 0.34929255, 0.34929436, 0.34929517, 0.35185882
0.16733697, 1.0000000, 0.31643832, 1.6494632, 2.2576094, 7.8256211, 9.7323103, 9.8131886, 9.8715477, 19.857311, 19.858484, 19.858833, 19.859022, 0.26649463, 0.27257609, 0.32825622, 0.34732312, 0.34813190, 0.34871548, 0.34928656, 0.34929243, 0.34929416, 0.34929511, 0.31643832
0.16016468, 0.96807581, 0.29045179, 1.4032573, 2.0571232, 7.3143153, 9.7345953, 9.8138685, 9.8717985, 19.857416, 19.858545, 19.858828, 19.859016, 0.26403257, 0.27057123, 0.32314315, 0.34734595, 0.34813869, 0.34871799, 0.34928709, 0.34929273, 0.34929413, 0.34929508, 0.29045179
0.15335527, 0.88584453, 0.26577994, 1.1785775, 1.8641025, 6.8090091, 9.7334309, 9.8130522, 9.8714848, 19.857445, 19.858540, 19.858828, 19.859011, 0.26177987, 0.26863542, 0.31807986, 0.34733140, 0.34812906, 0.34871435, 0.34928721, 0.34929270, 0.34929413, 0.34929505, 0.26577994
0.14785591, 0.81943375, 0.24585471, 1.0108173, 1.7062902, 6.3553081, 9.7373724, 9.8152266, 9.8723907, 19.857647, 19.858566, 19.858828, 19.859011, 0.26010135, 0.26705599, 0.31354022, 0.34736979, 0.34815028, 0.34872326, 0.34928823, 0.34929281, 0.34929413, 0.34929505, 0.24585471
0.14196190, 0.74825734, 0.22449966, 0.83324909, 1.5327364, 5.8688860, 9.7286940, 9.8106422, 9.8708000, 19.857628, 19.858555, 19.858828, 19.859005, 0.25833115, 0.26532590, 0.30868605, 0.34728602, 0.34810594, 0.34870785, 0.34928814, 0.34929278, 0.34929413, 0.34929502, 0.22449966
0.13587558, 0.67475843, 0.20244777, 0.66297054, 1.3503164, 5.3364353, 9.7130709, 9.8019161, 9.8676863, 19.857641, 19.858561, 19.858828, 19.858997, 0.25662711, 0.26350001, 0.30335808, 0.34712842, 0.34801799, 0.34867647, 0.34928820, 0.34929281, 0.34929413, 0.34929499, 0.20244777
0.13005757, 0.60449958, 0.18136801, 0.51372647, 1.1750191, 4.7851849, 9.7001505, 9.7942533, 9.8648129, 19.857658, 19.858561, 19.858828, 19.858992, 0.25513211, 0.26174310, 0.29783744, 0.34699565, 0.34793958, 0.34864715, 0.34928828, 0.34929281, 0.34929413, 0.34929496, 0.18136801
0.12438691, 0.53602022, 0.16082215, 0.38063228, 1.0026246, 4.2083006, 9.6842833, 9.7848959, 9.8612309, 19.857653, 19.858555, 19.858828, 19.858986, 0.25380152, 0.26001865, 0.29206705, 0.34683549, 0.34784526, 0.34861106, 0.34928825, 0.34929278, 0.34929413, 0.34929493, 0.16082215
0.11889802, 0.46973586, 0.14093485, 0.26315749, 0.83663762, 3.6125672, 9.6684284, 9.7752743, 9.8573771, 19.857588, 19.858482, 19.858805, 19.858980, 0.25262552, 0.25835481, 0.28610069, 0.34667093, 0.34774598, 0.34857151, 0.34928793, 0.34929240, 0.34929401, 0.34929490, 0.14093485
0.11453100, 0.41699928, 0.12511230, 0.18145442, 0.70837140, 3.0832269, 9.6714439, 9.7761717, 9.8573608, 19.857538, 19.858423, 19.858805, 19.858974, 0.25181133, 0.25707617, 0.28081587, 0.34670416, 0.34775653, 0.34857187, 0.34928769, 0.34929210, 0.34929401, 0.34929487, 0.12511230
0.11099195, 0.37426150, 0.11228968, 0.10794699, 0.58515966, 2.7604640, 9.4625282, 9.7710543, 9.8552895, 19.857420, 19.858389, 19.858805, 19.858969, 0.25107801, 0.25584686, 0.27759346, 0.34461764, 0.34770659, 0.34855154, 0.34928709, 0.34929195, 0.34929401, 0.34929484, 0.11228968
0.10811055, 0.33946538, 0.10184980, 0.54058433E-1, 0.47651529, 2.5216043, 9.1632767, 9.7650042, 9.8528910, 19.857361, 19.858402, 19.858805, 19.858963, 0.25053978, 0.25476095, 0.27520493, 0.34162471, 0.34764576, 0.34852746, 0.34928679, 0.34929201, 0.34929401, 0.34929481, 0.10184980
0.10561367, 0.30931294, 0.92803165E-1, 0.12779236E-1, 0.38443208, 2.3011713, 8.8624496, 9.7624846, 9.8516979, 19.857321, 19.858397, 19.858805, 19.858955, 0.25012752, 0.25383931, 0.27299678, 0.33861300, 0.34761849, 0.34851483, 0.34928662, 0.34929198, 0.34929401, 0.34929478, 0.92803165E-1
0.10410006, 0.29103434, 0.87319039E-1, 0.0000000, 0.32811165, 2.1418123, 8.6053152, 9.7739754, 9.8559151, 19.857504, 19.858423, 19.858805, 19.858955, 0.24999569, 0.25327480, 0.27139753, 0.33603662, 0.34773037, 0.34855598, 0.34928751, 0.34929210, 0.34929401, 0.34929478, 0.87319039E-1
0.11455604, 0.41730168, 0.12520303, 0.79821348, 0.30772984, 2.0743549, 8.4439287, 9.8036261, 9.8670912, 19.857786, 19.858423, 19.858805, 19.858955, 0.25797853, 0.25307646, 0.27074075, 0.33443698, 0.34803495, 0.34867045, 0.34928894, 0.34929210, 0.34929401, 0.34929478, 0.12520303
0.11891285, 0.46991485, 0.14098856, 1.2021244, 0.26273131, 1.9175023, 8.2088661, 9.7868700, 9.8618708, 19.857986, 19.858423, 19.858805, 19.858955, 0.26202124, 0.25262731, 0.26917502, 0.33208865, 0.34786871, 0.34861872, 0.34928992, 0.34929210, 0.34929401, 0.34929478, 0.14098856
0.11701481, 0.44699401, 0.13411161, 1.0962993, 0.24863482, 1.8654674, 8.0680819, 9.8133307, 9.8713932, 19.858128, 19.858423, 19.858805, 19.858955, 0.26096231, 0.25248626, 0.26865432, 0.33068052, 0.34813312, 0.34871387, 0.34929064, 0.34929210, 0.34929401, 0.34929478, 0.13411161
0.11265820, 0.39438316, 0.11832678, 0.85474849, 0.21434128, 1.7326236, 7.8548274, 9.7949276, 9.8653488, 19.858185, 19.858423, 19.858805, 19.858955, 0.25854447, 0.25214297, 0.26732442, 0.32854661, 0.34794822, 0.34865314, 0.34929091, 0.34929210, 0.34929401, 0.34929478, 0.11832678
0.10840745, 0.34305084, 0.10292555, 0.62906742, 0.17862618, 1.5826434, 7.6006899, 9.7752562, 9.8581276, 19.858185, 19.858423, 19.858805, 19.858955, 0.25628775, 0.25178576, 0.26582423, 0.32600477, 0.34775120, 0.34858084, 0.34929091, 0.34929210, 0.34929401, 0.34929478, 0.10292555
0.10343549, 0.28300893, 0.84911175E-1, 0.38329661, 0.13326705, 1.3691306, 7.2300906, 9.7364988, 9.8428097, 19.858185, 19.858423, 19.858805, 19.858955, 0.25383231, 0.25133252, 0.26369062, 0.32230017, 0.34736449, 0.34842792, 0.34929091, 0.34929210, 0.34929401, 0.34929478, 0.84911175E-1
0.10215855, 0.26758850, 0.80284581E-1, 0.32765567, 0.12134910, 1.3066679, 7.0226192, 9.7782230, 9.8573523, 19.858185, 19.858423, 19.858805, 19.858955, 0.25327623, 0.25121343, 0.26306629, 0.32022578, 0.34778193, 0.34857342, 0.34929091, 0.34929210, 0.34929401, 0.34929478, 0.80284581E-1
0.10784247, 0.33622807, 0.10087851, 0.80751777, 0.99179149E-1, 1.1820912, 6.7510567, 9.7631645, 9.8524170, 19.858185, 19.858423, 19.858805, 19.858955, 0.25807053, 0.25099146, 0.26181889, 0.31750825, 0.34762993, 0.34852359, 0.34929091, 0.34929210, 0.34929401, 0.34929478, 0.10087851
0.14773570, 0.81798214, 0.24541919, 2.3488581, 2.3924291, 1.1300743, 6.5723577, 9.7920322, 9.8628836, 19.858139, 19.858423, 19.858805, 19.858955, 0.27347675, 0.27391705, 0.26129904, 0.31572157, 0.34791884, 0.34862831, 0.34929070, 0.34929210, 0.34929401, 0.34929478, 0.24541919
0.13868123, 0.70863956, 0.21261314, 1.8956780, 2.1073580, 1.0582685, 6.3850141, 9.7918339, 9.8633623, 19.858004, 19.858423, 19.858805, 19.858955, 0.26895133, 0.27106994, 0.26058176, 0.31384903, 0.34791750, 0.34863332, 0.34929001, 0.34929210, 0.34929401, 0.34929478, 0.21261314
0.13897189, 0.71214974, 0.21366629, 2.1207185, 1.8253148, 0.98322034, 6.1859546, 9.7868910, 9.8617792, 19.857944, 19.858423, 19.858805, 19.858955, 0.27120039, 0.26824963, 0.25983125, 0.31185836, 0.34786797, 0.34861746, 0.34928972, 0.34929210, 0.34929401, 0.34929478, 0.21366629
0.13069335, 0.61217719, 0.18367153, 1.6901314, 1.5942663, 0.91825724, 5.9930191, 9.7869291, 9.8618498, 19.858004, 19.858423, 19.858805, 19.858955, 0.26689744, 0.26594046, 0.25918195, 0.30992937, 0.34786859, 0.34861827, 0.34929001, 0.34929210, 0.34929401, 0.34929478, 0.18367153
0.12339677, 0.52406311, 0.15723465, 1.3224900, 1.3805449, 0.84970295, 5.8002596, 9.7868366, 9.8614998, 19.857615, 19.858343, 19.858780, 19.858946, 0.26321617, 0.26380000, 0.25849536, 0.30800030, 0.34786645, 0.34861434, 0.34928808, 0.34929171, 0.34929389, 0.34929472, 0.15723465
0.11799444, 0.45882410, 0.13766100, 1.0586113, 1.2132764, 0.79339743, 5.6217213, 9.7908382, 9.8628798, 19.857456, 19.858366, 19.858767, 19.858940, 0.26057926, 0.26212806, 0.25793242, 0.30621505, 0.34790647, 0.34862816, 0.34928727, 0.34929183, 0.34929383, 0.34929469, 0.13766100
0.11241718, 0.39147261, 0.11745353, 0.79220533, 1.0364532, 0.72675645, 5.4357729, 9.7890682, 9.8618307, 19.856859, 19.858261, 19.858696, 19.858923, 0.25791281, 0.26035726, 0.25726503, 0.30435392, 0.34788725, 0.34861714, 0.34928429, 0.34929129, 0.34929347, 0.34929460, 0.11745353
0.10757377, 0.33298329, 0.99904977E-1, 0.56946874, 0.87381005, 0.66196918, 5.2451410, 9.7852230, 9.8601675, 19.856419, 19.858147, 19.858662, 19.858923, 0.25568816, 0.25873211, 0.25661743, 0.30244780, 0.34784886, 0.34860054, 0.34928209, 0.34929073, 0.34929329, 0.34929460, 0.99904977E-1
0.10336596, 0.28216928, 0.84659256E-1, 0.38625300, 0.72270632, 0.59835017, 5.0439615, 9.7783384, 9.8574772, 19.856199, 19.858082, 19.858662, 19.858923, 0.25385851, 0.25722253, 0.25598162, 0.30043647, 0.34778032, 0.34857371, 0.34928101, 0.34929040, 0.34929329, 0.34929460, 0.84659256E-1
0.99956170E-1, 0.24099244, 0.72304964E-1, 0.24618506, 0.59399605, 0.54016411, 4.8414912, 9.7752914, 9.8561430, 19.856041, 19.858046, 19.858662, 19.858923, 0.25245798, 0.25593436, 0.25539911, 0.29841036, 0.34774831, 0.34855989, 0.34928021, 0.34929022, 0.34929329, 0.34929460, 0.72304964E-1
0.97287007E-1, 0.20875938, 0.62634081E-1, 0.14168322, 0.49004257, 0.48970580, 4.6484599, 9.7778673, 9.8569374, 19.855970, 19.858034, 19.858662, 19.858923, 0.25141409, 0.25489473, 0.25489423, 0.29647920, 0.34777302, 0.34856746, 0.34927985, 0.34929016, 0.34929329, 0.34929460, 0.62634081E-1
0.94503507E-1, 0.17514561, 0.52548937E-1, 0.33536553E-1, 0.38196743, 0.43333173, 4.4478903, 9.7740507, 9.8552961, 19.855635, 19.857977, 19.858614, 19.858923, 0.25033483, 0.25381592, 0.25433117, 0.29447451, 0.34773567, 0.34855136, 0.34927818, 0.34928989, 0.34929305, 0.34929460, 0.52548937E-1
0.92699163E-1, 0.15335619, 0.46011459E-1, 0.0000000, 0.27307570, 0.37179291, 4.2287464, 9.7638330, 9.8511324, 19.855167, 19.857883, 19.858566, 19.858923, 0.24999796, 0.25272757, 0.25371575, 0.29228252, 0.34763262, 0.34850940, 0.34927583, 0.34928942, 0.34929281, 0.34929460, 0.46011459E-1
0.91494121E-1, 0.13880405, 0.41645378E-1, 0.0000000, 0.18180907, 0.31350553, 3.9851527, 9.7486839, 9.8451500, 19.855009, 19.857872, 19.858566, 19.858923, 0.24999796, 0.25181577, 0.25313306, 0.28984642, 0.34748062, 0.34844941, 0.34927505, 0.34928936, 0.34929281, 0.34929460, 0.41645378E-1
0.90524852E-1, 0.12709908, 0.38133539E-1, 0.0000000, 0.11554360, 0.26423931, 3.7277212, 9.7388611, 9.8410482, 19.855158, 19.857941, 19.858566, 19.858923, 0.24999796, 0.25115412, 0.25264090, 0.28727302, 0.34738311, 0.34840864, 0.34927580, 0.34928972, 0.34929281, 0.34929460, 0.38133539E-1
0.89495137E-1, 0.11466414, 0.34402683E-1, 0.0000000, 0.50905347E-1, 0.20851195, 3.4237342, 9.7143087, 9.8310280, 19.855087, 19.857929, 19.858566, 19.858923, 0.24999796, 0.25050798, 0.25208294, 0.28423014, 0.34713289, 0.34830686, 0.34927544, 0.34928966, 0.34929281, 0.34929460, 0.34402683E-1
0.88973448E-1, 0.10836416, 0.32512501E-1, 0.0000000, 0.26485324E-1, 0.18027425, 3.1673112, 9.7333746, 9.8378544, 19.855583, 19.858051, 19.858566, 19.858923, 0.24999796, 0.25026438, 0.25180110, 0.28166735, 0.34732488, 0.34837556, 0.34927791, 0.34929025, 0.34929281, 0.34929460, 0.32512501E-1
0.88612624E-1, 0.10400681, 0.31205164E-1, 0.0000000, 0.16608834E-1, 0.15702546, 2.9873400, 9.6514988, 9.8367195, 19.856226, 19.858170, 19.858566, 19.858923, 0.24999796, 0.25016579, 0.25156882, 0.27986801, 0.34650627, 0.34836423, 0.34928113, 0.34929085, 0.34929281, 0.34929460, 0.31205164E-1
0.88173397E-1, 0.98702677E-1, 0.29613765E-1, 0.0000000, 0.0000000, 0.12576580, 2.8908520, 9.4308939, 9.8288155, 19.856441, 19.858198, 19.858566, 19.858923, 0.24999796, 0.24999237, 0.25125620, 0.27890182, 0.34429803, 0.34828436, 0.34928221, 0.34929100, 0.34929281, 0.34929460, 0.29613765E-1
0.87937847E-1, 0.95858149E-1, 0.28760321E-1, 0.0000000, 0.0000000, 0.10442436, 2.8109372, 9.2327633, 9.8299475, 19.856724, 19.858271, 19.858566, 19.858923, 0.24999796, 0.24999237, 0.25104359, 0.27810591, 0.34232193, 0.34829745, 0.34928364, 0.34929135, 0.34929281, 0.34929460, 0.28760321E-1
0.10693058, 0.32521608, 0.97574584E-1, 1.3792574, 0.0000000, 0.10300875, 2.8033197, 9.1624117, 9.8587894, 19.857210, 19.858292, 19.858566, 19.858923, 0.26378936, 0.24999237, 0.25103003, 0.27803281, 0.34162349, 0.34858766, 0.34928605, 0.34929144, 0.34929281, 0.34929460, 0.97574584E-1
0.10950867, 0.35634929, 0.10691548, 1.5672475, 0.0000000, 0.10276735, 2.8019726, 9.1181650, 9.8756552, 19.857525, 19.858292, 19.858566, 19.858923, 0.26567063, 0.24999237, 0.25102764, 0.27801952, 0.34118131, 0.34875643, 0.34928763, 0.34929144, 0.34929281, 0.34929460, 0.10691548
0.11456677, 0.41743132, 0.12524192, 1.9350946, 0.0000000, 0.10226667, 2.7992010, 9.0791979, 9.8841743, 19.857790, 19.858292, 19.858566, 19.858923, 0.26934990, 0.24999237, 0.25102264, 0.27799192, 0.34079182, 0.34884167, 0.34928894, 0.34929144, 0.34929281, 0.34929460, 0.12524192
0.11373907, 0.40743589, 0.12224299, 1.8774658, 0.0000000, 0.10134578, 2.7941346, 9.0398979, 9.8880301, 19.857937, 19.858292, 19.858566, 19.858923, 0.26876742, 0.24999237, 0.25101334, 0.27794069, 0.34039792, 0.34887990, 0.34928969, 0.34929144, 0.34929281, 0.34929460, 0.12224299
0.11303243, 0.39890251, 0.11968272, 1.8279761, 0.0000000, 0.10054410, 2.7896583, 9.0032692, 9.8905916, 19.858042, 19.858292, 19.858566, 19.858923, 0.26827121, 0.24999237, 0.25100529, 0.27789581, 0.34003145, 0.34890544, 0.34929019, 0.34929144, 0.34929281, 0.34929460, 0.11968272
0.11201648, 0.38663390, 0.11600177, 1.7561704, 0.0000000, 0.99337101E-1, 2.7829738, 8.9638834, 9.8910465, 19.858042, 19.858292, 19.858566, 19.858923, 0.26755440, 0.24999237, 0.25099325, 0.27782905, 0.33963770, 0.34891003, 0.34929019, 0.34929144, 0.34929281, 0.34929460, 0.11600177
0.11092477, 0.37345028, 0.11204629, 1.6793400, 0.0000000, 0.98013878E-1, 2.7755232, 8.9233656, 9.8909740, 19.858042, 19.858292, 19.858566, 19.858923, 0.26678395, 0.24999237, 0.25097996, 0.27775431, 0.33923215, 0.34890917, 0.34929019, 0.34929144, 0.34929281, 0.34929460, 0.11204629
0.10936133, 0.35456991, 0.10638162, 1.5694231, 0.0000000, 0.96037984E-1, 2.7643025, 8.8762856, 9.8891602, 19.858042, 19.858292, 19.858566, 19.858923, 0.26567811, 0.24999237, 0.25096008, 0.27764133, 0.33876011, 0.34889060, 0.34929019, 0.34929144, 0.34929281, 0.34929460, 0.10638162
0.10521016, 0.30444002, 0.91341138E-1, 1.2804419, 0.0000000, 0.72959065E-1, 2.7296960, 8.7991848, 9.8796558, 19.857250, 19.858130, 19.858566, 19.858923, 0.26278421, 0.24999237, 0.25072923, 0.27729437, 0.33798766, 0.34879500, 0.34928626, 0.34929064, 0.34929281, 0.34929460, 0.91341138E-1
0.10326787, 0.28098485, 0.84303886E-1, 1.1438340, 0.0000000, 0.68870187E-1, 2.7113438, 8.7356339, 9.8794327, 19.857449, 19.858248, 19.858566, 19.858923, 0.26141915, 0.24999237, 0.25068834, 0.27711070, 0.33735192, 0.34879267, 0.34928724, 0.34929124, 0.34929281, 0.34929460, 0.84303886E-1
0.10105442, 0.25425500, 0.76284133E-1, 0.98728538, 0.0000000, 0.63714385E-1, 2.6877971, 8.6631536, 9.8770790, 19.857609, 19.858292, 19.858566, 19.858923, 0.25986651, 0.24999237, 0.25063702, 0.27687693, 0.33662987, 0.34877017, 0.34928805, 0.34929144, 0.34929281, 0.34929460, 0.76284133E-1
0.10145405, 0.25908098, 0.77732071E-1, 1.0246426, 0.0000000, 0.50255656E-1, 2.6646018, 8.5958595, 9.8769865, 19.857330, 19.858212, 19.858566, 19.858923, 0.26023078, 0.24999237, 0.25050232, 0.27664357, 0.33595467, 0.34876835, 0.34928665, 0.34929106, 0.34929281, 0.34929460, 0.77732071E-1
0.10028491, 0.24496236, 0.73496059E-1, 0.94237328, 0.0000000, 0.49015880E-1, 2.6512921, 8.5388422, 9.8799467, 19.857615, 19.858292, 19.858566, 19.858923, 0.25941202, 0.24999237, 0.25048998, 0.27651095, 0.33538523, 0.34879825, 0.34928808, 0.34929144, 0.34929281, 0.34929460, 0.73496059E-1
0.99371642E-1, 0.23393367, 0.70187122E-1, 0.87801814, 0.0000000, 0.47481060E-1, 2.6401968, 8.4874372, 9.8827076, 19.857819, 19.858292, 19.858566, 19.858923, 0.25877646, 0.24999237, 0.25047475, 0.27640128, 0.33487329, 0.34882665, 0.34928909, 0.34929144, 0.34929281, 0.34929460, 0.70187122E-1
0.95947228E-1, 0.19258015, 0.57779822E-1, 0.63973665, 0.0000000, 0.34707785E-1, 2.5939851, 8.3808889, 9.8686657, 19.857571, 19.858234, 19.858566, 19.858923, 0.25639442, 0.24999237, 0.25034702, 0.27593914, 0.33380774, 0.34868622, 0.34928787, 0.34929118, 0.34929281, 0.34929460, 0.57779822E-1
0.90736829E-1, 0.12965891, 0.38901564E-1, 0.28297901, 0.0000000, 0.74595213E-2, 2.4923830, 8.1753349, 9.8372774, 19.856758, 19.858070, 19.858561, 19.858923, 0.25282639, 0.24999237, 0.25007457, 0.27492204, 0.33175039, 0.34837157, 0.34928378, 0.34929034, 0.34929281, 0.34929460, 0.38901564E-1
0.87195352E-1, 0.86891703E-1, 0.26070118E-1, 0.46581030E-1, 0.0000000, 0.0000000, 2.3470283, 7.8688517, 9.8027124, 19.855957, 19.857903, 19.858551, 19.858923, 0.25046512, 0.24999237, 0.24999824, 0.27346820, 0.32868502, 0.34802565, 0.34927979, 0.34928951, 0.34929276, 0.34929460, 0.26070118E-1
0.86396277E-1, 0.77242061E-1, 0.23174936E-1, 0.0000000, 0.0000000, 0.0000000, 2.2582769, 7.6647749, 9.8153572, 19.854172, 19.857504, 19.858467, 19.858887, 0.24999124, 0.24999237, 0.24999824, 0.27257475, 0.32663414, 0.34814775, 0.34927085, 0.34928751, 0.34929234, 0.34929442, 0.23174936E-1
0.86223930E-1, 0.75160712E-1, 0.22550469E-1, 0.0000000, 0.0000000, 0.0000000, 2.1570177, 7.4500122, 9.8150616, 19.852255, 19.857014, 19.858385, 19.858833, 0.24999124, 0.24999237, 0.24999824, 0.27156493, 0.32449105, 0.34814662, 0.34926128, 0.34928507, 0.34929192, 0.34929416, 0.22550469E-1
0.86079650E-1, 0.73418424E-1, 0.22027731E-1, 0.0000000, 0.0000000, 0.0000000, 2.0798326, 7.2538834, 9.8191833, 19.852415, 19.857082, 19.858431, 19.858828, 0.24999124, 0.24999237, 0.24999824, 0.27079469, 0.32253250, 0.34818897, 0.34926206, 0.34928542, 0.34929216, 0.34929413, 0.22027731E-1
0.85931771E-1, 0.71632609E-1, 0.21491932E-1, 0.0000000, 0.0000000, 0.0000000, 2.0030527, 7.0510793, 9.8183508, 19.853029, 19.857264, 19.858509, 19.858828, 0.24999124, 0.24999237, 0.24999824, 0.27002552, 0.32050201, 0.34817943, 0.34926516, 0.34928632, 0.34929255, 0.34929413, 0.21491932E-1
0.85742772E-1, 0.69350198E-1, 0.20807140E-1, 0.0000000, 0.0000000, 0.0000000, 1.9031435, 6.7986903, 9.8041515, 19.853458, 19.857418, 19.858566, 19.858828, 0.24999124, 0.24999237, 0.24999824, 0.26902750, 0.31797987, 0.34803811, 0.34926730, 0.34928709, 0.34929281, 0.34929413, 0.20807140E-1
0.85570775E-1, 0.67273140E-1, 0.20183960E-1, 0.0000000, 0.0000000, 0.0000000, 1.8141657, 6.5607109, 9.8041077, 19.853565, 19.857477, 19.858555, 19.858828, 0.24999124, 0.24999237, 0.24999824, 0.26813897, 0.31560221, 0.34803867, 0.34926784, 0.34928739, 0.34929278, 0.34929413, 0.20183960E-1
0.87709546E-1, 0.93101151E-1, 0.27933139E-1, 0.15821159, 0.0000000, 0.0000000, 1.8027246, 6.4723687, 9.8439894, 19.854439, 19.857723, 19.858566, 19.858828, 0.25157914, 0.24999237, 0.24999824, 0.26802519, 0.31472000, 0.34843805, 0.34927219, 0.34928861, 0.34929281, 0.34929413, 0.27933139E-1
0.20379660, 1.0000000, 0.44853833, 2.5276871, 5.3744354, 7.8246975, 8.3804731, 8.9901972, 9.8665743, 19.855118, 19.857904, 19.858566, 19.858828, 0.27527595, 0.30374315, 0.32824612, 0.33380455, 0.33990189, 0.34866571, 0.34927559, 0.34928954, 0.34929281, 0.34929413, 0.44853833
0.35600001, 1.0000000, 1.0000000, 9.9999990, 9.9999990, 9.9999990, 9.9999990, 9.9999990, 9.9999990, 19.999998, 19.999998, 19.999998, 19.998999, 0.34999999, 0.34999999, 0.34999999, 0.34999999, 0.34999999, 0.34999999, 0.34999999, 0.34999999, 0.34999999, 0.34999499, 1.0000000
0.35600001, 1.0000000, 1.0000000, 9.9999990, 9.9999990, 9.9999990, 9.9999990, 9.9999990, 9.9999990, 19.999998, 19.999998, 19.999998, 19.995995, 0.34999999, 0.34999999, 0.34999999, 0.34999999, 0.34999999, 0.34999999, 0.34999999, 0.34999999, 0.34999999, 0.34997997, 1.0000000
0.35599935, 1.0000000, 0.99999762, 9.9999990, 9.9999990, 9.9999990, 9.9999990, 9.9999990, 9.9999990, 19.999998, 19.999998, 19.999998, 19.998999, 0.34999967, 0.34999982, 0.34999990, 0.34999996, 0.34999999, 0.34999999, 0.34999999, 0.34999999, 0.34999999, 0.34999499, 0.99999762
0.34455144, 1.0000000, 0.95851976, 9.3718214, 9.7407923, 9.8596382, 9.9625416, 9.9809237, 9.9927301, 19.999075, 19.999760, 19.999678, 19.975233, 0.34371209, 0.34740409, 0.34859446, 0.34962502, 0.34980902, 0.34992725, 0.34999537, 0.34999880, 0.34999838, 0.34987617, 0.95851976
0.32213515, 1.0000000, 0.87730122, 7.9429479, 9.5030127, 9.7047510, 9.8942709, 9.9442501, 9.9771147, 19.996012, 19.998962, 19.997902, 19.952806, 0.32941711, 0.34502125, 0.34704298, 0.34894177, 0.34944203, 0.34977099, 0.34998006, 0.34999481, 0.34998950, 0.34976405, 0.87730122
0.29607859, 1.0000000, 0.78289342, 6.1298518, 9.4200554, 9.6360426, 9.8353682, 9.9085712, 9.9600258, 19.992033, 19.997911, 19.993706, 19.932739, 0.31128788, 0.34419075, 0.34635541, 0.34835267, 0.34908521, 0.34960008, 0.34996015, 0.34998956, 0.34996852, 0.34966370, 0.78289342
0.26837111, 1.0000000, 0.68250400, 4.1703138, 9.3662395, 9.5909224, 9.7945137, 9.8802433, 9.9451294, 19.988554, 19.996899, 19.986681, 19.915691, 0.29169926, 0.34365717, 0.34590656, 0.34794462, 0.34880218, 0.34945121, 0.34994277, 0.34998450, 0.34993342, 0.34957844, 0.68250400
0.24731147, 1.0000000, 0.60620099, 2.9376893, 8.8829107, 9.5845032, 9.7785616, 9.8659544, 9.9358454, 19.986019, 19.995796, 19.976885, 19.901747, 0.27937347, 0.33882290, 0.34584171, 0.34778494, 0.34865919, 0.34935832, 0.34993011, 0.34997898, 0.34988442, 0.34950873, 0.60620099
0.22908138, 1.0000000, 0.54014987, 2.3825109, 7.6229315, 9.5562258, 9.7597189, 9.8515882, 9.9269543, 19.983477, 19.994081, 19.964783, 19.890755, 0.27382296, 0.32622522, 0.34555969, 0.34759665, 0.34851560, 0.34926945, 0.34991738, 0.34997040, 0.34982392, 0.34945378, 0.54014987
0.21122962, 1.0000000, 0.47546962, 1.8760502, 6.3243408, 9.5333376, 9.7442493, 9.8399525, 9.9197369, 19.981218, 19.991392, 19.951260, 19.882315, 0.26875934, 0.31324103, 0.34533158, 0.34744215, 0.34839934, 0.34919730, 0.34990609, 0.34995696, 0.34975630, 0.34941158, 0.47546962
0.19392294, 1.0000000, 0.41276425, 1.3932407, 5.0477419, 9.5200205, 9.7311201, 9.8301716, 9.9133043, 19.978561, 19.987034, 19.937227, 19.875950, 0.26393068, 0.30047363, 0.34519663, 0.34731048, 0.34830135, 0.34913293, 0.34989280, 0.34993517, 0.34968615, 0.34937975, 0.41276425
0.17843974, 1.0000000, 0.35666567, 1.0155648, 3.8158205, 9.5056219, 9.7229939, 9.8237514, 9.9092636, 19.976625, 19.980997, 19.923695, 19.871237, 0.26015374, 0.28815392, 0.34505090, 0.34722883, 0.34823695, 0.34909245, 0.34988314, 0.34990498, 0.34961846, 0.34935617, 0.35666567
0.16813369, 1.0000000, 0.31932494, 0.77587366, 2.9896140, 9.4618616, 9.7410345, 9.8324909, 9.9116592, 19.975025, 19.973026, 19.911306, 19.867786, 0.25775802, 0.27989447, 0.34461597, 0.34740981, 0.34832463, 0.34911650, 0.34987512, 0.34986514, 0.34955654, 0.34933895, 0.31932494
0.16408172, 1.0000000, 0.30464396, 0.67304075, 2.8412728, 9.1141386, 9.7742472, 9.8512430, 9.9193192, 19.973938, 19.963428, 19.900496, 19.865307, 0.25672948, 0.27841038, 0.34113762, 0.34774166, 0.34851202, 0.34919304, 0.34986970, 0.34981716, 0.34950247, 0.34932655, 0.30464396
0.15719622, 0.93222821, 0.27969643, 0.48756003, 2.5737853, 8.6070986, 9.7608929, 9.8454504, 9.9177389, 19.971329, 19.952209, 19.891336, 19.863506, 0.25487509, 0.27573630, 0.33606836, 0.34760833, 0.34845421, 0.34917730, 0.34985664, 0.34976104, 0.34945667, 0.34931752, 0.27969643
0.14947379, 0.83897144, 0.25171661, 0.26992857, 2.2817941, 8.0551214, 9.7458019, 9.8370647, 9.9139957, 19.966932, 19.939972, 19.883783, 19.862190, 0.25269899, 0.27281639, 0.33054850, 0.34745735, 0.34837031, 0.34913984, 0.34983465, 0.34969985, 0.34941891, 0.34931093, 0.25171661
0.14584091, 0.79510057, 0.23855403, 0.17968118, 2.1509142, 7.7334461, 9.7747307, 9.8524590, 9.9195852, 19.962263, 19.927895, 19.877842, 19.861261, 0.25179633, 0.27150583, 0.32732850, 0.34774578, 0.34852383, 0.34919557, 0.34981132, 0.34963948, 0.34938920, 0.34930632, 0.23855403
0.14020553, 0.72704726, 0.21813600, 0.47409534E-1, 1.9264877, 7.2653408, 9.7595215, 9.8448420, 9.9164972, 19.955528, 19.916180, 19.873123, 19.860603, 0.25047401, 0.26926273, 0.32264939, 0.34759414, 0.34844789, 0.34916478, 0.34977764, 0.34958088, 0.34936562, 0.34930301, 0.21813600
0.13699710, 0.68830186, 0.20651121, 0.0000000, 1.7865747, 6.9241557, 9.7741251, 9.8524523, 9.9185629, 19.947763, 19.905554, 19.869532, 19.860134, 0.24999809, 0.26786432, 0.31923881, 0.34774047, 0.34852412, 0.34918553, 0.34973881, 0.34952778, 0.34934765, 0.34930068, 0.20651121
0.13511615, 0.66558737, 0.19969618, 0.0000000, 1.6793311, 6.6793418, 9.7942886, 9.8635054, 9.9213924, 19.938501, 19.896151, 19.866764, 19.859791, 0.24999809, 0.26679125, 0.31678936, 0.34794170, 0.34863445, 0.34921372, 0.34969252, 0.34948075, 0.34933382, 0.34929895, 0.19969618
0.13256979, 0.63483721, 0.19047022, 0.0000000, 1.5232980, 6.3778019, 9.7881927, 9.8604860, 9.9183140, 19.927862, 19.887949, 19.864643, 19.859545, 0.24999809, 0.26523137, 0.31377468, 0.34788090, 0.34860435, 0.34918296, 0.34963930, 0.34943974, 0.34932321, 0.34929773, 0.19047022
0.13131982, 0.61974251, 0.18594135, 0.0000000, 1.4537066, 6.2088790, 9.8132238, 9.8734226, 9.9209118, 19.917879, 19.881371, 19.863108, 19.859386, 0.24999809, 0.26453501, 0.31208438, 0.34813085, 0.34873351, 0.34920889, 0.34958941, 0.34940684, 0.34931552, 0.34929693, 0.18594135
0.18013537, 1.0000000, 0.36280927, 2.5279820, 2.4434984, 7.5887694, 9.8340359, 9.8843355, 9.9221659, 19.908003, 19.876020, 19.861946, 19.859299, 0.27527785, 0.27443385, 0.32588592, 0.34833992, 0.34884313, 0.34922156, 0.34954002, 0.34938011, 0.34930974, 0.34929651, 0.36280927
0.19128737, 1.0000000, 0.40321511, 2.3381381, 3.4046922, 8.9882946, 9.8509436, 9.8929911, 9.9222727, 19.899019, 19.871801, 19.861135, 19.859299, 0.27338028, 0.28404593, 0.33988166, 0.34850916, 0.34892976, 0.34922266, 0.34949511, 0.34935901, 0.34930569, 0.34929651, 0.40321511
0.22473916, 1.0000000, 0.52441722, 2.1775274, 7.3843203, 9.6457624, 9.8447447, 9.8890266, 9.9169893, 19.890209, 19.868340, 19.860493, 19.859222, 0.27177516, 0.32384297, 0.34645748, 0.34844741, 0.34889024, 0.34916991, 0.34945104, 0.34934169, 0.34930247, 0.34929612, 0.52441722
0.21296231, 1.0000000, 0.48174748, 1.7686427, 6.6500216, 9.6434765, 9.8090715, 9.8681326, 9.9045382, 19.880999, 19.865238, 19.859905, 19.859152, 0.26768509, 0.31649721, 0.34643260, 0.34809026, 0.34868109, 0.34904531, 0.34940499, 0.34932619, 0.34929952, 0.34929577, 0.48174748
0.20629312, 1.0000000, 0.45758373, 1.5593469, 6.1704431, 9.6892195, 9.8129492, 9.8671694, 9.9007883, 19.874838, 19.863245, 19.859571, 19.859110, 0.26559180, 0.31170046, 0.34688905, 0.34812886, 0.34867138, 0.34900776, 0.34937418, 0.34931624, 0.34929785, 0.34929556, 0.45758373
0.19031355, 1.0000000, 0.39968672, 1.0229737, 5.1987567, 9.5757723, 9.7604465, 9.8359957, 9.8846893, 19.866993, 19.861027, 19.859152, 19.859011, 0.26022765, 0.30198115, 0.34575182, 0.34760326, 0.34835935, 0.34884667, 0.34933496, 0.34930512, 0.34929577, 0.34929505, 0.39968672
0.17641100, 1.0000000, 0.34931523, 0.58652759, 4.2555690, 9.5643063, 9.7414942, 9.8216476, 9.8757877, 19.861174, 19.859449, 19.858837, 19.858923, 0.25586382, 0.29254931, 0.34563592, 0.34741348, 0.34821573, 0.34875762, 0.34930587, 0.34929726, 0.34929419, 0.34929460, 0.34931523
0.16220911, 0.99276429, 0.29785907, 0.13983846, 3.3063855, 9.5453768, 9.7251787, 9.8095999, 9.8680553, 19.856041, 19.858099, 19.858555, 19.858875, 0.25135660, 0.28303546, 0.34543243, 0.34724411, 0.34809211, 0.34867877, 0.34927994, 0.34929043, 0.34929276, 0.34929436, 0.29785907
0.15314800, 0.88334161, 0.26502898, 0.0000000, 2.6721687, 9.0776615, 9.7040329, 9.7951536, 9.8600187, 19.851671, 19.856928, 19.858309, 19.858828, 0.24999815, 0.27671504, 0.34076658, 0.34703803, 0.34795037, 0.34859976, 0.34925836, 0.34928465, 0.34929153, 0.34929413, 0.26502898
0.14891058, 0.83217013, 0.24967600, 0.0000000, 2.4039240, 8.5855484, 9.7215586, 9.8029928, 9.8620777, 19.850241, 19.856537, 19.858274, 19.858828, 0.24999815, 0.27403492, 0.33584780, 0.34721383, 0.34802905, 0.34862047, 0.34925121, 0.34928268, 0.34929138, 0.34929413, 0.24967600
0.14228100, 0.75211078, 0.22565581, 0.0000000, 1.9774735, 7.8470325, 9.6879053, 9.7837582, 9.8536291, 19.847706, 19.855890, 19.858143, 19.858805, 0.24999815, 0.26976824, 0.32845742, 0.34687588, 0.34783596, 0.34853575, 0.34923851, 0.34927946, 0.34929073, 0.34929401, 0.22565581
0.13987330, 0.72303510, 0.21693222, 0.0000000, 1.8567383, 7.4922276, 9.7382412, 9.8104925, 9.8643370, 19.849062, 19.856260, 19.858200, 19.858805, 0.24999815, 0.26856482, 0.32491708, 0.34738109, 0.34810424, 0.34864312, 0.34924531, 0.34928131, 0.34929100, 0.34929401, 0.21693222
0.13598391, 0.67606658, 0.20284025, 0.0000000, 1.6263872, 7.0152245, 9.7295942, 9.8069725, 9.8631668, 19.848862, 19.856195, 19.858189, 19.858805, 0.24999815, 0.26626223, 0.32014874, 0.34729496, 0.34806925, 0.34863150, 0.34924430, 0.34928098, 0.34929094, 0.34929401, 0.20284025
0.13215983, 0.62988663, 0.18898489, 0.0000000, 1.3986111, 6.5489025, 9.7248306, 9.8044891, 9.8619375, 19.848309, 19.856054, 19.858154, 19.858805, 0.24999815, 0.26398328, 0.31548238, 0.34724635, 0.34804392, 0.34861904, 0.34924155, 0.34928027, 0.34929079, 0.34929401, 0.18898489
0.12622800, 0.55825329, 0.16749275, 0.0000000, 1.0323554, 5.8615756, 9.6790648, 9.7785225, 9.8506966, 19.845703, 19.855383, 19.857985, 19.858757, 0.24999815, 0.26031938, 0.30860385, 0.34678671, 0.34778324, 0.34850630, 0.34922850, 0.34927690, 0.34928992, 0.34929377, 0.16749275
0.11973150, 0.47980103, 0.14395471, 0.0000000, 0.67691803, 5.0146270, 9.6366882, 9.7526197, 9.8398981, 19.843973, 19.854912, 19.857889, 19.858709, 0.24999815, 0.25676575, 0.30013359, 0.34636199, 0.34752372, 0.34839815, 0.34921986, 0.34927458, 0.34928945, 0.34929353, 0.14395471
0.11425012, 0.41360733, 0.12409461, 0.0000000, 0.41427910, 4.2167230, 9.6296635, 9.7465935, 9.8370934, 19.843658, 19.854845, 19.857880, 19.858709, 0.24999815, 0.25414175, 0.29216191, 0.34629419, 0.34746471, 0.34837052, 0.34921831, 0.34927422, 0.34928939, 0.34929353, 0.12409461
0.11052150, 0.36858019, 0.11058512, 0.0000000, 0.27481914, 3.5892839, 9.6490831, 9.7574940, 9.8421555, 19.845173, 19.855242, 19.858002, 19.858709, 0.24999815, 0.25274795, 0.28589132, 0.34649003, 0.34757453, 0.34842139, 0.34922588, 0.34927621, 0.34929001, 0.34929353, 0.11058512
0.10641458, 0.31898472, 0.95704988E-1, 0.0000000, 0.10905862, 2.9679060, 9.4653664, 9.7373495, 9.8349476, 19.845722, 19.855394, 19.858061, 19.858709, 0.24999815, 0.25109041, 0.27967653, 0.34465206, 0.34737265, 0.34834921, 0.34922862, 0.34927696, 0.34929031, 0.34929353, 0.95704988E-1
0.10563663, 0.30959010, 0.92886321E-1, 0.0000000, 0.76326728E-1, 2.8781204, 9.2742052, 9.7861443, 9.8543034, 19.848167, 19.856049, 19.858213, 19.858709, 0.24999815, 0.25076315, 0.27877897, 0.34274060, 0.34786066, 0.34854278, 0.34924084, 0.34928024, 0.34929106, 0.34929353, 0.92886321E-1
0.10424435, 0.29277685, 0.87841839E-1, 0.0000000, 0.93340874E-2, 2.7171373, 9.0654659, 9.7909527, 9.8574400, 19.849274, 19.856337, 19.858250, 19.858709, 0.24999815, 0.25009331, 0.27716756, 0.34065214, 0.34790814, 0.34857395, 0.34924638, 0.34928167, 0.34929127, 0.34929353, 0.87841839E-1
0.10213843, 0.26734564, 0.80211714E-1, 0.0000000, 0.0000000, 2.3161054, 8.6519432, 9.7347927, 9.8360977, 19.848215, 19.856049, 19.858171, 19.858709, 0.24999815, 0.24999848, 0.27315775, 0.33651695, 0.34734654, 0.34836051, 0.34924108, 0.34928024, 0.34929085, 0.34929353, 0.80211714E-1
0.10064800, 0.24934709, 0.74811608E-1, 0.0000000, 0.0000000, 2.0328283, 8.2697029, 9.7299080, 9.8333454, 19.848320, 19.856079, 19.858177, 19.858709, 0.24999815, 0.24999848, 0.27032748, 0.33269638, 0.34729868, 0.34833333, 0.34924161, 0.34928039, 0.34929088, 0.34929353, 0.74811608E-1
0.10025175, 0.24456193, 0.73375918E-1, 0.0000000, 0.0000000, 1.9678801, 8.0853462, 9.7837114, 9.8539467, 19.849781, 19.856441, 19.858250, 19.858709, 0.24999815, 0.24999848, 0.26967832, 0.33085307, 0.34783688, 0.34853938, 0.34924892, 0.34928221, 0.34929127, 0.34929353, 0.73375918E-1
0.15532400, 0.90961903, 0.27291301, 2.6045561, 2.3274093, 1.9496232, 7.9835238, 9.8240519, 9.8700294, 19.851225, 19.856827, 19.858343, 19.858709, 0.27604511, 0.27327386, 0.26949614, 0.32983515, 0.34824046, 0.34870026, 0.34925613, 0.34928414, 0.34929171, 0.34929353, 0.27291301
0.15343109, 0.88676006, 0.26605463, 2.6249826, 2.1257758, 1.8554956, 7.8451290, 9.8232698, 9.8700132, 19.850878, 19.856745, 19.858330, 19.858709, 0.27624902, 0.27125737, 0.26855478, 0.32845113, 0.34823260, 0.34870011, 0.34925440, 0.34928373, 0.34929165, 0.34929353, 0.26605463
0.14798538, 0.82099742, 0.24632387, 2.3989410, 1.9107729, 1.7542660, 7.6941199, 9.8174276, 9.8683224, 19.850924, 19.856779, 19.858335, 19.858709, 0.27398896, 0.26910752, 0.26754257, 0.32694110, 0.34817421, 0.34868321, 0.34925461, 0.34928390, 0.34929168, 0.34929353, 0.24632387
0.14081155, 0.73436552, 0.22033170, 2.0268531, 1.7249227, 1.6638517, 7.5481105, 9.8169804, 9.8683548, 19.851042, 19.856815, 19.858349, 19.858709, 0.27026561, 0.26724774, 0.26663780, 0.32548046, 0.34816939, 0.34868339, 0.34925520, 0.34928408, 0.34929174, 0.34929353, 0.22033170
0.12908348, 0.59273630, 0.17783868, 1.4288217, 1.4088005, 1.5034378, 7.3340940, 9.7933083, 9.8590431, 19.849730, 19.856441, 19.858267, 19.858709, 0.26428282, 0.26408482, 0.26503268, 0.32333928, 0.34793198, 0.34859008, 0.34924865, 0.34928221, 0.34929132, 0.34929353, 0.17783868
0.11812899, 0.46044901, 0.13814852, 0.88841617, 1.0964483, 1.3347745, 7.0810003, 9.7734385, 9.8511076, 19.848869, 19.856201, 19.858189, 19.858709, 0.25888216, 0.26096302, 0.26334685, 0.32080907, 0.34773374, 0.34851086, 0.34924436, 0.34928101, 0.34929094, 0.34929353, 0.13814852
0.11135939, 0.37869874, 0.11362099, 0.62726140, 0.82361996, 1.1735678, 6.8018532, 9.7589979, 9.8454008, 19.848648, 19.856144, 19.858183, 19.858709, 0.25627014, 0.25823426, 0.26173428, 0.31801692, 0.34758881, 0.34845361, 0.34924322, 0.34928071, 0.34929091, 0.34929353, 0.11362099
0.10192259, 0.26473913, 0.79429686E-1, 0.19505322, 0.53332746, 0.98493099, 6.4616847, 9.7365227, 9.8359575, 19.847874, 19.855934, 19.858131, 19.858709, 0.25195017, 0.25533271, 0.25984877, 0.31461614, 0.34736469, 0.34835941, 0.34923938, 0.34927967, 0.34929067, 0.34929353, 0.79429686E-1
0.95935747E-1, 0.19244143, 0.57738204E-1, 0.0000000, 0.28637946, 0.77896416, 6.0040326, 9.6961203, 9.8196383, 19.848200, 19.856031, 19.858171, 19.858709, 0.24994802, 0.25286317, 0.25778878, 0.31003901, 0.34696013, 0.34819603, 0.34924099, 0.34928015, 0.34929085, 0.34929353, 0.57738204E-1
0.94682857E-1, 0.17731147, 0.53198759E-1, 0.0000000, 0.20321012, 0.69788992, 5.7053475, 9.7363567, 9.8351212, 19.849710, 19.856441, 19.858236, 19.858709, 0.24994802, 0.25203151, 0.25697789, 0.30705184, 0.34736216, 0.34835073, 0.34924856, 0.34928221, 0.34929118, 0.34929353, 0.53198759E-1
0.93071789E-1, 0.15785606, 0.47361556E-1, 0.0000000, 0.91049075E-1, 0.59284866, 5.4043431, 9.7383471, 9.8366985, 19.850010, 19.856489, 19.858250, 19.858709, 0.24994802, 0.25091034, 0.25592801, 0.30404258, 0.34738269, 0.34836671, 0.34925005, 0.34928244, 0.34929127, 0.34929353, 0.47361556E-1
0.92497796E-1, 0.15092443, 0.45281857E-1, 0.0000000, 0.67722797E-1, 0.54518878, 5.1717076, 9.7575579, 9.8456249, 19.851780, 19.856960, 19.858383, 19.858709, 0.24994802, 0.25067708, 0.25545126, 0.30171588, 0.34757444, 0.34845588, 0.34925890, 0.34928480, 0.34929192, 0.34929353, 0.45281857E-1
0.97112671E-1, 0.20665407, 0.62002424E-1, 0.39446652, 0.17482042E-1, 0.48791766, 4.9530654, 9.7694082, 9.8507452, 19.852432, 19.857117, 19.858423, 19.858709, 0.25394419, 0.25017482, 0.25487900, 0.29953030, 0.34769374, 0.34850734, 0.34926218, 0.34928557, 0.34929210, 0.34929353, 0.62002424E-1
0.96793845E-1, 0.20280397, 0.60847279E-1, 0.41183531, 0.0000000, 0.42806268, 4.7493658, 9.7741346, 9.8529444, 19.852573, 19.857143, 19.858414, 19.858709, 0.25411814, 0.24999927, 0.25428057, 0.29749352, 0.34774119, 0.34852940, 0.34926286, 0.34928572, 0.34929207, 0.34929353, 0.60847279E-1
0.19023691, 1.0000000, 0.39940909, 2.3999615, 3.8195086, 7.7704806, 9.5391436, 9.8135290, 9.8674278, 19.852877, 19.857244, 19.858423, 19.858709, 0.27399930, 0.28819478, 0.32770452, 0.34539139, 0.34813526, 0.34867427, 0.34926438, 0.34928623, 0.34929210, 0.34929353, 0.39940909
0.16679750, 1.0000000, 0.31448370, 1.5841246, 2.2945583, 7.8608713, 9.6519775, 9.7846613, 9.8546638, 19.848986, 19.856230, 19.858114, 19.858692, 0.26583797, 0.27294275, 0.32860386, 0.34651858, 0.34784603, 0.34854642, 0.34924492, 0.34928113, 0.34929058, 0.34929347, 0.31448370
0.14947155, 0.83894455, 0.25170854, 0.89792609, 1.8072307, 6.9398570, 9.6472149, 9.7633696, 9.8454819, 19.846785, 19.855618, 19.857990, 19.858709, 0.25897828, 0.26807114, 0.31939632, 0.34647152, 0.34763336, 0.34845471, 0.34923393, 0.34927809, 0.34928995, 0.34929353, 0.25170854
0.13465637, 0.66003513, 0.19803034, 0.35894811, 1.3739496, 6.0287132, 9.6342325, 9.7511415, 9.8398142, 19.845325, 19.855217, 19.857931, 19.858709, 0.25358871, 0.26373771, 0.31028321, 0.34634107, 0.34751078, 0.34839794, 0.34922662, 0.34927610, 0.34928966, 0.34929353, 0.19803034
0.12289582, 0.51801366, 0.15541963, 0.75936317E-2, 1.0079622, 5.0952649, 9.6183596, 9.7405777, 9.8356819, 19.845167, 19.855169, 19.857960, 19.858709, 0.25007591, 0.26007801, 0.30094856, 0.34618205, 0.34740502, 0.34835654, 0.34922582, 0.34927586, 0.34928980, 0.34929353, 0.15541963
0.11701688, 0.44701904, 0.13411912, 0.0000000, 0.72885752, 4.2577267, 9.6228027, 9.7420988, 9.8362150, 19.845560, 19.855295, 19.858025, 19.858709, 0.24999878, 0.25728703, 0.29257277, 0.34622601, 0.34741995, 0.34836179, 0.34922779, 0.34927648, 0.34929013, 0.34929353, 0.13411912
0.11449045, 0.41650966, 0.12496539, 0.0000000, 0.64563453, 3.7963970, 9.6876183, 9.7790804, 9.8516550, 19.848019, 19.855986, 19.858208, 19.858709, 0.24999878, 0.25645548, 0.28796142, 0.34687486, 0.34779015, 0.34851635, 0.34924009, 0.34927994, 0.34929103, 0.34929353, 0.12496539
0.11181579, 0.38421020, 0.11527459, 0.0000000, 0.54533780, 3.3492720, 9.6910992, 9.7839270, 9.8552856, 19.849764, 19.856462, 19.858307, 19.858709, 0.24999878, 0.25545320, 0.28349218, 0.34691069, 0.34783912, 0.34855279, 0.34924883, 0.34928232, 0.34929153, 0.34929353, 0.11527459
0.10881474, 0.34796926, 0.10440122, 0.0000000, 0.40433109, 2.9384522, 9.5390062, 9.7692623, 9.8505440, 19.850370, 19.856609, 19.858330, 19.858709, 0.24999878, 0.25404313, 0.27938387, 0.34538963, 0.34769240, 0.34850538, 0.34925187, 0.34928304, 0.34929165, 0.34929353, 0.10440122
0.10796185, 0.33766976, 0.10131106, 0.0000000, 0.36499798, 2.8424172, 9.3663721, 9.7991915, 9.8622599, 19.851980, 19.857035, 19.858423, 19.858709, 0.24999878, 0.25364956, 0.27842250, 0.34366262, 0.34799135, 0.34862241, 0.34925991, 0.34928519, 0.34929210, 0.34929353, 0.10131106
0.10586499, 0.31234783, 0.93713723E-1, 0.0000000, 0.24414062, 2.6281893, 9.1216278, 9.7861500, 9.8576136, 19.851757, 19.856979, 19.858366, 19.858709, 0.24999878, 0.25244090, 0.27627921, 0.34121442, 0.34786052, 0.34857580, 0.34925878, 0.34928489, 0.34929183, 0.34929353, 0.93713723E-1
0.28695661, 1.0000000, 0.74984276, 5.9591331, 8.8668413, 9.1832781, 9.4983387, 9.8131018, 9.8681393, 19.853104, 19.857328, 19.858423, 19.858709, 0.30958930, 0.33866659, 0.34183183, 0.34498319, 0.34813091, 0.34868136, 0.34926552, 0.34928665, 0.34929210, 0.34929353, 0.74984276
0.26069152, 1.0000000, 0.65467936, 3.7411027, 9.2332830, 9.4654646, 9.6724854, 9.8015118, 9.8624258, 19.850891, 19.856749, 19.858242, 19.858709, 0.28741035, 0.34233183, 0.34465411, 0.34672475, 0.34801507, 0.34862423, 0.34925446, 0.34928375, 0.34929121, 0.34929353, 0.65467936
0.23454276, 1.0000000, 0.55993748, 2.5121422, 8.1082850, 9.4954281, 9.6940384, 9.7931099, 9.8580875, 19.849037, 19.856253, 19.858131, 19.858709, 0.27511743, 0.33107510, 0.34494972, 0.34693947, 0.34793061, 0.34858072, 0.34924519, 0.34928125, 0.34929067, 0.34929353, 0.55993748
0.21042188, 1.0000000, 0.47254303, 1.8266112, 6.3537412, 9.4671955, 9.6825514, 9.7815437, 9.8533421, 19.848083, 19.855984, 19.858095, 19.858709, 0.26826215, 0.31352913, 0.34466580, 0.34682426, 0.34781483, 0.34853321, 0.34924042, 0.34927991, 0.34929049, 0.34929353, 0.47254303
0.18798804, 1.0000000, 0.39126104, 1.2563229, 4.6072974, 9.4446049, 9.6696119, 9.7725868, 9.8499622, 19.847906, 19.855953, 19.858120, 19.858709, 0.26256087, 0.29606774, 0.34444073, 0.34669501, 0.34772530, 0.34849945, 0.34923953, 0.34927976, 0.34929061, 0.34929353, 0.39126104
0.17314893, 1.0000000, 0.33749613, 0.92753470, 3.3393602, 9.4882565, 9.6888618, 9.7826967, 9.8541727, 19.848803, 19.856178, 19.858189, 19.858709, 0.25927210, 0.28338659, 0.34487262, 0.34688658, 0.34782594, 0.34854138, 0.34924400, 0.34928089, 0.34929094, 0.34929353, 0.33749613
0.16705717, 1.0000000, 0.31542450, 0.80648959, 2.8931289, 9.2986679, 9.7322254, 9.8073215, 9.8644075, 19.850613, 19.856632, 19.858307, 19.858709, 0.25806409, 0.27892953, 0.34298387, 0.34732166, 0.34807292, 0.34864399, 0.34925306, 0.34928316, 0.34929153, 0.34929353, 0.31542450
0.15620677, 0.92027956, 0.27611148, 0.50239861, 2.4844468, 8.5168228, 9.7010059, 9.7916336, 9.8589888, 19.850582, 19.856646, 19.858307, 19.858709, 0.25502333, 0.27484256, 0.33516496, 0.34700933, 0.34791595, 0.34858978, 0.34925291, 0.34928322, 0.34929153, 0.34929353, 0.27611148
0.14678484, 0.80649960, 0.24197409, 0.27787089, 2.1186380, 7.7252541, 9.6847429, 9.7825079, 9.8558817, 19.850912, 19.856739, 19.858330, 19.858709, 0.25277829, 0.27118447, 0.32724905, 0.34684655, 0.34782463, 0.34855866, 0.34925455, 0.34928370, 0.34929165, 0.34929353, 0.24197409
0.14000729, 0.72465324, 0.21741772, 0.14171004, 1.8556595, 7.0651560, 9.6946926, 9.7875891, 9.8580608, 19.851614, 19.856939, 19.858389, 19.858709, 0.25141692, 0.26855519, 0.32064888, 0.34694618, 0.34787554, 0.34858048, 0.34925807, 0.34928471, 0.34929195, 0.34929353, 0.21741772
0.13398881, 0.65197361, 0.19561164, 0.24932623E-1, 1.6238779, 6.4623675, 9.7006226, 9.7911425, 9.8596573, 19.852127, 19.857050, 19.858419, 19.858709, 0.25024930, 0.26623794, 0.31462204, 0.34700575, 0.34791118, 0.34859648, 0.34926063, 0.34928524, 0.34929210, 0.34929353, 0.19561164
0.12744018, 0.57289165, 0.17188469, 0.0000000, 1.2956560, 5.6311975, 9.6596727, 9.7684822, 9.8513432, 19.852022, 19.857033, 19.858377, 19.858709, 0.24998631, 0.26295498, 0.30630851, 0.34659553, 0.34768423, 0.34851322, 0.34926012, 0.34928516, 0.34929189, 0.34929353, 0.17188469
0.11987272, 0.48150641, 0.14446637, 0.0000000, 0.90714395, 4.5950618, 9.6049643, 9.7355423, 9.8375778, 19.850788, 19.856703, 19.858294, 19.858709, 0.24998631, 0.25906992, 0.29594681, 0.34604806, 0.34735462, 0.34837550, 0.34925395, 0.34928352, 0.34929147, 0.34929353, 0.14446637
0.11345817, 0.40404376, 0.12122525, 0.0000000, 0.61819851, 3.6279492, 9.5911007, 9.7250443, 9.8322697, 19.850264, 19.856583, 19.858250, 19.858709, 0.24998631, 0.25617987, 0.28627327, 0.34590769, 0.34724876, 0.34832212, 0.34925133, 0.34928292, 0.34929127, 0.34929353, 0.12122525
0.10874019, 0.34706900, 0.10413112, 0.0000000, 0.40655732, 2.9460521, 9.4182472, 9.7223625, 9.8307228, 19.850180, 19.856562, 19.858236, 19.858709, 0.24998631, 0.25406450, 0.27945662, 0.34417996, 0.34722236, 0.34830678, 0.34925091, 0.34928280, 0.34929118, 0.34929353, 0.10413112
0.10560964, 0.30926421, 0.92788547E-1, 0.0000000, 0.24486184, 2.5956511, 9.0034494, 9.7242889, 9.8312693, 19.850199, 19.856562, 19.858231, 19.858709, 0.24998631, 0.25244826, 0.27595457, 0.34003314, 0.34724218, 0.34831244, 0.34925100, 0.34928280, 0.34929115, 0.34929353, 0.92788547E-1
0.10206331, 0.26643842, 0.79939522E-1, 0.0000000, 0.81878901E-1, 2.1704288, 8.4928436, 9.6985350, 9.8208151, 19.849709, 19.856421, 19.858194, 19.858709, 0.24998631, 0.25081843, 0.27169934, 0.33492458, 0.34698313, 0.34820741, 0.34924853, 0.34928209, 0.34929097, 0.34929353, 0.79939522E-1
0.99382646E-1, 0.23406653, 0.70226982E-1, 0.0000000, 0.0000000, 1.7936558, 7.9611559, 9.6889687, 9.8156128, 19.849062, 19.856249, 19.858166, 19.858709, 0.24998631, 0.24999796, 0.26793516, 0.32961035, 0.34688893, 0.34815586, 0.34924531, 0.34928125, 0.34929082, 0.34929353, 0.70226982E-1
0.98862313E-1, 0.22778292, 0.68341710E-1, 0.0000000, 0.0000000, 1.7107159, 7.7080388, 9.7580824, 9.8432312, 19.850965, 19.856739, 19.858288, 19.858709, 0.24998631, 0.24999796, 0.26710615, 0.32707947, 0.34758025, 0.34843209, 0.34925482, 0.34928370, 0.34929144, 0.34929353, 0.68341710E-1
0.16133106, 0.98216087, 0.29467773, 2.1856623, 3.9719744, 1.6097337, 7.5024838, 9.7811766, 9.8536663, 19.851362, 19.856855, 19.858318, 19.858709, 0.27185470, 0.28971764, 0.26609692, 0.32502446, 0.34781149, 0.34853658, 0.34925681, 0.34928429, 0.34929159, 0.34929353, 0.29467773
0.13361812, 0.64749694, 0.19426851, 1.2733519, 1.8067718, 2.2368283, 7.7868509, 9.7474985, 9.8404779, 19.849031, 19.856249, 19.858177, 19.858709, 0.26272684, 0.26806203, 0.27236477, 0.32786608, 0.34747344, 0.34840426, 0.34924516, 0.34928125, 0.34929088, 0.34929353, 0.19426851
0.12184028, 0.50526696, 0.15159525, 0.75511038, 1.4046818, 1.9883782, 7.4561582, 9.7441111, 9.8390408, 19.849014, 19.856249, 19.858189, 19.858709, 0.25754797, 0.26404333, 0.26988131, 0.32455975, 0.34743989, 0.34838998, 0.34924507, 0.34928125, 0.34929094, 0.34929353, 0.15159525
0.11252418, 0.39276478, 0.11784122, 0.37670434, 1.0612607, 1.7527461, 7.1194654, 9.7379522, 9.8367605, 19.849155, 19.856302, 19.858194, 19.858709, 0.25376651, 0.26061171, 0.26752672, 0.32119405, 0.34737909, 0.34836745, 0.34924579, 0.34928152, 0.34929097, 0.34929353, 0.11784122
0.10783696, 0.33616152, 0.10085855, 0.22096932, 0.86245835, 1.5933990, 6.8316326, 9.7502794, 9.8422842, 19.850607, 19.856657, 19.858301, 19.858709, 0.25220931, 0.25862369, 0.26593319, 0.31831563, 0.34750229, 0.34842265, 0.34925303, 0.34928328, 0.34929150, 0.34929353, 0.10085855
0.10336085, 0.28210762, 0.84640756E-1, 0.73787570E-1, 0.67489445, 1.4344007, 6.5497856, 9.7508459, 9.8432140, 19.851326, 19.856878, 19.858355, 19.858709, 0.25073761, 0.25674748, 0.26434243, 0.31549641, 0.34750739, 0.34843177, 0.34925663, 0.34928438, 0.34929177, 0.34929353, 0.84640756E-1
0.10001020, 0.24164495, 0.72500736E-1, 0.0000000, 0.50466359, 1.2720615, 6.2503920, 9.7436838, 9.8409452, 19.851933, 19.857014, 19.858414, 19.858709, 0.24999699, 0.25504529, 0.26271892, 0.31250226, 0.34743553, 0.34840900, 0.34925967, 0.34928507, 0.34929207, 0.34929353, 0.72500736E-1
0.10385254, 0.28804532, 0.86422242E-1, 0.39896667, 0.39487183, 1.1457533, 5.9701018, 9.7479773, 9.8430367, 19.852964, 19.857286, 19.858423, 19.858709, 0.25398821, 0.25394785, 0.26145628, 0.30969971, 0.34747869, 0.34843001, 0.34926483, 0.34928644, 0.34929210, 0.34929353, 0.86422242E-1
0.15949354, 0.95997071, 0.28802001, 2.9338241, 2.1881552, 2.3123360, 7.1305590, 9.7948122, 9.8604984, 19.853506, 19.857416, 19.858423, 19.858709, 0.27933601, 0.27188057, 0.27312282, 0.32130525, 0.34794793, 0.34860489, 0.34926754, 0.34928709, 0.34929210, 0.34929353, 0.28802001
0.24707173, 1.0000000, 0.60533231, 2.9095383, 9.0414829, 9.3486137, 9.5805540, 9.8303432, 9.8743286, 19.854248, 19.857580, 19.858423, 19.858709, 0.27909186, 0.34040824, 0.34348273, 0.34580484, 0.34830308, 0.34874317, 0.34927124, 0.34928790, 0.34929210, 0.34929353, 0.60533231
0.22201961, 1.0000000, 0.51456380, 2.1986575, 7.1343818, 9.4618092, 9.6802111, 9.8041897, 9.8640289, 19.852009, 19.856970, 19.858267, 19.858709, 0.27198607, 0.32134280, 0.34461743, 0.34680197, 0.34804183, 0.34864026, 0.34926003, 0.34928486, 0.34929132, 0.34929353, 0.51456380
0.20214833, 1.0000000, 0.44256642, 1.6761720, 5.5897784, 9.4915113, 9.6973715, 9.7953081, 9.8606405, 19.851404, 19.856819, 19.858236, 19.858709, 0.26675999, 0.30589432, 0.34491220, 0.34697312, 0.34795278, 0.34860632, 0.34925702, 0.34928411, 0.34929118, 0.34929353, 0.44256642
0.20063776, 1.0000000, 0.43709332, 2.1984963, 4.5095730, 9.5394602, 9.7213326, 9.8043451, 9.8645649, 19.852221, 19.857008, 19.858318, 19.858709, 0.27198371, 0.29509419, 0.34539297, 0.34721300, 0.34804326, 0.34864560, 0.34926111, 0.34928504, 0.34929159, 0.34929353, 0.43709332
0.19483347, 1.0000000, 0.41606328, 2.1888404, 3.7925315, 9.5953569, 9.7504845, 9.8200111, 9.8711042, 19.853436, 19.857340, 19.858423, 19.858709, 0.27188820, 0.28792509, 0.34595332, 0.34750479, 0.34820008, 0.34871104, 0.34926718, 0.34928671, 0.34929210, 0.34929353, 0.41606328
0.18695104, 1.0000000, 0.38750374, 1.9777030, 3.1816995, 9.6133318, 9.7647648, 9.8286028, 9.8748312, 19.854271, 19.857552, 19.858423, 19.858709, 0.26977634, 0.28181633, 0.34613231, 0.34764743, 0.34828594, 0.34874830, 0.34927136, 0.34928775, 0.34929210, 0.34929353, 0.38750374
0.17847376, 1.0000000, 0.35678893, 1.7018408, 2.8092861, 9.2331896, 9.7545977, 9.8240709, 9.8737240, 19.854773, 19.857693, 19.858423, 19.858709, 0.26701686, 0.27809134, 0.34232935, 0.34754544, 0.34824044, 0.34873715, 0.34927386, 0.34928846, 0.34929210, 0.34929353, 0.35678893
0.17188287, 1.0000000, 0.33290893, 1.4850199, 2.6064694, 8.7681723, 9.7568274, 9.8254032, 9.8745556, 19.855297, 19.857857, 19.858423, 19.858709, 0.26484978, 0.27606425, 0.33768097, 0.34756809, 0.34825394, 0.34874552, 0.34927648, 0.34928930, 0.34929210, 0.34929353, 0.33290893
0.34596419, 1.0000000, 0.96363837, 9.4550304, 9.7639732, 9.8734207, 9.9690437, 9.9843130, 9.9943161, 19.999569, 19.999880, 19.999922, 19.984056, 0.34454834, 0.34763852, 0.34873357, 0.34969032, 0.34984308, 0.34994313, 0.34999785, 0.34999940, 0.34999961, 0.34992027, 0.96363837
0.33085889, 1.0000000, 0.90890902, 8.4904375, 9.6057396, 9.7700033, 9.9303780, 9.9638138, 9.9866390, 19.999004, 19.999737, 19.998949, 19.961004, 0.33489576, 0.34605154, 0.34769705, 0.34930319, 0.34963784, 0.34986630, 0.34999502, 0.34999868, 0.34999475, 0.34980503, 0.90890902
0.35599363, 1.0000000, 0.99997693, 9.9997997, 9.9998798, 9.9999371, 9.9999847, 9.9999933, 9.9999990, 19.999998, 19.999998, 19.999998, 19.995995, 0.34999683, 0.34999809, 0.34999901, 0.34999979, 0.34999990, 0.34999999, 0.34999999, 0.34999999, 0.34999999, 0.34997997, 0.99997693
0.35223591, 1.0000000, 0.98636186, 9.8051500, 9.8978605, 9.9473877, 9.9889612, 9.9944620, 9.9981422, 19.999992, 19.999998, 19.999893, 19.981098, 0.34805149, 0.34897861, 0.34947389, 0.34988961, 0.34994462, 0.34998143, 0.34999996, 0.34999999, 0.34999946, 0.34990549, 0.98636186
0.34937972, 1.0000000, 0.97601348, 9.7171593, 9.7463303, 9.8605127, 9.9657669, 9.9826212, 9.9939413, 19.999813, 19.999945, 19.998753, 19.958250, 0.34717017, 0.34746245, 0.34860468, 0.34965757, 0.34982619, 0.34993941, 0.34999907, 0.34999973, 0.34999377, 0.34979126, 0.97601348
0.35566419, 1.0000000, 0.99878317, 9.9833126, 9.9900761, 9.9950314, 9.9990005, 9.9995022, 9.9998388, 19.999992, 19.999998, 19.999989, 19.991005, 0.34983224, 0.34990022, 0.34995005, 0.34998995, 0.34999499, 0.34999838, 0.34999996, 0.34999999, 0.34999993, 0.34995502, 0.99878317
0.35598761, 1.0000000, 0.99995500, 9.9995289, 9.9997129, 9.9998531, 9.9999723, 9.9999847, 9.9999990, 19.999998, 19.999998, 19.999990, 19.992998, 0.34999382, 0.34999627, 0.34999809, 0.34999964, 0.34999982, 0.34999999, 0.34999999, 0.34999999, 0.34999996, 0.34996498, 0.99995500
0.35219115, 1.0000000, 0.98619986, 9.8833656, 9.8570108, 9.7717915, 9.9339361, 9.9660196, 9.9870558, 19.998497, 19.999605, 19.999779, 19.980099, 0.34883365, 0.34857011, 0.34771791, 0.34933937, 0.34966019, 0.34987056, 0.34999248, 0.34999803, 0.34999889, 0.34990048, 0.98619986
0.35269928, 1.0000000, 0.98804086, 9.9467344, 9.8676500, 9.6783028, 9.8721933, 9.9313240, 9.9729338, 19.996899, 19.999187, 19.998474, 19.957323, 0.34946734, 0.34867650, 0.34678304, 0.34872192, 0.34931323, 0.34972933, 0.34998450, 0.34999594, 0.34999236, 0.34978661, 0.98804086
0.32057190, 1.0000000, 0.87163723, 7.9293032, 9.3953161, 9.6036768, 9.8185387, 9.8976898, 9.9571009, 19.994392, 19.998537, 19.994919, 19.936724, 0.32929000, 0.34395102, 0.34603566, 0.34818515, 0.34897679, 0.34957099, 0.34997195, 0.34999269, 0.34997460, 0.34968361, 0.87163723
0.35600001, 1.0000000, 1.0000000, 9.9999990, 9.9999990, 9.9999990, 9.9999990, 9.9999990, 9.9999990, 19.999998, 19.999998, 19.999998, 19.998999, 0.34999999, 0.34999999, 0.34999999, 0.34999999, 0.34999999, 0.34999999, 0.34999999, 0.34999999, 0.34999999, 0.34999499, 1.0000000
0.33113253, 1.0000000, 0.90990037, 8.5525913, 9.5483637, 9.7417421, 9.9265451, 9.9622030, 9.9859762, 19.998753, 19.999672, 19.999678, 19.975233, 0.33552298, 0.34548166, 0.34741640, 0.34926525, 0.34962195, 0.34985974, 0.34999377, 0.34999835, 0.34999838, 0.34987617, 0.90990037
0.35578275, 1.0000000, 0.99921274, 9.9895554, 9.9937649, 9.9968710, 9.9993734, 9.9996862, 9.9998922, 19.999998, 19.999998, 19.999990, 19.991999, 0.34989160, 0.34993529, 0.34996751, 0.34999350, 0.34999675, 0.34999889, 0.34999999, 0.34999999, 0.34999996, 0.34996000, 0.99921274
0.34221405, 1.0000000, 0.95005083, 9.2848291, 9.6451130, 9.7805681, 9.9367733, 9.9675827, 9.9880362, 19.998962, 19.999731, 19.999868, 19.984043, 0.34284717, 0.34645042, 0.34780532, 0.34936768, 0.34967580, 0.34988037, 0.34999481, 0.34999865, 0.34999934, 0.34992021, 0.95005083
0.35600001, 1.0000000, 1.0000000, 9.9999990, 9.9999990, 9.9999990, 9.9999990, 9.9999990, 9.9999990, 19.999998, 19.999998, 19.999998, 19.998999, 0.34999999, 0.34999999, 0.34999999, 0.34999999, 0.34999999, 0.34999999, 0.34999999, 0.34999999, 0.34999999, 0.34999499, 1.0000000
0.35598969, 1.0000000, 0.99996251, 9.9995909, 9.9997549, 9.9998770, 9.9999752, 9.9999876, 9.9999962, 19.999998, 19.999998, 19.999990, 19.992998, 0.34999484, 0.34999689, 0.34999844, 0.34999970, 0.34999985, 0.34999996, 0.34999999, 0.34999999, 0.34999996, 0.34996498, 0.99996251
0.35599923, 1.0000000, 0.99999714, 9.9999990, 9.9999990, 9.9999990, 9.9999962, 9.9999990, 9.9999990, 19.999998, 19.999998, 19.999998, 19.998999, 0.34999961, 0.34999976, 0.34999987, 0.34999993, 0.34999999, 0.34999999, 0.34999999, 0.34999999, 0.34999999, 0.34999499, 0.99999714
0.35028768, 1.0000000, 0.97930318, 9.7006712, 9.8501139, 9.9220123, 9.9833403, 9.9916248, 9.9971838, 19.999987, 19.999992, 19.999920, 19.983068, 0.34700671, 0.34850115, 0.34922013, 0.34983340, 0.34991625, 0.34997183, 0.34999993, 0.34999996, 0.34999961, 0.34991533, 0.97930318
0.32893464, 1.0000000, 0.90193707, 8.3976727, 9.5438318, 9.7359447, 9.9242249, 9.9608955, 9.9858570, 19.999170, 19.999784, 19.998856, 19.960085, 0.33397573, 0.34543762, 0.34735909, 0.34924218, 0.34960893, 0.34985858, 0.34999585, 0.34999892, 0.34999427, 0.34980041, 0.90193707
0.35446686, 1.0000000, 0.99444515, 9.9226761, 9.9556198, 9.9775829, 9.9954462, 9.9977264, 9.9992428, 19.999998, 19.999998, 19.999983, 19.990009, 0.34922627, 0.34955591, 0.34977567, 0.34995443, 0.34997723, 0.34999242, 0.34999999, 0.34999999, 0.34999990, 0.34995005, 0.99444515
0.32583624, 1.0000000, 0.89071089, 8.2073860, 9.5017891, 9.7092133, 9.9096632, 9.9531126, 9.9819775, 19.997877, 19.999445, 19.999260, 19.966581, 0.33207387, 0.34501788, 0.34709212, 0.34909663, 0.34953111, 0.34981978, 0.34998938, 0.34999722, 0.34999630, 0.34983289, 0.89071089
0.28833139, 1.0000000, 0.75482380, 5.6436200, 9.3237333, 9.5768032, 9.8238544, 9.9035540, 9.9608736, 19.995024, 19.998699, 19.996687, 19.944956, 0.30643293, 0.34323409, 0.34576637, 0.34823820, 0.34903535, 0.34960866, 0.34997511, 0.34999350, 0.34998342, 0.34972477, 0.75482380
0.25546446, 1.0000000, 0.63574076, 3.2863050, 9.3020191, 9.5494823, 9.7810268, 9.8732300, 9.9455471, 19.993111, 19.998165, 19.991598, 19.926012, 0.28286278, 0.34301975, 0.34549457, 0.34781021, 0.34873226, 0.34945548, 0.34996554, 0.34999081, 0.34995800, 0.34963006, 0.63574076
0.24881677, 1.0000000, 0.61165494, 2.9820890, 8.9969349, 9.5718031, 9.7713299, 9.8617859, 9.9367313, 19.991461, 19.997547, 19.983604, 19.910151, 0.27982008, 0.33996788, 0.34571725, 0.34771314, 0.34861776, 0.34936729, 0.34995729, 0.34998775, 0.34991801, 0.34955075, 0.61165494
0.22658877, 1.0000000, 0.53111869, 2.4206460, 7.2855749, 9.5077667, 9.7335796, 9.8365059, 9.9221334, 19.988270, 19.996147, 19.972786, 19.897327, 0.27420533, 0.32285368, 0.34507632, 0.34733552, 0.34836492, 0.34922129, 0.34994134, 0.34998074, 0.34986395, 0.34948665, 0.53111869
0.19758520, 1.0000000, 0.42603329, 1.5985250, 5.1984410, 9.4302111, 9.6849537, 9.8044844, 9.9047470, 19.984636, 19.993860, 19.959957, 19.887312, 0.26598427, 0.30198249, 0.34430039, 0.34684917, 0.34804466, 0.34904742, 0.34992319, 0.34996930, 0.34979978, 0.34943655, 0.42603329
0.17145681, 1.0000000, 0.33136523, 0.95926821, 3.1313567, 9.3937006, 9.6542788, 9.7822285, 9.8916674, 19.981695, 19.990465, 19.946070, 19.879700, 0.25959098, 0.28131023, 0.34393200, 0.34654173, 0.34782174, 0.34891650, 0.34990847, 0.34995234, 0.34973034, 0.34939849, 0.33136523
0.15461639, 0.90107381, 0.27034917, 0.49665272, 2.3931236, 8.3475380, 9.6429262, 9.7723827, 9.8843307, 19.978859, 19.985380, 19.932087, 19.873995, 0.25496560, 0.27392861, 0.33347079, 0.34642819, 0.34772331, 0.34884313, 0.34989429, 0.34992689, 0.34966043, 0.34936997, 0.27034917
0.13618167, 0.67845470, 0.20355678, 0.67830086E-1, 1.6677052, 6.7912359, 9.5839844, 9.7352629, 9.8662825, 19.975283, 19.978113, 19.918787, 19.869781, 0.25067806, 0.26667365, 0.31790549, 0.34583792, 0.34735164, 0.34866250, 0.34987640, 0.34989056, 0.34959394, 0.34934890, 0.20355678
0.12623605, 0.55835062, 0.16752194, 0.0000000, 1.2173444, 5.5157099, 9.5853167, 9.7331057, 9.8630915, 19.973238, 19.969301, 19.906916, 19.866741, 0.24999815, 0.26217028, 0.30514991, 0.34585065, 0.34732980, 0.34863049, 0.34986618, 0.34984651, 0.34953457, 0.34933370, 0.16752194
0.11683965, 0.44487876, 0.13347697, 0.0000000, 0.76002479, 4.1699815, 9.5524387, 9.7117710, 9.8517933, 19.969044, 19.958326, 19.896566, 19.864494, 0.24999815, 0.25759703, 0.29169104, 0.34552035, 0.34711567, 0.34851724, 0.34984523, 0.34979165, 0.34948283, 0.34932247, 0.13347697
0.10880869, 0.34789625, 0.10437931, 0.0000000, 0.40019453, 2.9773803, 9.4215612, 9.6932926, 9.8413067, 19.963842, 19.946136, 19.887943, 19.862883, 0.24999815, 0.25400063, 0.27976888, 0.34421250, 0.34693131, 0.34841251, 0.34981921, 0.34973067, 0.34943971, 0.34931442, 0.10437931
0.10503965, 0.30238095, 0.90723358E-1, 0.0000000, 0.23128688, 2.5102377, 8.8891172, 9.7002373, 9.8436823, 19.959591, 19.933981, 19.881075, 19.861750, 0.24999815, 0.25231221, 0.27509877, 0.33888862, 0.34700099, 0.34843636, 0.34979796, 0.34966990, 0.34940538, 0.34930876, 0.90723358E-1
0.35533345, 1.0000000, 0.99758494, 9.9670982, 9.9805851, 9.9902668, 9.9980383, 9.9990158, 9.9996681, 19.999998, 19.999998, 19.999983, 19.990009, 0.34966630, 0.34980306, 0.34990126, 0.34998012, 0.34999001, 0.34999663, 0.34999999, 0.34999999, 0.34999990, 0.34995005, 0.99758494
0.33051783, 1.0000000, 0.90767324, 8.5228338, 9.5316591, 9.7270813, 9.9163237, 9.9566174, 9.9834480, 19.998175, 19.999521, 19.999781, 19.981079, 0.33522832, 0.34531659, 0.34727082, 0.34916323, 0.34956616, 0.34983447, 0.34999087, 0.34999761, 0.34999889, 0.34990540, 0.90767324
0.28837562, 1.0000000, 0.75498402, 5.6630440, 9.3031006, 9.5634842, 9.8212318, 9.9023066, 9.9611683, 19.995874, 19.998915, 19.998478, 19.958214, 0.30662915, 0.34302974, 0.34563419, 0.34821218, 0.34902301, 0.34961167, 0.34997937, 0.34999457, 0.34999239, 0.34979108, 0.75498402
0.24497862, 1.0000000, 0.59774858, 2.9446869, 8.6453810, 9.4835348, 9.7418203, 9.8503389, 9.9355373, 19.991985, 19.997892, 19.994923, 19.937483, 0.27944103, 0.33644351, 0.34482971, 0.34741703, 0.34850278, 0.34935516, 0.34995991, 0.34998947, 0.34997460, 0.34968740, 0.59774858
0.21705180, 1.0000000, 0.49656451, 2.1636844, 6.5943937, 9.4522142, 9.7082205, 9.8232489, 9.9190855, 19.989777, 19.997227, 19.988708, 19.919664, 0.27163255, 0.31593609, 0.34451655, 0.34708104, 0.34823188, 0.34919065, 0.34994888, 0.34998614, 0.34994355, 0.34959832, 0.49656451
0.21736625, 1.0000000, 0.49770379, 2.3206949, 6.3543487, 9.4858274, 9.7118473, 9.8198051, 9.9129219, 19.988459, 19.996540, 19.979645, 19.904976, 0.27320099, 0.31353372, 0.34485099, 0.34711698, 0.34819731, 0.34912896, 0.34994230, 0.34998271, 0.34989822, 0.34952489, 0.49770379
0.35600001, 1.0000000, 1.0000000, 9.9999990, 9.9999990, 9.9999990, 9.9999990, 9.9999990, 9.9999962, 19.999998, 19.999998, 19.999992, 19.998999, 0.34999999, 0.34999999, 0.34999999, 0.34999999, 0.34999999, 0.34999996, 0.34999999, 0.34999999, 0.34999996, 0.34999499, 1.0000000
0.32757065, 1.0000000, 0.89699501, 8.3531637, 9.4764013, 9.6951962, 9.9075727, 9.9520941, 9.9818506, 19.998104, 19.999504, 19.999619, 19.975210, 0.33352834, 0.34476179, 0.34695080, 0.34907550, 0.34952083, 0.34981847, 0.34999052, 0.34999752, 0.34999809, 0.34987605, 0.89699501
0.33761656, 1.0000000, 0.93339330, 9.0900993, 9.4771843, 9.6743851, 9.8682632, 9.9280815, 9.9716492, 19.997221, 19.999277, 19.997967, 19.952837, 0.34089750, 0.34476966, 0.34674275, 0.34868240, 0.34928069, 0.34971645, 0.34998611, 0.34999639, 0.34998983, 0.34976417, 0.93339330
0.35599631, 1.0000000, 0.99998647, 9.9998741, 9.9999275, 9.9999638, 9.9999933, 9.9999933, 9.9999990, 19.999998, 19.999998, 19.999998, 19.996996, 0.34999812, 0.34999889, 0.34999946, 0.34999990, 0.34999990, 0.34999999, 0.34999999, 0.34999999, 0.34999999, 0.34998497, 0.99998647
0.35597253, 1.0000000, 0.99990046, 9.9986916, 9.9992161, 9.9996033, 9.9999218, 9.9999580, 9.9999876, 19.999998, 19.999998, 19.999990, 19.991999, 0.34998631, 0.34999180, 0.34999585, 0.34999919, 0.34999955, 0.34999987, 0.34999999, 0.34999999, 0.34999996, 0.34996000, 0.99990046
0.35599494, 1.0000000, 0.99998164, 9.9998741, 9.9999247, 9.9999638, 9.9999933, 9.9999933, 9.9999990, 19.999998, 19.999998, 19.999998, 19.996996, 0.34999746, 0.34999847, 0.34999925, 0.34999985, 0.34999990, 0.34999999, 0.34999999, 0.34999999, 0.34999999, 0.34998497, 0.99998164
0.35600001, 1.0000000, 1.0000000, 9.9999990, 9.9999990, 9.9999990, 9.9999990, 9.9999990, 9.9999990, 19.999998, 19.999998, 19.999998, 19.998999, 0.34999999, 0.34999999, 0.34999999, 0.34999999, 0.34999999, 0.34999999, 0.34999999, 0.34999999, 0.34999999, 0.34999499, 1.0000000
0.35600001, 1.0000000, 0.99999988, 9.9999990, 9.9999962, 9.9999990, 9.9999990, 9.9999990, 9.9999990, 19.999998, 19.999998, 19.999998, 19.996996, 0.34999999, 0.34999996, 0.34999999, 0.34999999, 0.34999999, 0.34999999, 0.34999999, 0.34999999, 0.34999999, 0.34998497, 0.99999988
0.32086310, 1.0000000, 0.87269235, 7.8998389, 9.4366579, 9.6685801, 9.8934813, 9.9444857, 9.9783621, 19.997198, 19.999266, 19.999495, 19.973253, 0.32899651, 0.34436524, 0.34668511, 0.34893468, 0.34944481, 0.34978360, 0.34998599, 0.34999633, 0.34999746, 0.34986627, 0.87269235
0.27479964, 1.0000000, 0.70579576, 4.7199216, 9.2577810, 9.5284815, 9.7925329, 9.8848925, 9.9526320, 19.993773, 19.998371, 19.997517, 19.950993, 0.29719475, 0.34257257, 0.34528211, 0.34792477, 0.34884867, 0.34952623, 0.34996885, 0.34999186, 0.34998757, 0.34975496, 0.70579576
0.35592127, 1.0000000, 0.99971473, 9.9971924, 9.9983130, 9.9991560, 9.9998322, 9.9999161, 9.9999723, 19.999998, 19.999998, 19.999998, 19.994993, 0.34996077, 0.34997645, 0.34998822, 0.34999767, 0.34999883, 0.34999961, 0.34999999, 0.34999999, 0.34999999, 0.34997496, 0.99971473
0.35600001, 1.0000000, 1.0000000, 9.9999990, 9.9999990, 9.9999990, 9.9999990, 9.9999990, 9.9999990, 19.999998, 19.999998, 19.999998, 19.998999, 0.34999999, 0.34999999, 0.34999999, 0.34999999, 0.34999999, 0.34999999, 0.34999999, 0.34999999, 0.34999999, 0.34999499, 1.0000000
0.32721049, 1.0000000, 0.89569020, 8.3066216, 9.5011492, 9.7114773, 9.9130878, 9.9550266, 9.9828358, 19.998056, 19.999498, 19.999630, 19.975210, 0.33306479, 0.34501052, 0.34711426, 0.34913078, 0.34955022, 0.34982833, 0.34999028, 0.34999749, 0.34999815, 0.34987605, 0.89569020
0.30118674, 1.0000000, 0.80140114, 6.5042534, 9.4089737, 9.6370258, 9.8616962, 9.9250917, 9.9709291, 19.997400, 19.999319, 19.998003, 19.952820, 0.31503117, 0.34407988, 0.34636521, 0.34861591, 0.34925041, 0.34970912, 0.34998700, 0.34999660, 0.34999001, 0.34976411, 0.80140114
0.27503508, 1.0000000, 0.70664889, 4.6238074, 9.3979492, 9.6164370, 9.8235712, 9.8997431, 9.9586878, 19.996012, 19.998960, 19.993986, 19.932806, 0.29623535, 0.34397617, 0.34616268, 0.34823537, 0.34899724, 0.34958681, 0.34998006, 0.34999481, 0.34996992, 0.34966403, 0.70664889
0.24181822, 1.0000000, 0.58629787, 2.8326154, 8.4367352, 9.5034018, 9.7569284, 9.8577499, 9.9383659, 19.993425, 19.998184, 19.987015, 19.915733, 0.27832511, 0.33436546, 0.34503293, 0.34756908, 0.34857738, 0.34938362, 0.34996712, 0.34999090, 0.34993508, 0.34957868, 0.58629787
0.21663120, 1.0000000, 0.49504057, 2.1209240, 6.5982661, 9.4800539, 9.7234278, 9.8322506, 9.9229364, 19.990984, 19.997154, 19.977219, 19.901800, 0.27120653, 0.31597757, 0.34479690, 0.34723353, 0.34832212, 0.34922925, 0.34995490, 0.34998578, 0.34988609, 0.34950900, 0.49504057
0.19794858, 1.0000000, 0.42734990, 1.6419381, 5.1328273, 9.4958973, 9.7211542, 9.8262186, 9.9161043, 19.989328, 19.995737, 19.965153, 19.890795, 0.26641706, 0.30132389, 0.34495491, 0.34721071, 0.34826177, 0.34916088, 0.34994665, 0.34997869, 0.34982577, 0.34945399, 0.42734990
0.17930478, 1.0000000, 0.35979995, 1.1983782, 3.6390636, 9.4623327, 9.7040043, 9.8140564, 9.9084644, 19.987827, 19.993299, 19.951651, 19.882374, 0.26198286, 0.28638893, 0.34462112, 0.34703961, 0.34814033, 0.34908456, 0.34993914, 0.34996650, 0.34975827, 0.34941188, 0.35979995
0.16593966, 1.0000000, 0.31137559, 0.86060762, 2.8179049, 9.0035400, 9.7016382, 9.8106289, 9.9048042, 19.986370, 19.989328, 19.937681, 19.876019, 0.25860491, 0.27817678, 0.34003177, 0.34701562, 0.34810591, 0.34904793, 0.34993184, 0.34994665, 0.34968841, 0.34938008, 0.31137559
0.24141185, 1.0000000, 0.58482552, 2.9079347, 8.2650404, 9.5006456, 9.7575283, 9.8406591, 9.9158659, 19.986340, 19.983839, 19.924215, 19.871317, 0.27907732, 0.33264694, 0.34500447, 0.34757486, 0.34840637, 0.34915859, 0.34993169, 0.34991920, 0.34962109, 0.34935659, 0.58482552
0.34722430, 1.0000000, 0.96820390, 9.5305233, 9.7833652, 9.8853083, 9.9732456, 9.9864855, 9.9952211, 19.999731, 19.999933, 19.999950, 19.987026, 0.34530523, 0.34783366, 0.34885308, 0.34973246, 0.34986484, 0.34995222, 0.34999865, 0.34999967, 0.34999976, 0.34993511, 0.96820390
0.32904679, 1.0000000, 0.90234339, 8.4247656, 9.5188494, 9.7235136, 9.9190998, 9.9582720, 9.9842558, 19.998371, 19.999582, 19.999798, 19.982075, 0.33424765, 0.34518850, 0.34723514, 0.34919101, 0.34958273, 0.34984255, 0.34999186, 0.34999791, 0.34999898, 0.34991038, 0.90234339
0.35487872, 1.0000000, 0.99593735, 9.9437618, 9.9672699, 9.9835339, 9.9966650, 9.9983330, 9.9994450, 19.999998, 19.999998, 19.999989, 19.991005, 0.34943637, 0.34967196, 0.34983495, 0.34996656, 0.34998330, 0.34999445, 0.34999999, 0.34999999, 0.34999993, 0.34995502, 0.99593735
0.34852749, 1.0000000, 0.97292554, 9.6464376, 9.7559023, 9.8698101, 9.9686565, 9.9841452, 9.9942894, 19.999582, 19.999886, 19.999964, 19.988997, 0.34646437, 0.34755903, 0.34869811, 0.34968656, 0.34984145, 0.34994289, 0.34999791, 0.34999943, 0.34999982, 0.34994498, 0.97292554
0.32084090, 1.0000000, 0.87261200, 7.8805804, 9.4601917, 9.6786919, 9.8970928, 9.9461432, 9.9799852, 19.998497, 19.999605, 19.999241, 19.965666, 0.32880533, 0.34460157, 0.34678674, 0.34897089, 0.34946141, 0.34979984, 0.34999248, 0.34999803, 0.34999621, 0.34982833, 0.87261200
0.28167775, 1.0000000, 0.73071647, 5.1821203, 9.2990160, 9.5592632, 9.8140936, 9.8974295, 9.9592762, 19.996284, 19.999027, 19.996624, 19.944138, 0.30181932, 0.34298816, 0.34559157, 0.34814072, 0.34897417, 0.34959272, 0.34998143, 0.34999514, 0.34998313, 0.34972069, 0.73071647
0.33640563, 1.0000000, 0.92900586, 9.2997389, 9.0860910, 9.4965668, 9.7469339, 9.8524961, 9.9365110, 19.992998, 19.998154, 19.991306, 19.925291, 0.34299737, 0.34086090, 0.34496567, 0.34746933, 0.34852496, 0.34936512, 0.34996498, 0.34999079, 0.34995654, 0.34962645, 0.92900586
0.30858514, 1.0000000, 0.82820696, 7.1476121, 9.2956018, 9.5347462, 9.7474146, 9.8458557, 9.9284410, 19.990984, 19.997452, 19.983164, 19.909559, 0.32147133, 0.34295225, 0.34534553, 0.34747377, 0.34845835, 0.34928435, 0.34995490, 0.34998727, 0.34991580, 0.34954780, 0.82820696
0.25988600, 1.0000000, 0.65176082, 3.6958389, 9.2041559, 9.4698229, 9.7096500, 9.8205280, 9.9135303, 19.987549, 19.995970, 19.972252, 19.896860, 0.28695655, 0.34203881, 0.34469679, 0.34709620, 0.34820512, 0.34913525, 0.34993774, 0.34997985, 0.34986126, 0.34948429, 0.65176082
0.24627413, 1.0000000, 0.60244244, 2.8998227, 8.8191252, 9.5932741, 9.7576561, 9.8438530, 9.9202023, 19.987286, 19.994520, 19.959585, 19.886999, 0.27899653, 0.33818814, 0.34593108, 0.34757623, 0.34843835, 0.34920198, 0.34993643, 0.34997261, 0.34979793, 0.34943500, 0.60244244
0.23648809, 1.0000000, 0.56698579, 2.6045144, 8.1204042, 9.6053162, 9.7768869, 9.8551588, 9.9247494, 19.987391, 19.991909, 19.945900, 19.879511, 0.27604452, 0.33120289, 0.34605247, 0.34776872, 0.34855151, 0.34924746, 0.34993696, 0.34995955, 0.34972951, 0.34939754, 0.56698579
0.21774273, 1.0000000, 0.49906784, 2.1148710, 6.7173042, 9.5232449, 9.7489376, 9.8407793, 9.9193735, 19.986500, 19.987352, 19.932043, 19.873884, 0.27114785, 0.31717137, 0.34523126, 0.34748915, 0.34840769, 0.34919372, 0.34993249, 0.34993675, 0.34966022, 0.34936941, 0.49906784
0.24193347, 1.0000000, 0.58671540, 2.8394670, 8.4104252, 9.5636377, 9.7565451, 9.8439894, 9.9199266, 19.985668, 19.980803, 19.918896, 19.869741, 0.27839291, 0.33410114, 0.34563461, 0.34756508, 0.34843972, 0.34919921, 0.34992835, 0.34990400, 0.34959447, 0.34934872, 0.58671540
0.35532159, 1.0000000, 0.99754196, 9.9660444, 9.9800854, 9.9899845, 9.9979792, 9.9989891, 9.9996653, 19.999998, 19.999998, 19.999983, 19.990009, 0.34965977, 0.34980044, 0.34989962, 0.34997976, 0.34998986, 0.34999666, 0.34999999, 0.34999999, 0.34999990, 0.34995005, 0.99754196
0.35600001, 1.0000000, 1.0000000, 9.9999990, 9.9999990, 9.9999990, 9.9999990, 9.9999990, 9.9999990, 19.999998, 19.999998, 19.999990, 19.992998, 0.34999999, 0.34999999, 0.34999999, 0.34999999, 0.34999999, 0.34999999, 0.34999999, 0.34999999, 0.34999996, 0.34996498, 1.0000000
0.34946644, 1.0000000, 0.97632772, 9.6590033, 9.8276672, 9.9104538, 9.9802008, 9.9709005, 9.9873285, 19.999254, 19.999802, 19.999794, 19.979116, 0.34659004, 0.34827667, 0.34910452, 0.34980202, 0.34970900, 0.34987327, 0.34999627, 0.34999901, 0.34999898, 0.34989560, 0.97632772
0.32318878, 1.0000000, 0.88111877, 8.0451183, 9.4682140, 9.6844149, 9.8943338, 9.9300890, 9.9708643, 19.997036, 19.999218, 19.998369, 19.956398, 0.33044943, 0.34468091, 0.34684351, 0.34894323, 0.34930083, 0.34970862, 0.34998518, 0.34999609, 0.34999186, 0.34978199, 0.88111877
0.29005802, 1.0000000, 0.76107967, 5.7601848, 9.3346033, 9.5845747, 9.8265076, 9.8957529, 9.9562473, 19.995897, 19.998919, 19.994818, 19.935925, 0.30759752, 0.34334183, 0.34584361, 0.34826463, 0.34895733, 0.34956238, 0.34997949, 0.34999460, 0.34997410, 0.34967962, 0.76107967
0.26389968, 1.0000000, 0.66630316, 3.8656225, 9.3395233, 9.5778065, 9.7989731, 9.8791199, 9.9471674, 19.995203, 19.998699, 19.988470, 19.918394, 0.28865433, 0.34339246, 0.34577665, 0.34798944, 0.34879103, 0.34947163, 0.34997600, 0.34999350, 0.34994236, 0.34959197, 0.66630316
0.23501197, 1.0000000, 0.56163752, 2.6092649, 7.9910741, 9.5007639, 9.7478342, 9.8477974, 9.9313669, 19.993504, 19.997952, 19.979179, 19.903942, 0.27608854, 0.32990319, 0.34500313, 0.34747741, 0.34847748, 0.34931353, 0.34996751, 0.34998977, 0.34989589, 0.34951970, 0.56163752
0.22140998, 1.0000000, 0.51235497, 2.4856596, 6.5428243, 9.5238428, 9.7403383, 9.8392849, 9.9236174, 19.991795, 19.996651, 19.967451, 19.892469, 0.27485555, 0.31542659, 0.34523720, 0.34740314, 0.34839272, 0.34923616, 0.34995896, 0.34998325, 0.34983724, 0.34946233, 0.51235497
0.35600001, 1.0000000, 0.99999988, 9.9999990, 9.9999962, 9.9999990, 9.9999990, 9.9999990, 9.9999990, 19.999998, 19.999998, 19.999998, 19.997997, 0.34999999, 0.34999996, 0.34999999, 0.34999999, 0.34999999, 0.34999999, 0.34999999, 0.34999999, 0.34999999, 0.34998998, 0.99999988
0.35599875, 1.0000000, 0.99999541, 9.9999990, 9.9999990, 9.9999990, 9.9999990, 9.9999990, 9.9999990, 19.999998, 19.999998, 19.999998, 19.996996, 0.34999937, 0.34999961, 0.34999982, 0.34999996, 0.34999996, 0.34999999, 0.34999999, 0.34999999, 0.34999999, 0.34998497, 0.99999541
0.34799439, 1.0000000, 0.97099411, 9.5743904, 9.7998514, 9.8945084, 9.9762650, 9.9880314, 9.9958677, 19.999868, 19.999964, 19.999962, 19.986532, 0.34573743, 0.34799454, 0.34894308, 0.34976223, 0.34988010, 0.34995863, 0.34999934, 0.34999982, 0.34999982, 0.34993267, 0.97099411
0.31223559, 1.0000000, 0.84143329, 7.3158660, 9.3885326, 9.6328535, 9.8777437, 9.9358168, 9.9757309, 19.997793, 19.999414, 19.999035, 19.963316, 0.32315442, 0.34388205, 0.34632686, 0.34877709, 0.34935799, 0.34975725, 0.34998897, 0.34999707, 0.34999517, 0.34981659, 0.84143329
0.35600001, 1.0000000, 1.0000000, 9.9999990, 9.9999990, 9.9999990, 9.9999990, 9.9999990, 9.9999990, 19.999998, 19.999998, 19.999998, 19.997992, 0.34999999, 0.34999999, 0.34999999, 0.34999999, 0.34999999, 0.34999999, 0.34999999, 0.34999999, 0.34999999, 0.34998995, 1.0000000
0.33452636, 1.0000000, 0.92219687, 8.7913284, 9.5568686, 9.7473955, 9.9307356, 9.9644489, 9.9871588, 19.999201, 19.999790, 19.999681, 19.974253, 0.33791074, 0.34556702, 0.34747311, 0.34930718, 0.34964439, 0.34987155, 0.34999600, 0.34999895, 0.34999841, 0.34987128, 0.92219687
0.33310568, 1.0000000, 0.91704947, 8.6814003, 9.5655117, 9.7539787, 9.9330521, 9.9656744, 9.9875040, 19.999111, 19.999760, 19.999809, 19.980116, 0.33680907, 0.34565187, 0.34753811, 0.34933019, 0.34965658, 0.34987497, 0.34999555, 0.34999880, 0.34999904, 0.34990057, 0.91704947
0.29312932, 1.0000000, 0.77220768, 6.0002036, 9.3093395, 9.5727158, 9.8368797, 9.9121466, 9.9661436, 19.997103, 19.999241, 19.998480, 19.957323, 0.30999789, 0.34308955, 0.34572518, 0.34836838, 0.34912124, 0.34966138, 0.34998551, 0.34999621, 0.34999239, 0.34978661, 0.77220768
0.26704475, 1.0000000, 0.67769831, 4.0911098, 9.3425674, 9.5791187, 9.8034239, 9.8877106, 9.9539032, 19.996166, 19.998989, 19.995031, 19.936766, 0.29090720, 0.34342033, 0.34578845, 0.34803367, 0.34887680, 0.34953895, 0.34998083, 0.34999496, 0.34997517, 0.34968382, 0.67769831
0.35599118, 1.0000000, 0.99996799, 9.9996204, 9.9997702, 9.9998865, 9.9999752, 9.9999876, 9.9999933, 19.999998, 19.999998, 19.999996, 19.993994, 0.34999558, 0.34999734, 0.34999868, 0.34999973, 0.34999985, 0.34999993, 0.34999999, 0.34999999, 0.34999996, 0.34996998, 0.99996799
0.35600001, 1.0000000, 1.0000000, 9.9999990, 9.9999990, 9.9999990, 9.9999990, 9.9999990, 9.9999990, 19.999998, 19.999998, 19.999998, 19.998999, 0.34999999, 0.34999999, 0.34999999, 0.34999999, 0.34999999, 0.34999999, 0.34999999, 0.34999999, 0.34999999, 0.34999499, 1.0000000
0.35600001, 1.0000000, 1.0000000, 9.9999990, 9.9999990, 9.9999990, 9.9999990, 9.9999990, 9.9999990, 19.999998, 19.999998, 19.999998, 19.996996, 0.34999999, 0.34999999, 0.34999999, 0.34999999, 0.34999999, 0.34999999, 0.34999999, 0.34999999, 0.34999999, 0.34998497, 1.0000000
0.34660971, 1.0000000, 0.96597707, 9.5346222, 9.7213249, 9.8494415, 9.9647923, 9.9821873, 9.9938517, 19.999844, 19.999958, 19.999685, 19.973301, 0.34534621, 0.34721324, 0.34849441, 0.34964794, 0.34982187, 0.34993851, 0.34999922, 0.34999979, 0.34999841, 0.34986651, 0.96597707
0.34087855, 1.0000000, 0.94521207, 9.2225142, 9.5916805, 9.7715492, 9.9385338, 9.9685659, 9.9884109, 19.998997, 19.999737, 19.999889, 19.986019, 0.34222513, 0.34591681, 0.34771550, 0.34938532, 0.34968567, 0.34988409, 0.34999499, 0.34999868, 0.34999946, 0.34993011, 0.94521207
0.33639425, 1.0000000, 0.92896467, 9.0233669, 9.4446630, 9.6623964, 9.8793449, 9.9357252, 9.9755259, 19.997961, 19.999468, 19.999004, 19.962851, 0.34023246, 0.34444585, 0.34662357, 0.34879336, 0.34935722, 0.34975526, 0.34998980, 0.34999734, 0.34999502, 0.34981424, 0.92896467
0.31758881, 1.0000000, 0.86082906, 7.6752539, 9.4351292, 9.6426020, 9.8418732, 9.9114399, 9.9643364, 19.996857, 19.999182, 19.996191, 19.941648, 0.32675233, 0.34435114, 0.34642592, 0.34841871, 0.34911439, 0.34964335, 0.34998429, 0.34999591, 0.34998095, 0.34970826, 0.86082906
0.31807482, 1.0000000, 0.86258996, 7.7158322, 9.4321022, 9.6358480, 9.8242836, 9.8975582, 9.9565754, 19.996189, 19.999001, 19.990707, 19.923231, 0.32715833, 0.34432101, 0.34635848, 0.34824282, 0.34897560, 0.34956574, 0.34998095, 0.34999502, 0.34995353, 0.34961617, 0.86258996
0.29811227, 1.0000000, 0.79026175, 6.2979021, 9.3980379, 9.6128445, 9.8095331, 9.8861713, 9.9499187, 19.995874, 19.998726, 19.982351, 19.907888, 0.31297901, 0.34398037, 0.34612843, 0.34809533, 0.34886172, 0.34949920, 0.34997937, 0.34999365, 0.34991175, 0.34953946, 0.79026175
0.26851583, 1.0000000, 0.68302834, 4.2061596, 9.3348951, 9.5696878, 9.7854671, 9.8701458, 9.9413881, 19.995441, 19.997992, 19.971371, 19.895592, 0.29206118, 0.34334841, 0.34569660, 0.34785461, 0.34870142, 0.34941387, 0.34997720, 0.34998995, 0.34985685, 0.34947795, 0.68302834
0.27252737, 1.0000000, 0.69756287, 4.4817328, 9.3589392, 9.5768576, 9.7731218, 9.8602018, 9.9340715, 19.993902, 19.996141, 19.958412, 19.886019, 0.29481512, 0.34358662, 0.34576714, 0.34773093, 0.34860188, 0.34934065, 0.34996951, 0.34998071, 0.34979206, 0.34943008, 0.69756287
0.25798765, 1.0000000, 0.64488274, 3.3961046, 9.3998394, 9.6000595, 9.7777367, 9.8604231, 9.9316683, 19.992907, 19.993109, 19.944540, 19.878771, 0.28396031, 0.34399715, 0.34599999, 0.34777725, 0.34860417, 0.34931666, 0.34996453, 0.34996554, 0.34972268, 0.34939384, 0.64488274
0.23285277, 1.0000000, 0.55381435, 2.4402471, 8.0063171, 9.5113897, 9.7409258, 9.8388195, 9.9211769, 19.990852, 19.988033, 19.930593, 19.873318, 0.27440247, 0.33006316, 0.34511390, 0.34740925, 0.34838820, 0.34921175, 0.34995425, 0.34994018, 0.34965298, 0.34936661, 0.55381435
0.21129125, 1.0000000, 0.47569293, 1.8962562, 6.3212967, 9.4931421, 9.7231169, 9.8262672, 9.9142199, 19.989325, 19.981071, 19.917532, 19.869329, 0.26896092, 0.31320971, 0.34492898, 0.34723067, 0.34826243, 0.34914210, 0.34994662, 0.34990537, 0.34958765, 0.34934664, 0.47569293
0.20300904, 1.0000000, 0.44568488, 1.9686341, 5.1743650, 9.5399542, 9.7411852, 9.8345919, 9.9161406, 19.988346, 19.972252, 19.905884, 19.866423, 0.26968545, 0.30174226, 0.34539828, 0.34741157, 0.34834582, 0.34916139, 0.34994173, 0.34986126, 0.34952942, 0.34933212, 0.44568488
0.19111013, 1.0000000, 0.40257290, 1.8933028, 3.8776352, 9.5133305, 9.7276506, 9.8265352, 9.9120321, 19.985983, 19.961433, 19.895828, 19.864300, 0.26893303, 0.28877634, 0.34513330, 0.34727651, 0.34826535, 0.34912032, 0.34992993, 0.34980717, 0.34947914, 0.34932148, 0.40257290
0.17335574, 1.0000000, 0.33824545, 1.3462037, 2.9116213, 8.9917603, 9.6954250, 9.8076115, 9.9033070, 19.981958, 19.949207, 19.887417, 19.862753, 0.26345879, 0.27911201, 0.33991110, 0.34695286, 0.34807539, 0.34903282, 0.34990978, 0.34974605, 0.34943709, 0.34931377, 0.33824545
0.16168988, 0.98649406, 0.29597783, 0.97880065, 2.5109828, 8.1993942, 9.6962280, 9.8062906, 9.9011621, 19.976980, 19.936544, 19.880669, 19.861660, 0.25978571, 0.27510628, 0.33198816, 0.34696090, 0.34806222, 0.34901139, 0.34988490, 0.34968272, 0.34940335, 0.34930831, 0.29597783
0.35588324, 1.0000000, 0.99957681, 9.9954443, 9.9972649, 9.9986315, 9.9997253, 9.9998589, 9.9999542, 19.999998, 19.998640, 19.924437, 19.860897, 0.34994179, 0.34996510, 0.34998253, 0.34999651, 0.34999821, 0.34999943, 0.34999999, 0.34999320, 0.34962219, 0.34930450, 0.99957681
0.35600001, 1.0000000, 1.0000000, 9.9999990, 9.9999990, 9.9999990, 9.9999990, 9.9999990, 9.9999990, 19.999998, 19.999998, 19.999998, 19.998999, 0.34999999, 0.34999999, 0.34999999, 0.34999999, 0.34999999, 0.34999999, 0.34999999, 0.34999999, 0.34999999, 0.34999499, 1.0000000
0.35599726, 1.0000000, 0.99998999, 9.9999990, 9.9999990, 9.9999990, 9.9999990, 9.9999990, 9.9999990, 19.999998, 19.999998, 19.999998, 19.998999, 0.34999862, 0.34999916, 0.34999958, 0.34999990, 0.34999996, 0.34999999, 0.34999999, 0.34999999, 0.34999999, 0.34999499, 0.99998999
0.35015249, 1.0000000, 0.97881341, 9.9087086, 9.5746460, 9.7591953, 9.9353895, 9.9669065, 9.9881077, 19.999302, 19.999821, 19.999813, 19.979128, 0.34908709, 0.34574646, 0.34759194, 0.34935391, 0.34966907, 0.34988108, 0.34999651, 0.34999910, 0.34999907, 0.34989566, 0.97881341
0.34907979, 1.0000000, 0.97492659, 9.8119936, 9.6343412, 9.7129030, 9.8981552, 9.9457855, 9.9796915, 19.998669, 19.999659, 19.998512, 19.956434, 0.34811994, 0.34634340, 0.34712905, 0.34898156, 0.34945786, 0.34979692, 0.34999335, 0.34999830, 0.34999257, 0.34978217, 0.97492659
0.33905578, 1.0000000, 0.93860793, 9.1400499, 9.5472040, 9.7123280, 9.8782835, 9.9325314, 9.9733028, 19.997900, 19.999460, 19.994972, 19.935966, 0.34139833, 0.34547070, 0.34712258, 0.34878269, 0.34932524, 0.34973300, 0.34998950, 0.34999731, 0.34997487, 0.34967983, 0.93860793
0.35554057, 1.0000000, 0.99833530, 9.9996204, 9.9979019, 9.9044046, 9.9626064, 9.9810047, 9.9930544, 19.999409, 19.999849, 19.999931, 19.986019, 0.34999555, 0.34997863, 0.34904385, 0.34962603, 0.34981003, 0.34993055, 0.34999704, 0.34999925, 0.34999967, 0.34993011, 0.99833530
0.35258412, 1.0000000, 0.98762357, 9.9744787, 9.7194595, 9.8314638, 9.9594002, 9.9794025, 9.9928846, 19.999826, 19.999950, 19.999928, 19.984056, 0.34974480, 0.34719461, 0.34831464, 0.34959400, 0.34979403, 0.34992886, 0.34999913, 0.34999976, 0.34999964, 0.34992027, 0.98762357
0.34210777, 1.0000000, 0.94966590, 9.3402090, 9.5696564, 9.7287703, 9.9056664, 9.9506292, 9.9822474, 19.999336, 19.999821, 19.998966, 19.961004, 0.34340209, 0.34569657, 0.34728771, 0.34905666, 0.34950629, 0.34982246, 0.34999669, 0.34999910, 0.34999484, 0.34980503, 0.94966590
0.33082563, 1.0000000, 0.90878844, 8.5465136, 9.5405731, 9.7143650, 9.8825417, 9.9357834, 9.9755411, 19.998795, 19.999678, 19.995968, 19.940001, 0.33546394, 0.34540492, 0.34714323, 0.34882534, 0.34935781, 0.34975541, 0.34999397, 0.34999838, 0.34997985, 0.34970000, 0.90878844
0.33092833, 1.0000000, 0.90916061, 8.6953506, 9.3698339, 9.6006632, 9.8202486, 9.8986044, 9.9587898, 19.996721, 19.999107, 19.990143, 19.921810, 0.33695352, 0.34369832, 0.34600663, 0.34820250, 0.34898603, 0.34958789, 0.34998360, 0.34999555, 0.34995073, 0.34960905, 0.90916061
0.35600001, 1.0000000, 1.0000000, 9.9999990, 9.9999990, 9.9999990, 9.9999990, 9.9999990, 9.9999990, 19.999998, 19.999998, 19.999998, 19.996996, 0.34999999, 0.34999999, 0.34999999, 0.34999999, 0.34999999, 0.34999999, 0.34999999, 0.34999999, 0.34999999, 0.34998497, 1.0000000
0.34643388, 1.0000000, 0.96534008, 9.6929903, 9.5104856, 9.7152681, 9.9141150, 9.9556732, 9.9836559, 19.998718, 19.999664, 19.999615, 19.973270, 0.34692702, 0.34510317, 0.34715182, 0.34914097, 0.34955665, 0.34983653, 0.34999359, 0.34999833, 0.34999806, 0.34986636, 0.96534008
0.32718357, 1.0000000, 0.89559263, 8.3367691, 9.4717674, 9.6758251, 9.8744583, 9.9321480, 9.9736729, 19.997669, 19.999397, 19.997814, 19.951052, 0.33336180, 0.34471366, 0.34675619, 0.34874415, 0.34932128, 0.34973666, 0.34998834, 0.34999698, 0.34998906, 0.34975526, 0.89559263
0.30047232, 1.0000000, 0.79881275, 6.4931641, 9.3642406, 9.5983324, 9.8213530, 9.8993702, 9.9588985, 19.996071, 19.998983, 19.993542, 19.931265, 0.31492677, 0.34363821, 0.34598118, 0.34821308, 0.34899351, 0.34958890, 0.34998035, 0.34999493, 0.34996772, 0.34965631, 0.79881275
0.26973745, 1.0000000, 0.68745452, 4.3126278, 9.3128786, 9.5560293, 9.7823210, 9.8724918, 9.9449635, 19.994429, 19.998457, 19.986404, 19.914492, 0.29312307, 0.34312463, 0.34555814, 0.34782276, 0.34872469, 0.34944957, 0.34997213, 0.34999228, 0.34993201, 0.34957245, 0.68745452
0.24507742, 1.0000000, 0.59810656, 2.9119253, 8.6794319, 9.5410357, 9.7603807, 9.8551588, 9.9341784, 19.992990, 19.997677, 19.976454, 19.900820, 0.27911764, 0.33679143, 0.34540877, 0.34760347, 0.34855139, 0.34934172, 0.34996495, 0.34998840, 0.34988227, 0.34950411, 0.59810656
0.29042807, 1.0000000, 0.76242054, 5.7285757, 9.4163599, 9.6242046, 9.7897453, 9.8679590, 9.9363909, 19.992979, 19.996641, 19.964359, 19.890074, 0.30728558, 0.34416342, 0.34624195, 0.34789744, 0.34867960, 0.34936392, 0.34996489, 0.34998322, 0.34982181, 0.34945038, 0.76242054
0.35600001, 1.0000000, 1.0000000, 9.9999990, 9.9999990, 9.9999990, 9.9999990, 9.9999990, 9.9999990, 19.999998, 19.999998, 19.999998, 19.998999, 0.34999999, 0.34999999, 0.34999999, 0.34999999, 0.34999999, 0.34999999, 0.34999999, 0.34999999, 0.34999999, 0.34999499, 1.0000000
0.35600001, 1.0000000, 1.0000000, 9.9999990, 9.9999990, 9.9999990, 9.9999990, 9.9999990, 9.9999990, 19.999998, 19.999998, 19.999998, 19.998999, 0.34999999, 0.34999999, 0.34999999, 0.34999999, 0.34999999, 0.34999999, 0.34999999, 0.34999999, 0.34999999, 0.34999499, 1.0000000
0.35600001, 1.0000000, 1.0000000, 9.9999990, 9.9999990, 9.9999990, 9.9999990, 9.9999990, 9.9999990, 19.999998, 19.999998, 19.999998, 19.996996, 0.34999999, 0.34999999, 0.34999999, 0.34999999, 0.34999999, 0.34999999, 0.34999999, 0.34999999, 0.34999999, 0.34998497, 1.0000000
0.35570902, 1.0000000, 0.99894565, 9.9854603, 9.9913683, 9.9956589, 9.9991293, 9.9995642, 9.9998560, 19.999998, 19.999998, 19.999975, 19.989016, 0.34985459, 0.34991369, 0.34995657, 0.34999129, 0.34999564, 0.34999856, 0.34999999, 0.34999999, 0.34999987, 0.34994507, 0.99894565
0.34872746, 1.0000000, 0.97365010, 9.6117725, 9.8192205, 9.9045172, 9.9788313, 9.9893312, 9.9963675, 19.999945, 19.999987, 19.999323, 19.965672, 0.34611750, 0.34819207, 0.34904507, 0.34978828, 0.34989330, 0.34996367, 0.34999973, 0.34999993, 0.34999663, 0.34982836, 0.97365010
0.34888643, 1.0000000, 0.97422606, 9.6226282, 9.8198290, 9.9053831, 9.9789057, 9.9893732, 9.9963226, 19.999891, 19.999969, 19.999969, 19.988020, 0.34622627, 0.34819829, 0.34905383, 0.34978905, 0.34989375, 0.34996322, 0.34999946, 0.34999985, 0.34999985, 0.34994009, 0.97422606
0.33532530, 1.0000000, 0.92509162, 8.7911386, 9.6302567, 9.7894106, 9.9444389, 9.9715357, 9.9901562, 19.999886, 19.999969, 19.999266, 19.964733, 0.33791140, 0.34630257, 0.34789410, 0.34944439, 0.34971535, 0.34990156, 0.34999943, 0.34999985, 0.34999633, 0.34982365, 0.92509162
0.29898745, 1.0000000, 0.79343271, 6.3784742, 9.3648357, 9.6088600, 9.8553200, 9.9225912, 9.9708576, 19.998169, 19.999516, 19.996588, 19.943314, 0.31378421, 0.34364793, 0.34608835, 0.34855315, 0.34922588, 0.34970859, 0.34999084, 0.34999758, 0.34998295, 0.34971657, 0.79343271
0.26128635, 1.0000000, 0.65683454, 3.7110379, 9.2964535, 9.5483704, 9.7910919, 9.8817358, 9.9521790, 19.996489, 19.999060, 19.991261, 19.924614, 0.28710958, 0.34296334, 0.34548309, 0.34791079, 0.34881729, 0.34952176, 0.34998244, 0.34999532, 0.34995630, 0.34962308, 0.65683454
0.23802742, 1.0000000, 0.57256311, 2.6558280, 8.2537727, 9.5407600, 9.7682495, 9.8626261, 9.9408455, 19.995869, 19.998716, 19.983099, 19.909027, 0.27655649, 0.33253437, 0.34540567, 0.34768212, 0.34862605, 0.34940839, 0.34997934, 0.34999359, 0.34991550, 0.34954512, 0.57256311
0.23985259, 1.0000000, 0.57917601, 2.7449667, 8.3458395, 9.5092201, 9.7376261, 9.8404303, 9.9274263, 19.994345, 19.997740, 19.972233, 19.896456, 0.27744776, 0.33345491, 0.34509021, 0.34737584, 0.34840408, 0.34927422, 0.34997171, 0.34998870, 0.34986117, 0.34948227, 0.57917601
0.28317425, 1.0000000, 0.73613852, 5.2748985, 9.2894487, 9.6403627, 9.7853308, 9.8632307, 9.9329424, 19.994345, 19.996372, 19.959507, 19.886721, 0.30274758, 0.34289300, 0.34640285, 0.34785315, 0.34863222, 0.34932938, 0.34997171, 0.34998184, 0.34979755, 0.34943360, 0.73613852
0.29771844, 1.0000000, 0.78883487, 6.3143654, 9.3491316, 9.5751591, 9.7721710, 9.8561802, 9.9289827, 19.993507, 19.993496, 19.945692, 19.879299, 0.31313768, 0.34348601, 0.34574887, 0.34772113, 0.34856153, 0.34928975, 0.34996754, 0.34996748, 0.34972847, 0.34939650, 0.78883487
0.27466905, 1.0000000, 0.70532256, 4.6141391, 9.3875141, 9.5959711, 9.7803907, 9.8601589, 9.9297419, 19.993212, 19.989035, 19.931852, 19.873743, 0.29613665, 0.34386936, 0.34595677, 0.34780329, 0.34860128, 0.34929731, 0.34996605, 0.34994519, 0.34965926, 0.34936872, 0.70532256
0.24505636, 1.0000000, 0.59803027, 2.9630065, 8.6027985, 9.5237560, 9.7464523, 9.8409672, 9.9209270, 19.991123, 19.982111, 19.918634, 19.869606, 0.27962822, 0.33602476, 0.34523576, 0.34746417, 0.34840950, 0.34920922, 0.34995562, 0.34991056, 0.34959316, 0.34934804, 0.59803027
0.22570640, 1.0000000, 0.52792168, 2.4217396, 7.1661801, 9.5323458, 9.7410736, 9.8360462, 9.9173050, 19.989038, 19.973156, 19.906767, 19.866611, 0.27421150, 0.32165134, 0.34531650, 0.34740931, 0.34835976, 0.34917280, 0.34994519, 0.34986579, 0.34953383, 0.34933305, 0.52792168
0.21069770, 1.0000000, 0.47354236, 2.0424485, 5.9730158, 9.5513706, 9.7483749, 9.8389778, 9.9176540, 19.987171, 19.962589, 19.896608, 19.864435, 0.27042419, 0.30972967, 0.34551331, 0.34748366, 0.34838974, 0.34917653, 0.34993586, 0.34981295, 0.34948304, 0.34932217, 0.47354236
0.19410333, 1.0000000, 0.41341788, 1.6246378, 4.6852427, 9.5167580, 9.7345400, 9.8310165, 9.9140463, 19.984043, 19.950640, 19.888100, 19.862873, 0.26624408, 0.29684842, 0.34516352, 0.34734458, 0.34830976, 0.34914032, 0.34992021, 0.34975320, 0.34944052, 0.34931436, 0.41341788
0.17729479, 1.0000000, 0.35251734, 1.2172729, 3.3567467, 9.4782104, 9.7149477, 9.8192978, 9.9085264, 19.979315, 19.938004, 19.881208, 19.861750, 0.26216906, 0.28356141, 0.34477359, 0.34714773, 0.34819210, 0.34908497, 0.34989658, 0.34969002, 0.34940603, 0.34930876, 0.35251734
0.35383236, 1.0000000, 0.99214613, 9.8943834, 9.9397945, 9.9695444, 9.9938097, 9.9968948, 9.9989653, 19.999998, 19.999998, 19.999983, 19.990009, 0.34890452, 0.34937426, 0.34968355, 0.34993571, 0.34996775, 0.34998927, 0.34999999, 0.34999999, 0.34999990, 0.34995005, 0.99214613
0.35065019, 1.0000000, 0.98061657, 9.7120695, 9.8714247, 9.9318142, 9.9769621, 9.9882393, 9.9947872, 19.998663, 19.999653, 19.999313, 19.966606, 0.34711832, 0.34871277, 0.34931740, 0.34976947, 0.34988233, 0.34994784, 0.34999332, 0.34999827, 0.34999657, 0.34983304, 0.98061657
0.32856557, 1.0000000, 0.90059978, 8.3819132, 9.5309172, 9.7282839, 9.9159050, 9.9563055, 9.9829731, 19.997757, 19.999414, 19.996895, 19.945015, 0.33381632, 0.34530726, 0.34728184, 0.34915885, 0.34956297, 0.34982970, 0.34998879, 0.34999707, 0.34998447, 0.34972507, 0.90059978
0.29563844, 1.0000000, 0.78129864, 6.1347132, 9.3690653, 9.6086845, 9.8469191, 9.9167137, 9.9673414, 19.996817, 19.999161, 19.991859, 19.926060, 0.31134257, 0.34368646, 0.34608471, 0.34846875, 0.34916693, 0.34967336, 0.34998408, 0.34999579, 0.34995931, 0.34963030, 0.78129864
0.25976914, 1.0000000, 0.65133739, 3.5966017, 9.3025084, 9.5519295, 9.7907648, 9.8803167, 9.9506330, 19.995590, 19.998682, 19.983900, 19.910192, 0.28596464, 0.34302294, 0.34551820, 0.34790742, 0.34880304, 0.34950629, 0.34997794, 0.34999341, 0.34991950, 0.34955096, 0.65133739
0.23665091, 1.0000000, 0.56757575, 2.6069224, 8.1709337, 9.5370808, 9.7646742, 9.8598576, 9.9385834, 19.994440, 19.997854, 19.973257, 19.897390, 0.27606860, 0.33170816, 0.34537011, 0.34764659, 0.34859851, 0.34938580, 0.34997219, 0.34998927, 0.34986627, 0.34948695, 0.56757575
0.21456391, 1.0000000, 0.48755038, 2.0354033, 6.4809899, 9.4969416, 9.7354212, 9.8388386, 9.9262753, 19.993284, 19.996258, 19.960571, 19.887417, 0.27035162, 0.31480527, 0.34496602, 0.34735352, 0.34838802, 0.34926262, 0.34996641, 0.34998128, 0.34980285, 0.34943709, 0.48755038
0.20161194, 1.0000000, 0.44062293, 1.7530262, 5.3594017, 9.5479689, 9.7515545, 9.8443060, 9.9251890, 19.993073, 19.993683, 19.946846, 19.879829, 0.26752922, 0.30359209, 0.34547797, 0.34751520, 0.34844288, 0.34925184, 0.34996536, 0.34996840, 0.34973425, 0.34939915, 0.44062293
0.35234648, 1.0000000, 0.98676252, 9.8120956, 9.8992453, 9.9484043, 9.9893026, 9.9946318, 9.9982023, 19.999998, 19.999998, 19.999983, 19.990009, 0.34812030, 0.34899208, 0.34948382, 0.34989300, 0.34994629, 0.34998202, 0.34999999, 0.34999999, 0.34999990, 0.34995005, 0.98676252
0.34608239, 1.0000000, 0.96406651, 9.4615421, 9.7661428, 9.8747053, 9.9699583, 9.9848022, 9.9945755, 19.999659, 19.999916, 19.999935, 19.985031, 0.34461543, 0.34766144, 0.34874704, 0.34969959, 0.34984803, 0.34994575, 0.34999830, 0.34999958, 0.34999967, 0.34992516, 0.96406651
0.31766725, 1.0000000, 0.86111313, 7.6548920, 9.4550934, 9.6748266, 9.8952017, 9.9451590, 9.9796238, 19.998486, 19.999611, 19.998981, 19.961931, 0.32654893, 0.34455094, 0.34674826, 0.34895203, 0.34945160, 0.34979624, 0.34999242, 0.34999806, 0.34999490, 0.34980965, 0.86111313
0.30585495, 1.0000000, 0.81831497, 6.7217679, 9.5596619, 9.7258825, 9.8872652, 9.9379873, 9.9760132, 19.998438, 19.999599, 19.996115, 19.940836, 0.31721666, 0.34559575, 0.34725839, 0.34887257, 0.34937981, 0.34976009, 0.34999219, 0.34999800, 0.34998056, 0.34970418, 0.81831497
0.28588849, 1.0000000, 0.74597281, 5.3562078, 9.4607973, 9.6634855, 9.8561335, 9.9187098, 9.9677572, 19.998343, 19.999573, 19.990559, 19.922531, 0.30355716, 0.34460279, 0.34663221, 0.34856081, 0.34918684, 0.34967747, 0.34999171, 0.34999788, 0.34995279, 0.34961265, 0.74597281
0.25650284, 1.0000000, 0.63950300, 3.3327141, 9.3354483, 9.5764961, 9.8043861, 9.8870049, 9.9530983, 19.997089, 19.999048, 19.982002, 19.907320, 0.28332153, 0.34334508, 0.34576014, 0.34804288, 0.34886953, 0.34953082, 0.34998545, 0.34999526, 0.34991002, 0.34953660, 0.63950300
0.23474948, 1.0000000, 0.56068653, 2.4789512, 8.1533298, 9.5436726, 9.7721767, 9.8644295, 9.9407320, 19.995958, 19.998098, 19.970877, 19.895115, 0.27478170, 0.33151788, 0.34542769, 0.34771991, 0.34864336, 0.34940699, 0.34997979, 0.34999049, 0.34985438, 0.34947556, 0.56068653
0.21528909, 1.0000000, 0.49017778, 1.9860893, 6.6410890, 9.5175390, 9.7485676, 9.8469343, 9.9300394, 19.994850, 19.996319, 19.957895, 19.885674, 0.26985309, 0.31639525, 0.34516418, 0.34748337, 0.34846818, 0.34930000, 0.34997424, 0.34998161, 0.34978947, 0.34942836, 0.49017778
0.19631556, 1.0000000, 0.42143312, 1.5362591, 5.1166511, 9.4895363, 9.7275000, 9.8315716, 9.9204540, 19.993729, 19.993208, 19.944002, 19.878510, 0.26535451, 0.30115035, 0.34488037, 0.34727192, 0.34831417, 0.34920400, 0.34996864, 0.34996605, 0.34972000, 0.34939253, 0.42143312
0.17882359, 1.0000000, 0.35805649, 1.1513740, 3.6555505, 9.4695559, 9.7114449, 9.8196106, 9.9126530, 19.992622, 19.988297, 19.930140, 19.873137, 0.26151085, 0.28655002, 0.34468845, 0.34711298, 0.34819534, 0.34912628, 0.34996313, 0.34994149, 0.34965068, 0.34936568, 0.35805649
0.16553825, 1.0000000, 0.30992118, 0.83729625, 2.8383403, 8.9472609, 9.7024107, 9.8121681, 9.9071779, 19.991289, 19.981300, 19.917116, 19.869200, 0.25836790, 0.27837312, 0.33945638, 0.34702060, 0.34811988, 0.34907117, 0.34995645, 0.34990650, 0.34958559, 0.34934598, 0.30992118
0.15523028, 0.90848744, 0.27257350, 0.58611929, 2.4314313, 8.1107025, 9.6964941, 9.8072262, 9.9034081, 19.989649, 19.972229, 19.905481, 19.866323, 0.25585657, 0.27430284, 0.33108789, 0.34696037, 0.34806994, 0.34903330, 0.34994823, 0.34986115, 0.34952742, 0.34933162, 0.27257350
0.14439660, 0.77765882, 0.23332098, 0.37032068, 1.9829482, 7.1150608, 9.6674747, 9.7894554, 9.8952017, 19.987667, 19.961449, 19.895508, 19.864237, 0.25370139, 0.26982361, 0.32114005, 0.34667188, 0.34789309, 0.34895155, 0.34993833, 0.34980723, 0.34947753, 0.34932119, 0.23332098
0.13599837, 0.67624110, 0.20289262, 0.21539330, 1.6487092, 6.2728701, 9.6684361, 9.7882786, 9.8930254, 19.984554, 19.949406, 19.887222, 19.862732, 0.25215194, 0.26647794, 0.31271127, 0.34667900, 0.34788007, 0.34892932, 0.34992278, 0.34974703, 0.34943610, 0.34931368, 0.20289262
0.12876061, 0.58883727, 0.17666885, 0.11640489, 1.3532817, 5.4454041, 9.6613817, 9.7834311, 9.8902397, 19.980455, 19.936954, 19.880573, 19.861671, 0.25116333, 0.26352778, 0.30444387, 0.34661022, 0.34783250, 0.34890178, 0.34990227, 0.34968477, 0.34940287, 0.34930837, 0.17666885
0.12252638, 0.51355231, 0.15408111, 0.47522783E-1, 1.1034250, 4.6685915, 9.6563168, 9.7797709, 9.8879347, 19.974775, 19.924677, 19.875328, 19.860903, 0.25047514, 0.26103291, 0.29668304, 0.34656197, 0.34779710, 0.34887913, 0.34987387, 0.34962338, 0.34937665, 0.34930450, 0.15408111
0.35580635, 1.0000000, 0.99929833, 9.9938536, 9.9963169, 9.9981260, 9.9888220, 9.8918915, 9.9104376, 19.967890, 19.913292, 19.871283, 19.860355, 0.34993643, 0.34996191, 0.34998062, 0.34988809, 0.34891886, 0.34910434, 0.34983945, 0.34956646, 0.34935641, 0.34930179, 0.99929833
0.34515810, 1.0000000, 0.96071762, 9.4147234, 9.7501173, 9.8626604, 9.9324923, 9.8883657, 9.9205379, 19.959171, 19.902985, 19.868160, 19.859974, 0.34414014, 0.34749675, 0.34862438, 0.34932446, 0.34888342, 0.34920529, 0.34979585, 0.34951493, 0.34934080, 0.34929988, 0.96071762
0.32602736, 1.0000000, 0.89140338, 8.1988935, 9.5438814, 9.7231760, 9.8706656, 9.8794870, 9.9231319, 19.948826, 19.893961, 19.865774, 19.859686, 0.33197612, 0.34542987, 0.34722719, 0.34870574, 0.34879440, 0.34923115, 0.34974414, 0.34946981, 0.34932888, 0.34929842, 0.89140338
0.30974066, 1.0000000, 0.83239359, 7.0469522, 9.5146017, 9.6915274, 9.8429222, 9.8792048, 9.9255266, 19.937958, 19.886444, 19.863997, 19.859497, 0.32046020, 0.34513846, 0.34691143, 0.34842846, 0.34879166, 0.34925514, 0.34968978, 0.34943223, 0.34931999, 0.34929749, 0.83239359
0.28733826, 1.0000000, 0.75122547, 5.4929714, 9.4295778, 9.6330099, 9.8131580, 9.8705902, 9.9225636, 19.926744, 19.880262, 19.862688, 19.859352, 0.30492833, 0.34429437, 0.34632939, 0.34813145, 0.34870583, 0.34922561, 0.34963372, 0.34940130, 0.34931344, 0.34929675, 0.75122547
0.35596961, 1.0000000, 0.99988985, 9.9987803, 9.9992666, 9.9996300, 9.9999247, 9.9999666, 9.9999876, 19.999998, 19.999998, 19.999998, 19.994993, 0.34998485, 0.34999090, 0.34999540, 0.34999907, 0.34999958, 0.34999985, 0.34999999, 0.34999999, 0.34999999, 0.34997496, 0.99988985
0.35213947, 1.0000000, 0.98601258, 9.9484787, 9.7052650, 9.8387537, 9.9608526, 9.9801331, 9.9930630, 19.999743, 19.999933, 19.999857, 19.980116, 0.34948480, 0.34705263, 0.34838754, 0.34960854, 0.34980133, 0.34993064, 0.34999871, 0.34999967, 0.34999928, 0.34990057, 0.98601258
0.35409933, 1.0000000, 0.99311346, 9.9037218, 9.9460754, 9.9726381, 9.9941998, 9.9970798, 9.9989862, 19.999964, 19.999987, 19.999962, 19.987026, 0.34903416, 0.34945890, 0.34972546, 0.34994182, 0.34997070, 0.34998983, 0.34999982, 0.34999993, 0.34999982, 0.34993511, 0.99311346
0.34541100, 1.0000000, 0.96163410, 9.4173355, 9.7614107, 9.8707504, 9.9699106, 9.9847546, 9.9947987, 19.999928, 19.999975, 19.999203, 19.963797, 0.34417057, 0.34761238, 0.34870660, 0.34969893, 0.34984747, 0.34994796, 0.34999964, 0.34999987, 0.34999603, 0.34981897, 0.96163410
0.33084196, 1.0000000, 0.90884757, 8.4850750, 9.6094437, 9.7723961, 9.9345932, 9.9661407, 9.9881878, 19.999813, 19.999945, 19.996525, 19.942495, 0.33484778, 0.34609240, 0.34772292, 0.34934571, 0.34966129, 0.34988186, 0.34999907, 0.34999973, 0.34998262, 0.34971249, 0.90884757
0.32077307, 1.0000000, 0.87236613, 7.7506285, 9.6203384, 9.7701530, 9.9188480, 9.9566145, 9.9843540, 19.999773, 19.999918, 19.991201, 19.923941, 0.32750481, 0.34620231, 0.34770098, 0.34918836, 0.34956610, 0.34984350, 0.34999886, 0.34999961, 0.34995601, 0.34961969, 0.87236613
0.29406977, 1.0000000, 0.77561498, 5.9846549, 9.4127407, 9.6385403, 9.8610601, 9.9240513, 9.9716311, 19.999361, 19.999634, 19.982933, 19.908461, 0.30984268, 0.34412375, 0.34638354, 0.34861022, 0.34924033, 0.34971625, 0.34999681, 0.34999818, 0.34991467, 0.34954232, 0.77561498
0.27488732, 1.0000000, 0.70611346, 4.5627718, 9.4588366, 9.6561928, 9.8439140, 9.9108753, 9.9648237, 19.999361, 19.999037, 19.972071, 19.896053, 0.29562631, 0.34458661, 0.34656104, 0.34843898, 0.34910867, 0.34964821, 0.34999681, 0.34999520, 0.34986037, 0.34948027, 0.70611346
0.26017010, 1.0000000, 0.65279019, 3.4795647, 9.4824429, 9.6682425, 9.8387661, 9.9049358, 9.9603596, 19.999302, 19.997623, 19.959276, 19.886410, 0.28479218, 0.34481877, 0.34667954, 0.34838706, 0.34904906, 0.34960350, 0.34999651, 0.34998810, 0.34979638, 0.34943205, 0.65279019
0.25063860, 1.0000000, 0.61825585, 2.9414952, 9.2184486, 9.6861935, 9.8417292, 9.9043980, 9.9581814, 19.999300, 19.994921, 19.945467, 19.879070, 0.27941281, 0.34218046, 0.34685981, 0.34841686, 0.34904376, 0.34958175, 0.34999651, 0.34997460, 0.34972733, 0.34939533, 0.61825585
0.23475525, 1.0000000, 0.56070739, 2.5208056, 8.0497589, 9.5974884, 9.8057880, 9.8833218, 9.9484272, 19.998917, 19.990366, 19.931597, 19.873577, 0.27520770, 0.33049688, 0.34597448, 0.34805778, 0.34883317, 0.34948426, 0.34999460, 0.34995183, 0.34965798, 0.34936789, 0.56070739
0.22928467, 1.0000000, 0.54088652, 2.4069400, 7.5315270, 9.6868477, 9.8285961, 9.8933210, 9.9500265, 19.998716, 19.983847, 19.918516, 19.869534, 0.27406862, 0.32531378, 0.34686753, 0.34828579, 0.34893313, 0.34950024, 0.34999359, 0.34991923, 0.34959257, 0.34934765, 0.54088652
0.21470232, 1.0000000, 0.48805183, 2.0411224, 6.4415364, 9.5780220, 9.7927322, 9.8731718, 9.9412327, 19.997925, 19.975113, 19.906736, 19.866564, 0.27040508, 0.31440371, 0.34577155, 0.34792557, 0.34873083, 0.34941202, 0.34998962, 0.34987557, 0.34953368, 0.34933281, 0.48805183
0.19912837, 1.0000000, 0.43162453, 1.6778320, 5.1931014, 9.5325880, 9.7632055, 9.8547497, 9.9322701, 19.996487, 19.964500, 19.896585, 19.864418, 0.26677176, 0.30191886, 0.34531474, 0.34762976, 0.34854633, 0.34932232, 0.34998244, 0.34982249, 0.34948292, 0.34932208, 0.43162453
0.18473315, 1.0000000, 0.37946796, 1.3673902, 3.9835761, 9.5154991, 9.7459202, 9.8425379, 9.9252920, 19.994162, 19.952566, 19.888147, 19.862873, 0.26366609, 0.28982213, 0.34513873, 0.34745586, 0.34842372, 0.34925234, 0.34997082, 0.34976283, 0.34944075, 0.34931436, 0.37946796
0.17316100, 1.0000000, 0.33753985, 1.1426330, 2.9865801, 9.4657364, 9.7423792, 9.8384790, 9.9217949, 19.990801, 19.940054, 19.881323, 19.861761, 0.26141745, 0.27985188, 0.34463528, 0.34741926, 0.34838250, 0.34921718, 0.34995401, 0.34970027, 0.34940660, 0.34930879, 0.33753985
0.16513406, 1.0000000, 0.30845672, 0.94878376, 2.6757212, 8.7979670, 9.7388182, 9.8351908, 9.9190016, 19.985695, 19.927578, 19.875937, 19.860979, 0.25947732, 0.27673942, 0.33795041, 0.34738171, 0.34834862, 0.34918892, 0.34992847, 0.34963790, 0.34937969, 0.34930488, 0.30845672
0.15866685, 0.94998771, 0.28502482, 0.80530345, 2.4256647, 8.2150202, 9.7438574, 9.8371220, 9.9185343, 19.978729, 19.915810, 19.871737, 19.860409, 0.25804111, 0.27423513, 0.33211374, 0.34742993, 0.34836686, 0.34918389, 0.34989363, 0.34957904, 0.34935868, 0.34930205, 0.28502482
0.16867161, 1.0000000, 0.32127395, 1.7240763, 2.2870481, 7.8333883, 9.7727623, 9.8525314, 9.9233637, 19.969913, 19.905174, 19.868525, 19.860010, 0.26723021, 0.27286208, 0.32831949, 0.34772405, 0.34852350, 0.34923303, 0.34984958, 0.34952587, 0.34934261, 0.34930006, 0.32127395
0.16328731, 1.0000000, 0.30176562, 1.5375942, 2.1356730, 7.4498572, 9.7775030, 9.8561592, 9.9244776, 19.959541, 19.895901, 19.866102, 19.859728, 0.26537481, 0.27135578, 0.32449692, 0.34777460, 0.34856138, 0.34924471, 0.34979770, 0.34947950, 0.34933051, 0.34929866, 0.30176562
0.15948305, 0.95984417, 0.28798205, 1.4131039, 2.0303726, 7.1539841, 9.7928638, 9.8649168, 9.9268618, 19.948086, 19.888083, 19.864271, 19.859528, 0.26412770, 0.27030084, 0.32153475, 0.34792724, 0.34864846, 0.34926838, 0.34974045, 0.34944040, 0.34932137, 0.34929764, 0.28798205
0.15377545, 0.89091885, 0.26730239, 1.2241691, 1.8634498, 6.7407799, 9.7774105, 9.8568401, 9.9225025, 19.936171, 19.881653, 19.862900, 19.859381, 0.26224169, 0.26863450, 0.31740779, 0.34777409, 0.34856841, 0.34922501, 0.34968084, 0.34940827, 0.34931451, 0.34929690, 0.26730239
0.14649129, 0.80295455, 0.24091046, 0.99399090, 1.6456872, 6.1934042, 9.7451563, 9.8380051, 9.9128695, 19.924437, 19.876478, 19.861864, 19.859346, 0.25993901, 0.26645601, 0.31193241, 0.34745106, 0.34837979, 0.34912860, 0.34962219, 0.34938240, 0.34930933, 0.34929675, 0.24091046
0.14102136, 0.73689914, 0.22109185, 0.83633959, 1.4843583, 5.7220941, 9.7432718, 9.8344536, 9.9076653, 19.913387, 19.872377, 19.861122, 19.859346, 0.25836143, 0.26484150, 0.30721691, 0.34743136, 0.34834385, 0.34907642, 0.34956694, 0.34936190, 0.34930560, 0.34929675, 0.22109185
0.13631226, 0.68003178, 0.20402995, 0.70771873, 1.3452470, 5.2917180, 9.7434788, 9.8326826, 9.9031410, 19.903364, 19.869175, 19.860600, 19.859346, 0.25707552, 0.26345056, 0.30291343, 0.34743339, 0.34832615, 0.34903118, 0.34951681, 0.34934586, 0.34930301, 0.34929675, 0.20402995
0.13138625, 0.62054485, 0.18618208, 0.58178008, 1.1966377, 4.8241549, 9.7300024, 9.8235245, 9.8960762, 19.894651, 19.866711, 19.860224, 19.859346, 0.25581455, 0.26196235, 0.29823345, 0.34729674, 0.34823361, 0.34896019, 0.34947327, 0.34933355, 0.34930113, 0.34929675, 0.18618208
0.12898186, 0.59150910, 0.17747048, 0.52962601, 1.1312634, 4.5394301, 9.7612619, 9.8386211, 9.8979158, 19.887304, 19.864849, 19.859949, 19.859346, 0.25529391, 0.26130962, 0.29538825, 0.34761003, 0.34838492, 0.34897873, 0.34943652, 0.34932426, 0.34929973, 0.34929675, 0.17747048
0.12615719, 0.55739832, 0.16723622, 0.46611726, 1.0480434, 4.2329998, 9.7628069, 9.8387051, 9.8951340, 19.881226, 19.863430, 19.859772, 19.859346, 0.25466117, 0.26048043, 0.29233000, 0.34762806, 0.34838706, 0.34895134, 0.34940612, 0.34931713, 0.34929886, 0.34929675, 0.16723622
0.12228402, 0.51062554, 0.15320298, 0.38056970, 0.92857480, 3.8295171, 9.7343054, 9.8219900, 9.8866177, 19.876303, 19.862364, 19.859631, 19.859346, 0.25380537, 0.25928527, 0.28829420, 0.34734255, 0.34821963, 0.34886608, 0.34938151, 0.34931183, 0.34929815, 0.34929675, 0.15320298
0.11836714, 0.46332487, 0.13901137, 0.30221045, 0.81008971, 3.3899767, 9.7119360, 9.8074789, 9.8788853, 19.872377, 19.861568, 19.859585, 19.859346, 0.25301966, 0.25809699, 0.28389159, 0.34711468, 0.34807244, 0.34878805, 0.34936190, 0.34930784, 0.34929794, 0.34929675, 0.13901137
0.11483610, 0.42068365, 0.12621772, 0.23592114, 0.69892108, 2.9961348, 9.6326313, 9.7960768, 9.8725061, 19.869305, 19.860998, 19.859585, 19.859346, 0.25235826, 0.25698751, 0.27995768, 0.34632397, 0.34795958, 0.34872466, 0.34934652, 0.34930497, 0.34929794, 0.34929675, 0.12621772
0.11345762, 0.40403715, 0.12122327, 0.20827949, 0.64871609, 2.8868020, 9.4696455, 9.8140631, 9.8772087, 19.866922, 19.860580, 19.859585, 19.859346, 0.25208151, 0.25648478, 0.27886271, 0.34469298, 0.34813881, 0.34877148, 0.34933460, 0.34930289, 0.34929794, 0.34929675, 0.12122327
0.16505541, 1.0000000, 0.30817178, 2.5771618, 2.9534757, 2.8579056, 9.3794460, 9.8417759, 9.8860292, 19.865088, 19.860294, 19.859585, 19.859346, 0.27577120, 0.27953446, 0.27857891, 0.34379438, 0.34841770, 0.34886026, 0.34932545, 0.34930146, 0.34929794, 0.34929675, 0.30817178
0.16792908, 1.0000000, 0.31858361, 2.3023844, 2.1712482, 5.9778094, 9.6395149, 9.8632107, 9.8927965, 19.863693, 19.860081, 19.859585, 19.859346, 0.27302384, 0.27171248, 0.30977809, 0.34639513, 0.34863210, 0.34892797, 0.34931847, 0.34930041, 0.34929794, 0.34929675, 0.31858361
0.16402525, 1.0000000, 0.30443934, 2.1572204, 2.0882277, 5.6608086, 9.7602367, 9.8617964, 9.8918257, 19.862637, 19.859940, 19.859585, 19.859346, 0.27157220, 0.27088228, 0.30660808, 0.34760237, 0.34861797, 0.34891826, 0.34931320, 0.34929970, 0.34929794, 0.34929675, 0.30443934
0.15775430, 0.93896765, 0.28171846, 1.8971682, 1.9345373, 5.3218055, 9.7687283, 9.8468208, 9.8862734, 19.861744, 19.859823, 19.859573, 19.859346, 0.26896891, 0.26934367, 0.30321574, 0.34768641, 0.34846780, 0.34886259, 0.34930873, 0.34929913, 0.34929788, 0.34929675, 0.28171846
0.15418854, 0.89590716, 0.26879904, 1.7596781, 1.8493056, 5.0857997, 9.7878075, 9.8495588, 9.8868570, 19.861185, 19.859823, 19.859573, 19.859346, 0.26759291, 0.26849061, 0.30085462, 0.34787679, 0.34849495, 0.34886837, 0.34930593, 0.34929913, 0.34929788, 0.34929675, 0.26879904
0.15797731, 0.94166076, 0.28252649, 2.1829247, 1.7361641, 4.8173318, 9.7820110, 9.8440275, 9.8847256, 19.860796, 19.859823, 19.859573, 19.859346, 0.27182671, 0.26736042, 0.29817164, 0.34781942, 0.34843993, 0.34884715, 0.34930399, 0.34929913, 0.34929788, 0.34929675, 0.28252649
0.15044090, 0.85065049, 0.25522068, 1.8457800, 1.5700221, 4.4614120, 9.7563334, 9.8290157, 9.8791552, 19.860249, 19.859735, 19.859537, 19.859299, 0.26845235, 0.26569742, 0.29461017, 0.34756160, 0.34828928, 0.34879124, 0.34930125, 0.34929869, 0.34929770, 0.34929651, 0.25522068
0.14294869, 0.76017380, 0.22807495, 1.5255868, 1.4013261, 4.0641055, 9.7347631, 9.8161411, 9.8743610, 19.859955, 19.859680, 19.859491, 19.859299, 0.26524693, 0.26400834, 0.29063392, 0.34734419, 0.34815967, 0.34874305, 0.34929979, 0.34929842, 0.34929746, 0.34929651, 0.22807495
0.13684604, 0.68647754, 0.20596386, 1.2807786, 1.2623072, 3.6829405, 9.7279234, 9.8114185, 9.8725309, 19.859955, 19.859680, 19.859491, 19.859299, 0.26280469, 0.26262122, 0.28682673, 0.34727785, 0.34811348, 0.34872508, 0.34929979, 0.34929842, 0.34929746, 0.34929651, 0.20596386
0.22262806, 1.0000000, 0.51676828, 2.8757036, 6.2950239, 9.0136585, 9.7608557, 9.8286018, 9.8783779, 19.859955, 19.859680, 19.859491, 19.859299, 0.27875346, 0.31294554, 0.34013322, 0.34760782, 0.34828568, 0.34878367, 0.34929979, 0.34929842, 0.34929746, 0.34929651, 0.51676828
0.29531452, 1.0000000, 0.78012502, 6.4322419, 8.8654537, 9.5695820, 9.7710352, 9.8347149, 9.8806143, 19.859955, 19.859680, 19.859491, 19.859299, 0.31432241, 0.33865455, 0.34569582, 0.34771034, 0.34834716, 0.34880614, 0.34929979, 0.34929842, 0.34929746, 0.34929651, 0.78012502
0.27641749, 1.0000000, 0.71165752, 4.6875653, 9.4545488, 9.6410503, 9.7866020, 9.8434429, 9.8836842, 19.859955, 19.859680, 19.859491, 19.859299, 0.29687151, 0.34454045, 0.34640795, 0.34786552, 0.34843415, 0.34883675, 0.34929979, 0.34929842, 0.34929746, 0.34929651, 0.71165752
0.30437905, 1.0000000, 0.81296748, 6.6336145, 9.5567942, 9.6955109, 9.8078728, 9.8550987, 9.8876610, 19.859955, 19.859680, 19.859491, 19.859299, 0.31633615, 0.34556794, 0.34695512, 0.34807873, 0.34855098, 0.34887660, 0.34929979, 0.34929842, 0.34929746, 0.34929651, 0.81296748
0.28523529, 1.0000000, 0.74360609, 5.3266644, 9.4533472, 9.6390171, 9.7961102, 9.8495293, 9.8858242, 19.859955, 19.859680, 19.859491, 19.859299, 0.30326462, 0.34453130, 0.34638909, 0.34796086, 0.34849519, 0.34885821, 0.34929979, 0.34929842, 0.34929746, 0.34929651, 0.74360609
0.26910293, 1.0000000, 0.68515545, 4.1478925, 9.4668818, 9.6453857, 9.7961664, 9.8496094, 9.8858843, 19.859955, 19.859680, 19.859491, 19.859299, 0.29147577, 0.34466445, 0.34645164, 0.34796122, 0.34849584, 0.34885874, 0.34929979, 0.34929842, 0.34929746, 0.34929651, 0.68515545
0.25743565, 1.0000000, 0.64288276, 3.2655334, 9.5140181, 9.6731806, 9.8053169, 9.8544149, 9.8874989, 19.859955, 19.859680, 19.859491, 19.859299, 0.28265074, 0.34513214, 0.34672773, 0.34805232, 0.34854373, 0.34887484, 0.34929979, 0.34929842, 0.34929746, 0.34929651, 0.64288276
0.24540447, 1.0000000, 0.59929150, 2.7772009, 8.8922052, 9.6375275, 9.7957687, 9.8495874, 9.8858795, 19.859955, 19.859680, 19.859491, 19.859299, 0.27777183, 0.33892170, 0.34637508, 0.34795764, 0.34849584, 0.34885880, 0.34929979, 0.34929842, 0.34929746, 0.34929651, 0.59929150
0.23502915, 1.0000000, 0.56169981, 2.5303454, 8.0566969, 9.6274996, 9.7901621, 9.8465605, 9.8848686, 19.859955, 19.859680, 19.859491, 19.859299, 0.27530235, 0.33056489, 0.34627375, 0.34790134, 0.34846550, 0.34884867, 0.34929979, 0.34929842, 0.34929746, 0.34929651, 0.56169981
0.22416192, 1.0000000, 0.52232575, 2.2778182, 7.1709495, 9.6173525, 9.7830524, 9.8426104, 9.8835392, 19.859955, 19.859680, 19.859491, 19.859299, 0.27277750, 0.32170817, 0.34617263, 0.34783036, 0.34842601, 0.34883538, 0.34929979, 0.34929842, 0.34929746, 0.34929651, 0.52232575
0.21525344, 1.0000000, 0.49004871, 2.0812750, 6.4164505, 9.6296501, 9.7852345, 9.8435650, 9.8838615, 19.859955, 19.859680, 19.859491, 19.859299, 0.27081147, 0.31416214, 0.34629470, 0.34785199, 0.34843546, 0.34883857, 0.34929979, 0.34929842, 0.34929746, 0.34929651, 0.49004871
0.20601463, 1.0000000, 0.45657474, 1.8766552, 5.6536245, 9.6066113, 9.7794104, 9.8405542, 9.8828573, 19.859955, 19.859680, 19.859491, 19.859299, 0.26876605, 0.30653533, 0.34606534, 0.34779397, 0.34840545, 0.34882855, 0.34929979, 0.34929842, 0.34929746, 0.34929651, 0.45657474
0.20216563, 1.0000000, 0.44262910, 1.8129289, 5.2485843, 9.6957188, 9.8064604, 9.8546047, 9.8875713, 19.859955, 19.859680, 19.859491, 19.859299, 0.26812491, 0.30247825, 0.34695017, 0.34806317, 0.34854534, 0.34887546, 0.34929979, 0.34929842, 0.34929746, 0.34929651, 0.44262910
0.19815046, 1.0000000, 0.42808133, 1.7299920, 4.8928967, 9.7089748, 9.8172817, 9.8605900, 9.8894663, 19.859837, 19.859632, 19.859486, 19.859299, 0.26729777, 0.29892534, 0.34708613, 0.34817210, 0.34860554, 0.34889454, 0.34929919, 0.34929818, 0.34929743, 0.34929651, 0.42808133
0.19588047, 1.0000000, 0.41985673, 1.6822666, 4.6710443, 9.7573366, 9.8346767, 9.8697338, 9.8922052, 19.859535, 19.859550, 19.859467, 19.859299, 0.26682246, 0.29671007, 0.34757298, 0.34834668, 0.34869730, 0.34892204, 0.34929767, 0.34929776, 0.34929734, 0.34929651, 0.41985673
0.19240507, 1.0000000, 0.40726471, 1.5970975, 4.4016476, 9.7408915, 9.8353395, 9.8702087, 9.8920460, 19.859232, 19.859463, 19.859438, 19.859299, 0.26597017, 0.29401514, 0.34740743, 0.34835309, 0.34870192, 0.34892040, 0.34929615, 0.34929731, 0.34929720, 0.34929651, 0.40726471
0.18729091, 1.0000000, 0.38873515, 1.4674634, 4.0238986, 9.6978064, 9.8236876, 9.8641691, 9.8897142, 19.858822, 19.859327, 19.859402, 19.859299, 0.26467201, 0.29023466, 0.34697288, 0.34823582, 0.34864116, 0.34889698, 0.34929413, 0.34929663, 0.34929702, 0.34929651, 0.38873515
0.18390101, 1.0000000, 0.37645295, 1.3821363, 3.7387490, 9.7320375, 9.8303452, 9.8673382, 9.8904734, 19.858465, 19.859209, 19.859356, 19.859299, 0.26381877, 0.28738329, 0.34731489, 0.34830233, 0.34867281, 0.34890455, 0.34929234, 0.34929603, 0.34929678, 0.34929651, 0.37645295
0.17919144, 1.0000000, 0.35938928, 1.2609035, 3.3876152, 9.7021685, 9.8221188, 9.8629570, 9.8887568, 19.858099, 19.859091, 19.859308, 19.859299, 0.26260740, 0.28387350, 0.34701791, 0.34822041, 0.34862918, 0.34888744, 0.34929049, 0.34929544, 0.34929654, 0.34929651, 0.35938928
0.17500147, 1.0000000, 0.34420821, 1.1681587, 3.0403473, 9.6951675, 9.8193779, 9.8614140, 9.8882952, 19.858051, 19.859043, 19.859283, 19.859299, 0.26167923, 0.28039980, 0.34694579, 0.34819257, 0.34861356, 0.34888273, 0.34929025, 0.34929520, 0.34929642, 0.34929651, 0.34420821
0.16976541, 1.0000000, 0.32523695, 1.0304242, 2.8093605, 9.3573704, 9.7968874, 9.8496914, 9.8844423, 19.858028, 19.858995, 19.859261, 19.859287, 0.26030192, 0.27808979, 0.34356734, 0.34796754, 0.34849626, 0.34884420, 0.34929013, 0.34929496, 0.34929630, 0.34929645, 0.32523695
0.16582453, 1.0000000, 0.31095845, 0.93583167, 2.6627274, 9.0146313, 9.7920370, 9.8468990, 9.8837633, 19.858192, 19.858995, 19.859255, 19.859287, 0.25935677, 0.27662462, 0.34014183, 0.34791937, 0.34846851, 0.34883749, 0.34929097, 0.34929496, 0.34929627, 0.34929645, 0.31095845
0.16004872, 0.96667534, 0.29003161, 0.78480542, 2.4492264, 8.5563087, 9.7702990, 9.8351965, 9.8796396, 19.857939, 19.858864, 19.859221, 19.859287, 0.25784594, 0.27448827, 0.33555612, 0.34770140, 0.34835115, 0.34879613, 0.34928969, 0.34929430, 0.34929609, 0.34929645, 0.29003161
0.15402585, 0.89394259, 0.26820961, 0.64617693, 2.2207885, 8.0271034, 9.7496052, 9.8235846, 9.8756361, 19.857876, 19.858847, 19.859209, 19.859287, 0.25645876, 0.27220169, 0.33025983, 0.34749335, 0.34823447, 0.34875593, 0.34928939, 0.34929425, 0.34929603, 0.34929645, 0.26820961
0.15026423, 0.84851688, 0.25458053, 0.57030916, 2.0835400, 7.6407809, 9.7623663, 9.8297224, 9.8778048, 19.857986, 19.858852, 19.859198, 19.859251, 0.25570178, 0.27083254, 0.32640260, 0.34762231, 0.34829655, 0.34877780, 0.34928992, 0.34929425, 0.34929597, 0.34929627, 0.25458053
0.14712036, 0.81055111, 0.24318966, 0.51731765, 1.9654930, 7.2905984, 9.7702131, 9.8340988, 9.8795404, 19.858263, 19.858852, 19.859198, 19.859251, 0.25517309, 0.26965475, 0.32290563, 0.34770206, 0.34834093, 0.34879538, 0.34929132, 0.34929425, 0.34929597, 0.34929627, 0.24318966
0.14291048, 0.75971246, 0.22793654, 0.44677258, 1.8006742, 6.8427935, 9.7541075, 9.8258410, 9.8768940, 19.858425, 19.858852, 19.859198, 19.859251, 0.25446755, 0.26800627, 0.31842703, 0.34754083, 0.34825829, 0.34876892, 0.34929213, 0.34929425, 0.34929597, 0.34929627, 0.22793654
0.13815512, 0.70228618, 0.21070693, 0.37225485, 1.6147852, 6.3196912, 9.7340336, 9.8147001, 9.8730602, 19.858566, 19.858852, 19.859198, 19.859251, 0.25372228, 0.26614720, 0.31319559, 0.34733996, 0.34814680, 0.34873053, 0.34929281, 0.34929425, 0.34929597, 0.34929627, 0.21070693
0.13582307, 0.67412436, 0.20225753, 0.34203827, 1.5349597, 6.0106106, 9.7614918, 9.8289680, 9.8779535, 19.858566, 19.858852, 19.859198, 19.859251, 0.25341949, 0.26534721, 0.31010142, 0.34761339, 0.34828889, 0.34877926, 0.34929281, 0.34929425, 0.34929597, 0.34929627, 0.20225753
0.13497385, 0.66386908, 0.19918065, 0.33472180, 1.5151948, 5.8588400, 9.8009968, 9.8502989, 9.8852940, 19.858566, 19.858852, 19.859198, 19.859251, 0.25334653, 0.26515007, 0.30858475, 0.34800875, 0.34850237, 0.34885272, 0.34929281, 0.34929425, 0.34929597, 0.34929627, 0.19918065
0.13351312, 0.64622915, 0.19388813, 0.31611621, 1.4641702, 5.6680746, 9.8074045, 9.8545675, 9.8868141, 19.858566, 19.858852, 19.859198, 19.859251, 0.25316066, 0.26464027, 0.30667794, 0.34807310, 0.34854519, 0.34886798, 0.34929281, 0.34929425, 0.34929597, 0.34929627, 0.19388813
0.13048364, 0.60964483, 0.18291174, 0.27395785, 1.3441235, 5.3248873, 9.7748365, 9.8379650, 9.8812723, 19.858566, 19.858852, 19.859198, 19.859251, 0.25273934, 0.26344058, 0.30324757, 0.34774789, 0.34837940, 0.34881264, 0.34929281, 0.34929425, 0.34929597, 0.34929627, 0.18291174
0.12776497, 0.57681388, 0.17306148, 0.23467243, 1.2443602, 5.0027442, 9.7652931, 9.8325243, 9.8793640, 19.858545, 19.858852, 19.859184, 19.859251, 0.25234559, 0.26244000, 0.30002016, 0.34765011, 0.34832382, 0.34879315, 0.34929273, 0.34929425, 0.34929591, 0.34929627, 0.17306148
0.12509751, 0.54460144, 0.16339678, 0.18999279, 1.1514753, 4.6939950, 9.7631531, 9.8309641, 9.8786612, 19.858410, 19.858852, 19.859173, 19.859251, 0.25189880, 0.26151058, 0.29693145, 0.34762800, 0.34830785, 0.34878603, 0.34929204, 0.34929425, 0.34929585, 0.34929627, 0.16339678
0.12267050, 0.51529264, 0.15460326, 0.12850761, 1.0783970, 4.4549360, 9.7772322, 9.8380947, 9.8807001, 19.857996, 19.858770, 19.859161, 19.859251, 0.25128436, 0.26078030, 0.29454175, 0.34776899, 0.34837928, 0.34880644, 0.34928998, 0.34929386, 0.34929579, 0.34929627, 0.15460326
0.12005962, 0.48376346, 0.14514355, 0.49507618E-1, 1.0019481, 4.2381468, 9.7854528, 9.8424349, 9.8817062, 19.857424, 19.858671, 19.859131, 19.859251, 0.25049481, 0.26001611, 0.29237437, 0.34785125, 0.34842271, 0.34881651, 0.34928712, 0.34929335, 0.34929565, 0.34929627, 0.14514355
0.11835383, 0.46316421, 0.13896316, 0.0000000, 0.95131993, 4.0858521, 9.8057613, 9.8530521, 9.8849707, 19.857065, 19.858595, 19.859114, 19.859251, 0.24999997, 0.25951266, 0.29085734, 0.34805706, 0.34853026, 0.34884962, 0.34928533, 0.34929296, 0.34929556, 0.34929627, 0.13896316
0.11683831, 0.44486269, 0.13347216, 0.0000000, 0.87207854, 3.8814192, 9.7959108, 9.8481350, 9.8830290, 19.856682, 19.858500, 19.859091, 19.859251, 0.24999997, 0.25871888, 0.28880993, 0.34795696, 0.34848028, 0.34882993, 0.34928340, 0.34929249, 0.34929544, 0.34929627, 0.13347216
0.11581415, 0.43249473, 0.12976140, 0.0000000, 0.82349181, 3.7278914, 9.8075857, 9.8541021, 9.8849859, 19.856598, 19.858475, 19.859091, 19.859251, 0.24999997, 0.25823373, 0.28727624, 0.34807444, 0.34854031, 0.34884962, 0.34928298, 0.34929237, 0.34929544, 0.34929627, 0.12976140
0.11448802, 0.41648024, 0.12495657, 0.0000000, 0.76186657, 3.5335517, 9.7968340, 9.8486681, 9.8832340, 19.856647, 19.858475, 19.859091, 19.859251, 0.24999997, 0.25761753, 0.28533292, 0.34796691, 0.34848598, 0.34883210, 0.34928325, 0.34929237, 0.34929544, 0.34929627, 0.12495657
0.11388136, 0.40915430, 0.12275857, 0.0000000, 0.74744523, 3.4110944, 9.8171778, 9.8592758, 9.8872614, 19.857201, 19.858622, 19.859091, 19.859251, 0.24999997, 0.25747225, 0.28410590, 0.34816888, 0.34859130, 0.34887213, 0.34928602, 0.34929311, 0.34929544, 0.34929627, 0.12275857
0.11316755, 0.40053430, 0.12017231, 0.0000000, 0.72460473, 3.2825754, 9.8199139, 9.8611259, 9.8881474, 19.857609, 19.858709, 19.859091, 19.859251, 0.24999997, 0.25724605, 0.28282577, 0.34819913, 0.34861127, 0.34888148, 0.34928805, 0.34929353, 0.34929544, 0.34929627, 0.12017231
0.11222039, 0.38909620, 0.11674053, 0.0000000, 0.68597198, 3.1333871, 9.8132772, 9.8579464, 9.8871193, 19.857685, 19.858709, 19.859091, 19.859251, 0.24999997, 0.25685832, 0.28133067, 0.34813079, 0.34857845, 0.34887087, 0.34928843, 0.34929353, 0.34929544, 0.34929627, 0.11674053
0.11149888, 0.38038310, 0.11412635, 0.0000000, 0.66424012, 3.0014141, 9.8164225, 9.8596764, 9.8879499, 19.857985, 19.858709, 19.859091, 19.859251, 0.24999997, 0.25664172, 0.28001255, 0.34816319, 0.34859625, 0.34887934, 0.34928992, 0.34929353, 0.34929544, 0.34929627, 0.11412635
0.11092654, 0.37347162, 0.11205269, 0.0000000, 0.63430071, 2.9398293, 9.7337894, 9.8583565, 9.8875942, 19.858107, 19.858709, 19.859091, 19.859251, 0.24999997, 0.25634208, 0.27939618, 0.34733650, 0.34858286, 0.34887570, 0.34929055, 0.34929353, 0.34929544, 0.34929627, 0.11205269
0.11028391, 0.36571112, 0.10972431, 0.0000000, 0.59868097, 2.8744130, 9.6414680, 9.8554602, 9.8866158, 19.858095, 19.858709, 19.859091, 19.859251, 0.24999997, 0.25598636, 0.27874306, 0.34641397, 0.34855425, 0.34886605, 0.34929049, 0.34929353, 0.34929544, 0.34929627, 0.10972431
0.10976188, 0.35940701, 0.10783289, 0.0000000, 0.57392120, 2.8160839, 9.5517874, 9.8548870, 9.8865938, 19.858250, 19.858709, 19.859091, 19.859251, 0.24999997, 0.25573826, 0.27815849, 0.34551629, 0.34854802, 0.34886566, 0.34929127, 0.34929353, 0.34929544, 0.34929627, 0.10783289
0.10849342, 0.34408906, 0.10323705, 0.0000000, 0.51384270, 2.6657968, 9.3865471, 9.8292160, 9.8780746, 19.858389, 19.858709, 19.859091, 19.859251, 0.24999997, 0.25513741, 0.27665535, 0.34386361, 0.34829119, 0.34878042, 0.34929195, 0.34929353, 0.34929544, 0.34929627, 0.10323705
0.10732890, 0.33002618, 0.99017754E-1, 0.0000000, 0.45798421, 2.5315166, 9.2156382, 9.8177023, 9.8740282, 19.858330, 19.858709, 19.859091, 19.859251, 0.24999997, 0.25457922, 0.27531341, 0.34215510, 0.34817633, 0.34874004, 0.34929165, 0.34929353, 0.34929544, 0.34929627, 0.99017754E-1
0.10679433, 0.32357055, 0.97080879E-1, 0.0000000, 0.43568313, 2.4691911, 9.0960541, 9.8305416, 9.8784723, 19.858423, 19.858709, 19.859091, 19.859251, 0.24999997, 0.25435674, 0.27469167, 0.34096035, 0.34830531, 0.34878469, 0.34929210, 0.34929353, 0.34929544, 0.34929627, 0.97080879E-1
0.10625172, 0.31701812, 0.95114946E-1, 0.0000000, 0.41330457, 2.4050565, 8.9822731, 9.8362169, 9.8805075, 19.858423, 19.858709, 19.859091, 19.859251, 0.24999997, 0.25413287, 0.27405006, 0.33982235, 0.34836197, 0.34880501, 0.34929210, 0.34929353, 0.34929544, 0.34929627, 0.95114946E-1
0.10550275, 0.30797347, 0.92401281E-1, 0.0000000, 0.37877560, 2.3195295, 8.8522701, 9.8328600, 9.8793049, 19.858318, 19.858709, 19.859089, 19.859222, 0.24999997, 0.25378767, 0.27319506, 0.33852252, 0.34832850, 0.34879303, 0.34929159, 0.34929353, 0.34929544, 0.34929612, 0.92401281E-1
0.10484652, 0.30004877, 0.90023637E-1, 0.0000000, 0.34466684, 2.2529542, 8.7371292, 9.8368492, 9.8804588, 19.858084, 19.858692, 19.859066, 19.859222, 0.24999997, 0.25344470, 0.27252308, 0.33736628, 0.34836566, 0.34880364, 0.34929043, 0.34929347, 0.34929532, 0.34929612, 0.90023637E-1
0.10354953, 0.28438616, 0.85324377E-1, 0.0000000, 0.27049780, 2.1235256, 8.5685940, 9.8190985, 9.8737078, 19.857328, 19.858511, 19.858999, 19.859205, 0.24999997, 0.25270352, 0.27122957, 0.33568135, 0.34818837, 0.34873617, 0.34928665, 0.34929255, 0.34929499, 0.34929603, 0.85324377E-1
0.10255197, 0.27233958, 0.81710048E-1, 0.0000000, 0.21697879, 2.0215094, 8.4097080, 9.8163280, 9.8723755, 19.856987, 19.858463, 19.858957, 19.859200, 0.24999997, 0.25216877, 0.27021033, 0.33409312, 0.34816095, 0.34872299, 0.34928495, 0.34929231, 0.34929478, 0.34929600, 0.81710048E-1
0.10129013, 0.25710142, 0.77138141E-1, 0.0000000, 0.16660094, 1.8646181, 8.1856184, 9.7922993, 9.8638601, 19.856974, 19.858461, 19.858948, 19.859194, 0.24999997, 0.25166553, 0.26864350, 0.33185384, 0.34792158, 0.34863812, 0.34928486, 0.34929231, 0.34929472, 0.34929597, 0.77138141E-1
0.10030214, 0.24517050, 0.73558509E-1, 0.0000000, 0.13278425, 1.7379194, 7.9673414, 9.7879734, 9.8620491, 19.857140, 19.858515, 19.858948, 19.859180, 0.24999997, 0.25132728, 0.26737538, 0.32966992, 0.34787759, 0.34861976, 0.34928569, 0.34929258, 0.34929472, 0.34929591, 0.73558509E-1
0.99187590E-1, 0.23171104, 0.69520265E-1, 0.0000000, 0.74160099E-1, 1.6258866, 7.7666202, 9.7916861, 9.8626518, 19.856516, 19.858337, 19.858900, 19.859163, 0.24999997, 0.25074112, 0.26625350, 0.32766107, 0.34791362, 0.34862545, 0.34928256, 0.34929168, 0.34929448, 0.34929582, 0.69520265E-1
0.97847492E-1, 0.21552786, 0.64664826E-1, 0.0000000, 0.34451485E-2, 1.4902234, 7.5385485, 9.7828913, 9.8587914, 19.855608, 19.858128, 19.858852, 19.859144, 0.24999997, 0.25003442, 0.26489639, 0.32537958, 0.34782508, 0.34858665, 0.34927803, 0.34929064, 0.34929425, 0.34929574, 0.64664826E-1
0.15421388, 0.89621311, 0.26889083, 2.3872674, 2.2987008, 2.6187630, 7.2586846, 9.7641678, 9.8511515, 19.854836, 19.857944, 19.858829, 19.859116, 0.27386406, 0.27298203, 0.27618480, 0.32258525, 0.34764063, 0.34851116, 0.34927419, 0.34928972, 0.34929416, 0.34929559, 0.26889083
0.14268897, 0.75703752, 0.22713397, 1.8233299, 1.9662082, 2.4266839, 7.0201187, 9.7721272, 9.8535872, 19.854635, 19.857903, 19.858852, 19.859098, 0.26822487, 0.26965663, 0.27426347, 0.32019925, 0.34771994, 0.34853542, 0.34927318, 0.34928951, 0.34929425, 0.34929550, 0.22713397
0.13399692, 0.65207148, 0.19564101, 1.4139146, 1.7012954, 2.2627382, 6.8028908, 9.7787924, 9.8562145, 19.854776, 19.857931, 19.858805, 19.859076, 0.26413420, 0.26700938, 0.27262500, 0.31802747, 0.34778690, 0.34856179, 0.34927389, 0.34928966, 0.34929401, 0.34929538, 0.19564101
0.12618077, 0.55768293, 0.16732161, 1.0571033, 1.4545530, 2.1019845, 6.5885544, 9.7808962, 9.8569813, 19.854588, 19.857874, 19.858757, 19.859058, 0.26056337, 0.26453918, 0.27101526, 0.31588268, 0.34780684, 0.34856910, 0.34927294, 0.34928936, 0.34929377, 0.34929529, 0.16732161
0.11879738, 0.46852049, 0.14057021, 0.73249042, 1.2107968, 1.9330531, 6.3639340, 9.7766495, 9.8552837, 19.854258, 19.857771, 19.858709, 19.859039, 0.25731868, 0.26210180, 0.26932558, 0.31363609, 0.34776399, 0.34855199, 0.34927130, 0.34928885, 0.34929353, 0.34929520, 0.14057021
0.11364423, 0.40629062, 0.12189938, 0.52201748, 1.0285467, 1.7943472, 6.1543002, 9.7792482, 9.8564386, 19.854464, 19.857807, 19.858709, 19.859022, 0.25521699, 0.26028171, 0.26794019, 0.31154072, 0.34779069, 0.34856379, 0.34927231, 0.34928903, 0.34929353, 0.34929511, 0.12189938
0.10759123, 0.33319417, 0.99968247E-1, 0.29289722, 0.80098510, 1.6044676, 5.8924394, 9.7585993, 9.8488197, 19.854368, 19.857765, 19.858698, 19.859005, 0.25292799, 0.25800821, 0.26604304, 0.30892318, 0.34758499, 0.34848788, 0.34927183, 0.34928882, 0.34929350, 0.34929502, 0.99968247E-1
0.10242718, 0.27083266, 0.81257924E-1, 0.11307299, 0.59908926, 1.4190704, 5.6049962, 9.7467794, 9.8436956, 19.854193, 19.857708, 19.858692, 19.858980, 0.25113019, 0.25598919, 0.26418871, 0.30604839, 0.34746641, 0.34843647, 0.34927097, 0.34928852, 0.34929347, 0.34929490, 0.81257924E-1
0.99993594E-1, 0.24144439, 0.72440565E-1, 0.51301718E-1, 0.49101114, 1.2997210, 5.3640113, 9.7572975, 9.8477831, 19.854816, 19.857874, 19.858709, 19.858969, 0.25051296, 0.25490969, 0.26299667, 0.30363968, 0.34757257, 0.34847769, 0.34927410, 0.34928936, 0.34929353, 0.34929484, 0.72440565E-1
0.97977556E-1, 0.21709856, 0.65136082E-1, 0.0000000, 0.39841235, 1.2088746, 5.1639004, 9.7764778, 9.8548832, 19.854816, 19.857880, 19.858709, 19.858955, 0.24999748, 0.25397846, 0.26208013, 0.30163166, 0.34775782, 0.34854648, 0.34927410, 0.34928939, 0.34929353, 0.34929478, 0.65136082E-1
0.96844405E-1, 0.20341448, 0.61030451E-1, 0.0000000, 0.32594502, 1.1180550, 4.9675007, 9.7784348, 9.8563890, 19.855268, 19.858013, 19.858690, 19.858946, 0.24999748, 0.25325674, 0.26117587, 0.29967088, 0.34778026, 0.34856251, 0.34927633, 0.34929007, 0.34929344, 0.34929472, 0.61030451E-1
0.95269293E-1, 0.18439326, 0.55323511E-1, 0.0000000, 0.23193657, 0.98061264, 4.7035580, 9.7496967, 9.8459492, 19.855501, 19.858059, 19.858662, 19.858934, 0.24999748, 0.25231910, 0.25980553, 0.29703501, 0.34749636, 0.34845927, 0.34927750, 0.34929031, 0.34929329, 0.34929466, 0.55323511E-1
0.94222605E-1, 0.17175339, 0.51531173E-1, 0.0000000, 0.17225146, 0.89166164, 4.4772463, 9.7582521, 9.8487816, 19.855652, 19.858059, 19.858662, 19.858923, 0.24999748, 0.25172192, 0.25891510, 0.29477093, 0.34758085, 0.34848726, 0.34927827, 0.34929031, 0.34929329, 0.34929460, 0.51531173E-1
0.93247034E-1, 0.15997234, 0.47996502E-1, 0.0000000, 0.12090504, 0.80401301, 4.2506266, 9.7576218, 9.8486567, 19.855829, 19.858070, 19.858662, 19.858923, 0.24999748, 0.25120869, 0.25803894, 0.29250500, 0.34757474, 0.34848607, 0.34927914, 0.34929034, 0.34929329, 0.34929460, 0.47996502E-1
0.92064284E-1, 0.14568932, 0.43711171E-1, 0.0000000, 0.63276291E-1, 0.69125891, 3.9750574, 9.7328320, 9.8391542, 19.855772, 19.858040, 19.858662, 19.858923, 0.24999748, 0.25063276, 0.25691259, 0.28975058, 0.34732831, 0.34839153, 0.34927887, 0.34929019, 0.34929329, 0.34929460, 0.43711171E-1
0.90920150E-1, 0.13187268, 0.39565764E-1, 0.0000000, 0.11196733E-1, 0.58217943, 3.6690898, 9.7184734, 9.8325577, 19.855545, 19.857977, 19.858614, 19.858923, 0.24999748, 0.25011191, 0.25581998, 0.28668863, 0.34718171, 0.34832457, 0.34927773, 0.34928989, 0.34929305, 0.34929460, 0.39565764E-1
0.90108186E-1, 0.12206730, 0.36623854E-1, 0.0000000, 0.0000000, 0.47585070, 3.3381329, 9.7062225, 9.8266087, 19.855169, 19.857887, 19.858566, 19.858923, 0.24999748, 0.24999698, 0.25475809, 0.28338075, 0.34706137, 0.34826580, 0.34927586, 0.34928945, 0.34929281, 0.34929460, 0.36623854E-1
0.89789122E-1, 0.11821430, 0.35467837E-1, 0.0000000, 0.0000000, 0.43936074, 3.1125498, 9.7490139, 9.8432045, 19.855841, 19.858070, 19.858566, 19.858923, 0.24999748, 0.24999698, 0.25439128, 0.28112218, 0.34748495, 0.34843031, 0.34927920, 0.34929034, 0.34929281, 0.34929460, 0.35467837E-1
0.89623637E-1, 0.11621591, 0.34868259E-1, 0.0000000, 0.0000000, 0.41928589, 2.9955359, 9.7764149, 9.8624058, 19.855995, 19.858059, 19.858566, 19.858923, 0.24999748, 0.24999698, 0.25419137, 0.27995321, 0.34776065, 0.34862286, 0.34927997, 0.34929031, 0.34929281, 0.34929460, 0.34868259E-1
0.89466229E-1, 0.11431504, 0.34297943E-1, 0.0000000, 0.0000000, 0.39143264, 2.9744596, 9.7116442, 9.8712111, 19.855745, 19.857988, 19.858566, 19.858923, 0.24999748, 0.24999698, 0.25391433, 0.27974460, 0.34711644, 0.34871212, 0.34927872, 0.34928995, 0.34929281, 0.34929460, 0.34297943E-1
0.88846773E-1, 0.10683439, 0.32053523E-1, 0.0000000, 0.0000000, 0.29108822, 2.8512211, 9.4781647, 9.8368149, 19.854721, 19.857704, 19.858515, 19.858923, 0.24999748, 0.24999698, 0.25291008, 0.27851063, 0.34477901, 0.34836724, 0.34927362, 0.34928852, 0.34929258, 0.34929460, 0.32053523E-1
0.88529922E-1, 0.10300809, 0.30905519E-1, 0.0000000, 0.0000000, 0.24596155, 2.7806969, 9.3053246, 9.8372345, 19.855015, 19.857800, 19.858566, 19.858923, 0.24999748, 0.24999698, 0.25245869, 0.27780488, 0.34304973, 0.34837112, 0.34927508, 0.34928900, 0.34929281, 0.34929460, 0.30905519E-1
0.88136397E-1, 0.98255880E-1, 0.29479712E-1, 0.0000000, 0.0000000, 0.19155145, 2.6860237, 9.0904551, 9.8271093, 19.854980, 19.857811, 19.858566, 19.858923, 0.24999748, 0.24999698, 0.25191525, 0.27685943, 0.34090319, 0.34827062, 0.34927490, 0.34928906, 0.34929281, 0.34929460, 0.29479712E-1
0.11554131, 0.42919996, 0.12877287, 1.9975185, 0.0000000, 0.17297566, 2.6484668, 8.9667435, 9.8445120, 19.855556, 19.858000, 19.858566, 19.858923, 0.26997215, 0.24999698, 0.25172967, 0.27648443, 0.33966702, 0.34844497, 0.34927779, 0.34929001, 0.34929281, 0.34929460, 0.12877287
0.10997002, 0.36192057, 0.10858703, 1.6138703, 0.0000000, 0.12867451, 2.5941014, 8.8378630, 9.8485746, 19.854910, 19.857798, 19.858534, 19.858912, 0.26613870, 0.24999698, 0.25128675, 0.27594101, 0.33837864, 0.34848574, 0.34927455, 0.34928900, 0.34929267, 0.34929454, 0.10858703
0.11071222, 0.37088346, 0.11127617, 1.6752034, 0.0000000, 0.11516213, 2.5797815, 8.7716589, 9.8653240, 19.855324, 19.857941, 19.858566, 19.858912, 0.26674399, 0.24999698, 0.25115144, 0.27579707, 0.33771533, 0.34865278, 0.34927660, 0.34928972, 0.34929281, 0.34929454, 0.11127617
0.35596907, 1.0000000, 0.99988788, 9.9988165, 9.9992867, 9.9996452, 9.9999275, 9.9999638, 9.9999905, 19.999998, 19.999998, 19.999998, 19.994993, 0.34998459, 0.34999073, 0.34999537, 0.34999907, 0.34999952, 0.34999987, 0.34999999, 0.34999999, 0.34999999, 0.34997496, 0.99988788
0.35600001, 1.0000000, 1.0000000, 9.9999990, 9.9999990, 9.9999990, 9.9999990, 9.9999990, 9.9999990, 19.999998, 19.999998, 19.999998, 19.996996, 0.34999999, 0.34999999, 0.34999999, 0.34999999, 0.34999999, 0.34999999, 0.34999999, 0.34999999, 0.34999999, 0.34998497, 1.0000000
0.34118319, 1.0000000, 0.94631588, 9.1730652, 9.6819868, 9.8252811, 9.9561405, 9.9777021, 9.9920225, 19.999527, 19.999880, 19.999865, 19.981091, 0.34172967, 0.34681925, 0.34825248, 0.34956133, 0.34977698, 0.34992021, 0.34999764, 0.34999940, 0.34999931, 0.34990546, 0.94631588
0.35599184, 1.0000000, 0.99997044, 9.9995909, 9.9997578, 9.9998770, 9.9999723, 9.9999905, 9.9999933, 19.999998, 19.999998, 19.999998, 19.994993, 0.34999591, 0.34999758, 0.34999877, 0.34999973, 0.34999990, 0.34999993, 0.34999999, 0.34999999, 0.34999999, 0.34997496, 0.99997044
0.35600001, 1.0000000, 1.0000000, 9.9999990, 9.9999990, 9.9999990, 9.9999990, 9.9999990, 9.9999990, 19.999998, 19.999998, 19.999998, 19.997997, 0.34999999, 0.34999999, 0.34999999, 0.34999999, 0.34999999, 0.34999999, 0.34999999, 0.34999999, 0.34999999, 0.34998998, 1.0000000
0.35592741, 1.0000000, 0.99973696, 9.9971924, 9.9983130, 9.9991560, 9.9998322, 9.9999132, 9.9999723, 19.999998, 19.999998, 19.999998, 19.994993, 0.34996384, 0.34997827, 0.34998915, 0.34999785, 0.34999889, 0.34999964, 0.34999999, 0.34999999, 0.34999999, 0.34997496, 0.99973696
0.35555559, 1.0000000, 0.99838966, 9.9999990, 9.9990072, 9.9013147, 9.9739819, 9.9868050, 9.9949274, 19.999308, 19.999821, 19.999882, 19.982080, 0.34999999, 0.34999007, 0.34901315, 0.34973982, 0.34986806, 0.34994927, 0.34999654, 0.34999910, 0.34999940, 0.34991041, 0.99838966
0.35595250, 1.0000000, 0.99982780, 9.9982080, 9.9989386, 9.9994717, 9.9998837, 9.9999399, 9.9999752, 19.999998, 19.999998, 19.999983, 19.990009, 0.34997624, 0.34998587, 0.34999296, 0.34999847, 0.34999922, 0.34999970, 0.34999999, 0.34999999, 0.34999990, 0.34995005, 0.99982780
0.35600001, 1.0000000, 1.0000000, 9.9999990, 9.9999990, 9.9999990, 9.9999990, 9.9999990, 9.9999990, 19.999998, 19.999998, 19.999992, 19.995995, 0.34999999, 0.34999999, 0.34999999, 0.34999999, 0.34999999, 0.34999999, 0.34999999, 0.34999999, 0.34999996, 0.34997997, 1.0000000
0.34978276, 1.0000000, 0.97747386, 9.7140121, 9.7864933, 9.8859406, 9.9712515, 9.9854259, 9.9945726, 19.999432, 19.999849, 19.999617, 19.972338, 0.34714013, 0.34786493, 0.34885940, 0.34971252, 0.34985426, 0.34994572, 0.34999716, 0.34999925, 0.34999809, 0.34986168, 0.97747386
0.33708268, 1.0000000, 0.93145907, 8.9224033, 9.6263599, 9.7860575, 9.9372969, 9.9675798, 9.9878569, 19.998848, 19.999701, 19.997751, 19.950197, 0.33922404, 0.34626359, 0.34786057, 0.34937298, 0.34967580, 0.34987858, 0.34999424, 0.34999850, 0.34998876, 0.34975100, 0.93145907
0.32138753, 1.0000000, 0.87459254, 7.8541007, 9.5459175, 9.7272739, 9.9028454, 9.9481564, 9.9799824, 19.998026, 19.999485, 19.993429, 19.930534, 0.32853845, 0.34545729, 0.34727180, 0.34902829, 0.34948146, 0.34979978, 0.34999013, 0.34999743, 0.34996715, 0.34965268, 0.87459254
0.31252855, 1.0000000, 0.84249461, 7.1557598, 9.6221285, 9.7636814, 9.8982553, 9.9433432, 9.9772530, 19.997824, 19.999340, 19.986275, 19.913912, 0.32155624, 0.34622020, 0.34763628, 0.34898242, 0.34943336, 0.34977248, 0.34998912, 0.34999669, 0.34993136, 0.34956956, 0.84249461
0.34046346, 1.0000000, 0.94370812, 9.1487341, 9.6525145, 9.7941732, 9.9446259, 9.9717112, 9.9894724, 19.998974, 19.999731, 19.999840, 19.982075, 0.34148696, 0.34652489, 0.34794161, 0.34944624, 0.34971711, 0.34989473, 0.34999487, 0.34999865, 0.34999919, 0.34991038, 0.94370812
0.35596651, 1.0000000, 0.99987864, 9.9987564, 9.9992542, 9.9996300, 9.9999247, 9.9999580, 9.9999876, 19.999998, 19.999998, 19.999998, 19.994993, 0.34998330, 0.34998998, 0.34999502, 0.34999898, 0.34999946, 0.34999985, 0.34999999, 0.34999999, 0.34999999, 0.34997496, 0.99987864
0.35600001, 1.0000000, 1.0000000, 9.9999990, 9.9999990, 9.9999990, 9.9999990, 9.9999990, 9.9999990, 19.999998, 19.999998, 19.999998, 19.998999, 0.34999999, 0.34999999, 0.34999999, 0.34999999, 0.34999999, 0.34999999, 0.34999999, 0.34999999, 0.34999999, 0.34999499, 1.0000000
0.35586536, 1.0000000, 0.99951208, 9.9934587, 9.9961929, 9.9980860, 9.9995108, 9.9997549, 9.9999008, 19.999981, 19.999998, 19.999962, 19.987026, 0.34993237, 0.34996060, 0.34998021, 0.34999499, 0.34999749, 0.34999898, 0.34999990, 0.34999999, 0.34999982, 0.34993511, 0.99951208
0.35597980, 1.0000000, 0.99992681, 9.9992809, 9.9995699, 9.9997845, 9.9999542, 9.9999790, 9.9999905, 19.999998, 19.999998, 19.999998, 19.994993, 0.34998992, 0.34999397, 0.34999698, 0.34999937, 0.34999970, 0.34999987, 0.34999999, 0.34999999, 0.34999999, 0.34997496, 0.99992681
0.35600001, 1.0000000, 1.0000000, 9.9999990, 9.9999990, 9.9999990, 9.9999990, 9.9999990, 9.9999990, 19.999998, 19.999998, 19.999998, 19.998999, 0.34999999, 0.34999999, 0.34999999, 0.34999999, 0.34999999, 0.34999999, 0.34999999, 0.34999999, 0.34999999, 0.34999499, 1.0000000
0.35600001, 1.0000000, 1.0000000, 9.9999990, 9.9999990, 9.9999990, 9.9999990, 9.9999990, 9.9999990, 19.999998, 19.999998, 19.999998, 19.998999, 0.34999999, 0.34999999, 0.34999999, 0.34999999, 0.34999999, 0.34999999, 0.34999999, 0.34999999, 0.34999999, 0.34999499, 1.0000000
0.35600001, 1.0000000, 1.0000000, 9.9999990, 9.9999990, 9.9999990, 9.9999990, 9.9999990, 9.9999990, 19.999998, 19.999998, 19.999998, 19.995995, 0.34999999, 0.34999999, 0.34999999, 0.34999999, 0.34999999, 0.34999999, 0.34999999, 0.34999999, 0.34999999, 0.34997997, 1.0000000
0.33517373, 1.0000000, 0.92454237, 8.8083744, 9.5939436, 9.7713251, 9.9352684, 9.9667902, 9.9873791, 19.998550, 19.999622, 19.999680, 19.976192, 0.33808184, 0.34593818, 0.34771264, 0.34935257, 0.34966785, 0.34987375, 0.34999275, 0.34999812, 0.34999841, 0.34988096, 0.92454237
0.30804521, 1.0000000, 0.82625073, 6.9840178, 9.4275570, 9.6502237, 9.8672924, 9.9288301, 9.9714670, 19.996166, 19.999004, 19.998024, 19.953703, 0.31983879, 0.34427443, 0.34650168, 0.34867281, 0.34928823, 0.34971464, 0.34998083, 0.34999502, 0.34999013, 0.34976852, 0.82625073
0.28686970, 1.0000000, 0.74952793, 5.4373665, 9.4516611, 9.6519947, 9.8397789, 9.9093885, 9.9617224, 19.994690, 19.998608, 19.994141, 19.933563, 0.30436984, 0.34451258, 0.34651789, 0.34839737, 0.34909368, 0.34961715, 0.34997344, 0.34999305, 0.34997070, 0.34966782, 0.74952793
0.35597467, 1.0000000, 0.99990815, 9.9993315, 9.9996004, 9.9997997, 9.9999609, 9.9999790, 9.9999933, 19.999998, 19.999998, 19.999975, 19.989016, 0.34998736, 0.34999242, 0.34999621, 0.34999925, 0.34999961, 0.34999987, 0.34999999, 0.34999999, 0.34999987, 0.34994507, 0.99990815
0.34782726, 1.0000000, 0.97038865, 9.5621500, 9.7998238, 9.8938618, 9.9746237, 9.9871750, 9.9953699, 19.999659, 19.999903, 19.999777, 19.977179, 0.34561825, 0.34799623, 0.34893760, 0.34974602, 0.34987167, 0.34995368, 0.34999830, 0.34999952, 0.34999889, 0.34988588, 0.97038865
0.32771367, 1.0000000, 0.89751315, 8.3125257, 9.5422869, 9.7331715, 9.9170589, 9.9569168, 9.9835777, 19.998217, 19.999535, 19.998260, 19.954618, 0.33311769, 0.34541765, 0.34732905, 0.34917006, 0.34956890, 0.34983569, 0.34999108, 0.34999767, 0.34999129, 0.34977311, 0.89751315
0.31200272, 1.0000000, 0.84058946, 7.1802258, 9.5424204, 9.7185316, 9.8884525, 9.9394732, 9.9758940, 19.997185, 19.999264, 19.994497, 19.934374, 0.32179791, 0.34542072, 0.34718356, 0.34888417, 0.34939456, 0.34975886, 0.34998593, 0.34999633, 0.34997249, 0.34967187, 0.84058946
0.30260307, 1.0000000, 0.80653280, 6.4554291, 9.6004305, 9.7481441, 9.8853178, 9.9350500, 9.9730921, 19.996929, 19.999115, 19.987938, 19.917105, 0.31455204, 0.34600231, 0.34748042, 0.34885296, 0.34935042, 0.34973088, 0.34998465, 0.34999558, 0.34993970, 0.34958553, 0.80653280
0.28236502, 1.0000000, 0.73320657, 5.1050653, 9.4562998, 9.6593122, 9.8462439, 9.9117708, 9.9623985, 19.995428, 19.998396, 19.978439, 19.902903, 0.30104923, 0.34456143, 0.34659231, 0.34846225, 0.34911761, 0.34962395, 0.34997714, 0.34999198, 0.34989220, 0.34951451, 0.73320657
0.26876593, 1.0000000, 0.68393439, 4.0844116, 9.5039186, 9.6819105, 9.8434219, 9.9070272, 9.9587898, 19.995071, 19.997437, 19.966629, 19.891685, 0.29084387, 0.34503883, 0.34681892, 0.34843418, 0.34907025, 0.34958789, 0.34997535, 0.34998718, 0.34983313, 0.34945843, 0.68393439
0.26195291, 1.0000000, 0.65924966, 3.5008690, 9.6191454, 9.7469482, 9.8592386, 9.9133539, 9.9594097, 19.994699, 19.995453, 19.953260, 19.883070, 0.28500870, 0.34619147, 0.34746948, 0.34859240, 0.34913355, 0.34959409, 0.34997350, 0.34997725, 0.34976631, 0.34941536, 0.65924966
0.25056949, 1.0000000, 0.61800539, 2.9561548, 9.1876640, 9.6811209, 9.8418522, 9.9032631, 9.9545345, 19.994078, 19.991919, 19.939310, 19.876543, 0.27956098, 0.34187558, 0.34681064, 0.34841841, 0.34903258, 0.34954533, 0.34997040, 0.34995958, 0.34969655, 0.34938270, 0.61800539
0.25666392, 1.0000000, 0.64008653, 3.1613567, 9.5448551, 9.7505713, 9.8577442, 9.9104347, 9.9558420, 19.993446, 19.986467, 19.925703, 19.871693, 0.28161335, 0.34544820, 0.34750554, 0.34857741, 0.34910432, 0.34955841, 0.34996724, 0.34993234, 0.34962851, 0.34935847, 0.64008653
0.26681635, 1.0000000, 0.67687082, 3.7848761, 9.7031517, 9.8031998, 9.8753090, 9.9194345, 9.9583969, 19.992630, 19.978910, 19.913137, 19.868158, 0.28784877, 0.34703153, 0.34803200, 0.34875309, 0.34919435, 0.34958398, 0.34996316, 0.34989455, 0.34956568, 0.34934080, 0.67687082
0.33668673, 1.0000000, 0.93002427, 8.8370771, 9.7172089, 9.8093414, 9.8828297, 9.9237165, 9.9597530, 19.991463, 19.969362, 19.902077, 19.865576, 0.33837077, 0.34717208, 0.34809342, 0.34882829, 0.34923717, 0.34959751, 0.34995732, 0.34984681, 0.34951037, 0.34932786, 0.93002427
0.32702708, 1.0000000, 0.89502561, 8.1927633, 9.6448269, 9.7704067, 9.8761215, 9.9205675, 9.9585743, 19.989506, 19.958164, 19.892683, 19.863707, 0.33192736, 0.34644809, 0.34770396, 0.34876117, 0.34920567, 0.34958574, 0.34994751, 0.34979081, 0.34946340, 0.34931853, 0.89502561
0.30982223, 1.0000000, 0.83268923, 7.0525718, 9.5106459, 9.6913795, 9.8496313, 9.9065294, 9.9527779, 19.985683, 19.945765, 19.884918, 19.862354, 0.32052392, 0.34510499, 0.34691304, 0.34849617, 0.34906521, 0.34952775, 0.34992841, 0.34972882, 0.34942460, 0.34931177, 0.83268923
0.29362461, 1.0000000, 0.77400219, 5.8984528, 9.4883327, 9.6733828, 9.8378963, 9.8992949, 9.9494524, 19.980986, 19.933199, 19.878750, 19.861389, 0.30898353, 0.34488237, 0.34673336, 0.34837887, 0.34899288, 0.34949449, 0.34990492, 0.34966600, 0.34939376, 0.34930694, 0.77400219
0.28457153, 1.0000000, 0.74120122, 5.1978750, 9.5465269, 9.7039928, 9.8428469, 9.9007788, 9.9492378, 19.974897, 19.921103, 19.873920, 19.860731, 0.30197847, 0.34546494, 0.34703976, 0.34842843, 0.34900776, 0.34949237, 0.34987450, 0.34960550, 0.34936959, 0.34930366, 0.74120122
0.26445168, 1.0000000, 0.66830307, 3.8271039, 9.4378576, 9.6376829, 9.8158894, 9.8854618, 9.9418259, 19.965862, 19.909649, 19.870115, 19.860209, 0.28827104, 0.34437859, 0.34637684, 0.34815890, 0.34885460, 0.34941825, 0.34982932, 0.34954825, 0.34935057, 0.34930104, 0.66830307
0.25369027, 1.0000000, 0.62931257, 2.9893665, 9.5068588, 9.6897516, 9.8296967, 9.8913298, 9.9424953, 19.956587, 19.899786, 19.867294, 19.859880, 0.27989325, 0.34506777, 0.34689710, 0.34829688, 0.34891328, 0.34942496, 0.34978294, 0.34949893, 0.34933648, 0.34929940, 0.62931257
0.31006238, 1.0000000, 0.83355927, 6.9490852, 9.6697559, 9.7739506, 9.8572855, 9.9054565, 9.9458895, 19.946119, 19.891335, 19.865143, 19.859604, 0.31949085, 0.34669757, 0.34773952, 0.34857285, 0.34905457, 0.34945890, 0.34973061, 0.34945667, 0.34932572, 0.34929803, 0.83355927
0.30982143, 1.0000000, 0.83268631, 6.9579124, 9.6340885, 9.7571383, 9.8595200, 9.9068193, 9.9441786, 19.934732, 19.884216, 19.863525, 19.859457, 0.31957912, 0.34634089, 0.34757137, 0.34859520, 0.34906819, 0.34944180, 0.34967366, 0.34942108, 0.34931761, 0.34929729, 0.83268631
0.29549640, 1.0000000, 0.78078395, 5.9937530, 9.5397806, 9.7036705, 9.8450203, 9.8987160, 9.9381018, 19.923073, 19.878345, 19.862288, 19.859346, 0.30993703, 0.34539729, 0.34703648, 0.34845015, 0.34898713, 0.34938103, 0.34961537, 0.34939173, 0.34931144, 0.34929675, 0.78078395
0.28538668, 1.0000000, 0.74415463, 5.2386041, 9.5697355, 9.7194748, 9.8483315, 9.8991156, 9.9345779, 19.912424, 19.873787, 19.861412, 19.859346, 0.30238378, 0.34569487, 0.34719348, 0.34848306, 0.34899104, 0.34934574, 0.34956211, 0.34936893, 0.34930706, 0.34929675, 0.74415463
0.26496595, 1.0000000, 0.67016649, 3.8721421, 9.4278698, 9.6333685, 9.8158684, 9.8799734, 9.9230022, 19.901823, 19.869987, 19.860712, 19.859299, 0.28872082, 0.34427783, 0.34633324, 0.34815860, 0.34879971, 0.34922999, 0.34950912, 0.34934995, 0.34930354, 0.34929651, 0.67016649
0.24373491, 1.0000000, 0.59324241, 2.8011532, 8.6809378, 9.5797100, 9.7804270, 9.8571730, 9.9091587, 19.891741, 19.866846, 19.860199, 19.859222, 0.27800983, 0.33680624, 0.34579536, 0.34780392, 0.34857154, 0.34909153, 0.34945869, 0.34933424, 0.34930098, 0.34929612, 0.59324241
0.22430339, 1.0000000, 0.52283835, 2.2307544, 7.3093748, 9.5390301, 9.7495584, 9.8357487, 9.8956804, 19.882742, 19.864334, 19.859747, 19.859175, 0.27230629, 0.32309127, 0.34538868, 0.34749526, 0.34835732, 0.34895673, 0.34941369, 0.34932166, 0.34929875, 0.34929588, 0.52283835
0.21262978, 1.0000000, 0.48054266, 1.9556284, 6.3333488, 9.5846891, 9.7620411, 9.8385229, 9.8930588, 19.877068, 19.862856, 19.859564, 19.859169, 0.26955628, 0.31333348, 0.34584689, 0.34762043, 0.34838521, 0.34893060, 0.34938532, 0.34931427, 0.34929782, 0.34929585, 0.48054266
0.20120925, 1.0000000, 0.43916392, 1.6829044, 5.4142828, 9.5740309, 9.7605028, 9.8357315, 9.8891726, 19.872374, 19.861719, 19.859394, 19.859163, 0.26682904, 0.30414283, 0.34574032, 0.34760502, 0.34835732, 0.34889174, 0.34936187, 0.34930861, 0.34929699, 0.34929582, 0.43916392
0.18480545, 1.0000000, 0.37972987, 1.2567997, 4.1784716, 9.5131731, 9.7282429, 9.8160009, 9.8787661, 19.867411, 19.860577, 19.859228, 19.859121, 0.26256731, 0.29178333, 0.34513018, 0.34728211, 0.34815985, 0.34878761, 0.34933704, 0.34930289, 0.34929615, 0.34929562, 0.37972987
0.35597968, 1.0000000, 0.99992633, 9.9989862, 9.9993944, 9.9996958, 9.9999399, 9.9999666, 9.9999876, 19.999998, 19.999998, 19.999998, 19.994993, 0.34998986, 0.34999394, 0.34999695, 0.34999940, 0.34999967, 0.34999987, 0.34999999, 0.34999999, 0.34999999, 0.34997496, 0.99992633
0.35600001, 1.0000000, 1.0000000, 9.9999990, 9.9999990, 9.9999990, 9.9999990, 9.9999990, 9.9999990, 19.999998, 19.999998, 19.999998, 19.998999, 0.34999999, 0.34999999, 0.34999999, 0.34999999, 0.34999999, 0.34999999, 0.34999999, 0.34999999, 0.34999999, 0.34999499, 1.0000000
0.35600001, 1.0000000, 1.0000000, 9.9999990, 9.9999990, 9.9999990, 9.9999990, 9.9999990, 9.9999990, 19.999998, 19.999998, 19.999998, 19.998999, 0.34999999, 0.34999999, 0.34999999, 0.34999999, 0.34999999, 0.34999999, 0.34999999, 0.34999999, 0.34999999, 0.34999499, 1.0000000
0.35600001, 1.0000000, 1.0000000, 9.9999990, 9.9999990, 9.9999990, 9.9999990, 9.9999990, 9.9999990, 19.999998, 19.999998, 19.999998, 19.995995, 0.34999999, 0.34999999, 0.34999999, 0.34999999, 0.34999999, 0.34999999, 0.34999999, 0.34999999, 0.34999999, 0.34997997, 1.0000000
0.35600001, 1.0000000, 1.0000000, 9.9999990, 9.9999990, 9.9999990, 9.9999990, 9.9999990, 9.9999990, 19.999998, 19.999998, 19.999998, 19.998999, 0.34999999, 0.34999999, 0.34999999, 0.34999999, 0.34999999, 0.34999999, 0.34999999, 0.34999999, 0.34999999, 0.34999499, 1.0000000
0.35600001, 1.0000000, 1.0000000, 9.9999990, 9.9999990, 9.9999990, 9.9999990, 9.9999990, 9.9999990, 19.999992, 19.999998, 19.999998, 19.997997, 0.34999999, 0.34999999, 0.34999999, 0.34999999, 0.34999999, 0.34999999, 0.34999996, 0.34999999, 0.34999999, 0.34998998, 1.0000000
0.34157962, 1.0000000, 0.94775218, 9.1952143, 9.6902332, 9.8298855, 9.9574785, 9.9783773, 9.9922981, 19.999557, 19.999891, 19.999695, 19.974264, 0.34195215, 0.34690234, 0.34829885, 0.34957477, 0.34978378, 0.34992298, 0.34999779, 0.34999946, 0.34999847, 0.34987134, 0.94775218
0.35598171, 1.0000000, 0.99993360, 9.9991798, 9.9995050, 9.9997520, 9.9999485, 9.9999752, 9.9999933, 19.999998, 19.999998, 19.999990, 19.992998, 0.34999087, 0.34999448, 0.34999725, 0.34999943, 0.34999973, 0.34999993, 0.34999999, 0.34999999, 0.34999996, 0.34996498, 0.99993360
0.35600001, 1.0000000, 1.0000000, 9.9999990, 9.9999990, 9.9999990, 9.9999990, 9.9999990, 9.9999990, 19.999998, 19.999998, 19.999998, 19.997997, 0.34999999, 0.34999999, 0.34999999, 0.34999999, 0.34999999, 0.34999999, 0.34999999, 0.34999999, 0.34999999, 0.34998998, 1.0000000
0.35600001, 1.0000000, 1.0000000, 9.9999990, 9.9999990, 9.9999990, 9.9999990, 9.9999990, 9.9999990, 19.999998, 19.999998, 19.999998, 19.996996, 0.34999999, 0.34999999, 0.34999999, 0.34999999, 0.34999999, 0.34999999, 0.34999999, 0.34999999, 0.34999999, 0.34998497, 1.0000000
0.35584188, 1.0000000, 0.99942702, 9.9921150, 9.9952822, 9.9976339, 9.9995251, 9.9997635, 9.9999189, 19.999998, 19.999998, 19.999989, 19.991005, 0.34992117, 0.34995282, 0.34997633, 0.34999526, 0.34999764, 0.34999919, 0.34999999, 0.34999999, 0.34999993, 0.34995502, 0.99942702
0.34265661, 1.0000000, 0.95165431, 9.2619028, 9.7043200, 9.8388615, 9.9601526, 9.9797697, 9.9927711, 19.999563, 19.999891, 19.999825, 19.979134, 0.34261903, 0.34704322, 0.34838861, 0.34960154, 0.34979770, 0.34992772, 0.34999782, 0.34999946, 0.34999913, 0.34989566, 0.95165431
0.31691730, 1.0000000, 0.85839593, 7.6023860, 9.4530106, 9.6736908, 9.8921556, 9.9433460, 9.9786205, 19.998121, 19.999516, 19.998453, 19.956423, 0.32602388, 0.34453011, 0.34673691, 0.34892157, 0.34943345, 0.34978622, 0.34999061, 0.34999758, 0.34999228, 0.34978211, 0.85839593
0.28885579, 1.0000000, 0.75672388, 5.6314545, 9.3853941, 9.6154108, 9.8370781, 9.9100313, 9.9638128, 19.996178, 19.999014, 19.994846, 19.935944, 0.30631453, 0.34385395, 0.34615409, 0.34837079, 0.34910032, 0.34963813, 0.34998089, 0.34999508, 0.34997422, 0.34967971, 0.75672388
0.26292217, 1.0000000, 0.66276151, 3.7789197, 9.3581619, 9.5897274, 9.8056526, 9.8876762, 9.9524002, 19.994970, 19.998617, 19.988464, 19.918394, 0.28778920, 0.34358162, 0.34589726, 0.34805652, 0.34887677, 0.34952399, 0.34997484, 0.34999308, 0.34994233, 0.34959197, 0.66276151
0.27979007, 1.0000000, 0.72387701, 4.9328671, 9.4470892, 9.6391020, 9.8120413, 9.8866644, 9.9490862, 19.994524, 19.998196, 19.979275, 19.903955, 0.29932800, 0.34447011, 0.34639063, 0.34812033, 0.34886661, 0.34949085, 0.34997261, 0.34999096, 0.34989637, 0.34951979, 0.72387701
0.35591698, 1.0000000, 0.99969918, 9.9958620, 9.9975176, 9.9987593, 9.9997520, 9.9998741, 9.9999580, 19.999998, 19.999998, 19.999989, 19.991005, 0.34995863, 0.34997517, 0.34998760, 0.34999752, 0.34999874, 0.34999958, 0.34999999, 0.34999999, 0.34999993, 0.34995502, 0.99969918
0.35060287, 1.0000000, 0.98044497, 9.7183819, 9.8566942, 9.9256811, 9.9842787, 9.9921103, 9.9973507, 19.999998, 19.999998, 19.999432, 19.967562, 0.34718382, 0.34856695, 0.34925681, 0.34984279, 0.34992111, 0.34997350, 0.34999999, 0.34999999, 0.34999716, 0.34983781, 0.98044497
0.32611027, 1.0000000, 0.89170384, 8.2165155, 9.5152216, 9.7168903, 9.9143238, 9.9556007, 9.9834242, 19.998556, 19.999630, 19.997068, 19.945868, 0.33216515, 0.34515220, 0.34716889, 0.34914324, 0.34955600, 0.34983423, 0.34999278, 0.34999815, 0.34998533, 0.34972933, 0.89170384
0.35183370, 1.0000000, 0.98490465, 9.7846375, 9.8865442, 9.9416285, 9.9874620, 9.9937029, 9.9978418, 19.999939, 19.999987, 19.999969, 19.988020, 0.34784639, 0.34886545, 0.34941629, 0.34987462, 0.34993702, 0.34997842, 0.34999970, 0.34999993, 0.34999985, 0.34994009, 0.98490465
0.33401740, 1.0000000, 0.92035276, 8.7236528, 9.5958405, 9.7700377, 9.9356041, 9.9669123, 9.9878254, 19.999010, 19.999743, 19.999218, 19.964716, 0.33723560, 0.34595782, 0.34770009, 0.34935600, 0.34966910, 0.34987825, 0.34999505, 0.34999871, 0.34999609, 0.34982359, 0.92035276
0.34720469, 1.0000000, 0.96813279, 9.6160192, 9.6852074, 9.8082380, 9.9307432, 9.9630365, 9.9860363, 19.998955, 19.999731, 19.996660, 19.943327, 0.34614953, 0.34684563, 0.34807912, 0.34930676, 0.34963003, 0.34986025, 0.34999478, 0.34999865, 0.34998330, 0.34971663, 0.96813279
0.35600001, 1.0000000, 1.0000000, 9.9999990, 9.9999990, 9.9999990, 9.9999990, 9.9999990, 9.9999990, 19.999992, 19.999996, 19.993994, 19.924644, 0.34999999, 0.34999999, 0.34999999, 0.34999999, 0.34999999, 0.34999999, 0.34999996, 0.34999996, 0.34996998, 0.34962323, 1.0000000
0.35600001, 1.0000000, 1.0000000, 9.9999990, 9.9999990, 9.9999990, 9.9999990, 9.9999990, 9.9999990, 19.999998, 19.999998, 19.999998, 19.998999, 0.34999999, 0.34999999, 0.34999999, 0.34999999, 0.34999999, 0.34999999, 0.34999999, 0.34999999, 0.34999999, 0.34999499, 1.0000000
0.35600001, 1.0000000, 1.0000000, 9.9999990, 9.9999990, 9.9999990, 9.9999990, 9.9999990, 9.9999990, 19.999998, 19.999998, 19.999998, 19.998999, 0.34999999, 0.34999999, 0.34999999, 0.34999999, 0.34999999, 0.34999999, 0.34999999, 0.34999999, 0.34999999, 0.34999499, 1.0000000
0.35600001, 1.0000000, 1.0000000, 9.9999990, 9.9999990, 9.9999990, 9.9999990, 9.9999990, 9.9999990, 19.999998, 19.999998, 19.999998, 19.995995, 0.34999999, 0.34999999, 0.34999999, 0.34999999, 0.34999999, 0.34999999, 0.34999999, 0.34999999, 0.34999999, 0.34997997, 1.0000000
0.35600001, 1.0000000, 1.0000000, 9.9999990, 9.9999990, 9.9999990, 9.9999990, 9.9999990, 9.9999990, 19.999998, 19.999998, 19.999998, 19.998999, 0.34999999, 0.34999999, 0.34999999, 0.34999999, 0.34999999, 0.34999999, 0.34999999, 0.34999999, 0.34999999, 0.34999499, 1.0000000
0.35600001, 1.0000000, 1.0000000, 9.9999990, 9.9999990, 9.9999990, 9.9999990, 9.9999990, 9.9999990, 19.999998, 19.999998, 19.999998, 19.997997, 0.34999999, 0.34999999, 0.34999999, 0.34999999, 0.34999999, 0.34999999, 0.34999999, 0.34999999, 0.34999999, 0.34998998, 1.0000000
0.35600001, 1.0000000, 1.0000000, 9.9999990, 9.9999990, 9.9999990, 9.9999990, 9.9999990, 9.9999990, 19.999998, 19.999998, 19.999998, 19.998999, 0.34999999, 0.34999999, 0.34999999, 0.34999999, 0.34999999, 0.34999999, 0.34999999, 0.34999999, 0.34999999, 0.34999499, 1.0000000
0.33937937, 1.0000000, 0.93978035, 9.0630598, 9.6566238, 9.8095493, 9.9499273, 9.9744568, 9.9906445, 19.999235, 19.999796, 19.999714, 19.975222, 0.34062773, 0.34656438, 0.34809455, 0.34949911, 0.34974447, 0.34990641, 0.34999618, 0.34999898, 0.34999856, 0.34987611, 0.93978035
0.31462231, 1.0000000, 0.85008079, 7.4310031, 9.4610939, 9.6755733, 9.8880844, 9.9407921, 9.9774342, 19.997919, 19.999456, 19.998062, 19.952837, 0.32431003, 0.34461093, 0.34675574, 0.34888083, 0.34940791, 0.34977433, 0.34998959, 0.34999728, 0.34999031, 0.34976417, 0.85008079
0.28037572, 1.0000000, 0.72599900, 5.0593581, 9.3355312, 9.5808458, 9.8175354, 9.8985748, 9.9587927, 19.995495, 19.998817, 19.993986, 19.932806, 0.30059060, 0.34335202, 0.34580675, 0.34817499, 0.34898555, 0.34958786, 0.34997746, 0.34999409, 0.34996992, 0.34966403, 0.72599900
0.25137582, 1.0000000, 0.62092692, 2.9793634, 9.3158808, 9.5586767, 9.7842045, 9.8741379, 9.9457598, 19.993916, 19.998316, 19.987104, 19.915770, 0.27979079, 0.34315348, 0.34558403, 0.34784147, 0.34874111, 0.34945750, 0.34996957, 0.34999159, 0.34993553, 0.34957886, 0.62092692
0.22702669, 1.0000000, 0.53270537, 2.2650213, 7.5940037, 9.5121117, 9.7430229, 9.8453512, 9.9293604, 19.990936, 19.997154, 19.977266, 19.901800, 0.27264950, 0.32593861, 0.34512022, 0.34743005, 0.34845343, 0.34929356, 0.34995466, 0.34998578, 0.34988633, 0.34950900, 0.53270537
0.21398541, 1.0000000, 0.48545438, 1.9514471, 6.5128584, 9.5652142, 9.7596474, 9.8501368, 9.9277086, 19.990170, 19.995953, 19.965277, 19.890806, 0.26951447, 0.31512859, 0.34565213, 0.34759647, 0.34850138, 0.34927708, 0.34995085, 0.34997976, 0.34982640, 0.34945405, 0.48545438
0.19693974, 1.0000000, 0.42369470, 1.5203118, 5.1999397, 9.5164967, 9.7392931, 9.8370275, 9.9201469, 19.988600, 19.993496, 19.951782, 19.882374, 0.26520312, 0.30199939, 0.34516495, 0.34739292, 0.34837028, 0.34920147, 0.34994298, 0.34996748, 0.34975892, 0.34941188, 0.42369470
0.18438761, 1.0000000, 0.37821597, 1.2478322, 4.1338530, 9.5252743, 9.7422972, 9.8370152, 9.9185610, 19.987787, 19.989725, 19.937845, 19.876024, 0.26247749, 0.29133689, 0.34525084, 0.34742257, 0.34836993, 0.34918556, 0.34993893, 0.34994861, 0.34968922, 0.34938014, 0.37821597
0.17126431, 1.0000000, 0.33066776, 0.95987022, 3.0363622, 9.5121756, 9.7332449, 9.8309278, 9.9148827, 19.986553, 19.983912, 19.924294, 19.871317, 0.25959852, 0.28036326, 0.34512120, 0.34733233, 0.34830922, 0.34914878, 0.34993276, 0.34991956, 0.34962147, 0.34935659, 0.33066776
0.16053517, 0.97254968, 0.29179409, 0.66448450, 2.5939136, 8.7946501, 9.7181425, 9.8212032, 9.9095898, 19.984587, 19.975901, 19.911804, 19.867865, 0.25664440, 0.27593806, 0.33794469, 0.34718102, 0.34821182, 0.34909582, 0.34992293, 0.34987950, 0.34955901, 0.34933931, 0.29179409
0.15567970, 0.91391474, 0.27420184, 0.58099926, 2.3975520, 8.2851210, 9.7458401, 9.8356857, 9.9149532, 19.983864, 19.966368, 19.900940, 19.865347, 0.25580999, 0.27397552, 0.33285120, 0.34745839, 0.34835684, 0.34914953, 0.34991932, 0.34983185, 0.34950471, 0.34932673, 0.27420184
0.35598975, 1.0000000, 0.99996275, 9.9999990, 9.9999990, 9.9999990, 9.9999990, 9.9999990, 9.9999990, 19.999998, 19.999998, 19.999998, 19.997997, 0.34999487, 0.34999692, 0.34999844, 0.34999970, 0.34999985, 0.34999993, 0.34999999, 0.34999999, 0.34999999, 0.34998998, 0.99996275
0.34182894, 1.0000000, 0.94865555, 9.2106085, 9.6935892, 9.8320122, 9.9577742, 9.9785318, 9.9922895, 19.999504, 19.999874, 19.999695, 19.974264, 0.34210607, 0.34693590, 0.34832013, 0.34957772, 0.34978533, 0.34992290, 0.34999752, 0.34999937, 0.34999847, 0.34987134, 0.94865555
0.33266699, 1.0000000, 0.91546017, 8.6083241, 9.6216555, 9.7774696, 9.9309559, 9.9639511, 9.9868231, 19.999229, 19.999802, 19.998016, 19.951960, 0.33608323, 0.34621656, 0.34777468, 0.34930956, 0.34963951, 0.34986824, 0.34999615, 0.34999901, 0.34999007, 0.34975979, 0.91546017
0.32740003, 1.0000000, 0.89637691, 8.2344084, 9.6164093, 9.7668600, 9.9133434, 9.9532824, 9.9823370, 19.998926, 19.999723, 19.993958, 19.932064, 0.33234408, 0.34616411, 0.34766859, 0.34913343, 0.34953281, 0.34982336, 0.34999463, 0.34999862, 0.34996980, 0.34966034, 0.89637691
0.35520840, 1.0000000, 0.99713171, 9.9604549, 9.9768295, 9.9883566, 9.9976578, 9.9988251, 9.9996090, 19.999998, 19.999998, 19.999989, 19.991005, 0.34960285, 0.34976727, 0.34988305, 0.34997648, 0.34998819, 0.34999606, 0.34999999, 0.34999999, 0.34999993, 0.34995502, 0.99713171
0.35600001, 1.0000000, 1.0000000, 9.9999990, 9.9999990, 9.9999990, 9.9999990, 9.9999990, 9.9999990, 19.999998, 19.999998, 19.999998, 19.998999, 0.34999999, 0.34999999, 0.34999999, 0.34999999, 0.34999999, 0.34999999, 0.34999999, 0.34999999, 0.34999999, 0.34999499, 1.0000000
0.34327722, 1.0000000, 0.95390290, 9.2988520, 9.7142916, 9.8448200, 9.9633856, 9.9814606, 9.9936047, 19.999849, 19.999964, 19.999750, 19.975233, 0.34298852, 0.34714290, 0.34844822, 0.34963387, 0.34981459, 0.34993604, 0.34999925, 0.34999982, 0.34999874, 0.34987617, 0.95390290
0.35600001, 1.0000000, 1.0000000, 9.9999990, 9.9999990, 9.9999990, 9.9999990, 9.9999990, 9.9999990, 19.999998, 19.999998, 19.999998, 19.994993, 0.34999999, 0.34999999, 0.34999999, 0.34999999, 0.34999999, 0.34999999, 0.34999999, 0.34999999, 0.34999999, 0.34997496, 1.0000000
0.35600001, 1.0000000, 1.0000000, 9.9999990, 9.9999990, 9.9999990, 9.9999990, 9.9999990, 9.9999990, 19.999998, 19.999998, 19.999998, 19.998999, 0.34999999, 0.34999999, 0.34999999, 0.34999999, 0.34999999, 0.34999999, 0.34999999, 0.34999999, 0.34999999, 0.34999499, 1.0000000
0.35600001, 1.0000000, 1.0000000, 9.9999990, 9.9999990, 9.9999990, 9.9999990, 9.9999990, 9.9999990, 19.999998, 19.999998, 19.999998, 19.995995, 0.34999999, 0.34999999, 0.34999999, 0.34999999, 0.34999999, 0.34999999, 0.34999999, 0.34999999, 0.34999999, 0.34997997, 1.0000000
0.35600001, 1.0000000, 1.0000000, 9.9999990, 9.9999990, 9.9999990, 9.9999990, 9.9999990, 9.9999990, 19.999998, 19.999998, 19.999998, 19.994993, 0.34999999, 0.34999999, 0.34999999, 0.34999999, 0.34999999, 0.34999999, 0.34999999, 0.34999999, 0.34999999, 0.34997496, 1.0000000
0.35600001, 1.0000000, 1.0000000, 9.9999990, 9.9999990, 9.9999990, 9.9999990, 9.9999990, 9.9999990, 19.999998, 19.999998, 19.999998, 19.997997, 0.34999999, 0.34999999, 0.34999999, 0.34999999, 0.34999999, 0.34999999, 0.34999999, 0.34999999, 0.34999999, 0.34998998, 1.0000000
0.35600001, 1.0000000, 1.0000000, 9.9999990, 9.9999990, 9.9999990, 9.9999990, 9.9999990, 9.9999990, 19.999998, 19.999998, 19.999998, 19.998999, 0.34999999, 0.34999999, 0.34999999, 0.34999999, 0.34999999, 0.34999999, 0.34999999, 0.34999999, 0.34999999, 0.34999499, 1.0000000
0.33341712, 1.0000000, 0.91817790, 8.7033539, 9.5651588, 9.7543783, 9.9326096, 9.9654579, 9.9872808, 19.998926, 19.999718, 19.999796, 19.980110, 0.33703354, 0.34565160, 0.34754378, 0.34932610, 0.34965459, 0.34987280, 0.34999463, 0.34999859, 0.34999898, 0.34990054, 0.91817790
0.33651692, 1.0000000, 0.92940909, 8.9984856, 9.4870434, 9.6881847, 9.8860836, 9.9391603, 9.9765139, 19.997746, 19.999414, 19.998522, 19.957331, 0.33998424, 0.34487006, 0.34688163, 0.34886080, 0.34939158, 0.34976512, 0.34998873, 0.34999707, 0.34999260, 0.34978664, 0.92940909
0.31859186, 1.0000000, 0.86446321, 7.7192249, 9.4702864, 9.6655722, 9.8507166, 9.9164686, 9.9657097, 19.996143, 19.998989, 19.995031, 19.936743, 0.32719225, 0.34470287, 0.34665573, 0.34850717, 0.34916469, 0.34965709, 0.34998071, 0.34999496, 0.34997517, 0.34968370, 0.86446321
0.34291869, 1.0000000, 0.95260400, 9.3913860, 9.6289759, 9.6544361, 9.8370266, 9.9053326, 9.9595728, 19.995659, 19.998800, 19.988834, 19.919081, 0.34391385, 0.34628975, 0.34654436, 0.34837025, 0.34905332, 0.34959573, 0.34997830, 0.34999400, 0.34994417, 0.34959540, 0.95260400
0.31812692, 1.0000000, 0.86277854, 7.7356863, 9.4141102, 9.6205158, 9.8167210, 9.8912764, 9.9519110, 19.994761, 19.998276, 19.979731, 19.904514, 0.32735687, 0.34414110, 0.34620517, 0.34816721, 0.34891278, 0.34951910, 0.34997380, 0.34999138, 0.34989864, 0.34952256, 0.86277854
0.28202420, 1.0000000, 0.73197180, 5.2236524, 9.2887535, 9.5379572, 9.7663879, 9.8600292, 9.9359646, 19.991890, 19.996725, 19.968027, 19.892891, 0.30223653, 0.34288752, 0.34537956, 0.34766388, 0.34860030, 0.34935963, 0.34995943, 0.34998363, 0.34984013, 0.34946445, 0.73197180
0.25048479, 1.0000000, 0.61769849, 2.9672594, 9.2439957, 9.5366058, 9.7517986, 9.8473072, 9.9272327, 19.989983, 19.994471, 19.954720, 19.883945, 0.27967066, 0.34243634, 0.34536421, 0.34751761, 0.34847289, 0.34927225, 0.34994990, 0.34997237, 0.34977359, 0.34941971, 0.61769849
0.35595071, 1.0000000, 0.99982142, 9.9978056, 9.9986849, 9.9993410, 9.9998684, 9.9999342, 9.9999790, 19.999998, 19.999998, 19.999996, 19.993994, 0.34997544, 0.34998527, 0.34999263, 0.34999853, 0.34999925, 0.34999976, 0.34999999, 0.34999999, 0.34999996, 0.34996998, 0.99982142
0.35519153, 1.0000000, 0.99707061, 9.9593582, 9.9763517, 9.9881010, 9.9975481, 9.9987717, 9.9995823, 19.999992, 19.999998, 19.999983, 19.990009, 0.34959358, 0.34976351, 0.34988099, 0.34997547, 0.34998772, 0.34999582, 0.34999996, 0.34999999, 0.34999990, 0.34995005, 0.99707061
0.35600001, 1.0000000, 1.0000000, 9.9999990, 9.9999990, 9.9999990, 9.9999990, 9.9999990, 9.9999990, 19.999998, 19.999998, 19.999998, 19.998999, 0.34999999, 0.34999999, 0.34999999, 0.34999999, 0.34999999, 0.34999999, 0.34999999, 0.34999999, 0.34999999, 0.34999499, 1.0000000
0.34631014, 1.0000000, 0.96489167, 9.5506926, 9.6738997, 9.8208151, 9.9552813, 9.9772663, 9.9919147, 19.999569, 19.999886, 19.999895, 19.983068, 0.34550694, 0.34673899, 0.34820816, 0.34955281, 0.34977266, 0.34991914, 0.34999785, 0.34999943, 0.34999949, 0.34991533, 0.96489167
0.35600001, 1.0000000, 1.0000000, 9.9999990, 9.9999990, 9.9999990, 9.9999990, 9.9999990, 9.9999990, 19.999998, 19.999998, 19.999998, 19.998999, 0.34999999, 0.34999999, 0.34999999, 0.34999999, 0.34999999, 0.34999999, 0.34999999, 0.34999999, 0.34999999, 0.34999499, 1.0000000
0.32598156, 1.0000000, 0.89123744, 8.2229843, 9.4952497, 9.7063084, 9.9099932, 9.9533405, 9.9821568, 19.997961, 19.999468, 19.999619, 19.975222, 0.33222789, 0.34495112, 0.34706238, 0.34909979, 0.34953335, 0.34982154, 0.34998980, 0.34999734, 0.34999809, 0.34987611, 0.89123744
0.30569762, 1.0000000, 0.81774497, 6.7851086, 9.4643993, 9.6717310, 9.8748140, 9.9321280, 9.9736347, 19.997633, 19.999386, 19.998014, 19.952848, 0.31784767, 0.34464115, 0.34671584, 0.34874785, 0.34932113, 0.34973627, 0.34998816, 0.34999692, 0.34999007, 0.34976423, 0.81774497
0.28111660, 1.0000000, 0.72868341, 5.0532479, 9.4099712, 9.6280479, 9.8354855, 9.9071379, 9.9622068, 19.996595, 19.999115, 19.994034, 19.932817, 0.30052739, 0.34409401, 0.34627756, 0.34835425, 0.34907109, 0.34962198, 0.34998298, 0.34999558, 0.34997016, 0.34966409, 0.72868341
0.35600001, 1.0000000, 1.0000000, 9.9999990, 9.9999990, 9.9999990, 9.9999990, 9.9999990, 9.9999990, 19.999998, 19.999998, 19.999998, 19.997997, 0.34999999, 0.34999999, 0.34999999, 0.34999999, 0.34999999, 0.34999999, 0.34999999, 0.34999999, 0.34999999, 0.34998998, 1.0000000
0.34449744, 1.0000000, 0.95832396, 9.4916372, 9.5851841, 9.7628822, 9.9335909, 9.9658871, 9.9873285, 19.998831, 19.999695, 19.999647, 19.974239, 0.34491637, 0.34585184, 0.34762883, 0.34933591, 0.34965888, 0.34987327, 0.34999415, 0.34999847, 0.34999824, 0.34987119, 0.95832396
0.34361637, 1.0000000, 0.95513183, 9.4629049, 9.5620689, 9.7019930, 9.8960285, 9.9445915, 9.9791222, 19.998461, 19.999599, 19.997963, 19.951946, 0.34462905, 0.34562069, 0.34701994, 0.34896028, 0.34944591, 0.34979123, 0.34999231, 0.34999800, 0.34998983, 0.34975973, 0.95513183
0.31461054, 1.0000000, 0.85003805, 7.4868541, 9.3983746, 9.6240749, 9.8434181, 9.9133215, 9.9655104, 19.996946, 19.999205, 19.993839, 19.932039, 0.32486853, 0.34398374, 0.34624076, 0.34843418, 0.34913322, 0.34965509, 0.34998474, 0.34999603, 0.34996921, 0.34966019, 0.85003805
0.28290138, 1.0000000, 0.73514992, 5.2476683, 9.3319502, 9.5739689, 9.8009634, 9.8853502, 9.9518566, 19.995447, 19.998728, 19.986837, 19.915131, 0.30247575, 0.34331849, 0.34573919, 0.34800953, 0.34885344, 0.34951854, 0.34997723, 0.34999365, 0.34993419, 0.34957564, 0.73514992
0.27360639, 1.0000000, 0.70147240, 4.5394301, 9.3798532, 9.5967798, 9.7944489, 9.8768644, 9.9452944, 19.994755, 19.998144, 19.977047, 19.901335, 0.29539248, 0.34379625, 0.34596664, 0.34794426, 0.34876853, 0.34945291, 0.34997377, 0.34999073, 0.34988523, 0.34950668, 0.70147240
0.35599661, 1.0000000, 0.99998772, 9.9998293, 9.9998980, 9.9999485, 9.9999905, 9.9999933, 9.9999962, 19.999998, 19.999998, 19.999992, 19.994993, 0.34999830, 0.34999898, 0.34999949, 0.34999990, 0.34999993, 0.34999996, 0.34999999, 0.34999999, 0.34999996, 0.34997496, 0.99998772
0.35600001, 1.0000000, 1.0000000, 9.9999990, 9.9999990, 9.9999990, 9.9999990, 9.9999990, 9.9999990, 19.999998, 19.999998, 19.999998, 19.996996, 0.34999999, 0.34999999, 0.34999999, 0.34999999, 0.34999999, 0.34999999, 0.34999999, 0.34999999, 0.34999999, 0.34998497, 1.0000000
0.35600001, 1.0000000, 1.0000000, 9.9999990, 9.9999990, 9.9999990, 9.9999990, 9.9999990, 9.9999990, 19.999998, 19.999998, 19.999998, 19.997997, 0.34999999, 0.34999999, 0.34999999, 0.34999999, 0.34999999, 0.34999999, 0.34999999, 0.34999999, 0.34999999, 0.34998998, 1.0000000
0.33881885, 1.0000000, 0.93774939, 9.0950956, 9.5646791, 9.7540216, 9.9336386, 9.9660158, 9.9876766, 19.999170, 19.999784, 19.999670, 19.974264, 0.34095097, 0.34564680, 0.34754020, 0.34933639, 0.34966016, 0.34987676, 0.34999585, 0.34999892, 0.34999835, 0.34987134, 0.93774939
0.35598367, 1.0000000, 0.99994081, 9.9991856, 9.9995108, 9.9997549, 9.9999485, 9.9999752, 9.9999905, 19.999998, 19.999998, 19.999990, 19.992998, 0.34999186, 0.34999511, 0.34999755, 0.34999949, 0.34999976, 0.34999990, 0.34999999, 0.34999999, 0.34999996, 0.34996498, 0.99994081
0.32988340, 1.0000000, 0.90537453, 8.5023403, 9.4978628, 9.7098970, 9.9155340, 9.9564114, 9.9838104, 19.998598, 19.999630, 19.999712, 19.977131, 0.33502340, 0.34497863, 0.34709898, 0.34915534, 0.34956411, 0.34983811, 0.34999299, 0.34999815, 0.34999856, 0.34988564, 0.90537453
0.33315295, 1.0000000, 0.91722083, 8.7725210, 9.4686527, 9.6700191, 9.8685646, 9.9286547, 9.9720421, 19.997311, 19.999296, 19.998188, 19.954576, 0.33772522, 0.34468654, 0.34670019, 0.34868565, 0.34928656, 0.34972042, 0.34998655, 0.34999648, 0.34999093, 0.34977287, 0.91722083
0.30401021, 1.0000000, 0.81163114, 6.7373819, 9.3777885, 9.6080627, 9.8252907, 9.9012527, 9.9593973, 19.995945, 19.998941, 19.994402, 19.934332, 0.31737381, 0.34377789, 0.34608063, 0.34825289, 0.34901252, 0.34959397, 0.34997973, 0.34999472, 0.34997201, 0.34967166, 0.81163114
0.28725964, 1.0000000, 0.75094074, 5.5626521, 9.3380976, 9.5733843, 9.7908669, 9.8774023, 9.9467478, 19.994249, 19.998425, 19.987751, 19.917053, 0.30561545, 0.34336984, 0.34572813, 0.34790751, 0.34877342, 0.34946728, 0.34997123, 0.34999213, 0.34993875, 0.34958526, 0.75094074
0.35600001, 1.0000000, 1.0000000, 9.9999990, 9.9999990, 9.9999990, 9.9999990, 9.9999990, 9.9999990, 19.999998, 19.999998, 19.999998, 19.995995, 0.34999999, 0.34999999, 0.34999999, 0.34999999, 0.34999999, 0.34999999, 0.34999999, 0.34999999, 0.34999999, 0.34997997, 1.0000000
0.35600001, 1.0000000, 1.0000000, 9.9999990, 9.9999990, 9.9999990, 9.9999990, 9.9999990, 9.9999990, 19.999998, 19.999998, 19.999998, 19.998999, 0.34999999, 0.34999999, 0.34999999, 0.34999999, 0.34999999, 0.34999999, 0.34999999, 0.34999999, 0.34999999, 0.34999499, 1.0000000
0.35229897, 1.0000000, 0.98659056, 9.9405994, 9.7764425, 9.7681808, 9.9339275, 9.9660263, 9.9872389, 19.998699, 19.999664, 19.999678, 19.975233, 0.34940600, 0.34776443, 0.34768182, 0.34933928, 0.34966028, 0.34987238, 0.34999350, 0.34999833, 0.34999838, 0.34987617, 0.98659056
0.32584763, 1.0000000, 0.89075226, 8.2595387, 9.4479971, 9.6560869, 9.8753662, 9.9333477, 9.9743109, 19.997574, 19.999372, 19.998014, 19.952837, 0.33259284, 0.34447825, 0.34655997, 0.34875348, 0.34933338, 0.34974307, 0.34998786, 0.34999686, 0.34999007, 0.34976417, 0.89075226
0.29631099, 1.0000000, 0.78373545, 6.1757402, 9.3826237, 9.6102285, 9.8283520, 9.9037304, 9.9608526, 19.996124, 19.998989, 19.994017, 19.932817, 0.31175682, 0.34382573, 0.34610203, 0.34828347, 0.34903726, 0.34960854, 0.34998062, 0.34999496, 0.34997007, 0.34966409, 0.78373545
0.26976851, 1.0000000, 0.68756700, 4.2802253, 9.3527927, 9.5857458, 9.8018637, 9.8843718, 9.9506445, 19.995256, 19.998661, 19.987188, 19.915804, 0.29280007, 0.34352508, 0.34585598, 0.34801835, 0.34884357, 0.34950638, 0.34997627, 0.34999329, 0.34993595, 0.34957904, 0.68756700
0.34013742, 1.0000000, 0.94252694, 9.1157188, 9.6583586, 9.8123484, 9.9533644, 9.9762993, 9.9915810, 19.999569, 19.999886, 19.999922, 19.984043, 0.34115511, 0.34658226, 0.34812281, 0.34953350, 0.34976292, 0.34991577, 0.34999785, 0.34999943, 0.34999961, 0.34992021, 0.94252694
0.35596895, 1.0000000, 0.99988753, 9.9984531, 9.9990692, 9.9995346, 9.9999065, 9.9999542, 9.9999847, 19.999998, 19.999998, 19.999998, 19.994993, 0.34998453, 0.34999070, 0.34999534, 0.34999907, 0.34999955, 0.34999985, 0.34999999, 0.34999999, 0.34999999, 0.34997496, 0.99988753
0.35600001, 1.0000000, 1.0000000, 9.9999990, 9.9999990, 9.9999990, 9.9999990, 9.9999990, 9.9999990, 19.999998, 19.999998, 19.999998, 19.994993, 0.34999999, 0.34999999, 0.34999999, 0.34999999, 0.34999999, 0.34999999, 0.34999999, 0.34999999, 0.34999999, 0.34997496, 1.0000000
0.34189439, 1.0000000, 0.94889265, 9.2161055, 9.6922712, 9.8316240, 9.9596739, 9.9795418, 9.9929438, 19.999832, 19.999958, 19.999893, 19.981091, 0.34216106, 0.34692270, 0.34831625, 0.34959674, 0.34979540, 0.34992945, 0.34999916, 0.34999979, 0.34999946, 0.34990546, 0.94889265
0.32345852, 1.0000000, 0.88209605, 8.0379686, 9.4999285, 9.7039118, 9.9074469, 9.9516325, 9.9825239, 19.999218, 19.999796, 19.998711, 19.958250, 0.33037969, 0.34499928, 0.34703910, 0.34907448, 0.34951633, 0.34982523, 0.34999609, 0.34999898, 0.34999356, 0.34979126, 0.88209605
0.35598445, 1.0000000, 0.99994367, 9.9992247, 9.9995346, 9.9997673, 9.9999542, 9.9999752, 9.9999876, 19.999998, 19.999992, 19.999998, 19.994993, 0.34999225, 0.34999534, 0.34999767, 0.34999955, 0.34999976, 0.34999987, 0.34999999, 0.34999996, 0.34999999, 0.34997496, 0.99994367
0.35558540, 1.0000000, 0.99849772, 9.9999990, 9.9994011, 9.9225845, 9.9165201, 9.9569235, 9.9839230, 19.998520, 19.999611, 19.999786, 19.981079, 0.34999999, 0.34999400, 0.34922585, 0.34916520, 0.34956923, 0.34983924, 0.34999260, 0.34999806, 0.34999892, 0.34990540, 0.99849772
0.33174074, 1.0000000, 0.91210413, 8.6507835, 9.4964304, 9.6813250, 9.8600521, 9.9243803, 9.9707623, 19.997490, 19.999344, 19.998598, 19.958233, 0.33650783, 0.34496430, 0.34681326, 0.34860051, 0.34924382, 0.34970763, 0.34998745, 0.34999672, 0.34999299, 0.34979117, 0.91210413
0.29513469, 1.0000000, 0.77947348, 6.1443939, 9.3181448, 9.5666475, 9.8007545, 9.8871794, 9.9535227, 19.995382, 19.998787, 19.995173, 19.937544, 0.31144392, 0.34318143, 0.34566647, 0.34800756, 0.34887180, 0.34953523, 0.34997690, 0.34999394, 0.34997585, 0.34968773, 0.77947348
0.26301453, 1.0000000, 0.66309607, 3.8364534, 9.3017931, 9.5441160, 9.7675524, 9.8624430, 9.9394674, 19.993330, 19.998180, 19.988983, 19.919718, 0.28836375, 0.34301680, 0.34544057, 0.34767541, 0.34862438, 0.34939465, 0.34996665, 0.34999090, 0.34994492, 0.34959859, 0.66309607
0.24629714, 1.0000000, 0.60252583, 2.9121757, 8.7896585, 9.6073084, 9.7831945, 9.8661938, 9.9373531, 19.992836, 19.997786, 19.980009, 19.905041, 0.27912176, 0.33789659, 0.34607309, 0.34783193, 0.34866193, 0.34937352, 0.34996417, 0.34998894, 0.34990004, 0.34952521, 0.60252583
0.23153788, 1.0000000, 0.54905027, 2.5165319, 7.6707377, 9.6001034, 9.7799168, 9.8623257, 9.9334469, 19.992081, 19.996798, 19.968534, 19.893328, 0.27516532, 0.32670736, 0.34600103, 0.34779918, 0.34862325, 0.34933448, 0.34996039, 0.34998399, 0.34984267, 0.34946662, 0.54905027
0.22486967, 1.0000000, 0.52489012, 2.3723900, 7.0677695, 9.6687508, 9.8076181, 9.8763885, 9.9376211, 19.992079, 19.995100, 19.955412, 19.884317, 0.27372390, 0.32067770, 0.34668750, 0.34807616, 0.34876388, 0.34937620, 0.34996039, 0.34997550, 0.34977704, 0.34942159, 0.52489012
0.21255940, 1.0000000, 0.48028764, 2.0393431, 6.1621013, 9.6206188, 9.7928190, 9.8684731, 9.9338055, 19.991089, 19.991734, 19.941483, 19.877468, 0.27039343, 0.31162101, 0.34620619, 0.34792820, 0.34868473, 0.34933805, 0.34995544, 0.34995866, 0.34970742, 0.34938735, 0.48028764
0.19605571, 1.0000000, 0.42049170, 1.7246366, 4.7563391, 9.5074348, 9.7449694, 9.8413496, 9.9224901, 19.989880, 19.986441, 19.927732, 19.872389, 0.26724637, 0.29756337, 0.34507436, 0.34744969, 0.34841350, 0.34922490, 0.34994939, 0.34993219, 0.34963867, 0.34936196, 0.42049170
0.18640685, 1.0000000, 0.38553208, 1.5196741, 3.8981833, 9.5716820, 9.7636433, 9.8496399, 9.9244404, 19.989487, 19.979326, 19.915005, 19.868664, 0.26519674, 0.28898183, 0.34571683, 0.34763643, 0.34849641, 0.34924442, 0.34994742, 0.34989664, 0.34957501, 0.34934333, 0.38553208
0.16944245, 1.0000000, 0.32406685, 1.0349810, 2.9090703, 9.0820274, 9.7102900, 9.8192272, 9.9109821, 19.986668, 19.969660, 19.903568, 19.865931, 0.26034981, 0.27909070, 0.34082028, 0.34710291, 0.34819227, 0.34910983, 0.34993333, 0.34984830, 0.34951785, 0.34932965, 0.32406685
0.15274078, 0.87842393, 0.26355353, 0.54397285, 2.2885175, 7.9403033, 9.6579494, 9.7859154, 9.8944626, 19.982374, 19.958099, 19.893795, 19.863930, 0.25543946, 0.27288452, 0.32940188, 0.34657922, 0.34785900, 0.34894457, 0.34991187, 0.34979051, 0.34946898, 0.34931964, 0.26355353
0.14167258, 0.74476349, 0.22345141, 0.28312504, 1.8656999, 6.9834514, 9.6567564, 9.7816114, 9.8897896, 19.978228, 19.945797, 19.885780, 19.862495, 0.25283071, 0.26865491, 0.31983060, 0.34656650, 0.34781557, 0.34889773, 0.34989113, 0.34972900, 0.34942889, 0.34931248, 0.22345141
0.13664052, 0.68399572, 0.20521924, 0.22100210, 1.6654283, 6.3648624, 9.6985598, 9.8041601, 9.8978996, 19.974327, 19.933569, 19.879440, 19.861496, 0.25220948, 0.26665184, 0.31364396, 0.34698418, 0.34804088, 0.34897876, 0.34987164, 0.34966785, 0.34939721, 0.34930748, 0.20521924
0.12965102, 0.59959000, 0.17989500, 0.23137033, 1.2818068, 5.4208655, 9.6501465, 9.7770529, 9.8865166, 19.967218, 19.921206, 19.874384, 19.860779, 0.25231370, 0.26281807, 0.30420867, 0.34650147, 0.34777051, 0.34886515, 0.34983608, 0.34960604, 0.34937191, 0.34930390, 0.17989500
0.12620163, 0.55793482, 0.16739719, 0.18005371, 1.1708707, 4.9650464, 9.7096558, 9.8096609, 9.8984108, 19.959963, 19.910133, 19.870533, 19.860268, 0.25180054, 0.26170871, 0.29965046, 0.34709656, 0.34809661, 0.34898412, 0.34979981, 0.34955066, 0.34935266, 0.34930134, 0.16739719
0.12402131, 0.53160518, 0.15949751, 0.15520155, 1.1021227, 4.6499066, 9.7539368, 9.8357944, 9.9089985, 19.951406, 19.900299, 19.867607, 19.859915, 0.25155064, 0.26101539, 0.29648674, 0.34753418, 0.34835532, 0.34908912, 0.34975702, 0.34950149, 0.34933802, 0.34929958, 0.15949751
0.12331650, 0.52309382, 0.15694384, 0.15144646, 1.0878086, 4.5044332, 9.8041096, 9.8653479, 9.9207764, 19.941832, 19.891846, 19.865396, 19.859638, 0.25151446, 0.26087809, 0.29504433, 0.34804109, 0.34865350, 0.34920776, 0.34970915, 0.34945923, 0.34932697, 0.34929818, 0.15694384
0.15207288, 0.87035829, 0.26113361, 2.3084283, 1.0473609, 4.3380814, 9.8155718, 9.8741608, 9.9243584, 19.931566, 19.884773, 19.863735, 19.859476, 0.27308428, 0.26047361, 0.29338080, 0.34815571, 0.34874159, 0.34924358, 0.34965783, 0.34942386, 0.34931868, 0.34929737, 0.26113361
0.35600001, 1.0000000, 1.0000000, 9.9999990, 9.9999990, 9.9999990, 9.9999990, 9.9999990, 9.9999990, 19.999998, 19.999998, 19.999996, 19.993994, 0.34999999, 0.34999999, 0.34999999, 0.34999999, 0.34999999, 0.34999999, 0.34999999, 0.34999999, 0.34999996, 0.34996998, 1.0000000
0.33465236, 1.0000000, 0.92265332, 8.8070021, 9.5473928, 9.7430143, 9.9315805, 9.9649668, 9.9875689, 19.999451, 19.999855, 19.999537, 19.970417, 0.33807003, 0.34547395, 0.34743014, 0.34931582, 0.34964967, 0.34987569, 0.34999725, 0.34999928, 0.34999770, 0.34985209, 0.92265332
0.30222934, 1.0000000, 0.80517870, 6.6138949, 9.3631945, 9.6096964, 9.8572054, 9.9235935, 9.9712543, 19.998192, 19.999535, 19.997469, 19.948435, 0.31613895, 0.34363195, 0.34609696, 0.34857205, 0.34923595, 0.34971255, 0.34999096, 0.34999767, 0.34998733, 0.34974217, 0.80517870
0.27254212, 1.0000000, 0.69761628, 4.4924150, 9.3353243, 9.5789900, 9.8129730, 9.8946114, 9.9579296, 19.997311, 19.999306, 19.992924, 19.929018, 0.29492325, 0.34335211, 0.34578931, 0.34812960, 0.34894606, 0.34957927, 0.34998655, 0.34999654, 0.34996462, 0.34964508, 0.69761628
0.24383768, 1.0000000, 0.59361476, 2.8701754, 8.6007795, 9.5333462, 9.7708063, 9.8656540, 9.9429283, 19.995998, 19.998863, 19.985447, 19.912630, 0.27870175, 0.33600780, 0.34533346, 0.34770805, 0.34865654, 0.34942928, 0.34998000, 0.34999430, 0.34992725, 0.34956315, 0.59361476
0.32441872, 1.0000000, 0.88557512, 8.6173449, 8.7641878, 9.5199718, 9.7484598, 9.8478107, 9.9310961, 19.994183, 19.997931, 19.975155, 19.899321, 0.33617344, 0.33764189, 0.34519970, 0.34748459, 0.34847811, 0.34931096, 0.34997091, 0.34998965, 0.34987578, 0.34949660, 0.88557512
0.28276998, 1.0000000, 0.73467374, 5.2962813, 9.2715483, 9.5203466, 9.7390070, 9.8384876, 9.9229555, 19.992128, 19.996260, 19.962677, 19.888878, 0.30295968, 0.34271219, 0.34520176, 0.34738970, 0.34838471, 0.34922948, 0.34996063, 0.34998131, 0.34981340, 0.34944439, 0.73467374
0.25257444, 1.0000000, 0.62526971, 3.0876465, 9.3003387, 9.5318594, 9.7387419, 9.8355169, 9.9189224, 19.990805, 19.993633, 19.949032, 19.880919, 0.28087395, 0.34299889, 0.34531626, 0.34738696, 0.34835494, 0.34918913, 0.34995401, 0.34996817, 0.34974515, 0.34940460, 0.62526971
0.23094472, 1.0000000, 0.54690117, 2.4220049, 7.8060584, 9.5152054, 9.7321033, 9.8304119, 9.9150105, 19.989288, 19.989319, 19.935072, 19.874926, 0.27421939, 0.32805929, 0.34515128, 0.34732088, 0.34830403, 0.34915009, 0.34994644, 0.34994659, 0.34967536, 0.34937462, 0.54690117
0.21139616, 1.0000000, 0.47607300, 1.9294232, 6.2723880, 9.5056133, 9.7259007, 9.8257751, 9.9119663, 19.988024, 19.983103, 19.921675, 19.870506, 0.26929224, 0.31271997, 0.34505317, 0.34725842, 0.34825745, 0.34911957, 0.34994012, 0.34991550, 0.34960836, 0.34935254, 0.47607300
0.21180896, 1.0000000, 0.47756869, 2.1413713, 5.9595242, 9.5222502, 9.7305393, 9.8273716, 9.9118166, 19.986893, 19.974890, 19.909521, 19.867283, 0.27141306, 0.30959412, 0.34522164, 0.34730521, 0.34827363, 0.34911814, 0.34993446, 0.34987444, 0.34954759, 0.34933642, 0.47756869
0.18932103, 1.0000000, 0.39609066, 1.5401781, 4.2827778, 9.4579010, 9.6994724, 9.8094454, 9.9036236, 19.983959, 19.964422, 19.898857, 19.864923, 0.26539910, 0.29282331, 0.34457409, 0.34699371, 0.34809396, 0.34903607, 0.34991980, 0.34982210, 0.34949428, 0.34932461, 0.39609066
0.17465475, 1.0000000, 0.34295201, 1.2162864, 3.0250378, 9.5062895, 9.7142000, 9.8160477, 9.9052324, 19.981461, 19.952871, 19.889997, 19.863230, 0.26216081, 0.28024730, 0.34505808, 0.34714103, 0.34815997, 0.34905213, 0.34990731, 0.34976435, 0.34944999, 0.34931615, 0.34295201
0.19076233, 1.0000000, 0.40131277, 2.4744897, 2.9996305, 9.2542477, 9.7057133, 9.8112621, 9.9032021, 19.977825, 19.940569, 19.882788, 19.862007, 0.27474490, 0.27999631, 0.34254247, 0.34705713, 0.34811261, 0.34903201, 0.34988913, 0.34970284, 0.34941393, 0.34931004, 0.40131277
0.22110593, 1.0000000, 0.51125336, 2.5654168, 6.3970418, 9.4753675, 9.7450399, 9.8331308, 9.9116640, 19.973322, 19.928373, 19.877081, 19.861155, 0.27565417, 0.31397042, 0.34475368, 0.34745041, 0.34833130, 0.34911662, 0.34986660, 0.34964186, 0.34938541, 0.34930578, 0.51125336
0.35450131, 1.0000000, 0.99456990, 9.9241533, 9.9569016, 9.9782028, 9.9953451, 9.9976664, 9.9991884, 19.999964, 19.999992, 19.999777, 19.974401, 0.34924152, 0.34956902, 0.34978202, 0.34995344, 0.34997666, 0.34999189, 0.34999982, 0.34999996, 0.34999889, 0.34987199, 0.99456990
0.32052931, 1.0000000, 0.87148291, 7.8748331, 9.4372215, 9.6685286, 9.8959999, 9.9458923, 9.9794044, 19.997818, 19.999439, 19.997993, 19.952055, 0.32874835, 0.34437221, 0.34668529, 0.34895998, 0.34945893, 0.34979403, 0.34998909, 0.34999719, 0.34998995, 0.34976026, 0.87148291
0.35600001, 1.0000000, 0.99999988, 9.9999990, 9.9999962, 9.9999962, 9.9999990, 9.9999990, 9.9999990, 19.999998, 19.999998, 19.999998, 19.997997, 0.34999999, 0.34999996, 0.34999996, 0.34999999, 0.34999999, 0.34999999, 0.34999999, 0.34999999, 0.34999999, 0.34998998, 0.99999988
0.32777452, 1.0000000, 0.89773369, 8.3402395, 9.5096855, 9.7167740, 9.9172029, 9.9572601, 9.9840660, 19.998568, 19.999622, 19.999622, 19.974253, 0.33340240, 0.34509686, 0.34716773, 0.34917203, 0.34957260, 0.34984067, 0.34999284, 0.34999812, 0.34999812, 0.34987128, 0.89773369
0.29574910, 1.0000000, 0.78169960, 6.1384788, 9.3737879, 9.6120176, 9.8490753, 9.9181919, 9.9683704, 19.997400, 19.999313, 19.997885, 19.951946, 0.31138161, 0.34373495, 0.34611869, 0.34849045, 0.34918177, 0.34968364, 0.34998700, 0.34999657, 0.34998941, 0.34975973, 0.78169960
0.26797935, 1.0000000, 0.68108457, 4.1422148, 9.3620338, 9.5932055, 9.8128195, 9.8932180, 9.9563780, 19.996595, 19.999098, 19.993797, 19.932053, 0.29141805, 0.34361476, 0.34592921, 0.34812760, 0.34893188, 0.34956369, 0.34998298, 0.34999549, 0.34996897, 0.34966028, 0.68108457
0.24132475, 1.0000000, 0.58450997, 2.8049440, 8.4053469, 9.5353212, 9.7688370, 9.8636894, 9.9408302, 19.994642, 19.998501, 19.986765, 19.915142, 0.27804944, 0.33405346, 0.34535322, 0.34768838, 0.34863690, 0.34940830, 0.34997320, 0.34999251, 0.34993383, 0.34957570, 0.58450997
0.35585022, 1.0000000, 0.99945724, 9.9946280, 9.9967785, 9.9983873, 9.9996777, 9.9998388, 9.9999428, 19.999998, 19.999998, 19.999998, 19.994993, 0.34992537, 0.34995523, 0.34997758, 0.34999552, 0.34999776, 0.34999922, 0.34999999, 0.34999999, 0.34999999, 0.34997496, 0.99945724
0.35600001, 1.0000000, 1.0000000, 9.9999990, 9.9999990, 9.9999990, 9.9999990, 9.9999990, 9.9999990, 19.999998, 19.999998, 19.999998, 19.998999, 0.34999999, 0.34999999, 0.34999999, 0.34999999, 0.34999999, 0.34999999, 0.34999999, 0.34999999, 0.34999999, 0.34999499, 1.0000000
0.32293001, 1.0000000, 0.88018119, 8.0216961, 9.4709511, 9.6893282, 9.9040308, 9.9501534, 9.9811907, 19.998146, 19.999516, 19.999630, 19.975222, 0.33021694, 0.34470952, 0.34689328, 0.34904030, 0.34950155, 0.34981191, 0.34999073, 0.34999758, 0.34999815, 0.34987611, 0.88018119
0.29414302, 1.0000000, 0.77588046, 6.0118513, 9.3868341, 9.6189585, 9.8468199, 9.9163294, 9.9670715, 19.996881, 19.999187, 19.997967, 19.952820, 0.31011850, 0.34386835, 0.34618959, 0.34846818, 0.34916329, 0.34967071, 0.34998441, 0.34999594, 0.34998983, 0.34976411, 0.77588046
0.27727267, 1.0000000, 0.71475601, 4.7766027, 9.4105663, 9.6251154, 9.8274927, 9.9010410, 9.9593334, 19.996780, 19.999157, 19.994051, 19.932829, 0.29775745, 0.34409550, 0.34624597, 0.34827384, 0.34900987, 0.34959316, 0.34998390, 0.34999579, 0.34997025, 0.34966415, 0.71475601
0.32510340, 1.0000000, 0.88805574, 8.2023621, 9.4623594, 9.6527195, 9.8257198, 9.8962679, 9.9548922, 19.996374, 19.998972, 19.987253, 19.915804, 0.33202061, 0.34462151, 0.34652612, 0.34825698, 0.34896255, 0.34954891, 0.34998187, 0.34999487, 0.34993628, 0.34957904, 0.88805574
0.35599202, 1.0000000, 0.99997097, 9.9996004, 9.9997606, 9.9998798, 9.9999752, 9.9999876, 9.9999962, 19.999998, 19.999998, 19.999998, 19.994993, 0.34999600, 0.34999761, 0.34999880, 0.34999976, 0.34999987, 0.34999996, 0.34999999, 0.34999999, 0.34999999, 0.34997496, 0.99997097
0.35600001, 1.0000000, 1.0000000, 9.9999990, 9.9999990, 9.9999990, 9.9999990, 9.9999990, 9.9999990, 19.999998, 19.999998, 19.999998, 19.995995, 0.34999999, 0.34999999, 0.34999999, 0.34999999, 0.34999999, 0.34999999, 0.34999999, 0.34999999, 0.34999999, 0.34997997, 1.0000000
0.34629285, 1.0000000, 0.96482915, 9.4755211, 9.7684259, 9.8764200, 9.9700851, 9.9848738, 9.9945335, 19.999588, 19.999891, 19.999958, 19.988003, 0.34475100, 0.34768167, 0.34876290, 0.34970060, 0.34984863, 0.34994531, 0.34999794, 0.34999946, 0.34999979, 0.34994000, 0.96482915
0.35600001, 1.0000000, 1.0000000, 9.9999990, 9.9999990, 9.9999990, 9.9999990, 9.9999990, 9.9999990, 19.999998, 19.999998, 19.999998, 19.994993, 0.34999999, 0.34999999, 0.34999999, 0.34999999, 0.34999999, 0.34999999, 0.34999999, 0.34999999, 0.34999999, 0.34997496, 1.0000000
0.35508949, 1.0000000, 0.99670100, 9.9999790, 9.9861517, 9.8216553, 9.9462729, 9.9725666, 9.9900131, 19.999241, 19.999802, 19.999886, 19.984043, 0.34999979, 0.34986150, 0.34821656, 0.34946272, 0.34972566, 0.34990013, 0.34999621, 0.34999901, 0.34999943, 0.34992021, 0.99670100
0.34012192, 1.0000000, 0.94247073, 9.1730700, 9.5855055, 9.7663746, 9.9368801, 9.9676886, 9.9882269, 19.999117, 19.999773, 19.999823, 19.981079, 0.34173071, 0.34585506, 0.34766376, 0.34936881, 0.34967688, 0.34988227, 0.34999558, 0.34999886, 0.34999913, 0.34990540, 0.94247073
0.31270856, 1.0000000, 0.84314686, 7.3257279, 9.4210110, 9.6480188, 9.8743305, 9.9330292, 9.9745922, 19.997990, 19.999474, 19.998615, 19.958239, 0.32325727, 0.34421012, 0.34648019, 0.34874332, 0.34933031, 0.34974593, 0.34998995, 0.34999737, 0.34999308, 0.34979120, 0.84314686
0.28236771, 1.0000000, 0.73321635, 5.1827450, 9.3618689, 9.5968800, 9.8232613, 9.9010572, 9.9603090, 19.996702, 19.999132, 19.995256, 19.937544, 0.30182397, 0.34361491, 0.34596685, 0.34823224, 0.34901038, 0.34960303, 0.34998351, 0.34999567, 0.34997627, 0.34968773, 0.73321635
0.25232047, 1.0000000, 0.62434953, 3.0379133, 9.3275185, 9.5651369, 9.7877674, 9.8760509, 9.9474268, 19.995672, 19.998808, 19.989143, 19.919735, 0.28037915, 0.34327519, 0.34565136, 0.34787768, 0.34876052, 0.34947425, 0.34997836, 0.34999403, 0.34994572, 0.34959868, 0.62434953
0.22852355, 1.0000000, 0.53812879, 2.3367822, 7.6528797, 9.5144701, 9.7487612, 9.8491488, 9.9324856, 19.993807, 19.998043, 19.980062, 19.905029, 0.27336782, 0.32652879, 0.34514469, 0.34748763, 0.34849149, 0.34932485, 0.34996903, 0.34999022, 0.34990031, 0.34952515, 0.53812879
0.20822437, 1.0000000, 0.46458101, 1.8310368, 6.0552516, 9.4983616, 9.7310896, 9.8346043, 9.9226646, 19.992598, 19.996941, 19.968548, 19.893328, 0.26830959, 0.31055099, 0.34498242, 0.34731066, 0.34834594, 0.34922662, 0.34996298, 0.34998471, 0.34984273, 0.34946662, 0.46458101
0.19075634, 1.0000000, 0.40129107, 1.4275908, 4.6259418, 9.4848814, 9.7210512, 9.8259277, 9.9160500, 19.991585, 19.994974, 19.955353, 19.884306, 0.26427591, 0.29625940, 0.34484881, 0.34721053, 0.34825927, 0.34916049, 0.34995791, 0.34997487, 0.34977677, 0.34942153, 0.40129107
0.23005687, 1.0000000, 0.54368430, 2.4110317, 7.7255630, 9.5013170, 9.7217474, 9.8240185, 9.9125671, 19.990242, 19.991508, 19.941412, 19.877462, 0.27410939, 0.32725388, 0.34501210, 0.34721726, 0.34824008, 0.34912565, 0.34995121, 0.34995753, 0.34970707, 0.34938732, 0.54368430
0.20956521, 1.0000000, 0.46943918, 1.9105762, 6.0928416, 9.4866371, 9.7161427, 9.8197889, 9.9096212, 19.989368, 19.986298, 19.927692, 19.872389, 0.26910520, 0.31092733, 0.34486553, 0.34716123, 0.34819779, 0.34909618, 0.34994686, 0.34993148, 0.34963846, 0.34936196, 0.46943918
0.25405949, 1.0000000, 0.63065022, 3.1671004, 9.3271036, 9.5691805, 9.7504025, 9.8380976, 9.9160862, 19.988909, 19.979164, 19.914976, 19.868664, 0.28166911, 0.34326774, 0.34569010, 0.34750366, 0.34838080, 0.34916079, 0.34994453, 0.34989583, 0.34957486, 0.34934333, 0.63065022
0.23638478, 1.0000000, 0.56661153, 2.5622606, 8.2143421, 9.5413914, 9.7451468, 9.8361702, 9.9152861, 19.987053, 19.969763, 19.903622, 19.865940, 0.27562261, 0.33214343, 0.34541392, 0.34745148, 0.34836170, 0.34915286, 0.34993526, 0.34984881, 0.34951812, 0.34932971, 0.56661153
0.27873543, 1.0000000, 0.72005588, 4.9777527, 9.2953691, 9.5553551, 9.7524843, 9.8405237, 9.9169712, 19.984745, 19.958731, 19.893959, 19.863960, 0.29977754, 0.34295368, 0.34555355, 0.34752485, 0.34840524, 0.34916970, 0.34992373, 0.34979364, 0.34946978, 0.34931982, 0.72005588
0.33131009, 1.0000000, 0.91054368, 8.5680790, 9.5445518, 9.7403593, 9.9272289, 9.9626007, 9.9861994, 19.998837, 19.999695, 19.999889, 19.986019, 0.33567801, 0.34544367, 0.34740263, 0.34927210, 0.34962592, 0.34986195, 0.34999418, 0.34999847, 0.34999946, 0.34993011, 0.91054368
0.30589333, 1.0000000, 0.81845403, 6.8246665, 9.4312916, 9.6523085, 9.8713608, 9.9309826, 9.9735012, 19.997734, 19.999409, 19.999004, 19.962851, 0.31824666, 0.34431291, 0.34652308, 0.34871361, 0.34930983, 0.34973502, 0.34998867, 0.34999704, 0.34999502, 0.34981424, 0.81845403
0.27247381, 1.0000000, 0.69736886, 4.4966421, 9.3253899, 9.5725679, 9.8103809, 9.8933744, 9.9568243, 19.996172, 19.999004, 19.996143, 19.941631, 0.29495993, 0.34324583, 0.34572154, 0.34810296, 0.34893334, 0.34956810, 0.34998086, 0.34999502, 0.34998071, 0.34970814, 0.69736886
0.24421076, 1.0000000, 0.59496653, 2.8786511, 8.6323118, 9.5367451, 9.7700806, 9.8650217, 9.9417171, 19.994326, 19.998524, 19.990587, 19.923172, 0.27878106, 0.33631331, 0.34536204, 0.34769970, 0.34864965, 0.34941700, 0.34997162, 0.34999263, 0.34995294, 0.34961587, 0.59496653
0.22245894, 1.0000000, 0.51615560, 2.2703707, 7.0365934, 9.5140667, 9.7442617, 9.8450384, 9.9292145, 19.992485, 19.997845, 19.982094, 19.907816, 0.27269283, 0.32034570, 0.34512699, 0.34743983, 0.34844896, 0.34929168, 0.34996241, 0.34998924, 0.34991047, 0.34953907, 0.51615560
0.20154034, 1.0000000, 0.44036350, 1.7189205, 5.4479728, 9.4861298, 9.7225199, 9.8285427, 9.9184437, 19.990602, 19.996681, 19.970982, 19.895512, 0.26717544, 0.30445355, 0.34483853, 0.34722051, 0.34828308, 0.34918365, 0.34995300, 0.34998339, 0.34985492, 0.34947756, 0.44036350
0.18163824, 1.0000000, 0.36825448, 1.2353450, 3.8630826, 9.4603453, 9.7026520, 9.8139305, 9.9091444, 19.988791, 19.994724, 19.958008, 19.885962, 0.26234686, 0.28861848, 0.34458831, 0.34702343, 0.34813774, 0.34909090, 0.34994394, 0.34997362, 0.34979004, 0.34942982, 0.36825448
0.16545278, 1.0000000, 0.30961153, 0.82954168, 2.8713644, 8.8911285, 9.6835976, 9.8004417, 9.9009895, 19.987074, 19.991463, 19.944124, 19.878710, 0.25829080, 0.27870405, 0.33889645, 0.34683272, 0.34800276, 0.34900936, 0.34993535, 0.34995732, 0.34972063, 0.34939355, 0.30961153
0.15387240, 0.89208961, 0.26765364, 0.53831935, 2.4153738, 7.9760151, 9.6788998, 9.7956839, 9.8969812, 19.985544, 19.986496, 19.930283, 19.873283, 0.25538108, 0.27414808, 0.32975078, 0.34678674, 0.34795567, 0.34896943, 0.34992772, 0.34993249, 0.34965140, 0.34936643, 0.26765364
0.14269945, 0.75716400, 0.22717193, 0.29824972, 1.9620150, 6.9904633, 9.6603460, 9.7837296, 9.8908377, 19.984030, 19.979488, 19.917248, 19.869305, 0.25298035, 0.26961175, 0.31988963, 0.34659931, 0.34783521, 0.34890765, 0.34992015, 0.34989744, 0.34958625, 0.34934652, 0.22717193
0.13356344, 0.64683682, 0.19407046, 0.12359321, 1.5949726, 6.0986218, 9.6555061, 9.7796659, 9.8878736, 19.982174, 19.970448, 19.905594, 19.866394, 0.25123560, 0.26594710, 0.31098118, 0.34655347, 0.34779584, 0.34887847, 0.34991086, 0.34985223, 0.34952796, 0.34933197, 0.19407046
0.12513907, 0.54510343, 0.16354738, 0.0000000, 1.2483656, 5.1754222, 9.6377344, 9.7685366, 9.8824587, 19.979727, 19.959667, 19.895569, 19.864283, 0.24999768, 0.26247707, 0.30174059, 0.34637225, 0.34768280, 0.34882373, 0.34989864, 0.34979832, 0.34947783, 0.34932142, 0.16354738
0.11881845, 0.46877503, 0.14064658, 0.0000000, 0.94789863, 4.2540112, 9.6187325, 9.7563715, 9.8764992, 19.976545, 19.947788, 19.887270, 19.862766, 0.24999768, 0.25947461, 0.29253030, 0.34618288, 0.34756145, 0.34876424, 0.34988272, 0.34973896, 0.34943634, 0.34931383, 0.14064658
0.11249737, 0.39244109, 0.11774410, 0.0000000, 0.67066848, 3.2911391, 9.5895672, 9.7376776, 9.8672943, 19.971912, 19.935326, 19.880562, 19.861671, 0.24999768, 0.25669950, 0.28289378, 0.34588543, 0.34737155, 0.34867117, 0.34985957, 0.34967664, 0.34940282, 0.34930837, 0.11774410
0.10703719, 0.32650346, 0.97960837E-1, 0.0000000, 0.41454434, 2.5753379, 9.1535940, 9.7045803, 9.8508787, 19.965885, 19.923115, 19.875280, 19.860897, 0.24999768, 0.25413972, 0.27573565, 0.34152332, 0.34703913, 0.34850651, 0.34982944, 0.34961557, 0.34937641, 0.34930450, 0.97960837E-1
0.10369775, 0.28617615, 0.85861430E-1, 0.0000000, 0.26712716, 2.1660089, 8.6335840, 9.7040663, 9.8481207, 19.958540, 19.911758, 19.871189, 19.860355, 0.24999768, 0.25266901, 0.27165091, 0.33632854, 0.34703654, 0.34847981, 0.34979269, 0.34955880, 0.34935594, 0.34930179, 0.85861430E-1
0.10062703, 0.24909382, 0.74735619E-1, 0.0000000, 0.14908314, 1.7725646, 8.0749273, 9.6903229, 9.8406000, 19.949612, 19.901543, 19.868050, 19.859962, 0.24999768, 0.25149041, 0.26772314, 0.33074701, 0.34690186, 0.34840554, 0.34974808, 0.34950772, 0.34934026, 0.34929982, 0.74735619E-1
0.97955406E-1, 0.21683103, 0.65055817E-1, 0.0000000, 0.66226721E-1, 1.4142901, 7.4770904, 9.6740742, 9.8314276, 19.939655, 19.892715, 19.865685, 19.859663, 0.24999768, 0.25066212, 0.26414135, 0.32476926, 0.34673968, 0.34831393, 0.34969828, 0.34946358, 0.34932843, 0.34929830, 0.65055817E-1
0.95405646E-1, 0.18603991, 0.55817556E-1, 0.0000000, 0.23156404E-2, 1.0668546, 6.7891054, 9.6469202, 9.8163500, 19.928835, 19.885260, 19.863871, 19.859468, 0.24999768, 0.25002316, 0.26066825, 0.31789067, 0.34646893, 0.34816340, 0.34964418, 0.34942630, 0.34931934, 0.34929734, 0.55817556E-1
0.94249263E-1, 0.17207536, 0.51627774E-1, 0.0000000, 0.0000000, 0.88939369, 6.2852802, 9.6836853, 9.8293314, 19.918543, 19.879267, 19.862558, 19.859346, 0.24999768, 0.24999903, 0.25888959, 0.31284663, 0.34683213, 0.34829170, 0.34959272, 0.34939635, 0.34931278, 0.34929675, 0.51627774E-1
0.16697107, 1.0000000, 0.31511259, 2.6600032, 2.1325886, 4.6770568, 9.4582767, 9.7817945, 9.8692436, 19.909250, 19.874620, 19.861618, 19.859346, 0.27659959, 0.27132568, 0.29677033, 0.34458268, 0.34781790, 0.34869242, 0.34954625, 0.34937310, 0.34930807, 0.34929675, 0.31511259
0.15456221, 0.90041971, 0.27015293, 2.1212606, 1.8624961, 3.9747381, 9.6562500, 9.7915211, 9.8757563, 19.899914, 19.870743, 19.860901, 19.859299, 0.27121261, 0.26862496, 0.28974739, 0.34656250, 0.34791520, 0.34875757, 0.34949958, 0.34935373, 0.34930450, 0.34929651, 0.27015293
0.14401264, 0.77302223, 0.23192987, 1.6610503, 1.6114563, 3.4567063, 9.6847391, 9.7936335, 9.8767605, 19.891752, 19.867790, 19.860390, 19.859251, 0.26661050, 0.26611456, 0.28456706, 0.34684739, 0.34793633, 0.34876761, 0.34945875, 0.34933895, 0.34930193, 0.34929627, 0.23192987
0.13205619, 0.62863505, 0.18860938, 1.1424303, 1.2939543, 2.9683499, 9.5175085, 9.7718430, 9.8673468, 19.884893, 19.865562, 19.860046, 19.859222, 0.26142430, 0.26293954, 0.27968350, 0.34517509, 0.34771842, 0.34867346, 0.34942448, 0.34932780, 0.34930024, 0.34929612, 0.18860938
0.12204193, 0.50770187, 0.15232579, 0.71699321, 0.99734962, 2.6351542, 9.1569166, 9.7541733, 9.8578043, 19.878712, 19.863728, 19.859730, 19.859205, 0.25716966, 0.25997326, 0.27635124, 0.34156895, 0.34754163, 0.34857801, 0.34939355, 0.34931862, 0.34929866, 0.34929603, 0.15232579
0.11398998, 0.41046593, 0.12315209, 0.41376054, 0.74054897, 2.2984533, 8.7516613, 9.7358913, 9.8480539, 19.873848, 19.862410, 19.859535, 19.859194, 0.25413653, 0.25740433, 0.27298275, 0.33751523, 0.34735817, 0.34848025, 0.34936923, 0.34931204, 0.34929767, 0.34929597, 0.12315209
0.15217069, 0.87153953, 0.26148802, 1.8260360, 1.8985957, 4.3378811, 9.5293198, 9.7727060, 9.8599577, 19.870222, 19.861496, 19.859442, 19.859180, 0.26825827, 0.26898465, 0.29337731, 0.34529254, 0.34772673, 0.34859946, 0.34935111, 0.34930748, 0.34929723, 0.34929591, 0.26148802
0.14547750, 0.79071194, 0.23723730, 1.5810996, 1.7422259, 3.8150806, 9.6856670, 9.7983990, 9.8694420, 19.867666, 19.860903, 19.859442, 19.859180, 0.26581100, 0.26742226, 0.28815082, 0.34685665, 0.34798399, 0.34869441, 0.34933832, 0.34930450, 0.34929723, 0.34929591, 0.23723730
0.13703972, 0.68881649, 0.20666562, 1.2476683, 1.5175521, 3.3413188, 9.6930122, 9.7938290, 9.8677397, 19.865360, 19.860386, 19.859394, 19.859175, 0.26246879, 0.26516974, 0.28340682, 0.34692642, 0.34793642, 0.34867677, 0.34932679, 0.34930193, 0.34929699, 0.34929588, 0.20666562
0.12881610, 0.58950746, 0.17686993, 0.91982186, 1.2779266, 2.9521437, 9.5676508, 9.7833109, 9.8631163, 19.863356, 19.859936, 19.859343, 19.859163, 0.25919271, 0.26277468, 0.27951613, 0.34567308, 0.34783134, 0.34863058, 0.34931678, 0.34929967, 0.34929672, 0.34929582, 0.17686993
0.12144870, 0.50053811, 0.15017645, 0.62251389, 1.0417074, 2.6948423, 9.2767963, 9.7717705, 9.8576450, 19.861433, 19.859537, 19.859270, 19.859144, 0.25622126, 0.26041317, 0.27694339, 0.34276450, 0.34771588, 0.34857583, 0.34930718, 0.34929770, 0.34929636, 0.34929574, 0.15017645
0.11509256, 0.42378080, 0.12714696, 0.38784742, 0.82748532, 2.4356694, 8.9611492, 9.7606907, 9.8524227, 19.860020, 19.859276, 19.859207, 19.859121, 0.25387391, 0.25826901, 0.27434808, 0.33960515, 0.34760344, 0.34852305, 0.34930009, 0.34929639, 0.34929603, 0.34929562, 0.12714696
0.10954311, 0.35676521, 0.10704027, 0.20369291, 0.63154697, 2.1705270, 8.6130276, 9.7483473, 9.8467226, 19.858875, 19.859024, 19.859135, 19.859104, 0.25203487, 0.25631166, 0.27169868, 0.33612505, 0.34748051, 0.34846625, 0.34929436, 0.34929511, 0.34929568, 0.34929553, 0.10704027
0.10514195, 0.30361637, 0.91094024E-1, 0.82173944E-1, 0.46816468, 1.9134820, 8.2416563, 9.7361984, 9.8413029, 19.858168, 19.858828, 19.859081, 19.859081, 0.25082132, 0.25468022, 0.26913190, 0.33241403, 0.34736049, 0.34841251, 0.34929085, 0.34929413, 0.34929541, 0.34929541, 0.91094024E-1
0.10106505, 0.25438339, 0.76322645E-1, 0.0000000, 0.30798912, 1.6175717, 7.7848201, 9.7104769, 9.8302269, 19.857553, 19.858658, 19.859022, 19.859064, 0.24999057, 0.25307789, 0.26617047, 0.32784316, 0.34710160, 0.34830120, 0.34928778, 0.34929329, 0.34929511, 0.34929532, 0.76322645E-1
0.98905832E-1, 0.22830847, 0.68499394E-1, 0.0000000, 0.20710826, 1.3854444, 7.3451767, 9.7080069, 9.8281517, 19.857353, 19.858616, 19.858980, 19.859051, 0.24999057, 0.25207034, 0.26385191, 0.32344908, 0.34707829, 0.34828091, 0.34928676, 0.34929308, 0.34929490, 0.34929526, 0.68499394E-1
0.97249694E-1, 0.20830879, 0.62498886E-1, 0.0000000, 0.14190674, 1.1982709, 6.9305959, 9.7138605, 9.8299284, 19.857370, 19.858652, 19.858955, 19.859045, 0.24999057, 0.25141820, 0.26197901, 0.31930166, 0.34713560, 0.34829828, 0.34928685, 0.34929326, 0.34929478, 0.34929523, 0.62498886E-1
0.95834047E-1, 0.19121338, 0.57369754E-1, 0.0000000, 0.81866980E-1, 1.0484248, 6.5668263, 9.7226038, 9.8334379, 19.857037, 19.858561, 19.858904, 19.859028, 0.24999057, 0.25081781, 0.26047876, 0.31566137, 0.34722093, 0.34833264, 0.34928519, 0.34929281, 0.34929451, 0.34929514, 0.57369754E-1
0.94670258E-1, 0.17715928, 0.53153101E-1, 0.0000000, 0.49182773E-1, 0.90796649, 6.1927485, 9.7183352, 9.8322363, 19.857176, 19.858545, 19.858881, 19.859022, 0.24999057, 0.25049120, 0.25907397, 0.31191975, 0.34717727, 0.34832031, 0.34928587, 0.34929273, 0.34929439, 0.34929511, 0.53153101E-1
0.93959332E-1, 0.16857415, 0.50577305E-1, 0.0000000, 0.39342046E-1, 0.81620812, 5.8796835, 9.7348309, 9.8389349, 19.857590, 19.858566, 19.858881, 19.859022, 0.24999057, 0.25039315, 0.25815925, 0.30879274, 0.34734491, 0.34838822, 0.34928796, 0.34929281, 0.34929439, 0.34929511, 0.50577305E-1
0.92760004E-1, 0.15409091, 0.46231896E-1, 0.0000000, 0.0000000, 0.68364441, 5.5026765, 9.7111635, 9.8298950, 19.857067, 19.858410, 19.858828, 19.859005, 0.24999057, 0.24999416, 0.25683081, 0.30501771, 0.34710366, 0.34829625, 0.34928533, 0.34929204, 0.34929413, 0.34929502, 0.46231896E-1
0.92196278E-1, 0.14728335, 0.44189423E-1, 0.0000000, 0.0000000, 0.60547292, 5.1979542, 9.7354202, 9.8384752, 19.856892, 19.858366, 19.858805, 19.858986, 0.24999057, 0.24999416, 0.25605083, 0.30197287, 0.34734794, 0.34838262, 0.34928447, 0.34929183, 0.34929401, 0.34929493, 0.44189423E-1
0.91363400E-1, 0.13722545, 0.41171752E-1, 0.0000000, 0.0000000, 0.48639476, 4.8086410, 9.6973286, 9.8240356, 19.856249, 19.858208, 19.858757, 19.858969, 0.24999057, 0.24999416, 0.25486061, 0.29807979, 0.34696662, 0.34823808, 0.34928125, 0.34929103, 0.34929377, 0.34929484, 0.41171752E-1
0.90617843E-1, 0.12822197, 0.38470440E-1, 0.0000000, 0.0000000, 0.39024055, 4.3965139, 9.6868277, 9.8185177, 19.856020, 19.858166, 19.858707, 19.858952, 0.24999057, 0.24999416, 0.25389770, 0.29395449, 0.34685656, 0.34818122, 0.34928009, 0.34929082, 0.34929353, 0.34929475, 0.38470440E-1
0.89897506E-1, 0.11952314, 0.35860527E-1, 0.0000000, 0.0000000, 0.30685961, 3.9531119, 9.6711531, 9.8113852, 19.856112, 19.858147, 19.858673, 19.858940, 0.24999057, 0.24999416, 0.25306356, 0.28951809, 0.34669560, 0.34810844, 0.34928057, 0.34929073, 0.34929335, 0.34929469, 0.35860527E-1
0.89094013E-1, 0.10982013, 0.32949336E-1, 0.0000000, 0.0000000, 0.22037327, 3.4335070, 9.6371784, 9.7960453, 19.855965, 19.858076, 19.858662, 19.858923, 0.24999057, 0.24999416, 0.25220039, 0.28432465, 0.34635714, 0.34795550, 0.34927982, 0.34929037, 0.34929329, 0.34929460, 0.32949336E-1
0.88403590E-1, 0.10148246, 0.30447783E-1, 0.0000000, 0.0000000, 0.15256703, 2.9839129, 9.5464411, 9.7901134, 19.855806, 19.858034, 19.858614, 19.858923, 0.24999057, 0.24999416, 0.25152373, 0.27983159, 0.34545237, 0.34789702, 0.34927905, 0.34929016, 0.34929305, 0.34929460, 0.30447783E-1
0.87854117E-1, 0.94847031E-1, 0.28456956E-1, 0.0000000, 0.0000000, 0.97498298E-1, 2.7990193, 9.1413393, 9.7799854, 19.855778, 19.858023, 19.858566, 19.858923, 0.24999057, 0.24999416, 0.25097403, 0.27798471, 0.34140444, 0.34779665, 0.34927890, 0.34929010, 0.34929281, 0.34929460, 0.28456956E-1
0.87355979E-1, 0.88831499E-1, 0.26652114E-1, 0.0000000, 0.0000000, 0.53155422E-1, 2.6219547, 8.7395420, 9.7750959, 19.855522, 19.857929, 19.858566, 19.858923, 0.24999057, 0.24999416, 0.25053045, 0.27620873, 0.33737737, 0.34774423, 0.34927762, 0.34928966, 0.34929281, 0.34929460, 0.26652114E-1
0.86932398E-1, 0.83716273E-1, 0.25117394E-1, 0.0000000, 0.0000000, 0.21183491E-1, 2.4614275, 8.3577175, 9.7762642, 19.855347, 19.857904, 19.858566, 19.858923, 0.24999057, 0.24999416, 0.25021121, 0.27459997, 0.33355287, 0.34775317, 0.34927672, 0.34928954, 0.34929281, 0.34929460, 0.25117394E-1
0.86553551E-1, 0.79141289E-1, 0.23744762E-1, 0.0000000, 0.0000000, 0.0000000, 2.3019881, 7.9710994, 9.7736969, 19.855230, 19.857893, 19.858566, 19.858923, 0.24999057, 0.24999416, 0.24999824, 0.27301198, 0.32969731, 0.34773138, 0.34927616, 0.34928948, 0.34929281, 0.34929460, 0.23744762E-1
0.86282238E-1, 0.75864844E-1, 0.22761730E-1, 0.0000000, 0.0000000, 0.0000000, 2.1570592, 7.6054049, 9.7749481, 19.855116, 19.857883, 19.858566, 19.858923, 0.24999057, 0.24999416, 0.24999824, 0.27156225, 0.32603931, 0.34774315, 0.34927559, 0.34928942, 0.34929281, 0.34929460, 0.22761730E-1
0.85995600E-1, 0.72403371E-1, 0.21723185E-1, 0.0000000, 0.0000000, 0.0000000, 2.0050049, 7.2201304, 9.7684946, 19.854910, 19.857836, 19.858561, 19.858923, 0.24999057, 0.24999416, 0.24999824, 0.27003977, 0.32218283, 0.34767660, 0.34927455, 0.34928918, 0.34929281, 0.34929460, 0.21723185E-1
0.85721076E-1, 0.69088213E-1, 0.20728538E-1, 0.0000000, 0.0000000, 0.0000000, 1.8625617, 6.8416076, 9.7664347, 19.854816, 19.857811, 19.858561, 19.858923, 0.24999057, 0.24999416, 0.24999824, 0.26861790, 0.31840190, 0.34765762, 0.34927410, 0.34928906, 0.34929281, 0.34929460, 0.20728538E-1
0.85446283E-1, 0.65769769E-1, 0.19732904E-1, 0.0000000, 0.0000000, 0.0000000, 1.7225355, 6.4586291, 9.7620049, 19.854734, 19.857788, 19.858561, 19.858923, 0.24999057, 0.24999416, 0.24999824, 0.26721954, 0.31457540, 0.34761456, 0.34927368, 0.34928894, 0.34929281, 0.34929460, 0.19732904E-1
0.85166007E-1, 0.62385175E-1, 0.18717425E-1, 0.0000000, 0.0000000, 0.0000000, 1.5837610, 6.0611019, 9.7553358, 19.854910, 19.857836, 19.858566, 19.858923, 0.24999057, 0.24999416, 0.24999824, 0.26583263, 0.31060147, 0.34754825, 0.34927455, 0.34928918, 0.34929281, 0.34929460, 0.18717425E-1
0.84971569E-1, 0.60037155E-1, 0.18012948E-1, 0.0000000, 0.0000000, 0.0000000, 1.4949024, 5.7612414, 9.7745504, 19.855499, 19.858011, 19.858566, 19.858923, 0.24999057, 0.24999416, 0.24999824, 0.26494762, 0.30760974, 0.34774399, 0.34927750, 0.34929007, 0.34929281, 0.34929460, 0.18012948E-1
0.84752731E-1, 0.57394445E-1, 0.17220056E-1, 0.0000000, 0.0000000, 0.0000000, 1.3916761, 5.4401870, 9.7697163, 19.855701, 19.858034, 19.858566, 19.858923, 0.24999057, 0.24999416, 0.24999824, 0.26391658, 0.30440155, 0.34769696, 0.34927851, 0.34929016, 0.34929281, 0.34929460, 0.17220056E-1
0.84524177E-1, 0.54634385E-1, 0.16391955E-1, 0.0000000, 0.0000000, 0.0000000, 1.2843460, 5.1080709, 9.7637653, 19.855429, 19.857929, 19.858566, 19.858923, 0.24999057, 0.24999416, 0.24999824, 0.26283580, 0.30106544, 0.34762794, 0.34927714, 0.34928966, 0.34929281, 0.34929460, 0.16391955E-1
0.84241286E-1, 0.51218111E-1, 0.15366971E-1, 0.0000000, 0.0000000, 0.0000000, 1.1523902, 4.6943464, 9.7382622, 19.855358, 19.857929, 19.858566, 19.858923, 0.24999057, 0.24999416, 0.24999824, 0.26152265, 0.29694089, 0.34738082, 0.34927678, 0.34928966, 0.34929281, 0.34929460, 0.15366971E-1
0.83966225E-1, 0.47896471E-1, 0.14370379E-1, 0.0000000, 0.0000000, 0.0000000, 1.0319233, 4.2741404, 9.7283182, 19.855545, 19.857977, 19.858566, 19.858923, 0.24999057, 0.24999416, 0.24999824, 0.26031813, 0.29273912, 0.34728143, 0.34927773, 0.34928989, 0.34929281, 0.34929460, 0.14370379E-1
0.83700404E-1, 0.44686444E-1, 0.13407274E-1, 0.0000000, 0.0000000, 0.0000000, 0.91941059, 3.8583264, 9.7235594, 19.855606, 19.857977, 19.858566, 19.858923, 0.24999057, 0.24999416, 0.24999824, 0.25919378, 0.28858259, 0.34723502, 0.34927803, 0.34928989, 0.34929281, 0.34929460, 0.13407274E-1
0.83513714E-1, 0.42431921E-1, 0.12730849E-1, 0.0000000, 0.0000000, 0.0000000, 0.84469318, 3.5485840, 9.7482538, 19.855429, 19.857929, 19.858566, 19.858923, 0.24999057, 0.24999416, 0.24999824, 0.25844660, 0.28548515, 0.34748191, 0.34927714, 0.34928966, 0.34929281, 0.34929460, 0.12730849E-1
0.83334871E-1, 0.40272247E-1, 0.12082883E-1, 0.0000000, 0.0000000, 0.0000000, 0.77010989, 3.2652559, 9.7553244, 19.854816, 19.857786, 19.858540, 19.858923, 0.24999057, 0.24999416, 0.24999824, 0.25769696, 0.28264380, 0.34754452, 0.34927410, 0.34928894, 0.34929270, 0.34929460, 0.12082883E-1
0.83154783E-1, 0.38097460E-1, 0.11430381E-1, 0.0000000, 0.0000000, 0.0000000, 0.69296062, 2.9968441, 9.7184181, 19.854439, 19.857693, 19.858551, 19.858923, 0.24999057, 0.24999416, 0.24999824, 0.25692558, 0.27995977, 0.34717479, 0.34927219, 0.34928846, 0.34929276, 0.34929460, 0.11430381E-1
0.82985371E-1, 0.36051661E-1, 0.10816581E-1, 0.0000000, 0.0000000, 0.0000000, 0.60570538, 2.8297424, 9.5143042, 19.854084, 19.857574, 19.858545, 19.858923, 0.24999057, 0.24999416, 0.24999824, 0.25605410, 0.27829054, 0.34513536, 0.34927040, 0.34928787, 0.34929273, 0.34929460, 0.10816581E-1
0.82801059E-1, 0.33825841E-1, 0.10148767E-1, 0.0000000, 0.0000000, 0.0000000, 0.51631331, 2.6420860, 9.2793713, 19.853842, 19.857515, 19.858551, 19.858923, 0.24999057, 0.24999416, 0.24999824, 0.25515956, 0.27641168, 0.34278294, 0.34926921, 0.34928757, 0.34929276, 0.34929460, 0.10148767E-1
0.82638785E-1, 0.31866200E-1, 0.95608160E-2, 0.0000000, 0.0000000, 0.0000000, 0.44322908, 2.4713783, 9.0540533, 19.854055, 19.857571, 19.858566, 19.858923, 0.24999057, 0.24999416, 0.24999824, 0.25442895, 0.27470449, 0.34052914, 0.34927028, 0.34928787, 0.34929281, 0.34929460, 0.95608160E-2
0.82507640E-1, 0.30282456E-1, 0.90856459E-2, 0.0000000, 0.0000000, 0.0000000, 0.38664043, 2.3312182, 8.8582954, 19.854321, 19.857647, 19.858566, 19.858923, 0.24999057, 0.24999416, 0.24999824, 0.25386614, 0.27331138, 0.33858195, 0.34927160, 0.34928823, 0.34929281, 0.34929460, 0.90856459E-2
0.82363844E-1, 0.28546000E-1, 0.85646566E-2, 0.0000000, 0.0000000, 0.0000000, 0.32720566, 2.1767378, 8.6383600, 19.854298, 19.857622, 19.858561, 19.858923, 0.24999057, 0.24999416, 0.24999824, 0.25327083, 0.27176329, 0.33637822, 0.34927148, 0.34928811, 0.34929281, 0.34929460, 0.85646566E-2
0.82251035E-1, 0.27183704E-1, 0.81559271E-2, 0.0000000, 0.0000000, 0.0000000, 0.28072298, 2.0580828, 8.4595699, 19.854118, 19.857565, 19.858555, 19.858923, 0.24999057, 0.24999416, 0.24999824, 0.25280437, 0.27057034, 0.33458132, 0.34927058, 0.34928781, 0.34929278, 0.34929460, 0.81559271E-2
0.82129262E-1, 0.25713187E-1, 0.77147279E-2, 0.0000000, 0.0000000, 0.0000000, 0.23512542, 1.9236416, 8.2519703, 19.854155, 19.857590, 19.858566, 19.858923, 0.24999057, 0.24999416, 0.24999824, 0.25234953, 0.26922929, 0.33250952, 0.34927076, 0.34928796, 0.34929281, 0.34929460, 0.77147279E-2
0.82040779E-1, 0.24644658E-1, 0.73941369E-2, 0.0000000, 0.0000000, 0.0000000, 0.19779801, 1.8339634, 8.1054039, 19.853624, 19.857475, 19.858526, 19.858923, 0.24999057, 0.24999416, 0.24999824, 0.25197580, 0.26832956, 0.33103922, 0.34926814, 0.34928739, 0.34929264, 0.34929460, 0.73941369E-2
0.81948556E-1, 0.23530914E-1, 0.70599802E-2, 0.0000000, 0.0000000, 0.0000000, 0.16128719, 1.7373085, 7.9446206, 19.853230, 19.857399, 19.858526, 19.858923, 0.24999057, 0.24999416, 0.24999824, 0.25161144, 0.26736546, 0.32943457, 0.34926614, 0.34928700, 0.34929264, 0.34929460, 0.70599802E-2
0.81832811E-1, 0.22133194E-1, 0.66406224E-2, 0.0000000, 0.0000000, 0.0000000, 0.12370348, 1.6059220, 7.7229819, 19.853130, 19.857386, 19.858540, 19.858923, 0.24999057, 0.24999416, 0.24999824, 0.25123656, 0.26605609, 0.32722482, 0.34926564, 0.34928691, 0.34929270, 0.34929460, 0.66406224E-2
0.81725791E-1, 0.20840796E-1, 0.62528644E-2, 0.0000000, 0.0000000, 0.0000000, 0.92709064E-1, 1.4826596, 7.5035696, 19.853199, 19.857418, 19.858555, 19.858923, 0.24999057, 0.24999416, 0.24999824, 0.25092661, 0.26482278, 0.32502925, 0.34926599, 0.34928709, 0.34929278, 0.34929460, 0.62528644E-2
0.81646398E-1, 0.19882077E-1, 0.59652198E-2, 0.0000000, 0.0000000, 0.0000000, 0.62960386E-1, 1.4015764, 7.3522248, 19.852648, 19.857292, 19.858521, 19.858923, 0.24999057, 0.24999416, 0.24999824, 0.25062889, 0.26400766, 0.32350808, 0.34926325, 0.34928647, 0.34929261, 0.34929460, 0.59652198E-2
0.81541575E-1, 0.18616205E-1, 0.55854204E-2, 0.0000000, 0.0000000, 0.0000000, 0.27754903E-1, 1.2891769, 7.1432967, 19.851690, 19.857069, 19.858484, 19.858898, 0.24999057, 0.24999416, 0.24999824, 0.25027701, 0.26287898, 0.32140937, 0.34925845, 0.34928533, 0.34929243, 0.34929448, 0.55854204E-2
0.81437305E-1, 0.17356994E-1, 0.52076192E-2, 0.0000000, 0.0000000, 0.0000000, 0.0000000, 1.1699855, 6.9096522, 19.851072, 19.856894, 19.858456, 19.858875, 0.24999057, 0.24999416, 0.24999824, 0.24999999, 0.26169106, 0.31907919, 0.34925535, 0.34928447, 0.34929228, 0.34929436, 0.52076192E-2
0.81358545E-1, 0.16405964E-1, 0.49222815E-2, 0.0000000, 0.0000000, 0.0000000, 0.0000000, 1.0590911, 6.6745243, 19.851114, 19.856936, 19.858467, 19.858875, 0.24999057, 0.24999416, 0.24999824, 0.24999999, 0.26057673, 0.31671545, 0.34925556, 0.34928468, 0.34929234, 0.34929436, 0.49222815E-2
0.81267290E-1, 0.15303896E-1, 0.45916280E-2, 0.0000000, 0.0000000, 0.0000000, 0.0000000, 0.93209147, 6.3957224, 19.850454, 19.856747, 19.858425, 19.858828, 0.24999057, 0.24999416, 0.24999824, 0.24999999, 0.25930437, 0.31391943, 0.34925228, 0.34928373, 0.34929213, 0.34929413, 0.45916280E-2
0.81184052E-1, 0.14298744E-1, 0.42900522E-2, 0.0000000, 0.0000000, 0.0000000, 0.0000000, 0.81927180, 6.1283765, 19.849977, 19.856609, 19.858391, 19.858828, 0.24999057, 0.24999416, 0.24999824, 0.24999999, 0.25818163, 0.31125614, 0.34924990, 0.34928304, 0.34929195, 0.34929413, 0.42900522E-2
0.81108555E-1, 0.13387063E-1, 0.40165205E-2, 0.0000000, 0.0000000, 0.0000000, 0.0000000, 0.72090924, 5.8748393, 19.849804, 19.856564, 19.858368, 19.858828, 0.24999057, 0.24999416, 0.24999824, 0.24999999, 0.25720116, 0.30872691, 0.34924901, 0.34928280, 0.34929183, 0.34929413, 0.40165205E-2
0.81041105E-1, 0.12572537E-1, 0.37721384E-2, 0.0000000, 0.0000000, 0.0000000, 0.0000000, 0.63731670, 5.6354294, 19.850264, 19.856657, 19.858398, 19.858828, 0.24999057, 0.24999416, 0.24999824, 0.24999999, 0.25636795, 0.30633891, 0.34925133, 0.34928328, 0.34929198, 0.34929413, 0.37721384E-2
0.80957688E-1, 0.11565190E-1, 0.34699040E-2, 0.0000000, 0.0000000, 0.0000000, 0.0000000, 0.53798258, 5.3272662, 19.850573, 19.856726, 19.858416, 19.858828, 0.24999057, 0.24999416, 0.24999824, 0.24999999, 0.25537759, 0.30326530, 0.34925288, 0.34928364, 0.34929207, 0.34929413, 0.34699040E-2
0.80881029E-1, 0.10639438E-1, 0.31921507E-2, 0.0000000, 0.0000000, 0.0000000, 0.0000000, 0.45239031, 5.0296669, 19.851030, 19.856869, 19.858444, 19.858828, 0.24999057, 0.24999416, 0.24999824, 0.24999999, 0.25452012, 0.30028266, 0.34925514, 0.34928435, 0.34929222, 0.34929413, 0.31921507E-2
0.80804400E-1, 0.97140297E-2, 0.29145004E-2, 0.0000000, 0.0000000, 0.0000000, 0.0000000, 0.37265420, 4.7147202, 19.851690, 19.857069, 19.858498, 19.858828, 0.24999057, 0.24999416, 0.24999824, 0.24999999, 0.25372145, 0.29712567, 0.34925845, 0.34928533, 0.34929249, 0.34929413, 0.29145004E-2
0.80737434E-1, 0.89053148E-2, 0.26718618E-2, 0.0000000, 0.0000000, 0.0000000, 0.0000000, 0.30820072, 4.4197178, 19.852600, 19.857283, 19.858566, 19.858828, 0.24999057, 0.24999416, 0.24999824, 0.24999999, 0.25308123, 0.29419354, 0.34926301, 0.34928641, 0.34929281, 0.34929413, 0.26718618E-2
0.80663443E-1, 0.80118068E-2, 0.24037824E-2, 0.0000000, 0.0000000, 0.0000000, 0.0000000, 0.24214089, 4.0818057, 19.853106, 19.857435, 19.858566, 19.858828, 0.24999057, 0.24999416, 0.24999824, 0.24999999, 0.25242063, 0.29081374, 0.34926552, 0.34928718, 0.34929281, 0.34929413, 0.24037824E-2
0.80626011E-1, 0.75597554E-2, 0.22681535E-2, 0.0000000, 0.0000000, 0.0000000, 0.0000000, 0.21239221, 3.9008517, 19.853891, 19.857634, 19.858566, 19.858828, 0.24999057, 0.24999416, 0.24999824, 0.24999999, 0.25212204, 0.28899693, 0.34926945, 0.34928817, 0.34929281, 0.34929413, 0.22681535E-2
0.80674782E-1, 0.81487196E-2, 0.24448605E-2, 0.53465366E-2, 0.0000000, 0.0000000, 0.0000000, 0.19355118, 3.7744126, 19.854534, 19.857769, 19.858566, 19.858828, 0.25005347, 0.24999416, 0.24999824, 0.24999999, 0.25193551, 0.28774413, 0.34927267, 0.34928885, 0.34929281, 0.34929413, 0.24448605E-2
0.80547951E-1, 0.66171479E-2, 0.19853429E-2, 0.0000000, 0.0000000, 0.0000000, 0.0000000, 0.15597939, 3.5047436, 19.855158, 19.857929, 19.858566, 19.858828, 0.24999025, 0.24999416, 0.24999824, 0.24999999, 0.25155789, 0.28503320, 0.34927580, 0.34928966, 0.34929281, 0.34929413, 0.19853429E-2
0.80480583E-1, 0.58035962E-2, 0.17412530E-2, 0.0000000, 0.0000000, 0.0000000, 0.0000000, 0.11129081, 3.1486335, 19.855211, 19.857941, 19.858566, 19.858828, 0.24999025, 0.24999416, 0.24999824, 0.24999999, 0.25111291, 0.28148633, 0.34927607, 0.34928972, 0.34929281, 0.34929413, 0.17412530E-2
0.82970455E-1, 0.35871532E-1, 0.10762536E-1, 0.18199980, 0.0000000, 0.0000000, 0.0000000, 0.10312796, 3.0640943, 19.855694, 19.858051, 19.858566, 19.858828, 0.25181517, 0.24999416, 0.24999824, 0.24999999, 0.25103119, 0.28064013, 0.34927848, 0.34929025, 0.34929281, 0.34929413, 0.10762536E-1
0.80445133E-1, 0.53755087E-2, 0.16128139E-2, 0.0000000, 0.0000000, 0.0000000, 0.0000000, 0.87967515E-1, 2.9633045, 19.844656, 19.857893, 19.858555, 19.858828, 0.24999979, 0.24999416, 0.24999824, 0.24999999, 0.25087857, 0.27962056, 0.34922329, 0.34928948, 0.34929278, 0.34929413, 0.16128139E-2
0.80412269E-1, 0.49786409E-2, 0.14937416E-2, 0.0000000, 0.0000000, 0.0000000, 0.0000000, 0.68575144E-1, 2.7834148, 19.819532, 19.857929, 19.858566, 19.858828, 0.24999979, 0.24999416, 0.24999824, 0.24999999, 0.25068474, 0.27782062, 0.34909767, 0.34928966, 0.34929281, 0.34929413, 0.14937416E-2
0.80379024E-1, 0.45771445E-2, 0.13732807E-2, 0.0000000, 0.0000000, 0.0000000, 0.0000000, 0.51346421E-1, 2.5930762, 19.794456, 19.857952, 19.858566, 19.858828, 0.24999979, 0.24999416, 0.24999824, 0.24999999, 0.25051320, 0.27592602, 0.34897229, 0.34928977, 0.34929281, 0.34929413, 0.13732807E-2
0.80340967E-1, 0.41175196E-2, 0.12353794E-2, 0.0000000, 0.0000000, 0.0000000, 0.0000000, 0.35333633E-1, 2.3654282, 19.769482, 19.857977, 19.858566, 19.858828, 0.24999979, 0.24999416, 0.24999824, 0.24999999, 0.25035307, 0.27364838, 0.34884742, 0.34928989, 0.34929281, 0.34929413, 0.12353794E-2
0.80314025E-1, 0.37922247E-2, 0.11377812E-2, 0.0000000, 0.0000000, 0.0000000, 0.0000000, 0.26682019E-1, 2.1956444, 19.744987, 19.858076, 19.858566, 19.858828, 0.24999979, 0.24999416, 0.24999824, 0.24999999, 0.25026679, 0.27195525, 0.34872493, 0.34929037, 0.34929281, 0.34929413, 0.11377812E-2
0.80277659E-1, 0.33530223E-2, 0.10060073E-2, 0.0000000, 0.0000000, 0.0000000, 0.0000000, 0.16972423E-1, 1.9612581, 19.720358, 19.858105, 19.858566, 19.858828, 0.24999979, 0.24999416, 0.24999824, 0.24999999, 0.25016969, 0.26961106, 0.34860179, 0.34929052, 0.34929281, 0.34929413, 0.10060073E-2
0.80251187E-1, 0.30333595E-2, 0.91009890E-3, 0.0000000, 0.0000000, 0.0000000, 0.0000000, 0.90688467E-2, 1.7929912, 19.695335, 19.858040, 19.858566, 19.858828, 0.24999979, 0.24999416, 0.24999824, 0.24999999, 0.25009069, 0.26792991, 0.34847668, 0.34929019, 0.34929281, 0.34929413, 0.91009890E-3
0.80219723E-1, 0.26534528E-2, 0.79611543E-3, 0.0000000, 0.0000000, 0.0000000, 0.0000000, 0.0000000, 1.5939027, 19.669249, 19.857775, 19.858526, 19.858828, 0.24999979, 0.24999416, 0.24999824, 0.24999999, 0.24999888, 0.26592231, 0.34834623, 0.34928888, 0.34929264, 0.34929413, 0.79611543E-3
0.80186076E-1, 0.22470891E-2, 0.67419413E-3, 0.0000000, 0.0000000, 0.0000000, 0.0000000, 0.0000000, 1.3500273, 19.643360, 19.857651, 19.858545, 19.858828, 0.24999979, 0.24999416, 0.24999824, 0.24999999, 0.24999888, 0.26348388, 0.34821680, 0.34928825, 0.34929273, 0.34929413, 0.67419413E-3
0.82689941E-1, 0.32483961E-1, 0.97461632E-2, 0.18326640, 0.0000000, 0.0000000, 0.0000000, 0.0000000, 1.3231546, 19.618250, 19.857723, 19.858566, 19.858828, 0.25181693, 0.24999416, 0.24999824, 0.24999999, 0.24999888, 0.26323041, 0.34809124, 0.34928861, 0.34929281, 0.34929413, 0.97461632E-2
0.94283968E-1, 0.17249441, 0.51753499E-1, 1.0227293, 0.0000000, 0.0000000, 0.0000000, 0.0000000, 1.3172239, 19.592997, 19.857763, 19.858566, 19.858828, 0.26021898, 0.24999416, 0.24999824, 0.24999999, 0.24999888, 0.26317212, 0.34796497, 0.34928882, 0.34929281, 0.34929413, 0.51753499E-1
0.89256234E-1, 0.11177911, 0.33537086E-1, 0.65827072, 0.0000000, 0.0000000, 0.0000000, 0.0000000, 1.3096869, 19.567467, 19.857729, 19.858561, 19.858828, 0.25657645, 0.24999416, 0.24999824, 0.24999999, 0.24999888, 0.26309675, 0.34783733, 0.34928864, 0.34929281, 0.34929413, 0.33537086E-1
0.85576475E-1, 0.67342050E-1, 0.20204635E-1, 0.39185882, 0.0000000, 0.0000000, 0.0000000, 0.0000000, 1.3014942, 19.541090, 19.857504, 19.858515, 19.858828, 0.25391078, 0.24999416, 0.24999824, 0.24999999, 0.24999888, 0.26301467, 0.34770545, 0.34928751, 0.34929258, 0.34929413, 0.20204635E-1
0.83389387E-1, 0.40930558E-1, 0.12280395E-1, 0.23313761, 0.0000000, 0.0000000, 0.0000000, 0.0000000, 1.2956321, 19.515369, 19.857512, 19.858561, 19.858828, 0.25232652, 0.24999416, 0.24999824, 0.24999999, 0.24999888, 0.26295605, 0.34757686, 0.34928757, 0.34929281, 0.34929413, 0.12280395E-1
0.80499612E-1, 0.60334038E-2, 0.18102021E-2, 0.23737550E-1, 0.0000000, 0.0000000, 0.0000000, 0.0000000, 1.2793094, 19.489363, 19.857458, 19.858551, 19.858828, 0.25023413, 0.24999416, 0.24999824, 0.24999999, 0.24999888, 0.26279134, 0.34744680, 0.34928730, 0.34929276, 0.34929413, 0.18102021E-2
0.80173150E-1, 0.20910050E-2, 0.62736426E-3, 0.0000000, 0.0000000, 0.0000000, 0.0000000, 0.0000000, 1.2557119, 19.464607, 19.857706, 19.858566, 19.858828, 0.24997325, 0.24999416, 0.24999824, 0.24999999, 0.24999888, 0.26254728, 0.34732303, 0.34928852, 0.34929281, 0.34929413, 0.62736426E-3
0.80166265E-1, 0.20078598E-2, 0.60241821E-3, 0.0000000, 0.0000000, 0.0000000, 0.0000000, 0.0000000, 1.2048364, 19.439651, 19.857811, 19.858566, 19.858828, 0.24997325, 0.24999416, 0.24999824, 0.24999999, 0.24999888, 0.26204836, 0.34719825, 0.34928906, 0.34929281, 0.34929413, 0.60241821E-3
0.80156080E-1, 0.18848580E-2, 0.56551397E-3, 0.0000000, 0.0000000, 0.0000000, 0.0000000, 0.0000000, 1.1316687, 19.414049, 19.857742, 19.858566, 19.858828, 0.24997325, 0.24999416, 0.24999824, 0.24999999, 0.24999888, 0.26131028, 0.34707025, 0.34928870, 0.34929281, 0.34929413, 0.56551397E-3
0.80146931E-1, 0.17743473E-2, 0.53235743E-3, 0.0000000, 0.0000000, 0.0000000, 0.0000000, 0.0000000, 1.0650367, 19.388857, 19.857794, 19.858566, 19.858828, 0.24997325, 0.24999416, 0.24999824, 0.24999999, 0.24999888, 0.26064715, 0.34694427, 0.34928897, 0.34929281, 0.34929413, 0.53235743E-3
0.80136374E-1, 0.16469203E-2, 0.49412553E-3, 0.0000000, 0.0000000, 0.0000000, 0.0000000, 0.0000000, 0.98868310, 19.363176, 19.857716, 19.858551, 19.858828, 0.24997325, 0.24999416, 0.24999824, 0.24999999, 0.24999888, 0.25988251, 0.34681588, 0.34928858, 0.34929276, 0.34929413, 0.49412553E-3
0.80124736E-1, 0.15063022E-2, 0.45193586E-3, 0.0000000, 0.0000000, 0.0000000, 0.0000000, 0.0000000, 0.90408623, 19.337242, 19.857594, 19.858545, 19.858828, 0.24997325, 0.24999416, 0.24999824, 0.24999999, 0.24999888, 0.25903872, 0.34668621, 0.34928796, 0.34929273, 0.34929413, 0.45193586E-3
0.80113105E-1, 0.13658976E-2, 0.40981028E-3, 0.0000000, 0.0000000, 0.0000000, 0.0000000, 0.0000000, 0.82009435, 19.311749, 19.857590, 19.858566, 19.858828, 0.24997325, 0.24999416, 0.24999824, 0.24999999, 0.24999888, 0.25819620, 0.34655875, 0.34928796, 0.34929281, 0.34929413, 0.40981028E-3
0.80080129E-1, 0.96766418E-3, 0.29032829E-3, 0.0000000, 0.0000000, 0.0000000, 0.0000000, 0.0000000, 0.58119297, 19.285658, 19.857475, 19.858534, 19.858828, 0.24997325, 0.24999416, 0.24999824, 0.24999999, 0.24999888, 0.25580657, 0.34642828, 0.34928739, 0.34929267, 0.34929413, 0.29032829E-3
0.80050603E-1, 0.61111007E-3, 0.18335135E-3, 0.0000000, 0.0000000, 0.0000000, 0.0000000, 0.0000000, 0.36706328, 19.258953, 19.857269, 19.858492, 19.858828, 0.24997325, 0.24999416, 0.24999824, 0.24999999, 0.24999888, 0.25366703, 0.34629476, 0.34928635, 0.34929246, 0.34929413, 0.18335135E-3
0.80037042E-1, 0.44737256E-3, 0.13422519E-3, 0.0000000, 0.0000000, 0.0000000, 0.0000000, 0.0000000, 0.26850104, 19.233568, 19.857424, 19.858566, 19.858828, 0.24997325, 0.24999416, 0.24999824, 0.24999999, 0.24999888, 0.25268450, 0.34616783, 0.34928712, 0.34929281, 0.34929413, 0.13422519E-3
0.80022797E-1, 0.27531118E-3, 0.82601611E-4, 0.0000000, 0.0000000, 0.0000000, 0.0000000, 0.0000000, 0.16530752, 19.208202, 19.857540, 19.858566, 19.858828, 0.24997325, 0.24999416, 0.24999824, 0.24999999, 0.24999888, 0.25165203, 0.34604102, 0.34928769, 0.34929281, 0.34929413, 0.82601611E-4
0.80003746E-1, 0.45275134E-4, 0.13583899E-4, 0.0000000, 0.0000000, 0.0000000, 0.0000000, 0.0000000, 0.27215481E-1, 19.181898, 19.857399, 19.858521, 19.858828, 0.24997325, 0.24999416, 0.24999824, 0.24999999, 0.24999888, 0.25027168, 0.34590948, 0.34928700, 0.34929261, 0.34929413, 0.13583899E-4
0.79999998E-1, 0.0000000, 0.0000000, 0.0000000, 0.0000000, 0.0000000, 0.0000000, 0.0000000, 0.0000000, 19.155342, 19.857269, 19.858515, 19.858828, 0.24997325, 0.24999416, 0.24999824, 0.24999999, 0.24999888, 0.24999315, 0.34577671, 0.34928635, 0.34929258, 0.34929413, 0.0000000
0.79999998E-1, 0.0000000, 0.0000000, 0.0000000, 0.0000000, 0.0000000, 0.0000000, 0.0000000, 0.0000000, 19.127106, 19.856798, 19.858402, 19.858805, 0.24997325, 0.24999416, 0.24999824, 0.24999999, 0.24999888, 0.24999315, 0.34563553, 0.34928399, 0.34929201, 0.34929401, 0.0000000
0.79999998E-1, 0.0000000, 0.0000000, 0.0000000, 0.0000000, 0.0000000, 0.0000000, 0.0000000, 0.0000000, 19.099232, 19.856527, 19.858301, 19.858805, 0.24997325, 0.24999416, 0.24999824, 0.24999999, 0.24999888, 0.24999315, 0.34549615, 0.34928262, 0.34929150, 0.34929401, 0.0000000
0.79999998E-1, 0.0000000, 0.0000000, 0.0000000, 0.0000000, 0.0000000, 0.0000000, 0.0000000, 0.0000000, 19.071512, 19.856390, 19.858242, 19.858805, 0.24997325, 0.24999416, 0.24999824, 0.24999999, 0.24999888, 0.24999315, 0.34535757, 0.34928197, 0.34929121, 0.34929401, 0.0000000
0.79999998E-1, 0.0000000, 0.0000000, 0.0000000, 0.0000000, 0.0000000, 0.0000000, 0.0000000, 0.0000000, 19.043674, 19.856232, 19.858200, 19.858805, 0.24997325, 0.24999416, 0.24999824, 0.24999999, 0.24999888, 0.24999315, 0.34521836, 0.34928116, 0.34929100, 0.34929401, 0.0000000
0.79999998E-1, 0.0000000, 0.0000000, 0.0000000, 0.0000000, 0.0000000, 0.0000000, 0.0000000, 0.0000000, 19.014978, 19.855953, 19.858143, 19.858805, 0.24997325, 0.24999416, 0.24999824, 0.24999999, 0.24999888, 0.24999315, 0.34507489, 0.34927976, 0.34929073, 0.34929401, 0.0000000
0.79999998E-1, 0.0000000, 0.0000000, 0.0000000, 0.0000000, 0.0000000, 0.0000000, 0.0000000, 0.0000000, 18.984840, 19.855419, 19.858025, 19.858805, 0.24997325, 0.24999416, 0.24999824, 0.24999999, 0.24999888, 0.24999315, 0.34492421, 0.34927708, 0.34929013, 0.34929401, 0.0000000
0.13695288, 0.68776780, 0.20635098, 2.3667812, 2.2950144, 1.2813032, 0.0000000, 0.0000000, 0.0000000, 18.953766, 19.854870, 19.857912, 19.858757, 0.27365950, 0.27294531, 0.26281169, 0.24999999, 0.24999888, 0.24999315, 0.34476882, 0.34927434, 0.34928957, 0.34929377, 0.20635098
0.12042949, 0.48822993, 0.14648363, 1.5188992, 1.8046767, 1.0972738, 0.0000000, 0.0000000, 0.0000000, 18.923729, 19.854710, 19.857880, 19.858757, 0.26518086, 0.26804096, 0.26097098, 0.24999999, 0.24999888, 0.24999315, 0.34461865, 0.34927356, 0.34928939, 0.34929377, 0.14648363
0.10776852, 0.33533502, 0.10061057, 0.89203715, 1.3998866, 0.93664527, 0.0000000, 0.0000000, 0.0000000, 18.894260, 19.854725, 19.857889, 19.858757, 0.25891584, 0.26399460, 0.25936502, 0.24999999, 0.24999888, 0.24999315, 0.34447131, 0.34927362, 0.34928945, 0.34929377, 0.10061057
0.94874904E-1, 0.17963065, 0.53894587E-1, 0.27619004, 0.96490383, 0.74640810, 0.0000000, 0.0000000, 0.0000000, 18.863195, 19.854393, 19.857807, 19.858709, 0.25275725, 0.25963929, 0.25746030, 0.24999999, 0.24999888, 0.24999315, 0.34431598, 0.34927195, 0.34928903, 0.34929353, 0.53894587E-1
0.86463779E-1, 0.78057155E-1, 0.23419488E-1, 0.0000000, 0.51532984, 0.53359568, 0.0000000, 0.0000000, 0.0000000, 18.832298, 19.854193, 19.857731, 19.858698, 0.24999686, 0.25514156, 0.25532988, 0.24999999, 0.24999888, 0.24999315, 0.34416148, 0.34927097, 0.34928864, 0.34929350, 0.23419488E-1
0.82886316E-1, 0.34855403E-1, 0.10457667E-1, 0.0000000, 0.18055141, 0.33775568, 0.0000000, 0.0000000, 0.0000000, 18.802887, 19.854368, 19.857771, 19.858709, 0.24999686, 0.25179979, 0.25337219, 0.24999999, 0.24999888, 0.24999315, 0.34401444, 0.34927183, 0.34928885, 0.34929353, 0.10457667E-1
0.79999998E-1, 0.0000000, 0.0000000, 0.0000000, 0.0000000, 0.0000000, 0.0000000, 0.0000000, 0.0000000, 18.772720, 19.854321, 19.857744, 19.858709, 0.24999686, 0.24987817, 0.24992865, 0.24999999, 0.24999888, 0.24999315, 0.34386361, 0.34927160, 0.34928873, 0.34929353, 0.0000000
0.79999998E-1, 0.0000000, 0.0000000, 0.0000000, 0.0000000, 0.0000000, 0.0000000, 0.0000000, 0.0000000, 18.742708, 19.854321, 19.857744, 19.858709, 0.24999686, 0.24987817, 0.24992865, 0.24999999, 0.24999888, 0.24999315, 0.34371355, 0.34927160, 0.34928873, 0.34929353, 0.0000000
0.79999998E-1, 0.0000000, 0.0000000, 0.0000000, 0.0000000, 0.0000000, 0.0000000, 0.0000000, 0.0000000, 18.713614, 19.854521, 19.857796, 19.858709, 0.24999686, 0.24987817, 0.24992865, 0.24999999, 0.24999888, 0.24999315, 0.34356806, 0.34927261, 0.34928897, 0.34929353, 0.0000000
0.79999998E-1, 0.0000000, 0.0000000, 0.0000000, 0.0000000, 0.0000000, 0.0000000, 0.0000000, 0.0000000, 18.683607, 19.854458, 19.857784, 19.858709, 0.24999686, 0.24987817, 0.24992865, 0.24999999, 0.24999888, 0.24999315, 0.34341803, 0.34927228, 0.34928891, 0.34929353, 0.0000000
0.79999998E-1, 0.0000000, 0.0000000, 0.0000000, 0.0000000, 0.0000000, 0.0000000, 0.0000000, 0.0000000, 18.655550, 19.854866, 19.857889, 19.858709, 0.24999686, 0.24987817, 0.24992865, 0.24999999, 0.24999888, 0.24999315, 0.34327775, 0.34927434, 0.34928945, 0.34929353, 0.0000000
0.79999998E-1, 0.0000000, 0.0000000, 0.0000000, 0.0000000, 0.0000000, 0.0000000, 0.0000000, 0.0000000, 18.626226, 19.854887, 19.857901, 19.858709, 0.24999686, 0.24987817, 0.24992865, 0.24999999, 0.24999888, 0.24999315, 0.34313112, 0.34927443, 0.34928951, 0.34929353, 0.0000000
0.79999998E-1, 0.0000000, 0.0000000, 0.0000000, 0.0000000, 0.0000000, 0.0000000, 0.0000000, 0.0000000, 18.596792, 19.854855, 19.857901, 19.858709, 0.24999686, 0.24987817, 0.24992865, 0.24999999, 0.24999888, 0.24999315, 0.34298396, 0.34927428, 0.34928951, 0.34929353, 0.0000000
0.79999998E-1, 0.0000000, 0.0000000, 0.0000000, 0.0000000, 0.0000000, 0.0000000, 0.0000000, 0.0000000, 18.567648, 19.854898, 19.857918, 19.858709, 0.24999686, 0.24987817, 0.24992865, 0.24999999, 0.24999888, 0.24999315, 0.34283823, 0.34927449, 0.34928960, 0.34929353, 0.0000000
0.79999998E-1, 0.0000000, 0.0000000, 0.0000000, 0.0000000, 0.0000000, 0.0000000, 0.0000000, 0.0000000, 18.537096, 19.854633, 19.857861, 19.858692, 0.24999686, 0.24987817, 0.24992865, 0.24999999, 0.24999888, 0.24999315, 0.34268549, 0.34927318, 0.34928930, 0.34929347, 0.0000000
0.79999998E-1, 0.0000000, 0.0000000, 0.0000000, 0.0000000, 0.0000000, 0.0000000, 0.0000000, 0.0000000, 18.506971, 19.854540, 19.857819, 19.858709, 0.24999686, 0.24987817, 0.24992865, 0.24999999, 0.24999888, 0.24999315, 0.34253484, 0.34927270, 0.34928909, 0.34929353, 0.0000000
0.79999998E-1, 0.0000000, 0.0000000, 0.0000000, 0.0000000, 0.0000000, 0.0000000, 0.0000000, 0.0000000, 18.476444, 19.854393, 19.857765, 19.858704, 0.24999686, 0.24987817, 0.24992865, 0.24999999, 0.24999888, 0.24999315, 0.34238222, 0.34927195, 0.34928882, 0.34929353, 0.0000000
0.79999998E-1, 0.0000000, 0.0000000, 0.0000000, 0.0000000, 0.0000000, 0.0000000, 0.0000000, 0.0000000, 18.449585, 19.855087, 19.857954, 19.858709, 0.24999686, 0.24987817, 0.24992865, 0.24999999, 0.24999888, 0.24999315, 0.34224793, 0.34927544, 0.34928977, 0.34929353, 0.0000000
0.79999998E-1, 0.0000000, 0.0000000, 0.0000000, 0.0000000, 0.0000000, 0.0000000, 0.0000000, 0.0000000, 18.423033, 19.855642, 19.858120, 19.858709, 0.24999686, 0.24987817, 0.24992865, 0.24999999, 0.24999888, 0.24999315, 0.34211516, 0.34927821, 0.34929061, 0.34929353, 0.0000000
0.79999998E-1, 0.0000000, 0.0000000, 0.0000000, 0.0000000, 0.0000000, 0.0000000, 0.0000000, 0.0000000, 18.396080, 19.855949, 19.858183, 19.858709, 0.24999686, 0.24987817, 0.24992865, 0.24999999, 0.24999888, 0.24999315, 0.34198040, 0.34927976, 0.34929091, 0.34929353, 0.0000000
0.79999998E-1, 0.0000000, 0.0000000, 0.0000000, 0.0000000, 0.0000000, 0.0000000, 0.0000000, 0.0000000, 18.365662, 19.855392, 19.858013, 19.858704, 0.24999686, 0.24987817, 0.24992865, 0.24999999, 0.24999888, 0.24999315, 0.34182832, 0.34927696, 0.34929007, 0.34929353, 0.0000000
0.79999998E-1, 0.0000000, 0.0000000, 0.0000000, 0.0000000, 0.0000000, 0.0000000, 0.0000000, 0.0000000, 18.337839, 19.855572, 19.858095, 19.858709, 0.24999686, 0.24987817, 0.24992865, 0.24999999, 0.24999888, 0.24999315, 0.34168920, 0.34927785, 0.34929049, 0.34929353, 0.0000000
0.79999998E-1, 0.0000000, 0.0000000, 0.0000000, 0.0000000, 0.0000000, 0.0000000, 0.0000000, 0.0000000, 18.308092, 19.855268, 19.858013, 19.858709, 0.24999686, 0.24987817, 0.24992865, 0.24999999, 0.24999888, 0.24999315, 0.34154046, 0.34927633, 0.34929007, 0.34929353, 0.0000000
0.10756350, 0.33285916, 0.99867739E-1, 1.9976348, 0.0000000, 0.0000000, 0.0000000, 0.0000000, 0.0000000, 18.280834, 19.855608, 19.858143, 19.858709, 0.26997355, 0.24987817, 0.24992865, 0.24999999, 0.24999888, 0.24999315, 0.34140417, 0.34927803, 0.34929073, 0.34929353, 0.99867739E-1
0.97950466E-1, 0.21677136, 0.65037914E-1, 1.3007581, 0.0000000, 0.0000000, 0.0000000, 0.0000000, 0.0000000, 18.250460, 19.855169, 19.858002, 19.858704, 0.26300758, 0.24987817, 0.24992865, 0.24999999, 0.24999888, 0.24999315, 0.34125230, 0.34927586, 0.34929001, 0.34929353, 0.65037914E-1
0.97536765E-1, 0.21177550, 0.63539006E-1, 1.2715638, 0.0000000, 0.0000000, 0.0000000, 0.0000000, 0.0000000, 18.223583, 19.855621, 19.858154, 19.858709, 0.26270780, 0.24987817, 0.24992865, 0.24999999, 0.24999888, 0.24999315, 0.34111792, 0.34927809, 0.34929079, 0.34929353, 0.63539006E-1
0.19711077, 1.0000000, 0.42431435, 2.4813442, 4.6382890, 7.9233532, 8.2687397, 8.6366653, 9.0042248, 19.078726, 19.856339, 19.858301, 19.858709, 0.27481189, 0.29638118, 0.32923204, 0.33268711, 0.33636650, 0.34004217, 0.34539363, 0.34928170, 0.34929150, 0.34929353, 0.42431435
0.18171021, 1.0000000, 0.36851522, 2.4204671, 2.7608693, 7.8544903, 9.3057032, 9.4340363, 9.5603952, 19.554966, 19.856657, 19.858366, 19.858709, 0.27420467, 0.27760869, 0.32854491, 0.34305704, 0.34434035, 0.34560394, 0.34777483, 0.34928328, 0.34929183, 0.34929353, 0.36851522
0.16868350, 1.0000000, 0.32131702, 2.0288527, 2.4128766, 6.6493883, 9.4996519, 9.6027346, 9.6968651, 19.692036, 19.856331, 19.858267, 19.858709, 0.27028805, 0.27412841, 0.31649339, 0.34499636, 0.34602728, 0.34696862, 0.34846017, 0.34928167, 0.34929132, 0.34929353, 0.32131702
0.18195967, 1.0000000, 0.36941910, 2.4997921, 2.7978449, 7.4919019, 9.5755634, 9.6735725, 9.7570734, 19.753538, 19.855795, 19.858095, 19.858704, 0.27499792, 0.27797845, 0.32491902, 0.34575564, 0.34673572, 0.34757072, 0.34876770, 0.34927899, 0.34929049, 0.34929353, 0.36941910
0.23624824, 1.0000000, 0.56611681, 3.1119046, 7.7983499, 8.5506115, 9.6164112, 9.7119160, 9.7894735, 19.785912, 19.855135, 19.857943, 19.858692, 0.28111905, 0.32798350, 0.33550611, 0.34616411, 0.34711915, 0.34789473, 0.34892955, 0.34927568, 0.34928972, 0.34929347, 0.56611681
0.28479904, 1.0000000, 0.74202543, 5.4513736, 9.2313595, 9.5890570, 9.7150679, 9.7753296, 9.8261948, 19.809162, 19.855825, 19.858166, 19.858709, 0.30450910, 0.34230885, 0.34588814, 0.34715018, 0.34775305, 0.34826186, 0.34904581, 0.34927914, 0.34929082, 0.34929353, 0.74202543
0.33830333, 1.0000000, 0.93588150, 9.1490688, 9.4977360, 9.6425390, 9.7454729, 9.7998314, 9.8434916, 19.823183, 19.856167, 19.858208, 19.858709, 0.34149069, 0.34497735, 0.34642538, 0.34745473, 0.34799832, 0.34843493, 0.34911591, 0.34928083, 0.34929103, 0.34929353, 0.93588150
0.35356760, 1.0000000, 0.99118692, 9.9921846, 9.8900595, 9.7254543, 9.7861300, 9.8267975, 9.8594065, 19.833370, 19.856680, 19.858335, 19.858709, 0.34991711, 0.34889776, 0.34725317, 0.34786102, 0.34826782, 0.34859401, 0.34916684, 0.34928340, 0.34929168, 0.34929353, 0.99118692
0.35594839, 1.0000000, 0.99981296, 9.9999990, 9.9999990, 9.9999990, 9.9978056, 9.9230547, 9.8698559, 19.840343, 19.857103, 19.858423, 19.858709, 0.34999999, 0.34999999, 0.34999999, 0.34997806, 0.34923056, 0.34869856, 0.34920171, 0.34928551, 0.34929210, 0.34929353, 0.99981296
0.34938222, 1.0000000, 0.97602242, 9.6951933, 9.7810125, 9.8814192, 9.9467077, 9.8893948, 9.8736153, 19.844793, 19.857311, 19.858423, 19.858709, 0.34695193, 0.34781012, 0.34881419, 0.34946707, 0.34889394, 0.34873617, 0.34922397, 0.34928656, 0.34929210, 0.34929353, 0.97602242
0.33588523, 1.0000000, 0.92712039, 8.8555355, 9.6131172, 9.7703514, 9.8858356, 9.8664379, 9.8750505, 19.847687, 19.857386, 19.858423, 19.858709, 0.33855537, 0.34613118, 0.34770352, 0.34885836, 0.34866437, 0.34875050, 0.34923843, 0.34928691, 0.34929210, 0.34929353, 0.92712039
0.31745732, 1.0000000, 0.86035246, 7.6112547, 9.5097618, 9.6882391, 9.8272791, 9.8475809, 9.8732443, 19.848675, 19.857185, 19.858360, 19.858709, 0.32611042, 0.34509602, 0.34688160, 0.34827265, 0.34847572, 0.34873241, 0.34924337, 0.34928593, 0.34929180, 0.34929353, 0.86035246
0.30577475, 1.0000000, 0.81802446, 6.7204919, 9.5729790, 9.7106848, 9.8158865, 9.8487768, 9.8767195, 19.850134, 19.857254, 19.858419, 19.858709, 0.31720382, 0.34572887, 0.34710637, 0.34815878, 0.34848770, 0.34876716, 0.34925067, 0.34928626, 0.34929210, 0.34929353, 0.81802446
0.34053165, 1.0000000, 0.94395518, 9.1519051, 9.6551304, 9.7949686, 9.9440441, 9.9713821, 9.9892311, 19.998837, 19.999701, 19.999834, 19.982075, 0.34151873, 0.34655109, 0.34794956, 0.34944043, 0.34971383, 0.34989232, 0.34999418, 0.34999850, 0.34999916, 0.34991038, 0.94395518
0.35597116, 1.0000000, 0.99989539, 9.9989300, 9.9993591, 9.9996805, 9.9999371, 9.9999666, 9.9999847, 19.999998, 19.999998, 19.999998, 19.994965, 0.34998560, 0.34999138, 0.34999570, 0.34999916, 0.34999955, 0.34999982, 0.34999999, 0.34999999, 0.34999999, 0.34997481, 0.99989539
0.35600001, 1.0000000, 1.0000000, 9.9999990, 9.9999990, 9.9999990, 9.9999990, 9.9999990, 9.9999990, 19.999998, 19.999998, 19.999998, 19.998999, 0.34999999, 0.34999999, 0.34999999, 0.34999999, 0.34999999, 0.34999999, 0.34999999, 0.34999999, 0.34999999, 0.34999499, 1.0000000
0.35577899, 1.0000000, 0.99919915, 9.9889030, 9.9939489, 9.9969339, 9.9988699, 9.9994268, 9.9997368, 19.999922, 19.999981, 19.999962, 19.987026, 0.34988707, 0.34993833, 0.34996873, 0.34998858, 0.34999421, 0.34999734, 0.34999961, 0.34999990, 0.34999982, 0.34993511, 0.99919915
0.35598207, 1.0000000, 0.99993503, 9.9993620, 9.9996176, 9.9998083, 9.9999638, 9.9999790, 9.9999905, 19.999998, 19.999998, 19.999998, 19.994993, 0.34999105, 0.34999466, 0.34999731, 0.34999949, 0.34999970, 0.34999987, 0.34999999, 0.34999999, 0.34999999, 0.34997496, 0.99993503
0.35600001, 1.0000000, 1.0000000, 9.9999990, 9.9999990, 9.9999990, 9.9999990, 9.9999990, 9.9999990, 19.999998, 19.999998, 19.999998, 19.998999, 0.34999999, 0.34999999, 0.34999999, 0.34999999, 0.34999999, 0.34999999, 0.34999999, 0.34999999, 0.34999999, 0.34999499, 1.0000000
0.35600001, 1.0000000, 1.0000000, 9.9999990, 9.9999990, 9.9999990, 9.9999990, 9.9999990, 9.9999990, 19.999998, 19.999998, 19.999998, 19.998999, 0.34999999, 0.34999999, 0.34999999, 0.34999999, 0.34999999, 0.34999999, 0.34999999, 0.34999999, 0.34999999, 0.34999499, 1.0000000
0.35600001, 1.0000000, 1.0000000, 9.9999990, 9.9999990, 9.9999990, 9.9999990, 9.9999990, 9.9999990, 19.999998, 19.999998, 19.999998, 19.995995, 0.34999999, 0.34999999, 0.34999999, 0.34999999, 0.34999999, 0.34999999, 0.34999999, 0.34999999, 0.34999999, 0.34997997, 1.0000000
0.33477712, 1.0000000, 0.92310530, 8.7840176, 9.5885849, 9.7679768, 9.9329224, 9.9655209, 9.9867258, 19.998306, 19.999557, 19.999657, 19.976192, 0.33783841, 0.34588468, 0.34767917, 0.34932911, 0.34965515, 0.34986722, 0.34999153, 0.34999779, 0.34999830, 0.34988096, 0.92310530
0.30564779, 1.0000000, 0.81756437, 6.8252354, 9.4103518, 9.6376753, 9.8564396, 9.9226389, 9.9681110, 19.994869, 19.998657, 19.997917, 19.953680, 0.31825107, 0.34410244, 0.34637621, 0.34856427, 0.34922633, 0.34968108, 0.34997433, 0.34999329, 0.34998959, 0.34976840, 0.81756437
0.28291303, 1.0000000, 0.73519200, 5.1662316, 9.4341984, 9.6382952, 9.8271008, 9.9014015, 9.9570494, 19.992723, 19.998102, 19.993967, 19.933514, 0.30165884, 0.34433818, 0.34638098, 0.34827062, 0.34901381, 0.34957042, 0.34996361, 0.34999052, 0.34996983, 0.34966758, 0.73519200
0.35597605, 1.0000000, 0.99991310, 9.9993677, 9.9996204, 9.9998083, 9.9999609, 9.9999790, 9.9999933, 19.999998, 19.999998, 19.999046, 19.953033, 0.34998804, 0.34999284, 0.34999639, 0.34999928, 0.34999961, 0.34999987, 0.34999999, 0.34999999, 0.34999523, 0.34976518, 0.99991310
0.34757334, 1.0000000, 0.96946865, 9.5476379, 9.7948570, 9.8910389, 9.9735193, 9.9866009, 9.9951115, 19.999588, 19.999886, 19.998476, 19.953430, 0.34547329, 0.34794667, 0.34890944, 0.34973499, 0.34986591, 0.34995109, 0.34999794, 0.34999943, 0.34999239, 0.34976715, 0.96946865
0.32631534, 1.0000000, 0.89244688, 8.2227182, 9.5284195, 9.7238989, 9.9112167, 9.9537268, 9.9819984, 19.997709, 19.999401, 19.994526, 19.933308, 0.33221993, 0.34527916, 0.34723642, 0.34911162, 0.34953699, 0.34981990, 0.34998855, 0.34999701, 0.34997264, 0.34966654, 0.89244688
0.30982092, 1.0000000, 0.83268446, 7.0318456, 9.5312662, 9.7102528, 9.8814383, 9.9352884, 9.9736633, 19.996429, 19.998989, 19.987717, 19.916193, 0.32031429, 0.34530929, 0.34710079, 0.34881401, 0.34935272, 0.34973657, 0.34998214, 0.34999496, 0.34993857, 0.34958097, 0.83268446
0.29986131, 1.0000000, 0.79659897, 6.2666082, 9.5890818, 9.7398272, 9.8783922, 9.9306402, 9.9705544, 19.995998, 19.998539, 19.978127, 19.902206, 0.31266397, 0.34588888, 0.34739730, 0.34878370, 0.34930632, 0.34970552, 0.34998000, 0.34999269, 0.34989065, 0.34951103, 0.79659897
0.27842981, 1.0000000, 0.71894860, 4.8345032, 9.4394884, 9.6469536, 9.8364553, 9.9055567, 9.9587440, 19.994011, 19.997095, 19.966082, 19.891119, 0.29834369, 0.34439334, 0.34646872, 0.34836441, 0.34905547, 0.34958741, 0.34997004, 0.34998548, 0.34983042, 0.34945560, 0.71894860
0.26418692, 1.0000000, 0.66734391, 3.7641816, 9.4909220, 9.6717854, 9.8345604, 9.9010382, 9.9550209, 19.993406, 19.994987, 19.952639, 19.882620, 0.28764158, 0.34490886, 0.34671769, 0.34834558, 0.34901035, 0.34955022, 0.34996703, 0.34997493, 0.34976318, 0.34941310, 0.66734391
0.25727230, 1.0000000, 0.64229089, 3.1670272, 9.6138296, 9.7415943, 9.8531046, 9.9087934, 9.9562082, 19.992975, 19.991402, 19.938665, 19.876232, 0.28167027, 0.34613830, 0.34741595, 0.34853104, 0.34908792, 0.34956208, 0.34996489, 0.34995702, 0.34969333, 0.34938115, 0.64229089
0.24677294, 1.0000000, 0.60424978, 2.7622609, 9.0543814, 9.6783257, 9.8371811, 9.8995733, 9.9517078, 19.992172, 19.985802, 19.925058, 19.871469, 0.27762210, 0.34054279, 0.34678271, 0.34837168, 0.34899569, 0.34951705, 0.34996086, 0.34992900, 0.34962529, 0.34935734, 0.60424978
0.25350243, 1.0000000, 0.62863195, 3.0880778, 9.2870407, 9.7479267, 9.8541126, 9.9074459, 9.9534359, 19.991295, 19.978127, 19.912537, 19.867994, 0.28088057, 0.34287006, 0.34747910, 0.34854111, 0.34907442, 0.34953436, 0.34995648, 0.34989065, 0.34956267, 0.34933996, 0.62863195
0.26241726, 1.0000000, 0.66093212, 3.4903297, 9.6643028, 9.8010082, 9.8725424, 9.9170456, 9.9563799, 19.990038, 19.968475, 19.901531, 19.865471, 0.28490329, 0.34664303, 0.34801009, 0.34872544, 0.34917045, 0.34956381, 0.34995019, 0.34984237, 0.34950766, 0.34932736, 0.66093212
0.33208615, 1.0000000, 0.91335547, 8.5113106, 9.7061586, 9.8068676, 9.8802834, 9.9215679, 9.9579258, 19.988037, 19.957241, 19.892233, 19.863642, 0.33511311, 0.34706157, 0.34806868, 0.34880283, 0.34921569, 0.34957927, 0.34994018, 0.34978622, 0.34946117, 0.34931821, 0.91335547
0.32234749, 1.0000000, 0.87807059, 7.8579755, 9.6395712, 9.7673712, 9.8733253, 9.9183617, 9.9567366, 19.984823, 19.945002, 19.884581, 19.862320, 0.32857952, 0.34639552, 0.34767362, 0.34873322, 0.34918362, 0.34956735, 0.34992412, 0.34972501, 0.34942290, 0.34931159, 0.87807059
0.30502361, 1.0000000, 0.81530285, 6.7097759, 9.5050392, 9.6871796, 9.8459721, 9.9038754, 9.9506540, 19.979284, 19.932272, 19.878426, 19.861343, 0.31709605, 0.34504896, 0.34687108, 0.34845957, 0.34903866, 0.34950653, 0.34989643, 0.34966135, 0.34939212, 0.34930670, 0.81530285
0.28880289, 1.0000000, 0.75653219, 5.5533710, 9.4835711, 9.6695480, 9.8342991, 9.8966293, 9.9471607, 19.972683, 19.920130, 19.873619, 19.860662, 0.30553278, 0.34483474, 0.34669501, 0.34834290, 0.34896624, 0.34947157, 0.34986341, 0.34960064, 0.34936810, 0.34930331, 0.75653219
0.27970922, 1.0000000, 0.72358412, 4.8493552, 9.5423613, 9.7005701, 9.8395901, 9.8982382, 9.9466934, 19.964722, 19.909006, 19.869936, 19.860167, 0.29849330, 0.34542328, 0.34700552, 0.34839585, 0.34898236, 0.34946692, 0.34982359, 0.34954503, 0.34934968, 0.34930083, 0.72358412
0.25978431, 1.0000000, 0.65139240, 3.4908466, 9.4361610, 9.6356068, 9.8125582, 9.8827429, 9.9386377, 19.953897, 19.898880, 19.867035, 19.859816, 0.28490847, 0.34436160, 0.34635606, 0.34812558, 0.34882742, 0.34938639, 0.34976947, 0.34949440, 0.34933516, 0.34929907, 0.65139240
0.25081939, 1.0000000, 0.61891079, 2.9492140, 9.2276936, 9.6892290, 9.8275385, 9.8890848, 9.9389143, 19.943508, 19.890570, 19.864944, 19.859570, 0.27949172, 0.34227619, 0.34689191, 0.34827530, 0.34889081, 0.34938914, 0.34971756, 0.34945285, 0.34932473, 0.34929785, 0.61891079
0.30579913, 1.0000000, 0.81811273, 6.6597714, 9.6380816, 9.7726746, 9.8553352, 9.9031382, 9.9415741, 19.932573, 19.883665, 19.863382, 19.859421, 0.31659770, 0.34638083, 0.34772676, 0.34855336, 0.34903139, 0.34941575, 0.34966287, 0.34941834, 0.34931690, 0.34929711, 0.81811273
0.30541569, 1.0000000, 0.81672341, 6.6438627, 9.6269217, 9.7550507, 9.8571529, 9.9039803, 9.9388695, 19.921331, 19.877960, 19.862206, 19.859346, 0.31643862, 0.34626922, 0.34755051, 0.34857154, 0.34903979, 0.34938869, 0.34960666, 0.34938979, 0.34931102, 0.34929675, 0.81672341
0.29103199, 1.0000000, 0.76460862, 5.6742005, 9.5353909, 9.7004957, 9.8417492, 9.8949728, 9.9317398, 19.910326, 19.873327, 19.861324, 19.859299, 0.30674154, 0.34535342, 0.34700471, 0.34841743, 0.34894970, 0.34931740, 0.34955162, 0.34936664, 0.34930661, 0.34929651, 0.76460862
0.28092119, 1.0000000, 0.72797531, 4.9183474, 9.5663080, 9.7165003, 9.8448753, 9.8948431, 9.9275894, 19.900829, 19.869835, 19.860712, 19.859299, 0.29918140, 0.34566063, 0.34716377, 0.34844851, 0.34894830, 0.34927586, 0.34950414, 0.34934917, 0.34930354, 0.34929651, 0.72797531
0.26068223, 1.0000000, 0.65464568, 3.5641696, 9.4258137, 9.6308966, 9.8116388, 9.8749065, 9.9155912, 19.891523, 19.866894, 19.860216, 19.859222, 0.28564116, 0.34425730, 0.34630856, 0.34811631, 0.34874904, 0.34915590, 0.34945762, 0.34933448, 0.34930107, 0.34929612, 0.65464568
0.24062859, 1.0000000, 0.58198762, 2.6976705, 8.4805021, 9.5769835, 9.7753315, 9.8514338, 9.9017534, 19.882769, 19.864428, 19.859760, 19.859163, 0.27697510, 0.33480200, 0.34576812, 0.34775296, 0.34851417, 0.34901747, 0.34941384, 0.34932214, 0.34929880, 0.34929582, 0.58198762
0.22102879, 1.0000000, 0.51097387, 2.1179259, 7.1050892, 9.5347357, 9.7435312, 9.8295221, 9.8886595, 19.875072, 19.862389, 19.859442, 19.859116, 0.27117810, 0.32104853, 0.34534577, 0.34743497, 0.34829506, 0.34888655, 0.34937537, 0.34931195, 0.34929723, 0.34929559, 0.51097387
0.20927957, 1.0000000, 0.46840423, 1.8391460, 6.1258297, 9.5806818, 9.7564154, 9.8327398, 9.8869076, 19.870714, 19.861341, 19.859354, 19.859110, 0.26839146, 0.31125829, 0.34580681, 0.34756416, 0.34832740, 0.34886909, 0.34935358, 0.34930670, 0.34929678, 0.34929556, 0.46840423
0.19780654, 1.0000000, 0.42683527, 1.5637487, 5.2048259, 9.5700302, 9.7550402, 9.8303499, 9.8838120, 19.867138, 19.860537, 19.859289, 19.859098, 0.26563749, 0.30204827, 0.34570029, 0.34755039, 0.34830350, 0.34883812, 0.34933570, 0.34930268, 0.34929645, 0.34929550, 0.42683527
0.18136799, 1.0000000, 0.36727530, 1.1341989, 3.9702265, 9.5097332, 9.7228642, 9.8109617, 9.8740559, 19.863043, 19.859612, 19.859116, 19.859058, 0.26134136, 0.28970096, 0.34509578, 0.34722832, 0.34810945, 0.34874049, 0.34931523, 0.34929806, 0.34929559, 0.34929529, 0.36727530
0.35598046, 1.0000000, 0.99992913, 9.9990253, 9.9994183, 9.9997044, 9.9999399, 9.9999666, 9.9999905, 19.999998, 19.999992, 19.999998, 19.994987, 0.34999025, 0.34999418, 0.34999704, 0.34999940, 0.34999967, 0.34999990, 0.34999999, 0.34999996, 0.34999999, 0.34997493, 0.99992913
0.35600001, 1.0000000, 1.0000000, 9.9999990, 9.9999990, 9.9999990, 9.9999990, 9.9999990, 9.9999990, 19.999998, 19.999998, 19.999998, 19.998999, 0.34999999, 0.34999999, 0.34999999, 0.34999999, 0.34999999, 0.34999999, 0.34999999, 0.34999999, 0.34999999, 0.34999499, 1.0000000
0.35600001, 1.0000000, 1.0000000, 9.9999990, 9.9999990, 9.9999990, 9.9999990, 9.9999990, 9.9999990, 19.999998, 19.999998, 19.999998, 19.998999, 0.34999999, 0.34999999, 0.34999999, 0.34999999, 0.34999999, 0.34999999, 0.34999999, 0.34999999, 0.34999999, 0.34999499, 1.0000000
0.35600001, 1.0000000, 1.0000000, 9.9999990, 9.9999990, 9.9999990, 9.9999990, 9.9999990, 9.9999990, 19.999998, 19.999998, 19.999998, 19.995995, 0.34999999, 0.34999999, 0.34999999, 0.34999999, 0.34999999, 0.34999999, 0.34999999, 0.34999999, 0.34999999, 0.34997997, 1.0000000
0.35600001, 1.0000000, 1.0000000, 9.9999990, 9.9999990, 9.9999990, 9.9999990, 9.9999990, 9.9999990, 19.999998, 19.999998, 19.999998, 19.998999, 0.34999999, 0.34999999, 0.34999999, 0.34999999, 0.34999999, 0.34999999, 0.34999999, 0.34999999, 0.34999999, 0.34999499, 1.0000000
0.35600001, 1.0000000, 1.0000000, 9.9999990, 9.9999990, 9.9999990, 9.9999990, 9.9999990, 9.9999962, 19.999998, 19.999998, 19.999998, 19.997997, 0.34999999, 0.34999999, 0.34999999, 0.34999999, 0.34999999, 0.34999996, 0.34999999, 0.34999999, 0.34999999, 0.34998998, 1.0000000
0.34127784, 1.0000000, 0.94665885, 9.1781387, 9.6841116, 9.8264389, 9.9563885, 9.9778070, 9.9920635, 19.999521, 19.999874, 19.999695, 19.974264, 0.34178138, 0.34684113, 0.34826440, 0.34956390, 0.34977806, 0.34992063, 0.34999761, 0.34999937, 0.34999847, 0.34987134, 0.94665885
0.35598236, 1.0000000, 0.99993610, 9.9992094, 9.9995251, 9.9997635, 9.9999514, 9.9999752, 9.9999933, 19.999998, 19.999998, 19.999990, 19.992998, 0.34999120, 0.34999472, 0.34999737, 0.34999946, 0.34999973, 0.34999993, 0.34999999, 0.34999999, 0.34999996, 0.34996498, 0.99993610
0.35600001, 1.0000000, 1.0000000, 9.9999990, 9.9999990, 9.9999990, 9.9999990, 9.9999990, 9.9999990, 19.999998, 19.999998, 19.999998, 19.997997, 0.34999999, 0.34999999, 0.34999999, 0.34999999, 0.34999999, 0.34999999, 0.34999999, 0.34999999, 0.34999999, 0.34998998, 1.0000000
0.35600001, 1.0000000, 1.0000000, 9.9999990, 9.9999990, 9.9999990, 9.9999990, 9.9999990, 9.9999990, 19.999998, 19.999998, 19.999998, 19.996996, 0.34999999, 0.34999999, 0.34999999, 0.34999999, 0.34999999, 0.34999999, 0.34999999, 0.34999999, 0.34999999, 0.34998497, 1.0000000
0.35584521, 1.0000000, 0.99943924, 9.9922819, 9.9953842, 9.9976873, 9.9995346, 9.9997673, 9.9999218, 19.999992, 19.999998, 19.999989, 19.991005, 0.34992284, 0.34995383, 0.34997687, 0.34999534, 0.34999767, 0.34999922, 0.34999996, 0.34999999, 0.34999993, 0.34995502, 0.99943924
0.34279001, 1.0000000, 0.95213753, 9.2697010, 9.7067099, 9.8402395, 9.9604044, 9.9798956, 9.9927950, 19.999546, 19.999886, 19.999825, 19.979134, 0.34269702, 0.34706709, 0.34840238, 0.34960404, 0.34979895, 0.34992796, 0.34999773, 0.34999943, 0.34999913, 0.34989566, 0.95213753
0.31693536, 1.0000000, 0.85846138, 7.6036692, 9.4532566, 9.6736488, 9.8908358, 9.9426250, 9.9780989, 19.997841, 19.999445, 19.998436, 19.956423, 0.32603669, 0.34453255, 0.34673649, 0.34890836, 0.34942624, 0.34978098, 0.34998921, 0.34999722, 0.34999219, 0.34978211, 0.85846138
0.28867042, 1.0000000, 0.75605226, 5.6188126, 9.3848553, 9.6144848, 9.8347521, 9.9086018, 9.9627895, 19.995613, 19.998865, 19.994801, 19.935925, 0.30618814, 0.34384856, 0.34614486, 0.34834751, 0.34908602, 0.34962791, 0.34997806, 0.34999433, 0.34997401, 0.34967962, 0.75605226
0.26262978, 1.0000000, 0.66170210, 3.7579887, 9.3583603, 9.5891180, 9.8034153, 9.8861237, 9.9511662, 19.994188, 19.998419, 19.988417, 19.918394, 0.28757989, 0.34358361, 0.34589118, 0.34803414, 0.34886125, 0.34951165, 0.34997094, 0.34999210, 0.34994209, 0.34959197, 0.66170210
0.27946311, 1.0000000, 0.72269237, 4.9091578, 9.4475603, 9.6387224, 9.8103199, 9.8853350, 9.9479008, 19.993616, 19.997969, 19.979210, 19.903955, 0.29909092, 0.34447485, 0.34638682, 0.34810311, 0.34885332, 0.34947902, 0.34996808, 0.34998983, 0.34989604, 0.34951979, 0.72269237
0.35591877, 1.0000000, 0.99970567, 9.9959517, 9.9975710, 9.9987869, 9.9997578, 9.9998770, 9.9999580, 19.999998, 19.999998, 19.999989, 19.991005, 0.34995952, 0.34997571, 0.34998786, 0.34999758, 0.34999877, 0.34999958, 0.34999999, 0.34999999, 0.34999993, 0.34995502, 0.99970567
0.35069501, 1.0000000, 0.98077887, 9.7233706, 9.8588886, 9.9268618, 9.9845324, 9.9922342, 9.9973955, 19.999998, 19.999998, 19.999432, 19.967562, 0.34723371, 0.34858888, 0.34926862, 0.34984532, 0.34992236, 0.34997395, 0.34999999, 0.34999999, 0.34999716, 0.34983781, 0.98077887
0.32622191, 1.0000000, 0.89210832, 8.2237244, 9.5164137, 9.7175856, 9.9137735, 9.9552841, 9.9831924, 19.998402, 19.999588, 19.997057, 19.945868, 0.33223724, 0.34516412, 0.34717587, 0.34913772, 0.34955284, 0.34983194, 0.34999201, 0.34999794, 0.34998530, 0.34972933, 0.89210832
0.35188943, 1.0000000, 0.98510665, 9.7875996, 9.8879509, 9.9423666, 9.9876194, 9.9937897, 9.9978600, 19.999939, 19.999981, 19.999969, 19.988020, 0.34787601, 0.34887952, 0.34942368, 0.34987620, 0.34993789, 0.34997860, 0.34999970, 0.34999990, 0.34999985, 0.34994009, 0.98510665
0.33424586, 1.0000000, 0.92118067, 8.7379284, 9.5987110, 9.7718220, 9.9359293, 9.9670811, 9.9878225, 19.998974, 19.999725, 19.999207, 19.964716, 0.33737838, 0.34598652, 0.34771791, 0.34935924, 0.34967080, 0.34987822, 0.34999487, 0.34999862, 0.34999603, 0.34982359, 0.92118067
0.34748787, 1.0000000, 0.96915901, 9.6352215, 9.6867733, 9.8092546, 9.9309673, 9.9631672, 9.9860067, 19.998896, 19.999706, 19.996660, 19.943327, 0.34634194, 0.34686154, 0.34808943, 0.34930906, 0.34963134, 0.34985995, 0.34999448, 0.34999853, 0.34998330, 0.34971663, 0.96915901
0.35600001, 1.0000000, 1.0000000, 9.9999990, 9.9999990, 9.9999990, 9.9999990, 9.9999990, 9.9999990, 19.999998, 19.999998, 19.999722, 19.924923, 0.34999999, 0.34999999, 0.34999999, 0.34999999, 0.34999999, 0.34999999, 0.34999999, 0.34999999, 0.34999859, 0.34962460, 1.0000000
0.35600001, 1.0000000, 0.99999988, 9.9999990, 9.9999962, 9.9999990, 9.9999990, 9.9999990, 9.9999990, 19.999998, 19.999998, 19.999998, 19.998999, 0.34999999, 0.34999996, 0.34999999, 0.34999999, 0.34999999, 0.34999999, 0.34999999, 0.34999999, 0.34999999, 0.34999499, 0.99999988
0.35600001, 1.0000000, 1.0000000, 9.9999990, 9.9999990, 9.9999990, 9.9999990, 9.9999990, 9.9999990, 19.999998, 19.999998, 19.999998, 19.998999, 0.34999999, 0.34999999, 0.34999999, 0.34999999, 0.34999999, 0.34999999, 0.34999999, 0.34999999, 0.34999999, 0.34999499, 1.0000000
0.35600001, 1.0000000, 1.0000000, 9.9999990, 9.9999990, 9.9999990, 9.9999990, 9.9999990, 9.9999990, 19.999998, 19.999998, 19.999998, 19.995995, 0.34999999, 0.34999999, 0.34999999, 0.34999999, 0.34999999, 0.34999999, 0.34999999, 0.34999999, 0.34999999, 0.34997997, 1.0000000
0.35600001, 1.0000000, 1.0000000, 9.9999990, 9.9999990, 9.9999990, 9.9999990, 9.9999990, 9.9999990, 19.999998, 19.999998, 19.999998, 19.998999, 0.34999999, 0.34999999, 0.34999999, 0.34999999, 0.34999999, 0.34999999, 0.34999999, 0.34999999, 0.34999999, 0.34999499, 1.0000000
0.35600001, 1.0000000, 1.0000000, 9.9999990, 9.9999990, 9.9999990, 9.9999990, 9.9999990, 9.9999990, 19.999998, 19.999998, 19.999998, 19.997997, 0.34999999, 0.34999999, 0.34999999, 0.34999999, 0.34999999, 0.34999999, 0.34999999, 0.34999999, 0.34999999, 0.34998998, 1.0000000
0.35600001, 1.0000000, 1.0000000, 9.9999990, 9.9999990, 9.9999990, 9.9999990, 9.9999990, 9.9999990, 19.999998, 19.999998, 19.999998, 19.998999, 0.34999999, 0.34999999, 0.34999999, 0.34999999, 0.34999999, 0.34999999, 0.34999999, 0.34999999, 0.34999999, 0.34999499, 1.0000000
0.33950078, 1.0000000, 0.94022012, 9.0702887, 9.6586218, 9.8107233, 9.9499187, 9.9744501, 9.9905901, 19.999187, 19.999790, 19.999714, 19.975222, 0.34070012, 0.34658444, 0.34810632, 0.34949902, 0.34974441, 0.34990588, 0.34999594, 0.34999895, 0.34999856, 0.34987611, 0.94022012
0.31473261, 1.0000000, 0.85048038, 7.4383168, 9.4621029, 9.6760483, 9.8872089, 9.9402933, 9.9770241, 19.997681, 19.999409, 19.998032, 19.952837, 0.32438317, 0.34462103, 0.34676048, 0.34887210, 0.34940293, 0.34977025, 0.34998840, 0.34999704, 0.34999016, 0.34976417, 0.85048038
0.28028595, 1.0000000, 0.72567374, 5.0533791, 9.3352623, 9.5801458, 9.8154192, 9.8972569, 9.9578199, 19.994928, 19.998686, 19.993921, 19.932787, 0.30053094, 0.34334943, 0.34579983, 0.34815386, 0.34897238, 0.34957814, 0.34997463, 0.34999344, 0.34996960, 0.34966394, 0.72567374
0.25112593, 1.0000000, 0.62002140, 2.9617066, 9.3157854, 9.5579109, 9.7819757, 9.8725939, 9.9445534, 19.993080, 19.998114, 19.987009, 19.915745, 0.27961433, 0.34315270, 0.34557647, 0.34781921, 0.34872568, 0.34944543, 0.34996539, 0.34999058, 0.34993505, 0.34957874, 0.62002140
0.22652853, 1.0000000, 0.53090042, 2.2316604, 7.5902977, 9.5110912, 9.7405863, 9.8435698, 9.9278994, 19.989819, 19.996857, 19.977160, 19.901794, 0.27231592, 0.32590157, 0.34511006, 0.34740567, 0.34843561, 0.34927896, 0.34994909, 0.34998429, 0.34988579, 0.34950897, 0.53090042
0.21347213, 1.0000000, 0.48359466, 1.9143522, 6.5128789, 9.5653124, 9.7581387, 9.8488445, 9.9264889, 19.988966, 19.995607, 19.965164, 19.890806, 0.26914352, 0.31512880, 0.34565312, 0.34758139, 0.34848845, 0.34926489, 0.34994483, 0.34997803, 0.34982583, 0.34945405, 0.48359466
0.19628164, 1.0000000, 0.42131025, 1.4738530, 5.1982756, 9.5162334, 9.7376080, 9.8356695, 9.9188967, 19.987177, 19.993097, 19.951651, 19.882362, 0.26473853, 0.30198276, 0.34516233, 0.34737608, 0.34835669, 0.34918898, 0.34993589, 0.34996548, 0.34975827, 0.34941182, 0.42131025
0.18375766, 1.0000000, 0.37593350, 1.2011021, 4.1353240, 9.5262032, 9.7414284, 9.8361349, 9.9175768, 19.986311, 19.989283, 19.937708, 19.876003, 0.26201025, 0.29135162, 0.34526017, 0.34741390, 0.34836116, 0.34917569, 0.34993154, 0.34994641, 0.34968853, 0.34938002, 0.37593350
0.17058045, 1.0000000, 0.32819003, 0.90874732, 3.0386879, 9.5130157, 9.7324486, 9.8301439, 9.9139709, 19.984875, 19.983438, 19.924158, 19.871294, 0.25908729, 0.28038654, 0.34512961, 0.34732437, 0.34830138, 0.34913969, 0.34992439, 0.34991720, 0.34962079, 0.34935647, 0.32819003
0.15973547, 0.96289253, 0.28889665, 0.60693026, 2.5918694, 8.7976847, 9.7172842, 9.8203993, 9.9086733, 19.982718, 19.975359, 19.911661, 19.867834, 0.25606889, 0.27591765, 0.33797505, 0.34717247, 0.34820378, 0.34908667, 0.34991360, 0.34987679, 0.34955829, 0.34933919, 0.28889665
0.15500163, 0.90572613, 0.27174503, 0.52947402, 2.3977458, 8.2927046, 9.7459707, 9.8354816, 9.9144058, 19.982016, 19.965832, 19.900822, 19.865347, 0.25529474, 0.27397746, 0.33292705, 0.34745970, 0.34835482, 0.34914404, 0.34991008, 0.34982917, 0.34950411, 0.34932673, 0.27174503
0.35599011, 1.0000000, 0.99996400, 9.9999990, 9.9999990, 9.9999990, 9.9999990, 9.9999990, 9.9999990, 19.999998, 19.999998, 19.999998, 19.997997, 0.34999505, 0.34999701, 0.34999850, 0.34999970, 0.34999985, 0.34999993, 0.34999999, 0.34999999, 0.34999999, 0.34998998, 0.99996400
0.34196764, 1.0000000, 0.94915813, 9.2187862, 9.6959782, 9.8334188, 9.9580116, 9.9786501, 9.9923162, 19.999481, 19.999863, 19.999695, 19.974264, 0.34218785, 0.34695977, 0.34833419, 0.34958011, 0.34978649, 0.34992316, 0.34999740, 0.34999931, 0.34999847, 0.34987134, 0.94915813
0.33288324, 1.0000000, 0.91624355, 8.6225348, 9.6234818, 9.7786388, 9.9310913, 9.9640226, 9.9867964, 19.999165, 19.999779, 19.998016, 19.951960, 0.33622533, 0.34623483, 0.34778640, 0.34931090, 0.34964022, 0.34986797, 0.34999582, 0.34999889, 0.34999007, 0.34975979, 0.91624355
0.32769364, 1.0000000, 0.89744067, 8.2543468, 9.6181030, 9.7679024, 9.9135027, 9.9533587, 9.9823046, 19.998837, 19.999693, 19.993958, 19.932064, 0.33254346, 0.34618104, 0.34767902, 0.34913504, 0.34953359, 0.34982306, 0.34999418, 0.34999847, 0.34996980, 0.34966034, 0.89744067
0.35520321, 1.0000000, 0.99711299, 9.9601889, 9.9766779, 9.9882698, 9.9976339, 9.9988194, 9.9996061, 19.999998, 19.999998, 19.999989, 19.991005, 0.34960026, 0.34976581, 0.34988219, 0.34997624, 0.34998813, 0.34999603, 0.34999999, 0.34999999, 0.34999993, 0.34995502, 0.99711299
0.35600001, 1.0000000, 1.0000000, 9.9999990, 9.9999990, 9.9999990, 9.9999990, 9.9999990, 9.9999990, 19.999998, 19.999998, 19.999998, 19.998999, 0.34999999, 0.34999999, 0.34999999, 0.34999999, 0.34999999, 0.34999999, 0.34999999, 0.34999999, 0.34999999, 0.34999499, 1.0000000
0.34336442, 1.0000000, 0.95421886, 9.3038616, 9.7159948, 9.8457870, 9.9633741, 9.9814453, 9.9935570, 19.999807, 19.999950, 19.999750, 19.975233, 0.34303862, 0.34715995, 0.34845787, 0.34963375, 0.34981444, 0.34993556, 0.34999904, 0.34999976, 0.34999874, 0.34987617, 0.95421886
0.35600001, 1.0000000, 1.0000000, 9.9999990, 9.9999990, 9.9999990, 9.9999990, 9.9999990, 9.9999990, 19.999998, 19.999998, 19.999998, 19.994993, 0.34999999, 0.34999999, 0.34999999, 0.34999999, 0.34999999, 0.34999999, 0.34999999, 0.34999999, 0.34999999, 0.34997496, 1.0000000
0.35600001, 1.0000000, 1.0000000, 9.9999990, 9.9999990, 9.9999990, 9.9999990, 9.9999990, 9.9999990, 19.999998, 19.999998, 19.999998, 19.998999, 0.34999999, 0.34999999, 0.34999999, 0.34999999, 0.34999999, 0.34999999, 0.34999999, 0.34999999, 0.34999999, 0.34999499, 1.0000000
0.35600001, 1.0000000, 1.0000000, 9.9999990, 9.9999990, 9.9999990, 9.9999990, 9.9999990, 9.9999990, 19.999998, 19.999998, 19.999998, 19.995995, 0.34999999, 0.34999999, 0.34999999, 0.34999999, 0.34999999, 0.34999999, 0.34999999, 0.34999999, 0.34999999, 0.34997997, 1.0000000
0.35600001, 1.0000000, 1.0000000, 9.9999990, 9.9999990, 9.9999990, 9.9999990, 9.9999990, 9.9999990, 19.999998, 19.999998, 19.999998, 19.994993, 0.34999999, 0.34999999, 0.34999999, 0.34999999, 0.34999999, 0.34999999, 0.34999999, 0.34999999, 0.34999999, 0.34997496, 1.0000000
0.35600001, 1.0000000, 1.0000000, 9.9999990, 9.9999990, 9.9999990, 9.9999990, 9.9999990, 9.9999990, 19.999998, 19.999998, 19.999998, 19.997997, 0.34999999, 0.34999999, 0.34999999, 0.34999999, 0.34999999, 0.34999999, 0.34999999, 0.34999999, 0.34999999, 0.34998998, 1.0000000
0.35600001, 1.0000000, 1.0000000, 9.9999990, 9.9999990, 9.9999990, 9.9999990, 9.9999990, 9.9999990, 19.999998, 19.999998, 19.999998, 19.998999, 0.34999999, 0.34999999, 0.34999999, 0.34999999, 0.34999999, 0.34999999, 0.34999999, 0.34999999, 0.34999999, 0.34999499, 1.0000000
0.33349705, 1.0000000, 0.91846752, 8.7080860, 9.5665617, 9.7551785, 9.9323349, 9.9653044, 9.9871378, 19.998842, 19.999695, 19.999796, 19.980110, 0.33708087, 0.34566563, 0.34755179, 0.34932333, 0.34965304, 0.34987137, 0.34999421, 0.34999847, 0.34999898, 0.34990054, 0.91846752
0.33662617, 1.0000000, 0.92980504, 9.0058460, 9.4878778, 9.6885605, 9.8853731, 9.9387474, 9.9761820, 19.997543, 19.999355, 19.998510, 19.957331, 0.34005785, 0.34487841, 0.34688544, 0.34885371, 0.34938744, 0.34976181, 0.34998772, 0.34999678, 0.34999254, 0.34978664, 0.92980504
0.31865609, 1.0000000, 0.86469597, 7.7239790, 9.4703979, 9.6653414, 9.8495970, 9.9157591, 9.9651709, 19.995796, 19.998894, 19.995014, 19.936743, 0.32723978, 0.34470397, 0.34665340, 0.34849596, 0.34915760, 0.34965169, 0.34997898, 0.34999448, 0.34997508, 0.34968370, 0.86469597
0.34313720, 1.0000000, 0.95339572, 9.4023256, 9.6367445, 9.6553221, 9.8366957, 9.9050169, 9.9591913, 19.995304, 19.998705, 19.988810, 19.919081, 0.34402326, 0.34636745, 0.34655321, 0.34836695, 0.34905016, 0.34959191, 0.34997651, 0.34999353, 0.34994406, 0.34959540, 0.95339572
0.31849742, 1.0000000, 0.86412096, 7.7608738, 9.4165316, 9.6214094, 9.8160820, 9.8907747, 9.9513721, 19.994249, 19.998138, 19.979683, 19.904514, 0.32760873, 0.34416533, 0.34621409, 0.34816080, 0.34890774, 0.34951371, 0.34997123, 0.34999070, 0.34989840, 0.34952256, 0.86412096
0.28211489, 1.0000000, 0.73230028, 5.2308841, 9.2883749, 9.5370770, 9.7643423, 9.8586578, 9.9348831, 19.991032, 19.996487, 19.967960, 19.892891, 0.30230886, 0.34288377, 0.34537077, 0.34764344, 0.34858659, 0.34934884, 0.34995514, 0.34998244, 0.34983981, 0.34946445, 0.73230028
0.25044206, 1.0000000, 0.61754370, 2.9634893, 9.2454004, 9.5365419, 9.7499008, 9.8459101, 9.9260178, 19.988838, 19.994154, 19.954649, 19.883945, 0.27963305, 0.34245053, 0.34536362, 0.34749866, 0.34845892, 0.34926012, 0.34994417, 0.34997076, 0.34977323, 0.34941971, 0.61754370
0.35595232, 1.0000000, 0.99982715, 9.9978771, 9.9987240, 9.9993649, 9.9998713, 9.9999371, 9.9999790, 19.999998, 19.999998, 19.999996, 19.993994, 0.34997624, 0.34998572, 0.34999287, 0.34999856, 0.34999928, 0.34999976, 0.34999999, 0.34999999, 0.34999996, 0.34996998, 0.99982715
0.35519004, 1.0000000, 0.99706531, 9.9592714, 9.9763336, 9.9880772, 9.9975176, 9.9987564, 9.9995728, 19.999987, 19.999992, 19.999983, 19.990009, 0.34959272, 0.34976333, 0.34988075, 0.34997517, 0.34998757, 0.34999573, 0.34999993, 0.34999996, 0.34999990, 0.34995005, 0.99706531
0.35600001, 1.0000000, 1.0000000, 9.9999990, 9.9999990, 9.9999990, 9.9999990, 9.9999990, 9.9999990, 19.999998, 19.999998, 19.999998, 19.998999, 0.34999999, 0.34999999, 0.34999999, 0.34999999, 0.34999999, 0.34999999, 0.34999999, 0.34999999, 0.34999999, 0.34999499, 1.0000000
0.34643292, 1.0000000, 0.96533662, 9.5579386, 9.6760225, 9.8220510, 9.9554148, 9.9773293, 9.9919119, 19.999535, 19.999880, 19.999895, 19.983068, 0.34557939, 0.34676021, 0.34822053, 0.34955415, 0.34977329, 0.34991911, 0.34999767, 0.34999940, 0.34999949, 0.34991533, 0.96533662
0.35600001, 1.0000000, 1.0000000, 9.9999990, 9.9999990, 9.9999990, 9.9999990, 9.9999990, 9.9999990, 19.999998, 19.999998, 19.999998, 19.998999, 0.34999999, 0.34999999, 0.34999999, 0.34999999, 0.34999999, 0.34999999, 0.34999999, 0.34999999, 0.34999999, 0.34999499, 1.0000000
0.32607651, 1.0000000, 0.89158154, 8.2287798, 9.4967260, 9.7071199, 9.9093819, 9.9530020, 9.9818830, 19.997787, 19.999432, 19.999607, 19.975210, 0.33228588, 0.34496590, 0.34707052, 0.34909368, 0.34952995, 0.34981880, 0.34998894, 0.34999716, 0.34999803, 0.34987605, 0.89158154
0.30588877, 1.0000000, 0.81843758, 6.7977681, 9.4660378, 9.6725616, 9.8742514, 9.9317522, 9.9732695, 19.997370, 19.999325, 19.998003, 19.952837, 0.31797433, 0.34465757, 0.34672418, 0.34874222, 0.34931737, 0.34973264, 0.34998685, 0.34999663, 0.34999001, 0.34976417, 0.81843758
0.28128093, 1.0000000, 0.72927862, 5.0645700, 9.4108973, 9.6283197, 9.8345137, 9.9064960, 9.9616385, 19.996161, 19.999008, 19.993998, 19.932817, 0.30064076, 0.34410346, 0.34628037, 0.34834456, 0.34906465, 0.34961629, 0.34998080, 0.34999505, 0.34996998, 0.34966409, 0.72927862
0.35600001, 1.0000000, 1.0000000, 9.9999990, 9.9999990, 9.9999990, 9.9999990, 9.9999990, 9.9999990, 19.999998, 19.999998, 19.999998, 19.997997, 0.34999999, 0.34999999, 0.34999999, 0.34999999, 0.34999999, 0.34999999, 0.34999999, 0.34999999, 0.34999999, 0.34998998, 1.0000000
0.34469223, 1.0000000, 0.95902985, 9.5026846, 9.5894299, 9.7645502, 9.9338713, 9.9660330, 9.9873343, 19.998789, 19.999683, 19.999647, 19.974239, 0.34502685, 0.34589431, 0.34764549, 0.34933871, 0.34966034, 0.34987333, 0.34999394, 0.34999841, 0.34999824, 0.34987119, 0.95902985
0.34393138, 1.0000000, 0.95627308, 9.4801130, 9.5706682, 9.7034330, 9.8963776, 9.9447775, 9.9791193, 19.998383, 19.999582, 19.997963, 19.951946, 0.34480113, 0.34570667, 0.34703434, 0.34896377, 0.34944779, 0.34979120, 0.34999192, 0.34999791, 0.34998983, 0.34975973, 0.95627308
0.31497884, 1.0000000, 0.85137254, 7.5123596, 9.4000463, 9.6247845, 9.8430023, 9.9130793, 9.9652042, 19.996696, 19.999144, 19.993809, 19.932016, 0.32512361, 0.34400046, 0.34624785, 0.34843004, 0.34913081, 0.34965205, 0.34998348, 0.34999573, 0.34996903, 0.34966010, 0.85137254
0.28315511, 1.0000000, 0.73606920, 5.2658129, 9.3325291, 9.5739441, 9.7997694, 9.8845987, 9.9511900, 19.994965, 19.998585, 19.986801, 19.915131, 0.30265722, 0.34332430, 0.34573892, 0.34799761, 0.34884593, 0.34951186, 0.34997481, 0.34999293, 0.34993401, 0.34957564, 0.73606920
0.27378213, 1.0000000, 0.70210922, 4.5519304, 9.3804436, 9.5967007, 9.7932520, 9.8760014, 9.9445152, 19.994093, 19.997976, 19.976999, 19.901335, 0.29551753, 0.34380224, 0.34596589, 0.34793228, 0.34875989, 0.34944513, 0.34997046, 0.34998989, 0.34988499, 0.34950668, 0.70210922
0.35599673, 1.0000000, 0.99998808, 9.9998360, 9.9999008, 9.9999485, 9.9999905, 9.9999933, 9.9999962, 19.999998, 19.999998, 19.999998, 19.994993, 0.34999835, 0.34999901, 0.34999949, 0.34999990, 0.34999993, 0.34999996, 0.34999999, 0.34999999, 0.34999999, 0.34997496, 0.99998808
0.35600001, 1.0000000, 1.0000000, 9.9999990, 9.9999990, 9.9999990, 9.9999990, 9.9999990, 9.9999990, 19.999998, 19.999998, 19.999998, 19.996996, 0.34999999, 0.34999999, 0.34999999, 0.34999999, 0.34999999, 0.34999999, 0.34999999, 0.34999999, 0.34999999, 0.34998497, 1.0000000
0.35600001, 1.0000000, 1.0000000, 9.9999990, 9.9999990, 9.9999990, 9.9999990, 9.9999990, 9.9999990, 19.999998, 19.999998, 19.999998, 19.997997, 0.34999999, 0.34999999, 0.34999999, 0.34999999, 0.34999999, 0.34999999, 0.34999999, 0.34999999, 0.34999999, 0.34998998, 1.0000000
0.33894712, 1.0000000, 0.93821418, 9.1028471, 9.5666780, 9.7551975, 9.9335451, 9.9659586, 9.9875813, 19.999086, 19.999760, 19.999659, 19.974264, 0.34102848, 0.34566677, 0.34755197, 0.34933546, 0.34965959, 0.34987581, 0.34999543, 0.34999880, 0.34999830, 0.34987134, 0.93821418
0.35598415, 1.0000000, 0.99994254, 9.9992094, 9.9995251, 9.9997606, 9.9999514, 9.9999752, 9.9999905, 19.999998, 19.999998, 19.999990, 19.992998, 0.34999210, 0.34999526, 0.34999761, 0.34999952, 0.34999976, 0.34999990, 0.34999999, 0.34999999, 0.34999996, 0.34996498, 0.99994254
0.32995567, 1.0000000, 0.90563637, 8.5067368, 9.4990225, 9.7105379, 9.9149570, 9.9560957, 9.9835720, 19.998449, 19.999605, 19.999693, 19.977131, 0.33506736, 0.34499022, 0.34710538, 0.34914958, 0.34956095, 0.34983572, 0.34999225, 0.34999803, 0.34999847, 0.34988564, 0.90563637
0.33316457, 1.0000000, 0.91726279, 8.7734900, 9.4687119, 9.6698008, 9.8673878, 9.9279375, 9.9715271, 19.997007, 19.999229, 19.998188, 19.954576, 0.33773491, 0.34468710, 0.34669802, 0.34867388, 0.34927937, 0.34971526, 0.34998503, 0.34999615, 0.34999093, 0.34977287, 0.91726279
0.30394232, 1.0000000, 0.81138515, 6.7327957, 9.3777285, 9.6075506, 9.8235846, 9.9001474, 9.9585667, 19.995441, 19.998817, 19.994379, 19.934332, 0.31732795, 0.34377730, 0.34607551, 0.34823585, 0.34900147, 0.34958565, 0.34997720, 0.34999409, 0.34997189, 0.34967166, 0.81138515
0.28706336, 1.0000000, 0.75022948, 5.5488858, 9.3379002, 9.5726318, 9.7888803, 9.8760166, 9.9456625, 19.993492, 19.998220, 19.987711, 19.917053, 0.30547813, 0.34336817, 0.34572077, 0.34788767, 0.34875959, 0.34945643, 0.34996745, 0.34999111, 0.34993857, 0.34958526, 0.75022948
0.35600001, 1.0000000, 1.0000000, 9.9999990, 9.9999990, 9.9999990, 9.9999990, 9.9999990, 9.9999990, 19.999998, 19.999998, 19.999998, 19.995995, 0.34999999, 0.34999999, 0.34999999, 0.34999999, 0.34999999, 0.34999999, 0.34999999, 0.34999999, 0.34999999, 0.34997997, 1.0000000
0.35600001, 1.0000000, 1.0000000, 9.9999990, 9.9999990, 9.9999990, 9.9999990, 9.9999990, 9.9999990, 19.999998, 19.999998, 19.999998, 19.998999, 0.34999999, 0.34999999, 0.34999999, 0.34999999, 0.34999999, 0.34999999, 0.34999999, 0.34999999, 0.34999999, 0.34999499, 1.0000000
0.35240167, 1.0000000, 0.98696244, 9.9435720, 9.7833433, 9.7692719, 9.9339504, 9.9660263, 9.9871740, 19.998640, 19.999647, 19.999655, 19.975233, 0.34943572, 0.34783342, 0.34769273, 0.34933951, 0.34966028, 0.34987175, 0.34999320, 0.34999824, 0.34999827, 0.34987617, 0.98696244
0.32612681, 1.0000000, 0.89176375, 8.2777739, 9.4506960, 9.6573105, 9.8753481, 9.9333191, 9.9741621, 19.997437, 19.999331, 19.997997, 19.952837, 0.33277529, 0.34450528, 0.34657225, 0.34875330, 0.34933311, 0.34974161, 0.34998718, 0.34999666, 0.34998998, 0.34976417, 0.89176375
0.29650918, 1.0000000, 0.78445351, 6.1898074, 9.3831987, 9.6103020, 9.8274221, 9.9031477, 9.9603558, 19.995785, 19.998894, 19.993967, 19.932812, 0.31189755, 0.34383148, 0.34610274, 0.34827417, 0.34903145, 0.34960356, 0.34997892, 0.34999448, 0.34996983, 0.34966406, 0.78445351
0.26993412, 1.0000000, 0.68816710, 4.2916226, 9.3538036, 9.5859795, 9.8008547, 9.8836517, 9.9499989, 19.994755, 19.998537, 19.987123, 19.915787, 0.29291412, 0.34353527, 0.34585840, 0.34800825, 0.34883636, 0.34949994, 0.34997377, 0.34999269, 0.34993562, 0.34957892, 0.68816710
0.34025884, 1.0000000, 0.94296670, 9.1228085, 9.6605511, 9.8136072, 9.9534588, 9.9763384, 9.9915571, 19.999521, 19.999880, 19.999922, 19.984043, 0.34122604, 0.34660423, 0.34813541, 0.34953445, 0.34976333, 0.34991553, 0.34999761, 0.34999940, 0.34999961, 0.34992021, 0.94296670
0.35596985, 1.0000000, 0.99989074, 9.9984970, 9.9990997, 9.9995461, 9.9999065, 9.9999542, 9.9999847, 19.999998, 19.999998, 19.999998, 19.994993, 0.34998497, 0.34999099, 0.34999546, 0.34999907, 0.34999955, 0.34999985, 0.34999999, 0.34999999, 0.34999999, 0.34997496, 0.99989074
0.35600001, 1.0000000, 1.0000000, 9.9999990, 9.9999990, 9.9999990, 9.9999990, 9.9999990, 9.9999990, 19.999998, 19.999998, 19.999998, 19.994993, 0.34999999, 0.34999999, 0.34999999, 0.34999999, 0.34999999, 0.34999999, 0.34999999, 0.34999999, 0.34999999, 0.34997496, 1.0000000
0.34202099, 1.0000000, 0.94935143, 9.2235661, 9.6944609, 9.8329058, 9.9599237, 9.9796610, 9.9929743, 19.999813, 19.999950, 19.999882, 19.981091, 0.34223565, 0.34694460, 0.34832907, 0.34959924, 0.34979659, 0.34992975, 0.34999907, 0.34999976, 0.34999940, 0.34990546, 0.94935143
0.32360893, 1.0000000, 0.88264102, 8.0479240, 9.5011797, 9.7046499, 9.9070988, 9.9514370, 9.9823370, 19.999081, 19.999760, 19.998711, 19.958250, 0.33047923, 0.34501180, 0.34704649, 0.34907100, 0.34951437, 0.34982336, 0.34999540, 0.34999880, 0.34999356, 0.34979126, 0.88264102
0.35598493, 1.0000000, 0.99994534, 9.9992485, 9.9995461, 9.9997759, 9.9999542, 9.9999752, 9.9999876, 19.999998, 19.999998, 19.999998, 19.994993, 0.34999248, 0.34999546, 0.34999776, 0.34999955, 0.34999976, 0.34999987, 0.34999999, 0.34999999, 0.34999999, 0.34997496, 0.99994534
0.35562867, 1.0000000, 0.99865466, 9.9999990, 9.9995508, 9.9327946, 9.9163723, 9.9568253, 9.9838104, 19.998425, 19.999588, 19.999786, 19.981079, 0.34999999, 0.34999549, 0.34932795, 0.34916371, 0.34956825, 0.34983811, 0.34999213, 0.34999794, 0.34999892, 0.34990540, 0.99865466
0.33202225, 1.0000000, 0.91312397, 8.6664543, 9.5018406, 9.6861782, 9.8603516, 9.9245005, 9.9707327, 19.997383, 19.999319, 19.998598, 19.958233, 0.33666456, 0.34501842, 0.34686178, 0.34860352, 0.34924501, 0.34970734, 0.34998691, 0.34999660, 0.34999299, 0.34979117, 0.91312397
0.29531536, 1.0000000, 0.78012806, 6.1568613, 9.3191614, 9.5670033, 9.7995815, 9.8864584, 9.9529667, 19.994987, 19.998697, 19.995161, 19.937531, 0.31156862, 0.34319162, 0.34567004, 0.34799582, 0.34886459, 0.34952968, 0.34997493, 0.34999350, 0.34997579, 0.34968764, 0.78012806
0.26293972, 1.0000000, 0.66282505, 3.8317659, 9.3013248, 9.5431786, 9.7654610, 9.8610659, 9.9384251, 19.992609, 19.998037, 19.988958, 19.919712, 0.28831691, 0.34301215, 0.34543121, 0.34765449, 0.34861061, 0.34938422, 0.34996304, 0.34999019, 0.34994480, 0.34959856, 0.66282505
0.24620646, 1.0000000, 0.60219729, 2.9048681, 8.7912569, 9.6069555, 9.7819395, 9.8651943, 9.9364767, 19.992081, 19.997595, 19.979986, 19.905041, 0.27904868, 0.33791256, 0.34606954, 0.34781939, 0.34865195, 0.34936476, 0.34996039, 0.34998798, 0.34989995, 0.34952521, 0.60219729
0.23141173, 1.0000000, 0.54859316, 2.5049000, 7.6750040, 9.6001730, 9.7789507, 9.8614836, 9.9326458, 19.991175, 19.996572, 19.968506, 19.893328, 0.27504900, 0.32675004, 0.34600174, 0.34778950, 0.34861484, 0.34932646, 0.34995586, 0.34998286, 0.34984252, 0.34946662, 0.54859316
0.22481222, 1.0000000, 0.52468193, 2.3631425, 7.0760331, 9.6692982, 9.8072805, 9.8759460, 9.9370813, 19.991173, 19.994867, 19.955383, 19.884317, 0.27363142, 0.32076034, 0.34669298, 0.34807280, 0.34875947, 0.34937081, 0.34995586, 0.34997433, 0.34977692, 0.34942159, 0.52468193
0.21245506, 1.0000000, 0.47990960, 2.0258248, 6.1719713, 9.6209097, 9.7923098, 9.8679876, 9.9332561, 19.990088, 19.991455, 19.941465, 19.877468, 0.27025825, 0.31171972, 0.34620911, 0.34792310, 0.34867987, 0.34933257, 0.34995043, 0.34995729, 0.34970734, 0.34938735, 0.47990960
0.19596328, 1.0000000, 0.42015678, 1.7094195, 4.7700996, 9.5083990, 9.7447386, 9.8410187, 9.9220009, 19.988741, 19.986132, 19.927727, 19.872389, 0.26709419, 0.29770100, 0.34508398, 0.34744740, 0.34841019, 0.34922001, 0.34994370, 0.34993064, 0.34963864, 0.34936196, 0.42015678
0.18634436, 1.0000000, 0.38530564, 1.5047669, 3.9150412, 9.5725889, 9.7636385, 9.8494720, 9.9240761, 19.988285, 19.979010, 19.914993, 19.868664, 0.26504767, 0.28915042, 0.34572589, 0.34763640, 0.34849471, 0.34924075, 0.34994143, 0.34989506, 0.34957498, 0.34934333, 0.38530564
0.16925222, 1.0000000, 0.32337758, 1.0115802, 2.9234738, 9.0853767, 9.7100229, 9.8189173, 9.9104977, 19.985283, 19.969292, 19.903557, 19.865931, 0.26011580, 0.27923474, 0.34085375, 0.34710023, 0.34818918, 0.34910497, 0.34992641, 0.34984645, 0.34951779, 0.34932965, 0.32337758
0.15230638, 0.87317795, 0.26197958, 0.50759912, 2.2941768, 7.9455218, 9.6572094, 9.7852793, 9.8937359, 19.980696, 19.957678, 19.893764, 19.863918, 0.25507575, 0.27294111, 0.32945409, 0.34657183, 0.34785265, 0.34893730, 0.34990346, 0.34978840, 0.34946883, 0.34931958, 0.26197958
0.14113888, 0.73831826, 0.22151764, 0.24164319, 1.8666565, 6.9909987, 9.6563587, 9.7811518, 9.8891239, 19.976360, 19.945347, 19.885744, 19.862495, 0.25241598, 0.26866451, 0.31990615, 0.34656250, 0.34781098, 0.34889105, 0.34988180, 0.34972674, 0.34942871, 0.34931248, 0.22151764
0.13619389, 0.67860222, 0.20360103, 0.18479824, 1.6669333, 6.3746009, 9.6987228, 9.8040600, 9.8974800, 19.972483, 19.933147, 19.879416, 19.861496, 0.25184754, 0.26666692, 0.31374142, 0.34698582, 0.34803990, 0.34897456, 0.34986240, 0.34966573, 0.34939706, 0.34930748, 0.20360103
0.12920748, 0.59423369, 0.17828794, 0.19736886, 1.2792706, 5.4321523, 9.6502151, 9.7769175, 9.8860607, 19.965231, 19.920813, 19.874313, 19.860779, 0.25197369, 0.26279271, 0.30432153, 0.34650216, 0.34776917, 0.34886062, 0.34982616, 0.34960407, 0.34937155, 0.34930390, 0.17828794
0.12576205, 0.55262649, 0.16580454, 0.14652610, 1.1675209, 4.9773173, 9.7098179, 9.8095932, 9.8980198, 19.958048, 19.909769, 19.870476, 19.860268, 0.25146526, 0.26167521, 0.29977316, 0.34709817, 0.34809592, 0.34898019, 0.34979025, 0.34954885, 0.34935239, 0.34930134, 0.16580454
0.12358984, 0.52639472, 0.15793422, 0.12207031, 1.0984212, 4.6633415, 9.7541599, 9.8357668, 9.9086103, 19.949608, 19.899984, 19.867554, 19.859915, 0.25121966, 0.26097849, 0.29662129, 0.34753653, 0.34835511, 0.34908524, 0.34974805, 0.34949991, 0.34933776, 0.34929958, 0.15793422
0.12288851, 0.51792544, 0.15539317, 0.11857152, 1.0840625, 4.5181403, 9.8041916, 9.8652420, 9.9203291, 19.940195, 19.891596, 19.865362, 19.859638, 0.25118572, 0.26084062, 0.29518139, 0.34804192, 0.34865242, 0.34920329, 0.34970099, 0.34945798, 0.34932682, 0.34929818, 0.15539317
0.15166649, 0.86545068, 0.25966117, 2.2769749, 1.0436624, 4.3521619, 9.8157034, 9.8740482, 9.9238815, 19.930096, 19.884567, 19.863712, 19.859476, 0.27276975, 0.26043662, 0.29352161, 0.34815705, 0.34874049, 0.34923881, 0.34965047, 0.34942284, 0.34931856, 0.34929737, 0.25966117
0.35600001, 1.0000000, 1.0000000, 9.9999990, 9.9999990, 9.9999990, 9.9999990, 9.9999990, 9.9999990, 19.999998, 19.999998, 19.999996, 19.993994, 0.34999999, 0.34999999, 0.34999999, 0.34999999, 0.34999999, 0.34999999, 0.34999999, 0.34999999, 0.34999996, 0.34996998, 1.0000000
0.33270043, 1.0000000, 0.91558123, 8.6862211, 9.5219679, 9.7270002, 9.9239550, 9.9609280, 9.9857264, 19.998943, 19.999731, 19.999512, 19.970417, 0.33686221, 0.34521967, 0.34727001, 0.34923956, 0.34960929, 0.34985727, 0.34999472, 0.34999865, 0.34999755, 0.34985209, 0.91558123
0.29802498, 1.0000000, 0.78994554, 6.3307986, 9.3378830, 9.5917521, 9.8447390, 9.9163504, 9.9677916, 19.997280, 19.999290, 19.997404, 19.948435, 0.31330800, 0.34337884, 0.34591752, 0.34844738, 0.34916350, 0.34967792, 0.34998640, 0.34999645, 0.34998703, 0.34974217, 0.78994554
0.26689482, 1.0000000, 0.67715508, 4.1021690, 9.3134117, 9.5628595, 9.8008509, 9.8868494, 9.9538946, 19.996262, 19.999020, 19.992853, 19.929018, 0.29102087, 0.34313297, 0.34562802, 0.34800839, 0.34886843, 0.34953892, 0.34998131, 0.34999511, 0.34996426, 0.34964508, 0.67715508
0.23869006, 1.0000000, 0.57496399, 2.6921809, 8.2856665, 9.5168962, 9.7586861, 9.8575068, 9.9383116, 19.994678, 19.998493, 19.985363, 19.912630, 0.27692181, 0.33285666, 0.34516895, 0.34758687, 0.34857506, 0.34938312, 0.34997338, 0.34999245, 0.34992683, 0.34956315, 0.57496399
0.31623623, 1.0000000, 0.85592830, 8.0605373, 8.7157574, 9.5001259, 9.7351456, 9.8388529, 9.9258881, 19.992544, 19.997459, 19.975060, 19.899321, 0.33060539, 0.33715758, 0.34500125, 0.34735146, 0.34838852, 0.34925887, 0.34996271, 0.34998730, 0.34987530, 0.34949660, 0.85592830
0.27271473, 1.0000000, 0.69824183, 4.5870390, 9.2496824, 9.5030432, 9.7258329, 9.8294611, 9.9174852, 19.990057, 19.995626, 19.962570, 19.888874, 0.29586762, 0.34249344, 0.34502870, 0.34725797, 0.34829444, 0.34917480, 0.34995028, 0.34997815, 0.34981287, 0.34944436, 0.69824183
0.24594171, 1.0000000, 0.60123807, 2.9920788, 8.6653776, 9.5209637, 9.7290468, 9.8284626, 9.9142923, 19.988552, 19.992929, 19.948889, 19.880907, 0.27991834, 0.33664951, 0.34520730, 0.34728998, 0.34828439, 0.34914282, 0.34994274, 0.34996465, 0.34974444, 0.34940454, 0.60123807
0.22386573, 1.0000000, 0.52125263, 2.3718953, 7.0435882, 9.5003185, 9.7213097, 9.8229380, 9.9103594, 19.986740, 19.988514, 19.934898, 19.874920, 0.27371830, 0.32043469, 0.34500238, 0.34721291, 0.34822929, 0.34910357, 0.34993368, 0.34994256, 0.34967449, 0.34937459, 0.52125263
0.20360428, 1.0000000, 0.44784161, 1.8447310, 5.4817924, 9.4901056, 9.7146769, 9.8181028, 9.9073553, 19.985231, 19.982229, 19.921520, 19.870483, 0.26844534, 0.30481440, 0.34489802, 0.34714615, 0.34818071, 0.34907344, 0.34992617, 0.34991115, 0.34960759, 0.34935242, 0.44784161
0.20398441, 1.0000000, 0.44921887, 2.1032424, 5.0871649, 9.5070686, 9.7198229, 9.8200474, 9.9075060, 19.984066, 19.973984, 19.909386, 19.867270, 0.27103177, 0.30087069, 0.34506980, 0.34719804, 0.34820038, 0.34907502, 0.34992033, 0.34986991, 0.34954694, 0.34933636, 0.44921887
0.18102603, 1.0000000, 0.36603630, 1.4659673, 3.4139006, 9.4425688, 9.6877613, 9.8015175, 9.8990355, 19.980873, 19.963476, 19.898722, 19.864895, 0.26465699, 0.28413528, 0.34442052, 0.34687653, 0.34801465, 0.34899017, 0.34990436, 0.34981740, 0.34949362, 0.34932446, 0.36603630
0.16878755, 1.0000000, 0.32169402, 1.1325628, 2.7471960, 8.9263897, 9.7050552, 9.8096075, 9.9012747, 19.978249, 19.951944, 19.889881, 19.863213, 0.26132363, 0.27746907, 0.33925918, 0.34704953, 0.34809557, 0.34901255, 0.34989125, 0.34975973, 0.34944940, 0.34931606, 0.32169402
0.18593569, 1.0000000, 0.38382494, 2.4221749, 2.9388130, 8.3873425, 9.6952858, 9.8042021, 9.8989620, 19.974298, 19.939632, 19.882656, 19.862001, 0.27422175, 0.27938813, 0.33387342, 0.34695286, 0.34804201, 0.34898961, 0.34987149, 0.34969816, 0.34941328, 0.34931001, 0.38382494
0.21334672, 1.0000000, 0.48314029, 2.5656402, 5.4995790, 9.3972197, 9.7385826, 9.8283920, 9.9084768, 19.969843, 19.927549, 19.876991, 19.861155, 0.27565640, 0.30499578, 0.34397221, 0.34738582, 0.34828392, 0.34908476, 0.34984922, 0.34963775, 0.34938496, 0.34930578, 0.48314029
0.35451710, 1.0000000, 0.99462712, 9.9249382, 9.9573784, 9.9784460, 9.9953423, 9.9976635, 9.9991798, 19.999958, 19.999977, 19.990036, 19.864870, 0.34924939, 0.34957379, 0.34978446, 0.34995341, 0.34997663, 0.34999180, 0.34999979, 0.34999987, 0.34995019, 0.34932435, 0.99462712
0.32062462, 1.0000000, 0.87182826, 7.8808174, 9.4384661, 9.6692333, 9.8955727, 9.9456425, 9.9792137, 19.997692, 19.998837, 19.968260, 19.863171, 0.32880819, 0.34438467, 0.34669232, 0.34895572, 0.34945643, 0.34979212, 0.34998846, 0.34999418, 0.34984130, 0.34931585, 0.87182826
0.35600001, 1.0000000, 1.0000000, 9.9999990, 9.9999990, 9.9999990, 9.9999990, 9.9999990, 9.9999990, 19.999998, 19.999998, 19.999998, 19.997997, 0.34999999, 0.34999999, 0.34999999, 0.34999999, 0.34999999, 0.34999999, 0.34999999, 0.34999999, 0.34999999, 0.34998998, 1.0000000
0.32786685, 1.0000000, 0.89806825, 8.3458757, 9.5110903, 9.7175798, 9.9168463, 9.9570503, 9.9838877, 19.998444, 19.999588, 19.999611, 19.974239, 0.33345875, 0.34511089, 0.34717581, 0.34916848, 0.34957051, 0.34983888, 0.34999222, 0.34999794, 0.34999806, 0.34987119, 0.89806825
0.29590875, 1.0000000, 0.78227800, 6.1490264, 9.3752041, 9.6127205, 9.8485069, 9.9178085, 9.9680138, 19.997137, 19.999241, 19.997868, 19.951935, 0.31148714, 0.34374917, 0.34612575, 0.34848475, 0.34917793, 0.34968007, 0.34998569, 0.34999621, 0.34998935, 0.34975967, 0.78227800
0.26821870, 1.0000000, 0.68195170, 4.1582694, 9.3637743, 9.5940714, 9.8124218, 9.8929062, 9.9559793, 19.996225, 19.999002, 19.993767, 19.932039, 0.29157868, 0.34363231, 0.34593794, 0.34812364, 0.34892875, 0.34955969, 0.34998113, 0.34999502, 0.34996885, 0.34966019, 0.68195170
0.24142578, 1.0000000, 0.58487600, 2.8102427, 8.4087238, 9.5355883, 9.7678833, 9.8630114, 9.9401712, 19.994047, 19.998352, 19.986712, 19.915131, 0.27810243, 0.33408725, 0.34535587, 0.34767884, 0.34863013, 0.34940171, 0.34997022, 0.34999177, 0.34993356, 0.34957564, 0.58487600
0.35585421, 1.0000000, 0.99947166, 9.9947681, 9.9968653, 9.9984322, 9.9996862, 9.9998417, 9.9999456, 19.999998, 19.999998, 19.999998, 19.994993, 0.34992734, 0.34995642, 0.34997821, 0.34999564, 0.34999779, 0.34999925, 0.34999999, 0.34999999, 0.34999999, 0.34997496, 0.99947166
0.35600001, 1.0000000, 1.0000000, 9.9999990, 9.9999990, 9.9999990, 9.9999990, 9.9999990, 9.9999990, 19.999998, 19.999998, 19.999998, 19.998999, 0.34999999, 0.34999999, 0.34999999, 0.34999999, 0.34999999, 0.34999999, 0.34999999, 0.34999999, 0.34999999, 0.34999499, 1.0000000
0.32299203, 1.0000000, 0.88040584, 8.0254860, 9.4719210, 9.6898527, 9.9035645, 9.9499006, 9.9809856, 19.998020, 19.999487, 19.999619, 19.975222, 0.33025485, 0.34471920, 0.34689853, 0.34903565, 0.34949902, 0.34980986, 0.34999010, 0.34999743, 0.34999809, 0.34987611, 0.88040584
0.29418579, 1.0000000, 0.77603543, 6.0145216, 9.3875895, 9.6191597, 9.8458109, 9.9157190, 9.9665890, 19.996578, 19.999111, 19.997950, 19.952820, 0.31014520, 0.34387589, 0.34619159, 0.34845811, 0.34915718, 0.34966588, 0.34998289, 0.34999555, 0.34998974, 0.34976411, 0.77603543
0.27741432, 1.0000000, 0.71526915, 4.7857761, 9.4120617, 9.6257734, 9.8269491, 9.9006138, 9.9588957, 19.996405, 19.999067, 19.994022, 19.932829, 0.29784939, 0.34411076, 0.34625271, 0.34826845, 0.34900564, 0.34958878, 0.34998202, 0.34999534, 0.34997010, 0.34966415, 0.71526915
0.32533550, 1.0000000, 0.88889670, 8.2183342, 9.4635553, 9.6532440, 9.8253508, 9.8959312, 9.9545021, 19.995953, 19.998865, 19.987225, 19.915804, 0.33218038, 0.34463352, 0.34653139, 0.34825331, 0.34895921, 0.34954500, 0.34997976, 0.34999433, 0.34993613, 0.34957904, 0.88889670
0.35599220, 1.0000000, 0.99997163, 9.9996090, 9.9997673, 9.9998837, 9.9999752, 9.9999876, 9.9999962, 19.999998, 19.999998, 19.999998, 19.994993, 0.34999609, 0.34999767, 0.34999883, 0.34999976, 0.34999987, 0.34999996, 0.34999999, 0.34999999, 0.34999999, 0.34997496, 0.99997163
0.35600001, 1.0000000, 1.0000000, 9.9999990, 9.9999990, 9.9999990, 9.9999962, 9.9999990, 9.9999990, 19.999998, 19.999998, 19.999992, 19.995989, 0.34999999, 0.34999999, 0.34999999, 0.34999996, 0.34999999, 0.34999999, 0.34999999, 0.34999999, 0.34999996, 0.34997994, 1.0000000
0.34636641, 1.0000000, 0.96509564, 9.4796543, 9.7699594, 9.8772688, 9.9701986, 9.9849215, 9.9945335, 19.999569, 19.999886, 19.999958, 19.988003, 0.34479243, 0.34769705, 0.34877142, 0.34970173, 0.34984910, 0.34994531, 0.34999785, 0.34999943, 0.34999979, 0.34994000, 0.96509564
0.35600001, 1.0000000, 1.0000000, 9.9999990, 9.9999990, 9.9999990, 9.9999990, 9.9999990, 9.9999990, 19.999998, 19.999998, 19.999998, 19.994993, 0.34999999, 0.34999999, 0.34999999, 0.34999999, 0.34999999, 0.34999999, 0.34999999, 0.34999999, 0.34999999, 0.34997496, 1.0000000
0.35511822, 1.0000000, 0.99680501, 9.9999809, 9.9869938, 9.8269053, 9.9462290, 9.9725361, 9.9899693, 19.999201, 19.999796, 19.999886, 19.984043, 0.34999982, 0.34986994, 0.34826905, 0.34946230, 0.34972537, 0.34989971, 0.34999600, 0.34999898, 0.34999943, 0.34992021, 0.99680501
0.34024143, 1.0000000, 0.94290358, 9.1803465, 9.5872736, 9.7674370, 9.9369364, 9.9677095, 9.9881821, 19.999069, 19.999760, 19.999823, 19.981079, 0.34180346, 0.34587273, 0.34767437, 0.34936935, 0.34967709, 0.34988183, 0.34999534, 0.34999880, 0.34999913, 0.34990540, 0.94290358
0.31286585, 1.0000000, 0.84371686, 7.3362575, 9.4221992, 9.6486578, 9.8738794, 9.9327431, 9.9743366, 19.997810, 19.999432, 19.998610, 19.958239, 0.32336259, 0.34422201, 0.34648657, 0.34873879, 0.34932745, 0.34974337, 0.34998906, 0.34999716, 0.34999305, 0.34979120, 0.84371686
0.28248584, 1.0000000, 0.73364431, 5.1908827, 9.3625994, 9.5970507, 9.8223143, 9.9004459, 9.9598007, 19.996357, 19.999056, 19.995226, 19.937544, 0.30190542, 0.34362230, 0.34596860, 0.34822276, 0.34900424, 0.34959793, 0.34998178, 0.34999529, 0.34997612, 0.34968773, 0.73364431
0.25243387, 1.0000000, 0.62476039, 3.0456107, 9.3284006, 9.5653677, 9.7869282, 9.8754244, 9.9468403, 19.995203, 19.998713, 19.989107, 19.919735, 0.28045610, 0.34328401, 0.34565368, 0.34786928, 0.34875423, 0.34946841, 0.34997600, 0.34999356, 0.34994555, 0.34959868, 0.62476039
0.22836521, 1.0000000, 0.53755510, 2.2998631, 7.6953082, 9.5147047, 9.7478352, 9.8484240, 9.9317780, 19.993128, 19.997881, 19.980009, 19.905012, 0.27299863, 0.32695308, 0.34514704, 0.34747836, 0.34848425, 0.34931779, 0.34996563, 0.34998941, 0.34990004, 0.34952506, 0.53755510
0.20810629, 1.0000000, 0.46415323, 1.7952651, 6.1002641, 9.4991941, 9.7306299, 9.8341217, 9.9220476, 19.991795, 19.996750, 19.968481, 19.893316, 0.26795191, 0.31100115, 0.34499079, 0.34730607, 0.34834111, 0.34922045, 0.34995896, 0.34998375, 0.34984240, 0.34946659, 0.46415323
0.19070107, 1.0000000, 0.40109080, 1.3940334, 4.6745358, 9.4862347, 9.7210264, 9.8257189, 9.9155865, 19.990643, 19.994747, 19.955288, 19.884295, 0.26394033, 0.29674536, 0.34486234, 0.34721026, 0.34825718, 0.34915587, 0.34995320, 0.34997374, 0.34977645, 0.34942147, 0.40109080
0.23021764, 1.0000000, 0.54426676, 2.4187326, 7.7318368, 9.5020247, 9.7214479, 9.8236685, 9.9120798, 19.989164, 19.991257, 19.941364, 19.877451, 0.27418643, 0.32731664, 0.34501919, 0.34721428, 0.34823656, 0.34912077, 0.34994581, 0.34995627, 0.34970683, 0.34938726, 0.54426676
0.20967481, 1.0000000, 0.46983624, 1.9110411, 6.1049609, 9.4874067, 9.7158384, 9.8194466, 9.9091463, 19.988153, 19.986017, 19.927637, 19.872353, 0.26910987, 0.31104857, 0.34487328, 0.34715819, 0.34819439, 0.34909144, 0.34994078, 0.34993008, 0.34963819, 0.34936178, 0.46983624
0.25399989, 1.0000000, 0.63043427, 3.1638439, 9.3259869, 9.5680771, 9.7495470, 9.8374748, 9.9155626, 19.987665, 19.978876, 19.914906, 19.868639, 0.28163663, 0.34325662, 0.34567910, 0.34749514, 0.34837458, 0.34915558, 0.34993833, 0.34989437, 0.34957454, 0.34934318, 0.63043427
0.23624799, 1.0000000, 0.56611586, 2.5519490, 8.2151804, 9.5412998, 9.7442713, 9.8355169, 9.9147139, 19.985676, 19.969412, 19.903540, 19.865906, 0.27551949, 0.33215180, 0.34541300, 0.34744272, 0.34835517, 0.34914714, 0.34992838, 0.34984705, 0.34951770, 0.34932953, 0.56611586
0.27861309, 1.0000000, 0.71961260, 4.9688101, 9.2956810, 9.5552464, 9.7516336, 9.8398657, 9.9163847, 19.983280, 19.958361, 19.893864, 19.863930, 0.29968810, 0.34295681, 0.34555247, 0.34751633, 0.34839866, 0.34916383, 0.34991640, 0.34979180, 0.34946930, 0.34931964, 0.71961260
0.33142114, 1.0000000, 0.91094601, 8.5748901, 9.5461187, 9.7413015, 9.9272261, 9.9626007, 9.9861364, 19.998789, 19.999683, 19.999878, 19.986019, 0.33574620, 0.34545940, 0.34741208, 0.34927207, 0.34962592, 0.34986132, 0.34999394, 0.34999841, 0.34999940, 0.34993011, 0.91094601
0.30600327, 1.0000000, 0.81885237, 6.8319492, 9.4322796, 9.6527710, 9.8707685, 9.9306326, 9.9731874, 19.997549, 19.999361, 19.998985, 19.962851, 0.31831950, 0.34432280, 0.34652770, 0.34870768, 0.34930632, 0.34973186, 0.34998775, 0.34999681, 0.34999493, 0.34981424, 0.81885237
0.27257466, 1.0000000, 0.69773424, 4.5033011, 9.3263950, 9.5728931, 9.8094530, 9.8927593, 9.9562683, 19.995802, 19.998915, 19.996119, 19.941631, 0.29502666, 0.34325609, 0.34572488, 0.34809369, 0.34892717, 0.34956253, 0.34997901, 0.34999457, 0.34998059, 0.34970814, 0.69773424
0.24422590, 1.0000000, 0.59502137, 2.8776436, 8.6358099, 9.5369663, 9.7690058, 9.8642263, 9.9409838, 19.993761, 19.998344, 19.990534, 19.923161, 0.27877113, 0.33634853, 0.34536439, 0.34768897, 0.34864172, 0.34940967, 0.34996879, 0.34999174, 0.34995267, 0.34961581, 0.59502137
0.22239409, 1.0000000, 0.51592058, 2.2607386, 7.0446434, 9.5144644, 9.7432814, 9.8442440, 9.9284239, 19.991711, 19.997618, 19.982035, 19.907804, 0.27259684, 0.32042667, 0.34513131, 0.34743008, 0.34844106, 0.34928375, 0.34995854, 0.34998810, 0.34991017, 0.34953901, 0.51592058
0.20140639, 1.0000000, 0.43987826, 1.7015666, 5.4603076, 9.4868555, 9.7217550, 9.8278503, 9.9176626, 19.989651, 19.996395, 19.970911, 19.895481, 0.26700240, 0.30457753, 0.34484634, 0.34721300, 0.34827620, 0.34917584, 0.34994826, 0.34998196, 0.34985456, 0.34947741, 0.43987826
0.18143676, 1.0000000, 0.36752447, 1.2111813, 3.8785915, 9.4612284, 9.7021008, 9.8133497, 9.9084148, 19.987726, 19.994389, 19.957924, 19.885925, 0.26210549, 0.28877378, 0.34459752, 0.34701797, 0.34813198, 0.34908363, 0.34993863, 0.34997195, 0.34978962, 0.34942964, 0.36752447
0.16517393, 1.0000000, 0.30860120, 0.79971552, 2.8851957, 8.8955002, 9.6832800, 9.8000231, 9.9003696, 19.985867, 19.991081, 19.944035, 19.878681, 0.25799280, 0.27884254, 0.33894047, 0.34682965, 0.34799862, 0.34900317, 0.34992933, 0.34995541, 0.34972018, 0.34939340, 0.30860120
0.15352291, 0.88786900, 0.26638734, 0.50436854, 2.4255724, 7.9843440, 9.6787462, 9.7953911, 9.8964663, 19.984259, 19.986040, 19.930195, 19.873272, 0.25504175, 0.27425015, 0.32983428, 0.34678525, 0.34795278, 0.34896427, 0.34992129, 0.34993020, 0.34965098, 0.34936637, 0.26638734
0.14231849, 0.75256348, 0.22579163, 0.26286244, 1.9687980, 7.0026903, 9.6604433, 9.7835970, 9.8904247, 19.982601, 19.979004, 19.917177, 19.869287, 0.25262678, 0.26967970, 0.32001218, 0.34660038, 0.34783390, 0.34890357, 0.34991300, 0.34989503, 0.34958589, 0.34934643, 0.22579163
0.13312978, 0.64159983, 0.19249921, 0.85851550E-1, 1.5979707, 6.1136146, 9.6556902, 9.7796087, 9.8875160, 19.980608, 19.969946, 19.905523, 19.866394, 0.25085828, 0.26597711, 0.31113121, 0.34655535, 0.34779528, 0.34887490, 0.34990305, 0.34984973, 0.34952763, 0.34933197, 0.19249921
0.12521833, 0.54606044, 0.16383453, 0.0000000, 1.2482107, 5.1946530, 9.6384087, 9.7687864, 9.8822279, 19.978025, 19.959164, 19.895521, 19.864271, 0.24998790, 0.26247570, 0.30193320, 0.34637913, 0.34768537, 0.34882146, 0.34989011, 0.34979582, 0.34947759, 0.34932137, 0.16383453
0.11890931, 0.46987221, 0.14097576, 0.0000000, 0.94574690, 4.2798376, 9.6202068, 9.7571211, 9.8764811, 19.974705, 19.947260, 19.887224, 19.862753, 0.24998790, 0.25945324, 0.29278877, 0.34619775, 0.34756902, 0.34876406, 0.34987351, 0.34973630, 0.34943610, 0.34931377, 0.14097576
0.11259735, 0.39364842, 0.11810634, 0.0000000, 0.66615343, 3.3236809, 9.5916529, 9.7388449, 9.8674774, 19.969934, 19.934856, 19.880516, 19.861660, 0.24998790, 0.25665462, 0.28321955, 0.34590659, 0.34738338, 0.34867308, 0.34984967, 0.34967428, 0.34940258, 0.34930831, 0.11810634
0.10708436, 0.32707316, 0.98131761E-1, 0.0000000, 0.40844083, 2.5936456, 9.1787491, 9.7061548, 9.8513193, 19.963785, 19.922665, 19.875235, 19.860872, 0.24998790, 0.25407892, 0.27591908, 0.34177518, 0.34705505, 0.34851098, 0.34981892, 0.34961331, 0.34937617, 0.34930438, 0.98131761E-1
0.10375024, 0.28681001, 0.86051613E-1, 0.0000000, 0.26037395, 2.1858244, 8.6642742, 9.7057409, 9.8486519, 19.956419, 19.911345, 19.871147, 19.860327, 0.24998790, 0.25260159, 0.27184924, 0.33663562, 0.34705341, 0.34848517, 0.34978211, 0.34955671, 0.34935573, 0.34930164, 0.86051613E-1
0.10066973, 0.24960937, 0.74890301E-1, 0.0000000, 0.14051795, 1.7924935, 8.1114368, 9.6921492, 9.8411741, 19.947477, 19.901146, 19.868008, 19.859926, 0.24998790, 0.25140479, 0.26792246, 0.33111212, 0.34692016, 0.34841129, 0.34973738, 0.34950572, 0.34934002, 0.34929964, 0.74890301E-1
0.98001108E-1, 0.21738289, 0.65221392E-1, 0.0000000, 0.57321787E-1, 1.4341861, 7.5206046, 9.6762257, 9.8321743, 19.937597, 19.892366, 19.865633, 19.859627, 0.24998790, 0.25057310, 0.26434034, 0.32520443, 0.34676120, 0.34832138, 0.34968799, 0.34946182, 0.34932816, 0.34929812, 0.65221392E-1
0.95505223E-1, 0.18724245, 0.56178354E-1, 0.0000000, 0.0000000, 1.0850132, 6.8403735, 9.6493521, 9.8172388, 19.926857, 19.884922, 19.863819, 19.859451, 0.24998790, 0.24998818, 0.26084983, 0.31840333, 0.34649324, 0.34817231, 0.34963429, 0.34942460, 0.34931910, 0.34929726, 0.56178354E-1
0.94371647E-1, 0.17355330, 0.52071199E-1, 0.0000000, 0.0000000, 0.90692341, 6.3439403, 9.6862698, 9.8302507, 19.916758, 19.878994, 19.862511, 19.859346, 0.24998790, 0.24998818, 0.25906494, 0.31343338, 0.34685811, 0.34830096, 0.34958380, 0.34939498, 0.34931254, 0.34929675, 0.52071199E-1
0.16731414, 1.0000000, 0.31635559, 2.6613026, 2.1332502, 4.7539754, 9.4591780, 9.7828331, 9.8694868, 19.907755, 19.874401, 19.861582, 19.859346, 0.27661258, 0.27133229, 0.29753953, 0.34459171, 0.34782827, 0.34869483, 0.34953877, 0.34937200, 0.34930789, 0.34929675, 0.31635559
0.15415677, 0.89552367, 0.26868397, 2.0864844, 1.8441916, 4.0301952, 9.6531200, 9.7895985, 9.8745623, 19.898359, 19.870522, 19.860859, 19.859299, 0.27086484, 0.26844192, 0.29030195, 0.34653121, 0.34789598, 0.34874561, 0.34949180, 0.34935260, 0.34930429, 0.34929651, 0.26868397
0.14292167, 0.75984752, 0.22797705, 1.5955955, 1.5748769, 3.4861047, 9.6790552, 9.7899408, 9.8745813, 19.890135, 19.867506, 19.860353, 19.859251, 0.26595595, 0.26574877, 0.28486106, 0.34679055, 0.34789941, 0.34874582, 0.34945068, 0.34933752, 0.34930176, 0.34929627, 0.22797705
0.13033640, 0.60786676, 0.18237828, 1.0550559, 1.2399226, 2.9524922, 9.5195503, 9.7664194, 9.8642426, 19.883207, 19.865238, 19.859993, 19.859222, 0.26055056, 0.26239923, 0.27952492, 0.34519550, 0.34766418, 0.34864241, 0.34941605, 0.34932619, 0.34929997, 0.34929612, 0.18237828
0.11981295, 0.48078465, 0.14424983, 0.61247349, 0.92516243, 2.5951238, 9.1335688, 9.7462854, 9.8535109, 19.876928, 19.863375, 19.859671, 19.859200, 0.25612450, 0.25925139, 0.27595091, 0.34133548, 0.34746274, 0.34853509, 0.34938464, 0.34931687, 0.34929836, 0.34929600, 0.14424983
0.11156245, 0.38115087, 0.11435670, 0.31087697, 0.65770149, 2.2332549, 8.6946049, 9.7256689, 9.8426666, 19.872076, 19.862043, 19.859489, 19.859169, 0.25310794, 0.25657594, 0.27233073, 0.33694461, 0.34725589, 0.34842640, 0.34936038, 0.34931022, 0.34929746, 0.34929585, 0.11435670
0.14982486, 0.84321094, 0.25298858, 1.7757982, 1.8678665, 4.0030122, 9.5198584, 9.7644587, 9.8552790, 19.868404, 19.861092, 19.859394, 19.859152, 0.26775593, 0.26867738, 0.29002875, 0.34519792, 0.34764427, 0.34855267, 0.34934202, 0.34930545, 0.34929699, 0.34929577, 0.25298858
0.14277767, 0.75810856, 0.22745532, 1.5153170, 1.7006308, 3.4676509, 9.6782217, 9.7921448, 9.8658295, 19.866114, 19.860561, 19.859383, 19.859152, 0.26515317, 0.26700631, 0.28467649, 0.34678221, 0.34792143, 0.34865829, 0.34933057, 0.34930280, 0.34929693, 0.34929577, 0.22745532
0.13456741, 0.65896082, 0.19770803, 1.1918932, 1.4796674, 3.0068991, 9.6891022, 9.7903852, 9.8654594, 19.864086, 19.860125, 19.859348, 19.859144, 0.26191124, 0.26479095, 0.28006318, 0.34688726, 0.34790194, 0.34865397, 0.34932044, 0.34930062, 0.34929675, 0.34929574, 0.19770803
0.12684867, 0.56574851, 0.16974153, 0.86688995, 1.2389570, 2.7593226, 9.4287271, 9.7802916, 9.8611975, 19.862282, 19.859720, 19.859301, 19.859127, 0.25866362, 0.26238507, 0.27758819, 0.34428385, 0.34780112, 0.34861138, 0.34931141, 0.34929860, 0.34929651, 0.34929565, 0.16974153
0.11961702, 0.47841856, 0.14353992, 0.57476461, 1.0043085, 2.5147259, 9.1357794, 9.7696190, 9.8561869, 19.860525, 19.859348, 19.859224, 19.859110, 0.25574398, 0.26003927, 0.27514246, 0.34135431, 0.34769434, 0.34856126, 0.34930262, 0.34929675, 0.34929612, 0.34929556, 0.14353992
0.11341070, 0.40347046, 0.12105324, 0.34606755, 0.79203546, 2.2682130, 8.8182087, 9.7587976, 9.8511677, 19.859222, 19.859072, 19.859152, 19.859087, 0.25345650, 0.25791463, 0.27267393, 0.33817571, 0.34758446, 0.34851047, 0.34929612, 0.34929535, 0.34929577, 0.34929544, 0.12105324
0.10797763, 0.33786029, 0.10136823, 0.16643405, 0.59715807, 2.0147383, 8.4667139, 9.7461300, 9.8454094, 19.858200, 19.858805, 19.859076, 19.859070, 0.25166261, 0.25596786, 0.27014109, 0.33466187, 0.34745824, 0.34845307, 0.34929100, 0.34929401, 0.34929538, 0.34929535, 0.10136823
0.10370149, 0.28622133, 0.85874990E-1, 0.50136447E-1, 0.43524206, 1.7686903, 8.0903997, 9.7334118, 9.8397970, 19.857540, 19.858635, 19.859011, 19.859051, 0.25050110, 0.25435105, 0.26768410, 0.33090144, 0.34733257, 0.34839746, 0.34928769, 0.34929317, 0.34929505, 0.34929526, 0.85874990E-1
0.10014397, 0.24326029, 0.72985388E-1, 0.0000000, 0.27820468, 1.4865249, 7.6270909, 9.7072067, 9.8284979, 19.856947, 19.858503, 19.858934, 19.859034, 0.24998742, 0.25278020, 0.26486033, 0.32626587, 0.34706888, 0.34828392, 0.34928474, 0.34929252, 0.34929466, 0.34929517, 0.72985388E-1
0.98065540E-1, 0.21816100, 0.65454848E-1, 0.0000000, 0.18102825, 1.2674004, 7.1828723, 9.7051706, 9.8265991, 19.856775, 19.858450, 19.858898, 19.859022, 0.24998742, 0.25180960, 0.26267165, 0.32182607, 0.34704992, 0.34826541, 0.34928387, 0.34929225, 0.34929448, 0.34929511, 0.65454848E-1
0.96487954E-1, 0.19911002, 0.59738979E-1, 0.0000000, 0.12006760, 1.0915488, 6.7639823, 9.7111588, 9.8284826, 19.856899, 19.858473, 19.858875, 19.859016, 0.24998742, 0.25119993, 0.26091203, 0.31763557, 0.34710851, 0.34828380, 0.34928450, 0.34929237, 0.34929436, 0.34929508, 0.59738979E-1
0.95115043E-1, 0.18253060, 0.54764654E-1, 0.0000000, 0.61270595E-1, 0.95009506, 6.3970871, 9.7201767, 9.8321247, 19.856564, 19.858379, 19.858828, 19.858997, 0.24998742, 0.25061205, 0.25949588, 0.31396404, 0.34719658, 0.34831950, 0.34928280, 0.34929189, 0.34929413, 0.34929499, 0.54764654E-1
0.94005883E-1, 0.16913626, 0.50745953E-1, 0.0000000, 0.30931830E-1, 0.81873536, 6.0200548, 9.7157822, 9.8308878, 19.856703, 19.858410, 19.858828, 19.858992, 0.24998742, 0.25030893, 0.25818214, 0.31019288, 0.34715164, 0.34830678, 0.34928352, 0.34929204, 0.34929413, 0.34929496, 0.50745953E-1
0.93349546E-1, 0.16121033, 0.48367936E-1, 0.0000000, 0.24110079E-1, 0.73446035, 5.7052841, 9.7327766, 9.8378401, 19.857212, 19.858545, 19.858828, 19.858992, 0.24998742, 0.25024092, 0.25734201, 0.30704880, 0.34732431, 0.34837723, 0.34928605, 0.34929273, 0.34929413, 0.34929496, 0.48367936E-1
0.92309631E-1, 0.14865218, 0.44600114E-1, 0.0000000, 0.0000000, 0.61028302, 5.3266411, 9.7088127, 9.8286610, 19.856720, 19.858372, 19.858768, 19.858974, 0.24998742, 0.24999499, 0.25609776, 0.30325755, 0.34708005, 0.34828389, 0.34928361, 0.34929186, 0.34929383, 0.34929487, 0.44600114E-1
0.91766037E-1, 0.14208773, 0.42630583E-1, 0.0000000, 0.0000000, 0.53711236, 5.0209045, 9.7337646, 9.8375425, 19.856564, 19.858307, 19.858757, 19.858955, 0.24998742, 0.24999499, 0.25536764, 0.30020252, 0.34733135, 0.34837332, 0.34928280, 0.34929153, 0.34929377, 0.34929478, 0.42630583E-1
0.90965807E-1, 0.13242407, 0.39731197E-1, 0.0000000, 0.0000000, 0.42581558, 4.6322160, 9.6955128, 9.8230190, 19.855890, 19.858112, 19.858673, 19.858940, 0.24998742, 0.24999499, 0.25425521, 0.29631576, 0.34694842, 0.34822792, 0.34927946, 0.34929055, 0.34929335, 0.34929469, 0.39731197E-1
0.90252616E-1, 0.12381152, 0.37147172E-1, 0.0000000, 0.0000000, 0.33712387, 4.2215724, 9.6853304, 9.8176365, 19.855642, 19.858028, 19.858614, 19.858923, 0.24998742, 0.24999499, 0.25336713, 0.29220545, 0.34684151, 0.34817237, 0.34927821, 0.34929013, 0.34929305, 0.34929460, 0.37147172E-1
0.89566827E-1, 0.11552984, 0.34662418E-1, 0.0000000, 0.0000000, 0.26149452, 3.7809422, 9.6698599, 9.8105764, 19.855736, 19.858046, 19.858614, 19.858923, 0.24998742, 0.24999499, 0.25261062, 0.28779691, 0.34668258, 0.34810033, 0.34927869, 0.34929022, 0.34929305, 0.34929460, 0.34662418E-1
0.88798694E-1, 0.10625384, 0.31879339E-1, 0.0000000, 0.0000000, 0.18303692, 3.2642455, 9.6354465, 9.7950411, 19.855581, 19.858000, 19.858566, 19.858923, 0.24998742, 0.24999499, 0.25182757, 0.28263250, 0.34633976, 0.34794542, 0.34927791, 0.34929001, 0.34929281, 0.34929460, 0.31879339E-1
0.88188075E-1, 0.98879941E-1, 0.29666949E-1, 0.0000000, 0.0000000, 0.12174249, 2.9403865, 9.4210615, 9.7890816, 19.855429, 19.857941, 19.858566, 19.858923, 0.24998742, 0.24999499, 0.25121590, 0.27939647, 0.34419876, 0.34788671, 0.34927714, 0.34928972, 0.34929281, 0.34929460, 0.29666949E-1
0.87665468E-1, 0.92568837E-1, 0.27773429E-1, 0.0000000, 0.0000000, 0.72687864E-1, 2.7567863, 9.0181522, 9.7793636, 19.855358, 19.857929, 19.858566, 19.858923, 0.24998742, 0.24999499, 0.25072616, 0.27756250, 0.34017274, 0.34779045, 0.34927678, 0.34928966, 0.34929281, 0.34929460, 0.27773429E-1
0.87186091E-1, 0.86779892E-1, 0.26036572E-1, 0.0000000, 0.0000000, 0.32332540E-1, 2.5809259, 8.6190825, 9.7746754, 19.855116, 19.857872, 19.858561, 19.858923, 0.24998742, 0.24999499, 0.25032267, 0.27579865, 0.33617312, 0.34774005, 0.34927559, 0.34928936, 0.34929281, 0.34929460, 0.26036572E-1
0.86776517E-1, 0.81833825E-1, 0.24552602E-1, 0.0000000, 0.0000000, 0.32126904E-2, 2.4215698, 8.2400780, 9.7759399, 19.854927, 19.857836, 19.858561, 19.858923, 0.24998742, 0.24999499, 0.25003204, 0.27420169, 0.33237693, 0.34774998, 0.34927464, 0.34928918, 0.34929281, 0.34929460, 0.24552602E-1
0.86475141E-1, 0.78194410E-1, 0.23460669E-1, 0.0000000, 0.0000000, 0.0000000, 2.2639573, 7.8576713, 9.7736835, 19.854786, 19.857811, 19.858561, 19.858923, 0.24998742, 0.24999499, 0.24999906, 0.27263194, 0.32856345, 0.34773135, 0.34927392, 0.34928906, 0.34929281, 0.34929460, 0.23460669E-1
0.86208031E-1, 0.74968748E-1, 0.22492874E-1, 0.0000000, 0.0000000, 0.0000000, 2.1212907, 7.4974842, 9.7753019, 19.854650, 19.857777, 19.858555, 19.858923, 0.24998742, 0.24999499, 0.24999906, 0.27120483, 0.32496056, 0.34774682, 0.34927326, 0.34928888, 0.34929278, 0.34929460, 0.22492874E-1
0.85925519E-1, 0.71557060E-1, 0.21469265E-1, 0.0000000, 0.0000000, 0.0000000, 1.9711941, 7.1181803, 9.7689772, 19.854366, 19.857698, 19.858551, 19.858923, 0.24998742, 0.24999499, 0.24999906, 0.26970202, 0.32116386, 0.34768158, 0.34927183, 0.34928849, 0.34929276, 0.34929460, 0.21469265E-1
0.85654944E-1, 0.68289652E-1, 0.20488946E-1, 0.0000000, 0.0000000, 0.0000000, 1.8306792, 6.7453771, 9.7669401, 19.854225, 19.857641, 19.858555, 19.858923, 0.24998742, 0.24999499, 0.24999906, 0.26829934, 0.31744003, 0.34766278, 0.34927112, 0.34928820, 0.34929278, 0.34929460, 0.20488946E-1
0.85384220E-1, 0.65020323E-1, 0.19508049E-1, 0.0000000, 0.0000000, 0.0000000, 1.6926557, 6.3682251, 9.7625504, 19.854124, 19.857590, 19.858561, 19.858923, 0.24998742, 0.24999499, 0.24999906, 0.26692095, 0.31367171, 0.34762010, 0.34927061, 0.34928796, 0.34929281, 0.34929460, 0.19508049E-1
0.85108221E-1, 0.61687332E-1, 0.18508051E-1, 0.0000000, 0.0000000, 0.0000000, 1.5560776, 5.9766340, 9.7559090, 19.854286, 19.857622, 19.858566, 19.858923, 0.24998742, 0.24999499, 0.24999906, 0.26555595, 0.30975708, 0.34755406, 0.34927142, 0.34928811, 0.34929281, 0.34929460, 0.18508051E-1
0.84917098E-1, 0.59379347E-1, 0.17815586E-1, 0.0000000, 0.0000000, 0.0000000, 1.4690250, 5.6812143, 9.7751207, 19.854939, 19.857794, 19.858566, 19.858923, 0.24998742, 0.24999499, 0.24999906, 0.26468891, 0.30680951, 0.34774971, 0.34927469, 0.34928897, 0.34929281, 0.34929460, 0.17815586E-1
0.84701836E-1, 0.56779828E-1, 0.17035652E-1, 0.0000000, 0.0000000, 0.0000000, 1.3676584, 5.3650665, 9.7703590, 19.855192, 19.857883, 19.858566, 19.858923, 0.24998742, 0.24999499, 0.24999906, 0.26367643, 0.30365035, 0.34770337, 0.34927595, 0.34928942, 0.34929281, 0.34929460, 0.17035652E-1
0.84476441E-1, 0.54057911E-1, 0.16218996E-1, 0.0000000, 0.0000000, 0.0000000, 1.2615710, 5.0379753, 9.7644587, 19.854910, 19.857822, 19.858561, 19.858923, 0.24998742, 0.24999499, 0.24999906, 0.26260832, 0.30036497, 0.34763506, 0.34927455, 0.34928912, 0.34929281, 0.34929460, 0.16218996E-1
0.84197842E-1, 0.50693542E-1, 0.15209584E-1, 0.0000000, 0.0000000, 0.0000000, 1.1317164, 4.6304874, 9.7390614, 19.854845, 19.857822, 19.858566, 19.858923, 0.24998742, 0.24999499, 0.24999906, 0.26131594, 0.29630238, 0.34738886, 0.34927422, 0.34928912, 0.34929281, 0.34929460, 0.15209584E-1
0.83927192E-1, 0.47425084E-1, 0.14228948E-1, 0.0000000, 0.0000000, 0.0000000, 1.0134757, 4.2164598, 9.7291508, 19.855076, 19.857893, 19.858566, 19.858923, 0.24998742, 0.24999499, 0.24999906, 0.26013368, 0.29216236, 0.34728977, 0.34927538, 0.34928948, 0.34929281, 0.34929460, 0.14228948E-1
0.83665334E-1, 0.44262923E-1, 0.13280205E-1, 0.0000000, 0.0000000, 0.0000000, 0.90283751, 3.8064747, 9.7244196, 19.855158, 19.857929, 19.858566, 19.858923, 0.24998742, 0.24999499, 0.24999906, 0.25902805, 0.28806406, 0.34724364, 0.34927580, 0.34928966, 0.34929281, 0.34929460, 0.13280205E-1
0.83480939E-1, 0.42036161E-1, 0.12612110E-1, 0.0000000, 0.0000000, 0.0000000, 0.82885027, 3.5008130, 9.7491121, 19.854994, 19.857893, 19.858561, 19.858923, 0.24998742, 0.24999499, 0.24999906, 0.25828820, 0.28500748, 0.34749052, 0.34927496, 0.34928948, 0.34929281, 0.34929460, 0.12612110E-1
0.83303221E-1, 0.39889984E-1, 0.11968192E-1, 0.0000000, 0.0000000, 0.0000000, 0.75396597, 3.2207551, 9.7561045, 19.854298, 19.857704, 19.858534, 19.858923, 0.24998742, 0.24999499, 0.24999906, 0.25753570, 0.28219905, 0.34755248, 0.34927148, 0.34928852, 0.34929267, 0.34929460, 0.11968192E-1
0.83133578E-1, 0.37841428E-1, 0.11353564E-1, 0.0000000, 0.0000000, 0.0000000, 0.67669749, 2.9888301, 9.6862116, 19.853848, 19.857552, 19.858545, 19.858923, 0.24998742, 0.24999499, 0.24999906, 0.25676313, 0.27987984, 0.34685296, 0.34926924, 0.34928775, 0.34929273, 0.34929460, 0.11353564E-1
0.82965463E-1, 0.35811245E-1, 0.10744449E-1, 0.0000000, 0.0000000, 0.0000000, 0.58977306, 2.8233767, 9.4845715, 19.853407, 19.857433, 19.858534, 19.858904, 0.24998742, 0.24999499, 0.24999906, 0.25589493, 0.27822706, 0.34483820, 0.34926704, 0.34928715, 0.34929267, 0.34929451, 0.10744449E-1
0.82783110E-1, 0.33609070E-1, 0.10083729E-1, 0.0000000, 0.0000000, 0.0000000, 0.50125420, 2.6377053, 9.2525949, 19.853142, 19.857386, 19.858534, 19.858881, 0.24998742, 0.24999499, 0.24999906, 0.25500914, 0.27636808, 0.34251547, 0.34926569, 0.34928691, 0.34929267, 0.34929439, 0.10083729E-1
0.82623117E-1, 0.31677030E-1, 0.95040593E-2, 0.0000000, 0.0000000, 0.0000000, 0.42948723, 2.4689345, 9.0301199, 19.853413, 19.857471, 19.858566, 19.858875, 0.24998742, 0.24999499, 0.24999906, 0.25429171, 0.27468026, 0.34029013, 0.34926707, 0.34928736, 0.34929281, 0.34929436, 0.95040593E-2
0.82493685E-1, 0.30113971E-1, 0.90350946E-2, 0.0000000, 0.0000000, 0.0000000, 0.37377179, 2.3303628, 8.8369417, 19.853731, 19.857553, 19.858566, 19.858875, 0.24998742, 0.24999499, 0.24999906, 0.25373748, 0.27330285, 0.33836845, 0.34926865, 0.34928778, 0.34929281, 0.34929436, 0.90350946E-2
0.82351588E-1, 0.28398033E-1, 0.85202623E-2, 0.0000000, 0.0000000, 0.0000000, 0.31498075, 2.1776199, 8.6202040, 19.853720, 19.857538, 19.858551, 19.858875, 0.24998742, 0.24999499, 0.24999906, 0.25314865, 0.27177221, 0.33619675, 0.34926862, 0.34928769, 0.34929276, 0.34929436, 0.85202623E-2
0.82238950E-1, 0.27037757E-1, 0.81121381E-2, 0.0000000, 0.0000000, 0.0000000, 0.26768446, 2.0600052, 8.4441824, 19.853464, 19.857458, 19.858545, 19.858875, 0.24998742, 0.24999499, 0.24999906, 0.25267419, 0.27058989, 0.33442792, 0.34926730, 0.34928730, 0.34929273, 0.34929436, 0.81121381E-2
0.82101010E-1, 0.25371971E-1, 0.76123527E-2, 0.0000000, 0.0000000, 0.0000000, 0.21351874, 1.9098699, 8.2179337, 19.853012, 19.857363, 19.858515, 19.858875, 0.24998742, 0.24999499, 0.24999906, 0.25213367, 0.26909184, 0.33216950, 0.34926507, 0.34928682, 0.34929258, 0.34929436, 0.76123527E-2
0.81997477E-1, 0.24121758E-1, 0.72372514E-2, 0.0000000, 0.0000000, 0.0000000, 0.16695857, 1.8073201, 8.0561485, 19.851969, 19.857122, 19.858473, 19.858845, 0.24998742, 0.24999499, 0.24999906, 0.25166783, 0.26806360, 0.33054724, 0.34925985, 0.34928560, 0.34929237, 0.34929422, 0.72372514E-2
0.81890695E-1, 0.22832222E-1, 0.68503520E-2, 0.0000000, 0.0000000, 0.0000000, 0.12213290, 1.6976863, 7.8787527, 19.851126, 19.856894, 19.858425, 19.858828, 0.24998742, 0.24999499, 0.24999906, 0.25122029, 0.26696965, 0.32877636, 0.34925562, 0.34928447, 0.34929213, 0.34929413, 0.68503520E-2
0.81761040E-1, 0.21266496E-1, 0.63805869E-2, 0.0000000, 0.0000000, 0.0000000, 0.78603625E-1, 1.5518278, 7.6356030, 19.850637, 19.856785, 19.858398, 19.858828, 0.24998742, 0.24999499, 0.24999906, 0.25078574, 0.26551536, 0.32635123, 0.34925318, 0.34928393, 0.34929198, 0.34929413, 0.63805869E-2
0.81640407E-1, 0.19809721E-1, 0.59435107E-2, 0.0000000, 0.0000000, 0.0000000, 0.41750073E-1, 1.4147639, 7.3940320, 19.850300, 19.856680, 19.858368, 19.858828, 0.24998742, 0.24999499, 0.24999906, 0.25041729, 0.26414409, 0.32393417, 0.34925151, 0.34928340, 0.34929183, 0.34929413, 0.59435107E-2
0.81546105E-1, 0.18670939E-1, 0.56018420E-2, 0.0000000, 0.0000000, 0.0000000, 0.26851892E-2, 1.3218850, 7.2255287, 19.849222, 19.856409, 19.858309, 19.858828, 0.24998742, 0.24999499, 0.24999906, 0.25002682, 0.26321140, 0.32224169, 0.34924611, 0.34928206, 0.34929153, 0.34929413, 0.56018420E-2
0.81458777E-1, 0.17616374E-1, 0.52854409E-2, 0.0000000, 0.0000000, 0.0000000, 0.0000000, 1.1946291, 6.9926286, 19.847414, 19.855925, 19.858177, 19.858805, 0.24998742, 0.24999499, 0.24999906, 0.24999996, 0.26193491, 0.31990409, 0.34923708, 0.34927961, 0.34929088, 0.34929401, 0.52854409E-2
0.81368648E-1, 0.16527917E-1, 0.49588713E-2, 0.0000000, 0.0000000, 0.0000000, 0.0000000, 1.0621071, 6.7352910, 19.845852, 19.855478, 19.858061, 19.858768, 0.24998742, 0.24999499, 0.24999906, 0.24999996, 0.26061350, 0.31733692, 0.34922928, 0.34927738, 0.34929031, 0.34929383, 0.49588713E-2
0.81282057E-1, 0.15482259E-1, 0.46451422E-2, 0.0000000, 0.0000000, 0.0000000, 0.0000000, 0.93973875, 6.4773936, 19.845091, 19.855259, 19.858036, 19.858757, 0.24998742, 0.24999499, 0.24999906, 0.24999996, 0.25938544, 0.31474653, 0.34922546, 0.34927630, 0.34929019, 0.34929377, 0.46451422E-2
0.81182763E-1, 0.14283153E-1, 0.42853747E-2, 0.0000000, 0.0000000, 0.0000000, 0.0000000, 0.80175698, 6.1730103, 19.843372, 19.854818, 19.857931, 19.858757, 0.24998742, 0.24999499, 0.24999906, 0.24999996, 0.25800404, 0.31169537, 0.34921688, 0.34927410, 0.34928966, 0.34929377, 0.42853747E-2
0.81092738E-1, 0.13196039E-1, 0.39592078E-2, 0.0000000, 0.0000000, 0.0000000, 0.0000000, 0.68075955, 5.8813043, 19.842199, 19.854504, 19.857843, 19.858757, 0.24998742, 0.24999499, 0.24999906, 0.24999996, 0.25679880, 0.30878773, 0.34921101, 0.34927252, 0.34928921, 0.34929377, 0.39592078E-2
0.81011839E-1, 0.12219053E-1, 0.36660824E-2, 0.0000000, 0.0000000, 0.0000000, 0.0000000, 0.57680011, 5.6055431, 19.841635, 19.854362, 19.857796, 19.858757, 0.24998742, 0.24999499, 0.24999906, 0.24999996, 0.25576195, 0.30603579, 0.34920818, 0.34927180, 0.34928897, 0.34929377, 0.36660824E-2
0.80939896E-1, 0.11350267E-1, 0.34054206E-2, 0.0000000, 0.0000000, 0.0000000, 0.0000000, 0.48977137, 5.3440824, 19.842047, 19.854446, 19.857824, 19.858757, 0.24998742, 0.24999499, 0.24999906, 0.24999996, 0.25489387, 0.30342680, 0.34921023, 0.34927222, 0.34928912, 0.34929377, 0.34054206E-2
0.80854222E-1, 0.10315713E-1, 0.30950236E-2, 0.0000000, 0.0000000, 0.0000000, 0.0000000, 0.39296746, 5.0122948, 19.842371, 19.854509, 19.857838, 19.858757, 0.24998742, 0.24999499, 0.24999906, 0.24999996, 0.25392810, 0.30011618, 0.34921187, 0.34927255, 0.34928918, 0.34929377, 0.30950236E-2
0.80775827E-1, 0.93689431E-2, 0.28109641E-2, 0.0000000, 0.0000000, 0.0000000, 0.0000000, 0.31093955, 4.6911263, 19.842878, 19.854633, 19.857849, 19.858757, 0.24998742, 0.24999499, 0.24999906, 0.24999996, 0.25310689, 0.29689860, 0.34921438, 0.34927318, 0.34928924, 0.34929377, 0.28109641E-2
0.80699407E-1, 0.84461272E-2, 0.25340915E-2, 0.0000000, 0.0000000, 0.0000000, 0.0000000, 0.23846030, 4.3556986, 19.843658, 19.854866, 19.857895, 19.858757, 0.24998742, 0.24999499, 0.24999906, 0.24999996, 0.25238141, 0.29353759, 0.34921831, 0.34927434, 0.34928948, 0.34929377, 0.25340915E-2
0.80634594E-1, 0.76633976E-2, 0.22992492E-2, 0.0000000, 0.0000000, 0.0000000, 0.0000000, 0.18467307, 4.0449457, 19.845280, 19.855295, 19.858025, 19.858757, 0.24998742, 0.24999499, 0.24999906, 0.24999996, 0.25184628, 0.29044613, 0.34922642, 0.34927648, 0.34929013, 0.34929377, 0.22992492E-2
0.80563262E-1, 0.68020131E-2, 0.20408081E-2, 0.0000000, 0.0000000, 0.0000000, 0.0000000, 0.13051629, 3.6905749, 19.846010, 19.855490, 19.858120, 19.858757, 0.24998742, 0.24999499, 0.24999906, 0.24999996, 0.25130475, 0.28690192, 0.34923005, 0.34927744, 0.34929061, 0.34929377, 0.20408081E-2
0.80527708E-1, 0.63726744E-2, 0.19119935E-2, 0.0000000, 0.0000000, 0.0000000, 0.0000000, 0.10749996, 3.5027943, 19.847790, 19.855972, 19.858208, 19.858757, 0.24998742, 0.24999499, 0.24999906, 0.24999996, 0.25107405, 0.28501773, 0.34923893, 0.34927985, 0.34929103, 0.34929377, 0.19119935E-2
0.80498934E-1, 0.60251942E-2, 0.18077390E-2, 0.0000000, 0.0000000, 0.0000000, 0.0000000, 0.89010596E-1, 3.3484466, 19.849049, 19.856297, 19.858273, 19.858757, 0.24993961, 0.24999499, 0.24999906, 0.24999996, 0.25089011, 0.28348446, 0.34924525, 0.34928149, 0.34929135, 0.34929377, 0.18077390E-2
0.80448985E-1, 0.54220250E-2, 0.16267702E-2, 0.0000000, 0.0000000, 0.0000000, 0.0000000, 0.63067675E-1, 3.0658126, 19.849993, 19.856516, 19.858307, 19.858757, 0.24993961, 0.24999499, 0.24999906, 0.24999996, 0.25062990, 0.28064570, 0.34924996, 0.34928256, 0.34929153, 0.34929377, 0.16267702E-2
0.80388471E-1, 0.46912758E-2, 0.14075235E-2, 0.0000000, 0.0000000, 0.0000000, 0.0000000, 0.32979250E-1, 2.7161093, 19.833954, 19.856468, 19.858294, 19.858757, 0.24993961, 0.24999499, 0.24999906, 0.24999996, 0.25032979, 0.27716109, 0.34916976, 0.34928232, 0.34929147, 0.34929377, 0.14075235E-2
0.82493708E-1, 0.30114228E-1, 0.90351719E-2, 0.15389621, 0.0000000, 0.0000000, 0.0000000, 0.22250414E-1, 2.6533871, 19.807592, 19.856627, 19.858324, 19.858757, 0.25153503, 0.24999499, 0.24999906, 0.24999996, 0.25022247, 0.27653319, 0.34903795, 0.34928313, 0.34929162, 0.34929377, 0.90351719E-2
0.80348685E-1, 0.42107520E-2, 0.12633519E-2, 0.0000000, 0.0000000, 0.0000000, 0.0000000, 0.45895576E-3, 2.5264053, 19.779053, 19.856268, 19.858208, 19.858757, 0.24996911, 0.24999499, 0.24999906, 0.24999996, 0.25000459, 0.27525327, 0.34889525, 0.34928134, 0.34929103, 0.34929377, 0.12633519E-2
0.80322772E-1, 0.38978187E-2, 0.11694626E-2, 0.0000000, 0.0000000, 0.0000000, 0.0000000, 0.0000000, 2.3400724, 19.751587, 19.856226, 19.858200, 19.858757, 0.24996911, 0.24999499, 0.24999906, 0.24999996, 0.24999999, 0.27338925, 0.34875792, 0.34928113, 0.34929100, 0.34929377, 0.11694626E-2
0.80295816E-1, 0.35723157E-2, 0.10718019E-2, 0.0000000, 0.0000000, 0.0000000, 0.0000000, 0.0000000, 2.1440001, 19.723488, 19.856060, 19.858171, 19.858757, 0.24996911, 0.24999499, 0.24999906, 0.24999996, 0.24999999, 0.27143604, 0.34861743, 0.34928030, 0.34929085, 0.34929377, 0.10718019E-2
0.80265321E-1, 0.32040451E-2, 0.96130971E-3, 0.0000000, 0.0000000, 0.0000000, 0.0000000, 0.0000000, 1.9230992, 19.696341, 19.856173, 19.858189, 19.858757, 0.24996911, 0.24999499, 0.24999906, 0.24999996, 0.24999999, 0.26922619, 0.34848171, 0.34928086, 0.34929094, 0.34929377, 0.96130971E-3
0.80242701E-1, 0.29308549E-2, 0.87934441E-3, 0.0000000, 0.0000000, 0.0000000, 0.0000000, 0.0000000, 1.7587870, 19.669867, 19.856390, 19.858225, 19.858757, 0.24996911, 0.24999499, 0.24999906, 0.24999996, 0.24999999, 0.26758689, 0.34834933, 0.34928197, 0.34929112, 0.34929377, 0.87934441E-3
0.80211900E-1, 0.25589741E-2, 0.76776900E-3, 0.0000000, 0.0000000, 0.0000000, 0.0000000, 0.0000000, 1.5356600, 19.643578, 19.856571, 19.858278, 19.858757, 0.24996911, 0.24999499, 0.24999906, 0.24999996, 0.24999999, 0.26535538, 0.34821790, 0.34928286, 0.34929138, 0.34929377, 0.76776900E-3
0.80189489E-1, 0.22882866E-2, 0.68655465E-3, 0.0000000, 0.0000000, 0.0000000, 0.0000000, 0.0000000, 1.3731092, 19.615152, 19.856237, 19.858194, 19.858757, 0.24996911, 0.24999499, 0.24999906, 0.24999996, 0.24999999, 0.26373109, 0.34807575, 0.34928119, 0.34929097, 0.34929377, 0.68655465E-3
0.80162920E-1, 0.19674767E-2, 0.59030205E-3, 0.0000000, 0.0000000, 0.0000000, 0.0000000, 0.0000000, 1.1818796, 19.584480, 19.855499, 19.858021, 19.858709, 0.24996911, 0.24999499, 0.24999906, 0.24999996, 0.24999999, 0.26180604, 0.34792238, 0.34927750, 0.34929010, 0.34929353, 0.59030205E-3
0.80131099E-1, 0.15832143E-2, 0.47501180E-3, 0.0000000, 0.0000000, 0.0000000, 0.0000000, 0.0000000, 0.95127821, 19.554508, 19.855169, 19.857954, 19.858709, 0.24996911, 0.24999499, 0.24999906, 0.24999996, 0.24999999, 0.25950024, 0.34777254, 0.34927586, 0.34928977, 0.34929353, 0.47501180E-3
0.81322387E-1, 0.15969235E-1, 0.47912500E-2, 0.87761879E-1, 0.0000000, 0.0000000, 0.0000000, 0.0000000, 0.92296004, 19.527117, 19.855515, 19.858072, 19.858709, 0.25086597, 0.24999499, 0.24999906, 0.24999996, 0.24999999, 0.25922838, 0.34763557, 0.34927756, 0.34929037, 0.34929353, 0.47912500E-2
0.91274716E-1, 0.13615447, 0.40850427E-1, 0.80851912, 0.0000000, 0.0000000, 0.0000000, 0.0000000, 0.91271400, 19.499243, 19.855642, 19.858131, 19.858709, 0.25807881, 0.24999499, 0.24999906, 0.24999996, 0.24999999, 0.25912708, 0.34749621, 0.34927821, 0.34929067, 0.34929353, 0.40850427E-1
0.82369708E-1, 0.28616773E-1, 0.85858908E-2, 0.16324818, 0.0000000, 0.0000000, 0.0000000, 0.0000000, 0.89347959, 19.468821, 19.855181, 19.857990, 19.858709, 0.25162783, 0.24999499, 0.24999906, 0.24999996, 0.24999999, 0.25893453, 0.34734410, 0.34927589, 0.34928995, 0.34929353, 0.85858908E-2
0.80086038E-1, 0.10389938E-2, 0.31172932E-3, 0.0000000, 0.0000000, 0.0000000, 0.0000000, 0.0000000, 0.62431395, 19.438379, 19.854841, 19.857918, 19.858698, 0.24962054, 0.24999499, 0.24999906, 0.24999996, 0.24999999, 0.25623459, 0.34719190, 0.34927422, 0.34928960, 0.34929350, 0.31172932E-3
0.80060422E-1, 0.72967663E-3, 0.21892489E-3, 0.0000000, 0.0000000, 0.0000000, 0.0000000, 0.0000000, 0.43818355, 19.410778, 19.855232, 19.858042, 19.858709, 0.24962054, 0.24999499, 0.24999906, 0.24999996, 0.24999999, 0.25437850, 0.34705389, 0.34927616, 0.34929019, 0.34929353, 0.21892489E-3
0.80034085E-1, 0.41158852E-3, 0.12348891E-3, 0.0000000, 0.0000000, 0.0000000, 0.0000000, 0.0000000, 0.24729967, 19.378365, 19.854446, 19.857822, 19.858675, 0.24962054, 0.24999499, 0.24999906, 0.24999996, 0.24999999, 0.25246978, 0.34689182, 0.34927222, 0.34928912, 0.34929338, 0.12348891E-3
0.80007225E-1, 0.87282278E-4, 0.26187303E-4, 0.0000000, 0.0000000, 0.0000000, 0.0000000, 0.0000000, 0.54422021E-1, 19.346895, 19.854109, 19.857738, 19.858709, 0.24962054, 0.24999499, 0.24999906, 0.24999996, 0.24999999, 0.25052375, 0.34673387, 0.34927040, 0.34928867, 0.34929353, 0.26187303E-4
0.79999998E-1, 0.0000000, 0.0000000, 0.0000000, 0.0000000, 0.0000000, 0.0000000, 0.0000000, 0.0000000, 19.315342, 19.853849, 19.857672, 19.858692, 0.24962054, 0.24999499, 0.24999906, 0.24999996, 0.24999999, 0.24999377, 0.34657672, 0.34926924, 0.34928834, 0.34929347, 0.0000000
0.79999998E-1, 0.0000000, 0.0000000, 0.0000000, 0.0000000, 0.0000000, 0.0000000, 0.0000000, 0.0000000, 19.284155, 19.853756, 19.857649, 19.858698, 0.24962054, 0.24999499, 0.24999906, 0.24999996, 0.24999999, 0.24999377, 0.34642076, 0.34926879, 0.34928825, 0.34929350, 0.0000000
0.79999998E-1, 0.0000000, 0.0000000, 0.0000000, 0.0000000, 0.0000000, 0.0000000, 0.0000000, 0.0000000, 19.254093, 19.853951, 19.857719, 19.858709, 0.24962054, 0.24999499, 0.24999906, 0.24999996, 0.24999999, 0.24999377, 0.34627047, 0.34926975, 0.34928858, 0.34929353, 0.0000000
0.79999998E-1, 0.0000000, 0.0000000, 0.0000000, 0.0000000, 0.0000000, 0.0000000, 0.0000000, 0.0000000, 19.225866, 19.854464, 19.857838, 19.858709, 0.24962054, 0.24999499, 0.24999906, 0.24999996, 0.24999999, 0.24999377, 0.34612933, 0.34927231, 0.34928918, 0.34929353, 0.0000000
0.13148613, 0.62175095, 0.18654394, 2.6430070, 1.8140793, 0.0000000, 0.0000000, 0.0000000, 0.0000000, 19.195641, 19.854399, 19.857807, 19.858704, 0.27642545, 0.26813889, 0.24999906, 0.24999996, 0.24999999, 0.24999377, 0.34597820, 0.34927198, 0.34928903, 0.34929353, 0.18654394
0.11300554, 0.39857778, 0.11958529, 1.6034365, 1.3139158, 0.0000000, 0.0000000, 0.0000000, 0.0000000, 19.162363, 19.853674, 19.857622, 19.858669, 0.26603374, 0.26313886, 0.24999906, 0.24999996, 0.24999999, 0.24999377, 0.34581181, 0.34926838, 0.34928811, 0.34929335, 0.11958529
0.96999913E-1, 0.20529246, 0.61593898E-1, 0.72310269, 0.84998906, 0.0000000, 0.0000000, 0.0000000, 0.0000000, 19.129145, 19.853180, 19.857506, 19.858683, 0.25722247, 0.25849384, 0.24999906, 0.24999996, 0.24999999, 0.24999377, 0.34564573, 0.34926590, 0.34928754, 0.34929341, 0.61593898E-1
0.85682921E-1, 0.68627492E-1, 0.20590307E-1, 0.12870729, 0.47274232, 0.0000000, 0.0000000, 0.0000000, 0.0000000, 19.097855, 19.853273, 19.857555, 19.858709, 0.25128472, 0.25472224, 0.24999906, 0.24999996, 0.24999999, 0.24999377, 0.34548926, 0.34926635, 0.34928778, 0.34929353, 0.20590307E-1
0.79999998E-1, 0.0000000, 0.0000000, 0.0000000, 0.0000000, 0.0000000, 0.0000000, 0.0000000, 0.0000000, 19.066210, 19.853243, 19.857553, 19.858688, 0.24992244, 0.24993014, 0.24999906, 0.24999996, 0.24999999, 0.24999377, 0.34533104, 0.34926623, 0.34928778, 0.34929344, 0.0000000
0.79999998E-1, 0.0000000, 0.0000000, 0.0000000, 0.0000000, 0.0000000, 0.0000000, 0.0000000, 0.0000000, 19.031456, 19.852554, 19.857370, 19.858646, 0.24992244, 0.24993014, 0.24999906, 0.24999996, 0.24999999, 0.24999377, 0.34515727, 0.34926277, 0.34928685, 0.34929323, 0.0000000
0.79999998E-1, 0.0000000, 0.0000000, 0.0000000, 0.0000000, 0.0000000, 0.0000000, 0.0000000, 0.0000000, 18.996992, 19.852142, 19.857265, 19.858646, 0.24992244, 0.24993014, 0.24999906, 0.24999996, 0.24999999, 0.24999377, 0.34498495, 0.34926072, 0.34928632, 0.34929323, 0.0000000
0.79999998E-1, 0.0000000, 0.0000000, 0.0000000, 0.0000000, 0.0000000, 0.0000000, 0.0000000, 0.0000000, 18.963961, 19.852171, 19.857265, 19.858664, 0.24992244, 0.24993014, 0.24999906, 0.24999996, 0.24999999, 0.24999377, 0.34481981, 0.34926087, 0.34928632, 0.34929332, 0.0000000
0.79999998E-1, 0.0000000, 0.0000000, 0.0000000, 0.0000000, 0.0000000, 0.0000000, 0.0000000, 0.0000000, 18.932978, 19.852650, 19.857384, 19.858709, 0.24992244, 0.24993014, 0.24999906, 0.24999996, 0.24999999, 0.24999377, 0.34466487, 0.34926325, 0.34928691, 0.34929353, 0.0000000
0.10268692, 0.27396920, 0.82198985E-1, 1.6440660, 0.0000000, 0.0000000, 0.0000000, 0.0000000, 0.0000000, 18.902515, 19.853096, 19.857502, 19.858709, 0.26643980, 0.24993014, 0.24999906, 0.24999996, 0.24999999, 0.24999377, 0.34451258, 0.34926549, 0.34928751, 0.34929353, 0.82198985E-1
0.88024944E-1, 0.96909948E-1, 0.29075893E-1, 0.58175623, 0.0000000, 0.0000000, 0.0000000, 0.0000000, 0.0000000, 18.869450, 19.852812, 19.857435, 19.858669, 0.25581518, 0.24993014, 0.24999906, 0.24999996, 0.24999999, 0.24999377, 0.34434724, 0.34926406, 0.34928718, 0.34929335, 0.29075893E-1
0.81486173E-1, 0.17947152E-1, 0.53846841E-2, 0.10788441, 0.0000000, 0.0000000, 0.0000000, 0.0000000, 0.0000000, 18.839123, 19.853195, 19.857573, 19.858709, 0.25107694, 0.24993014, 0.24999906, 0.24999996, 0.24999999, 0.24999377, 0.34419560, 0.34926599, 0.34928787, 0.34929353, 0.53846841E-2
0.79999998E-1, 0.0000000, 0.0000000, 0.0000000, 0.0000000, 0.0000000, 0.0000000, 0.0000000, 0.0000000, 18.803465, 19.852329, 19.857330, 19.858629, 0.24986412, 0.24993014, 0.24999906, 0.24999996, 0.24999999, 0.24999377, 0.34401733, 0.34926164, 0.34928665, 0.34929314, 0.0000000
0.79999998E-1, 0.0000000, 0.0000000, 0.0000000, 0.0000000, 0.0000000, 0.0000000, 0.0000000, 0.0000000, 18.774086, 19.853115, 19.857536, 19.858709, 0.24986412, 0.24993014, 0.24999906, 0.24999996, 0.24999999, 0.24999377, 0.34387037, 0.34926555, 0.34928769, 0.34929353, 0.0000000
0.14802361, 0.82145905, 0.24646236, 2.2098188, 4.0836658, 0.89753270, 0.0000000, 0.0000000, 0.0000000, 18.743547, 19.853355, 19.857592, 19.858704, 0.27209800, 0.29083645, 0.25897530, 0.24999996, 0.24999999, 0.24999377, 0.34371775, 0.34926677, 0.34928796, 0.34929353, 0.24646236
0.12135173, 0.49936709, 0.14982511, 1.2153357, 1.8793344, 2.2864401, 0.0000000, 0.0000000, 0.0000000, 18.706520, 19.852142, 19.857277, 19.858646, 0.26192033, 0.26867309, 0.27280277, 0.24999996, 0.24999999, 0.24999377, 0.34353113, 0.34926033, 0.34928629, 0.34929320, 0.14982511
0.98912068E-1, 0.22838376, 0.68521984E-1, 0.91439486E-1, 1.2178779, 1.9258350, 0.0000000, 0.0000000, 0.0000000, 18.667059, 19.850758, 19.856911, 19.858553, 0.25070414, 0.26206708, 0.26920003, 0.24999996, 0.24999999, 0.24999377, 0.34333399, 0.34925342, 0.34928447, 0.34929273, 0.68521984E-1
0.93380772E-1, 0.16158740, 0.48481070E-1, 0.0000000, 0.78990459, 1.6765684, 0.0000000, 0.0000000, 0.0000000, 18.631701, 19.850710, 19.856899, 19.858541, 0.25000000, 0.25780320, 0.26671430, 0.24999996, 0.24999999, 0.24999377, 0.34315738, 0.34925324, 0.34928441, 0.34929267, 0.48481070E-1
0.10514759, 0.30368453, 0.91114476E-1, 0.97421110, 0.62743127, 1.5790939, 0.0000000, 0.0000000, 0.0000000, 18.601696, 19.851822, 19.857220, 19.858622, 0.25972685, 0.25626689, 0.26578635, 0.24999996, 0.24999999, 0.24999377, 0.34300840, 0.34925908, 0.34928611, 0.34929311, 0.91114476E-1
0.14631218, 0.80079144, 0.24026147, 2.2203455, 2.9044964, 2.8074040, 0.0000000, 0.0000000, 0.0000000, 18.572426, 19.852760, 19.857437, 19.858709, 0.27220324, 0.27904478, 0.27807394, 0.24999996, 0.24999999, 0.24999377, 0.34286213, 0.34926379, 0.34928718, 0.34929353, 0.24026147
0.13533822, 0.66826904, 0.20050076, 1.6743898, 2.5730908, 2.6402144, 0.0000000, 0.0000000, 0.0000000, 18.541603, 19.853085, 19.857542, 19.858709, 0.26674217, 0.27572930, 0.27640131, 0.24999996, 0.24999999, 0.24999377, 0.34270802, 0.34926543, 0.34928772, 0.34929353, 0.20050076
0.12753515, 0.57403851, 0.17222878, 1.2952805, 2.3262830, 2.5126486, 0.0000000, 0.0000000, 0.0000000, 18.512434, 19.853682, 19.857731, 19.858709, 0.26295131, 0.27326125, 0.27512562, 0.24999996, 0.24999999, 0.24999377, 0.34256217, 0.34926841, 0.34928864, 0.34929353, 0.17222878
0.11376208, 0.40771380, 0.12232637, 0.66282451, 1.8466890, 2.2527962, 0.0000000, 0.0000000, 0.0000000, 18.481386, 19.853682, 19.857685, 19.858704, 0.25662759, 0.26846582, 0.27252731, 0.24999996, 0.24999999, 0.24999377, 0.34240693, 0.34926841, 0.34928843, 0.34929353, 0.12232637
0.10219987, 0.26808766, 0.80434337E-1, 0.15819967, 1.4163166, 2.0028234, 0.0000000, 0.0000000, 0.0000000, 18.450502, 19.853708, 19.857660, 19.858692, 0.25158173, 0.26416165, 0.27002716, 0.24999996, 0.24999999, 0.24999377, 0.34225252, 0.34926856, 0.34928828, 0.34929347, 0.80434337E-1
0.93632191E-1, 0.16462351, 0.49391992E-1, 0.0000000, 0.83203316, 1.6290337, 0.0000000, 0.0000000, 0.0000000, 18.416815, 19.853106, 19.857489, 19.858652, 0.24997972, 0.25831932, 0.26628935, 0.24999996, 0.24999999, 0.24999377, 0.34208408, 0.34926552, 0.34928745, 0.34929326, 0.49391992E-1
0.90099491E-1, 0.12196232, 0.36592357E-1, 0.0000000, 0.51914752, 1.4016837, 0.0000000, 0.0000000, 0.0000000, 18.386082, 19.853344, 19.857573, 19.858709, 0.24997972, 0.25519001, 0.26401487, 0.24999996, 0.24999999, 0.24999377, 0.34193042, 0.34926671, 0.34928787, 0.34929353, 0.36592357E-1
0.87678663E-1, 0.92728265E-1, 0.27821261E-1, 0.0000000, 0.31338930, 1.2282878, 0.0000000, 0.0000000, 0.0000000, 18.356865, 19.853849, 19.857731, 19.858709, 0.24997972, 0.25313309, 0.26228133, 0.24999996, 0.24999999, 0.24999377, 0.34178433, 0.34926924, 0.34928864, 0.34929353, 0.27821261E-1
0.85811727E-1, 0.70182972E-1, 0.21056997E-1, 0.0000000, 0.14740527, 1.1093527, 0.0000000, 0.0000000, 0.0000000, 18.327614, 19.854170, 19.857796, 19.858709, 0.24999984, 0.25147343, 0.26109114, 0.24999996, 0.24999999, 0.24999377, 0.34163806, 0.34927085, 0.34928897, 0.34929353, 0.21056997E-1
0.83808236E-1, 0.45988586E-1, 0.13797956E-1, 0.0000000, 0.0000000, 0.92034042, 0.0000000, 0.0000000, 0.0000000, 18.297682, 19.854246, 19.857790, 19.858709, 0.24999984, 0.24999356, 0.25919864, 0.24999996, 0.24999999, 0.24999377, 0.34148842, 0.34927124, 0.34928894, 0.34929353, 0.13797956E-1
0.97079299E-1, 0.20625110, 0.61881520E-1, 0.97208321, 0.0000000, 0.88540316, 0.0000000, 0.0000000, 0.0000000, 18.270811, 19.854994, 19.857973, 19.858709, 0.25972015, 0.24999356, 0.25885385, 0.24999996, 0.24999999, 0.24999377, 0.34135407, 0.34927496, 0.34928986, 0.34929353, 0.61881520E-1
0.14484631, 0.78308958, 0.23495038, 2.7510226, 2.0202904, 2.2184343, 1.1752486, 0.0000000, 0.0000000, 18.243507, 19.855425, 19.858084, 19.858709, 0.27750847, 0.27020213, 0.27218392, 0.26175243, 0.24999999, 0.24999377, 0.34121755, 0.34927714, 0.34929043, 0.34929353, 0.23495038
0.13998237, 0.72435230, 0.21732743, 1.9185543, 2.6642947, 2.1818817, 2.2609174, 1.3128281, 0.0000000, 18.213247, 19.855017, 19.857979, 19.858709, 0.26918438, 0.27664196, 0.27181843, 0.27260908, 0.26312825, 0.24999377, 0.34106624, 0.34927508, 0.34928989, 0.34929353, 0.21732743
0.10980006, 0.35986814, 0.10797124, 0.43498278, 1.7598450, 1.7389327, 2.0695419, 1.2209207, 0.0000000, 18.171894, 19.852335, 19.857277, 19.858562, 0.25425133, 0.26754537, 0.26736230, 0.27068213, 0.26220250, 0.24999377, 0.34085885, 0.34926152, 0.34928635, 0.34929281, 0.10797124
0.93163781E-1, 0.15896700, 0.47694869E-1, 0.0000000, 0.75629950, 1.2059242, 1.8407047, 1.1138976, 0.0000000, 18.127975, 19.849861, 19.856611, 19.858440, 0.24999644, 0.25749210, 0.26202166, 0.26838869, 0.26112986, 0.24999377, 0.34063908, 0.34924909, 0.34928298, 0.34929222, 0.47694869E-1
0.84534816E-1, 0.54762896E-1, 0.16430512E-1, 0.0000000, 0.0000000, 0.67479908, 1.6028196, 1.0096610, 0.0000000, 18.086161, 19.848635, 19.856281, 19.858381, 0.24999644, 0.24999990, 0.25673938, 0.26602399, 0.26009497, 0.24999377, 0.34043071, 0.34924313, 0.34928140, 0.34929192, 0.16430512E-1
0.82366943E-1, 0.28583398E-1, 0.85758772E-2, 0.0000000, 0.0000000, 0.21613240, 1.3305902, 0.89927316, 0.0000000, 18.047375, 19.848463, 19.856262, 19.858406, 0.24999644, 0.24999990, 0.25215781, 0.26330158, 0.25899127, 0.24999377, 0.34023687, 0.34924233, 0.34928131, 0.34929204, 0.85758772E-2
0.81098251E-1, 0.13262630E-1, 0.39791870E-2, 0.0000000, 0.0000000, 0.0000000, 0.95368028, 0.74574351, 0.0000000, 18.008295, 19.848265, 19.856236, 19.858427, 0.24999644, 0.24999990, 0.24988672, 0.25953549, 0.25745693, 0.24999377, 0.34004146, 0.34924132, 0.34928119, 0.34929213, 0.39791870E-2
0.80726936E-1, 0.87786037E-2, 0.26338445E-2, 0.0000000, 0.0000000, 0.0000000, 0.58816075, 0.57984293, 0.0000000, 17.969778, 19.848253, 19.856236, 19.858433, 0.24999644, 0.24999990, 0.24988672, 0.25588053, 0.25579789, 0.24999377, 0.33984888, 0.34924126, 0.34928119, 0.34929216, 0.26338445E-2
0.80297731E-1, 0.35954248E-2, 0.10787353E-2, 0.0000000, 0.0000000, 0.0000000, 0.18719435, 0.34606755, 0.0000000, 17.926371, 19.847261, 19.855999, 19.858370, 0.24999644, 0.24999990, 0.24988672, 0.25186750, 0.25345656, 0.24999377, 0.33963186, 0.34923631, 0.34928000, 0.34929186, 0.10787353E-2
0.80182016E-1, 0.21980740E-2, 0.65948814E-3, 0.0000000, 0.0000000, 0.0000000, 0.88161230E-1, 0.26384890, 0.0000000, 17.894312, 19.848989, 19.856445, 19.858486, 0.24999644, 0.24999990, 0.24988672, 0.25088015, 0.25263628, 0.24999377, 0.33947155, 0.34924495, 0.34928223, 0.34929243, 0.65948814E-3
0.79999998E-1, 0.0000000, 0.0000000, 0.0000000, 0.0000000, 0.0000000, 0.0000000, 0.0000000, 0.0000000, 17.856600, 19.848948, 19.856451, 19.858469, 0.24999644, 0.24999990, 0.24988672, 0.24989074, 0.24992931, 0.24999377, 0.33928299, 0.34924474, 0.34928226, 0.34929234, 0.0000000
0.79999998E-1, 0.0000000, 0.0000000, 0.0000000, 0.0000000, 0.0000000, 0.0000000, 0.0000000, 0.0000000, 17.823151, 19.849855, 19.856682, 19.858505, 0.24999644, 0.24999990, 0.24988672, 0.24989074, 0.24992931, 0.24999377, 0.33911574, 0.34924927, 0.34928340, 0.34929252, 0.0000000
0.79999998E-1, 0.0000000, 0.0000000, 0.0000000, 0.0000000, 0.0000000, 0.0000000, 0.0000000, 0.0000000, 17.784094, 19.849241, 19.856504, 19.858475, 0.24999644, 0.24999990, 0.24988672, 0.24989074, 0.24992931, 0.24999377, 0.33892047, 0.34924620, 0.34928253, 0.34929237, 0.0000000
0.79999998E-1, 0.0000000, 0.0000000, 0.0000000, 0.0000000, 0.0000000, 0.0000000, 0.0000000, 0.0000000, 17.744467, 19.848694, 19.856365, 19.858433, 0.24999644, 0.24999990, 0.24988672, 0.24989074, 0.24992931, 0.24999377, 0.33872235, 0.34924346, 0.34928182, 0.34929216, 0.0000000
0.79999998E-1, 0.0000000, 0.0000000, 0.0000000, 0.0000000, 0.0000000, 0.0000000, 0.0000000, 0.0000000, 17.708120, 19.849052, 19.856464, 19.858458, 0.24999644, 0.24999990, 0.24988672, 0.24989074, 0.24992931, 0.24999377, 0.33854061, 0.34924525, 0.34928232, 0.34929228, 0.0000000
0.79999998E-1, 0.0000000, 0.0000000, 0.0000000, 0.0000000, 0.0000000, 0.0000000, 0.0000000, 0.0000000, 17.675335, 19.850067, 19.856728, 19.858505, 0.24999644, 0.24999990, 0.24988672, 0.24989074, 0.24992931, 0.24999377, 0.33837658, 0.34925032, 0.34928364, 0.34929252, 0.0000000
0.79999998E-1, 0.0000000, 0.0000000, 0.0000000, 0.0000000, 0.0000000, 0.0000000, 0.0000000, 0.0000000, 17.641188, 19.850473, 19.856829, 19.858536, 0.24999644, 0.24999990, 0.24988672, 0.24989074, 0.24992931, 0.24999377, 0.33820584, 0.34925234, 0.34928414, 0.34929270, 0.0000000
0.82749680E-1, 0.33205409E-1, 0.99626193E-2, 0.19938946, 0.0000000, 0.0000000, 0.0000000, 0.0000000, 0.0000000, 17.608641, 19.851110, 19.857006, 19.858587, 0.25199252, 0.24999990, 0.24988672, 0.24989074, 0.24992931, 0.24999377, 0.33804321, 0.34925556, 0.34928504, 0.34929293, 0.99626193E-2
0.79999998E-1, 0.0000000, 0.0000000, 0.0000000, 0.0000000, 0.0000000, 0.0000000, 0.0000000, 0.0000000, 17.577759, 19.851900, 19.857225, 19.858652, 0.24998692, 0.24999990, 0.24988672, 0.24989074, 0.24992931, 0.24999377, 0.33788875, 0.34925950, 0.34928614, 0.34929326, 0.0000000
0.79999998E-1, 0.0000000, 0.0000000, 0.0000000, 0.0000000, 0.0000000, 0.0000000, 0.0000000, 0.0000000, 17.544722, 19.852001, 19.857246, 19.858669, 0.24998692, 0.24999990, 0.24988672, 0.24989074, 0.24992931, 0.24999377, 0.33772361, 0.34926000, 0.34928623, 0.34929335, 0.0000000
0.82653485E-1, 0.32043733E-1, 0.96140811E-2, 0.19277036, 0.0000000, 0.0000000, 0.0000000, 0.0000000, 0.0000000, 17.516031, 19.853033, 19.857513, 19.858709, 0.25192282, 0.24999990, 0.24988672, 0.24989074, 0.24992931, 0.24999377, 0.33758014, 0.34926516, 0.34928757, 0.34929353, 0.96140811E-2
0.86082630E-1, 0.73454387E-1, 0.22038521E-1, 0.44080019, 0.0000000, 0.0000000, 0.0000000, 0.0000000, 0.0000000, 17.488510, 19.853992, 19.857771, 19.858709, 0.25440770, 0.24999990, 0.24988672, 0.24989074, 0.24992931, 0.24999377, 0.33744255, 0.34926996, 0.34928885, 0.34929353, 0.22038521E-1
0.81236161E-1, 0.14927981E-1, 0.44788425E-2, 0.90202689E-1, 0.0000000, 0.0000000, 0.0000000, 0.0000000, 0.0000000, 17.457197, 19.853849, 19.857677, 19.858709, 0.25089577, 0.24999990, 0.24988672, 0.24989074, 0.24992931, 0.24999377, 0.33728597, 0.34926924, 0.34928840, 0.34929353, 0.44788425E-2
0.87294154E-1, 0.88084877E-1, 0.26428105E-1, 0.53241551, 0.0000000, 0.0000000, 0.0000000, 0.0000000, 0.0000000, 17.425755, 19.853703, 19.857643, 19.858704, 0.25528562, 0.24999990, 0.24988672, 0.24989074, 0.24992931, 0.24999377, 0.33712855, 0.34926844, 0.34928823, 0.34929353, 0.26428105E-1
0.82718134E-1, 0.32824475E-1, 0.98483274E-2, 0.19739866, 0.0000000, 0.0000000, 0.0000000, 0.0000000, 0.0000000, 17.395800, 19.853928, 19.857719, 19.858709, 0.25196967, 0.24999990, 0.24988672, 0.24989074, 0.24992931, 0.24999377, 0.33697900, 0.34926963, 0.34928858, 0.34929353, 0.98483274E-2
0.13173148, 0.62471390, 0.18743291, 2.2250681, 2.5393577, 0.0000000, 0.0000000, 0.0000000, 0.0000000, 17.368824, 19.854740, 19.857906, 19.858709, 0.27225050, 0.27539346, 0.24988672, 0.24989074, 0.24992931, 0.24999377, 0.33684412, 0.34927371, 0.34928954, 0.34929353, 0.18743291
0.12153332, 0.50156003, 0.15048306, 1.7688215, 1.6073316, 0.92161894, 0.0000000, 0.0000000, 0.0000000, 17.333572, 19.853460, 19.857590, 19.858629, 0.26768789, 0.26607314, 0.25921613, 0.24989074, 0.24992931, 0.24999377, 0.33666787, 0.34926730, 0.34928796, 0.34929314, 0.15048306
0.11090735, 0.37323987, 0.11198317, 1.2146831, 1.3133317, 0.79137385, 0.0000000, 0.0000000, 0.0000000, 17.302786, 19.853561, 19.857607, 19.858683, 0.26214385, 0.26313138, 0.25791317, 0.24989074, 0.24992931, 0.24999377, 0.33651394, 0.34926781, 0.34928805, 0.34929341, 0.11198317
0.10618453, 0.31620660, 0.94871469E-1, 1.1179328, 0.98044872, 0.63974559, 0.0000000, 0.0000000, 0.0000000, 17.271063, 19.853445, 19.857592, 19.858698, 0.26117423, 0.25980181, 0.25639659, 0.24989074, 0.24992931, 0.24999377, 0.33635533, 0.34926721, 0.34928796, 0.34929350, 0.94871469E-1
0.96574008E-1, 0.20014919, 0.60050763E-1, 0.89809299, 0.33824742, 0.33433437, 0.0000000, 0.0000000, 0.0000000, 17.233374, 19.852053, 19.857265, 19.858599, 0.25897813, 0.25338185, 0.25334305, 0.24989074, 0.24992931, 0.24999377, 0.33616686, 0.34926027, 0.34928632, 0.34929299, 0.60050763E-1
0.13890649, 0.71135998, 0.21342933, 2.5706351, 2.1694393, 1.3229340, 0.0000000, 0.0000000, 0.0000000, 17.206177, 19.853384, 19.857603, 19.858709, 0.27570197, 0.27169216, 0.26322865, 0.24989074, 0.24992931, 0.24999377, 0.33603090, 0.34926692, 0.34928802, 0.34929353, 0.21342933
0.15493073, 0.90486991, 0.27148813, 2.6753516, 2.1910434, 4.0458469, 2.4006903, 2.3028374, 1.2930185, 17.179609, 19.854446, 19.857866, 19.858709, 0.27675334, 0.27191034, 0.29045838, 0.27400690, 0.27302837, 0.26293018, 0.33589804, 0.34927222, 0.34928933, 0.34929353, 0.27148813
0.14886393, 0.83160675, 0.24950698, 2.6844859, 2.1908581, 2.1223993, 2.0992637, 4.5773830, 9.1168947, 19.133816, 19.854866, 19.857973, 19.858709, 0.27684465, 0.27190849, 0.27122393, 0.27099264, 0.29577383, 0.34116894, 0.34566909, 0.34927434, 0.34928986, 0.34929353, 0.24950698
0.11844422, 0.46425566, 0.13929063, 1.1586070, 1.3439029, 1.6817451, 1.9263744, 3.5083773, 9.5530148, 19.559624, 19.852848, 19.857430, 19.858574, 0.26158592, 0.26343891, 0.26681739, 0.26926371, 0.28508377, 0.34553015, 0.34779811, 0.34926423, 0.34928715, 0.34929287, 0.13929063
0.10382321, 0.28769127, 0.86316012E-1, 0.44628382, 0.91678202, 1.4354408, 1.8306822, 3.1093488, 9.6886597, 19.691244, 19.852755, 19.857388, 19.858599, 0.25445956, 0.25916377, 0.26435125, 0.26830602, 0.28109279, 0.34688589, 0.34845620, 0.34926379, 0.34928694, 0.34929299, 0.86316012E-1
0.10802809, 0.33846962, 0.10155105, 0.88920295, 0.74848533, 1.3314962, 1.7894149, 2.9846044, 9.6785336, 19.753969, 19.853550, 19.857592, 19.858692, 0.25888920, 0.25748342, 0.26331368, 0.26789382, 0.27984574, 0.34678504, 0.34876984, 0.34926775, 0.34928796, 0.34929347, 0.10155105
0.10279678, 0.27529594, 0.82597040E-1, 0.62303543, 0.61045885, 1.2423128, 1.7535269, 2.9625983, 9.5994349, 19.788500, 19.854258, 19.857784, 19.858709, 0.25622940, 0.25610402, 0.26242256, 0.26753512, 0.27962583, 0.34599420, 0.34894249, 0.34927130, 0.34928891, 0.34929353, 0.82597040E-1
0.10298788, 0.27760363, 0.83289415E-1, 0.71814060, 0.51220655, 1.1769742, 1.7265618, 2.9460402, 9.5386782, 19.809668, 19.854929, 19.857948, 19.858709, 0.25718048, 0.25512168, 0.26176929, 0.26726547, 0.27946028, 0.34538665, 0.34904835, 0.34927464, 0.34928975, 0.34929353, 0.83289415E-1
0.95508203E-1, 0.18727839, 0.56189138E-1, 0.33749640, 0.32206774, 1.0365903, 1.6693890, 2.9092789, 9.4685898, 19.821774, 19.855087, 19.857979, 19.858709, 0.25337461, 0.25322047, 0.26036558, 0.26669377, 0.27909270, 0.34468582, 0.34910887, 0.34927544, 0.34928989, 0.34929353, 0.56189138E-1
0.88354245E-1, 0.10088664, 0.30269019E-1, 0.0000000, 0.11996925, 0.86017847, 1.5951812, 2.8592377, 9.3898563, 19.829153, 19.855087, 19.857979, 19.858709, 0.24997932, 0.25119945, 0.25860098, 0.26595151, 0.27859211, 0.34389827, 0.34914577, 0.34927544, 0.34928989, 0.34929353, 0.30269019E-1
0.96741416E-1, 0.20217077, 0.60657300E-1, 0.74279606, 0.0000000, 0.67587197, 1.5062958, 2.8062046, 9.3180742, 19.831697, 19.854446, 19.857817, 19.858675, 0.25742653, 0.24999654, 0.25675833, 0.26506278, 0.27806190, 0.34318057, 0.34915850, 0.34927222, 0.34928909, 0.34929338, 0.60657300E-1
0.84476843E-1, 0.54062754E-1, 0.16220449E-1, 0.0000000, 0.0000000, 0.25884807, 1.2739897, 2.6396723, 9.1365490, 19.828295, 19.852634, 19.857342, 19.858593, 0.24996132, 0.24999654, 0.25258249, 0.26273400, 0.27639061, 0.34135842, 0.34914148, 0.34926316, 0.34928671, 0.34929296, 0.16220449E-1
0.83044745E-1, 0.36768612E-1, 0.11031686E-1, 0.0000000, 0.0000000, 0.0000000, 0.99771023, 2.4054022, 8.8642454, 19.826450, 19.851458, 19.857046, 19.858553, 0.24996132, 0.24999654, 0.24997553, 0.25997409, 0.27405038, 0.33863801, 0.34913224, 0.34925729, 0.34928524, 0.34929276, 0.11031686E-1
0.82952470E-1, 0.35654262E-1, 0.10697349E-1, 0.0000000, 0.0000000, 0.0000000, 0.93316734, 2.3447366, 8.7639837, 19.832602, 19.852625, 19.857370, 19.858652, 0.24996132, 0.24999654, 0.24997553, 0.25932947, 0.27344459, 0.33763638, 0.34916300, 0.34926313, 0.34928685, 0.34929326, 0.10697349E-1
0.82790777E-1, 0.33701688E-1, 0.10111517E-1, 0.0000000, 0.0000000, 0.0000000, 0.81742108, 2.2354455, 8.6129570, 19.834818, 19.852953, 19.857468, 19.858704, 0.24996132, 0.24999654, 0.24997553, 0.25817356, 0.27235353, 0.33612841, 0.34917408, 0.34926477, 0.34928733, 0.34929353, 0.10111517E-1
0.82462855E-1, 0.29741673E-1, 0.89233946E-2, 0.0000000, 0.0000000, 0.0000000, 0.58970749, 1.9994199, 8.3108044, 19.831913, 19.852016, 19.857225, 19.858616, 0.24996132, 0.24999654, 0.24997553, 0.25589669, 0.26999354, 0.33310711, 0.34915957, 0.34926009, 0.34928614, 0.34929308, 0.89233946E-2
0.82284674E-1, 0.27589962E-1, 0.82778167E-2, 0.0000000, 0.0000000, 0.0000000, 0.47503114, 1.8645257, 8.1123581, 19.833906, 19.852413, 19.857319, 19.858658, 0.24996132, 0.24999654, 0.24997553, 0.25474998, 0.26864460, 0.33112264, 0.34916952, 0.34926206, 0.34928659, 0.34929329, 0.82778167E-2
0.81987821E-1, 0.24005085E-1, 0.72022458E-2, 0.0000000, 0.0000000, 0.0000000, 0.28456748, 1.6352117, 7.7918949, 19.830317, 19.851364, 19.857065, 19.858604, 0.24996132, 0.24999654, 0.24997553, 0.25284544, 0.26635146, 0.32791790, 0.34915158, 0.34925681, 0.34928533, 0.34929302, 0.72022458E-2
0.81880264E-1, 0.22706280E-1, 0.68125655E-2, 0.0000000, 0.0000000, 0.0000000, 0.22237301, 1.5497923, 7.6437569, 19.833851, 19.852219, 19.857300, 19.858675, 0.24996132, 0.24999654, 0.24997553, 0.25222272, 0.26549441, 0.32643178, 0.34916925, 0.34926111, 0.34928650, 0.34929338, 0.68125655E-2
0.81694432E-1, 0.20462116E-1, 0.61392491E-2, 0.0000000, 0.0000000, 0.0000000, 0.12377203, 1.3870925, 7.3758454, 19.834196, 19.852278, 19.857307, 19.858683, 0.24996132, 0.24999654, 0.24997553, 0.25123733, 0.26386878, 0.32375464, 0.34917098, 0.34926140, 0.34928653, 0.34929341, 0.61392491E-2
0.96502677E-1, 0.19928771, 0.59792295E-1, 1.0911793, 0.0000000, 0.0000000, 0.67502260E-2, 1.1587977, 6.9837928, 19.832045, 19.851692, 19.857164, 19.858635, 0.26090840, 0.24999654, 0.24997553, 0.25006750, 0.26158786, 0.31983772, 0.34916022, 0.34925845, 0.34928581, 0.34929317, 0.59792295E-1
0.14644457, 0.80239046, 0.24074121, 2.5594206, 2.4900794, 2.1954477, 0.0000000, 1.1215657, 6.9117179, 19.834650, 19.852352, 19.857332, 19.858698, 0.27559391, 0.27490062, 0.27195439, 0.24999999, 0.26121566, 0.31911719, 0.34917325, 0.34926176, 0.34928668, 0.34929350, 0.24074121
0.13901286, 0.71264440, 0.21381471, 2.3869843, 1.9292712, 1.3277769, 2.0609081, 4.0308809, 8.9343157, 19.834887, 19.852423, 19.857336, 19.858683, 0.27386606, 0.26929086, 0.26327714, 0.27060887, 0.29030862, 0.33934301, 0.34917444, 0.34926212, 0.34928668, 0.34929341, 0.21381471
0.12899497, 0.59166759, 0.17751803, 1.8723458, 1.6680151, 1.2131125, 2.0103426, 3.1938174, 9.6890583, 19.837540, 19.853121, 19.857519, 19.858709, 0.26872307, 0.26667994, 0.26213104, 0.27010339, 0.28193814, 0.34689054, 0.34918770, 0.34926561, 0.34928760, 0.34929353, 0.17751803
0.10742611, 0.33120006, 0.99369958E-1, 0.76878965, 1.0660410, 0.93242526, 1.8801272, 2.9920995, 9.7316256, 19.834463, 19.852329, 19.857319, 19.858635, 0.25768402, 0.26065716, 0.25932285, 0.26880071, 0.27992055, 0.34731576, 0.34917232, 0.34926164, 0.34928659, 0.34929317, 0.99369958E-1
0.97485453E-1, 0.21115591, 0.63353106E-1, 0.28316379, 0.76059997, 0.78149140, 1.8075019, 2.9483228, 9.6661015, 19.836231, 19.852779, 19.857426, 19.858698, 0.25282955, 0.25760263, 0.25781319, 0.26807421, 0.27948257, 0.34666032, 0.34918115, 0.34926391, 0.34928712, 0.34929350, 0.63353106E-1
0.89816682E-1, 0.11854712, 0.35567693E-1, 0.0000000, 0.41308701, 0.59486926, 1.7122954, 2.8882475, 9.5857210, 19.836739, 19.852926, 19.857468, 19.858692, 0.24998578, 0.25412852, 0.25594699, 0.26712197, 0.27888164, 0.34585631, 0.34918368, 0.34926462, 0.34928733, 0.34929347, 0.35567693E-1
0.15348521, 0.88741386, 0.26625079, 2.9692979, 2.3966134, 2.1212430, 1.6761124, 2.8645158, 9.5343628, 19.840332, 19.853886, 19.857744, 19.858709, 0.27968952, 0.27396446, 0.27121168, 0.26676100, 0.27864507, 0.34534350, 0.34920165, 0.34926942, 0.34928873, 0.34929353, 0.26625079
0.15170559, 0.86592311, 0.25980291, 2.3393750, 2.3179083, 2.3060322, 6.7022572, 9.1532421, 9.7436399, 19.843359, 19.854700, 19.857912, 19.858709, 0.27339348, 0.27317891, 0.27306023, 0.31702250, 0.34153238, 0.34743640, 0.34921679, 0.34927350, 0.34928957, 0.34929353, 0.25980291
0.18150276, 1.0000000, 0.36776358, 2.6344748, 2.4917264, 7.7367020, 8.6074123, 9.6723642, 9.8167830, 19.845150, 19.855190, 19.858047, 19.858709, 0.27634454, 0.27491716, 0.32736683, 0.33607408, 0.34672362, 0.34816784, 0.34922576, 0.34927595, 0.34929025, 0.34929353, 0.36776358
0.17966428, 1.0000000, 0.36110243, 2.8719127, 2.4079263, 6.4550719, 9.6205673, 9.7723036, 9.8489866, 19.847046, 19.855703, 19.858189, 19.858709, 0.27871889, 0.27407914, 0.31455058, 0.34620562, 0.34772301, 0.34848988, 0.34923524, 0.34927851, 0.34929094, 0.34929353, 0.36110243
0.16032723, 0.97003859, 0.29104069, 1.9998133, 1.9084156, 5.6867666, 9.6506004, 9.7640991, 9.8431578, 19.843430, 19.854794, 19.857904, 19.858669, 0.26999524, 0.26908249, 0.30686519, 0.34650517, 0.34764057, 0.34843144, 0.34921715, 0.34927398, 0.34928954, 0.34929335, 0.29104069
0.15085268, 0.85562313, 0.25671262, 1.7994046, 1.4649898, 4.9538651, 9.6447306, 9.7560091, 9.8390121, 19.841486, 19.854275, 19.857763, 19.858675, 0.26799366, 0.26464972, 0.29953831, 0.34644717, 0.34756005, 0.34839010, 0.34920743, 0.34927136, 0.34928882, 0.34929338, 0.25671262
0.12610605, 0.55678058, 0.16705088, 0.65891147, 0.86481273, 3.9924691, 9.5968590, 9.7256746, 9.8243122, 19.836853, 19.853025, 19.857424, 19.858616, 0.25658745, 0.25864682, 0.28992167, 0.34596714, 0.34725600, 0.34824288, 0.34918427, 0.34926513, 0.34928712, 0.34929308, 0.16705088
0.10996491, 0.36185890, 0.10856853, 0.0000000, 0.44088662, 3.1380944, 9.5936022, 9.7216587, 9.8215866, 19.835165, 19.852552, 19.857307, 19.858629, 0.24999572, 0.25440848, 0.28137955, 0.34593517, 0.34721613, 0.34821573, 0.34917581, 0.34926277, 0.34928653, 0.34929314, 0.10856853
0.10321490, 0.28034523, 0.84111981E-1, 0.0000000, 0.0000000, 2.4775922, 9.1701593, 9.6914988, 9.8078489, 19.832079, 19.851692, 19.857119, 19.858593, 0.24999572, 0.24999943, 0.27477393, 0.34170014, 0.34691420, 0.34807822, 0.34916040, 0.34925845, 0.34928560, 0.34929296, 0.84111981E-1
0.10101339, 0.25375959, 0.76135494E-1, 0.0000000, 0.0000000, 2.0516305, 8.6425800, 9.6882820, 9.8058805, 19.831390, 19.851480, 19.857079, 19.858599, 0.24999572, 0.24999943, 0.27051517, 0.33642486, 0.34688228, 0.34805864, 0.34915695, 0.34925741, 0.34928539, 0.34929299, 0.76135494E-1
0.98512694E-1, 0.22356094, 0.67074992E-1, 0.0000000, 0.0000000, 1.5742958, 8.0229769, 9.6656256, 9.7951155, 19.828943, 19.850815, 19.856907, 19.858562, 0.24999572, 0.24999943, 0.26574066, 0.33022743, 0.34665486, 0.34795067, 0.34914473, 0.34925407, 0.34928453, 0.34929281, 0.67074992E-1
0.95511816E-1, 0.18732208, 0.56202244E-1, 0.0000000, 0.0000000, 1.0158092, 7.2195191, 9.6157475, 9.7712812, 19.824015, 19.849455, 19.856575, 19.858469, 0.24999572, 0.24999943, 0.26015678, 0.32219335, 0.34615627, 0.34771240, 0.34912008, 0.34924728, 0.34928286, 0.34929234, 0.56202244E-1
0.93381688E-1, 0.16159841, 0.48484374E-1, 0.0000000, 0.0000000, 0.64671338, 6.4884939, 9.6229734, 9.7731934, 19.823648, 19.849264, 19.856518, 19.858458, 0.24999572, 0.24999943, 0.25646591, 0.31488249, 0.34622791, 0.34773132, 0.34911823, 0.34924632, 0.34928259, 0.34929228, 0.48484374E-1
0.16043958, 0.97139525, 0.29144773, 2.4293303, 2.7468772, 2.8654993, 8.3786955, 9.7180338, 9.8144217, 19.829134, 19.850679, 19.856852, 19.858547, 0.27428964, 0.27746630, 0.27865371, 0.33378622, 0.34717989, 0.34814408, 0.34914568, 0.34925339, 0.34928426, 0.34929273, 0.29144773
0.17163320, 1.0000000, 0.33200434, 2.5062470, 2.0674348, 6.4590387, 9.4059877, 9.7714548, 9.8392696, 19.833946, 19.851963, 19.857225, 19.858641, 0.27506098, 0.27067360, 0.31458926, 0.34405956, 0.34771436, 0.34839264, 0.34916973, 0.34925982, 0.34928614, 0.34929320, 0.33200434
0.35596508, 1.0000000, 0.99987334, 9.9986076, 9.9991684, 9.9995823, 9.9999132, 9.9999609, 9.9999876, 19.999998, 19.999998, 19.999998, 19.994993, 0.34998256, 0.34998956, 0.34999478, 0.34999892, 0.34999949, 0.34999985, 0.34999999, 0.34999999, 0.34999999, 0.34997496, 0.99987334
0.35599875, 1.0000000, 0.99999547, 9.9999371, 9.9999638, 9.9999819, 9.9999933, 9.9999990, 9.9999990, 19.999998, 19.999998, 19.999998, 19.996996, 0.34999937, 0.34999964, 0.34999982, 0.34999993, 0.34999999, 0.34999999, 0.34999999, 0.34999999, 0.34999999, 0.34998497, 0.99999547
0.35264021, 1.0000000, 0.98782676, 9.8519077, 9.8755789, 9.9354210, 9.9831076, 9.9914560, 9.9966326, 19.999462, 19.999868, 19.999950, 19.987009, 0.34851879, 0.34875560, 0.34935412, 0.34983104, 0.34991455, 0.34996632, 0.34999731, 0.34999934, 0.34999976, 0.34993505, 0.98782676
0.34512013, 1.0000000, 0.96058005, 9.4062290, 9.7481537, 9.8644371, 9.9636059, 9.9814978, 9.9928370, 19.999004, 19.999743, 19.999901, 19.987009, 0.34406200, 0.34748134, 0.34864429, 0.34963602, 0.34981498, 0.34992838, 0.34999502, 0.34999871, 0.34999949, 0.34993505, 0.96058005
0.32110387, 1.0000000, 0.87356472, 7.8626175, 9.5101357, 9.7054338, 9.8856697, 9.9393435, 9.9739733, 19.994493, 19.998568, 19.998846, 19.963718, 0.32862556, 0.34510088, 0.34705409, 0.34885663, 0.34939340, 0.34973973, 0.34997246, 0.34999284, 0.34999424, 0.34981859, 0.87356472
0.30393898, 1.0000000, 0.81137317, 6.7438002, 9.3660851, 9.5979681, 9.8069286, 9.8917475, 9.9504433, 19.988026, 19.996876, 19.995754, 19.942337, 0.31743768, 0.34366059, 0.34597954, 0.34806925, 0.34891748, 0.34950444, 0.34994012, 0.34998438, 0.34997877, 0.34971169, 0.81137317
0.32719201, 1.0000000, 0.89562309, 8.4077740, 9.4006519, 9.6064062, 9.7856894, 9.8726254, 9.9381790, 19.983698, 19.995674, 19.990103, 19.923740, 0.33407557, 0.34400505, 0.34606332, 0.34785673, 0.34872615, 0.34938177, 0.34991848, 0.34997839, 0.34995052, 0.34961870, 0.89562309
0.35538900, 1.0000000, 0.99778610, 9.9998627, 9.9984579, 9.9242697, 9.7491465, 9.8462152, 9.9219027, 19.977219, 19.993683, 19.981390, 19.908199, 0.34999827, 0.34998438, 0.34924257, 0.34749144, 0.34846216, 0.34921902, 0.34988609, 0.34996840, 0.34990695, 0.34954101, 0.99778610
0.35216057, 1.0000000, 0.98608905, 9.8820972, 9.8276129, 9.8242617, 9.9490719, 9.9739065, 9.9897013, 19.998432, 19.999594, 19.999706, 19.977167, 0.34881943, 0.34827521, 0.34824216, 0.34949061, 0.34973902, 0.34989700, 0.34999216, 0.34999797, 0.34999853, 0.34988582, 0.98608905
0.33851564, 1.0000000, 0.93665087, 9.0264540, 9.6244707, 9.7897558, 9.9377623, 9.9680185, 9.9873438, 19.998043, 19.999498, 19.999695, 19.977673, 0.34026301, 0.34624374, 0.34789705, 0.34937754, 0.34968013, 0.34987339, 0.34999022, 0.34999749, 0.34999847, 0.34988835, 0.93665087
0.34354091, 1.0000000, 0.95485836, 9.5025511, 9.4964523, 9.6917915, 9.8718834, 9.9309664, 9.9700794, 19.993677, 19.998360, 19.997993, 19.955015, 0.34502044, 0.34496149, 0.34691638, 0.34871849, 0.34930950, 0.34970075, 0.34996837, 0.34999180, 0.34998995, 0.34977508, 0.95485836
0.35245746, 1.0000000, 0.98716462, 9.8166637, 9.9041853, 9.9507008, 9.9877710, 9.9938183, 9.9976311, 19.999683, 19.999916, 19.999950, 19.987026, 0.34816560, 0.34904122, 0.34950668, 0.34987766, 0.34993815, 0.34997630, 0.34999841, 0.34999958, 0.34999976, 0.34993511, 0.98716462
0.34463519, 1.0000000, 0.95882314, 9.3642721, 9.7588129, 9.8675461, 9.9632845, 9.9812307, 9.9927740, 19.999050, 19.999748, 19.999155, 19.963797, 0.34363917, 0.34758592, 0.34867433, 0.34963262, 0.34981218, 0.34992769, 0.34999526, 0.34999874, 0.34999579, 0.34981897, 0.95882314
0.35598534, 1.0000000, 0.99994677, 9.9994183, 9.9996538, 9.9998236, 9.9999609, 9.9999819, 9.9999905, 19.999998, 19.999998, 19.999998, 19.994993, 0.34999266, 0.34999561, 0.34999779, 0.34999952, 0.34999976, 0.34999987, 0.34999999, 0.34999999, 0.34999999, 0.34997496, 0.99994677
0.35599786, 1.0000000, 0.99999219, 9.9999275, 9.9999542, 9.9999790, 9.9999933, 9.9999990, 9.9999990, 19.999998, 19.999998, 19.999998, 19.996996, 0.34999892, 0.34999934, 0.34999970, 0.34999990, 0.34999999, 0.34999999, 0.34999999, 0.34999999, 0.34999999, 0.34998497, 0.99999219
0.33864892, 1.0000000, 0.93713373, 9.0227737, 9.6402273, 9.8003855, 9.9437332, 9.9711971, 9.9888563, 19.998514, 19.999617, 19.999786, 19.981091, 0.34022772, 0.34640229, 0.34800386, 0.34943733, 0.34971195, 0.34988856, 0.34999257, 0.34999809, 0.34999892, 0.34990546, 0.93713373
0.35598642, 1.0000000, 0.99995083, 9.9993944, 9.9996386, 9.9998150, 9.9999609, 9.9999819, 9.9999933, 19.999998, 19.999998, 19.999998, 19.994993, 0.34999323, 0.34999594, 0.34999794, 0.34999958, 0.34999979, 0.34999993, 0.34999999, 0.34999999, 0.34999999, 0.34997496, 0.99995083
0.33210701, 1.0000000, 0.91343117, 8.7101936, 9.4435673, 9.6713438, 9.8836660, 9.9390039, 9.9745283, 19.995060, 19.998718, 19.999546, 19.980043, 0.33710161, 0.34443545, 0.34671330, 0.34883663, 0.34939003, 0.34974527, 0.34997529, 0.34999359, 0.34999773, 0.34990022, 0.91343117
0.35588014, 1.0000000, 0.99956554, 9.9979963, 9.9986153, 9.9822311, 9.9960909, 9.9980354, 9.9993315, 19.999981, 19.999992, 19.999989, 19.991005, 0.34997842, 0.34998521, 0.34982187, 0.34996083, 0.34998029, 0.34999329, 0.34999990, 0.34999996, 0.34999993, 0.34995502, 0.99956554
0.33900791, 1.0000000, 0.93843442, 9.1180305, 9.5571213, 9.7427616, 9.9181738, 9.9575939, 9.9829807, 19.997221, 19.999283, 19.999565, 19.975382, 0.34117967, 0.34557083, 0.34742740, 0.34918171, 0.34957591, 0.34982979, 0.34998611, 0.34999642, 0.34999782, 0.34987691, 0.93843442
0.30875349, 1.0000000, 0.82881701, 7.0591354, 9.4038897, 9.6288729, 9.8382978, 9.9116240, 9.9615307, 19.992033, 19.997936, 19.997663, 19.952915, 0.32058480, 0.34403366, 0.34628606, 0.34838244, 0.34911597, 0.34961522, 0.34996015, 0.34998968, 0.34998831, 0.34976459, 0.82881701
0.27769631, 1.0000000, 0.71629095, 4.8716831, 9.3364115, 9.5689402, 9.7775192, 9.8711185, 9.9400072, 19.985994, 19.996319, 19.993324, 19.932806, 0.29871374, 0.34336054, 0.34568760, 0.34777480, 0.34871101, 0.34940001, 0.34992999, 0.34998161, 0.34996662, 0.34966403, 0.71629095
0.25176078, 1.0000000, 0.62232167, 2.9819522, 9.3541698, 9.5714369, 9.7617168, 9.8550272, 9.9287519, 19.981995, 19.995079, 19.986279, 19.915733, 0.27981913, 0.34354097, 0.34571400, 0.34761709, 0.34855023, 0.34928751, 0.34990996, 0.34997541, 0.34993139, 0.34957868, 0.62232167
0.22266531, 1.0000000, 0.51690328, 1.9599468, 7.5944180, 9.4849491, 9.7064371, 9.8184881, 9.9076128, 19.974127, 19.992540, 19.976110, 19.901690, 0.26959935, 0.32594389, 0.34484932, 0.34706435, 0.34818485, 0.34907612, 0.34987062, 0.34996271, 0.34988055, 0.34950846, 0.51690328
0.18869455, 1.0000000, 0.39382082, 0.90688467, 5.2988839, 9.3998442, 9.6446152, 9.7763233, 9.8833132, 19.964394, 19.988775, 19.963497, 19.890589, 0.25906751, 0.30298409, 0.34399423, 0.34644529, 0.34776279, 0.34883299, 0.34982198, 0.34994388, 0.34981748, 0.34945294, 0.39382082
0.15624648, 0.92075920, 0.27625540, 0.0000000, 2.9676886, 9.2588272, 9.6042223, 9.7460489, 9.8644066, 19.954807, 19.983789, 19.949471, 19.882061, 0.24995048, 0.27967292, 0.34258211, 0.34604093, 0.34745982, 0.34864387, 0.34977403, 0.34991896, 0.34974736, 0.34941030, 0.27625540
0.14268127, 0.75694442, 0.22710603, 0.95048547E-1, 1.9534767, 7.7064261, 9.5611925, 9.7156286, 9.8458042, 19.943924, 19.976757, 19.934927, 19.875578, 0.25095016, 0.26953062, 0.32705614, 0.34560990, 0.34715527, 0.34845769, 0.34971961, 0.34988379, 0.34967464, 0.34937790, 0.22710603
0.13308053, 0.64100498, 0.19232073, 0.0000000, 1.4590502, 6.6788640, 9.6135464, 9.7435532, 9.8564348, 19.940336, 19.969669, 19.921371, 19.870905, 0.24998944, 0.26458782, 0.31678250, 0.34613371, 0.34743464, 0.34856406, 0.34970167, 0.34984833, 0.34960687, 0.34935454, 0.19232073
0.12745616, 0.57308465, 0.17194259, 0.0000000, 1.1399209, 5.9458151, 9.6587467, 9.7711611, 9.8692703, 19.938524, 19.961214, 19.909122, 19.867504, 0.24998944, 0.26139784, 0.30945459, 0.34658632, 0.34771103, 0.34869251, 0.34969261, 0.34980607, 0.34954560, 0.34933752, 0.17194259
0.19204238, 1.0000000, 0.40595061, 2.9735863, 2.9299111, 8.0381823, 9.7203989, 9.8088388, 9.8872652, 19.938616, 19.951790, 19.898598, 19.865059, 0.27973378, 0.27929786, 0.33038011, 0.34720358, 0.34808818, 0.34887260, 0.34969309, 0.34975895, 0.34949300, 0.34932530, 0.40595061
0.22525060, 1.0000000, 0.52627027, 2.3584366, 7.1887398, 9.5755186, 9.7787151, 9.8446274, 9.9042883, 19.938499, 19.941422, 19.889799, 19.863331, 0.27358422, 0.32188714, 0.34575501, 0.34778711, 0.34844625, 0.34904289, 0.34969249, 0.34970710, 0.34944898, 0.34931666, 0.52627027
0.26113075, 1.0000000, 0.65627074, 3.7096751, 9.2185125, 9.6733904, 9.7966223, 9.8581514, 9.9116573, 19.936321, 19.930275, 19.882584, 19.862066, 0.28709653, 0.34218484, 0.34673375, 0.34796619, 0.34858149, 0.34911656, 0.34968162, 0.34965137, 0.34941292, 0.34931034, 0.65627074
0.23246716, 1.0000000, 0.55241722, 2.3286252, 8.1412764, 9.5252867, 9.7302694, 9.8235741, 9.8968458, 19.928158, 19.917974, 19.876524, 19.861097, 0.27328578, 0.33141178, 0.34525228, 0.34730259, 0.34823567, 0.34896842, 0.34964079, 0.34958988, 0.34938261, 0.34930548, 0.55241722
0.35597694, 1.0000000, 0.99991643, 9.9989681, 9.9993820, 9.9996891, 9.9999371, 9.9999695, 9.9999876, 19.999998, 19.999998, 19.999998, 19.994993, 0.34998849, 0.34999311, 0.34999654, 0.34999931, 0.34999967, 0.34999987, 0.34999999, 0.34999999, 0.34999999, 0.34997496, 0.99991643
0.35599858, 1.0000000, 0.99999481, 9.9999609, 9.9999752, 9.9999876, 9.9999962, 9.9999990, 9.9999990, 19.999998, 19.999998, 19.999998, 19.997997, 0.34999928, 0.34999958, 0.34999979, 0.34999993, 0.34999999, 0.34999999, 0.34999999, 0.34999999, 0.34999999, 0.34998998, 0.99999481
0.35590178, 1.0000000, 0.99964410, 9.9951372, 9.9970884, 9.9985418, 9.9997044, 9.9998531, 9.9999514, 19.999998, 19.999998, 19.999990, 19.991999, 0.34995103, 0.34997067, 0.34998530, 0.34999701, 0.34999853, 0.34999952, 0.34999999, 0.34999999, 0.34999996, 0.34996000, 0.99964410
0.35037130, 1.0000000, 0.97960621, 9.8222666, 9.7165890, 9.8134346, 9.9473877, 9.9730721, 9.9895792, 19.998592, 19.999636, 19.999811, 19.981091, 0.34822226, 0.34716564, 0.34813422, 0.34947386, 0.34973073, 0.34989578, 0.34999296, 0.34999818, 0.34999907, 0.34990546, 0.97960621
0.34018290, 1.0000000, 0.94269150, 9.2225103, 9.5396357, 9.7193794, 9.8963108, 9.9448805, 9.9775543, 19.996441, 19.999075, 19.998539, 19.958227, 0.34222391, 0.34539559, 0.34719339, 0.34896302, 0.34944877, 0.34977555, 0.34998220, 0.34999537, 0.34999269, 0.34979114, 0.94269150
0.35599828, 1.0000000, 0.99999374, 9.9999542, 9.9999723, 9.9999847, 9.9999962, 9.9999990, 9.9999990, 19.999998, 19.999998, 19.999998, 19.997997, 0.34999913, 0.34999949, 0.34999973, 0.34999993, 0.34999999, 0.34999999, 0.34999999, 0.34999999, 0.34999999, 0.34998998, 0.99999374
0.33346206, 1.0000000, 0.91834086, 8.7151337, 9.5564222, 9.7471266, 9.9218588, 9.9596510, 9.9839258, 19.997465, 19.999344, 19.999674, 19.978123, 0.33714968, 0.34556311, 0.34747070, 0.34921846, 0.34959644, 0.34983924, 0.34998733, 0.34999672, 0.34999835, 0.34989062, 0.91834086
0.31529447, 1.0000000, 0.85251611, 7.4609141, 9.4917898, 9.6851721, 9.8658752, 9.9270658, 9.9686699, 19.993826, 19.998390, 19.998085, 19.955454, 0.32460490, 0.34491467, 0.34685007, 0.34865841, 0.34927046, 0.34968662, 0.34996912, 0.34999195, 0.34999043, 0.34977728, 0.85251611
0.34871942, 1.0000000, 0.97362101, 9.6577044, 9.7596855, 9.8720417, 9.9681005, 9.9838476, 9.9939976, 19.999397, 19.999844, 19.999928, 19.988997, 0.34657532, 0.34759581, 0.34871989, 0.34968090, 0.34983841, 0.34993994, 0.34999698, 0.34999922, 0.34999964, 0.34994498, 0.97362101
0.35599917, 1.0000000, 0.99999690, 9.9999990, 9.9999990, 9.9999990, 9.9999990, 9.9999990, 9.9999990, 19.999998, 19.999998, 19.999998, 19.998999, 0.34999958, 0.34999973, 0.34999987, 0.34999996, 0.34999999, 0.34999999, 0.34999999, 0.34999999, 0.34999999, 0.34999499, 0.99999690
0.31975013, 1.0000000, 0.86865979, 7.8405194, 9.4132175, 9.6495152, 9.8726511, 9.9328966, 9.9719286, 19.994606, 19.998587, 19.999386, 19.975138, 0.32840407, 0.34413135, 0.34649473, 0.34872642, 0.34932894, 0.34971929, 0.34997302, 0.34999293, 0.34999692, 0.34987569, 0.86865979
0.35596341, 1.0000000, 0.99986750, 9.9984646, 9.9990759, 9.9995403, 9.9999065, 9.9999514, 9.9999847, 19.999998, 19.999998, 19.999998, 19.994993, 0.34998178, 0.34998903, 0.34999454, 0.34999889, 0.34999943, 0.34999982, 0.34999999, 0.34999999, 0.34999999, 0.34997496, 0.99986750
0.35599762, 1.0000000, 0.99999130, 9.9999189, 9.9999514, 9.9999752, 9.9999933, 9.9999990, 9.9999990, 19.999998, 19.999998, 19.999998, 19.996996, 0.34999880, 0.34999928, 0.34999964, 0.34999990, 0.34999999, 0.34999999, 0.34999999, 0.34999999, 0.34999999, 0.34998497, 0.99999130
0.35599840, 1.0000000, 0.99999428, 9.9999609, 9.9999752, 9.9999876, 9.9999962, 9.9999990, 9.9999990, 19.999998, 19.999998, 19.999998, 19.997997, 0.34999922, 0.34999952, 0.34999976, 0.34999993, 0.34999999, 0.34999999, 0.34999999, 0.34999999, 0.34999999, 0.34998998, 0.99999428
0.35370553, 1.0000000, 0.99168652, 9.9819965, 9.8072891, 9.8980169, 9.9742517, 9.9869509, 9.9950790, 19.999414, 19.999849, 19.999825, 19.979134, 0.34981954, 0.34807265, 0.34898004, 0.34974250, 0.34986952, 0.34995079, 0.34999707, 0.34999925, 0.34999913, 0.34989566, 0.99168652
0.35599834, 1.0000000, 0.99999392, 9.9999990, 9.9999990, 9.9999990, 9.9999990, 9.9999990, 9.9999990, 19.999998, 19.999998, 19.999998, 19.998999, 0.34999916, 0.34999949, 0.34999976, 0.34999993, 0.34999996, 0.34999999, 0.34999999, 0.34999999, 0.34999999, 0.34999499, 0.99999392
0.35599673, 1.0000000, 0.99998808, 9.9998741, 9.9999275, 9.9999638, 9.9999905, 9.9999990, 9.9999990, 19.999998, 19.999998, 19.999998, 19.995995, 0.34999833, 0.34999904, 0.34999952, 0.34999987, 0.34999999, 0.34999999, 0.34999999, 0.34999999, 0.34999999, 0.34997997, 0.99998808
0.35599911, 1.0000000, 0.99999678, 9.9999990, 9.9999990, 9.9999990, 9.9999990, 9.9999990, 9.9999990, 19.999998, 19.999998, 19.999998, 19.998999, 0.34999955, 0.34999973, 0.34999987, 0.34999996, 0.34999999, 0.34999999, 0.34999999, 0.34999999, 0.34999999, 0.34999499, 0.99999678
0.35116106, 1.0000000, 0.98246753, 9.7481136, 9.8709240, 9.9332590, 9.9839163, 9.9918928, 9.9969692, 19.999664, 19.999916, 19.999964, 19.988997, 0.34748074, 0.34870899, 0.34933248, 0.34983912, 0.34991893, 0.34996969, 0.34999833, 0.34999958, 0.34999982, 0.34994498, 0.98246753
0.34726363, 1.0000000, 0.96834648, 9.5334101, 9.7835512, 9.8855476, 9.9712906, 9.9854679, 9.9945307, 19.999378, 19.999838, 19.999922, 19.988003, 0.34533367, 0.34783524, 0.34885532, 0.34971288, 0.34985468, 0.34994531, 0.34999689, 0.34999919, 0.34999961, 0.34994000, 0.96834648
0.32063448, 1.0000000, 0.87186402, 7.8444419, 9.4892216, 9.6942272, 9.8868160, 9.9402161, 9.9749594, 19.995226, 19.998753, 19.998957, 19.964668, 0.32844359, 0.34489161, 0.34694198, 0.34886810, 0.34940213, 0.34974959, 0.34997612, 0.34999377, 0.34999478, 0.34982336, 0.87186402
0.27850658, 1.0000000, 0.71922666, 4.9702821, 9.2827930, 9.5416098, 9.7806625, 9.8768387, 9.9445724, 19.987680, 19.996761, 19.995867, 19.943165, 0.29970014, 0.34282491, 0.34541455, 0.34780630, 0.34876823, 0.34944567, 0.34993839, 0.34998381, 0.34997934, 0.34971583, 0.71922666
0.33081895, 1.0000000, 0.90876436, 8.6344376, 9.4463911, 9.6330547, 9.7976904, 9.8780775, 9.9415684, 19.986317, 19.996342, 19.990543, 19.924498, 0.33634087, 0.34446162, 0.34632939, 0.34797665, 0.34878066, 0.34941566, 0.34993160, 0.34998173, 0.34995273, 0.34962249, 0.90876436
0.35597450, 1.0000000, 0.99990755, 9.9989920, 9.9993973, 9.9997015, 9.9999371, 9.9999695, 9.9999905, 19.999998, 19.999998, 19.999998, 19.994993, 0.34998727, 0.34999236, 0.34999621, 0.34999922, 0.34999961, 0.34999987, 0.34999999, 0.34999999, 0.34999999, 0.34997496, 0.99990755
0.35599673, 1.0000000, 0.99998820, 9.9998770, 9.9999275, 9.9999638, 9.9999905, 9.9999990, 9.9999990, 19.999998, 19.999998, 19.999998, 19.995995, 0.34999835, 0.34999904, 0.34999952, 0.34999987, 0.34999999, 0.34999999, 0.34999999, 0.34999999, 0.34999999, 0.34997997, 0.99998820
0.33045697, 1.0000000, 0.90745276, 8.5520601, 9.4899912, 9.7021399, 9.9016619, 9.9487734, 9.9793196, 19.996595, 19.999111, 19.999655, 19.980062, 0.33552060, 0.34489992, 0.34702140, 0.34901661, 0.34948772, 0.34979320, 0.34998298, 0.34999555, 0.34999827, 0.34990031, 0.90745276
0.34127617, 1.0000000, 0.94665265, 9.1799288, 9.6828651, 9.8257179, 9.9472713, 9.9729519, 9.9888954, 19.997894, 19.999451, 19.999819, 19.987009, 0.34179777, 0.34682769, 0.34825671, 0.34947261, 0.34972945, 0.34988892, 0.34998947, 0.34999725, 0.34999910, 0.34993505, 0.94665265
0.29716891, 1.0000000, 0.78684390, 6.2869315, 9.3203125, 9.5749216, 9.8147850, 9.8991480, 9.9555502, 19.990099, 19.997406, 19.998541, 19.963671, 0.31286851, 0.34320241, 0.34574884, 0.34814778, 0.34899145, 0.34955549, 0.34995049, 0.34998703, 0.34999269, 0.34981835, 0.78684390
0.24749793, 1.0000000, 0.60687655, 2.9359431, 8.9701567, 9.4739370, 9.7197704, 9.8358116, 9.9228382, 19.981602, 19.995129, 19.995266, 19.942253, 0.27935869, 0.33970022, 0.34473866, 0.34719756, 0.34835806, 0.34922835, 0.34990799, 0.34997565, 0.34997633, 0.34971127, 0.60687655
0.20963234, 1.0000000, 0.46968234, 1.5865147, 6.6825881, 9.4186630, 9.6596823, 9.7899570, 9.8947182, 19.971981, 19.992443, 19.989222, 19.923555, 0.26586434, 0.31682384, 0.34418520, 0.34659654, 0.34789941, 0.34894711, 0.34985989, 0.34996220, 0.34994611, 0.34961778, 0.46968234
0.20336430, 1.0000000, 0.44697207, 2.4875789, 4.4380698, 9.3974934, 9.6380253, 9.7697134, 9.8798218, 19.964846, 19.990145, 19.980413, 19.908035, 0.27487379, 0.29437855, 0.34397268, 0.34637979, 0.34769690, 0.34879813, 0.34982422, 0.34995073, 0.34990206, 0.34954017, 0.44697207
0.21305184, 1.0000000, 0.48207185, 1.8303752, 6.6948252, 9.4140615, 9.6427689, 9.7686729, 9.8754206, 19.959026, 19.987617, 19.969070, 19.895597, 0.26830220, 0.31694487, 0.34413823, 0.34642720, 0.34768650, 0.34875411, 0.34979513, 0.34993809, 0.34984535, 0.34947798, 0.48207185
0.30450964, 1.0000000, 0.81344068, 7.0306034, 9.0311604, 9.4888573, 9.6797037, 9.7883768, 9.8824425, 19.956018, 19.984890, 19.956059, 19.885973, 0.32030350, 0.34030965, 0.34488755, 0.34679684, 0.34788364, 0.34882441, 0.34978008, 0.34992445, 0.34978029, 0.34942988, 0.81344068
0.33059007, 1.0000000, 0.90793508, 8.7442455, 9.3053675, 9.5211058, 9.7022696, 9.8022003, 9.8886137, 19.953848, 19.981035, 19.942204, 19.878681, 0.33744121, 0.34305286, 0.34521064, 0.34702262, 0.34802198, 0.34888613, 0.34976923, 0.34990519, 0.34971100, 0.34939340, 0.90793508
0.31012514, 1.0000000, 0.83378673, 7.2340870, 9.3372650, 9.5432415, 9.7178822, 9.8123121, 9.8934546, 19.951920, 19.975552, 19.928442, 19.873236, 0.32234049, 0.34337234, 0.34543225, 0.34717879, 0.34812310, 0.34893453, 0.34975961, 0.34987777, 0.34964222, 0.34936619, 0.83378673
0.26079470, 1.0000000, 0.65505320, 3.7588682, 9.2163067, 9.4645452, 9.6790562, 9.7910471, 9.8835392, 19.946308, 19.967207, 19.915308, 19.869177, 0.28758743, 0.34216124, 0.34464452, 0.34679037, 0.34791037, 0.34883538, 0.34973153, 0.34983605, 0.34957653, 0.34934589, 0.65505320
0.21963404, 1.0000000, 0.50592041, 1.9276351, 7.3314137, 9.4074717, 9.6402817, 9.7666721, 9.8704729, 19.938654, 19.956518, 19.903440, 19.866165, 0.26927480, 0.32331058, 0.34407246, 0.34640235, 0.34766647, 0.34870464, 0.34969327, 0.34978259, 0.34951720, 0.34933084, 0.50592041
0.19526577, 1.0000000, 0.41762963, 1.3015360, 5.4133754, 9.4414520, 9.6537714, 9.7718248, 9.8710833, 19.933857, 19.945248, 19.893499, 19.864048, 0.26301381, 0.30412984, 0.34441113, 0.34653702, 0.34771788, 0.34871072, 0.34966928, 0.34972623, 0.34946749, 0.34932023, 0.41762963
0.23209596, 1.0000000, 0.55107230, 2.6340425, 7.6306257, 9.4586535, 9.6627569, 9.7764444, 9.8719635, 19.928387, 19.933207, 19.885286, 19.862513, 0.27633896, 0.32630372, 0.34458497, 0.34662724, 0.34776428, 0.34871957, 0.34964192, 0.34966603, 0.34942645, 0.34931257, 0.55107230
0.19926205, 1.0000000, 0.43210888, 1.5499949, 5.4951763, 9.4178305, 9.6423626, 9.7644138, 9.8653469, 19.920473, 19.920689, 19.878592, 19.861383, 0.26549855, 0.30494875, 0.34417576, 0.34642309, 0.34764388, 0.34865338, 0.34960237, 0.34960344, 0.34939295, 0.34930691, 0.43210888
0.17283049, 1.0000000, 0.33634233, 0.77157617, 3.6004961, 9.4180384, 9.6419783, 9.7630348, 9.8635492, 19.913353, 19.909136, 19.873405, 19.860609, 0.25771451, 0.28600141, 0.34417573, 0.34641883, 0.34762987, 0.34863535, 0.34956676, 0.34954569, 0.34936702, 0.34930304, 0.33634233
0.15693167, 0.92903334, 0.27873787, 0.69895983, 2.3564577, 8.3202600, 9.5961275, 9.7346258, 9.8487310, 19.902573, 19.897884, 19.869223, 19.859999, 0.25698826, 0.27356187, 0.33319780, 0.34596017, 0.34734568, 0.34848714, 0.34951288, 0.34948942, 0.34934610, 0.34930000, 0.27873787
0.26097932, 1.0000000, 0.65572214, 3.9095683, 9.0439911, 9.3595562, 9.6534996, 9.7658329, 9.8604422, 19.896906, 19.889393, 19.866352, 19.859638, 0.28909484, 0.34043869, 0.34359494, 0.34653488, 0.34765828, 0.34860438, 0.34948453, 0.34944695, 0.34933177, 0.34929818, 0.65572214
0.22370894, 1.0000000, 0.52068454, 2.1112144, 7.5087090, 9.4241982, 9.6462173, 9.7628689, 9.8573065, 19.887770, 19.881428, 19.863981, 19.859352, 0.27111125, 0.32508519, 0.34424078, 0.34646195, 0.34762856, 0.34857303, 0.34943885, 0.34940714, 0.34931991, 0.34929675, 0.52068454
0.18675186, 1.0000000, 0.38678208, 0.99389851, 4.9401798, 9.3684874, 9.6112661, 9.7413063, 9.8454370, 19.877436, 19.874468, 19.862110, 19.859163, 0.25993821, 0.29939952, 0.34368274, 0.34611222, 0.34741282, 0.34845427, 0.34938717, 0.34937233, 0.34931055, 0.34929582, 0.38678208
0.15520477, 0.90817946, 0.27248108, 0.49361587E-1, 2.9584618, 8.8680239, 9.5863285, 9.7238102, 9.8342152, 19.867237, 19.868624, 19.860680, 19.858992, 0.25049350, 0.27958044, 0.33867398, 0.34586194, 0.34723741, 0.34834191, 0.34933618, 0.34934312, 0.34930339, 0.34929496, 0.27248108
0.14201427, 0.74888963, 0.22468936, 0.0000000, 2.1414189, 7.4823847, 9.5779715, 9.7165298, 9.8284464, 19.859713, 19.864346, 19.859684, 19.858845, 0.24999149, 0.27141213, 0.32482025, 0.34577879, 0.34716481, 0.34828430, 0.34929857, 0.34932172, 0.34929842, 0.34929422, 0.22468936
0.13119046, 0.61818051, 0.18547270, 0.97069144E-1, 1.3894081, 6.0542402, 9.5589724, 9.7031612, 9.8202820, 19.852873, 19.860895, 19.858908, 19.858757, 0.25097039, 0.26389149, 0.31053674, 0.34558794, 0.34703073, 0.34820253, 0.34926435, 0.34930447, 0.34929454, 0.34929377, 0.18547270
0.11697618, 0.44652754, 0.13397166, 0.0000000, 0.64496696, 4.4456296, 9.5113497, 9.6721888, 9.8041220, 19.845516, 19.857788, 19.858217, 19.858658, 0.24998339, 0.25644895, 0.29445386, 0.34511244, 0.34672135, 0.34804106, 0.34922758, 0.34928894, 0.34929109, 0.34929329, 0.13397166
0.13061939, 0.61128408, 0.18340357, 1.5853673, 0.23023188, 3.2781687, 9.5441103, 9.6896753, 9.8097095, 19.842474, 19.856146, 19.857904, 19.858658, 0.26585114, 0.25230211, 0.28278011, 0.34544018, 0.34689629, 0.34809694, 0.34921238, 0.34928071, 0.34928954, 0.34929329, 0.18340357
0.15456805, 0.90049028, 0.27017412, 1.5708834, 1.8472195, 5.8703861, 9.5694876, 9.7079096, 9.8169432, 19.840748, 19.855108, 19.857737, 19.858669, 0.26570645, 0.26847053, 0.30870119, 0.34569401, 0.34707865, 0.34816930, 0.34920374, 0.34927553, 0.34928867, 0.34929335, 0.27017412
0.16868791, 1.0000000, 0.32133296, 1.9778341, 2.0723968, 7.4661336, 9.5988560, 9.7237482, 9.8232460, 19.839281, 19.854319, 19.857590, 19.858675, 0.26977643, 0.27072278, 0.32465920, 0.34598804, 0.34723720, 0.34823236, 0.34919640, 0.34927160, 0.34928796, 0.34929338, 0.32133296
0.14172190, 0.74535906, 0.22363009, 0.82409382, 1.3824046, 6.1854272, 9.5716753, 9.7082176, 9.8161955, 19.836306, 19.853283, 19.857376, 19.858635, 0.25823978, 0.26382285, 0.31185165, 0.34571594, 0.34708175, 0.34816182, 0.34918153, 0.34926641, 0.34928688, 0.34929317, 0.22363009
0.14193344, 0.74791354, 0.22439651, 1.5420347, 0.84251165, 4.9278531, 9.5582933, 9.6996298, 9.8127060, 19.835491, 19.852877, 19.857319, 19.858646, 0.26541650, 0.25842386, 0.29927483, 0.34558150, 0.34699559, 0.34812683, 0.34917745, 0.34926438, 0.34928659, 0.34929323, 0.22439651
0.15301359, 0.88171834, 0.26454195, 2.1634312, 1.5581638, 4.0885134, 9.6064072, 9.7274399, 9.8244886, 19.837065, 19.853167, 19.857437, 19.858704, 0.27163088, 0.26558015, 0.29088321, 0.34606314, 0.34727395, 0.34824473, 0.34918532, 0.34926584, 0.34928718, 0.34929353, 0.26454195
0.13964945, 0.72033191, 0.21612118, 1.4849871, 1.6264558, 2.9980772, 9.5535650, 9.6970701, 9.8108387, 19.833710, 19.852213, 19.857246, 19.858616, 0.26484928, 0.26626417, 0.27998042, 0.34553540, 0.34697059, 0.34810835, 0.34916854, 0.34926108, 0.34928623, 0.34929308, 0.21612118
0.16436213, 1.0000000, 0.30565986, 2.4470358, 2.3419917, 4.3227696, 9.5651550, 9.7453213, 9.8315859, 19.837330, 19.853136, 19.857485, 19.858709, 0.27446741, 0.27341822, 0.29322612, 0.34565088, 0.34745285, 0.34831575, 0.34918666, 0.34926569, 0.34928742, 0.34929353, 0.30565986
0.13837750, 0.70497179, 0.21151268, 1.2692034, 1.6592026, 3.3361776, 9.5821133, 9.7206011, 9.8222551, 19.836357, 19.852873, 19.857424, 19.858664, 0.26269150, 0.26659161, 0.28336138, 0.34582090, 0.34720588, 0.34822252, 0.34918177, 0.34926435, 0.34928712, 0.34929332, 0.21151268
0.11809415, 0.46002823, 0.13802227, 0.38209260, 1.0519445, 2.6811867, 9.2347918, 9.7026472, 9.8145609, 19.835609, 19.852661, 19.857382, 19.858675, 0.25381917, 0.26051652, 0.27680814, 0.34234536, 0.34702513, 0.34814516, 0.34917805, 0.34926331, 0.34928691, 0.34929338, 0.13802227
0.34963351, 1.0000000, 0.97693294, 9.7680378, 9.7112398, 9.8277950, 9.9531469, 9.9761076, 9.9908199, 19.998800, 19.999678, 19.999884, 19.987009, 0.34767458, 0.34710890, 0.34827620, 0.34953111, 0.34976089, 0.34990814, 0.34999400, 0.34999838, 0.34999943, 0.34993505, 0.97693294
0.34623456, 1.0000000, 0.96461797, 9.4954576, 9.7375574, 9.8592119, 9.9635849, 9.9815102, 9.9930124, 19.999165, 19.999779, 19.999901, 19.986019, 0.34495059, 0.34737310, 0.34859085, 0.34963560, 0.34981498, 0.34993008, 0.34999582, 0.34999889, 0.34999949, 0.34993011, 0.96461797
0.31954455, 1.0000000, 0.86791497, 7.8548064, 9.3880768, 9.6080437, 9.8527994, 9.9217520, 9.9678822, 19.994612, 19.998592, 19.998781, 19.962788, 0.32854635, 0.34387952, 0.34607980, 0.34852788, 0.34921747, 0.34967878, 0.34997305, 0.34999296, 0.34999391, 0.34981394, 0.86791497
0.27673149, 1.0000000, 0.71279520, 4.8470550, 9.2796507, 9.5333319, 9.7689352, 9.8683357, 9.9412680, 19.988365, 19.996941, 19.995588, 19.941500, 0.29846767, 0.34279320, 0.34533161, 0.34768900, 0.34868318, 0.34941262, 0.34994182, 0.34998471, 0.34997794, 0.34970748, 0.71279520
0.23149987, 1.0000000, 0.54891253, 2.5177569, 7.7608695, 9.4339905, 9.6839647, 9.8098536, 9.9086103, 19.978962, 19.994398, 19.989473, 19.922947, 0.27517495, 0.32760385, 0.34433696, 0.34683904, 0.34809825, 0.34908602, 0.34989482, 0.34997198, 0.34994736, 0.34961474, 0.54891253
0.20587546, 1.0000000, 0.45607048, 2.0212889, 5.5056663, 9.4194365, 9.6539898, 9.7828770, 9.8893805, 19.971207, 19.992002, 19.980516, 19.907532, 0.27020988, 0.30505174, 0.34419012, 0.34653905, 0.34782833, 0.34889367, 0.34985602, 0.34996003, 0.34990257, 0.34953767, 0.45607048
0.35599905, 1.0000000, 0.99999660, 9.9999990, 9.9999990, 9.9999990, 9.9999990, 9.9999990, 9.9999990, 19.999998, 19.999998, 19.999998, 19.998999, 0.34999952, 0.34999973, 0.34999985, 0.34999996, 0.34999999, 0.34999999, 0.34999999, 0.34999999, 0.34999999, 0.34999499, 0.99999660
0.35599601, 1.0000000, 0.99998558, 9.9998503, 9.9999104, 9.9999542, 9.9999905, 9.9999962, 9.9999990, 19.999998, 19.999998, 19.999998, 19.996996, 0.34999800, 0.34999880, 0.34999940, 0.34999987, 0.34999996, 0.34999999, 0.34999999, 0.34999999, 0.34999999, 0.34998497, 0.99998558
0.35599911, 1.0000000, 0.99999672, 9.9999990, 9.9999990, 9.9999990, 9.9999990, 9.9999990, 9.9999990, 19.999998, 19.999998, 19.999998, 19.998999, 0.34999955, 0.34999973, 0.34999985, 0.34999996, 0.34999999, 0.34999999, 0.34999999, 0.34999999, 0.34999999, 0.34999499, 0.99999672
0.34705532, 1.0000000, 0.96759170, 9.5801182, 9.7091169, 9.8325882, 9.9551659, 9.9771414, 9.9914122, 19.999058, 19.999748, 19.999861, 19.983068, 0.34580070, 0.34709087, 0.34832573, 0.34955162, 0.34977138, 0.34991413, 0.34999529, 0.34999874, 0.34999931, 0.34991533, 0.96759170
0.35599619, 1.0000000, 0.99998617, 9.9998560, 9.9999161, 9.9999542, 9.9999905, 9.9999962, 9.9999990, 19.999998, 19.999992, 19.999998, 19.996996, 0.34999809, 0.34999886, 0.34999940, 0.34999987, 0.34999996, 0.34999999, 0.34999999, 0.34999996, 0.34999999, 0.34998497, 0.99998617
0.33342779, 1.0000000, 0.91821665, 8.7722883, 9.4904499, 9.6860170, 9.8984613, 9.9471331, 9.9790983, 19.996988, 19.999218, 19.999685, 19.981050, 0.33772191, 0.34490386, 0.34685984, 0.34898454, 0.34947130, 0.34979099, 0.34998494, 0.34999609, 0.34999841, 0.34990525, 0.91821665
0.29114366, 1.0000000, 0.76501328, 5.8892221, 9.2784691, 9.5386705, 9.7841492, 9.8798456, 9.9473572, 19.989555, 19.997263, 19.998037, 19.958090, 0.30888897, 0.34278163, 0.34538513, 0.34784117, 0.34879827, 0.34947351, 0.34994778, 0.34998631, 0.34999019, 0.34979045, 0.76501328
0.24769115, 1.0000000, 0.60757661, 2.9420495, 8.9814138, 9.4781933, 9.7204037, 9.8342714, 9.9221601, 19.982924, 19.995487, 19.994291, 19.937334, 0.27941924, 0.33981186, 0.34478074, 0.34720379, 0.34834260, 0.34922156, 0.34991461, 0.34997743, 0.34997147, 0.34968668, 0.60757661
0.20778720, 1.0000000, 0.46299711, 1.6476184, 6.3708320, 9.3954315, 9.6516199, 9.7850771, 9.8935432, 19.974279, 19.993078, 19.987595, 19.919445, 0.26647484, 0.31370524, 0.34395206, 0.34651572, 0.34785053, 0.34893534, 0.34987140, 0.34996539, 0.34993798, 0.34959722, 0.46299711
0.18051219, 1.0000000, 0.36417454, 0.86075366, 4.3811650, 9.4110088, 9.6499605, 9.7770395, 9.8841553, 19.968519, 19.991062, 19.978188, 19.904711, 0.25860646, 0.29380837, 0.34410655, 0.34649891, 0.34777004, 0.34884143, 0.34984261, 0.34995532, 0.34989095, 0.34952354, 0.36417454
0.15538847, 0.91039783, 0.27314666, 0.10322034, 2.9017539, 8.8330441, 9.6296654, 9.7613592, 9.8732195, 19.961935, 19.988214, 19.966291, 19.892956, 0.25103188, 0.27901223, 0.33832237, 0.34629491, 0.34761271, 0.34873191, 0.34980968, 0.34994107, 0.34983146, 0.34946477, 0.27314666
0.35021937, 1.0000000, 0.97905564, 9.6977186, 9.8482008, 9.9211435, 9.9815388, 9.9906940, 9.9966145, 19.999712, 19.999928, 19.999964, 19.988997, 0.34697410, 0.34848014, 0.34921047, 0.34981522, 0.34990686, 0.34996611, 0.34999856, 0.34999964, 0.34999982, 0.34994498, 0.97905564
0.30228627, 1.0000000, 0.80538499, 6.6634998, 9.3096600, 9.5750456, 9.8308458, 9.9094114, 9.9615364, 19.992437, 19.998032, 19.998812, 19.965565, 0.31662977, 0.34309220, 0.34574819, 0.34830797, 0.34909388, 0.34961528, 0.34996217, 0.34999016, 0.34999406, 0.34982783, 0.80538499
0.25266704, 1.0000000, 0.62560523, 3.1597788, 9.2147264, 9.4846516, 9.7336683, 9.8459759, 9.9294233, 19.984554, 19.995934, 19.995792, 19.943960, 0.28159523, 0.34214276, 0.34484419, 0.34733620, 0.34845951, 0.34929416, 0.34992278, 0.34997967, 0.34997895, 0.34971979, 0.62560523
0.23569728, 1.0000000, 0.56412059, 2.6559532, 7.9951639, 9.5102148, 9.7161198, 9.8255167, 9.9140282, 19.979115, 19.994411, 19.990305, 19.925087, 0.27655715, 0.32994732, 0.34509957, 0.34716067, 0.34825489, 0.34914020, 0.34989557, 0.34997207, 0.34995154, 0.34962544, 0.56412059
0.23018323, 1.0000000, 0.54414213, 2.3770423, 7.7580657, 9.5748196, 9.7426558, 9.8353796, 9.9144373, 19.976927, 19.993542, 19.982115, 19.909370, 0.27376944, 0.32757875, 0.34574699, 0.34742633, 0.34835368, 0.34914434, 0.34988463, 0.34996772, 0.34991056, 0.34954685, 0.54414213
0.25753337, 1.0000000, 0.64323676, 3.4791093, 9.2213869, 9.5781412, 9.7513876, 9.8393173, 9.9147463, 19.975218, 19.992346, 19.971287, 19.896719, 0.28479081, 0.34221345, 0.34578121, 0.34751385, 0.34839314, 0.34914747, 0.34987611, 0.34996173, 0.34985644, 0.34948361, 0.64323676
0.34643930, 1.0000000, 0.96535975, 9.8337355, 9.3938437, 9.5313644, 9.7314901, 9.8279457, 9.9087057, 19.971893, 19.989931, 19.958408, 19.886847, 0.34833685, 0.34393817, 0.34531349, 0.34731486, 0.34827945, 0.34908706, 0.34985948, 0.34994966, 0.34979203, 0.34943423, 0.96535975
0.35599715, 1.0000000, 0.99998963, 9.9999037, 9.9999428, 9.9999723, 9.9999933, 9.9999962, 9.9999990, 19.999998, 19.999998, 19.999582, 19.945810, 0.34999856, 0.34999913, 0.34999958, 0.34999990, 0.34999996, 0.34999999, 0.34999999, 0.34999999, 0.34999791, 0.34972906, 0.99998963
0.35599327, 1.0000000, 0.99997556, 9.9997072, 9.9998264, 9.9999132, 9.9999819, 9.9999905, 9.9999990, 19.999998, 19.999998, 19.999996, 19.993994, 0.34999663, 0.34999800, 0.34999898, 0.34999979, 0.34999990, 0.34999999, 0.34999999, 0.34999999, 0.34999996, 0.34996998, 0.99997556
0.35474914, 1.0000000, 0.99546778, 9.9370842, 9.9635496, 9.9816380, 9.9962749, 9.9981461, 9.9993858, 19.999998, 19.999998, 19.999989, 19.991005, 0.34937039, 0.34963521, 0.34981623, 0.34996271, 0.34998146, 0.34999385, 0.34999999, 0.34999999, 0.34999993, 0.34995502, 0.99546778
0.35599178, 1.0000000, 0.99997014, 9.9996777, 9.9998055, 9.9999037, 9.9999790, 9.9999905, 9.9999990, 19.999998, 19.999998, 19.999998, 19.994993, 0.34999588, 0.34999752, 0.34999877, 0.34999973, 0.34999987, 0.34999999, 0.34999999, 0.34999999, 0.34999999, 0.34997496, 0.99997014
0.35600001, 1.0000000, 1.0000000, 9.9999990, 9.9999990, 9.9999990, 9.9999990, 9.9999990, 9.9999990, 19.999998, 19.999998, 19.999998, 19.997997, 0.34999999, 0.34999999, 0.34999999, 0.34999999, 0.34999999, 0.34999999, 0.34999999, 0.34999999, 0.34999999, 0.34998998, 1.0000000
0.35549104, 1.0000000, 0.99815589, 9.9745255, 9.9849548, 9.9924536, 9.9984827, 9.9992390, 9.9997492, 19.999998, 19.999998, 19.999989, 19.991005, 0.34974524, 0.34984955, 0.34992453, 0.34998482, 0.34999239, 0.34999749, 0.34999999, 0.34999999, 0.34999993, 0.34995502, 0.99815589
0.35599500, 1.0000000, 0.99998188, 9.9997997, 9.9998798, 9.9999399, 9.9999876, 9.9999905, 9.9999990, 19.999998, 19.999998, 19.999998, 19.994993, 0.34999749, 0.34999850, 0.34999925, 0.34999985, 0.34999987, 0.34999999, 0.34999999, 0.34999999, 0.34999999, 0.34997496, 0.99998188
0.35599905, 1.0000000, 0.99999648, 9.9999990, 9.9999990, 9.9999990, 9.9999990, 9.9999990, 9.9999990, 19.999998, 19.999998, 19.999998, 19.998999, 0.34999952, 0.34999970, 0.34999985, 0.34999996, 0.34999999, 0.34999999, 0.34999999, 0.34999999, 0.34999999, 0.34999499, 0.99999648
0.33670908, 1.0000000, 0.93010527, 8.9900007, 9.5095663, 9.7126875, 9.9051228, 9.9505587, 9.9801559, 19.996851, 19.999176, 19.999535, 19.975185, 0.33989954, 0.34509537, 0.34712672, 0.34905121, 0.34950557, 0.34980157, 0.34998426, 0.34999588, 0.34999767, 0.34987593, 0.93010527
0.30120325, 1.0000000, 0.80146104, 6.5553546, 9.3502665, 9.5924435, 9.8229008, 9.9025269, 9.9585276, 19.992628, 19.998074, 19.997681, 19.952753, 0.31555316, 0.34350234, 0.34592426, 0.34822896, 0.34902525, 0.34958526, 0.34996313, 0.34999037, 0.34998840, 0.34976375, 0.80146104
0.25260976, 1.0000000, 0.62539762, 3.1536009, 9.2166786, 9.4861441, 9.7353115, 9.8455820, 9.9298573, 19.986389, 19.996414, 19.993313, 19.932638, 0.28153479, 0.34216464, 0.34486035, 0.34735286, 0.34845570, 0.34929854, 0.34993196, 0.34998208, 0.34996656, 0.34966320, 0.62539762
0.24017490, 1.0000000, 0.58034384, 2.8118074, 8.2946253, 9.4766235, 9.7021465, 9.8173132, 9.9112825, 19.980947, 19.994801, 19.986109, 19.915581, 0.27811617, 0.33294287, 0.34476429, 0.34702107, 0.34817293, 0.34911275, 0.34990475, 0.34997401, 0.34993055, 0.34957790, 0.58034384
0.24425977, 1.0000000, 0.59514409, 2.8538346, 8.7011051, 9.5063133, 9.7147141, 9.8193665, 9.9079361, 19.978205, 19.993603, 19.976282, 19.901665, 0.27853814, 0.33701062, 0.34506294, 0.34714708, 0.34819365, 0.34907937, 0.34989101, 0.34996802, 0.34988141, 0.34950832, 0.59514409
0.21531914, 1.0000000, 0.49028674, 1.9626409, 6.7238746, 9.4497337, 9.6848698, 9.8001318, 9.8967733, 19.973625, 19.991266, 19.964039, 19.890640, 0.26962560, 0.31723711, 0.34449616, 0.34684846, 0.34800118, 0.34896770, 0.34986812, 0.34995633, 0.34982020, 0.34945321, 0.49028674
0.18862581, 1.0000000, 0.39357176, 1.1558801, 4.8467360, 9.4502344, 9.6706076, 9.7885971, 9.8882647, 19.968208, 19.987572, 19.950308, 19.882179, 0.26155779, 0.29846480, 0.34449983, 0.34670559, 0.34788570, 0.34888256, 0.34984106, 0.34993786, 0.34975153, 0.34941089, 0.39357176
0.35594535, 1.0000000, 0.99980199, 9.9977732, 9.9986610, 9.9993286, 9.9998655, 9.9999342, 9.9999790, 19.999998, 19.999998, 19.999996, 19.993994, 0.34997278, 0.34998366, 0.34999180, 0.34999835, 0.34999919, 0.34999973, 0.34999999, 0.34999999, 0.34999996, 0.34996998, 0.99980199
0.35599613, 1.0000000, 0.99998593, 9.9998560, 9.9999104, 9.9999542, 9.9999905, 9.9999990, 9.9999990, 19.999998, 19.999998, 19.999998, 19.995995, 0.34999809, 0.34999880, 0.34999940, 0.34999987, 0.34999999, 0.34999999, 0.34999999, 0.34999999, 0.34999999, 0.34997997, 0.99998593
0.35599399, 1.0000000, 0.99997813, 9.9997492, 9.9998503, 9.9999218, 9.9999847, 9.9999905, 9.9999962, 19.999998, 19.999998, 19.999998, 19.995995, 0.34999698, 0.34999821, 0.34999907, 0.34999982, 0.34999987, 0.34999996, 0.34999999, 0.34999999, 0.34999999, 0.34997997, 0.99997813
0.32605070, 1.0000000, 0.89148802, 8.2298641, 9.4929228, 9.7050409, 9.9060087, 9.9511805, 9.9806890, 19.997162, 19.999260, 19.999578, 19.976048, 0.33229816, 0.34492889, 0.34705022, 0.34906006, 0.34951177, 0.34980690, 0.34998581, 0.34999630, 0.34999788, 0.34988025, 0.89148802
0.35597223, 1.0000000, 0.99989933, 9.9989567, 9.9993763, 9.9996862, 9.9999371, 9.9999638, 9.9999905, 19.999998, 19.999998, 19.999998, 19.994993, 0.34998614, 0.34999171, 0.34999582, 0.34999916, 0.34999955, 0.34999987, 0.34999999, 0.34999999, 0.34999999, 0.34997496, 0.99989933
0.32643557, 1.0000000, 0.89288241, 8.2729759, 9.4753475, 9.6918831, 9.8967018, 9.9460649, 9.9781475, 19.996363, 19.999050, 19.999584, 19.978106, 0.33272931, 0.34475318, 0.34691867, 0.34896699, 0.34946063, 0.34978148, 0.34998181, 0.34999526, 0.34999794, 0.34989053, 0.89288241
0.28246498, 1.0000000, 0.73356873, 5.2513204, 9.2881355, 9.5463877, 9.7919302, 9.8841743, 9.9497757, 19.990507, 19.997532, 19.997835, 19.955400, 0.30251163, 0.34287968, 0.34546301, 0.34791911, 0.34884164, 0.34949774, 0.34995252, 0.34998766, 0.34998918, 0.34977701, 0.73356873
0.25179678, 1.0000000, 0.62245214, 3.0119138, 9.3180895, 9.5528278, 9.7646227, 9.8606033, 9.9354792, 19.986954, 19.996582, 19.993996, 19.935007, 0.28011656, 0.34317607, 0.34552580, 0.34764573, 0.34860578, 0.34935471, 0.34993476, 0.34998292, 0.34996998, 0.34967503, 0.62245214
0.35596925, 1.0000000, 0.99988866, 9.9995699, 9.9997435, 9.9998713, 9.9999723, 9.9999876, 9.9999962, 19.999998, 19.999998, 19.999998, 19.997997, 0.34998468, 0.34999081, 0.34999540, 0.34999907, 0.34999955, 0.34999985, 0.34999999, 0.34999999, 0.34999999, 0.34998998, 0.99988866
0.35599899, 1.0000000, 0.99999619, 9.9999962, 9.9999990, 9.9999990, 9.9999990, 9.9999990, 9.9999990, 19.999998, 19.999998, 19.999998, 19.998999, 0.34999946, 0.34999970, 0.34999985, 0.34999996, 0.34999996, 0.34999999, 0.34999999, 0.34999999, 0.34999999, 0.34999499, 0.99999619
0.35599458, 1.0000000, 0.99998027, 9.9999990, 9.9999990, 9.9999990, 9.9999990, 9.9999990, 9.9999990, 19.999998, 19.999998, 19.999998, 19.998999, 0.34999728, 0.34999835, 0.34999919, 0.34999985, 0.34999990, 0.34999996, 0.34999999, 0.34999999, 0.34999999, 0.34999499, 0.99998027
0.35599804, 1.0000000, 0.99999273, 9.9999514, 9.9999695, 9.9999819, 9.9999962, 9.9999962, 9.9999990, 19.999992, 19.999998, 19.999998, 19.997997, 0.34999901, 0.34999940, 0.34999967, 0.34999993, 0.34999993, 0.34999999, 0.34999996, 0.34999999, 0.34999999, 0.34998998, 0.99999273
0.32483482, 1.0000000, 0.88708264, 8.1490135, 9.4845886, 9.6986094, 9.9017706, 9.9488516, 9.9795809, 19.996864, 19.999182, 19.999516, 19.974216, 0.33148971, 0.34484559, 0.34698594, 0.34901768, 0.34948850, 0.34979582, 0.34998432, 0.34999591, 0.34999758, 0.34987110, 0.88708264
0.28538084, 1.0000000, 0.74413353, 5.4326782, 9.3227253, 9.5715790, 9.8109331, 9.8954535, 9.9558325, 19.992676, 19.998091, 19.997580, 19.951866, 0.30432567, 0.34322613, 0.34571519, 0.34810922, 0.34895447, 0.34955829, 0.34996337, 0.34999046, 0.34998789, 0.34975934, 0.74413353
0.27364334, 1.0000000, 0.70160627, 4.6542706, 9.2451477, 9.5048647, 9.7460670, 9.8512344, 9.9333458, 19.988638, 19.997028, 19.993240, 19.931911, 0.29654098, 0.34244943, 0.34504759, 0.34746048, 0.34851223, 0.34933344, 0.34994319, 0.34998515, 0.34996620, 0.34965956, 0.70160627
0.27159095, 1.0000000, 0.69417012, 4.4546409, 9.3113403, 9.5420523, 9.7477131, 9.8451643, 9.9260759, 19.986567, 19.996336, 19.986177, 19.915018, 0.29454571, 0.34311250, 0.34542009, 0.34747705, 0.34845158, 0.34926072, 0.34993285, 0.34998167, 0.34993088, 0.34957510, 0.69417012
0.25600126, 1.0000000, 0.63768572, 3.2896912, 9.3583803, 9.5666542, 9.7494421, 9.8422661, 9.9208679, 19.983864, 19.995171, 19.976261, 19.901217, 0.28289497, 0.34358051, 0.34566486, 0.34749410, 0.34842247, 0.34920862, 0.34991932, 0.34997585, 0.34988129, 0.34950608, 0.63768572
0.22986515, 1.0000000, 0.54298967, 2.2448750, 7.9746904, 9.5099154, 9.7228346, 9.8251982, 9.9108562, 19.980072, 19.993065, 19.963970, 19.890305, 0.27244836, 0.32974607, 0.34509864, 0.34722826, 0.34825194, 0.34910855, 0.34990036, 0.34996533, 0.34981984, 0.34945151, 0.54298967
0.26682952, 1.0000000, 0.67691851, 4.1163330, 9.2937813, 9.5581255, 9.7430601, 9.8344641, 9.9130936, 19.978590, 19.990446, 19.950449, 19.881990, 0.29116127, 0.34293503, 0.34557983, 0.34743029, 0.34834448, 0.34913087, 0.34989294, 0.34995222, 0.34975225, 0.34940994, 0.67691851
0.32394871, 1.0000000, 0.88387209, 8.3029652, 9.2181358, 9.5512161, 9.7403011, 9.8325901, 9.9112320, 19.976057, 19.986029, 19.936443, 19.875708, 0.33302781, 0.34218013, 0.34551153, 0.34740290, 0.34832585, 0.34911230, 0.34988028, 0.34993014, 0.34968221, 0.34937853, 0.88387209
0.35438722, 1.0000000, 0.99415660, 9.9999428, 9.9669247, 9.7021408, 9.9030867, 9.9495478, 9.9798546, 19.996899, 19.999201, 19.999718, 19.983032, 0.34999889, 0.34966892, 0.34702125, 0.34903082, 0.34949544, 0.34979856, 0.34998450, 0.34999600, 0.34999859, 0.34991515, 0.99415660
0.34775323, 1.0000000, 0.97012025, 9.8393345, 9.4805622, 9.6264009, 9.8436995, 9.9141874, 9.9645939, 19.994839, 19.998657, 19.998569, 19.960049, 0.34838721, 0.34480208, 0.34626222, 0.34843665, 0.34914169, 0.34964588, 0.34997419, 0.34999329, 0.34999284, 0.34980023, 0.97012025
0.35599804, 1.0000000, 0.99999279, 9.9999514, 9.9999695, 9.9999847, 9.9999962, 9.9999990, 9.9999990, 19.999998, 19.999998, 19.999998, 19.997997, 0.34999901, 0.34999940, 0.34999970, 0.34999993, 0.34999996, 0.34999999, 0.34999999, 0.34999999, 0.34999999, 0.34998998, 0.99999279
0.35599893, 1.0000000, 0.99999613, 9.9999990, 9.9999990, 9.9999990, 9.9999990, 9.9999990, 9.9999990, 19.999998, 19.999998, 19.999998, 19.998999, 0.34999946, 0.34999967, 0.34999985, 0.34999996, 0.34999996, 0.34999999, 0.34999999, 0.34999999, 0.34999999, 0.34999499, 0.99999613
0.35361302, 1.0000000, 0.99135160, 9.8786135, 9.9323578, 9.9656324, 9.9929523, 9.9964714, 9.9988194, 19.999992, 19.999998, 19.999891, 19.980413, 0.34878513, 0.34932297, 0.34965602, 0.34992945, 0.34996468, 0.34998819, 0.34999996, 0.34999999, 0.34999946, 0.34990206, 0.99135160
0.35590464, 1.0000000, 0.99965453, 9.9967842, 9.9980717, 9.9990339, 9.9998083, 9.9998980, 9.9999666, 19.999998, 19.999998, 19.999998, 19.996996, 0.34995249, 0.34997150, 0.34998572, 0.34999716, 0.34999853, 0.34999952, 0.34999999, 0.34999999, 0.34999999, 0.34998497, 0.99965453
0.35599917, 1.0000000, 0.99999702, 9.9999990, 9.9999990, 9.9999990, 9.9999990, 9.9999990, 9.9999990, 19.999998, 19.999998, 19.999998, 19.998999, 0.34999958, 0.34999976, 0.34999987, 0.34999996, 0.34999999, 0.34999999, 0.34999999, 0.34999999, 0.34999999, 0.34999499, 0.99999702
0.35599816, 1.0000000, 0.99999332, 9.9999962, 9.9999990, 9.9999990, 9.9999990, 9.9999990, 9.9999990, 19.999998, 19.999998, 19.999998, 19.998999, 0.34999907, 0.34999946, 0.34999973, 0.34999993, 0.34999996, 0.34999999, 0.34999999, 0.34999999, 0.34999999, 0.34999499, 0.99999332
0.33557075, 1.0000000, 0.92598093, 8.8297157, 9.6027460, 9.7763996, 9.9395790, 9.9690685, 9.9886904, 19.999123, 19.999767, 19.999716, 19.976204, 0.33829716, 0.34602746, 0.34776399, 0.34939578, 0.34969068, 0.34988689, 0.34999561, 0.34999883, 0.34999859, 0.34988102, 0.92598093
0.30832073, 1.0000000, 0.82724899, 6.9941425, 9.4398184, 9.6576853, 9.8730288, 9.9321117, 9.9735518, 19.997221, 19.999271, 19.998083, 19.953728, 0.31993869, 0.34439597, 0.34657574, 0.34873006, 0.34932101, 0.34973550, 0.34998611, 0.34999636, 0.34999043, 0.34976864, 0.82724899
0.27244630, 1.0000000, 0.69726914, 4.5009775, 9.3183146, 9.5651760, 9.7988577, 9.8867540, 9.9522905, 19.993467, 19.998293, 19.994022, 19.933544, 0.29500878, 0.34318191, 0.34565109, 0.34798846, 0.34886748, 0.34952286, 0.34996733, 0.34999147, 0.34997010, 0.34966773, 0.69726914
0.24350037, 1.0000000, 0.59239262, 2.8873801, 8.5311251, 9.5384455, 9.7614059, 9.8587608, 9.9367895, 19.990936, 19.997530, 19.987186, 19.916367, 0.27887148, 0.33530712, 0.34538215, 0.34761357, 0.34858736, 0.34936780, 0.34995466, 0.34998766, 0.34993595, 0.34958184, 0.59239262
0.21858494, 1.0000000, 0.50211936, 2.1141112, 6.8347187, 9.5001602, 9.7259216, 9.8327131, 9.9205942, 19.986853, 19.996058, 19.977385, 19.902273, 0.27113977, 0.31834459, 0.34499979, 0.34725887, 0.34832695, 0.34920588, 0.34993428, 0.34998029, 0.34988692, 0.34951136, 0.50211936
0.19662082, 1.0000000, 0.42253920, 1.4679939, 5.2682281, 9.4899845, 9.7096825, 9.8184376, 9.9096565, 19.982840, 19.993988, 19.965269, 19.891136, 0.26467520, 0.30267212, 0.34489065, 0.34709495, 0.34818342, 0.34909624, 0.34991419, 0.34996992, 0.34982634, 0.34945568, 0.42253920
0.17431125, 1.0000000, 0.34170741, 0.83656311, 3.6471553, 9.4554539, 9.6860790, 9.8013897, 9.8985271, 19.978214, 19.990692, 19.951618, 19.882568, 0.25836140, 0.28646052, 0.34454024, 0.34685788, 0.34801242, 0.34898475, 0.34989107, 0.34995347, 0.34975809, 0.34941286, 0.34170741
0.15618102, 0.91996866, 0.27601820, 0.28808117, 2.7062833, 8.7926188, 9.6674919, 9.7876701, 9.8895035, 19.973406, 19.985802, 19.937492, 19.876120, 0.25287828, 0.27704853, 0.33790293, 0.34666982, 0.34787410, 0.34889418, 0.34986705, 0.34992900, 0.34968746, 0.34938061, 0.27601820
0.14327657, 0.76413333, 0.22926293, 0.0000000, 2.1383910, 7.7742596, 9.6518173, 9.7762051, 9.8823347, 19.968845, 19.979038, 19.923742, 19.871317, 0.24999562, 0.27137312, 0.32772300, 0.34651330, 0.34775957, 0.34882250, 0.34984422, 0.34989518, 0.34961870, 0.34935659, 0.22926293
0.13530149, 0.66782552, 0.20036769, 0.0000000, 1.6564339, 6.8125329, 9.6461029, 9.7711153, 9.8784437, 19.964487, 19.970339, 19.911137, 19.867792, 0.24999562, 0.26655680, 0.31810984, 0.34645665, 0.34770891, 0.34878370, 0.34982243, 0.34985170, 0.34955567, 0.34933895, 0.20036769
0.12812665, 0.58118170, 0.17437196, 0.0000000, 1.2561381, 5.8811865, 9.6410198, 9.7672348, 9.8761244, 19.960747, 19.960060, 19.900148, 19.865246, 0.24999562, 0.26255521, 0.30879742, 0.34640548, 0.34766993, 0.34876046, 0.34980375, 0.34980029, 0.34950075, 0.34932622, 0.17437196
0.12110393, 0.49637470, 0.14892730, 0.0000000, 0.88713169, 4.9269352, 9.6242180, 9.7568283, 9.8711061, 19.956255, 19.948387, 19.890873, 19.863407, 0.24999562, 0.25886682, 0.29925683, 0.34623730, 0.34756580, 0.34871024, 0.34978127, 0.34974194, 0.34945437, 0.34931704, 0.14892730
0.11527816, 0.42602211, 0.12781942, 0.0000000, 0.60437620, 4.0857425, 9.6266699, 9.7572899, 9.8702774, 19.951160, 19.936096, 19.883301, 19.862095, 0.24999562, 0.25603810, 0.29083833, 0.34625769, 0.34756833, 0.34870124, 0.34975579, 0.34968048, 0.34941649, 0.34931046, 0.12781942
0.10981734, 0.36007676, 0.10803384, 0.0000000, 0.35588443, 3.2650254, 9.6159964, 9.7505884, 9.8666487, 19.944773, 19.923784, 19.877268, 19.861155, 0.24999562, 0.25355652, 0.28263965, 0.34615371, 0.34750271, 0.34866542, 0.34972388, 0.34961891, 0.34938633, 0.34930578, 0.10803384
0.10533875, 0.30599296, 0.91807067E-1, 0.0000000, 0.13546348, 2.6860714, 9.3130579, 9.7343807, 9.8585339, 19.936907, 19.912043, 19.872540, 19.860474, 0.24999562, 0.25135377, 0.27685204, 0.34312457, 0.34734064, 0.34858426, 0.34968454, 0.34956020, 0.34936270, 0.34930235, 0.91807067E-1
0.10199551, 0.26561967, 0.79693869E-1, 0.0000000, 0.0000000, 2.2510350, 8.8159809, 9.7164202, 9.8489141, 19.928186, 19.901430, 19.868889, 19.859999, 0.24999562, 0.24998906, 0.27250001, 0.33815169, 0.34715974, 0.34848762, 0.34964094, 0.34950715, 0.34934443, 0.34930000, 0.79693869E-1
0.10053988, 0.24804130, 0.74419834E-1, 0.0000000, 0.0000000, 1.9771576, 8.4154634, 9.7325611, 9.8541994, 19.920639, 19.892647, 19.866262, 19.859686, 0.24999562, 0.24998906, 0.26976621, 0.33415005, 0.34732297, 0.34854111, 0.34960321, 0.34946322, 0.34933132, 0.34929842, 0.74419834E-1
0.98416835E-1, 0.22240332, 0.66727668E-1, 0.0000000, 0.0000000, 1.5789568, 7.8624911, 9.6952887, 9.8367100, 19.910845, 19.884790, 19.864164, 19.859446, 0.24999562, 0.24998906, 0.26578671, 0.32862204, 0.34695113, 0.34836650, 0.34955424, 0.34942394, 0.34932083, 0.34929723, 0.66727668E-1
0.96508257E-1, 0.19935516, 0.59812527E-1, 0.0000000, 0.0000000, 1.2381941, 7.2726345, 9.6764860, 9.8251991, 19.901688, 19.878462, 19.862640, 19.859299, 0.24999562, 0.24998906, 0.26237911, 0.32272300, 0.34676266, 0.34825125, 0.34950843, 0.34939229, 0.34931320, 0.34929651, 0.59812527E-1
0.94913140E-1, 0.18009236, 0.54033112E-1, 0.0000000, 0.0000000, 0.96956491, 6.6931200, 9.6706018, 9.8197832, 19.893484, 19.873478, 19.861538, 19.859222, 0.24999562, 0.24998906, 0.25969300, 0.31692752, 0.34670338, 0.34819692, 0.34946743, 0.34936738, 0.34930769, 0.34929612, 0.54033112E-1
0.93716942E-1, 0.16564701, 0.49699076E-1, 0.0000000, 0.0000000, 0.78070164, 6.1871514, 9.6798983, 9.8220253, 19.886444, 19.869671, 19.860758, 19.859194, 0.24999562, 0.24998906, 0.25780529, 0.31186879, 0.34679684, 0.34821954, 0.34943223, 0.34934837, 0.34930378, 0.34929597, 0.49699076E-1
0.92731908E-1, 0.15375166, 0.46130110E-1, 0.0000000, 0.0000000, 0.63403547, 5.7257566, 9.6904793, 9.8252134, 19.880407, 19.866758, 19.860199, 19.859158, 0.24999562, 0.24998906, 0.25633773, 0.30725282, 0.34690079, 0.34825078, 0.34940204, 0.34933379, 0.34930098, 0.34929579, 0.46130110E-1
0.92224680E-1, 0.14762636, 0.44292334E-1, 0.0000000, 0.0000000, 0.57036281, 5.4066310, 9.7335224, 9.8423767, 19.876347, 19.864813, 19.859888, 19.859158, 0.24999562, 0.24998906, 0.25570172, 0.30406272, 0.34733200, 0.34842268, 0.34938174, 0.34932405, 0.34929943, 0.34929579, 0.44292334E-1
0.91180414E-1, 0.13501568, 0.40508755E-1, 0.0000000, 0.0000000, 0.42016804, 4.9269571, 9.6777344, 9.8196592, 19.871138, 19.862896, 19.859541, 19.859121, 0.24999562, 0.24998906, 0.25420126, 0.29926860, 0.34677643, 0.34819627, 0.34935570, 0.34931448, 0.34929770, 0.34929562, 0.40508755E-1
0.92848033E-1, 0.15515393, 0.46550836E-1, 0.14849305, 0.0000000, 0.37690401, 4.6517463, 9.7391863, 9.8424053, 19.868044, 19.861750, 19.859394, 19.859110, 0.25148314, 0.24998906, 0.25376767, 0.29651409, 0.34738833, 0.34842286, 0.34934023, 0.34930876, 0.34929699, 0.34929556, 0.46550836E-1
0.89781530E-1, 0.11812264, 0.35440337E-1, 0.0000000, 0.0000000, 0.23501813, 4.1706915, 9.6665411, 9.8123636, 19.863041, 19.860258, 19.859144, 19.859045, 0.24997471, 0.24998906, 0.25234926, 0.29170364, 0.34666160, 0.34812236, 0.34931520, 0.34930128, 0.34929574, 0.34929523, 0.35440337E-1
0.88803731E-1, 0.10631461, 0.31897575E-1, 0.0000000, 0.0000000, 0.11272430, 3.6182401, 9.6384573, 9.7963686, 19.858757, 19.859062, 19.858875, 19.858974, 0.24997471, 0.24998906, 0.25112644, 0.28617728, 0.34637776, 0.34796137, 0.34929377, 0.34929532, 0.34929436, 0.34929487, 0.31897575E-1
0.88025786E-1, 0.96920125E-1, 0.29078946E-1, 0.0000000, 0.0000000, 0.25200844E-1, 3.1142864, 9.6444464, 9.7965984, 19.855679, 19.858198, 19.858662, 19.858923, 0.24997471, 0.24998906, 0.25025156, 0.28113171, 0.34642720, 0.34796014, 0.34927839, 0.34929100, 0.34929329, 0.34929460, 0.29078946E-1
0.87543383E-1, 0.91094524E-1, 0.27331091E-1, 0.0000000, 0.0000000, 0.0000000, 2.8071852, 9.3501749, 9.7823439, 19.852446, 19.857298, 19.858450, 19.858845, 0.24997471, 0.24998906, 0.24999940, 0.27805993, 0.34348190, 0.34781653, 0.34926224, 0.34928650, 0.34929225, 0.34929422, 0.27331091E-1
0.87167963E-1, 0.86560957E-1, 0.25970884E-1, 0.0000000, 0.0000000, 0.0000000, 2.5816827, 8.9004326, 9.7672033, 19.849611, 19.856514, 19.858278, 19.858805, 0.24997471, 0.24998906, 0.24999940, 0.27580255, 0.33897975, 0.34766304, 0.34924805, 0.34928256, 0.34929138, 0.34929401, 0.25970884E-1
0.86952209E-1, 0.83955467E-1, 0.25189159E-1, 0.0000000, 0.0000000, 0.0000000, 2.4656086, 8.6033554, 9.7912340, 19.850206, 19.856632, 19.858307, 19.858805, 0.24997471, 0.24998906, 0.24999940, 0.27464211, 0.33600914, 0.34790307, 0.34925103, 0.34928316, 0.34929153, 0.34929401, 0.25189159E-1
0.86747676E-1, 0.81485502E-1, 0.24448097E-1, 0.0000000, 0.0000000, 0.0000000, 2.3518772, 8.3303194, 9.7999935, 19.850243, 19.856627, 19.858307, 19.858805, 0.24997471, 0.24998906, 0.24999940, 0.27351376, 0.33329430, 0.34799644, 0.34925121, 0.34928313, 0.34929153, 0.34929401, 0.24448097E-1
0.86519010E-1, 0.78724124E-1, 0.23619600E-1, 0.0000000, 0.0000000, 0.0000000, 2.2239923, 8.0355997, 9.7962732, 19.849916, 19.856537, 19.858267, 19.858805, 0.24997471, 0.24998906, 0.24999940, 0.27223349, 0.33034435, 0.34795800, 0.34924957, 0.34928268, 0.34929132, 0.34929401, 0.23619600E-1
0.86306937E-1, 0.76163128E-1, 0.22851225E-1, 0.0000000, 0.0000000, 0.0000000, 2.1084280, 7.7549734, 9.7968540, 19.849928, 19.856514, 19.858261, 19.858805, 0.24997471, 0.24998906, 0.24999940, 0.27107623, 0.32753491, 0.34796232, 0.34924963, 0.34928256, 0.34929129, 0.34929401, 0.22851225E-1
0.86032808E-1, 0.72852775E-1, 0.21858018E-1, 0.0000000, 0.0000000, 0.0000000, 1.9532800, 7.4079657, 9.7804699, 19.848585, 19.856150, 19.858177, 19.858757, 0.24997471, 0.24998906, 0.24999940, 0.26952639, 0.32406753, 0.34779936, 0.34924293, 0.34928074, 0.34929088, 0.34929377, 0.21858018E-1
0.85677899E-1, 0.68566814E-1, 0.20572102E-1, 0.0000000, 0.0000000, 0.0000000, 1.7543852, 6.9581084, 9.7529783, 19.846504, 19.855595, 19.858042, 19.858709, 0.24997471, 0.24998906, 0.24999940, 0.26753655, 0.31956658, 0.34752300, 0.34923252, 0.34927797, 0.34929019, 0.34929353, 0.20572102E-1
0.85345775E-1, 0.64556025E-1, 0.19368745E-1, 0.0000000, 0.0000000, 0.0000000, 1.5771329, 6.5137777, 9.7466106, 19.845327, 19.855288, 19.858002, 19.858709, 0.24997471, 0.24998906, 0.24999940, 0.26576132, 0.31511706, 0.34745580, 0.34922665, 0.34927642, 0.34929001, 0.34929353, 0.19368745E-1
0.85150339E-1, 0.62195994E-1, 0.18660665E-1, 0.0000000, 0.0000000, 0.0000000, 1.4828324, 6.2193985, 9.7770872, 19.846352, 19.855572, 19.858107, 19.858709, 0.24997471, 0.24998906, 0.24999940, 0.26482016, 0.31217682, 0.34776187, 0.34923175, 0.34927785, 0.34929055, 0.34929353, 0.18660665E-1
0.84926143E-1, 0.59488531E-1, 0.17848345E-1, 0.0000000, 0.0000000, 0.0000000, 1.3714314, 5.8997693, 9.7744951, 19.846964, 19.855738, 19.858166, 19.858709, 0.24997471, 0.24998906, 0.24999940, 0.26371014, 0.30898869, 0.34773996, 0.34923482, 0.34927869, 0.34929082, 0.34929353, 0.17848345E-1
0.84740795E-1, 0.57250272E-1, 0.17176799E-1, 0.0000000, 0.0000000, 0.0000000, 1.2823969, 5.6263313, 9.7832603, 19.847660, 19.855949, 19.858183, 19.858709, 0.24997471, 0.24998906, 0.24999940, 0.26282176, 0.30625853, 0.34782982, 0.34923831, 0.34927976, 0.34929091, 0.34929353, 0.17176799E-1
0.84492907E-1, 0.54256730E-1, 0.16278647E-1, 0.0000000, 0.0000000, 0.0000000, 1.1584461, 5.2836866, 9.7640457, 19.847071, 19.855782, 19.858143, 19.858709, 0.24997471, 0.24998906, 0.24999940, 0.26157850, 0.30282328, 0.34763208, 0.34923536, 0.34927890, 0.34929073, 0.34929353, 0.16278647E-1
0.84200174E-1, 0.50721727E-1, 0.15218040E-1, 0.0000000, 0.0000000, 0.0000000, 1.0116875, 4.8759604, 9.7420616, 19.845461, 19.855360, 19.858025, 19.858704, 0.24997471, 0.24998906, 0.24999940, 0.26011419, 0.29875311, 0.34741631, 0.34922731, 0.34927681, 0.34929013, 0.34929353, 0.15218040E-1
0.83876781E-1, 0.46816345E-1, 0.14046309E-1, 0.0000000, 0.0000000, 0.0000000, 0.85400045, 4.4180403, 9.7213907, 19.843407, 19.854824, 19.857901, 19.858698, 0.24997471, 0.24998906, 0.24999940, 0.25853559, 0.29416901, 0.34720558, 0.34921703, 0.34927413, 0.34928951, 0.34929350, 0.14046309E-1
0.83558381E-1, 0.42971332E-1, 0.12892689E-1, 0.0000000, 0.0000000, 0.0000000, 0.70519149, 3.9497156, 9.7112970, 19.841671, 19.854368, 19.857779, 19.858692, 0.24997471, 0.24998906, 0.24999940, 0.25704819, 0.28948674, 0.34710440, 0.34920835, 0.34927183, 0.34928888, 0.34929347, 0.12892689E-1
0.83279446E-1, 0.39602891E-1, 0.11882056E-1, 0.0000000, 0.0000000, 0.0000000, 0.58802068, 3.5111370, 9.7116470, 19.841764, 19.854362, 19.857759, 19.858709, 0.24997471, 0.24998906, 0.24999940, 0.25587508, 0.28509608, 0.34710237, 0.34920883, 0.34927180, 0.34928879, 0.34929353, 0.11882056E-1
0.83084561E-1, 0.37249424E-1, 0.11175944E-1, 0.0000000, 0.0000000, 0.0000000, 0.51590502, 3.1760867, 9.7377834, 19.843407, 19.854780, 19.857861, 19.858709, 0.24997471, 0.24998906, 0.24999940, 0.25515383, 0.28174481, 0.34736145, 0.34921703, 0.34927389, 0.34928930, 0.34929353, 0.11175944E-1
0.82869664E-1, 0.34654308E-1, 0.10397332E-1, 0.0000000, 0.0000000, 0.0000000, 0.42058527, 2.8987556, 9.5797300, 19.843843, 19.854887, 19.857895, 19.858709, 0.24997471, 0.24998906, 0.24999940, 0.25420344, 0.27897927, 0.34578818, 0.34921920, 0.34927443, 0.34928948, 0.34929353, 0.10397332E-1
0.82658999E-1, 0.32110326E-1, 0.96340617E-2, 0.0000000, 0.0000000, 0.0000000, 0.31899512, 2.6791573, 9.3186541, 19.843193, 19.854723, 19.857861, 19.858709, 0.24997471, 0.24998906, 0.24999940, 0.25318912, 0.27678803, 0.34318244, 0.34921595, 0.34927362, 0.34928930, 0.34929353, 0.96340617E-2
0.82499914E-1, 0.30189179E-1, 0.90576597E-2, 0.0000000, 0.0000000, 0.0000000, 0.25050938, 2.5063634, 9.0968819, 19.844053, 19.854959, 19.857925, 19.858709, 0.24997471, 0.24998906, 0.24999940, 0.25250372, 0.27505678, 0.34096050, 0.34922028, 0.34927481, 0.34928963, 0.34929353, 0.90576597E-2
0.10018630, 0.24377158, 0.73138788E-1, 1.2881517, 0.0000000, 0.0000000, 0.22746325, 2.4362385, 8.9864902, 19.846659, 19.855665, 19.858143, 19.858709, 0.26286182, 0.24998906, 0.24999940, 0.25227442, 0.27436125, 0.33986354, 0.34923330, 0.34927833, 0.34929073, 0.34929353, 0.73138788E-1
0.10241398, 0.27067316, 0.81210069E-1, 1.4485836, 0.0000000, 0.0000000, 0.22272468, 2.4277596, 8.9496012, 19.849199, 19.856337, 19.858278, 19.858709, 0.26448509, 0.24998906, 0.24999940, 0.25222725, 0.27427757, 0.33949596, 0.34924600, 0.34928167, 0.34929138, 0.34929353, 0.81210069E-1
0.97621799E-1, 0.21280241, 0.63847110E-1, 1.1034876, 0.0000000, 0.0000000, 0.20477474, 2.4069996, 8.9026766, 19.850105, 19.856564, 19.858313, 19.858709, 0.26103419, 0.24998906, 0.24999940, 0.25204775, 0.27406994, 0.33902669, 0.34925053, 0.34928280, 0.34929156, 0.34929353, 0.63847110E-1
0.90785757E-1, 0.13024974, 0.39078832E-1, 0.61173737, 0.0000000, 0.0000000, 0.17511845, 2.3689418, 8.8380938, 19.849981, 19.856539, 19.858301, 19.858709, 0.25611621, 0.24998906, 0.24999940, 0.25175115, 0.27368927, 0.33838075, 0.34924990, 0.34928268, 0.34929150, 0.34929353, 0.39078832E-1
0.83527870E-1, 0.42602919E-1, 0.12782155E-1, 0.92422962E-1, 0.0000000, 0.0000000, 0.12689531, 2.3011565, 8.7418423, 19.848513, 19.856133, 19.858183, 19.858709, 0.25091606, 0.24998906, 0.24999940, 0.25126827, 0.27300546, 0.33741072, 0.34924257, 0.34928066, 0.34929091, 0.34929353, 0.12782155E-1
0.82231455E-1, 0.26947284E-1, 0.80849938E-2, 0.0000000, 0.0000000, 0.0000000, 0.11304915, 2.2714198, 8.6811686, 19.849964, 19.856514, 19.858267, 19.858709, 0.24999698, 0.24998906, 0.24999940, 0.25112972, 0.27270654, 0.33680195, 0.34924981, 0.34928256, 0.34929132, 0.34929353, 0.80849938E-2
0.82216620E-1, 0.26768079E-1, 0.80312267E-2, 0.0000000, 0.0000000, 0.0000000, 0.10571182, 2.2614093, 8.6442719, 19.851461, 19.856915, 19.858360, 19.858709, 0.24999698, 0.24998906, 0.24999940, 0.25105706, 0.27261344, 0.33644187, 0.34925729, 0.34928459, 0.34929180, 0.34929353, 0.80312267E-2
0.82100853E-1, 0.25370063E-1, 0.76117804E-2, 0.0000000, 0.0000000, 0.0000000, 0.50705671E-1, 2.1446049, 8.4856014, 19.849098, 19.856302, 19.858194, 19.858709, 0.24999698, 0.24998906, 0.24999940, 0.25050706, 0.27144584, 0.33485574, 0.34924549, 0.34928152, 0.34929097, 0.34929353, 0.76117804E-2
0.82008235E-1, 0.24251673E-1, 0.72762296E-2, 0.0000000, 0.0000000, 0.0000000, 0.83446503E-2, 2.0512910, 8.3503780, 19.848007, 19.856012, 19.858107, 19.858709, 0.24998836, 0.24998906, 0.24999940, 0.25008342, 0.27050868, 0.33349806, 0.34924003, 0.34928006, 0.34929055, 0.34929353, 0.72762296E-2
0.81927061E-1, 0.23271371E-1, 0.69821095E-2, 0.0000000, 0.0000000, 0.0000000, 0.0000000, 1.9299507, 8.1770487, 19.846376, 19.855566, 19.858025, 19.858709, 0.24998836, 0.24998906, 0.24999940, 0.24999948, 0.26929343, 0.33176190, 0.34923190, 0.34927782, 0.34929013, 0.34929353, 0.69821095E-2
0.81864953E-1, 0.22521401E-1, 0.67570959E-2, 0.0000000, 0.0000000, 0.0000000, 0.0000000, 1.8315107, 8.0220776, 19.846754, 19.855652, 19.858095, 19.858709, 0.24998836, 0.24998906, 0.24999940, 0.24999948, 0.26830968, 0.33021286, 0.34923378, 0.34927827, 0.34929049, 0.34929353, 0.67570959E-2
0.81849471E-1, 0.22334369E-1, 0.67009809E-2, 0.0000000, 0.0000000, 0.0000000, 0.0000000, 1.8112302, 7.9682693, 19.848921, 19.856237, 19.858231, 19.858709, 0.24998836, 0.24998906, 0.24999940, 0.24999948, 0.26811230, 0.32968271, 0.34924459, 0.34928119, 0.34929115, 0.34929353, 0.67009809E-2
0.81768811E-1, 0.21360319E-1, 0.64087366E-2, 0.0000000, 0.0000000, 0.0000000, 0.0000000, 1.6798168, 7.7781301, 19.845432, 19.855324, 19.857977, 19.858683, 0.24998836, 0.24998906, 0.24999940, 0.24999948, 0.26679793, 0.32778093, 0.34922716, 0.34927660, 0.34928989, 0.34929341, 0.64087366E-2
0.81671961E-1, 0.20190723E-1, 0.60578231E-2, 0.0000000, 0.0000000, 0.0000000, 0.0000000, 1.5229553, 7.5498586, 19.840885, 19.854120, 19.857670, 19.858658, 0.24996410, 0.24998906, 0.24999940, 0.24999948, 0.26522294, 0.32548764, 0.34920442, 0.34927061, 0.34928834, 0.34929329, 0.60578231E-2
0.81567645E-1, 0.18931016E-1, 0.56798728E-2, 0.0000000, 0.0000000, 0.0000000, 0.0000000, 1.3568491, 7.2925673, 19.837311, 19.853155, 19.857435, 19.858646, 0.24996410, 0.24998906, 0.24999940, 0.24999948, 0.26356146, 0.32291308, 0.34918654, 0.34926578, 0.34928718, 0.34929323, 0.56798728E-2
0.81458442E-1, 0.17612286E-1, 0.52842144E-2, 0.0000000, 0.0000000, 0.0000000, 0.0000000, 1.1862159, 7.0130668, 19.833929, 19.852222, 19.857225, 19.858622, 0.24996410, 0.24998906, 0.24999940, 0.24999948, 0.26185554, 0.32011765, 0.34916964, 0.34926111, 0.34928614, 0.34929311, 0.52842144E-2
0.81353888E-1, 0.16349664E-1, 0.49053896E-2, 0.0000000, 0.0000000, 0.0000000, 0.0000000, 1.0290116, 6.7257476, 19.832655, 19.851847, 19.857141, 19.858610, 0.24996410, 0.24998906, 0.24999940, 0.24999948, 0.26028624, 0.31724906, 0.34916326, 0.34925923, 0.34928572, 0.34929305, 0.49053896E-2
0.81244923E-1, 0.15033839E-1, 0.45106029E-2, 0.0000000, 0.0000000, 0.0000000, 0.0000000, 0.87481737, 6.3983264, 19.833656, 19.852062, 19.857225, 19.858646, 0.24996410, 0.24998906, 0.24999940, 0.24999948, 0.25874528, 0.31397620, 0.34916827, 0.34926030, 0.34928614, 0.34929323, 0.45106029E-2
0.81158251E-1, 0.13987127E-1, 0.41965577E-2, 0.0000000, 0.0000000, 0.0000000, 0.0000000, 0.75645745, 6.1244583, 19.834896, 19.852388, 19.857321, 19.858698, 0.24996410, 0.24998906, 0.24999940, 0.24999948, 0.25756332, 0.31124118, 0.34917447, 0.34926194, 0.34928662, 0.34929350, 0.41965577E-2
0.81070028E-1, 0.12921755E-1, 0.38769143E-2, 0.0000000, 0.0000000, 0.0000000, 0.0000000, 0.64192116, 5.8292150, 19.836292, 19.852779, 19.857426, 19.858698, 0.24996410, 0.24998906, 0.24999940, 0.24999948, 0.25641730, 0.30828637, 0.34918147, 0.34926391, 0.34928712, 0.34929350, 0.38769143E-2
0.80997221E-1, 0.12042541E-1, 0.36131237E-2, 0.0000000, 0.0000000, 0.0000000, 0.0000000, 0.55153072, 5.5728135, 19.837900, 19.853214, 19.857550, 19.858709, 0.24996410, 0.24998906, 0.24999940, 0.24999948, 0.25551349, 0.30572200, 0.34918949, 0.34926608, 0.34928775, 0.34929353, 0.36131237E-2
0.80957584E-1, 0.11563898E-1, 0.34695165E-2, 0.0000000, 0.0000000, 0.0000000, 0.0000000, 0.50472617, 5.4253621, 19.840355, 19.853891, 19.857744, 19.858709, 0.24996410, 0.24998906, 0.24999940, 0.24999948, 0.25504649, 0.30425087, 0.34920177, 0.34926945, 0.34928873, 0.34929353, 0.34695165E-2
0.80905207E-1, 0.10931412E-1, 0.32797516E-2, 0.0000000, 0.0000000, 0.0000000, 0.0000000, 0.44150651, 5.2358770, 19.840803, 19.854033, 19.857744, 19.858709, 0.24996410, 0.24998906, 0.24999940, 0.24999948, 0.25441378, 0.30235368, 0.34920400, 0.34927016, 0.34928873, 0.34929353, 0.32797516E-2
0.80844261E-1, 0.10195353E-1, 0.30589120E-2, 0.0000000, 0.0000000, 0.0000000, 0.0000000, 0.36641061, 5.0195332, 19.839340, 19.853668, 19.857634, 19.858675, 0.24996410, 0.24998906, 0.24999940, 0.24999948, 0.25366285, 0.30018967, 0.34919670, 0.34926835, 0.34928817, 0.34929338, 0.30589120E-2
0.80777161E-1, 0.93851099E-2, 0.28158145E-2, 0.0000000, 0.0000000, 0.0000000, 0.0000000, 0.28425753, 4.7803221, 19.836647, 19.852966, 19.857460, 19.858664, 0.24996410, 0.24998906, 0.24999940, 0.24999948, 0.25284088, 0.29779366, 0.34918323, 0.34926483, 0.34928730, 0.34929332, 0.28158145E-2
0.80730863E-1, 0.88259438E-2, 0.26480481E-2, 0.0000000, 0.0000000, 0.0000000, 0.0000000, 0.23296177, 4.5991225, 19.837263, 19.853096, 19.857519, 19.858709, 0.24996410, 0.24998906, 0.24999940, 0.24999948, 0.25232762, 0.29597810, 0.34918630, 0.34926549, 0.34928760, 0.34929353, 0.26480481E-2
0.80666788E-1, 0.80522289E-2, 0.24159104E-2, 0.0000000, 0.0000000, 0.0000000, 0.0000000, 0.17198324, 4.3164382, 19.837782, 19.853231, 19.857561, 19.858698, 0.24996410, 0.24998906, 0.24999940, 0.24999948, 0.25171933, 0.29316023, 0.34918892, 0.34926617, 0.34928781, 0.34929350, 0.24159104E-2
0.80608487E-1, 0.73481211E-2, 0.22046568E-2, 0.0000000, 0.0000000, 0.0000000, 0.0000000, 0.11642575, 4.0610094, 19.837294, 19.853107, 19.857553, 19.858683, 0.24996410, 0.24998906, 0.24999940, 0.24999948, 0.25116360, 0.29060233, 0.34918648, 0.34926555, 0.34928778, 0.34929341, 0.22046568E-2
0.80564022E-1, 0.68111764E-2, 0.20435574E-2, 0.0000000, 0.0000000, 0.0000000, 0.0000000, 0.71322918E-1, 3.8756649, 19.836723, 19.852974, 19.857525, 19.858692, 0.24996410, 0.24998906, 0.24999940, 0.24999948, 0.25070909, 0.28874388, 0.34918329, 0.34926477, 0.34928760, 0.34929347, 0.20435574E-2
0.80507055E-1, 0.61232639E-2, 0.18371629E-2, 0.0000000, 0.0000000, 0.0000000, 0.0000000, 0.13995171E-1, 3.6350515, 19.833786, 19.852205, 19.857313, 19.858658, 0.24996410, 0.24998906, 0.24999940, 0.24999948, 0.25013602, 0.28633520, 0.34916857, 0.34926093, 0.34928653, 0.34929329, 0.18371629E-2
0.80467679E-1, 0.56477156E-2, 0.16944841E-2, 0.0000000, 0.0000000, 0.0000000, 0.0000000, 0.0000000, 3.3901577, 19.829824, 19.851116, 19.857025, 19.858616, 0.24996410, 0.24998906, 0.24999940, 0.24999948, 0.24999999, 0.28388968, 0.34914872, 0.34925550, 0.34928510, 0.34929308, 0.16944841E-2
0.80431759E-1, 0.52140062E-2, 0.15643582E-2, 0.0000000, 0.0000000, 0.0000000, 0.0000000, 0.0000000, 3.1317184, 19.825254, 19.849833, 19.856710, 19.858541, 0.24996410, 0.24998906, 0.24999940, 0.24999948, 0.24999999, 0.28128716, 0.34912434, 0.34924865, 0.34928343, 0.34929267, 0.15643582E-2
0.80385521E-1, 0.46555814E-2, 0.13968141E-2, 0.0000000, 0.0000000, 0.0000000, 0.0000000, 0.0000000, 2.7961822, 19.799747, 19.848564, 19.856371, 19.858458, 0.24996410, 0.24998906, 0.24999940, 0.24999948, 0.24999999, 0.27793628, 0.34899750, 0.34924248, 0.34928176, 0.34929225, 0.13968141E-2
0.80339611E-1, 0.41012042E-2, 0.12304843E-2, 0.0000000, 0.0000000, 0.0000000, 0.0000000, 0.0000000, 2.4622321, 19.760080, 19.848240, 19.856283, 19.858433, 0.24996410, 0.24998906, 0.24999940, 0.24999948, 0.24999999, 0.27460968, 0.34880024, 0.34924117, 0.34928143, 0.34929216, 0.12304843E-2
0.80291554E-1, 0.35208869E-2, 0.10563717E-2, 0.0000000, 0.0000000, 0.0000000, 0.0000000, 0.0000000, 2.1144748, 19.714981, 19.846830, 19.855911, 19.858347, 0.24996410, 0.24998906, 0.24999940, 0.24999948, 0.24999999, 0.27112743, 0.34857473, 0.34923410, 0.34927955, 0.34929174, 0.10563717E-2
0.80249034E-1, 0.30073549E-2, 0.90229668E-3, 0.0000000, 0.0000000, 0.0000000, 0.0000000, 0.0000000, 1.8091410, 19.668093, 19.845507, 19.855555, 19.858288, 0.24996410, 0.24998906, 0.24999940, 0.24999948, 0.24999999, 0.26804593, 0.34833708, 0.34922665, 0.34927753, 0.34929138, 0.90229668E-3
0.80210418E-1, 0.25410645E-2, 0.76239562E-3, 0.0000000, 0.0000000, 0.0000000, 0.0000000, 0.0000000, 1.5267611, 19.623657, 19.845135, 19.855450, 19.858246, 0.24996410, 0.24998906, 0.24999940, 0.24999948, 0.24999999, 0.26524791, 0.34811726, 0.34922540, 0.34927720, 0.34929121, 0.76239562E-3
0.80168903E-1, 0.20396905E-2, 0.61196834E-3, 0.0000000, 0.0000000, 0.0000000, 0.0000000, 0.0000000, 1.2258351, 19.578960, 19.844757, 19.855345, 19.858246, 0.24996410, 0.24998906, 0.24999940, 0.24999948, 0.24999999, 0.26223937, 0.34789351, 0.34922346, 0.34927663, 0.34929121, 0.61196834E-3
0.80130212E-1, 0.15725163E-2, 0.47180208E-3, 0.0000000, 0.0000000, 0.0000000, 0.0000000, 0.0000000, 0.94682574, 19.533081, 19.844286, 19.855234, 19.858240, 0.24996410, 0.24998906, 0.24999940, 0.24999948, 0.24999999, 0.25943604, 0.34766319, 0.34922087, 0.34927604, 0.34929118, 0.47180208E-3
0.80098726E-1, 0.11922270E-2, 0.35770389E-3, 0.0000000, 0.0000000, 0.0000000, 0.0000000, 0.0000000, 0.71771443, 19.489880, 19.844593, 19.855309, 19.858276, 0.24996410, 0.24998906, 0.24999940, 0.24999948, 0.24999999, 0.25715408, 0.34744784, 0.34922254, 0.34927642, 0.34929135, 0.35770389E-3
0.80063120E-1, 0.76227717E-3, 0.22870602E-3, 0.0000000, 0.0000000, 0.0000000, 0.0000000, 0.0000000, 0.46076477, 19.443714, 19.844158, 19.855198, 19.858246, 0.24996410, 0.24998906, 0.24999940, 0.24999948, 0.24999999, 0.25457412, 0.34721631, 0.34922019, 0.34927586, 0.34929121, 0.22870602E-3
0.80032982E-1, 0.39828807E-3, 0.11949838E-3, 0.0000000, 0.0000000, 0.0000000, 0.0000000, 0.0000000, 0.24081767, 19.402054, 19.844824, 19.855362, 19.858288, 0.24996410, 0.24998906, 0.24999940, 0.24999948, 0.24999999, 0.25238997, 0.34700933, 0.34922388, 0.34927675, 0.34929141, 0.11949838E-3
0.80006003E-1, 0.72501804E-4, 0.21752718E-4, 0.0000000, 0.0000000, 0.0000000, 0.0000000, 0.0000000, 0.45153499E-1, 19.362741, 19.845736, 19.855640, 19.858347, 0.24996410, 0.24998906, 0.24999940, 0.24999948, 0.24999999, 0.25043505, 0.34681344, 0.34922862, 0.34927818, 0.34929174, 0.21752718E-4
0.79999998E-1, 0.0000000, 0.0000000, 0.0000000, 0.0000000, 0.0000000, 0.0000000, 0.0000000, 0.0000000, 19.320345, 19.845682, 19.855646, 19.858334, 0.24996410, 0.24998906, 0.24999940, 0.24999948, 0.24999999, 0.24996844, 0.34660152, 0.34922835, 0.34927824, 0.34929168, 0.0000000
0.79999998E-1, 0.0000000, 0.0000000, 0.0000000, 0.0000000, 0.0000000, 0.0000000, 0.0000000, 0.0000000, 19.270771, 19.844128, 19.855221, 19.858259, 0.24996410, 0.24998906, 0.24999940, 0.24999948, 0.24999999, 0.24996844, 0.34635198, 0.34922016, 0.34927598, 0.34929127, 0.0000000
0.79999998E-1, 0.0000000, 0.0000000, 0.0000000, 0.0000000, 0.0000000, 0.0000000, 0.0000000, 0.0000000, 19.226032, 19.844151, 19.855215, 19.858265, 0.24996410, 0.24998906, 0.24999940, 0.24999948, 0.24999999, 0.24996844, 0.34612840, 0.34922031, 0.34927595, 0.34929129, 0.0000000
0.79999998E-1, 0.0000000, 0.0000000, 0.0000000, 0.0000000, 0.0000000, 0.0000000, 0.0000000, 0.0000000, 19.186165, 19.845154, 19.855518, 19.858347, 0.24996410, 0.24998906, 0.24999940, 0.24999948, 0.24999999, 0.24996844, 0.34593081, 0.34922576, 0.34927759, 0.34929174, 0.0000000
0.79999998E-1, 0.0000000, 0.0000000, 0.0000000, 0.0000000, 0.0000000, 0.0000000, 0.0000000, 0.0000000, 19.142252, 19.844994, 19.855482, 19.858358, 0.24996410, 0.24998906, 0.24999940, 0.24999948, 0.24999999, 0.24996844, 0.34571126, 0.34922498, 0.34927741, 0.34929180, 0.0000000
0.79999998E-1, 0.0000000, 0.0000000, 0.0000000, 0.0000000, 0.0000000, 0.0000000, 0.0000000, 0.0000000, 19.104931, 19.846302, 19.855829, 19.858440, 0.24996410, 0.24998906, 0.24999940, 0.24999948, 0.24999999, 0.24996844, 0.34552398, 0.34923133, 0.34927908, 0.34929222, 0.0000000
0.79999998E-1, 0.0000000, 0.0000000, 0.0000000, 0.0000000, 0.0000000, 0.0000000, 0.0000000, 0.0000000, 19.072340, 19.848276, 19.856365, 19.858517, 0.24996410, 0.24998906, 0.24999940, 0.24999948, 0.24999999, 0.24996844, 0.34536165, 0.34924135, 0.34928182, 0.34929258, 0.0000000
0.79999998E-1, 0.0000000, 0.0000000, 0.0000000, 0.0000000, 0.0000000, 0.0000000, 0.0000000, 0.0000000, 19.037867, 19.849209, 19.856600, 19.858557, 0.24996410, 0.24998906, 0.24999940, 0.24999948, 0.24999999, 0.24996844, 0.34518933, 0.34924605, 0.34928301, 0.34929278, 0.0000000
0.79999998E-1, 0.0000000, 0.0000000, 0.0000000, 0.0000000, 0.0000000, 0.0000000, 0.0000000, 0.0000000, 19.008669, 19.851006, 19.857054, 19.858658, 0.24996410, 0.24998906, 0.24999940, 0.24999948, 0.24999999, 0.24996844, 0.34504336, 0.34925503, 0.34928527, 0.34929329, 0.0000000
0.79999998E-1, 0.0000000, 0.0000000, 0.0000000, 0.0000000, 0.0000000, 0.0000000, 0.0000000, 0.0000000, 18.979086, 19.852161, 19.857367, 19.858709, 0.24996410, 0.24998906, 0.24999940, 0.24999948, 0.24999999, 0.24996844, 0.34489542, 0.34926081, 0.34928682, 0.34929353, 0.0000000
0.79999998E-1, 0.0000000, 0.0000000, 0.0000000, 0.0000000, 0.0000000, 0.0000000, 0.0000000, 0.0000000, 18.947866, 19.852602, 19.857449, 19.858709, 0.24996410, 0.24998906, 0.24999940, 0.24999948, 0.24999999, 0.24996844, 0.34473932, 0.34926301, 0.34928724, 0.34929353, 0.0000000
0.79999998E-1, 0.0000000, 0.0000000, 0.0000000, 0.0000000, 0.0000000, 0.0000000, 0.0000000, 0.0000000, 18.918524, 19.853327, 19.857624, 19.858709, 0.24996410, 0.24998906, 0.24999940, 0.24999948, 0.24999999, 0.24996844, 0.34459263, 0.34926665, 0.34928811, 0.34929353, 0.0000000
0.79999998E-1, 0.0000000, 0.0000000, 0.0000000, 0.0000000, 0.0000000, 0.0000000, 0.0000000, 0.0000000, 18.887770, 19.853510, 19.857649, 19.858709, 0.24996410, 0.24998906, 0.24999940, 0.24999948, 0.24999999, 0.24996844, 0.34443885, 0.34926754, 0.34928825, 0.34929353, 0.0000000
0.79999998E-1, 0.0000000, 0.0000000, 0.0000000, 0.0000000, 0.0000000, 0.0000000, 0.0000000, 0.0000000, 18.857092, 19.853640, 19.857666, 19.858709, 0.24996410, 0.24998906, 0.24999940, 0.24999948, 0.24999999, 0.24996844, 0.34428546, 0.34926820, 0.34928834, 0.34929353, 0.0000000
0.79999998E-1, 0.0000000, 0.0000000, 0.0000000, 0.0000000, 0.0000000, 0.0000000, 0.0000000, 0.0000000, 18.827282, 19.853916, 19.857731, 19.858709, 0.24996410, 0.24998906, 0.24999940, 0.24999948, 0.24999999, 0.24996844, 0.34413642, 0.34926957, 0.34928864, 0.34929353, 0.0000000
0.79999998E-1, 0.0000000, 0.0000000, 0.0000000, 0.0000000, 0.0000000, 0.0000000, 0.0000000, 0.0000000, 18.794714, 19.853502, 19.857607, 19.858669, 0.24996410, 0.24998906, 0.24999940, 0.24999948, 0.24999999, 0.24996844, 0.34397358, 0.34926751, 0.34928805, 0.34929335, 0.0000000
0.79999998E-1, 0.0000000, 0.0000000, 0.0000000, 0.0000000, 0.0000000, 0.0000000, 0.0000000, 0.0000000, 18.760286, 19.852797, 19.857401, 19.858646, 0.24996410, 0.24998906, 0.24999940, 0.24999948, 0.24999999, 0.24996844, 0.34380144, 0.34926397, 0.34928700, 0.34929323, 0.0000000
0.79999998E-1, 0.0000000, 0.0000000, 0.0000000, 0.0000000, 0.0000000, 0.0000000, 0.0000000, 0.0000000, 18.730295, 19.853285, 19.857550, 19.858709, 0.24996410, 0.24998906, 0.24999940, 0.24999948, 0.24999999, 0.24996844, 0.34365147, 0.34926641, 0.34928775, 0.34929353, 0.0000000
0.79999998E-1, 0.0000000, 0.0000000, 0.0000000, 0.0000000, 0.0000000, 0.0000000, 0.0000000, 0.0000000, 18.700087, 19.853563, 19.857624, 19.858709, 0.24996410, 0.24998906, 0.24999940, 0.24999948, 0.24999999, 0.24996844, 0.34350044, 0.34926781, 0.34928811, 0.34929353, 0.0000000
0.79999998E-1, 0.0000000, 0.0000000, 0.0000000, 0.0000000, 0.0000000, 0.0000000, 0.0000000, 0.0000000, 18.665468, 19.852779, 19.857418, 19.858641, 0.24996410, 0.24998906, 0.24999940, 0.24999948, 0.24999999, 0.24996844, 0.34332734, 0.34926391, 0.34928709, 0.34929320, 0.0000000
0.79999998E-1, 0.0000000, 0.0000000, 0.0000000, 0.0000000, 0.0000000, 0.0000000, 0.0000000, 0.0000000, 18.628906, 19.851835, 19.857159, 19.858599, 0.24996410, 0.24998906, 0.24999940, 0.24999948, 0.24999999, 0.24996844, 0.34314302, 0.34925878, 0.34928569, 0.34929296, 0.0000000
0.79999998E-1, 0.0000000, 0.0000000, 0.0000000, 0.0000000, 0.0000000, 0.0000000, 0.0000000, 0.0000000, 18.588434, 19.850313, 19.856764, 19.858494, 0.24996410, 0.24998906, 0.24999940, 0.24999948, 0.24999999, 0.24996844, 0.34294146, 0.34925139, 0.34928375, 0.34929246, 0.0000000
0.79999998E-1, 0.0000000, 0.0000000, 0.0000000, 0.0000000, 0.0000000, 0.0000000, 0.0000000, 0.0000000, 18.552097, 19.850155, 19.856705, 19.858486, 0.24996410, 0.24998906, 0.24999940, 0.24999948, 0.24999999, 0.24996844, 0.34276029, 0.34925070, 0.34928349, 0.34929243, 0.0000000
0.79999998E-1, 0.0000000, 0.0000000, 0.0000000, 0.0000000, 0.0000000, 0.0000000, 0.0000000, 0.0000000, 18.516094, 19.850126, 19.856705, 19.858475, 0.24996410, 0.24998906, 0.24999940, 0.24999948, 0.24999999, 0.24996844, 0.34258047, 0.34925061, 0.34928352, 0.34929237, 0.0000000
0.79999998E-1, 0.0000000, 0.0000000, 0.0000000, 0.0000000, 0.0000000, 0.0000000, 0.0000000, 0.0000000, 18.476881, 19.849335, 19.856512, 19.858440, 0.24996410, 0.24998906, 0.24999940, 0.24999948, 0.24999999, 0.24996844, 0.34238440, 0.34924668, 0.34928256, 0.34929222, 0.0000000
0.79999998E-1, 0.0000000, 0.0000000, 0.0000000, 0.0000000, 0.0000000, 0.0000000, 0.0000000, 0.0000000, 18.434748, 19.848169, 19.856215, 19.858376, 0.24996410, 0.24998906, 0.24999940, 0.24999948, 0.24999999, 0.24996844, 0.34217203, 0.34924039, 0.34928095, 0.34929183, 0.0000000
0.79999998E-1, 0.0000000, 0.0000000, 0.0000000, 0.0000000, 0.0000000, 0.0000000, 0.0000000, 0.0000000, 18.388634, 19.846531, 19.855774, 19.858282, 0.24996410, 0.24998906, 0.24999940, 0.24999948, 0.24999999, 0.24996844, 0.34194088, 0.34923205, 0.34927872, 0.34929138, 0.0000000
0.13387355, 0.65058172, 0.19519404, 2.2169681, 2.2404642, 1.2354881, 0.0000000, 0.0000000, 0.0000000, 18.342358, 19.845383, 19.855480, 19.858234, 0.27196741, 0.27230099, 0.26230267, 0.24999948, 0.24999999, 0.24996844, 0.34171054, 0.34922659, 0.34927732, 0.34929115, 0.19519404
0.10456929, 0.29670087, 0.89019164E-1, 0.71522295, 1.3943702, 0.86024404, 0.0000000, 0.0000000, 0.0000000, 18.298975, 19.845270, 19.855461, 19.858253, 0.25694001, 0.26383296, 0.25854683, 0.24999948, 0.24999999, 0.24996844, 0.34149355, 0.34922603, 0.34927723, 0.34929124, 0.89019164E-1
0.86611591E-1, 0.79842135E-1, 0.23955036E-1, 0.0000000, 0.56153536, 0.47497749, 0.0000000, 0.0000000, 0.0000000, 18.255438, 19.845060, 19.855408, 19.858265, 0.24995333, 0.25561103, 0.25474796, 0.24999948, 0.24999999, 0.24996844, 0.34127718, 0.34922531, 0.34927705, 0.34929132, 0.23955036E-1
0.79999998E-1, 0.0000000, 0.0000000, 0.0000000, 0.0000000, 0.0000000, 0.0000000, 0.0000000, 0.0000000, 18.204157, 19.843309, 19.854950, 19.858147, 0.24995333, 0.24986713, 0.24969867, 0.24999948, 0.24999999, 0.24996844, 0.34101975, 0.34921628, 0.34927469, 0.34929070, 0.0000000
0.79999998E-1, 0.0000000, 0.0000000, 0.0000000, 0.0000000, 0.0000000, 0.0000000, 0.0000000, 0.0000000, 18.158079, 19.843233, 19.854925, 19.858152, 0.24995333, 0.24986713, 0.24969867, 0.24999948, 0.24999999, 0.24996844, 0.34078836, 0.34921563, 0.34927449, 0.34929073, 0.0000000
0.79999998E-1, 0.0000000, 0.0000000, 0.0000000, 0.0000000, 0.0000000, 0.0000000, 0.0000000, 0.0000000, 18.117130, 19.844294, 19.855227, 19.858229, 0.24995333, 0.24986713, 0.24969867, 0.24999948, 0.24999999, 0.24996844, 0.34058553, 0.34922144, 0.34927613, 0.34929115, 0.0000000
0.79999998E-1, 0.0000000, 0.0000000, 0.0000000, 0.0000000, 0.0000000, 0.0000000, 0.0000000, 0.0000000, 18.073801, 19.844469, 19.855291, 19.858253, 0.24995333, 0.24986713, 0.24969867, 0.24999948, 0.24999999, 0.24996844, 0.34036902, 0.34922236, 0.34927645, 0.34929127, 0.0000000
0.79999998E-1, 0.0000000, 0.0000000, 0.0000000, 0.0000000, 0.0000000, 0.0000000, 0.0000000, 0.0000000, 18.032696, 19.845112, 19.855457, 19.858322, 0.24995333, 0.24986713, 0.24969867, 0.24999948, 0.24999999, 0.24996844, 0.34016347, 0.34922555, 0.34927729, 0.34929162, 0.0000000
0.79999998E-1, 0.0000000, 0.0000000, 0.0000000, 0.0000000, 0.0000000, 0.0000000, 0.0000000, 0.0000000, 17.991432, 19.845459, 19.855570, 19.858358, 0.24995333, 0.24986713, 0.24969867, 0.24999948, 0.24999999, 0.24996844, 0.33995718, 0.34922731, 0.34927785, 0.34929180, 0.0000000
0.79999998E-1, 0.0000000, 0.0000000, 0.0000000, 0.0000000, 0.0000000, 0.0000000, 0.0000000, 0.0000000, 17.944998, 19.844700, 19.855383, 19.858311, 0.24995333, 0.24986713, 0.24969867, 0.24999948, 0.24999999, 0.24996844, 0.33972117, 0.34922251, 0.34927663, 0.34929150, 0.0000000
0.79999998E-1, 0.0000000, 0.0000000, 0.0000000, 0.0000000, 0.0000000, 0.0000000, 0.0000000, 0.0000000, 17.908960, 19.846413, 19.855841, 19.858440, 0.24995333, 0.24986713, 0.24969867, 0.24999948, 0.24999999, 0.24996844, 0.33954480, 0.34923208, 0.34927920, 0.34929222, 0.0000000
0.79999998E-1, 0.0000000, 0.0000000, 0.0000000, 0.0000000, 0.0000000, 0.0000000, 0.0000000, 0.0000000, 17.869514, 19.846815, 19.855940, 19.858433, 0.24995333, 0.24986713, 0.24969867, 0.24999948, 0.24999999, 0.24996844, 0.33934757, 0.34923407, 0.34927970, 0.34929216, 0.0000000
0.79999998E-1, 0.0000000, 0.0000000, 0.0000000, 0.0000000, 0.0000000, 0.0000000, 0.0000000, 0.0000000, 17.831532, 19.847404, 19.856100, 19.858440, 0.24995333, 0.24986713, 0.24969867, 0.24999948, 0.24999999, 0.24996844, 0.33915764, 0.34923702, 0.34928051, 0.34929222, 0.0000000
0.79999998E-1, 0.0000000, 0.0000000, 0.0000000, 0.0000000, 0.0000000, 0.0000000, 0.0000000, 0.0000000, 17.794477, 19.848000, 19.856272, 19.858458, 0.24995333, 0.24986713, 0.24969867, 0.24999948, 0.24999999, 0.24996844, 0.33897239, 0.34924001, 0.34928137, 0.34929228, 0.0000000
0.79999998E-1, 0.0000000, 0.0000000, 0.0000000, 0.0000000, 0.0000000, 0.0000000, 0.0000000, 0.0000000, 17.753523, 19.847551, 19.856157, 19.858418, 0.24995333, 0.24986713, 0.24969867, 0.24999948, 0.24999999, 0.24996844, 0.33876762, 0.34923774, 0.34928077, 0.34929210, 0.0000000
0.79999998E-1, 0.0000000, 0.0000000, 0.0000000, 0.0000000, 0.0000000, 0.0000000, 0.0000000, 0.0000000, 17.714279, 19.847628, 19.856159, 19.858427, 0.24995333, 0.24986713, 0.24969867, 0.24999948, 0.24999999, 0.24996844, 0.33857140, 0.34923813, 0.34928080, 0.34929213, 0.0000000
0.79999998E-1, 0.0000000, 0.0000000, 0.0000000, 0.0000000, 0.0000000, 0.0000000, 0.0000000, 0.0000000, 17.674332, 19.847532, 19.856140, 19.858418, 0.24995333, 0.24986713, 0.24969867, 0.24999948, 0.24999999, 0.24996844, 0.33837166, 0.34923765, 0.34928071, 0.34929210, 0.0000000
0.79999998E-1, 0.0000000, 0.0000000, 0.0000000, 0.0000000, 0.0000000, 0.0000000, 0.0000000, 0.0000000, 17.642569, 19.849243, 19.856581, 19.858500, 0.24995333, 0.24986713, 0.24969867, 0.24999948, 0.24999999, 0.24996844, 0.33821285, 0.34924620, 0.34928292, 0.34929249, 0.0000000
0.79999998E-1, 0.0000000, 0.0000000, 0.0000000, 0.0000000, 0.0000000, 0.0000000, 0.0000000, 0.0000000, 17.612894, 19.850904, 19.856995, 19.858610, 0.24995333, 0.24986713, 0.24969867, 0.24999948, 0.24999999, 0.24996844, 0.33806446, 0.34925452, 0.34928498, 0.34929305, 0.0000000
0.79999998E-1, 0.0000000, 0.0000000, 0.0000000, 0.0000000, 0.0000000, 0.0000000, 0.0000000, 0.0000000, 17.583084, 19.852026, 19.857285, 19.858692, 0.24995333, 0.24986713, 0.24969867, 0.24999948, 0.24999999, 0.24996844, 0.33791542, 0.34926012, 0.34928644, 0.34929347, 0.0000000
0.79999998E-1, 0.0000000, 0.0000000, 0.0000000, 0.0000000, 0.0000000, 0.0000000, 0.0000000, 0.0000000, 17.546448, 19.851294, 19.857100, 19.858622, 0.24995333, 0.24986713, 0.24969867, 0.24999948, 0.24999999, 0.24996844, 0.33773226, 0.34925646, 0.34928548, 0.34929311, 0.0000000
0.79999998E-1, 0.0000000, 0.0000000, 0.0000000, 0.0000000, 0.0000000, 0.0000000, 0.0000000, 0.0000000, 17.514236, 19.851765, 19.857225, 19.858669, 0.24995333, 0.24986713, 0.24969867, 0.24999948, 0.24999999, 0.24996844, 0.33757117, 0.34925884, 0.34928614, 0.34929335, 0.0000000
0.79999998E-1, 0.0000000, 0.0000000, 0.0000000, 0.0000000, 0.0000000, 0.0000000, 0.0000000, 0.0000000, 17.477570, 19.851082, 19.857037, 19.858622, 0.24995333, 0.24986713, 0.24969867, 0.24999948, 0.24999999, 0.24996844, 0.33738786, 0.34925541, 0.34928519, 0.34929311, 0.0000000
0.10751402, 0.33226168, 0.99688478E-1, 1.9939572, 0.0000000, 0.0000000, 0.0000000, 0.0000000, 0.0000000, 17.447037, 19.851976, 19.857283, 19.858688, 0.26993769, 0.24986713, 0.24969867, 0.24999948, 0.24999999, 0.24996844, 0.33723518, 0.34925988, 0.34928641, 0.34929344, 0.99688478E-1
0.92948243E-1, 0.15636411, 0.46913926E-1, 0.93827844, 0.0000000, 0.0000000, 0.0000000, 0.0000000, 0.0000000, 17.409838, 19.851162, 19.857059, 19.858604, 0.25938278, 0.24986713, 0.24969867, 0.24999948, 0.24999999, 0.24996844, 0.33704919, 0.34925580, 0.34928530, 0.34929302, 0.46913926E-1
0.90964064E-1, 0.13240296, 0.39724860E-1, 0.79503059, 0.0000000, 0.0000000, 0.0000000, 0.0000000, 0.0000000, 17.379944, 19.852182, 19.857321, 19.858692, 0.25794497, 0.24986713, 0.24969867, 0.24999948, 0.24999999, 0.24996844, 0.33689973, 0.34926093, 0.34928662, 0.34929347, 0.39724860E-1
0.19074932, 1.0000000, 0.40126562, 2.6990561, 3.5333982, 7.8834186, 8.2442064, 8.5873156, 8.9131327, 18.914324, 19.853628, 19.857719, 19.858709, 0.27698934, 0.28533304, 0.32883310, 0.33244187, 0.33587304, 0.33913130, 0.34457162, 0.34926814, 0.34928858, 0.34929353, 0.40126562
0.17480731, 1.0000000, 0.34350476, 2.4477363, 2.3518085, 6.9261484, 9.2689562, 9.3996000, 9.5303078, 19.522810, 19.854322, 19.857849, 19.858709, 0.27447736, 0.27351809, 0.31926149, 0.34268957, 0.34399599, 0.34530309, 0.34761405, 0.34927160, 0.34928924, 0.34929353, 0.34350476
0.15392774, 0.89275795, 0.26785418, 1.6533911, 1.8260866, 5.5225348, 9.4566450, 9.5724554, 9.6763401, 19.675110, 19.853325, 19.857571, 19.858635, 0.26653358, 0.26826066, 0.30522501, 0.34456635, 0.34572449, 0.34676337, 0.34837556, 0.34926662, 0.34928787, 0.34929317, 0.26785418
0.16632907, 1.0000000, 0.31278649, 2.4357767, 2.1014810, 5.3368077, 9.5242090, 9.6400671, 9.7366543, 19.739473, 19.852062, 19.857225, 19.858574, 0.27435777, 0.27101481, 0.30336809, 0.34524208, 0.34640068, 0.34736654, 0.34869736, 0.34926030, 0.34928614, 0.34929287, 0.31278649
0.20187631, 1.0000000, 0.44158077, 2.4623871, 4.7899609, 8.4458952, 9.5591908, 9.6750917, 9.7678061, 19.772177, 19.850920, 19.856911, 19.858517, 0.27462387, 0.29789960, 0.33445895, 0.34559190, 0.34675092, 0.34767807, 0.34886089, 0.34925461, 0.34928456, 0.34929258, 0.44158077
0.23640658, 1.0000000, 0.56669050, 2.7197003, 7.9900875, 9.5512247, 9.6800375, 9.7518721, 9.8117056, 19.798733, 19.852312, 19.857283, 19.858646, 0.27707818, 0.32983753, 0.34547961, 0.34678444, 0.34751058, 0.34811294, 0.34899291, 0.34926137, 0.34928635, 0.34929323, 0.56669050
0.27495843, 1.0000000, 0.70637107, 4.6639285, 9.3696966, 9.5630531, 9.6917744, 9.7668123, 9.8247337, 19.811804, 19.852413, 19.857309, 19.858692, 0.29663929, 0.34369695, 0.34563053, 0.34691775, 0.34766811, 0.34824735, 0.34905902, 0.34926206, 0.34928656, 0.34929347, 0.70637107
0.28735715, 1.0000000, 0.75129402, 5.4087338, 9.5667391, 9.6677752, 9.7455225, 9.8009653, 9.8445263, 19.823711, 19.853460, 19.857615, 19.858709, 0.30408493, 0.34566483, 0.34667644, 0.34745497, 0.34800953, 0.34844524, 0.34911856, 0.34926730, 0.34928808, 0.34929353, 0.75129402
0.29343936, 1.0000000, 0.77333099, 5.8057232, 9.6161690, 9.7053366, 9.7735195, 9.8205271, 9.8564320, 19.831709, 19.854263, 19.857824, 19.858709, 0.30805725, 0.34616169, 0.34705335, 0.34773520, 0.34820527, 0.34856433, 0.34915856, 0.34927133, 0.34928912, 0.34929353, 0.77333099
0.27601412, 1.0000000, 0.71019608, 4.6645617, 9.4585962, 9.6218786, 9.7468786, 9.8095160, 9.8539019, 19.834188, 19.854097, 19.857748, 19.858688, 0.29664561, 0.34458596, 0.34621879, 0.34746879, 0.34809515, 0.34853902, 0.34917095, 0.34927049, 0.34928873, 0.34929344, 0.71019608
0.25102550, 1.0000000, 0.61965764, 2.9580235, 9.3182268, 9.5619173, 9.7203741, 9.7964945, 9.8499107, 19.835135, 19.853781, 19.857634, 19.858683, 0.27958024, 0.34318227, 0.34561917, 0.34720373, 0.34796494, 0.34849912, 0.34917566, 0.34926891, 0.34928817, 0.34929341, 0.61965764
0.23188803, 1.0000000, 0.55031890, 2.2887945, 8.1334009, 9.5432901, 9.7091103, 9.7905321, 9.8485708, 19.836111, 19.853638, 19.857609, 19.858692, 0.27288723, 0.33133245, 0.34543198, 0.34709093, 0.34790525, 0.34848568, 0.34918055, 0.34926820, 0.34928805, 0.34929347, 0.55031890
0.22141162, 1.0000000, 0.51236093, 1.9572824, 7.3789001, 9.6183453, 9.7400427, 9.8076162, 9.8568363, 19.839092, 19.854170, 19.857771, 19.858709, 0.26957244, 0.32378814, 0.34618288, 0.34740031, 0.34807611, 0.34856835, 0.34919545, 0.34927085, 0.34928885, 0.34929353, 0.51236093
0.33167559, 1.0000000, 0.91186804, 8.7265749, 9.4231434, 9.5968714, 9.7474728, 9.8136158, 9.8614473, 19.842361, 19.854866, 19.857937, 19.858709, 0.33726552, 0.34423128, 0.34596863, 0.34747469, 0.34813616, 0.34861448, 0.34921181, 0.34927434, 0.34928969, 0.34929353, 0.91186804
0.35004830, 1.0000000, 0.97843570, 9.9387379, 9.6307907, 9.5839558, 9.7325363, 9.8061132, 9.8578806, 19.841532, 19.854540, 19.857849, 19.858692, 0.34938458, 0.34630629, 0.34583876, 0.34732518, 0.34806105, 0.34857878, 0.34920767, 0.34927270, 0.34928924, 0.34929347, 0.97843570
0.35600001, 1.0000000, 1.0000000, 9.9999990, 9.9999990, 9.9999990, 9.9999990, 9.9999990, 9.9999990, 19.999998, 19.999998, 19.999998, 19.998999, 0.34999999, 0.34999999, 0.34999999, 0.34999999, 0.34999999, 0.34999999, 0.34999999, 0.34999999, 0.34999999, 0.34999499, 1.0000000
0.35526413, 1.0000000, 0.99733365, 9.9619217, 9.9805250, 9.9900379, 9.9953747, 9.9976492, 9.9988308, 19.999588, 19.999891, 19.999950, 19.987009, 0.34961775, 0.34980434, 0.34989992, 0.34995365, 0.34997645, 0.34998831, 0.34999794, 0.34999946, 0.34999976, 0.34993505, 0.99733365
0.35598660, 1.0000000, 0.99995136, 9.9995222, 9.9997129, 9.9998560, 9.9999695, 9.9999847, 9.9999933, 19.999998, 19.999998, 19.999998, 19.994993, 0.34999332, 0.34999597, 0.34999800, 0.34999958, 0.34999979, 0.34999990, 0.34999999, 0.34999999, 0.34999999, 0.34997496, 0.99995136
0.35600001, 1.0000000, 1.0000000, 9.9999990, 9.9999990, 9.9999990, 9.9999990, 9.9999990, 9.9999990, 19.999998, 19.999998, 19.999998, 19.998999, 0.34999999, 0.34999999, 0.34999999, 0.34999999, 0.34999999, 0.34999999, 0.34999999, 0.34999999, 0.34999999, 0.34999499, 1.0000000
0.35600001, 1.0000000, 1.0000000, 9.9999990, 9.9999990, 9.9999990, 9.9999990, 9.9999990, 9.9999990, 19.999998, 19.999998, 19.999998, 19.998999, 0.34999999, 0.34999999, 0.34999999, 0.34999999, 0.34999999, 0.34999999, 0.34999999, 0.34999999, 0.34999999, 0.34999499, 1.0000000
0.35600001, 1.0000000, 1.0000000, 9.9999990, 9.9999990, 9.9999990, 9.9999990, 9.9999990, 9.9999990, 19.999998, 19.999998, 19.999998, 19.995995, 0.34999999, 0.34999999, 0.34999999, 0.34999999, 0.34999999, 0.34999999, 0.34999999, 0.34999999, 0.34999999, 0.34997997, 1.0000000
0.33404619, 1.0000000, 0.92045724, 8.7405529, 9.5768280, 9.7609873, 9.9276915, 9.9627657, 9.9852066, 19.997686, 19.999397, 19.999632, 19.976179, 0.33740419, 0.34576741, 0.34760943, 0.34927681, 0.34962761, 0.34985203, 0.34998843, 0.34999698, 0.34999818, 0.34988090, 0.92045724
0.29710865, 1.0000000, 0.78662556, 6.2590904, 9.3501997, 9.5928926, 9.8172102, 9.9000120, 9.9555502, 19.989883, 19.997353, 19.997583, 19.953608, 0.31258997, 0.34350115, 0.34592852, 0.34817201, 0.34900010, 0.34955549, 0.34994942, 0.34998676, 0.34998792, 0.34976804, 0.78662556
0.26823437, 1.0000000, 0.68200862, 4.1543956, 9.3776121, 9.5910473, 9.7806339, 9.8714447, 9.9389009, 19.984703, 19.995937, 19.993412, 19.933409, 0.29154161, 0.34377295, 0.34590888, 0.34780601, 0.34871426, 0.34938896, 0.34992352, 0.34997970, 0.34996706, 0.34966704, 0.68200862
0.35337085, 1.0000000, 0.99047410, 9.9848423, 9.8588076, 9.7455788, 9.8334932, 9.8947630, 9.9459333, 19.984787, 19.995777, 19.986732, 19.916313, 0.34984404, 0.34858549, 0.34745452, 0.34833467, 0.34894753, 0.34945932, 0.34992394, 0.34997889, 0.34993365, 0.34958157, 0.99047410
0.34519285, 1.0000000, 0.96084350, 9.4861078, 9.7031975, 9.7407904, 9.8420506, 9.8987932, 9.9470253, 19.984423, 19.995262, 19.977180, 19.902285, 0.34485868, 0.34703049, 0.34740716, 0.34842035, 0.34898785, 0.34947023, 0.34992212, 0.34997630, 0.34988591, 0.34951141, 0.96084350
0.31844243, 1.0000000, 0.86392182, 7.7490382, 9.4311886, 9.6266842, 9.7988024, 9.8748608, 9.9353743, 19.980639, 19.993259, 19.965073, 19.891136, 0.32748491, 0.34430790, 0.34626481, 0.34798759, 0.34874842, 0.34935367, 0.34990320, 0.34996629, 0.34982535, 0.34945568, 0.86392182
0.29599279, 1.0000000, 0.78258258, 6.1098104, 9.4500351, 9.6325331, 9.7881966, 9.8664064, 9.9294910, 19.977346, 19.990261, 19.951500, 19.882597, 0.31109503, 0.34449753, 0.34632391, 0.34788167, 0.34866393, 0.34929484, 0.34988672, 0.34995130, 0.34975749, 0.34941298, 0.78258258
0.28226167, 1.0000000, 0.73283213, 5.0600591, 9.5184174, 9.6735554, 9.8037796, 9.8732300, 9.9311647, 19.975836, 19.986235, 19.937588, 19.876171, 0.30059913, 0.34518254, 0.34673470, 0.34803760, 0.34873220, 0.34931162, 0.34987918, 0.34993118, 0.34968793, 0.34938085, 0.73283213
0.25460100, 1.0000000, 0.63261229, 3.1837213, 9.3592720, 9.5759916, 9.7613497, 9.8491440, 9.9192791, 19.970856, 19.979391, 19.923832, 19.871353, 0.28183642, 0.34359130, 0.34575921, 0.34761336, 0.34849137, 0.34919277, 0.34985429, 0.34989697, 0.34961915, 0.34935677, 0.63261229
0.24053302, 1.0000000, 0.58164138, 2.5607824, 8.6783085, 9.6134815, 9.7714195, 9.8524389, 9.9193792, 19.968287, 19.971195, 19.911348, 19.867865, 0.27560768, 0.33678278, 0.34613466, 0.34771416, 0.34852436, 0.34919378, 0.34984142, 0.34985596, 0.34955674, 0.34933931, 0.58164138
0.23372403, 1.0000000, 0.55697113, 2.3394017, 8.1837568, 9.6883745, 9.7997961, 9.8672705, 9.9247789, 19.966146, 19.961378, 19.900450, 19.865335, 0.27339402, 0.33183756, 0.34688374, 0.34799796, 0.34867269, 0.34924778, 0.34983075, 0.34980690, 0.34950227, 0.34932667, 0.55697113
0.21941195, 1.0000000, 0.50511575, 1.8651873, 7.2885165, 9.6090069, 9.7761259, 9.8549490, 9.9193602, 19.961605, 19.949722, 19.891148, 19.863483, 0.26865155, 0.32288438, 0.34608957, 0.34776115, 0.34854943, 0.34919357, 0.34980804, 0.34974861, 0.34945574, 0.34931743, 0.50511575
0.22708076, 1.0000000, 0.53290129, 2.6691914, 6.8280377, 9.6947193, 9.8047514, 9.8698673, 9.9249334, 19.957964, 19.937813, 19.883654, 19.862179, 0.27669176, 0.31828013, 0.34694701, 0.34804749, 0.34869865, 0.34924933, 0.34978983, 0.34968907, 0.34941828, 0.34931090, 0.53290129
0.23211171, 1.0000000, 0.55112934, 2.5407286, 7.6141362, 9.7582979, 9.8332157, 9.8859625, 9.9314671, 19.953606, 19.925978, 19.877716, 19.861233, 0.27540728, 0.32614136, 0.34758300, 0.34833217, 0.34885961, 0.34931466, 0.34976804, 0.34962988, 0.34938857, 0.34930617, 0.55112934
0.28950486, 1.0000000, 0.75907552, 5.5592380, 9.5125570, 9.7602930, 9.8424091, 9.8922071, 9.9338903, 19.947460, 19.914566, 19.873034, 19.860584, 0.30559239, 0.34512556, 0.34760293, 0.34842408, 0.34892207, 0.34933889, 0.34973729, 0.34957284, 0.34936517, 0.34930292, 0.75907552
0.27558085, 1.0000000, 0.70862621, 4.5496368, 9.5428448, 9.7057390, 9.8273182, 9.8848810, 9.9300671, 19.938995, 19.903898, 19.869379, 19.860104, 0.29549623, 0.34542826, 0.34705731, 0.34827316, 0.34884882, 0.34930068, 0.34969497, 0.34951949, 0.34934691, 0.34930050, 0.70862621
0.25384718, 1.0000000, 0.62988102, 3.0856266, 9.4089489, 9.6146679, 9.7886658, 9.8633871, 9.9190731, 19.927948, 19.894117, 19.866480, 19.859728, 0.28085548, 0.34408805, 0.34614593, 0.34788650, 0.34863380, 0.34919071, 0.34963974, 0.34947059, 0.34933239, 0.34929866, 0.62988102
0.23892412, 1.0000000, 0.57581198, 2.5177419, 8.5605888, 9.6031437, 9.7760496, 9.8541050, 9.9123917, 19.917372, 19.886047, 19.864336, 19.859468, 0.27517700, 0.33560503, 0.34603092, 0.34776041, 0.34854099, 0.34912390, 0.34958684, 0.34943023, 0.34932166, 0.34929734, 0.57581198
0.23081605, 1.0000000, 0.54643494, 2.3694186, 7.8099022, 9.6388187, 9.7829533, 9.8553543, 9.9094048, 19.907316, 19.879469, 19.862751, 19.859299, 0.27369404, 0.32809871, 0.34638801, 0.34782949, 0.34855351, 0.34909403, 0.34953660, 0.34939736, 0.34931377, 0.34929651, 0.54643494
0.21254401, 1.0000000, 0.48023191, 1.7546028, 6.6693273, 9.5650158, 9.7489033, 9.8344088, 9.8966551, 19.895687, 19.873646, 19.861439, 19.859194, 0.26754603, 0.31669328, 0.34565017, 0.34748903, 0.34834409, 0.34896654, 0.34947842, 0.34936821, 0.34930718, 0.34929597, 0.48023191
0.20280284, 1.0000000, 0.44493777, 1.4726222, 5.9322391, 9.6218367, 9.7680960, 9.8419285, 9.8961706, 19.887657, 19.869646, 19.860651, 19.859144, 0.26472601, 0.30932185, 0.34621793, 0.34768087, 0.34841925, 0.34896171, 0.34943828, 0.34934825, 0.34930325, 0.34929574, 0.44493777
0.24383578, 1.0000000, 0.59360784, 2.8959572, 8.4615707, 9.7199879, 9.8067617, 9.8614655, 9.9009485, 19.881639, 19.866814, 19.860147, 19.859121, 0.27895957, 0.33461571, 0.34719989, 0.34806761, 0.34861466, 0.34900948, 0.34940821, 0.34933406, 0.34930074, 0.34929562, 0.59360784
0.24151777, 1.0000000, 0.58520925, 2.7988644, 8.3575182, 9.6923161, 9.8054008, 9.8603935, 9.8977690, 19.875486, 19.864405, 19.859722, 19.859087, 0.27798864, 0.33357519, 0.34692317, 0.34805399, 0.34860393, 0.34897768, 0.34937742, 0.34932202, 0.34929860, 0.34929544, 0.58520925
0.22830145, 1.0000000, 0.53732407, 2.3507178, 7.5436301, 9.6282358, 9.7814894, 9.8463316, 9.8894720, 19.869410, 19.862288, 19.859346, 19.859039, 0.27350694, 0.32543585, 0.34628206, 0.34781483, 0.34846330, 0.34889472, 0.34934705, 0.34931144, 0.34929675, 0.34929520, 0.53732407
0.21914250, 1.0000000, 0.50413942, 2.0652771, 6.9043140, 9.6461229, 9.7848053, 9.8462248, 9.8872480, 19.865379, 19.860947, 19.859175, 19.859005, 0.27065179, 0.31904113, 0.34645984, 0.34784776, 0.34846210, 0.34887242, 0.34932691, 0.34930474, 0.34929588, 0.34929502, 0.50413942
0.20117849, 1.0000000, 0.43905252, 1.4765799, 5.7703462, 9.5486584, 9.7399654, 9.8200903, 9.8744183, 19.859819, 19.859350, 19.858849, 19.858923, 0.26476553, 0.30770284, 0.34548607, 0.34739956, 0.34820086, 0.34874415, 0.34929910, 0.34929675, 0.34929425, 0.34929460, 0.43905252
0.17822476, 1.0000000, 0.35588679, 0.74888170, 4.2542801, 9.4763603, 9.6895428, 9.7886400, 9.8588142, 19.853609, 19.857632, 19.858450, 19.858828, 0.25748825, 0.29254085, 0.34476143, 0.34689498, 0.34788615, 0.34858805, 0.34926805, 0.34928817, 0.34929225, 0.34929413, 0.35588679
0.15669267, 0.92614722, 0.27787197, 0.69421530E-1, 2.9753180, 9.1075029, 9.6551790, 9.7653809, 9.8464613, 19.848148, 19.856153, 19.858131, 19.858757, 0.25069416, 0.27975175, 0.34107283, 0.34655130, 0.34765357, 0.34846452, 0.34924075, 0.34928077, 0.34929067, 0.34929377, 0.27787197
0.14916484, 0.83524060, 0.25059724, 0.0000000, 2.5510459, 8.3639364, 9.6741638, 9.7733974, 9.8483858, 19.846489, 19.855665, 19.858036, 19.858757, 0.24998820, 0.27551046, 0.33363935, 0.34674165, 0.34773397, 0.34848386, 0.34923244, 0.34927833, 0.34929019, 0.34929377, 0.25059724
0.14287211, 0.75924903, 0.22779749, 0.0000000, 2.1448584, 7.6562138, 9.6747894, 9.7735376, 9.8476629, 19.844921, 19.855230, 19.857967, 19.858709, 0.24998820, 0.27144858, 0.32656214, 0.34674791, 0.34773538, 0.34847662, 0.34922460, 0.34927616, 0.34928983, 0.34929353, 0.22779749
0.13456543, 0.65893680, 0.19770081, 0.0000000, 1.6067415, 6.7358990, 9.6391106, 9.7524719, 9.8378820, 19.841793, 19.854391, 19.857754, 19.858664, 0.24998820, 0.26606664, 0.31735739, 0.34639063, 0.34752446, 0.34837875, 0.34920895, 0.34927195, 0.34928876, 0.34929332, 0.19770081
0.34655535, 1.0000000, 0.96578032, 9.9361277, 9.4241476, 9.1758747, 9.6765547, 9.7723932, 9.8461800, 19.843016, 19.854687, 19.857832, 19.858709, 0.34936127, 0.34424147, 0.34175876, 0.34676555, 0.34772393, 0.34846181, 0.34921509, 0.34927344, 0.34928915, 0.34929353, 0.96578032
0.35600001, 1.0000000, 1.0000000, 9.9999990, 9.9999990, 9.9999990, 9.9999990, 9.9999990, 9.9999990, 19.999998, 19.999998, 19.999998, 19.998999, 0.34999999, 0.34999999, 0.34999999, 0.34999999, 0.34999999, 0.34999999, 0.34999999, 0.34999999, 0.34999999, 0.34999499, 1.0000000
0.35600001, 1.0000000, 1.0000000, 9.9999990, 9.9999990, 9.9999990, 9.9999990, 9.9999990, 9.9999990, 19.999998, 19.999998, 19.999998, 19.998999, 0.34999999, 0.34999999, 0.34999999, 0.34999999, 0.34999999, 0.34999999, 0.34999999, 0.34999999, 0.34999999, 0.34999499, 1.0000000
0.35600001, 1.0000000, 1.0000000, 9.9999990, 9.9999990, 9.9999990, 9.9999990, 9.9999990, 9.9999990, 19.999998, 19.999998, 19.999998, 19.995995, 0.34999999, 0.34999999, 0.34999999, 0.34999999, 0.34999999, 0.34999999, 0.34999999, 0.34999999, 0.34999999, 0.34997997, 1.0000000
0.35600001, 1.0000000, 1.0000000, 9.9999990, 9.9999990, 9.9999990, 9.9999990, 9.9999990, 9.9999990, 19.999998, 19.999998, 19.999998, 19.998999, 0.34999999, 0.34999999, 0.34999999, 0.34999999, 0.34999999, 0.34999999, 0.34999999, 0.34999999, 0.34999999, 0.34999499, 1.0000000
0.35600001, 1.0000000, 1.0000000, 9.9999990, 9.9999990, 9.9999990, 9.9999962, 9.9999990, 9.9999990, 19.999998, 19.999998, 19.999989, 19.989645, 0.34999999, 0.34999999, 0.34999999, 0.34999996, 0.34999999, 0.34999999, 0.34999999, 0.34999999, 0.34999993, 0.34994823, 1.0000000
0.34003150, 1.0000000, 0.94214302, 9.1017704, 9.6672354, 9.8157701, 9.9484777, 9.9736443, 9.9898500, 19.998669, 19.999653, 19.999271, 19.966248, 0.34101769, 0.34667236, 0.34815770, 0.34948477, 0.34973645, 0.34989852, 0.34999335, 0.34999827, 0.34999636, 0.34983122, 0.94214302
0.35598588, 1.0000000, 0.99994874, 9.9993649, 9.9996176, 9.9998083, 9.9999638, 9.9999790, 9.9999933, 19.999998, 19.999998, 19.999990, 19.992998, 0.34999293, 0.34999576, 0.34999788, 0.34999961, 0.34999976, 0.34999993, 0.34999999, 0.34999999, 0.34999996, 0.34996498, 0.99994874
0.35600001, 1.0000000, 1.0000000, 9.9999990, 9.9999990, 9.9999990, 9.9999990, 9.9999990, 9.9999990, 19.999998, 19.999998, 19.999998, 19.997997, 0.34999999, 0.34999999, 0.34999999, 0.34999999, 0.34999999, 0.34999999, 0.34999999, 0.34999999, 0.34999999, 0.34998998, 1.0000000
0.35600001, 1.0000000, 1.0000000, 9.9999990, 9.9999990, 9.9999990, 9.9999990, 9.9999990, 9.9999990, 19.999998, 19.999998, 19.999998, 19.996996, 0.34999999, 0.34999999, 0.34999999, 0.34999999, 0.34999999, 0.34999999, 0.34999999, 0.34999999, 0.34999999, 0.34998497, 1.0000000
0.35583943, 1.0000000, 0.99941826, 9.9919958, 9.9952078, 9.9976015, 9.9995222, 9.9997549, 9.9999161, 19.999998, 19.999998, 19.999989, 19.991005, 0.34991997, 0.34995207, 0.34997600, 0.34999523, 0.34999755, 0.34999916, 0.34999999, 0.34999999, 0.34999993, 0.34995502, 0.99941826
0.34180164, 1.0000000, 0.94855666, 9.2097130, 9.6925726, 9.8314362, 9.9539671, 9.9765024, 9.9910021, 19.998848, 19.999695, 19.999777, 19.979128, 0.34209713, 0.34692574, 0.34831434, 0.34953967, 0.34976503, 0.34991002, 0.34999424, 0.34999847, 0.34999889, 0.34989566, 0.94855666
0.30858576, 1.0000000, 0.82820922, 7.0522413, 9.3919907, 9.6283216, 9.8500957, 9.9196129, 9.9655209, 19.992920, 19.998152, 19.998100, 19.956350, 0.32052243, 0.34391990, 0.34628323, 0.34850097, 0.34919614, 0.34965521, 0.34996459, 0.34999076, 0.34999049, 0.34978175, 0.82820922
0.27094454, 1.0000000, 0.69182807, 4.4045806, 9.3078222, 9.5514469, 9.7726784, 9.8697481, 9.9399576, 19.986008, 19.996319, 19.994133, 19.935787, 0.29404581, 0.34307823, 0.34551448, 0.34772679, 0.34869748, 0.34939957, 0.34993005, 0.34998161, 0.34997067, 0.34967893, 0.69182807
0.24190558, 1.0000000, 0.58661437, 2.7604313, 8.5570602, 9.5292082, 9.7392101, 9.8424282, 9.9229832, 19.980431, 19.994707, 19.987410, 19.918194, 0.27760431, 0.33557060, 0.34529209, 0.34739211, 0.34842429, 0.34922984, 0.34990215, 0.34997353, 0.34993705, 0.34959096, 0.58661437
0.25000978, 1.0000000, 0.61597747, 2.9810369, 9.1426535, 9.5781603, 9.7511854, 9.8432865, 9.9191666, 19.977148, 19.993422, 19.977987, 19.903748, 0.27980998, 0.34142587, 0.34578124, 0.34751180, 0.34843284, 0.34919167, 0.34988573, 0.34996712, 0.34988993, 0.34951875, 0.61597747
0.35590905, 1.0000000, 0.99967039, 9.9954653, 9.9972820, 9.9986401, 9.9997282, 9.9998627, 9.9999542, 19.999998, 19.999998, 19.999989, 19.991005, 0.34995466, 0.34997281, 0.34998640, 0.34999728, 0.34999862, 0.34999955, 0.34999999, 0.34999999, 0.34999993, 0.34995502, 0.99967039
0.35000253, 1.0000000, 0.97827005, 9.6843004, 9.8448954, 9.9190321, 9.9799061, 9.9898396, 9.9961596, 19.999540, 19.999886, 19.999407, 19.967562, 0.34684300, 0.34844896, 0.34919032, 0.34979907, 0.34989840, 0.34996158, 0.34999770, 0.34999943, 0.34999704, 0.34983781, 0.97827005
0.32094306, 1.0000000, 0.87298214, 7.8802538, 9.4711485, 9.6852636, 9.8861523, 9.9400578, 9.9749708, 19.995251, 19.998777, 19.996834, 19.945799, 0.32880253, 0.34471148, 0.34685263, 0.34886152, 0.34940058, 0.34974971, 0.34997624, 0.34999388, 0.34998417, 0.34972900, 0.87298214
0.35154915, 1.0000000, 0.98387378, 9.7687540, 9.8805819, 9.9383459, 9.9852781, 9.9925861, 9.9972439, 19.999706, 19.999928, 19.999958, 19.988020, 0.34768754, 0.34880581, 0.34938347, 0.34985277, 0.34992588, 0.34997243, 0.34999853, 0.34999964, 0.34999979, 0.34994009, 0.98387378
0.33234406, 1.0000000, 0.91429007, 8.6176853, 9.5778475, 9.7578888, 9.9245653, 9.9609957, 9.9845467, 19.997692, 19.999409, 19.999123, 19.964699, 0.33617613, 0.34577799, 0.34757864, 0.34924561, 0.34960994, 0.34984547, 0.34998846, 0.34999704, 0.34999561, 0.34982350, 0.91429007
0.34328526, 1.0000000, 0.95393211, 9.3597507, 9.6522903, 9.7857389, 9.9107475, 9.9517183, 9.9796438, 19.996357, 19.999063, 19.996481, 19.943285, 0.34358937, 0.34651786, 0.34785482, 0.34910697, 0.34951690, 0.34979635, 0.34998178, 0.34999532, 0.34998241, 0.34971642, 0.95393211
0.35521424, 1.0000000, 0.99715298, 9.9999990, 9.9975138, 9.8436470, 9.8920412, 9.9397488, 9.9741058, 19.995478, 19.998821, 19.991201, 19.924597, 0.34999999, 0.34997514, 0.34843647, 0.34892040, 0.34939748, 0.34974104, 0.34997737, 0.34999412, 0.34995601, 0.34962299, 0.99715298
0.35600001, 1.0000000, 0.99999988, 9.9999990, 9.9999962, 9.9999962, 9.9999990, 9.9999990, 9.9999990, 19.999998, 19.999998, 19.999998, 19.998999, 0.34999999, 0.34999996, 0.34999996, 0.34999999, 0.34999999, 0.34999999, 0.34999999, 0.34999999, 0.34999999, 0.34999499, 0.99999988
0.35600001, 1.0000000, 1.0000000, 9.9999990, 9.9999990, 9.9999990, 9.9999990, 9.9999990, 9.9999990, 19.999998, 19.999998, 19.999998, 19.998999, 0.34999999, 0.34999999, 0.34999999, 0.34999999, 0.34999999, 0.34999999, 0.34999999, 0.34999999, 0.34999999, 0.34999499, 1.0000000
0.35600001, 1.0000000, 1.0000000, 9.9999990, 9.9999990, 9.9999990, 9.9999990, 9.9999990, 9.9999990, 19.999998, 19.999998, 19.999998, 19.995995, 0.34999999, 0.34999999, 0.34999999, 0.34999999, 0.34999999, 0.34999999, 0.34999999, 0.34999999, 0.34999999, 0.34997997, 1.0000000
0.35600001, 1.0000000, 1.0000000, 9.9999990, 9.9999990, 9.9999990, 9.9999990, 9.9999990, 9.9999990, 19.999998, 19.999998, 19.999998, 19.998999, 0.34999999, 0.34999999, 0.34999999, 0.34999999, 0.34999999, 0.34999999, 0.34999999, 0.34999999, 0.34999999, 0.34999499, 1.0000000
0.35600001, 1.0000000, 1.0000000, 9.9999990, 9.9999990, 9.9999990, 9.9999990, 9.9999990, 9.9999990, 19.999998, 19.999998, 19.999998, 19.997997, 0.34999999, 0.34999999, 0.34999999, 0.34999999, 0.34999999, 0.34999999, 0.34999999, 0.34999999, 0.34999999, 0.34998998, 1.0000000
0.35600001, 1.0000000, 1.0000000, 9.9999990, 9.9999990, 9.9999990, 9.9999990, 9.9999990, 9.9999990, 19.999998, 19.999998, 19.999998, 19.998999, 0.34999999, 0.34999999, 0.34999999, 0.34999999, 0.34999999, 0.34999999, 0.34999999, 0.34999999, 0.34999999, 0.34999499, 1.0000000
0.33829182, 1.0000000, 0.93583995, 8.9953680, 9.6432571, 9.8008299, 9.9425974, 9.9705563, 9.9885273, 19.998390, 19.999588, 19.999643, 19.975210, 0.33995146, 0.34643114, 0.34800756, 0.34942582, 0.34970552, 0.34988526, 0.34999195, 0.34999794, 0.34999821, 0.34987605, 0.93583995
0.30776766, 1.0000000, 0.82524508, 6.9755359, 9.4144611, 9.6404047, 9.8542023, 9.9214830, 9.9666739, 19.993605, 19.998337, 19.997746, 19.952765, 0.31975538, 0.34414461, 0.34640405, 0.34854203, 0.34921482, 0.34966674, 0.34996802, 0.34999168, 0.34998873, 0.34976381, 0.82524508
0.26493376, 1.0000000, 0.67004985, 3.9977598, 9.2735729, 9.5282736, 9.7621813, 9.8636627, 9.9378939, 19.986448, 19.996433, 19.993319, 19.932638, 0.28997561, 0.34273297, 0.34528130, 0.34762150, 0.34863648, 0.34937888, 0.34993225, 0.34998217, 0.34996659, 0.34966320, 0.67004985
0.23530041, 1.0000000, 0.56268263, 2.5100946, 8.1906776, 9.5061150, 9.7266893, 9.8347321, 9.9198904, 19.980894, 19.994806, 19.986120, 19.915562, 0.27509886, 0.33190271, 0.34505880, 0.34726641, 0.34834707, 0.34919882, 0.34990448, 0.34997404, 0.34993058, 0.34957781, 0.56268263
0.20436949, 1.0000000, 0.45061406, 1.5018553, 6.1677132, 9.4531727, 9.6821060, 9.8019400, 9.8996658, 19.973600, 19.992363, 19.975964, 19.901581, 0.26501811, 0.31167606, 0.34453088, 0.34682089, 0.34801930, 0.34899664, 0.34986800, 0.34996182, 0.34987980, 0.34950790, 0.45061406
0.18743180, 1.0000000, 0.38924563, 1.0308206, 4.8762836, 9.5087996, 9.7059164, 9.8108997, 9.8999367, 19.970505, 19.990362, 19.963789, 19.890598, 0.26030821, 0.29876283, 0.34508801, 0.34705916, 0.34810901, 0.34899938, 0.34985253, 0.34995180, 0.34981894, 0.34945300, 0.38924563
0.16532725, 1.0000000, 0.30915672, 0.40095150, 3.2902746, 9.4490414, 9.6769352, 9.7929440, 9.8900537, 19.965418, 19.986696, 19.950090, 19.882149, 0.25400952, 0.28290275, 0.34449041, 0.34676936, 0.34792945, 0.34890053, 0.34982708, 0.34993348, 0.34975046, 0.34941074, 0.30915672
0.15172556, 0.86616403, 0.25987521, 0.0000000, 2.5917797, 8.8962584, 9.6828194, 9.7945023, 9.8889704, 19.961754, 19.981844, 19.936052, 19.875790, 0.24999939, 0.27591661, 0.33896056, 0.34682775, 0.34794483, 0.34888962, 0.34980875, 0.34990922, 0.34968024, 0.34937894, 0.25987521
0.14418381, 0.77508938, 0.23255007, 0.0000000, 2.1075726, 8.0453281, 9.6733313, 9.7880402, 9.8850403, 19.957697, 19.974991, 19.922440, 19.871071, 0.24999939, 0.27107546, 0.33045277, 0.34673318, 0.34788033, 0.34885037, 0.34978849, 0.34987494, 0.34961221, 0.34935534, 0.23255007
0.13606982, 0.67710400, 0.20315151, 0.0000000, 1.5984803, 7.1093893, 9.6531868, 9.7750778, 9.8779840, 19.952650, 19.965925, 19.909933, 19.867611, 0.24999939, 0.26598406, 0.32109222, 0.34653142, 0.34775054, 0.34877977, 0.34976324, 0.34982961, 0.34954965, 0.34933805, 0.20315151
0.13146044, 0.62144071, 0.18645087, 0.0000000, 1.3528317, 6.4773617, 9.6898232, 9.7951918, 9.8864183, 19.950928, 19.956108, 19.899239, 19.865147, 0.24999939, 0.26352832, 0.31477362, 0.34689823, 0.34795192, 0.34886420, 0.34975463, 0.34978053, 0.34949619, 0.34932572, 0.18645087
0.35094446, 1.0000000, 0.98168278, 9.9991560, 9.8325796, 9.1945162, 9.7280664, 9.8178539, 9.8964357, 19.948858, 19.945148, 19.890249, 19.863365, 0.34998748, 0.34832337, 0.34194404, 0.34728044, 0.34817842, 0.34896433, 0.34974429, 0.34972575, 0.34945124, 0.34931684, 0.98168278
0.32856268, 1.0000000, 0.90058941, 8.5080128, 9.4138737, 9.5851612, 9.7613525, 9.8386431, 9.9062290, 19.946352, 19.933725, 19.882977, 19.862095, 0.33508012, 0.34413874, 0.34585160, 0.34761351, 0.34838644, 0.34906229, 0.34973174, 0.34966862, 0.34941489, 0.34931046, 0.90058941
0.31214312, 1.0000000, 0.84109819, 7.2666383, 9.4715843, 9.6372786, 9.7767706, 9.8492050, 9.9108906, 19.941509, 19.922041, 19.877106, 19.861174, 0.32266638, 0.34471583, 0.34637278, 0.34776771, 0.34849206, 0.34910890, 0.34970754, 0.34961021, 0.34938553, 0.34930587, 0.84109819
0.30199039, 1.0000000, 0.80431294, 6.4987631, 9.5098581, 9.6638937, 9.7916536, 9.8587542, 9.9149084, 19.935762, 19.911077, 19.872562, 19.860527, 0.31498763, 0.34509858, 0.34663895, 0.34791654, 0.34858754, 0.34914908, 0.34967881, 0.34955537, 0.34936282, 0.34930265, 0.80431294
0.35513300, 1.0000000, 0.99685866, 9.9565763, 9.9746857, 9.9872684, 9.9973803, 9.9986849, 9.9995527, 19.999992, 19.999998, 19.999989, 19.991005, 0.34956443, 0.34974605, 0.34987226, 0.34997371, 0.34998682, 0.34999552, 0.34999996, 0.34999999, 0.34999993, 0.34995502, 0.99685866
0.35600001, 1.0000000, 1.0000000, 9.9999990, 9.9999990, 9.9999990, 9.9999990, 9.9999990, 9.9999990, 19.999998, 19.999998, 19.999998, 19.998999, 0.34999999, 0.34999999, 0.34999999, 0.34999999, 0.34999999, 0.34999999, 0.34999999, 0.34999999, 0.34999999, 0.34999499, 1.0000000
0.34215039, 1.0000000, 0.94982016, 9.2303753, 9.6983061, 9.8348341, 9.9558620, 9.9774971, 9.9914989, 19.999027, 19.999748, 19.999678, 19.975233, 0.34230375, 0.34698308, 0.34834835, 0.34955862, 0.34977496, 0.34991500, 0.34999514, 0.34999874, 0.34999838, 0.34987617, 0.94982016
0.35600001, 1.0000000, 1.0000000, 9.9999990, 9.9999990, 9.9999990, 9.9999990, 9.9999990, 9.9999990, 19.999998, 19.999998, 19.999998, 19.994993, 0.34999999, 0.34999999, 0.34999999, 0.34999999, 0.34999999, 0.34999999, 0.34999999, 0.34999999, 0.34999999, 0.34997496, 1.0000000
0.35600001, 1.0000000, 1.0000000, 9.9999990, 9.9999990, 9.9999990, 9.9999990, 9.9999990, 9.9999990, 19.999998, 19.999998, 19.999998, 19.998999, 0.34999999, 0.34999999, 0.34999999, 0.34999999, 0.34999999, 0.34999999, 0.34999999, 0.34999999, 0.34999999, 0.34999499, 1.0000000
0.35600001, 1.0000000, 1.0000000, 9.9999990, 9.9999990, 9.9999990, 9.9999990, 9.9999990, 9.9999990, 19.999998, 19.999998, 19.999998, 19.995995, 0.34999999, 0.34999999, 0.34999999, 0.34999999, 0.34999999, 0.34999999, 0.34999999, 0.34999999, 0.34999999, 0.34997997, 1.0000000
0.35600001, 1.0000000, 1.0000000, 9.9999990, 9.9999990, 9.9999990, 9.9999990, 9.9999990, 9.9999990, 19.999998, 19.999998, 19.999998, 19.994993, 0.34999999, 0.34999999, 0.34999999, 0.34999999, 0.34999999, 0.34999999, 0.34999999, 0.34999999, 0.34999999, 0.34997496, 1.0000000
0.35600001, 1.0000000, 1.0000000, 9.9999990, 9.9999990, 9.9999990, 9.9999990, 9.9999990, 9.9999990, 19.999998, 19.999998, 19.999998, 19.997997, 0.34999999, 0.34999999, 0.34999999, 0.34999999, 0.34999999, 0.34999999, 0.34999999, 0.34999999, 0.34999999, 0.34998998, 1.0000000
0.35600001, 1.0000000, 1.0000000, 9.9999990, 9.9999990, 9.9999990, 9.9999990, 9.9999990, 9.9999990, 19.999998, 19.999998, 19.999998, 19.998999, 0.34999999, 0.34999999, 0.34999999, 0.34999999, 0.34999999, 0.34999999, 0.34999999, 0.34999999, 0.34999999, 0.34999499, 1.0000000
0.33120143, 1.0000000, 0.91015017, 8.5631571, 9.5411606, 9.7380896, 9.9190426, 9.9581623, 9.9833374, 19.997389, 19.999313, 19.999701, 19.980080, 0.33563158, 0.34541160, 0.34738091, 0.34919041, 0.34958163, 0.34983337, 0.34998694, 0.34999657, 0.34999850, 0.34990039, 0.91015017
0.32992852, 1.0000000, 0.90553802, 8.5566435, 9.4472027, 9.6575394, 9.8551149, 9.9211597, 9.9663105, 19.993563, 19.998312, 19.998241, 19.957277, 0.33556595, 0.34447169, 0.34657523, 0.34855112, 0.34921157, 0.34966311, 0.34996781, 0.34999156, 0.34999120, 0.34978640, 0.90553802
0.30634004, 1.0000000, 0.82007253, 6.8788581, 9.4183426, 9.6230745, 9.8080559, 9.8895407, 9.9494858, 19.989002, 19.997101, 19.994547, 19.936661, 0.31878859, 0.34418342, 0.34623075, 0.34808058, 0.34889540, 0.34949487, 0.34994501, 0.34998551, 0.34997272, 0.34968331, 0.82007253
0.32738608, 1.0000000, 0.89632636, 8.4184580, 9.4026051, 9.6106081, 9.7937508, 9.8762407, 9.9408646, 19.986507, 19.996334, 19.988161, 19.918985, 0.33418459, 0.34402606, 0.34610608, 0.34793752, 0.34876239, 0.34940866, 0.34993255, 0.34998167, 0.34994081, 0.34959492, 0.89632636
0.29577708, 1.0000000, 0.78180099, 6.1822209, 9.3387299, 9.5658770, 9.7640400, 9.8556786, 9.9285107, 19.982256, 19.994860, 19.978796, 19.904367, 0.31182221, 0.34338731, 0.34565878, 0.34764040, 0.34855679, 0.34928510, 0.34991127, 0.34997430, 0.34989399, 0.34952185, 0.78180099
0.24974568, 1.0000000, 0.61502057, 2.9612510, 9.2061615, 9.4671087, 9.6979904, 9.8132219, 9.9052925, 19.974409, 19.991884, 19.966764, 19.892696, 0.27961251, 0.34206161, 0.34467107, 0.34697992, 0.34813222, 0.34905294, 0.34987205, 0.34995943, 0.34983382, 0.34946349, 0.61502057
0.22122490, 1.0000000, 0.51168442, 2.0221024, 7.3276215, 9.4709482, 9.6853943, 9.8000097, 9.8948145, 19.968330, 19.988283, 19.953186, 19.883728, 0.27021977, 0.32327348, 0.34470773, 0.34685358, 0.34799993, 0.34894809, 0.34984165, 0.34994143, 0.34976593, 0.34941864, 0.51168442
0.35596073, 1.0000000, 0.99985778, 9.9982529, 9.9989500, 9.9994774, 9.9998951, 9.9999456, 9.9999819, 19.999998, 19.999998, 19.999996, 19.993994, 0.34998041, 0.34998825, 0.34999415, 0.34999883, 0.34999940, 0.34999979, 0.34999999, 0.34999999, 0.34999996, 0.34996998, 0.99985778
0.35519731, 1.0000000, 0.99709171, 9.9595776, 9.9766388, 9.9882317, 9.9974346, 9.9987087, 9.9995403, 19.999969, 19.999992, 19.999983, 19.990009, 0.34959579, 0.34976637, 0.34988230, 0.34997433, 0.34998709, 0.34999540, 0.34999985, 0.34999996, 0.34999990, 0.34995005, 0.99709171
0.35600001, 1.0000000, 1.0000000, 9.9999990, 9.9999990, 9.9999990, 9.9999990, 9.9999990, 9.9999990, 19.999998, 19.999998, 19.999998, 19.998999, 0.34999999, 0.34999999, 0.34999999, 0.34999999, 0.34999999, 0.34999999, 0.34999999, 0.34999999, 0.34999999, 0.34999499, 1.0000000
0.34473139, 1.0000000, 0.95917165, 9.4532309, 9.6535645, 9.8076696, 9.9452162, 9.9719353, 9.9890680, 19.998461, 19.999594, 19.999819, 19.983057, 0.34453231, 0.34653565, 0.34807670, 0.34945217, 0.34971935, 0.34989068, 0.34999231, 0.34999797, 0.34999910, 0.34991530, 0.95917165
0.35600001, 1.0000000, 0.99999988, 9.9999990, 9.9999962, 9.9999990, 9.9999990, 9.9999990, 9.9999990, 19.999998, 19.999998, 19.999998, 19.998999, 0.34999999, 0.34999996, 0.34999999, 0.34999999, 0.34999999, 0.34999999, 0.34999999, 0.34999999, 0.34999999, 0.34999499, 0.99999988
0.32167190, 1.0000000, 0.87562281, 7.9432678, 9.4574995, 9.6792240, 9.8866100, 9.9404993, 9.9752169, 19.995274, 19.998772, 19.999439, 19.975163, 0.32943109, 0.34457386, 0.34679168, 0.34886599, 0.34940493, 0.34975213, 0.34997636, 0.34999385, 0.34999719, 0.34987581, 0.87562281
0.29660350, 1.0000000, 0.78479522, 6.1687808, 9.4166803, 9.6345720, 9.8380775, 9.9100971, 9.9610109, 19.992466, 19.998051, 19.997681, 19.952742, 0.31168512, 0.34416437, 0.34634447, 0.34838051, 0.34910086, 0.34961009, 0.34996232, 0.34999025, 0.34998840, 0.34976369, 0.78479522
0.26541379, 1.0000000, 0.67178905, 3.9704211, 9.3495808, 9.5783119, 9.7858772, 9.8753195, 9.9428425, 19.988031, 19.996874, 19.993444, 19.932674, 0.28970072, 0.34349087, 0.34578058, 0.34785828, 0.34875292, 0.34942833, 0.34994015, 0.34998438, 0.34996721, 0.34966338, 0.67178905
0.35600001, 1.0000000, 1.0000000, 9.9999990, 9.9999990, 9.9999990, 9.9999990, 9.9999990, 9.9999962, 19.999998, 19.999992, 19.999998, 19.997997, 0.34999999, 0.34999999, 0.34999999, 0.34999999, 0.34999999, 0.34999996, 0.34999999, 0.34999996, 0.34999999, 0.34998998, 1.0000000
0.34234536, 1.0000000, 0.95052654, 9.3566561, 9.5596514, 9.7474766, 9.9206038, 9.9588890, 9.9835377, 19.997358, 19.999296, 19.999552, 19.974239, 0.34356657, 0.34559652, 0.34747475, 0.34920603, 0.34958890, 0.34983537, 0.34998679, 0.34999648, 0.34999776, 0.34987119, 0.95052654
0.33872324, 1.0000000, 0.93740296, 9.1699743, 9.4743690, 9.6783161, 9.8721876, 9.9307594, 9.9712954, 19.995304, 19.998753, 19.997761, 19.951929, 0.34169975, 0.34474370, 0.34678316, 0.34872186, 0.34930760, 0.34971297, 0.34997651, 0.34999377, 0.34998882, 0.34975964, 0.93740296
0.30210552, 1.0000000, 0.80473006, 6.6356649, 9.3367720, 9.5767689, 9.7968664, 9.8847361, 9.9486637, 19.989841, 19.997309, 19.993361, 19.931953, 0.31635666, 0.34336773, 0.34576768, 0.34796867, 0.34884736, 0.34948665, 0.34994921, 0.34998655, 0.34996679, 0.34965977, 0.80473006
0.26198810, 1.0000000, 0.65937710, 3.7971973, 9.2616329, 9.5144339, 9.7416916, 9.8463049, 9.9273958, 19.984121, 19.995657, 19.986027, 19.914989, 0.28797135, 0.34261543, 0.34514388, 0.34741682, 0.34846300, 0.34927392, 0.34992060, 0.34997827, 0.34993014, 0.34957495, 0.65937710
0.24877818, 1.0000000, 0.61151510, 2.9311867, 9.0955658, 9.5444593, 9.7393751, 9.8382063, 9.9190388, 19.980268, 19.994173, 19.976007, 19.901155, 0.27931079, 0.34095365, 0.34544352, 0.34739354, 0.34838194, 0.34919035, 0.34990135, 0.34997088, 0.34988004, 0.34950578, 0.61151510
0.35599726, 1.0000000, 0.99998999, 9.9998627, 9.9999161, 9.9999580, 9.9999905, 9.9999962, 9.9999990, 19.999998, 19.999998, 19.999998, 19.994993, 0.34999862, 0.34999916, 0.34999958, 0.34999990, 0.34999996, 0.34999999, 0.34999999, 0.34999999, 0.34999999, 0.34997496, 0.99998999
0.35600001, 1.0000000, 1.0000000, 9.9999990, 9.9999990, 9.9999990, 9.9999990, 9.9999990, 9.9999990, 19.999998, 19.999998, 19.999998, 19.996996, 0.34999999, 0.34999999, 0.34999999, 0.34999999, 0.34999999, 0.34999999, 0.34999999, 0.34999999, 0.34999999, 0.34998497, 1.0000000
0.35600001, 1.0000000, 1.0000000, 9.9999990, 9.9999990, 9.9999990, 9.9999990, 9.9999990, 9.9999990, 19.999998, 19.999998, 19.999998, 19.997997, 0.34999999, 0.34999999, 0.34999999, 0.34999999, 0.34999999, 0.34999999, 0.34999999, 0.34999999, 0.34999999, 0.34998998, 1.0000000
0.33619678, 1.0000000, 0.92824918, 8.9280062, 9.5378075, 9.7354555, 9.9181824, 9.9576855, 9.9832163, 19.997442, 19.999336, 19.999552, 19.974239, 0.33928007, 0.34537807, 0.34735456, 0.34918183, 0.34957686, 0.34983218, 0.34998721, 0.34999669, 0.34999776, 0.34987119, 0.92824918
0.35598677, 1.0000000, 0.99995214, 9.9993410, 9.9996033, 9.9998026, 9.9999609, 9.9999790, 9.9999905, 19.999998, 19.999998, 19.999990, 19.992998, 0.34999341, 0.34999603, 0.34999803, 0.34999961, 0.34999979, 0.34999990, 0.34999999, 0.34999999, 0.34999996, 0.34996498, 0.99995214
0.32830739, 1.0000000, 0.89966446, 8.3988571, 9.4862614, 9.7007055, 9.9029589, 9.9495211, 9.9798012, 19.996840, 19.999176, 19.999586, 19.977108, 0.33398858, 0.34486261, 0.34700707, 0.34902960, 0.34949520, 0.34979802, 0.34998420, 0.34999588, 0.34999794, 0.34988552, 0.89966446
0.32771933, 1.0000000, 0.89753377, 8.4059601, 9.4389944, 9.6460009, 9.8418589, 9.9127026, 9.9625282, 19.993111, 19.998205, 19.997902, 19.954510, 0.33405960, 0.34438995, 0.34646001, 0.34841859, 0.34912702, 0.34962529, 0.34996554, 0.34999102, 0.34998950, 0.34977254, 0.89753377
0.29428023, 1.0000000, 0.77637756, 6.0666609, 9.3415174, 9.5761652, 9.7890244, 9.8779554, 9.9446630, 19.988907, 19.997076, 19.993895, 19.934219, 0.31066662, 0.34341517, 0.34576166, 0.34789026, 0.34877956, 0.34944662, 0.34994453, 0.34998539, 0.34996948, 0.34967110, 0.77637756
0.27249911, 1.0000000, 0.69746053, 4.5318966, 9.2973013, 9.5359030, 9.7490969, 9.8489351, 9.9277363, 19.984133, 19.995682, 19.986988, 19.916891, 0.29531106, 0.34296331, 0.34535405, 0.34748995, 0.34848884, 0.34927720, 0.34992066, 0.34997842, 0.34993494, 0.34958446, 0.69746053
0.35600001, 1.0000000, 1.0000000, 9.9999990, 9.9999990, 9.9999990, 9.9999990, 9.9999990, 9.9999990, 19.999998, 19.999998, 19.999998, 19.995995, 0.34999999, 0.34999999, 0.34999999, 0.34999999, 0.34999999, 0.34999999, 0.34999999, 0.34999999, 0.34999999, 0.34997997, 1.0000000
0.35600001, 1.0000000, 1.0000000, 9.9999990, 9.9999990, 9.9999990, 9.9999990, 9.9999990, 9.9999990, 19.999998, 19.999998, 19.999998, 19.998999, 0.34999999, 0.34999999, 0.34999999, 0.34999999, 0.34999999, 0.34999999, 0.34999999, 0.34999999, 0.34999999, 0.34999499, 1.0000000
0.35156327, 1.0000000, 0.98392481, 9.9189577, 9.7279367, 9.7617245, 9.9259710, 9.9617243, 9.9847603, 19.997627, 19.999386, 19.999594, 19.975210, 0.34918958, 0.34727937, 0.34761724, 0.34925970, 0.34961724, 0.34984761, 0.34998813, 0.34999692, 0.34999797, 0.34987605, 0.98392481
0.32328716, 1.0000000, 0.88147515, 8.0887766, 9.4310236, 9.6448889, 9.8592119, 9.9238720, 9.9685698, 19.994965, 19.998688, 19.997841, 19.952789, 0.33088574, 0.34430882, 0.34644818, 0.34859195, 0.34923866, 0.34968567, 0.34997481, 0.34999344, 0.34998921, 0.34976393, 0.88147515
0.28898501, 1.0000000, 0.75719202, 5.6752176, 9.3502121, 9.5824766, 9.7969437, 9.8841095, 9.9486694, 19.990412, 19.997494, 19.993599, 19.932716, 0.30675173, 0.34350169, 0.34582457, 0.34796938, 0.34884107, 0.34948671, 0.34995204, 0.34998748, 0.34996799, 0.34966359, 0.75719202
0.25841105, 1.0000000, 0.64641678, 3.4882147, 9.3210096, 9.5557175, 9.7662563, 9.8604326, 9.9346848, 19.986877, 19.996437, 19.986544, 19.915668, 0.28488064, 0.34320766, 0.34555593, 0.34766230, 0.34860420, 0.34934682, 0.34993440, 0.34998220, 0.34993273, 0.34957835, 0.64641678
0.33953351, 1.0000000, 0.94033873, 9.0766678, 9.6532030, 9.8084002, 9.9471378, 9.9729805, 9.9896593, 19.998705, 19.999659, 19.999838, 19.984043, 0.34076497, 0.34653097, 0.34808347, 0.34947127, 0.34972975, 0.34989658, 0.34999353, 0.34999830, 0.34999919, 0.34992021, 0.94033873
0.35597485, 1.0000000, 0.99990880, 9.9987450, 9.9992485, 9.9996243, 9.9999247, 9.9999609, 9.9999876, 19.999998, 19.999998, 19.999998, 19.994993, 0.34998745, 0.34999248, 0.34999624, 0.34999925, 0.34999961, 0.34999987, 0.34999999, 0.34999999, 0.34999999, 0.34997496, 0.99990880
0.35600001, 1.0000000, 1.0000000, 9.9999990, 9.9999990, 9.9999990, 9.9999990, 9.9999990, 9.9999990, 19.999998, 19.999998, 19.999998, 19.994993, 0.34999999, 0.34999999, 0.34999999, 0.34999999, 0.34999999, 0.34999999, 0.34999999, 0.34999999, 0.34999999, 0.34997496, 1.0000000
0.34161061, 1.0000000, 0.94786453, 9.1976166, 9.6901808, 9.8299236, 9.9557753, 9.9774714, 9.9916916, 19.999254, 19.999807, 19.999834, 19.981091, 0.34197617, 0.34690180, 0.34829924, 0.34955776, 0.34977472, 0.34991691, 0.34999627, 0.34999904, 0.34999916, 0.34990546, 0.94786453
0.32070825, 1.0000000, 0.87213129, 7.8565006, 9.4802227, 9.6887407, 9.8892803, 9.9414759, 9.9765997, 19.996674, 19.999134, 19.998550, 19.958202, 0.32856500, 0.34480223, 0.34688741, 0.34889281, 0.34941477, 0.34976599, 0.34998336, 0.34999567, 0.34999275, 0.34979102, 0.87213129
0.35598737, 1.0000000, 0.99995410, 9.9993677, 9.9996204, 9.9998112, 9.9999638, 9.9999790, 9.9999905, 19.999998, 19.999998, 19.999998, 19.994993, 0.34999368, 0.34999621, 0.34999812, 0.34999964, 0.34999979, 0.34999990, 0.34999999, 0.34999999, 0.34999999, 0.34997496, 0.99995410
0.35540622, 1.0000000, 0.99784869, 9.9999990, 9.9986095, 9.8827009, 9.9097490, 9.9531889, 9.9816360, 19.997437, 19.999331, 19.999727, 19.981050, 0.34999999, 0.34998611, 0.34882700, 0.34909749, 0.34953189, 0.34981635, 0.34998718, 0.34999666, 0.34999865, 0.34990525, 0.99784869
0.33062744, 1.0000000, 0.90807045, 8.5850811, 9.4814329, 9.6643171, 9.8494644, 9.9179192, 9.9665508, 19.995369, 19.998795, 19.998455, 19.958185, 0.33585081, 0.34481433, 0.34664318, 0.34849465, 0.34917921, 0.34966552, 0.34997684, 0.34999397, 0.34999228, 0.34979093, 0.90807045
0.28867596, 1.0000000, 0.75607234, 5.7054877, 9.2873373, 9.5394297, 9.7709150, 9.8685131, 9.9417219, 19.989693, 19.997292, 19.994791, 19.937429, 0.30705488, 0.34287336, 0.34539431, 0.34770915, 0.34868515, 0.34941721, 0.34994847, 0.34998646, 0.34997395, 0.34968716, 0.75607234
0.25016356, 1.0000000, 0.61653459, 2.9440548, 9.2614145, 9.5069027, 9.7264147, 9.8349504, 9.9212227, 19.983643, 19.995626, 19.988283, 19.919565, 0.27944002, 0.34261313, 0.34506851, 0.34726402, 0.34834945, 0.34921220, 0.34991822, 0.34997815, 0.34994143, 0.34959781, 0.61653459
0.23488599, 1.0000000, 0.56118107, 2.5132239, 8.0943775, 9.5803051, 9.7526436, 9.8436852, 9.9209299, 19.981983, 19.994843, 19.979206, 19.904900, 0.27513224, 0.33094376, 0.34580305, 0.34752643, 0.34843686, 0.34920931, 0.34990990, 0.34997422, 0.34989601, 0.34952450, 0.56118107
0.21746722, 1.0000000, 0.49806961, 1.9962072, 6.8584204, 9.5696306, 9.7482691, 9.8393135, 9.9167242, 19.979364, 19.993279, 19.967602, 19.893187, 0.26996207, 0.31858420, 0.34569630, 0.34748268, 0.34839314, 0.34916723, 0.34989682, 0.34996641, 0.34983802, 0.34946594, 0.49806961
0.20954826, 1.0000000, 0.46937776, 1.8040180, 6.1817927, 9.6420612, 9.7816763, 9.8569651, 9.9231405, 19.978840, 19.991301, 19.954460, 19.884207, 0.26804018, 0.31181794, 0.34642062, 0.34781677, 0.34856966, 0.34923142, 0.34989420, 0.34995651, 0.34977230, 0.34942102, 0.46937776
0.19501084, 1.0000000, 0.41670588, 1.3768077, 5.1674151, 9.5884008, 9.7624722, 9.8468523, 9.9184761, 19.976387, 19.987358, 19.940474, 19.877357, 0.26376808, 0.30167416, 0.34588403, 0.34762472, 0.34846851, 0.34918475, 0.34988195, 0.34993678, 0.34970236, 0.34938678, 0.41670588
0.17755060, 1.0000000, 0.35344419, 1.0350913, 3.6886256, 9.4803429, 9.7144814, 9.8192377, 9.9067440, 19.973635, 19.981548, 19.926702, 19.872259, 0.26035091, 0.28688625, 0.34480342, 0.34714481, 0.34819239, 0.34906745, 0.34986818, 0.34990776, 0.34963351, 0.34936130, 0.35344419
0.16805068, 1.0000000, 0.31902418, 0.80785155, 2.9776664, 9.3588963, 9.7388115, 9.8309908, 9.9104519, 19.972425, 19.974150, 19.914034, 19.868540, 0.25807852, 0.27977666, 0.34358895, 0.34738812, 0.34830990, 0.34910452, 0.34986213, 0.34987074, 0.34957016, 0.34934270, 0.31902418
0.15117598, 0.85952723, 0.25788397, 0.25223494, 2.3675382, 8.3715658, 9.6773109, 9.7957087, 9.8941727, 19.967016, 19.963806, 19.902575, 19.865789, 0.25252235, 0.27367538, 0.33371565, 0.34677312, 0.34795707, 0.34894174, 0.34983510, 0.34981903, 0.34951288, 0.34932894, 0.25788397
0.13671209, 0.68486017, 0.20547859, 0.0000000, 1.6811103, 7.1082063, 9.6175718, 9.7570267, 9.8743315, 19.959702, 19.951590, 19.892719, 19.863771, 0.24998452, 0.26681060, 0.32108098, 0.34617543, 0.34757012, 0.34874326, 0.34979850, 0.34975794, 0.34946358, 0.34931886, 0.20547859
0.12844536, 0.58503032, 0.17552665, 0.0000000, 1.2172222, 6.0403910, 9.6168413, 9.7526445, 9.8692093, 19.953356, 19.938997, 19.884720, 19.862329, 0.24998452, 0.26217079, 0.31040040, 0.34616727, 0.34752586, 0.34869191, 0.34976679, 0.34969500, 0.34942359, 0.34931165, 0.17552665
0.12397133, 0.53100151, 0.15931639, 0.0000000, 1.0143578, 5.3524747, 9.6665106, 9.7802887, 9.8801661, 19.949118, 19.927090, 19.878519, 19.861343, 0.24998452, 0.26014200, 0.30352059, 0.34666362, 0.34780213, 0.34880140, 0.34974557, 0.34963545, 0.34939259, 0.34930670, 0.15931639
0.11933544, 0.47501820, 0.14251971, 0.19618869, 0.64370930, 4.3337908, 9.6116266, 9.7492208, 9.8667946, 19.940889, 19.914974, 19.873505, 19.860615, 0.25196189, 0.25643709, 0.29333791, 0.34611627, 0.34749222, 0.34866795, 0.34970444, 0.34957486, 0.34936753, 0.34930307, 0.14251971
0.11441326, 0.41557759, 0.12468575, 0.51826239E-1, 0.52961111, 3.8356638, 9.6823978, 9.7887325, 9.8817081, 19.934179, 19.904528, 19.869774, 19.860121, 0.25051826, 0.25529611, 0.28835663, 0.34682399, 0.34788734, 0.34881708, 0.34967089, 0.34952265, 0.34934887, 0.34930059, 0.12468575
0.11163572, 0.38203576, 0.11462219, 0.0000000, 0.44822693, 3.4891946, 9.7301731, 9.8174458, 9.8934574, 19.926689, 19.895399, 19.866951, 19.859785, 0.24999841, 0.25447959, 0.28488150, 0.34729588, 0.34817150, 0.34893361, 0.34963346, 0.34947699, 0.34933475, 0.34929892, 0.11462219
0.11073788, 0.37119320, 0.11136910, 0.0000000, 0.41833520, 3.3156896, 9.7851477, 9.8499908, 9.9065065, 19.919098, 19.887772, 19.864855, 19.859556, 0.24999841, 0.25418335, 0.28315690, 0.34785149, 0.34849989, 0.34906507, 0.34959549, 0.34943885, 0.34932429, 0.34929779, 0.11136910
0.13880400, 0.71012229, 0.21305799, 2.1136999, 0.37325025, 3.1360543, 9.7969990, 9.8591042, 9.9100590, 19.910994, 19.881390, 19.863272, 19.859404, 0.27113700, 0.25373250, 0.28136054, 0.34796998, 0.34859103, 0.34910059, 0.34955496, 0.34940696, 0.34931636, 0.34929702, 0.21305799
0.35600001, 1.0000000, 1.0000000, 9.9999990, 9.9999990, 9.9999990, 9.9999990, 9.9999990, 9.9999990, 19.999998, 19.999998, 19.999996, 19.993994, 0.34999999, 0.34999999, 0.34999999, 0.34999999, 0.34999999, 0.34999999, 0.34999999, 0.34999999, 0.34999996, 0.34996998, 1.0000000
0.33175761, 1.0000000, 0.91216511, 8.6243763, 9.5149717, 9.7214527, 9.9161901, 9.9567118, 9.9832840, 19.997877, 19.999445, 19.999426, 19.970396, 0.33624375, 0.34514973, 0.34721452, 0.34916189, 0.34956712, 0.34983283, 0.34998938, 0.34999722, 0.34999713, 0.34985197, 0.91216511
0.29295376, 1.0000000, 0.77157158, 5.9865398, 9.3132362, 9.5706320, 9.8189507, 9.9010887, 9.9587469, 19.993343, 19.998259, 19.997116, 19.948383, 0.30986542, 0.34313238, 0.34570631, 0.34818950, 0.34901088, 0.34958747, 0.34996670, 0.34999129, 0.34998557, 0.34974191, 0.77157158
0.25826117, 1.0000000, 0.64587379, 3.5026526, 9.2866201, 9.5378656, 9.7702560, 9.8667631, 9.9409161, 19.989996, 19.997362, 19.992374, 19.928925, 0.28502589, 0.34286523, 0.34537816, 0.34770244, 0.34866756, 0.34940913, 0.34994999, 0.34998682, 0.34996188, 0.34964463, 0.64587379
0.22921497, 1.0000000, 0.54063392, 2.2959619, 7.8182826, 9.4925966, 9.7277985, 9.8356543, 9.9229813, 19.986067, 19.996155, 19.984695, 19.912506, 0.27295962, 0.32818282, 0.34492597, 0.34727800, 0.34835654, 0.34922981, 0.34993035, 0.34998077, 0.34992349, 0.34956253, 0.54063392
0.30029589, 1.0000000, 0.79817343, 6.9485054, 8.6633883, 9.4709864, 9.7016869, 9.8147774, 9.9085512, 19.981262, 19.994354, 19.974195, 19.899185, 0.31948507, 0.33663389, 0.34470987, 0.34701687, 0.34814778, 0.34908551, 0.34990633, 0.34997177, 0.34987098, 0.34949592, 0.79817343
0.25011945, 1.0000000, 0.61637479, 3.0009389, 9.1940393, 9.4554434, 9.6827412, 9.7993717, 9.8969154, 19.975534, 19.991568, 19.961506, 19.888720, 0.28000766, 0.34193721, 0.34455279, 0.34682709, 0.34799355, 0.34896910, 0.34987766, 0.34995782, 0.34980753, 0.34944361, 0.61637479
0.22659567, 1.0000000, 0.53114372, 2.3676872, 7.3940701, 9.4826136, 9.6908569, 9.8007584, 9.8947792, 19.972069, 19.988142, 19.947718, 19.880760, 0.27367502, 0.32393724, 0.34482393, 0.34690812, 0.34800735, 0.34894770, 0.34986034, 0.34994072, 0.34973860, 0.34940380, 0.53114372
0.20077565, 1.0000000, 0.43759292, 1.5961379, 5.5776591, 9.4528751, 9.6785126, 9.7927179, 9.8897552, 19.967916, 19.982893, 19.933653, 19.874765, 0.26596093, 0.30577564, 0.34452793, 0.34678495, 0.34792709, 0.34889752, 0.34983957, 0.34991446, 0.34966826, 0.34937382, 0.43759292
0.17783514, 1.0000000, 0.35447511, 0.98164976, 3.8383324, 9.4415560, 9.6711636, 9.7873049, 9.8865490, 19.964561, 19.975912, 19.920229, 19.870340, 0.25981539, 0.28838071, 0.34441233, 0.34671098, 0.34787270, 0.34886536, 0.34982282, 0.34987956, 0.34960115, 0.34935170, 0.35447511
0.18421379, 1.0000000, 0.37758616, 2.1560698, 2.8640509, 9.0125732, 9.6819496, 9.7925797, 9.8883410, 19.962229, 19.967268, 19.908155, 19.867134, 0.27156001, 0.27863997, 0.34012488, 0.34681931, 0.34792569, 0.34888339, 0.34981114, 0.34983635, 0.34954077, 0.34933567, 0.37758616
0.16182762, 0.98815757, 0.29647693, 1.2538224, 2.2239180, 7.9042058, 9.6452532, 9.7712793, 9.8783360, 19.956976, 19.956263, 19.897528, 19.864759, 0.26253584, 0.27223665, 0.32903755, 0.34645143, 0.34771222, 0.34878320, 0.34978488, 0.34978130, 0.34948763, 0.34932381, 0.29647693
0.14850411, 0.82726139, 0.24820325, 0.77842474, 1.8316597, 7.0492797, 9.6665916, 9.7817774, 9.8816957, 19.953341, 19.944675, 19.888788, 19.863083, 0.25778276, 0.26831448, 0.32048875, 0.34666482, 0.34781721, 0.34881678, 0.34976670, 0.34972337, 0.34944394, 0.34931540, 0.24820325
0.16972141, 1.0000000, 0.32507756, 2.8400719, 1.4197022, 6.1284871, 9.6520185, 9.7736397, 9.8780756, 19.948170, 19.932444, 19.881670, 19.861860, 0.27840072, 0.26419702, 0.31128487, 0.34652019, 0.34773639, 0.34878075, 0.34974086, 0.34966221, 0.34940836, 0.34930930, 0.32507756
0.18662089, 1.0000000, 0.38630760, 2.4764776, 2.8211861, 8.6061401, 9.7025309, 9.8023129, 9.8897161, 19.943794, 19.920877, 19.876137, 19.861038, 0.27476478, 0.27821186, 0.33606142, 0.34702531, 0.34802312, 0.34889716, 0.34971899, 0.34960440, 0.34938067, 0.34930518, 0.38630760
0.33532083, 1.0000000, 0.92507547, 9.1881161, 9.1946068, 9.3951426, 9.7393045, 9.8245611, 9.8989773, 19.937778, 19.909981, 19.871820, 19.860428, 0.34188116, 0.34194607, 0.34395143, 0.34739304, 0.34824562, 0.34898978, 0.34968889, 0.34954989, 0.34935910, 0.34930214, 0.92507547
0.28509450, 1.0000000, 0.74309593, 5.5139656, 9.2180643, 9.4736280, 9.7001266, 9.8042440, 9.8889885, 19.926514, 19.899086, 19.868248, 19.859951, 0.30513966, 0.34218064, 0.34473628, 0.34700125, 0.34804243, 0.34888989, 0.34963256, 0.34949544, 0.34934124, 0.34929976, 0.74309593
0.35600001, 1.0000000, 1.0000000, 9.9999990, 9.9999990, 9.9999990, 9.9999962, 9.9999990, 9.9999990, 19.999998, 19.999992, 19.999992, 19.997997, 0.34999999, 0.34999999, 0.34999999, 0.34999996, 0.34999999, 0.34999999, 0.34999999, 0.34999996, 0.34999996, 0.34998998, 1.0000000
0.32456952, 1.0000000, 0.88612133, 8.1343336, 9.4787321, 9.6952763, 9.9005041, 9.9481840, 9.9792719, 19.996769, 19.999153, 19.999504, 19.974216, 0.33134335, 0.34478733, 0.34695277, 0.34900504, 0.34948185, 0.34979272, 0.34998384, 0.34999576, 0.34999752, 0.34987110, 0.88612133
0.28700435, 1.0000000, 0.75001574, 5.5443959, 9.3296175, 9.5772800, 9.8149996, 9.8977814, 9.9568520, 19.992842, 19.998133, 19.997581, 19.951876, 0.30544147, 0.34329367, 0.34577152, 0.34814972, 0.34897768, 0.34956849, 0.34996420, 0.34999067, 0.34998792, 0.34975937, 0.75001574
0.25453836, 1.0000000, 0.63238537, 3.2097790, 9.3168154, 9.5553074, 9.7743406, 9.8679352, 9.9407415, 19.989710, 19.997297, 19.993313, 19.931946, 0.28209496, 0.34316322, 0.34555054, 0.34774289, 0.34867910, 0.34940732, 0.34994856, 0.34998649, 0.34996656, 0.34965974, 0.63238537
0.22518943, 1.0000000, 0.52604866, 2.0792751, 7.6962347, 9.4883776, 9.7216225, 9.8315325, 9.9198256, 19.984200, 19.995722, 19.985985, 19.914989, 0.27079275, 0.32696235, 0.34488377, 0.34721622, 0.34831533, 0.34919825, 0.34992099, 0.34997863, 0.34992993, 0.34957495, 0.52604866
0.35587627, 1.0000000, 0.99955165, 9.9955578, 9.9973364, 9.9986639, 9.9997339, 9.9998655, 9.9999514, 19.999998, 19.999998, 19.999998, 19.994993, 0.34993833, 0.34996304, 0.34998146, 0.34999630, 0.34999815, 0.34999934, 0.34999999, 0.34999999, 0.34999999, 0.34997496, 0.99955165
0.35600001, 1.0000000, 1.0000000, 9.9999990, 9.9999990, 9.9999990, 9.9999990, 9.9999990, 9.9999990, 19.999998, 19.999998, 19.999998, 19.998999, 0.34999999, 0.34999999, 0.34999999, 0.34999999, 0.34999999, 0.34999999, 0.34999999, 0.34999999, 0.34999999, 0.34999499, 1.0000000
0.31995511, 1.0000000, 0.86940247, 7.8309302, 9.4416828, 9.6692886, 9.8884439, 9.9416142, 9.9766369, 19.996429, 19.999075, 19.999512, 19.975185, 0.32830930, 0.34441683, 0.34669289, 0.34888443, 0.34941614, 0.34976637, 0.34998214, 0.34999537, 0.34999755, 0.34987593, 0.86940247
0.28631783, 1.0000000, 0.74752837, 5.4842396, 9.3421545, 9.5852079, 9.8161163, 9.8979197, 9.9566479, 19.992729, 19.998121, 19.997681, 19.952765, 0.30484241, 0.34342155, 0.34585208, 0.34816116, 0.34897920, 0.34956649, 0.34996364, 0.34999061, 0.34998840, 0.34976381, 0.74752837
0.26625669, 1.0000000, 0.67484313, 4.0129375, 9.3723421, 9.5938187, 9.7965574, 9.8806667, 9.9467134, 19.991138, 19.997696, 19.993652, 19.932734, 0.29012305, 0.34371457, 0.34593365, 0.34796464, 0.34880620, 0.34946698, 0.34995568, 0.34998849, 0.34996825, 0.34966367, 0.67484313
0.31154194, 1.0000000, 0.83892000, 7.2539287, 9.4243965, 9.6221323, 9.7975330, 9.8766766, 9.9419050, 19.989759, 19.997231, 19.986765, 19.915720, 0.32253689, 0.34424213, 0.34622037, 0.34797513, 0.34876668, 0.34941903, 0.34994879, 0.34998614, 0.34993383, 0.34957859, 0.83892000
0.35599339, 1.0000000, 0.99997592, 9.9996681, 9.9997997, 9.9999008, 9.9999790, 9.9999905, 9.9999962, 19.999998, 19.999998, 19.999998, 19.994993, 0.34999669, 0.34999800, 0.34999901, 0.34999979, 0.34999990, 0.34999996, 0.34999999, 0.34999999, 0.34999999, 0.34997496, 0.99997592
0.35600001, 1.0000000, 1.0000000, 9.9999990, 9.9999990, 9.9999990, 9.9999990, 9.9999990, 9.9999990, 19.999992, 19.999992, 19.999998, 19.995995, 0.34999999, 0.34999999, 0.34999999, 0.34999999, 0.34999999, 0.34999999, 0.34999996, 0.34999996, 0.34999999, 0.34997997, 1.0000000
0.34601748, 1.0000000, 0.96383148, 9.4590759, 9.7640743, 9.8738070, 9.9675331, 9.9835272, 9.9937716, 19.999266, 19.999807, 19.999922, 19.988003, 0.34458715, 0.34763852, 0.34873694, 0.34967509, 0.34983516, 0.34993768, 0.34999633, 0.34999904, 0.34999961, 0.34994000, 0.96383148
0.35600001, 1.0000000, 1.0000000, 9.9999990, 9.9999990, 9.9999990, 9.9999990, 9.9999990, 9.9999990, 19.999998, 19.999998, 19.999998, 19.994993, 0.34999999, 0.34999999, 0.34999999, 0.34999999, 0.34999999, 0.34999999, 0.34999999, 0.34999999, 0.34999999, 0.34997496, 1.0000000
0.35490453, 1.0000000, 0.99603093, 9.9999523, 9.9791737, 9.7921152, 9.9421310, 9.9703541, 9.9887438, 19.998699, 19.999659, 19.999851, 19.984043, 0.34999952, 0.34979174, 0.34792116, 0.34942132, 0.34970355, 0.34988743, 0.34999350, 0.34999830, 0.34999925, 0.34992021, 0.99603093
0.33979255, 1.0000000, 0.94127721, 9.1518183, 9.5827045, 9.7642326, 9.9331665, 9.9656820, 9.9870224, 19.998573, 19.999622, 19.999811, 19.981079, 0.34151819, 0.34582704, 0.34764233, 0.34933168, 0.34965682, 0.34987023, 0.34999287, 0.34999812, 0.34999907, 0.34990540, 0.94127721
0.31065404, 1.0000000, 0.83570296, 7.1886725, 9.4082603, 9.6376925, 9.8610144, 9.9253702, 9.9700127, 19.995934, 19.998938, 19.998514, 19.958214, 0.32188672, 0.34408259, 0.34637693, 0.34861013, 0.34925371, 0.34970012, 0.34997967, 0.34999469, 0.34999257, 0.34979108, 0.83570296
0.27811596, 1.0000000, 0.71781141, 4.8896027, 9.3465385, 9.5825529, 9.8044386, 9.8891268, 9.9526463, 19.992990, 19.998167, 19.995035, 19.937494, 0.29889318, 0.34346214, 0.34582385, 0.34804407, 0.34889108, 0.34952641, 0.34996495, 0.34999084, 0.34997517, 0.34968746, 0.71781141
0.24839702, 1.0000000, 0.61013412, 2.9527068, 9.0047092, 9.5522680, 9.7696810, 9.8634481, 9.9384756, 19.990602, 19.997465, 19.988815, 19.919676, 0.27952707, 0.34004709, 0.34552267, 0.34769681, 0.34863448, 0.34938475, 0.34995300, 0.34998733, 0.34994408, 0.34959838, 0.61013412
0.22240470, 1.0000000, 0.51595902, 2.1631837, 7.2151065, 9.4968557, 9.7273436, 9.8339891, 9.9214802, 19.986794, 19.996147, 19.979616, 19.904945, 0.27163184, 0.32215106, 0.34496856, 0.34727344, 0.34833989, 0.34921479, 0.34993398, 0.34998074, 0.34989807, 0.34952474, 0.51595902
0.20032293, 1.0000000, 0.43595263, 1.5670061, 5.5526018, 9.4811106, 9.7103901, 9.8194294, 9.9113150, 19.984119, 19.994604, 19.968000, 19.893232, 0.26566947, 0.30552477, 0.34481004, 0.34710369, 0.34819418, 0.34911314, 0.34992060, 0.34997302, 0.34983999, 0.34946615, 0.43595263
0.18188334, 1.0000000, 0.36914250, 1.1166662, 4.0828519, 9.4696140, 9.7027779, 9.8121910, 9.9055367, 19.982040, 19.992268, 19.954744, 19.884207, 0.26116666, 0.29082853, 0.34469613, 0.34702778, 0.34812191, 0.34905535, 0.34991020, 0.34996134, 0.34977371, 0.34942102, 0.36914250
0.22031792, 1.0000000, 0.50839818, 2.1475732, 6.9999146, 9.4838476, 9.7025824, 9.8099165, 9.9020691, 19.979408, 19.988348, 19.940729, 19.877357, 0.27147502, 0.31999773, 0.34483752, 0.34702560, 0.34809908, 0.34902066, 0.34989703, 0.34994173, 0.34970364, 0.34938678, 0.50839818
0.19874263, 1.0000000, 0.43022689, 1.5889376, 5.3332276, 9.4692335, 9.6972761, 9.8059664, 9.8994389, 19.977388, 19.982763, 19.926989, 19.872271, 0.26588896, 0.30333140, 0.34469160, 0.34697261, 0.34805956, 0.34899434, 0.34988695, 0.34991381, 0.34963495, 0.34936136, 0.43022689
0.24301231, 1.0000000, 0.59062427, 2.8184028, 8.5828266, 9.5556517, 9.7359858, 9.8270931, 9.9076490, 19.976578, 19.975483, 19.914307, 19.868551, 0.27818254, 0.33582556, 0.34555501, 0.34735957, 0.34827077, 0.34907642, 0.34988290, 0.34987742, 0.34957153, 0.34934276, 0.59062427
0.22538401, 1.0000000, 0.52675366, 2.4086924, 7.1532984, 9.5232983, 9.7273808, 9.8235378, 9.9061451, 19.973614, 19.965799, 19.902948, 19.865810, 0.27408692, 0.32153299, 0.34523299, 0.34727380, 0.34823537, 0.34906146, 0.34986806, 0.34982899, 0.34951475, 0.34932905, 0.52675366
0.26085961, 1.0000000, 0.65528846, 3.7074683, 9.2669048, 9.5341263, 9.7337246, 9.8273411, 9.9076157, 19.970491, 19.954689, 19.893328, 19.863846, 0.28707469, 0.34266904, 0.34534127, 0.34733725, 0.34827340, 0.34907615, 0.34985244, 0.34977344, 0.34946662, 0.34931922, 0.65528846
0.33145714, 1.0000000, 0.91107661, 8.5768757, 9.5471573, 9.7417488, 9.9249029, 9.9613371, 9.9852962, 19.998329, 19.999557, 19.999847, 19.986019, 0.33576643, 0.34547001, 0.34741667, 0.34924889, 0.34961328, 0.34985295, 0.34999165, 0.34999779, 0.34999925, 0.34993011, 0.91107661
0.30427581, 1.0000000, 0.81259346, 6.7175379, 9.4205523, 9.6433926, 9.8593979, 9.9240742, 9.9692755, 19.995743, 19.998890, 19.998856, 19.962831, 0.31717539, 0.34420553, 0.34643394, 0.34859398, 0.34924075, 0.34969276, 0.34997872, 0.34999445, 0.34999427, 0.34981415, 0.81259346
0.26821774, 1.0000000, 0.68194824, 4.2039928, 9.3091011, 9.5573587, 9.7905378, 9.8808413, 9.9487457, 19.992176, 19.997948, 19.995840, 19.941570, 0.29203475, 0.34308413, 0.34557006, 0.34790465, 0.34880805, 0.34948733, 0.34996086, 0.34998974, 0.34997919, 0.34970784, 0.68194824
0.23878448, 1.0000000, 0.57530606, 2.6670456, 8.3409061, 9.5199509, 9.7471399, 9.8493261, 9.9307413, 19.988127, 19.996819, 19.990105, 19.923082, 0.27666610, 0.33340091, 0.34519488, 0.34747046, 0.34849280, 0.34930727, 0.34994063, 0.34998411, 0.34995052, 0.34961540, 0.57530606
0.21461321, 1.0000000, 0.48772898, 1.9367784, 6.6572189, 9.4949322, 9.7200212, 9.8277082, 9.9165430, 19.984161, 19.995520, 19.981459, 19.907721, 0.26935962, 0.31655532, 0.34493726, 0.34719774, 0.34827584, 0.34916502, 0.34992081, 0.34997761, 0.34990728, 0.34953859, 0.48772898
0.19136009, 1.0000000, 0.40347856, 1.2765557, 4.9685521, 9.4652557, 9.6971941, 9.8101301, 9.9047966, 19.980131, 19.993725, 19.970221, 19.895380, 0.26275629, 0.29966387, 0.34463194, 0.34696770, 0.34809917, 0.34904724, 0.34990066, 0.34996861, 0.34985110, 0.34947690, 0.40347856
0.16975862, 1.0000000, 0.32521239, 0.71602762, 3.3058891, 9.4418049, 9.6786432, 9.7960262, 9.8955145, 19.976324, 19.991110, 19.957115, 19.885820, 0.25715667, 0.28304890, 0.34440380, 0.34678352, 0.34795877, 0.34895465, 0.34988162, 0.34995556, 0.34978557, 0.34942910, 0.32521239
0.15326558, 0.88476145, 0.26545498, 0.26579201, 2.4688303, 8.6370516, 9.6600008, 9.7828236, 9.8876171, 19.972824, 19.987200, 19.943127, 19.878557, 0.25265649, 0.27468029, 0.33635652, 0.34659687, 0.34782666, 0.34887564, 0.34986413, 0.34993601, 0.34971565, 0.34939277, 0.26545498
0.14158809, 0.74374312, 0.22314526, 0.0000000, 1.9912899, 7.6571541, 9.6558790, 9.7785883, 9.8841887, 19.969952, 19.981716, 19.929272, 19.873158, 0.24999636, 0.26990822, 0.32656255, 0.34655651, 0.34778476, 0.34884149, 0.34984976, 0.34990859, 0.34964636, 0.34936577, 0.22314526
0.13340241, 0.64489204, 0.19348696, 0.0000000, 1.5327662, 6.6029210, 9.6374302, 9.7668133, 9.8784380, 19.967327, 19.974298, 19.916254, 19.869177, 0.24999636, 0.26532122, 0.31601539, 0.34637025, 0.34766608, 0.34878370, 0.34983665, 0.34987149, 0.34958127, 0.34934589, 0.19348696
0.12636040, 0.55985218, 0.16797246, 0.0000000, 1.1578321, 5.6513200, 9.6327620, 9.7629833, 9.8756523, 19.964268, 19.964914, 19.904636, 19.866270, 0.24999636, 0.26157647, 0.30650869, 0.34632608, 0.34762907, 0.34875625, 0.34982133, 0.34982458, 0.34952319, 0.34933135, 0.16797246
0.11943983, 0.47627869, 0.14289790, 0.0000000, 0.81304312, 4.6754065, 9.6148739, 9.7517385, 9.8700695, 19.960508, 19.953896, 19.894670, 19.864164, 0.24999636, 0.25812635, 0.29674229, 0.34614390, 0.34751493, 0.34869987, 0.34980255, 0.34976947, 0.34947336, 0.34932083, 0.14289790
0.11305304, 0.39915130, 0.11975737, 0.0000000, 0.52550137, 3.7122641, 9.5960960, 9.7396412, 9.8639898, 19.956114, 19.941916, 19.886425, 19.862654, 0.24999636, 0.25525263, 0.28711426, 0.34595665, 0.34739420, 0.34863916, 0.34978056, 0.34970957, 0.34943211, 0.34931326, 0.11975737
0.10771902, 0.33473733, 0.10043124, 0.0000000, 0.29186010, 2.9354663, 9.3879614, 9.7248507, 9.8564482, 19.950731, 19.929649, 19.879793, 19.861578, 0.24999636, 0.25291556, 0.27933931, 0.34386978, 0.34724340, 0.34856275, 0.34975365, 0.34964824, 0.34939897, 0.34930789, 0.10043124
0.10335220, 0.28200328, 0.84609449E-1, 0.0000000, 0.10541081, 2.3760705, 8.7917500, 9.6949234, 9.8417053, 19.944334, 19.917789, 19.874578, 19.860804, 0.24999636, 0.25105271, 0.27374494, 0.33790582, 0.34694278, 0.34841487, 0.34972167, 0.34958893, 0.34937289, 0.34930402, 0.84609449E-1
0.10048638, 0.24739531, 0.74226014E-1, 0.0000000, 0.10558963E-1, 1.9785553, 8.2603989, 9.6964130, 9.8403206, 19.937382, 19.906984, 19.870594, 19.860273, 0.24999636, 0.25010550, 0.26977748, 0.33259726, 0.34696016, 0.34840187, 0.34968692, 0.34953493, 0.34935296, 0.34930137, 0.74226014E-1
0.98350950E-1, 0.22160767, 0.66488951E-1, 0.0000000, 0.0000000, 1.5976518, 7.6951895, 9.6839561, 9.8333569, 19.928907, 19.897278, 19.867498, 19.859880, 0.24999636, 0.24999613, 0.26597440, 0.32694983, 0.34683827, 0.34833312, 0.34964454, 0.34948638, 0.34933749, 0.34929940, 0.66488951E-1
0.96460879E-1, 0.19878303, 0.59640873E-1, 0.0000000, 0.0000000, 1.2607723, 7.1042218, 9.6708460, 9.8256350, 19.919971, 19.889000, 19.865185, 19.859592, 0.24999636, 0.24999613, 0.26260647, 0.32104078, 0.34670752, 0.34825602, 0.34959987, 0.34944499, 0.34932593, 0.34929797, 0.59640873E-1
0.94564393E-1, 0.17588092, 0.52769557E-1, 0.0000000, 0.0000000, 0.93829930, 6.4393187, 9.6475754, 9.8124714, 19.910297, 19.881975, 19.863432, 19.859409, 0.24999636, 0.24999613, 0.25938275, 0.31439286, 0.34647551, 0.34812462, 0.34955150, 0.34940988, 0.34931716, 0.34929705, 0.52769557E-1
0.93494266E-1, 0.16295795, 0.48892274E-1, 0.0000000, 0.0000000, 0.77225864, 5.9574604, 9.6866217, 9.8266325, 19.901686, 19.876459, 19.862165, 19.859299, 0.24999636, 0.24999613, 0.25771925, 0.30956948, 0.34686205, 0.34826493, 0.34950843, 0.34938228, 0.34931082, 0.34929651, 0.48892274E-1
0.16520593, 1.0000000, 0.30871707, 2.6612968, 2.1332054, 4.2456269, 9.4564676, 9.7815075, 9.8654957, 19.895075, 19.872427, 19.861341, 19.859299, 0.27661258, 0.27133188, 0.29245609, 0.34456459, 0.34781504, 0.34865496, 0.34947538, 0.34936213, 0.34930670, 0.34929651, 0.30871707
0.15132213, 0.86129206, 0.25841346, 2.0425649, 1.8206924, 3.5399709, 9.6503000, 9.7862673, 9.8691826, 19.887127, 19.868788, 19.860617, 19.859222, 0.27042565, 0.26820692, 0.28539971, 0.34650299, 0.34786266, 0.34869182, 0.34943563, 0.34934396, 0.34930307, 0.34929612, 0.25841346
0.13953556, 0.71895647, 0.21570852, 1.5172988, 1.5324056, 3.0154085, 9.6756840, 9.7858963, 9.8687401, 19.880325, 19.866003, 19.860086, 19.859180, 0.26517299, 0.26532406, 0.28015408, 0.34675685, 0.34785897, 0.34868741, 0.34940162, 0.34933001, 0.34930044, 0.34929591, 0.21570852
0.12750010, 0.57361531, 0.17210181, 0.97028911, 1.1923611, 2.6774673, 9.3596563, 9.7639389, 9.8592405, 19.874769, 19.863897, 19.859730, 19.859158, 0.25970289, 0.26192361, 0.27677467, 0.34359658, 0.34763938, 0.34859240, 0.34937385, 0.34931949, 0.34929866, 0.34929579, 0.17210181
0.11629144, 0.43825856, 0.13149072, 0.48718154, 0.85351467, 2.3388176, 8.9693565, 9.7425117, 9.8481855, 19.869303, 19.862089, 19.859442, 19.859104, 0.25487164, 0.25853494, 0.27338791, 0.33969337, 0.34742498, 0.34848183, 0.34934652, 0.34931046, 0.34929723, 0.34929553, 0.13149072
0.10771467, 0.33468476, 0.10041547, 0.16795993, 0.56854784, 1.9938707, 8.5205564, 9.7203865, 9.8370819, 19.865250, 19.860813, 19.859251, 19.859064, 0.25167915, 0.25568458, 0.26993713, 0.33520418, 0.34720308, 0.34837055, 0.34932625, 0.34930408, 0.34929627, 0.34929532, 0.10041547
0.14669633, 0.80543071, 0.24165338, 1.7464280, 1.8472821, 3.3891428, 9.5083609, 9.7602587, 9.8504944, 19.862497, 19.860012, 19.859144, 19.859034, 0.26746246, 0.26847166, 0.28389040, 0.34508300, 0.34760228, 0.34850487, 0.34931248, 0.34930006, 0.34929574, 0.34929517, 0.24165338
0.13977228, 0.72181523, 0.21656623, 1.4663965, 1.6721040, 2.9862821, 9.5580873, 9.7892227, 9.8618851, 19.861082, 19.859587, 19.859087, 19.859028, 0.26466396, 0.26672104, 0.27986282, 0.34558088, 0.34789222, 0.34861887, 0.34930542, 0.34929794, 0.34929544, 0.34929514, 0.21656623
0.13127846, 0.61924297, 0.18579148, 1.0822147, 1.4184326, 2.7756481, 9.3136206, 9.7848463, 9.8605042, 19.859343, 19.859116, 19.858986, 19.858997, 0.26081580, 0.26417932, 0.27775159, 0.34313291, 0.34784675, 0.34860447, 0.34929672, 0.34929559, 0.34929493, 0.34929499, 0.18579148
0.12242497, 0.51232761, 0.15371366, 0.69780052, 1.1412382, 2.5301962, 9.0289574, 9.7723141, 9.8552170, 19.857607, 19.858662, 19.858862, 19.858955, 0.25697401, 0.26140848, 0.27529761, 0.34028646, 0.34772146, 0.34855160, 0.34928805, 0.34929329, 0.34929430, 0.34929478, 0.15371366
0.11363341, 0.40616000, 0.12186018, 0.33019483, 0.85634291, 2.2665441, 8.7097111, 9.7579346, 9.8484058, 19.855442, 19.858046, 19.858673, 19.858923, 0.25329983, 0.25856015, 0.27266109, 0.33709377, 0.34757748, 0.34848344, 0.34927720, 0.34929022, 0.34929335, 0.34929460, 0.12186018
0.10648864, 0.31987911, 0.95973335E-1, 0.63461065E-1, 0.60676038, 2.0012140, 8.3582430, 9.7441149, 9.8420553, 19.853968, 19.857634, 19.858566, 19.858881, 0.25063378, 0.25606287, 0.27000433, 0.33357593, 0.34743735, 0.34841928, 0.34926984, 0.34928817, 0.34929281, 0.34929439, 0.95973335E-1
0.10221286, 0.26824442, 0.80481373E-1, 0.0000000, 0.37684143, 1.7212331, 7.9562602, 9.7267780, 9.8341751, 19.852648, 19.857269, 19.858456, 19.858833, 0.24998970, 0.25376588, 0.26720655, 0.32955727, 0.34726453, 0.34834066, 0.34926325, 0.34928635, 0.34929228, 0.34929416, 0.80481373E-1
0.99314108E-1, 0.23323885, 0.69978654E-1, 0.0000000, 0.20103455, 1.4591783, 7.5279441, 9.7126770, 9.8277960, 19.851892, 19.857052, 19.858425, 19.858828, 0.24998970, 0.25200966, 0.26458931, 0.32527688, 0.34712514, 0.34827739, 0.34925947, 0.34928524, 0.34929213, 0.34929413, 0.69978654E-1
0.96523404E-1, 0.19953811, 0.59867419E-1, 0.0000000, 0.59893727E-1, 1.1747807, 7.0074859, 9.6852007, 9.8158321, 19.851406, 19.856939, 19.858408, 19.858805, 0.24998970, 0.25059852, 0.26174378, 0.32007006, 0.34684867, 0.34815720, 0.34925702, 0.34928471, 0.34929204, 0.34929401, 0.59867419E-1
0.94715491E-1, 0.17770551, 0.53316988E-1, 0.0000000, 0.0000000, 0.95718801, 6.5100455, 9.6838655, 9.8142376, 19.851400, 19.856939, 19.858372, 19.858805, 0.24998970, 0.24999230, 0.25957000, 0.31509793, 0.34683678, 0.34814176, 0.34925699, 0.34928471, 0.34929186, 0.34929401, 0.53316988E-1
0.93647100E-1, 0.16480356, 0.49446013E-1, 0.0000000, 0.0000000, 0.79116523, 6.0460191, 9.6916628, 9.8171816, 19.851961, 19.857050, 19.858414, 19.858805, 0.24998970, 0.24999230, 0.25790906, 0.31045622, 0.34691343, 0.34817076, 0.34925979, 0.34928524, 0.34929207, 0.34929401, 0.49446013E-1
0.92740677E-1, 0.15385750, 0.46161868E-1, 0.0000000, 0.0000000, 0.65211058, 5.6413779, 9.7021799, 9.8215542, 19.851673, 19.856979, 19.858355, 19.858805, 0.24998970, 0.24999230, 0.25651759, 0.30640769, 0.34701657, 0.34821379, 0.34925836, 0.34928489, 0.34929177, 0.34929401, 0.46161868E-1
0.91897532E-1, 0.14367566, 0.43107007E-1, 0.0000000, 0.0000000, 0.53120852, 5.2300792, 9.6977062, 9.8204393, 19.852022, 19.857033, 19.858397, 19.858805, 0.24998970, 0.24999230, 0.25530869, 0.30229411, 0.34697086, 0.34820232, 0.34926012, 0.34928516, 0.34929198, 0.34929401, 0.43107007E-1
0.91349691E-1, 0.13705988, 0.41122079E-1, 0.0000000, 0.0000000, 0.46320558, 4.8951468, 9.7186317, 9.8294811, 19.853165, 19.857340, 19.858423, 19.858805, 0.24998970, 0.24999230, 0.25463039, 0.29894796, 0.34718284, 0.34829363, 0.34926581, 0.34928671, 0.34929210, 0.34929401, 0.41122079E-1
0.90530343E-1, 0.12716539, 0.38153432E-1, 0.0000000, 0.0000000, 0.34908354, 4.4922500, 9.6924810, 9.8192148, 19.852463, 19.857149, 19.858349, 19.858805, 0.24998970, 0.24999230, 0.25348794, 0.29491508, 0.34691679, 0.34818944, 0.34926230, 0.34928575, 0.34929174, 0.34929401, 0.38153432E-1
0.89977063E-1, 0.12048388, 0.36148779E-1, 0.0000000, 0.0000000, 0.27800202, 4.1633220, 9.7197676, 9.8290854, 19.852339, 19.857115, 19.858372, 19.858805, 0.24998970, 0.24999230, 0.25277820, 0.29162779, 0.34719133, 0.34828871, 0.34926170, 0.34928557, 0.34929186, 0.34929401, 0.36148779E-1
0.89153178E-1, 0.11053455, 0.33163682E-1, 0.0000000, 0.0000000, 0.16795397, 3.7431486, 9.6757450, 9.8116322, 19.850891, 19.856726, 19.858301, 19.858805, 0.24998970, 0.24999230, 0.25167835, 0.28742620, 0.34675062, 0.34811404, 0.34925446, 0.34928364, 0.34929150, 0.34929401, 0.33163682E-1
0.88421665E-1, 0.10170080, 0.30513292E-1, 0.0000000, 0.0000000, 0.82468987E-1, 3.2947109, 9.6638079, 9.8050013, 19.850117, 19.856525, 19.858242, 19.858805, 0.24998970, 0.24999230, 0.25082365, 0.28293881, 0.34662589, 0.34804589, 0.34925058, 0.34928262, 0.34929121, 0.34929401, 0.30513292E-1
0.87822065E-1, 0.94459936E-1, 0.28340815E-1, 0.0000000, 0.0000000, 0.21210313E-1, 2.9575734, 9.5052004, 9.7969170, 19.850010, 19.856489, 19.858231, 19.858805, 0.24998970, 0.24999230, 0.25021175, 0.27956557, 0.34503564, 0.34796354, 0.34925005, 0.34928244, 0.34929115, 0.34929401, 0.28340815E-1
0.87403379E-1, 0.89403853E-1, 0.26823839E-1, 0.0000000, 0.0000000, 0.0000000, 2.7611256, 9.1035748, 9.7800274, 19.849716, 19.856421, 19.858213, 19.858805, 0.24998970, 0.24999230, 0.24999967, 0.27760273, 0.34102172, 0.34779525, 0.34924859, 0.34928209, 0.34929106, 0.34929401, 0.26823839E-1
0.87092429E-1, 0.85648797E-1, 0.25697209E-1, 0.0000000, 0.0000000, 0.0000000, 2.5824666, 8.7102890, 9.7762051, 19.849817, 19.856441, 19.858213, 19.858805, 0.24998970, 0.24999230, 0.24999967, 0.27581829, 0.33709213, 0.34775802, 0.34924909, 0.34928221, 0.34929106, 0.34929401, 0.25697209E-1
0.86756945E-1, 0.81597470E-1, 0.24481690E-1, 0.0000000, 0.0000000, 0.0000000, 2.3903489, 8.2864332, 9.7673302, 19.849375, 19.856331, 19.858194, 19.858805, 0.24998970, 0.24999230, 0.24999967, 0.27389899, 0.33285654, 0.34767023, 0.34924686, 0.34928167, 0.34929097, 0.34929401, 0.24481690E-1
0.86431630E-1, 0.77668905E-1, 0.23303002E-1, 0.0000000, 0.0000000, 0.0000000, 2.2062361, 7.8718047, 9.7635622, 19.848497, 19.856085, 19.858166, 19.858768, 0.24998970, 0.24999230, 0.24999967, 0.27205378, 0.32870269, 0.34762928, 0.34924248, 0.34928042, 0.34929082, 0.34929383, 0.23303002E-1
0.86133003E-1, 0.74062675E-1, 0.22221025E-1, 0.0000000, 0.0000000, 0.0000000, 2.0405560, 7.4821682, 9.7658272, 19.847813, 19.855923, 19.858131, 19.858757, 0.24998970, 0.24999230, 0.24999967, 0.27039447, 0.32480139, 0.34764946, 0.34923905, 0.34927961, 0.34929067, 0.34929377, 0.22221025E-1
0.85836969E-1, 0.70487738E-1, 0.21148436E-1, 0.0000000, 0.0000000, 0.0000000, 1.8785149, 7.0899076, 9.7635279, 19.847401, 19.855818, 19.858120, 19.858757, 0.24998970, 0.24999230, 0.24999967, 0.26877919, 0.32088780, 0.34763011, 0.34923699, 0.34927911, 0.34929061, 0.34929377, 0.21148436E-1
0.85560173E-1, 0.67145161E-1, 0.20145563E-1, 0.0000000, 0.0000000, 0.0000000, 1.7295957, 6.7189093, 9.7648029, 19.846916, 19.855707, 19.858107, 19.858757, 0.24998970, 0.24999230, 0.24999967, 0.26728970, 0.31717697, 0.34764215, 0.34923458, 0.34927854, 0.34929055, 0.34929377, 0.20145563E-1
0.85267559E-1, 0.63611515E-1, 0.19085364E-1, 0.0000000, 0.0000000, 0.0000000, 1.5730590, 6.3281941, 9.7576704, 19.846151, 19.855515, 19.858072, 19.858757, 0.24998970, 0.24999230, 0.24999967, 0.26572302, 0.31326675, 0.34756890, 0.34923077, 0.34927756, 0.34929037, 0.34929377, 0.19085364E-1
0.84988169E-1, 0.60237557E-1, 0.18073075E-1, 0.0000000, 0.0000000, 0.0000000, 1.4283091, 5.9428840, 9.7551250, 19.845852, 19.855453, 19.858072, 19.858757, 0.24998970, 0.24999230, 0.24999967, 0.26427749, 0.30941722, 0.34754488, 0.34922928, 0.34927726, 0.34929037, 0.34929377, 0.18073075E-1
0.84709331E-1, 0.56870293E-1, 0.17062794E-1, 0.0000000, 0.0000000, 0.0000000, 1.2875438, 5.5520420, 9.7498760, 19.845680, 19.855419, 19.858084, 19.858757, 0.24998970, 0.24999230, 0.24999967, 0.26287130, 0.30551150, 0.34749356, 0.34922841, 0.34927708, 0.34929043, 0.34929377, 0.17062794E-1
0.84433720E-1, 0.53541962E-1, 0.16064195E-1, 0.0000000, 0.0000000, 0.0000000, 1.1567861, 5.1498003, 9.7432280, 19.846376, 19.855585, 19.858154, 19.858757, 0.24998970, 0.24999230, 0.24999967, 0.26156434, 0.30149016, 0.34742734, 0.34923190, 0.34927791, 0.34929079, 0.34929377, 0.16064195E-1
0.84244370E-1, 0.51255401E-1, 0.15378159E-1, 0.0000000, 0.0000000, 0.0000000, 1.0765105, 4.8448939, 9.7639761, 19.848143, 19.856079, 19.858213, 19.858757, 0.24998970, 0.24999230, 0.24999967, 0.26076412, 0.29844671, 0.34763828, 0.34924072, 0.34928039, 0.34929106, 0.34929377, 0.15378159E-1
0.84030449E-1, 0.48672065E-1, 0.14603080E-1, 0.0000000, 0.0000000, 0.0000000, 0.98126829, 4.5201778, 9.7581892, 19.848921, 19.856279, 19.858231, 19.858757, 0.24998970, 0.24999230, 0.24999967, 0.25981256, 0.29520151, 0.34758168, 0.34924459, 0.34928140, 0.34929115, 0.34929377, 0.14603080E-1
0.83794951E-1, 0.45828205E-1, 0.13749837E-1, 0.0000000, 0.0000000, 0.0000000, 0.87024570, 4.1784868, 9.7504187, 19.847885, 19.855986, 19.858171, 19.858757, 0.24998970, 0.24999230, 0.24999967, 0.25869736, 0.29177263, 0.34749466, 0.34923941, 0.34927994, 0.34929085, 0.34929377, 0.13749837E-1
0.83522581E-1, 0.42538989E-1, 0.12762973E-1, 0.0000000, 0.0000000, 0.0000000, 0.75320005, 3.7615397, 9.7234335, 19.848103, 19.856049, 19.858177, 19.858757, 0.24998970, 0.24999230, 0.24999967, 0.25753117, 0.28761330, 0.34723255, 0.34924051, 0.34928024, 0.34929088, 0.34929377, 0.12762973E-1
0.83259948E-1, 0.39367385E-1, 0.11811397E-1, 0.0000000, 0.0000000, 0.0000000, 0.65023899, 3.3366804, 9.7124710, 19.848785, 19.856213, 19.858194, 19.858757, 0.24998970, 0.24999230, 0.24999967, 0.25650167, 0.28336498, 0.34712294, 0.34924394, 0.34928107, 0.34929097, 0.34929377, 0.11811397E-1
0.83024710E-1, 0.36526687E-1, 0.10959103E-1, 0.0000000, 0.0000000, 0.0000000, 0.55311918, 2.9897122, 9.6307077, 19.849073, 19.856302, 19.858208, 19.858757, 0.24998970, 0.24999230, 0.24999967, 0.25553098, 0.27989656, 0.34630647, 0.34924537, 0.34928152, 0.34929103, 0.34929377, 0.10959103E-1
0.82881302E-1, 0.34794852E-1, 0.10439499E-1, 0.0000000, 0.0000000, 0.0000000, 0.47557950, 2.8534265, 9.4655704, 19.848337, 19.856102, 19.858177, 19.858757, 0.24998970, 0.24999230, 0.24999967, 0.25475562, 0.27853373, 0.34465510, 0.34924167, 0.34928051, 0.34929088, 0.34929377, 0.10439499E-1
0.82736507E-1, 0.33046283E-1, 0.99148760E-2, 0.0000000, 0.0000000, 0.0000000, 0.39517283, 2.7201355, 9.3026114, 19.846952, 19.855730, 19.858072, 19.858757, 0.24998970, 0.24999230, 0.24999967, 0.25394961, 0.27719402, 0.34301776, 0.34923476, 0.34927866, 0.34929037, 0.34929377, 0.99148760E-2
0.82586497E-1, 0.31234751E-1, 0.93713626E-2, 0.0000000, 0.0000000, 0.0000000, 0.31747520, 2.5740802, 9.1198702, 19.846033, 19.855465, 19.858047, 19.858757, 0.24998970, 0.24999230, 0.24999967, 0.25317290, 0.27573332, 0.34118986, 0.34923017, 0.34927732, 0.34929025, 0.34929377, 0.93713626E-2
0.82413867E-1, 0.29150127E-1, 0.87459125E-2, 0.0000000, 0.0000000, 0.0000000, 0.23458898, 2.3973167, 8.8955488, 19.844938, 19.855188, 19.858013, 19.858709, 0.24998970, 0.24999230, 0.24999967, 0.25234473, 0.27396724, 0.33894816, 0.34922469, 0.34927595, 0.34929007, 0.34929353, 0.87459125E-2
0.82234770E-1, 0.26987258E-1, 0.80969874E-2, 0.0000000, 0.0000000, 0.0000000, 0.15937686, 2.2017927, 8.6364145, 19.844397, 19.855053, 19.857990, 19.858709, 0.24998970, 0.24999230, 0.24999967, 0.25159264, 0.27201003, 0.33635384, 0.34922197, 0.34927526, 0.34928995, 0.34929353, 0.80969874E-2
0.82086504E-1, 0.25196800E-1, 0.75597959E-2, 0.0000000, 0.0000000, 0.0000000, 0.10840297, 2.0282567, 8.3884048, 19.845221, 19.855284, 19.858047, 19.858709, 0.24998970, 0.24999230, 0.24999967, 0.25108317, 0.27027461, 0.33387309, 0.34922612, 0.34927642, 0.34929025, 0.34929353, 0.75597959E-2
0.81963725E-1, 0.23714159E-1, 0.71149589E-2, 0.0000000, 0.0000000, 0.0000000, 0.67099929E-1, 1.8851817, 8.1721125, 19.845926, 19.855478, 19.858107, 19.858709, 0.24998970, 0.24999230, 0.24999967, 0.25067094, 0.26885113, 0.33172014, 0.34922963, 0.34927738, 0.34929055, 0.34929353, 0.71149589E-2
0.81819654E-1, 0.21974346E-1, 0.65929629E-2, 0.0000000, 0.0000000, 0.0000000, 0.15747547E-1, 1.7227352, 7.9248376, 19.845221, 19.855295, 19.858036, 19.858709, 0.24998970, 0.24999230, 0.24999967, 0.25015742, 0.26722389, 0.32924306, 0.34922612, 0.34927648, 0.34929019, 0.34929353, 0.65929629E-2
0.81726909E-1, 0.20854346E-1, 0.62569296E-2, 0.0000000, 0.0000000, 0.0000000, 0.0000000, 1.5980661, 7.7236457, 19.844849, 19.855177, 19.858036, 19.858709, 0.24998970, 0.24999230, 0.24999967, 0.24999931, 0.26597202, 0.32722253, 0.34922424, 0.34927589, 0.34929019, 0.34929353, 0.62569296E-2
0.81635557E-1, 0.19751159E-1, 0.59259403E-2, 0.0000000, 0.0000000, 0.0000000, 0.0000000, 1.4567554, 7.4842963, 19.844809, 19.855171, 19.858036, 19.858709, 0.24998970, 0.24999230, 0.24999967, 0.24999931, 0.26456186, 0.32483321, 0.34922403, 0.34927586, 0.34929019, 0.34929353, 0.59259403E-2
0.81570119E-1, 0.18960921E-1, 0.56888452E-2, 0.0000000, 0.0000000, 0.0000000, 0.0000000, 1.3559997, 7.3134079, 19.843554, 19.854841, 19.857954, 19.858704, 0.24998970, 0.24999230, 0.24999967, 0.24999931, 0.26355225, 0.32312015, 0.34921777, 0.34927422, 0.34928977, 0.34929353, 0.56888452E-2
0.81501648E-1, 0.18134093E-1, 0.54407720E-2, 0.0000000, 0.0000000, 0.0000000, 0.0000000, 1.2519985, 7.1283226, 19.842754, 19.854630, 19.857889, 19.858709, 0.24998970, 0.24999230, 0.24999967, 0.24999931, 0.26251432, 0.32127246, 0.34921378, 0.34927315, 0.34928945, 0.34929353, 0.54407720E-2
0.81413291E-1, 0.17067067E-1, 0.51206322E-2, 0.0000000, 0.0000000, 0.0000000, 0.0000000, 1.1211902, 6.8788190, 19.842434, 19.854551, 19.857849, 19.858704, 0.24998970, 0.24999230, 0.24999967, 0.24999931, 0.26120967, 0.31878364, 0.34921217, 0.34927276, 0.34928924, 0.34929353, 0.51206322E-2
0.81328593E-1, 0.16044263E-1, 0.48137605E-2, 0.0000000, 0.0000000, 0.0000000, 0.0000000, 0.99848509, 6.6334314, 19.841827, 19.854368, 19.857790, 19.858698, 0.24998970, 0.24999230, 0.24999967, 0.24999931, 0.25998223, 0.31632853, 0.34920913, 0.34927183, 0.34928894, 0.34929350, 0.48137605E-2
0.81267662E-1, 0.15308416E-1, 0.45929840E-2, 0.0000000, 0.0000000, 0.0000000, 0.0000000, 0.90916753, 6.4612985, 19.840120, 19.853916, 19.857666, 19.858692, 0.24998970, 0.24999230, 0.24999967, 0.24999931, 0.25908640, 0.31460047, 0.34920061, 0.34926957, 0.34928834, 0.34929347, 0.45929840E-2
0.81181549E-1, 0.14268522E-1, 0.42809849E-2, 0.0000000, 0.0000000, 0.0000000, 0.0000000, 0.78306496, 6.2221041, 19.835886, 19.852791, 19.857388, 19.858664, 0.24998970, 0.24999230, 0.24999967, 0.24999931, 0.25780880, 0.31219327, 0.34917814, 0.34926364, 0.34928685, 0.34929329, 0.42809849E-2
0.81090651E-1, 0.13170812E-1, 0.39516389E-2, 0.0000000, 0.0000000, 0.0000000, 0.0000000, 0.65129697, 5.9548817, 19.831827, 19.851675, 19.857119, 19.858635, 0.24998970, 0.24999230, 0.24999967, 0.24999931, 0.25650087, 0.30953017, 0.34915847, 0.34925818, 0.34928554, 0.34929317, 0.39516389E-2
0.80999680E-1, 0.12072225E-1, 0.36220299E-2, 0.0000000, 0.0000000, 0.0000000, 0.0000000, 0.52394569, 5.6822309, 19.827948, 19.850586, 19.856834, 19.858547, 0.24998970, 0.24999230, 0.24999967, 0.24999931, 0.25521731, 0.30678865, 0.34913835, 0.34925258, 0.34928408, 0.34929270, 0.36220299E-2
0.80895118E-1, 0.10809518E-1, 0.32431800E-2, 0.0000000, 0.0000000, 0.0000000, 0.0000000, 0.38190484, 5.3534946, 19.822809, 19.849154, 19.856464, 19.858452, 0.24998970, 0.24999230, 0.24999967, 0.24999931, 0.25379094, 0.30349076, 0.34911212, 0.34924525, 0.34928221, 0.34929222, 0.32431800E-2
0.80803588E-1, 0.97041959E-2, 0.29115500E-2, 0.0000000, 0.0000000, 0.0000000, 0.0000000, 0.26569068, 5.0356536, 19.820545, 19.848421, 19.856293, 19.858376, 0.24998970, 0.24999230, 0.24999967, 0.24999931, 0.25263599, 0.30032304, 0.34910116, 0.34924167, 0.34928134, 0.34929183, 0.29115500E-2
0.80724806E-1, 0.87528564E-2, 0.26261196E-2, 0.0000000, 0.0000000, 0.0000000, 0.0000000, 0.17488897, 4.7340589, 19.820656, 19.848370, 19.856270, 19.858423, 0.24998970, 0.24999230, 0.24999967, 0.24999931, 0.25173566, 0.29731542, 0.34910226, 0.34924158, 0.34928128, 0.34929207, 0.26261196E-2
0.80661252E-1, 0.79853497E-2, 0.23958446E-2, 0.0000000, 0.0000000, 0.0000000, 0.0000000, 0.11352003, 4.4528551, 19.823711, 19.849146, 19.856476, 19.858463, 0.24998970, 0.24999230, 0.24999967, 0.24999931, 0.25113413, 0.29451451, 0.34911856, 0.34924573, 0.34928238, 0.34929231, 0.23958446E-2
0.80589943E-1, 0.71242428E-2, 0.21374866E-2, 0.0000000, 0.0000000, 0.0000000, 0.0000000, 0.58996677E-1, 4.0987539, 19.826473, 19.849873, 19.856682, 19.858486, 0.24998970, 0.24999230, 0.24999967, 0.24999931, 0.25058967, 0.29098073, 0.34913236, 0.34924936, 0.34928340, 0.34929243, 0.21374866E-2
0.80525398E-1, 0.63448017E-2, 0.19036309E-2, 0.0000000, 0.0000000, 0.0000000, 0.0000000, 0.16900897E-1, 3.7578752, 19.828875, 19.850538, 19.856834, 19.858528, 0.24998970, 0.24999230, 0.24999967, 0.24999931, 0.25016883, 0.28756613, 0.34914437, 0.34925270, 0.34928417, 0.34929264, 0.19036309E-2
0.80469549E-1, 0.56703184E-2, 0.17012657E-2, 0.0000000, 0.0000000, 0.0000000, 0.0000000, 0.0000000, 3.4044399, 19.831427, 19.851252, 19.857037, 19.858580, 0.24998970, 0.24999230, 0.24999967, 0.24999931, 0.24999900, 0.28402531, 0.34915712, 0.34925625, 0.34928519, 0.34929290, 0.17012657E-2
0.80424562E-1, 0.51270961E-2, 0.15382827E-2, 0.0000000, 0.0000000, 0.0000000, 0.0000000, 0.0000000, 3.0768847, 19.834911, 19.852219, 19.857307, 19.858664, 0.24998970, 0.24999230, 0.24999967, 0.24999931, 0.24999900, 0.28076565, 0.34917456, 0.34926111, 0.34928653, 0.34929332, 0.15382827E-2
0.80374323E-1, 0.45203767E-2, 0.13562486E-2, 0.0000000, 0.0000000, 0.0000000, 0.0000000, 0.0000000, 2.7128577, 19.818453, 19.852613, 19.857389, 19.858698, 0.24998970, 0.24999230, 0.24999967, 0.24999931, 0.24999900, 0.27712497, 0.34909227, 0.34926307, 0.34928694, 0.34929350, 0.13562486E-2
0.80351494E-1, 0.42446535E-2, 0.12735234E-2, 0.0000000, 0.0000000, 0.0000000, 0.0000000, 0.0000000, 2.5479884, 19.790255, 19.853558, 19.857649, 19.858709, 0.24998970, 0.24999230, 0.24999967, 0.24999931, 0.24999900, 0.27547047, 0.34895128, 0.34926778, 0.34928825, 0.34929353, 0.12735234E-2
0.80332644E-1, 0.40170755E-2, 0.12052432E-2, 0.0000000, 0.0000000, 0.0000000, 0.0000000, 0.0000000, 2.4104862, 19.761612, 19.854122, 19.857796, 19.858709, 0.24977051, 0.24999230, 0.24999967, 0.24999931, 0.24999900, 0.27410486, 0.34880805, 0.34927061, 0.34928897, 0.34929353, 0.12052432E-2
0.80296397E-1, 0.35793479E-2, 0.10739118E-2, 0.0000000, 0.0000000, 0.0000000, 0.0000000, 0.0000000, 2.1489410, 19.733181, 19.854546, 19.857880, 19.858709, 0.24977051, 0.24999230, 0.24999967, 0.24999931, 0.24999900, 0.27147824, 0.34866589, 0.34927273, 0.34928939, 0.34929353, 0.10739118E-2
0.80249444E-1, 0.30123610E-2, 0.90379867E-3, 0.0000000, 0.0000000, 0.0000000, 0.0000000, 0.0000000, 1.8075973, 19.703093, 19.854486, 19.857849, 19.858709, 0.24977051, 0.24999230, 0.24999967, 0.24999931, 0.24999900, 0.26807597, 0.34851545, 0.34927243, 0.34928924, 0.34929353, 0.90379867E-3
0.81621520E-1, 0.19581661E-1, 0.58750859E-2, 0.10045171, 0.0000000, 0.0000000, 0.0000000, 0.0000000, 1.7384350, 19.674391, 19.854746, 19.857901, 19.858709, 0.25100118, 0.24999230, 0.24999967, 0.24999931, 0.24999900, 0.26738378, 0.34837195, 0.34927374, 0.34928951, 0.34929353, 0.58750859E-2
0.80218598E-1, 0.26397898E-2, 0.79201616E-3, 0.0000000, 0.0000000, 0.0000000, 0.0000000, 0.0000000, 1.5849441, 19.642456, 19.854193, 19.857754, 19.858688, 0.24990889, 0.24999230, 0.24999967, 0.24999931, 0.24999900, 0.26584032, 0.34821227, 0.34927097, 0.34928876, 0.34929344, 0.79201616E-3
0.80192186E-1, 0.23209120E-2, 0.69634325E-3, 0.0000000, 0.0000000, 0.0000000, 0.0000000, 0.0000000, 1.3936520, 19.612436, 19.854244, 19.857744, 19.858709, 0.24990889, 0.24999230, 0.24999967, 0.24999931, 0.24999900, 0.26392686, 0.34806219, 0.34927124, 0.34928873, 0.34929353, 0.69634325E-3
0.80164254E-1, 0.19835981E-2, 0.59513899E-3, 0.0000000, 0.0000000, 0.0000000, 0.0000000, 0.0000000, 1.1906147, 19.580887, 19.853928, 19.857658, 19.858688, 0.24990889, 0.24999230, 0.24999967, 0.24999931, 0.24999900, 0.26190278, 0.34790444, 0.34926963, 0.34928828, 0.34929344, 0.59513899E-3
0.80133371E-1, 0.16105800E-2, 0.48322233E-3, 0.0000000, 0.0000000, 0.0000000, 0.0000000, 0.0000000, 0.96685290, 19.551197, 19.854137, 19.857731, 19.858709, 0.24990889, 0.24999230, 0.24999967, 0.24999931, 0.24999900, 0.25966445, 0.34775597, 0.34927070, 0.34928864, 0.34929353, 0.48322233E-3
0.80109783E-1, 0.13257927E-2, 0.39777759E-3, 0.0000000, 0.0000000, 0.0000000, 0.0000000, 0.0000000, 0.79563856, 19.522053, 19.854399, 19.857784, 19.858709, 0.24990889, 0.24999230, 0.24999967, 0.24999931, 0.24999900, 0.25795555, 0.34761027, 0.34927198, 0.34928891, 0.34929353, 0.39777759E-3
0.80078475E-1, 0.94767869E-3, 0.28433205E-3, 0.0000000, 0.0000000, 0.0000000, 0.0000000, 0.0000000, 0.56876838, 19.493454, 19.854698, 19.857849, 19.858709, 0.24990889, 0.24999230, 0.24999967, 0.24999931, 0.24999900, 0.25568664, 0.34746727, 0.34927350, 0.34928924, 0.34929353, 0.28433205E-3
0.80054522E-1, 0.65841648E-3, 0.19754471E-3, 0.0000000, 0.0000000, 0.0000000, 0.0000000, 0.0000000, 0.39508939, 19.460617, 19.853928, 19.857647, 19.858652, 0.24990889, 0.24999230, 0.24999967, 0.24999931, 0.24999900, 0.25395089, 0.34730309, 0.34926963, 0.34928823, 0.34929326, 0.19754471E-3
0.80026209E-1, 0.31656338E-3, 0.94978517E-4, 0.0000000, 0.0000000, 0.0000000, 0.0000000, 0.0000000, 0.19144416, 19.424137, 19.852659, 19.857325, 19.858641, 0.24990889, 0.24999230, 0.24999967, 0.24999931, 0.24999900, 0.25189957, 0.34711996, 0.34926310, 0.34928656, 0.34929320, 0.94978517E-4
0.79999998E-1, 0.0000000, 0.0000000, 0.0000000, 0.0000000, 0.0000000, 0.0000000, 0.0000000, 0.0000000, 19.390032, 19.852253, 19.857246, 19.858652, 0.24990889, 0.24999230, 0.24999967, 0.24999931, 0.24999900, 0.24998021, 0.34694973, 0.34926113, 0.34928620, 0.34929326, 0.0000000
0.79999998E-1, 0.0000000, 0.0000000, 0.0000000, 0.0000000, 0.0000000, 0.0000000, 0.0000000, 0.0000000, 19.359995, 19.852879, 19.857409, 19.858709, 0.24990270, 0.24999230, 0.24999967, 0.24999931, 0.24999900, 0.24998021, 0.34679997, 0.34926438, 0.34928703, 0.34929353, 0.0000000
0.87588459E-1, 0.91638945E-1, 0.27494432E-1, 0.55043101, 0.0000000, 0.0000000, 0.0000000, 0.0000000, 0.0000000, 19.328999, 19.853119, 19.857491, 19.858698, 0.25549889, 0.24999230, 0.24999967, 0.24999931, 0.24999900, 0.24998021, 0.34664500, 0.34926561, 0.34928745, 0.34929350, 0.27494432E-1
0.79999998E-1, 0.0000000, 0.0000000, 0.0000000, 0.0000000, 0.0000000, 0.0000000, 0.0000000, 0.0000000, 19.293324, 19.852272, 19.857288, 19.858635, 0.24969968, 0.24999230, 0.24999967, 0.24999931, 0.24999900, 0.24998021, 0.34646660, 0.34926134, 0.34928644, 0.34929317, 0.0000000
0.79999998E-1, 0.0000000, 0.0000000, 0.0000000, 0.0000000, 0.0000000, 0.0000000, 0.0000000, 0.0000000, 19.256153, 19.851328, 19.857048, 19.858604, 0.24969968, 0.24999230, 0.24999967, 0.24999931, 0.24999900, 0.24998021, 0.34627989, 0.34925640, 0.34928519, 0.34929299, 0.0000000
0.79999998E-1, 0.0000000, 0.0000000, 0.0000000, 0.0000000, 0.0000000, 0.0000000, 0.0000000, 0.0000000, 19.218304, 19.850538, 19.856848, 19.858562, 0.24969968, 0.24999230, 0.24999967, 0.24999931, 0.24999900, 0.24998021, 0.34609056, 0.34925246, 0.34928417, 0.34929278, 0.0000000
0.79999998E-1, 0.0000000, 0.0000000, 0.0000000, 0.0000000, 0.0000000, 0.0000000, 0.0000000, 0.0000000, 19.180721, 19.850061, 19.856716, 19.858517, 0.24969968, 0.24999230, 0.24999967, 0.24999931, 0.24999900, 0.24998021, 0.34590247, 0.34925002, 0.34928349, 0.34929255, 0.0000000
0.79999998E-1, 0.0000000, 0.0000000, 0.0000000, 0.0000000, 0.0000000, 0.0000000, 0.0000000, 0.0000000, 19.145218, 19.850203, 19.856728, 19.858536, 0.24969968, 0.24999230, 0.24999967, 0.24999931, 0.24999900, 0.24998021, 0.34572536, 0.34925082, 0.34928358, 0.34929270, 0.0000000
0.79999998E-1, 0.0000000, 0.0000000, 0.0000000, 0.0000000, 0.0000000, 0.0000000, 0.0000000, 0.0000000, 19.106218, 19.849489, 19.856554, 19.858486, 0.24969968, 0.24999230, 0.24999967, 0.24999931, 0.24999900, 0.24998021, 0.34553111, 0.34924746, 0.34928277, 0.34929243, 0.0000000
0.79999998E-1, 0.0000000, 0.0000000, 0.0000000, 0.0000000, 0.0000000, 0.0000000, 0.0000000, 0.0000000, 19.064772, 19.848463, 19.856283, 19.858433, 0.24969968, 0.24999230, 0.24999967, 0.24999931, 0.24999900, 0.24998021, 0.34532386, 0.34924233, 0.34928143, 0.34929216, 0.0000000
0.79999998E-1, 0.0000000, 0.0000000, 0.0000000, 0.0000000, 0.0000000, 0.0000000, 0.0000000, 0.0000000, 19.021990, 19.847511, 19.856050, 19.858370, 0.24969968, 0.24999230, 0.24999967, 0.24999931, 0.24999900, 0.24998021, 0.34510857, 0.34923720, 0.34928015, 0.34929183, 0.0000000
0.79999998E-1, 0.0000000, 0.0000000, 0.0000000, 0.0000000, 0.0000000, 0.0000000, 0.0000000, 0.0000000, 18.989861, 19.849182, 19.856504, 19.858486, 0.24969968, 0.24999230, 0.24999967, 0.24999931, 0.24999900, 0.24998021, 0.34494931, 0.34924591, 0.34928253, 0.34929243, 0.0000000
0.11935881, 0.47530034, 0.14260437, 2.3062468, 0.90999007, 0.0000000, 0.0000000, 0.0000000, 0.0000000, 18.961166, 19.851074, 19.856989, 19.858604, 0.27306113, 0.25909957, 0.24999967, 0.24999931, 0.24999900, 0.24998021, 0.34480584, 0.34925538, 0.34928495, 0.34929302, 0.14260437
0.15853806, 0.94843239, 0.28455818, 2.4002013, 3.9732490, 2.3565829, 2.4404454, 1.7878394, 0.0000000, 18.932749, 19.852436, 19.857384, 19.858709, 0.27400187, 0.28973234, 0.27356580, 0.27440447, 0.26787838, 0.24998021, 0.34466374, 0.34926218, 0.34928691, 0.34929353, 0.28455818
0.16701084, 1.0000000, 0.31525669, 2.4269853, 3.3706203, 4.0162368, 4.7301888, 9.1048040, 9.3974104, 19.479490, 19.853603, 19.857702, 19.858709, 0.27426970, 0.28370607, 0.29016232, 0.29730186, 0.34104800, 0.34397411, 0.34739745, 0.34926802, 0.34928852, 0.34929353, 0.31525669
0.16085047, 0.97635716, 0.29293644, 2.8002710, 2.2826939, 2.7810426, 7.8529654, 9.5574865, 9.6650743, 19.664095, 19.854500, 19.857889, 19.858709, 0.27800253, 0.27282685, 0.27781036, 0.32852963, 0.34557483, 0.34665075, 0.34832048, 0.34927249, 0.34928945, 0.34929353, 0.29293644
0.15715039, 0.93167484, 0.27953041, 1.9823372, 1.8765032, 5.0845933, 9.4973869, 9.6573477, 9.7437057, 19.739923, 19.854635, 19.857925, 19.858709, 0.26982331, 0.26876500, 0.30084586, 0.34497383, 0.34657347, 0.34743705, 0.34869963, 0.34927318, 0.34928963, 0.34929353, 0.27953041
0.14495966, 0.78445852, 0.23536110, 1.5484393, 1.5238017, 4.2672386, 9.5933800, 9.6996241, 9.7814960, 19.779087, 19.854607, 19.857901, 19.858709, 0.26548392, 0.26523775, 0.29267201, 0.34593362, 0.34699616, 0.34781495, 0.34889543, 0.34927303, 0.34928951, 0.34929353, 0.23536110
0.13737722, 0.69289219, 0.20788845, 1.2833685, 1.2825131, 3.7828281, 9.6613226, 9.7445459, 9.8102579, 19.801226, 19.854441, 19.857843, 19.858709, 0.26283324, 0.26282486, 0.28782788, 0.34661302, 0.34744537, 0.34810254, 0.34900612, 0.34927219, 0.34928921, 0.34929353, 0.20788845
0.12245661, 0.51270974, 0.15382831, 0.59137046, 0.91985762, 3.2830892, 9.6686974, 9.7550640, 9.8204193, 19.812349, 19.853613, 19.857613, 19.858683, 0.25575206, 0.25911564, 0.28278729, 0.34666455, 0.34753922, 0.34819847, 0.34906074, 0.34926781, 0.34928799, 0.34929338, 0.15382831
0.11128119, 0.37775427, 0.11333762, 0.56359172E-1, 0.63084960, 2.9442520, 9.5858698, 9.7687082, 9.8305416, 19.820543, 19.853361, 19.857561, 19.858709, 0.25043607, 0.25624257, 0.27940717, 0.34584033, 0.34767771, 0.34830076, 0.34910190, 0.34926659, 0.34928775, 0.34929353, 0.11333762
0.10328795, 0.28122726, 0.84376618E-1, 0.0000000, 0.68336725E-2, 2.4975209, 9.1664066, 9.7246408, 9.8130798, 19.818960, 19.851309, 19.857059, 19.858580, 0.24999999, 0.24999999, 0.27492890, 0.34163979, 0.34723398, 0.34812465, 0.34909377, 0.34925628, 0.34928524, 0.34929287, 0.84376618E-1
0.10091478, 0.25256875, 0.75778209E-1, 0.0000000, 0.0000000, 2.0247908, 8.6580153, 9.6940289, 9.8008633, 19.818022, 19.849943, 19.856728, 19.858480, 0.24999999, 0.24999999, 0.27024269, 0.33657670, 0.34693840, 0.34800786, 0.34909004, 0.34924969, 0.34928364, 0.34929240, 0.75778209E-1
0.98405764E-1, 0.22226961, 0.66687554E-1, 0.0000000, 0.0000000, 1.5354455, 8.0841532, 9.6742096, 9.7910557, 19.815271, 19.848391, 19.856293, 19.858393, 0.24999999, 0.24999999, 0.26535267, 0.33083966, 0.34674096, 0.34791017, 0.34907636, 0.34924194, 0.34928146, 0.34929198, 0.66687554E-1
0.96376054E-1, 0.19775866, 0.59333533E-1, 0.0000000, 0.0000000, 1.1639565, 7.4949579, 9.6655064, 9.7901878, 19.818958, 19.848804, 19.856400, 19.858440, 0.24999999, 0.24999999, 0.26163757, 0.32494700, 0.34665343, 0.34790131, 0.34909481, 0.34924403, 0.34928200, 0.34929222, 0.59333533E-1
0.94419815E-1, 0.17413493, 0.52245703E-1, 0.0000000, 0.0000000, 0.81706047, 6.8721662, 9.6539278, 9.7865210, 19.821339, 19.849102, 19.856476, 19.858463, 0.24999999, 0.24999999, 0.25817022, 0.31872100, 0.34653881, 0.34786507, 0.34910670, 0.34924552, 0.34928238, 0.34929231, 0.52245703E-1
0.93135118E-1, 0.15862083, 0.47591008E-1, 0.0000000, 0.0000000, 0.59529841, 6.4112339, 9.6858139, 9.8005342, 19.824158, 19.849653, 19.856623, 19.858480, 0.24999999, 0.24999999, 0.25595251, 0.31411129, 0.34685734, 0.34800509, 0.34912080, 0.34924826, 0.34928310, 0.34929240, 0.47591008E-1
0.90724088E-1, 0.12950504, 0.38855396E-1, 0.0000000, 0.0000000, 0.14160872, 5.8173900, 9.6587877, 9.7841339, 19.815329, 19.847166, 19.855974, 19.858328, 0.24999999, 0.24999999, 0.25135759, 0.30814004, 0.34656921, 0.34783244, 0.34907523, 0.34923548, 0.34927979, 0.34929159, 0.38855396E-1
0.89690104E-1, 0.11701860, 0.35109092E-1, 0.0000000, 0.0000000, 0.0000000, 5.2525053, 9.6610308, 9.7832680, 19.811831, 19.846037, 19.855673, 19.858288, 0.24999999, 0.24999999, 0.24999979, 0.30244505, 0.34656665, 0.34781149, 0.34905571, 0.34922928, 0.34927812, 0.34929138, 0.35109092E-1
0.89210764E-1, 0.11122996, 0.33372328E-1, 0.0000000, 0.0000000, 0.0000000, 4.6726751, 9.6499701, 9.7794781, 19.811747, 19.845829, 19.855618, 19.858311, 0.24999999, 0.24999999, 0.24999979, 0.29670072, 0.34648484, 0.34778771, 0.34905764, 0.34922886, 0.34927803, 0.34929153, 0.33372328E-1
0.88796832E-1, 0.10623131, 0.31872582E-1, 0.0000000, 0.0000000, 0.0000000, 4.1641965, 9.6662626, 9.7851944, 19.810921, 19.845520, 19.855556, 19.858328, 0.24999999, 0.24999999, 0.24999979, 0.29161230, 0.34664473, 0.34784365, 0.34905341, 0.34922728, 0.34927770, 0.34929159, 0.31872582E-1
0.88142924E-1, 0.98334678E-1, 0.29503355E-1, 0.0000000, 0.0000000, 0.0000000, 3.4179392, 9.6033297, 9.7537174, 19.800291, 19.842522, 19.854801, 19.858110, 0.24999999, 0.24999999, 0.24999979, 0.28409812, 0.34598777, 0.34751502, 0.34899783, 0.34921166, 0.34927377, 0.34929049, 0.29503355E-1
0.87572031E-1, 0.91440469E-1, 0.27434886E-1, 0.0000000, 0.0000000, 0.0000000, 2.8461666, 9.3631105, 9.7419720, 19.794729, 19.840799, 19.854307, 19.857988, 0.24999999, 0.24999999, 0.24999979, 0.27841362, 0.34360322, 0.34740630, 0.34897149, 0.34920344, 0.34927139, 0.34928992, 0.27434886E-1
0.87075859E-1, 0.85448727E-1, 0.25637183E-1, 0.0000000, 0.0000000, 0.0000000, 2.4982274, 8.8618698, 9.7316837, 19.794014, 19.840336, 19.854189, 19.857977, 0.24999999, 0.24999999, 0.24999979, 0.27494249, 0.33859450, 0.34730527, 0.34896833, 0.34920123, 0.34927082, 0.34928986, 0.25637183E-1
0.86599164E-1, 0.79692125E-1, 0.23910029E-1, 0.0000000, 0.0000000, 0.0000000, 2.1925421, 8.3144150, 9.7244749, 19.799019, 19.841513, 19.854485, 19.858046, 0.24999999, 0.24999999, 0.24999979, 0.27192307, 0.33313972, 0.34724301, 0.34899509, 0.34920758, 0.34927243, 0.34929022, 0.23910029E-1
0.86254165E-1, 0.75525887E-1, 0.22660032E-1, 0.0000000, 0.0000000, 0.0000000, 1.9865394, 7.8857551, 9.7444706, 19.806412, 19.843479, 19.854986, 19.858164, 0.24999999, 0.24999999, 0.24999979, 0.26986468, 0.32885614, 0.34744412, 0.34903204, 0.34921739, 0.34927493, 0.34929082, 0.22660032E-1
0.85791461E-1, 0.69938213E-1, 0.20983562E-1, 0.0000000, 0.0000000, 0.0000000, 1.7033935, 7.3411789, 9.7237129, 19.808163, 19.844034, 19.855145, 19.858204, 0.24999999, 0.24999999, 0.24999979, 0.26703358, 0.32341099, 0.34723678, 0.34904081, 0.34922016, 0.34927571, 0.34929103, 0.20983562E-1
0.85523650E-1, 0.66704139E-1, 0.20013243E-1, 0.0000000, 0.0000000, 0.0000000, 1.5605658, 6.9698663, 9.7548342, 19.815702, 19.846167, 19.855717, 19.858370, 0.24999999, 0.24999999, 0.24999979, 0.26560467, 0.31969649, 0.34754732, 0.34907851, 0.34923083, 0.34927857, 0.34929186, 0.20013243E-1
0.11601558, 0.43492734, 0.13049126, 2.2153378, 0.0000000, 0.0000000, 1.5254438, 6.8300800, 9.8124275, 19.823996, 19.848576, 19.856365, 19.858505, 0.27215272, 0.24999999, 0.24999979, 0.26525441, 0.31830072, 0.34812424, 0.34911996, 0.34924287, 0.34928182, 0.34929252, 0.13049126
0.15134823, 0.86160731, 0.25850806, 2.2909431, 2.8935730, 2.2629113, 2.7272491, 6.7424316, 9.8402796, 19.830471, 19.850504, 19.856895, 19.858604, 0.27290872, 0.27893519, 0.27262890, 0.27727243, 0.31742427, 0.34840277, 0.34915236, 0.34925252, 0.34928447, 0.34929302, 0.25850806
0.14383829, 0.77091664, 0.23129812, 1.9166738, 2.6703954, 2.1594315, 2.6840866, 6.6562014, 9.8500547, 19.834349, 19.851728, 19.857227, 19.858692, 0.26916668, 0.27670389, 0.27159429, 0.27684087, 0.31656200, 0.34850055, 0.34917176, 0.34925863, 0.34928614, 0.34929347, 0.23129812
0.13014337, 0.60553563, 0.18167886, 1.2514383, 2.2396116, 1.9583076, 2.6030421, 6.5423017, 9.8448629, 19.835203, 19.852131, 19.857327, 19.858692, 0.26251426, 0.27239600, 0.26958302, 0.27603042, 0.31542298, 0.34844863, 0.34917602, 0.34926066, 0.34928662, 0.34929347, 0.18167886
0.11884122, 0.46904987, 0.14072904, 0.71680844, 1.8687725, 1.7785072, 2.5290966, 6.4304147, 9.8440504, 19.836378, 19.852577, 19.857414, 19.858709, 0.25716743, 0.26868671, 0.26778460, 0.27529082, 0.31430396, 0.34844041, 0.34918189, 0.34926289, 0.34928706, 0.34929353, 0.14072904
0.10275319, 0.27476948, 0.82439087E-1, 0.0000000, 1.2893796, 1.4820188, 2.4034114, 6.2727733, 9.8289318, 19.834318, 19.852131, 19.857283, 19.858641, 0.24999502, 0.26289216, 0.26481926, 0.27403381, 0.31272736, 0.34828910, 0.34917158, 0.34926066, 0.34928641, 0.34929320, 0.82439087E-1
0.98929331E-1, 0.22859229, 0.68584546E-1, 0.0000000, 0.93832016, 1.2904644, 2.3178787, 6.1403975, 9.8327274, 19.835114, 19.852377, 19.857325, 19.858683, 0.24999502, 0.25938258, 0.26290420, 0.27317864, 0.31140378, 0.34832716, 0.34917557, 0.34926188, 0.34928662, 0.34929341, 0.68584546E-1
0.94140910E-1, 0.17076689, 0.51235192E-1, 0.0000000, 0.50664246, 1.0371894, 2.2001653, 5.9796209, 9.8241806, 19.833942, 19.852095, 19.857265, 19.858652, 0.24998592, 0.25506559, 0.26037106, 0.27200130, 0.30979574, 0.34824154, 0.34916970, 0.34926048, 0.34928632, 0.34929326, 0.51235192E-1
0.89425862E-1, 0.11382753, 0.34151673E-1, 0.0000000, 0.91689825E-1, 0.77252984, 2.0686865, 5.8006134, 9.8163404, 19.832214, 19.851658, 19.857141, 19.858641, 0.24998592, 0.25091669, 0.25772446, 0.27068642, 0.30800551, 0.34816304, 0.34916109, 0.34925830, 0.34928572, 0.34929320, 0.34151673E-1
0.87593831E-1, 0.91703802E-1, 0.27513891E-1, 0.0000000, 0.0000000, 0.55630803, 1.9508481, 5.6084743, 9.8104048, 19.833132, 19.851900, 19.857225, 19.858683, 0.24998592, 0.24999182, 0.25556245, 0.26950803, 0.30608410, 0.34810367, 0.34916565, 0.34925950, 0.34928614, 0.34929341, 0.27513891E-1
0.88529907E-1, 0.10300789, 0.30905459E-1, 0.19294024, 0.0000000, 0.23599565, 1.7713338, 5.3893905, 9.8001995, 19.827507, 19.850414, 19.856865, 19.858574, 0.25182304, 0.24999182, 0.25233206, 0.26769841, 0.30388522, 0.34799740, 0.34913689, 0.34925190, 0.34928429, 0.34929287, 0.30905459E-1
0.84654719E-1, 0.56210808E-1, 0.16864929E-1, 0.0000000, 0.0000000, 0.0000000, 1.4799327, 5.0410318, 9.7592497, 19.817102, 19.847616, 19.856115, 19.858376, 0.24999841, 0.24999182, 0.24999405, 0.26475927, 0.30038750, 0.34758040, 0.34908369, 0.34923762, 0.34928045, 0.34929183, 0.16864929E-1
0.84231861E-1, 0.51104307E-1, 0.15332825E-1, 0.0000000, 0.0000000, 0.0000000, 1.1842728, 4.6146736, 9.7302914, 19.810455, 19.845667, 19.855585, 19.858253, 0.24999841, 0.24999182, 0.24999405, 0.26182541, 0.29613575, 0.34729674, 0.34905154, 0.34922811, 0.34927785, 0.34929127, 0.15332825E-1
0.83859816E-1, 0.46611536E-1, 0.13984860E-1, 0.0000000, 0.0000000, 0.0000000, 0.95698833, 4.1705322, 9.7176085, 19.811453, 19.845730, 19.855593, 19.858297, 0.24999841, 0.24999182, 0.24999405, 0.25956890, 0.29170313, 0.34717438, 0.34905726, 0.34922865, 0.34927797, 0.34929150, 0.13984860E-1
0.83364375E-1, 0.40628478E-1, 0.12189763E-1, 0.0000000, 0.0000000, 0.0000000, 0.66618621, 3.5704284, 9.6717596, 19.808533, 19.844839, 19.855373, 19.858271, 0.24999841, 0.24999182, 0.24999405, 0.25666147, 0.28570324, 0.34671667, 0.34904265, 0.34922421, 0.34927687, 0.34929135, 0.12189763E-1
0.82892597E-1, 0.34931306E-1, 0.10480440E-1, 0.0000000, 0.0000000, 0.0000000, 0.37965477, 3.0040109, 9.6715536, 19.802767, 19.843168, 19.854952, 19.858170, 0.24999841, 0.24999182, 0.24999405, 0.25379625, 0.28003898, 0.34671435, 0.34901384, 0.34921584, 0.34927475, 0.34929085, 0.10480440E-1
0.82455359E-1, 0.29651176E-1, 0.88962428E-2, 0.0000000, 0.0000000, 0.0000000, 0.76800585E-1, 2.6684670, 9.3552856, 19.795549, 19.841030, 19.854385, 19.858034, 0.24999841, 0.24999182, 0.24999405, 0.25073388, 0.27666149, 0.34353709, 0.34897614, 0.34920472, 0.34927180, 0.34929013, 0.88962428E-2
0.82201466E-1, 0.26585085E-1, 0.79763234E-2, 0.0000000, 0.0000000, 0.0000000, 0.0000000, 2.3301661, 8.9656181, 19.796324, 19.840990, 19.854372, 19.858028, 0.24999841, 0.24999182, 0.24999405, 0.24999337, 0.27329296, 0.33964759, 0.34898132, 0.34920487, 0.34927183, 0.34929013, 0.79763234E-2
0.82032196E-1, 0.24540987E-1, 0.73630325E-2, 0.0000000, 0.0000000, 0.0000000, 0.0000000, 2.0426960, 8.5990019, 19.800198, 19.841883, 19.854597, 19.858065, 0.24999841, 0.24999182, 0.24999405, 0.24999337, 0.27042463, 0.33598673, 0.34900099, 0.34920943, 0.34927300, 0.34929031, 0.73630325E-2
0.81847362E-1, 0.22308961E-1, 0.66933576E-2, 0.0000000, 0.0000000, 0.0000000, 0.0000000, 1.7384320, 8.1724091, 19.804207, 19.842968, 19.854877, 19.858124, 0.24999841, 0.24999182, 0.24999405, 0.24999337, 0.26738214, 0.33172071, 0.34902102, 0.34921485, 0.34927440, 0.34929061, 0.66933576E-2
0.81693299E-1, 0.20448457E-1, 0.61351508E-2, 0.0000000, 0.0000000, 0.0000000, 0.0000000, 1.4815658, 7.8263979, 19.800955, 19.842138, 19.854654, 19.858070, 0.24999841, 0.24999182, 0.24999405, 0.24999337, 0.26481399, 0.32826105, 0.34900478, 0.34921068, 0.34927326, 0.34929034, 0.61351508E-2
0.81557550E-1, 0.18809112E-1, 0.56432979E-2, 0.0000000, 0.0000000, 0.0000000, 0.0000000, 1.2562901, 7.5271311, 19.796270, 19.840830, 19.854313, 19.858011, 0.24999841, 0.24999182, 0.24999405, 0.24999337, 0.26253787, 0.32525235, 0.34897941, 0.34920365, 0.34927145, 0.34929004, 0.56432979E-2
0.81432685E-1, 0.17301265E-1, 0.51908987E-2, 0.0000000, 0.0000000, 0.0000000, 0.0000000, 1.0539412, 7.2308044, 19.794889, 19.840353, 19.854183, 19.857988, 0.24999841, 0.24999182, 0.24999405, 0.24999337, 0.26051062, 0.32228610, 0.34897214, 0.34920117, 0.34927076, 0.34928992, 0.51908987E-2
0.81288978E-1, 0.15565821E-1, 0.46702134E-2, 0.0000000, 0.0000000, 0.0000000, 0.0000000, 0.84046423, 6.8203244, 19.798441, 19.841213, 19.854414, 19.858040, 0.24999841, 0.24999182, 0.24999405, 0.24999337, 0.25840238, 0.31819713, 0.34899220, 0.34920606, 0.34927207, 0.34929019, 0.46702134E-2
0.81120118E-1, 0.13526643E-1, 0.40583988E-2, 0.0000000, 0.0000000, 0.0000000, 0.0000000, 0.60579479, 6.3003035, 19.799435, 19.841478, 19.854485, 19.858051, 0.24999841, 0.24999182, 0.24999405, 0.24999337, 0.25605658, 0.31299824, 0.34899718, 0.34920740, 0.34927243, 0.34929025, 0.40583988E-2
0.80957279E-1, 0.11560169E-1, 0.34683975E-2, 0.0000000, 0.0000000, 0.0000000, 0.0000000, 0.39280355, 5.7591081, 19.798573, 19.841278, 19.854425, 19.858040, 0.24999841, 0.24999182, 0.24999405, 0.24999337, 0.25392711, 0.30758661, 0.34899285, 0.34920639, 0.34927213, 0.34929019, 0.34683975E-2
0.80794312E-1, 0.95922295E-2, 0.28779567E-2, 0.0000000, 0.0000000, 0.0000000, 0.0000000, 0.19541979, 5.1706996, 19.795383, 19.840405, 19.854202, 19.857988, 0.24999841, 0.24999182, 0.24999405, 0.24999337, 0.25195330, 0.30169922, 0.34897691, 0.34920204, 0.34927100, 0.34928995, 0.28779567E-2
0.80636472E-1, 0.76861498E-2, 0.23060755E-2, 0.0000000, 0.0000000, 0.0000000, 0.0000000, 0.67400932E-1, 4.4106588, 19.800531, 19.841736, 19.854538, 19.858065, 0.24999841, 0.24999182, 0.24999405, 0.24999337, 0.25067371, 0.29410037, 0.34900266, 0.34920868, 0.34927270, 0.34929031, 0.23060755E-2
0.80536596E-1, 0.64800112E-2, 0.19441978E-2, 0.0000000, 0.0000000, 0.0000000, 0.0000000, 0.0000000, 3.8892894, 19.801640, 19.842096, 19.854626, 19.858065, 0.24999841, 0.24999182, 0.24999405, 0.24999337, 0.24999675, 0.28888395, 0.34900820, 0.34921047, 0.34927315, 0.34929031, 0.19441978E-2
0.80426671E-1, 0.51525352E-2, 0.15459151E-2, 0.0000000, 0.0000000, 0.0000000, 0.0000000, 0.0000000, 3.0925381, 19.801435, 19.842077, 19.854626, 19.858065, 0.24999841, 0.24999182, 0.24999405, 0.24999337, 0.24999675, 0.28091830, 0.34900719, 0.34921038, 0.34927315, 0.34929031, 0.15459151E-2
0.80326319E-1, 0.39407196E-2, 0.11823341E-2, 0.0000000, 0.0000000, 0.0000000, 0.0000000, 0.0000000, 2.3656993, 19.772528, 19.841930, 19.854597, 19.858051, 0.24999841, 0.24999182, 0.24999405, 0.24999337, 0.24999675, 0.27364668, 0.34886265, 0.34920967, 0.34927300, 0.34929025, 0.11823341E-2
0.80221586E-1, 0.26759463E-2, 0.80286420E-3, 0.0000000, 0.0000000, 0.0000000, 0.0000000, 0.0000000, 1.6067654, 19.725838, 19.842173, 19.854654, 19.858070, 0.24999841, 0.24999182, 0.24999405, 0.24999337, 0.24999675, 0.26605728, 0.34862918, 0.34921086, 0.34927326, 0.34929034, 0.80286420E-3
0.80148861E-1, 0.17976701E-2, 0.53935498E-3, 0.0000000, 0.0000000, 0.0000000, 0.0000000, 0.0000000, 1.0795325, 19.687096, 19.844070, 19.855156, 19.858187, 0.24999841, 0.24999182, 0.24999405, 0.24999337, 0.24999675, 0.26078710, 0.34843546, 0.34922034, 0.34927577, 0.34929094, 0.53935498E-3
0.80052480E-1, 0.63374761E-3, 0.19014330E-3, 0.0000000, 0.0000000, 0.0000000, 0.0000000, 0.0000000, 0.38112402, 19.641142, 19.843773, 19.855091, 19.858164, 0.24999841, 0.24999182, 0.24999405, 0.24999337, 0.24999675, 0.25380287, 0.34820572, 0.34921888, 0.34927547, 0.34929082, 0.19014330E-3
0.79999998E-1, 0.0000000, 0.0000000, 0.0000000, 0.0000000, 0.0000000, 0.0000000, 0.0000000, 0.0000000, 19.596457, 19.843851, 19.855122, 19.858181, 0.24999841, 0.24999182, 0.24999405, 0.24999337, 0.24999675, 0.24992734, 0.34798229, 0.34921926, 0.34927562, 0.34929091, 0.0000000
0.79999998E-1, 0.0000000, 0.0000000, 0.0000000, 0.0000000, 0.0000000, 0.0000000, 0.0000000, 0.0000000, 19.559980, 19.845713, 19.855623, 19.858322, 0.24999841, 0.24999182, 0.24999405, 0.24999337, 0.24999675, 0.24992734, 0.34779990, 0.34922856, 0.34927812, 0.34929162, 0.0000000
0.79999998E-1, 0.0000000, 0.0000000, 0.0000000, 0.0000000, 0.0000000, 0.0000000, 0.0000000, 0.0000000, 19.520321, 19.846260, 19.855776, 19.858393, 0.24999841, 0.24999182, 0.24999405, 0.24999337, 0.24999675, 0.24992734, 0.34760159, 0.34923130, 0.34927887, 0.34929198, 0.0000000
0.79999998E-1, 0.0000000, 0.0000000, 0.0000000, 0.0000000, 0.0000000, 0.0000000, 0.0000000, 0.0000000, 19.475283, 19.845554, 19.855604, 19.858347, 0.24999841, 0.24999182, 0.24999405, 0.24999337, 0.24999675, 0.24992734, 0.34737575, 0.34922761, 0.34927800, 0.34929174, 0.0000000
0.79999998E-1, 0.0000000, 0.0000000, 0.0000000, 0.0000000, 0.0000000, 0.0000000, 0.0000000, 0.0000000, 19.439215, 19.846956, 19.855976, 19.858458, 0.24999841, 0.24999182, 0.24999405, 0.24999337, 0.24999675, 0.24992734, 0.34719607, 0.34923479, 0.34927988, 0.34929228, 0.0000000
0.79999998E-1, 0.0000000, 0.0000000, 0.0000000, 0.0000000, 0.0000000, 0.0000000, 0.0000000, 0.0000000, 19.405413, 19.848429, 19.856365, 19.858500, 0.24999841, 0.24999182, 0.24999405, 0.24999337, 0.24999675, 0.24992734, 0.34702706, 0.34924215, 0.34928182, 0.34929249, 0.0000000
0.79999998E-1, 0.0000000, 0.0000000, 0.0000000, 0.0000000, 0.0000000, 0.0000000, 0.0000000, 0.0000000, 19.368338, 19.848713, 19.856445, 19.858480, 0.24999841, 0.24999182, 0.24999405, 0.24999337, 0.24999675, 0.24992734, 0.34684169, 0.34924358, 0.34928223, 0.34929240, 0.0000000
0.79999998E-1, 0.0000000, 0.0000000, 0.0000000, 0.0000000, 0.0000000, 0.0000000, 0.0000000, 0.0000000, 19.330517, 19.848736, 19.856436, 19.858463, 0.24999841, 0.24999182, 0.24999405, 0.24999337, 0.24999675, 0.24992734, 0.34665257, 0.34924367, 0.34928218, 0.34929231, 0.0000000
0.79999998E-1, 0.0000000, 0.0000000, 0.0000000, 0.0000000, 0.0000000, 0.0000000, 0.0000000, 0.0000000, 19.295708, 19.849407, 19.856611, 19.858480, 0.24999841, 0.24999182, 0.24999405, 0.24999337, 0.24999675, 0.24992734, 0.34647852, 0.34924704, 0.34928304, 0.34929240, 0.0000000
0.79999998E-1, 0.0000000, 0.0000000, 0.0000000, 0.0000000, 0.0000000, 0.0000000, 0.0000000, 0.0000000, 19.264559, 19.850685, 19.856901, 19.858574, 0.24999841, 0.24999182, 0.24999405, 0.24999337, 0.24999675, 0.24992734, 0.34632280, 0.34925342, 0.34928450, 0.34929287, 0.0000000
0.79999998E-1, 0.0000000, 0.0000000, 0.0000000, 0.0000000, 0.0000000, 0.0000000, 0.0000000, 0.0000000, 19.232716, 19.851400, 19.857105, 19.858635, 0.24999841, 0.24999182, 0.24999405, 0.24999337, 0.24999675, 0.24992734, 0.34616357, 0.34925699, 0.34928554, 0.34929317, 0.0000000
0.79999998E-1, 0.0000000, 0.0000000, 0.0000000, 0.0000000, 0.0000000, 0.0000000, 0.0000000, 0.0000000, 19.201923, 19.852142, 19.857309, 19.858698, 0.24999841, 0.24999182, 0.24999405, 0.24999337, 0.24999675, 0.24992734, 0.34600961, 0.34926072, 0.34928656, 0.34929350, 0.0000000
0.79999998E-1, 0.0000000, 0.0000000, 0.0000000, 0.0000000, 0.0000000, 0.0000000, 0.0000000, 0.0000000, 19.167576, 19.851877, 19.857246, 19.858646, 0.24999841, 0.24999182, 0.24999405, 0.24999337, 0.24999675, 0.24992734, 0.34583789, 0.34925938, 0.34928623, 0.34929323, 0.0000000
0.79999998E-1, 0.0000000, 0.0000000, 0.0000000, 0.0000000, 0.0000000, 0.0000000, 0.0000000, 0.0000000, 19.130119, 19.851017, 19.856989, 19.858599, 0.24999841, 0.24999182, 0.24999405, 0.24999337, 0.24999675, 0.24992734, 0.34565061, 0.34925508, 0.34928495, 0.34929299, 0.0000000
0.79999998E-1, 0.0000000, 0.0000000, 0.0000000, 0.0000000, 0.0000000, 0.0000000, 0.0000000, 0.0000000, 19.100286, 19.852106, 19.857283, 19.858688, 0.24999841, 0.24999182, 0.24999405, 0.24999337, 0.24999675, 0.24992734, 0.34550142, 0.34926054, 0.34928641, 0.34929344, 0.0000000
0.22219416, 1.0000000, 0.51519626, 2.5044188, 8.2770367, 6.8911796, 7.2316813, 8.1103115, 8.8788748, 19.220657, 19.852779, 19.857449, 19.858709, 0.27504390, 0.33276981, 0.31891155, 0.32231677, 0.33110309, 0.33878875, 0.34610328, 0.34926391, 0.34928724, 0.34929353, 0.51519626
0.35599947, 1.0000000, 0.99999809, 9.9999962, 9.9999990, 9.9999990, 9.9999990, 9.9999990, 9.9999990, 19.999998, 19.999998, 19.999998, 19.998999, 0.34999973, 0.34999985, 0.34999993, 0.34999999, 0.34999999, 0.34999999, 0.34999999, 0.34999999, 0.34999999, 0.34999499, 0.99999809
0.35525149, 1.0000000, 0.99728787, 9.9622173, 9.9785147, 9.9891558, 9.9972649, 9.9986162, 9.9994574, 19.999908, 19.999975, 19.999975, 19.989016, 0.34962144, 0.34978470, 0.34989133, 0.34997264, 0.34998614, 0.34999457, 0.34999955, 0.34999987, 0.34999987, 0.34994507, 0.99728787
0.35392332, 1.0000000, 0.99247575, 9.8937130, 9.9423304, 9.9705944, 9.9923677, 9.9961567, 9.9984827, 19.999743, 19.999928, 19.999949, 19.985044, 0.34893587, 0.34942251, 0.34970555, 0.34992358, 0.34996155, 0.34998482, 0.34999871, 0.34999964, 0.34999973, 0.34992522, 0.99247575
0.35599840, 1.0000000, 0.99999428, 9.9999609, 9.9999752, 9.9999876, 9.9999962, 9.9999990, 9.9999990, 19.999998, 19.999998, 19.999998, 19.997997, 0.34999922, 0.34999952, 0.34999976, 0.34999993, 0.34999999, 0.34999999, 0.34999999, 0.34999999, 0.34999999, 0.34998998, 0.99999428
0.35599917, 1.0000000, 0.99999690, 9.9999752, 9.9999876, 9.9999933, 9.9999990, 9.9999990, 9.9999990, 19.999998, 19.999998, 19.999998, 19.997997, 0.34999955, 0.34999976, 0.34999987, 0.34999999, 0.34999999, 0.34999999, 0.34999999, 0.34999999, 0.34999999, 0.34998998, 0.99999690
0.35599917, 1.0000000, 0.99999702, 9.9999790, 9.9999876, 9.9999933, 9.9999990, 9.9999990, 9.9999990, 19.999998, 19.999998, 19.999998, 19.997997, 0.34999958, 0.34999976, 0.34999987, 0.34999999, 0.34999999, 0.34999999, 0.34999999, 0.34999999, 0.34999999, 0.34998998, 0.99999702
0.35599875, 1.0000000, 0.99999547, 9.9999580, 9.9999752, 9.9999876, 9.9999990, 9.9999990, 9.9999990, 19.999998, 19.999998, 19.999998, 19.996996, 0.34999937, 0.34999964, 0.34999982, 0.34999999, 0.34999999, 0.34999999, 0.34999999, 0.34999999, 0.34999999, 0.34998497, 0.99999547
0.35573912, 1.0000000, 0.99905479, 9.9999390, 9.9885874, 9.9636650, 9.9861021, 9.9928894, 9.9966507, 19.998974, 19.999731, 19.999840, 19.982075, 0.34999928, 0.34988582, 0.34963661, 0.34986103, 0.34992889, 0.34996650, 0.34999487, 0.34999865, 0.34999919, 0.34991038, 0.99905479
0.35472560, 1.0000000, 0.99538249, 9.9893522, 9.8935318, 9.9448366, 9.9850264, 9.9923983, 9.9969397, 19.999451, 19.999868, 19.999924, 19.985044, 0.34989271, 0.34893483, 0.34944814, 0.34985021, 0.34992394, 0.34996939, 0.34999725, 0.34999934, 0.34999961, 0.34992522, 0.99538249
0.34508187, 1.0000000, 0.96044147, 9.4041805, 9.7472448, 9.8638725, 9.9635010, 9.9814386, 9.9928312, 19.999016, 19.999743, 19.999868, 19.984043, 0.34404153, 0.34747228, 0.34863862, 0.34963498, 0.34981439, 0.34992832, 0.34999508, 0.34999871, 0.34999934, 0.34992021, 0.96044147
0.34605813, 1.0000000, 0.96397859, 9.5477448, 9.6600475, 9.8031158, 9.9344110, 9.9657955, 9.9861784, 19.997723, 19.999403, 19.998854, 19.961004, 0.34547719, 0.34660032, 0.34803107, 0.34934407, 0.34965795, 0.34986180, 0.34998861, 0.34999701, 0.34999427, 0.34980503, 0.96397859
0.35598809, 1.0000000, 0.99995667, 9.9995022, 9.9996986, 9.9998531, 9.9999695, 9.9999876, 9.9999962, 19.999998, 19.999998, 19.999996, 19.993994, 0.34999403, 0.34999639, 0.34999824, 0.34999964, 0.34999985, 0.34999996, 0.34999999, 0.34999999, 0.34999996, 0.34996998, 0.99995667
0.33285922, 1.0000000, 0.91615665, 8.6944208, 9.5287113, 9.7300463, 9.9120817, 9.9544744, 9.9813328, 19.996578, 19.999105, 19.999344, 19.970360, 0.33693954, 0.34528401, 0.34729889, 0.34912050, 0.34954458, 0.34981328, 0.34998289, 0.34999552, 0.34999672, 0.34985179, 0.91615665
0.30384707, 1.0000000, 0.81104004, 6.7059007, 9.4029284, 9.6270275, 9.8269577, 9.9049683, 9.9567919, 19.989347, 19.997204, 19.996853, 19.948294, 0.31705108, 0.34402260, 0.34626684, 0.34826890, 0.34904933, 0.34956780, 0.34994674, 0.34998602, 0.34998426, 0.34974146, 0.81104004
0.29531890, 1.0000000, 0.78014100, 6.0249462, 9.4888000, 9.6662169, 9.8188276, 9.8938208, 9.9486589, 19.986115, 19.996311, 19.992102, 19.928858, 0.31024536, 0.34488413, 0.34666020, 0.34818789, 0.34893799, 0.34948653, 0.34993058, 0.34998155, 0.34996051, 0.34964430, 0.78014100
0.30329943, 1.0000000, 0.80905581, 6.5326018, 9.5805140, 9.7154322, 9.8276529, 9.8940325, 9.9456835, 19.983583, 19.995453, 19.984505, 19.912472, 0.31532386, 0.34580323, 0.34715334, 0.34827632, 0.34894022, 0.34945682, 0.34991792, 0.34997725, 0.34992254, 0.34956235, 0.80905581
0.28552252, 1.0000000, 0.74464673, 5.3039947, 9.5054512, 9.6712170, 9.8091078, 9.8813114, 9.9378891, 19.979937, 19.993942, 19.974089, 19.899157, 0.30303961, 0.34505415, 0.34671199, 0.34809104, 0.34881309, 0.34937888, 0.34989968, 0.34996971, 0.34987044, 0.34949577, 0.74464673
0.25397074, 1.0000000, 0.63032877, 3.1691647, 9.3202438, 9.5522089, 9.7524986, 9.8471889, 9.9205132, 19.973785, 19.991049, 19.961344, 19.888674, 0.28169093, 0.34320116, 0.34552145, 0.34752488, 0.34847182, 0.34920511, 0.34986892, 0.34995526, 0.34980673, 0.34944338, 0.63032877
0.24310453, 1.0000000, 0.59095842, 2.6475816, 8.8300419, 9.6410160, 9.7801485, 9.8585386, 9.9230595, 19.971796, 19.987993, 19.947659, 19.880749, 0.27647370, 0.33829615, 0.34640783, 0.34780100, 0.34858516, 0.34923050, 0.34985897, 0.34993997, 0.34973830, 0.34940374, 0.59095842
0.23112221, 1.0000000, 0.54754424, 2.2305937, 8.0767946, 9.6424475, 9.7817087, 9.8583155, 9.9216127, 19.968937, 19.983078, 19.933706, 19.874779, 0.27230451, 0.33076483, 0.34642261, 0.34781671, 0.34858298, 0.34921607, 0.34984469, 0.34991539, 0.34966853, 0.34937388, 0.54754424
0.20122842, 1.0000000, 0.43923339, 1.1070251, 6.4255257, 9.4903345, 9.6995535, 9.8102751, 9.8969383, 19.958555, 19.974245, 19.919838, 19.870234, 0.26107019, 0.31425503, 0.34490317, 0.34699550, 0.34810272, 0.34896940, 0.34979278, 0.34987122, 0.34959918, 0.34935117, 0.43923339
0.16550580, 1.0000000, 0.30980358, 0.0000000, 4.0292907, 9.3679647, 9.6168537, 9.7562046, 9.8679609, 19.945772, 19.962709, 19.907112, 19.866871, 0.24998029, 0.29029012, 0.34367639, 0.34616789, 0.34756172, 0.34867948, 0.34972885, 0.34981355, 0.34953555, 0.34933436, 0.30980358
0.15034747, 0.84952211, 0.25488213, 0.0000000, 2.6354611, 8.5007858, 9.5929470, 9.7359152, 9.8545084, 19.935770, 19.950270, 19.896219, 19.864460, 0.24998029, 0.27635399, 0.33500683, 0.34592924, 0.34735903, 0.34854504, 0.34967884, 0.34975135, 0.34948111, 0.34932229, 0.25488213
0.14610778, 0.79832321, 0.23952092, 0.0000000, 2.3858161, 7.9510317, 9.6881466, 9.7883911, 9.8762703, 19.933578, 19.938978, 19.887684, 19.862862, 0.24998029, 0.27385741, 0.32950908, 0.34688115, 0.34788376, 0.34876263, 0.34966791, 0.34969491, 0.34943843, 0.34931430, 0.23952092
0.34359086, 1.0000000, 0.95503926, 9.6598167, 9.3643351, 9.4763527, 9.7602930, 9.8319864, 9.8967609, 19.932503, 19.927917, 19.880926, 19.861750, 0.34659758, 0.34364301, 0.34476334, 0.34760290, 0.34831983, 0.34896761, 0.34966251, 0.34963959, 0.34940463, 0.34930876, 0.95503926
0.31895220, 1.0000000, 0.86576873, 7.8053741, 9.4168081, 9.6009388, 9.7597532, 9.8357439, 9.8992844, 19.927055, 19.916292, 19.875387, 19.860920, 0.32805362, 0.34416798, 0.34600934, 0.34759754, 0.34835744, 0.34899285, 0.34963527, 0.34958145, 0.34937695, 0.34930462, 0.86576873
0.35597086, 1.0000000, 0.99989432, 9.9987593, 9.9992599, 9.9996271, 9.9999247, 9.9999638, 9.9999905, 19.999998, 19.999998, 19.999990, 19.991999, 0.34998545, 0.34999132, 0.34999561, 0.34999913, 0.34999958, 0.34999987, 0.34999999, 0.34999999, 0.34999996, 0.34996000, 0.99989432
0.34891909, 1.0000000, 0.97434455, 9.6199551, 9.8273706, 9.9084635, 9.9742937, 9.9869280, 9.9947243, 19.999050, 19.999748, 19.999846, 19.980110, 0.34619927, 0.34827355, 0.34908456, 0.34974292, 0.34986928, 0.34994724, 0.34999526, 0.34999874, 0.34999922, 0.34990054, 0.97434455
0.34137553, 1.0000000, 0.94701278, 9.1842566, 9.6866007, 9.8276043, 9.9489012, 9.9738216, 9.9894190, 19.998133, 19.999521, 19.999792, 19.982044, 0.34184062, 0.34686479, 0.34827542, 0.34948888, 0.34973815, 0.34989417, 0.34999067, 0.34999761, 0.34999895, 0.34991023, 0.94701278
0.35584748, 1.0000000, 0.99944729, 9.9926128, 9.9955931, 9.9977894, 9.9995556, 9.9997787, 9.9999247, 19.999998, 19.999998, 19.999990, 19.991999, 0.34992388, 0.34995458, 0.34997723, 0.34999540, 0.34999773, 0.34999922, 0.34999999, 0.34999999, 0.34999996, 0.34996000, 0.99944729
0.34505552, 1.0000000, 0.96034610, 9.3981209, 9.7531796, 9.8662319, 9.9648027, 9.9820890, 9.9932241, 19.999207, 19.999796, 19.999422, 19.968512, 0.34397945, 0.34753069, 0.34866175, 0.34964791, 0.34982082, 0.34993222, 0.34999603, 0.34999898, 0.34999710, 0.34984255, 0.96034610
0.30129436, 1.0000000, 0.80179113, 6.5843992, 9.3215151, 9.5791321, 9.8160992, 9.9005461, 9.9554367, 19.989168, 19.997173, 19.996565, 19.946568, 0.31583935, 0.34321123, 0.34578928, 0.34816056, 0.34900525, 0.34955430, 0.34994584, 0.34998587, 0.34998283, 0.34973285, 0.80179113
0.28159136, 1.0000000, 0.73040342, 5.0606427, 9.4514408, 9.6410608, 9.8071594, 9.8873892, 9.9460869, 19.985733, 19.996210, 19.991568, 19.927372, 0.30060497, 0.34451276, 0.34640977, 0.34807143, 0.34887379, 0.34946084, 0.34992868, 0.34998104, 0.34995782, 0.34963685, 0.73040342
0.25146765, 1.0000000, 0.62125957, 2.9798670, 9.3295689, 9.5587234, 9.7567215, 9.8535690, 9.9269867, 19.979057, 19.994225, 19.983440, 19.911177, 0.27979738, 0.34329325, 0.34558597, 0.34756693, 0.34853557, 0.34926984, 0.34989530, 0.34997112, 0.34991720, 0.34955588, 0.62125957
0.29594737, 1.0000000, 0.78241795, 6.1729245, 9.3627682, 9.5932055, 9.7572031, 9.8478098, 9.9203033, 19.974579, 19.992401, 19.972740, 19.898125, 0.31172770, 0.34362629, 0.34593135, 0.34757188, 0.34847805, 0.34920302, 0.34987289, 0.34996200, 0.34986371, 0.34949061, 0.78241795
0.24331482, 1.0000000, 0.59172034, 2.9060543, 8.5441904, 9.4339790, 9.6638813, 9.7897558, 9.8887672, 19.961977, 19.987583, 19.959417, 19.887770, 0.27905729, 0.33543617, 0.34433663, 0.34663814, 0.34789723, 0.34888756, 0.34980989, 0.34993792, 0.34979707, 0.34943885, 0.59172034
0.22839098, 1.0000000, 0.53764844, 2.4272294, 7.4695950, 9.5605116, 9.7198009, 9.8159628, 9.8974628, 19.959698, 19.984119, 19.945633, 19.880030, 0.27426901, 0.32468989, 0.34560123, 0.34719723, 0.34815922, 0.34897453, 0.34979850, 0.34992060, 0.34972817, 0.34940016, 0.53764844
0.21310551, 1.0000000, 0.48226631, 1.9107789, 6.4775238, 9.5683403, 9.7331524, 9.8238230, 9.9003849, 19.956942, 19.978870, 19.931700, 19.874229, 0.26910713, 0.31477389, 0.34568241, 0.34733132, 0.34823814, 0.34900382, 0.34978470, 0.34989434, 0.34965849, 0.34937114, 0.48226631
0.19275047, 1.0000000, 0.40851620, 1.2093693, 5.2198701, 9.5114079, 9.7093010, 9.8108740, 9.8940849, 19.952063, 19.971146, 19.918325, 19.869900, 0.26209304, 0.30219701, 0.34511253, 0.34709269, 0.34810859, 0.34894079, 0.34976032, 0.34985572, 0.34959161, 0.34934950, 0.40851620
0.16632977, 1.0000000, 0.31278902, 0.33785701, 3.5268476, 9.4335184, 9.6624537, 9.7824697, 9.8797626, 19.944641, 19.960869, 19.906118, 19.866693, 0.25337821, 0.28526628, 0.34433225, 0.34662396, 0.34782439, 0.34879753, 0.34972322, 0.34980434, 0.34953058, 0.34933347, 0.31278902
0.14977905, 0.84265792, 0.25282267, 0.0000000, 2.4833827, 8.6569958, 9.6327877, 9.7616320, 9.8672924, 19.935917, 19.948744, 19.895498, 19.864359, 0.24996160, 0.27483240, 0.33656746, 0.34632730, 0.34761605, 0.34867284, 0.34967959, 0.34974372, 0.34947750, 0.34932178, 0.25282267
0.14080814, 0.73432434, 0.22031933, 0.0000000, 1.8763542, 7.7042913, 9.6327429, 9.7587700, 9.8632708, 19.928041, 19.936029, 19.886726, 19.862690, 0.24996160, 0.26876295, 0.32704172, 0.34632713, 0.34758756, 0.34863263, 0.34964019, 0.34968016, 0.34943363, 0.34931344, 0.22031933
0.35563403, 1.0000000, 0.99867398, 9.9815664, 9.9901114, 9.9949837, 9.9980354, 9.9989977, 9.9995222, 19.999849, 19.999964, 19.999964, 19.988020, 0.34981224, 0.34989905, 0.34994882, 0.34998015, 0.34998989, 0.34999520, 0.34999925, 0.34999982, 0.34999982, 0.34994009, 0.99867398
0.35299736, 1.0000000, 0.98912072, 9.8455925, 9.9179974, 9.9579725, 9.9892311, 9.9945602, 9.9978561, 19.999664, 19.999916, 19.999958, 19.988020, 0.34845224, 0.34917775, 0.34957859, 0.34989208, 0.34994549, 0.34997854, 0.34999833, 0.34999958, 0.34999979, 0.34994009, 0.98912072
0.34804112, 1.0000000, 0.97116339, 9.6029606, 9.7688742, 9.8735094, 9.9638977, 9.9815416, 9.9926949, 19.998859, 19.999712, 19.999207, 19.964733, 0.34602770, 0.34768757, 0.34873450, 0.34963885, 0.34981537, 0.34992692, 0.34999430, 0.34999856, 0.34999603, 0.34982365, 0.97116339
0.33782685, 1.0000000, 0.93415517, 8.9788570, 9.6259689, 9.7821636, 9.9236660, 9.9599657, 9.9833517, 19.996870, 19.999195, 19.996517, 19.943308, 0.33978832, 0.34625953, 0.34782156, 0.34923664, 0.34959966, 0.34983352, 0.34998435, 0.34999597, 0.34998259, 0.34971654, 0.93415517
0.32974225, 1.0000000, 0.90486318, 8.4032040, 9.6205778, 9.7673664, 9.8989077, 9.9448795, 9.9757509, 19.994715, 19.998631, 19.991182, 19.924597, 0.33402851, 0.34620336, 0.34767243, 0.34898883, 0.34944868, 0.34975746, 0.34997356, 0.34999317, 0.34995592, 0.34962299, 0.90486318
0.35599291, 1.0000000, 0.99997413, 9.9996681, 9.9997997, 9.9998951, 9.9999790, 9.9999876, 9.9999962, 19.999998, 19.999998, 19.999996, 19.993994, 0.34999645, 0.34999785, 0.34999889, 0.34999979, 0.34999987, 0.34999996, 0.34999999, 0.34999999, 0.34999996, 0.34996998, 0.99997413
0.35599834, 1.0000000, 0.99999392, 9.9999428, 9.9999666, 9.9999819, 9.9999933, 9.9999990, 9.9999990, 19.999998, 19.999998, 19.999998, 19.996996, 0.34999916, 0.34999949, 0.34999973, 0.34999990, 0.34999999, 0.34999999, 0.34999999, 0.34999999, 0.34999999, 0.34998497, 0.99999392
0.35599923, 1.0000000, 0.99999726, 9.9999876, 9.9999933, 9.9999962, 9.9999990, 9.9999990, 9.9999990, 19.999998, 19.999998, 19.999998, 19.997997, 0.34999961, 0.34999979, 0.34999987, 0.34999996, 0.34999999, 0.34999999, 0.34999999, 0.34999999, 0.34999999, 0.34998998, 0.99999726
0.32103705, 1.0000000, 0.87332261, 7.9129190, 9.4372416, 9.6680412, 9.8818350, 9.9380465, 9.9739513, 19.994791, 19.998646, 19.999372, 19.974194, 0.32912907, 0.34437233, 0.34668037, 0.34881836, 0.34938046, 0.34973952, 0.34997395, 0.34999323, 0.34999686, 0.34987098, 0.87332261
0.28517777, 1.0000000, 0.74339765, 5.3883948, 9.3644819, 9.5906105, 9.7970304, 9.8856421, 9.9475727, 19.987352, 19.996696, 19.997221, 19.951794, 0.30388293, 0.34364378, 0.34590557, 0.34797019, 0.34885636, 0.34947571, 0.34993675, 0.34998348, 0.34998611, 0.34975898, 0.74339765
0.24605885, 1.0000000, 0.60166246, 2.9603033, 8.7435389, 9.4984159, 9.7231407, 9.8351974, 9.9195795, 19.978390, 19.994270, 19.992544, 19.931763, 0.27960157, 0.33743283, 0.34498277, 0.34723112, 0.34835184, 0.34919572, 0.34989196, 0.34997135, 0.34996271, 0.34965882, 0.60166246
0.21066377, 1.0000000, 0.47341943, 1.7052680, 6.5967646, 9.4411411, 9.6690607, 9.7943869, 9.8944654, 19.968609, 19.991444, 19.984875, 19.914759, 0.26705199, 0.31596604, 0.34441024, 0.34669036, 0.34794375, 0.34894463, 0.34984306, 0.34995723, 0.34992439, 0.34957379, 0.47341943
0.18209429, 1.0000000, 0.36990684, 0.78156292, 4.6875796, 9.4414797, 9.6574697, 9.7806377, 9.8828573, 19.961164, 19.988781, 19.974562, 19.900934, 0.25781536, 0.29687485, 0.34441382, 0.34657449, 0.34780630, 0.34882855, 0.34980583, 0.34994391, 0.34987280, 0.34950468, 0.36990684
0.15515591, 0.90758920, 0.27230400, 0.0000000, 2.9271424, 9.0707626, 9.6219530, 9.7559099, 9.8674850, 19.951998, 19.984854, 19.961864, 19.889988, 0.24998935, 0.27927047, 0.34070614, 0.34621921, 0.34755895, 0.34867477, 0.34976000, 0.34992427, 0.34980932, 0.34944993, 0.27230400
0.14341953, 0.76585966, 0.22978088, 0.0000000, 2.1150975, 7.8655338, 9.6035919, 9.7415018, 9.8573399, 19.943319, 19.979769, 19.947865, 19.881603, 0.24998935, 0.27114984, 0.32865322, 0.34603542, 0.34741476, 0.34857330, 0.34971660, 0.34989884, 0.34973931, 0.34940803, 0.22978088
0.13374731, 0.64905715, 0.19473661, 0.0000000, 1.5048414, 6.7496901, 9.6065311, 9.7414055, 9.8562088, 19.938473, 19.974026, 19.933750, 19.875338, 0.24998935, 0.26504633, 0.31749222, 0.34606397, 0.34741336, 0.34856185, 0.34969237, 0.34987015, 0.34966874, 0.34937668, 0.19473661
0.17101017, 1.0000000, 0.32974699, 1.8608868, 2.3327410, 7.8793855, 9.6551275, 9.7695427, 9.8678675, 19.935987, 19.967052, 19.920317, 19.870735, 0.26860628, 0.27332547, 0.32879058, 0.34655046, 0.34769499, 0.34867853, 0.34967995, 0.34983528, 0.34960157, 0.34935367, 0.32974699
0.23762490, 1.0000000, 0.57110465, 2.9459448, 7.7753587, 9.4508781, 9.7144670, 9.8050356, 9.8836718, 19.934879, 19.958731, 19.908241, 19.867388, 0.27945861, 0.32775229, 0.34450796, 0.34714451, 0.34805027, 0.34883669, 0.34967440, 0.34979364, 0.34954122, 0.34933692, 0.57110465
0.23334359, 1.0000000, 0.55559266, 2.8429241, 7.3060789, 9.6808567, 9.7792854, 9.8440056, 9.9024792, 19.936129, 19.949652, 19.897932, 19.865000, 0.27842891, 0.32306024, 0.34680820, 0.34779280, 0.34844002, 0.34902480, 0.34968063, 0.34974825, 0.34948966, 0.34932500, 0.55559266
0.19341528, 1.0000000, 0.41092494, 1.3432115, 5.1206927, 9.4393578, 9.6606274, 9.7791376, 9.8731775, 19.924891, 19.936413, 19.888536, 19.863102, 0.26342988, 0.30120179, 0.34438887, 0.34660533, 0.34779090, 0.34873161, 0.34962445, 0.34968206, 0.34944269, 0.34931552, 0.41092494
0.15109794, 0.85858488, 0.25760123, 0.0000000, 2.8143673, 8.3351145, 9.5554972, 9.7108889, 9.8387442, 19.911247, 19.922289, 19.880726, 19.861696, 0.24999908, 0.27814204, 0.33334872, 0.34555441, 0.34710863, 0.34838736, 0.34955624, 0.34961146, 0.34940362, 0.34930849, 0.25760123
0.13356826, 0.64689487, 0.19408788, 0.0000000, 1.6379207, 6.4662604, 9.5131016, 9.6793575, 9.8195381, 19.898781, 19.908997, 19.874573, 19.860708, 0.24999908, 0.26637730, 0.31465885, 0.34512991, 0.34679303, 0.34819520, 0.34949392, 0.34954497, 0.34937286, 0.34930354, 0.19408788
0.11405237, 0.41121930, 0.12337813, 0.0000000, 0.45013130, 4.1506829, 9.4302101, 9.6226854, 9.7880220, 19.882650, 19.895786, 19.869530, 19.859951, 0.24999908, 0.25450087, 0.29150480, 0.34430119, 0.34622639, 0.34788007, 0.34941325, 0.34947893, 0.34934765, 0.34929976, 0.12337813
0.10273113, 0.27450311, 0.82359172E-1, 0.0000000, 0.0000000, 2.4759054, 8.6624966, 9.5739326, 9.7594938, 19.866777, 19.884014, 19.865587, 19.859381, 0.24999908, 0.24995136, 0.27475479, 0.33662200, 0.34573770, 0.34759438, 0.34933388, 0.34942007, 0.34932792, 0.34929690, 0.82359172E-1
0.97466283E-1, 0.21092433, 0.63283630E-1, 0.0000000, 0.0000000, 1.4574200, 7.4163151, 9.5473061, 9.7420578, 19.852982, 19.874199, 19.862623, 19.858980, 0.24999908, 0.24995136, 0.26456448, 0.32415324, 0.34546667, 0.34741840, 0.34926492, 0.34937099, 0.34931311, 0.34929490, 0.63283630E-1
0.21852495, 1.0000000, 0.50190198, 2.3631692, 6.6364970, 9.1336851, 9.4227257, 9.6792154, 9.8004150, 19.851423, 19.869024, 19.861105, 19.858839, 0.27362800, 0.31635875, 0.34133255, 0.34422636, 0.34679171, 0.34800401, 0.34925711, 0.34934512, 0.34930551, 0.34929419, 0.50190198
0.15813169, 0.94352502, 0.28308582, 0.35460293, 2.9241948, 8.6548395, 9.4804506, 9.6522532, 9.7884960, 19.840343, 19.862518, 19.859375, 19.858610, 0.25354582, 0.27924088, 0.33654681, 0.34480414, 0.34652236, 0.34788489, 0.34920171, 0.34931260, 0.34929687, 0.34929305, 0.28308582
0.13205333, 0.62860060, 0.18859904, 0.0000000, 1.5274942, 6.3383431, 9.4579964, 9.6324701, 9.7776651, 19.831743, 19.857527, 19.858116, 19.858463, 0.24998954, 0.26527297, 0.31337935, 0.34457874, 0.34632409, 0.34777644, 0.34915870, 0.34928763, 0.34929058, 0.34929231, 0.18859904
0.16318236, 1.0000000, 0.30138537, 1.6241461, 2.3466885, 6.7922182, 9.5103426, 9.6630993, 9.7900162, 19.829008, 19.854855, 19.857504, 19.858440, 0.26623869, 0.27346450, 0.31791872, 0.34510246, 0.34663048, 0.34789997, 0.34914505, 0.34927428, 0.34928751, 0.34929222, 0.30138537
0.18248992, 1.0000000, 0.37134027, 1.6862154, 3.3234234, 9.2813129, 9.5577879, 9.6933098, 9.8038855, 19.828949, 19.853466, 19.857212, 19.858458, 0.26686141, 0.28323337, 0.34281191, 0.34557766, 0.34693298, 0.34803882, 0.34914476, 0.34926733, 0.34928605, 0.34929228, 0.37134027
0.35596246, 1.0000000, 0.99986392, 9.9983721, 9.9990215, 9.9995108, 9.9999008, 9.9999514, 9.9999847, 19.999998, 19.999998, 19.999998, 19.994993, 0.34998128, 0.34998876, 0.34999436, 0.34999886, 0.34999946, 0.34999982, 0.34999999, 0.34999999, 0.34999999, 0.34997496, 0.99986392
0.34109318, 1.0000000, 0.94598985, 9.1881361, 9.6597080, 9.8010664, 9.9427834, 9.9706697, 9.9885178, 19.998337, 19.999563, 19.999855, 19.986019, 0.34188098, 0.34659684, 0.34801054, 0.34942779, 0.34970671, 0.34988517, 0.34999168, 0.34999782, 0.34999928, 0.34993011, 0.94598985
0.35438108, 1.0000000, 0.99413431, 9.9336309, 9.9532146, 9.9286604, 9.9823265, 9.9910717, 9.9966087, 19.999577, 19.999880, 19.999964, 19.988997, 0.34933555, 0.34953168, 0.34928638, 0.34982321, 0.34991068, 0.34996608, 0.34999788, 0.34999940, 0.34999982, 0.34994498, 0.99413431
0.32605153, 1.0000000, 0.89149106, 8.3344774, 9.3741627, 9.6107225, 9.8429117, 9.9158440, 9.9640188, 19.992699, 19.998091, 19.998835, 19.965542, 0.33334437, 0.34374136, 0.34610710, 0.34842908, 0.34915844, 0.34964019, 0.34996349, 0.34999046, 0.34999418, 0.34982771, 0.89149106
0.26051727, 1.0000000, 0.65404803, 3.7709332, 9.1669912, 9.4461870, 9.7010098, 9.8261404, 9.9182167, 19.979895, 19.994701, 19.995489, 19.943846, 0.28770909, 0.34166956, 0.34446168, 0.34701008, 0.34826139, 0.34918216, 0.34989947, 0.34997350, 0.34997743, 0.34971923, 0.65404803
0.20194489, 1.0000000, 0.44182929, 1.2346625, 6.3908272, 9.3353224, 9.5962410, 9.7496758, 9.8723812, 19.963190, 19.990116, 19.989166, 19.924803, 0.26234618, 0.31390691, 0.34335220, 0.34596220, 0.34749663, 0.34872380, 0.34981596, 0.34995058, 0.34994584, 0.34962401, 0.44182929
0.15692398, 0.92894065, 0.27871007, 0.0000000, 3.0439138, 9.2839661, 9.5508060, 9.7112675, 9.8466673, 19.950972, 19.986292, 19.980173, 19.908968, 0.24997845, 0.28043738, 0.34283698, 0.34550750, 0.34711242, 0.34846658, 0.34975487, 0.34993145, 0.34990087, 0.34954482, 0.27871007
0.15310535, 0.88282645, 0.26487443, 0.74843764, 2.0793648, 7.7946920, 9.5610456, 9.7125444, 9.8428717, 19.943413, 19.983032, 19.968817, 19.896273, 0.25748289, 0.27079117, 0.32794231, 0.34560931, 0.34712487, 0.34842852, 0.34971708, 0.34991515, 0.34984410, 0.34948137, 0.26487443
0.35599929, 1.0000000, 0.99999738, 9.9999990, 9.9999990, 9.9999990, 9.9999990, 9.9999990, 9.9999990, 19.999998, 19.999998, 19.999998, 19.998999, 0.34999964, 0.34999979, 0.34999987, 0.34999996, 0.34999999, 0.34999999, 0.34999999, 0.34999999, 0.34999999, 0.34999499, 0.99999738
0.33150822, 1.0000000, 0.91126162, 8.6189013, 9.5009451, 9.7111092, 9.9048891, 9.9505568, 9.9798069, 19.996435, 19.999069, 19.999523, 19.975185, 0.33618781, 0.34500867, 0.34711069, 0.34904879, 0.34950554, 0.34979808, 0.34998217, 0.34999534, 0.34999761, 0.34987593, 0.91126162
0.34485829, 1.0000000, 0.95963150, 9.3938246, 9.7402725, 9.8603735, 9.9629335, 9.9803905, 9.9913168, 19.998789, 19.999678, 19.999872, 19.986019, 0.34393436, 0.34740031, 0.34860250, 0.34962910, 0.34980378, 0.34991315, 0.34999394, 0.34999838, 0.34999937, 0.34993011, 0.95963150
0.35144681, 1.0000000, 0.98350281, 9.7645550, 9.8765554, 9.9364624, 9.9853144, 9.9926043, 9.9973125, 19.999773, 19.999939, 19.999971, 19.989990, 0.34764388, 0.34876454, 0.34936413, 0.34985307, 0.34992599, 0.34997311, 0.34999886, 0.34999970, 0.34999985, 0.34994996, 0.98350281
0.35464853, 1.0000000, 0.99510336, 9.9319487, 9.9607201, 9.9801731, 9.9959898, 9.9979935, 9.9993286, 19.999998, 19.999998, 19.999983, 19.990009, 0.34931907, 0.34960696, 0.34980160, 0.34995988, 0.34997994, 0.34999329, 0.34999999, 0.34999999, 0.34999990, 0.34995005, 0.99510336
0.35103250, 1.0000000, 0.98200166, 9.7902002, 9.8044558, 9.8972206, 9.9747095, 9.9872198, 9.9952297, 19.999481, 19.999863, 19.999945, 19.988003, 0.34790158, 0.34804434, 0.34897208, 0.34974706, 0.34987220, 0.34995228, 0.34999740, 0.34999931, 0.34999973, 0.34994000, 0.98200166
0.30896407, 1.0000000, 0.82957989, 7.1780443, 9.2738400, 9.5472727, 9.8113289, 9.8981733, 9.9565077, 19.991461, 19.997770, 19.998693, 19.964603, 0.32177967, 0.34273779, 0.34547243, 0.34811324, 0.34898171, 0.34956509, 0.34995729, 0.34998885, 0.34999347, 0.34982303, 0.82957989
0.24991168, 1.0000000, 0.61562204, 3.0046954, 9.1651707, 9.4441910, 9.6970348, 9.8224573, 9.9162149, 19.979841, 19.994694, 19.995325, 19.943035, 0.28004581, 0.34164962, 0.34444085, 0.34697014, 0.34822446, 0.34916213, 0.34989920, 0.34997347, 0.34997663, 0.34971517, 0.61562204
0.20405534, 1.0000000, 0.44947588, 1.3508439, 6.4252958, 9.3807831, 9.6270399, 9.7681732, 9.8819551, 19.966856, 19.991104, 19.989172, 19.924160, 0.26350775, 0.31425107, 0.34380642, 0.34627008, 0.34768158, 0.34881949, 0.34983426, 0.34995553, 0.34994584, 0.34962079, 0.44947588
0.34845793, 1.0000000, 0.97267365, 9.6012850, 9.8078976, 9.8992786, 9.9760542, 9.9879065, 9.9956026, 19.999622, 19.999903, 19.999142, 19.955954, 0.34600949, 0.34807691, 0.34899175, 0.34976032, 0.34987894, 0.34995601, 0.34999812, 0.34999952, 0.34999570, 0.34977978, 0.97267365
0.34579414, 1.0000000, 0.96302229, 9.5803270, 9.5918427, 9.7674732, 9.9332428, 9.9657269, 9.9867754, 19.998281, 19.999552, 19.999840, 19.985031, 0.34580284, 0.34591815, 0.34767461, 0.34933239, 0.34965727, 0.34986776, 0.34999141, 0.34999776, 0.34999919, 0.34992516, 0.96302229
0.32625860, 1.0000000, 0.89224124, 8.3537579, 9.3701153, 9.6077480, 9.8336048, 9.9096031, 9.9614601, 19.992693, 19.998091, 19.998583, 19.961842, 0.33353594, 0.34370005, 0.34607691, 0.34833592, 0.34909597, 0.34961456, 0.34996346, 0.34999046, 0.34999293, 0.34980920, 0.89224124
0.27822107, 1.0000000, 0.71819216, 4.9578929, 9.2822037, 9.5244436, 9.7445898, 9.8510809, 9.9305649, 19.984091, 19.995806, 19.995127, 19.940622, 0.29957774, 0.34282070, 0.34524375, 0.34744576, 0.34851074, 0.34930563, 0.34992045, 0.34997904, 0.34997565, 0.34970310, 0.71819216
0.32104963, 1.0000000, 0.87336820, 8.0594501, 9.2915192, 9.5197287, 9.7202005, 9.8277903, 9.9141369, 19.977867, 19.994053, 19.989098, 19.922249, 0.33059382, 0.34291470, 0.34519705, 0.34720194, 0.34827787, 0.34914136, 0.34988934, 0.34997028, 0.34994549, 0.34961125, 0.87336820
0.34364653, 1.0000000, 0.95524091, 9.3241243, 9.7162952, 9.8470583, 9.9607544, 9.9800634, 9.9925518, 19.999212, 19.999790, 19.999928, 19.988997, 0.34324005, 0.34716222, 0.34847018, 0.34960744, 0.34980062, 0.34992552, 0.34999606, 0.34999895, 0.34999964, 0.34994498, 0.95524091
0.27766484, 1.0000000, 0.71617687, 4.9716930, 9.2056694, 9.4911299, 9.7630024, 9.8691483, 9.9419422, 19.987137, 19.996626, 19.998451, 19.965483, 0.29971600, 0.34205568, 0.34491077, 0.34762990, 0.34869143, 0.34941939, 0.34993568, 0.34998313, 0.34999225, 0.34982741, 0.71617687
0.22031352, 1.0000000, 0.50838232, 2.2314043, 6.9170704, 9.3844643, 9.6424103, 9.7844019, 9.8948345, 19.972841, 19.992781, 19.994955, 19.943764, 0.27231258, 0.31916800, 0.34384280, 0.34642372, 0.34784383, 0.34894830, 0.34986421, 0.34996390, 0.34997478, 0.34971881, 0.50838232
0.20446891, 1.0000000, 0.45097426, 2.7332604, 4.1691670, 9.3899441, 9.6142559, 9.7540722, 9.8712797, 19.961878, 19.989603, 19.989006, 19.924810, 0.27733022, 0.29168946, 0.34389696, 0.34614205, 0.34754047, 0.34871271, 0.34980938, 0.34994802, 0.34994504, 0.34962404, 0.45097426
0.32786554, 1.0000000, 0.89806354, 8.5283098, 9.3299694, 9.5348225, 9.6964073, 9.7977142, 9.8872976, 19.960133, 19.988573, 19.980755, 19.909140, 0.33528271, 0.34329942, 0.34534812, 0.34696403, 0.34797713, 0.34887296, 0.34980065, 0.34994286, 0.34990376, 0.34954569, 0.89806354
0.35598004, 1.0000000, 0.99992770, 9.9992275, 9.9995375, 9.9997702, 9.9999514, 9.9999790, 9.9999933, 19.999998, 19.999998, 19.999996, 19.993994, 0.34999004, 0.34999403, 0.34999704, 0.34999940, 0.34999973, 0.34999990, 0.34999999, 0.34999999, 0.34999996, 0.34996998, 0.99992770
0.35381800, 1.0000000, 0.99209422, 9.9747839, 9.8904047, 9.7930994, 9.9352350, 9.9666891, 9.9871588, 19.998377, 19.999577, 19.999464, 19.970406, 0.34974742, 0.34890381, 0.34793088, 0.34935233, 0.34966689, 0.34987158, 0.34999189, 0.34999788, 0.34999731, 0.34985203, 0.99209422
0.30176598, 1.0000000, 0.80349994, 6.6588631, 9.2776175, 9.5371323, 9.7904749, 9.8849440, 9.9499245, 19.989866, 19.997347, 19.996883, 19.948318, 0.31658831, 0.34277591, 0.34537116, 0.34790471, 0.34884945, 0.34949926, 0.34994933, 0.34998673, 0.34998441, 0.34974158, 0.80349994
0.23922504, 1.0000000, 0.57690233, 2.9480367, 7.9924240, 9.4071398, 9.6632824, 9.7993784, 9.9035692, 19.976202, 19.993696, 19.991402, 19.928694, 0.27947861, 0.32992136, 0.34406969, 0.34663248, 0.34799361, 0.34903562, 0.34988099, 0.34996849, 0.34995702, 0.34964347, 0.57690233
0.20077813, 1.0000000, 0.43760186, 1.4379501, 5.8949184, 9.3648462, 9.6105318, 9.7550049, 9.8733406, 19.963463, 19.990019, 19.983063, 19.912176, 0.26437843, 0.30894652, 0.34364635, 0.34610486, 0.34754983, 0.34873334, 0.34981731, 0.34995010, 0.34991533, 0.34956089, 0.43760186
0.15797609, 0.94164610, 0.28252208, 0.10805726, 2.9675345, 9.3244066, 9.5740480, 9.7248802, 9.8523798, 19.951759, 19.986017, 19.971998, 19.898790, 0.25108048, 0.27967384, 0.34324175, 0.34574002, 0.34724855, 0.34852371, 0.34975880, 0.34993008, 0.34985998, 0.34949395, 0.28252208
0.14017552, 0.72668469, 0.21802722, 0.0000000, 1.8843323, 7.5612302, 9.5407429, 9.7005100, 9.8371277, 19.941828, 19.981504, 19.958923, 19.888319, 0.24999577, 0.26884127, 0.32560816, 0.34540638, 0.34700456, 0.34837109, 0.34970915, 0.34990752, 0.34979463, 0.34944159, 0.21802722
0.12630828, 0.55922282, 0.16778363, 0.0000000, 1.0273039, 5.9301105, 9.5266829, 9.6890106, 9.8288355, 19.933098, 19.975924, 19.944759, 19.880306, 0.24999577, 0.26027107, 0.30929542, 0.34526500, 0.34688917, 0.34828803, 0.34966549, 0.34987962, 0.34972379, 0.34940153, 0.16778363
0.11150077, 0.38040599, 0.11413321, 0.0000000, 0.19719303, 4.0299358, 9.4665880, 9.6496592, 9.8082056, 19.922935, 19.968147, 19.930302, 19.874266, 0.24999577, 0.25197142, 0.29029432, 0.34466353, 0.34649539, 0.34808165, 0.34961468, 0.34984073, 0.34965152, 0.34937131, 0.11413321
0.10346557, 0.28337225, 0.85020177E-1, 0.0000000, 0.0000000, 2.6037245, 8.8870249, 9.6108475, 9.7878046, 19.914736, 19.958941, 19.916664, 19.869810, 0.24999577, 0.24994278, 0.27603331, 0.33886757, 0.34610701, 0.34787753, 0.34957367, 0.34979469, 0.34958333, 0.34934905, 0.85020177E-1
0.98631226E-1, 0.22499233, 0.67504451E-1, 0.0000000, 0.0000000, 1.6625136, 7.7735147, 9.5784140, 9.7690287, 19.907120, 19.948116, 19.904390, 19.866552, 0.24999577, 0.24994278, 0.26662198, 0.32773218, 0.34578231, 0.34768966, 0.34953558, 0.34974056, 0.34952193, 0.34933275, 0.67504451E-1
0.93897462E-1, 0.16782700, 0.50353136E-1, 0.0000000, 0.0000000, 0.80425739, 6.3839245, 9.5158958, 9.7358513, 19.898697, 19.935801, 19.893785, 19.864189, 0.24999577, 0.24994278, 0.25804061, 0.31383613, 0.34515664, 0.34735772, 0.34949347, 0.34967899, 0.34946892, 0.34932095, 0.50353136E-1
0.90295121E-1, 0.12432481, 0.37301175E-1, 0.0000000, 0.0000000, 0.23327470, 4.9105353, 9.4790344, 9.7140856, 19.890793, 19.923084, 19.885015, 19.862495, 0.24999577, 0.24994278, 0.25233126, 0.29909903, 0.34478426, 0.34713876, 0.34945396, 0.34961542, 0.34942508, 0.34931248, 0.37301175E-1
0.16503613, 1.0000000, 0.30810192, 1.7928779, 2.3566394, 6.7677593, 8.9804029, 9.6439047, 9.7889109, 19.887341, 19.911837, 19.878271, 19.861357, 0.26792234, 0.27356133, 0.31767032, 0.33980209, 0.34643802, 0.34788877, 0.34943670, 0.34955919, 0.34939134, 0.34930679, 0.30810192
0.35596502, 1.0000000, 0.99987322, 9.9990692, 9.9994421, 9.9997225, 9.9999428, 9.9999723, 9.9999905, 19.999998, 19.999998, 19.999998, 19.994993, 0.34998256, 0.34998953, 0.34999478, 0.34999895, 0.34999949, 0.34999982, 0.34999999, 0.34999999, 0.34999999, 0.34997496, 0.99987322
0.35546243, 1.0000000, 0.99805236, 9.9998589, 9.9971848, 9.8850241, 9.9713078, 9.9854803, 9.9946318, 19.999468, 19.999863, 19.999945, 19.988003, 0.34999570, 0.34997010, 0.34884939, 0.34971291, 0.34985471, 0.34994629, 0.34999734, 0.34999931, 0.34999973, 0.34994000, 0.99805236
0.31935626, 1.0000000, 0.86723274, 7.7954330, 9.4326105, 9.6633883, 9.8814888, 9.9377804, 9.9742918, 19.995321, 19.998783, 19.999636, 19.983984, 0.32795352, 0.34432551, 0.34663358, 0.34881485, 0.34937778, 0.34974292, 0.34997660, 0.34999391, 0.34999818, 0.34991992, 0.86723274
0.30397248, 1.0000000, 0.81149441, 6.7721844, 9.3253956, 9.5854435, 9.8350315, 9.9117413, 9.9623880, 19.992414, 19.998032, 19.999382, 19.981979, 0.31772032, 0.34325272, 0.34585378, 0.34835020, 0.34911734, 0.34962386, 0.34996206, 0.34999016, 0.34999692, 0.34990990, 0.81149441
0.23906980, 1.0000000, 0.57633984, 2.8136373, 8.1928968, 9.4117603, 9.6787310, 9.8122435, 9.9118681, 19.978889, 19.994440, 19.997368, 19.958855, 0.27813503, 0.33192661, 0.34411624, 0.34678704, 0.34812227, 0.34911862, 0.34989446, 0.34997219, 0.34998685, 0.34979427, 0.57633984
0.20043932, 1.0000000, 0.43637431, 1.5462905, 5.6574025, 9.3897572, 9.6395473, 9.7758780, 9.8872633, 19.970207, 19.991983, 19.993538, 19.937967, 0.26546049, 0.30656874, 0.34389320, 0.34639457, 0.34775832, 0.34887248, 0.34985104, 0.34995991, 0.34996769, 0.34968984, 0.43637431
0.16367066, 1.0000000, 0.30315453, 0.44645667, 3.0787652, 9.3417749, 9.6004820, 9.7452812, 9.8669958, 19.961384, 19.989328, 19.986900, 19.919943, 0.25446418, 0.28078601, 0.34341526, 0.34600431, 0.34745255, 0.34866986, 0.34980690, 0.34994665, 0.34993452, 0.34959972, 0.30315453
0.14143664, 0.74191421, 0.22259653, 0.0000000, 1.9472092, 7.7362804, 9.5545225, 9.7122240, 9.8464737, 19.951067, 19.985893, 19.977207, 19.905041, 0.24995294, 0.26946899, 0.32735664, 0.34554371, 0.34712148, 0.34846446, 0.34975535, 0.34992945, 0.34988603, 0.34952521, 0.22259653
0.12585688, 0.55377162, 0.16614810, 0.0000000, 0.99356771, 5.8933644, 9.5079670, 9.6795607, 9.8273439, 19.940886, 19.981718, 19.965040, 19.893127, 0.24995294, 0.25993359, 0.30892745, 0.34507766, 0.34679461, 0.34827310, 0.34970444, 0.34990859, 0.34982520, 0.34946564, 0.16614810
0.11244569, 0.39181697, 0.11755685, 0.0000000, 0.25578141, 4.1361556, 9.4847651, 9.6615114, 9.8153696, 19.931787, 19.976658, 19.951290, 19.883970, 0.24995294, 0.25255701, 0.29135513, 0.34484470, 0.34661362, 0.34815320, 0.34965894, 0.34988329, 0.34975645, 0.34941986, 0.11755685
0.10470728, 0.29836723, 0.89519121E-1, 0.0000000, 0.0000000, 2.8583140, 9.0989256, 9.6454258, 9.8057270, 19.924051, 19.970331, 19.936974, 19.877039, 0.24995294, 0.24999589, 0.27856976, 0.34098074, 0.34644973, 0.34805575, 0.34962025, 0.34985167, 0.34968486, 0.34938520, 0.89519121E-1
0.10015103, 0.24334565, 0.73010996E-1, 0.0000000, 0.0000000, 1.9564778, 8.1302519, 9.6012487, 9.7837524, 19.916397, 19.962196, 19.922964, 19.871870, 0.24995294, 0.24999589, 0.26955348, 0.33129314, 0.34600693, 0.34783563, 0.34958199, 0.34981099, 0.34961483, 0.34935933, 0.73010996E-1
0.96702665E-1, 0.20170285, 0.60516905E-1, 0.0000000, 0.0000000, 1.3071775, 7.2089353, 9.6017437, 9.7811804, 19.911058, 19.952826, 19.910200, 19.868111, 0.24995294, 0.24999589, 0.26306626, 0.32208326, 0.34601337, 0.34781045, 0.34955528, 0.34976414, 0.34955099, 0.34934056, 0.60516905E-1
0.35236126, 1.0000000, 0.98681617, 9.8139534, 9.8989973, 9.9483671, 9.9889078, 9.9944382, 9.9980717, 19.999933, 19.999981, 19.999983, 19.990009, 0.34813482, 0.34898710, 0.34948224, 0.34988877, 0.34994423, 0.34998065, 0.34999967, 0.34999990, 0.34999990, 0.34995005, 0.98681617
0.33751166, 1.0000000, 0.93301308, 9.0505199, 9.5101910, 9.7038240, 9.9054880, 9.9509163, 9.9809828, 19.997627, 19.999378, 19.999237, 19.966581, 0.34050393, 0.34510109, 0.34703782, 0.34905478, 0.34950915, 0.34980983, 0.34998813, 0.34999689, 0.34999618, 0.34983289, 0.93301308
0.29326671, 1.0000000, 0.77270538, 6.0354338, 9.2859039, 9.5465269, 9.7916508, 9.8846893, 9.9497938, 19.990206, 19.997429, 19.996353, 19.944878, 0.31035221, 0.34285703, 0.34546426, 0.34791631, 0.34884676, 0.34949791, 0.34995103, 0.34998715, 0.34998176, 0.34972438, 0.77270538
0.23641603, 1.0000000, 0.56672472, 2.8929174, 7.7416854, 9.4112463, 9.6721954, 9.8051605, 9.9075890, 19.978819, 19.994364, 19.990582, 19.925770, 0.27892753, 0.32741421, 0.34411088, 0.34672162, 0.34805143, 0.34907582, 0.34989411, 0.34997183, 0.34995291, 0.34962887, 0.56672472
0.18680537, 1.0000000, 0.38697591, 1.2048662, 4.6150680, 9.3307076, 9.5955534, 9.7470121, 9.8716459, 19.966358, 19.990742, 19.981777, 19.909779, 0.26204717, 0.29614729, 0.34330362, 0.34595484, 0.34746975, 0.34871635, 0.34983179, 0.34995371, 0.34990889, 0.34954888, 0.38697591
0.15443315, 0.89886111, 0.26968530, 0.16411245, 2.7828188, 8.6480923, 9.5873604, 9.7336531, 9.8584213, 19.957508, 19.987495, 19.970522, 19.896919, 0.25164083, 0.27782515, 0.33647621, 0.34587255, 0.34733599, 0.34858403, 0.34978753, 0.34993747, 0.34985262, 0.34948459, 0.26968530
0.13913217, 0.71408516, 0.21424697, 0.0000000, 1.9152164, 7.2378592, 9.5753365, 9.7230167, 9.8495722, 19.949087, 19.983383, 19.957289, 19.886892, 0.24998355, 0.26915005, 0.32237458, 0.34575233, 0.34722963, 0.34849554, 0.34974545, 0.34991691, 0.34978646, 0.34943447, 0.21424697
0.12754300, 0.57413352, 0.17225727, 0.0000000, 1.1949956, 5.8834476, 9.5614748, 9.7132692, 9.8434076, 19.942184, 19.978251, 19.943148, 19.879286, 0.24998355, 0.26194704, 0.30882734, 0.34561241, 0.34713149, 0.34843370, 0.34971091, 0.34989125, 0.34971574, 0.34939644, 0.17225727
0.11804039, 0.45937905, 0.13782750, 0.13390481, 0.56789219, 4.4033628, 9.5356617, 9.6954784, 9.8342314, 19.936485, 19.971645, 19.929073, 19.873602, 0.25133827, 0.25567698, 0.29402608, 0.34535334, 0.34695312, 0.34834173, 0.34968242, 0.34985822, 0.34964538, 0.34936801, 0.13782750
0.10961358, 0.35761613, 0.10729557, 0.0000000, 0.27581751, 3.3898203, 9.5670137, 9.7147617, 9.8433504, 19.935202, 19.964369, 19.916103, 19.869482, 0.24998382, 0.25275663, 0.28388861, 0.34566471, 0.34714487, 0.34843257, 0.34967601, 0.34982184, 0.34958053, 0.34934741, 0.10729557
0.10287111, 0.27619344, 0.82866319E-1, 0.0000000, 0.0000000, 2.4318666, 8.9981737, 9.6612959, 9.8188343, 19.929430, 19.954247, 19.904207, 19.866394, 0.24998382, 0.24990429, 0.27431443, 0.33997861, 0.34661126, 0.34818777, 0.34964716, 0.34977123, 0.34952104, 0.34933197, 0.82866319E-1
0.10104927, 0.25419277, 0.76265454E-1, 0.0000000, 0.0000000, 2.0850091, 8.5056143, 9.7076921, 9.8372126, 19.927816, 19.943951, 19.894306, 19.864223, 0.24998382, 0.24990429, 0.27084643, 0.33505315, 0.34707522, 0.34837157, 0.34963909, 0.34971976, 0.34947154, 0.34932113, 0.76265454E-1
0.98693214E-1, 0.22574091, 0.67729048E-1, 0.0000000, 0.0000000, 1.6352296, 7.9210076, 9.6855974, 9.8283911, 19.922840, 19.932184, 19.885923, 19.862637, 0.24998382, 0.24990429, 0.26634964, 0.32920751, 0.34685439, 0.34828338, 0.34961420, 0.34966093, 0.34942961, 0.34931320, 0.67729048E-1
0.10983552, 0.36029640, 0.10809973, 0.96331239, 0.0000000, 1.2369633, 7.3198886, 9.6782541, 9.8230820, 19.916357, 19.920137, 19.879128, 19.861485, 0.25963157, 0.24990429, 0.26236904, 0.32319817, 0.34678206, 0.34823066, 0.34958178, 0.34960067, 0.34939563, 0.34930742, 0.10809973
0.13092339, 0.61495537, 0.18450506, 1.3443559, 2.0902872, 0.96650124, 6.8708777, 9.7068844, 9.8333502, 19.908543, 19.908466, 19.873718, 19.860649, 0.26344252, 0.27090192, 0.25966480, 0.31870845, 0.34706861, 0.34833342, 0.34954271, 0.34954232, 0.34936860, 0.34930325, 0.18450506
0.10884866, 0.34837896, 0.10452414, 0.32393634, 1.3139963, 0.68702698, 6.3835750, 9.6977224, 9.8290234, 19.899916, 19.897751, 19.869532, 19.860050, 0.25323865, 0.26313823, 0.25686982, 0.31383491, 0.34697658, 0.34829003, 0.34949958, 0.34948877, 0.34934765, 0.34930027, 0.10452414
0.14280170, 0.75839865, 0.22754236, 1.7984718, 2.1071434, 2.4450688, 6.0714860, 9.7402105, 9.8472118, 19.895107, 19.889450, 19.866604, 19.859697, 0.26798216, 0.27106965, 0.27444965, 0.31071436, 0.34740168, 0.34847197, 0.34947553, 0.34944725, 0.34933302, 0.34929848, 0.22754236
0.11847250, 0.46459723, 0.13939311, 0.63554049, 1.3633102, 2.0172505, 5.6581402, 9.7167377, 9.8355980, 19.884678, 19.881088, 19.864058, 19.859346, 0.25635451, 0.26363197, 0.27017167, 0.30658093, 0.34716696, 0.34835583, 0.34942338, 0.34940544, 0.34932029, 0.34929675, 0.13939311
0.11264116, 0.39417744, 0.11826506, 0.43325126, 1.1076033, 1.8437475, 5.3917880, 9.7524996, 9.8507242, 19.881033, 19.875805, 19.862564, 19.859251, 0.25433156, 0.26107457, 0.26843625, 0.30391717, 0.34752434, 0.34850702, 0.34940517, 0.34937903, 0.34931281, 0.34929627, 0.11826506
0.11124472, 0.37731391, 0.11320550, 0.55450797, 0.85429549, 1.6581357, 5.1425428, 9.7563419, 9.8532391, 19.876825, 19.871445, 19.861433, 19.859194, 0.25554407, 0.25854200, 0.26658043, 0.30142486, 0.34756288, 0.34853220, 0.34938413, 0.34935722, 0.34930718, 0.34929597, 0.11320550
0.97031713E-1, 0.20567642, 0.61709099E-1, 0.0000000, 0.32436848, 1.2350529, 4.6737337, 9.6833191, 9.8204165, 19.867872, 19.866701, 19.860308, 19.859051, 0.24993972, 0.25324306, 0.26234931, 0.29673642, 0.34683225, 0.34820384, 0.34933937, 0.34933349, 0.34930155, 0.34929526, 0.61709099E-1
0.13992047, 0.72360480, 0.21710315, 1.7014474, 2.0674706, 2.5185406, 4.2625036, 9.6965446, 9.8216867, 19.862448, 19.863579, 19.859615, 19.858963, 0.26701263, 0.27067336, 0.27518457, 0.29262477, 0.34696510, 0.34821674, 0.34931225, 0.34931791, 0.34929806, 0.34929481, 0.21710315
0.14634445, 0.80118144, 0.24037847, 1.8680483, 2.4093568, 2.4594843, 6.1163039, 9.7067919, 9.8223705, 19.855730, 19.860638, 19.859009, 19.858828, 0.26867834, 0.27409190, 0.27459398, 0.31116262, 0.34706759, 0.34822360, 0.34927866, 0.34930319, 0.34929505, 0.34929413, 0.24037847
0.11656319, 0.44154033, 0.13247535, 0.48840046, 1.4323860, 1.9272327, 5.5886436, 9.6745815, 9.8063545, 19.847939, 19.857773, 19.858366, 19.858709, 0.25488353, 0.26432306, 0.26927179, 0.30588612, 0.34674555, 0.34806344, 0.34923971, 0.34928888, 0.34929183, 0.34929353, 0.13247535
0.18280879, 1.0000000, 0.37249556, 2.3777514, 2.8484490, 8.1527605, 8.8379173, 9.6496811, 9.7925892, 19.841904, 19.855574, 19.857872, 19.858616, 0.27377507, 0.27848274, 0.33152506, 0.33837864, 0.34649652, 0.34792581, 0.34920952, 0.34927785, 0.34928936, 0.34929308, 0.37249556
0.19536245, 1.0000000, 0.41797990, 2.2988052, 3.8446555, 9.3072481, 9.5420713, 9.7065926, 9.8149061, 19.840391, 19.854748, 19.857706, 19.858646, 0.27298781, 0.28844631, 0.34307221, 0.34542066, 0.34706590, 0.34814906, 0.34920195, 0.34927374, 0.34928852, 0.34929323, 0.41797990
0.29304463, 1.0000000, 0.77190077, 6.0784693, 9.2293510, 9.5039196, 9.6603622, 9.7603598, 9.8388662, 19.842619, 19.855062, 19.857819, 19.858709, 0.31078434, 0.34229317, 0.34503901, 0.34660360, 0.34760356, 0.34838867, 0.34921309, 0.34927532, 0.34928909, 0.34929353, 0.77190077
0.24740531, 1.0000000, 0.60654092, 2.9172182, 9.0104790, 9.4573936, 9.6512918, 9.7564640, 9.8371859, 19.840113, 19.854193, 19.857634, 19.858658, 0.27917197, 0.34010443, 0.34457374, 0.34651288, 0.34756461, 0.34837186, 0.34920055, 0.34927097, 0.34928817, 0.34929329, 0.60654092
0.23568553, 1.0000000, 0.56407797, 2.9110670, 7.6371479, 9.4034710, 9.6171541, 9.7360420, 9.8272381, 19.835909, 19.852957, 19.857342, 19.858616, 0.27910969, 0.32636994, 0.34403375, 0.34617135, 0.34736034, 0.34827235, 0.34917954, 0.34926480, 0.34928671, 0.34929308, 0.56407797
0.23414801, 1.0000000, 0.55850726, 2.6400566, 7.9153652, 9.3804607, 9.6105833, 9.7316227, 9.8254614, 19.835070, 19.852623, 19.857300, 19.858635, 0.27640012, 0.32915285, 0.34380412, 0.34610575, 0.34731618, 0.34825459, 0.34917533, 0.34926313, 0.34928650, 0.34929317, 0.55850726
0.35599905, 1.0000000, 0.99999660, 9.9999990, 9.9999990, 9.9999990, 9.9999990, 9.9999990, 9.9999990, 19.999998, 19.999998, 19.999998, 19.998999, 0.34999952, 0.34999973, 0.34999985, 0.34999996, 0.34999999, 0.34999999, 0.34999999, 0.34999999, 0.34999999, 0.34999499, 0.99999660
0.33071893, 1.0000000, 0.90840197, 8.5260744, 9.5461369, 9.7394495, 9.9185467, 9.9578457, 9.9832315, 19.997406, 19.999319, 19.999582, 19.975210, 0.33525258, 0.34545588, 0.34739169, 0.34918490, 0.34957814, 0.34983224, 0.34998703, 0.34999660, 0.34999791, 0.34987605, 0.90840197
0.28920680, 1.0000000, 0.75799561, 5.7114434, 9.3236485, 9.5713816, 9.8025417, 9.8909349, 9.9516401, 19.989443, 19.997232, 19.997478, 19.952694, 0.30710566, 0.34322789, 0.34570941, 0.34802452, 0.34890890, 0.34951624, 0.34994721, 0.34998617, 0.34998739, 0.34976345, 0.75799561
0.25269926, 1.0000000, 0.62572181, 3.0972824, 9.2962170, 9.5355911, 9.7492247, 9.8520031, 9.9296026, 19.982859, 19.995457, 19.993080, 19.932590, 0.28096834, 0.34295410, 0.34535179, 0.34749141, 0.34851962, 0.34929588, 0.34991428, 0.34997728, 0.34996539, 0.34966296, 0.62572181
0.35599732, 1.0000000, 0.99999028, 9.9999990, 9.9999990, 9.9999990, 9.9999990, 9.9999990, 9.9999990, 19.999998, 19.999998, 19.999998, 19.998999, 0.34999865, 0.34999919, 0.34999961, 0.34999990, 0.34999996, 0.34999999, 0.34999999, 0.34999999, 0.34999999, 0.34999499, 0.99999028
0.35599726, 1.0000000, 0.99999011, 9.9999990, 9.9999990, 9.9999990, 9.9999962, 9.9999990, 9.9999990, 19.999998, 19.999998, 19.999996, 19.991758, 0.34999862, 0.34999919, 0.34999958, 0.34999987, 0.34999996, 0.34999999, 0.34999999, 0.34999999, 0.34999996, 0.34995878, 0.99999011
0.33295923, 1.0000000, 0.91651887, 8.7818785, 9.4325151, 9.6622725, 9.8766260, 9.9350204, 9.9725304, 19.994410, 19.998539, 19.999086, 19.968191, 0.33781832, 0.34432486, 0.34662259, 0.34876624, 0.34935018, 0.34972531, 0.34997204, 0.34999269, 0.34999543, 0.34984094, 0.91651887
0.28429139, 1.0000000, 0.74018615, 5.4049573, 9.2691059, 9.5259800, 9.7619381, 9.8649502, 9.9378748, 19.985062, 19.996065, 19.996218, 19.946283, 0.30404097, 0.34268221, 0.34525523, 0.34761846, 0.34864902, 0.34937862, 0.34992531, 0.34998032, 0.34998110, 0.34973142, 0.74018615
0.24072027, 1.0000000, 0.58231980, 2.9354424, 8.1614485, 9.4644499, 9.6963100, 9.8164425, 9.9099588, 19.976345, 19.993673, 19.990801, 19.927023, 0.27935171, 0.33160999, 0.34464186, 0.34696257, 0.34816417, 0.34909949, 0.34988171, 0.34996837, 0.34995401, 0.34963512, 0.58231980
0.35518944, 1.0000000, 0.99706316, 9.9999104, 9.9974241, 9.8797121, 9.7480040, 9.8384228, 9.9150314, 19.974667, 19.992949, 19.982962, 19.910982, 0.34999773, 0.34997341, 0.34879670, 0.34747994, 0.34838420, 0.34915030, 0.34987333, 0.34996474, 0.34991482, 0.34955490, 0.99706316
0.35599917, 1.0000000, 0.99999702, 9.9999990, 9.9999990, 9.9999990, 9.9999990, 9.9999990, 9.9999990, 19.999998, 19.999998, 19.999998, 19.998999, 0.34999958, 0.34999976, 0.34999987, 0.34999996, 0.34999999, 0.34999999, 0.34999999, 0.34999999, 0.34999999, 0.34999499, 0.99999702
0.35599756, 1.0000000, 0.99999106, 9.9999161, 9.9999485, 9.9999723, 9.9999933, 9.9999962, 9.9999990, 19.999998, 19.999998, 19.999998, 19.997997, 0.34999877, 0.34999925, 0.34999961, 0.34999990, 0.34999996, 0.34999999, 0.34999999, 0.34999999, 0.34999999, 0.34998998, 0.99999106
0.35599762, 1.0000000, 0.99999130, 9.9999189, 9.9999514, 9.9999752, 9.9999933, 9.9999990, 9.9999990, 19.999998, 19.999998, 19.999998, 19.996996, 0.34999880, 0.34999928, 0.34999964, 0.34999990, 0.34999999, 0.34999999, 0.34999999, 0.34999999, 0.34999999, 0.34998497, 0.99999130
0.35557228, 1.0000000, 0.99845028, 9.9786987, 9.9873695, 9.9936609, 9.9987240, 9.9993649, 9.9997911, 19.999998, 19.999998, 19.999990, 19.991999, 0.34978619, 0.34987321, 0.34993637, 0.34998718, 0.34999362, 0.34999791, 0.34999999, 0.34999999, 0.34999996, 0.34996000, 0.99845028
0.32878268, 1.0000000, 0.90138650, 8.4138603, 9.5116987, 9.7139854, 9.9062901, 9.9511824, 9.9805374, 19.997030, 19.999224, 19.999289, 19.968466, 0.33413818, 0.34511667, 0.34713972, 0.34906286, 0.34951180, 0.34980538, 0.34998515, 0.34999612, 0.34999645, 0.34984234, 0.90138650
0.35598958, 1.0000000, 0.99996215, 9.9995222, 9.9997101, 9.9998531, 9.9999695, 9.9999876, 9.9999962, 19.999998, 19.999998, 19.999998, 19.994993, 0.34999481, 0.34999683, 0.34999841, 0.34999967, 0.34999987, 0.34999996, 0.34999999, 0.34999999, 0.34999999, 0.34997496, 0.99996215
0.35599637, 1.0000000, 0.99998677, 9.9998589, 9.9999189, 9.9999542, 9.9999876, 9.9999990, 9.9999962, 19.999998, 19.999998, 19.999998, 19.995995, 0.34999818, 0.34999892, 0.34999943, 0.34999985, 0.34999999, 0.34999996, 0.34999999, 0.34999999, 0.34999999, 0.34997997, 0.99998677
0.35599720, 1.0000000, 0.99998987, 9.9999037, 9.9999456, 9.9999695, 9.9999933, 9.9999990, 9.9999990, 19.999998, 19.999998, 19.999998, 19.996996, 0.34999859, 0.34999919, 0.34999955, 0.34999990, 0.34999999, 0.34999999, 0.34999999, 0.34999999, 0.34999999, 0.34998497, 0.99998987
0.33851480, 1.0000000, 0.93664783, 9.0269175, 9.6231785, 9.7891197, 9.9412518, 9.9699078, 9.9886131, 19.998718, 19.999664, 19.999699, 19.976109, 0.34026873, 0.34623152, 0.34789106, 0.34941247, 0.34969908, 0.34988612, 0.34999359, 0.34999833, 0.34999850, 0.34988055, 0.93664783
0.35584402, 1.0000000, 0.99943489, 9.9922609, 9.9953747, 9.9976940, 9.9995346, 9.9997730, 9.9999275, 19.999998, 19.999998, 19.999989, 19.991005, 0.34992218, 0.34995347, 0.34997684, 0.34999532, 0.34999773, 0.34999928, 0.34999999, 0.34999999, 0.34999993, 0.34995502, 0.99943489
0.33854485, 1.0000000, 0.93675655, 9.0735807, 9.5682058, 9.7547398, 9.9268284, 9.9623013, 9.9852724, 19.997942, 19.999462, 19.999836, 19.986019, 0.34073493, 0.34568152, 0.34754714, 0.34926823, 0.34962299, 0.34985274, 0.34998971, 0.34999731, 0.34999919, 0.34993011, 0.93675655
0.27931598, 1.0000000, 0.72215933, 5.0709310, 9.2311344, 9.5062590, 9.7699890, 9.8723755, 9.9444351, 19.989079, 19.997131, 19.998411, 19.962727, 0.30070865, 0.34231064, 0.34506223, 0.34769979, 0.34872374, 0.34944436, 0.34994540, 0.34998566, 0.34999207, 0.34981364, 0.72215933
0.22963208, 1.0000000, 0.54214519, 2.5923638, 7.4150748, 9.4257898, 9.6784105, 9.8076048, 9.9091854, 19.980240, 19.994772, 19.995043, 19.941399, 0.27592251, 0.32414883, 0.34425667, 0.34678388, 0.34807593, 0.34909183, 0.34990120, 0.34997386, 0.34997523, 0.34970701, 0.54214519
0.19571748, 1.0000000, 0.41926622, 1.5269816, 5.1073885, 9.4092989, 9.6517000, 9.7820024, 9.8905745, 19.973703, 19.992897, 19.989103, 19.922899, 0.26526856, 0.30107138, 0.34409070, 0.34651652, 0.34781978, 0.34890565, 0.34986851, 0.34996450, 0.34994552, 0.34961450, 0.41926622
0.30403525, 1.0000000, 0.81172180, 7.0800962, 8.9299603, 9.4200525, 9.6487579, 9.7746658, 9.8824329, 19.968847, 19.991209, 19.980362, 19.907537, 0.32079688, 0.33929655, 0.34419888, 0.34648725, 0.34774649, 0.34882426, 0.34984425, 0.34995604, 0.34990180, 0.34953767, 0.81172180
0.25371730, 1.0000000, 0.62941056, 3.2654240, 9.1957121, 9.4453087, 9.6604748, 9.7793255, 9.8811235, 19.963879, 19.988956, 19.969019, 19.895220, 0.28265399, 0.34195673, 0.34445289, 0.34660473, 0.34779322, 0.34881124, 0.34981939, 0.34994477, 0.34984511, 0.34947610, 0.62941056
0.22433743, 1.0000000, 0.52296168, 2.1206589, 7.5458837, 9.4631062, 9.6715164, 9.7849426, 9.8821316, 19.959677, 19.985949, 19.955896, 19.885668, 0.27120456, 0.32545450, 0.34462836, 0.34671459, 0.34784916, 0.34882122, 0.34979838, 0.34992975, 0.34977949, 0.34942836, 0.52296168
0.20748729, 1.0000000, 0.46191046, 1.9996941, 5.7179914, 9.4509277, 9.6711235, 9.7849922, 9.8821545, 19.956520, 19.981848, 19.941963, 19.878447, 0.26999614, 0.30717856, 0.34450814, 0.34671098, 0.34784979, 0.34882152, 0.34978259, 0.34990925, 0.34970981, 0.34939224, 0.46191046
0.17841874, 1.0000000, 0.35658962, 1.0874778, 3.7533400, 9.4068241, 9.6446247, 9.7694006, 9.8743858, 19.951342, 19.975449, 19.927967, 19.873011, 0.26087400, 0.28753176, 0.34406617, 0.34644583, 0.34769380, 0.34874380, 0.34975672, 0.34987724, 0.34963983, 0.34936506, 0.35658962
0.15282552, 0.87944722, 0.26386055, 0.27515590, 2.5101514, 8.4282980, 9.6108446, 9.7475777, 9.8634596, 19.946024, 19.967066, 19.914862, 19.869011, 0.25275123, 0.27509969, 0.33427995, 0.34610775, 0.34747541, 0.34863448, 0.34973013, 0.34983534, 0.34957430, 0.34934506, 0.26386055
0.13939594, 0.71727055, 0.21520269, 0.0000000, 1.9198686, 7.2804966, 9.6192970, 9.7506771, 9.8636351, 19.942616, 19.957443, 19.903355, 19.866123, 0.24999763, 0.26919594, 0.32279977, 0.34619159, 0.34750608, 0.34863612, 0.34971309, 0.34978721, 0.34951678, 0.34933060, 0.21520269
0.13049787, 0.60981673, 0.18296331, 0.0000000, 1.3969928, 6.1782718, 9.6138086, 9.7471485, 9.8615541, 19.938564, 19.946386, 19.893499, 19.864029, 0.24999082, 0.26396787, 0.31177819, 0.34613669, 0.34747076, 0.34861529, 0.34969282, 0.34973192, 0.34946749, 0.34932014, 0.18296331
0.12034182, 0.48717135, 0.14616603, 0.0000000, 0.83718896, 4.8565726, 9.5694113, 9.7198563, 9.8488159, 19.932701, 19.934250, 19.885298, 19.862513, 0.24999082, 0.25837052, 0.29856175, 0.34569257, 0.34719774, 0.34848788, 0.34966350, 0.34967124, 0.34942648, 0.34931257, 0.14616603
0.11216043, 0.38837209, 0.11652328, 0.0000000, 0.42854249, 3.6982598, 9.5679417, 9.7163925, 9.8449173, 19.926317, 19.922110, 19.878710, 19.861425, 0.24999082, 0.25428468, 0.28697935, 0.34567770, 0.34716305, 0.34844887, 0.34963158, 0.34961054, 0.34939355, 0.34930712, 0.11652328
0.10665633, 0.32190412, 0.96580893E-1, 0.0000000, 0.16167760, 2.9430060, 9.3629026, 9.7203035, 9.8456621, 19.920219, 19.910828, 19.873619, 19.860668, 0.24999082, 0.25161642, 0.27942693, 0.34362704, 0.34720200, 0.34845626, 0.34960109, 0.34955412, 0.34936810, 0.34930333, 0.96580893E-1
0.10273574, 0.27455881, 0.82375884E-1, 0.0000000, 0.0000000, 2.4312615, 8.8130713, 9.7033281, 9.8377180, 19.913349, 19.900543, 19.869696, 19.860134, 0.24999082, 0.24999955, 0.27430919, 0.33812824, 0.34703192, 0.34837669, 0.34956676, 0.34950271, 0.34934849, 0.34930068, 0.82375884E-1
0.10080624, 0.25125790, 0.75384907E-1, 0.0000000, 0.0000000, 2.0604849, 8.3317928, 9.7123051, 9.8398609, 19.906315, 19.891649, 19.866739, 19.859758, 0.24999082, 0.24999955, 0.27060148, 0.33331519, 0.34712148, 0.34839809, 0.34953159, 0.34945825, 0.34933370, 0.34929878, 0.75384907E-1
0.98750293E-1, 0.22643015, 0.67935839E-1, 0.0000000, 0.0000000, 1.6678452, 7.8185596, 9.6999216, 9.8321266, 19.896208, 19.883408, 19.864323, 19.859434, 0.24998169, 0.24999955, 0.26667660, 0.32818386, 0.34699816, 0.34832090, 0.34948105, 0.34941703, 0.34932160, 0.34929717, 0.67935839E-1
0.96362785E-1, 0.19759841, 0.59285454E-1, 0.0000000, 0.0000000, 1.2243390, 7.1794181, 9.6650000, 9.8135586, 19.884975, 19.876198, 19.862415, 19.859211, 0.24998169, 0.24999955, 0.26223221, 0.32178107, 0.34664118, 0.34813261, 0.34942487, 0.34938100, 0.34931207, 0.34929606, 0.59285454E-1
0.10073413, 0.25038719, 0.75123668E-1, 0.37976205, 0.0000000, 1.0793567, 6.8250365, 9.7296801, 9.8386393, 19.879494, 19.871595, 19.861298, 19.859144, 0.25379112, 0.24999955, 0.26078802, 0.31824332, 0.34729180, 0.34838471, 0.34939748, 0.34935796, 0.34930649, 0.34929574, 0.75123668E-1
0.94622485E-1, 0.17658240, 0.52980017E-1, 0.26345253E-2, 0.0000000, 0.91920495, 6.5105886, 9.7457085, 9.8455458, 19.873314, 19.867678, 19.860409, 19.859076, 0.25002629, 0.24999955, 0.25918606, 0.31509739, 0.34745073, 0.34845331, 0.34936658, 0.34933838, 0.34930205, 0.34929538, 0.52980017E-1
0.16149719, 0.98416704, 0.29527965, 2.7712166, 2.2809625, 2.9511452, 8.1343813, 9.8029470, 9.8687325, 19.870745, 19.865374, 19.859974, 19.859058, 0.27770942, 0.27280828, 0.27951059, 0.33134335, 0.34802917, 0.34868723, 0.34935373, 0.34932688, 0.34929988, 0.34929529, 0.29527965
0.16100214, 0.97818893, 0.29348603, 2.8888524, 2.0955114, 2.8388619, 7.9855962, 9.8158932, 9.8744507, 19.867548, 19.863434, 19.859592, 19.859022, 0.27888519, 0.27095366, 0.27838764, 0.32985541, 0.34815860, 0.34874439, 0.34933776, 0.34931716, 0.34929797, 0.34929511, 0.29348603
0.14852911, 0.82756352, 0.24829389, 2.3501248, 1.6529411, 2.5616884, 7.7295623, 9.7846212, 9.8609848, 19.861996, 19.861210, 19.859156, 19.858940, 0.27349803, 0.26652804, 0.27561584, 0.32729501, 0.34784582, 0.34860972, 0.34930998, 0.34930605, 0.34929579, 0.34929469, 0.24829389
0.12625770, 0.55861205, 0.16760038, 1.2076855, 1.0969549, 2.1822662, 7.3595757, 9.7421923, 9.8411608, 19.855543, 19.859060, 19.858690, 19.858828, 0.26207170, 0.26096675, 0.27181986, 0.32359388, 0.34742066, 0.34841120, 0.34927770, 0.34929532, 0.34929344, 0.34929413, 0.16760038
0.11030620, 0.36598021, 0.10980505, 0.43347776, 0.66544414, 1.8522620, 6.9711914, 9.7269382, 9.8320589, 19.851019, 19.857544, 19.858330, 19.858757, 0.25433120, 0.25665113, 0.26851803, 0.31970847, 0.34726697, 0.34831980, 0.34925508, 0.34928772, 0.34929165, 0.34929377, 0.10980505
0.98961487E-1, 0.22898060, 0.68701051E-1, 0.0000000, 0.25601387, 1.4744848, 6.4900804, 9.6949234, 9.8168421, 19.846924, 19.856199, 19.858061, 19.858709, 0.24998076, 0.25255802, 0.26473880, 0.31489548, 0.34694523, 0.34816709, 0.34923461, 0.34928101, 0.34929031, 0.34929353, 0.68701051E-1
0.95088169E-1, 0.18220605, 0.54667283E-1, 0.0000000, 0.0000000, 1.1528492, 5.9870243, 9.6797714, 9.8090181, 19.844717, 19.855417, 19.857916, 19.858688, 0.24998076, 0.24999890, 0.26152301, 0.30986455, 0.34679312, 0.34808862, 0.34922358, 0.34927708, 0.34928960, 0.34929344, 0.54667283E-1
0.93109667E-1, 0.15831345, 0.47498785E-1, 0.0000000, 0.0000000, 0.80246627, 5.3692832, 9.6441622, 9.7922020, 19.842007, 19.854591, 19.857729, 19.858669, 0.24998076, 0.24999890, 0.25802067, 0.30368745, 0.34643683, 0.34792039, 0.34921002, 0.34927297, 0.34928864, 0.34929335, 0.47498785E-1
0.91607548E-1, 0.14017379, 0.42056344E-1, 0.0000000, 0.0000000, 0.55612028, 4.7853470, 9.6464806, 9.7917032, 19.841276, 19.854315, 19.857685, 19.858704, 0.24998076, 0.24999890, 0.25555813, 0.29784819, 0.34645948, 0.34791523, 0.34920639, 0.34927157, 0.34928843, 0.34929353, 0.42056344E-1
0.14733303, 0.81311947, 0.24396025, 2.3234577, 2.2890000, 1.7543614, 4.4663696, 9.7267284, 9.8254595, 19.844137, 19.855032, 19.857880, 19.858709, 0.27322063, 0.27288175, 0.26754045, 0.29466209, 0.34726551, 0.34825400, 0.34922069, 0.34927517, 0.34928939, 0.34929353, 0.24396025
0.23602416, 1.0000000, 0.56530488, 2.6081095, 8.1994772, 9.3689938, 9.5867891, 9.7961521, 9.8556414, 19.847435, 19.855871, 19.858143, 19.858709, 0.27608091, 0.33199441, 0.34368974, 0.34586787, 0.34796149, 0.34855640, 0.34923717, 0.34927934, 0.34929073, 0.34929353, 0.56530488
0.35599440, 1.0000000, 0.99997962, 9.9997606, 9.9998531, 9.9999313, 9.9999847, 9.9999962, 9.9999990, 19.999998, 19.999998, 19.999998, 19.994993, 0.34999719, 0.34999830, 0.34999919, 0.34999982, 0.34999996, 0.34999999, 0.34999999, 0.34999999, 0.34999999, 0.34997496, 0.99997962
0.35551006, 1.0000000, 0.99822474, 9.9997587, 9.9801006, 9.9281187, 9.9828310, 9.9913301, 9.9968147, 19.999706, 19.999922, 19.999908, 19.983068, 0.34999457, 0.34979919, 0.34928030, 0.34982812, 0.34991321, 0.34996811, 0.34999853, 0.34999961, 0.34999955, 0.34991533, 0.99822474
0.33734727, 1.0000000, 0.93241763, 8.9374466, 9.6300344, 9.7927465, 9.9420605, 9.9703150, 9.9887495, 19.998741, 19.999664, 19.999769, 19.978653, 0.33937138, 0.34629834, 0.34792644, 0.34942040, 0.34970304, 0.34988746, 0.34999371, 0.34999833, 0.34999883, 0.34989327, 0.93241763
0.30294797, 1.0000000, 0.80778247, 6.6540537, 9.3812351, 9.6180429, 9.8467760, 9.9174738, 9.9657898, 19.994308, 19.998514, 19.998140, 19.955912, 0.31653720, 0.34380952, 0.34617898, 0.34846747, 0.34917459, 0.34965783, 0.34997153, 0.34999257, 0.34999070, 0.34977955, 0.80778247
0.26262313, 1.0000000, 0.66167796, 3.8203714, 9.2845249, 9.5364761, 9.7717457, 9.8692217, 9.9422846, 19.989704, 19.997297, 19.994265, 19.935440, 0.28820240, 0.34284335, 0.34536377, 0.34771726, 0.34869212, 0.34942281, 0.34994853, 0.34998649, 0.34997132, 0.34967721, 0.66167796
0.23178077, 1.0000000, 0.54993033, 2.4600296, 7.8509855, 9.5005026, 9.7281780, 9.8363018, 9.9232645, 19.985437, 19.996046, 19.987581, 19.917915, 0.27459958, 0.32850853, 0.34500423, 0.34728161, 0.34836292, 0.34923261, 0.34992719, 0.34998024, 0.34993792, 0.34958959, 0.54993033
0.20767514, 1.0000000, 0.46259108, 1.7651677, 6.1080961, 9.4865685, 9.7095413, 9.8194809, 9.9113312, 19.982042, 19.994774, 19.978098, 19.903528, 0.26765007, 0.31107759, 0.34486309, 0.34709489, 0.34819454, 0.34911323, 0.34991020, 0.34997386, 0.34989050, 0.34951764, 0.46259108
0.18664917, 1.0000000, 0.38641003, 1.2227863, 4.4795561, 9.4760828, 9.6994200, 9.8098173, 9.9039106, 19.979431, 19.993114, 19.966265, 19.892134, 0.26222640, 0.29479238, 0.34475744, 0.34699351, 0.34809780, 0.34903899, 0.34989715, 0.34996557, 0.34983131, 0.34946066, 0.38641003
0.17866111, 1.0000000, 0.35746774, 1.1662036, 3.5668695, 9.5508604, 9.7349796, 9.8281631, 9.9095907, 19.978321, 19.990828, 19.952980, 19.883389, 0.26166111, 0.28566697, 0.34550631, 0.34734932, 0.34828138, 0.34909582, 0.34989160, 0.34995413, 0.34976488, 0.34941694, 0.35746774
0.20710033, 1.0000000, 0.46050847, 2.9121578, 4.0248942, 9.6700687, 9.7874165, 9.8576050, 9.9215889, 19.978437, 19.987421, 19.939171, 19.876778, 0.27912083, 0.29024830, 0.34669995, 0.34787402, 0.34857595, 0.34921587, 0.34989220, 0.34993711, 0.34969586, 0.34938389, 0.46050847
0.19899151, 1.0000000, 0.43112862, 2.7747333, 3.3152816, 9.5919704, 9.7726355, 9.8519621, 9.9203272, 19.976950, 19.981752, 19.925573, 19.871859, 0.27774709, 0.28315264, 0.34591946, 0.34772629, 0.34851959, 0.34920329, 0.34988475, 0.34990877, 0.34962785, 0.34935930, 0.43112862
0.17901163, 1.0000000, 0.35873777, 1.9440383, 2.6236625, 8.9348030, 9.7158241, 9.8201103, 9.9063492, 19.972561, 19.973341, 19.912819, 19.868210, 0.26943758, 0.27623436, 0.33934414, 0.34715742, 0.34820068, 0.34906334, 0.34986281, 0.34986669, 0.34956411, 0.34934103, 0.35873777
0.16282156, 1.0000000, 0.30007812, 1.2933761, 2.1688402, 8.1081085, 9.6938562, 9.8048277, 9.8980722, 19.968386, 19.963142, 19.901611, 19.865559, 0.26293236, 0.27168700, 0.33107847, 0.34693792, 0.34804794, 0.34898061, 0.34984192, 0.34981573, 0.34950805, 0.34932780, 0.30007812
0.14742997, 0.81429017, 0.24431148, 0.73414445, 1.7162830, 7.1661463, 9.6689091, 9.7880621, 9.8894281, 19.963984, 19.951607, 19.892120, 19.863642, 0.25734073, 0.26716182, 0.32165936, 0.34668854, 0.34788033, 0.34889421, 0.34981993, 0.34975803, 0.34946060, 0.34931821, 0.24431148
0.14011219, 0.72592008, 0.21779782, 0.51366985, 1.4994621, 6.5579853, 9.7027779, 9.8058329, 9.8957720, 19.960676, 19.939754, 19.884457, 19.862309, 0.25513643, 0.26499417, 0.31557885, 0.34702748, 0.34805819, 0.34895766, 0.34980339, 0.34969878, 0.34942228, 0.34931153, 0.21779782
0.12947908, 0.59751368, 0.17927203, 0.19695461, 1.1655182, 5.7218375, 9.6699362, 9.7875204, 9.8880053, 19.954868, 19.927410, 19.878248, 19.861307, 0.25196943, 0.26165470, 0.30721721, 0.34669897, 0.34787500, 0.34887999, 0.34977433, 0.34963706, 0.34939125, 0.34930652, 0.17927203
0.12003541, 0.48347113, 0.14505585, 0.0000000, 0.83233714, 4.7736573, 9.6334143, 9.7647352, 9.8769970, 19.947397, 19.915510, 19.873363, 19.860603, 0.24999960, 0.25832272, 0.29773474, 0.34633341, 0.34764698, 0.34876984, 0.34973699, 0.34957755, 0.34936681, 0.34930301, 0.14505585
0.11569071, 0.43100408, 0.12931415, 0.0000000, 0.62762201, 4.1264601, 9.6618767, 9.7792931, 9.8803530, 19.938841, 19.904661, 19.869602, 19.860104, 0.24999960, 0.25627550, 0.29126221, 0.34661764, 0.34779236, 0.34880334, 0.34969419, 0.34952331, 0.34934801, 0.34930050, 0.12931415
0.11039556, 0.36705944, 0.11012884, 0.0000000, 0.36560893, 3.3803103, 9.6367741, 9.7644205, 9.8720922, 19.927782, 19.894728, 19.866646, 19.859728, 0.24999960, 0.25365269, 0.28378746, 0.34635884, 0.34763968, 0.34871939, 0.34963891, 0.34947366, 0.34933323, 0.34929866, 0.11012884
0.10859349, 0.34529743, 0.10359959, 0.0000000, 0.32249391, 3.0099680, 9.7112856, 9.8056583, 9.8875847, 19.919962, 19.887201, 19.864643, 19.859528, 0.24999960, 0.25322396, 0.28009513, 0.34710994, 0.34805509, 0.34887534, 0.34959981, 0.34943601, 0.34932321, 0.34929764, 0.10359959
0.10679863, 0.32362267, 0.97096518E-1, 0.0000000, 0.24129748, 2.7824550, 9.4950809, 9.8008604, 9.8858395, 19.911264, 19.880829, 19.863100, 19.859356, 0.24999960, 0.25241232, 0.27782074, 0.34494820, 0.34800726, 0.34885794, 0.34955633, 0.34940416, 0.34931549, 0.34929678, 0.97096518E-1
0.17086294, 1.0000000, 0.32921356, 2.4743021, 2.4532228, 5.6111794, 9.3739920, 9.7876167, 9.8790932, 19.902575, 19.875608, 19.861946, 19.859299, 0.27474189, 0.27453157, 0.30611101, 0.34373966, 0.34787604, 0.34879088, 0.34951288, 0.34937805, 0.34930974, 0.34929651, 0.32921356
0.16986358, 1.0000000, 0.32559270, 2.2795379, 2.2891462, 6.2801156, 9.6885061, 9.8211622, 9.8893089, 19.894745, 19.871536, 19.861135, 19.859251, 0.27279511, 0.27289128, 0.31280091, 0.34688500, 0.34821159, 0.34889311, 0.34947371, 0.34935766, 0.34930569, 0.34929627, 0.32559270
0.17355639, 1.0000000, 0.33897242, 2.9863358, 1.8873066, 5.6217213, 9.6906910, 9.8012981, 9.8782682, 19.884718, 19.867601, 19.860334, 19.859169, 0.27986300, 0.26887292, 0.30621701, 0.34690684, 0.34801295, 0.34878269, 0.34942359, 0.34933800, 0.34930167, 0.34929585, 0.33897242
0.16091537, 0.97714108, 0.29317164, 2.3801684, 1.6195148, 5.1240864, 9.7093763, 9.8048553, 9.8762522, 19.877007, 19.864754, 19.859781, 19.859110, 0.27379385, 0.26619196, 0.30123580, 0.34709185, 0.34804761, 0.34876218, 0.34938502, 0.34932378, 0.34929889, 0.34929556, 0.29317164
0.14679469, 0.80661851, 0.24200976, 1.7127305, 1.3085186, 4.5633030, 9.6941261, 9.7938261, 9.8689795, 19.870010, 19.862431, 19.859367, 19.859034, 0.26712218, 0.26308283, 0.29562894, 0.34693953, 0.34793741, 0.34868950, 0.34935004, 0.34931216, 0.34929684, 0.34929517, 0.24200976
0.13213907, 0.62963593, 0.18890966, 1.0459632, 0.97300410, 3.9239042, 9.6679688, 9.7765617, 9.8591928, 19.863705, 19.860491, 19.859015, 19.858952, 0.26045549, 0.25972772, 0.28923440, 0.34667739, 0.34776446, 0.34859154, 0.34931853, 0.34930247, 0.34929508, 0.34929475, 0.18890966
0.12489970, 0.54221267, 0.16268007, 0.74286461, 0.80967844, 3.5020680, 9.7044134, 9.7949142, 9.8643742, 19.860516, 19.859486, 19.858837, 19.858923, 0.25742626, 0.25809523, 0.28501731, 0.34704226, 0.34794819, 0.34864342, 0.34930259, 0.34929743, 0.34929419, 0.34929460, 0.16268007
0.11087807, 0.37288630, 0.11187708, 0.11318326, 0.44971704, 2.9729753, 9.5300722, 9.7628202, 9.8489389, 19.854368, 19.857821, 19.858461, 19.858828, 0.25113079, 0.25449467, 0.27972150, 0.34529543, 0.34762549, 0.34848848, 0.34927183, 0.34928912, 0.34929231, 0.34929413, 0.11187708
0.10477108, 0.29913765, 0.89750275E-1, 0.0000000, 0.13186634, 2.5916815, 9.1383419, 9.7388840, 9.8368053, 19.849640, 19.856531, 19.858183, 19.858768, 0.24998358, 0.25131756, 0.27590588, 0.34137574, 0.34738472, 0.34836668, 0.34924820, 0.34928265, 0.34929091, 0.34929383, 0.89750275E-1
0.10172525, 0.26235604, 0.78714684E-1, 0.0000000, 0.0000000, 2.2103934, 8.6927481, 9.7193775, 9.8276186, 19.847214, 19.855841, 19.858047, 19.858709, 0.24998358, 0.24999917, 0.27209711, 0.33692211, 0.34719077, 0.34827518, 0.34923607, 0.34927920, 0.34929025, 0.34929353, 0.78714684E-1
0.10001625, 0.24171801, 0.72522655E-1, 0.0000000, 0.0000000, 1.8855453, 8.2534342, 9.7150755, 9.8246918, 19.845751, 19.855417, 19.857990, 19.858704, 0.24998358, 0.24999917, 0.26885232, 0.33253160, 0.34714913, 0.34824640, 0.34922874, 0.34927708, 0.34928995, 0.34929353, 0.72522655E-1
0.98623097E-1, 0.22489420, 0.67475006E-1, 0.0000000, 0.0000000, 1.6291589, 7.8494210, 9.7206011, 9.8268175, 19.845678, 19.855385, 19.858025, 19.858709, 0.24998358, 0.24999917, 0.26628897, 0.32849169, 0.34720442, 0.34826764, 0.34922838, 0.34927693, 0.34929013, 0.34929353, 0.67475006E-1
0.97123131E-1, 0.20678043, 0.62040336E-1, 0.0000000, 0.0000000, 1.3568580, 7.4059429, 9.7080507, 9.8218365, 19.845299, 19.855295, 19.858025, 19.858709, 0.24998358, 0.24999917, 0.26356685, 0.32405755, 0.34707928, 0.34821796, 0.34922650, 0.34927648, 0.34929013, 0.34929353, 0.62040336E-1
0.95850505E-1, 0.19141211, 0.57429377E-1, 0.0000000, 0.0000000, 1.1340469, 6.9827738, 9.7092342, 9.8221016, 19.845373, 19.855301, 19.858047, 19.858709, 0.24998358, 0.24999917, 0.26133820, 0.31982496, 0.34709039, 0.34822035, 0.34922686, 0.34927651, 0.34929025, 0.34929353, 0.57429377E-1
0.94487444E-1, 0.17495158, 0.52490726E-1, 0.0000000, 0.0000000, 0.89944005, 6.5175405, 9.6945705, 9.8158512, 19.844749, 19.855160, 19.858025, 19.858704, 0.24998358, 0.24999917, 0.25899285, 0.31517315, 0.34694403, 0.34815794, 0.34922373, 0.34927580, 0.34929013, 0.34929353, 0.52490726E-1
0.93335792E-1, 0.16104424, 0.48318107E-1, 0.0000000, 0.0000000, 0.71033239, 6.0721426, 9.6950283, 9.8156080, 19.844669, 19.855137, 19.858025, 19.858709, 0.24998358, 0.24999917, 0.25710168, 0.31071866, 0.34694806, 0.34815535, 0.34922335, 0.34927568, 0.34929013, 0.34929353, 0.48318107E-1
0.92359066E-1, 0.14924918, 0.44779234E-1, 0.0000000, 0.0000000, 0.55512488, 5.6639700, 9.7024679, 9.8184929, 19.844681, 19.855137, 19.858036, 19.858709, 0.24998358, 0.24999917, 0.25555021, 0.30663759, 0.34702286, 0.34818432, 0.34922341, 0.34927568, 0.34929019, 0.34929353, 0.44779234E-1
0.91337889E-1, 0.13691734, 0.41079309E-1, 0.0000000, 0.0000000, 0.39868057, 5.2206078, 9.6895247, 9.8133211, 19.844419, 19.855078, 19.858036, 19.858709, 0.24998358, 0.24999917, 0.25398543, 0.30220252, 0.34689194, 0.34813210, 0.34922209, 0.34927538, 0.34929019, 0.34929353, 0.41079309E-1
0.90189874E-1, 0.12305383, 0.36919843E-1, 0.0000000, 0.0000000, 0.23110807, 4.6889272, 9.6597776, 9.8000526, 19.843361, 19.854818, 19.857967, 19.858704, 0.24998358, 0.24999917, 0.25231013, 0.29688540, 0.34659380, 0.34799919, 0.34921682, 0.34927410, 0.34928983, 0.34929353, 0.36919843E-1
0.89785635E-1, 0.11817217, 0.35455197E-1, 0.0000000, 0.0000000, 0.18649995, 4.3858604, 9.7256546, 9.8271322, 19.845734, 19.855465, 19.858143, 19.858709, 0.24998358, 0.24999917, 0.25186449, 0.29385617, 0.34725389, 0.34827042, 0.34922868, 0.34927732, 0.34929073, 0.34929353, 0.35455197E-1
0.89185692E-1, 0.11092719, 0.33281486E-1, 0.0000000, 0.0000000, 0.10732114, 4.0606041, 9.7197113, 9.8266125, 19.846188, 19.855583, 19.858143, 19.858709, 0.24998358, 0.24999917, 0.25107265, 0.29060170, 0.34719193, 0.34826437, 0.34923095, 0.34927791, 0.34929073, 0.34929353, 0.33281486E-1
0.88657230E-1, 0.10454543, 0.31366765E-1, 0.0000000, 0.0000000, 0.33950806E-1, 3.7798605, 9.7360678, 9.8332224, 19.846304, 19.855608, 19.858143, 19.858709, 0.24998358, 0.24999917, 0.25033930, 0.28779379, 0.34735447, 0.34833014, 0.34923151, 0.34927803, 0.34929073, 0.34929353, 0.31366765E-1
0.88236898E-1, 0.99469498E-1, 0.29843833E-1, 0.0000000, 0.0000000, 0.0000000, 3.4533014, 9.7163019, 9.8255701, 19.845499, 19.855406, 19.858061, 19.858709, 0.24998358, 0.24999917, 0.24999896, 0.28452682, 0.34715432, 0.34825274, 0.34922749, 0.34927702, 0.34929031, 0.34929353, 0.29843833E-1
0.87951630E-1, 0.96024588E-1, 0.28810257E-1, 0.0000000, 0.0000000, 0.0000000, 3.1145942, 9.7058830, 9.8212032, 19.845455, 19.855385, 19.858072, 19.858709, 0.24998358, 0.24999917, 0.24999896, 0.28114066, 0.34705064, 0.34820926, 0.34922728, 0.34927693, 0.34929037, 0.34929353, 0.28810257E-1
0.87684855E-1, 0.92802957E-1, 0.27843673E-1, 0.0000000, 0.0000000, 0.0000000, 2.8853893, 9.5221920, 9.8109531, 19.844933, 19.855244, 19.858047, 19.858709, 0.24998358, 0.24999917, 0.24999896, 0.27885169, 0.34521833, 0.34810829, 0.34922466, 0.34927621, 0.34929025, 0.34929353, 0.27843673E-1
0.87428823E-1, 0.89711137E-1, 0.26916033E-1, 0.0000000, 0.0000000, 0.0000000, 2.7285843, 9.2214136, 9.8004503, 19.844255, 19.855053, 19.858002, 19.858709, 0.24998358, 0.24999917, 0.24999896, 0.27728230, 0.34220815, 0.34800240, 0.34922129, 0.34927526, 0.34929001, 0.34929353, 0.26916033E-1
0.11718931, 0.44910136, 0.13474388, 2.1625280, 0.0000000, 0.0000000, 2.6941359, 9.1069145, 9.8356762, 19.846100, 19.855543, 19.858166, 19.858709, 0.27161673, 0.24999917, 0.24999896, 0.27694073, 0.34106809, 0.34835637, 0.34923050, 0.34927770, 0.34929082, 0.34929353, 0.13474388
0.10418406, 0.29204878, 0.87623402E-1, 1.2313247, 0.0000000, 0.0000000, 2.5890260, 8.9350300, 9.8316727, 19.843889, 19.854971, 19.857965, 19.858688, 0.26230767, 0.24999917, 0.24999896, 0.27588955, 0.33934906, 0.34831628, 0.34921944, 0.34927484, 0.34928983, 0.34929344, 0.87623402E-1
0.93746059E-1, 0.16599862, 0.49804568E-1, 0.48801303, 0.0000000, 0.0000000, 2.4746866, 8.7294769, 9.8228559, 19.842896, 19.854698, 19.857885, 19.858698, 0.25487515, 0.24999917, 0.24999896, 0.27474535, 0.33729210, 0.34822756, 0.34921449, 0.34927350, 0.34928942, 0.34929350, 0.49804568E-1
0.91094472E-1, 0.13397783, 0.40197369E-1, 0.30179918, 0.0000000, 0.0000000, 2.4311781, 8.6015673, 9.8391371, 19.845486, 19.855371, 19.858072, 19.858709, 0.25301647, 0.24999917, 0.24999896, 0.27431104, 0.33601436, 0.34839085, 0.34922743, 0.34927684, 0.34929037, 0.34929353, 0.40197369E-1
0.86715817E-1, 0.81100792E-1, 0.24332670E-1, 0.0000000, 0.0000000, 0.0000000, 2.3059340, 8.3390684, 9.8142653, 19.846117, 19.855536, 19.858107, 19.858709, 0.24997564, 0.24999917, 0.24999896, 0.27305791, 0.33338809, 0.34814164, 0.34923059, 0.34927768, 0.34929055, 0.34929353, 0.24332670E-1
0.86424492E-1, 0.77582754E-1, 0.23277154E-1, 0.0000000, 0.0000000, 0.0000000, 2.1405249, 7.9752636, 9.7860374, 19.846315, 19.855595, 19.858120, 19.858709, 0.24997564, 0.24999917, 0.24999896, 0.27140471, 0.32975161, 0.34785995, 0.34923157, 0.34927797, 0.34929061, 0.34929353, 0.23277154E-1
0.86209476E-1, 0.74986212E-1, 0.22498114E-1, 0.0000000, 0.0000000, 0.0000000, 2.0167799, 7.7009201, 9.7936726, 19.845209, 19.855307, 19.858025, 19.858698, 0.24997564, 0.24999917, 0.24999896, 0.27016708, 0.32700786, 0.34793615, 0.34922606, 0.34927654, 0.34929013, 0.34929350, 0.22498114E-1
0.86097658E-1, 0.73635861E-1, 0.22092968E-1, 0.0000000, 0.0000000, 0.0000000, 1.9624144, 7.5322661, 9.8202534, 19.846930, 19.855738, 19.858177, 19.858709, 0.24997564, 0.24999917, 0.24999896, 0.26961970, 0.32531410, 0.34819880, 0.34923464, 0.34927869, 0.34929088, 0.34929353, 0.22092968E-1
0.87044261E-1, 0.85067153E-1, 0.25522700E-1, 0.75212121E-1, 0.0000000, 0.0000000, 1.9194752, 7.3955703, 9.8345032, 19.848698, 19.856207, 19.858242, 19.858709, 0.25075096, 0.24999917, 0.24999896, 0.26919296, 0.32395226, 0.34834352, 0.34924349, 0.34928104, 0.34929121, 0.34929353, 0.25522700E-1
0.85738271E-1, 0.69295913E-1, 0.20790853E-1, 0.0000000, 0.0000000, 0.0000000, 1.7678291, 7.0619612, 9.7901907, 19.847818, 19.855986, 19.858154, 19.858709, 0.24993615, 0.24999917, 0.24999896, 0.26767725, 0.32061753, 0.34790096, 0.34923908, 0.34927994, 0.34929079, 0.34929353, 0.20790853E-1
0.85632682E-1, 0.68020776E-1, 0.20408275E-1, 0.0000000, 0.0000000, 0.0000000, 1.7105341, 6.9107785, 9.8218975, 19.847418, 19.855871, 19.858143, 19.858709, 0.24993615, 0.24999917, 0.24999896, 0.26710466, 0.31910640, 0.34821832, 0.34923708, 0.34927934, 0.34929073, 0.34929353, 0.20408275E-1
0.85553542E-1, 0.67065045E-1, 0.20121526E-1, 0.0000000, 0.0000000, 0.0000000, 1.6673803, 6.8010135, 9.8412514, 19.847570, 19.855898, 19.858171, 19.858709, 0.24993615, 0.24999917, 0.24999896, 0.26666847, 0.31800348, 0.34840927, 0.34923774, 0.34927946, 0.34929085, 0.34929353, 0.20121526E-1
0.85477896E-1, 0.66151567E-1, 0.19847455E-1, 0.0000000, 0.0000000, 0.0000000, 1.6254425, 6.6982217, 9.8495808, 19.847984, 19.856020, 19.858189, 19.858709, 0.24993615, 0.24999917, 0.24999896, 0.26625291, 0.31697911, 0.34849429, 0.34923992, 0.34928009, 0.34929094, 0.34929353, 0.19847455E-1
0.85410118E-1, 0.65333076E-1, 0.19601883E-1, 0.0000000, 0.0000000, 0.0000000, 1.5870303, 6.6087279, 9.8556023, 19.848244, 19.856079, 19.858183, 19.858709, 0.24999820, 0.24999917, 0.24999896, 0.26587015, 0.31608695, 0.34855586, 0.34924123, 0.34928039, 0.34929091, 0.34929353, 0.19601883E-1
0.85265301E-1, 0.63584231E-1, 0.19077176E-1, 0.0000000, 0.0000000, 0.0000000, 1.4933705, 6.4531150, 9.8368444, 19.845455, 19.855341, 19.857979, 19.858698, 0.24999820, 0.24999917, 0.24999896, 0.26493219, 0.31452787, 0.34836677, 0.34922728, 0.34927672, 0.34928989, 0.34929350, 0.19077176E-1
0.85145377E-1, 0.62136043E-1, 0.18642677E-1, 0.0000000, 0.0000000, 0.0000000, 1.4168054, 6.3179402, 9.8366318, 19.843782, 19.854864, 19.857885, 19.858709, 0.24999820, 0.24999917, 0.24999896, 0.26416171, 0.31317335, 0.34836322, 0.34921870, 0.34927428, 0.34928939, 0.34929353, 0.18642677E-1
0.84943190E-1, 0.59694439E-1, 0.17910123E-1, 0.0000000, 0.0000000, 0.0000000, 1.2796015, 6.1173000, 9.8164682, 19.838543, 19.853477, 19.857523, 19.858652, 0.24999820, 0.24999917, 0.24999896, 0.26276556, 0.31115180, 0.34815368, 0.34919140, 0.34926707, 0.34928754, 0.34929323, 0.17910123E-1
0.84721804E-1, 0.57020966E-1, 0.17108001E-1, 0.0000000, 0.0000000, 0.0000000, 1.1329830, 5.8834720, 9.8003254, 19.834167, 19.852289, 19.857235, 19.858610, 0.24999820, 0.24999917, 0.24999896, 0.26129162, 0.30880716, 0.34798875, 0.34916919, 0.34926105, 0.34928605, 0.34929302, 0.17108001E-1
0.84457584E-1, 0.53830225E-1, 0.16150683E-1, 0.0000000, 0.0000000, 0.0000000, 0.95972121, 5.5924287, 9.7794456, 19.829279, 19.850931, 19.856899, 19.858517, 0.24999820, 0.24999917, 0.24999896, 0.25958189, 0.30591157, 0.34778756, 0.34914577, 0.34925449, 0.34928447, 0.34929258, 0.16150683E-1
0.84154122E-1, 0.50165590E-1, 0.15051182E-1, 0.0000000, 0.0000000, 0.0000000, 0.77364743, 5.2466774, 9.7586536, 19.824936, 19.849720, 19.856611, 19.858446, 0.24999820, 0.24999917, 0.24999896, 0.25769204, 0.30243424, 0.34756866, 0.34912273, 0.34924808, 0.34928292, 0.34929219, 0.15051182E-1
0.83888225E-1, 0.46954602E-1, 0.14087790E-1, 0.0000000, 0.0000000, 0.0000000, 0.63033700, 4.8831248, 9.7484035, 19.825230, 19.849712, 19.856617, 19.858463, 0.24999820, 0.24999917, 0.24999896, 0.25630042, 0.29882452, 0.34747970, 0.34912610, 0.34924853, 0.34928310, 0.34929231, 0.14087790E-1
0.83632715E-1, 0.43869037E-1, 0.13162028E-1, 0.0000000, 0.0000000, 0.0000000, 0.50528347, 4.5172496, 9.7433405, 19.826405, 19.849985, 19.856705, 19.858469, 0.24999820, 0.24999917, 0.24999896, 0.25505161, 0.29516712, 0.34742951, 0.34913203, 0.34924993, 0.34928352, 0.34929234, 0.13162028E-1
0.83364680E-1, 0.40632185E-1, 0.12190875E-1, 0.0000000, 0.0000000, 0.0000000, 0.38435161, 4.1164508, 9.7297974, 19.827475, 19.850245, 19.856752, 19.858475, 0.24999820, 0.24999917, 0.24999896, 0.25384218, 0.29115736, 0.34729233, 0.34913737, 0.34925121, 0.34928375, 0.34929237, 0.12190875E-1
0.83147138E-1, 0.38005110E-1, 0.11402673E-1, 0.0000000, 0.0000000, 0.0000000, 0.29712319, 3.7626045, 9.7377052, 19.830015, 19.850908, 19.856922, 19.858511, 0.24999820, 0.24999917, 0.24999896, 0.25297028, 0.28761998, 0.34737185, 0.34915006, 0.34925455, 0.34928462, 0.34929255, 0.11402673E-1
0.82997359E-1, 0.36196359E-1, 0.10859994E-1, 0.0000000, 0.0000000, 0.0000000, 0.23909509, 3.5066462, 9.7673349, 19.833223, 19.851770, 19.857164, 19.858587, 0.24999820, 0.24999917, 0.24999896, 0.25239041, 0.28506255, 0.34766972, 0.34916613, 0.34925884, 0.34928581, 0.34929293, 0.10859994E-1
0.84131010E-1, 0.49886432E-1, 0.14967427E-1, 0.96240640E-1, 0.0000000, 0.0000000, 0.15906096, 3.2034454, 9.7488909, 19.833929, 19.852005, 19.857225, 19.858610, 0.25096214, 0.24999917, 0.24999896, 0.25159058, 0.28203419, 0.34748864, 0.34916964, 0.34926003, 0.34928614, 0.34929305, 0.14967427E-1
0.82669519E-1, 0.32237325E-1, 0.96721649E-2, 0.0000000, 0.0000000, 0.0000000, 0.92932582E-1, 3.0017624, 9.7860985, 19.834713, 19.852253, 19.857277, 19.858664, 0.24999803, 0.24999917, 0.24999896, 0.25092471, 0.28001270, 0.34785697, 0.34917337, 0.34926119, 0.34928638, 0.34929332, 0.96721649E-2
0.82615137E-1, 0.31580679E-1, 0.94751511E-2, 0.0000000, 0.0000000, 0.0000000, 0.58099627E-1, 2.9586582, 9.7264585, 19.837706, 19.853060, 19.857485, 19.858709, 0.24999803, 0.24999917, 0.24999896, 0.25058094, 0.27958488, 0.34726274, 0.34918854, 0.34926531, 0.34928742, 0.34929353, 0.94751511E-2
0.82527734E-1, 0.30525135E-1, 0.91584567E-2, 0.0000000, 0.0000000, 0.0000000, 0.31530857E-2, 2.8883278, 9.6336956, 19.838240, 19.853237, 19.857567, 19.858709, 0.24999803, 0.24999917, 0.24999896, 0.25003153, 0.27888161, 0.34633511, 0.34919119, 0.34926617, 0.34928784, 0.34929353, 0.91584567E-2
0.82507439E-1, 0.30280042E-1, 0.90849213E-2, 0.0000000, 0.0000000, 0.0000000, 0.0000000, 2.8634369, 9.5808802, 19.841579, 19.854170, 19.857807, 19.858709, 0.24999803, 0.24999917, 0.24999896, 0.24999999, 0.27863109, 0.34580514, 0.34920791, 0.34927085, 0.34928903, 0.34929353, 0.90849213E-2
0.82484245E-1, 0.29999953E-1, 0.90008862E-2, 0.0000000, 0.0000000, 0.0000000, 0.0000000, 2.8276114, 9.5189371, 19.843487, 19.854694, 19.857931, 19.858709, 0.24999803, 0.24999917, 0.24999896, 0.24999999, 0.27827612, 0.34518936, 0.34921744, 0.34927347, 0.34928966, 0.34929353, 0.90008862E-2
0.82451575E-1, 0.29605417E-1, 0.88825133E-2, 0.0000000, 0.0000000, 0.0000000, 0.0000000, 2.7744441, 9.4425678, 19.843653, 19.854759, 19.857948, 19.858709, 0.24999803, 0.24999917, 0.24999896, 0.24999999, 0.27774233, 0.34442326, 0.34921825, 0.34927380, 0.34928975, 0.34929353, 0.88825133E-2
0.82425550E-1, 0.29291213E-1, 0.87882429E-2, 0.0000000, 0.0000000, 0.0000000, 0.0000000, 2.7337284, 9.3757439, 19.844915, 19.855148, 19.858061, 19.858709, 0.24999803, 0.24999917, 0.24999896, 0.24999999, 0.27733621, 0.34375623, 0.34922457, 0.34927574, 0.34929031, 0.34929353, 0.87882429E-2
0.82394123E-1, 0.28911682E-1, 0.86743720E-2, 0.0000000, 0.0000000, 0.0000000, 0.0000000, 2.6826830, 9.3012877, 19.844826, 19.855148, 19.858061, 19.858709, 0.24999803, 0.24999917, 0.24999896, 0.24999999, 0.27682540, 0.34301123, 0.34922412, 0.34927574, 0.34929031, 0.34929353, 0.86743720E-2
0.82360715E-1, 0.28508233E-1, 0.85533252E-2, 0.0000000, 0.0000000, 0.0000000, 0.0000000, 2.6281178, 9.2225895, 19.844704, 19.855148, 19.858061, 19.858709, 0.24999803, 0.24999917, 0.24999896, 0.24999999, 0.27628046, 0.34222510, 0.34922352, 0.34927574, 0.34929031, 0.34929353, 0.85533252E-2
0.82329080E-1, 0.28126180E-1, 0.84386980E-2, 0.0000000, 0.0000000, 0.0000000, 0.0000000, 2.5774865, 9.1455832, 19.845245, 19.855312, 19.858107, 19.858709, 0.24999803, 0.24999917, 0.24999896, 0.24999999, 0.27577332, 0.34145400, 0.34922624, 0.34927657, 0.34929055, 0.34929353, 0.84386980E-2
0.82256220E-1, 0.27246376E-1, 0.81747305E-2, 0.0000000, 0.0000000, 0.0000000, 0.0000000, 2.4541945, 8.9876080, 19.843973, 19.854982, 19.858002, 19.858704, 0.24999803, 0.24999917, 0.24999896, 0.24999999, 0.27454022, 0.33987397, 0.34921986, 0.34927490, 0.34929001, 0.34929353, 0.81747305E-2
0.82185976E-1, 0.26398081E-1, 0.79202168E-2, 0.0000000, 0.0000000, 0.0000000, 0.0000000, 2.3350267, 8.8358335, 19.841782, 19.854416, 19.857841, 19.858669, 0.24999803, 0.24999917, 0.24999896, 0.24999999, 0.27334914, 0.33835691, 0.34920889, 0.34927207, 0.34928921, 0.34929335, 0.79202168E-2
0.82151517E-1, 0.25981946E-1, 0.77953637E-2, 0.0000000, 0.0000000, 0.0000000, 0.0000000, 2.2805185, 8.7492380, 19.843161, 19.854771, 19.857925, 19.858709, 0.24999803, 0.24999917, 0.24999896, 0.24999999, 0.27280504, 0.33749217, 0.34921581, 0.34927386, 0.34928963, 0.34929353, 0.77953637E-2
0.82113579E-1, 0.25523817E-1, 0.76579112E-2, 0.0000000, 0.0000000, 0.0000000, 0.0000000, 2.2198021, 8.6565571, 19.843719, 19.854929, 19.857960, 19.858709, 0.24999803, 0.24999917, 0.24999896, 0.24999999, 0.27219769, 0.33656514, 0.34921861, 0.34927464, 0.34928980, 0.34929353, 0.76579112E-2
0.82059912E-1, 0.24875721E-1, 0.74634627E-2, 0.0000000, 0.0000000, 0.0000000, 0.0000000, 2.1299987, 8.5369930, 19.841547, 19.854357, 19.857794, 19.858688, 0.24999803, 0.24999917, 0.24999896, 0.24999999, 0.27129984, 0.33536974, 0.34920773, 0.34927177, 0.34928897, 0.34929344, 0.74634627E-2
0.82015269E-1, 0.24336601E-1, 0.73017105E-2, 0.0000000, 0.0000000, 0.0000000, 0.0000000, 2.0562410, 8.4390440, 19.839432, 19.853786, 19.857643, 19.858704, 0.24999803, 0.24999917, 0.24999896, 0.24999999, 0.27055100, 0.33438122, 0.34919646, 0.34926876, 0.34928817, 0.34929353, 0.73017105E-2
0.81944808E-1, 0.23485711E-1, 0.70464183E-2, 0.0000000, 0.0000000, 0.0000000, 0.0000000, 1.9358933, 8.2877159, 19.835222, 19.852642, 19.857347, 19.858652, 0.24999803, 0.24999917, 0.24999896, 0.24999999, 0.26935253, 0.33287078, 0.34917584, 0.34926316, 0.34928671, 0.34929326, 0.70464183E-2
0.81887655E-1, 0.22795491E-1, 0.68393312E-2, 0.0000000, 0.0000000, 0.0000000, 0.0000000, 1.8413633, 8.1558266, 19.834410, 19.852365, 19.857294, 19.858669, 0.24999803, 0.24999917, 0.24999896, 0.24999999, 0.26841083, 0.33155411, 0.34917206, 0.34926182, 0.34928647, 0.34929335, 0.68393312E-2
0.81799366E-1, 0.21729294E-1, 0.65194406E-2, 0.0000000, 0.0000000, 0.0000000, 0.0000000, 1.6979873, 7.9456401, 19.833879, 19.852213, 19.857265, 19.858669, 0.24999803, 0.24999917, 0.24999896, 0.24999999, 0.26697829, 0.32945392, 0.34916940, 0.34926108, 0.34928632, 0.34929335, 0.65194406E-2
0.81716031E-1, 0.20722965E-1, 0.62175114E-2, 0.0000000, 0.0000000, 0.0000000, 0.0000000, 1.5621722, 7.7495317, 19.831774, 19.851635, 19.857111, 19.858629, 0.24999803, 0.24999917, 0.24999896, 0.24999999, 0.26561952, 0.32749167, 0.34915888, 0.34925818, 0.34928554, 0.34929314, 0.62175114E-2
0.81647970E-1, 0.19901020E-1, 0.59709032E-2, 0.0000000, 0.0000000, 0.0000000, 0.0000000, 1.4505208, 7.5949755, 19.828909, 19.850826, 19.856901, 19.858599, 0.24999803, 0.24999917, 0.24999896, 0.24999999, 0.26449278, 0.32593971, 0.34914368, 0.34925389, 0.34928444, 0.34929296, 0.59709032E-2
0.81564069E-1, 0.18887877E-1, 0.56669298E-2, 0.0000000, 0.0000000, 0.0000000, 0.0000000, 1.3116360, 7.4059052, 19.824089, 19.849480, 19.856581, 19.858486, 0.24999803, 0.24999917, 0.24999896, 0.24999999, 0.26309776, 0.32404530, 0.34911901, 0.34924701, 0.34928283, 0.34929240, 0.56669298E-2
0.13629071, 0.67977154, 0.20395187, 2.2616358, 2.2590160, 1.2516946, 0.0000000, 1.1503220, 7.1633511, 19.820347, 19.848398, 19.856281, 19.858412, 0.27247468, 0.27251735, 0.26248059, 0.24999999, 0.26149392, 0.32162863, 0.34910086, 0.34924179, 0.34928134, 0.34929204, 0.20395187
0.11046342, 0.36787885, 0.11037470, 0.94053149, 1.5105039, 0.92945397, 0.0000000, 1.0787845, 7.0750470, 19.819868, 19.848192, 19.856222, 19.858427, 0.25925273, 0.26502505, 0.25925466, 0.24999999, 0.26077768, 0.32074502, 0.34909841, 0.34924072, 0.34928104, 0.34929210, 0.11037470
0.90812594E-1, 0.13057379, 0.39176054E-1, 0.0000000, 0.82904100, 0.62119365, 0.0000000, 1.0077596, 6.9835944, 19.819632, 19.848070, 19.856186, 19.858418, 0.24999872, 0.25828579, 0.25621021, 0.24999999, 0.26007733, 0.31983531, 0.34909815, 0.34924036, 0.34928092, 0.34929210, 0.39176054E-1
0.82106009E-1, 0.25432369E-1, 0.76304739E-2, 0.0000000, 0.0000000, 0.19336343, 0.0000000, 0.89759529, 6.8488688, 19.815090, 19.846783, 19.855844, 19.858322, 0.24999872, 0.24999981, 0.25190750, 0.24999999, 0.25896814, 0.31848010, 0.34907493, 0.34923381, 0.34927920, 0.34929162, 0.76304739E-2
0.81224345E-1, 0.14785313E-1, 0.44360375E-2, 0.0000000, 0.0000000, 0.0000000, 0.0000000, 0.76123476, 6.5954571, 19.814789, 19.846609, 19.855810, 19.858376, 0.24999872, 0.24999981, 0.24996917, 0.24999999, 0.25759435, 0.31593770, 0.34907258, 0.34923267, 0.34927896, 0.34929183, 0.44360375E-2
0.81143610E-1, 0.13810371E-1, 0.41435258E-2, 0.0000000, 0.0000000, 0.0000000, 0.0000000, 0.64902902, 6.3411188, 19.817858, 19.847363, 19.856030, 19.858433, 0.24999872, 0.24999981, 0.24996917, 0.24999999, 0.25648844, 0.31340519, 0.34908929, 0.34923682, 0.34928015, 0.34929216, 0.41435258E-2
0.81036761E-1, 0.12520085E-1, 0.37564011E-2, 0.0000000, 0.0000000, 0.0000000, 0.0000000, 0.50794780, 5.9894552, 19.818235, 19.847475, 19.856083, 19.858427, 0.24999872, 0.24999981, 0.24996917, 0.24999999, 0.25507876, 0.30989173, 0.34909117, 0.34923738, 0.34928042, 0.34929213, 0.37564011E-2
0.80942854E-1, 0.11385976E-1, 0.34161345E-2, 0.0000000, 0.0000000, 0.0000000, 0.0000000, 0.39191246, 5.6570683, 19.819775, 19.847889, 19.856194, 19.858433, 0.24999872, 0.24999981, 0.24996917, 0.24999999, 0.25391844, 0.30656737, 0.34909886, 0.34923944, 0.34928095, 0.34929216, 0.34161345E-2
0.80870807E-1, 0.10516005E-1, 0.31551169E-2, 0.0000000, 0.0000000, 0.0000000, 0.0000000, 0.30288398, 5.4017158, 19.820904, 19.848223, 19.856272, 19.858440, 0.24999872, 0.24999981, 0.24996917, 0.24999999, 0.25302869, 0.30401626, 0.34910452, 0.34924111, 0.34928137, 0.34929222, 0.31551169E-2
0.80805942E-1, 0.97326543E-2, 0.29200884E-2, 0.0000000, 0.0000000, 0.0000000, 0.0000000, 0.21247268, 5.2150526, 19.818506, 19.847593, 19.856098, 19.858418, 0.24999872, 0.24999981, 0.24996917, 0.24999999, 0.25209349, 0.30212128, 0.34908980, 0.34923726, 0.34928030, 0.34929204, 0.29200884E-2
0.80760427E-1, 0.91830157E-2, 0.27551802E-2, 0.0000000, 0.0000000, 0.0000000, 0.0000000, 0.16523004, 5.0157146, 19.823603, 19.848942, 19.856470, 19.858494, 0.24999872, 0.24999981, 0.24996917, 0.24999999, 0.25165150, 0.30014911, 0.34911802, 0.34924471, 0.34928235, 0.34929246, 0.27551802E-2
0.80687322E-1, 0.83001843E-2, 0.24903044E-2, 0.0000000, 0.0000000, 0.0000000, 0.0000000, 0.94315410E-1, 4.6977887, 19.824261, 19.849182, 19.856512, 19.858480, 0.24999872, 0.24999981, 0.24996917, 0.24999999, 0.25094309, 0.29697680, 0.34912130, 0.34924591, 0.34928256, 0.34929240, 0.24903044E-2
0.80634594E-1, 0.76634423E-2, 0.22992627E-2, 0.0000000, 0.0000000, 0.0000000, 0.0000000, 0.42244792E-1, 4.4721127, 19.825544, 19.849560, 19.856623, 19.858486, 0.24999872, 0.24999981, 0.24996917, 0.24999999, 0.25042236, 0.29471818, 0.34912771, 0.34924781, 0.34928310, 0.34929243, 0.22992627E-2
0.80584623E-1, 0.70599709E-2, 0.21182031E-2, 0.0000000, 0.0000000, 0.0000000, 0.0000000, 0.0000000, 4.2366533, 19.827044, 19.850004, 19.856728, 19.858500, 0.24999872, 0.24999981, 0.24996917, 0.24999999, 0.24999987, 0.29236406, 0.34913522, 0.34925002, 0.34928364, 0.34929249, 0.21182031E-2
0.80536902E-1, 0.64837215E-2, 0.19453110E-2, 0.0000000, 0.0000000, 0.0000000, 0.0000000, 0.0000000, 3.8906214, 19.824503, 19.849371, 19.856560, 19.858458, 0.24999872, 0.24999981, 0.24996917, 0.24999999, 0.24999987, 0.28890622, 0.34912252, 0.34924686, 0.34928280, 0.34929228, 0.19453110E-2
0.80492698E-1, 0.59498660E-2, 0.17851384E-2, 0.0000000, 0.0000000, 0.0000000, 0.0000000, 0.0000000, 3.5706954, 19.823957, 19.849213, 19.856493, 19.858452, 0.24999872, 0.24999981, 0.24996917, 0.24999999, 0.24999987, 0.28570276, 0.34911978, 0.34924605, 0.34928247, 0.34929225, 0.17851384E-2
0.80448367E-1, 0.54145209E-2, 0.16245188E-2, 0.0000000, 0.0000000, 0.0000000, 0.0000000, 0.0000000, 3.2491529, 19.822992, 19.848934, 19.856411, 19.858452, 0.24999872, 0.24999981, 0.24996917, 0.24999999, 0.24999987, 0.28249037, 0.34911495, 0.34924465, 0.34928206, 0.34929225, 0.16245188E-2
0.80427289E-1, 0.51599750E-2, 0.15481473E-2, 0.0000000, 0.0000000, 0.0000000, 0.0000000, 0.0000000, 3.0969343, 19.828356, 19.850349, 19.856752, 19.858522, 0.24999872, 0.24999981, 0.24996917, 0.24999999, 0.24999987, 0.28096294, 0.34914178, 0.34925175, 0.34928375, 0.34929261, 0.15481473E-2
0.80418169E-1, 0.50498913E-2, 0.15151189E-2, 0.0000000, 0.0000000, 0.0000000, 0.0000000, 0.0000000, 3.0306578, 19.833439, 19.851742, 19.857141, 19.858635, 0.24999872, 0.24999981, 0.24996917, 0.24999999, 0.24999987, 0.28030238, 0.34916720, 0.34925872, 0.34928572, 0.34929317, 0.15151189E-2
0.80411047E-1, 0.49638557E-2, 0.14893056E-2, 0.0000000, 0.0000000, 0.0000000, 0.0000000, 0.0000000, 2.9786110, 19.823143, 19.852673, 19.857389, 19.858709, 0.24999872, 0.24999981, 0.24996917, 0.24999999, 0.24999987, 0.27978611, 0.34911573, 0.34926337, 0.34928694, 0.34929353, 0.14893056E-2
0.80372065E-1, 0.44931551E-2, 0.13480814E-2, 0.0000000, 0.0000000, 0.0000000, 0.0000000, 0.0000000, 2.6964605, 19.787466, 19.851969, 19.857225, 19.858629, 0.24999872, 0.24999981, 0.24996917, 0.24999999, 0.24999987, 0.27696162, 0.34893733, 0.34925985, 0.34928614, 0.34929314, 0.13480814E-2
0.80348447E-1, 0.42079012E-2, 0.12624966E-2, 0.0000000, 0.0000000, 0.0000000, 0.0000000, 0.0000000, 2.5253863, 19.755751, 19.852318, 19.857307, 19.858683, 0.24999872, 0.24999981, 0.24996917, 0.24999999, 0.24999987, 0.27524993, 0.34877875, 0.34926158, 0.34928653, 0.34929341, 0.12624966E-2
0.80315106E-1, 0.38052767E-2, 0.11416972E-2, 0.0000000, 0.0000000, 0.0000000, 0.0000000, 0.0000000, 2.2835402, 19.719929, 19.851648, 19.857141, 19.858622, 0.24999872, 0.24999981, 0.24996917, 0.24999999, 0.24999987, 0.27283394, 0.34859964, 0.34925824, 0.34928572, 0.34929311, 0.11416972E-2
0.10787792, 0.33665615, 0.10100695, 1.9984215, 0.0000000, 0.0000000, 0.0000000, 0.0000000, 2.1917014, 19.689716, 19.852434, 19.857327, 19.858692, 0.26998222, 0.24999981, 0.24996917, 0.24999999, 0.24999987, 0.27191699, 0.34844857, 0.34926218, 0.34928662, 0.34929347, 0.10100695
0.93881510E-1, 0.16763435, 0.50295334E-1, 0.98432302, 0.0000000, 0.0000000, 0.0000000, 0.0000000, 2.1583557, 19.653315, 19.851635, 19.857130, 19.858622, 0.25984323, 0.24999981, 0.24996917, 0.24999999, 0.24999987, 0.27158356, 0.34826657, 0.34925818, 0.34928566, 0.34929311, 0.50295334E-1
0.92045113E-1, 0.14545785, 0.43641720E-1, 0.85190535, 0.0000000, 0.0000000, 0.0000000, 0.0000000, 2.1477520, 19.623718, 19.852566, 19.857372, 19.858709, 0.25851357, 0.24999981, 0.24996917, 0.24999999, 0.24999987, 0.27147737, 0.34811860, 0.34926283, 0.34928685, 0.34929353, 0.43641720E-1
0.20960166, 1.0000000, 0.46957117, 2.3721247, 6.1346784, 8.2107592, 8.5620947, 8.9442492, 9.3427258, 19.664085, 19.853928, 19.857744, 19.858709, 0.27372029, 0.31134528, 0.33210659, 0.33562073, 0.33944237, 0.34342721, 0.34832042, 0.34926963, 0.34928873, 0.34929353, 0.46957117
0.19566379, 1.0000000, 0.41907170, 2.3430824, 3.8378348, 9.2863750, 9.4292917, 9.5663290, 9.6989775, 19.740990, 19.854557, 19.857866, 19.858709, 0.27343082, 0.28837836, 0.34286374, 0.34429291, 0.34566328, 0.34698978, 0.34870493, 0.34927279, 0.34928933, 0.34929353, 0.41907170
0.17463820, 1.0000000, 0.34289199, 1.6389340, 2.7195783, 8.7543583, 9.5537310, 9.6677132, 9.7652206, 19.776505, 19.853640, 19.857622, 19.858641, 0.26638907, 0.27719551, 0.33754313, 0.34553722, 0.34667706, 0.34765217, 0.34888253, 0.34926820, 0.34928811, 0.34929320, 0.34289199
0.18801330, 1.0000000, 0.39135253, 2.4461536, 2.9920697, 8.7380610, 9.5888796, 9.7002697, 9.7894382, 19.795061, 19.852459, 19.857319, 19.858604, 0.27446154, 0.27992070, 0.33738062, 0.34588879, 0.34700269, 0.34789437, 0.34897530, 0.34926230, 0.34928659, 0.34929302, 0.39135253
0.24214579, 1.0000000, 0.58748472, 3.3032780, 8.0846272, 8.7662411, 9.6047583, 9.7155590, 9.8015213, 19.805454, 19.851408, 19.857035, 19.858553, 0.28303277, 0.33084628, 0.33766240, 0.34604758, 0.34715560, 0.34801522, 0.34902728, 0.34925705, 0.34928519, 0.34929276, 0.58748472
0.29200417, 1.0000000, 0.76813096, 5.9674783, 9.2629757, 9.5823526, 9.7087679, 9.7777996, 9.8334694, 19.819550, 19.852760, 19.857401, 19.858688, 0.30959281, 0.34258640, 0.34580138, 0.34707692, 0.34777251, 0.34833193, 0.34909725, 0.34926367, 0.34928697, 0.34929344, 0.76813096
0.34739947, 1.0000000, 0.96883857, 9.7835417, 9.5316086, 9.6543589, 9.7534151, 9.8079710, 9.8511887, 19.829916, 19.854046, 19.857759, 19.858709, 0.34783542, 0.34531608, 0.34654358, 0.34753415, 0.34807971, 0.34851187, 0.34914958, 0.34927022, 0.34928879, 0.34929353, 0.96883857
0.35587716, 1.0000000, 0.99955487, 9.9977169, 9.9987450, 9.9993353, 9.9895048, 9.8940802, 9.8652430, 19.837511, 19.855137, 19.858042, 19.858709, 0.34997365, 0.34998533, 0.34999228, 0.34989485, 0.34894067, 0.34865239, 0.34918755, 0.34927568, 0.34929019, 0.34929353, 0.99955487
0.35600001, 1.0000000, 1.0000000, 9.9999990, 9.9999990, 9.9999990, 9.9999990, 9.9999990, 9.9999990, 19.996090, 19.860167, 19.858213, 19.858709, 0.34999999, 0.34999999, 0.34999999, 0.34999999, 0.34999999, 0.34999999, 0.34998044, 0.34930083, 0.34929106, 0.34929353, 1.0000000
0.34949535, 1.0000000, 0.97643244, 9.6963558, 9.7829313, 9.8835487, 9.9673004, 9.9833393, 9.9929934, 19.971733, 19.859371, 19.858301, 19.858709, 0.34696355, 0.34782931, 0.34883550, 0.34967300, 0.34983340, 0.34992993, 0.34985867, 0.34929687, 0.34929150, 0.34929353, 0.97643244
0.33596921, 1.0000000, 0.92742467, 8.8521509, 9.6144009, 9.7778368, 9.9275904, 9.9622250, 9.9825468, 19.948448, 19.858772, 19.858349, 19.858709, 0.33852151, 0.34614402, 0.34777838, 0.34927589, 0.34962225, 0.34982547, 0.34974223, 0.34929386, 0.34929174, 0.34929353, 0.92742467
0.31514874, 1.0000000, 0.85198820, 7.4469838, 9.4941044, 9.6901331, 9.8678923, 9.9278183, 9.9621534, 19.924931, 19.857677, 19.858194, 19.858709, 0.32446823, 0.34493983, 0.34690070, 0.34867880, 0.34927812, 0.34962150, 0.34962466, 0.34928840, 0.34929097, 0.34929353, 0.85198820
0.30154777, 1.0000000, 0.80270922, 6.4161158, 9.5589905, 9.7157803, 9.8530550, 9.9139786, 9.9477663, 19.906368, 19.857208, 19.858189, 19.858709, 0.31416032, 0.34558916, 0.34715742, 0.34853047, 0.34913975, 0.34947765, 0.34953183, 0.34928605, 0.34929094, 0.34929353, 0.80270922
0.34100324, 1.0000000, 0.94566393, 9.1798067, 9.6633310, 9.7994509, 9.9440231, 9.9713573, 9.9890175, 19.998604, 19.999647, 19.999811, 19.982075, 0.34179783, 0.34663317, 0.34799442, 0.34944019, 0.34971356, 0.34989017, 0.34999302, 0.34999824, 0.34999907, 0.34991038, 0.94566393
0.35597771, 1.0000000, 0.99991924, 9.9991770, 9.9995050, 9.9997492, 9.9999485, 9.9999723, 9.9999905, 19.999998, 19.999998, 19.999784, 19.968096, 0.34998891, 0.34999332, 0.34999663, 0.34999931, 0.34999964, 0.34999987, 0.34999999, 0.34999999, 0.34999892, 0.34984046, 0.99991924
0.35600001, 1.0000000, 1.0000000, 9.9999990, 9.9999990, 9.9999990, 9.9999990, 9.9999990, 9.9999990, 19.999998, 19.999998, 19.999998, 19.998999, 0.34999999, 0.34999999, 0.34999999, 0.34999999, 0.34999999, 0.34999999, 0.34999999, 0.34999999, 0.34999999, 0.34999499, 1.0000000
0.35529310, 1.0000000, 0.99743879, 9.9633856, 9.9813766, 9.9904528, 9.9954700, 9.9976969, 9.9988489, 19.999594, 19.999891, 19.999950, 19.987009, 0.34963235, 0.34981284, 0.34990409, 0.34995461, 0.34997690, 0.34998846, 0.34999797, 0.34999946, 0.34999976, 0.34993505, 0.99743879
0.35598606, 1.0000000, 0.99994946, 9.9995050, 9.9997015, 9.9998503, 9.9999695, 9.9999847, 9.9999933, 19.999998, 19.999998, 19.999998, 19.994993, 0.34999305, 0.34999582, 0.34999791, 0.34999958, 0.34999979, 0.34999990, 0.34999999, 0.34999999, 0.34999999, 0.34997496, 0.99994946
0.35600001, 1.0000000, 1.0000000, 9.9999990, 9.9999990, 9.9999990, 9.9999990, 9.9999990, 9.9999990, 19.999998, 19.999998, 19.999998, 19.998999, 0.34999999, 0.34999999, 0.34999999, 0.34999999, 0.34999999, 0.34999999, 0.34999999, 0.34999999, 0.34999999, 0.34999499, 1.0000000
0.35600001, 1.0000000, 1.0000000, 9.9999990, 9.9999990, 9.9999990, 9.9999990, 9.9999990, 9.9999990, 19.999998, 19.999998, 19.999998, 19.998999, 0.34999999, 0.34999999, 0.34999999, 0.34999999, 0.34999999, 0.34999999, 0.34999999, 0.34999999, 0.34999999, 0.34999499, 1.0000000
0.35600001, 1.0000000, 1.0000000, 9.9999990, 9.9999990, 9.9999990, 9.9999990, 9.9999990, 9.9999990, 19.999998, 19.999998, 19.999998, 19.995995, 0.34999999, 0.34999999, 0.34999999, 0.34999999, 0.34999999, 0.34999999, 0.34999999, 0.34999999, 0.34999999, 0.34997997, 1.0000000
0.33474189, 1.0000000, 0.92297781, 8.7818155, 9.5883284, 9.7677851, 9.9304514, 9.9642200, 9.9858694, 19.997871, 19.999439, 19.999645, 19.976179, 0.33781677, 0.34588239, 0.34767741, 0.34930441, 0.34964216, 0.34985867, 0.34998935, 0.34999719, 0.34999824, 0.34988090, 0.92297781
0.29981393, 1.0000000, 0.79642713, 6.4382615, 9.3700428, 9.6068478, 9.8268414, 9.9056129, 9.9584293, 19.990841, 19.997597, 19.997673, 19.953613, 0.31438163, 0.34369957, 0.34606802, 0.34826833, 0.34905607, 0.34958425, 0.34995419, 0.34998798, 0.34998837, 0.34976807, 0.79642713
0.27184030, 1.0000000, 0.69507354, 4.4063010, 9.3877659, 9.5997725, 9.7889900, 9.8770494, 9.9422102, 19.986008, 19.996302, 19.993521, 19.933426, 0.29406050, 0.34387445, 0.34599608, 0.34788957, 0.34877032, 0.34942204, 0.34993005, 0.34998152, 0.34996760, 0.34966713, 0.69507354
0.35512578, 1.0000000, 0.99683255, 9.9971447, 9.9841385, 9.8763933, 9.8386297, 9.8986654, 9.9485302, 19.986090, 19.996164, 19.986828, 19.916313, 0.34996691, 0.34983867, 0.34876260, 0.34838602, 0.34898651, 0.34948525, 0.34993047, 0.34998083, 0.34993413, 0.34958157, 0.99683255
0.34732586, 1.0000000, 0.96857190, 9.5494881, 9.7917757, 9.8621521, 9.8673248, 9.9022808, 9.9493341, 19.985769, 19.995628, 19.977289, 19.902285, 0.34549239, 0.34791625, 0.34862074, 0.34867311, 0.34902272, 0.34949329, 0.34992886, 0.34997815, 0.34988645, 0.34951141, 0.96857190
0.32358068, 1.0000000, 0.88253862, 8.0696955, 9.4914103, 9.6739550, 9.8181839, 9.8814192, 9.9392834, 19.982637, 19.993843, 19.965252, 19.891153, 0.33069119, 0.34491006, 0.34673750, 0.34818143, 0.34881398, 0.34939277, 0.34991318, 0.34996921, 0.34982628, 0.34945577, 0.88253862
0.30244589, 1.0000000, 0.80596328, 6.5582318, 9.4717560, 9.6500206, 9.8001947, 9.8723049, 9.9332266, 19.979500, 19.990948, 19.951715, 19.882620, 0.31557906, 0.34471473, 0.34649876, 0.34800166, 0.34872290, 0.34933221, 0.34989750, 0.34995472, 0.34975857, 0.34941310, 0.80596328
0.28912431, 1.0000000, 0.75769669, 5.5460625, 9.5311365, 9.6836863, 9.8113956, 9.8778448, 9.9342585, 19.978010, 19.986946, 19.937790, 19.876196, 0.30545905, 0.34530973, 0.34683603, 0.34811378, 0.34877837, 0.34934255, 0.34989005, 0.34993473, 0.34968895, 0.34938097, 0.75769669
0.26145214, 1.0000000, 0.65743524, 3.6745172, 9.3650551, 9.5815954, 9.7674589, 9.8533525, 9.9222469, 19.973253, 19.980213, 19.924015, 19.871365, 0.28674427, 0.34364915, 0.34581524, 0.34767443, 0.34853345, 0.34922245, 0.34986627, 0.34990108, 0.34962007, 0.34935683, 0.65743524
0.24608353, 1.0000000, 0.60175186, 2.8267920, 8.9029465, 9.6169720, 9.7756081, 9.8556423, 9.9218178, 19.970707, 19.972048, 19.911509, 19.867870, 0.27826777, 0.33902916, 0.34616956, 0.34775606, 0.34855640, 0.34921819, 0.34985355, 0.34986025, 0.34955755, 0.34933937, 0.60175186
0.23950435, 1.0000000, 0.57791430, 2.6143491, 8.4207563, 9.6929197, 9.8038168, 9.8702707, 9.9270554, 19.968632, 19.962261, 19.900604, 19.865347, 0.27614349, 0.33420756, 0.34692919, 0.34803817, 0.34870270, 0.34927055, 0.34984314, 0.34981132, 0.34950301, 0.34932673, 0.57791430
0.22543737, 1.0000000, 0.52694696, 2.1467776, 7.5430646, 9.6152058, 9.7814016, 9.8586388, 9.9219790, 19.964304, 19.950638, 19.891312, 19.863489, 0.27146739, 0.32542983, 0.34615156, 0.34781390, 0.34858632, 0.34921977, 0.34982151, 0.34975320, 0.34945655, 0.34931743, 0.52694696
0.23330465, 1.0000000, 0.55545157, 2.9575081, 7.0960197, 9.6997795, 9.8091516, 9.8730927, 9.9273252, 19.960699, 19.938698, 19.883795, 19.862179, 0.27957490, 0.32095996, 0.34699762, 0.34809148, 0.34873089, 0.34927326, 0.34980351, 0.34969348, 0.34941897, 0.34931090, 0.55545157
0.23653165, 1.0000000, 0.56714362, 2.4874239, 8.2343693, 9.7621241, 9.8365974, 9.8885775, 9.9335480, 19.956264, 19.926773, 19.877817, 19.861233, 0.27487424, 0.33234370, 0.34762123, 0.34836596, 0.34888577, 0.34933549, 0.34978133, 0.34963387, 0.34938908, 0.34930617, 0.56714362
0.29745114, 1.0000000, 0.78786635, 6.1236172, 9.5287809, 9.7649460, 9.8458681, 9.8948011, 9.9359446, 19.950087, 19.915264, 19.873123, 19.860584, 0.31123617, 0.34528780, 0.34764946, 0.34845868, 0.34894800, 0.34935945, 0.34975043, 0.34957632, 0.34936562, 0.34930292, 0.78786635
0.28389090, 1.0000000, 0.73873508, 5.1434774, 9.5526514, 9.7125816, 9.8319454, 9.8881063, 9.9324598, 19.941641, 19.904537, 19.869450, 19.860104, 0.30143464, 0.34552634, 0.34712574, 0.34831944, 0.34888107, 0.34932458, 0.34970820, 0.34952268, 0.34934723, 0.34930050, 0.73873508
0.26210636, 1.0000000, 0.65980566, 3.6786091, 9.4148388, 9.6198235, 9.7937660, 9.8670073, 9.9217978, 19.930634, 19.894722, 19.866556, 19.859734, 0.28678516, 0.34414697, 0.34619752, 0.34793749, 0.34867001, 0.34921795, 0.34965318, 0.34947360, 0.34933278, 0.34929866, 0.65980566
0.24560748, 1.0000000, 0.60002708, 2.8085084, 8.8795567, 9.6088200, 9.7812843, 9.8579254, 9.9152708, 19.919989, 19.886587, 19.864416, 19.859468, 0.27808461, 0.33879468, 0.34608772, 0.34781274, 0.34857920, 0.34915268, 0.34959996, 0.34943295, 0.34932208, 0.34929734, 0.60002708
0.23770484, 1.0000000, 0.57139432, 2.6662290, 8.1434498, 9.6447754, 9.7881956, 9.8592405, 9.9123440, 19.909815, 19.879982, 19.862829, 19.859299, 0.27666214, 0.33143419, 0.34644759, 0.34788194, 0.34859237, 0.34912345, 0.34954908, 0.34939992, 0.34931415, 0.34929651, 0.57139432
0.21968448, 1.0000000, 0.50610316, 2.0550580, 7.0260243, 9.5729771, 9.7554169, 9.8390884, 9.8999567, 19.898151, 19.874130, 19.861532, 19.859194, 0.27055058, 0.32026023, 0.34572977, 0.34755418, 0.34839088, 0.34899956, 0.34949076, 0.34937066, 0.34930766, 0.34929597, 0.50610316
0.21012151, 1.0000000, 0.47145474, 1.7763048, 6.3057117, 9.6287298, 9.7739439, 9.8462553, 9.8992577, 19.889900, 19.870071, 19.860739, 19.859152, 0.26776278, 0.31305656, 0.34628689, 0.34773934, 0.34846252, 0.34899259, 0.34944952, 0.34935036, 0.34930369, 0.34929577, 0.47145474
0.25005758, 1.0000000, 0.61615062, 2.9776628, 9.0736361, 9.7250404, 9.8111849, 9.8649282, 9.9035187, 19.883545, 19.867146, 19.860216, 19.859127, 0.27977663, 0.34073636, 0.34725040, 0.34811184, 0.34864929, 0.34903520, 0.34941772, 0.34933573, 0.34930107, 0.34929565, 0.61615062
0.24803847, 1.0000000, 0.60883498, 2.9056787, 8.9632444, 9.6984854, 9.8101263, 9.8639088, 9.9001989, 19.877153, 19.864672, 19.859781, 19.859098, 0.27905679, 0.33963245, 0.34698486, 0.34810126, 0.34863907, 0.34900200, 0.34938577, 0.34932336, 0.34929889, 0.34929550, 0.60883498
0.23511514, 1.0000000, 0.56201136, 2.4739413, 8.1565924, 9.6357756, 9.7871428, 9.8502913, 9.8919716, 19.870920, 19.862572, 19.859421, 19.859045, 0.27473918, 0.33156544, 0.34635749, 0.34787136, 0.34850287, 0.34891972, 0.34935459, 0.34931284, 0.34929711, 0.34929523, 0.56201136
0.22645889, 1.0000000, 0.53064817, 2.2104888, 7.5395269, 9.6570206, 9.7917318, 9.8508120, 9.8899040, 19.866817, 19.861210, 19.859205, 19.859011, 0.27210385, 0.32539314, 0.34656882, 0.34791705, 0.34850797, 0.34889898, 0.34933409, 0.34930605, 0.34929603, 0.34929505, 0.53064817
0.20954728, 1.0000000, 0.46937421, 1.6689390, 6.4502654, 9.5659494, 9.7514143, 9.8272514, 9.8782396, 19.861540, 19.859690, 19.858927, 19.858934, 0.26668909, 0.31450200, 0.34565902, 0.34751406, 0.34827244, 0.34878236, 0.34930772, 0.34929845, 0.34929463, 0.34929466, 0.46937421
0.18777891, 1.0000000, 0.39050326, 0.98832250, 4.9971170, 9.4963665, 9.7041750, 9.7979670, 9.8637190, 19.855677, 19.858076, 19.858566, 19.858828, 0.25988251, 0.29996902, 0.34496161, 0.34704134, 0.34797946, 0.34863713, 0.34927839, 0.34929037, 0.34929281, 0.34929413, 0.39050326
0.16557224, 1.0000000, 0.31004435, 0.34087896, 3.4218349, 9.4505882, 9.6692791, 9.7747316, 9.8516798, 19.850534, 19.856689, 19.858208, 19.858757, 0.25340852, 0.28421682, 0.34450376, 0.34669238, 0.34774712, 0.34851673, 0.34925267, 0.34928346, 0.34929103, 0.34929377, 0.31004435
0.15360412, 0.88884968, 0.26668158, 0.0000000, 2.7598829, 9.0145941, 9.6883774, 9.7827940, 9.8536415, 19.848955, 19.856241, 19.858143, 19.858757, 0.24999960, 0.27759883, 0.34014595, 0.34688377, 0.34782794, 0.34853643, 0.34924477, 0.34928119, 0.34929073, 0.34929377, 0.26668158
0.14772069, 0.81780094, 0.24536481, 0.0000000, 2.3840308, 8.3447266, 9.6902981, 9.7836323, 9.8532267, 19.847523, 19.855860, 19.858095, 19.858757, 0.24999960, 0.27384031, 0.33344728, 0.34690297, 0.34783632, 0.34853226, 0.34923762, 0.34927928, 0.34929049, 0.34929377, 0.24536481
0.13977593, 0.72185928, 0.21657944, 0.0000000, 1.8702686, 7.4627094, 9.6561623, 9.7636452, 9.8439665, 19.844561, 19.855076, 19.857912, 19.858709, 0.24999960, 0.26870185, 0.32462540, 0.34656116, 0.34763625, 0.34843960, 0.34922281, 0.34927538, 0.34928957, 0.34929353, 0.21657944
0.35337985, 1.0000000, 0.99050659, 9.9984169, 9.9215641, 9.6182508, 9.6893015, 9.7810249, 9.8509817, 19.845367, 19.855293, 19.857996, 19.858709, 0.34998417, 0.34921563, 0.34618253, 0.34689301, 0.34781024, 0.34850982, 0.34922683, 0.34927648, 0.34928998, 0.34929353, 0.99050659
0.35600001, 1.0000000, 1.0000000, 9.9999990, 9.9999990, 9.9999990, 9.9999990, 9.9999990, 9.9999990, 19.999998, 19.999998, 19.999998, 19.998999, 0.34999999, 0.34999999, 0.34999999, 0.34999999, 0.34999999, 0.34999999, 0.34999999, 0.34999999, 0.34999999, 0.34999499, 1.0000000
0.35600001, 1.0000000, 1.0000000, 9.9999990, 9.9999990, 9.9999990, 9.9999990, 9.9999990, 9.9999990, 19.999998, 19.999998, 19.999998, 19.998999, 0.34999999, 0.34999999, 0.34999999, 0.34999999, 0.34999999, 0.34999999, 0.34999999, 0.34999999, 0.34999999, 0.34999499, 1.0000000
0.35600001, 1.0000000, 1.0000000, 9.9999990, 9.9999990, 9.9999990, 9.9999990, 9.9999990, 9.9999990, 19.999998, 19.999998, 19.999998, 19.995995, 0.34999999, 0.34999999, 0.34999999, 0.34999999, 0.34999999, 0.34999999, 0.34999999, 0.34999999, 0.34999999, 0.34997997, 1.0000000
0.35600001, 1.0000000, 1.0000000, 9.9999990, 9.9999990, 9.9999990, 9.9999990, 9.9999990, 9.9999990, 19.999998, 19.999998, 19.999998, 19.998999, 0.34999999, 0.34999999, 0.34999999, 0.34999999, 0.34999999, 0.34999999, 0.34999999, 0.34999999, 0.34999999, 0.34999499, 1.0000000
0.35600001, 1.0000000, 1.0000000, 9.9999990, 9.9999990, 9.9999990, 9.9999990, 9.9999990, 9.9999990, 19.999998, 19.999998, 19.999990, 19.991581, 0.34999999, 0.34999999, 0.34999999, 0.34999999, 0.34999999, 0.34999999, 0.34999999, 0.34999999, 0.34999996, 0.34995791, 1.0000000
0.34002352, 1.0000000, 0.94211417, 9.1014318, 9.6668825, 9.8155918, 9.9487886, 9.9738016, 9.9899607, 19.998741, 19.999672, 19.999361, 19.968096, 0.34101433, 0.34666884, 0.34815592, 0.34948790, 0.34973800, 0.34989959, 0.34999371, 0.34999835, 0.34999681, 0.34984046, 0.94211417
0.35598552, 1.0000000, 0.99994755, 9.9993496, 9.9996090, 9.9998055, 9.9999609, 9.9999790, 9.9999933, 19.999998, 19.999998, 19.999990, 19.992998, 0.34999278, 0.34999564, 0.34999785, 0.34999958, 0.34999976, 0.34999993, 0.34999999, 0.34999999, 0.34999996, 0.34996498, 0.99994755
0.35600001, 1.0000000, 1.0000000, 9.9999990, 9.9999990, 9.9999990, 9.9999990, 9.9999990, 9.9999990, 19.999998, 19.999998, 19.999998, 19.997997, 0.34999999, 0.34999999, 0.34999999, 0.34999999, 0.34999999, 0.34999999, 0.34999999, 0.34999999, 0.34999999, 0.34998998, 1.0000000
0.35600001, 1.0000000, 1.0000000, 9.9999990, 9.9999990, 9.9999990, 9.9999990, 9.9999990, 9.9999990, 19.999998, 19.999998, 19.999998, 19.996996, 0.34999999, 0.34999999, 0.34999999, 0.34999999, 0.34999999, 0.34999999, 0.34999999, 0.34999999, 0.34999999, 0.34998497, 1.0000000
0.35583711, 1.0000000, 0.99940974, 9.9918766, 9.9951391, 9.9975681, 9.9995136, 9.9997578, 9.9999189, 19.999998, 19.999998, 19.999989, 19.991005, 0.34991878, 0.34995139, 0.34997568, 0.34999514, 0.34999758, 0.34999919, 0.34999999, 0.34999999, 0.34999993, 0.34995502, 0.99940974
0.34179300, 1.0000000, 0.94852537, 9.2093344, 9.6922207, 9.8312635, 9.9541645, 9.9766140, 9.9910698, 19.998896, 19.999706, 19.999777, 19.979128, 0.34209335, 0.34692222, 0.34831265, 0.34954163, 0.34976614, 0.34991071, 0.34999448, 0.34999853, 0.34999889, 0.34989566, 0.94852537
0.30925706, 1.0000000, 0.83064151, 7.0966401, 9.3967419, 9.6319904, 9.8537941, 9.9217491, 9.9667301, 19.993444, 19.998295, 19.998131, 19.956356, 0.32096639, 0.34396741, 0.34631991, 0.34853795, 0.34921747, 0.34966731, 0.34996721, 0.34999147, 0.34999067, 0.34978178, 0.83064151
0.27259356, 1.0000000, 0.69780278, 4.5177159, 9.3146524, 9.5573120, 9.7786999, 9.8735933, 9.9422960, 19.987041, 19.996605, 19.994198, 19.935801, 0.29517716, 0.34314653, 0.34557313, 0.34778699, 0.34873593, 0.34942296, 0.34993520, 0.34998304, 0.34997100, 0.34967899, 0.69780278
0.24369733, 1.0000000, 0.59310621, 2.8165669, 8.6762190, 9.5348005, 9.7454195, 9.8467388, 9.9258537, 19.981913, 19.995176, 19.987530, 19.918211, 0.27816567, 0.33676219, 0.34534800, 0.34745419, 0.34846738, 0.34925854, 0.34990957, 0.34997588, 0.34993765, 0.34959105, 0.59310621
0.25267762, 1.0000000, 0.62564343, 3.1229610, 9.2245035, 9.5841074, 9.7569904, 9.8474731, 9.9220686, 19.978937, 19.993994, 19.978125, 19.903772, 0.28122923, 0.34224433, 0.34584072, 0.34756982, 0.34847471, 0.34922069, 0.34989470, 0.34996998, 0.34989062, 0.34951887, 0.62564343
0.35590774, 1.0000000, 0.99966568, 9.9954004, 9.9972439, 9.9986191, 9.9997225, 9.9998627, 9.9999542, 19.999998, 19.999998, 19.999989, 19.991005, 0.34995401, 0.34997243, 0.34998620, 0.34999722, 0.34999862, 0.34999955, 0.34999999, 0.34999999, 0.34999993, 0.34995502, 0.99966568
0.35001588, 1.0000000, 0.97831827, 9.6851616, 9.8450003, 9.9191036, 9.9801769, 9.9899778, 9.9962301, 19.999582, 19.999880, 19.999407, 19.967562, 0.34685162, 0.34845001, 0.34919104, 0.34980178, 0.34989977, 0.34996229, 0.34999791, 0.34999940, 0.34999704, 0.34983781, 0.97831827
0.32130378, 1.0000000, 0.87428904, 7.9038448, 9.4740067, 9.6874161, 9.8884640, 9.9413471, 9.9757032, 19.995565, 19.998831, 19.996864, 19.945810, 0.32903844, 0.34474006, 0.34687418, 0.34888464, 0.34941345, 0.34975702, 0.34997782, 0.34999415, 0.34998432, 0.34972906, 0.87428904
0.35150212, 1.0000000, 0.98370332, 9.7662191, 9.8794432, 9.9377489, 9.9851351, 9.9925117, 9.9972200, 19.999701, 19.999928, 19.999958, 19.988020, 0.34766218, 0.34879443, 0.34937748, 0.34985134, 0.34992510, 0.34997219, 0.34999850, 0.34999964, 0.34999979, 0.34994009, 0.98370332
0.33225775, 1.0000000, 0.91397738, 8.6121817, 9.5768881, 9.7572918, 9.9246016, 9.9610071, 9.9846153, 19.997728, 19.999414, 19.999123, 19.964699, 0.33612111, 0.34576839, 0.34757268, 0.34924597, 0.34961003, 0.34984615, 0.34998864, 0.34999707, 0.34999561, 0.34982350, 0.91397738
0.34339339, 1.0000000, 0.95432377, 9.3658648, 9.6543922, 9.7870674, 9.9118805, 9.9523411, 9.9800386, 19.996517, 19.999100, 19.996492, 19.943285, 0.34365028, 0.34653872, 0.34786806, 0.34911826, 0.34952316, 0.34980029, 0.34998259, 0.34999549, 0.34998247, 0.34971642, 0.95432377
0.35525590, 1.0000000, 0.99730384, 9.9999962, 9.9978037, 9.8528738, 9.8930035, 9.9403582, 9.9745255, 19.995659, 19.998869, 19.991213, 19.924614, 0.34999996, 0.34997803, 0.34852874, 0.34893003, 0.34940359, 0.34974524, 0.34997830, 0.34999436, 0.34995607, 0.34962308, 0.99730384
0.35600001, 1.0000000, 0.99999994, 9.9999990, 9.9999990, 9.9999962, 9.9999990, 9.9999990, 9.9999990, 19.999998, 19.999998, 19.999998, 19.998999, 0.34999999, 0.34999999, 0.34999996, 0.34999999, 0.34999999, 0.34999999, 0.34999999, 0.34999999, 0.34999999, 0.34999499, 0.99999994
0.35600001, 1.0000000, 1.0000000, 9.9999990, 9.9999990, 9.9999990, 9.9999990, 9.9999990, 9.9999990, 19.999998, 19.999998, 19.999998, 19.998999, 0.34999999, 0.34999999, 0.34999999, 0.34999999, 0.34999999, 0.34999999, 0.34999999, 0.34999999, 0.34999999, 0.34999499, 1.0000000
0.35600001, 1.0000000, 1.0000000, 9.9999990, 9.9999990, 9.9999990, 9.9999990, 9.9999990, 9.9999990, 19.999998, 19.999998, 19.999998, 19.995995, 0.34999999, 0.34999999, 0.34999999, 0.34999999, 0.34999999, 0.34999999, 0.34999999, 0.34999999, 0.34999999, 0.34997997, 1.0000000
0.35600001, 1.0000000, 1.0000000, 9.9999990, 9.9999990, 9.9999990, 9.9999990, 9.9999990, 9.9999990, 19.999998, 19.999998, 19.999998, 19.998999, 0.34999999, 0.34999999, 0.34999999, 0.34999999, 0.34999999, 0.34999999, 0.34999999, 0.34999999, 0.34999999, 0.34999499, 1.0000000
0.35600001, 1.0000000, 1.0000000, 9.9999990, 9.9999990, 9.9999990, 9.9999990, 9.9999990, 9.9999990, 19.999998, 19.999998, 19.999998, 19.997997, 0.34999999, 0.34999999, 0.34999999, 0.34999999, 0.34999999, 0.34999999, 0.34999999, 0.34999999, 0.34999999, 0.34998998, 1.0000000
0.35600001, 1.0000000, 1.0000000, 9.9999990, 9.9999990, 9.9999990, 9.9999990, 9.9999990, 9.9999990, 19.999998, 19.999998, 19.999998, 19.998993, 0.34999999, 0.34999999, 0.34999999, 0.34999999, 0.34999999, 0.34999999, 0.34999999, 0.34999999, 0.34999999, 0.34999496, 1.0000000
0.33810174, 1.0000000, 0.93515122, 8.9837723, 9.6405602, 9.7991467, 9.9420166, 9.9702578, 9.9884195, 19.998377, 19.999569, 19.999643, 19.975210, 0.33983544, 0.34640411, 0.34799072, 0.34942001, 0.34970248, 0.34988418, 0.34999189, 0.34999785, 0.34999821, 0.34987605, 0.93515122
0.30770004, 1.0000000, 0.82500011, 6.9705009, 9.4145250, 9.6405354, 9.8549671, 9.9219217, 9.9669847, 19.993795, 19.998377, 19.997759, 19.952765, 0.31970501, 0.34414524, 0.34640536, 0.34854966, 0.34921920, 0.34966984, 0.34996897, 0.34999189, 0.34998879, 0.34976381, 0.82500011
0.26522946, 1.0000000, 0.67112118, 4.0176091, 9.2751179, 9.5298576, 9.7644434, 9.8650961, 9.9388514, 19.986959, 19.996576, 19.993355, 19.932661, 0.29017404, 0.34274831, 0.34529713, 0.34764415, 0.34865081, 0.34938845, 0.34993479, 0.34998289, 0.34996676, 0.34966332, 0.67112118
0.23588985, 1.0000000, 0.56481826, 2.5474608, 8.1983261, 9.5079470, 9.7292480, 9.8365164, 9.9211578, 19.981644, 19.995020, 19.986181, 19.915586, 0.27547246, 0.33197913, 0.34507707, 0.34729198, 0.34836492, 0.34921148, 0.34990823, 0.34997511, 0.34993091, 0.34957793, 0.56481826
0.20531660, 1.0000000, 0.45404565, 1.5573710, 6.1881089, 9.4552870, 9.6849546, 9.8040104, 9.9011936, 19.974703, 19.992697, 19.976074, 19.901606, 0.26557323, 0.31187999, 0.34455204, 0.34684938, 0.34804001, 0.34901190, 0.34987351, 0.34996349, 0.34988037, 0.34950802, 0.45404565
0.18848339, 1.0000000, 0.39305577, 1.0916024, 4.9010568, 9.5100489, 9.7079411, 9.8124876, 9.9012175, 19.971735, 19.990744, 19.963926, 19.890623, 0.26091602, 0.29901057, 0.34510049, 0.34707940, 0.34812486, 0.34901217, 0.34985867, 0.34995371, 0.34981963, 0.34945312, 0.39305577
0.16661993, 1.0000000, 0.31384033, 0.47346652, 3.3244102, 9.4506063, 9.6792755, 9.7946911, 9.8914366, 19.966894, 19.987162, 19.950237, 19.882162, 0.25473467, 0.28324410, 0.34450606, 0.34679276, 0.34794691, 0.34891436, 0.34983447, 0.34993580, 0.34975117, 0.34941080, 0.31384033
0.15288456, 0.88016021, 0.26407447, 0.64140558E-1, 2.6094079, 8.9264545, 9.6852751, 9.7963200, 9.8904104, 19.963442, 19.982380, 19.936190, 19.875801, 0.25064135, 0.27609289, 0.33926249, 0.34685230, 0.34796298, 0.34890401, 0.34981722, 0.34991190, 0.34968096, 0.34937900, 0.26407447
0.14453104, 0.77928239, 0.23380810, 0.0000000, 2.1325498, 8.0785580, 9.6756353, 9.7898111, 9.8864927, 19.959587, 19.975634, 19.922581, 19.871082, 0.24999370, 0.27132523, 0.33078504, 0.34675622, 0.34789807, 0.34886488, 0.34979793, 0.34987816, 0.34961289, 0.34935540, 0.23380810
0.13650253, 0.68232960, 0.20471935, 0.0000000, 1.6318709, 7.1464286, 9.6555653, 9.7769032, 9.8795195, 19.954741, 19.966644, 19.910069, 19.867624, 0.24999370, 0.26631793, 0.32146260, 0.34655520, 0.34776878, 0.34879512, 0.34977371, 0.34983322, 0.34955034, 0.34933811, 0.20471935
0.13192019, 0.62699276, 0.18811664, 0.0000000, 1.3887376, 6.5160780, 9.6915216, 9.7965956, 9.8877192, 19.953026, 19.956835, 19.899355, 19.865158, 0.24999370, 0.26388738, 0.31516078, 0.34691522, 0.34796596, 0.34887719, 0.34976512, 0.34978417, 0.34949678, 0.34932578, 0.18811664
0.35139036, 1.0000000, 0.98329824, 9.9994068, 9.8583012, 9.2495852, 9.7293301, 9.8189678, 9.8975344, 19.950926, 19.945873, 19.890360, 19.863390, 0.34998986, 0.34858054, 0.34249470, 0.34729308, 0.34818956, 0.34897533, 0.34975463, 0.34972936, 0.34945181, 0.34931695, 0.98329824
0.32959139, 1.0000000, 0.90431660, 8.5754070, 9.4235821, 9.5892057, 9.7625141, 9.8396435, 9.9072304, 19.948339, 19.934412, 19.883066, 19.862125, 0.33575407, 0.34423584, 0.34589207, 0.34762514, 0.34839642, 0.34907231, 0.34974170, 0.34967205, 0.34941533, 0.34931064, 0.90431660
0.31333962, 1.0000000, 0.84543329, 7.3512015, 9.4740591, 9.6390247, 9.7781677, 9.8503323, 9.9119673, 19.943459, 19.922676, 19.877169, 19.861202, 0.32351202, 0.34474060, 0.34639025, 0.34778169, 0.34850332, 0.34911966, 0.34971729, 0.34961337, 0.34938586, 0.34930602, 0.84543329
0.30327240, 1.0000000, 0.80895793, 6.5900908, 9.5115433, 9.6653347, 9.7930613, 9.8598824, 9.9159975, 19.937630, 19.911631, 19.872608, 19.860550, 0.31590092, 0.34511542, 0.34665334, 0.34793061, 0.34859884, 0.34915999, 0.34968814, 0.34955814, 0.34936303, 0.34930274, 0.80895793
0.35512787, 1.0000000, 0.99684000, 9.9563341, 9.9745226, 9.9871845, 9.9973803, 9.9986877, 9.9995584, 19.999992, 19.999998, 19.999989, 19.991005, 0.34956196, 0.34974438, 0.34987143, 0.34997371, 0.34998685, 0.34999558, 0.34999996, 0.34999999, 0.34999993, 0.34995502, 0.99684000
0.35600001, 1.0000000, 1.0000000, 9.9999990, 9.9999990, 9.9999990, 9.9999990, 9.9999990, 9.9999990, 19.999998, 19.999998, 19.999998, 19.998999, 0.34999999, 0.34999999, 0.34999999, 0.34999999, 0.34999999, 0.34999999, 0.34999999, 0.34999999, 0.34999999, 0.34999499, 1.0000000
0.34201717, 1.0000000, 0.94933766, 9.2224560, 9.6961222, 9.8335352, 9.9554615, 9.9772739, 9.9914122, 19.999016, 19.999731, 19.999678, 19.975233, 0.34222457, 0.34696123, 0.34833536, 0.34955460, 0.34977275, 0.34991413, 0.34999508, 0.34999865, 0.34999838, 0.34987617, 0.94933766
0.35600001, 1.0000000, 1.0000000, 9.9999990, 9.9999990, 9.9999990, 9.9999990, 9.9999990, 9.9999990, 19.999998, 19.999998, 19.999998, 19.994993, 0.34999999, 0.34999999, 0.34999999, 0.34999999, 0.34999999, 0.34999999, 0.34999999, 0.34999999, 0.34999999, 0.34997496, 1.0000000
0.35600001, 1.0000000, 1.0000000, 9.9999990, 9.9999990, 9.9999990, 9.9999990, 9.9999990, 9.9999990, 19.999998, 19.999998, 19.999998, 19.998999, 0.34999999, 0.34999999, 0.34999999, 0.34999999, 0.34999999, 0.34999999, 0.34999999, 0.34999999, 0.34999999, 0.34999499, 1.0000000
0.35600001, 1.0000000, 1.0000000, 9.9999990, 9.9999990, 9.9999990, 9.9999990, 9.9999990, 9.9999990, 19.999998, 19.999998, 19.999998, 19.995995, 0.34999999, 0.34999999, 0.34999999, 0.34999999, 0.34999999, 0.34999999, 0.34999999, 0.34999999, 0.34999999, 0.34997997, 1.0000000
0.35600001, 1.0000000, 1.0000000, 9.9999990, 9.9999990, 9.9999990, 9.9999990, 9.9999990, 9.9999990, 19.999998, 19.999998, 19.999998, 19.994993, 0.34999999, 0.34999999, 0.34999999, 0.34999999, 0.34999999, 0.34999999, 0.34999999, 0.34999999, 0.34999999, 0.34997496, 1.0000000
0.35600001, 1.0000000, 1.0000000, 9.9999990, 9.9999990, 9.9999990, 9.9999990, 9.9999990, 9.9999990, 19.999998, 19.999998, 19.999998, 19.997997, 0.34999999, 0.34999999, 0.34999999, 0.34999999, 0.34999999, 0.34999999, 0.34999999, 0.34999999, 0.34999999, 0.34998998, 1.0000000
0.35600001, 1.0000000, 1.0000000, 9.9999990, 9.9999990, 9.9999990, 9.9999990, 9.9999990, 9.9999990, 19.999998, 19.999998, 19.999998, 19.998999, 0.34999999, 0.34999999, 0.34999999, 0.34999999, 0.34999999, 0.34999999, 0.34999999, 0.34999999, 0.34999999, 0.34999499, 1.0000000
0.33103293, 1.0000000, 0.90953952, 8.5525770, 9.5391340, 9.7367897, 9.9187069, 9.9579906, 9.9832993, 19.997412, 19.999319, 19.999701, 19.980080, 0.33552578, 0.34539133, 0.34736788, 0.34918708, 0.34957990, 0.34983298, 0.34998706, 0.34999660, 0.34999850, 0.34990039, 0.90953952
0.32984781, 1.0000000, 0.90524572, 8.5506525, 9.4472818, 9.6576834, 9.8557634, 9.9215431, 9.9665766, 19.993742, 19.998371, 19.998260, 19.957277, 0.33550605, 0.34447250, 0.34657666, 0.34855762, 0.34921542, 0.34966576, 0.34996870, 0.34999186, 0.34999129, 0.34978640, 0.90524572
0.30644554, 1.0000000, 0.82045478, 6.8853946, 9.4194574, 9.6241369, 9.8094912, 9.8904381, 9.9500914, 19.989359, 19.997219, 19.994577, 19.936661, 0.31885394, 0.34419459, 0.34624135, 0.34809491, 0.34890437, 0.34950092, 0.34994680, 0.34998611, 0.34997290, 0.34968331, 0.82045478
0.32757592, 1.0000000, 0.89701420, 8.4313135, 9.4034348, 9.6115599, 9.7951775, 9.8772106, 9.9415598, 19.986946, 19.996500, 19.988220, 19.918985, 0.33431312, 0.34403434, 0.34611559, 0.34795177, 0.34877211, 0.34941560, 0.34993473, 0.34998250, 0.34994110, 0.34959492, 0.89701420
0.29613715, 1.0000000, 0.78310567, 6.2070074, 9.3399410, 9.5672369, 9.7660351, 9.8570404, 9.9294910, 19.982887, 19.995087, 19.978886, 19.904373, 0.31207007, 0.34339941, 0.34567237, 0.34766036, 0.34857041, 0.34929490, 0.34991443, 0.34997544, 0.34989443, 0.34952188, 0.78310567
0.25063092, 1.0000000, 0.61822802, 3.0227625, 9.2087793, 9.4697552, 9.7011919, 9.8154163, 9.9068232, 19.975439, 19.992218, 19.966871, 19.892696, 0.28022763, 0.34208781, 0.34469754, 0.34701192, 0.34815416, 0.34906822, 0.34987718, 0.34996110, 0.34983435, 0.34946349, 0.61822802
0.22226688, 1.0000000, 0.51545972, 2.0485730, 7.4072886, 9.4740868, 9.6889191, 9.8025160, 9.8965845, 19.969646, 19.988733, 19.953342, 19.883739, 0.27048442, 0.32407010, 0.34473908, 0.34688884, 0.34802496, 0.34896579, 0.34984824, 0.34994367, 0.34976670, 0.34941870, 0.51545972
0.35595977, 1.0000000, 0.99985427, 9.9982109, 9.9989233, 9.9994631, 9.9998922, 9.9999456, 9.9999819, 19.999998, 19.999998, 19.999996, 19.993994, 0.34997997, 0.34998795, 0.34999397, 0.34999880, 0.34999940, 0.34999979, 0.34999999, 0.34999999, 0.34999996, 0.34996998, 0.99985427
0.35519373, 1.0000000, 0.99707866, 9.9593983, 9.9765291, 9.9881725, 9.9974222, 9.9987059, 9.9995375, 19.999969, 19.999987, 19.999983, 19.990009, 0.34959400, 0.34976530, 0.34988171, 0.34997422, 0.34998706, 0.34999537, 0.34999985, 0.34999993, 0.34999990, 0.34995005, 0.99707866
0.35600001, 1.0000000, 1.0000000, 9.9999990, 9.9999990, 9.9999990, 9.9999990, 9.9999990, 9.9999990, 19.999998, 19.999998, 19.999998, 19.998999, 0.34999999, 0.34999999, 0.34999999, 0.34999999, 0.34999999, 0.34999999, 0.34999999, 0.34999999, 0.34999999, 0.34999499, 1.0000000
0.34457988, 1.0000000, 0.95862275, 9.4440670, 9.6512871, 9.8062878, 9.9447880, 9.9717102, 9.9889879, 19.998461, 19.999599, 19.999819, 19.983057, 0.34444067, 0.34651285, 0.34806287, 0.34944788, 0.34971711, 0.34988987, 0.34999231, 0.34999800, 0.34999910, 0.34991530, 0.95862275
0.35600001, 1.0000000, 1.0000000, 9.9999990, 9.9999990, 9.9999990, 9.9999990, 9.9999990, 9.9999990, 19.999998, 19.999998, 19.999992, 19.998999, 0.34999999, 0.34999999, 0.34999999, 0.34999999, 0.34999999, 0.34999999, 0.34999999, 0.34999999, 0.34999996, 0.34999499, 1.0000000
0.32155848, 1.0000000, 0.87521178, 7.9359188, 9.4563780, 9.6785202, 9.8868408, 9.9406328, 9.9753389, 19.995363, 19.998795, 19.999439, 19.975163, 0.32935756, 0.34456265, 0.34678459, 0.34886828, 0.34940627, 0.34975335, 0.34997681, 0.34999397, 0.34999719, 0.34987581, 0.87521178
0.29876533, 1.0000000, 0.79262799, 6.3082566, 9.4372187, 9.6484108, 9.8470087, 9.9151697, 9.9636440, 19.993408, 19.998281, 19.997728, 19.952765, 0.31307980, 0.34436971, 0.34648284, 0.34846982, 0.34915158, 0.34963641, 0.34996703, 0.34999141, 0.34998864, 0.34976381, 0.79262799
0.27030474, 1.0000000, 0.68950993, 4.3030362, 9.3745756, 9.5971146, 9.8004599, 9.8843460, 9.9478855, 19.989967, 19.997368, 19.993551, 19.932697, 0.29302657, 0.34374082, 0.34596860, 0.34800410, 0.34884319, 0.34947875, 0.34994984, 0.34998685, 0.34996775, 0.34966350, 0.68950993
0.35600001, 1.0000000, 1.0000000, 9.9999990, 9.9999990, 9.9999990, 9.9999990, 9.9999990, 9.9999990, 19.999998, 19.999998, 19.999998, 19.997997, 0.34999999, 0.34999999, 0.34999999, 0.34999999, 0.34999999, 0.34999999, 0.34999999, 0.34999999, 0.34999999, 0.34998998, 1.0000000
0.34403014, 1.0000000, 0.95663083, 9.4627218, 9.5790682, 9.7601614, 9.9278145, 9.9627571, 9.9854317, 19.997955, 19.999468, 19.999586, 19.974239, 0.34462720, 0.34579068, 0.34760162, 0.34927815, 0.34962755, 0.34985432, 0.34998977, 0.34999734, 0.34999794, 0.34987119, 0.95663083
0.34239417, 1.0000000, 0.95070356, 9.4005241, 9.5231495, 9.6954470, 9.8853283, 9.9383631, 9.9752445, 19.996643, 19.999123, 19.997845, 19.951935, 0.34400523, 0.34523150, 0.34695446, 0.34885329, 0.34938362, 0.34975246, 0.34998322, 0.34999561, 0.34998924, 0.34975967, 0.95070356
0.30952618, 1.0000000, 0.83161652, 7.1432762, 9.3712835, 9.6023502, 9.8180084, 9.8978481, 9.9559355, 19.992508, 19.998030, 19.993526, 19.931971, 0.32143277, 0.34371284, 0.34602350, 0.34818009, 0.34897849, 0.34955937, 0.34996253, 0.34999016, 0.34996763, 0.34965986, 0.83161652
0.27290982, 1.0000000, 0.69894850, 4.5572515, 9.2966433, 9.5423555, 9.7654715, 9.8621817, 9.9368477, 19.987972, 19.996717, 19.986290, 19.915030, 0.29557180, 0.34296557, 0.34542310, 0.34765461, 0.34862176, 0.34936845, 0.34993985, 0.34998357, 0.34993145, 0.34957516, 0.69894850
0.26037121, 1.0000000, 0.65351886, 3.6101670, 9.3495722, 9.5676012, 9.7599592, 9.8527842, 9.9284773, 19.984982, 19.995474, 19.976339, 19.901203, 0.28610039, 0.34349373, 0.34567499, 0.34759939, 0.34852773, 0.34928474, 0.34992492, 0.34997737, 0.34988171, 0.34950602, 0.65351886
0.35599715, 1.0000000, 0.99998969, 9.9998560, 9.9999161, 9.9999580, 9.9999905, 9.9999962, 9.9999990, 19.999998, 19.999992, 19.999992, 19.994993, 0.34999856, 0.34999916, 0.34999958, 0.34999990, 0.34999996, 0.34999999, 0.34999999, 0.34999996, 0.34999996, 0.34997496, 0.99998969
0.35600001, 1.0000000, 1.0000000, 9.9999990, 9.9999990, 9.9999990, 9.9999990, 9.9999990, 9.9999990, 19.999998, 19.999998, 19.999998, 19.996996, 0.34999999, 0.34999999, 0.34999999, 0.34999999, 0.34999999, 0.34999999, 0.34999999, 0.34999999, 0.34999999, 0.34998497, 1.0000000
0.35600001, 1.0000000, 1.0000000, 9.9999990, 9.9999990, 9.9999990, 9.9999990, 9.9999990, 9.9999990, 19.999998, 19.999998, 19.999998, 19.997997, 0.34999999, 0.34999999, 0.34999999, 0.34999999, 0.34999999, 0.34999999, 0.34999999, 0.34999999, 0.34999999, 0.34998998, 1.0000000
0.33788419, 1.0000000, 0.93436289, 9.0341711, 9.5573120, 9.7482662, 9.9253483, 9.9615231, 9.9850693, 19.998014, 19.999487, 19.999586, 19.974239, 0.34034172, 0.34557313, 0.34748265, 0.34925348, 0.34961522, 0.34985068, 0.34999007, 0.34999743, 0.34999794, 0.34987119, 0.93436289
0.35598648, 1.0000000, 0.99995106, 9.9993258, 9.9995937, 9.9997969, 9.9999609, 9.9999790, 9.9999905, 19.999998, 19.999998, 19.999990, 19.992998, 0.34999326, 0.34999594, 0.34999797, 0.34999961, 0.34999979, 0.34999990, 0.34999999, 0.34999999, 0.34999996, 0.34996498, 0.99995106
0.32818913, 1.0000000, 0.89923584, 8.3913422, 9.4849205, 9.6998644, 9.9029732, 9.9495363, 9.9798546, 19.996893, 19.999195, 19.999598, 19.977108, 0.33391342, 0.34484920, 0.34699863, 0.34902972, 0.34949535, 0.34979856, 0.34998447, 0.34999597, 0.34999800, 0.34988552, 0.89923584
0.32773089, 1.0000000, 0.89757556, 8.4062948, 9.4394636, 9.6464844, 9.8427773, 9.9132528, 9.9629068, 19.993324, 19.998259, 19.997952, 19.954510, 0.33406293, 0.34439462, 0.34646484, 0.34842777, 0.34913254, 0.34962907, 0.34996662, 0.34999129, 0.34998977, 0.34977254, 0.89757556
0.29452372, 1.0000000, 0.77725977, 6.0829782, 9.3428221, 9.5774803, 9.7908449, 9.8791094, 9.9454412, 19.989347, 19.997202, 19.993971, 19.934219, 0.31082979, 0.34342822, 0.34577480, 0.34790844, 0.34879109, 0.34945440, 0.34994674, 0.34998602, 0.34996986, 0.34967110, 0.77725977
0.27301237, 1.0000000, 0.69932014, 4.5676069, 9.2987165, 9.5374956, 9.7513084, 9.8504601, 9.9288130, 19.984818, 19.995878, 19.987083, 19.916910, 0.29566795, 0.34297729, 0.34536988, 0.34751204, 0.34850407, 0.34928796, 0.34992409, 0.34997940, 0.34993541, 0.34958455, 0.69932014
0.35600001, 1.0000000, 1.0000000, 9.9999990, 9.9999990, 9.9999990, 9.9999990, 9.9999990, 9.9999990, 19.999998, 19.999998, 19.999998, 19.995995, 0.34999999, 0.34999999, 0.34999999, 0.34999999, 0.34999999, 0.34999999, 0.34999999, 0.34999999, 0.34999999, 0.34997997, 1.0000000
0.35600001, 1.0000000, 1.0000000, 9.9999990, 9.9999990, 9.9999990, 9.9999990, 9.9999990, 9.9999990, 19.999998, 19.999998, 19.999998, 19.998999, 0.34999999, 0.34999999, 0.34999999, 0.34999999, 0.34999999, 0.34999999, 0.34999999, 0.34999999, 0.34999999, 0.34999499, 1.0000000
0.35145795, 1.0000000, 0.98354334, 9.9153423, 9.7217655, 9.7607431, 9.9257421, 9.9615984, 9.9847317, 19.997639, 19.999378, 19.999607, 19.975210, 0.34915343, 0.34721765, 0.34760743, 0.34925741, 0.34961599, 0.34984732, 0.34998819, 0.34999689, 0.34999803, 0.34987605, 0.98354334
0.32302999, 1.0000000, 0.88054347, 8.0716047, 9.4291067, 9.6439323, 9.8589811, 9.9237280, 9.9685726, 19.995024, 19.998699, 19.997854, 19.952789, 0.33071399, 0.34428960, 0.34643859, 0.34858966, 0.34923717, 0.34968570, 0.34997511, 0.34999350, 0.34998927, 0.34976393, 0.88054347
0.28893697, 1.0000000, 0.75701803, 5.6711154, 9.3507948, 9.5831165, 9.7979994, 9.8847456, 9.9491272, 19.990698, 19.997559, 19.993635, 19.932716, 0.30671069, 0.34350750, 0.34583092, 0.34797993, 0.34884742, 0.34949127, 0.34995347, 0.34998780, 0.34996817, 0.34966359, 0.75701803
0.25858021, 1.0000000, 0.64702976, 3.4995689, 9.3218222, 9.5567169, 9.7678328, 9.8614674, 9.9354277, 19.987322, 19.996552, 19.986584, 19.915682, 0.28499410, 0.34321570, 0.34556589, 0.34767807, 0.34861454, 0.34935424, 0.34993660, 0.34998277, 0.34993291, 0.34957841, 0.64702976
0.33940792, 1.0000000, 0.93988365, 9.0691614, 9.6511974, 9.8071918, 9.9468222, 9.9728117, 9.9896002, 19.998711, 19.999664, 19.999851, 19.984043, 0.34068990, 0.34651086, 0.34807137, 0.34946811, 0.34972805, 0.34989598, 0.34999356, 0.34999833, 0.34999925, 0.34992021, 0.93988365
0.35597438, 1.0000000, 0.99990708, 9.9987211, 9.9992332, 9.9996147, 9.9999218, 9.9999609, 9.9999876, 19.999998, 19.999998, 19.999998, 19.994993, 0.34998721, 0.34999233, 0.34999615, 0.34999922, 0.34999961, 0.34999987, 0.34999999, 0.34999999, 0.34999999, 0.34997496, 0.99990708
0.35600001, 1.0000000, 1.0000000, 9.9999990, 9.9999990, 9.9999990, 9.9999990, 9.9999990, 9.9999990, 19.999998, 19.999998, 19.999998, 19.994993, 0.34999999, 0.34999999, 0.34999999, 0.34999999, 0.34999999, 0.34999999, 0.34999999, 0.34999999, 0.34999999, 0.34997496, 1.0000000
0.34151077, 1.0000000, 0.94750279, 9.1916752, 9.6885443, 9.8289537, 9.9555149, 9.9773321, 9.9916496, 19.999254, 19.999807, 19.999847, 19.981091, 0.34191674, 0.34688544, 0.34828955, 0.34955513, 0.34977332, 0.34991649, 0.34999627, 0.34999904, 0.34999925, 0.34990546, 0.94750279
0.32064858, 1.0000000, 0.87191510, 7.8523698, 9.4799175, 9.6885986, 9.8897171, 9.9417000, 9.9767952, 19.996780, 19.999170, 19.998562, 19.958214, 0.32852370, 0.34479916, 0.34688598, 0.34889716, 0.34941700, 0.34976795, 0.34998390, 0.34999585, 0.34999281, 0.34979108, 0.87191510
0.35598707, 1.0000000, 0.99995309, 9.9993553, 9.9996090, 9.9998055, 9.9999609, 9.9999790, 9.9999905, 19.999998, 19.999998, 19.999998, 19.994993, 0.34999356, 0.34999609, 0.34999806, 0.34999961, 0.34999979, 0.34999990, 0.34999999, 0.34999999, 0.34999999, 0.34997496, 0.99995309
0.35534388, 1.0000000, 0.99762273, 9.9999990, 9.9982424, 9.8684750, 9.9093161, 9.9529724, 9.9815655, 19.997437, 19.999325, 19.999727, 19.981050, 0.34999999, 0.34998244, 0.34868476, 0.34909317, 0.34952971, 0.34981567, 0.34998718, 0.34999663, 0.34999865, 0.34990525, 0.99762273
0.33032507, 1.0000000, 0.90697491, 8.5682116, 9.4755926, 9.6593113, 9.8490057, 9.9176731, 9.9665060, 19.995411, 19.998800, 19.998455, 19.958185, 0.33568212, 0.34475592, 0.34659311, 0.34849006, 0.34917673, 0.34966505, 0.34997705, 0.34999400, 0.34999228, 0.34979093, 0.90697491
0.28853804, 1.0000000, 0.75557262, 5.6955757, 9.2870207, 9.5395002, 9.7719564, 9.8691339, 9.9422083, 19.989979, 19.997368, 19.994810, 19.937429, 0.30695575, 0.34287021, 0.34539500, 0.34771955, 0.34869134, 0.34942210, 0.34994990, 0.34998685, 0.34997404, 0.34968716, 0.75557262
0.25041443, 1.0000000, 0.61744362, 2.9606943, 9.2628918, 9.5084896, 9.7285337, 9.8363523, 9.9222155, 19.984259, 19.995762, 19.988356, 19.919571, 0.27960640, 0.34262791, 0.34508437, 0.34728521, 0.34836346, 0.34922212, 0.34992129, 0.34997880, 0.34994179, 0.34959787, 0.61744362
0.23520409, 1.0000000, 0.56233364, 2.5334625, 8.0984106, 9.5811987, 9.7540445, 9.8447399, 9.9217730, 19.982643, 19.994991, 19.979284, 19.904900, 0.27533463, 0.33098412, 0.34581199, 0.34754044, 0.34844738, 0.34921771, 0.34991321, 0.34997496, 0.34989643, 0.34952450, 0.56233364
0.21788913, 1.0000000, 0.49959826, 2.0224304, 6.8650923, 9.5703983, 9.7495651, 9.8403111, 9.9175406, 19.980162, 19.993471, 19.967695, 19.893187, 0.27022430, 0.31865093, 0.34570399, 0.34749565, 0.34840310, 0.34917539, 0.34990081, 0.34996736, 0.34983847, 0.34946594, 0.49959826
0.20999312, 1.0000000, 0.47098956, 1.8314451, 6.1894221, 9.6425552, 9.7825756, 9.8577127, 9.9238062, 19.979679, 19.991503, 19.954556, 19.884207, 0.26831445, 0.31189424, 0.34642556, 0.34782577, 0.34857714, 0.34923807, 0.34989840, 0.34995753, 0.34977278, 0.34942102, 0.47098956
0.19553627, 1.0000000, 0.41860968, 1.4085501, 5.1775165, 9.5890074, 9.7634907, 9.8476572, 9.9191551, 19.977314, 19.987614, 19.940569, 19.877357, 0.26408550, 0.30177516, 0.34589007, 0.34763491, 0.34847659, 0.34919155, 0.34988657, 0.34993806, 0.34970284, 0.34938678, 0.41860968
0.17810699, 1.0000000, 0.35546011, 1.0686040, 3.6997783, 9.4804497, 9.7153568, 9.8199644, 9.9073954, 19.974642, 19.981821, 19.926796, 19.872259, 0.26068604, 0.28699780, 0.34480450, 0.34715357, 0.34819964, 0.34907395, 0.34987321, 0.34990910, 0.34963399, 0.34936130, 0.35546011
0.16861290, 1.0000000, 0.32106116, 0.84165335, 2.9891520, 9.3588514, 9.7394304, 9.8315401, 9.9109936, 19.973454, 19.974436, 19.914118, 19.868540, 0.25841653, 0.27989152, 0.34358853, 0.34739429, 0.34831542, 0.34910995, 0.34986728, 0.34987217, 0.34957057, 0.34934270, 0.32106116
0.15187678, 0.86799026, 0.26042312, 0.29350817, 2.3828864, 8.3722582, 9.6783333, 9.7965078, 9.8948994, 19.968210, 19.964134, 19.902645, 19.865789, 0.25293508, 0.27382886, 0.33372259, 0.34678334, 0.34796506, 0.34894899, 0.34984106, 0.34982067, 0.34951323, 0.34932894, 0.26042312
0.13689062, 0.68701595, 0.20612541, 0.0000000, 1.7012596, 7.1106825, 9.6187334, 9.7579594, 9.8751907, 19.961100, 19.951977, 19.892790, 19.863771, 0.24996275, 0.26701206, 0.32110572, 0.34618703, 0.34757945, 0.34875184, 0.34980550, 0.34975988, 0.34946394, 0.34931886, 0.20612541
0.12864861, 0.58748472, 0.17626305, 0.0000000, 1.2401342, 6.0434074, 9.6176615, 9.7533884, 9.8700256, 19.954870, 19.939409, 19.884813, 19.862329, 0.24996275, 0.26239988, 0.31043050, 0.34617549, 0.34753332, 0.34870005, 0.34977436, 0.34969705, 0.34942406, 0.34931165, 0.17626305
0.12417413, 0.53345066, 0.16005121, 0.0000000, 1.0372221, 5.3555937, 9.6669655, 9.7807941, 9.8808098, 19.950617, 19.927492, 19.878572, 19.861343, 0.24996275, 0.26037058, 0.30355170, 0.34666812, 0.34780717, 0.34880784, 0.34975308, 0.34963745, 0.34939286, 0.34930670, 0.16005121
0.11950802, 0.47710225, 0.14314499, 0.19400716, 0.66615939, 4.3376627, 9.6121759, 9.7497606, 9.8674469, 19.942438, 19.915365, 19.873547, 19.860615, 0.25194007, 0.25666159, 0.29337662, 0.34612176, 0.34749761, 0.34867448, 0.34971219, 0.34957683, 0.34936774, 0.34930307, 0.14314499
0.11464397, 0.41836357, 0.12552163, 0.53864717E-1, 0.55197775, 3.8397543, 9.6826534, 9.7890882, 9.8822613, 19.935640, 19.904867, 19.869802, 19.860121, 0.25053865, 0.25551978, 0.28839755, 0.34682652, 0.34789088, 0.34882262, 0.34967822, 0.34952432, 0.34934902, 0.34930059, 0.12552163
0.11183976, 0.38449973, 0.11536146, 0.0000000, 0.47081411, 3.4932756, 9.7303534, 9.8177423, 9.8939705, 19.928041, 19.895664, 19.866962, 19.859791, 0.24999779, 0.25470528, 0.28492215, 0.34729761, 0.34817445, 0.34893870, 0.34964019, 0.34947830, 0.34933481, 0.34929895, 0.11536146
0.11094362, 0.37367782, 0.11211456, 0.0000000, 0.44099689, 3.3199754, 9.7853546, 9.8502941, 9.9070129, 19.920279, 19.887959, 19.864855, 19.859556, 0.24999779, 0.25440997, 0.28319976, 0.34785354, 0.34850293, 0.34907013, 0.34960139, 0.34943980, 0.34932429, 0.34929779, 0.11211456
0.13901851, 0.71271253, 0.21383515, 2.1145463, 0.39560497, 3.1402669, 9.7971087, 9.8593674, 9.9105482, 19.912008, 19.881531, 19.863272, 19.859404, 0.27114546, 0.25395605, 0.28140268, 0.34797108, 0.34859368, 0.34910548, 0.34956005, 0.34940764, 0.34931636, 0.34929702, 0.21383515
0.35600001, 1.0000000, 1.0000000, 9.9999990, 9.9999990, 9.9999990, 9.9999990, 9.9999990, 9.9999990, 19.999998, 19.999998, 19.999996, 19.993994, 0.34999999, 0.34999999, 0.34999999, 0.34999999, 0.34999999, 0.34999999, 0.34999999, 0.34999999, 0.34999996, 0.34996998, 1.0000000
0.33162087, 1.0000000, 0.91166973, 8.6158094, 9.5132990, 9.7203846, 9.9159517, 9.9565802, 9.9832525, 19.997894, 19.999451, 19.999426, 19.970396, 0.33615810, 0.34513301, 0.34720385, 0.34915951, 0.34956580, 0.34983253, 0.34998947, 0.34999725, 0.34999713, 0.34985197, 0.91166973
0.29297093, 1.0000000, 0.77163374, 5.9874554, 9.3134670, 9.5709934, 9.8199615, 9.9016743, 9.9591541, 19.993570, 19.998329, 19.997128, 19.948383, 0.30987456, 0.34313467, 0.34570992, 0.34819961, 0.34901673, 0.34959155, 0.34996784, 0.34999165, 0.34998563, 0.34974191, 0.77163374
0.25839251, 1.0000000, 0.64634973, 3.5117464, 9.2868824, 9.5384159, 9.7715139, 9.8675966, 9.9415197, 19.990364, 19.997477, 19.992403, 19.928925, 0.28511682, 0.34286782, 0.34538364, 0.34771502, 0.34867591, 0.34941515, 0.34995180, 0.34998739, 0.34996203, 0.34964463, 0.64634973
0.22946416, 1.0000000, 0.54153681, 2.3133368, 7.8190026, 9.4930639, 9.7290506, 9.8365746, 9.9236879, 19.986544, 19.996334, 19.984737, 19.912506, 0.27313337, 0.32819003, 0.34493065, 0.34729052, 0.34836575, 0.34923688, 0.34993273, 0.34998167, 0.34992367, 0.34956253, 0.54153681
0.30077720, 1.0000000, 0.79991728, 6.9827037, 8.6638918, 9.4718094, 9.7032213, 9.8159027, 9.9094439, 19.981966, 19.994598, 19.974260, 19.899185, 0.31982702, 0.33663893, 0.34471810, 0.34703222, 0.34815902, 0.34909445, 0.34990984, 0.34997299, 0.34987131, 0.34949592, 0.79991728
0.25089085, 1.0000000, 0.61916965, 3.0553756, 9.1953812, 9.4570446, 9.6848631, 9.8008900, 9.8980379, 19.976486, 19.991901, 19.961573, 19.888720, 0.28055197, 0.34195057, 0.34456879, 0.34684831, 0.34800872, 0.34898031, 0.34988242, 0.34995949, 0.34980786, 0.34944361, 0.61916965
0.22738327, 1.0000000, 0.53399736, 2.4222403, 7.3977017, 9.4833460, 9.6923122, 9.8019190, 9.8957253, 19.973124, 19.988522, 19.947802, 19.880760, 0.27422050, 0.32397351, 0.34483120, 0.34692267, 0.34801894, 0.34895715, 0.34986562, 0.34994262, 0.34973902, 0.34940380, 0.53399736
0.20168510, 1.0000000, 0.44088799, 1.6555101, 5.5877876, 9.4539042, 9.6801653, 9.7939625, 9.8907585, 19.969175, 19.983328, 19.933760, 19.874765, 0.26655462, 0.30587691, 0.34453824, 0.34680146, 0.34793952, 0.34890756, 0.34984589, 0.34991664, 0.34966880, 0.34937382, 0.44088799
0.17880833, 1.0000000, 0.35800114, 1.0423988, 3.8540089, 9.4423676, 9.6726494, 9.7884712, 9.8875179, 19.965960, 19.976419, 19.920341, 19.870340, 0.26042280, 0.28853744, 0.34442043, 0.34672582, 0.34788439, 0.34887505, 0.34982979, 0.34988210, 0.34960172, 0.34935170, 0.35800114
0.18518101, 1.0000000, 0.38109061, 2.2147477, 2.8822751, 9.0138321, 9.6830740, 9.7935209, 9.8891878, 19.963661, 19.967806, 19.908260, 19.867134, 0.27214676, 0.27882218, 0.34013745, 0.34683055, 0.34793511, 0.34889185, 0.34981829, 0.34983903, 0.34954131, 0.34933567, 0.38109061
0.16285539, 1.0000000, 0.30020070, 1.3132244, 2.2464185, 7.9090648, 9.6466942, 9.7724037, 9.8793011, 19.958544, 19.956827, 19.897623, 19.864759, 0.26312974, 0.27246162, 0.32908612, 0.34646586, 0.34772345, 0.34879282, 0.34979272, 0.34978414, 0.34948811, 0.34932381, 0.30020070
0.14949735, 0.83925593, 0.25180197, 0.83411336, 1.8550366, 7.0565305, 9.6676531, 9.7826710, 9.8825436, 19.954922, 19.945238, 19.888853, 19.863083, 0.25833952, 0.26854822, 0.32056123, 0.34667540, 0.34782615, 0.34882525, 0.34977460, 0.34972620, 0.34944427, 0.34931540, 0.25180197
0.17070678, 1.0000000, 0.32864770, 2.8931646, 1.4450401, 6.1384969, 9.6531506, 9.7745657, 9.8789539, 19.949823, 19.932976, 19.881718, 19.861885, 0.27893165, 0.26445040, 0.31138498, 0.34653151, 0.34774566, 0.34878954, 0.34974912, 0.34966487, 0.34940860, 0.34930941, 0.32864770
0.18732697, 1.0000000, 0.38886580, 2.4733095, 2.9112637, 8.6068392, 9.7033367, 9.8030272, 9.8904638, 19.945387, 19.921373, 19.876184, 19.861055, 0.27473310, 0.27911264, 0.33606839, 0.34703338, 0.34803027, 0.34890464, 0.34972695, 0.34960687, 0.34938091, 0.34930527, 0.38886580
0.33648491, 1.0000000, 0.92929322, 9.2635555, 9.2091427, 9.3955231, 9.7401094, 9.8252602, 9.8997164, 19.939304, 19.910408, 19.871866, 19.860449, 0.34263557, 0.34209144, 0.34395522, 0.34740108, 0.34825259, 0.34899718, 0.34969652, 0.34955204, 0.34935933, 0.34930223, 0.92929322
0.28852877, 1.0000000, 0.75553900, 5.7520528, 9.2301836, 9.4831276, 9.7080002, 9.8091316, 9.8919973, 19.928833, 19.899706, 19.868332, 19.859974, 0.30752054, 0.34230185, 0.34483129, 0.34707999, 0.34809130, 0.34891999, 0.34964415, 0.34949854, 0.34934166, 0.34929988, 0.75553900
0.35600001, 1.0000000, 1.0000000, 9.9999990, 9.9999990, 9.9999990, 9.9999962, 9.9999990, 9.9999962, 19.999998, 19.999998, 19.999998, 19.997992, 0.34999999, 0.34999999, 0.34999999, 0.34999996, 0.34999999, 0.34999996, 0.34999999, 0.34999999, 0.34999999, 0.34998995, 1.0000000
0.32617861, 1.0000000, 0.89195150, 8.2385654, 9.4932756, 9.7055111, 9.9077635, 9.9521294, 9.9812918, 19.997471, 19.999344, 19.999527, 19.974216, 0.33238566, 0.34493276, 0.34705511, 0.34907764, 0.34952128, 0.34981292, 0.34998736, 0.34999672, 0.34999764, 0.34987110, 0.89195150
0.29088670, 1.0000000, 0.76408219, 5.8102593, 9.3467426, 9.5910501, 9.8281384, 9.9057465, 9.9612417, 19.994488, 19.998562, 19.997665, 19.951887, 0.30810001, 0.34346491, 0.34590921, 0.34828112, 0.34905735, 0.34961239, 0.34997243, 0.34999281, 0.34998834, 0.34975943, 0.76408219
0.26011530, 1.0000000, 0.65259159, 3.5994039, 9.3323154, 9.5688009, 9.7882557, 9.8772488, 9.9464340, 19.992176, 19.997929, 19.993456, 19.931959, 0.28599092, 0.34331831, 0.34568551, 0.34788206, 0.34877223, 0.34946427, 0.34996086, 0.34998965, 0.34996727, 0.34965980, 0.65259159
0.23144308, 1.0000000, 0.54870677, 2.3537607, 7.9836445, 9.5046434, 9.7375002, 9.8425627, 9.9269638, 19.987663, 19.996622, 19.986212, 19.915030, 0.27353761, 0.32983643, 0.34504643, 0.34737501, 0.34842563, 0.34926963, 0.34993833, 0.34998310, 0.34993106, 0.34957516, 0.54870677
0.35587400, 1.0000000, 0.99954331, 9.9954748, 9.9972887, 9.9986401, 9.9997282, 9.9998655, 9.9999514, 19.999998, 19.999998, 19.999998, 19.994993, 0.34993717, 0.34996235, 0.34998113, 0.34999624, 0.34999812, 0.34999934, 0.34999999, 0.34999999, 0.34999999, 0.34997496, 0.99954331
0.35600001, 1.0000000, 1.0000000, 9.9999990, 9.9999990, 9.9999990, 9.9999990, 9.9999990, 9.9999990, 19.999998, 19.999998, 19.999998, 19.998999, 0.34999999, 0.34999999, 0.34999999, 0.34999999, 0.34999999, 0.34999999, 0.34999999, 0.34999999, 0.34999999, 0.34999499, 1.0000000
0.31991988, 1.0000000, 0.86927491, 7.8287067, 9.4412088, 9.6690454, 9.8888245, 9.9418230, 9.9767952, 19.996531, 19.999092, 19.999523, 19.975185, 0.32828707, 0.34441209, 0.34669045, 0.34888825, 0.34941822, 0.34976795, 0.34998265, 0.34999546, 0.34999761, 0.34987593, 0.86927491
0.28649959, 1.0000000, 0.74818689, 5.4965019, 9.3430138, 9.5861006, 9.8176298, 9.8988285, 9.9572325, 19.993057, 19.998186, 19.997711, 19.952765, 0.30496502, 0.34343013, 0.34586102, 0.34817630, 0.34898829, 0.34957233, 0.34996527, 0.34999093, 0.34998855, 0.34976381, 0.74818689
0.26656809, 1.0000000, 0.67597133, 4.0344005, 9.3734503, 9.5949268, 9.7980995, 9.8817053, 9.9474297, 19.991604, 19.997797, 19.993681, 19.932739, 0.29033753, 0.34372547, 0.34594464, 0.34798005, 0.34881657, 0.34947416, 0.34995800, 0.34998900, 0.34996840, 0.34966370, 0.67597133
0.31192032, 1.0000000, 0.84029090, 7.2804446, 9.4252291, 9.6230907, 9.7989044, 9.8776646, 9.9426394, 19.990269, 19.997339, 19.986776, 19.915733, 0.32280204, 0.34425041, 0.34622997, 0.34798884, 0.34877655, 0.34942636, 0.34995133, 0.34998670, 0.34993389, 0.34957868, 0.84029090
0.35599327, 1.0000000, 0.99997544, 9.9996624, 9.9997969, 9.9998980, 9.9999790, 9.9999905, 9.9999962, 19.999998, 19.999998, 19.999998, 19.994993, 0.34999663, 0.34999797, 0.34999898, 0.34999979, 0.34999990, 0.34999996, 0.34999999, 0.34999999, 0.34999999, 0.34997496, 0.99997544
0.35600001, 1.0000000, 1.0000000, 9.9999990, 9.9999990, 9.9999990, 9.9999990, 9.9999990, 9.9999990, 19.999998, 19.999998, 19.999998, 19.995995, 0.34999999, 0.34999999, 0.34999999, 0.34999999, 0.34999999, 0.34999999, 0.34999999, 0.34999999, 0.34999999, 0.34997997, 1.0000000
0.34597480, 1.0000000, 0.96367681, 9.4566803, 9.7631760, 9.8733158, 9.9675121, 9.9835157, 9.9937925, 19.999290, 19.999813, 19.999922, 19.988003, 0.34456313, 0.34762949, 0.34873202, 0.34967488, 0.34983504, 0.34993789, 0.34999645, 0.34999907, 0.34999961, 0.34994000, 0.96367681
0.35600001, 1.0000000, 1.0000000, 9.9999990, 9.9999990, 9.9999990, 9.9999990, 9.9999990, 9.9999990, 19.999998, 19.999998, 19.999998, 19.994993, 0.34999999, 0.34999999, 0.34999999, 0.34999999, 0.34999999, 0.34999999, 0.34999999, 0.34999999, 0.34999999, 0.34997496, 1.0000000
0.35503519, 1.0000000, 0.99650419, 9.9999762, 9.9845886, 9.8123016, 9.9438686, 9.9712906, 9.9892311, 19.998873, 19.999701, 19.999863, 19.984043, 0.34999976, 0.34984589, 0.34812301, 0.34943870, 0.34971291, 0.34989232, 0.34999436, 0.34999850, 0.34999931, 0.34992021, 0.99650419
0.34023160, 1.0000000, 0.94286817, 9.1795034, 9.5876427, 9.7675371, 9.9354601, 9.9669151, 9.9876556, 19.998806, 19.999683, 19.999823, 19.981079, 0.34179503, 0.34587643, 0.34767538, 0.34935459, 0.34966916, 0.34987655, 0.34999403, 0.34999841, 0.34999913, 0.34990540, 0.94286817
0.31128263, 1.0000000, 0.83798051, 7.2320094, 9.4105377, 9.6397572, 9.8637877, 9.9270229, 9.9709635, 19.996346, 19.999039, 19.998539, 19.958214, 0.32232010, 0.34410536, 0.34639758, 0.34863788, 0.34927022, 0.34970963, 0.34998173, 0.34999520, 0.34999269, 0.34979108, 0.83798051
0.27896088, 1.0000000, 0.72087264, 4.9487724, 9.3485584, 9.5845938, 9.8073120, 9.8910236, 9.9538813, 19.993587, 19.998316, 19.995077, 19.937508, 0.29948482, 0.34348232, 0.34584424, 0.34807277, 0.34891006, 0.34953874, 0.34996793, 0.34999159, 0.34997538, 0.34968755, 0.72087264
0.24892320, 1.0000000, 0.61204052, 2.9438317, 9.0819263, 9.5538063, 9.7720900, 9.8652067, 9.9397631, 19.991365, 19.997669, 19.988871, 19.919687, 0.27943832, 0.34081927, 0.34553808, 0.34772089, 0.34865206, 0.34939763, 0.34995681, 0.34998834, 0.34994435, 0.34959844, 0.61204052
0.22318484, 1.0000000, 0.51878566, 2.1704941, 7.2958198, 9.4987841, 9.7298040, 9.8358145, 9.9228659, 19.987734, 19.996422, 19.979681, 19.904959, 0.27170494, 0.32295820, 0.34498784, 0.34729803, 0.34835815, 0.34922865, 0.34993866, 0.34998211, 0.34989840, 0.34952480, 0.51878566
0.20128189, 1.0000000, 0.43942711, 1.5857667, 5.6359386, 9.4828825, 9.7126236, 9.8211336, 9.9126358, 19.985172, 19.994915, 19.968060, 19.893232, 0.26585707, 0.30635810, 0.34482774, 0.34712604, 0.34821123, 0.34912634, 0.34992588, 0.34997457, 0.34984028, 0.34946615, 0.43942711
0.18293607, 1.0000000, 0.37295678, 1.1425972, 4.1658416, 9.4709282, 9.7046480, 9.8136473, 9.9067116, 19.983238, 19.992613, 19.954823, 19.884207, 0.26142597, 0.29165840, 0.34470928, 0.34704649, 0.34813648, 0.34906712, 0.34991619, 0.34996307, 0.34977412, 0.34942102, 0.37295678
0.22180979, 1.0000000, 0.51380354, 2.2530794, 7.0034027, 9.4850359, 9.7043533, 9.8112907, 9.9031734, 19.980742, 19.988775, 19.940817, 19.877369, 0.27253002, 0.32003260, 0.34484938, 0.34704334, 0.34811282, 0.34903172, 0.34990370, 0.34994388, 0.34970409, 0.34938684, 0.51380354
0.20015925, 1.0000000, 0.43535954, 1.6853124, 5.3429255, 9.4703016, 9.6988754, 9.8072071, 9.9004622, 19.978867, 19.983217, 19.927076, 19.872288, 0.26685268, 0.30342838, 0.34470224, 0.34698859, 0.34807199, 0.34900460, 0.34989434, 0.34991610, 0.34963539, 0.34936145, 0.43535954
0.24441636, 1.0000000, 0.59571141, 2.9192150, 8.5838404, 9.5563936, 9.7371712, 9.8280611, 9.9084949, 19.978102, 19.975965, 19.914391, 19.868576, 0.27919060, 0.33583567, 0.34556243, 0.34737140, 0.34828046, 0.34908488, 0.34989050, 0.34987983, 0.34957194, 0.34934288, 0.59571141
0.22573479, 1.0000000, 0.52802455, 2.2782326, 7.4116812, 9.5255651, 9.7293282, 9.8249111, 9.9071569, 19.975292, 19.966311, 19.903030, 19.865871, 0.27278233, 0.32411683, 0.34525564, 0.34729329, 0.34824911, 0.34907156, 0.34987646, 0.34983155, 0.34951514, 0.34932935, 0.52802455
0.26270390, 1.0000000, 0.66197062, 3.8385949, 9.2698431, 9.5360804, 9.7356224, 9.8287029, 9.9086351, 19.972246, 19.955170, 19.893404, 19.863895, 0.28838596, 0.34269843, 0.34536082, 0.34735623, 0.34828705, 0.34908634, 0.34986123, 0.34977585, 0.34946701, 0.34931949, 0.66197062
0.33138984, 1.0000000, 0.91083276, 8.5727110, 9.5462475, 9.7411966, 9.9249649, 9.9613676, 9.9853439, 19.998377, 19.999577, 19.999847, 19.986019, 0.33572474, 0.34546089, 0.34741116, 0.34924948, 0.34961358, 0.34985343, 0.34999189, 0.34999788, 0.34999925, 0.34993011, 0.91083276
0.30437151, 1.0000000, 0.81294024, 6.7237577, 9.4212580, 9.6440535, 9.8605642, 9.9247465, 9.9696865, 19.995975, 19.998955, 19.998856, 19.962831, 0.31723759, 0.34421259, 0.34644052, 0.34860563, 0.34924746, 0.34969687, 0.34997988, 0.34999478, 0.34999427, 0.34981415, 0.81294024
0.26854026, 1.0000000, 0.68311679, 4.2262220, 9.3101797, 9.5585451, 9.7924318, 9.8820467, 9.9495459, 19.992603, 19.998079, 19.995869, 19.941589, 0.29225692, 0.34309480, 0.34558189, 0.34792358, 0.34882012, 0.34949535, 0.34996301, 0.34999040, 0.34997934, 0.34970796, 0.68311679
0.23933086, 1.0000000, 0.57728571, 2.7031600, 8.3457651, 9.5212917, 9.7492952, 9.8508263, 9.9318323, 19.988806, 19.997057, 19.990170, 19.923113, 0.27702713, 0.33344936, 0.34520817, 0.34749201, 0.34850779, 0.34931815, 0.34994403, 0.34998530, 0.34995085, 0.34961557, 0.57728571
0.21535042, 1.0000000, 0.49040002, 1.9827306, 6.6687703, 9.4962559, 9.7221689, 9.8292971, 9.9177561, 19.985085, 19.995810, 19.981531, 19.907734, 0.26981884, 0.31667060, 0.34495041, 0.34721917, 0.34829172, 0.34917715, 0.34992543, 0.34997904, 0.34990767, 0.34953868, 0.49040002
0.19228315, 1.0000000, 0.40682298, 1.3313830, 4.9877963, 9.4665861, 9.6993418, 9.8117447, 9.9060659, 19.981281, 19.994076, 19.970287, 19.895403, 0.26330405, 0.29985604, 0.34464502, 0.34698915, 0.34811530, 0.34905994, 0.34990641, 0.34997037, 0.34985143, 0.34947702, 0.40682298
0.17083502, 1.0000000, 0.32911238, 0.77753663, 3.3325365, 9.4430161, 9.6806622, 9.7975760, 9.8967838, 19.977697, 19.991514, 19.957216, 19.885839, 0.25777143, 0.28331527, 0.34441581, 0.34680367, 0.34797427, 0.34896734, 0.34988850, 0.34995759, 0.34978607, 0.34942919, 0.32911238
0.15444759, 0.89903563, 0.26973766, 0.33116043, 2.5000663, 8.6417570, 9.6619577, 9.7843342, 9.8888721, 19.974388, 19.987677, 19.943270, 19.878582, 0.25330982, 0.27499256, 0.33640352, 0.34661645, 0.34784177, 0.34888819, 0.34987193, 0.34993839, 0.34971637, 0.34939292, 0.26973766
0.14314002, 0.76248431, 0.22876817, 0.56603551E-1, 2.0565004, 7.7106986, 9.6642570, 9.7838535, 9.8871851, 19.972097, 19.982359, 19.929436, 19.873188, 0.25056583, 0.27056023, 0.32709801, 0.34664032, 0.34783739, 0.34887147, 0.34986049, 0.34991181, 0.34964716, 0.34936595, 0.22876817
0.13459702, 0.65931833, 0.19781528, 0.0000000, 1.6220063, 6.7100892, 9.6482019, 9.7738495, 9.8824396, 19.969933, 19.975098, 19.916462, 19.869209, 0.24999262, 0.26621330, 0.31708688, 0.34647799, 0.34773648, 0.34882370, 0.34984967, 0.34987548, 0.34958231, 0.34934604, 0.19781528
0.12796038, 0.57917386, 0.17376953, 0.0000000, 1.2684524, 5.8130002, 9.6456327, 9.7714663, 9.8805027, 19.967325, 19.965841, 19.904848, 19.866301, 0.24999262, 0.26268253, 0.30812544, 0.34645480, 0.34771389, 0.34880474, 0.34983662, 0.34982920, 0.34952423, 0.34933150, 0.17376953
0.12142912, 0.50030166, 0.15010551, 0.0000000, 0.94011724, 4.8975477, 9.6304045, 9.7620277, 9.8759155, 19.964052, 19.954952, 19.894884, 19.864189, 0.24999262, 0.25939658, 0.29896355, 0.34629938, 0.34761789, 0.34875834, 0.34982026, 0.34977478, 0.34947443, 0.34932095, 0.15010551
0.11538085, 0.42726228, 0.12819150, 0.0000000, 0.66262484, 3.9953015, 9.6143456, 9.7517834, 9.8708696, 19.960073, 19.943068, 19.886631, 19.862673, 0.24999262, 0.25662342, 0.28994444, 0.34613934, 0.34751576, 0.34870797, 0.34980038, 0.34971535, 0.34943315, 0.34931338, 0.12819150
0.10931695, 0.35403392, 0.10622080, 0.0000000, 0.40795207, 3.0488608, 9.5856943, 9.7335663, 9.8618984, 19.954655, 19.930735, 19.879965, 19.861589, 0.24999262, 0.25407541, 0.28047326, 0.34584728, 0.34733078, 0.34861732, 0.34977329, 0.34965366, 0.34939983, 0.34930795, 0.10622080
0.10458621, 0.29690525, 0.89080483E-1, 0.0000000, 0.19319654, 2.4457126, 9.0529852, 9.7015848, 9.8461294, 19.948158, 19.918797, 19.874744, 19.860804, 0.24999262, 0.25192949, 0.27444142, 0.34051824, 0.34700963, 0.34845918, 0.34974080, 0.34959400, 0.34937373, 0.34930402, 0.89080483E-1
0.10157648, 0.26055953, 0.78175679E-1, 0.0000000, 0.78925490E-1, 2.0501852, 8.5322285, 9.7020435, 9.8440456, 19.941017, 19.907883, 19.870716, 19.860273, 0.24999262, 0.25078863, 0.27049378, 0.33531556, 0.34701663, 0.34843919, 0.34970510, 0.34953940, 0.34935358, 0.34930137, 0.78175679E-1
0.98864250E-1, 0.22780636, 0.68348743E-1, 0.0000000, 0.0000000, 1.6657352, 7.9720745, 9.6882849, 9.8364191, 19.932362, 19.898056, 19.867617, 19.859880, 0.24999262, 0.24999537, 0.26665515, 0.32971865, 0.34688157, 0.34836376, 0.34966180, 0.34949028, 0.34933808, 0.34929940, 0.68348743E-1
0.96948154E-1, 0.20466740, 0.61406363E-1, 0.0000000, 0.0000000, 1.3224989, 7.3819594, 9.6743097, 9.8281898, 19.923138, 19.889662, 19.865278, 19.859592, 0.24999262, 0.24999537, 0.26322368, 0.32381812, 0.34674215, 0.34828156, 0.34961569, 0.34944832, 0.34932640, 0.34929797, 0.61406363E-1
0.95023915E-1, 0.18143015, 0.54434489E-1, 0.0000000, 0.0000000, 0.99329352, 6.7171850, 9.6510687, 9.8149490, 19.913206, 19.882536, 19.863495, 19.859409, 0.24999262, 0.24999537, 0.25993267, 0.31717148, 0.34651044, 0.34814939, 0.34956604, 0.34941268, 0.34931749, 0.34929705, 0.54434489E-1
0.93941182E-1, 0.16835491, 0.50511528E-1, 0.0000000, 0.0000000, 0.82400441, 6.2367430, 9.6895638, 9.8287773, 19.904261, 19.876913, 19.862228, 19.859299, 0.24999262, 0.24999537, 0.25823656, 0.31236213, 0.34689152, 0.34828636, 0.34952131, 0.34938458, 0.34931114, 0.34929651, 0.50511528E-1
0.16658229, 1.0000000, 0.31370389, 2.6622832, 2.1337092, 4.5731277, 9.4587355, 9.7831001, 9.8669653, 19.897221, 19.872776, 19.861382, 19.859299, 0.27662244, 0.27133691, 0.29573107, 0.34458727, 0.34783098, 0.34866965, 0.34948611, 0.34936386, 0.34930691, 0.34929651, 0.31370389
0.15278338, 0.87893832, 0.26370788, 2.0512342, 1.8253148, 3.8543303, 9.6516600, 9.7876644, 9.8705387, 19.888987, 19.869081, 19.860664, 19.859222, 0.27051234, 0.26825315, 0.28854331, 0.34651661, 0.34787664, 0.34870538, 0.34944493, 0.34934542, 0.34930331, 0.34929612, 0.26370788
0.14104615, 0.73719859, 0.22118171, 1.5319169, 1.5404969, 3.3149266, 9.6770725, 9.7871981, 9.8700161, 19.881908, 19.866249, 19.860123, 19.859194, 0.26531917, 0.26540497, 0.28314927, 0.34677073, 0.34787199, 0.34870017, 0.34940955, 0.34933126, 0.34930062, 0.34929597, 0.22118171
0.12868647, 0.58794200, 0.17640024, 0.98786354, 1.2029886, 2.8646083, 9.4567327, 9.7652378, 9.8604259, 19.876095, 19.864111, 19.859753, 19.859163, 0.25987864, 0.26202989, 0.27864608, 0.34456733, 0.34765238, 0.34860426, 0.34938046, 0.34932056, 0.34929878, 0.34929582, 0.17640024
0.11754486, 0.45339501, 0.13603210, 0.51095486, 0.86907148, 2.5109828, 9.0694218, 9.7442932, 9.8495092, 19.870445, 19.862267, 19.859489, 19.859116, 0.25510937, 0.25869051, 0.27510956, 0.34069401, 0.34744281, 0.34849507, 0.34935224, 0.34931132, 0.34929746, 0.34929559, 0.13603210
0.10896535, 0.34978804, 0.10494691, 0.19327998, 0.58796406, 2.1512806, 8.6264296, 9.7229900, 9.8386698, 19.866241, 19.860994, 19.859299, 19.859076, 0.25193229, 0.25587872, 0.27151114, 0.33626297, 0.34722915, 0.34838644, 0.34933120, 0.34930497, 0.34929651, 0.34929538, 0.10494691
0.14801675, 0.82137597, 0.24643745, 1.7517656, 1.8516213, 3.6801555, 9.5147467, 9.7617617, 9.8516102, 19.863327, 19.860136, 19.859180, 19.859045, 0.26751584, 0.26851505, 0.28680041, 0.34514686, 0.34761733, 0.34851602, 0.34931663, 0.34930068, 0.34929591, 0.34929523, 0.24643745
0.14075114, 0.73363602, 0.22011282, 1.4757127, 1.6783386, 3.1552870, 9.6769991, 9.7902241, 9.8627176, 19.861799, 19.859730, 19.859133, 19.859039, 0.26475713, 0.26678339, 0.28155288, 0.34676999, 0.34790224, 0.34862718, 0.34930900, 0.34929866, 0.34929568, 0.34929520, 0.22011282
0.13199627, 0.62791145, 0.18839228, 1.0962605, 1.4271349, 2.8411210, 9.5318384, 9.7857008, 9.8612232, 19.859949, 19.859251, 19.859039, 19.859016, 0.26095614, 0.26426631, 0.27840617, 0.34531501, 0.34785527, 0.34861168, 0.34929973, 0.34929627, 0.34929520, 0.34929508, 0.18839228
0.12322521, 0.52199137, 0.15661308, 0.71690977, 1.1529833, 2.5928645, 9.2458439, 9.7731991, 9.8559132, 19.858177, 19.858797, 19.858923, 19.858980, 0.25716501, 0.26152587, 0.27592421, 0.34245527, 0.34773034, 0.34855857, 0.34929088, 0.34929398, 0.34929460, 0.34929490, 0.15661308
0.11455990, 0.41734827, 0.12521701, 0.35615265, 0.87268949, 2.3277223, 8.9262323, 9.7591429, 9.8492489, 19.856020, 19.858200, 19.858749, 19.858934, 0.25355926, 0.25872359, 0.27327281, 0.33925891, 0.34758958, 0.34849188, 0.34928009, 0.34929100, 0.34929374, 0.34929466, 0.12521701
0.10748876, 0.33195665, 0.99596955E-1, 0.92768669E-1, 0.62689185, 2.0613403, 8.5753994, 9.7457762, 9.8430824, 19.854540, 19.857794, 19.858614, 19.858904, 0.25092649, 0.25626412, 0.27060553, 0.33574742, 0.34745404, 0.34842956, 0.34927270, 0.34928897, 0.34929305, 0.34929451, 0.99596955E-1
0.10282752, 0.27566716, 0.82708418E-1, 0.0000000, 0.39981306, 1.7799169, 8.1745033, 9.7287092, 9.8353386, 19.853260, 19.857445, 19.858515, 19.858856, 0.24999824, 0.25399548, 0.26779327, 0.33173960, 0.34728387, 0.34835228, 0.34926629, 0.34928721, 0.34929258, 0.34929428, 0.82708418E-1
0.99928916E-1, 0.24066329, 0.72206207E-1, 0.0000000, 0.22494197, 1.5157670, 7.7472663, 9.7148027, 9.8290415, 19.852512, 19.857227, 19.858492, 19.858828, 0.24999824, 0.25224867, 0.26515514, 0.32747006, 0.34714639, 0.34828988, 0.34926257, 0.34928614, 0.34929246, 0.34929413, 0.72206207E-1
0.97111017E-1, 0.20663410, 0.61996430E-1, 0.0000000, 0.81899762E-1, 1.2281924, 7.2286754, 9.6878605, 9.8173103, 19.852036, 19.857122, 19.858467, 19.858828, 0.24999824, 0.25081843, 0.26227778, 0.32228187, 0.34687531, 0.34817201, 0.34926018, 0.34928560, 0.34929234, 0.34929413, 0.61996430E-1
0.95109694E-1, 0.18246602, 0.54745279E-1, 0.0000000, 0.0000000, 1.0074586, 6.7332788, 9.6864681, 9.8157053, 19.851999, 19.857122, 19.858484, 19.858828, 0.24999824, 0.24999501, 0.26007265, 0.31733021, 0.34686279, 0.34815642, 0.34926000, 0.34928560, 0.34929243, 0.34929413, 0.54745279E-1
0.94024166E-1, 0.16935703, 0.50812192E-1, 0.0000000, 0.0000000, 0.83733499, 6.2693892, 9.6937428, 9.8183994, 19.852512, 19.857239, 19.858545, 19.858828, 0.24999824, 0.24999501, 0.25837064, 0.31268981, 0.34693426, 0.34818292, 0.34926257, 0.34928620, 0.34929273, 0.34929413, 0.50812192E-1
0.93109012E-1, 0.15830556, 0.47496416E-1, 0.0000000, 0.0000000, 0.69611073, 5.8651667, 9.7041559, 9.8227043, 19.852234, 19.857157, 19.858509, 19.858828, 0.24999824, 0.24999501, 0.25695738, 0.30864540, 0.34703636, 0.34822530, 0.34926116, 0.34928578, 0.34929255, 0.34929413, 0.47496416E-1
0.92253476E-1, 0.14797404, 0.44396654E-1, 0.0000000, 0.0000000, 0.57222545, 5.4537458, 9.6998053, 9.8216257, 19.852552, 19.857241, 19.858555, 19.858828, 0.24999824, 0.24999501, 0.25571865, 0.30453059, 0.34699193, 0.34821421, 0.34926277, 0.34928620, 0.34929278, 0.34929413, 0.44396654E-1
0.91693692E-1, 0.14121401, 0.42368442E-1, 0.0000000, 0.0000000, 0.50143003, 5.1184978, 9.7203989, 9.8304863, 19.853643, 19.857553, 19.858566, 19.858828, 0.24999824, 0.24999501, 0.25501251, 0.30118135, 0.34720054, 0.34830371, 0.34926823, 0.34928778, 0.34929281, 0.34929413, 0.42368442E-1
0.90862423E-1, 0.13117553, 0.39356597E-1, 0.0000000, 0.0000000, 0.38461387, 4.7145567, 9.6945581, 9.8203821, 19.852978, 19.857374, 19.858498, 19.858828, 0.24999824, 0.24999501, 0.25384301, 0.29713789, 0.34693769, 0.34820116, 0.34926489, 0.34928685, 0.34929249, 0.34929413, 0.39356597E-1
0.90304747E-1, 0.12444101, 0.37336037E-1, 0.0000000, 0.0000000, 0.31247139, 4.3858161, 9.7214613, 9.8301039, 19.852871, 19.857323, 19.858521, 19.858828, 0.24999824, 0.24999501, 0.25312272, 0.29385254, 0.34720835, 0.34829894, 0.34926435, 0.34928662, 0.34929261, 0.34929413, 0.37336037E-1
0.89477353E-1, 0.11444936, 0.34338243E-1, 0.0000000, 0.0000000, 0.20146966, 3.9656293, 9.6784210, 9.8131180, 19.851526, 19.856987, 19.858423, 19.858805, 0.24999824, 0.24999501, 0.25201330, 0.28965077, 0.34677747, 0.34812891, 0.34925765, 0.34928495, 0.34929210, 0.34929401, 0.34338243E-1
0.88745043E-1, 0.10560592, 0.31684943E-1, 0.0000000, 0.0000000, 0.11543930, 3.5187850, 9.6669111, 9.8067722, 19.850849, 19.856810, 19.858324, 19.858805, 0.24999824, 0.24999501, 0.25115296, 0.28517914, 0.34665716, 0.34806368, 0.34925425, 0.34928405, 0.34929162, 0.34929401, 0.31684943E-1
0.88080481E-1, 0.97580642E-1, 0.29277122E-1, 0.0000000, 0.0000000, 0.52246451E-1, 3.0420830, 9.6499233, 9.7989130, 19.850807, 19.856792, 19.858318, 19.858805, 0.24999824, 0.24999501, 0.25052157, 0.28041053, 0.34648284, 0.34798360, 0.34925404, 0.34928396, 0.34929159, 0.34929401, 0.29277122E-1
0.87514795E-1, 0.90749316E-1, 0.27227519E-1, 0.0000000, 0.0000000, 0.0000000, 2.8001218, 9.2942524, 9.7815685, 19.850494, 19.856691, 19.858301, 19.858805, 0.24999824, 0.24999501, 0.24999844, 0.27799255, 0.34292814, 0.34781066, 0.34925246, 0.34928346, 0.34929150, 0.34929401, 0.27227519E-1
0.87202027E-1, 0.86972356E-1, 0.26094317E-1, 0.0000000, 0.0000000, 0.0000000, 2.6208937, 8.8979111, 9.7771406, 19.850540, 19.856686, 19.858307, 19.858805, 0.24999824, 0.24999501, 0.24999844, 0.27620244, 0.33896810, 0.34776738, 0.34925270, 0.34928343, 0.34929153, 0.34929401, 0.26094317E-1
0.86864702E-1, 0.82898743E-1, 0.24872111E-1, 0.0000000, 0.0000000, 0.0000000, 2.4285913, 8.4700174, 9.7680798, 19.850147, 19.856571, 19.858278, 19.858805, 0.24999824, 0.24999501, 0.24999844, 0.27428132, 0.33469218, 0.34767774, 0.34925073, 0.34928286, 0.34929138, 0.34929401, 0.24872111E-1
0.86538926E-1, 0.78964651E-1, 0.23691764E-1, 0.0000000, 0.0000000, 0.0000000, 2.2454948, 8.0522432, 9.7644463, 19.849382, 19.856390, 19.858213, 19.858805, 0.24999824, 0.24999501, 0.24999844, 0.27244619, 0.33050668, 0.34763810, 0.34924692, 0.34928197, 0.34929106, 0.34929401, 0.23691764E-1
0.86240023E-1, 0.75355090E-1, 0.22608789E-1, 0.0000000, 0.0000000, 0.0000000, 2.0807595, 7.6600542, 9.7667818, 19.848774, 19.856201, 19.858183, 19.858805, 0.24999824, 0.24999501, 0.24999844, 0.27079627, 0.32657972, 0.34765896, 0.34924388, 0.34928101, 0.34929091, 0.34929401, 0.22608789E-1
0.85943609E-1, 0.71775593E-1, 0.21534832E-1, 0.0000000, 0.0000000, 0.0000000, 1.9194484, 7.2653518, 9.7645645, 19.848379, 19.856085, 19.858166, 19.858805, 0.24999824, 0.24999501, 0.24999844, 0.26918837, 0.32264197, 0.34764045, 0.34924191, 0.34928042, 0.34929082, 0.34929401, 0.21534832E-1
0.85666813E-1, 0.68432964E-1, 0.20531943E-1, 0.0000000, 0.0000000, 0.0000000, 1.7714918, 6.8923988, 9.7659121, 19.847931, 19.855967, 19.858154, 19.858805, 0.24999824, 0.24999501, 0.24999844, 0.26770851, 0.31891152, 0.34765324, 0.34923965, 0.34927982, 0.34929079, 0.34929401, 0.20531943E-1
0.85374221E-1, 0.64899541E-1, 0.19471809E-1, 0.0000000, 0.0000000, 0.0000000, 1.6159594, 6.4996948, 9.7588902, 19.847206, 19.855782, 19.858120, 19.858768, 0.24999824, 0.24999501, 0.24999844, 0.26615185, 0.31498134, 0.34758109, 0.34923604, 0.34927890, 0.34929061, 0.34929383, 0.19471809E-1
0.85094735E-1, 0.61524447E-1, 0.18459180E-1, 0.0000000, 0.0000000, 0.0000000, 1.4719367, 6.1126633, 9.7564125, 19.846882, 19.855677, 19.858120, 19.858757, 0.24999824, 0.24999501, 0.24999844, 0.26471362, 0.31111470, 0.34755778, 0.34923440, 0.34927839, 0.34929061, 0.34929377, 0.18459180E-1
0.84815547E-1, 0.58152944E-1, 0.17447628E-1, 0.0000000, 0.0000000, 0.0000000, 1.3316095, 5.7200599, 9.7512350, 19.846706, 19.855652, 19.858120, 19.858757, 0.24999824, 0.24999501, 0.24999844, 0.26331183, 0.30719146, 0.34750715, 0.34923354, 0.34927827, 0.34929061, 0.34929377, 0.17447628E-1
0.84537990E-1, 0.54801177E-1, 0.16441997E-1, 0.0000000, 0.0000000, 0.0000000, 1.1997879, 5.3152747, 9.7445316, 19.847307, 19.855825, 19.858166, 19.858757, 0.24999824, 0.24999501, 0.24999844, 0.26199424, 0.30314469, 0.34744039, 0.34923655, 0.34927914, 0.34929082, 0.34929377, 0.16441997E-1
0.84346928E-1, 0.52493911E-1, 0.15749749E-1, 0.0000000, 0.0000000, 0.0000000, 1.1183828, 5.0085349, 9.7650356, 19.848944, 19.856255, 19.858231, 19.858757, 0.24999824, 0.24999501, 0.24999844, 0.26118281, 0.30008307, 0.34764886, 0.34924471, 0.34928128, 0.34929115, 0.34929377, 0.15749749E-1
0.84131218E-1, 0.49888965E-1, 0.14968187E-1, 0.0000000, 0.0000000, 0.0000000, 1.0221541, 4.6814256, 9.7593441, 19.849640, 19.856441, 19.858273, 19.858757, 0.24999824, 0.24999501, 0.24999844, 0.26022142, 0.29681399, 0.34759322, 0.34924820, 0.34928221, 0.34929135, 0.34929377, 0.14968187E-1
0.83895661E-1, 0.47044355E-1, 0.14114719E-1, 0.0000000, 0.0000000, 0.0000000, 0.91176629, 4.3383031, 9.7518463, 19.848709, 19.856178, 19.858194, 19.858757, 0.24999824, 0.24999501, 0.24999844, 0.25911236, 0.29337040, 0.34750903, 0.34924355, 0.34928089, 0.34929097, 0.34929377, 0.14114719E-1
0.83620854E-1, 0.43725744E-1, 0.13119035E-1, 0.0000000, 0.0000000, 0.0000000, 0.79312623, 3.9185183, 9.7251024, 19.848869, 19.856213, 19.858194, 19.858757, 0.24999824, 0.24999501, 0.24999844, 0.25793040, 0.28918302, 0.34724924, 0.34924436, 0.34928107, 0.34929097, 0.34929377, 0.13119035E-1
0.83355211E-1, 0.40517822E-1, 0.12156563E-1, 0.0000000, 0.0000000, 0.0000000, 0.68794787, 3.4907935, 9.7142382, 19.849451, 19.856390, 19.858213, 19.858757, 0.24999824, 0.24999501, 0.24999844, 0.25687873, 0.28490606, 0.34714067, 0.34924725, 0.34928197, 0.34929106, 0.34929377, 0.12156563E-1
0.83096370E-1, 0.37392065E-1, 0.11218742E-1, 0.0000000, 0.0000000, 0.0000000, 0.58884025, 3.0654476, 9.7084484, 19.849705, 19.856441, 19.858213, 19.858757, 0.24999824, 0.24999501, 0.24999844, 0.25588819, 0.28065392, 0.34708390, 0.34924853, 0.34928221, 0.34929106, 0.34929377, 0.11218742E-1
0.82935840E-1, 0.35453439E-1, 0.10637095E-1, 0.0000000, 0.0000000, 0.0000000, 0.51140785, 2.8665571, 9.6064186, 19.849049, 19.856260, 19.858183, 19.858757, 0.24999824, 0.24999501, 0.24999844, 0.25511387, 0.27866504, 0.34606355, 0.34924525, 0.34928131, 0.34929091, 0.34929377, 0.10637095E-1
0.82792170E-1, 0.33718523E-1, 0.10116569E-1, 0.0000000, 0.0000000, 0.0000000, 0.43170750, 2.7347536, 9.4430790, 19.847763, 19.855902, 19.858095, 19.858757, 0.24999824, 0.24999501, 0.24999844, 0.25431475, 0.27734017, 0.34442234, 0.34923881, 0.34927952, 0.34929049, 0.34929377, 0.10116569E-1
0.82642719E-1, 0.31913690E-1, 0.95750652E-2, 0.0000000, 0.0000000, 0.0000000, 0.35401881, 2.5901675, 9.2598982, 19.846882, 19.855677, 19.858084, 19.858757, 0.24999824, 0.24999501, 0.24999844, 0.25353813, 0.27589417, 0.34259000, 0.34923440, 0.34927839, 0.34929043, 0.34929377, 0.95750652E-2
0.82470268E-1, 0.29831214E-1, 0.89502595E-2, 0.0000000, 0.0000000, 0.0000000, 0.27056932, 2.4151146, 9.0350914, 19.845869, 19.855425, 19.858036, 19.858757, 0.24999824, 0.24999501, 0.24999844, 0.25270435, 0.27414519, 0.34034351, 0.34922934, 0.34927714, 0.34929019, 0.34929377, 0.89502595E-2
0.82290217E-1, 0.27656840E-1, 0.82978820E-2, 0.0000000, 0.0000000, 0.0000000, 0.19352436, 2.2211552, 8.7753954, 19.845345, 19.855295, 19.858047, 19.858757, 0.24999824, 0.24999501, 0.24999844, 0.25193387, 0.27220362, 0.33774352, 0.34922671, 0.34927648, 0.34929025, 0.34929377, 0.82978820E-2
0.82139805E-1, 0.25840485E-1, 0.77529210E-2, 0.0000000, 0.0000000, 0.0000000, 0.13960898, 2.0485311, 8.5267591, 19.846067, 19.855501, 19.858131, 19.858757, 0.24999824, 0.24999501, 0.24999844, 0.25139499, 0.27047732, 0.33525652, 0.34923035, 0.34927750, 0.34929067, 0.34929377, 0.77529210E-2
0.82015812E-1, 0.24343112E-1, 0.73036645E-2, 0.0000000, 0.0000000, 0.0000000, 0.96437335E-1, 1.9063354, 8.3100414, 19.846724, 19.855667, 19.858166, 19.858757, 0.24999824, 0.24999501, 0.24999844, 0.25096431, 0.26906267, 0.33309940, 0.34923363, 0.34927833, 0.34929082, 0.34929377, 0.73036645E-2
0.81872039E-1, 0.22606898E-1, 0.67827478E-2, 0.0000000, 0.0000000, 0.0000000, 0.44605136E-1, 1.7456144, 8.0627003, 19.846153, 19.855536, 19.858107, 19.858757, 0.24999824, 0.24999501, 0.24999844, 0.25044587, 0.26745269, 0.33062166, 0.34923077, 0.34927768, 0.34929055, 0.34929377, 0.67827478E-2
0.81757419E-1, 0.21222759E-1, 0.63674645E-2, 0.0000000, 0.0000000, 0.0000000, 0.20414591E-2, 1.6218871, 7.8610940, 19.845827, 19.855465, 19.858095, 19.858757, 0.24999824, 0.24999501, 0.24999844, 0.25002038, 0.26621008, 0.32859674, 0.34922913, 0.34927732, 0.34929049, 0.34929377, 0.63674645E-2
0.81663944E-1, 0.20093925E-1, 0.60287807E-2, 0.0000000, 0.0000000, 0.0000000, 0.0000000, 1.4802635, 7.6195097, 19.845776, 19.855465, 19.858095, 19.858757, 0.24999824, 0.24999501, 0.24999844, 0.24999984, 0.26479682, 0.32618514, 0.34922889, 0.34927732, 0.34929049, 0.34929377, 0.60287807E-2
0.81598602E-1, 0.19304909E-1, 0.57920520E-2, 0.0000000, 0.0000000, 0.0000000, 0.0000000, 1.3800859, 7.4476328, 19.844582, 19.855127, 19.858021, 19.858757, 0.24999824, 0.24999501, 0.24999844, 0.24999984, 0.26379296, 0.32446215, 0.34922290, 0.34927565, 0.34929010, 0.34929377, 0.57920520E-2
0.81530116E-1, 0.18477865E-1, 0.55439137E-2, 0.0000000, 0.0000000, 0.0000000, 0.0000000, 1.2764156, 7.2614098, 19.843784, 19.854948, 19.857973, 19.858757, 0.24999824, 0.24999501, 0.24999844, 0.24999984, 0.26275837, 0.32260314, 0.34921890, 0.34927475, 0.34928986, 0.34929377, 0.55439137E-2
0.81441417E-1, 0.17406700E-1, 0.52225324E-2, 0.0000000, 0.0000000, 0.0000000, 0.0000000, 1.1453956, 7.0100217, 19.843454, 19.854866, 19.857937, 19.858757, 0.24999824, 0.24999501, 0.24999844, 0.24999984, 0.26145169, 0.32009557, 0.34921727, 0.34927434, 0.34928969, 0.34929377, 0.52225324E-2
0.81356548E-1, 0.16381767E-1, 0.49150218E-2, 0.0000000, 0.0000000, 0.0000000, 0.0000000, 1.0228187, 6.7629814, 19.842905, 19.854700, 19.857895, 19.858709, 0.24999824, 0.24999501, 0.24999844, 0.24999984, 0.26022550, 0.31762391, 0.34921452, 0.34927350, 0.34928948, 0.34929353, 0.49150218E-2
0.81296153E-1, 0.15652467E-1, 0.46962099E-2, 0.0000000, 0.0000000, 0.0000000, 0.0000000, 0.93489289, 6.5906401, 19.841375, 19.854317, 19.857779, 19.858704, 0.24999824, 0.24999501, 0.24999844, 0.24999984, 0.25934350, 0.31589368, 0.34920686, 0.34927160, 0.34928888, 0.34929353, 0.46962099E-2
0.81211343E-1, 0.14628285E-1, 0.43889242E-2, 0.0000000, 0.0000000, 0.0000000, 0.0000000, 0.81156790, 6.3517723, 19.837584, 19.853291, 19.857523, 19.858669, 0.24999824, 0.24999501, 0.24999844, 0.24999984, 0.25809589, 0.31349081, 0.34918681, 0.34926617, 0.34928757, 0.34929332, 0.43889242E-2
0.81121683E-1, 0.13545570E-1, 0.40640775E-2, 0.0000000, 0.0000000, 0.0000000, 0.0000000, 0.68262219, 6.0853286, 19.833893, 19.852266, 19.857271, 19.858646, 0.24999824, 0.24999501, 0.24999844, 0.24999984, 0.25681543, 0.31083524, 0.34916893, 0.34926119, 0.34928632, 0.34929323, 0.40640775E-2
0.81032328E-1, 0.12466541E-1, 0.37403363E-2, 0.0000000, 0.0000000, 0.0000000, 0.0000000, 0.55856705, 5.8142867, 19.830467, 19.851303, 19.857037, 19.858568, 0.24999824, 0.24999501, 0.24999844, 0.24999984, 0.25556552, 0.30811015, 0.34915116, 0.34925622, 0.34928510, 0.34929281, 0.37403363E-2
0.80929443E-1, 0.11224062E-1, 0.33675556E-2, 0.0000000, 0.0000000, 0.0000000, 0.0000000, 0.41958392, 5.4883485, 19.825731, 19.849983, 19.856701, 19.858463, 0.24999824, 0.24999501, 0.24999844, 0.24999984, 0.25417018, 0.30484056, 0.34912699, 0.34924945, 0.34928340, 0.34929228, 0.33675556E-2
0.80838814E-1, 0.10129611E-1, 0.30391873E-2, 0.0000000, 0.0000000, 0.0000000, 0.0000000, 0.30457079, 5.1736388, 19.823524, 19.849306, 19.856510, 19.858423, 0.24999824, 0.24999501, 0.24999844, 0.24999984, 0.25302660, 0.30170393, 0.34911627, 0.34924617, 0.34928247, 0.34929207, 0.30391873E-2
0.80760375E-1, 0.91824047E-2, 0.27549970E-2, 0.0000000, 0.0000000, 0.0000000, 0.0000000, 0.21356642, 4.8753443, 19.823523, 19.849230, 19.856493, 19.858440, 0.24999824, 0.24999501, 0.24999844, 0.24999984, 0.25212362, 0.29872906, 0.34911671, 0.34924591, 0.34928241, 0.34929219, 0.27549970E-2
0.80696128E-1, 0.84065441E-2, 0.25222155E-2, 0.0000000, 0.0000000, 0.0000000, 0.0000000, 0.14986098, 4.5966620, 19.826176, 19.849884, 19.856676, 19.858480, 0.24999824, 0.24999501, 0.24999844, 0.24999984, 0.25149724, 0.29595259, 0.34913087, 0.34924942, 0.34928340, 0.34929240, 0.25222155E-2
0.80623396E-1, 0.75282180E-2, 0.22586912E-2, 0.0000000, 0.0000000, 0.0000000, 0.0000000, 0.90900064E-1, 4.2454958, 19.828587, 19.850525, 19.856823, 19.858505, 0.24999824, 0.24999501, 0.24999844, 0.24999984, 0.25090855, 0.29244816, 0.34914294, 0.34925264, 0.34928411, 0.34929252, 0.22586912E-2
0.80557458E-1, 0.67319400E-2, 0.20197839E-2, 0.0000000, 0.0000000, 0.0000000, 0.0000000, 0.44545531E-1, 3.9073272, 19.830734, 19.851116, 19.856983, 19.858557, 0.24999824, 0.24999501, 0.24999844, 0.24999984, 0.25044501, 0.28906065, 0.34915367, 0.34925559, 0.34928492, 0.34929278, 0.20197839E-2
0.80494575E-1, 0.59725135E-2, 0.17919333E-2, 0.0000000, 0.0000000, 0.0000000, 0.0000000, 0.10034442E-1, 3.5557349, 19.833035, 19.851742, 19.857178, 19.858604, 0.24999824, 0.24999501, 0.24999844, 0.24999984, 0.25010020, 0.28553808, 0.34916517, 0.34925872, 0.34928590, 0.34929302, 0.17919333E-2
0.80446281E-1, 0.53893109E-2, 0.16169549E-2, 0.0000000, 0.0000000, 0.0000000, 0.0000000, 0.0000000, 3.2342334, 19.836407, 19.852673, 19.857409, 19.858692, 0.24999824, 0.24999501, 0.24999844, 0.24999984, 0.24999973, 0.28233910, 0.34918204, 0.34926337, 0.34928703, 0.34929347, 0.16169549E-2
0.80398507E-1, 0.48124203E-2, 0.14438705E-2, 0.0000000, 0.0000000, 0.0000000, 0.0000000, 0.0000000, 2.8881102, 19.824659, 19.853149, 19.857555, 19.858709, 0.24999824, 0.24999501, 0.24999844, 0.24999984, 0.24999973, 0.27887741, 0.34912330, 0.34926575, 0.34928778, 0.34929353, 0.14438705E-2
0.80377094E-1, 0.45538861E-2, 0.13663025E-2, 0.0000000, 0.0000000, 0.0000000, 0.0000000, 0.0000000, 2.7335672, 19.797119, 19.854099, 19.857807, 19.858709, 0.24999824, 0.24999501, 0.24999844, 0.24999984, 0.24999973, 0.27732605, 0.34898561, 0.34927049, 0.34928903, 0.34929353, 0.13663025E-2
0.80359817E-1, 0.43451814E-2, 0.13036848E-2, 0.0000000, 0.0000000, 0.0000000, 0.0000000, 0.0000000, 2.6073694, 19.769196, 19.854652, 19.857925, 19.858709, 0.24976477, 0.24999501, 0.24999844, 0.24999984, 0.24999973, 0.27607369, 0.34884599, 0.34927326, 0.34928963, 0.34929353, 0.13036848E-2
0.80323547E-1, 0.39072302E-2, 0.11722863E-2, 0.0000000, 0.0000000, 0.0000000, 0.0000000, 0.0000000, 2.3457110, 19.741224, 19.855047, 19.858021, 19.858709, 0.24976477, 0.24999501, 0.24999844, 0.24999984, 0.24999973, 0.27344573, 0.34870613, 0.34927523, 0.34929010, 0.34929353, 0.11722863E-2
0.80275938E-1, 0.33323066E-2, 0.99979201E-3, 0.0000000, 0.0000000, 0.0000000, 0.0000000, 0.0000000, 1.9995838, 19.711479, 19.854918, 19.857979, 19.858709, 0.24976477, 0.24999501, 0.24999844, 0.24999984, 0.24999973, 0.26999584, 0.34855741, 0.34927458, 0.34928989, 0.34929353, 0.99979201E-3
0.81685148E-1, 0.20350052E-1, 0.61056260E-2, 0.10310709, 0.0000000, 0.0000000, 0.0000000, 0.0000000, 1.9342810, 19.683302, 19.855171, 19.858047, 19.858709, 0.25102770, 0.24999501, 0.24999844, 0.24999984, 0.24999973, 0.26934218, 0.34841651, 0.34927586, 0.34929025, 0.34929353, 0.61056260E-2
0.80246642E-1, 0.29785091E-2, 0.89364208E-3, 0.0000000, 0.0000000, 0.0000000, 0.0000000, 0.0000000, 1.7882138, 19.651978, 19.854641, 19.857906, 19.858692, 0.24990653, 0.24999501, 0.24999844, 0.24999984, 0.24999973, 0.26787284, 0.34825990, 0.34927320, 0.34928954, 0.34929347, 0.89364208E-3
0.80221184E-1, 0.26710145E-2, 0.80138451E-3, 0.0000000, 0.0000000, 0.0000000, 0.0000000, 0.0000000, 1.6037554, 19.622515, 19.854689, 19.857912, 19.858709, 0.24990653, 0.24999501, 0.24999844, 0.24999984, 0.24999973, 0.26602769, 0.34811258, 0.34927344, 0.34928957, 0.34929353, 0.80138451E-3
0.80192879E-1, 0.23292061E-2, 0.69883175E-3, 0.0000000, 0.0000000, 0.0000000, 0.0000000, 0.0000000, 1.3980061, 19.591335, 19.854342, 19.857807, 19.858704, 0.24990653, 0.24999501, 0.24999844, 0.24999984, 0.24999973, 0.26397663, 0.34795669, 0.34927171, 0.34928903, 0.34929353, 0.69883175E-3
0.80161527E-1, 0.19506104E-2, 0.58524165E-3, 0.0000000, 0.0000000, 0.0000000, 0.0000000, 0.0000000, 1.1708975, 19.561913, 19.854492, 19.857824, 19.858709, 0.24990653, 0.24999501, 0.24999844, 0.24999984, 0.24999973, 0.26170483, 0.34780955, 0.34927246, 0.34928912, 0.34929353, 0.58524165E-3
0.80137596E-1, 0.16616065E-2, 0.49853179E-3, 0.0000000, 0.0000000, 0.0000000, 0.0000000, 0.0000000, 0.99714994, 19.532990, 19.854692, 19.857874, 19.858709, 0.24990653, 0.24999501, 0.24999844, 0.24999984, 0.24999973, 0.25997064, 0.34766495, 0.34927347, 0.34928936, 0.34929353, 0.49853179E-3
0.80105789E-1, 0.12775277E-2, 0.38329663E-3, 0.0000000, 0.0000000, 0.0000000, 0.0000000, 0.0000000, 0.76670051, 19.504549, 19.854959, 19.857943, 19.858709, 0.24990653, 0.24999501, 0.24999844, 0.24999984, 0.24999973, 0.25766593, 0.34752274, 0.34927481, 0.34928972, 0.34929353, 0.38329663E-3
0.80081597E-1, 0.98542951E-3, 0.29565842E-3, 0.0000000, 0.0000000, 0.0000000, 0.0000000, 0.0000000, 0.59131682, 19.472168, 19.854261, 19.857742, 19.858683, 0.24990653, 0.24999501, 0.24999844, 0.24999984, 0.24999973, 0.25591317, 0.34736085, 0.34927130, 0.34928870, 0.34929341, 0.29565842E-3
0.80053084E-1, 0.64103852E-3, 0.19233079E-3, 0.0000000, 0.0000000, 0.0000000, 0.0000000, 0.0000000, 0.38610697, 19.436399, 19.853025, 19.857424, 19.858652, 0.24990653, 0.24999501, 0.24999844, 0.24999984, 0.24999973, 0.25384662, 0.34718138, 0.34926495, 0.34928709, 0.34929326, 0.19233079E-3
0.80019832E-1, 0.23949235E-3, 0.71854891E-4, 0.0000000, 0.0000000, 0.0000000, 0.0000000, 0.0000000, 0.14498830, 19.402740, 19.852617, 19.857330, 19.858669, 0.24990653, 0.24999501, 0.24999844, 0.24999984, 0.24999973, 0.25143710, 0.34701335, 0.34926298, 0.34928662, 0.34929335, 0.71854891E-4
0.80013499E-1, 0.16300738E-3, 0.48907106E-4, 0.0000000, 0.0000000, 0.0000000, 0.0000000, 0.0000000, 0.98919868E-1, 19.372932, 19.853167, 19.857485, 19.858709, 0.24995132, 0.24999501, 0.24999844, 0.24999984, 0.24999973, 0.25097814, 0.34686467, 0.34926584, 0.34928742, 0.34929353, 0.48907106E-4
0.87772816E-1, 0.93865201E-1, 0.28162377E-1, 0.56297779, 0.0000000, 0.0000000, 0.0000000, 0.0000000, 0.82403421E-1, 19.342188, 19.853378, 19.857567, 19.858704, 0.25562423, 0.24999501, 0.24999844, 0.24999984, 0.24999973, 0.25082403, 0.34671095, 0.34926689, 0.34928784, 0.34929353, 0.28162377E-1
0.79999998E-1, 0.0000000, 0.0000000, 0.0000000, 0.0000000, 0.0000000, 0.0000000, 0.0000000, 0.0000000, 19.307045, 19.852577, 19.857370, 19.858646, 0.24969462, 0.24999501, 0.24999844, 0.24999984, 0.24999973, 0.24998683, 0.34653524, 0.34926289, 0.34928685, 0.34929323, 0.0000000
0.79999998E-1, 0.0000000, 0.0000000, 0.0000000, 0.0000000, 0.0000000, 0.0000000, 0.0000000, 0.0000000, 19.274769, 19.852650, 19.857370, 19.858688, 0.24969462, 0.24999501, 0.24999844, 0.24999984, 0.24999973, 0.24998683, 0.34637386, 0.34926325, 0.34928685, 0.34929344, 0.0000000
0.79999998E-1, 0.0000000, 0.0000000, 0.0000000, 0.0000000, 0.0000000, 0.0000000, 0.0000000, 0.0000000, 19.247150, 19.853699, 19.857666, 19.858709, 0.24969462, 0.24999501, 0.24999844, 0.24999984, 0.24999973, 0.24998683, 0.34623575, 0.34926850, 0.34928834, 0.34929353, 0.0000000
0.79999998E-1, 0.0000000, 0.0000000, 0.0000000, 0.0000000, 0.0000000, 0.0000000, 0.0000000, 0.0000000, 19.216457, 19.853756, 19.857672, 19.858698, 0.24969462, 0.24999501, 0.24999844, 0.24999984, 0.24999973, 0.24998683, 0.34608227, 0.34926879, 0.34928834, 0.34929350, 0.0000000
0.79999998E-1, 0.0000000, 0.0000000, 0.0000000, 0.0000000, 0.0000000, 0.0000000, 0.0000000, 0.0000000, 19.185415, 19.853714, 19.857649, 19.858704, 0.24969462, 0.24999501, 0.24999844, 0.24999984, 0.24999973, 0.24998683, 0.34592706, 0.34926856, 0.34928825, 0.34929353, 0.0000000
0.79999998E-1, 0.0000000, 0.0000000, 0.0000000, 0.0000000, 0.0000000, 0.0000000, 0.0000000, 0.0000000, 19.155836, 19.854033, 19.857731, 19.858709, 0.24969462, 0.24999501, 0.24999844, 0.24999984, 0.24999973, 0.24998683, 0.34577918, 0.34927016, 0.34928864, 0.34929353, 0.0000000
0.79999998E-1, 0.0000000, 0.0000000, 0.0000000, 0.0000000, 0.0000000, 0.0000000, 0.0000000, 0.0000000, 19.127256, 19.854446, 19.857813, 19.858709, 0.24969462, 0.24999501, 0.24999844, 0.24999984, 0.24999973, 0.24998683, 0.34563628, 0.34927222, 0.34928906, 0.34929353, 0.0000000
0.84527895E-1, 0.54679316E-1, 0.16405435E-1, 0.32865703, 0.0000000, 0.0000000, 0.0000000, 0.0000000, 0.0000000, 19.099985, 19.855047, 19.857960, 19.858709, 0.25328109, 0.24999501, 0.24999844, 0.24999984, 0.24999973, 0.24998683, 0.34549993, 0.34927523, 0.34928980, 0.34929353, 0.16405435E-1
0.79999998E-1, 0.0000000, 0.0000000, 0.0000000, 0.0000000, 0.0000000, 0.0000000, 0.0000000, 0.0000000, 19.065084, 19.853767, 19.857634, 19.858641, 0.24974528, 0.24999501, 0.24999844, 0.24999984, 0.24999973, 0.24998683, 0.34532541, 0.34926885, 0.34928817, 0.34929320, 0.0000000
0.79999998E-1, 0.0000000, 0.0000000, 0.0000000, 0.0000000, 0.0000000, 0.0000000, 0.0000000, 0.0000000, 19.036549, 19.854275, 19.857771, 19.858709, 0.24974528, 0.24999501, 0.24999844, 0.24999984, 0.24999973, 0.24998683, 0.34518275, 0.34927136, 0.34928885, 0.34929353, 0.0000000
0.79999998E-1, 0.0000000, 0.0000000, 0.0000000, 0.0000000, 0.0000000, 0.0000000, 0.0000000, 0.0000000, 19.005287, 19.854033, 19.857683, 19.858688, 0.24974528, 0.24999501, 0.24999844, 0.24999984, 0.24999973, 0.24998683, 0.34502643, 0.34927016, 0.34928840, 0.34929344, 0.0000000
0.79999998E-1, 0.0000000, 0.0000000, 0.0000000, 0.0000000, 0.0000000, 0.0000000, 0.0000000, 0.0000000, 18.972610, 19.853519, 19.857553, 19.858664, 0.24974528, 0.24999501, 0.24999844, 0.24999984, 0.24999973, 0.24998683, 0.34486306, 0.34926760, 0.34928778, 0.34929332, 0.0000000
0.79999998E-1, 0.0000000, 0.0000000, 0.0000000, 0.0000000, 0.0000000, 0.0000000, 0.0000000, 0.0000000, 18.935415, 19.852194, 19.857235, 19.858587, 0.24974528, 0.24999501, 0.24999844, 0.24999984, 0.24999973, 0.24998683, 0.34467599, 0.34926069, 0.34928611, 0.34929290, 0.0000000
0.79999998E-1, 0.0000000, 0.0000000, 0.0000000, 0.0000000, 0.0000000, 0.0000000, 0.0000000, 0.0000000, 18.899387, 19.851580, 19.857079, 19.858562, 0.24974528, 0.24999501, 0.24999844, 0.24999984, 0.24999973, 0.24998683, 0.34449694, 0.34925789, 0.34928539, 0.34929281, 0.0000000
0.79999998E-1, 0.0000000, 0.0000000, 0.0000000, 0.0000000, 0.0000000, 0.0000000, 0.0000000, 0.0000000, 18.868425, 19.852230, 19.857265, 19.858629, 0.24974528, 0.24999501, 0.24999844, 0.24999984, 0.24999973, 0.24998683, 0.34434211, 0.34926116, 0.34928632, 0.34929314, 0.0000000
0.79999998E-1, 0.0000000, 0.0000000, 0.0000000, 0.0000000, 0.0000000, 0.0000000, 0.0000000, 0.0000000, 18.833193, 19.851742, 19.857141, 19.858616, 0.24974528, 0.24999501, 0.24999844, 0.24999984, 0.24999973, 0.24998683, 0.34416598, 0.34925872, 0.34928572, 0.34929308, 0.0000000
0.79999998E-1, 0.0000000, 0.0000000, 0.0000000, 0.0000000, 0.0000000, 0.0000000, 0.0000000, 0.0000000, 18.801746, 19.852205, 19.857265, 19.858675, 0.24974528, 0.24999501, 0.24999844, 0.24999984, 0.24999973, 0.24998683, 0.34400874, 0.34926102, 0.34928632, 0.34929338, 0.0000000
0.94524488E-1, 0.17539893, 0.52624945E-1, 1.0526985, 0.0000000, 0.0000000, 0.0000000, 0.0000000, 0.0000000, 18.766207, 19.851635, 19.857130, 19.858635, 0.26052499, 0.24999501, 0.24999844, 0.24999984, 0.24999973, 0.24998683, 0.34383103, 0.34925818, 0.34928566, 0.34929317, 0.52624945E-1
0.79999998E-1, 0.0000000, 0.0000000, 0.0000000, 0.0000000, 0.0000000, 0.0000000, 0.0000000, 0.0000000, 18.728125, 19.850691, 19.856907, 19.858574, 0.24998888, 0.24999501, 0.24999844, 0.24999984, 0.24999973, 0.24998683, 0.34363931, 0.34925309, 0.34928444, 0.34929284, 0.0000000
0.79999998E-1, 0.0000000, 0.0000000, 0.0000000, 0.0000000, 0.0000000, 0.0000000, 0.0000000, 0.0000000, 18.694956, 19.851168, 19.857048, 19.858616, 0.24998888, 0.24999501, 0.24999844, 0.24999984, 0.24999973, 0.24998683, 0.34347367, 0.34925553, 0.34928516, 0.34929305, 0.0000000
0.79999998E-1, 0.0000000, 0.0000000, 0.0000000, 0.0000000, 0.0000000, 0.0000000, 0.0000000, 0.0000000, 18.661432, 19.851404, 19.857124, 19.858652, 0.24998888, 0.24999501, 0.24999844, 0.24999984, 0.24999973, 0.24998683, 0.34330708, 0.34925699, 0.34928563, 0.34929326, 0.0000000
0.79999998E-1, 0.0000000, 0.0000000, 0.0000000, 0.0000000, 0.0000000, 0.0000000, 0.0000000, 0.0000000, 18.628664, 19.851706, 19.857225, 19.858683, 0.24998888, 0.24999501, 0.24999844, 0.24999984, 0.24999973, 0.24998683, 0.34314331, 0.34925854, 0.34928614, 0.34929341, 0.0000000
0.79999998E-1, 0.0000000, 0.0000000, 0.0000000, 0.0000000, 0.0000000, 0.0000000, 0.0000000, 0.0000000, 18.597900, 19.852379, 19.857372, 19.858704, 0.24998888, 0.24999501, 0.24999844, 0.24999984, 0.24999973, 0.24998683, 0.34298950, 0.34926188, 0.34928685, 0.34929353, 0.0000000
0.79999998E-1, 0.0000000, 0.0000000, 0.0000000, 0.0000000, 0.0000000, 0.0000000, 0.0000000, 0.0000000, 18.565088, 19.852365, 19.857353, 19.858675, 0.24998888, 0.24999501, 0.24999844, 0.24999984, 0.24999973, 0.24998683, 0.34282544, 0.34926182, 0.34928676, 0.34929338, 0.0000000
0.79999998E-1, 0.0000000, 0.0000000, 0.0000000, 0.0000000, 0.0000000, 0.0000000, 0.0000000, 0.0000000, 18.534744, 19.852913, 19.857485, 19.858709, 0.24998888, 0.24999501, 0.24999844, 0.24999984, 0.24999973, 0.24998683, 0.34267372, 0.34926456, 0.34928742, 0.34929353, 0.0000000
0.79999998E-1, 0.0000000, 0.0000000, 0.0000000, 0.0000000, 0.0000000, 0.0000000, 0.0000000, 0.0000000, 18.503391, 19.853067, 19.857531, 19.858704, 0.24998888, 0.24999501, 0.24999844, 0.24999984, 0.24999973, 0.24998683, 0.34251696, 0.34926534, 0.34928766, 0.34929353, 0.0000000
0.15298006, 0.88131344, 0.26442048, 2.7997403, 2.1116197, 2.9728265, 2.4958923, 5.1878443, 2.4459152, 18.473541, 19.853504, 19.857666, 19.858709, 0.27799740, 0.27111620, 0.27972826, 0.27495891, 0.30187845, 0.27445915, 0.34236771, 0.34926751, 0.34928834, 0.34929353, 0.26442048
0.12935041, 0.59595978, 0.17880581, 1.6315311, 1.5203446, 2.6463449, 2.3545833, 2.4244337, 4.0920014, 19.443316, 19.851976, 19.857246, 19.858610, 0.26619747, 0.26514322, 0.27643228, 0.27353030, 0.27423641, 0.29091597, 0.34721586, 0.34925970, 0.34928617, 0.34929305, 0.17880581
0.10208046, 0.26664549, 0.80001652E-1, 0.25371313, 0.79101622, 2.2261949, 2.1709771, 2.3305178, 3.8032956, 19.641348, 19.849972, 19.856701, 19.858480, 0.25229189, 0.25778368, 0.27219576, 0.27167684, 0.27328837, 0.28802437, 0.34820518, 0.34924948, 0.34928343, 0.34929237, 0.80001652E-1
0.89944288E-1, 0.12008808, 0.36030028E-1, 0.0000000, 0.0000000, 1.6848147, 1.9354403, 2.2091806, 3.6189821, 19.716143, 19.847544, 19.856062, 19.858322, 0.24999973, 0.24999997, 0.26674658, 0.26930457, 0.27206630, 0.28617677, 0.34857842, 0.34923711, 0.34928015, 0.34929159, 0.36030028E-1
0.86913168E-1, 0.83484069E-1, 0.25047725E-1, 0.0000000, 0.0000000, 1.0296166, 1.6439229, 2.0565062, 3.4544964, 19.749855, 19.844946, 19.855373, 19.858170, 0.24999973, 0.24999997, 0.26021335, 0.26639807, 0.27054384, 0.28453410, 0.34874740, 0.34922427, 0.34927675, 0.34929082, 0.25047725E-1
0.84235124E-1, 0.51143784E-1, 0.15344670E-1, 0.0000000, 0.0000000, 0.45768321, 1.3687670, 1.9064575, 3.3063507, 19.769989, 19.843735, 19.855061, 19.858110, 0.24999973, 0.24999997, 0.25449473, 0.26364535, 0.26904246, 0.28305209, 0.34884807, 0.34921819, 0.34927517, 0.34929052, 0.15344670E-1
0.82683317E-1, 0.32403994E-1, 0.97221704E-2, 0.0000000, 0.0000000, 0.13457537, 1.1749119, 1.7920971, 3.1857154, 19.787769, 19.844677, 19.855291, 19.858204, 0.24999973, 0.24999997, 0.25128615, 0.26171663, 0.26790366, 0.28184816, 0.34893745, 0.34922302, 0.34927636, 0.34929100, 0.97221704E-2
0.82012765E-1, 0.24306381E-1, 0.72926437E-2, 0.0000000, 0.0000000, 0.0000000, 1.0572433, 1.7168045, 3.0934529, 19.803413, 19.846684, 19.855833, 19.858370, 0.24999973, 0.24999997, 0.24999909, 0.26057014, 0.26716620, 0.28093344, 0.34901708, 0.34923342, 0.34927917, 0.34929186, 0.72926437E-2
0.84625706E-1, 0.55860404E-1, 0.16759798E-1, 0.19755363, 0.0000000, 0.0000000, 0.96554160, 1.6586125, 3.0171704, 19.814077, 19.848352, 19.856306, 19.858469, 0.25197339, 0.24999997, 0.24999909, 0.25965479, 0.26658559, 0.28017136, 0.34907037, 0.34924176, 0.34928152, 0.34929234, 0.16759798E-1
0.15296024, 0.88107413, 0.26434869, 2.8816490, 2.2096362, 3.1456444, 0.94199777, 1.6462713, 2.9939742, 19.801521, 19.850344, 19.856825, 19.858580, 0.27881649, 0.27209637, 0.28145644, 0.25941998, 0.26646271, 0.27993974, 0.34900761, 0.34925172, 0.34928411, 0.34929290, 0.26434869
0.14014512, 0.72631776, 0.21791713, 2.2646637, 2.0239921, 2.0894079, 2.8945088, 1.6309917, 2.9860587, 19.772276, 19.851753, 19.857201, 19.858675, 0.27264664, 0.27023992, 0.27089408, 0.27894509, 0.26630992, 0.27986059, 0.34886140, 0.34925878, 0.34928602, 0.34929338, 0.21791713
0.13657223, 0.68317109, 0.20497184, 2.0796747, 1.9282371, 2.0403028, 2.8719723, 1.6201913, 2.9804678, 19.744274, 19.853008, 19.857531, 19.858709, 0.27079675, 0.26928237, 0.27040303, 0.27871972, 0.26620191, 0.27980468, 0.34872139, 0.34926504, 0.34928766, 0.34929353, 0.20497184
0.13165498, 0.62378985, 0.18715568, 1.8257171, 1.7958403, 1.9720078, 2.8402715, 1.6049206, 2.9725671, 19.715872, 19.853792, 19.857744, 19.858709, 0.26825717, 0.26795840, 0.26972008, 0.27840272, 0.26604921, 0.27972567, 0.34857935, 0.34926897, 0.34928873, 0.34929353, 0.18715568
0.11334260, 0.40264809, 0.12080651, 0.89029670, 1.2922108, 1.7062664, 2.7182758, 1.5471041, 2.9424400, 19.680309, 19.852755, 19.857441, 19.858641, 0.25890118, 0.26292053, 0.26706162, 0.27718243, 0.26547095, 0.27942434, 0.34840155, 0.34926379, 0.34928721, 0.34929320, 0.12080651
0.95552392E-1, 0.18781205, 0.56349248E-1, 0.10028481E-1, 0.79032481, 1.4300853, 2.5883436, 1.4856189, 2.9102592, 19.643841, 19.851835, 19.857189, 19.858610, 0.24999994, 0.25783640, 0.26426551, 0.27586585, 0.26484743, 0.27909809, 0.34821844, 0.34925896, 0.34928590, 0.34929305, 0.56349248E-1
0.91649577E-1, 0.14068136, 0.42208627E-1, 0.0000000, 0.43228865, 1.2126029, 2.4859548, 1.4390558, 2.8854041, 19.610212, 19.851810, 19.857189, 19.858629, 0.24999994, 0.25432134, 0.26212385, 0.27485865, 0.26439029, 0.27885386, 0.34805107, 0.34925905, 0.34928596, 0.34929314, 0.42208627E-1
0.10035996, 0.24586868, 0.73767982E-1, 0.79950690, 0.22984743, 1.0732979, 2.4191170, 1.4097899, 2.8694332, 19.579729, 19.852482, 19.857355, 19.858698, 0.25799361, 0.25229824, 0.26073238, 0.27419090, 0.26409781, 0.27869427, 0.34789866, 0.34926242, 0.34928676, 0.34929350, 0.73767982E-1
0.94843403E-1, 0.17925029, 0.53780463E-1, 0.56113005, 0.36251545E-1, 0.93890429, 2.3521423, 1.3798833, 2.8531909, 19.549206, 19.852953, 19.857479, 19.858709, 0.25561130, 0.25036252, 0.25938904, 0.27352142, 0.26379883, 0.27853191, 0.34774601, 0.34926477, 0.34928739, 0.34929353, 0.53780463E-1
0.14359540, 0.76798350, 0.23041810, 2.2862344, 1.9769907, 2.5848718, 1.8057406, 5.2946992, 9.3285666, 19.625700, 19.853378, 19.857615, 19.858709, 0.27286234, 0.26976991, 0.27584872, 0.26805741, 0.30294698, 0.34328568, 0.34812850, 0.34926689, 0.34928808, 0.34929353, 0.23041810
0.23495883, 1.0000000, 0.56144500, 2.8007574, 8.1871586, 8.6307325, 9.1207218, 9.4164019, 9.6891623, 19.722786, 19.854153, 19.857807, 19.858709, 0.27800757, 0.33187157, 0.33630732, 0.34120721, 0.34416401, 0.34689161, 0.34861392, 0.34927076, 0.34928903, 0.34929353, 0.56144500
0.35600001, 1.0000000, 1.0000000, 9.9999990, 9.9999990, 9.9999990, 9.9999990, 9.9999990, 9.9999990, 19.999998, 19.999998, 19.999998, 19.998999, 0.34999999, 0.34999999, 0.34999999, 0.34999999, 0.34999999, 0.34999999, 0.34999999, 0.34999999, 0.34999999, 0.34999499, 1.0000000
0.35600001, 1.0000000, 1.0000000, 9.9999990, 9.9999990, 9.9999990, 9.9999990, 9.9999990, 9.9999990, 19.999998, 19.999998, 19.999998, 19.998999, 0.34999999, 0.34999999, 0.34999999, 0.34999999, 0.34999999, 0.34999999, 0.34999999, 0.34999999, 0.34999999, 0.34999499, 1.0000000
0.34014720, 1.0000000, 0.94256228, 9.1226892, 9.6615458, 9.8141842, 9.9445572, 9.9716330, 9.9885063, 19.997955, 19.999451, 19.999613, 19.975222, 0.34116730, 0.34658471, 0.34812617, 0.34943786, 0.34971240, 0.34988305, 0.34998941, 0.34999716, 0.34999803, 0.34987611, 0.94256228
0.29405597, 1.0000000, 0.77556509, 6.1288552, 9.2784204, 9.5474377, 9.7793465, 9.8789568, 9.9426985, 19.983580, 19.995667, 19.997047, 19.952589, 0.31106418, 0.34266832, 0.34541523, 0.34776381, 0.34877443, 0.34941930, 0.34991649, 0.34997797, 0.34998515, 0.34976292, 0.77556509
0.25175706, 1.0000000, 0.62230814, 3.0865259, 9.2556610, 9.5016489, 9.7155991, 9.8303862, 9.9146118, 19.973295, 19.992846, 19.992352, 19.932432, 0.28071439, 0.34247687, 0.34497580, 0.34713581, 0.34829357, 0.34914094, 0.34986556, 0.34996399, 0.34996170, 0.34966213, 0.62230814
0.22139184, 1.0000000, 0.51228929, 1.8577993, 7.6208601, 9.4719572, 9.6823616, 9.8017416, 9.8952656, 19.963783, 19.990040, 19.984835, 19.915308, 0.26857778, 0.32620806, 0.34471926, 0.34682357, 0.34801739, 0.34895265, 0.34981892, 0.34995019, 0.34992418, 0.34957653, 0.51228929
0.18630815, 1.0000000, 0.38517442, 0.63180029, 5.4648743, 9.4103603, 9.6373415, 9.7686062, 9.8746605, 19.952934, 19.986410, 19.974360, 19.901287, 0.25631729, 0.30464509, 0.34410045, 0.34637275, 0.34768572, 0.34874648, 0.34976467, 0.34993204, 0.34987181, 0.34950644, 0.38517442
0.16118081, 0.98034650, 0.29413337, 0.0000000, 3.4900882, 9.4002228, 9.6224928, 9.7547073, 9.8636389, 19.943361, 19.982229, 19.961651, 19.890242, 0.24996962, 0.28490010, 0.34400117, 0.34622473, 0.34754696, 0.34863636, 0.34971681, 0.34991115, 0.34980825, 0.34945121, 0.29413337
0.14879897, 0.83082229, 0.24927162, 0.0000000, 2.3974509, 8.5987492, 9.6110220, 9.7451220, 9.8564396, 19.935221, 19.977118, 19.947678, 19.881784, 0.24996962, 0.27397242, 0.33598378, 0.34610939, 0.34745079, 0.34856424, 0.34967610, 0.34988558, 0.34973839, 0.34940892, 0.24927162
0.14136842, 0.74109018, 0.22234930, 0.0000000, 1.9165605, 7.7564325, 9.6463976, 9.7642736, 9.8644333, 19.932423, 19.971804, 19.933680, 19.875484, 0.24996962, 0.26916370, 0.32756048, 0.34646302, 0.34764224, 0.34864417, 0.34966213, 0.34985903, 0.34966838, 0.34937742, 0.22234930
0.13381824, 0.64991379, 0.19499363, 0.0000000, 1.4389634, 6.8879919, 9.6423826, 9.7634649, 9.8649845, 19.929787, 19.964764, 19.920256, 19.870823, 0.24996962, 0.26438963, 0.31887990, 0.34642383, 0.34763464, 0.34864986, 0.34964892, 0.34982383, 0.34960127, 0.34935412, 0.19499363
0.12386246, 0.52968681, 0.15892194, 0.0000000, 0.80634356, 5.7609606, 9.5959730, 9.7356892, 9.8514671, 19.923342, 19.954943, 19.907787, 19.867357, 0.24996962, 0.25806344, 0.30760962, 0.34595972, 0.34735689, 0.34851468, 0.34961671, 0.34977472, 0.34953892, 0.34933680, 0.15892194
0.11876686, 0.46815193, 0.14045963, 0.0000000, 0.53155422, 5.0667901, 9.6473417, 9.7642307, 9.8635511, 19.922220, 19.945129, 19.897310, 19.864931, 0.24996962, 0.25531471, 0.30066395, 0.34647191, 0.34764153, 0.34863523, 0.34961110, 0.34972566, 0.34948656, 0.34932464, 0.14045963
0.11433825, 0.41467166, 0.12441394, 0.0000000, 0.30490458, 4.4449906, 9.6643934, 9.7758961, 9.8698502, 19.920727, 19.934498, 19.888584, 19.863171, 0.24996962, 0.25304905, 0.29444990, 0.34664392, 0.34775895, 0.34869850, 0.34960362, 0.34967250, 0.34944293, 0.34931585, 0.12441394
0.10783146, 0.33609521, 0.10083865, 0.0000000, 0.0000000, 3.5001354, 9.6006069, 9.7388906, 9.8529425, 19.913441, 19.922270, 19.881166, 19.861860, 0.24996962, 0.24999915, 0.28500134, 0.34600607, 0.34738892, 0.34852943, 0.34956720, 0.34961134, 0.34940583, 0.34930930, 0.10083865
0.11780874, 0.45658168, 0.13698821, 0.89143217, 0.0000000, 2.9562891, 9.5028353, 9.7561722, 9.8589993, 19.909250, 19.911383, 19.875519, 19.860971, 0.25891432, 0.24999915, 0.27956289, 0.34502834, 0.34756172, 0.34858999, 0.34954625, 0.34955692, 0.34937760, 0.34930485, 0.13698821
0.11118455, 0.37658739, 0.11298752, 0.48022866, 0.0000000, 2.7726264, 9.2658806, 9.7853107, 9.8705988, 19.904955, 19.901537, 19.871183, 19.860355, 0.25479928, 0.24999915, 0.27772105, 0.34265533, 0.34785128, 0.34870535, 0.34952477, 0.34950769, 0.34935591, 0.34930179, 0.11298752
0.10546292, 0.30749246, 0.92256971E-1, 0.13007224, 0.0000000, 2.5972276, 9.0547171, 9.7969360, 9.8756275, 19.899733, 19.892763, 19.867872, 19.859926, 0.25130057, 0.24999915, 0.27597132, 0.34054652, 0.34796900, 0.34875616, 0.34949866, 0.34946382, 0.34933937, 0.34929964, 0.92256971E-1
0.18193771, 1.0000000, 0.36933953, 2.6590645, 2.9588521, 6.6332211, 9.4737921, 9.8376894, 9.8921833, 19.896412, 19.885847, 19.865520, 19.859627, 0.27659044, 0.27958840, 0.31633207, 0.34473789, 0.34837687, 0.34892184, 0.34948206, 0.34942925, 0.34932759, 0.34929812, 0.36933953
0.18982607, 1.0000000, 0.39792052, 2.4354100, 3.4035361, 8.3548222, 9.6814518, 9.8231459, 9.8850250, 19.888519, 19.879038, 19.863512, 19.859381, 0.27435410, 0.28403535, 0.33354822, 0.34681451, 0.34823146, 0.34885025, 0.34944260, 0.34939519, 0.34931755, 0.34929690, 0.39792052
0.17984374, 1.0000000, 0.36175266, 2.0892115, 2.7346106, 8.4222136, 9.7439604, 9.8326283, 9.8875141, 19.883070, 19.874033, 19.862146, 19.859251, 0.27089167, 0.27734578, 0.33422160, 0.34743947, 0.34832621, 0.34887511, 0.34941536, 0.34937018, 0.34931073, 0.34929627, 0.36175266
0.18128818, 1.0000000, 0.36698616, 2.4039001, 2.5521696, 8.0820065, 9.7648220, 9.8380985, 9.8886347, 19.878410, 19.870159, 19.861181, 19.859217, 0.27403900, 0.27552170, 0.33082005, 0.34764820, 0.34838098, 0.34888634, 0.34939206, 0.34935081, 0.34930590, 0.34929609, 0.36698616
0.17756490, 1.0000000, 0.35349602, 1.9142896, 2.7180643, 8.4764214, 9.7907019, 9.8501453, 9.8918676, 19.874395, 19.867191, 19.860512, 19.859180, 0.26914290, 0.27718064, 0.33476421, 0.34790701, 0.34850144, 0.34891868, 0.34937197, 0.34933597, 0.34930256, 0.34929591, 0.35349602
0.16427046, 1.0000000, 0.30532774, 1.3371736, 2.3434639, 7.9511409, 9.7432880, 9.8234921, 9.8789501, 19.867775, 19.864119, 19.859829, 19.859098, 0.26337114, 0.27343401, 0.32951033, 0.34743261, 0.34823480, 0.34878948, 0.34933889, 0.34932059, 0.34929913, 0.34929550, 0.30532774
0.15170124, 0.86587042, 0.25978711, 1.0492891, 1.7228365, 7.1359363, 9.6681108, 9.7776413, 9.8553982, 19.857363, 19.860474, 19.858990, 19.858923, 0.26049289, 0.26722836, 0.32135937, 0.34668112, 0.34777641, 0.34855399, 0.34928682, 0.34930235, 0.34929496, 0.34929460, 0.25978711
0.14197037, 0.74835944, 0.22453029, 0.65495074, 1.4689445, 6.6025867, 9.7004375, 9.7913790, 9.8593159, 19.854811, 19.859165, 19.858732, 19.858875, 0.25654647, 0.26468533, 0.31601661, 0.34700167, 0.34791243, 0.34859273, 0.34927404, 0.34929582, 0.34929365, 0.34929436, 0.22453029
0.14544158, 0.79027808, 0.23710714, 0.98232925, 1.4294297, 6.4080958, 9.7688761, 9.8285456, 9.8737574, 19.855307, 19.858847, 19.858690, 19.858875, 0.25982329, 0.26429430, 0.31408095, 0.34768876, 0.34828547, 0.34873757, 0.34927654, 0.34929425, 0.34929344, 0.34929436, 0.23710714
0.13473561, 0.66099197, 0.19831742, 0.52934289, 1.1476517, 5.9062266, 9.7277784, 9.8076468, 9.8649864, 19.852503, 19.857834, 19.858479, 19.858828, 0.25529343, 0.26147652, 0.30906227, 0.34727779, 0.34807646, 0.34864986, 0.34926251, 0.34928918, 0.34929240, 0.34929413, 0.19831742
0.13686830, 0.68674654, 0.20604457, 1.1999100, 0.68082511, 5.1390872, 9.6555376, 9.7657070, 9.8455658, 19.846388, 19.856012, 19.858084, 19.858709, 0.26199910, 0.25680825, 0.30139089, 0.34655538, 0.34765708, 0.34845567, 0.34923193, 0.34928006, 0.34929043, 0.34929353, 0.20604457
0.12002334, 0.48332524, 0.14501208, 0.43654442, 0.31684935, 4.3521423, 9.6322126, 9.7489424, 9.8369904, 19.842945, 19.854969, 19.857853, 19.858675, 0.25436178, 0.25316691, 0.29351050, 0.34631726, 0.34748697, 0.34836906, 0.34921473, 0.34927484, 0.34928927, 0.34929338, 0.14501208
0.10933635, 0.35426837, 0.10629115, 0.0000000, 0.89910626E-1, 3.6756313, 9.6412363, 9.7524137, 9.8380451, 19.842432, 19.854744, 19.857807, 19.858709, 0.24999964, 0.25089878, 0.28674984, 0.34640896, 0.34752241, 0.34837988, 0.34921217, 0.34927371, 0.34928903, 0.34929353, 0.10629115
0.10681784, 0.32385463, 0.97166106E-1, 0.0000000, 0.0000000, 3.2345316, 9.6865406, 9.7782040, 9.8490620, 19.844238, 19.855127, 19.857943, 19.858709, 0.24999964, 0.24999981, 0.28234339, 0.34686425, 0.34778145, 0.34849042, 0.34922120, 0.34927565, 0.34928972, 0.34929353, 0.97166106E-1
0.16890576, 1.0000000, 0.32212228, 2.8487773, 2.2462754, 4.2302647, 9.7339354, 9.8059645, 9.8608055, 19.846283, 19.855619, 19.858107, 19.858709, 0.27848777, 0.27246276, 0.29230264, 0.34733936, 0.34805965, 0.34860805, 0.34923142, 0.34927809, 0.34929055, 0.34929353, 0.32212228
0.21641119, 1.0000000, 0.49424344, 2.4667203, 6.0566845, 9.3440199, 9.7855501, 9.8355894, 9.8730145, 19.848593, 19.856207, 19.858225, 19.858709, 0.27466720, 0.31056684, 0.34344020, 0.34785551, 0.34835589, 0.34873015, 0.34924296, 0.34928104, 0.34929112, 0.34929353, 0.49424344
0.21686330, 1.0000000, 0.49588150, 2.1557837, 6.4604092, 9.6766024, 9.8063107, 9.8484983, 9.8784437, 19.849964, 19.856539, 19.858307, 19.858709, 0.27155784, 0.31460410, 0.34676602, 0.34806311, 0.34848499, 0.34878445, 0.34924981, 0.34928268, 0.34929153, 0.34929353, 0.49588150
0.22259246, 1.0000000, 0.51663935, 2.2904694, 6.9605989, 9.6190672, 9.7751951, 9.8332882, 9.8727245, 19.849382, 19.856390, 19.858242, 19.858709, 0.27290469, 0.31960601, 0.34619066, 0.34775195, 0.34833288, 0.34872726, 0.34924692, 0.34928197, 0.34929121, 0.34929353, 0.51663935
0.19614737, 1.0000000, 0.42082375, 1.3817877, 5.3604469, 9.4815464, 9.6957502, 9.7890339, 9.8537807, 19.844902, 19.855200, 19.857952, 19.858658, 0.26381788, 0.30360448, 0.34481546, 0.34695750, 0.34789035, 0.34853780, 0.34922451, 0.34927601, 0.34928977, 0.34929329, 0.42082375
0.17464153, 1.0000000, 0.34290409, 0.72464347, 3.8661456, 9.4718332, 9.6749144, 9.7744989, 9.8470364, 19.842773, 19.854605, 19.857817, 19.858683, 0.25724643, 0.28866145, 0.34471834, 0.34674913, 0.34774500, 0.34847036, 0.34921387, 0.34927303, 0.34928909, 0.34929341, 0.34290409
0.16201432, 0.99041200, 0.29715332, 0.38233995, 2.9647498, 9.3605423, 9.6945028, 9.7843647, 9.8512306, 19.843460, 19.854780, 19.857861, 19.858709, 0.25382340, 0.27964750, 0.34360543, 0.34694502, 0.34784365, 0.34851229, 0.34921730, 0.34927389, 0.34928930, 0.34929353, 0.29715332
0.15119192, 0.85971975, 0.25794172, 0.47171116E-1, 2.5685816, 8.6574841, 9.6885700, 9.7816057, 9.8505678, 19.843706, 19.854845, 19.857885, 19.858709, 0.25047171, 0.27568582, 0.33657485, 0.34688571, 0.34781605, 0.34850568, 0.34921855, 0.34927422, 0.34928942, 0.34929353, 0.25794172
0.16198215, 0.99002343, 0.29703674, 1.1177003, 2.3265152, 8.1725254, 9.7152090, 9.7963219, 9.8565159, 19.844679, 19.855087, 19.857973, 19.858709, 0.26117700, 0.27326515, 0.33172524, 0.34715208, 0.34796321, 0.34856516, 0.34922341, 0.34927544, 0.34928986, 0.34929353, 0.29703674
0.14864740, 0.82899183, 0.24872243, 0.59635043, 1.9317329, 7.4855447, 9.6899786, 9.7828531, 9.8510275, 19.843718, 19.854866, 19.857931, 19.858709, 0.25596350, 0.26931733, 0.32485545, 0.34689978, 0.34782854, 0.34851027, 0.34921858, 0.34927434, 0.34928966, 0.34929353, 0.24872243
0.35600001, 1.0000000, 1.0000000, 9.9999990, 9.9999990, 9.9999990, 9.9999962, 9.9999990, 9.9999990, 19.999998, 19.999998, 19.999998, 19.998999, 0.34999999, 0.34999999, 0.34999999, 0.34999996, 0.34999999, 0.34999999, 0.34999999, 0.34999999, 0.34999999, 0.34999499, 1.0000000
0.35600001, 1.0000000, 1.0000000, 9.9999990, 9.9999990, 9.9999990, 9.9999990, 9.9999962, 9.9999962, 19.999998, 19.999998, 19.999996, 19.992928, 0.34999999, 0.34999999, 0.34999999, 0.34999999, 0.34999996, 0.34999996, 0.34999999, 0.34999999, 0.34999996, 0.34996465, 1.0000000
0.35600001, 1.0000000, 1.0000000, 9.9999990, 9.9999990, 9.9999990, 9.9999990, 9.9999990, 9.9999990, 19.999998, 19.999998, 19.999996, 19.993994, 0.34999999, 0.34999999, 0.34999999, 0.34999999, 0.34999999, 0.34999999, 0.34999999, 0.34999999, 0.34999996, 0.34996998, 1.0000000
0.35600001, 1.0000000, 1.0000000, 9.9999990, 9.9999990, 9.9999990, 9.9999990, 9.9999990, 9.9999990, 19.999998, 19.999998, 19.999998, 19.996996, 0.34999999, 0.34999999, 0.34999999, 0.34999999, 0.34999999, 0.34999999, 0.34999999, 0.34999999, 0.34999999, 0.34998497, 1.0000000
0.35135984, 1.0000000, 0.98318774, 9.7561522, 9.8794155, 9.9372101, 9.9842548, 9.9920387, 9.9969578, 19.999605, 19.999897, 19.999846, 19.980116, 0.34756154, 0.34879416, 0.34937209, 0.34984255, 0.34992039, 0.34996957, 0.34999803, 0.34999949, 0.34999922, 0.34990057, 0.98318774
0.35600001, 1.0000000, 1.0000000, 9.9999990, 9.9999990, 9.9999990, 9.9999990, 9.9999990, 9.9999990, 19.999998, 19.999998, 19.999603, 19.960541, 0.34999999, 0.34999999, 0.34999999, 0.34999999, 0.34999999, 0.34999999, 0.34999999, 0.34999999, 0.34999803, 0.34980270, 1.0000000
0.35600001, 1.0000000, 1.0000000, 9.9999990, 9.9999990, 9.9999990, 9.9999990, 9.9999990, 9.9999990, 19.999998, 19.999998, 19.999998, 19.998999, 0.34999999, 0.34999999, 0.34999999, 0.34999999, 0.34999999, 0.34999999, 0.34999999, 0.34999999, 0.34999999, 0.34999499, 1.0000000
0.35600001, 1.0000000, 1.0000000, 9.9999990, 9.9999990, 9.9999990, 9.9999990, 9.9999990, 9.9999990, 19.999998, 19.999998, 19.999998, 19.998993, 0.34999999, 0.34999999, 0.34999999, 0.34999999, 0.34999999, 0.34999999, 0.34999999, 0.34999999, 0.34999999, 0.34999496, 1.0000000
0.35600001, 1.0000000, 1.0000000, 9.9999990, 9.9999990, 9.9999990, 9.9999962, 9.9999990, 9.9999990, 19.999998, 19.999998, 19.999998, 19.997997, 0.34999999, 0.34999999, 0.34999999, 0.34999996, 0.34999999, 0.34999999, 0.34999999, 0.34999999, 0.34999999, 0.34998998, 1.0000000
0.35600001, 1.0000000, 1.0000000, 9.9999990, 9.9999990, 9.9999990, 9.9999990, 9.9999990, 9.9999990, 19.999998, 19.999998, 19.999998, 19.998999, 0.34999999, 0.34999999, 0.34999999, 0.34999999, 0.34999999, 0.34999999, 0.34999999, 0.34999999, 0.34999999, 0.34999499, 1.0000000
0.35600001, 1.0000000, 0.99999994, 9.9999990, 9.9999990, 9.9999962, 9.9999990, 9.9999990, 9.9999990, 19.999992, 19.999998, 19.999992, 19.997969, 0.34999999, 0.34999999, 0.34999996, 0.34999999, 0.34999999, 0.34999999, 0.34999996, 0.34999999, 0.34999996, 0.34998983, 0.99999994
0.34340864, 1.0000000, 0.95437914, 9.3001556, 9.7262363, 9.8502178, 9.9590921, 9.9791336, 9.9919863, 19.998949, 19.999737, 19.999647, 19.974253, 0.34300005, 0.34726143, 0.34850171, 0.34959084, 0.34979129, 0.34991983, 0.34999475, 0.34999868, 0.34999824, 0.34987128, 0.95437914
0.30439770, 1.0000000, 0.81303507, 6.7729669, 9.3639021, 9.6072531, 9.8371515, 9.9122944, 9.9620752, 19.991997, 19.997919, 19.997515, 19.951836, 0.31772965, 0.34363902, 0.34607252, 0.34837151, 0.34912294, 0.34962076, 0.34995997, 0.34998959, 0.34998757, 0.34975916, 0.81303507
0.26415741, 1.0000000, 0.66723692, 3.9383547, 9.2782803, 9.5299997, 9.7591410, 9.8611164, 9.9357824, 19.985067, 19.996058, 19.992973, 19.931839, 0.28938198, 0.34278062, 0.34529886, 0.34759116, 0.34861106, 0.34935778, 0.34992534, 0.34998029, 0.34996486, 0.34965920, 0.66723692
0.27123481, 1.0000000, 0.69287968, 4.4533668, 9.2481918, 9.5825310, 9.7618093, 9.8542242, 9.9280109, 19.981613, 19.994991, 19.985788, 19.914925, 0.29453334, 0.34248149, 0.34582511, 0.34761807, 0.34854221, 0.34928012, 0.34990805, 0.34997496, 0.34992895, 0.34957463, 0.69287968
0.23605965, 1.0000000, 0.56543350, 2.7789414, 7.8670135, 9.4530554, 9.6819677, 9.8034620, 9.8991508, 19.970654, 19.991575, 19.975271, 19.901009, 0.27778766, 0.32866716, 0.34452876, 0.34681931, 0.34803444, 0.34899145, 0.34985328, 0.34995788, 0.34987634, 0.34950504, 0.56543350
0.20111287, 1.0000000, 0.43881476, 1.5450239, 5.7238598, 9.4239931, 9.6496229, 9.7770538, 9.8813248, 19.961199, 19.987761, 19.962578, 19.890053, 0.26544562, 0.30722833, 0.34423146, 0.34649450, 0.34776968, 0.34881294, 0.34980601, 0.34993881, 0.34981290, 0.34945026, 0.43881476
0.18153097, 1.0000000, 0.36786583, 0.95213354, 4.3223653, 9.4656286, 9.6760120, 9.7890015, 9.8843288, 19.957504, 19.984247, 19.948904, 19.881725, 0.25951853, 0.29321605, 0.34464797, 0.34675843, 0.34788916, 0.34884298, 0.34978753, 0.34992123, 0.34974453, 0.34940863, 0.36786583
0.15489082, 0.90438807, 0.27134356, 0.11660755, 2.8566182, 8.7590933, 9.6238680, 9.7575521, 9.8691969, 19.950928, 19.978331, 19.934664, 19.875443, 0.25116590, 0.27856371, 0.33758715, 0.34623784, 0.34757510, 0.34869182, 0.34975463, 0.34989166, 0.34967333, 0.34937721, 0.27134356
0.14243658, 0.75398958, 0.22621949, 0.0000000, 2.1385372, 7.5780478, 9.6134872, 9.7484350, 9.8627834, 19.945360, 19.970772, 19.921021, 19.870794, 0.24998589, 0.27138504, 0.32577991, 0.34613472, 0.34748429, 0.34862781, 0.34972680, 0.34985387, 0.34960511, 0.34935397, 0.22621949
0.13431861, 0.65595615, 0.19680654, 0.0000000, 1.6460925, 6.5982795, 9.6279593, 9.7558365, 9.8654156, 19.942308, 19.961992, 19.908749, 19.867416, 0.24998589, 0.26646081, 0.31598252, 0.34627950, 0.34755835, 0.34865415, 0.34971154, 0.34980994, 0.34954375, 0.34933707, 0.19680654
0.12901908, 0.59195876, 0.17760539, 0.0000000, 1.3489723, 5.9020872, 9.6671505, 9.7787857, 9.8755226, 19.940638, 19.952080, 19.898180, 19.864988, 0.24998589, 0.26348934, 0.30902004, 0.34667125, 0.34778771, 0.34875518, 0.34970319, 0.34976041, 0.34949091, 0.34932494, 0.17760539
0.12110221, 0.49635383, 0.14892104, 0.0000000, 0.87932050, 4.9410181, 9.6211166, 9.7535782, 9.8649111, 19.935165, 19.940264, 19.889126, 19.863188, 0.24998589, 0.25879321, 0.29941016, 0.34621117, 0.34753579, 0.34864911, 0.34967583, 0.34970132, 0.34944564, 0.34931594, 0.14892104
0.11260693, 0.39376417, 0.11814106, 0.0000000, 0.39885044, 3.8620527, 9.5770311, 9.7255821, 9.8505402, 19.927174, 19.927517, 19.881638, 19.861872, 0.24998589, 0.25398850, 0.28862053, 0.34577030, 0.34725583, 0.34850541, 0.34963587, 0.34963757, 0.34940818, 0.34930936, 0.11814106
0.10691467, 0.32502386, 0.97516909E-1, 0.0000000, 0.13211966, 3.0153985, 9.5975847, 9.7353897, 9.8529749, 19.921309, 19.915808, 19.875858, 19.860962, 0.24998589, 0.25132120, 0.28015399, 0.34597585, 0.34735391, 0.34852976, 0.34960654, 0.34957904, 0.34937930, 0.34930480, 0.97516909E-1
0.35100919, 1.0000000, 0.98191720, 9.9915552, 9.7619267, 9.3935184, 9.6414137, 9.8101263, 9.8837976, 19.918560, 19.905935, 19.871643, 19.860392, 0.34991521, 0.34761906, 0.34393510, 0.34641412, 0.34810126, 0.34883797, 0.34959280, 0.34952968, 0.34935820, 0.34930196, 0.98191720
0.35600001, 1.0000000, 1.0000000, 9.9999990, 9.9999990, 9.9999990, 9.9999990, 9.9999990, 9.9999990, 19.999998, 19.998444, 19.874962, 19.859999, 0.34999999, 0.34999999, 0.34999999, 0.34999999, 0.34999999, 0.34999999, 0.34999999, 0.34999222, 0.34937480, 0.34930000, 1.0000000
0.35574681, 1.0000000, 0.99908257, 9.9875641, 9.9927788, 9.9963675, 9.9990959, 9.9995461, 9.9998236, 19.999969, 19.999605, 19.966351, 19.859722, 0.34987274, 0.34992605, 0.34996280, 0.34999079, 0.34999537, 0.34999821, 0.34999985, 0.34999803, 0.34983176, 0.34929860, 0.99908257
0.33722585, 1.0000000, 0.93197763, 8.9300785, 9.6280880, 9.7914686, 9.9387283, 9.9685259, 9.9876375, 19.998180, 19.996752, 19.944948, 19.859488, 0.33930027, 0.34628054, 0.34791455, 0.34938726, 0.34968522, 0.34987637, 0.34999090, 0.34998375, 0.34972474, 0.34929743, 0.93197763
0.30395061, 1.0000000, 0.81141526, 6.7421384, 9.3634605, 9.6047554, 9.8304367, 9.9079752, 9.9598618, 19.991386, 19.990017, 19.925781, 19.859251, 0.31742138, 0.34363461, 0.34604755, 0.34830436, 0.34907976, 0.34959862, 0.34995693, 0.34995008, 0.34962890, 0.34929627, 0.81141526
0.25524467, 1.0000000, 0.63494444, 3.3482361, 9.2122259, 9.4835463, 9.7314167, 9.8440361, 9.9273577, 19.982704, 19.979891, 19.909538, 19.859087, 0.28348136, 0.34212059, 0.34483460, 0.34731400, 0.34844026, 0.34927353, 0.34991354, 0.34989947, 0.34954768, 0.34929544, 0.63494444
0.21629715, 1.0000000, 0.49383020, 1.7176986, 7.2639675, 9.4260225, 9.6693115, 9.7974329, 9.8991871, 19.972427, 19.966797, 19.896318, 19.858923, 0.26717582, 0.32263669, 0.34425828, 0.34669271, 0.34797412, 0.34899181, 0.34986213, 0.34983400, 0.34948158, 0.34929460, 0.49383020
0.18671714, 1.0000000, 0.38665628, 0.83502829, 5.1743064, 9.4077454, 9.6497850, 9.7784424, 9.8848467, 19.963814, 19.952484, 19.886082, 19.858805, 0.25835028, 0.30174306, 0.34407747, 0.34649783, 0.34778443, 0.34884846, 0.34981906, 0.34976241, 0.34943041, 0.34929401, 0.38665628
0.15987521, 0.96458006, 0.28940296, 0.92360377E-1, 3.1785164, 9.3960295, 9.6350498, 9.7652369, 9.8745708, 19.954117, 19.937315, 19.878260, 19.858709, 0.25092360, 0.28178492, 0.34395993, 0.34635043, 0.34765235, 0.34874570, 0.34977058, 0.34968656, 0.34939128, 0.34929353, 0.28940296
0.14844687, 0.82657039, 0.24799593, 0.0000000, 2.3802340, 8.5402336, 9.6383562, 9.7646141, 9.8714685, 19.944473, 19.922735, 19.872471, 19.858675, 0.24998082, 0.27380022, 0.33539855, 0.34638271, 0.34764570, 0.34871453, 0.34972236, 0.34961367, 0.34936234, 0.34929338, 0.24799593
0.13941547, 0.71750629, 0.21527341, 0.0000000, 1.8116772, 7.4978409, 9.6297579, 9.7585964, 9.8670168, 19.933723, 19.909269, 19.868217, 19.858683, 0.24998082, 0.26811594, 0.32497671, 0.34629712, 0.34758577, 0.34867010, 0.34966862, 0.34954634, 0.34934109, 0.34929341, 0.21527341
0.12944019, 0.59704393, 0.17913109, 0.0000000, 1.2219608, 6.2764502, 9.5994539, 9.7389326, 9.8563499, 19.921490, 19.897257, 19.865093, 19.858664, 0.24998082, 0.26221830, 0.31276110, 0.34599349, 0.34738880, 0.34856331, 0.34960744, 0.34948629, 0.34932548, 0.34929332, 0.17913109
0.11940221, 0.47582451, 0.14276163, 0.0000000, 0.66184700, 4.9805808, 9.5671673, 9.7170143, 9.8431606, 19.907797, 19.886816, 19.862783, 19.858646, 0.24998082, 0.25661835, 0.29980534, 0.34567150, 0.34717005, 0.34843159, 0.34953898, 0.34943408, 0.34931391, 0.34929323, 0.14276163
0.11007188, 0.36315066, 0.10895609, 0.0000000, 0.18439889, 3.6900299, 9.5398731, 9.6976137, 9.8304996, 19.893944, 19.878139, 19.861080, 19.858635, 0.24998082, 0.25184360, 0.28689650, 0.34539676, 0.34697515, 0.34830466, 0.34946972, 0.34939069, 0.34930539, 0.34929317, 0.10895609
0.10531241, 0.30567479, 0.91711611E-1, 0.0000000, 0.0000000, 2.9382257, 9.3830585, 9.7141342, 9.8356705, 19.885288, 19.872309, 19.860117, 19.858704, 0.24998082, 0.24999551, 0.27938226, 0.34383059, 0.34714133, 0.34835669, 0.34942645, 0.34936154, 0.34930059, 0.34929353, 0.91711611E-1
0.10328884, 0.28123808, 0.84379859E-1, 0.0000000, 0.0000000, 2.5388031, 8.9356842, 9.7165384, 9.8349648, 19.876574, 19.867588, 19.859388, 19.858698, 0.24998082, 0.24999551, 0.27538717, 0.33935621, 0.34716505, 0.34834951, 0.34938288, 0.34933794, 0.34929693, 0.34929350, 0.84379859E-1
0.10163470, 0.26126245, 0.78386575E-1, 0.0000000, 0.0000000, 2.2190332, 8.5321684, 9.7241230, 9.8367672, 19.869949, 19.864246, 19.858942, 19.858709, 0.24998082, 0.24999551, 0.27219033, 0.33532169, 0.34724122, 0.34836766, 0.34934974, 0.34932125, 0.34929472, 0.34929353, 0.78386575E-1
0.10010205, 0.24275413, 0.72833523E-1, 0.0000000, 0.0000000, 1.9287705, 8.1327991, 9.7266874, 9.8368111, 19.864988, 19.861917, 19.858700, 19.858709, 0.24998082, 0.24999551, 0.26928505, 0.33132574, 0.34726554, 0.34836766, 0.34932494, 0.34930959, 0.34929350, 0.34929353, 0.72833523E-1
0.35594910, 1.0000000, 0.99981552, 9.9979668, 9.9987803, 9.9993916, 9.9998798, 9.9999342, 9.9999819, 19.999998, 19.999874, 19.977665, 19.858658, 0.34997463, 0.34998477, 0.34999239, 0.34999850, 0.34999919, 0.34999976, 0.34999999, 0.34999937, 0.34988832, 0.34929329, 0.99981552
0.35600001, 1.0000000, 1.0000000, 9.9999990, 9.9999990, 9.9999990, 9.9999990, 9.9999990, 9.9999990, 19.999998, 19.999998, 19.998623, 19.903212, 0.34999999, 0.34999999, 0.34999999, 0.34999999, 0.34999999, 0.34999999, 0.34999999, 0.34999999, 0.34999311, 0.34951606, 1.0000000
0.35600001, 1.0000000, 1.0000000, 9.9999990, 9.9999990, 9.9999990, 9.9999990, 9.9999990, 9.9999990, 19.999998, 19.999998, 19.999998, 19.997997, 0.34999999, 0.34999999, 0.34999999, 0.34999999, 0.34999999, 0.34999999, 0.34999999, 0.34999999, 0.34999999, 0.34998998, 1.0000000
0.35358906, 1.0000000, 0.99126476, 9.8771048, 9.9324551, 9.9656658, 9.9919577, 9.9959574, 9.9984941, 19.999838, 19.999958, 19.999983, 19.991005, 0.34876853, 0.34932306, 0.34965590, 0.34991944, 0.34995949, 0.34998491, 0.34999919, 0.34999979, 0.34999990, 0.34995502, 0.99126476
0.33483440, 1.0000000, 0.92331302, 8.7877102, 9.5891247, 9.7682848, 9.9309473, 9.9644537, 9.9860001, 19.997900, 19.999456, 19.999775, 19.982063, 0.33787668, 0.34589097, 0.34768268, 0.34930944, 0.34964454, 0.34986001, 0.34998950, 0.34999728, 0.34999889, 0.34991032, 0.92331302
0.29656318, 1.0000000, 0.78464919, 6.2185206, 9.3505278, 9.5935783, 9.8231449, 9.9034090, 9.9581099, 19.991461, 19.997765, 19.998274, 19.959063, 0.31218520, 0.34350526, 0.34593579, 0.34823143, 0.34903410, 0.34958109, 0.34995729, 0.34998882, 0.34999138, 0.34979531, 0.78464919
0.32378611, 1.0000000, 0.88328302, 8.2474279, 9.2944946, 9.5370216, 9.7573786, 9.8584948, 9.9343662, 19.985306, 19.996122, 19.994690, 19.938223, 0.33247352, 0.34294444, 0.34536996, 0.34757373, 0.34858492, 0.34934366, 0.34992653, 0.34998062, 0.34997344, 0.34969112, 0.88328302
0.35600001, 1.0000000, 1.0000000, 9.9999990, 9.9999990, 9.9999990, 9.9999990, 9.9999990, 9.9999990, 19.999998, 19.999998, 19.999998, 19.998999, 0.34999999, 0.34999999, 0.34999999, 0.34999999, 0.34999999, 0.34999999, 0.34999999, 0.34999999, 0.34999999, 0.34999499, 1.0000000
0.35250503, 1.0000000, 0.98733699, 9.9717588, 9.7395344, 9.7872105, 9.9366865, 9.9674206, 9.9871588, 19.998056, 19.999498, 19.999800, 19.983046, 0.34971759, 0.34739536, 0.34787211, 0.34936687, 0.34967420, 0.34987158, 0.34999028, 0.34999749, 0.34999901, 0.34991524, 0.98733699
0.33028167, 1.0000000, 0.90681767, 8.6383142, 9.3772526, 9.6126623, 9.8455324, 9.9166832, 9.9654064, 19.994165, 19.998486, 19.998533, 19.960018, 0.33638313, 0.34377253, 0.34612662, 0.34845531, 0.34916684, 0.34965408, 0.34997082, 0.34999242, 0.34999266, 0.34980008, 0.90681767
0.35304278, 1.0000000, 0.98928541, 9.9944115, 9.8624067, 9.6344938, 9.7933559, 9.8812075, 9.9465704, 19.989437, 19.997236, 19.995134, 19.939060, 0.34994411, 0.34862405, 0.34634495, 0.34793356, 0.34881207, 0.34946570, 0.34994718, 0.34998620, 0.34997568, 0.34969530, 0.98928541
0.35600001, 1.0000000, 1.0000000, 9.9999990, 9.9999990, 9.9999990, 9.9999990, 9.9999990, 9.9999990, 19.999998, 19.999998, 19.999998, 19.998999, 0.34999999, 0.34999999, 0.34999999, 0.34999999, 0.34999999, 0.34999999, 0.34999999, 0.34999999, 0.34999999, 0.34999499, 1.0000000
0.35600001, 1.0000000, 1.0000000, 9.9999990, 9.9999990, 9.9999990, 9.9999990, 9.9999990, 9.9999990, 19.999998, 19.999998, 19.999998, 19.997997, 0.34999999, 0.34999999, 0.34999999, 0.34999999, 0.34999999, 0.34999999, 0.34999999, 0.34999999, 0.34999999, 0.34998998, 1.0000000
0.33718532, 1.0000000, 0.93183082, 8.9348631, 9.6175318, 9.7867346, 9.9399242, 9.9692116, 9.9881878, 19.998497, 19.999611, 19.999611, 19.974253, 0.33934769, 0.34617472, 0.34786704, 0.34939918, 0.34969208, 0.34988189, 0.34999248, 0.34999806, 0.34999806, 0.34987128, 0.93183082
0.32018968, 1.0000000, 0.87025237, 7.8047462, 9.4989023, 9.6987095, 9.8892527, 9.9410248, 9.9761753, 19.996441, 19.999075, 19.997808, 19.951935, 0.32804745, 0.34498903, 0.34698710, 0.34889251, 0.34941024, 0.34976175, 0.34998220, 0.34999537, 0.34998906, 0.34975967, 0.87025237
0.29557234, 1.0000000, 0.78105915, 6.1236949, 9.3814487, 9.6095591, 9.8200607, 9.8995066, 9.9561033, 19.991652, 19.997822, 19.993462, 19.931971, 0.31123695, 0.34381449, 0.34609559, 0.34820062, 0.34899506, 0.34956104, 0.34995824, 0.34998912, 0.34996730, 0.34965986, 0.78105915
0.27023250, 1.0000000, 0.68924814, 4.3586230, 9.3042927, 9.5438213, 9.7588472, 9.8583765, 9.9337416, 19.985401, 19.996056, 19.986103, 19.915007, 0.29358622, 0.34304291, 0.34543821, 0.34758848, 0.34858376, 0.34933740, 0.34992701, 0.34998029, 0.34993052, 0.34957504, 0.68924814
0.27898729, 1.0000000, 0.72096837, 4.9594483, 9.3486710, 9.5679064, 9.7587357, 9.8516979, 9.9266396, 19.982262, 19.994770, 19.976149, 19.901197, 0.29959449, 0.34348673, 0.34567907, 0.34758735, 0.34851697, 0.34926641, 0.34991130, 0.34997386, 0.34988075, 0.34950599, 0.72096837
0.24891086, 1.0000000, 0.61199582, 2.9590278, 9.0695257, 9.5383158, 9.7397242, 9.8371410, 9.9170942, 19.978390, 19.992636, 19.963875, 19.890305, 0.27958617, 0.34068769, 0.34537917, 0.34739643, 0.34837100, 0.34917080, 0.34989196, 0.34996319, 0.34981936, 0.34945151, 0.61199582
0.35519779, 1.0000000, 0.99709326, 9.9597960, 9.9763575, 9.9881248, 9.9976101, 9.9988041, 9.9996004, 19.999998, 19.999998, 19.999990, 19.991999, 0.34959796, 0.34976357, 0.34988123, 0.34997609, 0.34998804, 0.34999600, 0.34999999, 0.34999999, 0.34999996, 0.34996000, 0.99709326
0.35541648, 1.0000000, 0.99788576, 9.9931183, 9.9898224, 9.9147339, 9.9519482, 9.9753866, 9.9903440, 19.998581, 19.999617, 19.999851, 19.984043, 0.34993118, 0.34989822, 0.34914735, 0.34951949, 0.34975386, 0.34990343, 0.34999290, 0.34999809, 0.34999925, 0.34992021, 0.99788576
0.35600001, 1.0000000, 1.0000000, 9.9999990, 9.9999990, 9.9999990, 9.9999962, 9.9999990, 9.9999962, 19.999998, 19.999998, 19.999998, 19.996996, 0.34999999, 0.34999999, 0.34999999, 0.34999996, 0.34999999, 0.34999996, 0.34999999, 0.34999999, 0.34999999, 0.34998497, 1.0000000
0.34885675, 1.0000000, 0.97411865, 9.6182089, 9.8233557, 9.9066935, 9.9759235, 9.9877911, 9.9953251, 19.999378, 19.999832, 19.999914, 19.987009, 0.34618208, 0.34823355, 0.34906694, 0.34975922, 0.34987789, 0.34995323, 0.34999689, 0.34999916, 0.34999958, 0.34993505, 0.97411865
0.35555786, 1.0000000, 0.99839789, 9.9778748, 9.9869165, 9.9934511, 9.9986639, 9.9993315, 9.9997730, 19.999998, 19.999998, 19.999989, 19.991005, 0.34977874, 0.34986916, 0.34993452, 0.34998664, 0.34999332, 0.34999773, 0.34999999, 0.34999999, 0.34999993, 0.34995502, 0.99839789
0.33557653, 1.0000000, 0.92600179, 8.8298759, 9.6039276, 9.7766504, 9.9329796, 9.9654846, 9.9863243, 19.997883, 19.999456, 19.999752, 19.981062, 0.33829877, 0.34603927, 0.34776652, 0.34932980, 0.34965485, 0.34986323, 0.34998941, 0.34999728, 0.34999877, 0.34990531, 0.92600179
0.32968512, 1.0000000, 0.90465617, 8.5939455, 9.3799973, 9.6116333, 9.8431072, 9.9151182, 9.9645281, 19.993879, 19.998407, 19.998371, 19.958178, 0.33593947, 0.34379998, 0.34611633, 0.34843108, 0.34915119, 0.34964529, 0.34996939, 0.34999204, 0.34999186, 0.34979087, 0.90465617
0.35599250, 1.0000000, 0.99997264, 9.9996243, 9.9997730, 9.9998865, 9.9999752, 9.9999876, 9.9999962, 19.999998, 19.999998, 19.999998, 19.994993, 0.34999624, 0.34999773, 0.34999886, 0.34999976, 0.34999987, 0.34999996, 0.34999999, 0.34999999, 0.34999999, 0.34997496, 0.99997264
0.35600001, 1.0000000, 1.0000000, 9.9999990, 9.9999990, 9.9999990, 9.9999990, 9.9999990, 9.9999990, 19.999998, 19.999998, 19.999998, 19.996996, 0.34999999, 0.34999999, 0.34999999, 0.34999999, 0.34999999, 0.34999999, 0.34999999, 0.34999999, 0.34999999, 0.34998497, 1.0000000
0.35594457, 1.0000000, 0.99979925, 9.9999990, 9.9999905, 9.9924994, 9.9772043, 9.9884539, 9.9955158, 19.999350, 19.999826, 19.999899, 19.985044, 0.34999999, 0.34999990, 0.34992498, 0.34977204, 0.34988454, 0.34995514, 0.34999675, 0.34999913, 0.34999949, 0.34992522, 0.99979925
0.34936196, 1.0000000, 0.97594899, 9.6909409, 9.7769699, 9.8808661, 9.9688597, 9.9841890, 9.9939356, 19.999212, 19.999790, 19.999794, 19.979128, 0.34690940, 0.34776971, 0.34880865, 0.34968859, 0.34984189, 0.34993935, 0.34999606, 0.34999895, 0.34999898, 0.34989566, 0.97594899
0.35600001, 1.0000000, 1.0000000, 9.9999990, 9.9999990, 9.9999990, 9.9999962, 9.9999990, 9.9999990, 19.999998, 19.999998, 19.999998, 19.994993, 0.34999999, 0.34999999, 0.34999999, 0.34999996, 0.34999999, 0.34999999, 0.34999999, 0.34999999, 0.34999999, 0.34997496, 1.0000000
0.32082736, 1.0000000, 0.87256289, 7.9150276, 9.4166994, 9.6530008, 9.8757153, 9.9346218, 9.9727526, 19.994822, 19.998652, 19.999264, 19.971304, 0.32915026, 0.34416699, 0.34653002, 0.34875715, 0.34934622, 0.34972751, 0.34997410, 0.34999326, 0.34999633, 0.34985653, 0.87256289
0.26674917, 1.0000000, 0.67662740, 4.1826959, 9.2074022, 9.4857149, 9.7448177, 9.8552990, 9.9344711, 19.985395, 19.996155, 19.996708, 19.949106, 0.29182696, 0.34207404, 0.34485716, 0.34744817, 0.34855300, 0.34934470, 0.34992698, 0.34998077, 0.34998354, 0.34974554, 0.67662740
0.22016419, 1.0000000, 0.50784129, 2.1159768, 7.0791407, 9.4028873, 9.6609278, 9.7945557, 9.9002848, 19.975773, 19.993530, 19.991629, 19.929438, 0.27115977, 0.32079142, 0.34402889, 0.34660929, 0.34794557, 0.34900284, 0.34987885, 0.34996766, 0.34995815, 0.34964719, 0.50784129
0.19975920, 1.0000000, 0.43391013, 1.5393615, 5.5362716, 9.4750757, 9.6910295, 9.8035555, 9.8986921, 19.972635, 19.992426, 19.984056, 19.912945, 0.26539361, 0.30536270, 0.34475076, 0.34691030, 0.34803554, 0.34898692, 0.34986317, 0.34996212, 0.34992027, 0.34956473, 0.43391013
0.29771173, 1.0000000, 0.78881061, 6.2831583, 9.3759079, 9.6260862, 9.7568617, 9.8385477, 9.9113588, 19.971991, 19.991602, 19.973919, 19.899582, 0.31283158, 0.34375909, 0.34626085, 0.34756863, 0.34838548, 0.34911358, 0.34985995, 0.34995800, 0.34986961, 0.34949791, 0.78881061
0.26149094, 1.0000000, 0.65757591, 3.7546849, 9.2763872, 9.5142946, 9.7187815, 9.8187504, 9.9022264, 19.967443, 19.989025, 19.961367, 19.889021, 0.28754684, 0.34276387, 0.34514296, 0.34718782, 0.34818751, 0.34902227, 0.34983721, 0.34994513, 0.34980685, 0.34944510, 0.65757591
0.31217122, 1.0000000, 0.84119999, 7.3775053, 9.3400927, 9.5498505, 9.7291908, 9.8233414, 9.9031267, 19.964785, 19.985731, 19.947678, 19.880978, 0.32377505, 0.34340093, 0.34549850, 0.34729192, 0.34823340, 0.34903127, 0.34982392, 0.34992865, 0.34973839, 0.34940487, 0.84119999
0.35596305, 1.0000000, 0.99986607, 9.9981575, 9.9988937, 9.9994450, 9.9998894, 9.9999456, 9.9999790, 19.999998, 19.999998, 19.999990, 19.992998, 0.34998158, 0.34998894, 0.34999445, 0.34999889, 0.34999946, 0.34999979, 0.34999999, 0.34999999, 0.34999996, 0.34996498, 0.99986607
0.32717037, 1.0000000, 0.89554483, 8.3001747, 9.5064793, 9.7135124, 9.9070930, 9.9516907, 9.9805546, 19.996845, 19.999176, 19.999311, 19.969414, 0.33300173, 0.34506479, 0.34713513, 0.34907094, 0.34951690, 0.34980553, 0.34998423, 0.34999588, 0.34999657, 0.34984708, 0.89554483
0.28745759, 1.0000000, 0.75165778, 5.6008282, 9.2999334, 9.5593500, 9.8043633, 9.8921690, 9.9532919, 19.990936, 19.997620, 19.996801, 19.947464, 0.30600828, 0.34299934, 0.34559351, 0.34804362, 0.34892169, 0.34953290, 0.34995466, 0.34998810, 0.34998399, 0.34973732, 0.75165778
0.24817912, 1.0000000, 0.60934460, 2.9971242, 8.9342785, 9.5002165, 9.7401943, 9.8475714, 9.9296503, 19.985275, 19.996084, 19.991768, 19.928089, 0.27997124, 0.33934277, 0.34500217, 0.34740195, 0.34847572, 0.34929651, 0.34992638, 0.34998041, 0.34995884, 0.34964043, 0.60934460
0.22119126, 1.0000000, 0.51156253, 2.1003752, 7.1834235, 9.4836998, 9.7088366, 9.8213902, 9.9121428, 19.979263, 19.994284, 19.983791, 19.911774, 0.27100155, 0.32182974, 0.34483403, 0.34708777, 0.34821361, 0.34912133, 0.34989631, 0.34997141, 0.34991896, 0.34955886, 0.51156253
0.19200006, 1.0000000, 0.40579727, 1.1916667, 5.2027178, 9.4321165, 9.6709566, 9.7936077, 9.8947439, 19.972681, 19.991917, 19.973053, 19.898560, 0.26191667, 0.30202717, 0.34432116, 0.34670955, 0.34793609, 0.34894744, 0.34986341, 0.34995958, 0.34986526, 0.34949279, 0.40579727
0.16587457, 1.0000000, 0.31113976, 0.46803951, 3.2668939, 9.4113951, 9.6509256, 9.7770205, 9.8833294, 19.966932, 19.988955, 19.960258, 19.888212, 0.25468040, 0.28266895, 0.34411395, 0.34650925, 0.34777021, 0.34883329, 0.34983465, 0.34994477, 0.34980130, 0.34944105, 0.31113976
0.14889851, 0.83202434, 0.24963227, 0.0000000, 2.4094582, 8.5885239, 9.6449642, 9.7708368, 9.8780432, 19.962406, 19.985022, 19.946350, 19.880352, 0.24998115, 0.27409294, 0.33588234, 0.34644899, 0.34770805, 0.34878030, 0.34981203, 0.34992510, 0.34973174, 0.34940177, 0.24963227
0.14139585, 0.74142170, 0.22244875, 0.0000000, 1.9462258, 7.6987667, 9.6584206, 9.7770786, 9.8790817, 19.958794, 19.979671, 19.932354, 19.874454, 0.24998115, 0.26946226, 0.32698768, 0.34658420, 0.34777078, 0.34879082, 0.34979397, 0.34989837, 0.34966177, 0.34937227, 0.22244875
0.13299870, 0.64001703, 0.19202432, 0.0000000, 1.4332116, 6.7039223, 9.6332073, 9.7625904, 9.8721285, 19.954023, 19.972080, 19.918962, 19.870081, 0.24999854, 0.26433057, 0.31703562, 0.34633103, 0.34762537, 0.34872112, 0.34977013, 0.34986040, 0.34959480, 0.34935039, 0.19202432
0.12484400, 0.54153997, 0.16247824, 0.0000000, 0.97912550, 5.6481953, 9.6136885, 9.7497177, 9.8657227, 19.949802, 19.962755, 19.906900, 19.866894, 0.24999854, 0.25978905, 0.30647561, 0.34613469, 0.34749606, 0.34865686, 0.34974903, 0.34981376, 0.34953451, 0.34933448, 0.16247824
0.11585818, 0.43302655, 0.12992096, 0.0000000, 0.50785542, 4.4307394, 9.5713301, 9.7227087, 9.8522358, 19.943857, 19.951488, 19.896362, 19.864534, 0.24999854, 0.25507855, 0.29430741, 0.34571332, 0.34722710, 0.34852237, 0.34971929, 0.34975743, 0.34948182, 0.34932268, 0.12992096
0.10809443, 0.33927077, 0.10179141, 0.0000000, 0.16928017, 3.2411585, 9.5425415, 9.7034540, 9.8422604, 19.938446, 19.939459, 19.887642, 19.862873, 0.24999854, 0.25169238, 0.28240749, 0.34542301, 0.34703332, 0.34842217, 0.34969223, 0.34969729, 0.34943822, 0.34931436, 0.10179141
0.10296942, 0.27738076, 0.83222553E-1, 0.0000000, 0.0000000, 2.4405599, 9.0629921, 9.6741695, 9.8278189, 19.932125, 19.927097, 19.880579, 19.861671, 0.24999854, 0.24999632, 0.27440560, 0.34062994, 0.34674171, 0.34827819, 0.34966063, 0.34963548, 0.34940290, 0.34930837, 0.83222553E-1
0.17145655, 1.0000000, 0.33136430, 1.4022022, 2.9762745, 8.2996979, 9.3369637, 9.7090845, 9.8397655, 19.926348, 19.915472, 19.875088, 19.860849, 0.26401997, 0.27976012, 0.33299333, 0.34336883, 0.34709042, 0.34839752, 0.34963173, 0.34957737, 0.34937543, 0.34930426, 0.33136430
0.21562529, 1.0000000, 0.49139592, 2.6917636, 5.8026934, 8.9629650, 9.5844269, 9.7361803, 9.8497009, 19.917089, 19.904068, 19.870674, 19.860250, 0.27691764, 0.30802694, 0.33962965, 0.34584427, 0.34736180, 0.34849700, 0.34958544, 0.34952033, 0.34935337, 0.34930125, 0.49139592
0.24552897, 1.0000000, 0.59974259, 2.9950619, 8.6286726, 9.4995432, 9.6782780, 9.7818832, 9.8694668, 19.910749, 19.894835, 19.867521, 19.859852, 0.27995008, 0.33628580, 0.34499493, 0.34678268, 0.34781876, 0.34869465, 0.34955376, 0.34947416, 0.34933761, 0.34929925, 0.59974259
0.35398251, 1.0000000, 0.99269015, 9.9011030, 9.9437437, 9.9714870, 9.9858255, 9.9003515, 9.8845024, 19.904907, 19.887178, 19.865221, 19.859581, 0.34901103, 0.34943745, 0.34971488, 0.34985825, 0.34900352, 0.34884503, 0.34952453, 0.34943590, 0.34932610, 0.34929791, 0.99269015
0.33700246, 1.0000000, 0.93116832, 8.9955597, 9.5371742, 9.7269411, 9.8784389, 9.8613787, 9.8870296, 19.897522, 19.880529, 19.863441, 19.859381, 0.33995560, 0.34537175, 0.34726942, 0.34878439, 0.34861380, 0.34887031, 0.34948760, 0.34940264, 0.34931719, 0.34929690, 0.93116832
0.29774398, 1.0000000, 0.78892738, 6.3410611, 9.3172903, 9.5591555, 9.7655354, 9.8217316, 9.8780746, 19.887636, 19.874428, 19.861916, 19.859217, 0.31341061, 0.34317291, 0.34559155, 0.34765536, 0.34821731, 0.34878075, 0.34943819, 0.34937215, 0.34930956, 0.34929609, 0.78892738
0.25935024, 1.0000000, 0.64981973, 3.6125684, 9.2613869, 9.5049229, 9.7128830, 9.8010616, 9.8710852, 19.878897, 19.869600, 19.860828, 19.859116, 0.28612569, 0.34261388, 0.34504923, 0.34712884, 0.34801060, 0.34871083, 0.34939450, 0.34934801, 0.34930414, 0.34929559, 0.64981973
0.23493156, 1.0000000, 0.56134617, 2.4698348, 8.2131968, 9.5140419, 9.7085581, 9.7997284, 9.8700037, 19.872698, 19.866203, 19.860104, 19.859039, 0.27469736, 0.33213004, 0.34513929, 0.34708536, 0.34799716, 0.34870002, 0.34936351, 0.34933102, 0.34930050, 0.34929520, 0.56134617
0.21387112, 1.0000000, 0.48504028, 1.8355519, 6.7369480, 9.4957991, 9.6994019, 9.7944546, 9.8663063, 19.866898, 19.863455, 19.859562, 19.858963, 0.26835510, 0.31736857, 0.34495735, 0.34699389, 0.34794450, 0.34866303, 0.34933448, 0.34931728, 0.34929782, 0.34929481, 0.48504028
0.19125360, 1.0000000, 0.40309277, 1.1817425, 5.1127176, 9.4676189, 9.6812057, 9.7828941, 9.8595858, 19.861374, 19.861193, 19.859108, 19.858881, 0.26181513, 0.30112123, 0.34467071, 0.34681094, 0.34782836, 0.34859568, 0.34930688, 0.34930596, 0.34929556, 0.34929439, 0.40309277
0.17131339, 1.0000000, 0.33084559, 0.65339506, 3.5934927, 9.4525089, 9.6715794, 9.7758942, 9.8550205, 19.857208, 19.859541, 19.858809, 19.858828, 0.25653291, 0.28593147, 0.34452057, 0.34671488, 0.34775847, 0.34855005, 0.34928605, 0.34929770, 0.34929404, 0.34929413, 0.33084559
0.14995196, 0.84474599, 0.25344914, 0.27388334E-1, 2.5410652, 8.4968061, 9.6225042, 9.7460308, 9.8407431, 19.851950, 19.857773, 19.858419, 19.858757, 0.25027385, 0.27540869, 0.33496475, 0.34622431, 0.34745991, 0.34840733, 0.34925973, 0.34928888, 0.34929210, 0.34929377, 0.25344914
0.13804945, 0.70101011, 0.21032406, 0.0000000, 1.8274695, 7.1495681, 9.5866489, 9.7224836, 9.8291082, 19.847950, 19.856487, 19.858107, 19.858709, 0.24999143, 0.26827440, 0.32149512, 0.34586635, 0.34722474, 0.34829107, 0.34923977, 0.34928244, 0.34929055, 0.34929353, 0.21032406
0.12696177, 0.56711441, 0.17015134, 0.0000000, 1.2064457, 5.7226615, 9.5583992, 9.7032490, 9.8197737, 19.845438, 19.855669, 19.857954, 19.858692, 0.24999143, 0.26206127, 0.30721903, 0.34558144, 0.34703121, 0.34819728, 0.34922719, 0.34927833, 0.34928977, 0.34929347, 0.17015134
0.11829321, 0.46243209, 0.13874350, 0.0000000, 0.75539052, 4.5307894, 9.5611820, 9.7033844, 9.8184004, 19.843620, 19.855074, 19.857847, 19.858688, 0.24999143, 0.25755042, 0.29529741, 0.34560737, 0.34703162, 0.34818324, 0.34921810, 0.34927538, 0.34928924, 0.34929344, 0.13874350
0.11072309, 0.37101477, 0.11131556, 0.0000000, 0.40286481, 3.4101098, 9.5484276, 9.6957989, 9.8151398, 19.842762, 19.854744, 19.857784, 19.858704, 0.24999143, 0.25402683, 0.28409344, 0.34548000, 0.34695581, 0.34815064, 0.34921381, 0.34927371, 0.34928891, 0.34929353, 0.11131556
0.10485354, 0.30013347, 0.90049051E-1, 0.0000000, 0.10745227, 2.6564093, 9.1833925, 9.6830063, 9.8092937, 19.841728, 19.854408, 19.857708, 19.858692, 0.24999143, 0.25107452, 0.27656409, 0.34183392, 0.34683007, 0.34809294, 0.34920865, 0.34927204, 0.34928852, 0.34929347, 0.90049051E-1
0.10106630, 0.25439844, 0.76327167E-1, 0.0000000, 0.0000000, 2.0932496, 8.5151043, 9.6594267, 9.7982388, 19.840109, 19.853926, 19.857607, 19.858675, 0.24999143, 0.24997126, 0.27092966, 0.33514875, 0.34659296, 0.34798193, 0.34920055, 0.34926963, 0.34928805, 0.34929338, 0.76327167E-1
0.98530613E-1, 0.22377731, 0.67139909E-1, 0.0000000, 0.0000000, 1.6180873, 7.8346558, 9.6494627, 9.7930222, 19.839354, 19.853697, 19.857573, 19.858692, 0.24999143, 0.24997126, 0.26617765, 0.32834345, 0.34649271, 0.34792957, 0.34919676, 0.34926850, 0.34928787, 0.34929347, 0.67139909E-1
0.96271507E-1, 0.19649614, 0.58954738E-1, 0.0000000, 0.0000000, 1.2128383, 7.1408448, 9.6366386, 9.7875586, 19.839376, 19.853672, 19.857592, 19.858698, 0.24999143, 0.24997126, 0.26212379, 0.32140306, 0.34636274, 0.34787437, 0.34919688, 0.34926838, 0.34928796, 0.34929350, 0.58954738E-1
0.93203604E-1, 0.15944794, 0.47839165E-1, 0.0000000, 0.0000000, 0.68894327, 6.0984268, 9.5564671, 9.7500725, 19.836687, 19.852942, 19.857407, 19.858641, 0.24999143, 0.24997126, 0.25688943, 0.31098425, 0.34556466, 0.34750074, 0.34918344, 0.34926471, 0.34928703, 0.34929320, 0.47839165E-1
0.91009595E-1, 0.13295284, 0.39889842E-1, 0.0000000, 0.0000000, 0.36156476, 5.0905986, 9.5513496, 9.7445316, 19.836109, 19.852766, 19.857370, 19.858664, 0.24999143, 0.24997126, 0.25361395, 0.30090123, 0.34550902, 0.34744379, 0.34918055, 0.34926385, 0.34928685, 0.34929332, 0.39889842E-1
0.88795543E-1, 0.10621578, 0.31867921E-1, 0.0000000, 0.0000000, 0.81440806E-1, 3.8537230, 9.4863787, 9.7121525, 19.834278, 19.852289, 19.857283, 19.858652, 0.24999143, 0.24997126, 0.25081432, 0.28853649, 0.34486288, 0.34712124, 0.34917140, 0.34926146, 0.34928641, 0.34929326, 0.31867921E-1
0.87476909E-1, 0.90291806E-1, 0.27090251E-1, 0.0000000, 0.0000000, 0.0000000, 2.9290943, 8.9761324, 9.6824207, 19.832338, 19.851770, 19.857164, 19.858629, 0.24999143, 0.24997126, 0.24999310, 0.27928656, 0.33975461, 0.34682178, 0.34916168, 0.34925884, 0.34928581, 0.34929314, 0.27090251E-1
0.86743683E-1, 0.81437290E-1, 0.24433631E-1, 0.0000000, 0.0000000, 0.0000000, 2.4847298, 8.0960646, 9.6775684, 19.832138, 19.851692, 19.857141, 19.858641, 0.24999143, 0.24997126, 0.24999310, 0.27484134, 0.33095092, 0.34677181, 0.34916070, 0.34925845, 0.34928572, 0.34929320, 0.24433631E-1
0.86076379E-1, 0.73378921E-1, 0.22015877E-1, 0.0000000, 0.0000000, 0.0000000, 2.0921679, 7.2698674, 9.6741886, 19.831490, 19.851494, 19.857105, 19.858635, 0.24999143, 0.24997126, 0.24999310, 0.27091748, 0.32269135, 0.34673864, 0.34915745, 0.34925747, 0.34928554, 0.34929317, 0.22015877E-1
0.85457899E-1, 0.65910041E-1, 0.19774990E-1, 0.0000000, 0.0000000, 0.0000000, 1.7448545, 6.4731164, 9.6693735, 19.831669, 19.851528, 19.857130, 19.858646, 0.24999143, 0.24997126, 0.24999310, 0.26744223, 0.31471950, 0.34668791, 0.34915835, 0.34925765, 0.34928566, 0.34929323, 0.19774990E-1
0.84783949E-1, 0.57771400E-1, 0.17333154E-1, 0.0000000, 0.0000000, 0.0000000, 1.3797879, 5.5823927, 9.6466370, 19.830706, 19.851271, 19.857084, 19.858641, 0.24999143, 0.24997126, 0.24999310, 0.26379317, 0.30581439, 0.34646088, 0.34915352, 0.34925634, 0.34928542, 0.34929320, 0.17333154E-1
0.84259331E-1, 0.51436093E-1, 0.15432371E-1, 0.0000000, 0.0000000, 0.0000000, 1.1280894, 4.8148379, 9.6563406, 19.833761, 19.852064, 19.857296, 19.858704, 0.24999143, 0.24997126, 0.24999310, 0.26127753, 0.29814121, 0.34655860, 0.34916881, 0.34926033, 0.34928650, 0.34929353, 0.15432371E-1
0.14682564, 0.80699223, 0.24212189, 2.3387761, 2.3239374, 2.3991375, 2.6239574, 4.5157833, 9.7576303, 19.833767, 19.852083, 19.857283, 19.858664, 0.27338138, 0.27323556, 0.27398941, 0.27623916, 0.29515749, 0.34757605, 0.34916884, 0.34926042, 0.34928641, 0.34929332, 0.24212189
0.14328349, 0.76421684, 0.22928798, 2.4514289, 1.8486261, 2.1481009, 2.5381684, 4.3465090, 9.8039055, 19.835466, 19.852543, 19.857378, 19.858698, 0.27451429, 0.26848626, 0.27148101, 0.27538168, 0.29346508, 0.34803906, 0.34917733, 0.34926271, 0.34928688, 0.34929350, 0.22928798
0.15047979, 0.85112005, 0.25536156, 2.4697721, 2.3609221, 2.3392944, 3.0040376, 8.0187931, 9.8310795, 19.838522, 19.853373, 19.857609, 19.858709, 0.27469772, 0.27360922, 0.27339295, 0.28004038, 0.33018792, 0.34831080, 0.34919262, 0.34926686, 0.34928805, 0.34929353, 0.25536156
0.14368790, 0.76910061, 0.23075326, 2.1343112, 2.1741538, 2.2446871, 2.5799127, 8.3191023, 9.8487339, 19.841820, 19.854275, 19.857849, 19.858709, 0.27134311, 0.27174154, 0.27244687, 0.27579913, 0.33319104, 0.34848735, 0.34920910, 0.34927136, 0.34928924, 0.34929353, 0.23075326
0.12465431, 0.53924930, 0.16179097, 1.1945516, 1.6108602, 1.9438326, 2.4766445, 8.1547060, 9.8361750, 19.840990, 19.854076, 19.857759, 19.858692, 0.26194552, 0.26610860, 0.26943833, 0.27476645, 0.33154705, 0.34836176, 0.34920496, 0.34927037, 0.34928879, 0.34929347, 0.16179097
0.15127608, 0.86073619, 0.25824669, 2.4862170, 2.3578525, 2.1853983, 3.9317951, 9.1432524, 9.8180304, 19.839649, 19.853739, 19.857647, 19.858675, 0.27486217, 0.27357852, 0.27185398, 0.28931797, 0.34143251, 0.34818029, 0.34919825, 0.34926870, 0.34928823, 0.34929338, 0.25824669
0.35600001, 1.0000000, 1.0000000, 9.9999990, 9.9999990, 9.9999990, 9.9999990, 9.9999990, 9.9999990, 19.998173, 19.864706, 19.857874, 19.858709, 0.34999999, 0.34999999, 0.34999999, 0.34999999, 0.34999999, 0.34999999, 0.34999087, 0.34932354, 0.34928936, 0.34929353, 1.0000000
0.33308798, 1.0000000, 0.91698539, 8.7054548, 9.5342922, 9.7332010, 9.9189577, 9.9581242, 9.9833660, 19.973829, 19.862282, 19.857996, 19.858709, 0.33705455, 0.34534293, 0.34733200, 0.34918958, 0.34958124, 0.34983367, 0.34986913, 0.34931141, 0.34928998, 0.34929353, 0.91698539
0.29911405, 1.0000000, 0.79389137, 6.3888693, 9.3677664, 9.6053638, 9.8311481, 9.9076786, 9.9587994, 19.947676, 19.859947, 19.857925, 19.858709, 0.31388870, 0.34367767, 0.34605363, 0.34831148, 0.34907678, 0.34958798, 0.34973839, 0.34929973, 0.34928963, 0.34929353, 0.79389137
0.24938859, 1.0000000, 0.61372674, 2.9757977, 9.1298819, 9.4753361, 9.7288456, 9.8417587, 9.9221830, 19.921030, 19.857557, 19.857695, 19.858658, 0.27975798, 0.34129882, 0.34475335, 0.34728846, 0.34841758, 0.34922183, 0.34960514, 0.34928778, 0.34928846, 0.34929329, 0.61372674
0.21363437, 1.0000000, 0.48418248, 1.8163919, 6.7794018, 9.4218273, 9.6710939, 9.7964783, 9.8906536, 19.898222, 19.855774, 19.857500, 19.858646, 0.26816392, 0.31779402, 0.34421828, 0.34671095, 0.34796479, 0.34890655, 0.34949112, 0.34927887, 0.34928751, 0.34929323, 0.48418248
0.18533854, 1.0000000, 0.38166136, 0.98166168, 4.7593417, 9.4165401, 9.6545296, 9.7771807, 9.8714075, 19.880888, 19.854769, 19.857430, 19.858669, 0.25981578, 0.29759100, 0.34416300, 0.34654480, 0.34777158, 0.34871399, 0.34940445, 0.34927386, 0.34928715, 0.34929335, 0.38166136
0.16033976, 0.97018987, 0.29108608, 0.27136803, 2.9655278, 9.3367748, 9.6422005, 9.7633677, 9.8570614, 19.867331, 19.853941, 19.857376, 19.858669, 0.25271368, 0.27965528, 0.34336776, 0.34642202, 0.34763366, 0.34857062, 0.34933665, 0.34926969, 0.34928688, 0.34929335, 0.29108608
0.20732546, 1.0000000, 0.46132410, 2.8278649, 4.3915992, 9.3065548, 9.6658573, 9.7725887, 9.8560762, 19.859953, 19.854067, 19.857525, 19.858709, 0.27827865, 0.29391599, 0.34306556, 0.34665859, 0.34772590, 0.34856075, 0.34929976, 0.34927034, 0.34928763, 0.34929353, 0.46132410
0.35600001, 1.0000000, 1.0000000, 9.9999990, 9.9999990, 9.9999990, 9.9999990, 9.9999990, 9.9999990, 19.999998, 19.999773, 19.964537, 19.858709, 0.34999999, 0.34999999, 0.34999999, 0.34999999, 0.34999999, 0.34999999, 0.34999999, 0.34999886, 0.34982270, 0.34929353, 1.0000000
0.35600001, 1.0000000, 1.0000000, 9.9999990, 9.9999990, 9.9999990, 9.9999990, 9.9999990, 9.9999962, 19.999998, 19.999998, 19.999992, 19.997997, 0.34999999, 0.34999999, 0.34999999, 0.34999999, 0.34999999, 0.34999996, 0.34999999, 0.34999999, 0.34999996, 0.34998998, 1.0000000
0.33152354, 1.0000000, 0.91131699, 8.5738869, 9.5575237, 9.7464895, 9.9225006, 9.9599476, 9.9842768, 19.997757, 19.999414, 19.999752, 19.981062, 0.33573887, 0.34557524, 0.34746489, 0.34922501, 0.34959948, 0.34984276, 0.34998879, 0.34999707, 0.34999877, 0.34990531, 0.91131699
0.30257404, 1.0000000, 0.80642772, 6.6871734, 9.3106403, 9.5660267, 9.8119774, 9.8968639, 9.9563055, 19.992319, 19.997984, 19.998253, 19.958149, 0.31687173, 0.34310639, 0.34566027, 0.34811977, 0.34896863, 0.34956306, 0.34996158, 0.34998992, 0.34999126, 0.34979075, 0.80642772
0.34389573, 1.0000000, 0.95614403, 9.5243244, 9.5263004, 9.6585817, 9.8158550, 9.8915472, 9.9501743, 19.990105, 19.997387, 19.994810, 19.937449, 0.34524325, 0.34526300, 0.34658581, 0.34815854, 0.34891546, 0.34950173, 0.34995052, 0.34998694, 0.34997404, 0.34968725, 0.95614403
0.32478029, 1.0000000, 0.88688505, 8.1803694, 9.4648638, 9.6468010, 9.8074875, 9.8829575, 9.9436617, 19.987907, 19.996710, 19.988596, 19.919647, 0.33180368, 0.34464863, 0.34646800, 0.34807488, 0.34882957, 0.34943661, 0.34993953, 0.34998354, 0.34994298, 0.34959823, 0.88688505
0.35463858, 1.0000000, 0.99506736, 9.9313011, 9.9605503, 9.9800968, 9.9958944, 9.9979372, 9.9993019, 19.999987, 19.999998, 19.999983, 19.990009, 0.34931302, 0.34960550, 0.34980097, 0.34995896, 0.34997937, 0.34999302, 0.34999993, 0.34999999, 0.34999990, 0.34995005, 0.99506736
0.32948482, 1.0000000, 0.90393049, 8.4688549, 9.5054255, 9.7124929, 9.9066753, 9.9514685, 9.9805307, 19.996870, 19.999187, 19.999187, 19.966576, 0.33468854, 0.34505427, 0.34712493, 0.34906676, 0.34951469, 0.34980530, 0.34998435, 0.34999594, 0.34999594, 0.34983289, 0.90393049
0.29032922, 1.0000000, 0.76206237, 5.7897243, 9.3238964, 9.5734320, 9.8118629, 9.8961840, 9.9556170, 19.991985, 19.997900, 19.996479, 19.944925, 0.30789724, 0.34323895, 0.34573433, 0.34811863, 0.34896183, 0.34955618, 0.34995991, 0.34998950, 0.34998238, 0.34972462, 0.76206237
0.24695399, 1.0000000, 0.60490578, 2.9313712, 8.9024715, 9.4882011, 9.7357321, 9.8452911, 9.9296665, 19.986507, 19.996389, 19.991121, 19.925911, 0.27931371, 0.33902472, 0.34488201, 0.34735733, 0.34845293, 0.34929666, 0.34993255, 0.34998196, 0.34995562, 0.34962955, 0.60490578
0.21433774, 1.0000000, 0.48673090, 1.8952698, 6.7211976, 9.4412613, 9.6861820, 9.8080292, 9.9070797, 19.980240, 19.994511, 19.982792, 19.909996, 0.26895186, 0.31721017, 0.34441134, 0.34686154, 0.34808016, 0.34907076, 0.34990120, 0.34997255, 0.34991395, 0.34954998, 0.48673090
0.19119787, 1.0000000, 0.40289086, 1.2674510, 4.9713440, 9.4461708, 9.6830511, 9.8001833, 9.8990116, 19.976736, 19.992899, 19.971966, 19.897196, 0.26267365, 0.29971138, 0.34445977, 0.34683013, 0.34800163, 0.34899005, 0.34988368, 0.34996450, 0.34985983, 0.34948599, 0.40289086
0.17008746, 1.0000000, 0.32640383, 0.74186027, 3.3078797, 9.4284410, 9.6717472, 9.7909231, 9.8923368, 19.973577, 19.990557, 19.959164, 19.887228, 0.25741860, 0.28307879, 0.34428442, 0.34671748, 0.34790924, 0.34892339, 0.34986788, 0.34995279, 0.34979582, 0.34943613, 0.32640383
0.16838759, 1.0000000, 0.32024491, 1.1992931, 2.6248188, 8.8563576, 9.6861019, 9.7972631, 9.8931646, 19.971382, 19.987230, 19.945370, 19.879652, 0.26199210, 0.27624708, 0.33856168, 0.34686059, 0.34797242, 0.34893158, 0.34985691, 0.34993616, 0.34972686, 0.34939826, 0.32024491
0.15046009, 0.85088223, 0.25529021, 0.55019855, 2.0546703, 7.8379140, 9.6541662, 9.7781477, 9.8833599, 19.966778, 19.981562, 19.931353, 19.873930, 0.25550199, 0.27054670, 0.32837915, 0.34654167, 0.34778148, 0.34883359, 0.34983391, 0.34990782, 0.34965676, 0.34936965, 0.25529021
0.13264711, 0.63577104, 0.19075039, 0.0000000, 1.4366537, 6.6175475, 9.6095047, 9.7497263, 9.8688898, 19.961060, 19.973625, 19.917969, 19.869694, 0.24998344, 0.26436654, 0.31617546, 0.34609506, 0.34749725, 0.34868890, 0.34980530, 0.34986812, 0.34958985, 0.34934849, 0.19075039
0.12352495, 0.52561104, 0.15769908, 0.0000000, 0.94727278, 5.3996511, 9.5892963, 9.7348356, 9.8603945, 19.956549, 19.964071, 19.906021, 19.866611, 0.24998344, 0.25947088, 0.30399120, 0.34589109, 0.34734741, 0.34860361, 0.34978274, 0.34982035, 0.34953010, 0.34933305, 0.15769908
0.11751939, 0.45308751, 0.13593985, 0.0000000, 0.66005290, 4.5137615, 9.6238451, 9.7530956, 9.8665686, 19.953194, 19.953333, 19.895830, 19.864399, 0.24998344, 0.25660023, 0.29513657, 0.34623799, 0.34753075, 0.34866560, 0.34976596, 0.34976667, 0.34947914, 0.34932199, 0.13593985
0.13246697, 0.63359565, 0.19009770, 1.4415503, 0.41499138, 3.8055577, 9.6377439, 9.7627087, 9.8706656, 19.948578, 19.941439, 19.887323, 19.862820, 0.26441470, 0.25414976, 0.28805494, 0.34637710, 0.34762695, 0.34870660, 0.34974289, 0.34970719, 0.34943661, 0.34931409, 0.19009770
0.13244367, 0.63331425, 0.19001327, 1.8527865, 0.14994144, 2.9805989, 9.5435467, 9.7392979, 9.8607187, 19.942129, 19.928968, 19.880381, 19.861660, 0.26852733, 0.25149938, 0.27980572, 0.34543529, 0.34739289, 0.34860715, 0.34971064, 0.34964484, 0.34940189, 0.34930831, 0.19001327
0.11747582, 0.45256132, 0.13578197, 1.0076553, 0.0000000, 2.5712280, 9.1016445, 9.7317095, 9.8565502, 19.936197, 19.917240, 19.875015, 19.860849, 0.26007655, 0.24999860, 0.27571228, 0.34101644, 0.34731710, 0.34856552, 0.34968099, 0.34958619, 0.34937507, 0.34930426, 0.13578197
0.10409984, 0.29103175, 0.87318256E-1, 0.22108853, 0.0000000, 2.0770073, 8.5498829, 9.6973295, 9.8393097, 19.926208, 19.905586, 19.870665, 19.860239, 0.25221023, 0.24999860, 0.27076825, 0.33549735, 0.34697247, 0.34839278, 0.34963104, 0.34952793, 0.34935331, 0.34930119, 0.87318256E-1
0.98626010E-1, 0.22492930, 0.67485541E-1, 0.0000000, 0.0000000, 1.6191870, 7.9265184, 9.6749258, 9.8260279, 19.916508, 19.895493, 19.867388, 19.859802, 0.24994707, 0.24999860, 0.26618806, 0.32926145, 0.34674695, 0.34825951, 0.34958255, 0.34947747, 0.34933692, 0.34929901, 0.67485541E-1
0.16616049, 1.0000000, 0.31217566, 1.9126445, 2.4070501, 6.4269519, 9.4589195, 9.7490063, 9.8547411, 19.908892, 19.887470, 19.865055, 19.859533, 0.26912645, 0.27407050, 0.31426951, 0.34458920, 0.34749007, 0.34854740, 0.34954447, 0.34943736, 0.34932527, 0.34929767, 0.31217566
0.27381152, 1.0000000, 0.70221555, 5.0698938, 8.7525091, 9.1802616, 9.6231480, 9.7612371, 9.8604641, 19.900225, 19.880566, 19.863253, 19.859346, 0.30069894, 0.33752510, 0.34180263, 0.34623149, 0.34761238, 0.34860465, 0.34950113, 0.34940284, 0.34931627, 0.34929675, 0.70221555
0.26280645, 1.0000000, 0.66234219, 3.8345816, 9.3079748, 9.5126171, 9.6884270, 9.7893314, 9.8704290, 19.891533, 19.874870, 19.861912, 19.859251, 0.28834581, 0.34307975, 0.34512618, 0.34688428, 0.34789330, 0.34870428, 0.34945768, 0.34937435, 0.34930956, 0.34929627, 0.66234219
0.24609303, 1.0000000, 0.60178638, 2.9101551, 8.7839937, 9.5938540, 9.7307920, 9.8128719, 9.8786430, 19.883966, 19.870449, 19.860947, 19.859180, 0.27910155, 0.33783993, 0.34593853, 0.34730792, 0.34812874, 0.34878641, 0.34941983, 0.34935224, 0.34930474, 0.34929591, 0.60178638
0.22785953, 1.0000000, 0.53572291, 2.3499041, 7.5402846, 9.5456495, 9.7261047, 9.8116016, 9.8773212, 19.877266, 19.866993, 19.860241, 19.859127, 0.27349904, 0.32540286, 0.34545648, 0.34726104, 0.34811601, 0.34877321, 0.34938633, 0.34933496, 0.34930122, 0.34929565, 0.53572291
0.20619281, 1.0000000, 0.45722032, 1.6915292, 6.0479078, 9.4976931, 9.7029123, 9.7983274, 9.8699646, 19.870340, 19.864033, 19.859650, 19.859064, 0.26691529, 0.31047907, 0.34497693, 0.34702912, 0.34798327, 0.34869963, 0.34935170, 0.34932017, 0.34929824, 0.34929532, 0.45722032
0.17896494, 1.0000000, 0.35856864, 0.89703500, 4.1258879, 9.4256353, 9.6574898, 9.7703114, 9.8555956, 19.862785, 19.861309, 19.859116, 19.858955, 0.25897035, 0.29125887, 0.34425634, 0.34657490, 0.34770310, 0.34855595, 0.34931391, 0.34930655, 0.34929559, 0.34929478, 0.35856864
0.35598594, 1.0000000, 0.99994892, 9.9993820, 9.9996300, 9.9998150, 9.9999609, 9.9999819, 9.9999933, 19.999998, 19.999998, 19.998549, 19.922014, 0.34999296, 0.34999579, 0.34999788, 0.34999955, 0.34999979, 0.34999993, 0.34999999, 0.34999999, 0.34999275, 0.34961006, 0.99994892
0.35600001, 1.0000000, 1.0000000, 9.9999990, 9.9999990, 9.9999990, 9.9999990, 9.9999990, 9.9999990, 19.999998, 19.999998, 19.999998, 19.997997, 0.34999999, 0.34999999, 0.34999999, 0.34999999, 0.34999999, 0.34999999, 0.34999999, 0.34999999, 0.34999999, 0.34998998, 1.0000000
0.33984339, 1.0000000, 0.94146156, 9.0834475, 9.6750040, 9.8182917, 9.9394093, 9.9687061, 9.9866180, 19.997013, 19.999224, 19.999516, 19.974239, 0.34083447, 0.34675005, 0.34818292, 0.34939408, 0.34968707, 0.34986618, 0.34998506, 0.34999612, 0.34999758, 0.34987119, 0.94146156
0.34967649, 1.0000000, 0.97708875, 9.6602554, 9.8461733, 9.9184713, 9.9776344, 9.9886446, 9.9954681, 19.999241, 19.999802, 19.999886, 19.984043, 0.34660256, 0.34846175, 0.34918472, 0.34977633, 0.34988645, 0.34995466, 0.34999621, 0.34999901, 0.34999943, 0.34992021, 0.97708875
0.34658712, 1.0000000, 0.96589524, 9.4866781, 9.7818336, 9.8826361, 9.9655437, 9.9824190, 9.9927950, 19.998623, 19.999641, 19.999838, 19.984043, 0.34486678, 0.34781834, 0.34882635, 0.34965545, 0.34982419, 0.34992796, 0.34999311, 0.34999821, 0.34999919, 0.34992021, 0.96589524
0.33201951, 1.0000000, 0.91311425, 8.6295452, 9.5359669, 9.7276497, 9.9083004, 9.9519320, 9.9805994, 19.996876, 19.999182, 19.998770, 19.960993, 0.33629546, 0.34535968, 0.34727651, 0.34908301, 0.34951931, 0.34980601, 0.34998438, 0.34999591, 0.34999385, 0.34980497, 0.91311425
0.35560530, 1.0000000, 0.99856991, 9.9997158, 9.9981289, 9.9388628, 9.8876200, 9.9383221, 9.9737463, 19.995287, 19.998764, 19.995705, 19.939978, 0.34999716, 0.34998128, 0.34938863, 0.34887621, 0.34938323, 0.34973747, 0.34997642, 0.34999382, 0.34997851, 0.34969988, 0.99856991
0.35600001, 1.0000000, 1.0000000, 9.9999990, 9.9999990, 9.9999990, 9.9999990, 9.9999990, 9.9999990, 19.999998, 19.999998, 19.999998, 19.996996, 0.34999999, 0.34999999, 0.34999999, 0.34999999, 0.34999999, 0.34999999, 0.34999999, 0.34999999, 0.34999999, 0.34998497, 1.0000000
0.33041978, 1.0000000, 0.90731800, 8.5062933, 9.5416851, 9.7370272, 9.9218407, 9.9596949, 9.9845705, 19.998180, 19.999521, 19.999710, 19.978128, 0.33506292, 0.34541684, 0.34737027, 0.34921840, 0.34959695, 0.34984571, 0.34999090, 0.34999761, 0.34999853, 0.34989065, 0.90731800
0.31847841, 1.0000000, 0.86405212, 7.7609501, 9.4047432, 9.6301823, 9.8495350, 9.9183598, 9.9667435, 19.995316, 19.998772, 19.998180, 19.955454, 0.32760951, 0.34404743, 0.34630182, 0.34849536, 0.34918359, 0.34966743, 0.34997657, 0.34999385, 0.34999090, 0.34977728, 0.86405212
0.29975462, 1.0000000, 0.79621232, 6.4094625, 9.4063854, 9.6188269, 9.8155346, 9.8942919, 9.9541607, 19.992931, 19.998150, 19.994425, 19.935085, 0.31409463, 0.34406385, 0.34618828, 0.34815535, 0.34894294, 0.34954160, 0.34996465, 0.34999076, 0.34997213, 0.34967542, 0.79621232
0.28990829, 1.0000000, 0.76053727, 5.6152234, 9.5118341, 9.6764660, 9.8204346, 9.8919687, 9.9495087, 19.990841, 19.997541, 19.987852, 19.917673, 0.30615222, 0.34511834, 0.34676465, 0.34820434, 0.34891969, 0.34949508, 0.34995419, 0.34998772, 0.34993926, 0.34958836, 0.76053727
0.26672286, 1.0000000, 0.67653209, 4.0467634, 9.3723440, 9.5921555, 9.7882395, 9.8714800, 9.9387560, 19.988453, 19.996578, 19.978407, 19.903353, 0.29046762, 0.34372345, 0.34592155, 0.34788239, 0.34871480, 0.34938756, 0.34994227, 0.34998289, 0.34989202, 0.34951675, 0.67653209
0.24330275, 1.0000000, 0.59167659, 2.8128476, 8.6181736, 9.5644283, 9.7635641, 9.8542080, 9.9284668, 19.985435, 19.994864, 19.966507, 19.891991, 0.27812734, 0.33617964, 0.34564313, 0.34763539, 0.34854198, 0.34928465, 0.34992719, 0.34997433, 0.34983253, 0.34945995, 0.59167659
0.25701416, 1.0000000, 0.64135557, 3.4132800, 9.2178068, 9.6659603, 9.8005934, 9.8718290, 9.9338722, 19.985340, 19.992914, 19.953236, 19.883293, 0.28413203, 0.34217682, 0.34665895, 0.34800583, 0.34871823, 0.34933868, 0.34992671, 0.34996456, 0.34976619, 0.34941646, 0.64135557
0.27016896, 1.0000000, 0.68901789, 4.1317272, 9.5764647, 9.7234163, 9.8285580, 9.8871651, 9.9395638, 19.985140, 19.989477, 19.939394, 19.876720, 0.29131728, 0.34576464, 0.34723416, 0.34828559, 0.34887165, 0.34939563, 0.34992570, 0.34994739, 0.34969696, 0.34938359, 0.68901789
0.25746197, 1.0000000, 0.64297801, 3.2563412, 9.5202942, 9.6853285, 9.8244505, 9.8860397, 9.9393358, 19.984234, 19.983994, 19.925791, 19.871824, 0.28256342, 0.34520295, 0.34685329, 0.34824449, 0.34886038, 0.34939337, 0.34992117, 0.34991997, 0.34962896, 0.34935912, 0.64297801
0.26126122, 1.0000000, 0.65674353, 3.5904617, 9.4479227, 9.6387863, 9.8061924, 9.8763924, 9.9353838, 19.982565, 19.976307, 19.913162, 19.868235, 0.28590462, 0.34447923, 0.34638786, 0.34806192, 0.34876391, 0.34935385, 0.34991282, 0.34988153, 0.34956580, 0.34934118, 0.65674353
0.24325038, 1.0000000, 0.59148687, 2.9316874, 8.4228106, 9.5474739, 9.7573385, 9.8484030, 9.9228706, 19.978741, 19.966181, 19.901922, 19.865601, 0.27931687, 0.33422810, 0.34547475, 0.34757340, 0.34848404, 0.34922871, 0.34989369, 0.34983090, 0.34950960, 0.34932801, 0.59148687
0.24383806, 1.0000000, 0.59361613, 2.7806253, 8.6918688, 9.6458340, 9.7926960, 9.8657494, 9.9289560, 19.977106, 19.955256, 19.892588, 19.863724, 0.27780625, 0.33691868, 0.34645835, 0.34792697, 0.34865749, 0.34928957, 0.34988552, 0.34977627, 0.34946293, 0.34931862, 0.59361613
0.22131757, 1.0000000, 0.51202017, 2.1152229, 7.1492629, 9.5238476, 9.7443743, 9.8390074, 9.9173450, 19.971800, 19.942724, 19.884731, 19.862354, 0.27115020, 0.32148847, 0.34523574, 0.34744319, 0.34838977, 0.34917337, 0.34985900, 0.34971362, 0.34942365, 0.34931177, 0.51202017
0.20071739, 1.0000000, 0.43738183, 1.5642762, 5.5995040, 9.4895191, 9.7194815, 9.8228569, 9.9090147, 19.965498, 19.930046, 19.878471, 19.861362, 0.26564226, 0.30599397, 0.34489429, 0.34719464, 0.34822848, 0.34909013, 0.34982750, 0.34965023, 0.34939235, 0.34930682, 0.43738183
0.18024766, 1.0000000, 0.36321619, 1.0749429, 3.9609816, 9.4592237, 9.6965809, 9.8074026, 9.9006939, 19.957958, 19.917894, 19.873564, 19.860657, 0.26074943, 0.28960982, 0.34459224, 0.34696582, 0.34807402, 0.34900695, 0.34978980, 0.34958947, 0.34936783, 0.34930328, 0.36321619
0.16735312, 1.0000000, 0.31649685, 0.74680448, 2.9883714, 9.3787689, 9.7169113, 9.8164625, 9.9013996, 19.948812, 19.906700, 19.869768, 19.860146, 0.25746793, 0.27988341, 0.34378725, 0.34716901, 0.34816456, 0.34901395, 0.34974405, 0.34953350, 0.34934884, 0.34930074, 0.31649685
0.15666711, 0.92583865, 0.27777937, 0.40896237, 2.6044936, 8.6957216, 9.7145243, 9.8145723, 9.8983545, 19.937927, 19.896677, 19.866835, 19.859779, 0.25408760, 0.27603716, 0.33694425, 0.34714237, 0.34814426, 0.34898305, 0.34968963, 0.34948337, 0.34933418, 0.34929889, 0.27777937
0.14945339, 0.83872509, 0.25164270, 0.20782351, 2.3382692, 8.1518373, 9.7305841, 9.8228569, 9.8997765, 19.927452, 19.888393, 19.864689, 19.859528, 0.25207710, 0.27337500, 0.33150497, 0.34730265, 0.34822696, 0.34899724, 0.34963727, 0.34944198, 0.34932345, 0.34929764, 0.25164270
0.14363545, 0.76846719, 0.23056321, 0.68724155E-1, 2.1125972, 7.6585422, 9.7408085, 9.8285027, 9.9003696, 19.917267, 19.881624, 19.863098, 19.859352, 0.25068685, 0.27111876, 0.32657236, 0.34740478, 0.34828335, 0.34900314, 0.34958634, 0.34940812, 0.34931549, 0.34929675, 0.23056321
0.13844523, 0.70578957, 0.21175805, 0.0000000, 1.8651754, 7.1306915, 9.7345133, 9.8248062, 9.8966913, 19.907030, 19.876049, 19.861900, 19.859287, 0.24999692, 0.26864406, 0.32129219, 0.34734112, 0.34824604, 0.34896621, 0.34953517, 0.34938025, 0.34930950, 0.34929645, 0.21175805
0.13356096, 0.64680666, 0.19406140, 0.0000000, 1.5834659, 6.5189342, 9.7134914, 9.8119640, 9.8887415, 19.897127, 19.871534, 19.860998, 19.859222, 0.24999692, 0.26583001, 0.31517977, 0.34713206, 0.34811822, 0.34888694, 0.34948564, 0.34935766, 0.34930497, 0.34929612, 0.19406140
0.12780201, 0.57726133, 0.17319572, 0.0000000, 1.2562573, 5.7904019, 9.6824732, 9.7918882, 9.8769283, 19.887438, 19.867777, 19.860289, 19.859169, 0.24999692, 0.26255935, 0.30789658, 0.34682226, 0.34791762, 0.34876886, 0.34943718, 0.34933889, 0.34930146, 0.34929585, 0.17319572
0.12195781, 0.50668609, 0.15202104, 0.0000000, 0.94624460, 5.0068517, 9.6568670, 9.7740393, 9.8658953, 19.879074, 19.864857, 19.859760, 19.859110, 0.24999692, 0.25945786, 0.30005643, 0.34656399, 0.34773803, 0.34865814, 0.34939536, 0.34932429, 0.34929880, 0.34929556, 0.15202104
0.18458049, 1.0000000, 0.37891480, 2.1721988, 3.0407643, 8.6905165, 9.7254648, 9.8098688, 9.8774405, 19.874897, 19.863356, 19.859594, 19.859110, 0.27171075, 0.28039822, 0.33689171, 0.34725162, 0.34809718, 0.34877390, 0.34937447, 0.34931678, 0.34929797, 0.34929556, 0.37891480
0.23843020, 1.0000000, 0.57402247, 2.8847365, 7.9772506, 9.4286766, 9.7781868, 9.8396749, 9.8876324, 19.871580, 19.862242, 19.859489, 19.859110, 0.27884737, 0.32977250, 0.34428677, 0.34778187, 0.34839675, 0.34887633, 0.34935790, 0.34931120, 0.34929746, 0.34929556, 0.57402247
0.22675954, 1.0000000, 0.53173745, 2.8864980, 6.5214353, 9.5252447, 9.7403288, 9.8203716, 9.8783741, 19.866373, 19.860796, 19.859251, 19.859058, 0.27886498, 0.31521434, 0.34525245, 0.34740329, 0.34820372, 0.34878373, 0.34933186, 0.34930399, 0.34929627, 0.34929529, 0.53173745
0.20772724, 1.0000000, 0.46277985, 2.2847235, 5.2282333, 9.5252123, 9.7235022, 9.8096437, 9.8722343, 19.862307, 19.859709, 19.859070, 19.859011, 0.27284700, 0.30228201, 0.34525183, 0.34723496, 0.34809640, 0.34872234, 0.34931153, 0.34929854, 0.34929535, 0.34929505, 0.46277985
0.19390821, 1.0000000, 0.41271093, 1.8709153, 4.2325439, 9.5596619, 9.7322617, 9.8128214, 9.8717251, 19.859539, 19.858990, 19.858923, 19.858963, 0.26870412, 0.29231858, 0.34558886, 0.34732103, 0.34812739, 0.34871697, 0.34929770, 0.34929496, 0.34929460, 0.34929481, 0.41271093
0.19155610, 1.0000000, 0.40418875, 1.8520564, 3.8987818, 9.7048693, 9.7909040, 9.8440056, 9.8829727, 19.859392, 19.858990, 19.858923, 19.858963, 0.26851782, 0.28898436, 0.34704441, 0.34790817, 0.34843960, 0.34882957, 0.34929696, 0.34929496, 0.34929460, 0.34929481, 0.40418875
0.18989792, 1.0000000, 0.39818087, 1.8322974, 3.7010658, 9.7573767, 9.8222561, 9.8616257, 9.8892584, 19.859346, 19.858990, 19.858923, 19.858963, 0.26832023, 0.28700736, 0.34756938, 0.34822166, 0.34861580, 0.34889242, 0.34929675, 0.34929496, 0.34929460, 0.34929481, 0.39818087
0.18718722, 1.0000000, 0.38835946, 1.7736197, 3.4769230, 9.7443647, 9.8310976, 9.8671999, 9.8912134, 19.859346, 19.858990, 19.858923, 19.858963, 0.26773310, 0.28476560, 0.34743854, 0.34830993, 0.34867150, 0.34891194, 0.34929675, 0.34929496, 0.34929460, 0.34929481, 0.38835946
0.17503321, 1.0000000, 0.34432322, 1.3552696, 2.9268324, 9.3198004, 9.7668667, 9.8336563, 9.8783102, 19.857323, 19.858423, 19.858761, 19.858923, 0.26355001, 0.27926487, 0.34319249, 0.34766752, 0.34833598, 0.34878290, 0.34928662, 0.34929210, 0.34929380, 0.34929460, 0.34432322
0.16251087, 0.99640852, 0.29895246, 0.90500712, 2.5180638, 8.6271544, 9.7221298, 9.8076792, 9.8674593, 19.854809, 19.857748, 19.858566, 19.858875, 0.25904602, 0.27517390, 0.33625999, 0.34721872, 0.34807548, 0.34867415, 0.34927404, 0.34928873, 0.34929281, 0.34929436, 0.29895246
0.15097979, 0.85715818, 0.25717318, 0.52258670, 2.1346121, 7.8935828, 9.6981049, 9.7921467, 9.8605156, 19.852940, 19.857275, 19.858438, 19.858828, 0.25522020, 0.27133220, 0.32891011, 0.34697473, 0.34791827, 0.34860408, 0.34926468, 0.34928638, 0.34929219, 0.34929413, 0.25717318
0.14077282, 0.73389792, 0.22019140, 0.20985007, 1.7892003, 7.1641502, 9.6866779, 9.7840395, 9.8565254, 19.851597, 19.856960, 19.858377, 19.858805, 0.25209567, 0.26787758, 0.32161263, 0.34685898, 0.34783646, 0.34856394, 0.34925798, 0.34928480, 0.34929189, 0.34929401, 0.22019140
0.13213176, 0.62954772, 0.18888320, 0.0000000, 1.4752567, 6.4050050, 9.6731176, 9.7756300, 9.8531256, 19.851139, 19.856838, 19.858349, 19.858805, 0.24999212, 0.26474351, 0.31403038, 0.34672526, 0.34775329, 0.34853023, 0.34925568, 0.34928420, 0.34929174, 0.34929401, 0.18888320
0.12614058, 0.55719769, 0.16717602, 0.0000000, 1.1645257, 5.5834131, 9.6523504, 9.7631712, 9.8481512, 19.850748, 19.856726, 19.858330, 19.858805, 0.24999212, 0.26163992, 0.30582136, 0.34651908, 0.34762949, 0.34848076, 0.34925374, 0.34928364, 0.34929165, 0.34929401, 0.16717602
0.12043317, 0.48827443, 0.14649698, 0.0000000, 0.88467002, 4.7666306, 9.6382961, 9.7542181, 9.8442430, 19.850336, 19.856627, 19.858307, 19.858805, 0.24999212, 0.25884524, 0.29766235, 0.34638137, 0.34754136, 0.34844217, 0.34925169, 0.34928313, 0.34929153, 0.34929401, 0.14649698
0.15937617, 0.95855361, 0.28759485, 2.9932916, 0.80516636, 4.3379836, 9.7045441, 9.7906332, 9.8584280, 19.851826, 19.857014, 19.858414, 19.858805, 0.27992916, 0.25805107, 0.29337820, 0.34704474, 0.34790596, 0.34858418, 0.34925914, 0.34928507, 0.34929207, 0.34929401, 0.28759485
0.18315281, 1.0000000, 0.37374204, 2.6514769, 2.3835688, 8.0443087, 9.7719679, 9.8291807, 9.8735857, 19.853294, 19.857399, 19.858423, 19.858805, 0.27651477, 0.27383569, 0.33044308, 0.34771967, 0.34829181, 0.34873587, 0.34926647, 0.34928700, 0.34929210, 0.34929401, 0.37374204
0.17510685, 1.0000000, 0.34459001, 2.3050070, 2.1951647, 7.6354394, 9.7601433, 9.8255730, 9.8730965, 19.853695, 19.857458, 19.858423, 19.858805, 0.27304980, 0.27195150, 0.32635412, 0.34760138, 0.34825569, 0.34873098, 0.34926847, 0.34928730, 0.34929210, 0.34929401, 0.34459001
0.16440229, 1.0000000, 0.30580539, 1.8501848, 1.9353449, 7.0945296, 9.7325354, 9.8114347, 9.8681240, 19.853413, 19.857361, 19.858397, 19.858805, 0.26849830, 0.26935121, 0.32094121, 0.34732422, 0.34811378, 0.34868106, 0.34926707, 0.34928679, 0.34929198, 0.34929401, 0.30580539
0.15320444, 0.88402319, 0.26523349, 1.3927281, 1.6559780, 6.4776888, 9.7082186, 9.7975416, 9.8627987, 19.852900, 19.857225, 19.858360, 19.858805, 0.26392728, 0.26655978, 0.31477690, 0.34708220, 0.34797543, 0.34862798, 0.34926450, 0.34928614, 0.34929180, 0.34929401, 0.26523349
0.14358446, 0.76785135, 0.23037845, 1.0156393, 1.4119893, 5.9007592, 9.7018328, 9.7930632, 9.8606081, 19.852325, 19.857067, 19.858360, 19.858805, 0.26015639, 0.26411989, 0.30900759, 0.34701833, 0.34793064, 0.34860608, 0.34926164, 0.34928533, 0.34929180, 0.34929401, 0.23037845
0.13480771, 0.66186261, 0.19857864, 0.68969429, 1.1845767, 5.3265252, 9.6965046, 9.7894182, 9.8588791, 19.851887, 19.856979, 19.858355, 19.858805, 0.25689322, 0.26184192, 0.30325660, 0.34696192, 0.34789261, 0.34858826, 0.34925944, 0.34928489, 0.34929177, 0.34929401, 0.19857864
0.12788971, 0.57832026, 0.17351344, 0.45757294, 1.0018706, 4.7949967, 9.6967640, 9.7893572, 9.8589354, 19.852022, 19.857014, 19.858383, 19.858805, 0.25457218, 0.26001406, 0.29793885, 0.34696314, 0.34789130, 0.34858859, 0.34926012, 0.34928507, 0.34929192, 0.34929401, 0.17351344
0.12119438, 0.49746683, 0.14925498, 0.24770796, 0.81938803, 4.2424521, 9.6858511, 9.7832861, 9.8567524, 19.852055, 19.857014, 19.858383, 19.858805, 0.25247657, 0.25819290, 0.29242200, 0.34685734, 0.34783226, 0.34856731, 0.34926027, 0.34928507, 0.34929192, 0.34929401, 0.14925498
0.11395428, 0.41003484, 0.12302276, 0.30389428E-1, 0.61756670, 3.6283743, 9.6622601, 9.7696390, 9.8512936, 19.851561, 19.856897, 19.858349, 19.858805, 0.25030375, 0.25617373, 0.28627807, 0.34661958, 0.34769487, 0.34851244, 0.34925780, 0.34928447, 0.34929174, 0.34929401, 0.12302276
0.10932618, 0.35414550, 0.10625427, 0.0000000, 0.43128729, 2.9903915, 9.6439009, 9.7581968, 9.8464336, 19.851089, 19.856779, 19.858330, 19.858805, 0.24999185, 0.25430930, 0.27989149, 0.34643099, 0.34757793, 0.34846297, 0.34925544, 0.34928390, 0.34929165, 0.34929401, 0.10625427
0.10607555, 0.31489056, 0.94476618E-1, 0.0000000, 0.24903715, 2.6471615, 9.2659941, 9.7416925, 9.8394175, 19.850405, 19.856596, 19.858288, 19.858805, 0.24999185, 0.25248778, 0.27645785, 0.34265032, 0.34741187, 0.34839249, 0.34925202, 0.34928298, 0.34929144, 0.34929401, 0.94476618E-1
0.10280105, 0.27534747, 0.82612500E-1, 0.0000000, 0.75519085E-1, 2.2911072, 8.8400164, 9.7252121, 9.8319111, 19.849382, 19.856348, 19.858208, 19.858805, 0.24999185, 0.25075376, 0.27288932, 0.33838335, 0.34724289, 0.34831601, 0.34924692, 0.34928173, 0.34929103, 0.34929401, 0.82612500E-1
0.10064045, 0.24925593, 0.74784257E-1, 0.0000000, 0.0000000, 2.0001411, 8.4349785, 9.7252569, 9.8311119, 19.848944, 19.856218, 19.858183, 19.858805, 0.24999185, 0.24999200, 0.26998711, 0.33433771, 0.34724560, 0.34830877, 0.34924471, 0.34928110, 0.34929091, 0.34929401, 0.74784257E-1
0.99105686E-1, 0.23072198, 0.69223516E-1, 0.0000000, 0.0000000, 1.7142296, 8.0121231, 9.7178812, 9.8277311, 19.848356, 19.856054, 19.858166, 19.858805, 0.24999185, 0.24999200, 0.26713324, 0.33011276, 0.34717369, 0.34827557, 0.34924179, 0.34928027, 0.34929082, 0.34929401, 0.69223516E-1
0.97645536E-1, 0.21308906, 0.63933112E-1, 0.0000000, 0.0000000, 1.4493376, 7.5771127, 9.7101755, 9.8243427, 19.847979, 19.855965, 19.858143, 19.858805, 0.24999185, 0.24999200, 0.26448521, 0.32576257, 0.34709626, 0.34824157, 0.34923989, 0.34927982, 0.34929073, 0.34929401, 0.63933112E-1
0.96316509E-1, 0.19703962, 0.59117798E-1, 0.0000000, 0.0000000, 1.2157440, 7.1428447, 9.7075663, 9.8229275, 19.847813, 19.855934, 19.858143, 19.858805, 0.24999185, 0.24999200, 0.26214752, 0.32141677, 0.34706774, 0.34822661, 0.34923905, 0.34927967, 0.34929073, 0.34929401, 0.59117798E-1
0.95381744E-1, 0.18575127, 0.55730958E-1, 0.0000000, 0.0000000, 1.0608375, 6.7802138, 9.7257547, 9.8304472, 19.848743, 19.856167, 19.858194, 19.858805, 0.24999185, 0.24999200, 0.26059556, 0.31778574, 0.34724578, 0.34830052, 0.34924370, 0.34928083, 0.34929097, 0.34929401, 0.55730958E-1
0.10594173, 0.31327456, 0.93991771E-1, 0.79773664, 0.0000000, 0.99309087, 6.5524087, 9.7665625, 9.8473406, 19.850273, 19.856564, 19.858307, 19.858805, 0.25797352, 0.24999200, 0.25992948, 0.31552219, 0.34766421, 0.34847292, 0.34925136, 0.34928280, 0.34929153, 0.34929401, 0.93991771E-1
0.10848670, 0.34400785, 0.10321268, 1.0391325, 0.0000000, 0.86325407, 6.2549162, 9.7477627, 9.8416700, 19.850748, 19.856703, 19.858330, 19.858805, 0.26039132, 0.24999200, 0.25863254, 0.31254917, 0.34747761, 0.34841669, 0.34925374, 0.34928352, 0.34929165, 0.34929401, 0.10321268
0.10620192, 0.31641665, 0.94934493E-1, 0.89447796, 0.0000000, 0.82551837, 6.0748796, 9.7856550, 9.8567114, 19.852339, 19.857140, 19.858423, 19.858805, 0.25894412, 0.24999200, 0.25825500, 0.31074852, 0.34785634, 0.34856707, 0.34926170, 0.34928569, 0.34929210, 0.34929401, 0.94934493E-1
0.10099819, 0.25357604, 0.76080419E-1, 0.56395233, 0.0000000, 0.72561502, 5.8157277, 9.7610283, 9.8486614, 19.852810, 19.857256, 19.858423, 19.858805, 0.25563705, 0.24999200, 0.25725520, 0.30815572, 0.34760901, 0.34848616, 0.34926406, 0.34928629, 0.34929210, 0.34929401, 0.76080419E-1
0.95822528E-1, 0.19107427, 0.57328012E-1, 0.24758875, 0.0000000, 0.60085654, 5.4795303, 9.7270861, 9.8353462, 19.852640, 19.857222, 19.858383, 19.858805, 0.25247422, 0.24999200, 0.25600734, 0.30479309, 0.34726888, 0.34835279, 0.34926319, 0.34928611, 0.34929192, 0.34929401, 0.57328012E-1
0.91796115E-1, 0.14245096, 0.42739563E-1, 0.37381053E-1, 0.0000000, 0.44373870, 4.9409113, 9.6597614, 9.8068104, 19.852976, 19.857304, 19.858414, 19.858805, 0.25037372, 0.24999200, 0.25443703, 0.29940832, 0.34659684, 0.34806785, 0.34926489, 0.34928653, 0.34929207, 0.34929401, 0.42739563E-1
0.91118380E-1, 0.13426654, 0.40283989E-1, 0.16722083E-1, 0.0000000, 0.40382743, 4.6295533, 9.7245808, 9.8312330, 19.854155, 19.857599, 19.858423, 19.858805, 0.25016719, 0.24999200, 0.25403807, 0.29629508, 0.34724534, 0.34831217, 0.34927076, 0.34928799, 0.34929210, 0.34929401, 0.40283989E-1
0.96208058E-1, 0.19572993, 0.58724850E-1, 0.42992234, 0.0000000, 0.32670498, 4.2878160, 9.7132864, 9.8281660, 19.854130, 19.857561, 19.858419, 19.858805, 0.25429580, 0.24999200, 0.25326627, 0.29287609, 0.34713054, 0.34828088, 0.34927064, 0.34928781, 0.34929210, 0.34929401, 0.58724850E-1
0.13561502, 0.67161173, 0.20150366, 2.1813960, 1.8873155, 0.27578175, 4.0615778, 9.7608213, 9.8460941, 19.853642, 19.857409, 19.858389, 19.858805, 0.27180326, 0.26886761, 0.25275740, 0.29061458, 0.34760678, 0.34846047, 0.34926820, 0.34928703, 0.34929195, 0.34929401, 0.20150366
0.12327027, 0.52253562, 0.15677637, 1.5315473, 1.5374601, 0.20198524, 3.8374088, 9.7618732, 9.8470335, 19.852348, 19.857044, 19.858318, 19.858805, 0.26531070, 0.26537171, 0.25201967, 0.28837338, 0.34761781, 0.34847003, 0.34926173, 0.34928522, 0.34929159, 0.34929401, 0.15677637
0.12114754, 0.49690133, 0.14908531, 1.6052544, 1.2144357, 0.13655722, 3.6070065, 9.7569952, 9.8453760, 19.851595, 19.856867, 19.858301, 19.858805, 0.26604667, 0.26214167, 0.25136542, 0.28606924, 0.34756887, 0.34845340, 0.34925798, 0.34928435, 0.34929150, 0.34929401, 0.14908531
0.11024857, 0.36528438, 0.10959627, 1.0230213, 0.92519522, 0.69704652E-1, 3.3713622, 9.7527685, 9.8433924, 19.850746, 19.856655, 19.858261, 19.858805, 0.26022708, 0.25925025, 0.25069699, 0.28371301, 0.34752679, 0.34843361, 0.34925371, 0.34928328, 0.34929129, 0.34929401, 0.10959627
0.10068706, 0.24981876, 0.74953124E-1, 0.53031743, 0.65204799, 0.0000000, 3.1257625, 9.7476845, 9.8406267, 19.849493, 19.856373, 19.858189, 19.858768, 0.25529733, 0.25651616, 0.24999882, 0.28125557, 0.34747362, 0.34840518, 0.34924746, 0.34928185, 0.34929094, 0.34929383, 0.74953124E-1
0.93860000E-1, 0.16737454, 0.50217383E-1, 0.18080473, 0.43014586, 0.0000000, 2.9640257, 9.6577253, 9.8382130, 19.848862, 19.856195, 19.858171, 19.858757, 0.25180551, 0.25429782, 0.24999882, 0.27963775, 0.34657317, 0.34838071, 0.34924430, 0.34928098, 0.34929085, 0.34929377, 0.50217383E-1
0.89290276E-1, 0.11219022, 0.33660434E-1, 0.0000000, 0.20012856, 0.0000000, 2.8559117, 9.4591408, 9.8298655, 19.847755, 19.855923, 19.858120, 19.858757, 0.24997672, 0.25199741, 0.24999882, 0.27855361, 0.34458226, 0.34829551, 0.34923878, 0.34927961, 0.34929061, 0.34929377, 0.33660434E-1
0.87514192E-1, 0.90742096E-1, 0.27225351E-1, 0.0000000, 0.95665455E-2, 0.0000000, 2.7318268, 9.2247162, 9.8190022, 19.846836, 19.855659, 19.858061, 19.858757, 0.24997672, 0.25009549, 0.24999882, 0.27731284, 0.34223798, 0.34818676, 0.34923416, 0.34927830, 0.34929031, 0.34929377, 0.27225351E-1
0.87214313E-1, 0.87120719E-1, 0.26138831E-1, 0.0000000, 0.0000000, 0.0000000, 2.5984974, 8.9608364, 9.8090553, 19.846209, 19.855515, 19.858072, 19.858757, 0.24997672, 0.24999945, 0.24999882, 0.27598083, 0.33960122, 0.34808794, 0.34923103, 0.34927756, 0.34929037, 0.34929377, 0.26138831E-1
0.87008350E-1, 0.84633447E-1, 0.25392573E-1, 0.0000000, 0.0000000, 0.0000000, 2.4769366, 8.7074175, 9.8075075, 19.845905, 19.855453, 19.858072, 19.858757, 0.24997672, 0.24999945, 0.24999882, 0.27476415, 0.33706498, 0.34807163, 0.34922951, 0.34927726, 0.34929037, 0.34929377, 0.25392573E-1
0.86826369E-1, 0.82435817E-1, 0.24733219E-1, 0.0000000, 0.0000000, 0.0000000, 2.3707242, 8.4790277, 9.8115845, 19.845739, 19.855425, 19.858095, 19.858757, 0.24997672, 0.24999945, 0.24999882, 0.27370179, 0.33478051, 0.34811211, 0.34922868, 0.34927714, 0.34929049, 0.34929377, 0.24733219E-1
0.86639389E-1, 0.80177851E-1, 0.24055760E-1, 0.0000000, 0.0000000, 0.0000000, 2.2595496, 8.2491531, 9.8114147, 19.845102, 19.855249, 19.858061, 19.858757, 0.24997672, 0.24999945, 0.24999882, 0.27259168, 0.33248457, 0.34811139, 0.34922552, 0.34927624, 0.34929031, 0.34929377, 0.24055760E-1
0.86443797E-1, 0.77815905E-1, 0.23347106E-1, 0.0000000, 0.0000000, 0.0000000, 2.1435709, 8.0097713, 9.8082676, 19.844385, 19.855066, 19.858025, 19.858757, 0.24997672, 0.24999945, 0.24999882, 0.27143183, 0.33009046, 0.34807971, 0.34922192, 0.34927532, 0.34929013, 0.34929377, 0.23347106E-1
0.86235330E-1, 0.75298347E-1, 0.22591764E-1, 0.0000000, 0.0000000, 0.0000000, 2.0230203, 7.7494769, 9.8016481, 19.844091, 19.855005, 19.858013, 19.858757, 0.24997672, 0.24999945, 0.24999882, 0.27022648, 0.32748765, 0.34801346, 0.34922045, 0.34927502, 0.34929007, 0.34929377, 0.22591764E-1
0.86022742E-1, 0.72731175E-1, 0.21821534E-1, 0.0000000, 0.0000000, 0.0000000, 1.9025445, 7.4782777, 9.7967205, 19.843948, 19.854982, 19.858021, 19.858757, 0.24997672, 0.24999945, 0.24999882, 0.26902249, 0.32477701, 0.34796467, 0.34921974, 0.34927490, 0.34929010, 0.34929377, 0.21821534E-1
0.85786015E-1, 0.69872439E-1, 0.20963829E-1, 0.0000000, 0.0000000, 0.0000000, 1.7706573, 7.1743999, 9.7867012, 19.843727, 19.854923, 19.857990, 19.858757, 0.24997672, 0.24999945, 0.24999882, 0.26770180, 0.32173437, 0.34786263, 0.34921864, 0.34927461, 0.34928995, 0.34929377, 0.20963829E-1
0.85617237E-1, 0.67834280E-1, 0.20352321E-1, 0.0000000, 0.0000000, 0.0000000, 1.6819060, 6.9394360, 9.7999172, 19.844582, 19.855148, 19.858061, 19.858757, 0.24997672, 0.24999945, 0.24999882, 0.26681525, 0.31938648, 0.34799546, 0.34922290, 0.34927574, 0.34929031, 0.34929377, 0.20352321E-1
0.85429758E-1, 0.65570287E-1, 0.19673053E-1, 0.0000000, 0.0000000, 0.0000000, 1.5829146, 6.6852942, 9.7974787, 19.845158, 19.855312, 19.858120, 19.858757, 0.24997672, 0.24999945, 0.24999882, 0.26582560, 0.31684545, 0.34797111, 0.34922579, 0.34927657, 0.34929061, 0.34929377, 0.19673053E-1
0.85222468E-1, 0.63067004E-1, 0.18921994E-1, 0.0000000, 0.0000000, 0.0000000, 1.4753789, 6.4027667, 9.7890949, 19.845562, 19.855431, 19.858131, 19.858757, 0.24997672, 0.24999945, 0.24999882, 0.26474962, 0.31401861, 0.34788632, 0.34922782, 0.34927714, 0.34929067, 0.34929377, 0.18921994E-1
0.85051350E-1, 0.61000600E-1, 0.18302010E-1, 0.0000000, 0.0000000, 0.0000000, 1.3922423, 6.1533380, 9.7934647, 19.846724, 19.855726, 19.858183, 19.858757, 0.24997672, 0.24999945, 0.24999882, 0.26392031, 0.31152871, 0.34793219, 0.34923363, 0.34927863, 0.34929091, 0.34929377, 0.18302010E-1
0.10386998, 0.28825599, 0.86485445E-1, 1.3666004, 0.0000000, 0.0000000, 1.3860106, 6.0613847, 9.8394775, 19.849464, 19.856449, 19.858324, 19.858757, 0.26366314, 0.24999945, 0.24999882, 0.26385993, 0.31061345, 0.34839457, 0.34924734, 0.34928223, 0.34929162, 0.34929377, 0.86485445E-1
0.10643384, 0.31921729, 0.95774770E-1, 1.5536755, 0.0000000, 0.0000000, 1.3852865, 6.0075617, 9.8640842, 19.851646, 19.857023, 19.858423, 19.858757, 0.26553512, 0.24999945, 0.24999882, 0.26385278, 0.31007543, 0.34864074, 0.34925824, 0.34928513, 0.34929210, 0.34929377, 0.95774770E-1
0.11144305, 0.37970901, 0.11392409, 1.9178599, 0.0000000, 0.0000000, 1.3837487, 5.9640055, 9.8763599, 19.853308, 19.857445, 19.858423, 19.858757, 0.26917773, 0.24999945, 0.24999882, 0.26383746, 0.30963996, 0.34876353, 0.34926653, 0.34928721, 0.34929210, 0.34929377, 0.11392409
0.11043977, 0.36759332, 0.11028902, 1.8471003, 0.0000000, 0.0000000, 1.3799906, 5.9225650, 9.8821230, 19.854490, 19.857716, 19.858423, 19.858757, 0.26846486, 0.24999945, 0.24999882, 0.26379964, 0.30922505, 0.34882089, 0.34927246, 0.34928858, 0.34929210, 0.34929377, 0.11028902
0.10968017, 0.35842028, 0.10753684, 1.7933995, 0.0000000, 0.0000000, 1.3775527, 5.8851314, 9.8861771, 19.855499, 19.857944, 19.858423, 19.858757, 0.26792672, 0.24999945, 0.24999882, 0.26377520, 0.30885059, 0.34886137, 0.34927750, 0.34928972, 0.34929210, 0.34929377, 0.10753684
0.10841855, 0.34318495, 0.10296578, 1.7033607, 0.0000000, 0.0000000, 1.3723403, 5.8456368, 9.8872042, 19.856106, 19.858057, 19.858423, 19.858757, 0.26702738, 0.24999945, 0.24999882, 0.26372311, 0.30845574, 0.34887168, 0.34928054, 0.34929028, 0.34929210, 0.34929377, 0.10296578
0.10673929, 0.32290596, 0.96881479E-1, 1.5836537, 0.0000000, 0.0000000, 1.3634592, 5.8035908, 9.8867941, 19.856323, 19.858074, 19.858423, 19.858757, 0.26582852, 0.24999945, 0.24999882, 0.26363418, 0.30803502, 0.34886745, 0.34928161, 0.34929037, 0.34929210, 0.34929377, 0.96881479E-1
0.10363382, 0.28540406, 0.85629784E-1, 1.3633579, 0.0000000, 0.0000000, 1.3434798, 5.7506595, 9.8825054, 19.855711, 19.857891, 19.858423, 19.858757, 0.26360667, 0.24999945, 0.24999882, 0.26343220, 0.30750397, 0.34882358, 0.34927848, 0.34928942, 0.34929210, 0.34929377, 0.85629784E-1
0.95857009E-1, 0.19149058, 0.57452921E-1, 0.80902576, 0.0000000, 0.0000000, 1.2820065, 5.6561503, 9.8650436, 19.852455, 19.857000, 19.858236, 19.858757, 0.25803861, 0.24999945, 0.24999882, 0.26281381, 0.30655575, 0.34864727, 0.34926203, 0.34928495, 0.34929115, 0.34929377, 0.57452921E-1
0.93256116E-1, 0.16008198, 0.48029400E-1, 0.62237084, 0.0000000, 0.0000000, 1.2600273, 5.5803766, 9.8649073, 19.853033, 19.857191, 19.858330, 19.858757, 0.25618970, 0.24999945, 0.24999882, 0.26259592, 0.30579862, 0.34864616, 0.34926504, 0.34928593, 0.34929165, 0.34929377, 0.48029400E-1
0.90606652E-1, 0.12808688, 0.38429908E-1, 0.43169856, 0.0000000, 0.0000000, 1.2333840, 5.4913692, 9.8601007, 19.853535, 19.857349, 19.858408, 19.858757, 0.25431263, 0.24999945, 0.24999882, 0.26233310, 0.30491203, 0.34860003, 0.34926766, 0.34928674, 0.34929204, 0.34929377, 0.38429908E-1
0.90787053E-1, 0.13026544, 0.39083544E-1, 0.44926703, 0.0000000, 0.0000000, 1.2085289, 5.4118886, 9.8617401, 19.853624, 19.857372, 19.858414, 19.858757, 0.25448209, 0.24999945, 0.24999882, 0.26208359, 0.30411506, 0.34861508, 0.34926814, 0.34928685, 0.34929207, 0.34929377, 0.39083544E-1
0.89811236E-1, 0.11848132, 0.35547953E-1, 0.38099885, 0.0000000, 0.0000000, 1.1968970, 5.3421736, 9.8658190, 19.854721, 19.857668, 19.858423, 19.858757, 0.25380242, 0.24999945, 0.24999882, 0.26196754, 0.30341855, 0.34865624, 0.34927362, 0.34928834, 0.34929210, 0.34929377, 0.35547953E-1
0.89037672E-1, 0.10913974, 0.32745197E-1, 0.32685995, 0.0000000, 0.0000000, 1.1866748, 5.2795410, 9.8699827, 19.855522, 19.857903, 19.858423, 19.858757, 0.25326625, 0.24999945, 0.24999882, 0.26186624, 0.30279428, 0.34869912, 0.34927762, 0.34928951, 0.34929210, 0.34929377, 0.32745197E-1
0.85640691E-1, 0.68117484E-1, 0.20437289E-1, 0.88310242E-1, 0.0000000, 0.0000000, 1.1328310, 5.1386337, 9.8409100, 19.854733, 19.857655, 19.858389, 19.858757, 0.25088218, 0.24999945, 0.24999882, 0.26132759, 0.30138475, 0.34840810, 0.34927365, 0.34928828, 0.34929195, 0.34929377, 0.20437289E-1
0.84169880E-1, 0.50355833E-1, 0.15108261E-1, 0.0000000, 0.0000000, 0.0000000, 1.0041773, 4.8079038, 9.7699013, 19.852379, 19.857048, 19.858261, 19.858757, 0.24993591, 0.24999945, 0.24999882, 0.26004031, 0.29807556, 0.34769666, 0.34926188, 0.34928524, 0.34929129, 0.34929377, 0.15108261E-1
0.83885595E-1, 0.46922844E-1, 0.14078261E-1, 0.0000000, 0.0000000, 0.0000000, 0.87163150, 4.3979101, 9.7347078, 19.850506, 19.856565, 19.858183, 19.858757, 0.24993591, 0.24999945, 0.24999882, 0.25871521, 0.29397631, 0.34734502, 0.34925252, 0.34928283, 0.34929091, 0.34929377, 0.14078261E-1
0.83682306E-1, 0.44467874E-1, 0.13341697E-1, 0.0000000, 0.0000000, 0.0000000, 0.76037049, 4.1255517, 9.7689981, 19.845797, 19.855335, 19.857901, 19.858704, 0.24993591, 0.24999945, 0.24999882, 0.25757620, 0.29123357, 0.34767604, 0.34922785, 0.34927636, 0.34928942, 0.34929350, 0.13341697E-1
0.83441615E-1, 0.41561306E-1, 0.12469639E-1, 0.0000000, 0.0000000, 0.0000000, 0.61182678, 3.8391521, 9.7673435, 19.839235, 19.853607, 19.857500, 19.858652, 0.24993591, 0.24999945, 0.24999882, 0.25609982, 0.28837672, 0.34766370, 0.34919539, 0.34926781, 0.34928745, 0.34929326, 0.12469639E-1
0.83204687E-1, 0.38700063E-1, 0.11611180E-1, 0.0000000, 0.0000000, 0.0000000, 0.47300458, 3.5474358, 9.7616720, 19.834848, 19.852419, 19.857246, 19.858604, 0.24993591, 0.24999945, 0.24999882, 0.25470796, 0.28545696, 0.34760496, 0.34917328, 0.34926185, 0.34928617, 0.34929299, 0.11611180E-1
0.82986705E-1, 0.36067769E-1, 0.10821413E-1, 0.0000000, 0.0000000, 0.0000000, 0.35881996, 3.2470050, 9.7519970, 19.833363, 19.851994, 19.857172, 19.858622, 0.24993591, 0.24999945, 0.24999882, 0.25358692, 0.28246421, 0.34751412, 0.34916681, 0.34925997, 0.34928587, 0.34929311, 0.10821413E-1
0.82818568E-1, 0.34037244E-1, 0.10212194E-1, 0.0000000, 0.0000000, 0.0000000, 0.28501451, 2.9909492, 9.7431555, 19.834953, 19.852407, 19.857283, 19.858675, 0.24993591, 0.24999945, 0.24999882, 0.25284952, 0.27990624, 0.34742802, 0.34917477, 0.34926203, 0.34928641, 0.34929338, 0.10212194E-1
0.82667865E-1, 0.32217417E-1, 0.96661914E-2, 0.0000000, 0.0000000, 0.0000000, 0.20294189, 2.8505116, 9.5751047, 19.835432, 19.852530, 19.857338, 19.858704, 0.24993591, 0.24999945, 0.24999882, 0.25201941, 0.27849016, 0.34573692, 0.34917676, 0.34926254, 0.34928665, 0.34929353, 0.96661914E-2
0.86517908E-1, 0.78710809E-1, 0.23615604E-1, 0.29028356, 0.0000000, 0.0000000, 0.12510419, 2.7235150, 9.4196863, 19.835609, 19.852575, 19.857355, 19.858692, 0.25288922, 0.24999945, 0.24999882, 0.25125068, 0.27723131, 0.34419245, 0.34917805, 0.34926289, 0.34928676, 0.34929347, 0.23615604E-1
0.82398601E-1, 0.28965736E-1, 0.86905900E-2, 0.0000000, 0.0000000, 0.0000000, 0.48732758E-1, 2.6086569, 9.2768478, 19.835325, 19.852518, 19.857355, 19.858704, 0.24999475, 0.24999945, 0.24999882, 0.25047448, 0.27607042, 0.34275365, 0.34917602, 0.34926245, 0.34928674, 0.34929353, 0.86905900E-2
0.82325682E-1, 0.28085181E-1, 0.84263971E-2, 0.0000000, 0.0000000, 0.0000000, 0.87678432E-2, 2.5416760, 9.1782904, 19.837757, 19.853163, 19.857542, 19.858709, 0.24999475, 0.24999945, 0.24999882, 0.25008762, 0.27540940, 0.34177402, 0.34918877, 0.34926581, 0.34928772, 0.34929353, 0.84263971E-2
0.82278416E-1, 0.27514344E-1, 0.82551287E-2, 0.0000000, 0.0000000, 0.0000000, 0.0000000, 2.4760902, 9.0871229, 19.838146, 19.853291, 19.857603, 19.858698, 0.24999475, 0.24999945, 0.24999882, 0.24999996, 0.27474719, 0.34086099, 0.34918988, 0.34926626, 0.34928796, 0.34929347, 0.82551287E-2
0.82205400E-1, 0.26632637E-1, 0.79905903E-2, 0.0000000, 0.0000000, 0.0000000, 0.0000000, 2.3490458, 8.9395475, 19.833702, 19.852148, 19.857288, 19.858652, 0.24999475, 0.24999945, 0.24999882, 0.24999996, 0.27347577, 0.33938450, 0.34916756, 0.34926051, 0.34928638, 0.34929323, 0.79905903E-2
0.82123369E-1, 0.25642041E-1, 0.76933820E-2, 0.0000000, 0.0000000, 0.0000000, 0.0000000, 2.2078037, 8.7724705, 19.829584, 19.851046, 19.856995, 19.858593, 0.24999475, 0.24999945, 0.24999882, 0.24999996, 0.27205384, 0.33770612, 0.34914637, 0.34925485, 0.34928489, 0.34929293, 0.76933820E-2
0.82068756E-1, 0.24982523E-1, 0.74955067E-2, 0.0000000, 0.0000000, 0.0000000, 0.0000000, 2.1162601, 8.6547232, 19.828978, 19.850843, 19.856955, 19.858574, 0.24999475, 0.24999945, 0.24999882, 0.24999996, 0.27112907, 0.33652291, 0.34914255, 0.34925362, 0.34928462, 0.34929284, 0.74955067E-2
0.81970349E-1, 0.23794102E-1, 0.71389442E-2, 0.0000000, 0.0000000, 0.0000000, 0.0000000, 1.9455373, 8.4475670, 19.824066, 19.849485, 19.856606, 19.858463, 0.24999475, 0.24999945, 0.24999882, 0.24999996, 0.26943859, 0.33446309, 0.34911916, 0.34924713, 0.34928295, 0.34929228, 0.71389442E-2
0.81867956E-1, 0.22557637E-1, 0.67679677E-2, 0.0000000, 0.0000000, 0.0000000, 0.0000000, 1.7765224, 8.2116156, 19.824049, 19.849400, 19.856565, 19.858458, 0.24999475, 0.24999945, 0.24999882, 0.24999996, 0.26775146, 0.33210498, 0.34911937, 0.34924677, 0.34928277, 0.34929225, 0.67679677E-2
0.81788257E-1, 0.21595171E-1, 0.64791995E-2, 0.0000000, 0.0000000, 0.0000000, 0.0000000, 1.6531765, 8.0039673, 19.829250, 19.850733, 19.856880, 19.858528, 0.24999475, 0.24999945, 0.24999882, 0.24999996, 0.26651865, 0.33002803, 0.34914544, 0.34925345, 0.34928435, 0.34929264, 0.64791995E-2
0.81696495E-1, 0.20487033E-1, 0.61467248E-2, 0.0000000, 0.0000000, 0.0000000, 0.0000000, 1.5092999, 7.7663922, 19.831488, 19.851334, 19.857071, 19.858580, 0.24999475, 0.24999945, 0.24999882, 0.24999996, 0.26509121, 0.32766086, 0.34915745, 0.34925666, 0.34928536, 0.34929290, 0.61467248E-2
0.81615157E-1, 0.19504843E-1, 0.58520380E-2, 0.0000000, 0.0000000, 0.0000000, 0.0000000, 1.3852388, 7.5493207, 19.833572, 19.851912, 19.857246, 19.858635, 0.24999475, 0.24999945, 0.24999882, 0.24999996, 0.26385039, 0.32548958, 0.34916785, 0.34925956, 0.34928623, 0.34929317, 0.58520380E-2
0.81530176E-1, 0.18478533E-1, 0.55441144E-2, 0.0000000, 0.0000000, 0.0000000, 0.0000000, 1.2471288, 7.3474770, 19.828794, 19.850691, 19.856901, 19.858562, 0.24999475, 0.24999945, 0.24999882, 0.24999996, 0.26247001, 0.32347226, 0.34914398, 0.34925345, 0.34928450, 0.34929281, 0.55441144E-2
0.81428021E-1, 0.17244944E-1, 0.51740007E-2, 0.0000000, 0.0000000, 0.0000000, 0.0000000, 1.0850936, 7.1077223, 19.822660, 19.849047, 19.856482, 19.858458, 0.24999475, 0.24999945, 0.24999882, 0.24999996, 0.26081079, 0.32104763, 0.34911007, 0.34924442, 0.34928221, 0.34929222, 0.51740007E-2
0.81336431E-1, 0.16138846E-1, 0.48421384E-2, 0.0000000, 0.0000000, 0.0000000, 0.0000000, 0.94634593, 6.8460455, 19.823307, 19.849159, 19.856518, 19.858463, 0.24999475, 0.24999945, 0.24999882, 0.24999996, 0.25946197, 0.31845686, 0.34911653, 0.34924579, 0.34928259, 0.34929231, 0.48421384E-2
0.81282303E-1, 0.15485214E-1, 0.46460289E-2, 0.0000000, 0.0000000, 0.0000000, 0.0000000, 0.87287128, 6.6757755, 19.828169, 19.850431, 19.856823, 19.858522, 0.24999475, 0.24999945, 0.24999882, 0.24999996, 0.25872415, 0.31674811, 0.34914076, 0.34925213, 0.34928411, 0.34929261, 0.46460289E-2
0.81239894E-1, 0.14973049E-1, 0.44923639E-2, 0.0000000, 0.0000000, 0.0000000, 0.0000000, 0.81392825, 6.5444179, 19.831205, 19.851252, 19.857054, 19.858587, 0.24990031, 0.24999945, 0.24999882, 0.24999996, 0.25813669, 0.31543720, 0.34915602, 0.34925625, 0.34928527, 0.34929293, 0.44923639E-2
0.86709671E-1, 0.81026547E-1, 0.24310395E-1, 0.39817393, 0.0000000, 0.0000000, 0.0000000, 0.79017282, 6.4834104, 19.835142, 19.852318, 19.857325, 19.858683, 0.25397670, 0.24999945, 0.24999882, 0.24999996, 0.25790143, 0.31483331, 0.34917572, 0.34926158, 0.34928662, 0.34929341, 0.24310395E-1
0.81153370E-1, 0.13928209E-1, 0.41788807E-2, 0.0000000, 0.0000000, 0.0000000, 0.0000000, 0.69105327, 6.2847261, 19.832588, 19.851692, 19.857164, 19.858635, 0.24980123, 0.24999945, 0.24999882, 0.24999996, 0.25691032, 0.31284663, 0.34916294, 0.34925845, 0.34928581, 0.34929317, 0.41788807E-2
0.81093200E-1, 0.13201577E-1, 0.39608693E-2, 0.0000000, 0.0000000, 0.0000000, 0.0000000, 0.61507821, 6.0777435, 19.834932, 19.852318, 19.857321, 19.858698, 0.24980123, 0.24999945, 0.24999882, 0.24999996, 0.25614882, 0.31077093, 0.34917468, 0.34926158, 0.34928662, 0.34929350, 0.39608693E-2
0.81003219E-1, 0.12114937E-1, 0.36348449E-2, 0.0000000, 0.0000000, 0.0000000, 0.0000000, 0.50284863, 5.7622809, 19.834637, 19.852272, 19.857319, 19.858669, 0.24980123, 0.24999945, 0.24999882, 0.24999996, 0.25502682, 0.30761644, 0.34917319, 0.34926134, 0.34928659, 0.34929335, 0.36348449E-2
0.80928288E-1, 0.11210142E-1, 0.33633788E-2, 0.0000000, 0.0000000, 0.0000000, 0.0000000, 0.40798187, 5.5035701, 19.833065, 19.851875, 19.857225, 19.858652, 0.24980123, 0.24999945, 0.24999882, 0.24999996, 0.25407881, 0.30503115, 0.34916532, 0.34925938, 0.34928614, 0.34929326, 0.33633788E-2
0.80842353E-1, 0.10172363E-1, 0.30520144E-2, 0.0000000, 0.0000000, 0.0000000, 0.0000000, 0.30796528, 5.1833572, 19.831718, 19.851519, 19.857141, 19.858641, 0.24980123, 0.24999945, 0.24999882, 0.24999996, 0.25307330, 0.30182037, 0.34915817, 0.34925747, 0.34928569, 0.34929320, 0.30520144E-2
0.80793478E-1, 0.95821535E-2, 0.28749336E-2, 0.0000000, 0.0000000, 0.0000000, 0.0000000, 0.24931431, 5.0026169, 19.832195, 19.851648, 19.857201, 19.858664, 0.24980123, 0.24999945, 0.24999882, 0.24999996, 0.25249243, 0.30002138, 0.34916097, 0.34925824, 0.34928602, 0.34929332, 0.28749336E-2
0.80729514E-1, 0.88096987E-2, 0.26431740E-2, 0.0000000, 0.0000000, 0.0000000, 0.0000000, 0.17456710, 4.7685409, 19.830254, 19.851135, 19.857054, 19.858629, 0.24980123, 0.24999945, 0.24999882, 0.24999996, 0.25173187, 0.29766786, 0.34915009, 0.34925538, 0.34928519, 0.34929311, 0.26431740E-2
0.80684885E-1, 0.82707675E-2, 0.24814785E-2, 0.0000000, 0.0000000, 0.0000000, 0.0000000, 0.13458431, 4.5598164, 19.833372, 19.851954, 19.857265, 19.858688, 0.24980123, 0.24999945, 0.24999882, 0.24999996, 0.25134543, 0.29559329, 0.34916687, 0.34925976, 0.34928632, 0.34929344, 0.24814785E-2
0.80591947E-1, 0.71484353E-2, 0.21447451E-2, 0.0000000, 0.0000000, 0.0000000, 0.0000000, 0.54109097E-1, 4.1278596, 19.830296, 19.851162, 19.857065, 19.858616, 0.24980123, 0.24999945, 0.24999882, 0.24999996, 0.25054085, 0.29127234, 0.34915149, 0.34925580, 0.34928533, 0.34929308, 0.21447451E-2
0.80509678E-1, 0.61548906E-2, 0.18466519E-2, 0.0000000, 0.0000000, 0.0000000, 0.0000000, 0.0000000, 3.6939650, 19.829264, 19.850870, 19.856989, 19.858599, 0.24980123, 0.24999945, 0.24999882, 0.24999996, 0.24999949, 0.28693303, 0.34914631, 0.34925434, 0.34928495, 0.34929299, 0.18466519E-2
0.80454729E-1, 0.54913634E-2, 0.16475738E-2, 0.0000000, 0.0000000, 0.0000000, 0.0000000, 0.0000000, 3.2955756, 19.827000, 19.850250, 19.856819, 19.858568, 0.24980123, 0.24999945, 0.24999882, 0.24999996, 0.24999949, 0.28295147, 0.34913498, 0.34925124, 0.34928411, 0.34929284, 0.16475738E-2
0.80419324E-1, 0.50638472E-2, 0.15193061E-2, 0.0000000, 0.0000000, 0.0000000, 0.0000000, 0.0000000, 3.0391862, 19.830948, 19.851280, 19.857090, 19.858641, 0.24980123, 0.24999945, 0.24999882, 0.24999996, 0.24999949, 0.28038612, 0.34915474, 0.34925640, 0.34928545, 0.34929320, 0.15193061E-2
0.80355890E-1, 0.42977757E-2, 0.12894616E-2, 0.0000000, 0.0000000, 0.0000000, 0.0000000, 0.0000000, 2.5794387, 19.806072, 19.850561, 19.856913, 19.858593, 0.24980123, 0.24999945, 0.24999882, 0.24999996, 0.24999949, 0.27578923, 0.34903038, 0.34925282, 0.34928456, 0.34929296, 0.12894616E-2
0.80291361E-1, 0.35185278E-2, 0.10556639E-2, 0.0000000, 0.0000000, 0.0000000, 0.0000000, 0.0000000, 2.1122308, 19.768686, 19.850109, 19.856775, 19.858553, 0.24980123, 0.24999945, 0.24999882, 0.24999996, 0.24999949, 0.27111328, 0.34884343, 0.34925056, 0.34928387, 0.34929276, 0.10556639E-2
0.80224976E-1, 0.27168111E-2, 0.81512489E-3, 0.0000000, 0.0000000, 0.0000000, 0.0000000, 0.0000000, 1.6312480, 19.727829, 19.849024, 19.856482, 19.858463, 0.24980123, 0.24999945, 0.24999882, 0.24999996, 0.24999949, 0.26630250, 0.34863913, 0.34924513, 0.34928241, 0.34929231, 0.81512489E-3
0.80151230E-1, 0.18263124E-2, 0.54794853E-3, 0.0000000, 0.0000000, 0.0000000, 0.0000000, 0.0000000, 1.0967284, 19.686832, 19.848253, 19.856264, 19.858427, 0.24980123, 0.24999945, 0.24999882, 0.24999996, 0.24999949, 0.26095897, 0.34843415, 0.34924126, 0.34928131, 0.34929213, 0.54794853E-3
0.80100231E-1, 0.12104146E-2, 0.36316071E-3, 0.0000000, 0.0000000, 0.0000000, 0.0000000, 0.0000000, 0.72748363, 19.648676, 19.848358, 19.856289, 19.858440, 0.24980123, 0.24999945, 0.24999882, 0.24999996, 0.24999949, 0.25726321, 0.34824339, 0.34924179, 0.34928143, 0.34929222, 0.36316071E-3
0.96258461E-1, 0.19633859, 0.58907472E-1, 1.1728197, 0.0000000, 0.0000000, 0.0000000, 0.0000000, 0.66052377, 19.617840, 19.850044, 19.856728, 19.858536, 0.26171544, 0.24999945, 0.24999882, 0.24999996, 0.24999949, 0.25660518, 0.34808919, 0.34925023, 0.34928364, 0.34929270, 0.58907472E-1
0.16728103, 1.0000000, 0.31623560, 2.1733737, 3.3697391, 4.1096730, 8.8136187, 9.1162262, 9.4308653, 19.684431, 19.851940, 19.857225, 19.858669, 0.27173361, 0.28369728, 0.29109669, 0.33813617, 0.34116223, 0.34430864, 0.34842217, 0.34925970, 0.34928614, 0.34929335, 0.31623560
0.13552131, 0.67048013, 0.20116416, 1.1886448, 1.5964419, 3.0980275, 9.3977385, 9.5525370, 9.6955652, 19.743660, 19.850958, 19.856970, 19.858599, 0.26188627, 0.26596427, 0.28098014, 0.34397730, 0.34552535, 0.34695566, 0.34871829, 0.34925479, 0.34928486, 0.34929299, 0.20116416
0.11482030, 0.42049304, 0.12616053, 0.19176900, 1.0273427, 2.6413381, 8.9277697, 9.6509190, 9.7580147, 19.774876, 19.850266, 19.856802, 19.858568, 0.25191736, 0.26027241, 0.27641207, 0.33927682, 0.34650871, 0.34757999, 0.34887439, 0.34925133, 0.34928399, 0.34929284, 0.12616053
0.10511351, 0.30327290, 0.90990968E-1, 0.0000000, 0.43805838, 2.2201657, 8.3923626, 9.6718435, 9.7773962, 19.792116, 19.849573, 19.856623, 19.858505, 0.24999689, 0.25437474, 0.27219635, 0.33392021, 0.34671655, 0.34777322, 0.34896052, 0.34924784, 0.34928310, 0.34929252, 0.90990968E-1
0.98732144E-1, 0.22621098, 0.67870080E-1, 0.0000000, 0.0000000, 1.6839445, 7.7504096, 9.6497517, 9.7735500, 19.800087, 19.848442, 19.856316, 19.858433, 0.24999689, 0.24999045, 0.26683852, 0.32750326, 0.34649697, 0.34773532, 0.34900042, 0.34924221, 0.34928158, 0.34929216, 0.67870080E-1
0.96304595E-1, 0.19689573, 0.59074629E-1, 0.0000000, 0.0000000, 1.2264699, 7.1078930, 9.6454287, 9.7748222, 19.805933, 19.847916, 19.856174, 19.858406, 0.24999689, 0.24999045, 0.26226386, 0.32107794, 0.34645364, 0.34774798, 0.34902966, 0.34923959, 0.34928086, 0.34929204, 0.59074629E-1
0.94277844E-1, 0.17242050, 0.51731326E-1, 0.0000000, 0.0000000, 0.85720122, 6.5051475, 9.6495504, 9.7790728, 19.810820, 19.847889, 19.856176, 19.858427, 0.24999689, 0.24999045, 0.25856921, 0.31504723, 0.34649238, 0.34778965, 0.34905410, 0.34923944, 0.34928089, 0.34929213, 0.51731326E-1
0.91711998E-1, 0.14143513, 0.42434786E-1, 0.0000000, 0.0000000, 0.37743747, 5.8144488, 9.6328030, 9.7693644, 19.807142, 19.846020, 19.855692, 19.858311, 0.24999689, 0.24999045, 0.25377297, 0.30814013, 0.34632441, 0.34769243, 0.34903571, 0.34923011, 0.34927845, 0.34929156, 0.42434786E-1
0.89366384E-1, 0.11310928, 0.33936180E-1, 0.0000000, 0.0000000, 0.0000000, 4.9049735, 9.5767164, 9.7422199, 19.800535, 19.843586, 19.855036, 19.858141, 0.24999689, 0.24999045, 0.24999255, 0.29901287, 0.34574479, 0.34741205, 0.34900129, 0.34921756, 0.34927508, 0.34929067, 0.33936180E-1
0.88643566E-1, 0.10438049, 0.31317279E-1, 0.0000000, 0.0000000, 0.0000000, 4.0323339, 9.5692348, 9.7402239, 19.803772, 19.843916, 19.855122, 19.858158, 0.24999689, 0.24999045, 0.24999255, 0.29031488, 0.34568557, 0.34739953, 0.34901863, 0.34921953, 0.34927559, 0.34929079, 0.31317279E-1
0.87867774E-1, 0.95011957E-1, 0.28506439E-1, 0.0000000, 0.0000000, 0.0000000, 3.1085656, 9.5447073, 9.7299786, 19.806150, 19.844233, 19.855204, 19.858187, 0.24999689, 0.24999045, 0.24999255, 0.28108332, 0.34544343, 0.34729856, 0.34903076, 0.34922117, 0.34927601, 0.34929094, 0.28506439E-1
0.87351017E-1, 0.88771559E-1, 0.26634131E-1, 0.0000000, 0.0000000, 0.0000000, 2.6885033, 9.1349373, 9.7335796, 19.807455, 19.844410, 19.855246, 19.858198, 0.24999689, 0.24999045, 0.24999255, 0.27688405, 0.34134769, 0.34733519, 0.34903729, 0.34922206, 0.34927624, 0.34929100, 0.26634131E-1
0.86819857E-1, 0.82357191E-1, 0.24709629E-1, 0.0000000, 0.0000000, 0.0000000, 2.3529382, 8.5276146, 9.7199650, 19.809414, 19.844845, 19.855373, 19.858234, 0.24999689, 0.24999045, 0.24999255, 0.27352840, 0.33527440, 0.34719896, 0.34904706, 0.34922421, 0.34927687, 0.34929118, 0.24709629E-1
0.86356916E-1, 0.76766692E-1, 0.23032311E-1, 0.0000000, 0.0000000, 0.0000000, 2.0678341, 7.9783964, 9.7244177, 19.811441, 19.845358, 19.855505, 19.858292, 0.24999689, 0.24999045, 0.24999255, 0.27067676, 0.32978091, 0.34724292, 0.34905720, 0.34922677, 0.34927753, 0.34929144, 0.23032311E-1
0.86043924E-1, 0.72986968E-1, 0.21898281E-1, 0.0000000, 0.0000000, 0.0000000, 1.8870622, 7.5760918, 9.7486744, 19.816631, 19.846762, 19.855869, 19.858418, 0.24999689, 0.24999045, 0.24999255, 0.26886848, 0.32575661, 0.34748489, 0.34908316, 0.34923381, 0.34927934, 0.34929210, 0.21898281E-1
0.13455711, 0.65883636, 0.19767068, 1.9356132, 2.0276694, 1.2379855, 1.8273652, 7.4129372, 9.8048840, 19.823040, 19.848570, 19.856365, 19.858486, 0.26935422, 0.27027547, 0.26237950, 0.26827353, 0.32412916, 0.34804875, 0.34911519, 0.34924287, 0.34928182, 0.34929243, 0.19767068
0.13206705, 0.62876618, 0.18864873, 1.8083245, 1.9599378, 1.2061834, 1.8120050, 7.3282347, 9.8391027, 19.830547, 19.850691, 19.856918, 19.858610, 0.26808238, 0.26959881, 0.26206166, 0.26811999, 0.32328227, 0.34839097, 0.34915274, 0.34925345, 0.34928459, 0.34929305, 0.18864873
0.12257656, 0.51415819, 0.15426289, 1.3244987, 1.6911417, 1.0854989, 1.7556697, 7.2273798, 9.8450193, 19.833261, 19.851553, 19.857164, 19.858669, 0.26324376, 0.26691049, 0.26085469, 0.26755661, 0.32227358, 0.34845009, 0.34916630, 0.34925777, 0.34928581, 0.34929335, 0.15426289
0.11251138, 0.39261031, 0.11779487, 0.89614391, 1.2975425, 0.91427863, 1.6776860, 7.0962572, 9.8388462, 19.834488, 19.851995, 19.857321, 19.858709, 0.25892627, 0.26295611, 0.25913346, 0.26677227, 0.32095957, 0.34838697, 0.34917223, 0.34925991, 0.34928662, 0.34929353, 0.11779487
0.97949468E-1, 0.21675934, 0.65034308E-1, 0.19102097, 0.83082616, 0.70202649, 1.5776038, 6.9283910, 9.8274155, 19.834423, 19.852095, 19.857336, 19.858675, 0.25190946, 0.25830632, 0.25701943, 0.26577568, 0.31928310, 0.34827378, 0.34917212, 0.34926048, 0.34928668, 0.34929338, 0.65034308E-1
0.12638375, 0.56013423, 0.16805707, 2.7937889, 0.13669431, 0.34353733, 1.3913691, 6.6976399, 9.8051186, 19.827400, 19.850313, 19.856831, 19.858557, 0.27793607, 0.25136688, 0.25343531, 0.26391363, 0.31697628, 0.34805113, 0.34913701, 0.34925157, 0.34928414, 0.34929278, 0.16805707
0.10885599, 0.34846747, 0.10455070, 1.7070830, 0.0000000, 0.13725758, 1.2797534, 6.5305500, 9.8155479, 19.826937, 19.850166, 19.856758, 19.858528, 0.26681176, 0.24999882, 0.25130814, 0.26276425, 0.31528735, 0.34814623, 0.34913313, 0.34925041, 0.34928367, 0.34929261, 0.10455070
0.14544943, 0.79037303, 0.23713562, 2.2635520, 2.2649140, 2.2835641, 2.5216639, 6.4458284, 9.8426199, 19.832788, 19.851717, 19.857172, 19.858646, 0.27257863, 0.27261975, 0.27282068, 0.27520937, 0.31445435, 0.34842420, 0.34916362, 0.34925851, 0.34928584, 0.34929323, 0.23713562
0.14126830, 0.73988122, 0.22198656, 2.0941882, 2.0589919, 2.1519451, 2.2818713, 7.6373658, 9.8552999, 19.837208, 19.852913, 19.857491, 19.858709, 0.27094173, 0.27058983, 0.27151939, 0.27281871, 0.32637364, 0.34855300, 0.34918603, 0.34926456, 0.34928745, 0.34929353, 0.22198656
0.25734535, 1.0000000, 0.64255559, 4.3594041, 8.2937908, 8.6489372, 9.0104313, 9.3870621, 9.8602285, 19.840395, 19.853828, 19.857744, 19.858709, 0.29359356, 0.33293736, 0.33648911, 0.34010425, 0.34387058, 0.34860229, 0.34920198, 0.34926915, 0.34928873, 0.34929353, 0.64255559
0.22110270, 1.0000000, 0.51124161, 2.2340477, 7.0323958, 9.3645420, 9.5500450, 9.7065382, 9.8553228, 19.839796, 19.853739, 19.857685, 19.858698, 0.27233744, 0.32031822, 0.34364161, 0.34549966, 0.34706500, 0.34855312, 0.34919900, 0.34926870, 0.34928843, 0.34929350, 0.51124161
0.20836483, 1.0000000, 0.46508995, 1.8932521, 5.9612923, 9.5349379, 9.6800270, 9.7798576, 9.8603210, 19.841845, 19.854288, 19.857819, 19.858709, 0.26892674, 0.30960199, 0.34534061, 0.34679848, 0.34779769, 0.34860292, 0.34920922, 0.34927145, 0.34928909, 0.34929353, 0.46508995
0.18447807, 1.0000000, 0.37854373, 1.1108279, 4.4182634, 9.4605827, 9.6649055, 9.7702446, 9.8479156, 19.839808, 19.853767, 19.857658, 19.858669, 0.26110652, 0.29417846, 0.34460136, 0.34664813, 0.34770197, 0.34847900, 0.34919903, 0.34926885, 0.34928828, 0.34929335, 0.37854373
0.16683656, 1.0000000, 0.31462523, 0.60631931, 3.1178350, 9.4795504, 9.6755295, 9.7738476, 9.8467741, 19.840103, 19.853849, 19.857666, 19.858704, 0.25606182, 0.28117409, 0.34478903, 0.34675398, 0.34773782, 0.34846750, 0.34920052, 0.34926924, 0.34928834, 0.34929353, 0.31462523
0.15467495, 0.90178114, 0.27056140, 0.19917190, 2.6080251, 8.9161186, 9.6865492, 9.7792654, 9.8481550, 19.840622, 19.853996, 19.857702, 19.858709, 0.25199106, 0.27607515, 0.33915246, 0.34686357, 0.34779170, 0.34848121, 0.34920311, 0.34926999, 0.34928852, 0.34929353, 0.27056140
0.14133738, 0.74071550, 0.22223689, 0.0000000, 1.8954903, 7.7986007, 9.6227074, 9.7420321, 9.8311443, 19.836582, 19.852942, 19.857424, 19.858635, 0.24997833, 0.26895434, 0.32798481, 0.34622678, 0.34742019, 0.34831139, 0.34918290, 0.34926471, 0.34928712, 0.34929317, 0.22223689
0.34362990, 1.0000000, 0.95518082, 9.3233232, 9.7164869, 9.8468161, 9.9600849, 9.9797039, 9.9922962, 19.987110, 19.875061, 19.857759, 19.858709, 0.34322941, 0.34716249, 0.34846693, 0.34960061, 0.34979692, 0.34992293, 0.34993556, 0.34937531, 0.34928879, 0.34929353, 0.95518082
0.31728154, 1.0000000, 0.85971570, 7.6235585, 9.4622507, 9.6766577, 9.8793488, 9.9360199, 9.9726658, 19.964293, 19.869364, 19.857784, 19.858709, 0.32623455, 0.34462172, 0.34676620, 0.34879339, 0.34936017, 0.34972665, 0.34982145, 0.34934682, 0.34928891, 0.34929353, 0.85971570
0.26755166, 1.0000000, 0.67953503, 4.2099614, 9.2459917, 9.5102186, 9.7539911, 9.8600931, 9.9331532, 19.936111, 19.863859, 19.857471, 19.858616, 0.29209813, 0.34245798, 0.34510118, 0.34753969, 0.34860083, 0.34933150, 0.34968054, 0.34931928, 0.34928736, 0.34929308, 0.67953503
0.23255709, 1.0000000, 0.55274308, 2.4476142, 7.9785423, 9.4808435, 9.7064056, 9.8210239, 9.9056950, 19.912432, 19.860285, 19.857370, 19.858622, 0.27447534, 0.32978386, 0.34480751, 0.34706387, 0.34821016, 0.34905693, 0.34956217, 0.34930143, 0.34928685, 0.34929311, 0.55274308
0.20438254, 1.0000000, 0.45066130, 1.5321493, 6.1126986, 9.4666843, 9.6832485, 9.7979927, 9.8851156, 19.892771, 19.857840, 19.857325, 19.858641, 0.26532039, 0.31112432, 0.34466478, 0.34683207, 0.34797972, 0.34885108, 0.34946385, 0.34928921, 0.34928662, 0.34929320, 0.45066130
0.17548534, 1.0000000, 0.34596139, 0.66078901, 4.1020160, 9.4218073, 9.6509571, 9.7721901, 9.8651466, 19.876335, 19.855917, 19.857246, 19.858641, 0.25660747, 0.29101864, 0.34421632, 0.34650922, 0.34772173, 0.34865141, 0.34938169, 0.34927958, 0.34928623, 0.34929320, 0.34596139
0.16052055, 0.97237307, 0.29174110, 0.28837919, 2.9596477, 9.3256216, 9.6825285, 9.7852030, 9.8649693, 19.867350, 19.855509, 19.857426, 19.858709, 0.25288355, 0.27959496, 0.34325382, 0.34682480, 0.34785178, 0.34864959, 0.34933674, 0.34927756, 0.34928712, 0.34929353, 0.29174110
0.14423466, 0.77570319, 0.23273423, 0.0000000, 2.1270812, 8.0374641, 9.6106577, 9.7411900, 9.8410759, 19.855392, 19.853891, 19.857246, 19.858629, 0.24998990, 0.27127007, 0.33037323, 0.34610623, 0.34741172, 0.34841070, 0.34927696, 0.34926945, 0.34928623, 0.34929314, 0.23273423
0.14105280, 0.73727894, 0.22120580, 0.0000000, 1.9593239, 7.5823092, 9.7018366, 9.7891684, 9.8576603, 19.852852, 19.854359, 19.857496, 19.858709, 0.24998990, 0.26958886, 0.32581463, 0.34701619, 0.34789059, 0.34857625, 0.34926426, 0.34927180, 0.34928748, 0.34929353, 0.22120580
0.13376239, 0.64923936, 0.19479129, 0.0000000, 1.4646471, 6.8308530, 9.6633263, 9.7685041, 9.8462353, 19.846031, 19.853399, 19.857347, 19.858669, 0.24998990, 0.26460332, 0.31828025, 0.34662065, 0.34767863, 0.34845927, 0.34922969, 0.34926689, 0.34928671, 0.34929335, 0.19479129
0.12876359, 0.58887333, 0.17667967, 0.0000000, 1.1685282, 6.2021508, 9.6790161, 9.7755747, 9.8483162, 19.844408, 19.853565, 19.857456, 19.858709, 0.24998990, 0.26168075, 0.31200951, 0.34678641, 0.34775385, 0.34848252, 0.34922203, 0.34926784, 0.34928727, 0.34929353, 0.17667967
0.12569685, 0.55183917, 0.16556831, 0.19523799, 0.83621740, 5.4873128, 9.6586399, 9.7641659, 9.8432980, 19.842625, 19.853519, 19.857513, 19.858704, 0.25193551, 0.25835186, 0.30486205, 0.34658185, 0.34763935, 0.34843200, 0.34921303, 0.34926757, 0.34928757, 0.34929353, 0.16556831
0.11632882, 0.43870994, 0.13162614, 0.0000000, 0.47724247, 4.5949130, 9.6215353, 9.7416725, 9.8336859, 19.840828, 19.853355, 19.857512, 19.858683, 0.24996249, 0.25477162, 0.29594529, 0.34621376, 0.34741592, 0.34833661, 0.34920412, 0.34926677, 0.34928757, 0.34929341, 0.13162614
0.10814676, 0.33990279, 0.10198104, 0.0000000, 0.52094460E-1, 3.4852905, 9.5617027, 9.7045517, 9.8165426, 19.837105, 19.852575, 19.857336, 19.858646, 0.24996249, 0.25052077, 0.28484657, 0.34561354, 0.34704375, 0.34816483, 0.34918553, 0.34926289, 0.34928668, 0.34929323, 0.10198104
0.10546897, 0.30756554, 0.92278890E-1, 0.0000000, 0.0000000, 2.9583902, 9.4628353, 9.7373209, 9.8299732, 19.839136, 19.853251, 19.857525, 19.858709, 0.24996249, 0.24999893, 0.27958021, 0.34462601, 0.34737200, 0.34829932, 0.34919569, 0.34926626, 0.34928763, 0.34929353, 0.92278890E-1
0.10300937, 0.27786309, 0.83367266E-1, 0.0000000, 0.0000000, 2.4693756, 8.9547119, 9.7034225, 9.8159790, 19.837242, 19.852859, 19.857454, 19.858669, 0.24996249, 0.24999893, 0.27469340, 0.33954686, 0.34703407, 0.34815973, 0.34918621, 0.34926429, 0.34928727, 0.34929335, 0.83367266E-1
0.10156761, 0.26045230, 0.78143507E-1, 0.0000000, 0.0000000, 2.1958232, 8.5696611, 9.7260303, 9.8252077, 19.838692, 19.853315, 19.857603, 19.858709, 0.24996249, 0.24999893, 0.27195576, 0.33569467, 0.34725919, 0.34825173, 0.34919345, 0.34926659, 0.34928802, 0.34929353, 0.78143507E-1
0.99647596E-1, 0.23726614, 0.71186960E-1, 0.0000000, 0.0000000, 1.8291742, 8.0958624, 9.7065067, 9.8176823, 19.838375, 19.853285, 19.857592, 19.858692, 0.24996249, 0.24999893, 0.26828805, 0.33095539, 0.34706309, 0.34817618, 0.34919187, 0.34926641, 0.34928796, 0.34929347, 0.71186960E-1
0.98250665E-1, 0.22039662, 0.66125602E-1, 0.0000000, 0.0000000, 1.5709013, 7.6923943, 9.7197971, 9.8227301, 19.838871, 19.853462, 19.857624, 19.858709, 0.24996249, 0.24999893, 0.26570576, 0.32692075, 0.34719595, 0.34822661, 0.34919435, 0.34926730, 0.34928811, 0.34929353, 0.66125602E-1
0.96269660E-1, 0.19647381, 0.58948040E-1, 0.0000000, 0.0000000, 1.2036741, 7.1560688, 9.6820126, 9.8068552, 19.836910, 19.852978, 19.857489, 19.858658, 0.24996249, 0.24999893, 0.26203588, 0.32155964, 0.34681943, 0.34806830, 0.34918454, 0.34926489, 0.34928745, 0.34929329, 0.58948040E-1
0.94013073E-1, 0.16922311, 0.50772011E-1, 0.0000000, 0.0000000, 0.80274343, 6.4621944, 9.6355715, 9.7853546, 19.834185, 19.852259, 19.857300, 19.858629, 0.24996249, 0.24999893, 0.25802663, 0.31462064, 0.34635472, 0.34785321, 0.34917092, 0.34926128, 0.34928650, 0.34929314, 0.50772011E-1
0.92355527E-1, 0.14920640, 0.44766396E-1, 0.0000000, 0.0000000, 0.53169131, 5.8121400, 9.6415682, 9.7862520, 19.834196, 19.852247, 19.857283, 19.858652, 0.24996249, 0.24999893, 0.25531656, 0.30812061, 0.34641507, 0.34786230, 0.34917098, 0.34926122, 0.34928641, 0.34929326, 0.44766396E-1
0.91023199E-1, 0.13311711, 0.39939128E-1, 0.0000000, 0.0000000, 0.31486154, 5.2747908, 9.6642342, 9.7951241, 19.833515, 19.852051, 19.857225, 19.858664, 0.24996249, 0.24999893, 0.25314793, 0.30274558, 0.34664020, 0.34795052, 0.34916759, 0.34926027, 0.34928614, 0.34929332, 0.39939128E-1
0.90021104E-1, 0.12101577, 0.36308363E-1, 0.0000000, 0.0000000, 0.16371310, 4.8126726, 9.6772470, 9.8020906, 19.834562, 19.852329, 19.857296, 19.858698, 0.24996249, 0.24999893, 0.25163659, 0.29812360, 0.34676930, 0.34801984, 0.34917280, 0.34926164, 0.34928650, 0.34929350, 0.36308363E-1
0.88617794E-1, 0.10406926, 0.31223901E-1, 0.0000000, 0.0000000, 0.0000000, 3.9925442, 9.5793495, 9.7587776, 19.831713, 19.851564, 19.857119, 19.858622, 0.24996249, 0.24999893, 0.24998656, 0.28992116, 0.34578833, 0.34758601, 0.34915856, 0.34925783, 0.34928560, 0.34929311, 0.31223901E-1
0.88094495E-1, 0.97749844E-1, 0.29327886E-1, 0.0000000, 0.0000000, 0.0000000, 3.3437076, 9.6086407, 9.7701387, 19.833036, 19.851881, 19.857201, 19.858658, 0.24996249, 0.24999893, 0.24998656, 0.28343472, 0.34608305, 0.34770024, 0.34916517, 0.34925941, 0.34928602, 0.34929329, 0.29327886E-1
0.10875793, 0.34728321, 0.10419539, 1.5121996, 0.0000000, 0.0000000, 3.0377982, 9.7260408, 9.8205538, 19.837687, 19.853107, 19.857536, 19.858709, 0.26511660, 0.24999893, 0.24998656, 0.28037733, 0.34725937, 0.34820518, 0.34918845, 0.34926555, 0.34928769, 0.34929353, 0.10419539
0.12682445, 0.56545615, 0.16965382, 2.8282909, 0.0000000, 0.0000000, 2.9478431, 9.6566286, 9.8404636, 19.840048, 19.853767, 19.857731, 19.858709, 0.27828103, 0.24999893, 0.24998656, 0.27947831, 0.34656611, 0.34840459, 0.34920025, 0.34926885, 0.34928864, 0.34929353, 0.16965382
0.10887986, 0.34875578, 0.10463720, 1.5424848, 0.0000000, 0.0000000, 2.8144896, 9.4573364, 9.8261023, 19.838011, 19.853262, 19.857571, 19.858669, 0.26541901, 0.24999893, 0.24998656, 0.27814427, 0.34457231, 0.34826064, 0.34919006, 0.34926632, 0.34928787, 0.34929335, 0.10463720
0.90239778E-1, 0.12365648, 0.37100654E-1, 0.21468699, 0.0000000, 0.0000000, 2.6011138, 9.1244678, 9.7933254, 19.834410, 19.852329, 19.857319, 19.858616, 0.25214311, 0.24999893, 0.24998656, 0.27600840, 0.34123987, 0.34793153, 0.34917206, 0.34926164, 0.34928659, 0.34929308, 0.37100654E-1
0.86677492E-1, 0.80638006E-1, 0.24193821E-1, 0.0000000, 0.0000000, 0.0000000, 2.2240818, 8.4411993, 9.7221584, 19.829891, 19.851116, 19.856995, 19.858557, 0.24977475, 0.24999893, 0.24998656, 0.27223873, 0.33440799, 0.34722006, 0.34914947, 0.34925559, 0.34928498, 0.34929278, 0.24193821E-1
0.85994415E-1, 0.72389096E-1, 0.21718901E-1, 0.0000000, 0.0000000, 0.0000000, 1.8201798, 7.6115313, 9.6827974, 19.825161, 19.849800, 19.856676, 19.858475, 0.24977475, 0.24999893, 0.24998656, 0.26820129, 0.32611424, 0.34682754, 0.34912580, 0.34924901, 0.34928340, 0.34929237, 0.21718901E-1
0.85504010E-1, 0.66466890E-1, 0.19942062E-1, 0.0000000, 0.0000000, 0.0000000, 1.5481919, 6.9634457, 9.7070084, 19.824532, 19.849560, 19.856598, 19.858463, 0.24977475, 0.24999893, 0.24998656, 0.26548019, 0.31963059, 0.34706828, 0.34912264, 0.34924781, 0.34928298, 0.34929231, 0.19942062E-1
0.85291818E-1, 0.63904501E-1, 0.19173268E-1, 0.0000000, 0.0000000, 0.0000000, 1.4431834, 6.6418300, 9.7650127, 19.829063, 19.850727, 19.856869, 19.858528, 0.24977475, 0.24999893, 0.24998656, 0.26442966, 0.31641325, 0.34764764, 0.34914532, 0.34925362, 0.34928435, 0.34929264, 0.19173268E-1
0.14526927, 0.78819746, 0.23648289, 2.1190019, 2.8999715, 1.6361415, 1.4301419, 6.5316920, 9.8243227, 19.835411, 19.852402, 19.857336, 19.858658, 0.27118891, 0.27899882, 0.26636115, 0.26430139, 0.31531683, 0.34824318, 0.34917706, 0.34926200, 0.34928668, 0.34929329, 0.23648289
0.16831952, 1.0000000, 0.31999826, 2.9101462, 2.4527550, 3.6001976, 9.2383480, 9.5143051, 9.8414307, 19.838364, 19.853226, 19.857573, 19.858709, 0.27910119, 0.27452740, 0.28600189, 0.34238341, 0.34514302, 0.34841430, 0.34919181, 0.34926611, 0.34928787, 0.34929353, 0.31999826
0.13469477, 0.66049874, 0.19816944, 1.0311872, 1.5979648, 3.3783290, 9.5235720, 9.6853437, 9.8282948, 19.835827, 19.852613, 19.857401, 19.858652, 0.26031011, 0.26597801, 0.28378156, 0.34523472, 0.34685293, 0.34828275, 0.34917915, 0.34926307, 0.34928700, 0.34929326, 0.19816944
0.13055649, 0.61052459, 0.18317570, 1.0303974, 1.3262808, 2.9323130, 9.4478989, 9.7479801, 9.8392954, 19.838310, 19.853296, 19.857592, 19.858709, 0.26030368, 0.26326257, 0.27932289, 0.34447885, 0.34747970, 0.34839293, 0.34919155, 0.34926647, 0.34928796, 0.34929353, 0.18317570
0.11633263, 0.43875596, 0.13163996, 0.37325919, 0.91056526, 2.5951533, 9.0781651, 9.7387838, 9.8322601, 19.838011, 19.853251, 19.857573, 19.858692, 0.25373060, 0.25910273, 0.27594739, 0.34077877, 0.34738630, 0.34832206, 0.34919006, 0.34926626, 0.34928787, 0.34929347, 0.13163996
0.10499068, 0.30178964, 0.90545945E-1, 0.0000000, 0.43318868, 2.1549523, 8.5880947, 9.7081070, 9.8178501, 19.836168, 19.852791, 19.857460, 19.858664, 0.24998488, 0.25433064, 0.27154642, 0.33587846, 0.34707966, 0.34817803, 0.34918085, 0.34926397, 0.34928730, 0.34929332, 0.90545945E-1
0.98909982E-1, 0.22835857, 0.68514422E-1, 0.0000000, 0.12916327E-1, 1.6564786, 7.9614100, 9.6658087, 9.7989483, 19.834122, 19.852247, 19.857319, 19.858646, 0.24998488, 0.25012913, 0.26656342, 0.32961279, 0.34665728, 0.34798923, 0.34917063, 0.34926122, 0.34928659, 0.34929323, 0.68514422E-1
0.95912479E-1, 0.19216046, 0.57653904E-1, 0.0000000, 0.0000000, 1.1287063, 7.1377993, 9.6160192, 9.7759857, 19.832609, 19.851835, 19.857225, 19.858629, 0.24998488, 0.24999827, 0.26128602, 0.32137665, 0.34615931, 0.34775954, 0.34916306, 0.34925917, 0.34928614, 0.34929314, 0.57653904E-1
0.93476452E-1, 0.16274285, 0.48827738E-1, 0.0000000, 0.0000000, 0.69970787, 6.3440042, 9.6124144, 9.7705441, 19.829149, 19.850899, 19.856964, 19.858580, 0.24998488, 0.24999827, 0.25699541, 0.31343701, 0.34612188, 0.34770465, 0.34914574, 0.34925449, 0.34928483, 0.34929290, 0.48827738E-1
0.92277922E-1, 0.14826930, 0.44485237E-1, 0.0000000, 0.0000000, 0.51330030, 5.7988968, 9.6628971, 9.7933731, 19.832125, 19.851648, 19.857183, 19.858635, 0.24998488, 0.24999827, 0.25513220, 0.30798718, 0.34662747, 0.34793323, 0.34916061, 0.34925824, 0.34928590, 0.34929317, 0.44485237E-1
0.12977967, 0.60114354, 0.18036109, 2.1467896, 0.97450018, 0.49538612, 5.5982518, 9.7661457, 9.8379679, 19.837845, 19.853149, 19.857555, 19.858709, 0.27146670, 0.25974467, 0.25495377, 0.30598235, 0.34766132, 0.34837961, 0.34918922, 0.34926575, 0.34928778, 0.34929353, 0.18036109
0.14586772, 0.79542428, 0.23865116, 2.3576589, 2.1191418, 1.4069319, 5.4823747, 9.8117657, 9.8592205, 19.842060, 19.854322, 19.857843, 19.858709, 0.27357596, 0.27119106, 0.26406920, 0.30482367, 0.34811756, 0.34859219, 0.34921029, 0.34927160, 0.34928921, 0.34929353, 0.23865116
0.17939621, 1.0000000, 0.36013117, 2.7886093, 2.1635652, 7.1955419, 9.3937140, 9.8302202, 9.8682861, 19.844725, 19.855055, 19.858036, 19.858709, 0.27788609, 0.27163565, 0.32195541, 0.34393713, 0.34830219, 0.34868285, 0.34922361, 0.34927529, 0.34929019, 0.34929353, 0.36013117
0.15175787, 0.86655402, 0.25999221, 1.1496991, 1.7540365, 6.7687898, 9.6025667, 9.7637453, 9.8397894, 19.837996, 19.853344, 19.857590, 19.858599, 0.26149520, 0.26753873, 0.31768474, 0.34602478, 0.34763700, 0.34839776, 0.34918997, 0.34926671, 0.34928796, 0.34929299, 0.25999221
0.12110605, 0.49640021, 0.14893496, 0.0000000, 0.80820620, 5.1140556, 9.5208006, 9.6825552, 9.8035831, 19.830114, 19.851240, 19.857004, 19.858480, 0.24995214, 0.25808084, 0.30113664, 0.34520653, 0.34682480, 0.34803560, 0.34915057, 0.34925622, 0.34928501, 0.34929240, 0.14893496
0.10946251, 0.35579184, 0.10674822, 0.0000000, 0.20744801, 3.5121164, 9.4906292, 9.6558037, 9.7904606, 19.827774, 19.850531, 19.856800, 19.858469, 0.24995214, 0.25207403, 0.28511739, 0.34490424, 0.34655699, 0.34790426, 0.34913886, 0.34925264, 0.34928399, 0.34929234, 0.10674822
0.14689156, 0.80778831, 0.24236074, 2.2994697, 1.2911081, 2.7830124, 9.1685562, 9.6873226, 9.8035765, 19.830013, 19.851061, 19.856936, 19.858505, 0.27299023, 0.26290959, 0.27782851, 0.34168449, 0.34687266, 0.34803557, 0.34915006, 0.34925529, 0.34928468, 0.34929252, 0.24236074
0.35600001, 1.0000000, 1.0000000, 9.9999990, 9.9999990, 9.9999990, 9.9999990, 9.9999990, 9.9999990, 19.999998, 19.999998, 19.999998, 19.998999, 0.34999999, 0.34999999, 0.34999999, 0.34999999, 0.34999999, 0.34999999, 0.34999999, 0.34999999, 0.34999999, 0.34999499, 1.0000000
0.32948256, 1.0000000, 0.90392214, 8.4603338, 9.5178547, 9.7175951, 9.8999329, 9.9476519, 9.9778814, 19.995453, 19.998814, 19.999439, 19.975163, 0.33460274, 0.34517816, 0.34717575, 0.34899929, 0.34947649, 0.34977883, 0.34997725, 0.34999406, 0.34999719, 0.34987581, 0.90392214
0.28487200, 1.0000000, 0.74228978, 5.4263372, 9.2894964, 9.5450525, 9.7802439, 9.8770399, 9.9438601, 19.986448, 19.996435, 19.997232, 19.952631, 0.30426157, 0.34289312, 0.34544957, 0.34780222, 0.34877032, 0.34943858, 0.34993225, 0.34998217, 0.34998617, 0.34976315, 0.74228978
0.24080770, 1.0000000, 0.58263659, 2.8233171, 8.3565922, 9.4675455, 9.6995249, 9.8197927, 9.9120531, 19.976742, 19.993799, 19.992601, 19.932491, 0.27823111, 0.33356225, 0.34467337, 0.34699482, 0.34819773, 0.34912047, 0.34988371, 0.34996900, 0.34996301, 0.34966245, 0.58263659
0.19712615, 1.0000000, 0.42437008, 1.3150662, 5.6527143, 9.3717508, 9.6250658, 9.7660999, 9.8801174, 19.965075, 19.990425, 19.984941, 19.915325, 0.26315033, 0.30652627, 0.34371680, 0.34625050, 0.34766090, 0.34880114, 0.34982538, 0.34995213, 0.34992471, 0.34957662, 0.42437008
0.16582456, 1.0000000, 0.31095856, 0.35503805, 3.4680872, 9.3834591, 9.6194897, 9.7551470, 9.8690166, 19.956972, 19.987524, 19.974670, 19.901344, 0.25354999, 0.28467861, 0.34383154, 0.34619427, 0.34755114, 0.34869003, 0.34978485, 0.34993762, 0.34987336, 0.34950674, 0.31095856
0.14677697, 0.80640441, 0.24194552, 0.0000000, 2.2771864, 8.3541012, 9.5993834, 9.7389231, 9.8572054, 19.947826, 19.983562, 19.962023, 19.890293, 0.24995428, 0.27276903, 0.33353582, 0.34599262, 0.34738863, 0.34857184, 0.34973913, 0.34991783, 0.34981012, 0.34945148, 0.24194552
0.13576317, 0.67340082, 0.20204045, 0.0000000, 1.5682518, 7.1128206, 9.5928345, 9.7330818, 9.8524914, 19.941160, 19.978973, 19.948170, 19.881849, 0.24995428, 0.26568195, 0.32112688, 0.34592798, 0.34733063, 0.34852487, 0.34970582, 0.34989488, 0.34974086, 0.34940925, 0.20204045
0.12235406, 0.51147121, 0.15345672, 0.0000000, 0.72152019, 5.5830545, 9.5364809, 9.6971960, 9.8333292, 19.930742, 19.971725, 19.933657, 19.875437, 0.24995428, 0.25721449, 0.30582780, 0.34536389, 0.34697148, 0.34833315, 0.34965372, 0.34985864, 0.34966829, 0.34937719, 0.15345672
0.11202812, 0.38677436, 0.11604391, 0.0000000, 0.17273426, 4.1893678, 9.5280666, 9.6895618, 9.8282938, 19.924843, 19.963703, 19.919981, 19.870735, 0.24995428, 0.25172687, 0.29188776, 0.34527799, 0.34689426, 0.34828249, 0.34962422, 0.34981853, 0.34959990, 0.34935367, 0.11604391
0.10550056, 0.30794707, 0.92393361E-1, 0.0000000, 0.0000000, 2.9809208, 9.4161844, 9.6840286, 9.8244324, 19.919748, 19.954092, 19.907602, 19.867283, 0.24995428, 0.24996418, 0.27980503, 0.34415922, 0.34683895, 0.34824386, 0.34959874, 0.34977046, 0.34953803, 0.34933642, 0.92393361E-1
0.14562759, 0.79252428, 0.23778106, 2.1139293, 1.6069919, 2.5157094, 8.8971367, 9.7017155, 9.8316145, 19.916231, 19.943541, 19.896936, 19.864813, 0.27113634, 0.26606858, 0.27515605, 0.33897063, 0.34701675, 0.34831598, 0.34958115, 0.34971771, 0.34948468, 0.34932405, 0.23778106
0.11904944, 0.47156441, 0.14148347, 0.77088773, 0.91378391, 2.0609498, 8.3844328, 9.7003870, 9.8301420, 19.909866, 19.931484, 19.887856, 19.863001, 0.25770798, 0.25913721, 0.27060878, 0.33384377, 0.34700355, 0.34830129, 0.34954932, 0.34965742, 0.34943926, 0.34931499, 0.14148347
0.10182974, 0.26361790, 0.79093285E-1, 0.0000000, 0.37854314, 1.6470015, 7.8613892, 9.6961107, 9.8279123, 19.904186, 19.919573, 19.880573, 19.861719, 0.24992593, 0.25378397, 0.26646686, 0.32861087, 0.34695926, 0.34827849, 0.34952092, 0.34959787, 0.34940287, 0.34930861, 0.79093285E-1
0.96417762E-1, 0.19826230, 0.59484642E-1, 0.0000000, 0.0000000, 1.2222946, 7.2467279, 9.6709309, 9.8166294, 19.898407, 19.908268, 19.874849, 19.860826, 0.24992593, 0.24993053, 0.26222059, 0.32246450, 0.34670746, 0.34816566, 0.34949204, 0.34954134, 0.34937423, 0.34930414, 0.59484642E-1
0.14474732, 0.78189433, 0.23459175, 2.3869812, 2.0232499, 0.97477436, 6.8214126, 9.7114677, 9.8315992, 19.892515, 19.898022, 19.870440, 19.860186, 0.27386633, 0.27023071, 0.25974733, 0.31821352, 0.34711426, 0.34831583, 0.34946257, 0.34949011, 0.34935218, 0.34930092, 0.23459175
0.12214338, 0.50892711, 0.15269341, 1.2201577, 1.3991743, 0.73114634, 6.4244027, 9.7185049, 9.8343496, 19.885332, 19.888796, 19.867027, 19.859722, 0.26219821, 0.26398945, 0.25731087, 0.31424296, 0.34718424, 0.34834322, 0.34942666, 0.34944397, 0.34933513, 0.34929860, 0.15269341
0.99753745E-1, 0.23854795, 0.71571544E-1, 0.12939274, 0.70882738, 0.44268966, 5.9238019, 9.6901846, 9.8207874, 19.876261, 19.880486, 19.864334, 19.859352, 0.25129277, 0.25708449, 0.25442570, 0.30923486, 0.34689924, 0.34820703, 0.34938130, 0.34940243, 0.34932166, 0.34929675, 0.71571544E-1
0.89915209E-1, 0.11973689, 0.35924662E-1, 0.0000000, 0.0000000, 0.89338422E-1, 5.1005335, 9.5982533, 9.7764606, 19.864540, 19.872766, 19.862083, 19.859087, 0.24997601, 0.24999574, 0.25089300, 0.30100086, 0.34597832, 0.34776318, 0.34932271, 0.34936383, 0.34931043, 0.34929544, 0.35924662E-1
0.88560469E-1, 0.10337701, 0.31016205E-1, 0.0000000, 0.0000000, 0.0000000, 3.9593809, 9.5163441, 9.7309637, 19.853264, 19.866232, 19.860331, 19.858833, 0.24997601, 0.24999574, 0.24995899, 0.28958994, 0.34515879, 0.34730807, 0.34926632, 0.34933117, 0.34930164, 0.34929416, 0.31016205E-1
0.87624744E-1, 0.92077047E-1, 0.27625877E-1, 0.0000000, 0.0000000, 0.0000000, 2.9571862, 9.2670946, 9.7098303, 19.846893, 19.861912, 19.859241, 19.858709, 0.24997601, 0.24999574, 0.24995899, 0.27956966, 0.34266749, 0.34709707, 0.34923446, 0.34930956, 0.34929621, 0.34929353, 0.27625877E-1
0.87243162E-1, 0.87469071E-1, 0.26243346E-1, 0.0000000, 0.0000000, 0.0000000, 2.7206838, 8.8035622, 9.7547684, 19.844141, 19.859232, 19.858610, 19.858658, 0.24992466, 0.24999574, 0.24995899, 0.27720433, 0.33803156, 0.34754619, 0.34922069, 0.34929615, 0.34929305, 0.34929329, 0.26243346E-1
0.86664237E-1, 0.80477886E-1, 0.24145780E-1, 0.0000000, 0.0000000, 0.0000000, 2.3509650, 8.1543198, 9.7228041, 19.837851, 19.856203, 19.857904, 19.858580, 0.24992466, 0.24999574, 0.24995899, 0.27350965, 0.33154321, 0.34722805, 0.34918925, 0.34928101, 0.34928954, 0.34929290, 0.24145780E-1
0.15120666, 0.85989773, 0.25799513, 2.0775943, 2.9290109, 2.4166436, 3.7694592, 9.1997080, 9.7817211, 19.836040, 19.854748, 19.857622, 19.858587, 0.27077553, 0.27928975, 0.27416629, 0.28769454, 0.34199703, 0.34781718, 0.34918019, 0.34927374, 0.34928811, 0.34929293, 0.25799513
0.14061517, 0.73199391, 0.21962014, 1.9116640, 2.0599456, 2.0881505, 3.8635724, 9.6359301, 9.8019581, 19.833521, 19.853374, 19.857319, 19.858562, 0.26911274, 0.27059692, 0.27088022, 0.28863525, 0.34635872, 0.34801936, 0.34916762, 0.34926689, 0.34928659, 0.34929281, 0.21962014
0.10133208, 0.25760800, 0.77290133E-1, 0.28437376E-1, 0.85484087, 1.4218211, 3.1961002, 9.6200352, 9.7755117, 19.825026, 19.850624, 19.856659, 19.858440, 0.25028425, 0.25854620, 0.26421639, 0.28196016, 0.34619910, 0.34775472, 0.34912512, 0.34925312, 0.34928328, 0.34929222, 0.77290133E-1
0.10711044, 0.32738808, 0.98226249E-1, 1.0853887, 0.10359883, 0.90323389, 2.8124988, 9.3420372, 9.7700624, 19.822275, 19.849504, 19.856417, 19.858418, 0.26084763, 0.25103563, 0.25903079, 0.27812400, 0.34341878, 0.34770006, 0.34911138, 0.34924752, 0.34928209, 0.34929210, 0.98226249E-1
0.88847898E-1, 0.10684801, 0.32057609E-1, 0.0000000, 0.0000000, 0.42472184, 2.5101633, 8.8565950, 9.7485838, 19.819309, 19.848381, 19.856186, 19.858381, 0.24987502, 0.24998568, 0.25424591, 0.27510008, 0.33856320, 0.34748483, 0.34909654, 0.34924191, 0.34928092, 0.34929192, 0.32057609E-1
0.87205201E-1, 0.87010629E-1, 0.26105801E-1, 0.0000000, 0.0000000, 0.13194084, 2.2474051, 8.3438568, 9.7416115, 19.821140, 19.848673, 19.856283, 19.858440, 0.24987502, 0.24998568, 0.25131881, 0.27247205, 0.33343488, 0.34741467, 0.34910572, 0.34924337, 0.34928143, 0.34929222, 0.26105801E-1
0.12270285, 0.51568329, 0.15472047, 1.8967301, 1.2187690, 0.0000000, 2.1098435, 8.0670824, 9.7814579, 19.823465, 19.849171, 19.856451, 19.858469, 0.26896730, 0.26218769, 0.24999821, 0.27109843, 0.33067083, 0.34781459, 0.34911734, 0.34924585, 0.34928226, 0.34929234, 0.15472047
0.85775152E-1, 0.69741242E-1, 0.20924466E-1, 0.0000000, 0.0000000, 0.0000000, 1.6987771, 7.3757205, 9.6793060, 19.814980, 19.846878, 19.855881, 19.858339, 0.24993281, 0.24999584, 0.24999821, 0.26683092, 0.32359520, 0.34671819, 0.34906980, 0.34923306, 0.34927905, 0.34929159, 0.20924466E-1
0.84208861E-1, 0.50826546E-1, 0.15249489E-1, 0.0000000, 0.0000000, 0.0000000, 0.86879432, 5.3083291, 9.5037861, 19.801256, 19.842991, 19.854843, 19.858088, 0.24993281, 0.24999584, 0.24999821, 0.25854516, 0.30292377, 0.34494749, 0.34900114, 0.34921363, 0.34927386, 0.34929034, 0.15249489E-1
0.82716651E-1, 0.32806531E-1, 0.98429434E-2, 0.0000000, 0.0000000, 0.0000000, 0.24538040, 2.9715383, 9.4290104, 19.791563, 19.840029, 19.854053, 19.857929, 0.24993281, 0.24999584, 0.24999821, 0.25232926, 0.27957153, 0.34416869, 0.34895259, 0.34919876, 0.34926993, 0.34928957, 0.98429434E-2
0.81833027E-1, 0.22135846E-1, 0.66414182E-2, 0.0000000, 0.0000000, 0.0000000, 0.0000000, 1.7742068, 8.0146341, 19.784708, 19.837786, 19.853476, 19.857822, 0.24993281, 0.24999584, 0.24999821, 0.24998853, 0.26760873, 0.33000216, 0.34891826, 0.34918755, 0.34926701, 0.34928903, 0.66414182E-2
0.81169687E-1, 0.14125262E-1, 0.42380025E-2, 0.0000000, 0.0000000, 0.0000000, 0.0000000, 0.76261163, 6.1894965, 19.786926, 19.837927, 19.853464, 19.857836, 0.24993281, 0.24999584, 0.24999821, 0.24998853, 0.25762379, 0.31188866, 0.34893462, 0.34918964, 0.34926730, 0.34928918, 0.42380025E-2
0.80798194E-1, 0.96391244E-2, 0.28920264E-2, 0.0000000, 0.0000000, 0.0000000, 0.0000000, 0.31905472, 4.8280253, 19.794626, 19.839846, 19.853971, 19.857988, 0.24993281, 0.24999584, 0.24999821, 0.24998853, 0.25318915, 0.29827309, 0.34897313, 0.34919924, 0.34926987, 0.34928995, 0.28920264E-2
0.80575429E-1, 0.69489535E-2, 0.20848946E-2, 0.0000000, 0.0000000, 0.0000000, 0.0000000, 0.10688007, 3.8502529, 19.797915, 19.840754, 19.854240, 19.858017, 0.24993281, 0.24999584, 0.24999821, 0.24998853, 0.25106806, 0.28849372, 0.34898958, 0.34920377, 0.34927121, 0.34929007, 0.20848946E-2
0.12310520, 0.52054203, 0.15617824, 1.7732084, 1.7854691, 0.80421269, 0.0000000, 0.57673454E-1, 3.6805260, 19.807112, 19.843321, 19.854916, 19.858164, 0.26772693, 0.26785156, 0.25804141, 0.24998853, 0.25057673, 0.28680515, 0.34903556, 0.34921661, 0.34927458, 0.34929082, 0.15617824
0.84723860E-1, 0.57045810E-1, 0.17115455E-1, 0.0000000, 0.37869811, 0.26632547, 0.0000000, 0.0000000, 3.5424619, 19.805645, 19.843115, 19.854889, 19.858147, 0.24991973, 0.25378370, 0.25266209, 0.24998853, 0.24999930, 0.28542411, 0.34902823, 0.34921557, 0.34927446, 0.34929073, 0.17115455E-1
0.98523274E-1, 0.22368868, 0.67113318E-1, 1.3117462, 0.0000000, 0.0000000, 0.0000000, 0.0000000, 3.0925391, 19.806406, 19.843431, 19.854975, 19.858170, 0.26311341, 0.24978694, 0.24984646, 0.24998853, 0.24999930, 0.28092530, 0.34903204, 0.34921715, 0.34927487, 0.34929085, 0.67113318E-1
0.14032319, 0.72846818, 0.21856230, 2.3878188, 2.0581336, 2.1569610, 1.1935055, 0.0000000, 3.0250552, 19.814306, 19.845688, 19.855576, 19.858347, 0.27387530, 0.27057984, 0.27156883, 0.26193497, 0.24999930, 0.28025052, 0.34907153, 0.34922844, 0.34927788, 0.34929174, 0.21856230
0.25540364, 1.0000000, 0.63552034, 8.5828772, 2.4384012, 8.3229408, 2.2942038, 0.0000000, 2.9951005, 19.803497, 19.848175, 19.856241, 19.858500, 0.33582878, 0.27438402, 0.33322942, 0.27294204, 0.24999930, 0.27995101, 0.34901750, 0.34924087, 0.34928119, 0.34929249, 0.63552034
0.14775309, 0.81819224, 0.24548222, 2.1318345, 2.0963759, 2.5236666, 6.4579511, 9.3157396, 9.5934238, 19.811670, 19.849754, 19.856678, 19.858580, 0.27131835, 0.27096376, 0.27523667, 0.31457952, 0.34315741, 0.34593424, 0.34905836, 0.34924877, 0.34928340, 0.34929290, 0.24548222
0.11938149, 0.47557425, 0.14268655, 0.74807405, 1.2884587, 2.0519912, 5.5347853, 9.5848665, 9.7390261, 19.815342, 19.849396, 19.856581, 19.858536, 0.25748053, 0.26288438, 0.27051973, 0.30534777, 0.34584859, 0.34739023, 0.34907672, 0.34924698, 0.34928292, 0.34929270, 0.14268655
0.10082260, 0.25145555, 0.75444207E-1, 0.0000000, 0.58684945, 1.5855640, 4.9086270, 9.6331205, 9.7703438, 19.817047, 19.848972, 19.856482, 19.858486, 0.24993408, 0.25586748, 0.26585427, 0.29908544, 0.34633037, 0.34770316, 0.34908524, 0.34924486, 0.34928241, 0.34929243, 0.75444207E-1
0.14263913, 0.75643551, 0.22695336, 1.8130630, 2.2213459, 2.4879515, 4.3292985, 9.6520195, 9.7812395, 19.817873, 19.848606, 19.856377, 19.858463, 0.26812860, 0.27221197, 0.27487868, 0.29329270, 0.34651986, 0.34781227, 0.34908935, 0.34924304, 0.34928188, 0.34929231, 0.22695336
0.10348541, 0.28361177, 0.85092045E-1, 0.0000000, 0.95367432, 1.7501235, 3.6435668, 9.6162777, 9.7652044, 19.813391, 19.847010, 19.855957, 19.858370, 0.24999681, 0.25953504, 0.26749969, 0.28643501, 0.34616190, 0.34765175, 0.34906694, 0.34923506, 0.34927979, 0.34929186, 0.85092045E-1
0.91514409E-1, 0.13904902, 0.41718882E-1, 0.0000000, 0.0000000, 0.93353093, 2.9660821, 9.3055840, 9.7298880, 19.809704, 19.845694, 19.855623, 19.858297, 0.24999681, 0.24993886, 0.25933227, 0.27965888, 0.34305280, 0.34729782, 0.34904853, 0.34922847, 0.34927812, 0.34929150, 0.41718882E-1
0.10497089, 0.30155057, 0.90474218E-1, 1.1947125, 0.0000000, 0.34817159, 2.5755644, 8.6486263, 9.7174702, 19.809401, 19.845329, 19.855518, 19.858297, 0.26193899, 0.24993886, 0.25348100, 0.27575460, 0.33648452, 0.34717405, 0.34904701, 0.34922665, 0.34927759, 0.34929150, 0.90474218E-1
0.86605154E-1, 0.79764441E-1, 0.23931727E-1, 0.0000000, 0.0000000, 0.96559525E-2, 2.2638292, 8.0903740, 9.7222824, 19.810358, 19.845396, 19.855528, 19.858322, 0.24999270, 0.24993886, 0.25009653, 0.27263620, 0.33090001, 0.34722134, 0.34905177, 0.34922698, 0.34927765, 0.34929162, 0.23931727E-1
0.89531593E-1, 0.11510434, 0.34534756E-1, 0.23036897, 0.0000000, 0.0000000, 2.1515341, 7.7956533, 9.7721176, 19.818958, 19.847605, 19.856106, 19.858475, 0.25230035, 0.24993886, 0.24999978, 0.27151346, 0.32795313, 0.34771973, 0.34909481, 0.34923804, 0.34928054, 0.34929237, 0.34534756E-1
0.30931187, 1.0000000, 0.83083999, 7.6943374, 8.7866430, 9.0317020, 9.2798624, 9.5359774, 9.8183994, 19.826014, 19.849512, 19.856619, 19.858562, 0.32694277, 0.33786601, 0.34031680, 0.34279859, 0.34535974, 0.34818399, 0.34913006, 0.34924757, 0.34928310, 0.34929281, 0.83083999
0.27039081, 1.0000000, 0.68982178, 4.4939880, 9.1955204, 9.4019327, 9.5804453, 9.7152519, 9.8317413, 19.829065, 19.850409, 19.856871, 19.858604, 0.29493964, 0.34195492, 0.34401917, 0.34580442, 0.34715250, 0.34831741, 0.34914532, 0.34925205, 0.34928435, 0.34929302, 0.68982178
0.26527148, 1.0000000, 0.67127353, 4.1634779, 9.1239395, 9.4052935, 9.6015949, 9.7256861, 9.8221779, 19.826120, 19.849726, 19.856682, 19.858536, 0.29163453, 0.34123909, 0.34405279, 0.34601593, 0.34725684, 0.34822178, 0.34913060, 0.34924862, 0.34928340, 0.34929270, 0.67127353
0.22746462, 1.0000000, 0.53429210, 2.4673371, 7.3808751, 9.4116354, 9.6081810, 9.7270403, 9.8185730, 19.824480, 19.849329, 19.856560, 19.858494, 0.27467337, 0.32380876, 0.34411636, 0.34608179, 0.34727040, 0.34818572, 0.34912241, 0.34924665, 0.34928280, 0.34929246, 0.53429210
0.23557875, 1.0000000, 0.56369108, 2.8080106, 7.7998199, 9.4006395, 9.6012335, 9.7215109, 9.8149319, 19.823252, 19.848995, 19.856451, 19.858475, 0.27807948, 0.32799718, 0.34400576, 0.34601220, 0.34721506, 0.34814930, 0.34911627, 0.34924498, 0.34928226, 0.34929237, 0.56369108
0.20540585, 1.0000000, 0.45436895, 1.8103272, 5.8021889, 9.4274368, 9.6242952, 9.7353134, 9.8214998, 19.825317, 19.849537, 19.856611, 19.858486, 0.26810241, 0.30802026, 0.34427303, 0.34624270, 0.34735298, 0.34821492, 0.34912658, 0.34924769, 0.34928304, 0.34929243, 0.45436895
0.18364695, 1.0000000, 0.37553239, 1.4339685, 3.8198600, 9.3940182, 9.6097565, 9.7280512, 9.8183441, 19.824665, 19.849394, 19.856565, 19.858469, 0.26433948, 0.28819826, 0.34393978, 0.34609747, 0.34728047, 0.34818345, 0.34912333, 0.34924698, 0.34928283, 0.34929234, 0.37553239
0.16133109, 0.98216134, 0.29467788, 0.62960088, 2.7435362, 8.8347464, 9.6235151, 9.7359095, 9.8223696, 19.826239, 19.849836, 19.856659, 19.858475, 0.25629523, 0.27743334, 0.33834422, 0.34623444, 0.34735873, 0.34822357, 0.34913120, 0.34924918, 0.34928328, 0.34929237, 0.29467788
0.13895541, 0.71195060, 0.21360654, 0.0000000, 1.8009305, 7.4297786, 9.5622053, 9.6999350, 9.8058672, 19.822111, 19.848736, 19.856352, 19.858427, 0.24996844, 0.26800811, 0.32429531, 0.34562144, 0.34699902, 0.34805855, 0.34911054, 0.34924367, 0.34928176, 0.34929213, 0.21360654
0.24585022, 1.0000000, 0.60090661, 2.8885901, 8.9439182, 9.3310471, 9.5810146, 9.7083330, 9.8075094, 19.820347, 19.848217, 19.856234, 19.858418, 0.27888462, 0.33943680, 0.34330922, 0.34580988, 0.34708321, 0.34807506, 0.34910172, 0.34924108, 0.34928116, 0.34929210, 0.60090661
0.34482735, 1.0000000, 0.95951933, 9.3954639, 9.7351551, 9.8582430, 9.9615784, 9.9804516, 9.9923429, 19.998842, 19.999701, 19.999891, 19.988003, 0.34395003, 0.34734869, 0.34858102, 0.34961548, 0.34980437, 0.34992337, 0.34999421, 0.34999850, 0.34999946, 0.34994000, 0.95951933
0.28521192, 1.0000000, 0.74352145, 5.5127444, 9.2119894, 9.4971685, 9.7651510, 9.8705397, 9.9413700, 19.985708, 19.996256, 19.998295, 19.964508, 0.30512688, 0.34211934, 0.34497139, 0.34765145, 0.34870538, 0.34941369, 0.34992856, 0.34998128, 0.34999147, 0.34982255, 0.74352145
0.23634386, 1.0000000, 0.56646323, 2.7040153, 8.0319290, 9.4407482, 9.6832571, 9.8101110, 9.9073210, 19.975231, 19.993418, 19.994961, 19.942947, 0.27703804, 0.33031553, 0.34440529, 0.34683213, 0.34810087, 0.34907311, 0.34987617, 0.34996709, 0.34997481, 0.34971473, 0.56646323
0.18995845, 1.0000000, 0.39840013, 1.1009485, 5.1543274, 9.3575230, 9.6102343, 9.7555285, 9.8738451, 19.962488, 19.989813, 19.988773, 19.924107, 0.26100713, 0.30153668, 0.34356928, 0.34610114, 0.34755465, 0.34873825, 0.34981245, 0.34994906, 0.34994388, 0.34962052, 0.39840013
0.21890828, 1.0000000, 0.50329083, 2.0618348, 7.0002403, 9.4437895, 9.6514597, 9.7726526, 9.8765602, 19.957981, 19.988060, 19.980221, 19.908508, 0.27061710, 0.31999984, 0.34443617, 0.34651423, 0.34772635, 0.34876555, 0.34978992, 0.34994030, 0.34990111, 0.34954256, 0.50329083
0.24305834, 1.0000000, 0.59079105, 2.8247147, 8.6633539, 9.4125395, 9.6331377, 9.7607765, 9.8676767, 19.949305, 19.984627, 19.968760, 19.895912, 0.27824649, 0.33663234, 0.34412473, 0.34633127, 0.34760770, 0.34867674, 0.34974653, 0.34992313, 0.34984380, 0.34947956, 0.59079105
0.18999612, 1.0000000, 0.39853662, 1.0352373, 5.2875385, 9.3291187, 9.5732594, 9.7216558, 9.8462343, 19.937590, 19.979328, 19.955172, 19.886049, 0.26035163, 0.30287313, 0.34328920, 0.34573218, 0.34721634, 0.34846228, 0.34968793, 0.34989664, 0.34977585, 0.34943026, 0.39853662
0.14797729, 0.82089972, 0.24629454, 0.0000000, 2.5451808, 8.1356783, 9.4989557, 9.6722355, 9.8197260, 19.925129, 19.972225, 19.940601, 19.878546, 0.24991643, 0.27544978, 0.33135357, 0.34498882, 0.34672198, 0.34819713, 0.34962565, 0.34986112, 0.34970301, 0.34939271, 0.24629454
0.12945616, 0.59723687, 0.17918898, 0.0000000, 1.3535738, 6.0510011, 9.4797792, 9.6563663, 9.8091059, 19.916342, 19.964163, 19.926332, 19.872965, 0.24991643, 0.26353398, 0.31050605, 0.34479654, 0.34656304, 0.34809086, 0.34958172, 0.34982082, 0.34963167, 0.34936482, 0.17918898
0.11509076, 0.42375904, 0.12714043, 0.0000000, 0.52534044, 4.2384114, 9.4758272, 9.6523809, 9.8057890, 19.910307, 19.954973, 19.913153, 19.868870, 0.24983788, 0.25525290, 0.29238209, 0.34475735, 0.34652334, 0.34805775, 0.34955153, 0.34977487, 0.34956577, 0.34934434, 0.12714043
0.10344797, 0.28315970, 0.84956408E-1, 0.0000000, 0.0000000, 2.6176305, 8.8070860, 9.5930939, 9.7750120, 19.898674, 19.942650, 19.901043, 19.865793, 0.24983788, 0.24999085, 0.27617264, 0.33806840, 0.34592959, 0.34774968, 0.34949338, 0.34971327, 0.34950522, 0.34932896, 0.84956408E-1
0.97645164E-1, 0.21308449, 0.63931741E-1, 0.0000000, 0.0000000, 1.4878929, 7.4777899, 9.5424461, 9.7462378, 19.888323, 19.929539, 19.890766, 19.863594, 0.24983788, 0.24999085, 0.26487535, 0.32477432, 0.34542218, 0.34746161, 0.34944162, 0.34964770, 0.34945384, 0.34931797, 0.63931741E-1
0.93750782E-1, 0.16605562, 0.49821667E-1, 0.0000000, 0.0000000, 0.79053938, 6.2643833, 9.5352335, 9.7417650, 19.882935, 19.917469, 19.882627, 19.862089, 0.24983788, 0.24999085, 0.25790387, 0.31264141, 0.34535053, 0.34741703, 0.34941468, 0.34958735, 0.34941313, 0.34931046, 0.49821667E-1
0.11478580, 0.42007631, 0.12603550, 1.7811179, 0.0000000, 0.23044646, 4.8220973, 9.4824390, 9.7139349, 19.876293, 19.905567, 19.876089, 19.860979, 0.26780650, 0.24999085, 0.25230429, 0.29822019, 0.34482363, 0.34713909, 0.34938148, 0.34952784, 0.34938043, 0.34930488, 0.12603550
0.17691208, 1.0000000, 0.35113072, 2.8629005, 2.4193325, 6.2287560, 7.6317997, 9.4821367, 9.7115164, 19.868002, 19.894241, 19.870905, 19.860178, 0.27862900, 0.27419332, 0.31228757, 0.32631800, 0.34482136, 0.34711516, 0.34934002, 0.34947121, 0.34935454, 0.34930089, 0.35113072
0.14439318, 0.77761763, 0.23330863, 1.9833684, 1.4113992, 2.9692173, 9.3174696, 9.6211281, 9.7732210, 19.861511, 19.884687, 19.867039, 19.859627, 0.26983216, 0.26411334, 0.27969149, 0.34317428, 0.34621108, 0.34773216, 0.34930757, 0.34942344, 0.34933519, 0.34929812, 0.23330863
0.16601966, 1.0000000, 0.31166542, 2.5006473, 2.1936357, 4.8636794, 9.4570951, 9.7280884, 9.8259888, 19.863640, 19.878889, 19.864698, 19.859409, 0.27500546, 0.27193582, 0.29863620, 0.34457070, 0.34728077, 0.34825987, 0.34931821, 0.34939444, 0.34932348, 0.34929705, 0.31166542
0.32027918, 1.0000000, 0.87057662, 8.1003571, 9.1821308, 9.4315195, 9.6826324, 9.7873116, 9.8559875, 19.865742, 19.874495, 19.863081, 19.859299, 0.33099899, 0.34181818, 0.34431359, 0.34682599, 0.34787294, 0.34855983, 0.34932870, 0.34937248, 0.34931540, 0.34929651, 0.87057662
0.35596329, 1.0000000, 0.99986684, 9.9986134, 9.9991646, 9.9995823, 9.9999161, 9.9999580, 9.9999905, 19.999998, 19.999998, 19.999996, 19.993994, 0.34998170, 0.34998900, 0.34999448, 0.34999889, 0.34999946, 0.34999987, 0.34999999, 0.34999999, 0.34999996, 0.34996998, 0.99986684
0.34331042, 1.0000000, 0.95402312, 9.2889099, 9.7337589, 9.8526516, 9.9447365, 9.9713678, 9.9869356, 19.996368, 19.999050, 19.999319, 19.970371, 0.34288776, 0.34733677, 0.34852609, 0.34944728, 0.34971365, 0.34986937, 0.34998184, 0.34999526, 0.34999660, 0.34985185, 0.95402312
0.27439070, 1.0000000, 0.70431411, 4.7566929, 9.1832838, 9.4696579, 9.7335796, 9.8504076, 9.9295864, 19.980644, 19.994905, 19.996244, 19.948156, 0.29756638, 0.34183222, 0.34469625, 0.34733573, 0.34850404, 0.34929585, 0.34990323, 0.34997451, 0.34998122, 0.34974077, 0.70431411
0.21617950, 1.0000000, 0.49340400, 1.9526005, 6.8956618, 9.3641911, 9.6220894, 9.7691154, 9.8832493, 19.964748, 19.990534, 19.990591, 19.928495, 0.26952451, 0.31895345, 0.34363976, 0.34622046, 0.34769091, 0.34883240, 0.34982374, 0.34995267, 0.34995297, 0.34964249, 0.49340400
0.16511673, 1.0000000, 0.30839393, 0.26698709, 3.5844569, 9.2905817, 9.5563450, 9.7168484, 9.8498363, 19.949993, 19.986130, 19.982044, 19.911957, 0.25266948, 0.28584155, 0.34290192, 0.34556264, 0.34716806, 0.34849823, 0.34974998, 0.34993064, 0.34991023, 0.34955978, 0.30839393
0.14240935, 0.75366080, 0.22612086, 0.0000000, 2.0263643, 7.8200512, 9.5300388, 9.6938286, 9.8339014, 19.939863, 19.982254, 19.970997, 19.898602, 0.24997199, 0.27026057, 0.32819459, 0.34529892, 0.34693754, 0.34833878, 0.34969932, 0.34991127, 0.34985498, 0.34949300, 0.22612086
0.12489486, 0.54215425, 0.16266255, 0.0000000, 0.93014240, 5.7951145, 9.4825325, 9.6605759, 9.8141308, 19.928152, 19.976948, 19.957718, 19.888094, 0.24997199, 0.25929970, 0.30794573, 0.34482357, 0.34660485, 0.34814101, 0.34964076, 0.34988475, 0.34978861, 0.34944046, 0.16266255
0.15443873, 0.89892852, 0.26970553, 2.9956312, 0.29371977, 4.2085748, 9.5187607, 9.6785059, 9.8194571, 19.922649, 19.971851, 19.943708, 19.880190, 0.27995631, 0.25293720, 0.29208574, 0.34518760, 0.34678507, 0.34819457, 0.34961325, 0.34985927, 0.34971854, 0.34940094, 0.26970553
0.13614790, 0.67804694, 0.20343444, 2.2001386, 0.0000000, 3.0219011, 9.5473528, 9.6968365, 9.8277807, 19.919071, 19.965624, 19.929712, 19.874266, 0.27200100, 0.24994677, 0.28021884, 0.34547344, 0.34696829, 0.34827778, 0.34959537, 0.34982812, 0.34964857, 0.34937131, 0.20343444
0.16702855, 1.0000000, 0.31532079, 1.1046231, 2.9233189, 8.3162680, 9.3990374, 9.6906261, 9.8260174, 19.916069, 19.957821, 19.916489, 19.869888, 0.26104623, 0.27923319, 0.33316267, 0.34399039, 0.34690624, 0.34826016, 0.34958035, 0.34978911, 0.34958243, 0.34934944, 0.31532079
0.16491899, 1.0000000, 0.30767745, 1.9128531, 2.0730705, 6.7836161, 9.5534973, 9.7086477, 9.8330936, 19.912432, 19.948290, 19.904594, 19.866705, 0.26912257, 0.27072683, 0.31782982, 0.34553319, 0.34708560, 0.34833065, 0.34956217, 0.34974146, 0.34952298, 0.34933352, 0.30767745
0.13983656, 0.72259140, 0.21679911, 0.91212094, 1.3504416, 5.5003400, 9.5652361, 9.7109919, 9.8342800, 19.908266, 19.937475, 19.894337, 19.864384, 0.25912076, 0.26350403, 0.30500263, 0.34565210, 0.34710976, 0.34834275, 0.34954134, 0.34968737, 0.34947169, 0.34932190, 0.21679911
0.16715878, 1.0000000, 0.31579265, 2.5983512, 2.2462516, 4.7166228, 9.4603844, 9.6450958, 9.8035212, 19.899347, 19.924864, 19.885542, 19.862637, 0.27598184, 0.27246165, 0.29716533, 0.34460348, 0.34645078, 0.34803516, 0.34949672, 0.34962434, 0.34942770, 0.34931320, 0.31579265
0.15479130, 0.90318608, 0.27098292, 2.5411754, 1.4550358, 3.4827013, 9.5324621, 9.6857185, 9.8176222, 19.892982, 19.913063, 19.878616, 19.861443, 0.27541143, 0.26455024, 0.28482687, 0.34532455, 0.34685716, 0.34817621, 0.34946492, 0.34956533, 0.34939307, 0.34930721, 0.27098292
0.14014962, 0.72637206, 0.21793342, 2.0203500, 0.90861917, 2.8186858, 9.2997913, 9.7089443, 9.8284931, 19.888365, 19.902519, 19.873289, 19.860626, 0.27020350, 0.25908619, 0.27818686, 0.34299791, 0.34708944, 0.34828493, 0.34944183, 0.34951261, 0.34936646, 0.34930313, 0.21793342
0.26207715, 1.0000000, 0.65969980, 4.0256658, 9.0094223, 9.3169489, 9.6042652, 9.7605953, 9.8518963, 19.886904, 19.893999, 19.869474, 19.860104, 0.29025665, 0.34009421, 0.34316948, 0.34604266, 0.34760594, 0.34851897, 0.34943452, 0.34946999, 0.34934738, 0.34930050, 0.65969980
0.23147634, 1.0000000, 0.54882729, 2.5224419, 7.7477317, 9.4496670, 9.6521702, 9.7678089, 9.8553705, 19.881624, 19.885834, 19.866409, 19.859697, 0.27522379, 0.32747614, 0.34449595, 0.34652156, 0.34767804, 0.34855369, 0.34940812, 0.34942916, 0.34933203, 0.34929848, 0.54882729
0.18333954, 1.0000000, 0.37441856, 1.0490030, 4.4729958, 9.3066006, 9.5656204, 9.7127886, 9.8288946, 19.869257, 19.877140, 19.863623, 19.859299, 0.26048997, 0.29472980, 0.34306586, 0.34565619, 0.34712785, 0.34828895, 0.34934628, 0.34938571, 0.34931812, 0.34929651, 0.37441856
0.15314618, 0.88331962, 0.26502240, 0.69996715E-1, 2.8075366, 8.6046677, 9.5803461, 9.7163162, 9.8269825, 19.861612, 19.870863, 19.861792, 19.859110, 0.25069994, 0.27807492, 0.33604598, 0.34580332, 0.34716308, 0.34826979, 0.34930807, 0.34935433, 0.34930897, 0.34929556, 0.26502240
0.24289881, 1.0000000, 0.59021306, 2.9330702, 8.5128803, 9.3109035, 9.6535501, 9.7583256, 9.8443985, 19.859892, 19.867207, 19.860779, 19.859034, 0.27932978, 0.33512720, 0.34310818, 0.34653533, 0.34758317, 0.34844396, 0.34929946, 0.34933603, 0.34930390, 0.34929517, 0.59021306
0.35563844, 1.0000000, 0.99869001, 9.9820414, 9.9893236, 9.9946585, 9.9989233, 9.9994659, 9.9998264, 19.999998, 19.999998, 19.999990, 19.991999, 0.34981936, 0.34989262, 0.34994626, 0.34998918, 0.34999463, 0.34999827, 0.34999999, 0.34999999, 0.34999996, 0.34996000, 0.99869001
0.33693326, 1.0000000, 0.93091750, 9.0362244, 9.4722595, 9.6901722, 9.8935986, 9.9443617, 9.9770355, 19.995768, 19.998901, 19.999662, 19.984978, 0.34036225, 0.34472260, 0.34690171, 0.34893599, 0.34944361, 0.34977037, 0.34997883, 0.34999451, 0.34999830, 0.34992489, 0.93091750
0.29897755, 1.0000000, 0.79339695, 6.3849368, 9.3669434, 9.5947857, 9.8061361, 9.8915710, 9.9514513, 19.989311, 19.997204, 19.998344, 19.961781, 0.31384799, 0.34366822, 0.34594724, 0.34806123, 0.34891564, 0.34951448, 0.34994656, 0.34998602, 0.34999174, 0.34980890, 0.79339695
0.26716548, 1.0000000, 0.67813581, 4.1481228, 9.2940063, 9.5301323, 9.7420759, 9.8466759, 9.9267254, 19.982208, 19.995296, 19.994984, 19.940594, 0.29148102, 0.34293976, 0.34530118, 0.34742072, 0.34846672, 0.34926724, 0.34991103, 0.34997648, 0.34997493, 0.34970295, 0.67813581
0.28328833, 1.0000000, 0.73655188, 5.3165870, 9.2978001, 9.5274391, 9.7263317, 9.8305187, 9.9140434, 19.976345, 19.993629, 19.988955, 19.922232, 0.30316532, 0.34297743, 0.34527412, 0.34726325, 0.34830517, 0.34914044, 0.34988171, 0.34996814, 0.34994477, 0.34961116, 0.73655188
0.27278322, 1.0000000, 0.69848996, 4.5295358, 9.3321857, 9.5449648, 9.7279081, 9.8267756, 9.9086437, 19.972090, 19.992123, 19.980141, 19.907007, 0.29529482, 0.34332120, 0.34544933, 0.34727901, 0.34826773, 0.34908643, 0.34986046, 0.34996063, 0.34990069, 0.34953505, 0.69848996
0.23571177, 1.0000000, 0.56417304, 2.9407530, 7.5637522, 9.4399948, 9.6663895, 9.7881174, 9.8876486, 19.963331, 19.988871, 19.968449, 19.894749, 0.27940732, 0.32563719, 0.34439975, 0.34666386, 0.34788114, 0.34887648, 0.34981665, 0.34994435, 0.34984225, 0.34947374, 0.56417304
0.19409376, 1.0000000, 0.41338322, 1.2143910, 5.4564447, 9.3701153, 9.6179419, 9.7549410, 9.8689165, 19.954672, 19.984598, 19.954948, 19.885242, 0.26214379, 0.30456409, 0.34370086, 0.34617937, 0.34754938, 0.34868917, 0.34977335, 0.34992298, 0.34977475, 0.34942621, 0.41338322
0.15492612, 0.90481442, 0.27147147, 0.25424361E-1, 2.9969215, 8.8055754, 9.5711737, 9.7217436, 9.8495588, 19.945059, 19.978552, 19.940535, 19.877998, 0.25025421, 0.27996698, 0.33805251, 0.34571102, 0.34721708, 0.34849548, 0.34972531, 0.34989277, 0.34970266, 0.34939000, 0.27147147
0.13752457, 0.69467175, 0.20842238, 0.0000000, 1.8606782, 6.9700732, 9.5317764, 9.6940508, 9.8333969, 19.936140, 19.970787, 19.926298, 19.872587, 0.24999093, 0.26860642, 0.31970003, 0.34531760, 0.34694043, 0.34833393, 0.34968069, 0.34985393, 0.34963149, 0.34936294, 0.20842238
0.12296431, 0.51884067, 0.15566777, 0.0000000, 0.97784400, 5.2247992, 9.5108175, 9.6781893, 9.8234501, 19.928370, 19.961327, 19.913103, 19.868633, 0.24999093, 0.25977829, 0.30224764, 0.34510803, 0.34678185, 0.34823447, 0.34964186, 0.34980664, 0.34956551, 0.34934318, 0.15566777
0.11149941, 0.38038969, 0.11412832, 0.0000000, 0.34852624, 3.7153504, 9.5102501, 9.6760998, 9.8205767, 19.921812, 19.950483, 19.901487, 19.865759, 0.24999093, 0.25348419, 0.28714779, 0.34509957, 0.34675950, 0.34820527, 0.34960908, 0.34975243, 0.34950745, 0.34932879, 0.11412832
0.10347655, 0.28350481, 0.85059948E-1, 0.0000000, 0.0000000, 2.5830536, 8.9853811, 9.6419029, 9.8036518, 19.913443, 19.938013, 19.891514, 19.863659, 0.24999093, 0.24999392, 0.27582675, 0.33985120, 0.34641764, 0.34803605, 0.34956720, 0.34969008, 0.34945756, 0.34931830, 0.85059948E-1
0.99509090E-1, 0.23559353, 0.70685126E-1, 0.0000000, 0.0000000, 1.8080592, 8.0831356, 9.6173334, 9.7893677, 19.904890, 19.925053, 19.883301, 19.862143, 0.24999093, 0.24999392, 0.26807743, 0.33082852, 0.34617168, 0.34789312, 0.34952444, 0.34962526, 0.34941649, 0.34931070, 0.70685126E-1
0.98559864E-1, 0.22413056, 0.67245893E-1, 0.10740459, 0.0000000, 1.3546050, 7.3971319, 9.6480484, 9.8016710, 19.898767, 19.913090, 19.876902, 19.861097, 0.25107342, 0.24999392, 0.26354370, 0.32396874, 0.34647879, 0.34801614, 0.34949383, 0.34956545, 0.34938452, 0.34930548, 0.67245893E-1
0.10919955, 0.35261628, 0.10579547, 1.0391086, 0.0000000, 0.95964074, 6.6957660, 9.6462479, 9.8017282, 19.894016, 19.902435, 19.872047, 19.860392, 0.26038891, 0.24999392, 0.25959581, 0.31695682, 0.34646189, 0.34801707, 0.34947008, 0.34951216, 0.34936023, 0.34930196, 0.10579547
0.94358884E-1, 0.17339918, 0.52024957E-1, 0.14325082, 0.0000000, 0.52823126, 5.8803425, 9.6074038, 9.7823811, 19.884188, 19.891779, 19.868029, 19.859833, 0.25143194, 0.24999392, 0.25528169, 0.30880204, 0.34607288, 0.34782341, 0.34942093, 0.34945890, 0.34934014, 0.34929916, 0.52024957E-1
0.11592226, 0.43380040, 0.13015313, 1.8305600, 0.0000000, 0.25048852, 5.1801004, 9.6293077, 9.7891264, 19.876562, 19.883131, 19.865105, 19.859463, 0.26830345, 0.24999392, 0.25250480, 0.30180064, 0.34629276, 0.34789115, 0.34938282, 0.34941566, 0.34932554, 0.34929731, 0.13015313
0.90192012E-1, 0.12307965, 0.36927588E-1, 0.92312694E-1, 0.0000000, 0.0000000, 4.3516397, 9.5851936, 9.7675962, 19.866383, 19.875170, 19.862734, 19.859158, 0.25092241, 0.24999392, 0.24999800, 0.29351437, 0.34584969, 0.34767523, 0.34933192, 0.34937584, 0.34931368, 0.34929579, 0.36927588E-1
0.88243105E-1, 0.99544480E-1, 0.29866330E-1, 0.0000000, 0.0000000, 0.0000000, 3.5385060, 9.5798168, 9.7634811, 19.862543, 19.870119, 19.861307, 19.859045, 0.24992175, 0.24999392, 0.24999800, 0.28538382, 0.34579647, 0.34763426, 0.34931272, 0.34935060, 0.34930652, 0.34929523, 0.29866330E-1
0.87411724E-1, 0.89504682E-1, 0.26854090E-1, 0.0000000, 0.0000000, 0.0000000, 2.8310151, 9.0040073, 9.7115479, 19.855555, 19.865286, 19.860071, 19.858875, 0.24992175, 0.24999392, 0.24999800, 0.27830884, 0.34003800, 0.34711474, 0.34927776, 0.34932643, 0.34930035, 0.34929436, 0.26854090E-1
0.87038800E-1, 0.85001178E-1, 0.25502905E-1, 0.0000000, 0.0000000, 0.0000000, 2.6055753, 8.5406523, 9.7523689, 19.852318, 19.862217, 19.859318, 19.858805, 0.24992175, 0.24999392, 0.24999800, 0.27605405, 0.33540371, 0.34752262, 0.34926158, 0.34931108, 0.34929660, 0.34929401, 0.25502905E-1
0.13106716, 0.61669147, 0.18502595, 1.6634911, 1.1856943, 2.0310493, 5.5148778, 9.5828619, 9.8070030, 19.851011, 19.860300, 19.858936, 19.858757, 0.26663381, 0.26185647, 0.27031010, 0.30514857, 0.34582844, 0.34806997, 0.34925506, 0.34930152, 0.34929469, 0.34929377, 0.18502595
0.10778958, 0.33558932, 0.10068686, 0.49234927, 0.59150755, 1.6081542, 4.9426675, 9.6589851, 9.8047447, 19.845850, 19.857826, 19.858377, 19.858692, 0.25492159, 0.25591370, 0.26607966, 0.29942551, 0.34658873, 0.34804705, 0.34922925, 0.34928912, 0.34929189, 0.34929347, 0.10068686
0.92597090E-1, 0.15212357, 0.45641635E-1, 0.0000000, 0.0000000, 0.94084144, 4.0970211, 9.5740948, 9.7594814, 19.839197, 19.855286, 19.857777, 19.858587, 0.24993074, 0.24999160, 0.25940689, 0.29096889, 0.34573939, 0.34759426, 0.34919599, 0.34927642, 0.34928888, 0.34929293, 0.45641635E-1
0.89815423E-1, 0.11853192, 0.35563134E-1, 0.0000000, 0.0000000, 0.46428442, 3.1469696, 9.5286665, 9.7343349, 19.836285, 19.853941, 19.857489, 19.858580, 0.24993074, 0.24999160, 0.25464186, 0.28146836, 0.34528464, 0.34734267, 0.34918141, 0.34926969, 0.34928745, 0.34929290, 0.35563134E-1
0.88387392E-1, 0.10128692, 0.30389115E-1, 0.0000000, 0.0000000, 0.23478866, 2.7514191, 9.1609268, 9.7479019, 19.837267, 19.853796, 19.857529, 19.858629, 0.24993074, 0.24999160, 0.25234708, 0.27751228, 0.34160608, 0.34747788, 0.34918633, 0.34926897, 0.34928763, 0.34929314, 0.30389115E-1
0.89253224E-1, 0.11174279, 0.33526190E-1, 0.19259453, 0.0000000, 0.0000000, 2.2523642, 8.2020073, 9.6775522, 19.832850, 19.852364, 19.857201, 19.858587, 0.25192550, 0.24999160, 0.24999005, 0.27252334, 0.33201951, 0.34677532, 0.34916425, 0.34926182, 0.34928602, 0.34929293, 0.33526190E-1
0.86038530E-1, 0.72921798E-1, 0.21878729E-1, 0.0000000, 0.0000000, 0.0000000, 1.9262135, 7.5012145, 9.6971846, 19.829805, 19.851364, 19.856968, 19.858547, 0.24987914, 0.24999160, 0.24999005, 0.26926163, 0.32501113, 0.34697139, 0.34914902, 0.34925681, 0.34928483, 0.34929273, 0.21878729E-1
0.85342176E-1, 0.64512603E-1, 0.19355716E-1, 0.0000000, 0.0000000, 0.0000000, 1.5357256, 6.6116338, 9.6632710, 19.826904, 19.850449, 19.856752, 19.858486, 0.24987914, 0.24999160, 0.24999005, 0.26535645, 0.31611457, 0.34663185, 0.34913450, 0.34925225, 0.34928375, 0.34929243, 0.19355716E-1
0.95356770E-1, 0.18544969, 0.55640474E-1, 0.78577697, 0.0000000, 0.0000000, 1.0966390, 5.5105562, 9.6195030, 19.821758, 19.848946, 19.856375, 19.858418, 0.25785503, 0.24999160, 0.24999005, 0.26096615, 0.30510500, 0.34619471, 0.34910879, 0.34924471, 0.34928188, 0.34929210, 0.55640474E-1
0.11566323, 0.43067232, 0.12921461, 2.3040743, 0.0000000, 0.0000000, 0.77939928, 4.5770450, 9.6214294, 19.819593, 19.848217, 19.856203, 19.858406, 0.27304003, 0.24999160, 0.24999005, 0.25779399, 0.29577044, 0.34621426, 0.34909797, 0.34924108, 0.34928101, 0.34929204, 0.12921461
0.85130252E-1, 0.61953347E-1, 0.18587863E-1, 0.11770129, 0.0000000, 0.0000000, 0.59038401, 4.0726728, 9.6969481, 19.818157, 19.847698, 19.856104, 19.858370, 0.25117213, 0.24999160, 0.24999005, 0.25590238, 0.29072165, 0.34696546, 0.34909078, 0.34923849, 0.34928054, 0.34929186, 0.18587863E-1
0.82843706E-1, 0.34340862E-1, 0.10303290E-1, 0.0000000, 0.0000000, 0.0000000, 0.30805171, 3.0591724, 9.5819740, 19.815689, 19.846945, 19.855915, 19.858358, 0.24979140, 0.24999160, 0.24999005, 0.25308004, 0.28058940, 0.34581733, 0.34907845, 0.34923473, 0.34927958, 0.34929180, 0.10303290E-1
0.82320541E-1, 0.28023049E-1, 0.84077558E-2, 0.0000000, 0.0000000, 0.0000000, 0.10107160, 2.4112673, 8.9779549, 19.816168, 19.846998, 19.855938, 19.858393, 0.24979140, 0.24999160, 0.24999005, 0.25101024, 0.27410704, 0.33977255, 0.34908083, 0.34923500, 0.34927970, 0.34929198, 0.84077558E-2
0.89920245E-1, 0.11979779, 0.35942931E-1, 0.56488216, 0.0000000, 0.0000000, 0.25737286E-1, 2.1990120, 8.6938076, 19.821798, 19.848454, 19.856335, 19.858480, 0.25564408, 0.24999160, 0.24999005, 0.25025737, 0.27198955, 0.33693737, 0.34910899, 0.34924227, 0.34928167, 0.34929240, 0.35942931E-1
0.81764206E-1, 0.21304708E-1, 0.63920515E-2, 0.0000000, 0.0000000, 0.0000000, 0.0000000, 1.6271025, 7.9027948, 19.818760, 19.847687, 19.856129, 19.858427, 0.24996480, 0.24999160, 0.24999005, 0.24999930, 0.26627102, 0.32902795, 0.34909379, 0.34923843, 0.34928066, 0.34929213, 0.63920515E-2
0.84166363E-1, 0.50313391E-1, 0.15095527E-1, 0.19374788, 0.0000000, 0.0000000, 0.0000000, 1.2146413, 7.2231793, 19.817772, 19.847404, 19.856068, 19.858418, 0.25193244, 0.24999160, 0.24999005, 0.24999930, 0.26214546, 0.32222992, 0.34908885, 0.34923702, 0.34928033, 0.34929210, 0.15095527E-1
0.87847427E-1, 0.94766214E-1, 0.28432708E-1, 0.46971440, 0.0000000, 0.0000000, 0.0000000, 1.0148168, 6.8602800, 19.818779, 19.847651, 19.856142, 19.858433, 0.25469607, 0.24999160, 0.24999005, 0.24999930, 0.26014811, 0.31860265, 0.34909388, 0.34923825, 0.34928071, 0.34929216, 0.28432708E-1
0.81128396E-1, 0.13626609E-1, 0.40883915E-2, 0.0000000, 0.0000000, 0.0000000, 0.0000000, 0.68648756, 6.1176586, 19.818554, 19.847586, 19.856117, 19.858427, 0.24883400, 0.24999160, 0.24999005, 0.24999930, 0.25686431, 0.31117490, 0.34909278, 0.34923792, 0.34928060, 0.34929213, 0.40883915E-2
0.80891527E-1, 0.10766186E-1, 0.32301787E-2, 0.0000000, 0.0000000, 0.0000000, 0.0000000, 0.39744377, 5.2692885, 19.818266, 19.847511, 19.856098, 19.858418, 0.24883400, 0.24999160, 0.24999005, 0.24999930, 0.25397274, 0.30268535, 0.34909132, 0.34923756, 0.34928048, 0.34929210, 0.32301787E-2
0.83151482E-1, 0.38057614E-1, 0.11418426E-1, 0.17352700, 0.0000000, 0.0000000, 0.0000000, 0.26444197, 4.7464890, 19.822439, 19.848631, 19.856394, 19.858475, 0.25172973, 0.24999160, 0.24999005, 0.24999930, 0.25264415, 0.29746339, 0.34911221, 0.34924316, 0.34928197, 0.34929237, 0.11418426E-1
0.80658942E-1, 0.79574529E-2, 0.23874745E-2, 0.0000000, 0.0000000, 0.0000000, 0.0000000, 0.16196072, 4.2892299, 19.824144, 19.849134, 19.856518, 19.858486, 0.24969175, 0.24999160, 0.24999005, 0.24999930, 0.25161946, 0.29289111, 0.34912074, 0.34924567, 0.34928259, 0.34929243, 0.23874745E-2
0.80459043E-1, 0.55434383E-2, 0.16631978E-2, 0.0000000, 0.0000000, 0.0000000, 0.0000000, 0.27948618E-1, 3.2426219, 19.822264, 19.848675, 19.856377, 19.858458, 0.24969175, 0.24999160, 0.24999005, 0.24999930, 0.25027946, 0.28242558, 0.34911132, 0.34924337, 0.34928188, 0.34929228, 0.16631978E-2
0.81657708E-1, 0.20018658E-1, 0.60061980E-2, 0.92166662E-1, 0.0000000, 0.0000000, 0.0000000, 0.0000000, 2.8420658, 19.805145, 19.849548, 19.856598, 19.858480, 0.25091705, 0.24999160, 0.24999005, 0.24999930, 0.24999972, 0.27841923, 0.34902573, 0.34924775, 0.34928298, 0.34929240, 0.60061980E-2
0.11609688, 0.43590909, 0.13078581, 1.0990739, 1.2178838, 2.0197482, 2.5362909, 0.0000000, 2.8038473, 19.768272, 19.849560, 19.856598, 19.858469, 0.26098928, 0.26217788, 0.27019668, 0.27536270, 0.24999972, 0.27803844, 0.34884137, 0.34924781, 0.34928298, 0.34929234, 0.13078581
0.88713251E-1, 0.10522199, 0.31569753E-1, 0.0000000, 0.18578172, 1.1977613, 2.2216558, 0.0000000, 2.7316809, 19.724907, 19.848129, 19.856215, 19.858393, 0.24969520, 0.25185770, 0.26197726, 0.27221644, 0.24999972, 0.27731678, 0.34862453, 0.34924066, 0.34928107, 0.34929198, 0.31569753E-1
0.83776593E-1, 0.45606475E-1, 0.13683312E-1, 0.0000000, 0.0000000, 0.45436025, 1.8500179, 0.0000000, 2.6461692, 19.687563, 19.848440, 19.856295, 19.858433, 0.24969520, 0.24990225, 0.25454062, 0.26849774, 0.24999972, 0.27646112, 0.34843782, 0.34924221, 0.34928149, 0.34929216, 0.13683312E-1
0.81196159E-1, 0.14444978E-1, 0.43339268E-2, 0.0000000, 0.0000000, 0.0000000, 1.0423303, 0.0000000, 2.4148047, 19.646093, 19.847773, 19.856127, 19.858393, 0.24969520, 0.24990225, 0.24985720, 0.26042184, 0.24999972, 0.27414748, 0.34823048, 0.34923887, 0.34928063, 0.34929198, 0.43339268E-2
0.80549739E-1, 0.66387379E-2, 0.19918205E-2, 0.0000000, 0.0000000, 0.0000000, 0.32410622, 0.0000000, 2.0400553, 19.606867, 19.847780, 19.856140, 19.858406, 0.24969520, 0.24990225, 0.24985720, 0.25323957, 0.24999972, 0.27039897, 0.34803432, 0.34923890, 0.34928071, 0.34929204, 0.19918205E-2
0.80300599E-1, 0.36300868E-2, 0.10891350E-2, 0.0000000, 0.0000000, 0.0000000, 0.80928206E-1, 0.0000000, 1.6940862, 19.576479, 19.849726, 19.856659, 19.858511, 0.24969520, 0.24990225, 0.24985720, 0.25080782, 0.24999972, 0.26693577, 0.34788239, 0.34924862, 0.34928328, 0.34929255, 0.10891350E-2
0.80127895E-1, 0.15444950E-2, 0.46339486E-3, 0.0000000, 0.0000000, 0.0000000, 0.0000000, 0.0000000, 0.92752576, 19.539391, 19.849573, 19.856611, 19.858486, 0.24969520, 0.24990225, 0.24985720, 0.24993487, 0.24999972, 0.25926790, 0.34769696, 0.34924787, 0.34928304, 0.34929243, 0.46339486E-3
0.10361253, 0.28514698, 0.85552655E-1, 1.7081559, 0.0000000, 0.0000000, 0.0000000, 0.0000000, 0.38120747, 19.506132, 19.850338, 19.856775, 19.858528, 0.26707241, 0.24990225, 0.24985720, 0.24993487, 0.24999972, 0.25381204, 0.34753066, 0.34925169, 0.34928387, 0.34929264, 0.85552655E-1
0.79999998E-1, 0.0000000, 0.0000000, 0.0000000, 0.0000000, 0.0000000, 0.0000000, 0.0000000, 0.0000000, 19.464424, 19.849022, 19.856436, 19.858452, 0.24954322, 0.24990225, 0.24985720, 0.24993487, 0.24999972, 0.24999797, 0.34732211, 0.34924510, 0.34928218, 0.34929225, 0.0000000
0.79999998E-1, 0.0000000, 0.0000000, 0.0000000, 0.0000000, 0.0000000, 0.0000000, 0.0000000, 0.0000000, 19.424816, 19.848568, 19.856293, 19.858418, 0.24964562, 0.24990225, 0.24985720, 0.24993487, 0.24999972, 0.24999797, 0.34712407, 0.34924284, 0.34928146, 0.34929210, 0.0000000
0.79999998E-1, 0.0000000, 0.0000000, 0.0000000, 0.0000000, 0.0000000, 0.0000000, 0.0000000, 0.0000000, 19.382645, 19.847687, 19.856081, 19.858370, 0.24964562, 0.24990225, 0.24985720, 0.24993487, 0.24999972, 0.24999797, 0.34691322, 0.34923843, 0.34928042, 0.34929186, 0.0000000
0.79999998E-1, 0.0000000, 0.0000000, 0.0000000, 0.0000000, 0.0000000, 0.0000000, 0.0000000, 0.0000000, 19.340033, 19.846991, 19.855894, 19.858358, 0.24964562, 0.24990225, 0.24985720, 0.24993487, 0.24999972, 0.24999797, 0.34670016, 0.34923494, 0.34927946, 0.34929180, 0.0000000
0.79999998E-1, 0.0000000, 0.0000000, 0.0000000, 0.0000000, 0.0000000, 0.0000000, 0.0000000, 0.0000000, 19.293066, 19.845543, 19.855543, 19.858288, 0.24964562, 0.24990225, 0.24985720, 0.24993487, 0.24999972, 0.24999797, 0.34646532, 0.34922773, 0.34927770, 0.34929144, 0.0000000
0.79999998E-1, 0.0000000, 0.0000000, 0.0000000, 0.0000000, 0.0000000, 0.0000000, 0.0000000, 0.0000000, 19.248009, 19.844999, 19.855391, 19.858282, 0.24964562, 0.24990225, 0.24985720, 0.24993487, 0.24999972, 0.24999797, 0.34624004, 0.34922498, 0.34927696, 0.34929141, 0.0000000
0.15602574, 0.91809338, 0.27545556, 2.4968445, 2.3539038, 2.8477640, 6.6929579, 8.4947939, 9.0387220, 19.407436, 19.848000, 19.856199, 19.858480, 0.27496010, 0.27353433, 0.27847478, 0.31692824, 0.33494708, 0.34038693, 0.34703720, 0.34924001, 0.34928101, 0.34929240, 0.27545556
0.35600001, 1.0000000, 1.0000000, 9.9999990, 9.9999990, 9.9999990, 9.9999990, 9.9999990, 9.9999990, 19.999998, 19.999998, 19.999998, 19.998999, 0.34999999, 0.34999999, 0.34999999, 0.34999999, 0.34999999, 0.34999999, 0.34999999, 0.34999999, 0.34999999, 0.34999499, 1.0000000
0.35599977, 1.0000000, 0.99999905, 9.9999990, 9.9999990, 9.9999990, 9.9999990, 9.9999990, 9.9999990, 19.999998, 19.999998, 19.999998, 19.998999, 0.34999987, 0.34999990, 0.34999996, 0.34999999, 0.34999999, 0.34999999, 0.34999999, 0.34999999, 0.34999999, 0.34999499, 0.99999905
0.32811826, 1.0000000, 0.89897913, 8.3826914, 9.4905844, 9.7021418, 9.8959351, 9.9456387, 9.9772167, 19.995470, 19.998825, 19.999439, 19.975174, 0.33382690, 0.34490585, 0.34702140, 0.34895936, 0.34945637, 0.34977216, 0.34997734, 0.34999412, 0.34999719, 0.34987587, 0.89897913
0.28330439, 1.0000000, 0.73661017, 5.3026586, 9.3061848, 9.5508137, 9.7703571, 9.8705835, 9.9392118, 19.983824, 19.995754, 19.997053, 19.952600, 0.30302024, 0.34305519, 0.34550470, 0.34770286, 0.34870547, 0.34939200, 0.34991911, 0.34997877, 0.34998527, 0.34976301, 0.73661017
0.35567528, 1.0000000, 0.99882346, 9.9857025, 9.9921160, 9.9960136, 9.9985962, 9.9992867, 9.9996719, 19.999903, 19.999981, 19.999998, 19.994993, 0.34983441, 0.34990892, 0.34995395, 0.34998354, 0.34999165, 0.34999612, 0.34999943, 0.34999987, 0.34999999, 0.34997496, 0.99882346
0.35414749, 1.0000000, 0.99328804, 9.9959326, 9.8988075, 9.7848082, 9.9372511, 9.9677553, 9.9874601, 19.998295, 19.999557, 19.999792, 19.982063, 0.34995902, 0.34898791, 0.34784800, 0.34937248, 0.34967756, 0.34987462, 0.34999147, 0.34999779, 0.34999895, 0.34991032, 0.99328804
0.33743513, 1.0000000, 0.93273592, 8.9877234, 9.5935993, 9.7298632, 9.8996906, 9.9464025, 9.9785872, 19.997131, 19.999254, 19.998650, 19.959146, 0.33987534, 0.34593478, 0.34729800, 0.34899679, 0.34946397, 0.34978583, 0.34998566, 0.34999627, 0.34999326, 0.34979573, 0.93273592
0.34137529, 1.0000000, 0.94701183, 9.2505789, 9.6027861, 9.7769527, 9.9346476, 9.9664307, 9.9868736, 19.998116, 19.999510, 19.999792, 19.982044, 0.34250551, 0.34602767, 0.34776944, 0.34934643, 0.34966430, 0.34986874, 0.34999058, 0.34999755, 0.34999895, 0.34991023, 0.94701183
0.31371996, 1.0000000, 0.84681141, 7.4129548, 9.4094992, 9.6360264, 9.8457050, 9.9166155, 9.9637671, 19.992319, 19.997995, 19.998333, 19.959051, 0.32412249, 0.34408963, 0.34635752, 0.34845647, 0.34916589, 0.34963760, 0.34996158, 0.34998998, 0.34999168, 0.34979525, 0.84681141
0.26150668, 1.0000000, 0.65763283, 3.7914319, 9.2279634, 9.4904060, 9.7272329, 9.8418350, 9.9251118, 19.980978, 19.994991, 19.994366, 19.938105, 0.28791046, 0.34227398, 0.34490114, 0.34727174, 0.34841806, 0.34925103, 0.34990489, 0.34997496, 0.34997183, 0.34969053, 0.65763283
0.21525972, 1.0000000, 0.49007139, 1.7978549, 7.0171480, 9.4076900, 9.6495953, 9.7843513, 9.8913517, 19.969494, 19.991812, 19.987585, 19.920033, 0.26797703, 0.32016790, 0.34407449, 0.34649545, 0.34784329, 0.34891343, 0.34984747, 0.34995908, 0.34993792, 0.34960017, 0.49007139
0.18427196, 1.0000000, 0.37779692, 0.81455708, 4.9016156, 9.4328947, 9.6469049, 9.7736731, 9.8797207, 19.961723, 19.989229, 19.978119, 19.905148, 0.25814492, 0.29901379, 0.34432667, 0.34646860, 0.34773648, 0.34879711, 0.34980863, 0.34994614, 0.34989059, 0.34952575, 0.37779692
0.17407274, 1.0000000, 0.34084326, 0.53454041, 4.0527754, 9.5802116, 9.7217312, 9.8138838, 9.8950338, 19.960283, 19.987692, 19.966621, 19.893394, 0.25534526, 0.29052714, 0.34580138, 0.34721717, 0.34813875, 0.34895030, 0.34980142, 0.34993845, 0.34983310, 0.34946698, 0.34084326
0.17459272, 1.0000000, 0.34272724, 1.2353688, 2.9877841, 9.5041599, 9.7074804, 9.8076525, 9.8915882, 19.955217, 19.984186, 19.953222, 19.884247, 0.26235238, 0.27987596, 0.34503862, 0.34707418, 0.34807622, 0.34891579, 0.34977609, 0.34992093, 0.34976611, 0.34942123, 0.34272724
0.16087221, 0.97661978, 0.29301524, 0.66324770, 2.5840311, 8.9052124, 9.7107420, 9.8093281, 9.8917322, 19.951393, 19.979567, 19.939199, 19.877357, 0.25663039, 0.27583542, 0.33904374, 0.34710556, 0.34809235, 0.34891701, 0.34975696, 0.34989783, 0.34969598, 0.34938678, 0.29301524
0.14076656, 0.73382229, 0.22016871, 0.0000000, 1.8051654, 7.8357892, 9.6366606, 9.7653389, 9.8698874, 19.941652, 19.971516, 19.925014, 19.872128, 0.24998252, 0.26804918, 0.32835248, 0.34636530, 0.34765270, 0.34869865, 0.34970826, 0.34985757, 0.34962508, 0.34936064, 0.22016871
0.12964907, 0.59956658, 0.17988797, 0.0000000, 1.0674149, 6.6376362, 9.5967064, 9.7372580, 9.8537321, 19.932201, 19.961523, 19.911909, 19.868269, 0.24998252, 0.26067141, 0.31636786, 0.34596461, 0.34737134, 0.34853691, 0.34966099, 0.34980762, 0.34955955, 0.34934133, 0.17988797
0.11946471, 0.47657919, 0.14298806, 0.0000000, 0.45173466, 5.4143219, 9.5756311, 9.7212696, 9.8438368, 19.924162, 19.950174, 19.900393, 19.865482, 0.24998252, 0.25451660, 0.30413875, 0.34575474, 0.34721190, 0.34843811, 0.34962082, 0.34975088, 0.34950197, 0.34932742, 0.14298806
0.11304237, 0.39902258, 0.11971875, 0.0000000, 0.13046265, 4.4967828, 9.6091347, 9.7396441, 9.8514624, 19.920820, 19.938978, 19.890953, 19.863531, 0.24998252, 0.25130433, 0.29496267, 0.34608912, 0.34739530, 0.34851423, 0.34960410, 0.34969491, 0.34945476, 0.34931767, 0.11971875
0.14201762, 0.74893010, 0.22470151, 1.8461049, 0.86520314, 3.8622105, 9.6512136, 9.7656784, 9.8635807, 19.918528, 19.927786, 19.883348, 19.862173, 0.26845714, 0.25865093, 0.28861967, 0.34651092, 0.34765616, 0.34863558, 0.34959263, 0.34963894, 0.34941673, 0.34931087, 0.22470151
0.12029102, 0.48655778, 0.14598194, 0.79812706, 0.41550398, 3.0174854, 9.6096067, 9.7426777, 9.8534994, 19.911562, 19.915714, 19.877056, 19.861155, 0.25797856, 0.25415421, 0.28017178, 0.34609410, 0.34742579, 0.34853467, 0.34955782, 0.34957856, 0.34938529, 0.34930578, 0.14598194
0.12011440, 0.48442501, 0.14534204, 0.85768998, 0.34840703, 2.9294312, 9.4846687, 9.8044710, 9.8794041, 19.910069, 19.906031, 19.872540, 19.860521, 0.25857204, 0.25348288, 0.27928934, 0.34484348, 0.34804302, 0.34879348, 0.34955034, 0.34953016, 0.34936270, 0.34930259, 0.14534204
0.11628142, 0.43813759, 0.13145442, 0.84047019, 0.84793568E-1, 2.6439130, 9.2054024, 9.7849493, 9.8718634, 19.902998, 19.896168, 19.868788, 19.859999, 0.25840452, 0.25084794, 0.27643898, 0.34205389, 0.34784943, 0.34871861, 0.34951499, 0.34948084, 0.34934396, 0.34930000, 0.13145442
0.10560198, 0.30917171, 0.92760786E-1, 0.22807717, 0.0000000, 2.3415267, 8.8856735, 9.7676153, 9.8632364, 19.895151, 19.887518, 19.865919, 19.859604, 0.25228021, 0.24999589, 0.27341348, 0.33885539, 0.34767541, 0.34863213, 0.34947574, 0.34943759, 0.34932959, 0.34929803, 0.92760786E-1
0.10105988, 0.25432098, 0.76303929E-1, 0.0000000, 0.0000000, 2.0703316, 8.5603848, 9.7611494, 9.8585796, 19.887959, 19.880424, 19.863789, 19.859381, 0.24999239, 0.24999589, 0.27070156, 0.33560237, 0.34761065, 0.34858552, 0.34943980, 0.34940213, 0.34931895, 0.34929690, 0.76303929E-1
0.99517547E-1, 0.23569559, 0.70715748E-1, 0.0000000, 0.0000000, 1.7731071, 8.1930618, 9.7466230, 9.8498411, 19.879810, 19.874304, 19.862122, 19.859217, 0.24999239, 0.24999589, 0.26772845, 0.33192819, 0.34746480, 0.34849793, 0.34939906, 0.34937152, 0.34931061, 0.34929609, 0.70715748E-1
0.97500503E-1, 0.21133763, 0.63407630E-1, 0.0000000, 0.0000000, 1.3938308, 7.6786442, 9.7022648, 9.8289576, 19.871975, 19.869286, 19.860899, 19.859098, 0.24999239, 0.24999589, 0.26393643, 0.32678440, 0.34702134, 0.34828913, 0.34935987, 0.34934643, 0.34930450, 0.34929550, 0.63407630E-1
0.95127054E-1, 0.18267557, 0.54808155E-1, 0.0000000, 0.0000000, 0.96333325, 6.9923329, 9.6538963, 9.8032494, 19.863022, 19.864813, 19.859842, 19.858934, 0.24999239, 0.24999589, 0.25963271, 0.31992242, 0.34653834, 0.34803230, 0.34931511, 0.34932405, 0.34929922, 0.34929466, 0.54808155E-1
0.93159825E-1, 0.15891919, 0.47680523E-1, 0.0000000, 0.0000000, 0.62914491, 6.2955418, 9.6403055, 9.7930889, 19.856344, 19.861546, 19.859108, 19.858828, 0.24999239, 0.24999589, 0.25629133, 0.31295517, 0.34640288, 0.34793082, 0.34928173, 0.34930772, 0.34929556, 0.34929413, 0.47680523E-1
0.91084175E-1, 0.13385345, 0.40160052E-1, 0.0000000, 0.0000000, 0.30969381, 5.4131961, 9.5942802, 9.7694893, 19.850622, 19.858992, 19.858553, 19.858709, 0.24999239, 0.24999589, 0.25309658, 0.30413067, 0.34594166, 0.34769452, 0.34925312, 0.34929496, 0.34929276, 0.34929353, 0.40160052E-1
0.10977115, 0.35951906, 0.10786650, 1.4560610, 0.0000000, 0.60230494E-1, 4.9186144, 9.6782017, 9.8004951, 19.842958, 19.856203, 19.857929, 19.858599, 0.26455799, 0.24999589, 0.25060228, 0.29918560, 0.34678149, 0.34800476, 0.34921479, 0.34928101, 0.34928966, 0.34929299, 0.10786650
0.88900201E-1, 0.10747959, 0.32247104E-1, 0.0000000, 0.0000000, 0.0000000, 4.3012514, 9.6424065, 9.7832937, 19.831617, 19.852650, 19.857069, 19.858427, 0.24994497, 0.24999589, 0.24999969, 0.29298380, 0.34640488, 0.34782460, 0.34915707, 0.34926298, 0.34928527, 0.34929210, 0.32247104E-1
0.88299558E-1, 0.10022618, 0.30070862E-1, 0.0000000, 0.0000000, 0.0000000, 3.5957603, 9.6091442, 9.7671862, 19.825636, 19.850618, 19.856590, 19.858376, 0.24994497, 0.24999589, 0.24999969, 0.28592503, 0.34606838, 0.34766188, 0.34912702, 0.34925279, 0.34928286, 0.34929183, 0.30070862E-1
0.87704003E-1, 0.93034200E-1, 0.27913053E-1, 0.0000000, 0.0000000, 0.0000000, 2.9715896, 9.4169254, 9.7511806, 19.821938, 19.849257, 19.856276, 19.858358, 0.24994497, 0.24999589, 0.24999969, 0.27971113, 0.34416169, 0.34750918, 0.34910968, 0.34924629, 0.34928137, 0.34929180, 0.27913053E-1
0.87222233E-1, 0.87216303E-1, 0.26167508E-1, 0.0000000, 0.0000000, 0.0000000, 2.6455998, 8.9087658, 9.7417889, 19.817627, 19.847855, 19.855988, 19.858334, 0.24994497, 0.24999589, 0.24999969, 0.27645028, 0.33907804, 0.34741437, 0.34908813, 0.34923929, 0.34927994, 0.34929168, 0.26167508E-1
0.86771801E-1, 0.81776917E-1, 0.24535529E-1, 0.0000000, 0.0000000, 0.0000000, 2.3461013, 8.4228354, 9.7410936, 19.814657, 19.846836, 19.855745, 19.858347, 0.24994497, 0.24999589, 0.24999969, 0.27344534, 0.33421153, 0.34740391, 0.34907287, 0.34923404, 0.34927869, 0.34929174, 0.24535529E-1
0.86294353E-1, 0.76011159E-1, 0.22805627E-1, 0.0000000, 0.0000000, 0.0000000, 2.0442009, 7.8739057, 9.7286806, 19.814274, 19.846540, 19.855728, 19.858358, 0.24994497, 0.24999589, 0.24999969, 0.27043855, 0.32873237, 0.34728408, 0.34907138, 0.34923270, 0.34927863, 0.34929180, 0.22805627E-1
0.85941464E-1, 0.71749605E-1, 0.21527035E-1, 0.0000000, 0.0000000, 0.0000000, 1.8388033, 7.4272609, 9.7436047, 19.818176, 19.847485, 19.856012, 19.858433, 0.24994497, 0.24999589, 0.24999969, 0.26838484, 0.32426614, 0.34743321, 0.34909087, 0.34923741, 0.34928006, 0.34929216, 0.21527035E-1
0.85605375E-1, 0.67690983E-1, 0.20309325E-1, 0.0000000, 0.0000000, 0.0000000, 1.6430855, 7.0055633, 9.7467928, 19.820696, 19.848129, 19.856236, 19.858458, 0.24994497, 0.24999589, 0.24999969, 0.26642835, 0.32005030, 0.34746546, 0.34910348, 0.34924066, 0.34928119, 0.34929228, 0.20309325E-1
0.85299060E-1, 0.63991889E-1, 0.19199487E-1, 0.0000000, 0.0000000, 0.0000000, 1.4643371, 6.6207895, 9.7549753, 19.822227, 19.848581, 19.856365, 19.858463, 0.24994497, 0.24999589, 0.24999969, 0.26464021, 0.31620073, 0.34754622, 0.34911114, 0.34924290, 0.34928182, 0.34929231, 0.19199487E-1
0.84987834E-1, 0.60233545E-1, 0.18071871E-1, 0.0000000, 0.0000000, 0.0000000, 1.2845039, 6.2289796, 9.7526903, 19.823084, 19.848846, 19.856436, 19.858463, 0.24994497, 0.24999589, 0.24999969, 0.26284304, 0.31228492, 0.34752437, 0.34911543, 0.34924424, 0.34928218, 0.34929231, 0.18071871E-1
0.84692955E-1, 0.56672506E-1, 0.17003452E-1, 0.0000000, 0.0000000, 0.0000000, 1.1239231, 5.8379011, 9.7514248, 19.824961, 19.849373, 19.856581, 19.858469, 0.24994497, 0.24999589, 0.24999969, 0.26123807, 0.30837601, 0.34751257, 0.34912479, 0.34924686, 0.34928292, 0.34929234, 0.17003452E-1
0.84408283E-1, 0.53234853E-1, 0.15972054E-1, 0.0000000, 0.0000000, 0.0000000, 0.98405778, 5.4333186, 9.7427053, 19.828209, 19.850277, 19.856775, 19.858511, 0.24994497, 0.24999589, 0.24999969, 0.25983876, 0.30432814, 0.34742406, 0.34914106, 0.34925139, 0.34928387, 0.34929255, 0.15972054E-1
0.84172018E-1, 0.50381660E-1, 0.15116010E-1, 0.0000000, 0.0000000, 0.0000000, 0.87851882, 5.0709119, 9.7493916, 19.832144, 19.851370, 19.857071, 19.858587, 0.24994497, 0.24999589, 0.24999969, 0.25878444, 0.30070698, 0.34749255, 0.34916073, 0.34925684, 0.34928536, 0.34929293, 0.15116010E-1
0.10374070, 0.28669474, 0.86017027E-1, 1.4261425, 0.0000000, 0.0000000, 0.81841350, 4.9146900, 9.8075056, 19.833889, 19.851910, 19.857225, 19.858641, 0.26425722, 0.24999589, 0.24999969, 0.25818399, 0.29914644, 0.34807476, 0.34916943, 0.34925956, 0.34928614, 0.34929320, 0.86017027E-1
0.88803500E-1, 0.10631182, 0.31896736E-1, 0.37068129, 0.0000000, 0.0000000, 0.69326162, 4.7329421, 9.8108997, 19.830553, 19.851082, 19.857006, 19.858587, 0.25356397, 0.24999589, 0.24999969, 0.25691378, 0.29731750, 0.34810245, 0.34915191, 0.34925520, 0.34928498, 0.34929290, 0.31896736E-1
0.83576739E-1, 0.43193009E-1, 0.12959199E-1, 0.0000000, 0.0000000, 0.0000000, 0.50568283, 4.3775907, 9.7543173, 19.825413, 19.849749, 19.856659, 19.858500, 0.24995925, 0.24999589, 0.24999969, 0.25505558, 0.29377046, 0.34753913, 0.34912705, 0.34924874, 0.34928328, 0.34929249, 0.12959199E-1
0.83207265E-1, 0.38731255E-1, 0.11620538E-1, 0.0000000, 0.0000000, 0.0000000, 0.31201541, 3.8888247, 9.7079983, 19.821325, 19.848618, 19.856335, 19.858433, 0.24995925, 0.24999589, 0.24999969, 0.25311580, 0.28888059, 0.34707418, 0.34910646, 0.34924307, 0.34928167, 0.34929216, 0.11620538E-1
0.82792118E-1, 0.33717878E-1, 0.10116375E-1, 0.0000000, 0.0000000, 0.0000000, 0.10302663, 3.3144493, 9.6778698, 19.815872, 19.847067, 19.855951, 19.858347, 0.24995925, 0.24999589, 0.24999969, 0.25102517, 0.28313524, 0.34677076, 0.34907916, 0.34923527, 0.34927973, 0.34929174, 0.10116375E-1
0.82504526E-1, 0.30244928E-1, 0.90743862E-2, 0.0000000, 0.0000000, 0.0000000, 0.0000000, 2.8875530, 9.4955826, 19.811161, 19.845707, 19.855602, 19.858282, 0.24995925, 0.24999589, 0.24999969, 0.24999796, 0.27885020, 0.34493712, 0.34905437, 0.34922814, 0.34927791, 0.34929138, 0.90743862E-2
0.82345240E-1, 0.28321365E-1, 0.84972596E-2, 0.0000000, 0.0000000, 0.0000000, 0.0000000, 2.6047587, 9.1839304, 19.810335, 19.845346, 19.855505, 19.858292, 0.24995925, 0.24999589, 0.24999969, 0.24999796, 0.27603817, 0.34183067, 0.34905136, 0.34922665, 0.34927750, 0.34929144, 0.84972596E-2
0.82186960E-1, 0.26409976E-1, 0.79237856E-2, 0.0000000, 0.0000000, 0.0000000, 0.0000000, 2.3293495, 8.8624859, 19.810045, 19.845160, 19.855463, 19.858297, 0.24995925, 0.24999589, 0.24999969, 0.24999796, 0.27328628, 0.33861685, 0.34905007, 0.34922576, 0.34927732, 0.34929150, 0.79237856E-2
0.82057133E-1, 0.24842182E-1, 0.74534002E-2, 0.0000000, 0.0000000, 0.0000000, 0.0000000, 2.1034927, 8.5993881, 19.807316, 19.844351, 19.855257, 19.858259, 0.24995925, 0.24999589, 0.24999969, 0.24999796, 0.27102771, 0.33598486, 0.34903648, 0.34922174, 0.34927627, 0.34929129, 0.74534002E-2
0.81910953E-1, 0.23076825E-1, 0.69237398E-2, 0.0000000, 0.0000000, 0.0000000, 0.0000000, 1.8522471, 8.3028688, 19.802189, 19.842873, 19.854868, 19.858152, 0.24995925, 0.24999589, 0.24999969, 0.24999796, 0.26849005, 0.33300465, 0.34900865, 0.34921378, 0.34927419, 0.34929073, 0.69237398E-2
0.81759989E-1, 0.21253830E-1, 0.63767866E-2, 0.0000000, 0.0000000, 0.0000000, 0.0000000, 1.5956849, 7.9755793, 19.798773, 19.841808, 19.854597, 19.858065, 0.24995925, 0.24999589, 0.24999969, 0.24999796, 0.26593316, 0.32973626, 0.34899226, 0.34920862, 0.34927288, 0.34929028, 0.63767866E-2
0.81610762E-1, 0.19451682E-1, 0.58360882E-2, 0.0000000, 0.0000000, 0.0000000, 0.0000000, 1.3474226, 7.6378121, 19.795919, 19.840872, 19.854319, 19.857988, 0.24995925, 0.24999589, 0.24999969, 0.24999796, 0.26345348, 0.32636130, 0.34897807, 0.34920397, 0.34927151, 0.34928992, 0.58360882E-2
0.81455372E-1, 0.17575225E-1, 0.52730949E-2, 0.0000000, 0.0000000, 0.0000000, 0.0000000, 1.0991633, 7.2575164, 19.794756, 19.840416, 19.854189, 19.857977, 0.24995925, 0.24999589, 0.24999969, 0.24999796, 0.26096863, 0.32255602, 0.34897205, 0.34920165, 0.34927082, 0.34928986, 0.52730949E-2
0.81313893E-1, 0.15866674E-1, 0.47604786E-2, 0.0000000, 0.0000000, 0.0000000, 0.0000000, 0.88080168, 6.8851504, 19.795277, 19.840395, 19.854197, 19.857977, 0.24995925, 0.24999589, 0.24999969, 0.24999796, 0.25879180, 0.31883416, 0.34897527, 0.34920168, 0.34927091, 0.34928986, 0.47604786E-2
0.81174836E-1, 0.14187433E-1, 0.42566555E-2, 0.0000000, 0.0000000, 0.0000000, 0.0000000, 0.67267716, 6.5032883, 19.794470, 19.840124, 19.854130, 19.857977, 0.24995925, 0.24999589, 0.24999969, 0.24999796, 0.25670639, 0.31501395, 0.34897074, 0.34920019, 0.34927052, 0.34928986, 0.42566555E-2
0.81055909E-1, 0.12751313E-1, 0.38257765E-2, 0.0000000, 0.0000000, 0.0000000, 0.0000000, 0.50525963, 6.1415772, 19.796898, 19.840714, 19.854273, 19.858034, 0.24995925, 0.24999589, 0.24999969, 0.24999796, 0.25503898, 0.31139860, 0.34898347, 0.34920329, 0.34927130, 0.34929013, 0.38257765E-2
0.80937229E-1, 0.11318124E-1, 0.33957767E-2, 0.0000000, 0.0000000, 0.0000000, 0.0000000, 0.35869479, 5.7170615, 19.801708, 19.842020, 19.854618, 19.858088, 0.24995925, 0.24999589, 0.24999969, 0.24999796, 0.25358504, 0.30716041, 0.34900853, 0.34921008, 0.34927309, 0.34929043, 0.33957767E-2
0.80854714E-1, 0.10321584E-1, 0.30967849E-2, 0.0000000, 0.0000000, 0.0000000, 0.0000000, 0.26562214, 5.3976874, 19.808290, 19.843874, 19.855116, 19.858204, 0.24995925, 0.24999589, 0.24999969, 0.24999796, 0.25265521, 0.30397007, 0.34904146, 0.34921938, 0.34927559, 0.34929103, 0.30967849E-2
0.80753788E-1, 0.91028502E-2, 0.27311281E-2, 0.0000000, 0.0000000, 0.0000000, 0.0000000, 0.15970170, 4.9837151, 19.810898, 19.844740, 19.855373, 19.858276, 0.24995925, 0.24999589, 0.24999969, 0.24999796, 0.25159660, 0.29983276, 0.34905449, 0.34922370, 0.34927687, 0.34929138, 0.27311281E-2
0.80666989E-1, 0.80546038E-2, 0.24166228E-2, 0.0000000, 0.0000000, 0.0000000, 0.0000000, 0.81706047E-1, 4.5886250, 19.814461, 19.845856, 19.855675, 19.858358, 0.24995925, 0.24999589, 0.24999969, 0.24999796, 0.25081682, 0.29588199, 0.34907231, 0.34922928, 0.34927839, 0.34929180, 0.24166228E-2
0.80580629E-1, 0.70117656E-2, 0.21037401E-2, 0.0000000, 0.0000000, 0.0000000, 0.0000000, 0.0000000, 4.2079558, 19.812813, 19.845572, 19.855612, 19.858322, 0.24995925, 0.24999589, 0.24999969, 0.24999796, 0.24999993, 0.29207480, 0.34906405, 0.34922785, 0.34927806, 0.34929162, 0.21037401E-2
0.80533512E-1, 0.64427471E-2, 0.19330175E-2, 0.0000000, 0.0000000, 0.0000000, 0.0000000, 0.0000000, 3.8679669, 19.811064, 19.845177, 19.855518, 19.858292, 0.24995925, 0.24999589, 0.24999969, 0.24999796, 0.24999993, 0.28866035, 0.34905383, 0.34922549, 0.34927750, 0.34929141, 0.19330175E-2
0.80478914E-1, 0.57834019E-2, 0.17351941E-2, 0.0000000, 0.0000000, 0.0000000, 0.0000000, 0.0000000, 3.4707618, 19.812479, 19.845600, 19.855629, 19.858334, 0.24995925, 0.24999589, 0.24999969, 0.24999796, 0.24999993, 0.28470388, 0.34906238, 0.34922799, 0.34927815, 0.34929168, 0.17351941E-2
0.83158486E-1, 0.38142122E-1, 0.11443782E-1, 0.19646287, 0.0000000, 0.0000000, 0.0000000, 0.0000000, 3.3132198, 19.818779, 19.847345, 19.856064, 19.858463, 0.25195745, 0.24999589, 0.24999969, 0.24999796, 0.24999993, 0.28313097, 0.34909388, 0.34923673, 0.34928033, 0.34929231, 0.11443782E-1
0.80434561E-1, 0.52478234E-2, 0.15745045E-2, 0.0000000, 0.0000000, 0.0000000, 0.0000000, 0.0000000, 3.1492479, 19.822729, 19.848501, 19.856365, 19.858486, 0.24980459, 0.24999589, 0.24999969, 0.24999796, 0.24999993, 0.28149009, 0.34911364, 0.34924251, 0.34928182, 0.34929243, 0.15745045E-2
0.80397807E-1, 0.48039719E-2, 0.14413358E-2, 0.0000000, 0.0000000, 0.0000000, 0.0000000, 0.0000000, 2.8831272, 19.800346, 19.847532, 19.856127, 19.858406, 0.24980459, 0.24999589, 0.24999969, 0.24999796, 0.24999993, 0.27882671, 0.34900174, 0.34923765, 0.34928063, 0.34929204, 0.14413358E-2
0.80357864E-1, 0.43215952E-2, 0.12966082E-2, 0.0000000, 0.0000000, 0.0000000, 0.0000000, 0.0000000, 2.5955915, 19.751312, 19.845501, 19.855570, 19.858292, 0.24980459, 0.24999589, 0.24999969, 0.24999796, 0.24999993, 0.27593216, 0.34875423, 0.34922689, 0.34927770, 0.34929141, 0.12966082E-2
0.80319092E-1, 0.38533828E-2, 0.11561305E-2, 0.0000000, 0.0000000, 0.0000000, 0.0000000, 0.0000000, 2.3155541, 19.698631, 19.843410, 19.855021, 19.858170, 0.24980459, 0.24999589, 0.24999969, 0.24999796, 0.24999993, 0.27312261, 0.34849006, 0.34921625, 0.34927490, 0.34929079, 0.11561305E-2
0.12034726, 0.48723698, 0.14618571, 2.9173851, 0.0000000, 0.0000000, 0.0000000, 0.0000000, 2.2209466, 19.660267, 19.845093, 19.855467, 19.858288, 0.27901509, 0.24999589, 0.24999969, 0.24999796, 0.24999993, 0.27220443, 0.34830046, 0.34922522, 0.34927726, 0.34929141, 0.14618571
0.18189228, 1.0000000, 0.36917487, 2.4952936, 3.7375877, 5.9618359, 8.0769186, 9.2459898, 9.5120564, 19.713627, 19.847445, 19.856070, 19.858463, 0.27495286, 0.28737578, 0.30961829, 0.33076915, 0.34245989, 0.34512055, 0.34856814, 0.34923723, 0.34928036, 0.34929231, 0.36917487
0.14738664, 0.81376696, 0.24415450, 1.4718235, 1.7844647, 4.6348119, 9.4271269, 9.5832491, 9.7168684, 19.759562, 19.848104, 19.856272, 19.858469, 0.26471737, 0.26784402, 0.29634732, 0.34427094, 0.34583232, 0.34716862, 0.34879780, 0.34924051, 0.34928137, 0.34929234, 0.24415450
0.13812533, 0.70192641, 0.21059899, 1.1177152, 1.5815675, 3.9358802, 9.6021347, 9.7006826, 9.7856636, 19.789530, 19.849857, 19.856730, 19.858562, 0.26117477, 0.26581365, 0.28935626, 0.34602013, 0.34700620, 0.34785643, 0.34894764, 0.34924930, 0.34928364, 0.34929281, 0.21059899
0.11720671, 0.44931141, 0.13480690, 0.20657182, 1.0151356, 3.0557911, 9.5803490, 9.7000113, 9.7948189, 19.802917, 19.849850, 19.856705, 19.858553, 0.25206566, 0.26015121, 0.28055769, 0.34580335, 0.34700006, 0.34794816, 0.34901458, 0.34924924, 0.34928352, 0.34929276, 0.13480690
0.10811440, 0.33951193, 0.10186376, 0.0000000, 0.51116347, 2.6262879, 9.2229328, 9.7099638, 9.8028450, 19.810307, 19.849596, 19.856634, 19.858517, 0.24998420, 0.25511155, 0.27626267, 0.34222919, 0.34709954, 0.34802842, 0.34905154, 0.34924799, 0.34928316, 0.34929258, 0.10186376
0.11336884, 0.40296504, 0.12090160, 0.70557892, 0.14113486, 2.3909955, 8.9054308, 9.7400284, 9.8176231, 19.816381, 19.849800, 19.856665, 19.858505, 0.25695384, 0.25136042, 0.27388132, 0.33903903, 0.34739241, 0.34817243, 0.34908128, 0.34924886, 0.34928331, 0.34929252, 0.12090160
0.14324163, 0.76371139, 0.22913633, 2.2731793, 1.2207644, 2.2206843, 8.6620665, 9.7632875, 9.8299065, 19.822073, 19.850443, 19.856802, 19.858562, 0.27273148, 0.26220757, 0.27220675, 0.33662060, 0.34763286, 0.34829906, 0.34911036, 0.34925222, 0.34928399, 0.34929281, 0.22913633
0.12846074, 0.58521610, 0.17558239, 1.5168786, 0.86463094, 2.0117788, 8.4032001, 9.7649879, 9.8326368, 19.825199, 19.850710, 19.856871, 19.858580, 0.26500368, 0.25856256, 0.27007443, 0.33400953, 0.34763834, 0.34832060, 0.34912497, 0.34925327, 0.34928429, 0.34929287, 0.17558239
0.11415553, 0.41246510, 0.12375191, 0.76221228, 0.50431192, 1.7784029, 8.1148968, 9.7565145, 9.8309860, 19.827271, 19.850903, 19.856955, 19.858593, 0.25761375, 0.25503901, 0.26778126, 0.33114716, 0.34756413, 0.34830946, 0.34913632, 0.34925452, 0.34928477, 0.34929296, 0.12375191
0.97638719E-1, 0.21300673, 0.63908413E-1, 0.0000000, 0.0000000, 1.4190972, 7.7108645, 9.7230148, 9.8163767, 19.824472, 19.849926, 19.856705, 19.858528, 0.24997503, 0.24999769, 0.26418924, 0.32710677, 0.34722894, 0.34816340, 0.34912235, 0.34924963, 0.34928352, 0.34929264, 0.63908413E-1
0.95502421E-1, 0.18720864, 0.56168210E-1, 0.0000000, 0.0000000, 1.0121018, 7.2029510, 9.6910477, 9.8014174, 19.820705, 19.848736, 19.856365, 19.858458, 0.24997503, 0.24999769, 0.26008669, 0.32200933, 0.34689951, 0.34800905, 0.34910277, 0.34924346, 0.34928176, 0.34929228, 0.56168210E-1
0.94480716E-1, 0.17487037, 0.52466359E-1, 0.0000000, 0.0000000, 0.83064437, 6.8410997, 9.7181196, 9.8147554, 19.825130, 19.849749, 19.856647, 19.858500, 0.24997503, 0.24999769, 0.25830591, 0.31841013, 0.34718058, 0.34814736, 0.34912565, 0.34924874, 0.34928325, 0.34929249, 0.52466359E-1
0.92872284E-1, 0.15544681, 0.46638709E-1, 0.0000000, 0.0000000, 0.53467453, 6.3897777, 9.6995115, 9.8065405, 19.823618, 19.849281, 19.856518, 19.858463, 0.24997503, 0.24999769, 0.25534543, 0.31389469, 0.34699276, 0.34806460, 0.34911808, 0.34924641, 0.34928259, 0.34929231, 0.46638709E-1
0.91749936E-1, 0.14189322, 0.42572226E-1, 0.0000000, 0.0000000, 0.35221577, 5.9485135, 9.6948643, 9.8068819, 19.826870, 19.850084, 19.856728, 19.858500, 0.24997503, 0.24999769, 0.25352138, 0.30948254, 0.34694654, 0.34806812, 0.34913436, 0.34925044, 0.34928364, 0.34929249, 0.42572226E-1
0.90750732E-1, 0.12982677, 0.38951926E-1, 0.0000000, 0.0000000, 0.19618273, 5.5205832, 9.6960354, 9.8086519, 19.829479, 19.850763, 19.856899, 19.858547, 0.24997503, 0.24999769, 0.25196159, 0.30520451, 0.34695920, 0.34808615, 0.34914738, 0.34925383, 0.34928450, 0.34929273, 0.38951926E-1
0.89558847E-1, 0.11543345, 0.34633499E-1, 0.0000000, 0.0000000, 0.95278025E-2, 5.0264878, 9.6747370, 9.7997961, 19.829453, 19.850773, 19.856907, 19.858557, 0.24997503, 0.24999769, 0.25009525, 0.30026305, 0.34674561, 0.34799737, 0.34914726, 0.34925386, 0.34928453, 0.34929278, 0.34633499E-1
0.89118302E-1, 0.11011343, 0.33037335E-1, 0.0000000, 0.0000000, 0.0000000, 4.5416117, 9.6757851, 9.7981796, 19.827446, 19.850262, 19.856775, 19.858511, 0.24997503, 0.24999769, 0.24999985, 0.29541555, 0.34675726, 0.34798160, 0.34913725, 0.34925130, 0.34928387, 0.34929255, 0.33037335E-1
0.88715777E-1, 0.10525252, 0.31578913E-1, 0.0000000, 0.0000000, 0.0000000, 4.0571785, 9.6731844, 9.7959204, 19.825546, 19.849754, 19.856647, 19.858475, 0.24997503, 0.24999769, 0.24999985, 0.29057106, 0.34673098, 0.34795892, 0.34912774, 0.34924877, 0.34928325, 0.34929237, 0.31578913E-1
0.88301510E-1, 0.10024978, 0.30077944E-1, 0.0000000, 0.0000000, 0.0000000, 3.5634103, 9.6620636, 9.7913980, 19.824970, 19.849566, 19.856598, 19.858463, 0.24997503, 0.24999769, 0.24999985, 0.28563204, 0.34661785, 0.34791303, 0.34912485, 0.34924781, 0.34928298, 0.34929231, 0.30077944E-1
0.88014558E-1, 0.96784502E-1, 0.29038256E-1, 0.0000000, 0.0000000, 0.0000000, 3.1939108, 9.7017851, 9.8083086, 19.827223, 19.850149, 19.856728, 19.858480, 0.24997503, 0.24999769, 0.24999985, 0.28193855, 0.34701699, 0.34808278, 0.34913611, 0.34925073, 0.34928364, 0.34929240, 0.29038256E-1
0.87829679E-1, 0.94551936E-1, 0.28368417E-1, 0.0000000, 0.0000000, 0.0000000, 2.9864371, 9.6655674, 9.8232861, 19.831175, 19.851210, 19.857012, 19.858568, 0.24997503, 0.24999769, 0.24999985, 0.27986282, 0.34665313, 0.34823200, 0.34915587, 0.34925604, 0.34928507, 0.34929284, 0.28368417E-1
0.90353236E-1, 0.12502660, 0.37511732E-1, 0.19972622, 0.0000000, 0.0000000, 2.8155832, 9.4490356, 9.8118591, 19.827223, 19.850208, 19.856775, 19.858511, 0.25199711, 0.24999769, 0.24999985, 0.27815571, 0.34449014, 0.34811854, 0.34913611, 0.34925103, 0.34928387, 0.34929255, 0.37511732E-1
0.87434925E-1, 0.89784853E-1, 0.26938150E-1, 0.0000000, 0.0000000, 0.0000000, 2.7063489, 9.2744465, 9.8201761, 19.828566, 19.850569, 19.856852, 19.858547, 0.24999617, 0.24999769, 0.24999985, 0.27705741, 0.34273961, 0.34819967, 0.34914261, 0.34925279, 0.34928426, 0.34929273, 0.26938150E-1
0.87235250E-1, 0.87373547E-1, 0.26214685E-1, 0.0000000, 0.0000000, 0.0000000, 2.5668323, 9.0717049, 9.8155050, 19.827850, 19.850355, 19.856800, 19.858522, 0.24999617, 0.24999769, 0.24999985, 0.27566645, 0.34071371, 0.34815386, 0.34913924, 0.34925178, 0.34928399, 0.34929261, 0.26214685E-1
0.87120801E-1, 0.85991405E-1, 0.25800003E-1, 0.0000000, 0.0000000, 0.0000000, 2.5005162, 8.9307680, 9.8293028, 19.831923, 19.851463, 19.857096, 19.858604, 0.24999617, 0.24999769, 0.24999985, 0.27497497, 0.33928871, 0.34828407, 0.34915829, 0.34925699, 0.34928539, 0.34929299, 0.25800003E-1
0.86998776E-1, 0.84517799E-1, 0.25357876E-1, 0.0000000, 0.0000000, 0.0000000, 2.4270682, 8.7758608, 9.8312674, 19.835419, 19.852434, 19.857336, 19.858688, 0.24999617, 0.24999769, 0.24999985, 0.27426475, 0.33775291, 0.34831026, 0.34917691, 0.34926212, 0.34928668, 0.34929344, 0.25357876E-1
0.86829819E-1, 0.82477540E-1, 0.24745736E-1, 0.0000000, 0.0000000, 0.0000000, 2.3178637, 8.5869455, 9.8243723, 19.835749, 19.852577, 19.857367, 19.858698, 0.24999617, 0.24999769, 0.24999985, 0.27317789, 0.33586806, 0.34824318, 0.34917873, 0.34926289, 0.34928682, 0.34929350, 0.24745736E-1
0.86688809E-1, 0.80774643E-1, 0.24234816E-1, 0.0000000, 0.0000000, 0.0000000, 2.2248447, 8.4311171, 9.8289471, 19.835722, 19.852608, 19.857370, 19.858675, 0.24999617, 0.24999769, 0.24999985, 0.27224705, 0.33430853, 0.34828842, 0.34917861, 0.34926304, 0.34928685, 0.34929338, 0.24234816E-1
0.86574197E-1, 0.79390556E-1, 0.23819549E-1, 0.0000000, 0.0000000, 0.0000000, 2.1512957, 8.2998257, 9.8356686, 19.836685, 19.852890, 19.857449, 19.858709, 0.24999617, 0.24999769, 0.24999985, 0.27150887, 0.33299425, 0.34835497, 0.34918332, 0.34926441, 0.34928724, 0.34929353, 0.23819549E-1
0.86319774E-1, 0.76318167E-1, 0.22897741E-1, 0.0000000, 0.0000000, 0.0000000, 1.9700915, 8.0561380, 9.8081350, 19.831062, 19.851418, 19.857111, 19.858587, 0.24999617, 0.24999769, 0.24999985, 0.26969966, 0.33055884, 0.34808031, 0.34915531, 0.34925708, 0.34928554, 0.34929293, 0.22897741E-1
0.86035393E-1, 0.72883971E-1, 0.21867378E-1, 0.0000000, 0.0000000, 0.0000000, 1.7799288, 7.7580633, 9.7876644, 19.827288, 19.850380, 19.856812, 19.858528, 0.24999617, 0.24999769, 0.24999985, 0.26779145, 0.32757497, 0.34787393, 0.34913611, 0.34925181, 0.34928402, 0.34929264, 0.21867378E-1
0.85760325E-1, 0.69562197E-1, 0.20870747E-1, 0.0000000, 0.0000000, 0.0000000, 1.6134441, 7.4279160, 9.7774172, 19.827406, 19.850344, 19.856775, 19.858517, 0.24999617, 0.24999769, 0.24999985, 0.26613420, 0.32427859, 0.34777394, 0.34913704, 0.34925172, 0.34928387, 0.34929258, 0.20870747E-1
0.85602790E-1, 0.67659780E-1, 0.20299964E-1, 0.0000000, 0.0000000, 0.0000000, 1.5295625, 7.2079902, 9.7997484, 19.831318, 19.851351, 19.857048, 19.858587, 0.24999617, 0.24999769, 0.24999985, 0.26529479, 0.32207796, 0.34799662, 0.34915659, 0.34925675, 0.34928524, 0.34929293, 0.20299964E-1
0.99025533E-1, 0.22975402, 0.68933100E-1, 0.97967684, 0.0000000, 0.0000000, 1.4755905, 7.0750718, 9.8260841, 19.834501, 19.852205, 19.857283, 19.858664, 0.25979614, 0.24999769, 0.24999985, 0.26475585, 0.32075059, 0.34826079, 0.34917250, 0.34926102, 0.34928641, 0.34929332, 0.68933100E-1
0.12334420, 0.52342832, 0.15704420, 2.2703676, 0.79599023, 0.0000000, 1.4236093, 6.9703383, 9.8408995, 19.836527, 19.852779, 19.857420, 19.858709, 0.27270356, 0.25795987, 0.24999985, 0.26423609, 0.31970340, 0.34840900, 0.34918264, 0.34926391, 0.34928709, 0.34929353, 0.15704420
0.11545360, 0.42814079, 0.12845509, 1.8172204, 0.60755014, 0.0000000, 1.3762832, 6.8774266, 9.8490648, 19.838375, 19.853296, 19.857578, 19.858709, 0.26817185, 0.25607544, 0.24999985, 0.26376280, 0.31877425, 0.34849063, 0.34919187, 0.34926647, 0.34928790, 0.34929353, 0.12845509
0.10641851, 0.31903213, 0.95719211E-1, 1.3018578, 0.38605630, 0.0000000, 1.3184339, 6.7798862, 9.8508816, 19.838999, 19.853504, 19.857649, 19.858709, 0.26301751, 0.25386038, 0.24999985, 0.26318428, 0.31779867, 0.34850872, 0.34919500, 0.34926751, 0.34928825, 0.34929353, 0.95719211E-1
0.96691109E-1, 0.20156330, 0.60475037E-1, 0.77909827, 0.97322464E-1, 0.0000000, 1.2363940, 6.6512356, 9.8414612, 19.838036, 19.853273, 19.857590, 19.858688, 0.25778979, 0.25097314, 0.24999985, 0.26236382, 0.31651205, 0.34841445, 0.34919018, 0.34926635, 0.34928796, 0.34929344, 0.60475037E-1
0.88636354E-1, 0.10429338, 0.31291146E-1, 0.26137829, 0.0000000, 0.0000000, 1.1673301, 6.5347090, 9.8425636, 19.838057, 19.853279, 19.857592, 19.858704, 0.25261319, 0.24999593, 0.24999985, 0.26167315, 0.31534663, 0.34842542, 0.34919029, 0.34926641, 0.34928796, 0.34929353, 0.31291146E-1
0.84887303E-1, 0.59019547E-1, 0.17707635E-1, 0.0000000, 0.0000000, 0.0000000, 1.0713935, 6.3852229, 9.8326578, 19.836334, 19.852837, 19.857471, 19.858669, 0.24996983, 0.24999593, 0.24999985, 0.26071307, 0.31384966, 0.34832525, 0.34918168, 0.34926417, 0.34928736, 0.34929335, 0.17707635E-1
0.84673472E-1, 0.56437295E-1, 0.16932882E-1, 0.0000000, 0.0000000, 0.0000000, 0.92182457, 6.1777954, 9.8112316, 19.830997, 19.851429, 19.857105, 19.858593, 0.24996983, 0.24999593, 0.24999985, 0.25920659, 0.31176996, 0.34810820, 0.34915447, 0.34925699, 0.34928551, 0.34929296, 0.16932882E-1
0.84546112E-1, 0.54899298E-1, 0.16471436E-1, 0.0000000, 0.0000000, 0.0000000, 0.83886981, 6.0337024, 9.8247766, 19.831619, 19.851553, 19.857147, 19.858604, 0.24996983, 0.24999593, 0.24999985, 0.25836894, 0.31032458, 0.34824133, 0.34915721, 0.34925753, 0.34928566, 0.34929299, 0.16471436E-1
0.14563312, 0.79259121, 0.23780115, 2.2763610, 2.2823155, 2.3214221, 2.2820652, 5.9507284, 9.8464451, 19.835749, 19.852625, 19.857409, 19.858698, 0.27276316, 0.27282289, 0.27321410, 0.27282062, 0.30950725, 0.34846443, 0.34917873, 0.34926313, 0.34928703, 0.34929350, 0.23780115
0.16998093, 1.0000000, 0.32601786, 2.0077944, 2.6669593, 6.5601187, 9.3137808, 9.5651131, 9.8603554, 19.839617, 19.853651, 19.857685, 19.858709, 0.27007776, 0.27666944, 0.31560099, 0.34313774, 0.34565109, 0.34860355, 0.34919807, 0.34926826, 0.34928843, 0.34929353, 0.32601786
0.22176304, 1.0000000, 0.51363420, 2.4900038, 6.6626134, 9.3863258, 9.6321430, 9.7544937, 9.8658457, 19.841675, 19.854227, 19.857824, 19.858709, 0.27490002, 0.31662607, 0.34386319, 0.34632143, 0.34754494, 0.34865844, 0.34920838, 0.34927112, 0.34928912, 0.34929353, 0.51363420
0.19991098, 1.0000000, 0.43446007, 1.6484678, 5.3749824, 9.4986868, 9.6668606, 9.7734585, 9.8524313, 19.837511, 19.853163, 19.857534, 19.858646, 0.26644516, 0.30372867, 0.34497556, 0.34666321, 0.34773183, 0.34852293, 0.34918731, 0.34926575, 0.34928766, 0.34929323, 0.43446007
0.17644605, 1.0000000, 0.34944218, 0.71739852, 4.1290960, 9.4973898, 9.6658325, 9.7687731, 9.8414097, 19.833097, 19.851994, 19.857225, 19.858587, 0.25698403, 0.29119238, 0.34492233, 0.34663272, 0.34767467, 0.34840745, 0.34916431, 0.34925967, 0.34928605, 0.34929290, 0.34944218
0.15762919, 0.93745697, 0.28126523, 0.79125166E-2, 2.9983115, 9.5138884, 9.6757946, 9.7709846, 9.8395014, 19.831861, 19.851629, 19.857130, 19.858580, 0.25002435, 0.27995339, 0.34512183, 0.34675011, 0.34770581, 0.34839302, 0.34915894, 0.34925807, 0.34928563, 0.34929290, 0.28126523
0.19016704, 1.0000000, 0.39915594, 2.4751306, 2.9178441, 9.2656870, 9.7469559, 9.8096132, 9.8565187, 19.836857, 19.852926, 19.857449, 19.858692, 0.27475077, 0.27917805, 0.34265625, 0.34746945, 0.34809607, 0.34856516, 0.34918427, 0.34926462, 0.34928724, 0.34929347, 0.39915594
0.18118489, 1.0000000, 0.36661187, 2.0578921, 2.6898713, 8.9415703, 9.7513409, 9.8140612, 9.8587132, 19.838203, 19.853310, 19.857578, 19.858709, 0.27057818, 0.27689815, 0.33941475, 0.34751320, 0.34814048, 0.34858710, 0.34919101, 0.34926656, 0.34928790, 0.34929353, 0.36661187
0.17693286, 1.0000000, 0.35120600, 1.8676400, 2.5883884, 8.7440462, 9.7796249, 9.8303776, 9.8663702, 19.841145, 19.854116, 19.857796, 19.858709, 0.26867577, 0.27588338, 0.33743960, 0.34779605, 0.34830368, 0.34866366, 0.34920573, 0.34927058, 0.34928897, 0.34929353, 0.35120600
0.17087793, 1.0000000, 0.32926786, 1.5904903, 2.4342270, 8.5124731, 9.7832117, 9.8336210, 9.8683205, 19.842628, 19.854509, 19.857880, 19.858709, 0.26590443, 0.27434185, 0.33512399, 0.34783193, 0.34833613, 0.34868318, 0.34921315, 0.34927255, 0.34928939, 0.34929353, 0.32926786
0.15857065, 0.94882584, 0.28467622, 1.1106938, 2.0216823, 7.9787226, 9.7259474, 9.8032122, 9.8558025, 19.840267, 19.853928, 19.857700, 19.858675, 0.26110691, 0.27021679, 0.32978714, 0.34725943, 0.34803212, 0.34855801, 0.34920132, 0.34926963, 0.34928849, 0.34929338, 0.28467622
0.14009757, 0.72574347, 0.21774483, 0.27350187, 1.5228003, 7.3171358, 9.6821241, 9.7768888, 9.8435383, 19.836346, 19.852901, 19.857412, 19.858629, 0.25273484, 0.26522744, 0.32316998, 0.34682089, 0.34776872, 0.34843531, 0.34918171, 0.34926450, 0.34928706, 0.34929314, 0.21774483
0.15249312, 0.87543327, 0.26265624, 1.3023496, 1.4276892, 7.0554848, 9.7464609, 9.8108664, 9.8584499, 19.839895, 19.853804, 19.857666, 19.858709, 0.26302254, 0.26427627, 0.32055330, 0.34746420, 0.34810844, 0.34858444, 0.34919947, 0.34926903, 0.34928834, 0.34929353, 0.26265624
0.13267186, 0.63606989, 0.19084005, 0.50763786, 0.78087747, 6.2361231, 9.6469355, 9.7560101, 9.8333158, 19.832550, 19.851875, 19.857178, 19.858574, 0.25507626, 0.25780869, 0.31236082, 0.34646922, 0.34756005, 0.34833312, 0.34916276, 0.34925938, 0.34928590, 0.34929287, 0.19084005
0.11777094, 0.45612511, 0.13685122, 0.0000000, 0.26657879, 5.3661981, 9.6164980, 9.7351875, 9.8233175, 19.829020, 19.850885, 19.856930, 19.858522, 0.24998713, 0.25266564, 0.30366039, 0.34616441, 0.34735158, 0.34823307, 0.34914511, 0.34925443, 0.34928465, 0.34929261, 0.13685122
0.11359023, 0.40563855, 0.12170374, 0.0000000, 0.46896935E-1, 4.7835226, 9.6629639, 9.7602367, 9.8347435, 19.831837, 19.851576, 19.857119, 19.858580, 0.24998713, 0.25046894, 0.29783368, 0.34662902, 0.34760204, 0.34834731, 0.34915918, 0.34925789, 0.34928560, 0.34929290, 0.12170374
0.14932668, 0.83719510, 0.25118366, 2.1238804, 0.93751848, 4.5340605, 9.7412987, 9.8050985, 9.8546228, 19.836939, 19.852901, 19.857462, 19.858692, 0.27123797, 0.25937498, 0.29534006, 0.34741277, 0.34805086, 0.34854621, 0.34918469, 0.34926450, 0.34928730, 0.34929347, 0.25118366
0.14743701, 0.81437516, 0.24433698, 2.1094112, 0.83598495, 4.3208728, 9.7693167, 9.8232908, 9.8632870, 19.840149, 19.853781, 19.857719, 19.858709, 0.27109399, 0.25835982, 0.29320866, 0.34769315, 0.34823290, 0.34863287, 0.34920076, 0.34926891, 0.34928858, 0.34929353, 0.24433698
0.33906144, 1.0000000, 0.93862826, 9.5577898, 9.0268936, 9.3890238, 9.7996712, 9.8415661, 9.8718405, 19.843475, 19.854725, 19.857918, 19.858709, 0.34557778, 0.34026888, 0.34389022, 0.34799671, 0.34841567, 0.34871840, 0.34921739, 0.34927362, 0.34928960, 0.34929353, 0.93862826
0.35599983, 1.0000000, 0.99999928, 9.9999990, 9.9999990, 9.9999990, 9.9999990, 9.9999990, 9.9999990, 19.999998, 19.999998, 19.999998, 19.998999, 0.34999990, 0.34999993, 0.34999996, 0.34999999, 0.34999999, 0.34999999, 0.34999999, 0.34999999, 0.34999999, 0.34999499, 0.99999928
0.35600001, 1.0000000, 1.0000000, 9.9999990, 9.9999990, 9.9999990, 9.9999990, 9.9999990, 9.9999990, 19.999998, 19.999998, 19.999998, 19.998999, 0.34999999, 0.34999999, 0.34999999, 0.34999999, 0.34999999, 0.34999999, 0.34999999, 0.34999999, 0.34999999, 0.34999499, 1.0000000
0.35599983, 1.0000000, 0.99999928, 9.9999990, 9.9999990, 9.9999990, 9.9999990, 9.9999990, 9.9999990, 19.999998, 19.999998, 19.999998, 19.998999, 0.34999990, 0.34999993, 0.34999996, 0.34999999, 0.34999999, 0.34999999, 0.34999999, 0.34999999, 0.34999999, 0.34999499, 0.99999928
0.34860855, 1.0000000, 0.97321945, 9.6500807, 9.7592392, 9.8712072, 9.9664726, 9.9829741, 9.9935093, 19.999176, 19.999796, 19.999870, 19.981808, 0.34650072, 0.34759232, 0.34871206, 0.34966472, 0.34982973, 0.34993508, 0.34999588, 0.34999898, 0.34999937, 0.34990904, 0.97321945
0.33023566, 1.0000000, 0.90665084, 8.5149431, 9.5410080, 9.7335377, 9.9038019, 9.9497347, 9.9787092, 19.995607, 19.998873, 19.998566, 19.958855, 0.33501267, 0.34533989, 0.34729958, 0.34902000, 0.34948817, 0.34978241, 0.34997720, 0.34999415, 0.34999275, 0.34979427, 0.90665084
0.28652334, 1.0000000, 0.74827296, 5.5484328, 9.2883148, 9.5427799, 9.7659960, 9.8689098, 9.9376087, 19.982368, 19.995380, 19.994459, 19.937887, 0.30548319, 0.34288198, 0.34542722, 0.34765983, 0.34868905, 0.34937605, 0.34991184, 0.34997690, 0.34997231, 0.34968942, 0.74827296
0.23817581, 1.0000000, 0.57310075, 2.7116032, 8.2404766, 9.4432821, 9.6708851, 9.8012877, 9.8984184, 19.967319, 19.991251, 19.987406, 19.919788, 0.27711546, 0.33240375, 0.34443226, 0.34670871, 0.34801280, 0.34898415, 0.34983659, 0.34995624, 0.34993702, 0.34959894, 0.57310075
0.19852805, 1.0000000, 0.42944941, 1.2116879, 5.9787884, 9.4028215, 9.6274233, 9.7640467, 9.8730278, 19.953863, 19.987066, 19.977505, 19.904871, 0.26211655, 0.30978689, 0.34402743, 0.34627408, 0.34764037, 0.34873024, 0.34976932, 0.34993532, 0.34988752, 0.34952435, 0.42944941
0.16300470, 1.0000000, 0.30074164, 0.0000000, 3.7224169, 9.3804531, 9.6065559, 9.7446699, 9.8586159, 19.942879, 19.982740, 19.965252, 19.892998, 0.24999988, 0.28722343, 0.34380361, 0.34606537, 0.34744662, 0.34858611, 0.34971440, 0.34991372, 0.34982628, 0.34946498, 0.30074164
0.15230162, 0.87312073, 0.26196241, 0.0000000, 2.7272582, 8.7788534, 9.6339121, 9.7577438, 9.8625889, 19.937931, 19.978836, 19.951773, 19.883923, 0.24999988, 0.27727118, 0.33778626, 0.34633860, 0.34757721, 0.34862581, 0.34968966, 0.34989417, 0.34975886, 0.34941962, 0.26196241
0.13982223, 0.72241843, 0.21674721, 0.0000000, 1.8153876, 7.5996881, 9.5908279, 9.7312040, 9.8468666, 19.926298, 19.971586, 19.937195, 19.876955, 0.24999988, 0.26815349, 0.32599604, 0.34590808, 0.34731191, 0.34846863, 0.34963149, 0.34985793, 0.34968597, 0.34938478, 0.21674721
0.12953316, 0.59816664, 0.17946795, 0.0000000, 1.1400104, 6.4664798, 9.5870342, 9.7270441, 9.8439312, 19.920307, 19.963921, 19.923275, 19.871824, 0.24999988, 0.26139969, 0.31466359, 0.34586999, 0.34727025, 0.34843925, 0.34960154, 0.34981960, 0.34961638, 0.34935912, 0.17946795
0.11894681, 0.47032508, 0.14111164, 0.0000000, 0.49151778, 5.2123346, 9.5650291, 9.7123909, 9.8363400, 19.914215, 19.954435, 19.910425, 19.868069, 0.24999988, 0.25491512, 0.30212298, 0.34565017, 0.34712386, 0.34836337, 0.34957108, 0.34977219, 0.34955212, 0.34934035, 0.14111164
0.11023951, 0.36517498, 0.10956345, 0.0000000, 0.41216612E-2, 4.0851393, 9.5613632, 9.7094126, 9.8342133, 19.909554, 19.943821, 19.899210, 19.865360, 0.24999988, 0.25004122, 0.29084983, 0.34561291, 0.34709376, 0.34834200, 0.34954777, 0.34971911, 0.34949607, 0.34932679, 0.10956345
0.10684826, 0.32422194, 0.97276308E-1, 0.0000000, 0.0000000, 3.2639999, 9.6000490, 9.7322893, 9.8442440, 19.907375, 19.932999, 19.889965, 19.863426, 0.24999988, 0.24999997, 0.28263745, 0.34599900, 0.34732211, 0.34844217, 0.34953687, 0.34966499, 0.34944981, 0.34931713, 0.97276308E-1
0.10957921, 0.35720110, 0.10717105, 0.39456189, 0.92911720E-1, 2.5054069, 9.2096024, 9.6958351, 9.8222017, 19.891659, 19.918413, 19.881548, 19.861843, 0.25394458, 0.25092897, 0.27505210, 0.34209460, 0.34695759, 0.34822175, 0.34945828, 0.34959206, 0.34940773, 0.34930921, 0.10717105
0.10013234, 0.24311991, 0.72943270E-1, 0.0000000, 0.0000000, 1.8635780, 8.5426607, 9.6617203, 9.8038282, 19.879103, 19.905008, 19.874968, 19.860743, 0.24995197, 0.24999152, 0.26861694, 0.33541480, 0.34661087, 0.34803554, 0.34939519, 0.34952495, 0.34937480, 0.34930372, 0.72943270E-1
0.97391360E-1, 0.21001960, 0.63012183E-1, 0.0000000, 0.0000000, 1.3345480, 7.8728900, 9.6539354, 9.7979574, 19.870005, 19.893528, 19.870012, 19.859999, 0.24995197, 0.24999152, 0.26334316, 0.32872617, 0.34653765, 0.34797901, 0.34935004, 0.34946764, 0.34935006, 0.34930000, 0.63012183E-1
0.95159903E-1, 0.18307233, 0.54927193E-1, 0.0000000, 0.0000000, 0.92670918, 7.2165632, 9.6551352, 9.7981386, 19.864889, 19.884502, 19.866472, 19.859570, 0.24995197, 0.24999152, 0.25926480, 0.32216206, 0.34654897, 0.34798059, 0.34932443, 0.34942251, 0.34933236, 0.34929785, 0.54927193E-1
0.92863150E-1, 0.15533650, 0.46605613E-1, 0.0000000, 0.0000000, 0.52394569, 6.4721556, 9.6276798, 9.7850981, 19.858250, 19.876528, 19.863745, 19.859251, 0.24995197, 0.24999152, 0.25523785, 0.31471756, 0.34627381, 0.34784997, 0.34929127, 0.34938264, 0.34931871, 0.34929627, 0.46605613E-1
0.90737537E-1, 0.12966749, 0.38904138E-1, 0.0000000, 0.0000000, 0.17645061, 5.6577706, 9.5997562, 9.7705870, 19.851448, 19.869873, 19.861708, 19.859016, 0.24995197, 0.24999152, 0.25176430, 0.30657646, 0.34599650, 0.34770551, 0.34925723, 0.34934938, 0.34930855, 0.34929508, 0.38904138E-1
0.89360900E-1, 0.11304305, 0.33916306E-1, 0.0000000, 0.0000000, 0.0000000, 4.8779097, 9.5999498, 9.7682877, 19.846037, 19.864729, 19.860231, 19.858828, 0.24995197, 0.24999152, 0.24999651, 0.29877588, 0.34599632, 0.34768182, 0.34923017, 0.34932363, 0.34930116, 0.34929413, 0.33916306E-1
0.88549539E-1, 0.10324495, 0.30976582E-1, 0.0000000, 0.0000000, 0.0000000, 3.9276171, 9.5483732, 9.7432671, 19.840374, 19.860491, 19.859076, 19.858683, 0.24995197, 0.24999152, 0.24999651, 0.28927526, 0.34548259, 0.34743229, 0.34920186, 0.34930247, 0.34929538, 0.34929341, 0.30976582E-1
0.87815493E-1, 0.94380625E-1, 0.28317019E-1, 0.0000000, 0.0000000, 0.0000000, 3.0386155, 9.5540752, 9.7430925, 19.836548, 19.857450, 19.858292, 19.858599, 0.24995197, 0.24999152, 0.24999651, 0.28038350, 0.34553662, 0.34742951, 0.34918272, 0.34928724, 0.34929144, 0.34929299, 0.28317019E-1
0.87572500E-1, 0.91446199E-1, 0.27436605E-1, 0.0000000, 0.0000000, 0.0000000, 2.8658481, 9.2978306, 9.7853718, 19.838940, 19.856628, 19.858076, 19.858669, 0.24995197, 0.24999152, 0.24999651, 0.27865782, 0.34297726, 0.34785336, 0.34919471, 0.34928316, 0.34929037, 0.34929335, 0.27436605E-1
0.87230474E-1, 0.87315843E-1, 0.26197374E-1, 0.0000000, 0.0000000, 0.0000000, 2.6448936, 8.9169064, 9.7755747, 19.836817, 19.855072, 19.857723, 19.858641, 0.24995197, 0.24999152, 0.24999651, 0.27644816, 0.33916774, 0.34775525, 0.34918410, 0.34927535, 0.34928861, 0.34929320, 0.26197374E-1
0.86883701E-1, 0.83128206E-1, 0.24940956E-1, 0.0000000, 0.0000000, 0.0000000, 2.4186344, 8.5338182, 9.7690802, 19.833412, 19.853458, 19.857365, 19.858599, 0.24995197, 0.24999152, 0.24999651, 0.27418599, 0.33533755, 0.34769055, 0.34916705, 0.34926730, 0.34928682, 0.34929299, 0.24940956E-1
0.86423039E-1, 0.77565201E-1, 0.23271888E-1, 0.0000000, 0.0000000, 0.0000000, 2.1314979, 8.0052290, 9.7406502, 19.830486, 19.852175, 19.857105, 19.858557, 0.24995197, 0.24999152, 0.24999651, 0.27131373, 0.33004993, 0.34740555, 0.34915245, 0.34926087, 0.34928554, 0.34929278, 0.23271888E-1
0.13157235, 0.62279224, 0.18685636, 2.1418631, 1.8918812, 0.0000000, 2.1063387, 7.8701773, 9.8139668, 19.835918, 19.853260, 19.857435, 19.858658, 0.27141494, 0.26891685, 0.24999651, 0.27106318, 0.32870135, 0.34813949, 0.34917960, 0.34926629, 0.34928718, 0.34929329, 0.18685636
0.12292853, 0.51840860, 0.15553814, 1.6710401, 1.6422123, 0.0000000, 2.0572186, 7.7540574, 9.8355856, 19.838558, 19.853756, 19.857624, 19.858709, 0.26671028, 0.26642206, 0.24999651, 0.27057219, 0.32754055, 0.34835586, 0.34919280, 0.34926879, 0.34928811, 0.34929353, 0.15553814
0.14795712, 0.82065588, 0.24622139, 2.7447729, 2.8915792, 0.0000000, 1.9698918, 7.6125054, 9.8355751, 19.838097, 19.853556, 19.857590, 19.858683, 0.27744615, 0.27891481, 0.24999651, 0.26969886, 0.32612494, 0.34835568, 0.34919047, 0.34926778, 0.34928796, 0.34929341, 0.24622139
0.16342743, 1.0000000, 0.30227327, 2.1078033, 2.8395772, 4.4364867, 8.6107664, 9.5949240, 9.8552971, 19.841394, 19.854351, 19.857824, 19.858709, 0.27107757, 0.27839541, 0.29436457, 0.33610755, 0.34594917, 0.34855294, 0.34920698, 0.34927174, 0.34928912, 0.34929353, 0.30227327
0.20363238, 1.0000000, 0.44794342, 2.6433706, 4.2310176, 9.3620911, 9.6112013, 9.7647886, 9.8664875, 19.843962, 19.855005, 19.857985, 19.858709, 0.27643359, 0.29231009, 0.34362078, 0.34611198, 0.34764788, 0.34866488, 0.34921980, 0.34927502, 0.34928992, 0.34929353, 0.44794342
0.35600001, 1.0000000, 1.0000000, 9.9999990, 9.9999990, 9.9999990, 9.9999990, 9.9999990, 9.9999990, 19.999998, 19.999998, 19.999998, 19.997997, 0.34999999, 0.34999999, 0.34999999, 0.34999999, 0.34999999, 0.34999999, 0.34999999, 0.34999999, 0.34999999, 0.34998998, 1.0000000
0.33166015, 1.0000000, 0.91181213, 8.5856533, 9.5555334, 9.7457266, 9.9188395, 9.9579859, 9.9829731, 19.997042, 19.999229, 19.999516, 19.974216, 0.33585554, 0.34555468, 0.34745693, 0.34918833, 0.34957984, 0.34982973, 0.34998521, 0.34999615, 0.34999758, 0.34987110, 0.91181213
0.32060397, 1.0000000, 0.87175345, 7.8702240, 9.4629850, 9.6651802, 9.8483162, 9.9170198, 9.9628897, 19.991365, 19.997746, 19.997467, 19.951841, 0.32869875, 0.34462732, 0.34665051, 0.34848288, 0.34917009, 0.34962887, 0.34995681, 0.34998873, 0.34998733, 0.34975922, 0.87175345
0.35600001, 1.0000000, 1.0000000, 9.9999990, 9.9999990, 9.9999990, 9.9999990, 9.9999990, 9.9999990, 19.999998, 19.999998, 19.999998, 19.998999, 0.34999999, 0.34999999, 0.34999999, 0.34999999, 0.34999999, 0.34999999, 0.34999999, 0.34999999, 0.34999999, 0.34999499, 1.0000000
0.35168350, 1.0000000, 0.98436058, 9.7741966, 9.8865938, 9.9411526, 9.9844236, 9.9921255, 9.9968653, 19.999481, 19.999868, 19.999725, 19.975233, 0.34774140, 0.34886557, 0.34941134, 0.34984422, 0.34992123, 0.34996864, 0.34999740, 0.34999934, 0.34999862, 0.34987617, 0.98436058
0.33582568, 1.0000000, 0.92690468, 8.8314915, 9.6261721, 9.7874031, 9.9329882, 9.9653454, 9.9859915, 19.997608, 19.999372, 19.998032, 19.952820, 0.33831409, 0.34626117, 0.34787378, 0.34932983, 0.34965342, 0.34985992, 0.34998804, 0.34999686, 0.34999016, 0.34976411, 0.92690468
0.31652519, 1.0000000, 0.85697526, 7.6108389, 9.4153214, 9.6387358, 9.8459883, 9.9164286, 9.9634647, 19.992092, 19.997923, 19.993736, 19.932728, 0.32610816, 0.34415305, 0.34638727, 0.34845987, 0.34916428, 0.34963465, 0.34996045, 0.34998962, 0.34996867, 0.34966365, 0.85697526
0.30066857, 1.0000000, 0.79952377, 6.3885779, 9.5160398, 9.6858673, 9.8344116, 9.9042950, 9.9551382, 19.989019, 19.997005, 19.986734, 19.915703, 0.31388438, 0.34515914, 0.34685805, 0.34834400, 0.34904289, 0.34955135, 0.34994510, 0.34998503, 0.34993368, 0.34957850, 0.79952377
0.29882151, 1.0000000, 0.79283148, 6.2558599, 9.5180941, 9.6834717, 9.8222208, 9.8933001, 9.9472666, 19.985649, 19.995676, 19.976873, 19.901747, 0.31255427, 0.34517696, 0.34683269, 0.34822178, 0.34893280, 0.34947261, 0.34992826, 0.34997839, 0.34988436, 0.34950873, 0.79283148
0.24393280, 1.0000000, 0.59395939, 2.9597611, 8.5286379, 9.4408112, 9.6822462, 9.8082962, 9.9030352, 19.970896, 19.990719, 19.963924, 19.890566, 0.27957055, 0.33526689, 0.34439781, 0.34681857, 0.34808096, 0.34902942, 0.34985432, 0.34995356, 0.34981963, 0.34945282, 0.59395939
0.20477271, 1.0000000, 0.45207500, 1.5584886, 6.1571622, 9.3981190, 9.6358738, 9.7706747, 9.8790588, 19.959860, 19.985460, 19.949780, 19.882013, 0.26558226, 0.31156540, 0.34397644, 0.34635776, 0.34770623, 0.34879041, 0.34979931, 0.34992731, 0.34974891, 0.34941006, 0.45207500
0.16607949, 1.0000000, 0.31188223, 0.30313432, 3.6071494, 9.3473415, 9.5959015, 9.7401724, 9.8597078, 19.949150, 19.978554, 19.935223, 19.875578, 0.25303069, 0.28606680, 0.34346735, 0.34595776, 0.34740111, 0.34859687, 0.34974575, 0.34989277, 0.34967610, 0.34937790, 0.31188223
0.14755633, 0.81581616, 0.24476933, 0.0000000, 2.3646026, 8.3713026, 9.5887098, 9.7313223, 9.8518019, 19.940569, 19.970192, 19.921301, 19.870823, 0.24994230, 0.27364132, 0.33370471, 0.34588519, 0.34731227, 0.34851769, 0.34970284, 0.34985095, 0.34960651, 0.34935412, 0.24476933
0.13586292, 0.67460537, 0.20240186, 0.0000000, 1.5974194, 7.0822983, 9.5807076, 9.7246494, 9.8465385, 19.932842, 19.960079, 19.908638, 19.867357, 0.24994230, 0.26597303, 0.32082042, 0.34580639, 0.34724614, 0.34846526, 0.34966421, 0.34980041, 0.34954318, 0.34933680, 0.20240186
0.12340757, 0.52419358, 0.15727380, 0.0000000, 0.83826780, 5.6019330, 9.5450325, 9.7014771, 9.8345289, 19.924551, 19.948219, 19.897577, 19.864841, 0.24994230, 0.25838175, 0.30601624, 0.34544927, 0.34701425, 0.34834510, 0.34962276, 0.34974110, 0.34948790, 0.34932420, 0.15727380
0.11143418, 0.37960190, 0.11389196, 0.0000000, 0.20636916, 3.9866014, 9.4991875, 9.6714745, 9.8194361, 19.916376, 19.935469, 19.888309, 19.863014, 0.24994230, 0.25206304, 0.28985968, 0.34498882, 0.34671319, 0.34819385, 0.34958190, 0.34967735, 0.34944156, 0.34931508, 0.11389196
0.10410195, 0.29105726, 0.87325908E-1, 0.0000000, 0.0000000, 2.7320027, 9.0004196, 9.6357031, 9.8001966, 19.906700, 19.922146, 19.880709, 19.861683, 0.24994230, 0.24998792, 0.27731487, 0.34000081, 0.34635523, 0.34800133, 0.34953350, 0.34961075, 0.34940356, 0.34930843, 0.87325908E-1
0.10041440, 0.24652603, 0.73965207E-1, 0.0000000, 0.0000000, 2.0097761, 8.1604242, 9.6275444, 9.7945633, 19.900303, 19.910276, 19.874908, 19.860804, 0.24994230, 0.24998792, 0.27009705, 0.33160365, 0.34627509, 0.34794551, 0.34950152, 0.34955138, 0.34937453, 0.34930402, 0.73965207E-1
0.97400218E-1, 0.21012658, 0.63044280E-1, 0.0000000, 0.0000000, 1.4428407, 7.3537936, 9.6307583, 9.7938900, 19.893475, 19.899414, 19.870415, 19.860157, 0.24994230, 0.24998792, 0.26442695, 0.32353646, 0.34630659, 0.34793857, 0.34946737, 0.34949708, 0.34935206, 0.34930080, 0.63044280E-1
0.95472798E-1, 0.18685083, 0.56060854E-1, 0.0000000, 0.0000000, 1.0988623, 6.7304759, 9.6574640, 9.8059778, 19.888153, 19.890348, 19.867126, 19.859734, 0.24994230, 0.24998792, 0.26098728, 0.31730312, 0.34657347, 0.34805939, 0.34944075, 0.34945175, 0.34933564, 0.34929866, 0.56060854E-1
0.92526607E-1, 0.15127242, 0.45386262E-1, 0.0000000, 0.0000000, 0.56664646, 5.8692846, 9.6006451, 9.7766809, 19.873663, 19.880348, 19.864058, 19.859299, 0.24994230, 0.24998792, 0.25566205, 0.30868372, 0.34599900, 0.34776428, 0.34936830, 0.34940174, 0.34932029, 0.34929651, 0.45386262E-1
0.90566657E-1, 0.12760387, 0.38284991E-1, 0.0000000, 0.0000000, 0.25528669, 5.0562420, 9.6009893, 9.7739630, 19.865864, 19.873446, 19.862110, 19.859110, 0.24994230, 0.24998792, 0.25255242, 0.30056059, 0.34600818, 0.34773904, 0.34932932, 0.34936723, 0.34931055, 0.34929556, 0.38284991E-1
0.92584267E-1, 0.15196876, 0.45595188E-1, 0.19325912, 0.0000000, 0.16950667, 4.6494136, 9.6986485, 9.8168964, 19.864542, 19.869440, 19.861055, 19.859058, 0.25193012, 0.24998792, 0.25169441, 0.29649058, 0.34698278, 0.34816772, 0.34932271, 0.34934720, 0.34930527, 0.34929529, 0.45595188E-1
0.96543871E-1, 0.19978525, 0.59941567E-1, 0.51028728, 0.0000000, 0.10614097, 4.4247537, 9.7630892, 9.8460960, 19.862963, 19.866337, 19.860308, 19.859005, 0.25510159, 0.24998792, 0.25106132, 0.29424688, 0.34763017, 0.34846073, 0.34931481, 0.34933168, 0.34930155, 0.34929502, 0.59941567E-1
0.12213486, 0.50882423, 0.15266253, 2.3803473, 0.0000000, 0.74392557E-1, 4.2981372, 9.8109760, 9.8672895, 19.862286, 19.864235, 19.859844, 19.858974, 0.27380046, 0.24998792, 0.25074390, 0.29298106, 0.34810936, 0.34867278, 0.34931141, 0.34932119, 0.34929922, 0.34929487, 0.15266253
0.14313713, 0.76244944, 0.22875771, 2.8089166, 1.8524498, 0.31900406E-1, 4.1929693, 9.8298845, 9.8756514, 19.860828, 19.862476, 19.859467, 19.858940, 0.27808890, 0.26852438, 0.25031900, 0.29192966, 0.34829882, 0.34875652, 0.34930414, 0.34931237, 0.34929734, 0.34929469, 0.22875771
0.13009670, 0.60497224, 0.18150982, 1.5556753, 2.3985891, 0.0000000, 4.0394893, 9.8113308, 9.8684921, 19.857773, 19.860708, 19.859085, 19.858875, 0.26555657, 0.27398574, 0.24999939, 0.29039487, 0.34811327, 0.34868491, 0.34928888, 0.34930354, 0.34929544, 0.34929436, 0.18150982
0.10478297, 0.29928127, 0.89793362E-1, 0.29703379, 1.4798641, 0.0000000, 3.6815162, 9.7252913, 9.8307924, 19.848694, 19.857630, 19.858389, 19.858757, 0.25297019, 0.26479819, 0.24999939, 0.28681505, 0.34725276, 0.34830785, 0.34924346, 0.34928817, 0.34929195, 0.34929377, 0.89793362E-1
0.95577031E-1, 0.18810962, 0.56438532E-1, 0.0000000, 0.90086758, 0.0000000, 3.3162725, 9.7050381, 9.8198910, 19.844872, 19.856176, 19.858072, 19.858709, 0.24999578, 0.25900748, 0.24999939, 0.28316227, 0.34704971, 0.34819871, 0.34922436, 0.34928089, 0.34929037, 0.34929353, 0.56438532E-1
0.99209756E-1, 0.23197864, 0.69600552E-1, 0.59823096, 0.38161278, 0.0000000, 2.9909225, 9.5772743, 9.8068714, 19.841408, 19.854910, 19.857794, 19.858652, 0.25598207, 0.25381604, 0.24999939, 0.27990916, 0.34577262, 0.34806868, 0.34920704, 0.34927455, 0.34928897, 0.34929326, 0.69600552E-1
0.88347808E-1, 0.10080889, 0.30245692E-1, 0.80198050E-2, 0.80743432E-1, 0.0000000, 2.8459816, 9.3218288, 9.8051786, 19.840456, 19.854408, 19.857685, 19.858692, 0.25008017, 0.25080729, 0.24999939, 0.27845931, 0.34321749, 0.34805149, 0.34920228, 0.34927204, 0.34928843, 0.34929347, 0.30245692E-1
0.87075926E-1, 0.85449494E-1, 0.25637412E-1, 0.0000000, 0.0000000, 0.0000000, 2.5205402, 8.7994881, 9.7538691, 19.833891, 19.852493, 19.857225, 19.858580, 0.24999574, 0.24995705, 0.24999939, 0.27520478, 0.33799377, 0.34753826, 0.34916946, 0.34926248, 0.34928614, 0.34929290, 0.25637412E-1
0.86729318E-1, 0.81263833E-1, 0.24381589E-1, 0.0000000, 0.0000000, 0.0000000, 2.3058891, 8.3894215, 9.7613840, 19.832331, 19.851940, 19.857105, 19.858580, 0.24999574, 0.24995705, 0.24999939, 0.27305740, 0.33389151, 0.34761280, 0.34916165, 0.34925970, 0.34928554, 0.34929290, 0.24381589E-1
0.86179815E-1, 0.74627988E-1, 0.22390636E-1, 0.0000000, 0.0000000, 0.0000000, 1.9689500, 7.7495112, 9.7199202, 19.828186, 19.850719, 19.856812, 19.858517, 0.24999574, 0.24995705, 0.24999939, 0.26968881, 0.32749373, 0.34719864, 0.34914094, 0.34925359, 0.34928405, 0.34929258, 0.22390636E-1
0.85721336E-1, 0.69091335E-1, 0.20729475E-1, 0.0000000, 0.0000000, 0.0000000, 1.6988218, 7.1814575, 9.7228718, 19.825962, 19.850012, 19.856676, 19.858469, 0.24999686, 0.24995705, 0.24999939, 0.26698729, 0.32181263, 0.34722784, 0.34912980, 0.34925005, 0.34928340, 0.34929234, 0.20729475E-1
0.16863985, 1.0000000, 0.32115889, 2.6809783, 2.5252075, 4.7253852, 7.5959435, 8.5511150, 9.7226582, 19.826466, 19.850065, 19.856682, 19.858475, 0.27680939, 0.27525187, 0.29725364, 0.32595938, 0.33551112, 0.34722659, 0.34913233, 0.34925032, 0.34928340, 0.34929237, 0.32115889
0.26677901, 1.0000000, 0.67673558, 5.0255475, 8.2928295, 8.6729355, 9.0928955, 9.6048527, 9.7863207, 19.827536, 19.850277, 19.856728, 19.858480, 0.30025548, 0.33292830, 0.33672935, 0.34092897, 0.34604853, 0.34786320, 0.34913766, 0.34925139, 0.34928364, 0.34929240, 0.67673558
0.35600001, 1.0000000, 1.0000000, 9.9999990, 9.9999990, 9.9999990, 9.9999990, 9.9999990, 9.9999990, 19.999998, 19.999998, 19.999998, 19.994993, 0.34999999, 0.34999999, 0.34999999, 0.34999999, 0.34999999, 0.34999999, 0.34999999, 0.34999999, 0.34999999, 0.34997496, 1.0000000
0.35599953, 1.0000000, 0.99999833, 9.9999962, 9.9999990, 9.9999990, 9.9999990, 9.9999990, 9.9999990, 19.999998, 19.999998, 19.999998, 19.998999, 0.34999976, 0.34999987, 0.34999993, 0.34999999, 0.34999999, 0.34999999, 0.34999999, 0.34999999, 0.34999999, 0.34999499, 0.99999833
0.31722471, 1.0000000, 0.85950977, 7.6678033, 9.4001274, 9.6430073, 9.8672018, 9.9300594, 9.9700823, 19.993605, 19.998343, 19.999321, 19.975151, 0.32667661, 0.34400022, 0.34642953, 0.34867191, 0.34930053, 0.34970078, 0.34996802, 0.34999171, 0.34999660, 0.34987575, 0.85950977
0.25980204, 1.0000000, 0.65145665, 3.6911461, 9.1983652, 9.4725647, 9.7219582, 9.8405876, 9.9248495, 19.980394, 19.994839, 19.996815, 19.952553, 0.28690872, 0.34197956, 0.34472352, 0.34721917, 0.34840566, 0.34924844, 0.34990197, 0.34997419, 0.34998408, 0.34976277, 0.65145665
0.21519011, 1.0000000, 0.48981923, 1.7185688, 7.1391678, 9.4106989, 9.6515512, 9.7859850, 9.8918524, 19.968567, 19.991577, 19.992001, 19.932390, 0.26718408, 0.32138765, 0.34410432, 0.34651497, 0.34785959, 0.34891844, 0.34984285, 0.34995788, 0.34996000, 0.34966195, 0.48981923
0.17291819, 1.0000000, 0.33666009, 0.37836432, 4.3064985, 9.3479586, 9.5982571, 9.7442827, 9.8651752, 19.956806, 19.988092, 19.984280, 19.915236, 0.25378320, 0.29306200, 0.34347636, 0.34598193, 0.34744251, 0.34865165, 0.34978402, 0.34994048, 0.34992141, 0.34957618, 0.33666009
0.23150341, 1.0000000, 0.54892540, 2.4011045, 7.8998027, 9.5445910, 9.6953821, 9.7957287, 9.8846121, 19.955444, 19.986870, 19.974457, 19.901375, 0.27400988, 0.32899573, 0.34544453, 0.34695354, 0.34795713, 0.34884608, 0.34977722, 0.34993434, 0.34987229, 0.34950688, 0.54892540
0.26707757, 1.0000000, 0.67781723, 4.0955567, 9.3140793, 9.6440840, 9.7531309, 9.8307123, 9.9003992, 19.954950, 19.985214, 19.962446, 19.890471, 0.29095557, 0.34314078, 0.34644085, 0.34753132, 0.34830713, 0.34900400, 0.34977475, 0.34992605, 0.34981224, 0.34945235, 0.67781723
0.24630055, 1.0000000, 0.60253817, 2.8848529, 8.8625517, 9.5680866, 9.7369967, 9.8251867, 9.8992672, 19.952091, 19.981857, 19.948925, 19.882061, 0.27884847, 0.33862540, 0.34568080, 0.34736997, 0.34825188, 0.34899268, 0.34976047, 0.34990928, 0.34974462, 0.34941030, 0.60253817
0.35564750, 1.0000000, 0.99872279, 9.9988699, 9.9988289, 9.9672136, 9.8679247, 9.8409138, 9.9067516, 19.951569, 19.977591, 19.935146, 19.875761, 0.34998700, 0.34998727, 0.34967163, 0.34867916, 0.34840909, 0.34906748, 0.34975785, 0.34988797, 0.34967571, 0.34937879, 0.99872279
0.35599846, 1.0000000, 0.99999440, 9.9999542, 9.9999695, 9.9999847, 9.9999962, 9.9999990, 9.9999990, 19.999998, 19.999998, 19.999998, 19.996996, 0.34999925, 0.34999952, 0.34999976, 0.34999993, 0.34999999, 0.34999999, 0.34999999, 0.34999999, 0.34999999, 0.34998497, 0.99999440
0.35600001, 1.0000000, 1.0000000, 9.9999990, 9.9999990, 9.9999990, 9.9999990, 9.9999990, 9.9999990, 19.999998, 19.999998, 19.999998, 19.998999, 0.34999999, 0.34999999, 0.34999999, 0.34999999, 0.34999999, 0.34999999, 0.34999999, 0.34999999, 0.34999999, 0.34999499, 1.0000000
0.35493731, 1.0000000, 0.99614960, 9.9971542, 9.9040003, 9.9486122, 9.9851656, 9.9924793, 9.9968624, 19.999361, 19.999838, 19.999725, 19.975233, 0.34997153, 0.34904000, 0.34948611, 0.34985167, 0.34992480, 0.34996861, 0.34999681, 0.34999919, 0.34999862, 0.34987617, 0.99614960
0.34998995, 1.0000000, 0.97822446, 9.7529554, 9.7577190, 9.8664045, 9.9609909, 9.9800119, 9.9919653, 19.998657, 19.999659, 19.998098, 19.952848, 0.34752956, 0.34757718, 0.34866405, 0.34960991, 0.34980011, 0.34991965, 0.34999329, 0.34999830, 0.34999049, 0.34976423, 0.97822446
0.34480494, 1.0000000, 0.95943815, 9.3914757, 9.7435102, 9.8504276, 9.9492950, 9.9734058, 9.9891663, 19.998199, 19.999538, 19.994135, 19.932835, 0.34391475, 0.34743512, 0.34850428, 0.34949297, 0.34973407, 0.34989166, 0.34999099, 0.34999770, 0.34997067, 0.34966418, 0.95943815
0.33059859, 1.0000000, 0.90796572, 8.4840288, 9.5921631, 9.7577362, 9.9063301, 9.9499149, 9.9786463, 19.995779, 19.998812, 19.987206, 19.915787, 0.33484030, 0.34592164, 0.34757736, 0.34906331, 0.34949917, 0.34978646, 0.34997889, 0.34999406, 0.34993604, 0.34957892, 0.90796572
0.26810664, 1.0000000, 0.68154579, 4.3013449, 9.1852360, 9.4678755, 9.7256670, 9.8440094, 9.9267530, 19.980955, 19.994532, 19.976576, 19.901628, 0.29301313, 0.34185195, 0.34467855, 0.34725663, 0.34844008, 0.34926754, 0.34990478, 0.34997267, 0.34988287, 0.34950814, 0.68154579
0.21867631, 1.0000000, 0.50245041, 2.0064025, 7.0878754, 9.3977556, 9.6433849, 9.7814054, 9.8895855, 19.967745, 19.989920, 19.963711, 19.890476, 0.27006260, 0.32087570, 0.34397557, 0.34643343, 0.34781384, 0.34889579, 0.34983873, 0.34994960, 0.34981856, 0.34945238, 0.50245041
0.17333922, 1.0000000, 0.33818558, 0.54655671, 4.0893331, 9.3285475, 9.5862446, 9.7366638, 9.8613720, 19.955681, 19.984318, 19.949482, 19.881943, 0.25546387, 0.29088575, 0.34327683, 0.34586066, 0.34736574, 0.34861341, 0.34977841, 0.34992158, 0.34974742, 0.34940970, 0.33818558
0.14906409, 0.83402389, 0.25023219, 0.0000000, 2.5276570, 8.4115696, 9.5783911, 9.7254896, 9.8507643, 19.946550, 19.977751, 19.935032, 19.875532, 0.24993443, 0.27527305, 0.33410981, 0.34578258, 0.34725422, 0.34850740, 0.34973276, 0.34988874, 0.34967515, 0.34937766, 0.25023219
0.14029390, 0.72811425, 0.21845612, 0.0000000, 1.9906253, 7.3550181, 9.6216440, 9.7493773, 9.8605213, 19.943789, 19.970907, 19.921515, 19.870888, 0.24993443, 0.26990506, 0.32354793, 0.34621584, 0.34749347, 0.34860513, 0.34971893, 0.34985453, 0.34960759, 0.34935445, 0.21845612
0.13542086, 0.66926700, 0.20080018, 0.0000000, 1.7121077, 6.7195616, 9.6768827, 9.7831316, 9.8762999, 19.942974, 19.962759, 19.909336, 19.867516, 0.24993443, 0.26712108, 0.31719562, 0.34676883, 0.34783131, 0.34876299, 0.34971488, 0.34981379, 0.34954667, 0.34933758, 0.20080018
0.13323054, 0.64281648, 0.19286424, 0.0000000, 1.5953779, 6.4062314, 9.7427349, 9.8229313, 9.8947220, 19.942818, 19.953304, 19.898787, 19.865089, 0.24993443, 0.26595369, 0.31406215, 0.34742728, 0.34822929, 0.34894723, 0.34971410, 0.34976652, 0.34949392, 0.34932545, 0.19286424
0.12784497, 0.57778001, 0.17335135, 0.0000000, 1.2556136, 5.7959986, 9.6997118, 9.8030672, 9.8885374, 19.939026, 19.941929, 19.889740, 19.863291, 0.24993443, 0.26255539, 0.30795825, 0.34699655, 0.34803039, 0.34888527, 0.34969515, 0.34970963, 0.34944871, 0.34931645, 0.17335135
0.12229770, 0.51079065, 0.15325253, 0.0000000, 0.93405843, 5.1055226, 9.6750307, 9.7885866, 9.8825026, 19.934420, 19.930059, 19.882368, 19.862007, 0.24993443, 0.25934041, 0.30105475, 0.34675014, 0.34788579, 0.34882501, 0.34967211, 0.34965029, 0.34941185, 0.34931004, 0.15325253
0.11556007, 0.42942643, 0.12884082, 0.0000000, 0.54995120, 4.2566614, 9.6373320, 9.7646084, 9.8702850, 19.926987, 19.917883, 19.876408, 19.861067, 0.24993443, 0.25549933, 0.29256591, 0.34637302, 0.34764594, 0.34870279, 0.34963495, 0.34958941, 0.34938204, 0.34930533, 0.12884082
0.14571063, 0.79352731, 0.23808201, 2.3608744, 0.44108629, 3.8670228, 9.7160816, 9.8073645, 9.8863888, 19.922523, 19.907475, 19.871992, 19.860449, 0.27360839, 0.25441083, 0.28867006, 0.34716073, 0.34807360, 0.34886387, 0.34961262, 0.34953737, 0.34935996, 0.34930223, 0.23808201
0.12726358, 0.57075906, 0.17124484, 0.97651184, 0.95112622, 3.0303516, 9.6223783, 9.7546968, 9.8620291, 19.910061, 19.896322, 19.868172, 19.859915, 0.25976512, 0.25951126, 0.28030351, 0.34622377, 0.34754696, 0.34862030, 0.34955031, 0.34948161, 0.34934086, 0.34929958, 0.17124484
0.11504233, 0.42317414, 0.12696494, 0.63914061, 0.36487281, 2.4714322, 9.1662226, 9.7185965, 9.8412924, 19.896212, 19.886307, 19.865158, 19.859488, 0.25639054, 0.25364843, 0.27471334, 0.34166148, 0.34718558, 0.34841281, 0.34948105, 0.34943154, 0.34932578, 0.34929743, 0.12696494
0.14278965, 0.75825322, 0.22749873, 1.4764547, 2.0423591, 2.9840291, 9.3818798, 9.7253265, 9.8401756, 19.886122, 19.878702, 19.863064, 19.859251, 0.26476350, 0.27042273, 0.27983963, 0.34381837, 0.34725305, 0.34840170, 0.34943062, 0.34939352, 0.34931532, 0.34929627, 0.22749873
0.12917034, 0.59378529, 0.17815340, 1.0917217, 1.3263494, 2.5089650, 8.8895502, 9.7122726, 9.8316793, 19.875935, 19.872299, 19.861443, 19.859081, 0.26091596, 0.26326257, 0.27508879, 0.33889487, 0.34712240, 0.34831667, 0.34937966, 0.34936148, 0.34930721, 0.34929541, 0.17815340
0.13556243, 0.67097676, 0.20131317, 1.3650030, 1.8448114, 2.1824389, 8.4921246, 9.7278824, 9.8351297, 19.867599, 19.867380, 19.860285, 19.858946, 0.26364958, 0.26844776, 0.27182418, 0.33492106, 0.34727874, 0.34835127, 0.34933800, 0.34933689, 0.34930143, 0.34929472, 0.20131317
0.17072292, 1.0000000, 0.32870620, 2.4135141, 2.3716450, 5.9245434, 9.4879532, 9.7583141, 9.8469038, 19.863108, 19.864244, 19.859613, 19.858875, 0.27413365, 0.27371559, 0.30924433, 0.34487918, 0.34758297, 0.34846899, 0.34931552, 0.34932122, 0.34929806, 0.34929436, 0.32870620
0.35477966, 1.0000000, 0.99557847, 9.9433146, 9.9685812, 9.9838123, 9.9721241, 9.8513231, 9.8481960, 19.857122, 19.861307, 19.858965, 19.858805, 0.34943047, 0.34968421, 0.34983733, 0.34972110, 0.34851316, 0.34848192, 0.34928560, 0.34930652, 0.34929484, 0.34929401, 0.99557847
0.32532641, 1.0000000, 0.88886374, 8.1921434, 9.4808502, 9.6916904, 9.8852644, 9.9104347, 9.8682938, 19.853901, 19.859503, 19.858643, 19.858757, 0.33192143, 0.34480852, 0.34691691, 0.34885263, 0.34910434, 0.34868294, 0.34926951, 0.34929752, 0.34929320, 0.34929377, 0.88886374
0.28678095, 1.0000000, 0.74920636, 5.5322528, 9.3352432, 9.5703144, 9.7749624, 9.8333130, 9.8560896, 19.848679, 19.857483, 19.858194, 19.858704, 0.30532011, 0.34334999, 0.34570190, 0.34774935, 0.34833300, 0.34856087, 0.34924340, 0.34928742, 0.34929097, 0.34929353, 0.74920636
0.35597038, 1.0000000, 0.99989259, 9.9988308, 9.9992990, 9.9996481, 9.9999275, 9.9999638, 9.9999876, 19.999998, 19.999998, 19.999998, 19.994993, 0.34998521, 0.34999114, 0.34999555, 0.34999910, 0.34999955, 0.34999985, 0.34999999, 0.34999999, 0.34999999, 0.34997496, 0.99989259
0.35600001, 1.0000000, 1.0000000, 9.9999990, 9.9999990, 9.9999990, 9.9999990, 9.9999990, 9.9999990, 19.999998, 19.999998, 19.999998, 19.995995, 0.34999999, 0.34999999, 0.34999999, 0.34999999, 0.34999999, 0.34999999, 0.34999999, 0.34999999, 0.34999999, 0.34997997, 1.0000000
0.35572606, 1.0000000, 0.99900734, 9.9863195, 9.9918528, 9.9959211, 9.9991827, 9.9995880, 9.9998627, 19.999998, 19.999998, 19.999990, 19.991999, 0.34986320, 0.34991854, 0.34995919, 0.34999183, 0.34999588, 0.34999862, 0.34999999, 0.34999999, 0.34999996, 0.34996000, 0.99900734
0.35296428, 1.0000000, 0.98900092, 9.8444605, 9.9154091, 9.9568214, 9.9904222, 9.9951820, 9.9982824, 19.999891, 19.999969, 19.999977, 19.990009, 0.34844461, 0.34915408, 0.34956822, 0.34990424, 0.34995180, 0.34998283, 0.34999946, 0.34999985, 0.34999987, 0.34995005, 0.98900092
0.35598350, 1.0000000, 0.99994010, 9.9993410, 9.9996061, 9.9998026, 9.9999638, 9.9999790, 9.9999933, 19.999998, 19.999998, 19.999996, 19.993994, 0.34999174, 0.34999508, 0.34999752, 0.34999955, 0.34999973, 0.34999990, 0.34999999, 0.34999999, 0.34999996, 0.34996998, 0.99994010
0.35600001, 1.0000000, 1.0000000, 9.9999990, 9.9999990, 9.9999990, 9.9999990, 9.9999990, 9.9999990, 19.999998, 19.999998, 19.999998, 19.995995, 0.34999999, 0.34999999, 0.34999999, 0.34999999, 0.34999999, 0.34999999, 0.34999999, 0.34999999, 0.34999999, 0.34997997, 1.0000000
0.35600001, 1.0000000, 1.0000000, 9.9999990, 9.9999990, 9.9999990, 9.9999990, 9.9999990, 9.9999990, 19.999998, 19.999998, 19.999996, 19.993994, 0.34999999, 0.34999999, 0.34999999, 0.34999999, 0.34999999, 0.34999999, 0.34999999, 0.34999999, 0.34999996, 0.34996998, 1.0000000
0.35599369, 1.0000000, 0.99997717, 9.9996862, 9.9998112, 9.9999037, 9.9999790, 9.9999933, 9.9999962, 19.999998, 19.999998, 19.999990, 19.992998, 0.34999686, 0.34999812, 0.34999904, 0.34999979, 0.34999993, 0.34999996, 0.34999999, 0.34999999, 0.34999996, 0.34996498, 0.99997717
0.35599428, 1.0000000, 0.99997914, 9.9998026, 9.9998798, 9.9999399, 9.9999847, 9.9999962, 9.9999990, 19.999998, 19.999998, 19.999998, 19.994993, 0.34999713, 0.34999827, 0.34999913, 0.34999979, 0.34999993, 0.34999999, 0.34999999, 0.34999999, 0.34999999, 0.34997496, 0.99997914
0.35600001, 1.0000000, 1.0000000, 9.9999990, 9.9999990, 9.9999990, 9.9999990, 9.9999990, 9.9999990, 19.999998, 19.999998, 19.999998, 19.996996, 0.34999999, 0.34999999, 0.34999999, 0.34999999, 0.34999999, 0.34999999, 0.34999999, 0.34999999, 0.34999999, 0.34998497, 1.0000000
0.35600001, 1.0000000, 1.0000000, 9.9999990, 9.9999990, 9.9999990, 9.9999990, 9.9999990, 9.9999990, 19.999998, 19.999998, 19.999998, 19.996996, 0.34999999, 0.34999999, 0.34999999, 0.34999999, 0.34999999, 0.34999999, 0.34999999, 0.34999999, 0.34999999, 0.34998497, 1.0000000
0.34391582, 1.0000000, 0.95621663, 9.3361521, 9.7268267, 9.8517904, 9.9570541, 9.9780645, 9.9911261, 19.998432, 19.999588, 19.999846, 19.985031, 0.34336063, 0.34726772, 0.34851763, 0.34957048, 0.34978062, 0.34991127, 0.34999216, 0.34999794, 0.34999922, 0.34992516, 0.95621663
0.34512430, 1.0000000, 0.96059513, 9.5058794, 9.6240349, 9.7890472, 9.9390202, 9.9686947, 9.9878168, 19.998306, 19.999563, 19.999840, 19.985031, 0.34505612, 0.34623870, 0.34788963, 0.34939003, 0.34968686, 0.34987813, 0.34999153, 0.34999782, 0.34999919, 0.34992516, 0.96059513
0.33095461, 1.0000000, 0.90925568, 8.6234941, 9.4527454, 9.6679859, 9.8700256, 9.9304104, 9.9707813, 19.994631, 19.998592, 19.998714, 19.961882, 0.33623329, 0.34452638, 0.34667933, 0.34870014, 0.34930405, 0.34970778, 0.34997314, 0.34999296, 0.34999359, 0.34980941, 0.90925568
0.34251785, 1.0000000, 0.95115155, 9.2545385, 9.7017221, 9.8372908, 9.9550648, 9.9770632, 9.9910727, 19.998724, 19.999672, 19.999870, 19.985031, 0.34254366, 0.34701613, 0.34837234, 0.34955055, 0.34977058, 0.34991071, 0.34999362, 0.34999835, 0.34999937, 0.34992516, 0.95115155
0.32263756, 1.0000000, 0.87912160, 7.9616766, 9.5241079, 9.7162886, 9.8949680, 9.9444046, 9.9767714, 19.995659, 19.998878, 19.998785, 19.961882, 0.32961419, 0.34523925, 0.34716198, 0.34894949, 0.34944394, 0.34976768, 0.34997830, 0.34999439, 0.34999391, 0.34980941, 0.87912160
0.27952486, 1.0000000, 0.72291613, 5.0304818, 9.3006220, 9.5510387, 9.7807798, 9.8767252, 9.9438820, 19.986940, 19.996588, 19.995312, 19.940647, 0.30030248, 0.34300363, 0.34550905, 0.34780753, 0.34876710, 0.34943876, 0.34993470, 0.34998295, 0.34997657, 0.34970325, 0.72291613
0.24354444, 1.0000000, 0.59255230, 2.8475790, 8.6260366, 9.5000906, 9.7262955, 9.8364563, 9.9208679, 19.979877, 19.994648, 19.989229, 19.922249, 0.27847552, 0.33625990, 0.34500065, 0.34726289, 0.34836453, 0.34920868, 0.34989938, 0.34997323, 0.34994614, 0.34961125, 0.59255230
0.20414364, 1.0000000, 0.44979575, 1.4959812, 6.1790175, 9.4038219, 9.6524105, 9.7847633, 9.8909588, 19.969589, 19.991568, 19.979992, 19.906918, 0.26495910, 0.31178838, 0.34403688, 0.34652385, 0.34784749, 0.34890953, 0.34984794, 0.34995782, 0.34989995, 0.34953457, 0.44979575
0.19363290, 1.0000000, 0.41171336, 1.9393802, 4.1633000, 9.4217691, 9.6472683, 9.7739267, 9.8801365, 19.962440, 19.988703, 19.968378, 19.894703, 0.26939166, 0.29163024, 0.34421456, 0.34647202, 0.34773895, 0.34880126, 0.34981221, 0.34994352, 0.34984189, 0.34947351, 0.41171336
0.19328295, 1.0000000, 0.41044545, 1.9799680, 4.0757828, 9.3832092, 9.6225996, 9.7562037, 9.8686886, 19.955175, 19.984789, 19.954967, 19.885237, 0.26979867, 0.29075658, 0.34383065, 0.34622571, 0.34756190, 0.34868681, 0.34977588, 0.34992394, 0.34977484, 0.34942618, 0.41044545
0.16345704, 1.0000000, 0.30238056, 0.87774098, 2.6636481, 8.6809731, 9.6095791, 9.7458248, 9.8611879, 19.948261, 19.979511, 19.940725, 19.878056, 0.25877684, 0.27663544, 0.33680806, 0.34609544, 0.34745806, 0.34861183, 0.34974131, 0.34989756, 0.34970361, 0.34939027, 0.30238056
0.13931517, 0.71629524, 0.21491006, 0.85324049E-2, 1.8736362, 7.3329234, 9.5885448, 9.7314224, 9.8530617, 19.941935, 19.972513, 19.926708, 19.872671, 0.25008532, 0.26873493, 0.32332641, 0.34588471, 0.34731385, 0.34853050, 0.34970969, 0.34986258, 0.34963354, 0.34936336, 0.21491006
0.12488065, 0.54198265, 0.16261105, 0.0000000, 1.0068238, 5.6250839, 9.5288801, 9.6930819, 9.8338127, 19.934107, 19.963175, 19.913517, 19.868694, 0.24999665, 0.26006651, 0.30624598, 0.34528717, 0.34692997, 0.34833783, 0.34967053, 0.34981588, 0.34956759, 0.34934348, 0.16261105
0.19684342, 1.0000000, 0.42334571, 2.3333340, 3.9945953, 9.2164669, 9.6737823, 9.7759495, 9.8691559, 19.935408, 19.954575, 19.902412, 19.865952, 0.27333075, 0.28994331, 0.34216160, 0.34673718, 0.34775916, 0.34869143, 0.34967703, 0.34977287, 0.34951207, 0.34932977, 0.42334571
0.18955705, 1.0000000, 0.39694577, 2.4695873, 2.9313354, 9.1236124, 9.6866579, 9.7888079, 9.8767252, 19.932415, 19.943722, 19.892744, 19.863907, 0.27469480, 0.27931261, 0.34123495, 0.34686634, 0.34788796, 0.34876722, 0.34966207, 0.34971860, 0.34946373, 0.34931952, 0.39694577
0.35598934, 1.0000000, 0.99996132, 9.9999962, 9.9999990, 9.9999990, 9.9999990, 9.9999990, 9.9999990, 19.999998, 19.999998, 19.999998, 19.998999, 0.34999466, 0.34999681, 0.34999841, 0.34999967, 0.34999985, 0.34999993, 0.34999999, 0.34999999, 0.34999999, 0.34999499, 0.99996132
0.35599637, 1.0000000, 0.99998677, 9.9999542, 9.9999723, 9.9999847, 9.9999962, 9.9999990, 9.9999990, 19.999998, 19.999998, 19.999998, 19.997997, 0.34999818, 0.34999892, 0.34999943, 0.34999987, 0.34999996, 0.34999999, 0.34999999, 0.34999999, 0.34999999, 0.34998998, 0.99998677
0.35578191, 1.0000000, 0.99920982, 9.9892607, 9.9935923, 9.9967880, 9.9993525, 9.9996805, 9.9998951, 19.999998, 19.999998, 19.999990, 19.992998, 0.34989119, 0.34993505, 0.34996748, 0.34999344, 0.34999678, 0.34999895, 0.34999999, 0.34999999, 0.34999996, 0.34996498, 0.99920982
0.34286320, 1.0000000, 0.95240283, 9.2715874, 9.7119331, 9.8426046, 9.9577303, 9.9784660, 9.9918070, 19.999010, 19.999743, 19.999477, 19.969450, 0.34271446, 0.34711844, 0.34842560, 0.34957722, 0.34978461, 0.34991804, 0.34999505, 0.34999871, 0.34999740, 0.34984726, 0.95240283
0.35577822, 1.0000000, 0.99919635, 9.9997997, 9.9992085, 9.9531174, 9.9843264, 9.9921103, 9.9971008, 19.999737, 19.999928, 19.999958, 19.988020, 0.34999710, 0.34999156, 0.34953091, 0.34984320, 0.34992108, 0.34997100, 0.34999868, 0.34999964, 0.34999979, 0.34994009, 0.99919635
0.35596043, 1.0000000, 0.99985665, 9.9981604, 9.9988937, 9.9994450, 9.9998894, 9.9999428, 9.9999819, 19.999998, 19.999998, 19.999989, 19.991005, 0.34998029, 0.34998816, 0.34999406, 0.34999880, 0.34999940, 0.34999982, 0.34999999, 0.34999999, 0.34999993, 0.34995502, 0.99985665
0.32434934, 1.0000000, 0.88532364, 8.1318445, 9.4613771, 9.6864052, 9.8963518, 9.9460430, 9.9780674, 19.996225, 19.999010, 19.999691, 19.984983, 0.33131802, 0.34461349, 0.34686390, 0.34896350, 0.34946042, 0.34978068, 0.34998113, 0.34999505, 0.34999844, 0.34992492, 0.88532364
0.28134346, 1.0000000, 0.72950518, 5.1634569, 9.2971888, 9.5507030, 9.7882662, 9.8819056, 9.9476395, 19.988907, 19.997078, 19.998308, 19.961763, 0.30163398, 0.34297124, 0.34550670, 0.34788260, 0.34881902, 0.34947640, 0.34994453, 0.34998539, 0.34999153, 0.34980881, 0.72950518
0.24176311, 1.0000000, 0.58609819, 2.8620124, 8.3966141, 9.4827204, 9.7217855, 9.8347502, 9.9219828, 19.982233, 19.995277, 19.994970, 19.940577, 0.27861843, 0.33396313, 0.34482551, 0.34721750, 0.34834731, 0.34921977, 0.34991115, 0.34997639, 0.34997484, 0.34970289, 0.58609819
0.20106572, 1.0000000, 0.43864393, 1.4697820, 5.8573918, 9.3928537, 9.6457500, 9.7811680, 9.8904114, 19.971710, 19.992380, 19.988638, 19.922136, 0.26469690, 0.30857173, 0.34392679, 0.34645715, 0.34781149, 0.34890404, 0.34985855, 0.34996191, 0.34994319, 0.34961069, 0.43864393
0.17383805, 1.0000000, 0.33999294, 0.68442225, 3.8725786, 9.4052343, 9.6439161, 9.7727251, 9.8810759, 19.965763, 19.990339, 19.979671, 19.906906, 0.25684351, 0.28872338, 0.34404939, 0.34643856, 0.34772694, 0.34881067, 0.34982881, 0.34995168, 0.34989837, 0.34953454, 0.33999294
0.14952919, 0.83964044, 0.25191733, 0.0000000, 2.5340466, 8.5022955, 9.6059980, 9.7471638, 9.8663874, 19.958843, 19.987463, 19.968094, 19.894678, 0.24999101, 0.27533862, 0.33501986, 0.34605926, 0.34747130, 0.34866375, 0.34979421, 0.34993732, 0.34984046, 0.34947339, 0.25191733
0.13644622, 0.68164945, 0.20451529, 0.0000000, 1.6884148, 7.0434537, 9.5719290, 9.7230806, 9.8518143, 19.950821, 19.983288, 19.954645, 19.885191, 0.24999101, 0.26688173, 0.32042953, 0.34571791, 0.34723011, 0.34851789, 0.34975410, 0.34991643, 0.34977323, 0.34942597, 0.20451529
0.14598365, 0.79682428, 0.23907119, 1.1534542, 1.3375938, 6.1861691, 9.6408253, 9.7608480, 9.8668146, 19.949091, 19.979321, 19.940773, 19.878092, 0.26153257, 0.26337457, 0.31185853, 0.34640726, 0.34760797, 0.34866798, 0.34974545, 0.34989661, 0.34970385, 0.34939045, 0.23907119
0.12433358, 0.53537619, 0.16062891, 0.24102628, 0.78635514, 5.1110048, 9.5971956, 9.7375460, 9.8565102, 19.943033, 19.972456, 19.926756, 19.872707, 0.25241005, 0.25786316, 0.30110878, 0.34597147, 0.34737521, 0.34856501, 0.34971517, 0.34986228, 0.34963378, 0.34936354, 0.16062891
0.11226490, 0.38963369, 0.11690180, 0.0000000, 0.30619502, 3.9679801, 9.5689516, 9.7188959, 9.8468609, 19.937208, 19.963730, 19.913706, 19.868771, 0.24995762, 0.25306106, 0.28967404, 0.34568673, 0.34718755, 0.34846812, 0.34968603, 0.34981865, 0.34956855, 0.34934384, 0.11690180
0.10537316, 0.30640846, 0.91931738E-1, 0.0000000, 0.0000000, 2.9633045, 9.3428583, 9.6966743, 9.8356504, 19.931841, 19.953382, 19.902182, 19.865900, 0.24996704, 0.24999282, 0.27962774, 0.34342524, 0.34696501, 0.34835592, 0.34965920, 0.34976691, 0.34951091, 0.34932950, 0.91931738E-1
0.10239793, 0.27047929, 0.81151903E-1, 0.0000000, 0.0000000, 2.3707004, 8.7220469, 9.6780272, 9.8259192, 19.926426, 19.941868, 19.892378, 19.863813, 0.24996704, 0.24999282, 0.27370435, 0.33721849, 0.34677920, 0.34825882, 0.34963214, 0.34970933, 0.34946188, 0.34931907, 0.81151903E-1
0.16771740, 1.0000000, 0.31781662, 2.4377613, 2.3551493, 5.2140708, 9.2167902, 9.6837177, 9.8252354, 19.919254, 19.929405, 19.884216, 19.862309, 0.27437434, 0.27354959, 0.30213860, 0.34216717, 0.34683678, 0.34825224, 0.34959626, 0.34964702, 0.34942108, 0.34931153, 0.31781662
0.13358255, 0.64706755, 0.19413967, 0.94529092, 1.4820874, 3.6296864, 9.5112410, 9.6886272, 9.8249607, 19.910046, 19.916620, 19.877581, 19.861202, 0.25945169, 0.26481971, 0.28629547, 0.34511167, 0.34688589, 0.34824950, 0.34955022, 0.34958309, 0.34938791, 0.34930602, 0.19413967
0.11000936, 0.36239561, 0.10872956, 0.0000000, 0.73316693, 2.6711881, 9.0916109, 9.6635323, 9.8138161, 19.901514, 19.904894, 19.872431, 19.860428, 0.24999836, 0.25733000, 0.27670887, 0.34091404, 0.34663421, 0.34813780, 0.34950757, 0.34952447, 0.34936216, 0.34930214, 0.10872956
0.10157114, 0.26049501, 0.78156322E-1, 0.0000000, 0.15319586, 1.9591361, 8.2811737, 9.6302662, 9.7968731, 19.892466, 19.894314, 19.868458, 19.859886, 0.24999836, 0.25153100, 0.26958531, 0.33280665, 0.34629968, 0.34796771, 0.34946233, 0.34947157, 0.34934229, 0.34929943, 0.78156322E-1
0.96709311E-1, 0.20178311, 0.60540989E-1, 0.0000000, 0.0000000, 1.2891620, 7.3108397, 9.5928249, 9.7765837, 19.883875, 19.885302, 19.865479, 19.859497, 0.24999836, 0.24997978, 0.26288831, 0.32310465, 0.34592578, 0.34776500, 0.34941939, 0.34942651, 0.34932739, 0.34929749, 0.60540989E-1
0.93517803E-1, 0.16324221, 0.48977561E-1, 0.0000000, 0.0000000, 0.73843300, 6.2328496, 9.5543728, 9.7556973, 19.875208, 19.877663, 19.863214, 19.859222, 0.24999836, 0.24997978, 0.25738123, 0.31232324, 0.34553972, 0.34755561, 0.34937602, 0.34938830, 0.34931606, 0.34929612, 0.48977561E-1
0.91067523E-1, 0.13365237, 0.40099721E-1, 0.0000000, 0.0000000, 0.35237968, 5.2042851, 9.5525646, 9.7507257, 19.866543, 19.871292, 19.861473, 19.859058, 0.24999836, 0.24997978, 0.25352272, 0.30203968, 0.34552276, 0.34750628, 0.34933272, 0.34935647, 0.34930736, 0.34929529, 0.40099721E-1
0.88830940E-1, 0.10664318, 0.31996153E-1, 0.0000000, 0.0000000, 0.51793456E-1, 4.0335245, 9.5053587, 9.7258768, 19.858301, 19.866053, 19.860165, 19.858881, 0.24999836, 0.24997978, 0.25051770, 0.29033133, 0.34504899, 0.34725720, 0.34929150, 0.34933025, 0.34930083, 0.34929439, 0.31996153E-1
0.87530643E-1, 0.90940699E-1, 0.27284939E-1, 0.0000000, 0.0000000, 0.0000000, 2.9366465, 9.0896215, 9.6840916, 19.851835, 19.862123, 19.859222, 19.858757, 0.24999836, 0.24997978, 0.24999295, 0.27936381, 0.34089214, 0.34683946, 0.34925917, 0.34931061, 0.34929612, 0.34929377, 0.27284939E-1
0.86761266E-1, 0.81649609E-1, 0.24497332E-1, 0.0000000, 0.0000000, 0.0000000, 2.4635525, 8.1801729, 9.6769619, 19.846008, 19.858978, 19.858494, 19.858652, 0.24999836, 0.24997978, 0.24999295, 0.27463198, 0.33179581, 0.34676731, 0.34923005, 0.34929490, 0.34929246, 0.34929326, 0.24497332E-1
0.86331822E-1, 0.76463677E-1, 0.22941398E-1, 0.0000000, 0.0000000, 0.0000000, 2.2150278, 7.6231790, 9.7278833, 19.844112, 19.857330, 19.858158, 19.858675, 0.24999836, 0.24997978, 0.24999295, 0.27214625, 0.32622483, 0.34727588, 0.34922057, 0.34928665, 0.34929079, 0.34929338, 0.22941398E-1
0.85632697E-1, 0.68020947E-1, 0.20408325E-1, 0.0000000, 0.0000000, 0.0000000, 1.8051982, 6.7702785, 9.6758518, 19.839661, 19.855354, 19.857723, 19.858622, 0.24999836, 0.24997978, 0.24999295, 0.26805100, 0.31770095, 0.34675765, 0.34919831, 0.34927678, 0.34928861, 0.34929311, 0.20408325E-1
0.85012995E-1, 0.60537376E-1, 0.18163029E-1, 0.0000000, 0.0000000, 0.0000000, 1.4705569, 5.9490128, 9.6602564, 19.837986, 19.854353, 19.857540, 19.858629, 0.24999836, 0.24997978, 0.24999295, 0.26470208, 0.30948311, 0.34659874, 0.34918994, 0.34927177, 0.34928769, 0.34929314, 0.18163029E-1
0.84317476E-1, 0.52138206E-1, 0.15643027E-1, 0.0000000, 0.0000000, 0.0000000, 1.1055946, 5.0088320, 9.6301870, 19.833914, 19.852905, 19.857246, 19.858587, 0.24999836, 0.24997978, 0.24999295, 0.26105300, 0.30008164, 0.34629759, 0.34916955, 0.34926453, 0.34928623, 0.34929293, 0.15643027E-1
0.16911182, 1.0000000, 0.32286885, 2.7401805, 2.5651217, 4.1731153, 9.1029119, 9.4427299, 9.7703333, 19.836981, 19.853437, 19.857430, 19.858664, 0.27739528, 0.27564755, 0.29172817, 0.34102780, 0.34442660, 0.34770310, 0.34918490, 0.34926718, 0.34928715, 0.34929332, 0.32286885
0.35599923, 1.0000000, 0.99999726, 9.9999962, 9.9999990, 9.9999990, 9.9999990, 9.9999990, 9.9999990, 19.999998, 19.999998, 19.999998, 19.998999, 0.34999961, 0.34999979, 0.34999987, 0.34999996, 0.34999999, 0.34999999, 0.34999999, 0.34999999, 0.34999999, 0.34999499, 0.99999726
0.35599881, 1.0000000, 0.99999571, 9.9999580, 9.9999752, 9.9999876, 9.9999962, 9.9999990, 9.9999990, 19.999998, 19.999998, 19.999998, 19.997997, 0.34999940, 0.34999967, 0.34999982, 0.34999996, 0.34999999, 0.34999999, 0.34999999, 0.34999999, 0.34999999, 0.34998998, 0.99999571
0.35463661, 1.0000000, 0.99506021, 9.9989948, 9.8993692, 9.8828812, 9.9710798, 9.9853697, 9.9945688, 19.999445, 19.999855, 19.999952, 19.988997, 0.34998959, 0.34899348, 0.34882873, 0.34971076, 0.34985369, 0.34994569, 0.34999722, 0.34999928, 0.34999976, 0.34994498, 0.99506021
0.33033305, 1.0000000, 0.90700376, 8.5344524, 9.5064077, 9.6988688, 9.8989811, 9.9471512, 9.9789944, 19.996935, 19.999207, 19.999132, 19.965624, 0.33534434, 0.34506395, 0.34698862, 0.34898981, 0.34947151, 0.34978995, 0.34998468, 0.34999603, 0.34999567, 0.34982812, 0.90700376
0.32720125, 1.0000000, 0.89565670, 8.4169941, 9.3824673, 9.6085930, 9.8184748, 9.8992996, 9.9557667, 19.991032, 19.997662, 19.996252, 19.944056, 0.33415955, 0.34381774, 0.34608239, 0.34818405, 0.34899265, 0.34955755, 0.34995514, 0.34998831, 0.34998125, 0.34972027, 0.89565670
0.35599399, 1.0000000, 0.99997824, 9.9997883, 9.9998741, 9.9999313, 9.9999819, 9.9999933, 9.9999990, 19.999998, 19.999998, 19.999998, 19.996996, 0.34999701, 0.34999821, 0.34999904, 0.34999976, 0.34999990, 0.34999999, 0.34999999, 0.34999999, 0.34999999, 0.34998497, 0.99997824
0.35599828, 1.0000000, 0.99999374, 9.9999990, 9.9999990, 9.9999990, 9.9999990, 9.9999990, 9.9999990, 19.999998, 19.999998, 19.999998, 19.998999, 0.34999913, 0.34999949, 0.34999973, 0.34999993, 0.34999996, 0.34999999, 0.34999999, 0.34999999, 0.34999999, 0.34999499, 0.99999374
0.35599369, 1.0000000, 0.99997711, 9.9998178, 9.9998922, 9.9999456, 9.9999876, 9.9999933, 9.9999990, 19.999998, 19.999998, 19.999998, 19.996996, 0.34999683, 0.34999812, 0.34999907, 0.34999979, 0.34999990, 0.34999999, 0.34999999, 0.34999999, 0.34999999, 0.34998497, 0.99997711
0.34854394, 1.0000000, 0.97298533, 9.6458025, 9.7589045, 9.8710318, 9.9650764, 9.9822397, 9.9930449, 19.998943, 19.999725, 19.999901, 19.987009, 0.34645766, 0.34758884, 0.34871021, 0.34965074, 0.34982240, 0.34993047, 0.34999472, 0.34999862, 0.34999949, 0.34993505, 0.97298533
0.35599697, 1.0000000, 0.99998897, 9.9999275, 9.9999580, 9.9999790, 9.9999962, 9.9999962, 9.9999990, 19.999998, 19.999998, 19.999998, 19.997997, 0.34999847, 0.34999910, 0.34999955, 0.34999990, 0.34999993, 0.34999999, 0.34999999, 0.34999999, 0.34999999, 0.34998998, 0.99998897
0.31253922, 1.0000000, 0.84253335, 7.3523479, 9.3713360, 9.6213913, 9.8606873, 9.9263706, 9.9693155, 19.994284, 19.998508, 19.999325, 19.974180, 0.32352331, 0.34371322, 0.34621385, 0.34860688, 0.34926370, 0.34969315, 0.34997141, 0.34999254, 0.34999663, 0.34987089, 0.84253335
0.26022819, 1.0000000, 0.65300065, 3.7058334, 9.2148104, 9.4873915, 9.7396793, 9.8513250, 9.9321804, 19.984787, 19.996006, 19.997019, 19.951735, 0.28705755, 0.34214693, 0.34487331, 0.34739667, 0.34851319, 0.34932178, 0.34992394, 0.34998003, 0.34998509, 0.34975868, 0.65300065
0.23579080, 1.0000000, 0.56445938, 2.5186539, 8.2249088, 9.5258141, 9.7347374, 9.8383656, 9.9212532, 19.980988, 19.994932, 19.992687, 19.931803, 0.27518415, 0.33224440, 0.34525543, 0.34734681, 0.34838340, 0.34921244, 0.34990495, 0.34997466, 0.34996343, 0.34965903, 0.56445938
0.34396183, 1.0000000, 0.95638347, 9.4699087, 9.5641079, 9.7521400, 9.9205027, 9.9588499, 9.9830751, 19.996851, 19.999176, 19.999744, 19.985008, 0.34469789, 0.34564036, 0.34752104, 0.34920496, 0.34958848, 0.34983075, 0.34998426, 0.34999588, 0.34999871, 0.34992504, 0.95638347
0.33993733, 1.0000000, 0.94180185, 9.1025772, 9.6569948, 9.8111105, 9.9479876, 9.9734316, 9.9898081, 19.998688, 19.999653, 19.999872, 19.986019, 0.34102541, 0.34656972, 0.34811097, 0.34947985, 0.34973431, 0.34989807, 0.34999344, 0.34999827, 0.34999937, 0.34993011, 0.94180185
0.31850410, 1.0000000, 0.86414522, 7.7643695, 9.4014578, 9.6322794, 9.8496313, 9.9191275, 9.9653416, 19.992973, 19.998163, 19.998697, 19.962769, 0.32764220, 0.34401351, 0.34632224, 0.34849620, 0.34919122, 0.34965339, 0.34996486, 0.34999081, 0.34999350, 0.34981385, 0.86414522
0.35599840, 1.0000000, 0.99999428, 9.9999609, 9.9999752, 9.9999876, 9.9999962, 9.9999990, 9.9999990, 19.999998, 19.999998, 19.999998, 19.997997, 0.34999922, 0.34999952, 0.34999976, 0.34999993, 0.34999999, 0.34999999, 0.34999999, 0.34999999, 0.34999999, 0.34998998, 0.99999428
0.35599923, 1.0000000, 0.99999714, 9.9999990, 9.9999990, 9.9999990, 9.9999990, 9.9999990, 9.9999990, 19.999998, 19.999998, 19.999998, 19.998999, 0.34999961, 0.34999976, 0.34999987, 0.34999996, 0.34999999, 0.34999999, 0.34999999, 0.34999999, 0.34999999, 0.34999499, 0.99999714
0.33144969, 1.0000000, 0.91104949, 8.6013870, 9.5166922, 9.7214441, 9.9125051, 9.9546719, 9.9819984, 19.997263, 19.999283, 19.999559, 19.975210, 0.33601347, 0.34516668, 0.34721431, 0.34912503, 0.34954673, 0.34981999, 0.34998631, 0.34999642, 0.34999779, 0.34987605, 0.91104949
0.28574073, 1.0000000, 0.74543744, 5.4930563, 9.2826815, 9.5436659, 9.7888088, 9.8830090, 9.9483538, 19.989061, 19.997131, 19.997425, 19.952694, 0.30492875, 0.34282500, 0.34543571, 0.34788790, 0.34883001, 0.34948352, 0.34994531, 0.34998566, 0.34998712, 0.34976345, 0.74543744
0.33705908, 1.0000000, 0.93137336, 8.9279709, 9.6156359, 9.7853270, 9.9346189, 9.9663515, 9.9863605, 19.997591, 19.999367, 19.999805, 19.987009, 0.33927691, 0.34615457, 0.34785235, 0.34934601, 0.34966344, 0.34986356, 0.34998795, 0.34999683, 0.34999901, 0.34993505, 0.93137336
0.35241741, 1.0000000, 0.98701948, 9.8181849, 9.9014397, 9.9496222, 9.9891481, 9.9945517, 9.9981070, 19.999928, 19.999981, 19.999983, 19.990009, 0.34816325, 0.34900314, 0.34949055, 0.34989035, 0.34994495, 0.34998089, 0.34999964, 0.34999990, 0.34999990, 0.34995005, 0.98701948
0.35599834, 1.0000000, 0.99999392, 9.9999962, 9.9999962, 9.9999990, 9.9999990, 9.9999990, 9.9999990, 19.999998, 19.999998, 19.999998, 19.998999, 0.34999916, 0.34999949, 0.34999976, 0.34999993, 0.34999996, 0.34999999, 0.34999999, 0.34999999, 0.34999999, 0.34999499, 0.99999392
0.32230693, 1.0000000, 0.87792361, 7.9953790, 9.4479666, 9.6760607, 9.8912477, 9.9432354, 9.9769402, 19.996082, 19.998985, 19.999487, 19.975163, 0.32995346, 0.34447944, 0.34676048, 0.34891245, 0.34943235, 0.34976941, 0.34998041, 0.34999493, 0.34999743, 0.34987581, 0.87792361
0.27519411, 1.0000000, 0.70722508, 4.7384348, 9.2738791, 9.5326366, 9.7756243, 9.8740644, 9.9440308, 19.988270, 19.996929, 19.997381, 19.952660, 0.29738301, 0.34273723, 0.34532556, 0.34775606, 0.34874055, 0.34944028, 0.34994134, 0.34998465, 0.34998691, 0.34976330, 0.70722508
0.24911296, 1.0000000, 0.61272812, 2.9362559, 9.1154222, 9.5618601, 9.7645350, 9.8590069, 9.9333658, 19.985329, 19.996099, 19.993254, 19.932627, 0.27936056, 0.34115052, 0.34561667, 0.34764495, 0.34858987, 0.34933358, 0.34992665, 0.34998050, 0.34996626, 0.34966314, 0.61272812
0.23527136, 1.0000000, 0.56257737, 2.5900035, 8.0338955, 9.5425844, 9.7389097, 9.8386936, 9.9198246, 19.980543, 19.994638, 19.986097, 19.915550, 0.27589896, 0.33033696, 0.34542465, 0.34738886, 0.34838682, 0.34919822, 0.34990272, 0.34997320, 0.34993050, 0.34957775, 0.56257737
0.21734084, 1.0000000, 0.49761176, 2.4161429, 6.1961780, 9.4783392, 9.6943007, 9.8083258, 9.9015903, 19.973459, 19.992254, 19.975945, 19.901569, 0.27416125, 0.31196150, 0.34478319, 0.34694299, 0.34808323, 0.34901589, 0.34986728, 0.34996128, 0.34987971, 0.34950784, 0.49761176
0.19236866, 1.0000000, 0.40713280, 1.5875459, 4.5710125, 9.4628592, 9.6824017, 9.7972040, 9.8930206, 19.968126, 19.989658, 19.963615, 19.890541, 0.26587489, 0.29570916, 0.34462759, 0.34682381, 0.34797195, 0.34893018, 0.34984064, 0.34994829, 0.34981808, 0.34945270, 0.40713280
0.16645899, 1.0000000, 0.31325725, 0.72524548, 2.9855251, 9.2588291, 9.6552019, 9.7785206, 9.8815928, 19.961523, 19.985556, 19.949799, 19.882097, 0.25725096, 0.27985159, 0.34258261, 0.34655082, 0.34778461, 0.34881571, 0.34980762, 0.34992778, 0.34974900, 0.34941047, 0.31325725
0.14552590, 0.79129636, 0.23741266, 0.0000000, 2.2446752, 8.1117334, 9.6261721, 9.7585497, 9.8697290, 19.954241, 19.979628, 19.935501, 19.875708, 0.24996433, 0.27243742, 0.33110046, 0.34625772, 0.34758347, 0.34869662, 0.34977120, 0.34989813, 0.34967750, 0.34937853, 0.23741266
0.13478227, 0.66155541, 0.19848648, 0.0000000, 1.5539587, 6.9044971, 9.6032429, 9.7421904, 9.8598471, 19.947201, 19.971815, 19.921707, 19.870964, 0.24996433, 0.26553157, 0.31902713, 0.34602749, 0.34741941, 0.34859765, 0.34973601, 0.34985906, 0.34960854, 0.34935480, 0.19848648
0.12391908, 0.53037059, 0.15912710, 0.0000000, 0.90842843, 5.5802202, 9.5705833, 9.7204800, 9.8482809, 19.940271, 19.962080, 19.909115, 19.867483, 0.24996433, 0.25907859, 0.30578467, 0.34569982, 0.34720176, 0.34848177, 0.34970134, 0.34981039, 0.34954557, 0.34933740, 0.15912710
0.11417150, 0.41265813, 0.12380982, 0.0000000, 0.38999319, 4.2672811, 9.5495558, 9.7054977, 9.8397188, 19.933920, 19.950899, 19.898163, 19.864952, 0.24996433, 0.25389779, 0.29266113, 0.34549031, 0.34705234, 0.34839630, 0.34966961, 0.34975451, 0.34949082, 0.34932476, 0.12380982
0.15580258, 0.91539842, 0.27464700, 2.7462096, 1.2030005, 3.5247686, 9.6319065, 9.7525835, 9.8595171, 19.932127, 19.939957, 19.889284, 19.863213, 0.27744979, 0.26202676, 0.28524294, 0.34631649, 0.34752452, 0.34859473, 0.34966063, 0.34969980, 0.34944642, 0.34931606, 0.27464700
0.15058103, 0.85234272, 0.25572839, 2.1570592, 1.8381715, 2.9777527, 9.4999704, 9.7566586, 9.8627272, 19.927662, 19.928106, 19.881956, 19.861925, 0.27157027, 0.26838157, 0.27977741, 0.34499961, 0.34756655, 0.34862727, 0.34963831, 0.34964055, 0.34940979, 0.34930962, 0.25572839
0.18079755, 1.0000000, 0.36520851, 2.2727818, 2.7836430, 8.0695305, 9.1725225, 9.7184286, 9.8459396, 19.919973, 19.915892, 19.876007, 19.860991, 0.27272770, 0.27783635, 0.33069518, 0.34172520, 0.34718427, 0.34845939, 0.34959987, 0.34957945, 0.34938005, 0.34930494, 0.36520851
0.15671305, 0.92639351, 0.27794585, 1.3128966, 2.1591008, 6.6187358, 9.5782757, 9.7405195, 9.8521090, 19.912178, 19.904680, 19.871407, 19.860321, 0.26312658, 0.27158865, 0.31618378, 0.34578171, 0.34740466, 0.34852090, 0.34956089, 0.34952340, 0.34935704, 0.34930161, 0.27794585
0.13636480, 0.68066627, 0.20422031, 0.51731765, 1.5683085, 5.5321379, 9.6021767, 9.7387648, 9.8503256, 19.903656, 19.894613, 19.867851, 19.859852, 0.25517210, 0.26568115, 0.30531797, 0.34602058, 0.34738705, 0.34850305, 0.34951827, 0.34947306, 0.34933925, 0.34929925, 0.20422031
0.11911577, 0.47236547, 0.14172381, 0.0000000, 0.94966590, 4.3371239, 9.5663090, 9.7149382, 9.8381815, 19.893312, 19.885563, 19.865078, 19.859491, 0.24995321, 0.25949469, 0.29336670, 0.34566110, 0.34714836, 0.34838149, 0.34946656, 0.34942782, 0.34932539, 0.34929746, 0.14172381
0.10956941, 0.35708278, 0.10713555, 0.0000000, 0.43389797, 3.0731680, 9.5295696, 9.6901140, 9.8248253, 19.883736, 19.878124, 19.862993, 19.859251, 0.24995321, 0.25433731, 0.28072581, 0.34529206, 0.34689930, 0.34824762, 0.34941867, 0.34939063, 0.34931496, 0.34929627, 0.10713555
0.10278476, 0.27515075, 0.82553484E-1, 0.0000000, 0.28243661E-1, 2.3657203, 8.9422607, 9.6677752, 9.8117580, 19.874348, 19.871946, 19.861433, 19.859104, 0.24995321, 0.25028226, 0.27364972, 0.33941695, 0.34667468, 0.34811655, 0.34937173, 0.34935972, 0.34930718, 0.34929553, 0.82553484E-1
0.99473044E-1, 0.23515822, 0.70554525E-1, 0.0000000, 0.0000000, 1.7750472, 8.1926498, 9.6434078, 9.7981014, 19.866301, 19.867113, 19.860308, 19.858963, 0.24995321, 0.24999702, 0.26774335, 0.33191991, 0.34643021, 0.34797969, 0.34933150, 0.34933555, 0.34930155, 0.34929481, 0.70554525E-1
0.96458018E-1, 0.19874845, 0.59630502E-1, 0.0000000, 0.0000000, 1.2249887, 7.3199568, 9.6100483, 9.7809048, 19.860214, 19.863562, 19.859495, 19.858856, 0.24995321, 0.24999702, 0.26224500, 0.32319373, 0.34609663, 0.34780774, 0.34930107, 0.34931782, 0.34929746, 0.34929428, 0.59630502E-1
0.93833447E-1, 0.16705386, 0.50121173E-1, 0.0000000, 0.0000000, 0.78331530, 6.3734269, 9.5841188, 9.7668324, 19.856012, 19.861067, 19.859013, 19.858805, 0.24995321, 0.24999702, 0.25782931, 0.31372800, 0.34583649, 0.34766671, 0.34928006, 0.34930533, 0.34929508, 0.34929401, 0.50121173E-1
0.91510512E-1, 0.13900192, 0.41704748E-1, 0.0000000, 0.0000000, 0.42380393, 5.3781238, 9.5608616, 9.7533264, 19.851208, 19.858870, 19.858553, 19.858757, 0.24995321, 0.24999702, 0.25423628, 0.30377677, 0.34560466, 0.34753191, 0.34925604, 0.34929436, 0.34929276, 0.34929377, 0.41704748E-1
0.12081085, 0.49283543, 0.14786541, 1.3741136, 1.3714790, 0.27174056, 4.8621459, 9.6662436, 9.7975283, 19.848518, 19.857523, 19.858261, 19.858709, 0.26373464, 0.26371092, 0.25271702, 0.29862010, 0.34666106, 0.34797481, 0.34924260, 0.34928763, 0.34929129, 0.34929353, 0.14786541
0.14678389, 0.80648816, 0.24197064, 2.7479172, 2.3225963, 0.14586747, 4.4355721, 9.6917782, 9.8112917, 19.847059, 19.856676, 19.858120, 19.858709, 0.27747291, 0.27322280, 0.25145859, 0.29435512, 0.34691712, 0.34811270, 0.34923530, 0.34928340, 0.34929061, 0.34929353, 0.24197064
0.12440869, 0.53628314, 0.16090104, 1.5676677, 1.6869783, 0.16722083E-1, 4.0647607, 9.7065153, 9.8182087, 19.844904, 19.855776, 19.857954, 19.858692, 0.26567587, 0.26686925, 0.25016722, 0.29064748, 0.34706500, 0.34818202, 0.34922451, 0.34927887, 0.34928977, 0.34929347, 0.16090104
0.10886550, 0.34858227, 0.10458514, 0.76960325, 1.1834413, 0.0000000, 3.7176862, 9.7101526, 9.8206711, 19.844101, 19.855335, 19.857906, 19.858704, 0.25769264, 0.26183128, 0.24999881, 0.28717586, 0.34710023, 0.34820625, 0.34922051, 0.34927666, 0.34928954, 0.34929353, 0.10458514
0.10609096, 0.31507671, 0.94532467E-1, 0.82890391, 0.78308284, 0.0000000, 3.3796663, 9.7122641, 9.8218527, 19.843739, 19.855093, 19.857885, 19.858709, 0.25828558, 0.25782889, 0.24999881, 0.28379583, 0.34712142, 0.34821811, 0.34921870, 0.34927547, 0.34928942, 0.34929353, 0.94532467E-1
0.92610762E-1, 0.15228868, 0.45691174E-1, 0.13070703, 0.36056936, 0.0000000, 2.9969394, 9.6364813, 9.8054924, 19.842525, 19.854687, 19.857801, 19.858698, 0.25130618, 0.25360423, 0.24999881, 0.27996817, 0.34636283, 0.34805426, 0.34921262, 0.34927344, 0.34928900, 0.34929350, 0.45691174E-1
0.87786771E-1, 0.94033748E-1, 0.28212946E-1, 0.0000000, 0.40668249E-1, 0.0000000, 2.7655034, 9.2075253, 9.7743406, 19.841827, 19.854439, 19.857725, 19.858692, 0.24995489, 0.25040638, 0.24999881, 0.27765301, 0.34207186, 0.34774220, 0.34920913, 0.34927219, 0.34928864, 0.34929347, 0.28212946E-1
0.86973973E-1, 0.84218308E-1, 0.25268020E-1, 0.0000000, 0.0000000, 0.0000000, 2.4781168, 8.6430407, 9.7421532, 19.840504, 19.854069, 19.857647, 19.858675, 0.24995489, 0.24999939, 0.24999881, 0.27477786, 0.33642462, 0.34741935, 0.34920251, 0.34927034, 0.34928823, 0.34929338, 0.25268020E-1
0.86611435E-1, 0.79840310E-1, 0.23954488E-1, 0.0000000, 0.0000000, 0.0000000, 2.2684753, 8.1832504, 9.7513361, 19.840239, 19.853956, 19.857635, 19.858698, 0.24995489, 0.24999939, 0.24999881, 0.27268231, 0.33182809, 0.34751162, 0.34920120, 0.34926978, 0.34928817, 0.34929350, 0.23954488E-1
0.86189635E-1, 0.74746624E-1, 0.22426229E-1, 0.0000000, 0.0000000, 0.0000000, 2.0282567, 7.6496201, 9.7369289, 19.839872, 19.853817, 19.857635, 19.858698, 0.24995489, 0.24999939, 0.24999881, 0.27028027, 0.32649183, 0.34736744, 0.34919935, 0.34926909, 0.34928817, 0.34929350, 0.22426229E-1
0.13652393, 0.68258798, 0.20479688, 1.7415732, 2.2143035, 1.9507527, 1.9828558, 7.4685917, 9.8049593, 19.842653, 19.854557, 19.857832, 19.858709, 0.26741239, 0.27214050, 0.26950639, 0.26982832, 0.32468551, 0.34804940, 0.34921327, 0.34927279, 0.34928915, 0.34929353, 0.20479688
0.23675698, 1.0000000, 0.56796002, 2.9056578, 7.9491377, 9.1177263, 9.3805723, 9.6012011, 9.8422165, 19.845610, 19.855337, 19.858047, 19.858709, 0.27905416, 0.32948741, 0.34117499, 0.34380525, 0.34601176, 0.34842208, 0.34922805, 0.34927669, 0.34929025, 0.34929353, 0.56796002
0.34936738, 1.0000000, 0.97596878, 9.9574404, 9.5902014, 9.4649220, 9.6251554, 9.7465200, 9.8535385, 19.846357, 19.855547, 19.858131, 19.858709, 0.34957367, 0.34590161, 0.34464902, 0.34625152, 0.34746519, 0.34853539, 0.34923178, 0.34927773, 0.34929067, 0.34929353, 0.97596878
0.35599834, 1.0000000, 0.99999380, 9.9999990, 9.9999962, 9.9999990, 9.9999990, 9.9999990, 9.9999962, 19.999998, 19.999998, 19.999992, 19.998999, 0.34999916, 0.34999946, 0.34999976, 0.34999993, 0.34999996, 0.34999996, 0.34999999, 0.34999999, 0.34999996, 0.34999499, 0.99999380
0.33299893, 1.0000000, 0.91666269, 8.6669378, 9.5747223, 9.7576904, 9.9279327, 9.9628649, 9.9855995, 19.998110, 19.999504, 19.999619, 19.975210, 0.33666775, 0.34574616, 0.34757638, 0.34927922, 0.34962860, 0.34985596, 0.34999055, 0.34999752, 0.34999809, 0.34987605, 0.91666269
0.29167163, 1.0000000, 0.76692617, 5.8833632, 9.3280220, 9.5773869, 9.8162489, 9.8994808, 9.9571228, 19.992081, 19.997925, 19.997622, 19.952753, 0.30883130, 0.34327802, 0.34577274, 0.34816223, 0.34899467, 0.34957120, 0.34996039, 0.34998962, 0.34998810, 0.34976375, 0.76692617
0.25341165, 1.0000000, 0.62830305, 3.1619744, 9.2764015, 9.5267181, 9.7562780, 9.8579445, 9.9352856, 19.987049, 19.996588, 19.993349, 19.932680, 0.28161871, 0.34276223, 0.34526625, 0.34756261, 0.34857935, 0.34935284, 0.34993523, 0.34998295, 0.34996673, 0.34966341, 0.62830305
0.22579943, 1.0000000, 0.52825874, 2.1087856, 7.7155428, 9.5001364, 9.7200212, 9.8293314, 9.9171009, 19.981327, 19.994930, 19.986134, 19.915598, 0.27108702, 0.32715356, 0.34500024, 0.34719998, 0.34829319, 0.34917098, 0.34990662, 0.34997466, 0.34993067, 0.34957799, 0.52825874
0.24947715, 1.0000000, 0.61404765, 2.9604197, 9.1378393, 9.5351286, 9.7283201, 9.8286419, 9.9121542, 19.977615, 19.993471, 19.976229, 19.901659, 0.27960259, 0.34137538, 0.34534973, 0.34728286, 0.34828627, 0.34912148, 0.34988809, 0.34996736, 0.34988114, 0.34950829, 0.61404765
0.22187446, 1.0000000, 0.51403791, 2.0531774, 7.3458796, 9.4859581, 9.6992064, 9.8090830, 9.9001350, 19.971907, 19.990826, 19.963884, 19.890623, 0.27052826, 0.32345122, 0.34485468, 0.34699109, 0.34809032, 0.34900117, 0.34985954, 0.34995413, 0.34981942, 0.34945312, 0.51403791
0.19589013, 1.0000000, 0.41989174, 1.2363464, 5.5818844, 9.4652233, 9.6809368, 9.7954321, 9.8909740, 19.966133, 19.986986, 19.950108, 19.882149, 0.26236096, 0.30581206, 0.34464648, 0.34680817, 0.34795374, 0.34890953, 0.34983066, 0.34993494, 0.34975055, 0.34941074, 0.41989174
0.16969836, 1.0000000, 0.32499403, 0.43714643, 3.7699087, 9.4338036, 9.6581450, 9.7795544, 9.8810387, 19.959450, 19.981295, 19.935816, 19.875731, 0.25436977, 0.28769037, 0.34432709, 0.34657922, 0.34779441, 0.34880999, 0.34979725, 0.34990647, 0.34967908, 0.34937865, 0.32499403
0.15109834, 0.85858965, 0.25760266, 0.0000000, 2.6405871, 8.6648350, 9.6326017, 9.7619562, 9.8703737, 19.951908, 19.973412, 19.921965, 19.870964, 0.24997027, 0.27639455, 0.33662978, 0.34632188, 0.34761748, 0.34870303, 0.34975955, 0.34986705, 0.34960982, 0.34935480, 0.25760266
0.14096010, 0.73615938, 0.22086991, 0.0000000, 1.9682199, 7.5625486, 9.6216145, 9.7531366, 9.8642550, 19.945177, 19.963781, 19.909351, 19.867483, 0.24997027, 0.26967534, 0.32561231, 0.34621277, 0.34752968, 0.34864199, 0.34972590, 0.34981892, 0.34954676, 0.34933740, 0.22086991
0.13139012, 0.62059158, 0.18619609, 0.0000000, 1.3660461, 6.4585423, 9.6104116, 9.7449598, 9.8590603, 19.938648, 19.952551, 19.898369, 19.864952, 0.24997027, 0.26365435, 0.31457096, 0.34609982, 0.34744743, 0.34858987, 0.34969324, 0.34976274, 0.34949183, 0.34932476, 0.18619609
0.12254772, 0.51380986, 0.15415838, 0.0000000, 0.84654689, 5.3650436, 9.5983572, 9.7367115, 9.8542814, 19.932182, 19.940334, 19.889177, 19.863144, 0.24997027, 0.25846046, 0.30363458, 0.34597790, 0.34736422, 0.34854183, 0.34966090, 0.34970167, 0.34944588, 0.34931570, 0.15415838
0.11437698, 0.41513941, 0.12455428, 0.0000000, 0.40181279, 4.2843475, 9.5847702, 9.7275314, 9.8489656, 19.925171, 19.927731, 19.881718, 19.861843, 0.24997027, 0.25401515, 0.29282764, 0.34584063, 0.34727174, 0.34848842, 0.34962586, 0.34963864, 0.34940860, 0.34930921, 0.12455428
0.10671958, 0.32266805, 0.96810095E-1, 0.0000000, 0.19419193E-1, 3.2050529, 9.5658102, 9.7148848, 9.8417454, 19.917002, 19.915308, 19.875734, 19.860897, 0.24997027, 0.25019392, 0.28202850, 0.34564495, 0.34714216, 0.34841520, 0.34958500, 0.34957653, 0.34937868, 0.34930450, 0.96810095E-1
0.10377101, 0.28706077, 0.86126842E-1, 0.0000000, 0.0000000, 2.6009946, 9.2239647, 9.7142458, 9.8403540, 19.909857, 19.904182, 19.871187, 19.860281, 0.24997027, 0.24999881, 0.27598092, 0.34221905, 0.34713161, 0.34839988, 0.34954929, 0.34952092, 0.34935594, 0.34930140, 0.86126842E-1
0.11876999, 0.46818978, 0.14047098, 1.1880249, 0.0000000, 2.3392944, 8.8715172, 9.7454920, 9.8527346, 19.904016, 19.894777, 19.867851, 19.859863, 0.26185074, 0.24999881, 0.27337551, 0.33870196, 0.34744763, 0.34852490, 0.34952009, 0.34947389, 0.34933925, 0.34929931, 0.14047098
0.10796840, 0.33774880, 0.10133477, 0.50790906, 0.0000000, 2.0554395, 8.5216579, 9.7494612, 9.8534546, 19.895716, 19.886219, 19.865221, 19.859533, 0.25507796, 0.24999881, 0.27055302, 0.33521545, 0.34749395, 0.34853435, 0.34947857, 0.34943110, 0.34932610, 0.34929767, 0.10133477
0.98981485E-1, 0.22922203, 0.68773486E-1, 0.0000000, 0.0000000, 1.6774327, 8.0476828, 9.7130566, 9.8375702, 19.887175, 19.879017, 19.863199, 19.859299, 0.24995989, 0.24999881, 0.26676401, 0.33046693, 0.34712461, 0.34837368, 0.34943587, 0.34939510, 0.34931600, 0.34929651, 0.68773486E-1
0.96983798E-1, 0.20509782, 0.61535504E-1, 0.0000000, 0.0000000, 1.3095438, 7.4880152, 9.6859846, 9.8232679, 19.879627, 19.873304, 19.861757, 19.859180, 0.24995989, 0.24999881, 0.26308918, 0.32487297, 0.34685519, 0.34823111, 0.34939814, 0.34936652, 0.34930879, 0.34929591, 0.61535504E-1
0.94922349E-1, 0.18020356, 0.54066475E-1, 0.0000000, 0.0000000, 0.94272494, 6.8488946, 9.6557951, 9.8066463, 19.871294, 19.868410, 19.860603, 19.859051, 0.24995989, 0.24999881, 0.25942340, 0.31848335, 0.34655401, 0.34806511, 0.34935647, 0.34934205, 0.34930301, 0.34929526, 0.54066475E-1
0.93019992E-1, 0.15723056, 0.47173884E-1, 0.0000000, 0.0000000, 0.62546134, 6.1530666, 9.6338568, 9.7936411, 19.864107, 19.864574, 19.859743, 19.858940, 0.24995989, 0.24999881, 0.25624830, 0.31151819, 0.34632882, 0.34793311, 0.34932053, 0.34932286, 0.34929872, 0.34929469, 0.47173884E-1
0.91612615E-1, 0.14023498, 0.42074703E-1, 0.0000000, 0.0000000, 0.41193664, 5.5142846, 9.6394701, 9.7939005, 19.859587, 19.862003, 19.859203, 19.858856, 0.24995989, 0.24999881, 0.25411811, 0.30513951, 0.34639180, 0.34793803, 0.34929794, 0.34931001, 0.34929603, 0.34929428, 0.42074703E-1
0.90337873E-1, 0.12484101, 0.37456051E-1, 0.0000000, 0.0000000, 0.23873448, 4.8488269, 9.6245375, 9.7865810, 19.856266, 19.860195, 19.858883, 19.858805, 0.24995989, 0.24999881, 0.25238690, 0.29848638, 0.34624353, 0.34786519, 0.34928134, 0.34930098, 0.34929442, 0.34929401, 0.37456051E-1
0.89066654E-1, 0.10948971, 0.32850198E-1, 0.0000000, 0.0000000, 0.84021688E-1, 4.1036782, 9.5958309, 9.7719574, 19.852840, 19.858646, 19.858553, 19.858757, 0.24995989, 0.24999881, 0.25084007, 0.29103544, 0.34595674, 0.34771904, 0.34926420, 0.34929323, 0.34929276, 0.34929377, 0.32850198E-1
0.88054724E-1, 0.97269572E-1, 0.29183790E-1, 0.0000000, 0.0000000, 0.0000000, 3.3137481, 9.5760422, 9.7605801, 19.850113, 19.857473, 19.858301, 19.858709, 0.24995989, 0.24999881, 0.24999508, 0.28313413, 0.34575561, 0.34760416, 0.34925056, 0.34928736, 0.34929150, 0.34929353, 0.29183790E-1
0.87617218E-1, 0.91986209E-1, 0.27598623E-1, 0.0000000, 0.0000000, 0.0000000, 2.8940856, 9.3555174, 9.7687902, 19.846861, 19.856295, 19.858046, 19.858683, 0.24995989, 0.24999881, 0.24999508, 0.27893856, 0.34355149, 0.34768662, 0.34923431, 0.34928149, 0.34929022, 0.34929341, 0.27598623E-1
0.87275617E-1, 0.87861016E-1, 0.26360942E-1, 0.0000000, 0.0000000, 0.0000000, 2.6829629, 8.9542599, 9.7711887, 19.844152, 19.855358, 19.857887, 19.858683, 0.24995989, 0.24999881, 0.24999508, 0.27682114, 0.33952841, 0.34770674, 0.34922075, 0.34927678, 0.34928945, 0.34929341, 0.26360942E-1
0.86963184E-1, 0.84088057E-1, 0.25228940E-1, 0.0000000, 0.0000000, 0.0000000, 2.4909377, 8.5824776, 9.7744036, 19.841991, 19.854643, 19.857737, 19.858688, 0.24995989, 0.24999881, 0.24999508, 0.27490127, 0.33581081, 0.34773874, 0.34920996, 0.34927320, 0.34928867, 0.34929344, 0.25228940E-1
0.86659998E-1, 0.80426738E-1, 0.24130436E-1, 0.0000000, 0.0000000, 0.0000000, 2.3065090, 8.2187605, 9.7749023, 19.840315, 19.854086, 19.857634, 19.858683, 0.24995989, 0.24999881, 0.24999508, 0.27305731, 0.33217376, 0.34774354, 0.34920156, 0.34927043, 0.34928817, 0.34929341, 0.24130436E-1
0.86336382E-1, 0.76518700E-1, 0.22957906E-1, 0.0000000, 0.0000000, 0.0000000, 2.1093786, 7.8343153, 9.7688494, 19.838106, 19.853426, 19.857512, 19.858664, 0.24995989, 0.24999881, 0.24999508, 0.27108386, 0.32832471, 0.34768084, 0.34919053, 0.34926713, 0.34928757, 0.34929332, 0.22957906E-1
0.14600781, 0.79711604, 0.23915873, 2.4371595, 2.1240621, 2.0642667, 2.0809560, 7.7047706, 9.8237648, 19.841686, 19.854317, 19.857771, 19.858709, 0.27435771, 0.27123335, 0.27063912, 0.27080885, 0.32704639, 0.34823707, 0.34920841, 0.34927160, 0.34928885, 0.34929353, 0.23915873
0.16286013, 1.0000000, 0.30021787, 2.9273005, 2.3087234, 2.6776462, 8.4192686, 9.5079670, 9.8540964, 19.845415, 19.855295, 19.858030, 19.858709, 0.27927005, 0.27308583, 0.27677566, 0.33419219, 0.34507936, 0.34854087, 0.34922707, 0.34927648, 0.34929016, 0.34929353, 0.30021787
0.23749527, 1.0000000, 0.57063502, 2.6614246, 8.2998066, 9.3510752, 9.5812397, 9.7512026, 9.8694515, 19.848120, 19.856031, 19.858213, 19.858709, 0.27661410, 0.33299780, 0.34351060, 0.34581235, 0.34751201, 0.34869450, 0.34924060, 0.34928015, 0.34929106, 0.34929353, 0.57063502
0.26685190, 1.0000000, 0.67699957, 4.2901087, 8.9973745, 9.5853701, 9.7157135, 9.8077621, 9.8740301, 19.849253, 19.856331, 19.858273, 19.858709, 0.29290074, 0.33997330, 0.34585345, 0.34715706, 0.34807760, 0.34874031, 0.34924626, 0.34928167, 0.34929135, 0.34929353, 0.67699957
0.35599893, 1.0000000, 0.99999613, 9.9999990, 9.9999990, 9.9999990, 9.9999990, 9.9999990, 9.9999990, 19.999998, 19.999998, 19.999998, 19.998999, 0.34999946, 0.34999967, 0.34999985, 0.34999996, 0.34999996, 0.34999999, 0.34999999, 0.34999999, 0.34999999, 0.34999499, 0.99999613
0.35599899, 1.0000000, 0.99999636, 9.9999990, 9.9999990, 9.9999990, 9.9999990, 9.9999990, 9.9999990, 19.999998, 19.999998, 19.999998, 19.998999, 0.34999949, 0.34999970, 0.34999985, 0.34999996, 0.34999996, 0.34999999, 0.34999999, 0.34999999, 0.34999999, 0.34999499, 0.99999636
0.35599333, 1.0000000, 0.99997574, 9.9997282, 9.9998360, 9.9999161, 9.9999847, 9.9999876, 9.9999990, 19.999998, 19.999998, 19.999998, 19.994993, 0.34999666, 0.34999800, 0.34999898, 0.34999982, 0.34999985, 0.34999999, 0.34999999, 0.34999999, 0.34999999, 0.34997496, 0.99997574
0.34725606, 1.0000000, 0.96831894, 9.5692129, 9.7375345, 9.8581009, 9.9644566, 9.9819546, 9.9934092, 19.999451, 19.999855, 19.999846, 19.980116, 0.34569180, 0.34737515, 0.34858093, 0.34964454, 0.34981954, 0.34993410, 0.34999725, 0.34999928, 0.34999922, 0.34990057, 0.96831894
0.33356118, 1.0000000, 0.91869986, 8.6867485, 9.6034403, 9.7693329, 9.9285612, 9.9628267, 9.9859829, 19.998634, 19.999641, 19.998581, 19.957342, 0.33686697, 0.34603408, 0.34769315, 0.34928557, 0.34962824, 0.34985983, 0.34999317, 0.34999821, 0.34999290, 0.34978670, 0.91869986
0.31098962, 1.0000000, 0.83691877, 7.1545749, 9.4819603, 9.6820736, 9.8741217, 9.9319487, 9.9725456, 19.996357, 19.999037, 19.995056, 19.936743, 0.32154492, 0.34481895, 0.34682041, 0.34874117, 0.34931946, 0.34972546, 0.34998178, 0.34999520, 0.34997529, 0.34968370, 0.83691877
0.28592223, 1.0000000, 0.74609500, 5.3998551, 9.4122248, 9.6281033, 9.8287134, 9.9032326, 9.9586611, 19.993773, 19.998323, 19.988720, 19.919039, 0.30399784, 0.34412149, 0.34628063, 0.34828705, 0.34903231, 0.34958661, 0.34996885, 0.34999162, 0.34994361, 0.34959519, 0.74609500
0.26195872, 1.0000000, 0.65927076, 3.6777101, 9.4006472, 9.6111784, 9.8018284, 9.8832912, 9.9472437, 19.991234, 19.997374, 19.979481, 19.904457, 0.28677654, 0.34400564, 0.34611133, 0.34801820, 0.34883288, 0.34947240, 0.34995615, 0.34998685, 0.34989741, 0.34952229, 0.65927076
0.24767397, 1.0000000, 0.60751438, 2.9009283, 8.9555616, 9.6413612, 9.8027983, 9.8794584, 9.9424238, 19.989454, 19.996075, 19.967840, 19.892851, 0.27900779, 0.33955285, 0.34641212, 0.34802768, 0.34879443, 0.34942418, 0.34994727, 0.34998038, 0.34983921, 0.34946424, 0.60751438
0.23349704, 1.0000000, 0.55614865, 2.4648130, 7.9854274, 9.6151447, 9.7893896, 9.8694658, 9.9357777, 19.987286, 19.993719, 19.954512, 19.883923, 0.27464637, 0.32985085, 0.34614938, 0.34789348, 0.34869444, 0.34935772, 0.34993643, 0.34996861, 0.34977257, 0.34941962, 0.55614865
0.22355166, 1.0000000, 0.52011466, 2.1790385, 7.2477522, 9.6388979, 9.7962456, 9.8712492, 9.9345741, 19.985849, 19.990114, 19.940550, 19.877174, 0.27178913, 0.32247505, 0.34638736, 0.34796211, 0.34871233, 0.34934568, 0.34992924, 0.34995058, 0.34970275, 0.34938586, 0.52011466
0.21663873, 1.0000000, 0.49506783, 2.0099850, 6.6789613, 9.6668644, 9.8110018, 9.8785477, 9.9368534, 19.985306, 19.984888, 19.926908, 19.872164, 0.27009815, 0.31678623, 0.34666619, 0.34810951, 0.34878522, 0.34936845, 0.34992653, 0.34992445, 0.34963453, 0.34936082, 0.49506783
0.20282537, 1.0000000, 0.44501945, 1.6085029, 5.7225718, 9.5881863, 9.7805643, 9.8617983, 9.9293175, 19.982847, 19.977146, 19.914116, 19.868458, 0.26608470, 0.30722499, 0.34588128, 0.34780553, 0.34861791, 0.34929314, 0.34991425, 0.34988573, 0.34957057, 0.34934229, 0.44501945
0.19185072, 1.0000000, 0.40525627, 1.3193935, 4.8763447, 9.5946817, 9.7763977, 9.8580494, 9.9266787, 19.980583, 19.967564, 19.902828, 19.865778, 0.26319370, 0.29876292, 0.34594628, 0.34776387, 0.34858042, 0.34926677, 0.34990293, 0.34983781, 0.34951413, 0.34932888, 0.40525627
0.17662038, 1.0000000, 0.35007381, 0.88905394, 3.7860529, 9.5399523, 9.7460690, 9.8398561, 9.9175482, 19.976007, 19.955944, 19.893118, 19.863802, 0.25888962, 0.28785813, 0.34539652, 0.34746006, 0.34839827, 0.34917539, 0.34988004, 0.34977973, 0.34946558, 0.34931901, 0.35007381
0.16884571, 1.0000000, 0.32190472, 0.71182847, 3.1049192, 9.6086130, 9.7701836, 9.8513441, 9.9209194, 19.972357, 19.943823, 19.885254, 19.862419, 0.25711769, 0.28104761, 0.34608373, 0.34770134, 0.34851319, 0.34920910, 0.34986180, 0.34971911, 0.34942627, 0.34931210, 0.32190472
0.35595018, 1.0000000, 0.99981940, 9.9981308, 9.9988756, 9.9994392, 9.9998865, 9.9999428, 9.9999819, 19.999998, 19.999998, 19.999998, 19.994993, 0.34997517, 0.34998509, 0.34999254, 0.34999850, 0.34999925, 0.34999976, 0.34999999, 0.34999999, 0.34999999, 0.34997496, 0.99981940
0.35599864, 1.0000000, 0.99999493, 9.9999990, 9.9999990, 9.9999990, 9.9999990, 9.9999990, 9.9999990, 19.999998, 19.999998, 19.999998, 19.998999, 0.34999931, 0.34999958, 0.34999979, 0.34999996, 0.34999996, 0.34999999, 0.34999999, 0.34999999, 0.34999999, 0.34999499, 0.99999493
0.35599935, 1.0000000, 0.99999750, 9.9999990, 9.9999962, 9.9999990, 9.9999990, 9.9999990, 9.9999990, 19.999998, 19.999998, 19.999998, 19.998999, 0.34999967, 0.34999976, 0.34999990, 0.34999996, 0.34999999, 0.34999999, 0.34999999, 0.34999999, 0.34999999, 0.34999499, 0.99999750
0.35599929, 1.0000000, 0.99999738, 9.9999962, 9.9999962, 9.9999990, 9.9999990, 9.9999990, 9.9999990, 19.999998, 19.999998, 19.999998, 19.998999, 0.34999964, 0.34999979, 0.34999990, 0.34999996, 0.34999999, 0.34999999, 0.34999999, 0.34999999, 0.34999999, 0.34999499, 0.99999738
0.35599768, 1.0000000, 0.99999148, 9.9999104, 9.9999456, 9.9999695, 9.9999905, 9.9999990, 9.9999962, 19.999998, 19.999998, 19.999998, 19.995995, 0.34999883, 0.34999928, 0.34999961, 0.34999987, 0.34999999, 0.34999996, 0.34999999, 0.34999999, 0.34999999, 0.34997997, 0.99999148
0.35558552, 1.0000000, 0.99849826, 9.9985695, 9.9738970, 9.9591846, 9.9911900, 9.9955873, 9.9984674, 19.999939, 19.999981, 19.999882, 19.981098, 0.34998554, 0.34973887, 0.34959182, 0.34991190, 0.34995586, 0.34998468, 0.34999970, 0.34999990, 0.34999940, 0.34990549, 0.99849826
0.34283429, 1.0000000, 0.95229822, 9.2857790, 9.6959944, 9.8205996, 9.9540586, 9.9765940, 9.9916105, 19.999504, 19.999868, 19.998716, 19.958250, 0.34285745, 0.34695974, 0.34820586, 0.34954056, 0.34976596, 0.34991610, 0.34999752, 0.34999934, 0.34999359, 0.34979126, 0.95229822
0.32962459, 1.0000000, 0.90443689, 8.4035501, 9.6040869, 9.7635307, 9.9206858, 9.9583473, 9.9840631, 19.998402, 19.999575, 19.995363, 19.937567, 0.33403447, 0.34604016, 0.34763494, 0.34920681, 0.34958345, 0.34984064, 0.34999201, 0.34999788, 0.34997681, 0.34968784, 0.90443689
0.31972092, 1.0000000, 0.86855400, 7.6745157, 9.6232386, 9.7677746, 9.9029417, 9.9470768, 9.9783888, 19.997114, 19.999189, 19.989233, 19.919754, 0.32674462, 0.34623197, 0.34767753, 0.34902939, 0.34947073, 0.34978390, 0.34998557, 0.34999594, 0.34994617, 0.34959877, 0.86855400
0.30869198, 1.0000000, 0.82859403, 6.8918276, 9.6065989, 9.7531424, 9.8816872, 9.9333992, 9.9708509, 19.994850, 19.998310, 19.980135, 19.905041, 0.31891546, 0.34606361, 0.34753025, 0.34881663, 0.34933388, 0.34970847, 0.34997424, 0.34999156, 0.34990066, 0.34952521, 0.82859403
0.29623950, 1.0000000, 0.78347647, 6.0164719, 9.5762062, 9.7298822, 9.8606739, 9.9192772, 9.9626226, 19.992092, 19.996809, 19.968506, 19.893305, 0.31016195, 0.34575942, 0.34729749, 0.34860647, 0.34919262, 0.34962618, 0.34996045, 0.34998405, 0.34984252, 0.34946653, 0.78347647
0.27943003, 1.0000000, 0.72257251, 4.8564129, 9.5068970, 9.6827831, 9.8348026, 9.9020939, 9.9531927, 19.989220, 19.994331, 19.955179, 19.884270, 0.29856086, 0.34506512, 0.34682587, 0.34834763, 0.34902072, 0.34953186, 0.34994608, 0.34997165, 0.34977591, 0.34942135, 0.72257251
0.26489404, 1.0000000, 0.66990590, 3.8049858, 9.5074368, 9.6786184, 9.8257341, 9.8939409, 9.9476137, 19.987020, 19.990606, 19.941187, 19.877420, 0.28804633, 0.34506905, 0.34678352, 0.34825680, 0.34893915, 0.34947604, 0.34993511, 0.34995303, 0.34970593, 0.34938711, 0.66990590
0.25112155, 1.0000000, 0.62000561, 2.9782205, 9.2282133, 9.6696138, 9.8134871, 9.8846140, 9.9411402, 19.983793, 19.984755, 19.927324, 19.872311, 0.27977940, 0.34227690, 0.34669340, 0.34813431, 0.34884587, 0.34941131, 0.34991896, 0.34992379, 0.34963661, 0.34936154, 0.62000561
0.24144876, 1.0000000, 0.58495927, 2.6397495, 8.6205826, 9.6767149, 9.8120699, 9.8816137, 9.9378471, 19.980955, 19.976988, 19.914473, 19.868551, 0.27639559, 0.33620209, 0.34676507, 0.34812027, 0.34881592, 0.34937841, 0.34990478, 0.34988493, 0.34957236, 0.34934276, 0.58495927
0.22532576, 1.0000000, 0.52654260, 2.0944743, 7.6245899, 9.6004171, 9.7794399, 9.8620129, 9.9279146, 19.976437, 19.966875, 19.903000, 19.865793, 0.27094325, 0.32624266, 0.34600213, 0.34779400, 0.34861991, 0.34927908, 0.34988219, 0.34983438, 0.34951499, 0.34932896, 0.52654260
0.20865387, 1.0000000, 0.46613717, 1.5719295, 6.5019255, 9.5665884, 9.7566147, 9.8466702, 9.9194860, 19.971384, 19.955168, 19.893232, 19.863802, 0.26571828, 0.31501675, 0.34566402, 0.34756577, 0.34846652, 0.34919479, 0.34985691, 0.34977585, 0.34946615, 0.34931901, 0.46613717
0.19322106, 1.0000000, 0.41022125, 1.1128366, 5.4106069, 9.5554810, 9.7452011, 9.8377514, 9.9136744, 19.965528, 19.942530, 19.885197, 19.862402, 0.26112723, 0.30410278, 0.34555191, 0.34745142, 0.34837723, 0.34913665, 0.34982765, 0.34971264, 0.34942597, 0.34931201, 0.41022125
0.17839578, 1.0000000, 0.35650647, 0.68061054, 4.3477340, 9.5438099, 9.7357883, 9.8305798, 9.9085894, 19.958220, 19.929625, 19.878742, 19.861368, 0.25680521, 0.29347390, 0.34543431, 0.34735709, 0.34830540, 0.34908578, 0.34979111, 0.34964812, 0.34939373, 0.34930685, 0.35650647
0.16686746, 1.0000000, 0.31473717, 0.34347177, 3.4996877, 9.5775928, 9.7463284, 9.8348227, 9.9082479, 19.950022, 19.917274, 19.873707, 19.860643, 0.25343373, 0.28499079, 0.34576762, 0.34746158, 0.34834737, 0.34908217, 0.34975010, 0.34958637, 0.34936854, 0.34930322, 0.31473717
0.15590173, 0.91659594, 0.27500629, 0.0000000, 2.8947921, 9.2849817, 9.7390661, 9.8300076, 9.9042311, 19.939835, 19.905769, 19.869757, 19.860121, 0.24999902, 0.27894312, 0.34284213, 0.34738904, 0.34829926, 0.34904203, 0.34969917, 0.34952885, 0.34934878, 0.34930059, 0.27500629
0.15206210, 0.87022817, 0.26109457, 0.0000000, 2.6392550, 8.8651114, 9.7524929, 9.8364305, 9.9047995, 19.929691, 19.895834, 19.866821, 19.859751, 0.24999902, 0.27638826, 0.33864388, 0.34752336, 0.34836349, 0.34904772, 0.34964845, 0.34947917, 0.34933412, 0.34929875, 0.26109457
0.14768174, 0.81733048, 0.24522367, 0.0000000, 2.3412943, 8.4050617, 9.7473421, 9.8329687, 9.9008265, 19.918219, 19.887199, 19.864525, 19.859468, 0.24999902, 0.27340731, 0.33404049, 0.34747106, 0.34832850, 0.34900787, 0.34959108, 0.34943599, 0.34932262, 0.34929734, 0.24522367
0.17339508, 1.0000000, 0.33838797, 1.9766599, 2.2558153, 8.1871033, 9.7896318, 9.8552446, 9.9079733, 19.909681, 19.880749, 19.862976, 19.859346, 0.26976308, 0.27255574, 0.33186665, 0.34789526, 0.34855190, 0.34907955, 0.34954840, 0.34940374, 0.34931487, 0.34929675, 0.33838797
0.24666893, 1.0000000, 0.60387290, 3.0169990, 8.6673756, 9.5854988, 9.8191414, 9.8717346, 9.9127264, 19.901630, 19.875624, 19.861876, 19.859299, 0.28016979, 0.33667344, 0.34585482, 0.34819138, 0.34871730, 0.34912726, 0.34950817, 0.34937811, 0.34930938, 0.34929651, 0.60387290
0.23810774, 1.0000000, 0.57285410, 2.6596189, 8.2049809, 9.6398230, 9.7970524, 9.8601589, 9.9046803, 19.891447, 19.870867, 19.860899, 19.859200, 0.27659559, 0.33204868, 0.34639758, 0.34797040, 0.34860152, 0.34904677, 0.34945723, 0.34935433, 0.34930450, 0.34929600, 0.57285410
0.21543892, 1.0000000, 0.49072069, 1.7950505, 6.9750309, 9.5518332, 9.7364788, 9.8243780, 9.8844080, 19.878237, 19.866049, 19.859921, 19.859051, 0.26789027, 0.31971270, 0.34549758, 0.34735605, 0.34823933, 0.34884194, 0.34939083, 0.34933016, 0.34929958, 0.34929526, 0.49072069
0.19485351, 1.0000000, 0.41613588, 1.0918856, 5.6831083, 9.5222673, 9.7109346, 9.8052521, 9.8720474, 19.868504, 19.862677, 19.859236, 19.858946, 0.26084301, 0.30678478, 0.34519607, 0.34709811, 0.34804681, 0.34871769, 0.34934208, 0.34931326, 0.34929615, 0.34929472, 0.41613588
0.17946911, 1.0000000, 0.36039531, 0.63505769, 4.5635343, 9.5322676, 9.7129059, 9.8028259, 9.8682613, 19.862625, 19.860613, 19.858873, 19.858875, 0.25634959, 0.29563108, 0.34531823, 0.34712815, 0.34802780, 0.34868246, 0.34931314, 0.34930307, 0.34929436, 0.34929436, 0.36039531
0.16130713, 0.98187184, 0.29459101, 0.94175339E-1, 3.2951157, 9.4919176, 9.6909885, 9.7883863, 9.8595390, 19.856506, 19.858681, 19.858482, 19.858805, 0.25094146, 0.28294474, 0.34490994, 0.34690800, 0.34788293, 0.34859505, 0.34928253, 0.34929341, 0.34929240, 0.34929401, 0.29459101
0.15213609, 0.87112159, 0.26136261, 0.0000000, 2.6161819, 8.9513645, 9.6821508, 9.7811623, 9.8543510, 19.852026, 19.857302, 19.858194, 19.858757, 0.24999309, 0.27615502, 0.33950207, 0.34681901, 0.34781036, 0.34854311, 0.34926012, 0.34928650, 0.34929097, 0.34929377, 0.26136261
0.14512345, 0.78643638, 0.23595451, 0.0000000, 2.1569581, 8.1780844, 9.6718979, 9.7736893, 9.8494930, 19.848347, 19.856180, 19.858007, 19.858709, 0.24999309, 0.27156517, 0.33177251, 0.34671700, 0.34773588, 0.34849462, 0.34924173, 0.34928089, 0.34929004, 0.34929353, 0.23595451
0.13831629, 0.70423251, 0.21129088, 0.0000000, 1.7200798, 7.4100122, 9.6637936, 9.7676439, 9.8453827, 19.845198, 19.855272, 19.857853, 19.858688, 0.24999309, 0.26719657, 0.32409102, 0.34663555, 0.34767526, 0.34845340, 0.34922600, 0.34927636, 0.34928927, 0.34929344, 0.21129088
0.13201672, 0.62815833, 0.18846636, 0.0000000, 1.3330489, 6.6634855, 9.6603041, 9.7646036, 9.8431597, 19.843193, 19.854721, 19.857750, 19.858692, 0.24999309, 0.26332667, 0.31662533, 0.34660026, 0.34764463, 0.34843111, 0.34921595, 0.34927362, 0.34928876, 0.34929347, 0.18846636
0.12671250, 0.56410426, 0.16924821, 0.0000000, 1.0470629, 5.9519258, 9.6632805, 9.7660608, 9.8443108, 19.843536, 19.854816, 19.857796, 19.858709, 0.24999309, 0.26047015, 0.30951789, 0.34663236, 0.34766036, 0.34844300, 0.34921768, 0.34927410, 0.34928897, 0.34929353, 0.16924821
0.12151192, 0.50130153, 0.15040550, 0.0000000, 0.75706244, 5.2768440, 9.6616678, 9.7651396, 9.8435764, 19.842899, 19.854633, 19.857759, 19.858709, 0.24999309, 0.25756907, 0.30276302, 0.34661469, 0.34765038, 0.34843543, 0.34921449, 0.34927318, 0.34928879, 0.34929353, 0.15040550
0.11651886, 0.44100493, 0.13231471, 0.0000000, 0.47776699, 4.6293674, 9.6600037, 9.7638893, 9.8424740, 19.841980, 19.854366, 19.857702, 19.858704, 0.24999309, 0.25477713, 0.29629108, 0.34659895, 0.34763837, 0.34842455, 0.34920990, 0.34927183, 0.34928852, 0.34929353, 0.13231471
0.11227941, 0.38980895, 0.11695438, 0.0000000, 0.24993420, 4.0598865, 9.6688433, 9.7686615, 9.8441296, 19.841732, 19.854298, 19.857719, 19.858709, 0.24999309, 0.25249738, 0.29058838, 0.34668344, 0.34768409, 0.34844044, 0.34920865, 0.34927148, 0.34928858, 0.34929353, 0.11695438
0.10844708, 0.34352946, 0.10306915, 0.0000000, 0.43568015E-1, 3.5440955, 9.6769390, 9.7733154, 9.8458128, 19.841564, 19.854256, 19.857719, 19.858709, 0.24999309, 0.25043550, 0.28543365, 0.34676540, 0.34773111, 0.34845743, 0.34920782, 0.34927127, 0.34928858, 0.34929353, 0.10306915
0.10597489, 0.31367502, 0.94111919E-1, 0.0000000, 0.0000000, 3.0344994, 9.6743059, 9.7720976, 9.8453379, 19.841354, 19.854179, 19.857702, 19.858709, 0.24999309, 0.24999854, 0.28033966, 0.34673965, 0.34771925, 0.34845281, 0.34920678, 0.34927088, 0.34928852, 0.34929353, 0.94111919E-1
0.10472299, 0.29855695, 0.89576043E-1, 0.0000000, 0.0000000, 2.7756989, 9.4550495, 9.7736568, 9.8466425, 19.842197, 19.854399, 19.857771, 19.858709, 0.24999309, 0.24999854, 0.27775222, 0.34454724, 0.34773490, 0.34846586, 0.34921098, 0.34927198, 0.34928885, 0.34929353, 0.89576043E-1
0.10366808, 0.28581774, 0.85753903E-1, 0.0000000, 0.0000000, 2.5720267, 9.1993923, 9.7751722, 9.8480949, 19.843428, 19.854723, 19.857838, 19.858709, 0.24999309, 0.24999854, 0.27571380, 0.34198931, 0.34774926, 0.34848011, 0.34921715, 0.34927362, 0.34928918, 0.34929353, 0.85753903E-1
0.10239534, 0.27044809, 0.81142545E-1, 0.0000000, 0.0000000, 2.3254931, 8.9013023, 9.7622156, 9.8437290, 19.843948, 19.854868, 19.857885, 19.858709, 0.24999309, 0.24999854, 0.27324995, 0.33900923, 0.34762007, 0.34843656, 0.34921974, 0.34927434, 0.34928942, 0.34929353, 0.81142545E-1
0.10131902, 0.25745025, 0.77242799E-1, 0.0000000, 0.0000000, 2.1215410, 8.6190500, 9.7641506, 9.8447666, 19.844807, 19.855095, 19.857960, 19.858709, 0.24999309, 0.24999854, 0.27121207, 0.33618778, 0.34763995, 0.34844717, 0.34922403, 0.34927547, 0.34928980, 0.34929353, 0.77242799E-1
0.10269600, 0.27407894, 0.82231902E-1, 0.11795461, 0.0000000, 2.0830035, 8.4852247, 9.8076859, 9.8620129, 19.847193, 19.855743, 19.858166, 19.858709, 0.25117892, 0.24999854, 0.27082676, 0.33484960, 0.34807530, 0.34861961, 0.34923595, 0.34927872, 0.34929082, 0.34929353, 0.82231902E-1
0.31764579, 1.0000000, 0.86103541, 8.4831209, 8.5201778, 8.8980274, 9.3741961, 9.8359985, 9.8736553, 19.849304, 19.856319, 19.858267, 19.858709, 0.33482987, 0.33520097, 0.33897984, 0.34374186, 0.34835994, 0.34873652, 0.34924653, 0.34928161, 0.34929132, 0.34929353, 0.86103541
0.35600001, 1.0000000, 1.0000000, 9.9999990, 9.9999990, 9.9999990, 9.9999990, 9.9999990, 9.9999990, 19.999998, 19.999998, 19.999998, 19.998999, 0.34999999, 0.34999999, 0.34999999, 0.34999999, 0.34999999, 0.34999999, 0.34999999, 0.34999999, 0.34999999, 0.34999499, 1.0000000
0.35600001, 1.0000000, 0.99999988, 9.9999990, 9.9999962, 9.9999990, 9.9999990, 9.9999990, 9.9999990, 19.999998, 19.999998, 19.999998, 19.995995, 0.34999999, 0.34999996, 0.34999999, 0.34999999, 0.34999999, 0.34999999, 0.34999999, 0.34999999, 0.34999999, 0.34997997, 0.99999988
0.35599947, 1.0000000, 0.99999803, 9.9999990, 9.9999990, 9.9999990, 9.9999990, 9.9999990, 9.9999990, 19.999998, 19.999998, 19.999998, 19.998999, 0.34999973, 0.34999985, 0.34999990, 0.34999996, 0.34999999, 0.34999999, 0.34999999, 0.34999999, 0.34999999, 0.34999499, 0.99999803
0.34487450, 1.0000000, 0.95969027, 9.3907452, 9.7463865, 9.8629389, 9.9626541, 9.9809713, 9.9926023, 19.998962, 19.999731, 19.999689, 19.975233, 0.34390220, 0.34746066, 0.34862775, 0.34962618, 0.34980953, 0.34992597, 0.34999481, 0.34999865, 0.34999844, 0.34987617, 0.95969027
0.31796595, 1.0000000, 0.86219549, 7.6951456, 9.4533768, 9.6730251, 9.8690119, 9.9304638, 9.9694710, 19.992931, 19.998138, 19.997734, 19.952759, 0.32684565, 0.34447753, 0.34670156, 0.34867662, 0.34929776, 0.34969127, 0.34996405, 0.34999055, 0.34998864, 0.34976381, 0.86219549
0.28222227, 1.0000000, 0.73268932, 5.2153277, 9.3392591, 9.5744438, 9.7799978, 9.8748751, 9.9404449, 19.983709, 19.995687, 19.993158, 19.932627, 0.30201310, 0.34331664, 0.34570566, 0.34778151, 0.34873933, 0.34939975, 0.34991771, 0.34997824, 0.34996572, 0.34966314, 0.73268932
0.24950442, 1.0000000, 0.61414641, 2.9686718, 9.1321354, 9.5373459, 9.7400856, 9.8432922, 9.9216290, 19.976944, 19.993732, 19.985870, 19.915531, 0.27965161, 0.34130010, 0.34536257, 0.34739605, 0.34843048, 0.34921506, 0.34988451, 0.34996861, 0.34992936, 0.34957767, 0.61414641
0.22841758, 1.0000000, 0.53774482, 2.2410393, 7.7932549, 9.5358744, 9.7290316, 9.8305025, 9.9117641, 19.971861, 19.991856, 19.975874, 19.901581, 0.27240801, 0.32792756, 0.34535569, 0.34728968, 0.34830469, 0.34911752, 0.34985930, 0.34995928, 0.34987938, 0.34950790, 0.53774482
0.20809665, 1.0000000, 0.46411830, 1.5948266, 6.4257941, 9.5189133, 9.7186680, 9.8208895, 9.9048491, 19.967697, 19.989527, 19.963634, 19.890566, 0.26594692, 0.31425467, 0.34518671, 0.34718618, 0.34820867, 0.34904841, 0.34983850, 0.34994763, 0.34981817, 0.34945282, 0.46411830
0.18871275, 1.0000000, 0.39388677, 1.0279179, 5.0408559, 9.4990025, 9.7077255, 9.8124628, 9.8994913, 19.964195, 19.986254, 19.950029, 19.882149, 0.26027855, 0.30040669, 0.34498826, 0.34707689, 0.34812444, 0.34899485, 0.34982097, 0.34993127, 0.34975016, 0.34941074, 0.39388677
0.16914921, 1.0000000, 0.32300436, 0.43823123, 3.6695220, 9.4860506, 9.6942263, 9.8029232, 9.8931675, 19.959599, 19.981110, 19.935911, 19.875778, 0.25438175, 0.28669235, 0.34485680, 0.34694150, 0.34802884, 0.34893155, 0.34979799, 0.34990555, 0.34967956, 0.34937888, 0.32300436
0.15535839, 0.91003442, 0.27303764, 0.54615736E-1, 2.8528242, 9.0672569, 9.6947145, 9.8017321, 9.8918362, 19.956787, 19.974550, 19.922386, 19.871082, 0.25054604, 0.27852485, 0.34066713, 0.34694597, 0.34801674, 0.34891817, 0.34978393, 0.34987277, 0.34961194, 0.34935540, 0.27303764
0.14962563, 0.84080523, 0.25226679, 0.0000000, 2.5355844, 8.4921427, 9.7185345, 9.8144360, 9.8965616, 19.954670, 19.966288, 19.910089, 19.867670, 0.24999464, 0.27535436, 0.33491892, 0.34718478, 0.34814405, 0.34896553, 0.34977335, 0.34983143, 0.34955046, 0.34933835, 0.25226679
0.14688218, 0.80767506, 0.24232675, 0.0000000, 2.3781300, 8.1343851, 9.7567177, 9.8367872, 9.9066629, 19.953897, 19.956774, 19.899445, 19.865206, 0.24999464, 0.27377927, 0.33134037, 0.34756634, 0.34836745, 0.34906647, 0.34976947, 0.34978387, 0.34949723, 0.34932601, 0.24232675
0.14254244, 0.75526786, 0.22660302, 0.0000000, 2.1065922, 7.6319876, 9.7441015, 9.8319340, 9.9058237, 19.951199, 19.945694, 19.890427, 19.863407, 0.24999464, 0.27106461, 0.32631752, 0.34744042, 0.34831905, 0.34905815, 0.34975600, 0.34972847, 0.34945214, 0.34931704, 0.22660302
0.13743237, 0.69355828, 0.20808829, 0.0000000, 1.7758578, 7.0644770, 9.7238340, 9.8206882, 9.9004097, 19.945789, 19.933538, 19.882936, 19.862083, 0.24999464, 0.26775739, 0.32064241, 0.34723768, 0.34820655, 0.34900397, 0.34972894, 0.34966770, 0.34941468, 0.34931043, 0.20808829
0.13485752, 0.66246420, 0.19875914, 0.0000000, 1.6295791, 6.7271428, 9.7565231, 9.8381472, 9.9069443, 19.941402, 19.921984, 19.877092, 19.861185, 0.24999464, 0.26629332, 0.31726632, 0.34756377, 0.34838071, 0.34906921, 0.34970701, 0.34960991, 0.34938547, 0.34930593, 0.19875914
0.13089015, 0.61455381, 0.18438458, 0.0000000, 1.3902217, 6.2515097, 9.7397413, 9.8296156, 9.9031429, 19.934639, 19.910755, 19.872467, 19.860521, 0.24999464, 0.26390073, 0.31251171, 0.34739637, 0.34829563, 0.34903124, 0.34967321, 0.34955376, 0.34936234, 0.34930259, 0.18438458
0.12810370, 0.58090454, 0.17428879, 0.0000000, 1.2332767, 5.8884268, 9.7541838, 9.8370533, 9.9049826, 19.927538, 19.900789, 19.868956, 19.860050, 0.24999464, 0.26233181, 0.30888200, 0.34754109, 0.34837013, 0.34904972, 0.34963769, 0.34950393, 0.34934479, 0.34930027, 0.17428879
0.12579016, 0.55296600, 0.16590640, 0.0000000, 1.0918945, 5.6078982, 9.7722464, 9.8468332, 9.9069643, 19.919098, 19.891951, 19.866262, 19.859722, 0.24999464, 0.26091763, 0.30607563, 0.34772131, 0.34846774, 0.34906945, 0.34959549, 0.34945977, 0.34933132, 0.34929860, 0.16590640
0.12267609, 0.51536018, 0.15462352, 0.0000000, 0.89075267, 5.2611046, 9.7601862, 9.8401270, 9.9018145, 19.909136, 19.884214, 19.864147, 19.859463, 0.24999464, 0.25890660, 0.30260828, 0.34760085, 0.34840077, 0.34901798, 0.34954569, 0.34942108, 0.34932074, 0.34929731, 0.15462352
0.12113629, 0.49676535, 0.14904451, 0.0000000, 0.80228448, 5.0586939, 9.7898321, 9.8552418, 9.9054441, 19.901142, 19.878267, 19.862688, 19.859299, 0.24999464, 0.25802168, 0.30058327, 0.34789690, 0.34855169, 0.34905422, 0.34950572, 0.34939134, 0.34931344, 0.34929651, 0.14904451
0.17136395, 1.0000000, 0.33102876, 2.5222926, 2.1914811, 5.9984221, 9.8162107, 9.8692122, 9.9085007, 19.893740, 19.873543, 19.861616, 19.859222, 0.27522120, 0.27191392, 0.30998296, 0.34816170, 0.34869191, 0.34908494, 0.34946871, 0.34936771, 0.34930807, 0.34929612, 0.33102876
0.18032807, 1.0000000, 0.36350748, 2.3358555, 2.6384144, 7.8856683, 9.8368654, 9.8801355, 9.9103136, 19.887213, 19.869884, 19.860863, 19.859222, 0.27335754, 0.27638346, 0.32885566, 0.34836838, 0.34880123, 0.34910312, 0.34943607, 0.34934944, 0.34930432, 0.34929612, 0.36350748
0.20831631, 1.0000000, 0.46491414, 2.1664648, 5.4656096, 9.5592976, 9.8242846, 9.8730402, 9.9041739, 19.879709, 19.866617, 19.860199, 19.859163, 0.27166453, 0.30465591, 0.34559283, 0.34824282, 0.34873036, 0.34904173, 0.34939855, 0.34933308, 0.34930098, 0.34929582, 0.46491414
0.19135594, 1.0000000, 0.40346354, 1.5081108, 4.5166683, 9.5859880, 9.7687664, 9.8409348, 9.8868723, 19.869970, 19.863226, 19.859491, 19.859051, 0.26504728, 0.29514799, 0.34584925, 0.34768289, 0.34840694, 0.34886754, 0.34934965, 0.34931606, 0.34929746, 0.34929526, 0.40346354
0.18085057, 1.0000000, 0.36540055, 1.1143595, 3.8733063, 9.6332388, 9.7688303, 9.8372431, 9.8822212, 19.864079, 19.861145, 19.859121, 19.858992, 0.26114237, 0.28873053, 0.34632921, 0.34768769, 0.34837210, 0.34882209, 0.34932038, 0.34930572, 0.34929562, 0.34929496, 0.36540055
0.15640166, 0.92263323, 0.27681765, 0.10789037, 2.8582215, 9.2016773, 9.6873026, 9.7885485, 9.8569794, 19.852690, 19.857838, 19.858377, 19.858818, 0.25093555, 0.27850509, 0.34197289, 0.34685260, 0.34787509, 0.34856462, 0.34926257, 0.34928894, 0.34929183, 0.34929407, 0.27681765
0.14689788, 0.80786449, 0.24238358, 0.0000000, 2.2489758, 8.4458132, 9.6594753, 9.7671137, 9.8435764, 19.844189, 19.855381, 19.857813, 19.858746, 0.24999996, 0.27240816, 0.33441114, 0.34657285, 0.34765998, 0.34843019, 0.34921998, 0.34927666, 0.34928900, 0.34929371, 0.24238358
0.13816822, 0.70244443, 0.21075441, 0.0000000, 1.6151547, 7.6295123, 9.6344624, 9.7490482, 9.8320723, 19.836569, 19.853191, 19.857313, 19.858652, 0.24999996, 0.26600310, 0.32621178, 0.34630460, 0.34747007, 0.34831053, 0.34918106, 0.34926549, 0.34928644, 0.34929323, 0.21075441
0.12933083, 0.59572333, 0.17873487, 0.0000000, 1.0015875, 6.7130303, 9.6168919, 9.7354288, 9.8239594, 19.831217, 19.851604, 19.856970, 19.858562, 0.24999996, 0.25992209, 0.31707531, 0.34614277, 0.34734094, 0.34823301, 0.34915495, 0.34925771, 0.34928477, 0.34929278, 0.17873487
0.12351076, 0.52543980, 0.15764770, 0.0000000, 0.62955618, 6.0297036, 9.6454754, 9.7505856, 9.8300095, 19.831026, 19.851444, 19.856989, 19.858568, 0.24999996, 0.25625628, 0.31027082, 0.34644267, 0.34749970, 0.34829715, 0.34915465, 0.34925711, 0.34928492, 0.34929284, 0.15764770
0.11506464, 0.42344359, 0.12704578, 0.0000000, 0.10934174, 5.0658908, 9.6016121, 9.7253399, 9.8188162, 19.827724, 19.850491, 19.856770, 19.858494, 0.24999996, 0.25096259, 0.30058047, 0.34597766, 0.34723377, 0.34817857, 0.34913701, 0.34925205, 0.34928373, 0.34929243, 0.12704578
0.11239052, 0.39115074, 0.11735696, 0.0000000, 0.0000000, 4.5835376, 9.6797552, 9.7688990, 9.8384237, 19.832542, 19.851728, 19.857105, 19.858587, 0.24999996, 0.24999990, 0.29583061, 0.34679553, 0.34768796, 0.34838390, 0.34916270, 0.34925863, 0.34928554, 0.34929293, 0.11735696
0.11009400, 0.36341769, 0.10903621, 0.0000000, 0.0000000, 4.0300651, 9.6729136, 9.7679043, 9.8394337, 19.834120, 19.852137, 19.857246, 19.858629, 0.24999996, 0.24999990, 0.29029763, 0.34672767, 0.34767830, 0.34839410, 0.34917060, 0.34926069, 0.34928623, 0.34929314, 0.10903621
0.10772720, 0.33483607, 0.10046086, 0.0000000, 0.0000000, 3.4611738, 9.6630020, 9.7630959, 9.8374996, 19.833996, 19.852119, 19.857235, 19.858646, 0.24999996, 0.24999990, 0.28460640, 0.34662706, 0.34762946, 0.34837449, 0.34916997, 0.34926060, 0.34928617, 0.34929323, 0.10046086
0.10477592, 0.29919615, 0.89767829E-1, 0.0000000, 0.0000000, 2.8108180, 9.3916140, 9.7220325, 9.8183393, 19.828630, 19.850691, 19.856848, 19.858562, 0.24999996, 0.24999990, 0.27807227, 0.34389648, 0.34721023, 0.34817874, 0.34914249, 0.34925327, 0.34928417, 0.34929281, 0.89767829E-1
0.10222969, 0.26844767, 0.80542356E-1, 0.0000000, 0.0000000, 2.3062229, 8.8616323, 9.6918516, 9.8048515, 19.825884, 19.849918, 19.856665, 19.858511, 0.24999996, 0.24999990, 0.27301794, 0.33859155, 0.34690565, 0.34804255, 0.34912854, 0.34924936, 0.34928328, 0.34929252, 0.80542356E-1
0.10022417, 0.24422893, 0.73276006E-1, 0.0000000, 0.0000000, 1.9166678, 8.3626232, 9.6942263, 9.8057690, 19.826466, 19.850012, 19.856682, 19.858505, 0.24999996, 0.24999990, 0.26916337, 0.33362335, 0.34694058, 0.34805712, 0.34913233, 0.34925005, 0.34928340, 0.34929252, 0.73276006E-1
0.98833211E-1, 0.22743151, 0.68236277E-1, 0.0000000, 0.0000000, 1.6591638, 7.9575238, 9.7134809, 9.8155127, 19.829809, 19.850885, 19.856895, 19.858587, 0.24999996, 0.24999990, 0.26659071, 0.32957438, 0.34713426, 0.34815496, 0.34914905, 0.34925443, 0.34928447, 0.34929293, 0.68236277E-1
0.96896447E-1, 0.20404294, 0.61219007E-1, 0.0000000, 0.0000000, 1.2996256, 7.4318995, 9.6860304, 9.8052664, 19.830458, 19.851082, 19.856976, 19.858599, 0.24999996, 0.24999990, 0.26299486, 0.32431740, 0.34685925, 0.34805232, 0.34915230, 0.34925541, 0.34928489, 0.34929299, 0.61219007E-1
0.96322842E-1, 0.19711609, 0.59140742E-1, 0.0000000, 0.0000000, 1.2062192, 7.1689010, 9.7512102, 9.8326187, 19.835100, 19.852318, 19.857321, 19.858698, 0.24999996, 0.24999990, 0.26206100, 0.32168758, 0.34751114, 0.34832585, 0.34917551, 0.34926158, 0.34928662, 0.34929350, 0.59140742E-1
0.95479369E-1, 0.18693022, 0.56084678E-1, 0.0000000, 0.0000000, 1.0569721, 6.8946767, 9.7545338, 9.8361950, 19.837303, 19.852942, 19.857485, 19.858709, 0.24999996, 0.24999990, 0.26056784, 0.31894433, 0.34754360, 0.34836134, 0.34918651, 0.34926471, 0.34928742, 0.34929353, 0.56084678E-1
0.93728967E-1, 0.16579218, 0.49742628E-1, 0.0000000, 0.0000000, 0.74586272, 6.3763657, 9.6831322, 9.8078995, 19.835779, 19.852602, 19.857370, 19.858652, 0.24999996, 0.24999990, 0.25745726, 0.31376129, 0.34682953, 0.34807840, 0.34917891, 0.34926301, 0.34928685, 0.34929326, 0.49742628E-1
0.92431046E-1, 0.15011844, 0.45040037E-1, 0.0000000, 0.0000000, 0.53142309, 5.8831625, 9.6783266, 9.8047657, 19.836103, 19.852695, 19.857401, 19.858688, 0.24999996, 0.24999990, 0.25531396, 0.30883101, 0.34678277, 0.34804749, 0.34918052, 0.34926349, 0.34928700, 0.34929344, 0.45040037E-1
0.91948822E-1, 0.14429504, 0.43292839E-1, 0.0000000, 0.0000000, 0.45722425, 5.6313663, 9.7493820, 9.8333864, 19.838919, 19.853451, 19.857635, 19.858709, 0.24999996, 0.24999990, 0.25457209, 0.30631328, 0.34749350, 0.34833375, 0.34919459, 0.34926724, 0.34928817, 0.34929353, 0.43292839E-1
0.14669631, 0.80543053, 0.24165332, 2.6011200, 2.2989364, 0.43350756, 5.4988904, 9.8029652, 9.8565407, 19.842646, 19.854464, 19.857874, 19.858709, 0.27601078, 0.27298915, 0.25433505, 0.30498886, 0.34802958, 0.34856537, 0.34921324, 0.34927231, 0.34928936, 0.34929353, 0.24165332
0.14198101, 0.74848795, 0.22456884, 2.4674833, 2.0186334, 0.33435225, 5.3312407, 9.8019762, 9.8568220, 19.842648, 19.854509, 19.857861, 19.858709, 0.27467412, 0.27018598, 0.25334349, 0.30331233, 0.34801969, 0.34856820, 0.34921324, 0.34927255, 0.34928930, 0.34929353, 0.22456884
0.13412377, 0.65360343, 0.19610065, 2.1076560, 1.7321974, 0.24441183, 5.1554475, 9.7961321, 9.8554010, 19.843065, 19.854633, 19.857880, 19.858709, 0.27107617, 0.26732180, 0.25244412, 0.30155441, 0.34796125, 0.34855399, 0.34921533, 0.34927318, 0.34928939, 0.34929353, 0.19610065
0.12391745, 0.53035092, 0.15912119, 1.5726894, 1.4578462, 0.14794767, 4.9769793, 9.7940331, 9.8545570, 19.842899, 19.854628, 19.857866, 19.858709, 0.26572436, 0.26457706, 0.25147942, 0.29976931, 0.34793985, 0.34854543, 0.34921449, 0.34927315, 0.34928933, 0.34929353, 0.15912119
0.10870783, 0.34667823, 0.10401387, 0.78915656, 1.0280281, 0.78678131E-3, 4.7221022, 9.7644281, 9.8422413, 19.840654, 19.854063, 19.857700, 19.858683, 0.25788748, 0.26027709, 0.25000787, 0.29721954, 0.34764275, 0.34842190, 0.34920329, 0.34927031, 0.34928849, 0.34929341, 0.10401387
0.95796555E-1, 0.19076061, 0.57233907E-1, 0.12362301, 0.61043799, 0.0000000, 4.4104252, 9.7342472, 9.8299055, 19.839235, 19.853661, 19.857590, 19.858675, 0.25123569, 0.25610280, 0.24999999, 0.29410309, 0.34734118, 0.34829864, 0.34919617, 0.34926832, 0.34928796, 0.34929338, 0.57233907E-1
0.90707436E-1, 0.12930390, 0.38795050E-1, 0.0000000, 0.24298429, 0.0000000, 4.0196180, 9.6964321, 9.8145037, 19.838554, 19.853472, 19.857553, 19.858688, 0.24995294, 0.25242847, 0.24999999, 0.29019395, 0.34696162, 0.34814411, 0.34919277, 0.34926736, 0.34928778, 0.34929344, 0.38795050E-1
0.88240966E-1, 0.99518619E-1, 0.29858572E-1, 0.0000000, 0.0000000, 0.0000000, 3.4963381, 9.6490088, 9.7929592, 19.836893, 19.853031, 19.857454, 19.858664, 0.24995294, 0.24995506, 0.24999999, 0.28496256, 0.34648895, 0.34792921, 0.34918445, 0.34926516, 0.34928727, 0.34929332, 0.29858572E-1
0.87725267E-1, 0.93291037E-1, 0.27990110E-1, 0.0000000, 0.0000000, 0.0000000, 2.9911876, 9.4220810, 9.7680883, 19.837399, 19.853149, 19.857513, 19.858698, 0.24995294, 0.24995506, 0.24999999, 0.27991077, 0.34421909, 0.34768027, 0.34918699, 0.34926575, 0.34928757, 0.34929350, 0.27990110E-1
0.87535627E-1, 0.91000937E-1, 0.27303012E-1, 0.0000000, 0.0000000, 0.0000000, 2.8815746, 9.1730556, 9.7988920, 19.839655, 19.853756, 19.857666, 19.858709, 0.24995294, 0.24995506, 0.24999999, 0.27881444, 0.34172848, 0.34798816, 0.34919828, 0.34926879, 0.34928834, 0.34929353, 0.27303012E-1
0.87303959E-1, 0.88203244E-1, 0.26463620E-1, 0.0000000, 0.0000000, 0.0000000, 2.7356834, 8.9041996, 9.8012543, 19.839340, 19.853682, 19.857635, 19.858704, 0.24995294, 0.24995506, 0.24999999, 0.27735621, 0.33904099, 0.34801215, 0.34919670, 0.34926841, 0.34928817, 0.34929353, 0.26463620E-1
0.87161452E-1, 0.86482286E-1, 0.25947280E-1, 0.0000000, 0.0000000, 0.0000000, 2.6570439, 8.7119513, 9.8174295, 19.842239, 19.854452, 19.857838, 19.858709, 0.24995294, 0.24995506, 0.24999999, 0.27656958, 0.33711812, 0.34817377, 0.34921119, 0.34927225, 0.34928918, 0.34929353, 0.25947280E-1
0.92464685E-1, 0.15052462, 0.45161903E-1, 0.39491653, 0.0000000, 0.0000000, 2.5704145, 8.5300674, 9.8250666, 19.843275, 19.854731, 19.857901, 19.858709, 0.25394863, 0.24995506, 0.24999999, 0.27570394, 0.33530033, 0.34825051, 0.34921637, 0.34927365, 0.34928951, 0.34929353, 0.45161903E-1
0.90406887E-1, 0.12567449, 0.37706118E-1, 0.25533438, 0.0000000, 0.0000000, 2.4908633, 8.3683872, 9.8303566, 19.843843, 19.854906, 19.857948, 19.858709, 0.25255316, 0.24995506, 0.24999999, 0.27490854, 0.33368370, 0.34830350, 0.34921920, 0.34927452, 0.34928975, 0.34929353, 0.37706118E-1
0.17464687, 1.0000000, 0.34292340, 2.3989310, 3.2750793, 5.3606143, 8.3382883, 9.5843935, 9.8524799, 19.845423, 19.855343, 19.858072, 19.858709, 0.27398902, 0.28275055, 0.30360597, 0.33338282, 0.34584391, 0.34852481, 0.34922713, 0.34927672, 0.34929037, 0.34929353, 0.34292340
0.13920851, 0.71500707, 0.21452358, 1.1516899, 1.5245169, 4.2153606, 9.5113230, 9.6990919, 9.8332167, 19.838745, 19.853579, 19.857622, 19.858616, 0.26151407, 0.26524293, 0.29215050, 0.34511182, 0.34699020, 0.34833193, 0.34919372, 0.34926790, 0.34928811, 0.34929308, 0.21452358
0.11700623, 0.44689038, 0.13408053, 0.20575523, 0.93175471, 3.1785741, 9.5648308, 9.7091217, 9.8213291, 19.835239, 19.852623, 19.857342, 19.858604, 0.25205719, 0.25931662, 0.28178412, 0.34564736, 0.34709075, 0.34821311, 0.34917620, 0.34926313, 0.34928671, 0.34929302, 0.13408053
0.10696355, 0.32561409, 0.97694002E-1, 0.0000000, 0.40910542, 2.5582135, 9.2003078, 9.6987543, 9.8120995, 19.832609, 19.851881, 19.857178, 19.858593, 0.24997291, 0.25409019, 0.27557939, 0.34200111, 0.34698650, 0.34812063, 0.34916306, 0.34925941, 0.34928590, 0.34929296, 0.97694002E-1
0.10209349, 0.26680291, 0.80048881E-1, 0.0000000, 0.78830123E-1, 2.1448522, 8.6903925, 9.6938190, 9.8096876, 19.833086, 19.851974, 19.857225, 19.858622, 0.24997291, 0.25078809, 0.27144581, 0.33690172, 0.34693697, 0.34809646, 0.34916544, 0.34925988, 0.34928614, 0.34929311, 0.80048881E-1
0.99582516E-1, 0.23648018, 0.70951149E-1, 0.0000000, 0.0000000, 1.7934352, 8.2008400, 9.6979456, 9.8112545, 19.833857, 19.852171, 19.857283, 19.858658, 0.24997291, 0.24998853, 0.26793143, 0.33200571, 0.34697786, 0.34811202, 0.34916928, 0.34926087, 0.34928641, 0.34929329, 0.70951149E-1
0.98843642E-1, 0.22755744, 0.68274058E-1, 0.0000000, 0.0000000, 1.6659677, 7.9162021, 9.7483149, 9.8332882, 19.838047, 19.853262, 19.857567, 19.858709, 0.24997291, 0.24998853, 0.26665798, 0.32916042, 0.34748217, 0.34833255, 0.34919024, 0.34926632, 0.34928784, 0.34929353, 0.68274058E-1
0.97936086E-1, 0.21659774, 0.64985819E-1, 0.0000000, 0.0000000, 1.5033990, 7.6297412, 9.7517204, 9.8374290, 19.840897, 19.854034, 19.857796, 19.858709, 0.24997291, 0.24998853, 0.26503363, 0.32629704, 0.34751695, 0.34837422, 0.34920448, 0.34927016, 0.34928897, 0.34929353, 0.64985819E-1
0.96647143E-1, 0.20103233, 0.60315728E-1, 0.0000000, 0.0000000, 1.2691528, 7.2582531, 9.7267733, 9.8285408, 19.841490, 19.854206, 19.857807, 19.858709, 0.24997291, 0.24998853, 0.26269114, 0.32258210, 0.34726745, 0.34828532, 0.34920746, 0.34927103, 0.34928903, 0.34929353, 0.60315728E-1
0.96122101E-1, 0.19469191, 0.58413416E-1, 0.0000000, 0.0000000, 1.1833012, 7.0306883, 9.7675714, 9.8448610, 19.843973, 19.854881, 19.857967, 19.858709, 0.24997291, 0.24998853, 0.26183203, 0.32030573, 0.34767491, 0.34844834, 0.34921986, 0.34927440, 0.34928983, 0.34929353, 0.58413416E-1
0.95072001E-1, 0.18201081, 0.54608706E-1, 0.0000000, 0.0000000, 0.99517703, 6.7149515, 9.7470274, 9.8372231, 19.843477, 19.854771, 19.857937, 19.858709, 0.24997291, 0.24998853, 0.25995034, 0.31714758, 0.34746888, 0.34837174, 0.34921739, 0.34927386, 0.34928969, 0.34929353, 0.54608706E-1
0.23700744, 1.0000000, 0.56886750, 2.9107661, 8.0725431, 8.9114323, 9.2971935, 9.7839804, 9.8523235, 19.845926, 19.855442, 19.858107, 19.858709, 0.27910659, 0.33072364, 0.33911332, 0.34297171, 0.34783968, 0.34852320, 0.34922963, 0.34927720, 0.34929055, 0.34929353, 0.56886750
0.21596451, 1.0000000, 0.49262503, 2.2916288, 6.2865310, 9.4010382, 9.6197119, 9.7705336, 9.8448334, 19.842218, 19.854486, 19.857830, 19.858664, 0.27291584, 0.31286457, 0.34400982, 0.34619701, 0.34770527, 0.34844831, 0.34921110, 0.34927243, 0.34928915, 0.34929332, 0.49262503
0.18791357, 1.0000000, 0.39099118, 1.3517290, 4.4517732, 9.4274368, 9.6405277, 9.7570333, 9.8377571, 19.839020, 19.853651, 19.857622, 19.858658, 0.26351476, 0.29451272, 0.34426907, 0.34640419, 0.34756979, 0.34837741, 0.34919509, 0.34926826, 0.34928811, 0.34929329, 0.39099118
0.16253950, 0.99675411, 0.29905614, 0.52776337, 2.9602737, 9.0325527, 9.6253910, 9.7428408, 9.8311825, 19.836929, 19.853071, 19.857477, 19.858664, 0.25527614, 0.27959773, 0.34031788, 0.34625226, 0.34742758, 0.34831157, 0.34918463, 0.34926537, 0.34928739, 0.34929332, 0.29905614
0.14512704, 0.78647989, 0.23596756, 0.0000000, 2.3036151, 7.9010062, 9.6156559, 9.7355804, 9.8281956, 19.836445, 19.852926, 19.857435, 19.858683, 0.24999982, 0.27303258, 0.32900396, 0.34615508, 0.34735507, 0.34828168, 0.34918222, 0.34926462, 0.34928718, 0.34929341, 0.23596756
0.13817376, 0.70251125, 0.21077445, 0.0000000, 1.8880755, 7.0461688, 9.6425323, 9.7506123, 9.8348551, 19.837978, 19.853325, 19.857573, 19.858709, 0.24999982, 0.26887554, 0.32045195, 0.34642264, 0.34750476, 0.34834811, 0.34918988, 0.34926662, 0.34928787, 0.34929353, 0.21077445
0.13460048, 0.65936005, 0.19782780, 0.0000000, 1.7034382, 6.5366564, 9.6953869, 9.7816887, 9.8488369, 19.841354, 19.854195, 19.857807, 19.858709, 0.24999982, 0.26703301, 0.31536394, 0.34695309, 0.34781650, 0.34848824, 0.34920678, 0.34927097, 0.34928903, 0.34929353, 0.19782780
0.12760521, 0.57488465, 0.17248265, 0.0000000, 1.2854874, 5.6943712, 9.6509018, 9.7587280, 9.8406658, 19.841343, 19.854206, 19.857779, 19.858709, 0.24999982, 0.26285356, 0.30694079, 0.34650803, 0.34758678, 0.34840649, 0.34920672, 0.34927103, 0.34928888, 0.34929353, 0.17248265
0.12092468, 0.49421000, 0.14827783, 0.0000000, 0.91480613, 4.8286333, 9.6261654, 9.7442503, 9.8351078, 19.841343, 19.854216, 19.857744, 19.858704, 0.24999982, 0.25914693, 0.29828337, 0.34626049, 0.34744191, 0.34835085, 0.34920672, 0.34927109, 0.34928873, 0.34929353, 0.14827783
0.11577823, 0.43206102, 0.12963127, 0.0000000, 0.65987706, 4.0924215, 9.6370220, 9.7496309, 9.8375149, 19.842422, 19.854492, 19.857801, 19.858709, 0.24999982, 0.25659809, 0.29092208, 0.34636921, 0.34749579, 0.34837496, 0.34921211, 0.34927246, 0.34928900, 0.34929353, 0.12963127
0.11126873, 0.37760392, 0.11329251, 0.0000000, 0.44437647, 3.4321551, 9.6438427, 9.7537956, 9.8395672, 19.843306, 19.854729, 19.857861, 19.858709, 0.24999982, 0.25444344, 0.28432029, 0.34643775, 0.34753761, 0.34839556, 0.34921652, 0.34927365, 0.34928930, 0.34929353, 0.11329251
0.10633519, 0.31802613, 0.95417380E-1, 0.0000000, 0.18531680, 2.8197646, 9.3557510, 9.7238035, 9.8279686, 19.842964, 19.854633, 19.857832, 19.858704, 0.24999982, 0.25185284, 0.27819505, 0.34355578, 0.34723714, 0.34827939, 0.34921482, 0.34927318, 0.34928915, 0.34929353, 0.95417380E-1
0.10188255, 0.26425564, 0.79284623E-1, 0.0000000, 0.0000000, 2.2440405, 8.7364893, 9.6773443, 9.8071861, 19.840450, 19.853979, 19.857658, 19.858664, 0.24999982, 0.24997130, 0.27243760, 0.33736271, 0.34677222, 0.34807146, 0.34920225, 0.34926990, 0.34928828, 0.34929332, 0.79284623E-1
0.99447012E-1, 0.23484379, 0.70460185E-1, 0.0000000, 0.0000000, 1.7819822, 8.1126814, 9.6666698, 9.8010197, 19.839544, 19.853720, 19.857590, 19.858688, 0.24999982, 0.24997130, 0.26781547, 0.33112285, 0.34666434, 0.34800938, 0.34919772, 0.34926862, 0.34928796, 0.34929344, 0.70460185E-1
0.97403064E-1, 0.21016093, 0.63054584E-1, 0.0000000, 0.0000000, 1.4074296, 7.5169282, 9.6649303, 9.7997293, 19.839283, 19.853626, 19.857609, 19.858692, 0.24999982, 0.24997130, 0.26407176, 0.32516655, 0.34664756, 0.34799671, 0.34919640, 0.34926814, 0.34928805, 0.34929347, 0.63054584E-1
0.95668256E-1, 0.18921125, 0.56769051E-1, 0.0000000, 0.0000000, 1.1002690, 6.9550104, 9.6678925, 9.8007631, 19.839203, 19.853615, 19.857624, 19.858698, 0.24999982, 0.24997130, 0.26100159, 0.31954870, 0.34667793, 0.34800729, 0.34919602, 0.34926808, 0.34928811, 0.34929350, 0.56769051E-1
0.93653224E-1, 0.16487750, 0.49468197E-1, 0.0000000, 0.0000000, 0.75579286, 6.2653465, 9.6318083, 9.7852173, 19.838137, 19.853344, 19.857553, 19.858675, 0.24999982, 0.24997130, 0.25755563, 0.31264970, 0.34631515, 0.34785119, 0.34919068, 0.34926671, 0.34928778, 0.34929338, 0.49468197E-1
0.91917858E-1, 0.14392109, 0.43180648E-1, 0.0000000, 0.0000000, 0.47862828, 5.5594730, 9.6228437, 9.7796249, 19.837376, 19.853149, 19.857512, 19.858675, 0.24999982, 0.24997130, 0.25478578, 0.30559358, 0.34622741, 0.34779593, 0.34918687, 0.34926575, 0.34928757, 0.34929338, 0.43180648E-1
0.91447607E-1, 0.13824226, 0.41476827E-1, 0.0000000, 0.0000000, 0.42031705, 5.2273512, 9.7203102, 9.8209562, 19.841087, 19.854128, 19.857771, 19.858709, 0.24999982, 0.24997130, 0.25420281, 0.30227265, 0.34720230, 0.34820929, 0.34920543, 0.34927064, 0.34928885, 0.34929353, 0.41476827E-1
0.15163979, 0.86512846, 0.25956449, 2.1641622, 3.7326717, 0.32691061, 4.9797163, 9.7532825, 9.8364325, 19.841969, 19.854368, 19.857813, 19.858709, 0.27163982, 0.28732488, 0.25326902, 0.29979694, 0.34753257, 0.34836423, 0.34920985, 0.34927183, 0.34928906, 0.34929353, 0.25956449
0.12118936, 0.49740624, 0.14923680, 0.95246136, 1.5874416, 1.3817966, 4.6084304, 9.7163420, 9.8212442, 19.838318, 19.853415, 19.857540, 19.858652, 0.25951928, 0.26586908, 0.26381564, 0.29608276, 0.34716177, 0.34821191, 0.34919161, 0.34926707, 0.34928769, 0.34929326, 0.14923680
0.10667099, 0.32208124, 0.96634038E-1, 0.29844046, 1.0825574, 1.1352569, 4.2498536, 9.7125511, 9.8199053, 19.838448, 19.853439, 19.857561, 19.858698, 0.25298280, 0.26082209, 0.26135075, 0.29249716, 0.34712395, 0.34819853, 0.34919223, 0.34926718, 0.34928781, 0.34929350, 0.96634038E-1
0.97583376E-1, 0.21233842, 0.63707896E-1, 0.0000000, 0.64305067, 0.89235008, 3.8623841, 9.6940346, 9.8130455, 19.838894, 19.853558, 19.857624, 19.858709, 0.24992128, 0.25642967, 0.25892293, 0.28862333, 0.34693971, 0.34813026, 0.34919447, 0.34926778, 0.34928811, 0.34929353, 0.63707896E-1
0.94679326E-1, 0.17726880, 0.53185962E-1, 0.0000000, 0.40347278, 0.73692799, 3.5209627, 9.7058659, 9.8186588, 19.841131, 19.854158, 19.857771, 19.858709, 0.24992128, 0.25403407, 0.25736868, 0.28520906, 0.34705788, 0.34818631, 0.34920567, 0.34927079, 0.34928885, 0.34929353, 0.53185962E-1
0.91876380E-1, 0.14342019, 0.43030359E-1, 0.0000000, 0.18068254, 0.57561100, 3.1746888, 9.6983032, 9.8164396, 19.842123, 19.854416, 19.857807, 19.858709, 0.24992128, 0.25180620, 0.25575510, 0.28174576, 0.34698129, 0.34816381, 0.34921062, 0.34927207, 0.34928903, 0.34929353, 0.43030359E-1
0.89425325E-1, 0.11382104, 0.34149729E-1, 0.0000000, 0.0000000, 0.41127205, 2.9258609, 9.5343485, 9.8075151, 19.842594, 19.854546, 19.857824, 19.858709, 0.24992128, 0.24999318, 0.25411177, 0.27925724, 0.34534124, 0.34807438, 0.34921297, 0.34927273, 0.34928912, 0.34929353, 0.34149729E-1
0.94034545E-1, 0.16948244, 0.50849818E-1, 0.39112568, 0.0000000, 0.27629137, 2.7890773, 9.2604752, 9.8046322, 19.843193, 19.854729, 19.857861, 19.858709, 0.25390926, 0.24999318, 0.25276250, 0.27788991, 0.34260336, 0.34804583, 0.34921595, 0.34927365, 0.34928930, 0.34929353, 0.50849818E-1
0.15005296, 0.84596556, 0.25381505, 2.3556232, 2.2973323, 2.6810265, 2.7543454, 9.1522875, 9.8379612, 19.845020, 19.855230, 19.858002, 19.858709, 0.27355459, 0.27297238, 0.27680969, 0.27754334, 0.34152269, 0.34837955, 0.34922510, 0.34927616, 0.34929001, 0.34929353, 0.25381505
0.20570920, 1.0000000, 0.45546812, 2.7420015, 4.4017620, 9.2384863, 9.4510565, 9.6594505, 9.8595457, 19.847225, 19.855797, 19.858183, 19.858709, 0.27741641, 0.29401413, 0.34238124, 0.34450981, 0.34659413, 0.34859532, 0.34923613, 0.34927899, 0.34929091, 0.34929353, 0.45546812
0.17708886, 1.0000000, 0.35177118, 1.7022371, 2.8908520, 8.7774763, 9.5873251, 9.7281961, 9.8445969, 19.843393, 19.854803, 19.857883, 19.858669, 0.26702189, 0.27890804, 0.33777401, 0.34587309, 0.34728187, 0.34844592, 0.34921697, 0.34927401, 0.34928942, 0.34929335, 0.35177118
0.15867004, 0.95002627, 0.28503639, 0.99432170, 2.3470223, 7.7666340, 9.6284475, 9.7475214, 9.8407869, 19.842382, 19.854509, 19.857807, 19.858698, 0.25994191, 0.27346838, 0.32766330, 0.34628373, 0.34747484, 0.34840775, 0.34921190, 0.34927255, 0.34928903, 0.34929350, 0.28503639
0.15848985, 0.94785011, 0.28438348, 1.3995051, 2.0061402, 7.0439110, 9.6668119, 9.7679338, 9.8461351, 19.843313, 19.854738, 19.857861, 19.858709, 0.26399404, 0.27006054, 0.32043758, 0.34666771, 0.34767914, 0.34846130, 0.34921658, 0.34927368, 0.34928930, 0.34929353, 0.28438348
0.15342394, 0.88667363, 0.26602870, 1.3048172, 1.8002272, 6.5371370, 9.7045250, 9.7896423, 9.8547792, 19.845266, 19.855253, 19.858021, 19.858709, 0.26304802, 0.26800215, 0.31537113, 0.34704518, 0.34789640, 0.34854779, 0.34922633, 0.34927627, 0.34929010, 0.34929353, 0.26602870
0.14546889, 0.79060805, 0.23720613, 0.98941326, 1.5928596, 6.0780945, 9.7186184, 9.7987709, 9.8587065, 19.846329, 19.855558, 19.858131, 19.858709, 0.25989366, 0.26592815, 0.31078008, 0.34718591, 0.34798756, 0.34858701, 0.34923166, 0.34927779, 0.34929067, 0.34929353, 0.23720613
0.13604245, 0.67677343, 0.20305234, 0.62938631, 1.3336450, 5.5244665, 9.7013540, 9.7903099, 9.8560057, 19.846743, 19.855679, 19.858154, 19.858709, 0.25629303, 0.26333541, 0.30524248, 0.34701276, 0.34790272, 0.34855995, 0.34923372, 0.34927839, 0.34929079, 0.34929353, 0.20305234
0.12834652, 0.58383667, 0.17516853, 0.35903454, 1.1189133, 4.9956751, 9.7012568, 9.7900648, 9.8563385, 19.847466, 19.855898, 19.858177, 19.858709, 0.25359020, 0.26118883, 0.29995605, 0.34701231, 0.34790054, 0.34856334, 0.34923732, 0.34927949, 0.34929088, 0.34929353, 0.17516853
0.34522820, 1.0000000, 0.96097153, 9.4117565, 9.7514153, 9.8659906, 9.9646015, 9.9819756, 9.9931259, 19.999123, 19.999773, 19.999886, 19.984043, 0.34411594, 0.34751314, 0.34865940, 0.34964594, 0.34981969, 0.34993124, 0.34999561, 0.34999886, 0.34999943, 0.34992021, 0.96097153
0.32795140, 1.0000000, 0.89837456, 8.3017769, 9.5798521, 9.7519083, 9.9139490, 9.9547863, 9.9817104, 19.997030, 19.999229, 19.998823, 19.960974, 0.33301076, 0.34579366, 0.34751663, 0.34913898, 0.34954762, 0.34981701, 0.34998515, 0.34999615, 0.34999412, 0.34980488, 0.89837456
0.35599470, 1.0000000, 0.99998081, 9.9998322, 9.9999008, 9.9999514, 9.9999905, 9.9999933, 9.9999990, 19.999998, 19.999998, 19.999998, 19.995995, 0.34999734, 0.34999841, 0.34999922, 0.34999985, 0.34999990, 0.34999999, 0.34999999, 0.34999999, 0.34999999, 0.34997997, 0.99998081
0.35165095, 1.0000000, 0.98424250, 9.7724400, 9.8856392, 9.9406557, 9.9847879, 9.9923000, 9.9970055, 19.999563, 19.999886, 19.999865, 19.981098, 0.34772441, 0.34885639, 0.34940654, 0.34984788, 0.34992301, 0.34997004, 0.34999782, 0.34999943, 0.34999931, 0.34990549, 0.98424250
0.34809244, 1.0000000, 0.97134942, 9.6365547, 9.7312832, 9.8505545, 9.9569626, 9.9779005, 9.9913788, 19.998783, 19.999678, 19.998680, 19.958250, 0.34636435, 0.34731212, 0.34850520, 0.34956956, 0.34977898, 0.34991378, 0.34999391, 0.34999838, 0.34999341, 0.34979126, 0.97134942
0.35572612, 1.0000000, 0.99900758, 9.9863997, 9.9918947, 9.9959450, 9.9991884, 9.9995975, 9.9998655, 19.999998, 19.999998, 19.999989, 19.991005, 0.34986326, 0.34991851, 0.34995919, 0.34999183, 0.34999594, 0.34999865, 0.34999999, 0.34999999, 0.34999993, 0.34995502, 0.99900758
0.35598975, 1.0000000, 0.99996275, 9.9996090, 9.9997606, 9.9998741, 9.9999723, 9.9999876, 9.9999990, 19.999998, 19.999998, 19.999990, 19.992998, 0.34999490, 0.34999689, 0.34999838, 0.34999967, 0.34999985, 0.34999999, 0.34999999, 0.34999999, 0.34999996, 0.34996498, 0.99996275
0.35184133, 1.0000000, 0.98493236, 9.8801537, 9.8224611, 9.7683687, 9.9290981, 9.9633989, 9.9855127, 19.997810, 19.999426, 19.999737, 19.980080, 0.34880155, 0.34822461, 0.34768370, 0.34929097, 0.34963399, 0.34985512, 0.34998906, 0.34999713, 0.34999868, 0.34990039, 0.98493236
0.35122293, 1.0000000, 0.98269171, 9.9219971, 9.7452240, 9.6526175, 9.8588133, 9.9235144, 9.9682646, 19.994802, 19.998652, 19.998337, 19.957277, 0.34921998, 0.34745222, 0.34652618, 0.34858814, 0.34923515, 0.34968263, 0.34997401, 0.34999326, 0.34999168, 0.34978640, 0.98269171
0.31620058, 1.0000000, 0.85579920, 7.6369243, 9.3661528, 9.5858765, 9.7990112, 9.8852863, 9.9492006, 19.990555, 19.997530, 19.994648, 19.936649, 0.32636675, 0.34365970, 0.34585783, 0.34798992, 0.34885278, 0.34949198, 0.34995276, 0.34998766, 0.34997323, 0.34968325, 0.85579920
0.35600001, 1.0000000, 1.0000000, 9.9999990, 9.9999990, 9.9999990, 9.9999990, 9.9999990, 9.9999990, 19.999998, 19.999998, 19.999998, 19.998999, 0.34999999, 0.34999999, 0.34999999, 0.34999999, 0.34999999, 0.34999999, 0.34999999, 0.34999999, 0.34999999, 0.34999499, 1.0000000
0.33066809, 1.0000000, 0.90821761, 8.5214453, 9.5459547, 9.7394142, 9.9210358, 9.9591846, 9.9841366, 19.997900, 19.999451, 19.999619, 19.975222, 0.33521199, 0.34545791, 0.34739330, 0.34921017, 0.34959176, 0.34984133, 0.34998950, 0.34999725, 0.34999809, 0.34987611, 0.90821761
0.35580993, 1.0000000, 0.99931133, 9.9908438, 9.9945326, 9.9972677, 9.9994507, 9.9997225, 9.9999104, 19.999998, 19.999998, 19.999990, 19.991999, 0.34990516, 0.34994337, 0.34997168, 0.34999430, 0.34999713, 0.34999907, 0.34999999, 0.34999999, 0.34999996, 0.34996000, 0.99931133
0.34187734, 1.0000000, 0.94883096, 9.2598362, 9.6445799, 9.7845516, 9.9328737, 9.9654655, 9.9867287, 19.998354, 19.999582, 19.999832, 19.984032, 0.34259745, 0.34644520, 0.34784523, 0.34932867, 0.34965461, 0.34986728, 0.34999177, 0.34999791, 0.34999916, 0.34992015, 0.94883096
0.35600001, 1.0000000, 1.0000000, 9.9999990, 9.9999990, 9.9999990, 9.9999990, 9.9999990, 9.9999990, 19.999998, 19.999998, 19.999998, 19.998999, 0.34999999, 0.34999999, 0.34999999, 0.34999999, 0.34999999, 0.34999999, 0.34999999, 0.34999999, 0.34999999, 0.34999499, 1.0000000
0.35599136, 1.0000000, 0.99996859, 9.9996567, 9.9997940, 9.9998951, 9.9999790, 9.9999905, 9.9999990, 19.999998, 19.999998, 19.999990, 19.992998, 0.34999567, 0.34999740, 0.34999868, 0.34999973, 0.34999987, 0.34999999, 0.34999999, 0.34999999, 0.34999996, 0.34996498, 0.99996859
0.35599935, 1.0000000, 0.99999756, 9.9999990, 9.9999990, 9.9999990, 9.9999990, 9.9999990, 9.9999990, 19.999998, 19.999998, 19.999998, 19.998999, 0.34999967, 0.34999979, 0.34999990, 0.34999996, 0.34999999, 0.34999999, 0.34999999, 0.34999999, 0.34999999, 0.34999499, 0.99999756
0.34995174, 1.0000000, 0.97808605, 9.6810045, 9.8444386, 9.9186602, 9.9799213, 9.9898605, 9.9961834, 19.999563, 19.999891, 19.999908, 19.983068, 0.34681004, 0.34844440, 0.34918660, 0.34979922, 0.34989861, 0.34996182, 0.34999782, 0.34999946, 0.34999955, 0.34991533, 0.97808605
0.32681376, 1.0000000, 0.89425272, 8.2594976, 9.5262794, 9.7229834, 9.9100933, 9.9531555, 9.9814873, 19.997347, 19.999319, 19.998760, 19.960054, 0.33259419, 0.34526223, 0.34722954, 0.34910089, 0.34953153, 0.34981486, 0.34998673, 0.34999660, 0.34999380, 0.34980029, 0.89425272
0.35458452, 1.0000000, 0.99487132, 9.9286680, 9.9589272, 9.9792738, 9.9958048, 9.9979010, 9.9992990, 19.999998, 19.999992, 19.999983, 19.990009, 0.34928626, 0.34958905, 0.34979263, 0.34995803, 0.34997901, 0.34999299, 0.34999999, 0.34999996, 0.34999990, 0.34995005, 0.99487132
0.32418141, 1.0000000, 0.88471514, 8.0988274, 9.4892750, 9.6995564, 9.8977423, 9.9465218, 9.9781771, 19.996220, 19.999004, 19.999142, 19.966547, 0.33098829, 0.34489274, 0.34699556, 0.34897742, 0.34946522, 0.34978178, 0.34998110, 0.34999502, 0.34999570, 0.34983274, 0.88471514
0.28182119, 1.0000000, 0.73123616, 5.1984468, 9.2957373, 9.5519981, 9.7940655, 9.8853664, 9.9499712, 19.990170, 19.997417, 19.996353, 19.944878, 0.30198187, 0.34295461, 0.34551856, 0.34794036, 0.34885350, 0.34949964, 0.34995085, 0.34998709, 0.34998176, 0.34972438, 0.73123616
0.24691604, 1.0000000, 0.60476822, 2.9068112, 8.9201164, 9.5228119, 9.7477026, 9.8506851, 9.9306431, 19.985579, 19.996151, 19.991049, 19.925875, 0.27906790, 0.33920076, 0.34522793, 0.34747699, 0.34850684, 0.34930643, 0.34992790, 0.34998077, 0.34995526, 0.34962937, 0.60476822
0.23912042, 1.0000000, 0.57652324, 2.9191077, 7.9528856, 9.5378284, 9.7356977, 9.8367558, 9.9194307, 19.981436, 19.994831, 19.982851, 19.909996, 0.27919036, 0.32952771, 0.34537759, 0.34735683, 0.34836751, 0.34919429, 0.34990719, 0.34997416, 0.34991425, 0.34954998, 0.57652324
0.21197811, 1.0000000, 0.47818151, 2.1032243, 6.0747857, 9.4696608, 9.6933937, 9.8078756, 9.9021940, 19.975208, 19.992495, 19.971838, 19.897158, 0.27103132, 0.31074628, 0.34469536, 0.34693366, 0.34807864, 0.34902191, 0.34987605, 0.34996247, 0.34985918, 0.34948578, 0.47818151
0.17824425, 1.0000000, 0.35595742, 1.0515422, 3.8012917, 9.3886814, 9.6405497, 9.7724247, 9.8824625, 19.968180, 19.989117, 19.958761, 19.887117, 0.26051477, 0.28801152, 0.34388509, 0.34640515, 0.34772408, 0.34882456, 0.34984091, 0.34994557, 0.34979379, 0.34943560, 0.35595742
0.15459552, 0.90082198, 0.27027363, 0.34847260, 2.5902450, 8.4493237, 9.6179810, 9.7546854, 9.8714933, 19.963238, 19.984930, 19.944773, 19.879511, 0.25348410, 0.27589962, 0.33448860, 0.34617877, 0.34754631, 0.34871477, 0.34981620, 0.34992465, 0.34972388, 0.34939754, 0.27027363
0.13869758, 0.70883709, 0.21267240, 0.0000000, 1.8930167, 7.1693234, 9.6029148, 9.7431374, 9.8636799, 19.958069, 19.978952, 19.930712, 19.873795, 0.24994786, 0.26892796, 0.32168907, 0.34602803, 0.34743080, 0.34863663, 0.34979033, 0.34989476, 0.34965354, 0.34936899, 0.21267240
0.12521091, 0.54597092, 0.16380766, 0.0000000, 1.1073828, 5.5008931, 9.5381880, 9.7019224, 9.8434286, 19.951727, 19.970705, 19.917299, 19.869587, 0.24994786, 0.26107150, 0.30500317, 0.34537989, 0.34701821, 0.34843391, 0.34975863, 0.34985352, 0.34958649, 0.34934795, 0.16380766
0.11573243, 0.43150792, 0.12946533, 0.0000000, 0.64392090, 4.1380329, 9.5404100, 9.7005005, 9.8407803, 19.948090, 19.961275, 19.905466, 19.866541, 0.24994786, 0.25643739, 0.29137453, 0.34540141, 0.34700364, 0.34840736, 0.34974045, 0.34980637, 0.34952733, 0.34933269, 0.12946533
0.10673469, 0.32285053, 0.96864842E-1, 0.0000000, 0.18332303, 2.9415755, 9.2765827, 9.6754456, 9.8273916, 19.941662, 19.949705, 19.895126, 19.864294, 0.24994786, 0.25183234, 0.27940863, 0.34276134, 0.34675211, 0.34827313, 0.34970832, 0.34974852, 0.34947562, 0.34932148, 0.96864842E-1
0.10166707, 0.26165345, 0.78503884E-1, 0.0000000, 0.0000000, 2.2375135, 8.5202036, 9.6536531, 9.8148785, 19.934542, 19.937153, 19.886520, 19.862673, 0.24994786, 0.24998175, 0.27237105, 0.33519894, 0.34653476, 0.34814820, 0.34967270, 0.34968576, 0.34943259, 0.34931338, 0.78503884E-1
0.99305846E-1, 0.23313910, 0.69948725E-1, 0.0000000, 0.0000000, 1.7902792, 7.8961501, 9.6673059, 9.8206482, 19.930052, 19.925318, 19.879793, 19.861567, 0.24994786, 0.24998175, 0.26789999, 0.32895902, 0.34667155, 0.34820598, 0.34965026, 0.34962660, 0.34939897, 0.34930784, 0.69948725E-1
0.35539377, 1.0000000, 0.99780339, 9.9700527, 9.9823055, 9.9911175, 9.9982109, 9.9991083, 9.9997044, 19.999998, 19.999998, 19.999983, 19.990009, 0.34969661, 0.34982073, 0.34991002, 0.34998187, 0.34999096, 0.34999701, 0.34999999, 0.34999999, 0.34999990, 0.34995005, 0.99780339
0.32876122, 1.0000000, 0.90130872, 8.4084167, 9.5170870, 9.7163410, 9.9049044, 9.9503431, 9.9799099, 19.996685, 19.999128, 19.999674, 19.981050, 0.33408415, 0.34517086, 0.34716341, 0.34904903, 0.34950343, 0.34979910, 0.34998342, 0.34999564, 0.34999835, 0.34990525, 0.90130872
0.28196710, 1.0000000, 0.73176473, 5.2232556, 9.2775888, 9.5403833, 9.7919149, 9.8844242, 9.9503851, 19.991079, 19.997662, 19.998169, 19.958118, 0.30223155, 0.34277481, 0.34540328, 0.34791905, 0.34884417, 0.34950382, 0.34995538, 0.34998831, 0.34999084, 0.34979060, 0.73176473
0.23594202, 1.0000000, 0.56500733, 2.6563346, 8.0544519, 9.4537239, 9.7038660, 9.8244963, 9.9183750, 19.983185, 19.995571, 19.994350, 19.937323, 0.27655870, 0.33053610, 0.34453228, 0.34703764, 0.34824446, 0.34918356, 0.34991592, 0.34997785, 0.34997174, 0.34968662, 0.56500733
0.20427567, 1.0000000, 0.45027411, 1.7006457, 5.8433437, 9.4216423, 9.6715736, 9.7965984, 9.9000206, 19.977951, 19.994051, 19.987881, 19.919476, 0.26700336, 0.30842707, 0.34421125, 0.34671471, 0.34796545, 0.34900004, 0.34988976, 0.34997025, 0.34993941, 0.34959739, 0.45027411
0.20352358, 1.0000000, 0.44754916, 2.1236181, 5.0323343, 9.4527035, 9.6759825, 9.7934542, 9.8937321, 19.974146, 19.992619, 19.978632, 19.904787, 0.27123114, 0.30031615, 0.34452030, 0.34675846, 0.34793386, 0.34893709, 0.34987074, 0.34996310, 0.34989315, 0.34952393, 0.44754916
0.35599995, 1.0000000, 0.99999976, 9.9999962, 9.9999990, 9.9999990, 9.9999990, 9.9999990, 9.9999990, 19.999998, 19.999998, 19.999998, 19.998999, 0.34999996, 0.34999999, 0.34999999, 0.34999999, 0.34999999, 0.34999999, 0.34999999, 0.34999999, 0.34999999, 0.34999499, 0.99999976
0.32613242, 1.0000000, 0.89178401, 8.2581530, 9.4664478, 9.6871481, 9.8963089, 9.9458971, 9.9782190, 19.996494, 19.999092, 19.999523, 19.975185, 0.33257875, 0.34466258, 0.34687051, 0.34896287, 0.34945887, 0.34978217, 0.34998247, 0.34999546, 0.34999761, 0.34987593, 0.89178401
0.33314222, 1.0000000, 0.91718179, 8.7878246, 9.4531784, 9.6548929, 9.8463364, 9.9149132, 9.9637537, 19.993689, 19.998365, 19.997765, 19.952765, 0.33787537, 0.34452993, 0.34654796, 0.34846315, 0.34914905, 0.34963751, 0.34996843, 0.34999183, 0.34998882, 0.34976381, 0.91718179
0.35599691, 1.0000000, 0.99998873, 9.9998980, 9.9999399, 9.9999695, 9.9999933, 9.9999933, 9.9999990, 19.999998, 19.999998, 19.999998, 19.996996, 0.34999844, 0.34999907, 0.34999955, 0.34999990, 0.34999990, 0.34999999, 0.34999999, 0.34999999, 0.34999999, 0.34998497, 0.99998873
0.35597777, 1.0000000, 0.99991930, 9.9989414, 9.9993620, 9.9996834, 9.9999371, 9.9999666, 9.9999905, 19.999998, 19.999998, 19.999990, 19.991999, 0.34998891, 0.34999332, 0.34999669, 0.34999934, 0.34999964, 0.34999990, 0.34999999, 0.34999999, 0.34999996, 0.34996000, 0.99991930
0.35599577, 1.0000000, 0.99998468, 9.9998951, 9.9999371, 9.9999695, 9.9999933, 9.9999933, 9.9999990, 19.999998, 19.999998, 19.999998, 19.996996, 0.34999788, 0.34999874, 0.34999937, 0.34999987, 0.34999990, 0.34999999, 0.34999999, 0.34999999, 0.34999999, 0.34998497, 0.99998468
0.35600001, 1.0000000, 1.0000000, 9.9999990, 9.9999990, 9.9999990, 9.9999990, 9.9999990, 9.9999990, 19.999998, 19.999998, 19.999998, 19.998999, 0.34999999, 0.34999999, 0.34999999, 0.34999999, 0.34999999, 0.34999999, 0.34999999, 0.34999999, 0.34999999, 0.34999499, 1.0000000
0.35600001, 1.0000000, 1.0000000, 9.9999990, 9.9999990, 9.9999990, 9.9999990, 9.9999990, 9.9999990, 19.999998, 19.999998, 19.999998, 19.996996, 0.34999999, 0.34999999, 0.34999999, 0.34999999, 0.34999999, 0.34999999, 0.34999999, 0.34999999, 0.34999999, 0.34998497, 1.0000000
0.31842762, 1.0000000, 0.86386812, 7.7386465, 9.4199009, 9.6552143, 9.8776226, 9.9356728, 9.9733257, 19.995060, 19.998711, 19.999340, 19.973228, 0.32738486, 0.34419784, 0.34655154, 0.34877610, 0.34935665, 0.34973323, 0.34997529, 0.34999356, 0.34999669, 0.34986615, 0.86386812
0.26661515, 1.0000000, 0.67614186, 4.1555099, 9.2281923, 9.5009642, 9.7585020, 9.8634968, 9.9395561, 19.987894, 19.996822, 19.997110, 19.950903, 0.29155168, 0.34227738, 0.34500727, 0.34758455, 0.34863472, 0.34939548, 0.34993947, 0.34998411, 0.34998554, 0.34975451, 0.67614186
0.35593390, 1.0000000, 0.99976039, 9.9976358, 9.9985838, 9.9992905, 9.9998560, 9.9999275, 9.9999790, 19.999998, 19.999998, 19.999998, 19.994993, 0.34996703, 0.34998024, 0.34999010, 0.34999800, 0.34999901, 0.34999970, 0.34999999, 0.34999999, 0.34999999, 0.34997496, 0.99976039
0.35600001, 1.0000000, 1.0000000, 9.9999990, 9.9999990, 9.9999990, 9.9999990, 9.9999990, 9.9999990, 19.999998, 19.999998, 19.999998, 19.998999, 0.34999999, 0.34999999, 0.34999999, 0.34999999, 0.34999999, 0.34999999, 0.34999999, 0.34999999, 0.34999999, 0.34999499, 1.0000000
0.32605362, 1.0000000, 0.89149857, 8.2305870, 9.4926443, 9.7047644, 9.9041595, 9.9501305, 9.9799995, 19.996811, 19.999159, 19.999548, 19.975185, 0.33230466, 0.34492561, 0.34704721, 0.34904149, 0.34950128, 0.34979999, 0.34998405, 0.34999579, 0.34999773, 0.34987593, 0.89149857
0.29738528, 1.0000000, 0.78762776, 6.2461352, 9.3902664, 9.6210423, 9.8414354, 9.9130802, 9.9636726, 19.994143, 19.998466, 19.997776, 19.952772, 0.31245205, 0.34389427, 0.34620613, 0.34841350, 0.34913036, 0.34963658, 0.34997070, 0.34999233, 0.34998888, 0.34976387, 0.78762776
0.26745784, 1.0000000, 0.67919499, 4.1016750, 9.3693399, 9.5913715, 9.7952681, 9.8815737, 9.9471302, 19.990459, 19.997494, 19.993599, 19.932716, 0.29101467, 0.34369051, 0.34591225, 0.34795237, 0.34881559, 0.34947124, 0.34995228, 0.34998748, 0.34996799, 0.34966359, 0.67919499
0.23284890, 1.0000000, 0.55380034, 2.5037467, 7.9195161, 9.4770250, 9.7232018, 9.8345442, 9.9225245, 19.984776, 19.995876, 19.986389, 19.915627, 0.27503660, 0.32919356, 0.34476930, 0.34723181, 0.34834537, 0.34922522, 0.34992388, 0.34997937, 0.34993196, 0.34957814, 0.55380034
0.20420115, 1.0000000, 0.45000410, 1.6404241, 5.9170971, 9.4510221, 9.6893969, 9.8076000, 9.9053011, 19.979729, 19.994080, 19.976397, 19.901659, 0.26640230, 0.30916676, 0.34450686, 0.34689328, 0.34807563, 0.34905291, 0.34989864, 0.34997040, 0.34988198, 0.34950829, 0.45000410
0.18268442, 1.0000000, 0.37204495, 1.0430306, 4.3074889, 9.4651489, 9.6878357, 9.8018036, 9.8983631, 19.975842, 19.991947, 19.964201, 19.890654, 0.26042888, 0.29307136, 0.34464759, 0.34687755, 0.34801763, 0.34898350, 0.34987921, 0.34995973, 0.34982100, 0.34945327, 0.37204495
0.16319251, 1.0000000, 0.30142215, 0.52321255, 2.9704423, 9.1674423, 9.6717911, 9.7902660, 9.8910179, 19.972219, 19.988768, 19.950594, 19.882227, 0.25523171, 0.27970302, 0.34167227, 0.34671745, 0.34790242, 0.34891009, 0.34986109, 0.34994385, 0.34975296, 0.34941113, 0.30142215
0.15057811, 0.85230726, 0.25571775, 0.17103851, 2.4816422, 8.2721472, 9.6729450, 9.7892046, 9.8890142, 19.969509, 19.984268, 19.936600, 19.875883, 0.25171015, 0.27481437, 0.33271804, 0.34672865, 0.34789163, 0.34888998, 0.34984756, 0.34992135, 0.34968299, 0.34937942, 0.25571775
0.22453704, 1.0000000, 0.52368492, 2.5587499, 6.8399930, 9.4446735, 9.7363377, 9.8242941, 9.9032249, 19.969286, 19.978554, 19.923222, 19.871223, 0.27558580, 0.31839722, 0.34444484, 0.34736300, 0.34824273, 0.34903219, 0.34984642, 0.34989277, 0.34961611, 0.34935611, 0.52368492
0.34706986, 1.0000000, 0.96764427, 9.5207615, 9.7818174, 9.8841848, 9.9711332, 9.9853754, 9.9945545, 19.999432, 19.999849, 19.999937, 19.987009, 0.34520763, 0.34781817, 0.34884185, 0.34971133, 0.34985375, 0.34994555, 0.34999716, 0.34999925, 0.34999970, 0.34993505, 0.96764427
0.32757270, 1.0000000, 0.89700246, 8.3290577, 9.5063047, 9.7142286, 9.9090605, 9.9528112, 9.9812021, 19.997089, 19.999249, 19.999710, 19.982033, 0.33329058, 0.34506303, 0.34714228, 0.34909061, 0.34952810, 0.34981203, 0.34998545, 0.34999624, 0.34999853, 0.34991017, 0.89700246
0.35496575, 1.0000000, 0.99625260, 9.9481506, 9.9697533, 9.9847803, 9.9969311, 9.9984617, 9.9994841, 19.999992, 19.999998, 19.999962, 19.986860, 0.34948048, 0.34969690, 0.34984747, 0.34996927, 0.34998459, 0.34999484, 0.34999996, 0.34999999, 0.34999982, 0.34993431, 0.99625260
0.34868968, 1.0000000, 0.97351325, 9.6554441, 9.7595186, 9.8717756, 9.9685268, 9.9840565, 9.9941769, 19.999493, 19.999868, 19.999952, 19.988997, 0.34655446, 0.34759519, 0.34871775, 0.34968525, 0.34984058, 0.34994176, 0.34999746, 0.34999934, 0.34999976, 0.34994498, 0.97351325
0.31906676, 1.0000000, 0.86618376, 7.7627940, 9.4484653, 9.6693010, 9.8853874, 9.9395742, 9.9761839, 19.996857, 19.999187, 19.999146, 19.965637, 0.32762754, 0.34448436, 0.34669286, 0.34885386, 0.34939572, 0.34976184, 0.34998429, 0.34999594, 0.34999573, 0.34982818, 0.86618376
0.27587667, 1.0000000, 0.70969808, 4.7822952, 9.2779942, 9.5395937, 9.7887583, 9.8816957, 9.9496279, 19.991901, 19.997900, 19.996342, 19.944078, 0.29782146, 0.34277821, 0.34539503, 0.34788740, 0.34881687, 0.34949625, 0.34995949, 0.34998950, 0.34998173, 0.34972039, 0.70969808
0.32666904, 1.0000000, 0.89372826, 8.7311258, 8.8756905, 9.4700985, 9.7144289, 9.8303308, 9.9217224, 19.985365, 19.996151, 19.990805, 19.925190, 0.33731127, 0.33875692, 0.34470099, 0.34714431, 0.34830332, 0.34921724, 0.34992683, 0.34998077, 0.34995401, 0.34962595, 0.89372826
0.29318243, 1.0000000, 0.77240002, 6.0687008, 9.2555122, 9.5002403, 9.7130146, 9.8215799, 9.9116249, 19.980972, 19.994745, 19.982462, 19.909422, 0.31068331, 0.34255174, 0.34500068, 0.34712979, 0.34821561, 0.34911621, 0.34990487, 0.34997374, 0.34991232, 0.34954712, 0.77240002
0.24326125, 1.0000000, 0.59152627, 2.9005468, 8.5444145, 9.4353399, 9.6716919, 9.7933025, 9.8944712, 19.974516, 19.992363, 19.971336, 19.896690, 0.27900413, 0.33544177, 0.34435210, 0.34671664, 0.34793288, 0.34894466, 0.34987259, 0.34996182, 0.34985667, 0.34948346, 0.59152627
0.23231570, 1.0000000, 0.55186844, 2.7407348, 7.4142761, 9.5689373, 9.7323875, 9.8242683, 9.9054604, 19.973940, 19.990667, 19.958635, 19.886868, 0.27740589, 0.32414037, 0.34568781, 0.34732354, 0.34824255, 0.34905455, 0.34986970, 0.34995335, 0.34979317, 0.34943435, 0.55186844
0.22238976, 1.0000000, 0.51590490, 2.5835485, 6.4680490, 9.5811920, 9.7539425, 9.8378649, 9.9118681, 19.973555, 19.987764, 19.944929, 19.879410, 0.27583492, 0.31467962, 0.34581125, 0.34753931, 0.34837860, 0.34911865, 0.34986776, 0.34993881, 0.34972465, 0.34939706, 0.51590490
0.20038390, 1.0000000, 0.43617356, 1.8989176, 5.0028844, 9.4880819, 9.7164936, 9.8183441, 9.9040871, 19.970814, 19.982553, 19.931044, 19.873783, 0.26898840, 0.30002767, 0.34487969, 0.34716469, 0.34818333, 0.34904084, 0.34985405, 0.34991276, 0.34965521, 0.34936893, 0.43617356
0.22194503, 1.0000000, 0.51429361, 2.3072987, 6.9010692, 9.5357838, 9.7291956, 9.8241854, 9.9059029, 19.969275, 19.975687, 19.917950, 19.869646, 0.27307162, 0.31900820, 0.34535614, 0.34729159, 0.34824169, 0.34905899, 0.34984636, 0.34987843, 0.34958977, 0.34934825, 0.51429361
0.35536057, 1.0000000, 0.99768305, 9.9679985, 9.9812031, 9.9905634, 9.9980984, 9.9990482, 9.9996862, 19.999998, 19.999998, 19.999983, 19.990009, 0.34967941, 0.34981167, 0.34990546, 0.34998095, 0.34999046, 0.34999686, 0.34999999, 0.34999999, 0.34999990, 0.34995005, 0.99768305
0.35600001, 1.0000000, 1.0000000, 9.9999990, 9.9999990, 9.9999990, 9.9999990, 9.9999990, 9.9999990, 19.999998, 19.999998, 19.999990, 19.992998, 0.34999999, 0.34999999, 0.34999999, 0.34999999, 0.34999999, 0.34999999, 0.34999999, 0.34999999, 0.34999996, 0.34996498, 1.0000000
0.34962130, 1.0000000, 0.97688878, 9.6742382, 9.8328152, 9.8987494, 9.9253597, 9.9615059, 9.9854116, 19.998407, 19.999594, 19.999748, 19.979086, 0.34674239, 0.34832814, 0.34898749, 0.34925359, 0.34961507, 0.34985411, 0.34999204, 0.34999797, 0.34999874, 0.34989542, 0.97688878
0.32093102, 1.0000000, 0.87293839, 7.9070106, 9.4450111, 9.6572447, 9.8447428, 9.9157267, 9.9651136, 19.994505, 19.998573, 19.998226, 19.956339, 0.32906860, 0.34444904, 0.34657192, 0.34844732, 0.34915721, 0.34965110, 0.34997252, 0.34999287, 0.34999114, 0.34978169, 0.87293839
0.28394395, 1.0000000, 0.73892736, 5.3479991, 9.3038855, 9.5535555, 9.7838955, 9.8761892, 9.9458256, 19.990984, 19.997643, 19.994484, 19.935837, 0.30347648, 0.34303519, 0.34553367, 0.34783855, 0.34876168, 0.34945819, 0.34995490, 0.34998822, 0.34997243, 0.34967917, 0.73892736
0.25638920, 1.0000000, 0.63909125, 3.3370399, 9.3263416, 9.5597849, 9.7694931, 9.8615999, 9.9357986, 19.988638, 19.996969, 19.988026, 19.918293, 0.28336895, 0.34326097, 0.34559661, 0.34769467, 0.34861588, 0.34935796, 0.34994319, 0.34998485, 0.34994012, 0.34959146, 0.63909125
0.22591332, 1.0000000, 0.52867144, 2.1510153, 7.6709437, 9.4785519, 9.7183237, 9.8277769, 9.9173803, 19.984482, 19.995525, 19.978548, 19.903826, 0.27150708, 0.32670292, 0.34478146, 0.34718239, 0.34827736, 0.34917367, 0.34992242, 0.34997761, 0.34989274, 0.34951913, 0.52867144
0.21074723, 1.0000000, 0.47372180, 1.9587100, 6.1462350, 9.5050383, 9.7156582, 9.8211412, 9.9099684, 19.981030, 19.993694, 19.966688, 19.892323, 0.26958632, 0.31146088, 0.34504926, 0.34715635, 0.34821129, 0.34909967, 0.34990513, 0.34996846, 0.34983343, 0.34946162, 0.47372180
0.35600001, 1.0000000, 1.0000000, 9.9999990, 9.9999990, 9.9999990, 9.9999990, 9.9999990, 9.9999990, 19.999998, 19.999998, 19.999998, 19.997997, 0.34999999, 0.34999999, 0.34999999, 0.34999999, 0.34999999, 0.34999999, 0.34999999, 0.34999999, 0.34999999, 0.34998998, 1.0000000
0.35599893, 1.0000000, 0.99999613, 9.9999990, 9.9999990, 9.9999990, 9.9999962, 9.9999990, 9.9999962, 19.999998, 19.999998, 19.999998, 19.996996, 0.34999946, 0.34999967, 0.34999985, 0.34999993, 0.34999996, 0.34999996, 0.34999999, 0.34999999, 0.34999999, 0.34998497, 0.99999613
0.34794772, 1.0000000, 0.97082514, 9.5712681, 9.7994480, 9.8942013, 9.9753475, 9.9875584, 9.9955759, 19.999737, 19.999933, 19.999928, 19.984425, 0.34570724, 0.34799111, 0.34894031, 0.34975314, 0.34987539, 0.34995571, 0.34999868, 0.34999967, 0.34999964, 0.34992212, 0.97082514
0.30926365, 1.0000000, 0.83066535, 7.1168933, 9.3705540, 9.6183271, 9.8608942, 9.9262857, 9.9703150, 19.995543, 19.998831, 19.998713, 19.961288, 0.32116541, 0.34370273, 0.34618184, 0.34860864, 0.34926271, 0.34970307, 0.34997770, 0.34999415, 0.34999356, 0.34980643, 0.83066535
0.35600001, 1.0000000, 1.0000000, 9.9999990, 9.9999990, 9.9999990, 9.9999990, 9.9999990, 9.9999962, 19.999998, 19.999998, 19.999998, 19.997992, 0.34999999, 0.34999999, 0.34999999, 0.34999999, 0.34999999, 0.34999996, 0.34999999, 0.34999999, 0.34999999, 0.34998995, 1.0000000
0.33368313, 1.0000000, 0.91914165, 8.7365532, 9.5497227, 9.7420540, 9.9245691, 9.9610920, 9.9852543, 19.998407, 19.999588, 19.999611, 19.974239, 0.33736333, 0.34549576, 0.34741980, 0.34924555, 0.34961084, 0.34985250, 0.34999204, 0.34999794, 0.34999806, 0.34987119, 0.91914165
0.33206928, 1.0000000, 0.91329455, 8.6145191, 9.5563421, 9.7471132, 9.9233856, 9.9604397, 9.9844456, 19.997746, 19.999420, 19.999714, 19.980068, 0.33614102, 0.34556064, 0.34746969, 0.34923357, 0.34960425, 0.34984440, 0.34998873, 0.34999710, 0.34999856, 0.34990034, 0.91329455
0.28921086, 1.0000000, 0.75801033, 5.7328825, 9.2922306, 9.5570717, 9.8151302, 9.8990688, 9.9581470, 19.993439, 19.998301, 19.998224, 19.957241, 0.30732539, 0.34291896, 0.34556898, 0.34815094, 0.34899050, 0.34958142, 0.34996718, 0.34999150, 0.34999111, 0.34978622, 0.75801033
0.26108104, 1.0000000, 0.65609068, 3.6756201, 9.3258934, 9.5626631, 9.7816076, 9.8729792, 9.9439507, 19.990984, 19.997654, 19.994673, 19.936661, 0.28675312, 0.34325421, 0.34562421, 0.34781557, 0.34872955, 0.34943941, 0.34995490, 0.34998828, 0.34997338, 0.34968331, 0.65609068
0.35599244, 1.0000000, 0.99997246, 9.9996748, 9.9998026, 9.9999037, 9.9999819, 9.9999876, 9.9999933, 19.999998, 19.999998, 19.999996, 19.993994, 0.34999621, 0.34999770, 0.34999889, 0.34999979, 0.34999985, 0.34999993, 0.34999999, 0.34999999, 0.34999996, 0.34996998, 0.99997246
0.35600001, 1.0000000, 1.0000000, 9.9999990, 9.9999990, 9.9999990, 9.9999990, 9.9999990, 9.9999962, 19.999998, 19.999998, 19.999998, 19.998999, 0.34999999, 0.34999999, 0.34999999, 0.34999999, 0.34999999, 0.34999996, 0.34999999, 0.34999999, 0.34999999, 0.34999499, 1.0000000
0.35600001, 1.0000000, 1.0000000, 9.9999990, 9.9999990, 9.9999990, 9.9999990, 9.9999990, 9.9999990, 19.999998, 19.999998, 19.999998, 19.996996, 0.34999999, 0.34999999, 0.34999999, 0.34999999, 0.34999999, 0.34999999, 0.34999999, 0.34999999, 0.34999999, 0.34998497, 1.0000000
0.34614944, 1.0000000, 0.96430939, 9.5065899, 9.7149401, 9.8454123, 9.9611902, 9.9803019, 9.9928131, 19.999414, 19.999849, 19.999651, 19.973301, 0.34506589, 0.34714940, 0.34845412, 0.34961191, 0.34980303, 0.34992814, 0.34999707, 0.34999925, 0.34999827, 0.34986651, 0.96430939
0.34061736, 1.0000000, 0.94426572, 9.2052307, 9.5900726, 9.7700634, 9.9355984, 9.9669733, 9.9874630, 19.998573, 19.999630, 19.999861, 19.986019, 0.34205231, 0.34590071, 0.34770063, 0.34935600, 0.34966972, 0.34987462, 0.34999287, 0.34999815, 0.34999931, 0.34993011, 0.94426572
0.33405000, 1.0000000, 0.92047101, 8.8685083, 9.4275236, 9.6497650, 9.8672876, 9.9288282, 9.9716272, 19.996368, 19.999058, 19.998903, 19.962831, 0.33868405, 0.34427458, 0.34649733, 0.34867281, 0.34928825, 0.34971628, 0.34998184, 0.34999529, 0.34999451, 0.34981415, 0.92047101
0.31338018, 1.0000000, 0.84558034, 7.3865228, 9.4175234, 9.6280022, 9.8261223, 9.9015293, 9.9582767, 19.994160, 19.998478, 19.996000, 19.941607, 0.32386506, 0.34417507, 0.34627998, 0.34826124, 0.34901530, 0.34958276, 0.34997079, 0.34999239, 0.34998000, 0.34970802, 0.84558034
0.31192559, 1.0000000, 0.84031004, 7.2906194, 9.4095030, 9.6178112, 9.8075085, 9.8863411, 9.9493599, 19.992687, 19.998058, 19.990456, 19.923161, 0.32290620, 0.34409502, 0.34617811, 0.34807509, 0.34886342, 0.34949359, 0.34996343, 0.34999031, 0.34995228, 0.34961581, 0.84031004
0.28887886, 1.0000000, 0.75680739, 5.6590662, 9.3638401, 9.5866079, 9.7873888, 9.8714809, 9.9404783, 19.991043, 19.997427, 19.981987, 19.907816, 0.30659068, 0.34363839, 0.34586608, 0.34787390, 0.34871480, 0.34940478, 0.34995520, 0.34998715, 0.34990993, 0.34953907, 0.75680739
0.25742495, 1.0000000, 0.64284396, 3.4268315, 9.3083591, 9.5475531, 9.7642822, 9.8553810, 9.9314480, 19.989670, 19.996395, 19.970942, 19.895517, 0.28426802, 0.34308308, 0.34547526, 0.34764278, 0.34855378, 0.34931448, 0.34994835, 0.34998196, 0.34985471, 0.34947759, 0.64284396
0.26075721, 1.0000000, 0.65491742, 3.6715562, 9.2982264, 9.5608721, 9.7549963, 9.8469038, 9.9244432, 19.987160, 19.994223, 19.957924, 19.885950, 0.28671390, 0.34297976, 0.34560743, 0.34754971, 0.34846893, 0.34924436, 0.34993580, 0.34997112, 0.34978962, 0.34942976, 0.65491742
0.24819919, 1.0000000, 0.60941732, 2.9661357, 8.9427776, 9.5872316, 9.7633247, 9.8494005, 9.9232998, 19.985664, 19.991016, 19.944057, 19.878698, 0.27966076, 0.33942670, 0.34587175, 0.34763312, 0.34849393, 0.34923297, 0.34992832, 0.34995508, 0.34972030, 0.34939349, 0.60941732
0.22271715, 1.0000000, 0.51709110, 2.1955788, 7.2042122, 9.4887304, 9.7206879, 9.8246784, 9.9113903, 19.982201, 19.985518, 19.930088, 19.873241, 0.27195579, 0.32204211, 0.34488732, 0.34720689, 0.34824678, 0.34911391, 0.34991100, 0.34992760, 0.34965044, 0.34936622, 0.51709110
0.19978666, 1.0000000, 0.43400964, 1.5914977, 5.4545927, 9.4692831, 9.7021217, 9.8114557, 9.9041348, 19.979654, 19.978243, 19.916998, 19.869246, 0.26591370, 0.30454329, 0.34469053, 0.34702075, 0.34811431, 0.34904125, 0.34989828, 0.34989122, 0.34958500, 0.34934622, 0.43400964
0.19133900, 1.0000000, 0.40340215, 1.6652763, 4.2817421, 9.5220098, 9.7254629, 9.8229151, 9.9078779, 19.978559, 19.969383, 19.905416, 19.866358, 0.26665205, 0.29281631, 0.34521887, 0.34725440, 0.34822902, 0.34907874, 0.34989280, 0.34984690, 0.34952709, 0.34933180, 0.40340215
0.17915507, 1.0000000, 0.35925746, 1.5656620, 2.9893370, 9.4987268, 9.7126789, 9.8154936, 9.9040108, 19.975328, 19.958424, 19.895384, 19.864254, 0.26565662, 0.27989337, 0.34498727, 0.34712678, 0.34815493, 0.34904009, 0.34987664, 0.34979212, 0.34947693, 0.34932128, 0.35925746
0.16187388, 0.98871595, 0.29664445, 0.95013678, 2.4301052, 8.5072422, 9.6739349, 9.7927952, 9.8932219, 19.969658, 19.945929, 19.886961, 19.862713, 0.25949907, 0.27429754, 0.33506626, 0.34673795, 0.34792724, 0.34893197, 0.34984830, 0.34972966, 0.34943479, 0.34931356, 0.29664445
0.14976235, 0.84245622, 0.25276214, 0.56711435, 2.0278692, 7.6623745, 9.6752853, 9.7915707, 9.8910389, 19.963884, 19.933313, 19.880236, 19.861614, 0.25566980, 0.27027580, 0.32661831, 0.34675148, 0.34791502, 0.34891015, 0.34981942, 0.34966657, 0.34940118, 0.34930807, 0.25276214
0.35471839, 1.0000000, 0.99535650, 9.9960413, 9.9833126, 9.8161964, 9.7344122, 9.8240385, 9.9037895, 19.959003, 19.921555, 19.875069, 19.860872, 0.34994951, 0.34982660, 0.34815875, 0.34734350, 0.34824005, 0.34903777, 0.34979501, 0.34960777, 0.34937534, 0.34930438, 0.99535650
0.35600001, 1.0000000, 1.0000000, 9.9999990, 9.9999990, 9.9999990, 9.9999990, 9.9999990, 9.9999990, 19.999998, 19.999998, 19.999998, 19.998999, 0.34999999, 0.34999999, 0.34999999, 0.34999999, 0.34999999, 0.34999999, 0.34999999, 0.34999999, 0.34999999, 0.34999499, 1.0000000
0.35599762, 1.0000000, 0.99999130, 9.9999990, 9.9999990, 9.9999990, 9.9999990, 9.9999990, 9.9999990, 19.999998, 19.999998, 19.999998, 19.998999, 0.34999880, 0.34999928, 0.34999964, 0.34999993, 0.34999996, 0.34999999, 0.34999999, 0.34999999, 0.34999999, 0.34999499, 0.99999130
0.34921968, 1.0000000, 0.97543365, 9.8515329, 9.5619707, 9.7512131, 9.9300432, 9.9640560, 9.9866066, 19.998753, 19.999672, 19.999777, 19.979122, 0.34851533, 0.34561971, 0.34751213, 0.34930044, 0.34964055, 0.34986606, 0.34999377, 0.34999835, 0.34999889, 0.34989560, 0.97543365
0.34797430, 1.0000000, 0.97092128, 9.7549305, 9.6001902, 9.7057791, 9.8930302, 9.9427691, 9.9779882, 19.998009, 19.999487, 19.998453, 19.956415, 0.34754932, 0.34600189, 0.34705779, 0.34893030, 0.34942770, 0.34977987, 0.34999004, 0.34999743, 0.34999228, 0.34978208, 0.97092128
0.33753830, 1.0000000, 0.93310970, 9.0378094, 9.5378103, 9.7069807, 9.8719425, 9.9285727, 9.9708061, 19.996775, 19.999163, 19.994896, 19.935944, 0.34037620, 0.34537691, 0.34706920, 0.34871930, 0.34928566, 0.34970802, 0.34998387, 0.34999582, 0.34997448, 0.34967971, 0.93310970
0.35555911, 1.0000000, 0.99840254, 9.9996719, 9.9980869, 9.9084244, 9.9621525, 9.9807587, 9.9928694, 19.999308, 19.999821, 19.999931, 19.986019, 0.34999615, 0.34998053, 0.34908408, 0.34962150, 0.34980756, 0.34992868, 0.34999654, 0.34999910, 0.34999967, 0.34993011, 0.99840254
0.35242307, 1.0000000, 0.98704016, 9.9717379, 9.7058010, 9.8296108, 9.9571905, 9.9782295, 9.9922180, 19.999535, 19.999880, 19.999922, 19.984043, 0.34971738, 0.34705800, 0.34829611, 0.34957191, 0.34978229, 0.34992218, 0.34999767, 0.34999940, 0.34999961, 0.34992021, 0.98704016
0.34143955, 1.0000000, 0.94724470, 9.3028669, 9.5574951, 9.7174625, 9.9007654, 9.9478998, 9.9806681, 19.998669, 19.999653, 19.998919, 19.961004, 0.34302866, 0.34557495, 0.34717461, 0.34900767, 0.34947899, 0.34980667, 0.34999335, 0.34999827, 0.34999460, 0.34980503, 0.94724470
0.32989869, 1.0000000, 0.90542996, 8.4842081, 9.5356407, 9.7096367, 9.8762798, 9.9319963, 9.9730797, 19.997591, 19.999378, 19.995895, 19.940001, 0.33484107, 0.34535572, 0.34709603, 0.34876275, 0.34931993, 0.34973079, 0.34998795, 0.34999689, 0.34997946, 0.34970000, 0.90542996
0.32794321, 1.0000000, 0.89834487, 8.4934511, 9.3540277, 9.5878582, 9.8070517, 9.8903913, 9.9536104, 19.994230, 19.998487, 19.989998, 19.921776, 0.33493450, 0.34354028, 0.34587857, 0.34807050, 0.34890392, 0.34953612, 0.34997115, 0.34999245, 0.34994999, 0.34960887, 0.89834487
0.35600001, 1.0000000, 1.0000000, 9.9999990, 9.9999990, 9.9999990, 9.9999990, 9.9999990, 9.9999990, 19.999998, 19.999998, 19.999998, 19.996996, 0.34999999, 0.34999999, 0.34999999, 0.34999999, 0.34999999, 0.34999999, 0.34999999, 0.34999999, 0.34999999, 0.34998497, 1.0000000
0.34553355, 1.0000000, 0.96207809, 9.6411982, 9.4958982, 9.7010775, 9.9080534, 9.9523649, 9.9818678, 19.998001, 19.999474, 19.999556, 19.973270, 0.34640941, 0.34495747, 0.34701002, 0.34908038, 0.34952357, 0.34981865, 0.34999001, 0.34999737, 0.34999779, 0.34986636, 0.96207809
0.32539359, 1.0000000, 0.88910717, 8.2183638, 9.4588594, 9.6659746, 9.8655472, 9.9268456, 9.9705629, 19.996326, 19.999044, 19.997707, 19.951052, 0.33217856, 0.34458509, 0.34665796, 0.34865510, 0.34926829, 0.34970558, 0.34998164, 0.34999523, 0.34998852, 0.34975526, 0.88910717
0.29673713, 1.0000000, 0.78527939, 6.2380280, 9.3471289, 9.5843878, 9.8069267, 9.8902950, 9.9533033, 19.993521, 19.998304, 19.993374, 19.931229, 0.31237617, 0.34346759, 0.34584197, 0.34806886, 0.34890273, 0.34953296, 0.34996760, 0.34999153, 0.34996688, 0.34965613, 0.78527939
0.26377606, 1.0000000, 0.66585529, 3.8979552, 9.2945433, 9.5397482, 9.7642975, 9.8604755, 9.9370689, 19.990412, 19.997385, 19.986130, 19.914433, 0.28897697, 0.34294170, 0.34539557, 0.34764257, 0.34860453, 0.34937063, 0.34995204, 0.34998691, 0.34993064, 0.34957215, 0.66585529
0.23969986, 1.0000000, 0.57862264, 2.7579606, 8.2960072, 9.5269299, 9.7432356, 9.8429623, 9.9254808, 19.987709, 19.996229, 19.976095, 19.900763, 0.27757823, 0.33295760, 0.34526786, 0.34743205, 0.34842947, 0.34925476, 0.34993854, 0.34998113, 0.34988049, 0.34950382, 0.57862264
0.28364575, 1.0000000, 0.73784679, 5.3055930, 9.3074236, 9.6168585, 9.7794828, 9.8596668, 9.9297504, 19.987679, 19.995140, 19.964003, 19.890028, 0.30305579, 0.34307405, 0.34616849, 0.34779480, 0.34859666, 0.34929749, 0.34993839, 0.34997571, 0.34982002, 0.34945014, 0.73784679
0.35600001, 1.0000000, 1.0000000, 9.9999990, 9.9999990, 9.9999990, 9.9999990, 9.9999990, 9.9999990, 19.999998, 19.999998, 19.999998, 19.998999, 0.34999999, 0.34999999, 0.34999999, 0.34999999, 0.34999999, 0.34999999, 0.34999999, 0.34999999, 0.34999999, 0.34999499, 1.0000000
0.35600001, 1.0000000, 1.0000000, 9.9999990, 9.9999990, 9.9999990, 9.9999990, 9.9999990, 9.9999990, 19.999998, 19.999998, 19.999998, 19.998999, 0.34999999, 0.34999999, 0.34999999, 0.34999999, 0.34999999, 0.34999999, 0.34999999, 0.34999999, 0.34999999, 0.34999499, 1.0000000
0.35600001, 1.0000000, 1.0000000, 9.9999990, 9.9999990, 9.9999990, 9.9999990, 9.9999990, 9.9999990, 19.999998, 19.999998, 19.999998, 19.996996, 0.34999999, 0.34999999, 0.34999999, 0.34999999, 0.34999999, 0.34999999, 0.34999999, 0.34999999, 0.34999999, 0.34998497, 1.0000000
0.35571480, 1.0000000, 0.99896652, 9.9857464, 9.9915380, 9.9957542, 9.9991407, 9.9995766, 9.9998531, 19.999998, 19.999998, 19.999975, 19.989016, 0.34985745, 0.34991539, 0.34995753, 0.34999141, 0.34999576, 0.34999853, 0.34999999, 0.34999999, 0.34999987, 0.34994507, 0.99896652
0.34877574, 1.0000000, 0.97382510, 9.6141777, 9.8207436, 9.9053040, 9.9781237, 9.9889593, 9.9961119, 19.999802, 19.999950, 19.999323, 19.965672, 0.34614158, 0.34820729, 0.34905297, 0.34978124, 0.34988958, 0.34996110, 0.34999901, 0.34999976, 0.34999663, 0.34982836, 0.97382510
0.34887189, 1.0000000, 0.97417343, 9.6216078, 9.8198662, 9.9053564, 9.9783134, 9.9890633, 9.9961414, 19.999796, 19.999950, 19.999964, 19.988020, 0.34621608, 0.34819865, 0.34905356, 0.34978312, 0.34989065, 0.34996140, 0.34999898, 0.34999976, 0.34999982, 0.34994009, 0.97417343
0.33574837, 1.0000000, 0.92662460, 8.8167410, 9.6367474, 9.7932091, 9.9448109, 9.9716749, 9.9900970, 19.999743, 19.999939, 19.999254, 19.964733, 0.33816740, 0.34636748, 0.34793210, 0.34944811, 0.34971675, 0.34990096, 0.34999871, 0.34999970, 0.34999627, 0.34982365, 0.92662460
0.29810587, 1.0000000, 0.79023862, 6.3194566, 9.3600187, 9.6042881, 9.8477783, 9.9181910, 9.9680929, 19.996828, 19.999182, 19.996504, 19.943285, 0.31319413, 0.34359977, 0.34604266, 0.34847775, 0.34918189, 0.34968093, 0.34998414, 0.34999591, 0.34998253, 0.34971642, 0.79023862
0.25904429, 1.0000000, 0.64871114, 3.5560622, 9.2891951, 9.5409050, 9.7801399, 9.8746061, 9.9473715, 19.993975, 19.998398, 19.991100, 19.924561, 0.28555992, 0.34289092, 0.34540850, 0.34780127, 0.34874600, 0.34947369, 0.34996986, 0.34999198, 0.34995550, 0.34962279, 0.64871114
0.23539476, 1.0000000, 0.56302446, 2.5222034, 8.1633625, 9.5338125, 9.7581491, 9.8554306, 9.9354963, 19.992521, 19.997833, 19.982872, 19.908951, 0.27522051, 0.33163068, 0.34533641, 0.34758115, 0.34855413, 0.34935489, 0.34996259, 0.34998918, 0.34991437, 0.34954476, 0.56302446
0.23694186, 1.0000000, 0.56862986, 2.7499974, 7.9931316, 9.4982309, 9.7250242, 9.8314867, 9.9208469, 19.989794, 19.996504, 19.971903, 19.896395, 0.27749828, 0.32992834, 0.34498057, 0.34724990, 0.34831470, 0.34920841, 0.34994897, 0.34998253, 0.34985951, 0.34948197, 0.56862986
0.27825847, 1.0000000, 0.71832776, 4.9326034, 9.2701540, 9.6346626, 9.7779560, 9.8572531, 9.9280205, 19.989792, 19.995070, 19.959177, 19.886663, 0.29932487, 0.34270024, 0.34634593, 0.34777942, 0.34857246, 0.34928018, 0.34994894, 0.34997535, 0.34979588, 0.34943330, 0.71832776
0.29212743, 1.0000000, 0.76857769, 5.9162426, 9.3422394, 9.5679092, 9.7624378, 9.8490877, 9.9235125, 19.988058, 19.991922, 19.945333, 19.879253, 0.30915743, 0.34341764, 0.34567669, 0.34762385, 0.34849066, 0.34923503, 0.34994030, 0.34995961, 0.34972668, 0.34939626, 0.76857769
0.26841605, 1.0000000, 0.68266684, 4.1703038, 9.3777189, 9.5870075, 9.7706881, 9.8530970, 9.9244528, 19.987238, 19.987301, 19.931492, 19.873707, 0.29169920, 0.34377196, 0.34586743, 0.34770635, 0.34853071, 0.34924445, 0.34993619, 0.34993652, 0.34965748, 0.34936854, 0.68266684
0.24018191, 1.0000000, 0.58036923, 2.7531266, 8.3669367, 9.5202694, 9.7370157, 9.8339062, 9.9152851, 19.984079, 19.980061, 19.918268, 19.869600, 0.27752972, 0.33366653, 0.34520108, 0.34736982, 0.34833887, 0.34915280, 0.34992039, 0.34990031, 0.34959134, 0.34934801, 0.58036923
0.22051109, 1.0000000, 0.50909817, 2.1845698, 6.9369140, 9.5284338, 9.7323198, 9.8293295, 9.9117336, 19.981104, 19.970873, 19.906410, 19.866600, 0.27184093, 0.31936002, 0.34527808, 0.34732193, 0.34829265, 0.34911713, 0.34990552, 0.34985435, 0.34953207, 0.34933299, 0.50909817
0.20551413, 1.0000000, 0.45476133, 1.8048376, 5.7461553, 9.5471201, 9.7414913, 9.8334198, 9.9128714, 19.978846, 19.960268, 19.896284, 19.864435, 0.26804814, 0.30746111, 0.34547085, 0.34741485, 0.34833416, 0.34912872, 0.34989423, 0.34980133, 0.34948140, 0.34932217, 0.45476133
0.18875647, 1.0000000, 0.39404514, 1.3718456, 4.4626760, 9.5147295, 9.7278366, 9.8256569, 9.9092684, 19.974977, 19.948263, 19.887806, 19.862848, 0.26371667, 0.29462332, 0.34514362, 0.34727761, 0.34825617, 0.34909257, 0.34987488, 0.34974131, 0.34943902, 0.34931424, 0.39404514
0.17174768, 1.0000000, 0.33241916, 0.94240308, 3.1454694, 9.4784708, 9.7086926, 9.8141375, 9.9035482, 19.969282, 19.935577, 19.880926, 19.861719, 0.25942141, 0.28144947, 0.34477684, 0.34708533, 0.34814057, 0.34903520, 0.34984642, 0.34967789, 0.34940463, 0.34930861, 0.33241916
0.35398430, 1.0000000, 0.99269676, 9.9016161, 9.9437704, 9.9715767, 9.9942236, 9.9971066, 9.9990339, 19.999998, 19.999998, 19.999983, 19.990009, 0.34898201, 0.34941715, 0.34970546, 0.34994018, 0.34997001, 0.34998998, 0.34999999, 0.34999999, 0.34999990, 0.34995005, 0.99269676
0.35084617, 1.0000000, 0.98132664, 9.7230921, 9.8754883, 9.9340677, 9.9772253, 9.9883604, 9.9947844, 19.998615, 19.999636, 19.999296, 19.966606, 0.34722883, 0.34875360, 0.34934005, 0.34977213, 0.34988356, 0.34994781, 0.34999308, 0.34999818, 0.34999648, 0.34983304, 0.98132664
0.32910788, 1.0000000, 0.90256482, 8.4157562, 9.5379353, 9.7324467, 9.9153547, 9.9559412, 9.9825096, 19.997375, 19.999313, 19.996847, 19.945004, 0.33415505, 0.34537765, 0.34732360, 0.34915337, 0.34955934, 0.34982505, 0.34998688, 0.34999657, 0.34998423, 0.34972501, 0.90256482
0.29643559, 1.0000000, 0.78418696, 6.1879430, 9.3752003, 9.6118326, 9.8447552, 9.9153070, 9.9659700, 19.995796, 19.998886, 19.991764, 19.926060, 0.31187540, 0.34374836, 0.34611645, 0.34844717, 0.34915289, 0.34965965, 0.34997898, 0.34999442, 0.34995884, 0.34963030, 0.78418696
0.26061100, 1.0000000, 0.65438765, 3.6533732, 9.3086767, 9.5545015, 9.7876310, 9.8780565, 9.9483690, 19.993742, 19.998167, 19.983747, 19.910192, 0.28653252, 0.34308493, 0.34554407, 0.34787610, 0.34878048, 0.34948367, 0.34996870, 0.34999084, 0.34991872, 0.34955096, 0.65438765
0.23700014, 1.0000000, 0.56884110, 2.6215494, 8.1887541, 9.5382109, 9.7605104, 9.8567562, 9.9355659, 19.991711, 19.997086, 19.973022, 19.897358, 0.27621496, 0.33188653, 0.34538150, 0.34760499, 0.34856749, 0.34935564, 0.34995854, 0.34998542, 0.34986511, 0.34948680, 0.56884110
0.21448161, 1.0000000, 0.48725215, 2.0068674, 6.5181599, 9.4987516, 9.7315950, 9.8357010, 9.9229765, 19.989708, 19.995245, 19.960291, 19.887375, 0.27006659, 0.31517756, 0.34498456, 0.34731537, 0.34835672, 0.34922966, 0.34994853, 0.34997624, 0.34980145, 0.34943688, 0.48725215
0.20160550, 1.0000000, 0.44059959, 1.7186493, 5.4145722, 9.5511141, 9.7500172, 9.8424778, 9.9227419, 19.989267, 19.992590, 19.946568, 19.879799, 0.26718560, 0.30414402, 0.34550965, 0.34749988, 0.34842464, 0.34922737, 0.34994632, 0.34996295, 0.34973285, 0.34939900, 0.44059959
0.35254133, 1.0000000, 0.98746866, 9.8223772, 9.9042463, 9.9510241, 9.9898624, 9.9949179, 9.9983006, 19.999998, 19.999998, 19.999983, 19.990009, 0.34822321, 0.34904212, 0.34951007, 0.34989861, 0.34994915, 0.34998301, 0.34999999, 0.34999999, 0.34999990, 0.34995005, 0.98746866
0.34634155, 1.0000000, 0.96500564, 9.4761305, 9.7715883, 9.8777447, 9.9701891, 9.9848976, 9.9945183, 19.999577, 19.999886, 19.999935, 19.985031, 0.34476131, 0.34771588, 0.34877744, 0.34970188, 0.34984899, 0.34994519, 0.34999788, 0.34999943, 0.34999967, 0.34992516, 0.96500564
0.31667584, 1.0000000, 0.85752112, 7.5891986, 9.4485197, 9.6694365, 9.8879585, 9.9410839, 9.9772263, 19.997423, 19.999325, 19.998917, 19.961901, 0.32589197, 0.34448519, 0.34669435, 0.34887958, 0.34941083, 0.34977227, 0.34998712, 0.34999663, 0.34999460, 0.34980950, 0.85752112
0.30472344, 1.0000000, 0.81421524, 6.6426711, 9.5571451, 9.7227726, 9.8815889, 9.9343443, 9.9736280, 19.997263, 19.999283, 19.996069, 19.940825, 0.31642580, 0.34557071, 0.34722733, 0.34881580, 0.34934342, 0.34973627, 0.34998631, 0.34999642, 0.34998035, 0.34970412, 0.81421524
0.28370625, 1.0000000, 0.73806608, 5.2060280, 9.4523420, 9.6560574, 9.8469286, 9.9128265, 9.9639139, 19.996410, 19.999012, 19.990446, 19.922531, 0.30205607, 0.34451884, 0.34655821, 0.34846881, 0.34912804, 0.34963906, 0.34998205, 0.34999508, 0.34995222, 0.34961265, 0.73806608
0.25234058, 1.0000000, 0.62442243, 3.0429764, 9.3232594, 9.5648489, 9.7894859, 9.8772974, 9.9466209, 19.993683, 19.998081, 19.981791, 19.907274, 0.28042519, 0.34322423, 0.34564421, 0.34789398, 0.34877253, 0.34946606, 0.34996840, 0.34999040, 0.34990895, 0.34953636, 0.62442243
0.23022097, 1.0000000, 0.54427886, 2.3592889, 7.8146057, 9.5300789, 9.7551985, 9.8527622, 9.9325609, 19.991127, 19.996738, 19.970545, 19.895067, 0.27358621, 0.32813278, 0.34529269, 0.34755033, 0.34852678, 0.34932533, 0.34995562, 0.34998369, 0.34985274, 0.34947532, 0.54427886
0.20902909, 1.0000000, 0.46749669, 1.7810404, 6.2364540, 9.5023861, 9.7306147, 9.8341780, 9.9208279, 19.988600, 19.994543, 19.957474, 19.885590, 0.26780403, 0.31235111, 0.34501365, 0.34730405, 0.34834069, 0.34920794, 0.34994298, 0.34997272, 0.34978735, 0.34942794, 0.46749669
0.18850544, 1.0000000, 0.39313564, 1.2607694, 4.6427684, 9.4732666, 9.7088871, 9.8181353, 9.9106884, 19.986074, 19.991007, 19.943510, 19.878422, 0.26260149, 0.29641399, 0.34471869, 0.34708601, 0.34817991, 0.34910640, 0.34993038, 0.34995502, 0.34971756, 0.34939212, 0.39313564
0.17002511, 1.0000000, 0.32617790, 0.82707703, 3.1420977, 9.4566565, 9.6945086, 9.8069897, 9.9031458, 19.983593, 19.985691, 19.929636, 19.873053, 0.25826877, 0.28141645, 0.34455976, 0.34694368, 0.34806919, 0.34903121, 0.34991795, 0.34992844, 0.34964818, 0.34936526, 0.32617790
0.15682712, 0.92777091, 0.27835912, 0.47426224, 2.5169163, 8.6996946, 9.6862144, 9.8000650, 9.8979845, 19.980951, 19.978304, 19.916584, 19.869093, 0.25473985, 0.27516031, 0.33698162, 0.34685874, 0.34799892, 0.34897926, 0.34990475, 0.34989151, 0.34958291, 0.34934548, 0.27835912
0.14580423, 0.79465753, 0.23842111, 0.19316971, 2.0944417, 7.8211670, 9.6796589, 9.7948608, 9.8942499, 19.978077, 19.968914, 19.904919, 19.866207, 0.25193018, 0.27093455, 0.32819328, 0.34679201, 0.34794632, 0.34894171, 0.34989038, 0.34984457, 0.34952459, 0.34933102, 0.23842111
0.13542274, 0.66928971, 0.20080699, 0.21189451E-1, 1.6548961, 6.7715640, 9.6503353, 9.7769489, 9.8863716, 19.975410, 19.958046, 19.894995, 19.864128, 0.25021178, 0.26654390, 0.31770527, 0.34650040, 0.34776801, 0.34886321, 0.34987706, 0.34979022, 0.34947497, 0.34932065, 0.20080699
0.12860714, 0.58698398, 0.17611280, 0.0000000, 1.3138562, 5.8793092, 9.6503811, 9.7753172, 9.8839712, 19.971279, 19.945911, 19.886726, 19.862637, 0.24999340, 0.26313123, 0.30877671, 0.34649840, 0.34775043, 0.34883878, 0.34985641, 0.34972957, 0.34943363, 0.34931320, 0.17611280
0.12262379, 0.51472849, 0.15443400, 0.0000000, 1.0270268, 5.0082350, 9.6433630, 9.7704906, 9.8812475, 19.966513, 19.933519, 19.880112, 19.861589, 0.24999340, 0.26026645, 0.30007303, 0.34643006, 0.34770310, 0.34881184, 0.34983256, 0.34966761, 0.34940055, 0.34930795, 0.15443400
0.11733037, 0.45080474, 0.13525495, 0.0000000, 0.79227686, 4.1990676, 9.6390848, 9.7673168, 9.8791389, 19.960421, 19.921436, 19.874897, 19.860826, 0.24999340, 0.25792181, 0.29198810, 0.34638965, 0.34767258, 0.34879118, 0.34980211, 0.34960717, 0.34937447, 0.34930414, 0.13525495
0.35310328, 1.0000000, 0.98950458, 9.9897547, 9.8736753, 9.6571751, 9.7542248, 9.8317060, 9.9041605, 19.954138, 19.910515, 19.870955, 19.860302, 0.34989569, 0.34873566, 0.34657121, 0.34754214, 0.34831700, 0.34904158, 0.34977069, 0.34955257, 0.34935477, 0.34930152, 0.98950458
0.33978945, 1.0000000, 0.94126606, 9.2002153, 9.5716696, 9.6697073, 9.7884645, 9.8547239, 9.9150057, 19.946110, 19.900681, 19.867920, 19.859938, 0.34199598, 0.34571284, 0.34669513, 0.34788427, 0.34854704, 0.34915000, 0.34973055, 0.34950340, 0.34933960, 0.34929970, 0.94126606
0.31751233, 1.0000000, 0.86055189, 7.6659102, 9.4567785, 9.6350241, 9.7888985, 9.8579988, 9.9169312, 19.936356, 19.892012, 19.865585, 19.859638, 0.32664829, 0.34455976, 0.34634617, 0.34788814, 0.34857959, 0.34916916, 0.34968179, 0.34946007, 0.34932792, 0.34929818, 0.86055189
0.29923052, 1.0000000, 0.79431349, 6.3305078, 9.4676428, 9.6451588, 9.7970037, 9.8636894, 9.9185638, 19.926359, 19.884808, 19.863842, 19.859476, 0.31329742, 0.34466955, 0.34644806, 0.34796932, 0.34863654, 0.34918553, 0.34963179, 0.34942403, 0.34931922, 0.34929737, 0.79431349
0.27537954, 1.0000000, 0.70789677, 4.6558971, 9.3984051, 9.6041870, 9.7845793, 9.8574181, 9.9146919, 19.916142, 19.878872, 19.862547, 19.859346, 0.29655790, 0.34398276, 0.34604120, 0.34784564, 0.34857413, 0.34914687, 0.34958071, 0.34939435, 0.34931272, 0.34929675, 0.70789677
0.35597324, 1.0000000, 0.99990302, 9.9989233, 9.9993591, 9.9996777, 9.9999342, 9.9999638, 9.9999876, 19.999998, 19.999998, 19.999998, 19.994993, 0.34998664, 0.34999204, 0.34999600, 0.34999919, 0.34999955, 0.34999985, 0.34999999, 0.34999999, 0.34999999, 0.34997496, 0.99990302
0.35183573, 1.0000000, 0.98491204, 9.9296732, 9.7014351, 9.8362818, 9.9587288, 9.9790030, 9.9924507, 19.999504, 19.999868, 19.999846, 19.980116, 0.34929675, 0.34701437, 0.34836280, 0.34958729, 0.34979004, 0.34992450, 0.34999752, 0.34999934, 0.34999922, 0.34990057, 0.98491204
0.35401762, 1.0000000, 0.99281746, 9.8992653, 9.9441366, 9.9716158, 9.9936066, 9.9967880, 9.9988403, 19.999903, 19.999975, 19.999962, 19.987026, 0.34898996, 0.34943974, 0.34971535, 0.34993592, 0.34996781, 0.34998837, 0.34999952, 0.34999987, 0.34999982, 0.34993511, 0.99281746
0.34507662, 1.0000000, 0.96042252, 9.3969717, 9.7566452, 9.8677855, 9.9677505, 9.9836216, 9.9942007, 19.999689, 19.999916, 19.999203, 19.963797, 0.34396726, 0.34756494, 0.34867707, 0.34967735, 0.34983614, 0.34994197, 0.34999844, 0.34999958, 0.34999603, 0.34981897, 0.96042252
0.33013093, 1.0000000, 0.90627140, 8.4379425, 9.6044436, 9.7686596, 9.9305525, 9.9638977, 9.9869337, 19.999302, 19.999813, 19.996525, 19.942495, 0.33437681, 0.34604263, 0.34768569, 0.34930533, 0.34963888, 0.34986931, 0.34999651, 0.34999907, 0.34998262, 0.34971249, 0.90627140
0.31965649, 1.0000000, 0.86832052, 7.6751103, 9.6142817, 9.7655478, 9.9138050, 9.9536524, 9.9826279, 19.999050, 19.999727, 19.991190, 19.923941, 0.32674983, 0.34614187, 0.34765500, 0.34913796, 0.34953648, 0.34982625, 0.34999526, 0.34999865, 0.34995595, 0.34961969, 0.86832052
0.29010886, 1.0000000, 0.76126391, 5.7174611, 9.3901911, 9.6214104, 9.8456850, 9.9149981, 9.9665365, 19.997389, 19.999121, 19.982838, 19.908442, 0.30717131, 0.34389862, 0.34621245, 0.34845650, 0.34914979, 0.34966531, 0.34998694, 0.34999561, 0.34991419, 0.34954220, 0.76126391
0.26933360, 1.0000000, 0.68599123, 4.1777964, 9.4395857, 9.6405315, 9.8288364, 9.9011021, 9.9588776, 19.996899, 19.998394, 19.971928, 19.896017, 0.29177681, 0.34439427, 0.34640452, 0.34828818, 0.34901091, 0.34958875, 0.34998450, 0.34999198, 0.34985965, 0.34948009, 0.68599123
0.25332987, 1.0000000, 0.62800670, 3.0012844, 9.4632578, 9.6525450, 9.8236246, 9.8947077, 9.9537115, 19.996208, 19.996788, 19.959093, 19.886368, 0.28001010, 0.34462741, 0.34652284, 0.34823573, 0.34894681, 0.34953701, 0.34998104, 0.34998393, 0.34979546, 0.34943184, 0.62800670
0.24504806, 1.0000000, 0.59800023, 2.7694404, 8.8392305, 9.6711836, 9.8290272, 9.8953676, 9.9520025, 19.996027, 19.994041, 19.945284, 19.879040, 0.27769259, 0.33838880, 0.34670994, 0.34828988, 0.34895346, 0.34951997, 0.34998015, 0.34997022, 0.34972641, 0.34939522, 0.59800023
0.22798438, 1.0000000, 0.53617531, 2.3045540, 7.6036553, 9.5794268, 9.7903290, 9.8726730, 9.9413443, 19.994917, 19.989307, 19.931381, 19.873529, 0.27304521, 0.32603592, 0.34579387, 0.34790319, 0.34872669, 0.34941345, 0.34997457, 0.34994653, 0.34965691, 0.34936765, 0.53617531
0.22218934, 1.0000000, 0.51517874, 2.1878004, 7.0488162, 9.6721687, 9.8169985, 9.8848019, 9.9440660, 19.994711, 19.982750, 19.918327, 19.869505, 0.27187735, 0.32048687, 0.34672078, 0.34816980, 0.34884793, 0.34944063, 0.34997356, 0.34991375, 0.34959164, 0.34934753, 0.51517874
0.20581786, 1.0000000, 0.45586181, 1.7541885, 5.8614264, 9.5532551, 9.7736044, 9.8604689, 9.9332418, 19.992838, 19.973761, 19.906511, 19.866541, 0.26753694, 0.30860430, 0.34552443, 0.34773439, 0.34860384, 0.34933215, 0.34996420, 0.34986880, 0.34953254, 0.34933269, 0.45586181
0.18837950, 1.0000000, 0.39267936, 1.3301343, 4.4919286, 9.5033407, 9.7392073, 9.8387756, 9.9224491, 19.990196, 19.962904, 19.896330, 19.864384, 0.26329634, 0.29490915, 0.34502268, 0.34738988, 0.34838665, 0.34922412, 0.34995097, 0.34981453, 0.34948164, 0.34932190, 0.39267936
0.17302011, 1.0000000, 0.33702937, 0.98933280, 3.2138727, 9.4909477, 9.7233696, 9.8269024, 9.9151545, 19.986729, 19.950771, 19.887854, 19.862837, 0.25988775, 0.28212786, 0.34489346, 0.34723043, 0.34826735, 0.34915099, 0.34993365, 0.34975386, 0.34943926, 0.34931418, 0.33702937
0.16192128, 0.98928845, 0.29681623, 0.70889890, 2.6324778, 8.9107056, 9.7158461, 9.8204241, 9.9102840, 19.981878, 19.938086, 19.881033, 19.861750, 0.25708351, 0.27631253, 0.33908632, 0.34715393, 0.34820196, 0.34910208, 0.34990939, 0.34969044, 0.34940517, 0.34930876, 0.29681623
0.15232958, 0.87345827, 0.26206368, 0.46649873, 2.2662549, 8.1381779, 9.7074308, 9.8140821, 9.9058714, 19.975346, 19.925491, 19.875639, 19.860950, 0.25465965, 0.27264696, 0.33135381, 0.34706762, 0.34813747, 0.34905759, 0.34987673, 0.34962747, 0.34937820, 0.34930474, 0.26206368
0.14542447, 0.79007155, 0.23704517, 0.32786727, 1.9944906, 7.4753971, 9.7149773, 9.8172178, 9.9058619, 19.967758, 19.913826, 19.871460, 19.860392, 0.25327355, 0.26992625, 0.32471898, 0.34714070, 0.34816760, 0.34905708, 0.34983879, 0.34956914, 0.34935731, 0.34930196, 0.23704517
0.15512255, 0.90718645, 0.27218315, 1.2449265, 1.8454373, 7.0463686, 9.7499695, 9.8361835, 9.9121895, 19.958784, 19.903376, 19.868271, 19.859985, 0.26244137, 0.26844734, 0.32045028, 0.34749597, 0.34835997, 0.34912127, 0.34979391, 0.34951687, 0.34934136, 0.34929994, 0.27218315
0.14919969, 0.83566153, 0.25072354, 1.0416359, 1.6804367, 6.6173348, 9.7538013, 9.8396177, 9.9132223, 19.948368, 19.894251, 19.865850, 19.859686, 0.26041555, 0.26680359, 0.31617180, 0.34753758, 0.34839594, 0.34913215, 0.34974185, 0.34947127, 0.34932926, 0.34929842, 0.25072354
0.14532846, 0.78891224, 0.23669735, 0.92220008, 1.5739948, 6.2895622, 9.7723799, 9.8502483, 9.9164066, 19.937534, 19.886675, 19.864056, 19.859497, 0.25921965, 0.26573756, 0.31289083, 0.34772229, 0.34850174, 0.34916383, 0.34968767, 0.34943336, 0.34932029, 0.34929749, 0.23669735
0.13946989, 0.71816343, 0.21547058, 0.73807538, 1.4025956, 5.8343425, 9.7528162, 9.8398952, 9.9110384, 19.926222, 19.880400, 19.862700, 19.859346, 0.25738075, 0.26402596, 0.30834341, 0.34752816, 0.34839895, 0.34911039, 0.34963110, 0.34940201, 0.34931350, 0.34929675, 0.21547058
0.13166642, 0.62392825, 0.18719719, 0.50050020, 1.1699408, 5.2182326, 9.7117043, 9.8155193, 9.8987074, 19.914804, 19.875229, 19.861652, 19.859299, 0.25500450, 0.26169869, 0.30218074, 0.34711644, 0.34815490, 0.34898698, 0.34957403, 0.34937614, 0.34930825, 0.34929651, 0.18719719
0.12613444, 0.55712354, 0.16715378, 0.35483539, 1.0080248, 4.6925464, 9.7113371, 9.8122673, 9.8934307, 19.904535, 19.871227, 19.860929, 19.859251, 0.25354740, 0.26007861, 0.29692161, 0.34711179, 0.34812185, 0.34893402, 0.34952268, 0.34935614, 0.34930465, 0.34929627, 0.16715378
0.12125681, 0.49822080, 0.14948119, 0.22982359, 0.86608529, 4.2150192, 9.7118311, 9.8106203, 9.8890333, 19.895290, 19.868082, 19.860399, 19.859222, 0.25229758, 0.25865936, 0.29214659, 0.34711665, 0.34810537, 0.34889007, 0.34947646, 0.34934041, 0.34930199, 0.34929612, 0.14948119
0.11643043, 0.43993703, 0.13199431, 0.12170672, 0.72166324, 3.7037632, 9.6959686, 9.8000841, 9.8817196, 19.887331, 19.865662, 19.859993, 19.859205, 0.25121623, 0.25721362, 0.28702995, 0.34695566, 0.34799880, 0.34881651, 0.34943664, 0.34932831, 0.34929997, 0.34929603, 0.13199431
0.11451621, 0.41682068, 0.12505871, 0.10131598, 0.67233145, 3.3969922, 9.7373629, 9.8211994, 9.8867645, 19.881342, 19.863987, 19.859735, 19.859205, 0.25101259, 0.25672108, 0.28396431, 0.34737039, 0.34821036, 0.34886712, 0.34940672, 0.34931993, 0.34929869, 0.34929603, 0.12505871
0.11239190, 0.39116731, 0.11736193, 0.80934167E-1, 0.60972869, 3.0754199, 9.7388372, 9.8219452, 9.8852024, 19.876453, 19.862740, 19.859583, 19.859205, 0.25080934, 0.25609729, 0.28075421, 0.34738839, 0.34821945, 0.34885204, 0.34938228, 0.34931371, 0.34929791, 0.34929603, 0.11736193
0.10911213, 0.35156059, 0.10547873, 0.72151423E-2, 0.49704909, 2.7932496, 9.5571489, 9.8008852, 9.8752842, 19.871870, 19.861645, 19.859442, 19.859180, 0.25007215, 0.25497016, 0.27793154, 0.34557083, 0.34800851, 0.34875274, 0.34935933, 0.34930822, 0.34929723, 0.34929591, 0.10547873
0.10679206, 0.32354331, 0.97072698E-1, 0.0000000, 0.37946403, 2.5504379, 9.2819643, 9.7826395, 9.8659649, 19.867937, 19.860735, 19.859354, 19.859163, 0.24999700, 0.25379235, 0.27549666, 0.34281403, 0.34782344, 0.34865865, 0.34933969, 0.34930366, 0.34929678, 0.34929582, 0.97072698E-1
0.10480822, 0.29958621, 0.89884855E-1, 0.0000000, 0.28839111, 2.3139687, 8.9826679, 9.7699242, 9.8591585, 19.865194, 19.860165, 19.859301, 19.859144, 0.24999700, 0.25288305, 0.27313620, 0.33982396, 0.34769776, 0.34859109, 0.34932595, 0.34930083, 0.34929651, 0.34929574, 0.89884855E-1
0.10391092, 0.28875035, 0.86633772E-1, 0.0000000, 0.25255084, 2.2061050, 8.7844105, 9.7942982, 9.8668251, 19.863470, 19.859856, 19.859276, 19.859144, 0.24999700, 0.25252438, 0.27205607, 0.33784014, 0.34794077, 0.34866750, 0.34931734, 0.34929928, 0.34929639, 0.34929574, 0.86633772E-1
0.15663570, 0.92545927, 0.27766556, 2.5549650, 2.3834677, 2.1798282, 8.6785259, 9.8291340, 9.8791075, 19.862387, 19.859701, 19.859276, 19.859144, 0.27554923, 0.27383444, 0.27179816, 0.33678517, 0.34829128, 0.34879103, 0.34931195, 0.34929851, 0.34929639, 0.34929574, 0.27766556
0.16001248, 0.96623760, 0.28990027, 2.2983432, 2.1550031, 4.1365137, 9.5196419, 9.8548517, 9.8881235, 19.861580, 19.859585, 19.859276, 19.859144, 0.27298343, 0.27155003, 0.29136515, 0.34519643, 0.34854853, 0.34888124, 0.34930789, 0.34929794, 0.34929639, 0.34929574, 0.28990027
0.15515295, 0.90755343, 0.27229327, 2.1148264, 2.0516367, 3.7394977, 9.7289867, 9.8531475, 9.8873844, 19.860762, 19.859491, 19.859259, 19.859144, 0.27114826, 0.27051637, 0.28739497, 0.34728986, 0.34853148, 0.34887385, 0.34930381, 0.34929746, 0.34929630, 0.34929574, 0.27229327
0.14768976, 0.81742746, 0.24525276, 1.7854810, 1.8605590, 3.4161754, 9.7482910, 9.8363485, 9.8809633, 19.859585, 19.859253, 19.859196, 19.859121, 0.26785219, 0.26860395, 0.28416026, 0.34748206, 0.34836304, 0.34880948, 0.34929794, 0.34929627, 0.34929597, 0.34929562, 0.24525276
0.14372578, 0.76955789, 0.23089047, 1.6238958, 1.7608434, 3.1918736, 9.7731428, 9.8405962, 9.8822889, 19.859270, 19.859177, 19.859171, 19.859121, 0.26623529, 0.26760605, 0.28191659, 0.34773010, 0.34840530, 0.34882268, 0.34929636, 0.34929588, 0.34929585, 0.34929562, 0.23089047
0.14736921, 0.81355637, 0.24409132, 2.0258486, 1.6335130, 2.9955864, 9.7277212, 9.8356829, 9.8804865, 19.858929, 19.859089, 19.859146, 19.859121, 0.27025610, 0.26633397, 0.27995479, 0.34727654, 0.34835649, 0.34880474, 0.34929463, 0.34929544, 0.34929574, 0.34929562, 0.24409132
0.13937801, 0.71705401, 0.21513772, 1.6287565, 1.4331430, 2.8289855, 9.5476665, 9.8189754, 9.8738422, 19.857784, 19.858768, 19.859066, 19.859104, 0.26628256, 0.26432878, 0.27828723, 0.34547490, 0.34818888, 0.34873813, 0.34928891, 0.34929383, 0.34929532, 0.34929553, 0.21513772
0.13155365, 0.62256640, 0.18678860, 1.2521803, 1.2292027, 2.6471913, 9.3390017, 9.8043423, 9.8679514, 19.856894, 19.858511, 19.858992, 19.859081, 0.26251397, 0.26228741, 0.27646694, 0.34338650, 0.34804156, 0.34867889, 0.34928447, 0.34929255, 0.34929496, 0.34929541, 0.18678860
0.12548858, 0.54932404, 0.16481370, 0.97231269, 1.0641038, 2.4851322, 9.1295071, 9.7988052, 9.8656044, 19.856604, 19.858421, 19.858934, 19.859064, 0.25972053, 0.26063934, 0.27484936, 0.34129360, 0.34798729, 0.34865579, 0.34928301, 0.34929210, 0.34929466, 0.34929532, 0.16481370
0.20438936, 1.0000000, 0.45068607, 2.3311586, 5.1516981, 8.7943735, 9.3428841, 9.8186827, 9.8726654, 19.856775, 19.858461, 19.858904, 19.859064, 0.27330866, 0.30151311, 0.33794042, 0.34342813, 0.34818646, 0.34872654, 0.34928387, 0.34929231, 0.34929451, 0.34929532, 0.45068607
0.26478887, 1.0000000, 0.66952479, 4.3838124, 8.6470537, 9.4804649, 9.6813574, 9.8229218, 9.8742027, 19.856609, 19.858416, 19.858862, 19.859045, 0.29383811, 0.33647054, 0.34480464, 0.34681356, 0.34822923, 0.34874204, 0.34928304, 0.34929207, 0.34929430, 0.34929523, 0.66952479
0.24786685, 1.0000000, 0.60821325, 2.9143600, 8.9818668, 9.6074648, 9.7554865, 9.8356428, 9.8790474, 19.857010, 19.858521, 19.858850, 19.859045, 0.27914095, 0.33981374, 0.34607202, 0.34755433, 0.34835616, 0.34879038, 0.34928507, 0.34929261, 0.34929425, 0.34929523, 0.60821325
0.27626443, 1.0000000, 0.71110302, 4.8874669, 9.0815926, 9.6789799, 9.7935448, 9.8496056, 9.8842039, 19.857435, 19.858566, 19.858850, 19.859045, 0.29887468, 0.34081593, 0.34678981, 0.34793544, 0.34849605, 0.34884202, 0.34928718, 0.34929281, 0.34929425, 0.34929523, 0.71110302
0.25529581, 1.0000000, 0.63512969, 3.1884654, 9.4123096, 9.6199694, 9.7826138, 9.8423281, 9.8817263, 19.857386, 19.858521, 19.858828, 19.859039, 0.28188342, 0.34412086, 0.34619856, 0.34782588, 0.34842315, 0.34881723, 0.34928691, 0.34929261, 0.34929413, 0.34929520, 0.63512969
0.24421009, 1.0000000, 0.59496409, 2.7449429, 8.8042755, 9.6363764, 9.7872963, 9.8440714, 9.8825293, 19.857571, 19.858566, 19.858828, 19.859034, 0.27744731, 0.33803868, 0.34636152, 0.34787253, 0.34844047, 0.34882519, 0.34928787, 0.34929281, 0.34929413, 0.34929517, 0.59496409
0.23717867, 1.0000000, 0.56948787, 2.5851846, 8.2044353, 9.6682768, 9.7994804, 9.8503599, 9.8848381, 19.857794, 19.858566, 19.858828, 19.859034, 0.27584824, 0.33203748, 0.34667870, 0.34799397, 0.34850317, 0.34884822, 0.34928897, 0.34929281, 0.34929413, 0.34929517, 0.56948787
0.22675222, 1.0000000, 0.53171092, 2.3280354, 7.3942966, 9.6272488, 9.7883120, 9.8446903, 9.8829498, 19.857822, 19.858566, 19.858828, 19.859028, 0.27328020, 0.32394266, 0.34627229, 0.34788308, 0.34844688, 0.34882951, 0.34928912, 0.34929281, 0.34929413, 0.34929514, 0.53171092
0.21685585, 1.0000000, 0.49585456, 2.0994873, 6.5866604, 9.6161051, 9.7824097, 9.8415098, 9.8819818, 19.857977, 19.858566, 19.858828, 19.859028, 0.27099395, 0.31586489, 0.34615982, 0.34782383, 0.34841499, 0.34881979, 0.34928989, 0.34929281, 0.34929413, 0.34929514, 0.49585456
0.20663665, 1.0000000, 0.45882845, 1.8740207, 5.7341027, 9.6058884, 9.7754574, 9.8376722, 9.8808355, 19.858124, 19.858566, 19.858828, 19.859028, 0.26873964, 0.30734000, 0.34605798, 0.34775439, 0.34837663, 0.34880832, 0.34929061, 0.34929281, 0.34929413, 0.34929514, 0.45882845
0.19790690, 1.0000000, 0.42719889, 1.6824186, 4.9940605, 9.6162205, 9.7764082, 9.8379889, 9.8808718, 19.858040, 19.858566, 19.858828, 19.859022, 0.26682311, 0.29993874, 0.34616038, 0.34776372, 0.34837970, 0.34880865, 0.34929019, 0.34929281, 0.34929413, 0.34929511, 0.42719889
0.18917610, 1.0000000, 0.39556557, 1.4976650, 4.2598252, 9.5926161, 9.7704859, 9.8349190, 9.8798866, 19.858093, 19.858566, 19.858828, 19.859022, 0.26497623, 0.29259753, 0.34592536, 0.34770471, 0.34834909, 0.34879884, 0.34929046, 0.34929281, 0.34929413, 0.34929511, 0.39556557
0.18546252, 1.0000000, 0.38211057, 1.4371127, 3.8616986, 9.6887197, 9.8002605, 9.8504448, 9.8851357, 19.858112, 19.858566, 19.858828, 19.859022, 0.26436761, 0.28861129, 0.34688008, 0.34800118, 0.34850374, 0.34885111, 0.34929055, 0.34929281, 0.34929413, 0.34929511, 0.38211057
0.18144098, 1.0000000, 0.36753976, 1.3455898, 3.5193985, 9.7025900, 9.8111362, 9.8565149, 9.8869295, 19.857882, 19.858545, 19.858828, 19.859022, 0.26345420, 0.28519133, 0.34702224, 0.34811062, 0.34856477, 0.34886917, 0.34928942, 0.34929273, 0.34929413, 0.34929511, 0.36753976
0.17905460, 1.0000000, 0.35889348, 1.2904316, 3.2955296, 9.7517414, 9.8293533, 9.8661079, 9.8898907, 19.857693, 19.858540, 19.858828, 19.859022, 0.26290414, 0.28295502, 0.34751704, 0.34829345, 0.34866104, 0.34889892, 0.34928846, 0.34929270, 0.34929413, 0.34929511, 0.35889348
0.17551075, 1.0000000, 0.34605342, 1.1949182, 3.0355201, 9.7345276, 9.8293800, 9.8662663, 9.8895597, 19.857386, 19.858484, 19.858828, 19.859016, 0.26194856, 0.28035426, 0.34734374, 0.34829351, 0.34866253, 0.34889555, 0.34928691, 0.34929243, 0.34929413, 0.34929508, 0.34605342
0.17111319, 1.0000000, 0.33012030, 1.0531664, 2.8551607, 9.5102301, 9.8162060, 9.8593903, 9.8868189, 19.856878, 19.858377, 19.858805, 19.859005, 0.26052973, 0.27854845, 0.34509704, 0.34816095, 0.34859335, 0.34886801, 0.34928438, 0.34929189, 0.34929401, 0.34929502, 0.33012030
0.16834505, 1.0000000, 0.32009074, 0.95337629, 2.7728796, 9.3370981, 9.8229561, 9.8625660, 9.8876085, 19.856491, 19.858288, 19.858805, 19.858997, 0.25953192, 0.27772558, 0.34336555, 0.34822842, 0.34862509, 0.34887591, 0.34928244, 0.34929144, 0.34929401, 0.34929499, 0.32009074
0.16434574, 1.0000000, 0.30560052, 0.81734657, 2.6420326, 9.0879812, 9.8136635, 9.8575630, 9.8855925, 19.856031, 19.858183, 19.858768, 19.858986, 0.25817236, 0.27641821, 0.34087613, 0.34813583, 0.34857523, 0.34885579, 0.34928015, 0.34929091, 0.34929383, 0.34929493, 0.30560052
0.16099912, 0.97815233, 0.29347506, 0.71579218, 2.5292218, 8.8450804, 9.8106661, 9.8558350, 9.8850613, 19.855997, 19.858177, 19.858757, 19.858980, 0.25715643, 0.27528906, 0.33844528, 0.34810543, 0.34855774, 0.34885040, 0.34928000, 0.34929088, 0.34929377, 0.34929490, 0.29347506
0.15600447, 0.91783661, 0.27537853, 0.58108568, 2.3448527, 8.4627228, 9.7863665, 9.8430586, 9.8807659, 19.855898, 19.858166, 19.858757, 19.858963, 0.25580949, 0.27344522, 0.33462125, 0.34786230, 0.34842989, 0.34880742, 0.34927949, 0.34929082, 0.34929377, 0.34929481, 0.27537853
0.15204307, 0.86999846, 0.26102564, 0.48404038, 2.2001953, 8.1193514, 9.7816343, 9.8402271, 9.8799992, 19.856020, 19.858183, 19.858757, 19.858955, 0.25483957, 0.27199966, 0.33118927, 0.34781533, 0.34840176, 0.34879982, 0.34928009, 0.34929091, 0.34929377, 0.34929478, 0.26102564
0.14611551, 0.79841661, 0.23954894, 0.32362342, 1.9852936, 7.6588898, 9.7576199, 9.8271141, 9.8750954, 19.855453, 19.858036, 19.858690, 19.858940, 0.25323531, 0.26984951, 0.32658228, 0.34757450, 0.34827027, 0.34875065, 0.34927726, 0.34929019, 0.34929344, 0.34929469, 0.23954894
0.14020416, 0.72703058, 0.21813099, 0.19145012, 1.7615259, 7.1257944, 9.7355604, 9.8145075, 9.8705530, 19.855211, 19.858011, 19.858662, 19.858923, 0.25191355, 0.26760995, 0.32124719, 0.34735265, 0.34814358, 0.34870502, 0.34927607, 0.34929007, 0.34929329, 0.34929460, 0.21813099
0.13673522, 0.68513930, 0.20556235, 0.13337433, 1.6330957, 6.7330718, 9.7507162, 9.8219051, 9.8733664, 19.855608, 19.858070, 19.858662, 19.858923, 0.25133342, 0.26632851, 0.31732571, 0.34750572, 0.34821829, 0.34873343, 0.34927803, 0.34929034, 0.34929329, 0.34929460, 0.20556235
0.13417354, 0.65420449, 0.19628097, 0.11204481, 1.5315413, 6.3847642, 9.7608624, 9.8277206, 9.8759270, 19.856237, 19.858181, 19.858662, 19.858923, 0.25112042, 0.26531526, 0.31384730, 0.34760854, 0.34827715, 0.34875923, 0.34928119, 0.34929091, 0.34929329, 0.34929460, 0.19628097
0.13053721, 0.61029172, 0.18310583, 0.74580312E-1, 1.3820291, 5.9351797, 9.7423172, 9.8182955, 9.8729677, 19.856562, 19.858248, 19.858662, 19.858923, 0.25074577, 0.26381990, 0.30935097, 0.34742290, 0.34818280, 0.34872961, 0.34928280, 0.34929124, 0.34929329, 0.34929460, 0.18310583
0.12642682, 0.56065416, 0.16821307, 0.35077333E-1, 1.2153745, 5.4130669, 9.7206860, 9.8062315, 9.8687878, 19.856760, 19.858271, 19.858662, 19.858923, 0.25035074, 0.26215318, 0.30412945, 0.34720641, 0.34806210, 0.34868780, 0.34928381, 0.34929135, 0.34929329, 0.34929460, 0.16821307
0.12437829, 0.53591615, 0.16079094, 0.18930435E-1, 1.1459261, 5.1035295, 9.7519474, 9.8226414, 9.8746014, 19.857056, 19.858292, 19.858662, 19.858923, 0.25018924, 0.26145729, 0.30103090, 0.34751779, 0.34822559, 0.34874573, 0.34928527, 0.34929144, 0.34929329, 0.34929460, 0.16079094
0.12345915, 0.52481645, 0.15746069, 0.90330839E-2, 1.1254042, 4.9444046, 9.7938766, 9.8455257, 9.8827200, 19.857321, 19.858292, 19.858662, 19.858923, 0.25009030, 0.26125249, 0.29944062, 0.34793743, 0.34845456, 0.34882694, 0.34928662, 0.34929144, 0.34929329, 0.34929460, 0.15746069
0.12218808, 0.50946683, 0.15285534, 0.0000000, 1.0804057, 4.7554440, 9.8006191, 9.8501854, 9.8845396, 19.857479, 19.858292, 19.858662, 19.858923, 0.24999914, 0.26080287, 0.29755181, 0.34800512, 0.34850132, 0.34884521, 0.34928739, 0.34929144, 0.34929329, 0.34929460, 0.15285534
0.11990836, 0.48193684, 0.14459552, 0.0000000, 0.97483695, 4.4247060, 9.7653217, 9.8321743, 9.8784666, 19.857449, 19.858276, 19.858662, 19.858923, 0.24999914, 0.25974783, 0.29424584, 0.34765267, 0.34832147, 0.34878457, 0.34928724, 0.34929138, 0.34929329, 0.34929460, 0.14459552
0.11780146, 0.45649374, 0.13696182, 0.0000000, 0.87971389, 4.1097775, 9.7552643, 9.8263140, 9.8762093, 19.857159, 19.858217, 19.858662, 19.858923, 0.24999914, 0.25879431, 0.29109114, 0.34754950, 0.34826156, 0.34876156, 0.34928578, 0.34929109, 0.34929329, 0.34929460, 0.13696182
0.11575569, 0.43178889, 0.12954962, 0.0000000, 0.78583956, 3.8043206, 9.7526188, 9.8243294, 9.8751135, 19.856716, 19.858130, 19.858662, 19.858923, 0.24999914, 0.25785527, 0.28803560, 0.34752229, 0.34824133, 0.34875047, 0.34928358, 0.34929064, 0.34929329, 0.34929460, 0.12954962
0.11396816, 0.41020241, 0.12307303, 0.0000000, 0.69715977, 3.5470011, 9.7633295, 9.8295517, 9.8762827, 19.855963, 19.857988, 19.858662, 19.858923, 0.24999914, 0.25696898, 0.28546336, 0.34762964, 0.34829366, 0.34876218, 0.34927982, 0.34928995, 0.34929329, 0.34929460, 0.12307303
0.11224443, 0.38938650, 0.11682764, 0.0000000, 0.60650110, 3.3101301, 9.7699566, 9.8329172, 9.8768387, 19.855228, 19.857822, 19.858614, 19.858923, 0.24999914, 0.25606281, 0.28309527, 0.34769604, 0.34832740, 0.34876779, 0.34927613, 0.34928912, 0.34929305, 0.34929460, 0.11682764
0.11108495, 0.37538454, 0.11262663, 0.0000000, 0.54759681, 3.1409967, 9.7928829, 9.8449326, 9.8807726, 19.854963, 19.857782, 19.858614, 19.858923, 0.24999914, 0.25547564, 0.28140900, 0.34792823, 0.34844902, 0.34880763, 0.34927481, 0.34928891, 0.34929305, 0.34929460, 0.11262663
0.10959093, 0.35734263, 0.10721351, 0.0000000, 0.47612190, 2.9454799, 9.6956301, 9.8300228, 9.8760071, 19.855198, 19.857878, 19.858614, 19.858923, 0.24999914, 0.25475857, 0.27944663, 0.34695092, 0.34829748, 0.34875914, 0.34927601, 0.34928939, 0.34929305, 0.34929460, 0.10721351
0.10915736, 0.35210684, 0.10564262, 0.0000000, 0.45360327, 2.9011488, 9.6037378, 9.8436632, 9.8811312, 19.855812, 19.858051, 19.858614, 19.858923, 0.24999914, 0.25453603, 0.27901149, 0.34603739, 0.34843662, 0.34881133, 0.34927905, 0.34929025, 0.34929305, 0.34929460, 0.10564262
0.10772592, 0.33482063, 0.10045624, 0.0000000, 0.37916899, 2.7414112, 9.4300575, 9.8219662, 9.8737259, 19.855806, 19.858040, 19.858578, 19.858923, 0.24999914, 0.25379169, 0.27741411, 0.34430057, 0.34821966, 0.34873727, 0.34927905, 0.34929019, 0.34929287, 0.34929460, 0.10045624
0.10601463, 0.31415495, 0.94255917E-1, 0.0000000, 0.29776990, 2.5393248, 9.2017984, 9.7971621, 9.8649073, 19.855745, 19.858011, 19.858566, 19.858923, 0.24999914, 0.25297764, 0.27539298, 0.34201780, 0.34797153, 0.34864905, 0.34927872, 0.34929007, 0.34929281, 0.34929460, 0.94255917E-1
0.10481842, 0.29970941, 0.89921817E-1, 0.0000000, 0.24223328, 2.4008660, 9.0036259, 9.8000116, 9.8656273, 19.855822, 19.858011, 19.858566, 19.858923, 0.24999914, 0.25242218, 0.27400786, 0.34003568, 0.34799978, 0.34865615, 0.34927911, 0.34929007, 0.34929281, 0.34929460, 0.89921817E-1
0.10398951, 0.28969941, 0.86918510E-1, 0.0000000, 0.21084845, 2.2967963, 8.8338461, 9.8077717, 9.8686323, 19.856230, 19.858099, 19.858566, 19.858923, 0.24999914, 0.25210798, 0.27296525, 0.33833638, 0.34807655, 0.34868595, 0.34928113, 0.34929049, 0.34929281, 0.34929460, 0.86918510E-1
0.11110480, 0.37562430, 0.11269856, 0.54622889, 0.19368231, 2.2501707, 8.7201977, 9.8285275, 9.8761845, 19.856556, 19.858181, 19.858566, 19.858923, 0.25546008, 0.25193635, 0.27249897, 0.33719987, 0.34828407, 0.34876147, 0.34928277, 0.34929091, 0.34929281, 0.34929460, 0.11269856
0.10749406, 0.33202070, 0.99616177E-1, 0.37765503, 0.13549924, 2.0979404, 8.5233450, 9.8061008, 9.8682842, 19.856216, 19.858088, 19.858566, 19.858923, 0.25377494, 0.25135463, 0.27097672, 0.33523127, 0.34805977, 0.34868243, 0.34928107, 0.34929043, 0.34929281, 0.34929460, 0.99616177E-1
0.10600616, 0.31405261, 0.94225205E-1, 0.31537712, 0.11680126, 2.0142050, 8.3680077, 9.8142776, 9.8713245, 19.856571, 19.858175, 19.858566, 19.858923, 0.25315139, 0.25116748, 0.27013749, 0.33367631, 0.34814057, 0.34871250, 0.34928286, 0.34929088, 0.34929281, 0.34929460, 0.94225205E-1
0.10341213, 0.28272691, 0.84826559E-1, 0.20590127, 0.77217817E-1, 1.8737406, 8.1607637, 9.7977800, 9.8654394, 19.856464, 19.858147, 19.858566, 19.858923, 0.25205874, 0.25077212, 0.26873669, 0.33160701, 0.34797746, 0.34865427, 0.34928232, 0.34929073, 0.34929281, 0.34929460, 0.84826559E-1
0.10109051, 0.25469086, 0.76414898E-1, 0.10873377, 0.36060810E-1, 1.7582268, 7.9651480, 9.7968035, 9.8646650, 19.856230, 19.858076, 19.858566, 19.858923, 0.25108734, 0.25036061, 0.26758227, 0.32965147, 0.34796804, 0.34864664, 0.34928113, 0.34929037, 0.34929281, 0.34929460, 0.76414898E-1
0.98657385E-1, 0.22530815, 0.67599207E-1, 0.0000000, 0.0000000, 1.6439855, 7.7737384, 9.7972584, 9.8640490, 19.855345, 19.857845, 19.858545, 19.858923, 0.24998853, 0.24999884, 0.26643470, 0.32773250, 0.34796950, 0.34863946, 0.34927672, 0.34928924, 0.34929273, 0.34929460, 0.67599207E-1
0.97860672E-1, 0.21568701, 0.64712577E-1, 0.0000000, 0.0000000, 1.5001118, 7.5401835, 9.7825251, 9.8582592, 19.854685, 19.857716, 19.858540, 19.858923, 0.24998853, 0.24999884, 0.26499453, 0.32539523, 0.34782097, 0.34858117, 0.34927341, 0.34928858, 0.34929270, 0.34929460, 0.64712577E-1
0.97424984E-1, 0.21042559, 0.63133992E-1, 0.0000000, 0.0000000, 1.4277011, 7.3653107, 9.7987566, 9.8642845, 19.855162, 19.857859, 19.858566, 19.858923, 0.24998853, 0.24999884, 0.26427299, 0.32364896, 0.34798482, 0.34864193, 0.34927580, 0.34928930, 0.34929281, 0.34929460, 0.63133992E-1
0.96526235E-1, 0.19957229, 0.59877679E-1, 0.0000000, 0.0000000, 1.2692630, 7.0910897, 9.7658424, 9.8523426, 19.854910, 19.857822, 19.858566, 19.858923, 0.24998853, 0.24999884, 0.26268780, 0.32090551, 0.34765470, 0.34852219, 0.34927455, 0.34928912, 0.34929281, 0.34929460, 0.59877679E-1
0.96035853E-1, 0.19365035, 0.58100916E-1, 0.0000000, 0.0000000, 1.1897713, 6.8854222, 9.7812643, 9.8577967, 19.855335, 19.857952, 19.858566, 19.858923, 0.24998853, 0.24999884, 0.26189634, 0.31885263, 0.34781152, 0.34857759, 0.34927666, 0.34928977, 0.34929281, 0.34929460, 0.58100916E-1
0.11863491, 0.46655846, 0.13998154, 1.6705066, 0.0000000, 1.1130363, 6.7144356, 9.7979279, 9.8631430, 19.854496, 19.857727, 19.858534, 19.858923, 0.26670301, 0.24999884, 0.26112995, 0.31714386, 0.34797892, 0.34863132, 0.34927249, 0.34928864, 0.34929267, 0.34929460, 0.13998154
0.11275391, 0.39553908, 0.11867359, 1.2834162, 0.0000000, 1.0224700, 6.5303788, 9.7955103, 9.8621254, 19.853830, 19.857527, 19.858526, 19.858923, 0.26282510, 0.24999884, 0.26022252, 0.31530103, 0.34795302, 0.34862056, 0.34926915, 0.34928763, 0.34929264, 0.34929460, 0.11867359
0.11050387, 0.36836731, 0.11052125, 1.1381537, 0.0000000, 0.98558366, 6.4077482, 9.8185215, 9.8706818, 19.854179, 19.857634, 19.858566, 19.858923, 0.26137131, 0.24999884, 0.25985318, 0.31407404, 0.34818256, 0.34870592, 0.34927088, 0.34928817, 0.34929281, 0.34929460, 0.11052125
0.10652988, 0.32037711, 0.96122749E-1, 0.88033974, 0.0000000, 0.91515779, 6.2525997, 9.8107729, 9.8681650, 19.854036, 19.857590, 19.858566, 19.858923, 0.25879815, 0.24999884, 0.25914994, 0.31252375, 0.34810597, 0.34868106, 0.34927016, 0.34928796, 0.34929281, 0.34929460, 0.96122749E-1
0.10214607, 0.26743785, 0.80239378E-1, 0.60136914, 0.0000000, 0.82701147, 6.0558867, 9.7907734, 9.8610401, 19.853872, 19.857538, 19.858551, 19.858923, 0.25601053, 0.24999884, 0.25826880, 0.31055695, 0.34790617, 0.34860989, 0.34926936, 0.34928769, 0.34929276, 0.34929460, 0.80239378E-1
0.99272154E-1, 0.23273221, 0.69826648E-1, 0.42362511, 0.0000000, 0.76110959, 5.8721118, 9.7903194, 9.8608313, 19.854061, 19.857590, 19.858566, 19.858923, 0.25423568, 0.24999884, 0.25761080, 0.30872065, 0.34790280, 0.34860820, 0.34927031, 0.34928796, 0.34929281, 0.34929460, 0.69826648E-1
0.96043840E-1, 0.19374676, 0.58129843E-1, 0.23289621, 0.0000000, 0.66961050, 5.6267056, 9.7633238, 9.8510046, 19.854177, 19.857607, 19.858566, 19.858923, 0.25232756, 0.24999884, 0.25669488, 0.30626503, 0.34763148, 0.34850946, 0.34927088, 0.34928805, 0.34929281, 0.34929460, 0.58129843E-1
0.94572335E-1, 0.17597678, 0.52798316E-1, 0.15254021, 0.0000000, 0.61966479, 5.4278383, 9.7766256, 9.8557634, 19.854767, 19.857748, 19.858566, 19.858923, 0.25152540, 0.24999884, 0.25619665, 0.30427837, 0.34776625, 0.34855765, 0.34927383, 0.34928873, 0.34929281, 0.34929460, 0.52798316E-1
0.93106695E-1, 0.15827757, 0.47488023E-1, 0.68131089E-1, 0.0000000, 0.57743490, 5.2653360, 9.7951202, 9.8625031, 19.854910, 19.857811, 19.858566, 19.858923, 0.25068131, 0.24999884, 0.25577435, 0.30265337, 0.34795120, 0.34862503, 0.34927455, 0.34928906, 0.34929281, 0.34929460, 0.47488023E-1
0.19593592, 1.0000000, 0.42005765, 2.8068900, 3.4770725, 8.4837542, 9.4907513, 9.8239660, 9.8727846, 19.854786, 19.857788, 19.858566, 19.858923, 0.27806890, 0.28477073, 0.33483756, 0.34490752, 0.34823966, 0.34872785, 0.34927392, 0.34928894, 0.34929281, 0.34929460, 0.42005765
0.18342981, 1.0000000, 0.37474570, 2.3812623, 2.6944518, 8.4073105, 9.6979818, 9.8225641, 9.8713531, 19.853167, 19.857380, 19.858461, 19.858887, 0.27380985, 0.27694264, 0.33407018, 0.34697914, 0.34822533, 0.34871340, 0.34926584, 0.34928691, 0.34929231, 0.34929442, 0.37474570
0.17233542, 1.0000000, 0.33454862, 1.9012272, 2.4068177, 7.8989301, 9.7246218, 9.8144159, 9.8673973, 19.851467, 19.856939, 19.858374, 19.858828, 0.26900899, 0.27406567, 0.32898521, 0.34724522, 0.34814367, 0.34867379, 0.34925735, 0.34928471, 0.34929186, 0.34929413, 0.33454862
0.16091454, 0.97713095, 0.29316860, 1.4208734, 2.1001935, 7.3580732, 9.7182398, 9.8043404, 9.8629589, 19.850075, 19.856539, 19.858288, 19.858805, 0.26420432, 0.27099803, 0.32357392, 0.34718058, 0.34804249, 0.34862930, 0.34925038, 0.34928268, 0.34929144, 0.34929401, 0.29316860
0.14785984, 0.81948137, 0.24586900, 0.88680983, 1.7381400, 6.7152934, 9.6938972, 9.7882252, 9.8558788, 19.848188, 19.856031, 19.858177, 19.858805, 0.25886506, 0.26737782, 0.31714600, 0.34693697, 0.34788123, 0.34855846, 0.34924096, 0.34928015, 0.34929088, 0.34929401, 0.24586900
0.13544552, 0.66956490, 0.20088956, 0.41621625, 1.3814569, 6.0045819, 9.6720304, 9.7742119, 9.8498077, 19.846836, 19.855671, 19.858084, 19.858805, 0.25416017, 0.26381058, 0.31003717, 0.34671751, 0.34774071, 0.34849760, 0.34923416, 0.34927836, 0.34929043, 0.34929401, 0.20088956
0.12720750, 0.57008183, 0.17104165, 0.14981329, 1.1376202, 5.3879361, 9.6786890, 9.7768784, 9.8510208, 19.847187, 19.855780, 19.858154, 19.858805, 0.25149748, 0.26137325, 0.30387238, 0.34678438, 0.34776750, 0.34850979, 0.34923595, 0.34927890, 0.34929079, 0.34929401, 0.17104165
0.12280177, 0.51687789, 0.15507887, 0.33313036E-1, 1.0094315, 4.9591122, 9.7115669, 9.7953196, 9.8588152, 19.848722, 19.856195, 19.858208, 19.858805, 0.25033304, 0.26009247, 0.29958656, 0.34711388, 0.34795231, 0.34858787, 0.34924361, 0.34928098, 0.34929103, 0.34929401, 0.15507887
0.12310700, 0.52056384, 0.15618478, 0.19978583, 0.92153251, 4.6452308, 9.7426252, 9.8134584, 9.8663950, 19.850145, 19.856539, 19.858288, 19.858805, 0.25199744, 0.25921419, 0.29644945, 0.34742504, 0.34813398, 0.34866375, 0.34925073, 0.34928268, 0.34929144, 0.34929401, 0.15618478
0.19111544, 1.0000000, 0.40259218, 2.9181867, 2.8756177, 8.0902157, 9.7880888, 9.8390675, 9.8764458, 19.851639, 19.856960, 19.858397, 19.858805, 0.27918187, 0.27875617, 0.33090216, 0.34788090, 0.34839067, 0.34876445, 0.34925818, 0.34928480, 0.34929198, 0.34929401, 0.40259218
0.18766773, 1.0000000, 0.39010045, 2.4427505, 2.8742194, 8.8393707, 9.8091421, 9.8516903, 9.8815060, 19.852669, 19.857212, 19.858423, 19.858805, 0.27442750, 0.27874219, 0.33839372, 0.34809142, 0.34851691, 0.34881505, 0.34926334, 0.34928605, 0.34929210, 0.34929401, 0.39010045
0.18614027, 1.0000000, 0.38456616, 2.3870766, 2.8395772, 8.7202435, 9.8281212, 9.8626413, 9.8859444, 19.853796, 19.857515, 19.858423, 19.858805, 0.27387077, 0.27839577, 0.33720243, 0.34828120, 0.34862641, 0.34885943, 0.34926897, 0.34928757, 0.34929210, 0.34929401, 0.38456616
0.18416533, 1.0000000, 0.37741059, 2.3094683, 2.7910173, 8.5967884, 9.8364077, 9.8677073, 9.8880177, 19.854532, 19.857674, 19.858423, 19.858805, 0.27309468, 0.27791017, 0.33596790, 0.34836408, 0.34867707, 0.34888017, 0.34927267, 0.34928837, 0.34929210, 0.34929401, 0.37741059
0.17604885, 1.0000000, 0.34800303, 1.9633800, 2.5682120, 8.2471094, 9.7973356, 9.8478565, 9.8806610, 19.853788, 19.857443, 19.858372, 19.858805, 0.26963133, 0.27568018, 0.33246797, 0.34797260, 0.34847820, 0.34880650, 0.34926894, 0.34928721, 0.34929186, 0.34929401, 0.34800303
0.16824640, 1.0000000, 0.31973332, 1.6389370, 2.3537457, 7.8794036, 9.7752428, 9.8358068, 9.8761415, 19.853041, 19.857243, 19.858372, 19.858805, 0.26638588, 0.27353445, 0.32878900, 0.34775117, 0.34835744, 0.34876120, 0.34926522, 0.34928620, 0.34929186, 0.34929401, 0.31973332
0.16172360, 0.98690122, 0.29609999, 1.3808161, 2.1732359, 7.5261521, 9.7689009, 9.8318548, 9.8747873, 19.852869, 19.857197, 19.858389, 19.858805, 0.26380605, 0.27173036, 0.32525808, 0.34768811, 0.34831810, 0.34874773, 0.34926435, 0.34928599, 0.34929195, 0.34929401, 0.29609999
0.16843238, 1.0000000, 0.32040718, 2.0214021, 2.0546556, 7.2450910, 9.7797832, 9.8373833, 9.8771391, 19.853340, 19.857340, 19.858423, 19.858805, 0.27021250, 0.27054563, 0.32244927, 0.34779739, 0.34837362, 0.34877133, 0.34926671, 0.34928671, 0.34929210, 0.34929401, 0.32040718
0.16622134, 1.0000000, 0.31239614, 2.0191641, 1.9354165, 6.9556122, 9.7814369, 9.8386040, 9.8780460, 19.853907, 19.857475, 19.858423, 19.858805, 0.27019164, 0.26935416, 0.31955612, 0.34781438, 0.34838605, 0.34878045, 0.34926954, 0.34928739, 0.34929210, 0.34929401, 0.31239614
0.31648499, 1.0000000, 0.85682958, 7.7896500, 9.2033396, 9.4757671, 9.7990522, 9.8481884, 9.8817644, 19.854544, 19.857626, 19.858423, 19.858805, 0.32789651, 0.34203339, 0.34475768, 0.34799051, 0.34848189, 0.34881765, 0.34927273, 0.34928814, 0.34929210, 0.34929401, 0.85682958
0.35600001, 1.0000000, 1.0000000, 9.9999990, 9.9999990, 9.9999990, 9.9999990, 9.9999990, 9.9999990, 19.999998, 19.999998, 19.999998, 19.994993, 0.34999999, 0.34999999, 0.34999999, 0.34999999, 0.34999999, 0.34999999, 0.34999999, 0.34999999, 0.34999999, 0.34997496, 1.0000000
0.35600001, 1.0000000, 1.0000000, 9.9999990, 9.9999990, 9.9999990, 9.9999990, 9.9999990, 9.9999990, 19.999998, 19.999998, 19.999998, 19.998999, 0.34999999, 0.34999999, 0.34999999, 0.34999999, 0.34999999, 0.34999999, 0.34999999, 0.34999999, 0.34999999, 0.34999499, 1.0000000
0.35600001, 1.0000000, 1.0000000, 9.9999990, 9.9999990, 9.9999990, 9.9999990, 9.9999990, 9.9999990, 19.999998, 19.999998, 19.999998, 19.998999, 0.34999999, 0.34999999, 0.34999999, 0.34999999, 0.34999999, 0.34999999, 0.34999999, 0.34999999, 0.34999999, 0.34999499, 1.0000000
0.34020817, 1.0000000, 0.94278324, 9.1166267, 9.6652784, 9.8153992, 9.9481230, 9.9734612, 9.9896955, 19.998550, 19.999630, 19.999672, 19.975222, 0.34116128, 0.34664962, 0.34815240, 0.34948090, 0.34973446, 0.34989691, 0.34999275, 0.34999815, 0.34999835, 0.34987611, 0.94278324
0.31197727, 1.0000000, 0.84049737, 7.2655964, 9.4323406, 9.6548977, 9.8663445, 9.9285431, 9.9701328, 19.994583, 19.998598, 19.997841, 19.952789, 0.32264930, 0.34431821, 0.34654632, 0.34866291, 0.34928516, 0.34970126, 0.34997290, 0.34999299, 0.34998921, 0.34976393, 0.84049737
0.28425902, 1.0000000, 0.74006885, 5.3054719, 9.3819504, 9.6073914, 9.8171139, 9.8966446, 9.9547186, 19.991520, 19.997786, 19.993706, 19.932739, 0.30304942, 0.34381390, 0.34607106, 0.34817055, 0.34896615, 0.34954709, 0.34995759, 0.34998894, 0.34996852, 0.34966370, 0.74006885
0.25816935, 1.0000000, 0.64554119, 3.4440882, 9.3498487, 9.5796766, 9.7890530, 9.8755188, 9.9432125, 19.989370, 19.997107, 19.986753, 19.915709, 0.28444034, 0.34349763, 0.34579632, 0.34789044, 0.34875512, 0.34943208, 0.34994686, 0.34998554, 0.34993377, 0.34957856, 0.64554119
0.23347330, 1.0000000, 0.55606264, 2.4005799, 8.1395788, 9.5262938, 9.7512360, 9.8494263, 9.9288998, 19.986425, 19.995892, 19.976933, 19.901764, 0.27400267, 0.33138946, 0.34525922, 0.34751159, 0.34849387, 0.34928888, 0.34993213, 0.34997946, 0.34988466, 0.34950882, 0.55606264
0.21476324, 1.0000000, 0.48827261, 1.8766105, 6.7553587, 9.5236950, 9.7392626, 9.8382196, 9.9206152, 19.983959, 19.994202, 19.964828, 19.890755, 0.26876542, 0.31755209, 0.34523591, 0.34739241, 0.34838209, 0.34920612, 0.34991980, 0.34997100, 0.34982413, 0.34945378, 0.48827261
0.19538519, 1.0000000, 0.41806224, 1.3623804, 5.2921214, 9.4906254, 9.7193079, 9.8240376, 9.9119511, 19.981314, 19.991411, 19.951271, 19.882315, 0.26362187, 0.30291665, 0.34490219, 0.34719223, 0.34823996, 0.34911937, 0.34990656, 0.34995705, 0.34975636, 0.34941158, 0.41806224
0.18225379, 1.0000000, 0.37048474, 1.0726303, 4.1686058, 9.5284386, 9.7324524, 9.8290205, 9.9121704, 19.980125, 19.987446, 19.937328, 19.875978, 0.26072454, 0.29168195, 0.34527972, 0.34732357, 0.34828973, 0.34912154, 0.34990063, 0.34993723, 0.34968665, 0.34937990, 0.37048474
0.16894095, 1.0000000, 0.32224980, 0.78490078, 3.0548823, 9.4997768, 9.7237434, 9.8237944, 9.9094324, 19.978756, 19.981527, 19.923815, 19.871269, 0.25784901, 0.28054881, 0.34499776, 0.34723744, 0.34823793, 0.34909433, 0.34989378, 0.34990764, 0.34961909, 0.34935635, 0.32224980
0.15614665, 0.91955358, 0.27589366, 0.44818819, 2.4972529, 8.6552887, 9.6929541, 9.8053455, 9.9008799, 19.976355, 19.973377, 19.911379, 19.867792, 0.25448188, 0.27497253, 0.33655289, 0.34692955, 0.34805346, 0.34900880, 0.34988177, 0.34986690, 0.34955689, 0.34933895, 0.27589366
0.15090036, 0.85619897, 0.25688538, 0.34573078, 2.2917600, 8.1325350, 9.7298536, 9.8247261, 9.9078770, 19.975210, 19.963787, 19.900562, 19.865299, 0.25345650, 0.27291441, 0.33131969, 0.34729719, 0.34824657, 0.34907854, 0.34987605, 0.34981894, 0.34950280, 0.34932649, 0.25688538
0.14572749, 0.79373080, 0.23814306, 0.24466515, 2.0838857, 7.6310177, 9.7413750, 9.8321104, 9.9112530, 19.973145, 19.952686, 19.891417, 19.863512, 0.25244665, 0.27083886, 0.32631019, 0.34741375, 0.34832111, 0.34911254, 0.34986573, 0.34976342, 0.34945709, 0.34931755, 0.23814306
0.13637853, 0.68083209, 0.20427005, 0.30550361E-1, 1.7109215, 6.8438168, 9.6981983, 9.8082008, 9.9014158, 19.968491, 19.940363, 19.883844, 19.862202, 0.25030550, 0.26710922, 0.31843817, 0.34698197, 0.34808201, 0.34901416, 0.34984246, 0.34970182, 0.34941924, 0.34931099, 0.20427005
0.14516547, 0.78694397, 0.23610680, 0.95111728, 1.5149444, 6.2849927, 9.7166538, 9.8170996, 9.9040937, 19.963898, 19.928282, 19.877867, 19.861273, 0.25951117, 0.26514944, 0.31284994, 0.34716654, 0.34817100, 0.34904093, 0.34981948, 0.34964141, 0.34938934, 0.34930637, 0.23610680
0.14110664, 0.73792905, 0.22140086, 0.82927942, 1.4093012, 5.9157495, 9.7527637, 9.8372316, 9.9116917, 19.958138, 19.916786, 19.873247, 19.860638, 0.25828859, 0.26408875, 0.30914852, 0.34752467, 0.34837082, 0.34911641, 0.34979069, 0.34958392, 0.34936625, 0.34930319, 0.22140086
0.13711581, 0.68973541, 0.20694132, 0.70154369, 1.3011009, 5.5874758, 9.7662878, 9.8462200, 9.9153500, 19.950592, 19.906193, 19.869638, 19.860157, 0.25701487, 0.26301038, 0.30587339, 0.34766239, 0.34846196, 0.34915340, 0.34975296, 0.34953097, 0.34934819, 0.34930080, 0.20694132
0.21599911, 1.0000000, 0.49275041, 2.6592703, 5.7081242, 9.2873297, 9.8194971, 9.8759356, 9.9263515, 19.942291, 19.896965, 19.866930, 19.859844, 0.27659246, 0.30708095, 0.34287307, 0.34819490, 0.34875932, 0.34926352, 0.34971145, 0.34948483, 0.34933466, 0.34929922, 0.49275041
0.23678999, 1.0000000, 0.56807965, 2.7793944, 7.8670259, 9.5948277, 9.8036337, 9.8694611, 9.9231129, 19.931824, 19.888783, 19.864809, 19.859581, 0.27779394, 0.32867026, 0.34594828, 0.34803635, 0.34869462, 0.34923112, 0.34965912, 0.34944391, 0.34932405, 0.34929791, 0.56807965
0.23038636, 1.0000000, 0.54487807, 2.6151061, 7.3222675, 9.6816740, 9.8189774, 9.8777981, 9.9246845, 19.921963, 19.882191, 19.863272, 19.859426, 0.27615052, 0.32322174, 0.34681615, 0.34818965, 0.34877792, 0.34924683, 0.34960982, 0.34941095, 0.34931636, 0.34929714, 0.54487807
0.22759932, 1.0000000, 0.53478014, 2.1261292, 7.7943306, 9.6918821, 9.8267136, 9.8820953, 9.9243507, 19.912540, 19.876930, 19.862165, 19.859346, 0.27126130, 0.32794330, 0.34691882, 0.34826714, 0.34882095, 0.34924352, 0.34956270, 0.34938467, 0.34931082, 0.34929675, 0.53478014
0.23261514, 1.0000000, 0.55295342, 2.6570439, 7.4871917, 9.7432899, 9.8453131, 9.8916187, 9.9252348, 19.903837, 19.872786, 19.861341, 19.859346, 0.27657044, 0.32487193, 0.34743291, 0.34845313, 0.34891617, 0.34925234, 0.34951919, 0.34936392, 0.34930670, 0.34929675, 0.55295342
0.22191268, 1.0000000, 0.51417637, 2.3481460, 6.7639623, 9.6426468, 9.8166800, 9.8759556, 9.9163227, 19.895205, 19.869341, 19.860689, 19.859299, 0.27348050, 0.31763795, 0.34642527, 0.34816656, 0.34875944, 0.34916320, 0.34947604, 0.34934670, 0.34930345, 0.34929651, 0.51417637
0.21102548, 1.0000000, 0.47472998, 1.7111063, 6.5593014, 9.5572538, 9.7708597, 9.8488293, 9.9020271, 19.886482, 19.866381, 19.860163, 19.859222, 0.26711106, 0.31559300, 0.34557253, 0.34770858, 0.34848830, 0.34902027, 0.34943241, 0.34933192, 0.34930080, 0.34929612, 0.47472998
0.20246550, 1.0000000, 0.44371557, 1.5337586, 5.7917118, 9.6186981, 9.7832260, 9.8519630, 9.8997459, 19.880518, 19.864483, 19.859840, 19.859222, 0.26533204, 0.30790457, 0.34617659, 0.34783015, 0.34851855, 0.34899712, 0.34940261, 0.34932241, 0.34929919, 0.34929612, 0.44371557
0.20645894, 1.0000000, 0.45818457, 1.9261777, 5.5477991, 9.7467461, 9.8262949, 9.8729591, 9.9044676, 19.876024, 19.863140, 19.859652, 19.859222, 0.26926178, 0.30547798, 0.34746745, 0.34826297, 0.34872958, 0.34904468, 0.34938014, 0.34931570, 0.34929827, 0.34929612, 0.45818457
0.19676861, 1.0000000, 0.42307466, 1.6723186, 4.8617921, 9.6316719, 9.7983894, 9.8575468, 9.8966360, 19.871771, 19.861959, 19.859489, 19.859217, 0.26672319, 0.29861793, 0.34631673, 0.34798390, 0.34857547, 0.34896636, 0.34935886, 0.34930980, 0.34929746, 0.34929609, 0.42307466
0.20044932, 1.0000000, 0.43641055, 2.6275814, 3.7735038, 9.5266628, 9.7474890, 9.8281946, 9.8832235, 19.867088, 19.860760, 19.859335, 19.859175, 0.27627581, 0.28773504, 0.34526664, 0.34747487, 0.34828195, 0.34883225, 0.34933543, 0.34930378, 0.34929669, 0.34929588, 0.43641055
0.18540938, 1.0000000, 0.38191804, 2.1089940, 2.9790998, 9.2236786, 9.7262859, 9.8136683, 9.8759594, 19.864111, 19.860060, 19.859253, 19.859152, 0.27107984, 0.27978241, 0.34222353, 0.34726006, 0.34813529, 0.34875911, 0.34932056, 0.34930030, 0.34929627, 0.34929577, 0.38191804
0.17607330, 1.0000000, 0.34809163, 1.7661780, 2.7053118, 8.6544323, 9.7317915, 9.8145323, 9.8747759, 19.862116, 19.859612, 19.859188, 19.859127, 0.26765704, 0.27704877, 0.33653739, 0.34731635, 0.34814453, 0.34874749, 0.34931058, 0.34929806, 0.34929594, 0.34929565, 0.34809163
0.17162022, 1.0000000, 0.33195728, 1.6228199, 2.5768371, 8.3035631, 9.7621727, 9.8302288, 9.8798084, 19.861233, 19.859489, 19.859177, 19.859127, 0.26622683, 0.27576706, 0.33303353, 0.34762123, 0.34830207, 0.34879801, 0.34930617, 0.34929746, 0.34929588, 0.34929565, 0.33195728
0.22595666, 1.0000000, 0.52882850, 2.9074163, 6.4095039, 9.4721804, 9.7924099, 9.8466282, 9.8851738, 19.860569, 19.859394, 19.859171, 19.859127, 0.27907416, 0.31409505, 0.34472179, 0.34792411, 0.34846628, 0.34885174, 0.34930283, 0.34929699, 0.34929585, 0.34929565, 0.52882850
0.32684720, 1.0000000, 0.89437395, 8.3376846, 9.4131155, 9.7245722, 9.8277788, 9.8656292, 9.8914480, 19.860245, 19.859394, 19.859171, 19.859127, 0.33337685, 0.34413117, 0.34724572, 0.34827778, 0.34865630, 0.34891447, 0.34930122, 0.34929699, 0.34929585, 0.34929565, 0.89437395
0.33297980, 1.0000000, 0.91659331, 8.6101465, 9.6695127, 9.7801228, 9.8460112, 9.8755770, 9.8945093, 19.859980, 19.859383, 19.859171, 19.859127, 0.33610147, 0.34669513, 0.34780124, 0.34846011, 0.34875578, 0.34894508, 0.34929991, 0.34929693, 0.34929585, 0.34929565, 0.91659331
0.34454608, 1.0000000, 0.95850015, 9.5254335, 9.5730019, 9.7190561, 9.8339596, 9.8697271, 9.8922043, 19.859631, 19.859318, 19.859159, 19.859127, 0.34525433, 0.34573001, 0.34719056, 0.34833959, 0.34869727, 0.34892204, 0.34929815, 0.34929660, 0.34929579, 0.34929565, 0.95850015
0.31522325, 1.0000000, 0.85225809, 7.5401430, 9.4004173, 9.6103430, 9.7904434, 9.8468170, 9.8833904, 19.858173, 19.858923, 19.859066, 19.859104, 0.32540143, 0.34400418, 0.34610343, 0.34790444, 0.34846818, 0.34883392, 0.34929088, 0.34929460, 0.34929532, 0.34929553, 0.85225809
0.28803146, 1.0000000, 0.75373715, 5.5906906, 9.3789387, 9.5889425, 9.7695875, 9.8347778, 9.8787403, 19.857246, 19.858658, 19.858969, 19.859076, 0.30590689, 0.34378940, 0.34588942, 0.34769589, 0.34834778, 0.34878740, 0.34928623, 0.34929329, 0.34929484, 0.34929538, 0.75373715
0.26866585, 1.0000000, 0.68357188, 4.1622720, 9.4111929, 9.6072807, 9.7732038, 9.8359909, 9.8793039, 19.857225, 19.858614, 19.858934, 19.859070, 0.29162273, 0.34411192, 0.34607279, 0.34773204, 0.34835991, 0.34879303, 0.34928614, 0.34929305, 0.34929466, 0.34929535, 0.68357188
0.25045723, 1.0000000, 0.61759865, 2.9749513, 9.1989651, 9.5921593, 9.7697124, 9.8340778, 9.8789082, 19.857393, 19.858566, 19.858923, 19.859070, 0.27974951, 0.34198964, 0.34592158, 0.34769714, 0.34834078, 0.34878910, 0.34928697, 0.34929281, 0.34929460, 0.34929535, 0.61759865
0.25531280, 1.0000000, 0.63519120, 3.1746380, 9.4263296, 9.6405907, 9.7853689, 9.8422947, 9.8818569, 19.857540, 19.858566, 19.858912, 19.859070, 0.28174639, 0.34426329, 0.34640592, 0.34785369, 0.34842294, 0.34881857, 0.34928769, 0.34929281, 0.34929454, 0.34929535, 0.63519120
0.24018703, 1.0000000, 0.58038777, 2.6076703, 8.5688562, 9.5957680, 9.7702665, 9.8344440, 9.8788366, 19.857080, 19.858421, 19.858850, 19.859058, 0.27607670, 0.33568856, 0.34595770, 0.34770268, 0.34834445, 0.34878838, 0.34928539, 0.34929210, 0.34929425, 0.34929529, 0.58038777
0.35600001, 1.0000000, 1.0000000, 9.9999990, 9.9999990, 9.9999990, 9.9999990, 9.9999990, 9.9999990, 19.999998, 19.999998, 19.999998, 19.998999, 0.34999999, 0.34999999, 0.34999999, 0.34999999, 0.34999999, 0.34999999, 0.34999999, 0.34999999, 0.34999999, 0.34999499, 1.0000000
0.35600001, 1.0000000, 1.0000000, 9.9999990, 9.9999990, 9.9999990, 9.9999990, 9.9999990, 9.9999962, 19.999998, 19.999998, 19.999992, 19.997383, 0.34999999, 0.34999999, 0.34999999, 0.34999999, 0.34999999, 0.34999996, 0.34999999, 0.34999999, 0.34999996, 0.34998691, 1.0000000
0.35600001, 1.0000000, 1.0000000, 9.9999990, 9.9999990, 9.9999990, 9.9999990, 9.9999990, 9.9999990, 19.999998, 19.999998, 19.999996, 19.993994, 0.34999999, 0.34999999, 0.34999999, 0.34999999, 0.34999999, 0.34999999, 0.34999999, 0.34999999, 0.34999996, 0.34996998, 1.0000000
0.35600001, 1.0000000, 1.0000000, 9.9999990, 9.9999990, 9.9999990, 9.9999990, 9.9999990, 9.9999990, 19.999998, 19.999998, 19.999998, 19.996996, 0.34999999, 0.34999999, 0.34999999, 0.34999999, 0.34999999, 0.34999999, 0.34999999, 0.34999999, 0.34999999, 0.34998497, 1.0000000
0.35136986, 1.0000000, 0.98322421, 9.7570810, 9.8790455, 9.9370747, 9.9850931, 9.9924793, 9.9972343, 19.999743, 19.999933, 19.999857, 19.980116, 0.34757081, 0.34879047, 0.34937075, 0.34985092, 0.34992480, 0.34997234, 0.34999871, 0.34999967, 0.34999928, 0.34990057, 0.98322421
0.35600001, 1.0000000, 0.99999994, 9.9999990, 9.9999990, 9.9999962, 9.9999962, 9.9999990, 9.9999990, 19.999998, 19.999998, 19.999632, 19.961870, 0.34999999, 0.34999999, 0.34999996, 0.34999996, 0.34999999, 0.34999999, 0.34999999, 0.34999999, 0.34999818, 0.34980935, 0.99999994
0.35600001, 1.0000000, 1.0000000, 9.9999990, 9.9999990, 9.9999990, 9.9999990, 9.9999990, 9.9999990, 19.999998, 19.999998, 19.999998, 19.998999, 0.34999999, 0.34999999, 0.34999999, 0.34999999, 0.34999999, 0.34999999, 0.34999999, 0.34999999, 0.34999999, 0.34999499, 1.0000000
0.35600001, 1.0000000, 1.0000000, 9.9999990, 9.9999990, 9.9999990, 9.9999990, 9.9999990, 9.9999990, 19.999998, 19.999998, 19.999998, 19.998993, 0.34999999, 0.34999999, 0.34999999, 0.34999999, 0.34999999, 0.34999999, 0.34999999, 0.34999999, 0.34999999, 0.34999496, 1.0000000
0.35599995, 1.0000000, 0.99999976, 9.9999962, 9.9999990, 9.9999990, 9.9999990, 9.9999990, 9.9999990, 19.999998, 19.999998, 19.999998, 19.997997, 0.34999996, 0.34999999, 0.34999999, 0.34999999, 0.34999999, 0.34999999, 0.34999999, 0.34999999, 0.34999999, 0.34998998, 0.99999976
0.35600001, 1.0000000, 1.0000000, 9.9999990, 9.9999990, 9.9999990, 9.9999990, 9.9999990, 9.9999990, 19.999998, 19.999998, 19.999998, 19.998999, 0.34999999, 0.34999999, 0.34999999, 0.34999999, 0.34999999, 0.34999999, 0.34999999, 0.34999999, 0.34999999, 0.34999499, 1.0000000
0.35600001, 1.0000000, 1.0000000, 9.9999990, 9.9999990, 9.9999990, 9.9999962, 9.9999990, 9.9999990, 19.999998, 19.999992, 19.999992, 19.997992, 0.34999999, 0.34999999, 0.34999999, 0.34999996, 0.34999999, 0.34999999, 0.34999999, 0.34999996, 0.34999996, 0.34998995, 1.0000000
0.34416908, 1.0000000, 0.95713437, 9.3463230, 9.7371130, 9.8569880, 9.9651737, 9.9823389, 9.9937563, 19.999701, 19.999916, 19.999706, 19.974264, 0.34346107, 0.34736976, 0.34856918, 0.34965160, 0.34982333, 0.34993753, 0.34999850, 0.34999958, 0.34999853, 0.34987134, 0.95713437
0.31282401, 1.0000000, 0.84356523, 7.3325906, 9.4211226, 9.6510773, 9.8807087, 9.9371357, 9.9760218, 19.997715, 19.999409, 19.997921, 19.951929, 0.32332590, 0.34421122, 0.34651077, 0.34880710, 0.34937137, 0.34976023, 0.34998858, 0.34999704, 0.34998959, 0.34975964, 0.84356523
0.28214386, 1.0000000, 0.73240525, 5.1728759, 9.3529510, 9.5926466, 9.8243599, 9.9023933, 9.9606867, 19.996077, 19.998983, 19.993773, 19.932016, 0.30172613, 0.34352669, 0.34592500, 0.34824330, 0.34902379, 0.34960681, 0.34998038, 0.34999493, 0.34996885, 0.34966010, 0.73240525
0.29352623, 1.0000000, 0.77364564, 5.9344778, 9.4371271, 9.6359005, 9.8187017, 9.8938503, 9.9544287, 19.995333, 19.998692, 19.986818, 19.915142, 0.30934423, 0.34437072, 0.34635875, 0.34818697, 0.34893847, 0.34954429, 0.34997666, 0.34999347, 0.34993410, 0.34957570, 0.77364564
0.26543716, 1.0000000, 0.67187369, 4.0112753, 9.3021402, 9.5468407, 9.7703991, 9.8632555, 9.9383307, 19.992319, 19.997513, 19.976879, 19.901312, 0.29010963, 0.34301704, 0.34546617, 0.34770355, 0.34863231, 0.34938321, 0.34996158, 0.34998757, 0.34988439, 0.34950656, 0.67187369
0.23906922, 1.0000000, 0.57633775, 2.7096629, 8.3024368, 9.5279665, 9.7469206, 9.8452206, 9.9269304, 19.989925, 19.995867, 19.964689, 19.890400, 0.27708757, 0.33300775, 0.34527013, 0.34746724, 0.34845123, 0.34926897, 0.34994963, 0.34997934, 0.34982345, 0.34945199, 0.57633775
0.22546807, 1.0000000, 0.52705824, 2.3502021, 7.2378016, 9.5653896, 9.7610044, 9.8498983, 9.9260340, 19.988981, 19.993525, 19.951172, 19.882074, 0.27349499, 0.32236502, 0.34564531, 0.34760830, 0.34849811, 0.34926003, 0.34994489, 0.34996763, 0.34975585, 0.34941036, 0.52705824
0.20122683, 1.0000000, 0.43922767, 1.6911358, 5.4624715, 9.4665518, 9.7132034, 9.8214588, 9.9125423, 19.986628, 19.989260, 19.937138, 19.875778, 0.26690915, 0.30462044, 0.34466183, 0.34713128, 0.34821421, 0.34912530, 0.34993315, 0.34994629, 0.34968570, 0.34937888, 0.43922767
0.18093725, 1.0000000, 0.36571464, 1.2008190, 3.8351195, 9.4578266, 9.6968851, 9.8089819, 9.9048491, 19.984636, 19.983160, 19.923576, 19.871117, 0.26200792, 0.28835067, 0.34457764, 0.34696874, 0.34808975, 0.34904847, 0.34992319, 0.34991580, 0.34961790, 0.34935558, 0.36571464
0.16805173, 1.0000000, 0.31902802, 0.90817809, 2.9245825, 9.1400280, 9.7045193, 9.8114033, 9.9042320, 19.983347, 19.975220, 19.911209, 19.867718, 0.25908169, 0.27924562, 0.34139997, 0.34704512, 0.34811401, 0.34904233, 0.34991673, 0.34987611, 0.34955603, 0.34933859, 0.31902802
0.16185667, 0.98850822, 0.29658213, 0.76418519, 2.6863277, 8.5921764, 9.7358532, 9.8284607, 9.9104805, 19.982237, 19.965523, 19.900415, 19.865257, 0.25764155, 0.27686262, 0.33592072, 0.34735829, 0.34828448, 0.34910479, 0.34991118, 0.34982762, 0.34950209, 0.34932628, 0.29658213
0.15176496, 0.86663985, 0.26001796, 0.51275492, 2.2876649, 7.7973318, 9.7062492, 9.8128567, 9.9045143, 19.979448, 19.954096, 19.891264, 19.863470, 0.25512755, 0.27287665, 0.32797331, 0.34706250, 0.34812856, 0.34904516, 0.34989724, 0.34977049, 0.34945631, 0.34931734, 0.26001796
0.14107135, 0.73750275, 0.22127296, 0.24421513, 1.8762857, 6.9396219, 9.6788864, 9.7962313, 9.8965464, 19.974680, 19.941582, 19.883726, 19.862167, 0.25244215, 0.26876286, 0.31939623, 0.34678885, 0.34796232, 0.34896547, 0.34987339, 0.34970790, 0.34941864, 0.34931085, 0.22127296
0.13518743, 0.66644818, 0.19995445, 0.16233027, 1.6341567, 6.2715554, 9.6949053, 9.8038464, 9.8987789, 19.970131, 19.929365, 19.877811, 19.861261, 0.25162330, 0.26634157, 0.31271556, 0.34694904, 0.34803846, 0.34898779, 0.34985065, 0.34964684, 0.34938905, 0.34930632, 0.19995445
0.35599566, 1.0000000, 0.99998415, 9.9998293, 9.9998951, 9.9999485, 9.9999905, 9.9999933, 9.9999962, 19.999992, 19.999998, 19.999998, 19.994993, 0.34999782, 0.34999868, 0.34999934, 0.34999987, 0.34999993, 0.34999996, 0.34999996, 0.34999999, 0.34999999, 0.34997496, 0.99998415
0.35600001, 1.0000000, 1.0000000, 9.9999990, 9.9999990, 9.9999990, 9.9999990, 9.9999990, 9.9999990, 19.999998, 19.999998, 19.999998, 19.997997, 0.34999999, 0.34999999, 0.34999999, 0.34999999, 0.34999999, 0.34999999, 0.34999999, 0.34999999, 0.34999999, 0.34998998, 1.0000000
0.35578644, 1.0000000, 0.99922627, 9.9897614, 9.9938955, 9.9969368, 9.9993887, 9.9996891, 9.9998922, 19.999998, 19.999998, 19.999989, 19.991005, 0.34989342, 0.34993646, 0.34996811, 0.34999365, 0.34999678, 0.34999889, 0.34999999, 0.34999999, 0.34999993, 0.34995502, 0.99922627
0.33864337, 1.0000000, 0.93711370, 9.0166216, 9.6477623, 9.8037891, 9.9477158, 9.9732780, 9.9901657, 19.999165, 19.999784, 19.999371, 19.967550, 0.34016550, 0.34647715, 0.34803766, 0.34947711, 0.34973276, 0.34990165, 0.34999582, 0.34999892, 0.34999686, 0.34983775, 0.93711370
0.31478673, 1.0000000, 0.85067642, 7.4610219, 9.4390583, 9.6610670, 9.8813076, 9.9370384, 9.9758911, 19.997728, 19.999414, 19.997009, 19.945856, 0.32461023, 0.34439057, 0.34661067, 0.34881309, 0.34937039, 0.34975892, 0.34998864, 0.34999707, 0.34998506, 0.34972927, 0.85067642
0.27866745, 1.0000000, 0.71980959, 4.9603496, 9.3047037, 9.5612803, 9.8097963, 9.8940239, 9.9571524, 19.995684, 19.998875, 19.992033, 19.926781, 0.29960164, 0.34304494, 0.34561172, 0.34809777, 0.34894013, 0.34957150, 0.34997842, 0.34999436, 0.34996015, 0.34963390, 0.71980959
0.24424507, 1.0000000, 0.59509081, 2.9033482, 8.6110229, 9.5067739, 9.7549467, 9.8567371, 9.9380960, 19.993134, 19.998074, 19.984108, 19.910776, 0.27903113, 0.33610606, 0.34506541, 0.34754899, 0.34856713, 0.34938088, 0.34996566, 0.34999037, 0.34992054, 0.34955388, 0.59509081
0.22170919, 1.0000000, 0.51343906, 2.2716432, 6.9522257, 9.4915628, 9.7323675, 9.8378010, 9.9256954, 19.991234, 19.997049, 19.973511, 19.897852, 0.27271643, 0.31952226, 0.34491563, 0.34732369, 0.34837800, 0.34925696, 0.34995615, 0.34998524, 0.34986755, 0.34948927, 0.51343906
0.20102029, 1.0000000, 0.43847927, 1.7254919, 5.3701687, 9.4835472, 9.7177916, 9.8250141, 9.9161978, 19.989315, 19.995272, 19.960848, 19.887753, 0.26725471, 0.30370134, 0.34483513, 0.34717786, 0.34825012, 0.34916198, 0.34994656, 0.34997636, 0.34980422, 0.34943876, 0.43847927
0.18376958, 1.0000000, 0.37597671, 1.3120830, 3.9790547, 9.4802094, 9.7128582, 9.8193531, 9.9109182, 19.987923, 19.992407, 19.947100, 19.880064, 0.26311901, 0.28978723, 0.34479812, 0.34712777, 0.34819311, 0.34910902, 0.34993961, 0.34996203, 0.34973550, 0.34940031, 0.37597671
0.16966905, 1.0000000, 0.32488784, 0.98651350, 2.9419212, 9.2345514, 9.7071056, 9.8145256, 9.9072609, 19.986881, 19.987961, 19.933210, 19.874294, 0.25986442, 0.27941796, 0.34234351, 0.34707063, 0.34814504, 0.34907255, 0.34993440, 0.34993979, 0.34966606, 0.34937146, 0.32488784
0.15648581, 0.92364925, 0.27712250, 0.63304603, 2.4362385, 8.2476149, 9.6805630, 9.7978477, 9.8988581, 19.985134, 19.981359, 19.919918, 19.870047, 0.25632942, 0.27435994, 0.33247203, 0.34680468, 0.34797800, 0.34898841, 0.34992567, 0.34990680, 0.34959960, 0.34935024, 0.27712250
0.14429572, 0.77644074, 0.23295552, 0.34230053, 1.9628614, 7.2239714, 9.6589842, 9.7833624, 9.8910351, 19.982996, 19.972651, 19.907911, 19.866928, 0.25342292, 0.26962829, 0.32223907, 0.34658968, 0.34783354, 0.34891033, 0.34991497, 0.34986326, 0.34953955, 0.34933466, 0.23295552
0.13363178, 0.64766198, 0.19431803, 0.11668801, 1.5498608, 6.2312288, 9.6448088, 9.7732620, 9.8849802, 19.980188, 19.962069, 19.897484, 19.864666, 0.25116655, 0.26549608, 0.31230721, 0.34644651, 0.34773180, 0.34884953, 0.34990093, 0.34981033, 0.34948742, 0.34932333, 0.19431803
0.12780088, 0.57724756, 0.17319159, 0.61962008E-1, 1.3112247, 5.4759216, 9.6656675, 9.7843084, 9.8888807, 19.978029, 19.950552, 19.888889, 19.863060, 0.25061962, 0.26311225, 0.30475920, 0.34665668, 0.34784308, 0.34888881, 0.34989014, 0.34975275, 0.34944445, 0.34931529, 0.17319159
0.12329796, 0.52286994, 0.15687667, 0.36910176E-1, 1.1272758, 4.8365617, 9.6779957, 9.7921629, 9.8925266, 19.974838, 19.938433, 19.881937, 19.861921, 0.25036907, 0.26127216, 0.29836434, 0.34677944, 0.34792137, 0.34892517, 0.34987420, 0.34969217, 0.34940970, 0.34930962, 0.15687667
0.11945884, 0.47650835, 0.14296681, 0.18322468E-1, 0.97498000, 4.2732110, 9.6862736, 9.7977467, 9.8952856, 19.970121, 19.926340, 19.876431, 19.861097, 0.25018322, 0.25974980, 0.29273212, 0.34686273, 0.34797746, 0.34895286, 0.34985059, 0.34963170, 0.34938216, 0.34930548, 0.14296681
0.11596906, 0.43436557, 0.13032271, 0.11274219E-1, 0.83792806, 3.7284391, 9.6870890, 9.7985992, 9.8958311, 19.963823, 19.914896, 19.872128, 19.860497, 0.25011271, 0.25837746, 0.28728032, 0.34686878, 0.34798491, 0.34895796, 0.34981912, 0.34957448, 0.34936064, 0.34930247, 0.13032271
0.35592723, 1.0000000, 0.99973631, 9.9970999, 9.9982586, 9.9991293, 9.9998236, 9.9999132, 9.9999723, 19.999992, 19.999998, 19.999990, 19.992987, 0.34996372, 0.34997824, 0.34998912, 0.34999779, 0.34999892, 0.34999967, 0.34999996, 0.34999999, 0.34999996, 0.34996492, 0.99973631
0.35600001, 1.0000000, 1.0000000, 9.9999990, 9.9999990, 9.9999990, 9.9999990, 9.9999990, 9.9999990, 19.999998, 19.999998, 19.999998, 19.996996, 0.34999999, 0.34999999, 0.34999999, 0.34999999, 0.34999999, 0.34999999, 0.34999999, 0.34999999, 0.34999999, 0.34998497, 1.0000000
0.35600001, 1.0000000, 1.0000000, 9.9999990, 9.9999990, 9.9999990, 9.9999990, 9.9999990, 9.9999990, 19.999998, 19.999998, 19.999998, 19.997997, 0.34999999, 0.34999999, 0.34999999, 0.34999999, 0.34999999, 0.34999999, 0.34999999, 0.34999999, 0.34999999, 0.34998998, 1.0000000
0.35382009, 1.0000000, 0.99210167, 9.8896646, 9.9379959, 9.9685936, 9.9935884, 9.9967852, 9.9989262, 19.999998, 19.999998, 19.999989, 19.991005, 0.34889311, 0.34937781, 0.34968486, 0.34993568, 0.34996772, 0.34998924, 0.34999999, 0.34999999, 0.34999993, 0.34995502, 0.99210167
0.33695096, 1.0000000, 0.93098158, 8.9184418, 9.6164341, 9.7858248, 9.9438343, 9.9713154, 9.9896269, 19.999302, 19.999813, 19.999847, 19.982075, 0.33918384, 0.34616399, 0.34785807, 0.34943831, 0.34971312, 0.34989625, 0.34999651, 0.34999907, 0.34999925, 0.34991038, 0.93098158
0.30785763, 1.0000000, 0.82557106, 6.9751968, 9.4201221, 9.6468096, 9.8731756, 9.9324570, 9.9742575, 19.997805, 19.999420, 19.998692, 19.959152, 0.31975198, 0.34420121, 0.34646809, 0.34873176, 0.34932458, 0.34974259, 0.34998903, 0.34999710, 0.34999347, 0.34979576, 0.82557106
0.34561592, 1.0000000, 0.96237653, 9.7502918, 9.3812428, 9.6075325, 9.8278828, 9.9035616, 9.9614506, 19.996960, 19.999201, 19.995481, 19.938360, 0.34750178, 0.34381178, 0.34607500, 0.34827876, 0.34903559, 0.34961450, 0.34998479, 0.34999600, 0.34997740, 0.34969181, 0.96237653
0.35600001, 1.0000000, 1.0000000, 9.9999990, 9.9999990, 9.9999990, 9.9999990, 9.9999990, 9.9999990, 19.999998, 19.999998, 19.999998, 19.998999, 0.34999999, 0.34999999, 0.34999999, 0.34999999, 0.34999999, 0.34999999, 0.34999999, 0.34999999, 0.34999999, 0.34999499, 1.0000000
0.35382521, 1.0000000, 0.99212027, 9.9923019, 9.8556261, 9.8023138, 9.9485617, 9.9737539, 9.9905605, 19.999403, 19.999844, 19.999895, 19.983057, 0.34992301, 0.34855625, 0.34802315, 0.34948561, 0.34973752, 0.34990561, 0.34999701, 0.34999922, 0.34999949, 0.34991530, 0.99212027
0.33558893, 1.0000000, 0.92604685, 8.9820013, 9.4289751, 9.6380911, 9.8731909, 9.9327202, 9.9745979, 19.998020, 19.999481, 19.998796, 19.960085, 0.33982003, 0.34428975, 0.34638092, 0.34873191, 0.34932721, 0.34974599, 0.34999010, 0.34999740, 0.34999397, 0.34980041, 0.92604685
0.35590535, 1.0000000, 0.99965698, 9.9991589, 9.9993210, 9.9830475, 9.9931393, 9.9965582, 9.9988489, 19.999998, 19.999992, 19.998718, 19.942448, 0.34999159, 0.34999320, 0.34983048, 0.34993139, 0.34996557, 0.34998849, 0.34999999, 0.34999996, 0.34999359, 0.34971225, 0.99965698
0.35600001, 1.0000000, 1.0000000, 9.9999990, 9.9999990, 9.9999990, 9.9999990, 9.9999990, 9.9999990, 19.999998, 19.999998, 19.999998, 19.998999, 0.34999999, 0.34999999, 0.34999999, 0.34999999, 0.34999999, 0.34999999, 0.34999999, 0.34999999, 0.34999999, 0.34999499, 1.0000000
0.35600001, 1.0000000, 1.0000000, 9.9999990, 9.9999990, 9.9999990, 9.9999990, 9.9999990, 9.9999990, 19.999998, 19.999998, 19.999998, 19.997997, 0.34999999, 0.34999999, 0.34999999, 0.34999999, 0.34999999, 0.34999999, 0.34999999, 0.34999999, 0.34999999, 0.34998998, 1.0000000
0.33824998, 1.0000000, 0.93568838, 9.0017004, 9.6296568, 9.7949162, 9.9479609, 9.9734926, 9.9905634, 19.999481, 19.999868, 19.999695, 19.974264, 0.34001571, 0.34629574, 0.34794873, 0.34947953, 0.34973490, 0.34990564, 0.34999740, 0.34999934, 0.34999847, 0.34987134, 0.93568838
0.32453787, 1.0000000, 0.88600683, 8.0900717, 9.5330524, 9.7232809, 9.9129887, 9.9543409, 9.9836292, 19.999468, 19.999868, 19.998035, 19.951960, 0.33090073, 0.34533054, 0.34723282, 0.34912989, 0.34954339, 0.34983629, 0.34999734, 0.34999934, 0.34999019, 0.34975979, 0.88600683
0.30611038, 1.0000000, 0.81924051, 6.8375278, 9.4365807, 9.6532173, 9.8643894, 9.9261827, 9.9717464, 19.998281, 19.999556, 19.993935, 19.932047, 0.31837529, 0.34436581, 0.34653217, 0.34864390, 0.34926182, 0.34971747, 0.34999141, 0.34999779, 0.34996969, 0.34966022, 0.81924051
0.29013723, 1.0000000, 0.76136678, 5.7284789, 9.3836012, 9.6091785, 9.8227892, 9.8994799, 9.9590645, 19.996912, 19.999109, 19.986944, 19.915142, 0.30728477, 0.34383601, 0.34609178, 0.34822789, 0.34899479, 0.34959066, 0.34998456, 0.34999555, 0.34993473, 0.34957570, 0.76136678
0.30376628, 1.0000000, 0.81074739, 6.6966577, 9.4103394, 9.6226234, 9.8167315, 9.8918839, 9.9536228, 19.996649, 19.998669, 19.977198, 19.901344, 0.31696659, 0.34410340, 0.34622625, 0.34816730, 0.34891886, 0.34953624, 0.34998325, 0.34999335, 0.34988600, 0.34950674, 0.81074739
0.27843773, 1.0000000, 0.71897727, 4.8900437, 9.3788452, 9.5993624, 9.8007975, 9.8800993, 9.9465885, 19.996178, 19.997561, 19.965149, 19.890476, 0.29889226, 0.34377906, 0.34598884, 0.34800699, 0.34880048, 0.34946570, 0.34998089, 0.34998780, 0.34982574, 0.34945238, 0.71897727
0.35512584, 1.0000000, 0.99683273, 9.9561682, 9.9742699, 9.9870729, 9.9973927, 9.9986944, 9.9995642, 19.999998, 19.999998, 19.999990, 19.991999, 0.34956169, 0.34974271, 0.34987074, 0.34997392, 0.34998694, 0.34999564, 0.34999999, 0.34999999, 0.34999996, 0.34996000, 0.99683273
0.35571325, 1.0000000, 0.99896103, 9.9903784, 9.9941168, 9.9852238, 9.9585648, 9.9789000, 9.9922743, 19.999367, 19.999838, 19.999910, 19.984043, 0.34990379, 0.34994116, 0.34985223, 0.34958565, 0.34978899, 0.34992275, 0.34999683, 0.34999919, 0.34999955, 0.34992021, 0.99896103
0.35600001, 1.0000000, 1.0000000, 9.9999990, 9.9999990, 9.9999990, 9.9999990, 9.9999962, 9.9999990, 19.999998, 19.999998, 19.999998, 19.996996, 0.34999999, 0.34999999, 0.34999999, 0.34999999, 0.34999996, 0.34999999, 0.34999999, 0.34999999, 0.34999999, 0.34998497, 1.0000000
0.34946227, 1.0000000, 0.97631246, 9.6533051, 9.8342152, 9.9129848, 9.9806767, 9.9902744, 9.9966478, 19.999908, 19.999975, 19.999962, 19.987026, 0.34653306, 0.34834215, 0.34912986, 0.34980676, 0.34990275, 0.34996647, 0.34999955, 0.34999987, 0.34999982, 0.34993511, 0.97631246
0.35555995, 1.0000000, 0.99840552, 9.9779911, 9.9869680, 9.9934645, 9.9986849, 9.9993439, 9.9997787, 19.999998, 19.999998, 19.999989, 19.991005, 0.34977990, 0.34986967, 0.34993464, 0.34998685, 0.34999344, 0.34999779, 0.34999999, 0.34999999, 0.34999993, 0.34995502, 0.99840552
0.33702010, 1.0000000, 0.93123209, 8.9209290, 9.6197968, 9.7874737, 9.9429207, 9.9708195, 9.9892616, 19.999081, 19.999760, 19.999823, 19.981079, 0.33920929, 0.34619796, 0.34787473, 0.34942919, 0.34970820, 0.34989262, 0.34999540, 0.34999880, 0.34999913, 0.34990540, 0.93123209
0.33554924, 1.0000000, 0.92590290, 8.9583120, 9.4630384, 9.6392794, 9.8734579, 9.9327412, 9.9746218, 19.998056, 19.999493, 19.998621, 19.958233, 0.33958313, 0.34463039, 0.34639281, 0.34873459, 0.34932742, 0.34974623, 0.34999028, 0.34999746, 0.34999311, 0.34979117, 0.92590290
0.35598963, 1.0000000, 0.99996239, 9.9994812, 9.9996891, 9.9998446, 9.9999695, 9.9999847, 9.9999933, 19.999998, 19.999998, 19.999998, 19.994993, 0.34999481, 0.34999689, 0.34999844, 0.34999970, 0.34999985, 0.34999993, 0.34999999, 0.34999999, 0.34999999, 0.34997496, 0.99996239
0.35600001, 1.0000000, 1.0000000, 9.9999990, 9.9999990, 9.9999990, 9.9999990, 9.9999990, 9.9999990, 19.999998, 19.999998, 19.999998, 19.996996, 0.34999999, 0.34999999, 0.34999999, 0.34999999, 0.34999999, 0.34999999, 0.34999999, 0.34999999, 0.34999999, 0.34998497, 1.0000000
0.35600001, 1.0000000, 1.0000000, 9.9999990, 9.9999990, 9.9999990, 9.9999962, 9.9999990, 9.9999990, 19.999998, 19.999998, 19.999987, 19.988895, 0.34999999, 0.34999999, 0.34999999, 0.34999996, 0.34999999, 0.34999999, 0.34999999, 0.34999999, 0.34999993, 0.34994447, 1.0000000
0.35042596, 1.0000000, 0.97980416, 9.7533760, 9.7950945, 9.8915787, 9.9762440, 9.9880257, 9.9959927, 19.999998, 19.999998, 19.999855, 19.979134, 0.34753376, 0.34795094, 0.34891579, 0.34976244, 0.34988025, 0.34995991, 0.34999999, 0.34999999, 0.34999928, 0.34989566, 0.97980416
0.35600001, 1.0000000, 0.99999994, 9.9999990, 9.9999990, 9.9999962, 9.9999990, 9.9999990, 9.9999990, 19.999998, 19.999998, 19.999998, 19.994993, 0.34999999, 0.34999999, 0.34999996, 0.34999999, 0.34999999, 0.34999999, 0.34999999, 0.34999999, 0.34999999, 0.34997496, 0.99999994
0.32574886, 1.0000000, 0.89039427, 8.2372923, 9.4557619, 9.6820507, 9.9034739, 9.9499607, 9.9811850, 19.998192, 19.999527, 19.999489, 19.971352, 0.33237293, 0.34455761, 0.34682050, 0.34903473, 0.34949961, 0.34981185, 0.34999096, 0.34999764, 0.34999746, 0.34985676, 0.89039427
0.28414297, 1.0000000, 0.73964840, 5.3743701, 9.2812500, 9.5487051, 9.8122530, 9.8969975, 9.9589367, 19.995701, 19.998878, 19.997414, 19.949278, 0.30374369, 0.34281251, 0.34548706, 0.34812254, 0.34896997, 0.34958938, 0.34997851, 0.34999439, 0.34998706, 0.34974641, 0.73964840
0.24159327, 1.0000000, 0.58548284, 2.8385639, 8.4189720, 9.4690018, 9.7372656, 9.8473673, 9.9349833, 19.993105, 19.998190, 19.992838, 19.929699, 0.27838564, 0.33418971, 0.34469002, 0.34737265, 0.34847367, 0.34934983, 0.34996551, 0.34999096, 0.34996420, 0.34964851, 0.58548284
0.22617204, 1.0000000, 0.52960885, 2.4652243, 7.1423812, 9.5380287, 9.7548504, 9.8501911, 9.9316587, 19.993086, 19.998053, 19.985558, 19.913229, 0.27465224, 0.32142383, 0.34538028, 0.34754851, 0.34850192, 0.34931660, 0.34996542, 0.34999025, 0.34992778, 0.34956616, 0.52960885
0.33534920, 1.0000000, 0.92517829, 8.9295530, 9.4797611, 9.6745663, 9.8030729, 9.8739986, 9.9379416, 19.993086, 19.997610, 19.975498, 19.899817, 0.33929554, 0.34479761, 0.34674567, 0.34803075, 0.34873998, 0.34937942, 0.34996542, 0.34998804, 0.34987748, 0.34949908, 0.92517829
0.30707848, 1.0000000, 0.82274806, 6.9718981, 9.3727760, 9.5907001, 9.7827101, 9.8632565, 9.9325113, 19.991890, 19.996183, 19.963177, 19.889278, 0.31971899, 0.34372777, 0.34590700, 0.34782711, 0.34863257, 0.34932512, 0.34995943, 0.34998092, 0.34981588, 0.34944639, 0.82274806
0.34772515, 1.0000000, 0.97001857, 9.5597773, 9.7923384, 9.8905602, 9.9742727, 9.9870090, 9.9953251, 19.999678, 19.999914, 19.993933, 19.896465, 0.34559777, 0.34792340, 0.34890559, 0.34974271, 0.34987009, 0.34995323, 0.34999838, 0.34999958, 0.34996966, 0.34948233, 0.97001857
0.35595268, 1.0000000, 0.99982846, 9.9976425, 9.9985838, 9.9992905, 9.9998589, 9.9999247, 9.9999790, 19.999998, 19.999998, 19.999990, 19.992998, 0.34997642, 0.34998584, 0.34999290, 0.34999859, 0.34999925, 0.34999979, 0.34999999, 0.34999999, 0.34999996, 0.34996498, 0.99982846
0.32979858, 1.0000000, 0.90506727, 8.4700403, 9.5301495, 9.7305384, 9.9231081, 9.9604006, 9.9853439, 19.998758, 19.999678, 19.999454, 19.969439, 0.33470041, 0.34530151, 0.34730539, 0.34923106, 0.34960401, 0.34985346, 0.34999380, 0.34999838, 0.34999728, 0.34984720, 0.90506727
0.29830539, 1.0000000, 0.79096144, 6.3341498, 9.3580933, 9.6059008, 9.8523369, 9.9205236, 9.9695244, 19.997549, 19.999361, 19.997284, 19.947559, 0.31334150, 0.34358093, 0.34605902, 0.34852338, 0.34920523, 0.34969524, 0.34998775, 0.34999681, 0.34998643, 0.34973779, 0.79096144
0.26593372, 1.0000000, 0.67367285, 4.0425072, 9.2996016, 9.5561399, 9.8025227, 9.8882246, 9.9550371, 19.996864, 19.999174, 19.992643, 19.928261, 0.29042506, 0.34299600, 0.34556139, 0.34802523, 0.34888226, 0.34955037, 0.34998432, 0.34999588, 0.34996322, 0.34964129, 0.67367285
0.24214774, 1.0000000, 0.58749181, 2.8128207, 8.4874477, 9.5450296, 9.7742233, 9.8668127, 9.9426460, 19.995489, 19.998682, 19.985031, 19.911999, 0.27812469, 0.33486810, 0.34544671, 0.34774148, 0.34866777, 0.34942633, 0.34997743, 0.34999341, 0.34992516, 0.34955999, 0.58749181
0.22017226, 1.0000000, 0.50787050, 2.2091508, 6.8637981, 9.5026941, 9.7424736, 9.8442574, 9.9294806, 19.993896, 19.997787, 19.974644, 19.898821, 0.27209151, 0.31863797, 0.34502694, 0.34742475, 0.34844258, 0.34929481, 0.34996948, 0.34998894, 0.34987321, 0.34949410, 0.50787050
0.20001540, 1.0000000, 0.43483835, 1.7069817, 5.2783308, 9.4842758, 9.7237320, 9.8294172, 9.9196320, 19.992682, 19.996294, 19.962154, 19.888496, 0.26706982, 0.30278331, 0.34484276, 0.34723732, 0.34829417, 0.34919631, 0.34996340, 0.34998149, 0.34981078, 0.34944248, 0.43483835
0.18220070, 1.0000000, 0.37029237, 1.2957841, 3.8224280, 9.4687099, 9.7109938, 9.8192854, 9.9124680, 19.991602, 19.993660, 19.948463, 19.880625, 0.26295650, 0.28822190, 0.34468415, 0.34710935, 0.34819257, 0.34912458, 0.34995800, 0.34996831, 0.34974232, 0.34940311, 0.37029237
0.17036760, 1.0000000, 0.32741883, 1.0222375, 2.9759855, 9.2116337, 9.7210178, 9.8227196, 9.9114523, 19.990734, 19.989441, 19.934547, 19.874712, 0.26022238, 0.27975985, 0.34211633, 0.34721017, 0.34822720, 0.34911454, 0.34995368, 0.34994721, 0.34967273, 0.34937355, 0.32741883
0.16187550, 0.98873562, 0.29665035, 0.89177191, 2.5673957, 8.4180079, 9.7055912, 9.8135567, 9.9065819, 19.989323, 19.983105, 19.921175, 19.870354, 0.25891632, 0.27567151, 0.33417609, 0.34705499, 0.34813508, 0.34906566, 0.34994662, 0.34991553, 0.34960586, 0.34935176, 0.29665035
0.15163301, 0.86504638, 0.25953987, 0.63381195, 2.1808534, 7.5817232, 9.6915398, 9.8044338, 9.9020014, 19.988068, 19.974775, 19.909060, 19.867159, 0.25633609, 0.27180433, 0.32580990, 0.34691352, 0.34804338, 0.34901968, 0.34994033, 0.34987387, 0.34954530, 0.34933579, 0.25953987
0.14041972, 0.72963393, 0.21891207, 0.36712587, 1.7557412, 6.6182461, 9.6615419, 9.7857733, 9.8930702, 19.985756, 19.964394, 19.898514, 19.864822, 0.25367126, 0.26755741, 0.31618246, 0.34661543, 0.34785774, 0.34893072, 0.34992880, 0.34982198, 0.34949258, 0.34932411, 0.21891207
0.13131765, 0.61971635, 0.18593350, 0.20677745, 1.4012784, 5.6697407, 9.6424017, 9.7730579, 9.8865805, 19.983202, 19.952778, 19.889704, 19.863159, 0.25206712, 0.26401013, 0.30669206, 0.34642220, 0.34772965, 0.34886551, 0.34991601, 0.34976390, 0.34944850, 0.34931579, 0.18593350
0.12260981, 0.51455969, 0.15438335, 0.85473061E-1, 1.0623485, 4.6559668, 9.6105528, 9.7530518, 9.8770065, 19.979401, 19.940401, 19.882540, 19.861965, 0.25085473, 0.26062348, 0.29655966, 0.34610552, 0.34753051, 0.34877008, 0.34989700, 0.34970200, 0.34941271, 0.34930983, 0.15438335
0.20115161, 1.0000000, 0.43895510, 2.1381617, 4.8556600, 9.1911755, 9.6485891, 9.7723074, 9.8824930, 19.974354, 19.928051, 19.876862, 19.861113, 0.27137840, 0.29855219, 0.34190759, 0.34648502, 0.34772262, 0.34882477, 0.34987175, 0.34964025, 0.34938431, 0.34930557, 0.43895510
0.25551987, 1.0000000, 0.63594151, 3.7350385, 8.6250973, 9.4513817, 9.6787138, 9.7901983, 9.8889008, 19.966553, 19.916059, 19.872356, 19.860491, 0.28735039, 0.33625096, 0.34451383, 0.34678715, 0.34790200, 0.34888899, 0.34983277, 0.34958029, 0.34936178, 0.34930247, 0.63594151
0.30659240, 1.0000000, 0.82098699, 6.9492831, 9.3612928, 9.5856295, 9.7397509, 9.8256617, 9.9034653, 19.958282, 19.905416, 19.868967, 19.860067, 0.31949160, 0.34361196, 0.34585580, 0.34739742, 0.34825656, 0.34903464, 0.34979141, 0.34952709, 0.34934485, 0.34930032, 0.82098699
0.35382104, 1.0000000, 0.99210513, 9.8895540, 9.9375496, 9.9683723, 9.9935503, 9.9967575, 9.9989204, 19.999998, 19.999998, 19.999989, 19.991005, 0.34889555, 0.34937549, 0.34968373, 0.34993550, 0.34996757, 0.34998921, 0.34999999, 0.34999999, 0.34999993, 0.34995502, 0.99210513
0.33836770, 1.0000000, 0.93611473, 9.0759373, 9.5501451, 9.7406626, 9.9234467, 9.9604588, 9.9851055, 19.998491, 19.999599, 19.999323, 19.967539, 0.34075937, 0.34550145, 0.34740663, 0.34923446, 0.34960458, 0.34985107, 0.34999245, 0.34999800, 0.34999663, 0.34983769, 0.93611473
0.30619466, 1.0000000, 0.81954581, 6.8947339, 9.3725948, 9.6138935, 9.8525629, 9.9204082, 9.9689798, 19.996971, 19.999212, 19.996962, 19.945837, 0.31894735, 0.34372595, 0.34613892, 0.34852564, 0.34920409, 0.34968978, 0.34998485, 0.34999606, 0.34998482, 0.34972918, 0.81954581
0.27590424, 1.0000000, 0.70979792, 4.7364783, 9.3353090, 9.5780897, 9.8092880, 9.8917599, 9.9556456, 19.995892, 19.998928, 19.992050, 19.926781, 0.29736477, 0.34335309, 0.34578091, 0.34809288, 0.34891760, 0.34955645, 0.34997946, 0.34999463, 0.34996027, 0.34963390, 0.70979792
0.25146049, 1.0000000, 0.62123370, 2.9858112, 9.3031712, 9.5797853, 9.7929783, 9.8775644, 9.9471283, 19.995441, 19.998657, 19.984287, 19.910805, 0.27985665, 0.34302899, 0.34579644, 0.34792948, 0.34877551, 0.34947121, 0.34997720, 0.34999329, 0.34992144, 0.34955403, 0.62123370
0.23526789, 1.0000000, 0.56256479, 2.5567622, 8.0726986, 9.5632858, 9.7786770, 9.8660612, 9.9395714, 19.994785, 19.997969, 19.973770, 19.897888, 0.27556694, 0.33072570, 0.34563211, 0.34778664, 0.34866053, 0.34939569, 0.34997392, 0.34998983, 0.34986883, 0.34948945, 0.56256479
0.21751578, 1.0000000, 0.49824557, 2.0972462, 6.7126284, 9.5362473, 9.7585173, 9.8518343, 9.9309282, 19.993778, 19.996452, 19.961149, 19.887800, 0.27096796, 0.31711763, 0.34535635, 0.34758392, 0.34851772, 0.34930906, 0.34996888, 0.34998226, 0.34980574, 0.34943900, 0.49824557
0.20133574, 1.0000000, 0.43962222, 1.7066687, 5.4192858, 9.5190191, 9.7455912, 9.8420343, 9.9244404, 19.992929, 19.993780, 19.947409, 19.880106, 0.26706392, 0.30418754, 0.34518555, 0.34745497, 0.34841987, 0.34924427, 0.34996465, 0.34996891, 0.34973705, 0.34940052, 0.43962222
0.17952737, 1.0000000, 0.36060643, 1.1842340, 3.7028201, 9.4372969, 9.6988745, 9.8132410, 9.9102707, 19.991169, 19.989166, 19.933422, 19.874313, 0.26184088, 0.28702548, 0.34436947, 0.34698802, 0.34813204, 0.34910259, 0.34995586, 0.34994584, 0.34966710, 0.34937155, 0.36060643
0.16203432, 0.99065351, 0.29722577, 0.75176656, 2.6973696, 8.6727219, 9.6647959, 9.7902737, 9.8978300, 19.989338, 19.982546, 19.920130, 19.870047, 0.25751749, 0.27697328, 0.33672655, 0.34664780, 0.34790269, 0.34897828, 0.34994668, 0.34991273, 0.34960064, 0.34935024, 0.29722577
0.14744934, 0.81452399, 0.24438164, 0.41433871, 2.1131783, 7.4533358, 9.6365976, 9.7704821, 9.8866129, 19.987284, 19.973835, 19.908081, 19.866934, 0.25414166, 0.27112648, 0.32452399, 0.34636357, 0.34770361, 0.34886572, 0.34993643, 0.34986919, 0.34954041, 0.34933466, 0.24438164
0.13764744, 0.69615537, 0.20886751, 0.23345649, 1.7202526, 6.4736056, 9.6444025, 9.7726469, 9.8851433, 19.985252, 19.963413, 19.897692, 19.864676, 0.25233293, 0.26719531, 0.31472248, 0.34643996, 0.34772441, 0.34885076, 0.34992626, 0.34981707, 0.34948847, 0.34932339, 0.20886751
0.12904406, 0.59226030, 0.17769587, 0.10043681, 1.3729304, 5.5346203, 9.6368380, 9.7677708, 9.8822746, 19.982412, 19.951645, 19.889000, 19.863049, 0.25100371, 0.26372403, 0.30533555, 0.34636468, 0.34767583, 0.34882212, 0.34991205, 0.34975821, 0.34944499, 0.34931523, 0.17769587
0.12110563, 0.49639514, 0.14893344, 0.0000000, 1.0535479, 4.5926270, 9.6208334, 9.7576599, 9.8771687, 19.978151, 19.939148, 19.881943, 19.861885, 0.24998921, 0.26053548, 0.29592627, 0.34620833, 0.34757659, 0.34877169, 0.34989077, 0.34969574, 0.34940970, 0.34930941, 0.14893344
0.11445232, 0.41604915, 0.12482723, 0.0000000, 0.75122416, 3.5987706, 9.5925322, 9.7395039, 9.8681488, 19.972061, 19.926611, 19.876337, 19.861038, 0.24998921, 0.25751054, 0.28598365, 0.34592319, 0.34739393, 0.34868112, 0.34986031, 0.34963304, 0.34938169, 0.34930518, 0.12482723
0.10929602, 0.35378137, 0.10614502, 0.0000000, 0.50822794, 2.8916836, 9.3387566, 9.7267237, 9.8607149, 19.964218, 19.914736, 19.871948, 19.860428, 0.24998921, 0.25508055, 0.27891192, 0.34338439, 0.34726557, 0.34860659, 0.34982109, 0.34957367, 0.34935975, 0.34930214, 0.10614502
0.10559002, 0.30902722, 0.92717439E-1, 0.0000000, 0.33354461, 2.4467320, 8.8444128, 9.7140160, 9.8537436, 19.955284, 19.904106, 19.868626, 19.860010, 0.24998921, 0.25333324, 0.27445924, 0.33843827, 0.34713697, 0.34853637, 0.34977642, 0.34952053, 0.34934312, 0.34930006, 0.92717439E-1
0.10068044, 0.24973880, 0.74929133E-1, 0.0000000, 0.12800097, 1.8277824, 8.0950193, 9.6505003, 9.8231134, 19.943977, 19.894566, 19.866020, 19.859686, 0.24998921, 0.25128001, 0.26827782, 0.33095020, 0.34650499, 0.34823114, 0.34971988, 0.34947282, 0.34933010, 0.34929842, 0.74929133E-1
0.97483680E-1, 0.21113445, 0.63346669E-1, 0.0000000, 0.32931566E-1, 1.3927937, 7.3688650, 9.6430922, 9.8144283, 19.932796, 19.886703, 19.864124, 19.859476, 0.24998921, 0.25032905, 0.26392233, 0.32368273, 0.34642705, 0.34814298, 0.34966397, 0.34943351, 0.34932062, 0.34929737, 0.63346669E-1
0.94556883E-1, 0.17579018, 0.52742328E-1, 0.0000000, 0.0000000, 0.93946159, 6.4567890, 9.5918341, 9.7876558, 19.921003, 19.880127, 19.862663, 19.859346, 0.24998921, 0.24998589, 0.25939387, 0.31456688, 0.34591761, 0.34787628, 0.34960502, 0.34940064, 0.34931332, 0.34929675, 0.52742328E-1
0.92135906E-1, 0.14655426, 0.43970678E-1, 0.0000000, 0.0000000, 0.56934953, 5.4126730, 9.5467577, 9.7614717, 19.909378, 19.874743, 19.861547, 19.859251, 0.24998921, 0.24998589, 0.25568989, 0.30411991, 0.34546155, 0.34761265, 0.34954688, 0.34937370, 0.34930775, 0.34929627, 0.43970678E-1
0.90250313E-1, 0.12378371, 0.37138827E-1, 0.0000000, 0.0000000, 0.32799244, 4.3545241, 9.5275812, 9.7477102, 19.899286, 19.870642, 19.860806, 19.859211, 0.24998921, 0.24998589, 0.25327638, 0.29353583, 0.34526551, 0.34747359, 0.34949642, 0.34935319, 0.34930402, 0.34929606, 0.37138827E-1
0.88805147E-1, 0.10633171, 0.31902704E-1, 0.0000000, 0.0000000, 0.17815232, 3.3630316, 9.5179834, 9.7406693, 19.890409, 19.867458, 19.860216, 19.859180, 0.24998921, 0.24998589, 0.25177982, 0.28362390, 0.34517077, 0.34740359, 0.34945205, 0.34933728, 0.34930107, 0.34929591, 0.31902704E-1
0.87789521E-1, 0.94066948E-1, 0.28222907E-1, 0.0000000, 0.0000000, 0.86331367E-1, 2.8024256, 9.1084309, 9.7316628, 19.883070, 19.865095, 19.859829, 19.859158, 0.24998921, 0.24998589, 0.25086182, 0.27801451, 0.34106845, 0.34731099, 0.34941536, 0.34932548, 0.34929913, 0.34929579, 0.28222907E-1
0.86873583E-1, 0.83005995E-1, 0.24904290E-1, 0.0000000, 0.0000000, 0.14942884E-1, 2.4440436, 8.3328724, 9.7075357, 19.876196, 19.863091, 19.859510, 19.859110, 0.24998921, 0.24998589, 0.25014919, 0.27443245, 0.33331510, 0.34707007, 0.34938097, 0.34931546, 0.34929755, 0.34929556, 0.24904290E-1
0.86300895E-1, 0.76090194E-1, 0.22829343E-1, 0.0000000, 0.0000000, 0.50663948E-3, 2.1668732, 7.6456790, 9.7124243, 19.872017, 19.861937, 19.859442, 19.859098, 0.24998921, 0.24998589, 0.25000507, 0.27166274, 0.32644621, 0.34711978, 0.34936008, 0.34930968, 0.34929723, 0.34929550, 0.22829343E-1
0.15031290, 0.84910452, 0.25475684, 2.3282261, 2.4969010, 2.4723947, 2.8338699, 8.6775341, 9.7919207, 19.867849, 19.860876, 19.859299, 19.859076, 0.27327403, 0.27496371, 0.27472132, 0.27833810, 0.33677441, 0.34791884, 0.34933925, 0.34930438, 0.34929651, 0.34929538, 0.25475684
0.15249778, 0.87548947, 0.26267311, 2.7442038, 2.1620810, 2.3015051, 2.7868032, 8.5344963, 9.8314066, 19.864727, 19.860123, 19.859205, 19.859051, 0.27744204, 0.27162081, 0.27301505, 0.27786803, 0.33534497, 0.34831408, 0.34932363, 0.34930062, 0.34929603, 0.34929526, 0.26267311
0.15483171, 0.90367407, 0.27112934, 2.5614142, 2.2958965, 2.2528558, 7.0085850, 9.6240845, 9.8539333, 19.862841, 19.859724, 19.859163, 19.859039, 0.27561414, 0.27295896, 0.27252856, 0.32008585, 0.34624085, 0.34853932, 0.34931421, 0.34929863, 0.34929582, 0.34929520, 0.27112934
0.15005614, 0.84600389, 0.25382656, 2.3235707, 2.1659465, 2.1882653, 6.7558722, 9.7626677, 9.8680201, 19.861898, 19.859564, 19.859158, 19.859039, 0.27323571, 0.27165946, 0.27188265, 0.31755871, 0.34762669, 0.34868020, 0.34930950, 0.34929782, 0.34929579, 0.34929520, 0.25382656
0.13460897, 0.65946263, 0.19785857, 1.5589327, 1.7211974, 1.9540399, 6.4666147, 9.7583723, 9.8559980, 19.859627, 19.859039, 19.859039, 19.859011, 0.26558933, 0.26721197, 0.26954040, 0.31466615, 0.34758371, 0.34855998, 0.34929812, 0.34929520, 0.34929520, 0.34929505, 0.19785857
0.15935704, 0.95832247, 0.28752550, 2.4878888, 2.3526578, 3.0502224, 9.0893974, 9.7386255, 9.8436480, 19.857929, 19.858614, 19.858923, 19.858980, 0.27487889, 0.27352658, 0.28050223, 0.34089398, 0.34738624, 0.34843647, 0.34928966, 0.34929305, 0.34929460, 0.34929490, 0.28752550
0.35600001, 1.0000000, 1.0000000, 9.9999990, 9.9999990, 9.9999990, 9.9999990, 9.9999990, 9.9999990, 19.999998, 19.999998, 19.999998, 19.997997, 0.34999999, 0.34999999, 0.34999999, 0.34999999, 0.34999999, 0.34999999, 0.34999999, 0.34999999, 0.34999999, 0.34998998, 1.0000000
0.33594137, 1.0000000, 0.92732388, 8.8856773, 9.5657692, 9.7543230, 9.9357090, 9.9671183, 9.9884348, 19.999582, 19.999891, 19.999695, 19.974264, 0.33885676, 0.34565771, 0.34754324, 0.34935710, 0.34967119, 0.34988433, 0.34999791, 0.34999946, 0.34999847, 0.34987134, 0.92732388
0.30900526, 1.0000000, 0.82972914, 7.0554037, 9.4236727, 9.6490440, 9.8750620, 9.9334345, 9.9752388, 19.998640, 19.999647, 19.997980, 19.951946, 0.32055405, 0.34423673, 0.34649044, 0.34875062, 0.34933436, 0.34975240, 0.34999320, 0.34999824, 0.34998989, 0.34975973, 0.82972914
0.26880822, 1.0000000, 0.68408769, 4.2763100, 9.2684898, 9.5352478, 9.7946539, 9.8851013, 9.9541035, 19.996542, 19.999104, 19.993803, 19.932016, 0.29276311, 0.34268489, 0.34535247, 0.34794652, 0.34885103, 0.34954104, 0.34998271, 0.34999552, 0.34996903, 0.34966010, 0.68408769
0.23620129, 1.0000000, 0.56594670, 2.6607661, 8.0548277, 9.4866199, 9.7415428, 9.8481340, 9.9346504, 19.994278, 19.998430, 19.986759, 19.915108, 0.27660766, 0.33054829, 0.34486622, 0.34741542, 0.34848136, 0.34934652, 0.34997138, 0.34999216, 0.34993380, 0.34957555, 0.56594670
0.21441704, 1.0000000, 0.48701826, 2.0732493, 6.4049664, 9.4892359, 9.7267141, 9.8333082, 9.9233627, 19.992502, 19.997572, 19.976891, 19.901287, 0.27073064, 0.31404623, 0.34488982, 0.34726664, 0.34833282, 0.34923354, 0.34996250, 0.34998786, 0.34988445, 0.34950644, 0.48701826
0.19442564, 1.0000000, 0.41458568, 1.5565872, 4.8546596, 9.4853439, 9.7150774, 9.8225174, 9.9145346, 19.990555, 19.996058, 19.964743, 19.890400, 0.26556587, 0.29854661, 0.34485343, 0.34715077, 0.34822518, 0.34914535, 0.34995276, 0.34998029, 0.34982371, 0.34945199, 0.41458568
0.23351049, 1.0000000, 0.55619746, 2.5062294, 7.9668880, 9.5330000, 9.7288542, 9.8273335, 9.9135351, 19.989506, 19.993727, 19.951244, 19.882074, 0.27506229, 0.32966888, 0.34533000, 0.34728855, 0.34827334, 0.34913534, 0.34994751, 0.34996864, 0.34975621, 0.34941036, 0.55619746
0.35600001, 1.0000000, 1.0000000, 9.9999990, 9.9999990, 9.9999990, 9.9999990, 9.9999990, 9.9999990, 19.999998, 19.999998, 19.999998, 19.995995, 0.34999999, 0.34999999, 0.34999999, 0.34999999, 0.34999999, 0.34999999, 0.34999999, 0.34999999, 0.34999999, 0.34997997, 1.0000000
0.35600001, 1.0000000, 1.0000000, 9.9999990, 9.9999990, 9.9999990, 9.9999990, 9.9999962, 9.9999990, 19.999998, 19.999992, 19.999998, 19.997992, 0.34999999, 0.34999999, 0.34999999, 0.34999999, 0.34999996, 0.34999999, 0.34999999, 0.34999996, 0.34999999, 0.34998995, 1.0000000
0.33288389, 1.0000000, 0.91624594, 8.6599941, 9.5720663, 9.7564325, 9.9321165, 9.9651327, 9.9871740, 19.998968, 19.999731, 19.999823, 19.981091, 0.33659995, 0.34572065, 0.34756434, 0.34932116, 0.34965134, 0.34987175, 0.34999484, 0.34999865, 0.34999913, 0.34990546, 0.91624594
0.31069890, 1.0000000, 0.83586550, 7.2358017, 9.3547468, 9.6014118, 9.8495493, 9.9190311, 9.9690685, 19.997633, 19.999386, 19.998610, 19.958239, 0.32235801, 0.34354746, 0.34601411, 0.34849548, 0.34919029, 0.34969068, 0.34998816, 0.34999692, 0.34999305, 0.34979120, 0.83586550
0.35197628, 1.0000000, 0.98542118, 9.8709383, 9.8659935, 9.7663631, 9.8488426, 9.9135447, 9.9643917, 19.996929, 19.999199, 19.995293, 19.937567, 0.34870937, 0.34865993, 0.34766364, 0.34848842, 0.34913546, 0.34964392, 0.34998465, 0.34999600, 0.34997648, 0.34968784, 0.98542118
0.33835810, 1.0000000, 0.93608004, 9.0842886, 9.5661612, 9.7005663, 9.8435659, 9.9075794, 9.9601698, 19.996637, 19.999094, 19.989233, 19.919765, 0.34084290, 0.34566161, 0.34700567, 0.34843567, 0.34907579, 0.34960169, 0.34998319, 0.34999546, 0.34994617, 0.34959882, 0.93608004
0.35467851, 1.0000000, 0.99521190, 9.9333687, 9.9616232, 9.9806395, 9.9960737, 9.9980326, 9.9993439, 19.999998, 19.999998, 19.999983, 19.990009, 0.34933370, 0.34961623, 0.34980640, 0.34996074, 0.34998032, 0.34999344, 0.34999999, 0.34999999, 0.34999990, 0.34995005, 0.99521190
0.33183771, 1.0000000, 0.91245544, 8.6193123, 9.5287771, 9.7287226, 9.9213486, 9.9594383, 9.9849033, 19.998640, 19.999647, 19.999296, 19.966606, 0.33619311, 0.34528777, 0.34728724, 0.34921348, 0.34959438, 0.34984905, 0.34999320, 0.34999824, 0.34999648, 0.34983304, 0.91245544
0.29851151, 1.0000000, 0.79170823, 6.3454714, 9.3642750, 9.6066933, 9.8482780, 9.9179859, 9.9682837, 19.997269, 19.999290, 19.996836, 19.945004, 0.31345472, 0.34364274, 0.34606692, 0.34848279, 0.34917986, 0.34968284, 0.34998634, 0.34999645, 0.34998417, 0.34972501, 0.79170823
0.26029223, 1.0000000, 0.65323275, 3.6586039, 9.2718525, 9.5333691, 9.7849426, 9.8776236, 9.9500360, 19.995922, 19.998928, 19.991789, 19.926054, 0.28658605, 0.34271854, 0.34533370, 0.34784943, 0.34877622, 0.34950036, 0.34997961, 0.34999463, 0.34995896, 0.34963027, 0.65323275
0.23173888, 1.0000000, 0.54977852, 2.4643688, 7.8388534, 9.4964800, 9.7422333, 9.8469324, 9.9331446, 19.994093, 19.998274, 19.983795, 19.910192, 0.27464238, 0.32838604, 0.34496328, 0.34742203, 0.34846917, 0.34933138, 0.34997046, 0.34999138, 0.34991896, 0.34955096, 0.54977852
0.21282457, 1.0000000, 0.48124844, 2.0034194, 6.3213062, 9.5020533, 9.7358952, 9.8380690, 9.9253721, 19.993467, 19.997562, 19.973173, 19.897390, 0.27003264, 0.31321013, 0.34501833, 0.34735849, 0.34838045, 0.34925362, 0.34996733, 0.34998780, 0.34986585, 0.34948695, 0.48124844
0.19469327, 1.0000000, 0.41555527, 1.5825391, 4.8445458, 9.4815493, 9.7226658, 9.8277025, 9.9180841, 19.992836, 19.996078, 19.960529, 19.887417, 0.26582539, 0.29844546, 0.34481549, 0.34722665, 0.34827703, 0.34918085, 0.34996417, 0.34998038, 0.34980264, 0.34943709, 0.41555527
0.19173211, 1.0000000, 0.40482643, 2.0784616, 3.6475978, 9.5071516, 9.7279043, 9.8283358, 9.9156933, 19.992199, 19.993406, 19.946758, 19.879799, 0.27078307, 0.28647435, 0.34506941, 0.34727859, 0.34828314, 0.34915686, 0.34996098, 0.34996703, 0.34973380, 0.34939900, 0.40482643
0.17514187, 1.0000000, 0.34471694, 1.5448511, 2.7990789, 8.9809752, 9.7042694, 9.8137245, 9.9079094, 19.990740, 19.988787, 19.932823, 19.874088, 0.26544851, 0.27799079, 0.33980975, 0.34704268, 0.34813726, 0.34907910, 0.34995371, 0.34994394, 0.34966412, 0.34937045, 0.34471694
0.15960267, 0.96128869, 0.28841546, 1.0311663, 2.2890568, 7.9683352, 9.6734400, 9.7941017, 9.8978462, 19.988760, 19.982046, 19.919542, 19.869877, 0.26031166, 0.27289057, 0.32968336, 0.34673440, 0.34794101, 0.34897846, 0.34994382, 0.34991023, 0.34959772, 0.34934938, 0.28841546
0.14718959, 0.81138742, 0.24344057, 0.68352520, 1.8660367, 6.9805636, 9.6604156, 9.7842293, 9.8919640, 19.987223, 19.973379, 19.907619, 19.866823, 0.25683331, 0.26865718, 0.31979966, 0.34660253, 0.34784144, 0.34891936, 0.34993613, 0.34986690, 0.34953809, 0.34933412, 0.24344057
0.13943438, 0.71773475, 0.21534196, 0.49093366, 1.6057670, 6.2617216, 9.6860065, 9.7972412, 9.8956738, 19.985418, 19.962957, 19.897331, 19.864599, 0.25490904, 0.26605704, 0.31261602, 0.34685969, 0.34797224, 0.34895667, 0.34992710, 0.34981477, 0.34948665, 0.34932300, 0.21534196
0.15732509, 0.93378443, 0.28016335, 2.1099508, 1.3777971, 5.6406064, 9.6928806, 9.8020859, 9.8976479, 19.982445, 19.951141, 19.888710, 19.862989, 0.27109846, 0.26377755, 0.30640525, 0.34692851, 0.34802070, 0.34897643, 0.34991223, 0.34975570, 0.34944355, 0.34931496, 0.28016335
0.16007790, 0.96702766, 0.29013732, 2.6950300, 1.1162817, 4.8846245, 9.6681089, 9.7881126, 9.8922358, 19.978355, 19.938709, 19.881742, 19.861843, 0.27694961, 0.26116264, 0.29884586, 0.34668094, 0.34788105, 0.34892234, 0.34989178, 0.34969354, 0.34940872, 0.34930921, 0.29013732
0.14448792, 0.77876168, 0.23365188, 1.9164056, 0.90007186, 4.1495876, 9.6568699, 9.7805309, 9.8884249, 19.972975, 19.926397, 19.876230, 19.861025, 0.26916406, 0.25900072, 0.29149586, 0.34656870, 0.34780532, 0.34888425, 0.34986487, 0.34963199, 0.34938115, 0.34930512, 0.23365188
0.13003327, 0.60420609, 0.18127996, 1.2366831, 0.67218244, 3.3878257, 9.6308746, 9.7646351, 9.8805218, 19.965073, 19.914545, 19.871889, 19.860428, 0.26236454, 0.25672108, 0.28387639, 0.34630767, 0.34764582, 0.34880504, 0.34982535, 0.34957272, 0.34935945, 0.34930214, 0.18127996
0.11903551, 0.47139618, 0.14143300, 0.73618591, 0.47991574, 2.8335185, 9.3967628, 9.7513142, 9.8728838, 19.955746, 19.903893, 19.868559, 19.860010, 0.25735816, 0.25479773, 0.27833092, 0.34396479, 0.34751168, 0.34872833, 0.34977871, 0.34951946, 0.34934279, 0.34930006, 0.14143300
0.18780342, 1.0000000, 0.39059210, 2.0392239, 3.3409050, 9.3289881, 9.6111364, 9.7942009, 9.8882647, 19.945896, 19.894768, 19.866096, 19.859722, 0.27039224, 0.28340906, 0.34328988, 0.34611136, 0.34794199, 0.34888265, 0.34972948, 0.34947383, 0.34933048, 0.34929860, 0.39059210
0.32937297, 1.0000000, 0.90352523, 8.8063011, 9.1185207, 9.3975353, 9.6817675, 9.8005247, 9.8907919, 19.935032, 19.887007, 19.864208, 19.859503, 0.33806300, 0.34118521, 0.34397537, 0.34681767, 0.34800524, 0.34890792, 0.34967515, 0.34943503, 0.34932104, 0.34929752, 0.90352523
0.32531747, 1.0000000, 0.88883138, 8.2926826, 9.3888636, 9.5754185, 9.7372103, 9.8258524, 9.8992023, 19.923567, 19.880543, 19.862782, 19.859346, 0.33292681, 0.34388864, 0.34575418, 0.34737211, 0.34825853, 0.34899202, 0.34961784, 0.34940273, 0.34931391, 0.34929675, 0.88883138
0.30732524, 1.0000000, 0.82364213, 6.9058700, 9.4887543, 9.6430531, 9.7730131, 9.8455410, 9.9053345, 19.912479, 19.875322, 19.861712, 19.859299, 0.31905872, 0.34488755, 0.34643054, 0.34773013, 0.34845540, 0.34905335, 0.34956241, 0.34937662, 0.34930855, 0.34929651, 0.82364213
0.28449029, 1.0000000, 0.74090683, 5.3106256, 9.4082537, 9.6052189, 9.7751188, 9.8477850, 9.9051180, 19.902920, 19.871370, 19.860994, 19.859287, 0.30310625, 0.34408253, 0.34605220, 0.34775120, 0.34847784, 0.34905118, 0.34951460, 0.34935686, 0.34930497, 0.34929645, 0.74090683
0.25697666, 1.0000000, 0.64121979, 3.3762109, 9.3342276, 9.5598955, 9.7587128, 9.8387699, 9.8993988, 19.893904, 19.868172, 19.860426, 19.859251, 0.28376210, 0.34334227, 0.34559897, 0.34758714, 0.34838769, 0.34899399, 0.34946951, 0.34934086, 0.34930211, 0.34929627, 0.64121979
0.23121807, 1.0000000, 0.54789156, 2.3756952, 7.9235601, 9.5032825, 9.7260256, 9.8189611, 9.8883791, 19.885185, 19.865467, 19.859964, 19.859205, 0.27375695, 0.32923561, 0.34503281, 0.34726027, 0.34818962, 0.34888381, 0.34942591, 0.34932733, 0.34929982, 0.34929603, 0.54789156
0.35598135, 1.0000000, 0.99993241, 9.9991798, 9.9995079, 9.9997520, 9.9999485, 9.9999752, 9.9999933, 19.999998, 19.999998, 19.999998, 19.994993, 0.34999070, 0.34999442, 0.34999719, 0.34999943, 0.34999973, 0.34999993, 0.34999999, 0.34999999, 0.34999999, 0.34997496, 0.99993241
0.35600001, 1.0000000, 1.0000000, 9.9999990, 9.9999990, 9.9999990, 9.9999990, 9.9999990, 9.9999990, 19.999998, 19.999998, 19.999998, 19.997997, 0.34999999, 0.34999999, 0.34999999, 0.34999999, 0.34999999, 0.34999999, 0.34999999, 0.34999999, 0.34999999, 0.34998998, 1.0000000
0.34122276, 1.0000000, 0.94645911, 9.1702671, 9.6897087, 9.8287163, 9.9543219, 9.9766932, 9.9912987, 19.999123, 19.999773, 19.999670, 19.974253, 0.34170267, 0.34689710, 0.34828717, 0.34954321, 0.34976694, 0.34991300, 0.34999561, 0.34999886, 0.34999835, 0.34987128, 0.94645911
0.35049284, 1.0000000, 0.98004651, 9.7076807, 9.8606730, 9.9268608, 9.9841776, 9.9920444, 9.9973297, 19.999998, 19.999998, 19.999933, 19.984056, 0.34707680, 0.34860674, 0.34926862, 0.34984177, 0.34992045, 0.34997329, 0.34999999, 0.34999999, 0.34999967, 0.34992027, 0.98004651
0.34765214, 1.0000000, 0.96975398, 9.5506058, 9.7977161, 9.8924341, 9.9754314, 9.9876003, 9.9957066, 19.999868, 19.999964, 19.999928, 19.984056, 0.34550607, 0.34797716, 0.34892434, 0.34975430, 0.34987599, 0.34995705, 0.34999934, 0.34999982, 0.34999964, 0.34992027, 0.96975398
0.33432001, 1.0000000, 0.92144930, 8.7822390, 9.5508175, 9.7398968, 9.9261494, 9.9618759, 9.9864511, 19.999493, 19.999863, 19.998966, 19.961004, 0.33782238, 0.34550816, 0.34739897, 0.34926149, 0.34961876, 0.34986451, 0.34999746, 0.34999931, 0.34999484, 0.34980503, 0.92144930
0.35597199, 1.0000000, 0.99989855, 9.9996243, 9.9997730, 9.9998837, 9.9991026, 9.9586134, 9.9812441, 19.999022, 19.999743, 19.995991, 19.940014, 0.34999624, 0.34999773, 0.34999883, 0.34999102, 0.34958613, 0.34981245, 0.34999511, 0.34999871, 0.34997994, 0.34970006, 0.99989855
0.35600001, 1.0000000, 1.0000000, 9.9999990, 9.9999990, 9.9999990, 9.9999990, 9.9999990, 9.9999990, 19.999998, 19.999998, 19.999998, 19.996996, 0.34999999, 0.34999999, 0.34999999, 0.34999999, 0.34999999, 0.34999999, 0.34999999, 0.34999999, 0.34999999, 0.34998497, 1.0000000
0.33076513, 1.0000000, 0.90856916, 8.5291014, 9.5435867, 9.7389116, 9.9282084, 9.9631367, 9.9867458, 19.999241, 19.999796, 19.999792, 19.978153, 0.33529103, 0.34543586, 0.34738910, 0.34928209, 0.34963137, 0.34986746, 0.34999621, 0.34999898, 0.34999895, 0.34989077, 0.90856916
0.32065570, 1.0000000, 0.87194091, 7.9071913, 9.4164362, 9.6407471, 9.8660936, 9.9281073, 9.9728899, 19.998281, 19.999546, 19.998383, 19.955532, 0.32907191, 0.34416437, 0.34640747, 0.34866095, 0.34928107, 0.34972888, 0.34999141, 0.34999773, 0.34999192, 0.34977767, 0.87194091
0.30471903, 1.0000000, 0.81419933, 6.7477078, 9.4292555, 9.6384964, 9.8380089, 9.9086380, 9.9634743, 19.997597, 19.999365, 19.994755, 19.935173, 0.31747708, 0.34429255, 0.34638497, 0.34838009, 0.34908637, 0.34963474, 0.34998798, 0.34999683, 0.34997377, 0.34967586, 0.81419933
0.29597849, 1.0000000, 0.78253073, 6.0417743, 9.5240602, 9.6905298, 9.8410206, 9.9062204, 9.9597321, 19.996857, 19.999123, 19.988289, 19.917761, 0.31041774, 0.34524059, 0.34690529, 0.34841019, 0.34906220, 0.34959733, 0.34998429, 0.34999561, 0.34994143, 0.34958881, 0.78253073
0.27569246, 1.0000000, 0.70903063, 4.6704879, 9.4001007, 9.6165400, 9.8149128, 9.8896923, 9.9515095, 19.996357, 19.998684, 19.978989, 19.903448, 0.29670489, 0.34400100, 0.34616539, 0.34814912, 0.34889692, 0.34951508, 0.34998178, 0.34999341, 0.34989494, 0.34951723, 0.70903063
0.25133738, 1.0000000, 0.62078756, 2.9936285, 9.2720451, 9.5870628, 9.7916098, 9.8740196, 9.9427691, 19.995321, 19.997557, 19.967237, 19.892097, 0.27993476, 0.34271762, 0.34586915, 0.34791580, 0.34874004, 0.34942764, 0.34997660, 0.34998778, 0.34983617, 0.34946048, 0.62078756
0.26752168, 1.0000000, 0.67942637, 4.0330968, 9.4450779, 9.6784077, 9.8177900, 9.8856239, 9.9449644, 19.995178, 19.995682, 19.953922, 19.883381, 0.29032987, 0.34444925, 0.34678331, 0.34817776, 0.34885615, 0.34944960, 0.34997588, 0.34997842, 0.34976962, 0.34941691, 0.67942637
0.28212261, 1.0000000, 0.73232824, 4.9774041, 9.6028271, 9.7349768, 9.8421679, 9.8983355, 9.9487982, 19.995094, 19.992350, 19.940020, 19.876791, 0.29977405, 0.34602827, 0.34734976, 0.34842169, 0.34898335, 0.34948799, 0.34997547, 0.34996176, 0.34970009, 0.34938395, 0.73232824
0.26991314, 1.0000000, 0.68809110, 4.1455989, 9.5338459, 9.6972666, 9.8389368, 9.8972006, 9.9482841, 19.994873, 19.987097, 19.926390, 19.871881, 0.29145598, 0.34533846, 0.34697267, 0.34838936, 0.34897202, 0.34948283, 0.34997436, 0.34993547, 0.34963197, 0.34935939, 0.68809110
0.27419275, 1.0000000, 0.70359683, 4.5146618, 9.4607735, 9.6513681, 9.8218632, 9.8880568, 9.9444599, 19.994019, 19.979630, 19.913748, 19.868277, 0.29514661, 0.34460774, 0.34651369, 0.34821862, 0.34888056, 0.34944460, 0.34997010, 0.34989816, 0.34956872, 0.34934139, 0.70359683
0.25383425, 1.0000000, 0.62983418, 3.1374044, 9.3424330, 9.5716896, 9.7830153, 9.8659458, 9.9352236, 19.992441, 19.970037, 19.902563, 19.865658, 0.28137404, 0.34342432, 0.34571689, 0.34783015, 0.34865946, 0.34935224, 0.34996220, 0.34985018, 0.34951282, 0.34932828, 0.62983418
0.25516099, 1.0000000, 0.63464117, 3.1171086, 9.4891939, 9.6596622, 9.8092661, 9.8784790, 9.9388590, 19.990932, 19.958975, 19.893108, 19.863777, 0.28117108, 0.34489194, 0.34659663, 0.34809268, 0.34878480, 0.34938860, 0.34995466, 0.34979486, 0.34946555, 0.34931889, 0.63464117
0.23428649, 1.0000000, 0.55900902, 2.4604173, 8.1252060, 9.5473576, 9.7693319, 9.8564796, 9.9299059, 19.987631, 19.946686, 19.885284, 19.862413, 0.27460134, 0.33124647, 0.34547028, 0.34769264, 0.34856448, 0.34929895, 0.34993815, 0.34973341, 0.34942642, 0.34931207, 0.55900902
0.21604884, 1.0000000, 0.49293053, 2.0217478, 6.6698537, 9.5188513, 9.7490950, 9.8435316, 9.9236698, 19.983187, 19.934134, 19.879045, 19.861425, 0.27021673, 0.31669709, 0.34518746, 0.34749076, 0.34843519, 0.34923667, 0.34991592, 0.34967068, 0.34939522, 0.34930712, 0.49293053
0.19681178, 1.0000000, 0.42323104, 1.5849203, 5.0939221, 9.4860754, 9.7252979, 9.8281813, 9.9159546, 19.976944, 19.921911, 19.874130, 19.860731, 0.26584920, 0.30093923, 0.34486076, 0.34725296, 0.34828180, 0.34915954, 0.34988472, 0.34960955, 0.34937066, 0.34930366, 0.42323104
0.18425350, 1.0000000, 0.37773007, 1.3152480, 3.9984913, 9.5391073, 9.7400789, 9.8342342, 9.9158916, 19.968716, 19.910538, 19.870312, 19.860228, 0.26315224, 0.28998449, 0.34539056, 0.34740070, 0.34834230, 0.34915888, 0.34984356, 0.34955269, 0.34935156, 0.34930113, 0.37773007
0.17224273, 1.0000000, 0.33421281, 1.0547727, 2.9900894, 9.5287313, 9.7389088, 9.8330164, 9.9137497, 19.958683, 19.900372, 19.867388, 19.859875, 0.26054198, 0.27989113, 0.34527174, 0.34738591, 0.34832856, 0.34913695, 0.34979340, 0.34950185, 0.34933692, 0.34929937, 0.33421281
0.16601309, 1.0000000, 0.31164166, 0.89889169, 2.7550220, 9.0098009, 9.7536993, 9.8406677, 9.9151793, 19.947933, 19.891764, 19.865202, 19.859598, 0.25898367, 0.27754053, 0.34008220, 0.34753355, 0.34840494, 0.34915122, 0.34973967, 0.34945881, 0.34932601, 0.34929800, 0.31164166
0.16027224, 0.96937460, 0.29084146, 0.76425672, 2.5337906, 8.5126362, 9.7588882, 9.8435526, 9.9147835, 19.936598, 19.884623, 19.863569, 19.859451, 0.25763801, 0.27532887, 0.33511117, 0.34758541, 0.34843376, 0.34914723, 0.34968299, 0.34942311, 0.34931785, 0.34929726, 0.29084146
0.15426154, 0.89678884, 0.26906356, 0.62791109, 2.2996306, 7.9855967, 9.7529411, 9.8400164, 9.9113493, 19.925116, 19.878782, 19.862333, 19.859346, 0.25627461, 0.27298644, 0.32983881, 0.34752521, 0.34839806, 0.34911278, 0.34962559, 0.34939390, 0.34931165, 0.34929675, 0.26906356
0.14743216, 0.81431663, 0.24431942, 0.47675967, 2.0318508, 7.3786221, 9.7337360, 9.8283720, 9.9040117, 19.913927, 19.874060, 19.861429, 19.859299, 0.25476515, 0.27031225, 0.32377484, 0.34733436, 0.34828219, 0.34903961, 0.34956962, 0.34937030, 0.34930715, 0.34929651, 0.24431942
0.13982937, 0.72250468, 0.21677308, 0.31633973, 1.7355263, 6.6758614, 9.7079525, 9.8116684, 9.8937874, 19.903456, 19.870283, 19.860760, 19.859251, 0.25316197, 0.26735055, 0.31674954, 0.34707689, 0.34811535, 0.34893742, 0.34951729, 0.34935141, 0.34930378, 0.34929627, 0.21677308
0.13251138, 0.63413203, 0.19025864, 0.18618405, 1.4493376, 5.9222746, 9.6848345, 9.7956581, 9.8835001, 19.894266, 19.867363, 19.860264, 19.859222, 0.25186026, 0.26448599, 0.30920768, 0.34684339, 0.34795409, 0.34883416, 0.34947133, 0.34933680, 0.34930131, 0.34929612, 0.19025864
0.19678231, 1.0000000, 0.42312425, 2.1602333, 4.4490681, 8.8585606, 9.7406301, 9.8237534, 9.8903065, 19.887138, 19.865332, 19.859947, 19.859222, 0.27158913, 0.29447439, 0.33856937, 0.34740272, 0.34823576, 0.34890246, 0.34943569, 0.34932667, 0.34929973, 0.34929612, 0.42312425
0.25377887, 1.0000000, 0.62963355, 3.4959025, 8.7159719, 9.6181765, 9.7878380, 9.8495865, 9.8974504, 19.881214, 19.863750, 19.859711, 19.859222, 0.28495902, 0.33715972, 0.34618175, 0.34787840, 0.34849587, 0.34897450, 0.34940606, 0.34931874, 0.34929854, 0.34929612, 0.62963355
0.23958094, 1.0000000, 0.57819182, 2.6900530, 8.3774405, 9.5589514, 9.7609110, 9.8358297, 9.8902712, 19.875532, 19.862368, 19.859499, 19.859205, 0.27690053, 0.33377439, 0.34558952, 0.34760910, 0.34835830, 0.34890270, 0.34937766, 0.34931183, 0.34929749, 0.34929603, 0.57819182
0.22322005, 1.0000000, 0.51891321, 2.2689252, 7.1080880, 9.5528927, 9.7496786, 9.8284006, 9.8852758, 19.871056, 19.861355, 19.859394, 19.859180, 0.27268898, 0.32108036, 0.34552860, 0.34749672, 0.34828398, 0.34885275, 0.34935528, 0.34930676, 0.34929699, 0.34929591, 0.51891321
0.21013536, 1.0000000, 0.47150490, 1.9430518, 6.0619502, 9.5752850, 9.7528362, 9.8284998, 9.8831177, 19.867458, 19.860582, 19.859324, 19.859163, 0.26942447, 0.31060818, 0.34574389, 0.34752655, 0.34828407, 0.34883088, 0.34933728, 0.34930292, 0.34929663, 0.34929582, 0.47150490
0.20783676, 1.0000000, 0.46317664, 1.9233108, 5.7390380, 9.7159204, 9.8037691, 9.8548136, 9.8911657, 19.865477, 19.860212, 19.859324, 19.859163, 0.26923013, 0.30738506, 0.34715468, 0.34803677, 0.34854770, 0.34891149, 0.34932739, 0.34930107, 0.34929663, 0.34929582, 0.46317664
0.20620857, 1.0000000, 0.45727742, 1.9041121, 5.5451589, 9.7670956, 9.8319254, 9.8699284, 9.8954868, 19.863937, 19.859936, 19.859324, 19.859163, 0.26903814, 0.30544636, 0.34766638, 0.34831834, 0.34869879, 0.34895471, 0.34931970, 0.34929967, 0.34929663, 0.34929582, 0.45727742
0.20328659, 1.0000000, 0.44669056, 1.8444091, 5.2986493, 9.7520294, 9.8387909, 9.8737869, 9.8959951, 19.862778, 19.859766, 19.859324, 19.859163, 0.26844054, 0.30298039, 0.34751466, 0.34838676, 0.34873730, 0.34895977, 0.34931388, 0.34929883, 0.34929663, 0.34929582, 0.44669056
0.19160403, 1.0000000, 0.40436241, 1.5569210, 4.4582691, 9.5827131, 9.7861118, 9.8463182, 9.8859987, 19.861628, 19.859585, 19.859301, 19.859158, 0.26556590, 0.29457700, 0.34582102, 0.34785986, 0.34846255, 0.34885979, 0.34930813, 0.34929794, 0.34929651, 0.34929579, 0.40436241
0.17948151, 1.0000000, 0.36044022, 1.2879640, 3.4698324, 9.5393190, 9.7533998, 9.8277054, 9.8790045, 19.860674, 19.859467, 19.859270, 19.859152, 0.26287335, 0.28468814, 0.34537923, 0.34753114, 0.34827563, 0.34878957, 0.34930336, 0.34929734, 0.34929636, 0.34929577, 0.36044022
0.16978735, 1.0000000, 0.32531646, 1.0601312, 2.8750033, 9.1569471, 9.7365942, 9.8172178, 9.8747997, 19.859997, 19.859371, 19.859247, 19.859144, 0.26058933, 0.27873054, 0.34153846, 0.34735936, 0.34816885, 0.34874690, 0.34929997, 0.34929687, 0.34929624, 0.34929574, 0.32531646
0.16236486, 0.99464512, 0.29842338, 0.88110268, 2.5916548, 8.5294943, 9.7305279, 9.8128395, 9.8728952, 19.859653, 19.859320, 19.859228, 19.859133, 0.25879955, 0.27589628, 0.33526158, 0.34729767, 0.34812453, 0.34872767, 0.34929827, 0.34929660, 0.34929615, 0.34929568, 0.29842338
0.15502760, 0.90603977, 0.27183911, 0.71631074, 2.3075910, 7.8734527, 9.7191210, 9.8060722, 9.8702450, 19.859407, 19.859270, 19.859219, 19.859127, 0.25715640, 0.27306297, 0.32871243, 0.34718576, 0.34805799, 0.34870154, 0.34929705, 0.34929636, 0.34929609, 0.34929565, 0.27183911
0.14744805, 0.81450844, 0.24437697, 0.55792630, 2.0129979, 7.1615968, 9.7022362, 9.7961655, 9.8664026, 19.859188, 19.859213, 19.859201, 19.859121, 0.25557545, 0.27012172, 0.32160127, 0.34701836, 0.34795967, 0.34866333, 0.34929594, 0.34929606, 0.34929600, 0.34929562, 0.24437697
0.14062686, 0.73213524, 0.21966253, 0.42889714, 1.7501324, 6.4689951, 9.6935434, 9.7905540, 9.8640347, 19.858971, 19.859154, 19.859182, 19.859116, 0.25428796, 0.26749888, 0.31468540, 0.34693408, 0.34790486, 0.34864011, 0.34929484, 0.34929577, 0.34929591, 0.34929559, 0.21966253
0.17367293, 1.0000000, 0.33939466, 2.3698063, 2.6787281, 6.1119003, 9.7427807, 9.8168592, 9.8732433, 19.858971, 19.859154, 19.859182, 19.859116, 0.27369487, 0.27678514, 0.31111658, 0.34742704, 0.34816819, 0.34873232, 0.34929484, 0.34929577, 0.34929591, 0.34929559, 0.33939466
0.20304582, 1.0000000, 0.44581813, 2.6569247, 4.0924931, 9.4066954, 9.7952881, 9.8459692, 9.8836088, 19.858971, 19.859154, 19.859182, 19.859116, 0.27656925, 0.29092494, 0.34406695, 0.34795287, 0.34845969, 0.34883609, 0.34929484, 0.34929577, 0.34929591, 0.34929559, 0.44581813
0.19392195, 1.0000000, 0.41276070, 2.4106264, 3.3090072, 9.5931330, 9.7863798, 9.8429832, 9.8829250, 19.858971, 19.859154, 19.859182, 19.859116, 0.27410597, 0.28308979, 0.34593096, 0.34786370, 0.34842980, 0.34882924, 0.34929484, 0.34929577, 0.34929591, 0.34929559, 0.41276070
0.18478598, 1.0000000, 0.37965932, 2.1057696, 2.8762758, 9.2754669, 9.7671099, 9.8333359, 9.8797941, 19.858971, 19.859154, 19.859182, 19.859116, 0.27105343, 0.27875927, 0.34274903, 0.34766990, 0.34833276, 0.34879774, 0.34929484, 0.34929577, 0.34929591, 0.34929559, 0.37965932
0.17602792, 1.0000000, 0.34792727, 1.7979950, 2.6171713, 8.7060575, 9.7492819, 9.8235817, 9.8764677, 19.858971, 19.859154, 19.859182, 19.859116, 0.26797995, 0.27617171, 0.33706057, 0.34749281, 0.34823582, 0.34876469, 0.34929484, 0.34929577, 0.34929591, 0.34929559, 0.34792727
0.16894630, 1.0000000, 0.32226917, 1.5634358, 2.4072528, 8.1977596, 9.7474174, 9.8221111, 9.8759069, 19.858971, 19.859154, 19.859182, 19.859116, 0.26563436, 0.27407253, 0.33197761, 0.34747416, 0.34822112, 0.34875906, 0.34929484, 0.34929577, 0.34929591, 0.34929559, 0.32226917
0.16225407, 0.99330729, 0.29802200, 1.3518929, 2.2067726, 7.6925979, 9.7449408, 9.8205156, 9.8753080, 19.858971, 19.859154, 19.859182, 19.859116, 0.26351255, 0.27206147, 0.32691509, 0.34744665, 0.34820375, 0.34875262, 0.34929484, 0.34929577, 0.34929591, 0.34929559, 0.29802200
0.15660010, 0.92502946, 0.27753660, 1.1819124, 2.0362735, 7.2349191, 9.7471390, 9.8216133, 9.8756723, 19.858971, 19.859154, 19.859182, 19.859116, 0.26181164, 0.27035499, 0.32233545, 0.34746769, 0.34821424, 0.34875610, 0.34929484, 0.34929577, 0.34929591, 0.34929559, 0.27753660
0.15076959, 0.85461956, 0.25641152, 1.0122269, 1.8561244, 6.7499547, 9.7400904, 9.8178320, 9.8743553, 19.858971, 19.859154, 19.859182, 19.859116, 0.26012078, 0.26855960, 0.31749660, 0.34740004, 0.34817791, 0.34874341, 0.34929484, 0.34929577, 0.34929591, 0.34929559, 0.25641152
0.14459969, 0.78011149, 0.23405686, 0.84217489, 1.6629815, 6.2177916, 9.7258835, 9.8099403, 9.8715439, 19.858971, 19.859154, 19.859182, 19.859116, 0.25841874, 0.26662624, 0.31217125, 0.34725675, 0.34809837, 0.34871507, 0.34929484, 0.34929577, 0.34929591, 0.34929559, 0.23405686
0.13861877, 0.70788532, 0.21238685, 0.68898499, 1.4749885, 5.6658669, 9.7139187, 9.8028812, 9.8689003, 19.858971, 19.859154, 19.859182, 19.859116, 0.25688359, 0.26474184, 0.30664325, 0.34713387, 0.34802613, 0.34868813, 0.34929484, 0.34929577, 0.34929591, 0.34929559, 0.21238685
0.13269113, 0.63630265, 0.19090989, 0.54833293, 1.2869239, 5.0833898, 9.6987133, 9.7939911, 9.8655586, 19.858971, 19.859154, 19.859182, 19.859116, 0.25547716, 0.26286054, 0.30081671, 0.34698057, 0.34793660, 0.34865448, 0.34929484, 0.34929577, 0.34929591, 0.34929559, 0.19090989
0.12691203, 0.56651372, 0.16997112, 0.42409003, 1.1038572, 4.4748306, 9.6830006, 9.7845783, 9.8619041, 19.858971, 19.859154, 19.859182, 19.859116, 0.25423232, 0.26102516, 0.29472116, 0.34681827, 0.34783986, 0.34861705, 0.34929484, 0.34929577, 0.34929591, 0.34929559, 0.16997112
0.12229751, 0.51078832, 0.15325183, 0.33534765, 0.96147358, 3.9370415, 9.6860371, 9.7855062, 9.8619242, 19.858948, 19.859146, 19.859182, 19.859116, 0.25334835, 0.25960588, 0.28935233, 0.34685147, 0.34785056, 0.34861773, 0.34929472, 0.34929574, 0.34929591, 0.34929559, 0.15325183
0.11795940, 0.45840102, 0.13753407, 0.25903881, 0.82736611, 3.4115348, 9.6794882, 9.7817297, 9.8604527, 19.858948, 19.859140, 19.859182, 19.859116, 0.25258735, 0.25826785, 0.28410339, 0.34678808, 0.34781387, 0.34860337, 0.34929472, 0.34929571, 0.34929591, 0.34929559, 0.13753407
0.11426847, 0.41382903, 0.12416112, 0.19779205, 0.70595443, 2.9863119, 9.5841541, 9.7769136, 9.8586016, 19.858948, 19.859135, 19.859182, 19.859116, 0.25197539, 0.25705412, 0.27985168, 0.34583420, 0.34776539, 0.34858477, 0.34929472, 0.34929568, 0.34929591, 0.34929559, 0.12416112
0.11157720, 0.38132894, 0.11441012, 0.14936030, 0.60195923, 2.7609677, 9.3126688, 9.7754173, 9.8578606, 19.858948, 19.859123, 19.859182, 19.859116, 0.25149083, 0.25601286, 0.27759424, 0.34311628, 0.34774873, 0.34857675, 0.34929472, 0.34929562, 0.34929591, 0.34929559, 0.11441012
0.10972910, 0.35901111, 0.10771411, 0.12135208, 0.53166151, 2.5951624, 9.0802631, 9.7858295, 9.8615589, 19.858948, 19.859123, 19.859182, 19.859116, 0.25121018, 0.25530782, 0.27593017, 0.34078762, 0.34785020, 0.34861287, 0.34929472, 0.34929562, 0.34929591, 0.34929559, 0.10771411
0.11990072, 0.48184457, 0.14456783, 0.90825856, 0.49996078, 2.5167346, 8.9273348, 9.8105488, 9.8706427, 19.858948, 19.859123, 19.859182, 19.859116, 0.25907883, 0.25499836, 0.27516422, 0.33927113, 0.34810427, 0.34870601, 0.34929472, 0.34929562, 0.34929591, 0.34929559, 0.14456783
0.12368964, 0.52759987, 0.15829580, 1.2940288, 0.42944849, 2.3334205, 8.6961861, 9.7924442, 9.8646774, 19.858948, 19.859123, 19.859182, 19.859116, 0.26294029, 0.25429448, 0.27333421, 0.33696187, 0.34792444, 0.34864676, 0.34929472, 0.34929562, 0.34929591, 0.34929559, 0.15829580
0.12159925, 0.50235611, 0.15072191, 1.1823058, 0.40685534, 2.2713602, 8.5578184, 9.8167038, 9.8732290, 19.858948, 19.859123, 19.859182, 19.859116, 0.26182237, 0.25406840, 0.27271321, 0.33557788, 0.34816685, 0.34873223, 0.34929472, 0.34929562, 0.34929591, 0.34929559, 0.15072191
0.11679059, 0.44428632, 0.13329923, 0.92782080, 0.35209060, 2.1136522, 8.3437824, 9.7980261, 9.8669481, 19.858948, 19.859123, 19.859182, 19.859116, 0.25927514, 0.25352022, 0.27113444, 0.33343619, 0.34797928, 0.34866914, 0.34929472, 0.34929562, 0.34929591, 0.34929559, 0.13329923
0.11208113, 0.38741443, 0.11623595, 0.68982542, 0.29517710, 1.9363880, 8.0891838, 9.7787275, 9.8598242, 19.858948, 19.859123, 19.859182, 19.859116, 0.25689524, 0.25295100, 0.26936135, 0.33088973, 0.34778598, 0.34859782, 0.34929472, 0.34929562, 0.34929591, 0.34929559, 0.11623595
0.10660228, 0.32125142, 0.96385069E-1, 0.43256581, 0.22394955, 1.6889662, 7.7242074, 9.7426176, 9.8455963, 19.858948, 19.859123, 19.859182, 19.859116, 0.25432497, 0.25223929, 0.26688886, 0.32724133, 0.34742573, 0.34845582, 0.34929472, 0.34929562, 0.34929591, 0.34929559, 0.96385069E-1
0.10515387, 0.30376038, 0.91137230E-1, 0.37217438, 0.20470917, 1.6150057, 7.5207486, 9.7821474, 9.8593292, 19.858948, 19.859123, 19.859182, 19.859116, 0.25372139, 0.25204697, 0.26614961, 0.32520705, 0.34782121, 0.34859321, 0.34929472, 0.34929562, 0.34929591, 0.34929559, 0.91137230E-1
0.11050349, 0.36836272, 0.11051987, 0.84474981, 0.16798079, 1.4638692, 7.2461438, 9.7661610, 9.8540010, 19.858948, 19.859123, 19.859182, 19.859116, 0.25844282, 0.25167924, 0.26463625, 0.32245901, 0.34765998, 0.34853947, 0.34929472, 0.34929562, 0.34929591, 0.34929559, 0.11051987
0.15008131, 0.84630787, 0.25391775, 2.3495646, 2.4899364, 1.4007092, 7.0656271, 9.7934694, 9.8638735, 19.858900, 19.859112, 19.859177, 19.859116, 0.27348348, 0.27489161, 0.26400492, 0.32065406, 0.34793317, 0.34863824, 0.34929448, 0.34929556, 0.34929588, 0.34929559, 0.25391775
0.14091513, 0.73561627, 0.22070695, 1.8993229, 2.1942945, 1.3141930, 6.8733726, 9.7925329, 9.8640871, 19.858805, 19.859083, 19.859171, 19.859116, 0.26898763, 0.27193907, 0.26314077, 0.31873250, 0.34792447, 0.34864056, 0.34929401, 0.34929541, 0.34929585, 0.34929559, 0.22070695
0.14107481, 0.73754466, 0.22128552, 2.1260409, 1.9022077, 1.2232393, 6.6683202, 9.7873058, 9.8623676, 19.858757, 19.859066, 19.859165, 19.859116, 0.27125344, 0.26901832, 0.26223120, 0.31668189, 0.34787211, 0.34862337, 0.34929377, 0.34929532, 0.34929582, 0.34929559, 0.22128552
0.13265771, 0.63589895, 0.19078876, 1.6956478, 1.6620040, 1.1437088, 6.4691029, 9.7870188, 9.8622980, 19.858757, 19.859066, 19.859165, 19.859116, 0.26695251, 0.26661772, 0.26143628, 0.31469011, 0.34786949, 0.34862274, 0.34929377, 0.34929532, 0.34929582, 0.34929559, 0.19078876
0.12542742, 0.54858553, 0.16459212, 1.3379335, 1.4455438, 1.0645837, 6.2716975, 9.7871990, 9.8621168, 19.858475, 19.858971, 19.859140, 19.859116, 0.26337036, 0.26444963, 0.26064369, 0.31271443, 0.34787002, 0.34862050, 0.34929237, 0.34929484, 0.34929571, 0.34929559, 0.16459212
0.12010817, 0.48434976, 0.14531946, 1.0835409, 1.2771338, 0.99968016, 6.0895066, 9.7914419, 9.8636351, 19.858410, 19.858948, 19.859135, 19.859116, 0.26082835, 0.26276633, 0.25999483, 0.31089267, 0.34791252, 0.34863570, 0.34929204, 0.34929472, 0.34929568, 0.34929559, 0.14531946
0.11471471, 0.41921788, 0.12577794, 0.83136857, 1.1025220, 0.92609525, 5.9011431, 9.7901955, 9.8628712, 19.857918, 19.858805, 19.859089, 19.859104, 0.25830406, 0.26101756, 0.25925773, 0.30900732, 0.34789854, 0.34862757, 0.34928960, 0.34929401, 0.34929544, 0.34929553, 0.12577794
0.11002062, 0.36253151, 0.10877033, 0.62039793, 0.94199181, 0.85421205, 5.7087030, 9.7868757, 9.8614626, 19.857597, 19.858709, 19.859047, 19.859098, 0.25619704, 0.25941360, 0.25853926, 0.30708322, 0.34786546, 0.34861353, 0.34928799, 0.34929353, 0.34929523, 0.34929550, 0.10877033
0.10593347, 0.31317478, 0.93961835E-1, 0.44677556, 0.79319477, 0.78318119, 5.5067916, 9.7808123, 9.8591299, 19.857430, 19.858646, 19.859011, 19.859087, 0.25446329, 0.25792718, 0.25782946, 0.30506462, 0.34780517, 0.34859031, 0.34928715, 0.34929323, 0.34929505, 0.34929544, 0.93961835E-1
0.10261712, 0.27312630, 0.81946090E-1, 0.31393170, 0.66695809, 0.71839988, 5.3052144, 9.7786036, 9.8581495, 19.857319, 19.858652, 19.858974, 19.859087, 0.25313467, 0.25666368, 0.25718081, 0.30304742, 0.34778172, 0.34858003, 0.34928659, 0.34929326, 0.34929487, 0.34929544, 0.81946090E-1
0.10003582, 0.24195427, 0.72593540E-1, 0.21557510, 0.56573451, 0.66279173, 5.1145582, 9.7818031, 9.8591890, 19.857265, 19.858614, 19.858940, 19.859087, 0.25215191, 0.25565132, 0.25662437, 0.30114013, 0.34781280, 0.34859014, 0.34928632, 0.34929305, 0.34929469, 0.34929544, 0.72593540E-1
0.97368874E-1, 0.20974803, 0.62930703E-1, 0.11424422, 0.46187639, 0.60229301, 4.9187455, 9.7793407, 9.8580961, 19.856947, 19.858479, 19.858887, 19.859076, 0.25114077, 0.25461471, 0.25602028, 0.29918313, 0.34778911, 0.34857953, 0.34928474, 0.34929240, 0.34929442, 0.34929538, 0.62930703E-1
0.94733462E-1, 0.17792255, 0.53382102E-1, 0.19282103E-1, 0.35637021, 0.53621829, 4.7068367, 9.7705812, 9.8545771, 19.856539, 19.858368, 19.858828, 19.859058, 0.25019246, 0.25355986, 0.25535929, 0.29706329, 0.34770057, 0.34854400, 0.34928268, 0.34929183, 0.34929413, 0.34929529, 0.53382102E-1
0.93240112E-1, 0.15988871, 0.47971413E-1, 0.0000000, 0.26461184, 0.47131479, 4.4727840, 9.7575617, 9.8494568, 19.856375, 19.858307, 19.858805, 19.859045, 0.24999955, 0.25264299, 0.25471038, 0.29472256, 0.34756985, 0.34849262, 0.34928188, 0.34929153, 0.34929401, 0.34929523, 0.47971413E-1
0.92238508E-1, 0.14779329, 0.44342425E-1, 0.0000000, 0.19636154, 0.41527152, 4.2287130, 9.7497940, 9.8462458, 19.856491, 19.858318, 19.858805, 19.859045, 0.24999955, 0.25196159, 0.25415057, 0.29228276, 0.34749290, 0.34846076, 0.34928244, 0.34929159, 0.34929401, 0.34929523, 0.44342425E-1
0.91120191E-1, 0.13428840, 0.40290549E-1, 0.0000000, 0.12459159, 0.34919083, 3.9404604, 9.7272902, 9.8371878, 19.856373, 19.858284, 19.858805, 19.859034, 0.24999955, 0.25124353, 0.25348857, 0.28939706, 0.34726360, 0.34836873, 0.34928185, 0.34929141, 0.34929401, 0.34929517, 0.40290549E-1
0.90540960E-1, 0.12729356, 0.38191885E-1, 0.0000000, 0.95209479E-1, 0.31407475, 3.6989849, 9.7450590, 9.8434839, 19.856745, 19.858366, 19.858805, 19.859034, 0.24999955, 0.25095052, 0.25313815, 0.28698373, 0.34744254, 0.34843212, 0.34928373, 0.34929183, 0.34929401, 0.34929517, 0.38191885E-1
0.90041153E-1, 0.12125786, 0.36380995E-1, 0.0000000, 0.75986981E-1, 0.28088093, 3.4551358, 9.7411823, 9.8425846, 19.857244, 19.858423, 19.858805, 19.859034, 0.24999955, 0.25075862, 0.25280648, 0.28454563, 0.34740376, 0.34842312, 0.34928623, 0.34929210, 0.34929401, 0.34929517, 0.36380995E-1
0.89479335E-1, 0.11447326, 0.34345414E-1, 0.0000000, 0.54743886E-1, 0.24355352, 3.1842179, 9.7265329, 9.8369484, 19.857527, 19.858423, 19.858805, 19.859034, 0.24999955, 0.25054628, 0.25243294, 0.28183541, 0.34725499, 0.34836599, 0.34928763, 0.34929210, 0.34929401, 0.34929517, 0.34345414E-1
0.89093775E-1, 0.10981723, 0.32948464E-1, 0.0000000, 0.43335557E-1, 0.21685958, 2.9904099, 9.6735582, 9.8385639, 19.857809, 19.858423, 19.858805, 19.859034, 0.24999955, 0.25043285, 0.25216734, 0.27990067, 0.34673005, 0.34838375, 0.34928906, 0.34929210, 0.34929401, 0.34929517, 0.32948464E-1
0.10809512, 0.33927915, 0.10179392, 1.3806462, 0.42307377E-1, 0.21428764, 2.9832573, 9.6089640, 9.8634701, 19.857998, 19.858423, 19.858805, 19.859034, 0.26380321, 0.25042301, 0.25214273, 0.27983215, 0.34608895, 0.34863445, 0.34928998, 0.34929210, 0.34929401, 0.34929517, 0.10179392
0.11068078, 0.37050378, 0.11116225, 1.5693218, 0.42116642E-1, 0.21380782, 2.9819131, 9.5670061, 9.8783426, 19.858139, 19.858423, 19.858805, 19.859034, 0.26569131, 0.25042114, 0.25213799, 0.27981892, 0.34566969, 0.34878331, 0.34929070, 0.34929210, 0.34929401, 0.34929517, 0.11116225
0.11576401, 0.43188930, 0.12957975, 1.9393295, 0.41732192E-1, 0.21281540, 2.9791653, 9.5293818, 9.8859186, 19.858185, 19.858423, 19.858805, 19.859034, 0.26939222, 0.25041732, 0.25212812, 0.27979156, 0.34529367, 0.34885913, 0.34929091, 0.34929210, 0.34929401, 0.34929517, 0.12957975
0.11497559, 0.42236823, 0.12672314, 1.8852383, 0.41031837E-1, 0.21101832, 2.9741197, 9.4910412, 9.8892860, 19.858185, 19.858423, 19.858805, 19.859034, 0.26884487, 0.25041023, 0.25210994, 0.27974048, 0.34490928, 0.34889248, 0.34929091, 0.34929210, 0.34929401, 0.34929517, 0.12672314
0.11429871, 0.41419420, 0.12427069, 1.8384933, 0.40420890E-1, 0.20943880, 2.9696524, 9.4550905, 9.8915157, 19.858185, 19.858423, 19.858805, 19.859034, 0.26837608, 0.25040409, 0.25209409, 0.27969566, 0.34454954, 0.34891468, 0.34929091, 0.34929210, 0.34929401, 0.34929517, 0.12427069
0.11333140, 0.40251285, 0.12076593, 1.7710567, 0.39529800E-1, 0.20710826, 2.9630094, 9.4163694, 9.8918600, 19.858185, 19.858423, 19.858805, 19.859034, 0.26770300, 0.25039521, 0.25207081, 0.27962935, 0.34416249, 0.34891820, 0.34929091, 0.34929210, 0.34929401, 0.34929517, 0.12076593
0.11229171, 0.38995749, 0.11699895, 1.6989380, 0.38552284E-1, 0.20454526, 2.9556334, 9.3765669, 9.8917542, 19.858185, 19.858423, 19.858805, 19.859034, 0.26697960, 0.25038540, 0.25204509, 0.27955532, 0.34376407, 0.34891698, 0.34929091, 0.34929210, 0.34929401, 0.34929517, 0.11699895
0.11079672, 0.37190387, 0.11158232, 1.5953898, 0.37127733E-1, 0.20073354, 2.9445291, 9.3303518, 9.8900347, 19.858185, 19.858423, 19.858805, 19.859034, 0.26593721, 0.25037104, 0.25200671, 0.27944344, 0.34330058, 0.34889930, 0.34929091, 0.34929210, 0.34929401, 0.34929517, 0.11158232
0.10692418, 0.32513866, 0.97551353E-1, 1.3397932, 0.12931228E-1, 0.18119514, 2.9134512, 9.2558107, 9.8815279, 19.857765, 19.858360, 19.858805, 19.859028, 0.26337677, 0.25012919, 0.25181109, 0.27913174, 0.34255373, 0.34881371, 0.34928882, 0.34929180, 0.34929401, 0.34929514, 0.97551353E-1
0.10520451, 0.30437180, 0.91320679E-1, 1.2214184, 0.98913908E-2, 0.17520785, 2.8973789, 9.1973152, 9.8820248, 19.857903, 19.858423, 19.858805, 19.859028, 0.26219398, 0.25009882, 0.25175121, 0.27897090, 0.34196860, 0.34881860, 0.34928951, 0.34929210, 0.34929401, 0.34929514, 0.91320679E-1
0.10326792, 0.28098541, 0.84304057E-1, 1.0868043, 0.68515539E-2, 0.16816258, 2.8773308, 9.1321363, 9.8806419, 19.857998, 19.858423, 19.858805, 19.859028, 0.26086134, 0.25006849, 0.25168133, 0.27877223, 0.34131965, 0.34880581, 0.34928998, 0.34929210, 0.34929401, 0.34929514, 0.84304057E-1
0.10451045, 0.29599029, 0.88805966E-1, 1.1819750, 0.65028667E-2, 0.16388595, 2.8625517, 9.0748062, 9.8818922, 19.858139, 19.858423, 19.858805, 19.859028, 0.26180288, 0.25006497, 0.25163814, 0.27862307, 0.34074420, 0.34881753, 0.34929070, 0.34929210, 0.34929401, 0.34929514, 0.88805966E-1
0.10341799, 0.28279775, 0.84847815E-1, 1.1056989, 0.62584877E-2, 0.16064048, 2.8511405, 9.0237942, 9.8841276, 19.858185, 19.858423, 19.858805, 19.859028, 0.26104426, 0.25006256, 0.25160584, 0.27850944, 0.34023485, 0.34884015, 0.34929091, 0.34929210, 0.34929401, 0.34929514, 0.84847815E-1
0.10258254, 0.27270868, 0.81820786E-1, 1.0470837, 0.60647726E-2, 0.15804172, 2.8418632, 8.9774666, 9.8862915, 19.858185, 19.858423, 19.858805, 19.859028, 0.26046678, 0.25006065, 0.25158024, 0.27841797, 0.33977363, 0.34886253, 0.34929091, 0.34929210, 0.34929401, 0.34929514, 0.81820786E-1
0.99758342E-1, 0.23860346, 0.71588196E-1, 0.85047185, 0.53644180E-2, 0.14859438, 2.8071463, 8.8885345, 9.8759985, 19.858185, 19.858423, 19.858805, 19.859028, 0.25850135, 0.25005364, 0.25148576, 0.27807081, 0.33888426, 0.34875959, 0.34929091, 0.34929210, 0.34929401, 0.34929514, 0.71588196E-1
0.94761819E-1, 0.17826501, 0.53484850E-1, 0.50957799, 0.0000000, 0.12302399, 2.7271004, 8.7191486, 9.8513145, 19.857931, 19.858414, 19.858805, 19.859022, 0.25509104, 0.24999951, 0.25122988, 0.27726948, 0.33718905, 0.34851223, 0.34928966, 0.34929207, 0.34929401, 0.34929511, 0.53484850E-1
0.90601556E-1, 0.12802529, 0.38411431E-1, 0.23117363, 0.0000000, 0.91174245E-1, 2.6185155, 8.4865990, 9.8269482, 19.857603, 19.858355, 19.858805, 19.859016, 0.25230926, 0.24999951, 0.25091144, 0.27618346, 0.33486325, 0.34826845, 0.34928802, 0.34929177, 0.34929401, 0.34929508, 0.38411431E-1
0.87613054E-1, 0.91935940E-1, 0.27583541E-1, 0.37562847E-1, 0.0000000, 0.45025349E-1, 2.5474191, 8.3243799, 9.8339033, 19.856153, 19.858061, 19.858709, 19.858986, 0.25037363, 0.24999951, 0.25044954, 0.27546605, 0.33323047, 0.34833378, 0.34928077, 0.34929031, 0.34929353, 0.34929493, 0.27583541E-1
0.86755566E-1, 0.81580833E-1, 0.24476698E-1, 0.0000000, 0.0000000, 0.0000000, 2.4555116, 8.1328917, 9.8285112, 19.854568, 19.857706, 19.858614, 19.858946, 0.24999736, 0.24999951, 0.24999969, 0.27454922, 0.33131915, 0.34828117, 0.34927285, 0.34928852, 0.34929305, 0.34929472, 0.24476698E-1
0.86616606E-1, 0.79902723E-1, 0.23973215E-1, 0.0000000, 0.0000000, 0.0000000, 2.3814917, 7.9441285, 9.8265848, 19.855116, 19.857864, 19.858614, 19.858940, 0.24999736, 0.24999951, 0.24999969, 0.27381364, 0.32943916, 0.34826499, 0.34927559, 0.34928933, 0.34929305, 0.34929469, 0.23973215E-1
0.86442471E-1, 0.77799879E-1, 0.23342298E-1, 0.0000000, 0.0000000, 0.0000000, 2.2859395, 7.7188120, 9.8177538, 19.855009, 19.857859, 19.858566, 19.858923, 0.24999736, 0.24999951, 0.24999969, 0.27285495, 0.32718062, 0.34817436, 0.34927505, 0.34928930, 0.34929281, 0.34929460, 0.23342298E-1
0.86212792E-1, 0.75026236E-1, 0.22510123E-1, 0.0000000, 0.0000000, 0.0000000, 2.1596909, 7.4226022, 9.7985125, 19.855032, 19.857883, 19.858566, 19.858923, 0.24999736, 0.24999951, 0.24999969, 0.27159336, 0.32421994, 0.34798244, 0.34927517, 0.34928942, 0.34929281, 0.34929460, 0.22510123E-1
0.86001001E-1, 0.72468661E-1, 0.21742772E-1, 0.0000000, 0.0000000, 0.0000000, 2.0473897, 7.1362367, 9.7944736, 19.855158, 19.857916, 19.858566, 19.858923, 0.24999736, 0.24999951, 0.24999969, 0.27047226, 0.32135949, 0.34794343, 0.34927580, 0.34928960, 0.34929281, 0.34929460, 0.21742772E-1
0.85764088E-1, 0.69607645E-1, 0.20884383E-1, 0.0000000, 0.0000000, 0.0000000, 1.9225329, 6.8172688, 9.7845592, 19.855175, 19.857929, 19.858566, 19.858923, 0.24999736, 0.24999951, 0.24999969, 0.26922303, 0.31816861, 0.34784362, 0.34927589, 0.34928966, 0.34929281, 0.34929460, 0.20884383E-1
0.85583054E-1, 0.67421496E-1, 0.20228472E-1, 0.0000000, 0.0000000, 0.0000000, 1.8299282, 6.5611310, 9.7948589, 19.854910, 19.857859, 19.858561, 19.858923, 0.24999736, 0.24999951, 0.24999969, 0.26829857, 0.31561002, 0.34794796, 0.34927455, 0.34928930, 0.34929281, 0.34929460, 0.20228472E-1
0.85402802E-1, 0.65244764E-1, 0.19575387E-1, 0.0000000, 0.0000000, 0.0000000, 1.7370135, 6.3108182, 9.7974672, 19.854538, 19.857752, 19.858551, 19.858923, 0.24999736, 0.24999951, 0.24999969, 0.26736915, 0.31310636, 0.34797373, 0.34927270, 0.34928876, 0.34929276, 0.34929460, 0.19575387E-1
0.85198060E-1, 0.62772214E-1, 0.18833548E-1, 0.0000000, 0.0000000, 0.0000000, 1.6305000, 6.0330849, 9.7885723, 19.854013, 19.857594, 19.858534, 19.858923, 0.24999736, 0.24999951, 0.24999969, 0.26630202, 0.31032535, 0.34788275, 0.34927008, 0.34928796, 0.34929267, 0.34929460, 0.18833548E-1
0.85078955E-1, 0.61333936E-1, 0.18402021E-1, 0.0000000, 0.0000000, 0.0000000, 1.5745759, 5.8488002, 9.8112650, 19.854130, 19.857607, 19.858566, 19.858923, 0.24999736, 0.24999951, 0.24999969, 0.26574489, 0.30848643, 0.34811175, 0.34927064, 0.34928805, 0.34929281, 0.34929460, 0.18402021E-1
0.84984913E-1, 0.60198221E-1, 0.18061273E-1, 0.0000000, 0.0000000, 0.0000000, 1.5322953, 5.7020226, 9.8258400, 19.854549, 19.857706, 19.858566, 19.858923, 0.24999736, 0.24999951, 0.24999969, 0.26532048, 0.30701560, 0.34825575, 0.34927276, 0.34928852, 0.34929281, 0.34929460, 0.18061273E-1
0.91808110E-1, 0.14259575, 0.42783007E-1, 0.50117970, 0.0000000, 0.0000000, 1.4834583, 5.5727220, 9.8352318, 19.853611, 19.857458, 19.858509, 19.858892, 0.25501120, 0.24999951, 0.24999969, 0.26483446, 0.30572701, 0.34835219, 0.34926805, 0.34928730, 0.34929255, 0.34929445, 0.42783007E-1
0.89171097E-1, 0.11075095, 0.33228610E-1, 0.31526089, 0.0000000, 0.0000000, 1.4521420, 5.4727073, 9.8473539, 19.853605, 19.857466, 19.858561, 19.858875, 0.25314805, 0.24999951, 0.24999969, 0.26452017, 0.30472469, 0.34847212, 0.34926802, 0.34928733, 0.34929281, 0.34929436, 0.33228610E-1
0.86604685E-1, 0.79758756E-1, 0.23930021E-1, 0.13515651, 0.0000000, 0.0000000, 1.4109313, 5.3574734, 9.8450222, 19.853554, 19.857477, 19.858555, 19.858875, 0.25134799, 0.24999951, 0.24999969, 0.26410708, 0.30357048, 0.34844759, 0.34926778, 0.34928739, 0.34929278, 0.34929436, 0.23930021E-1
0.85622214E-1, 0.67894362E-1, 0.20370346E-1, 0.68697333E-1, 0.0000000, 0.0000000, 1.3828248, 5.2542343, 9.8481760, 19.854345, 19.857706, 19.858566, 19.858875, 0.25068378, 0.24999951, 0.24999969, 0.26382437, 0.30253500, 0.34847718, 0.34927171, 0.34928852, 0.34929281, 0.34929436, 0.20370346E-1
0.84726170E-1, 0.57073694E-1, 0.17123820E-1, 0.10225177E-1, 0.0000000, 0.0000000, 1.3395220, 5.1200905, 9.8362188, 19.854910, 19.857841, 19.858566, 19.858875, 0.25010183, 0.24999951, 0.24999969, 0.26339188, 0.30119452, 0.34835809, 0.34927455, 0.34928921, 0.34929281, 0.34929436, 0.17123820E-1
0.84469602E-1, 0.53975362E-1, 0.16194228E-1, 0.0000000, 0.0000000, 0.0000000, 1.2851715, 4.9520664, 9.8228321, 19.855293, 19.857952, 19.858566, 19.858875, 0.24999280, 0.24999951, 0.24999969, 0.26285049, 0.29951829, 0.34822676, 0.34927648, 0.34928977, 0.34929281, 0.34929436, 0.16194228E-1
0.84387489E-1, 0.52983712E-1, 0.15896704E-1, 0.0000000, 0.0000000, 0.0000000, 1.2486517, 4.8239117, 9.8328562, 19.855282, 19.857941, 19.858566, 19.858875, 0.24999280, 0.24999951, 0.24999969, 0.26248416, 0.29823455, 0.34832546, 0.34927642, 0.34928972, 0.34929281, 0.34929436, 0.15896704E-1
0.84313430E-1, 0.52089360E-1, 0.15628371E-1, 0.0000000, 0.0000000, 0.0000000, 1.2140751, 4.7118583, 9.8397341, 19.854992, 19.857847, 19.858555, 19.858875, 0.24999280, 0.24999951, 0.24999969, 0.26213846, 0.29711413, 0.34839427, 0.34927496, 0.34928924, 0.34929278, 0.34929436, 0.15628371E-1
0.84155984E-1, 0.50188020E-1, 0.15057912E-1, 0.0000000, 0.0000000, 0.0000000, 1.1292875, 4.5114217, 9.8086767, 19.853317, 19.857433, 19.858461, 19.858839, 0.24999280, 0.24999951, 0.24999969, 0.26129076, 0.29510999, 0.34808370, 0.34926659, 0.34928715, 0.34929231, 0.34929419, 0.15057912E-1
0.83959162E-1, 0.47811195E-1, 0.14344794E-1, 0.0000000, 0.0000000, 0.0000000, 1.0287046, 4.2469831, 9.7787638, 19.851944, 19.857044, 19.858398, 19.858828, 0.24999280, 0.24999951, 0.24999969, 0.26028535, 0.29246628, 0.34778494, 0.34925973, 0.34928522, 0.34929198, 0.34929413, 0.14344794E-1
0.83729737E-1, 0.45040611E-1, 0.13513535E-1, 0.0000000, 0.0000000, 0.0000000, 0.92047453, 3.9172792, 9.7529478, 19.851374, 19.856892, 19.858385, 19.858828, 0.24999280, 0.24999951, 0.24999969, 0.25920436, 0.28917193, 0.34752876, 0.34925687, 0.34928447, 0.34929192, 0.34929413, 0.13513535E-1
0.83584309E-1, 0.43284465E-1, 0.12986639E-1, 0.0000000, 0.0000000, 0.0000000, 0.86359084, 3.6729741, 9.7747908, 19.852339, 19.857176, 19.858473, 19.858828, 0.24999280, 0.24999951, 0.24999969, 0.25863451, 0.28672680, 0.34774530, 0.34926170, 0.34928587, 0.34929237, 0.34929413, 0.12986639E-1
0.99643543E-1, 0.23721711, 0.71172252E-1, 1.1680365, 0.0000000, 0.0000000, 0.84590018, 3.5518439, 9.8228159, 19.853199, 19.857424, 19.858566, 19.858828, 0.26167908, 0.24999951, 0.24999969, 0.25845894, 0.28551832, 0.34822804, 0.34926599, 0.34928712, 0.34929281, 0.34929413, 0.71172252E-1
0.12824866, 0.58265507, 0.17481400, 2.6921213, 0.91918707, 0.0000000, 0.83211660, 3.4747293, 9.8499956, 19.853691, 19.857571, 19.858566, 19.858828, 0.27692100, 0.25919184, 0.24999969, 0.25832117, 0.28474730, 0.34849995, 0.34926847, 0.34928787, 0.34929281, 0.34929413, 0.17481400
0.12365428, 0.52717274, 0.15816765, 2.4123669, 0.83510876, 0.0000000, 0.81680715, 3.4119916, 9.8629808, 19.853914, 19.857607, 19.858566, 19.858828, 0.27412298, 0.25835094, 0.24999969, 0.25816807, 0.28411987, 0.34862977, 0.34926957, 0.34928805, 0.34929281, 0.34929413, 0.15816765
0.11903057, 0.47133642, 0.14141507, 2.1293402, 0.75291097, 0.0000000, 0.80227852, 3.3544083, 9.8690376, 19.854193, 19.857658, 19.858566, 19.858828, 0.27129123, 0.25752866, 0.24999969, 0.25802273, 0.28354400, 0.34869030, 0.34927097, 0.34928828, 0.34929281, 0.34929413, 0.14141507
0.11431128, 0.41434592, 0.12431621, 1.8632740, 0.63192248, 0.0000000, 0.78155100, 3.2879512, 9.8654213, 19.854225, 19.857647, 19.858566, 19.858828, 0.26863018, 0.25631869, 0.24999969, 0.25781545, 0.28287935, 0.34865406, 0.34927112, 0.34928823, 0.34929281, 0.34929413, 0.12431621
0.10997796, 0.36201650, 0.10861582, 1.5998274, 0.55199564, 0.0000000, 0.76549947, 3.2296877, 9.8693438, 19.854321, 19.857658, 19.858566, 19.858828, 0.26599631, 0.25551954, 0.24999969, 0.25765494, 0.28229675, 0.34869331, 0.34927160, 0.34928828, 0.34929281, 0.34929413, 0.10861582
0.10458709, 0.29691583, 0.89083657E-1, 1.2809813, 0.43888688, 0.0000000, 0.73977411, 3.1667960, 9.8688936, 19.853624, 19.857475, 19.858534, 19.858828, 0.26280344, 0.25438756, 0.24999969, 0.25739753, 0.28166747, 0.34868842, 0.34926814, 0.34928739, 0.34929267, 0.34929413, 0.89083657E-1
0.96828699E-1, 0.20322482, 0.60973547E-1, 0.82952380, 0.26262105, 0.0000000, 0.69580078, 3.0882819, 9.8612890, 19.851751, 19.856997, 19.858416, 19.858828, 0.25828958, 0.25262514, 0.24999969, 0.25695771, 0.28088218, 0.34861222, 0.34925875, 0.34928498, 0.34929207, 0.34929413, 0.60973547E-1
0.93570702E-1, 0.16388097, 0.49169209E-1, 0.64313710, 0.18482804, 0.0000000, 0.67513883, 3.0284393, 9.8675766, 19.851887, 19.857035, 19.858444, 19.858828, 0.25642520, 0.25184721, 0.24999969, 0.25675100, 0.28028354, 0.34867480, 0.34925944, 0.34928519, 0.34929222, 0.34929413, 0.49169209E-1
0.14553785, 0.79144078, 0.23745598, 2.3706794, 2.3081362, 2.1482735, 2.1712632, 4.0056915, 9.8753872, 19.852339, 19.857176, 19.858498, 19.858828, 0.27370593, 0.27308086, 0.27148250, 0.27171257, 0.29005688, 0.34875384, 0.34926170, 0.34928587, 0.34929249, 0.34929413, 0.23745598
0.16048983, 0.97200209, 0.29162979, 2.0635188, 2.1919222, 5.0322633, 9.3086271, 9.5658636, 9.8813105, 19.853001, 19.857365, 19.858566, 19.858828, 0.27063480, 0.27191898, 0.30032235, 0.34308618, 0.34565857, 0.34881309, 0.34926501, 0.34928682, 0.34929281, 0.34929413, 0.29162979
0.21098524, 1.0000000, 0.47458416, 2.4869921, 5.7901950, 8.5340796, 9.6428452, 9.7653885, 9.8836212, 19.853230, 19.857454, 19.858561, 19.858828, 0.27486983, 0.30790183, 0.33534071, 0.34642842, 0.34765390, 0.34883621, 0.34926614, 0.34928727, 0.34929281, 0.34929413, 0.47458416
0.19638245, 1.0000000, 0.42167550, 2.1529107, 4.0762711, 9.5304518, 9.7172308, 9.8077793, 9.8789177, 19.852316, 19.857204, 19.858484, 19.858828, 0.27152741, 0.29076079, 0.34530225, 0.34717187, 0.34807757, 0.34878910, 0.34926158, 0.34928602, 0.34929243, 0.34929413, 0.42167550
0.18635449, 1.0000000, 0.38534236, 1.8273026, 3.3706334, 9.5983953, 9.7459440, 9.8218870, 9.8758163, 19.851551, 19.857010, 19.858450, 19.858828, 0.26827058, 0.28370366, 0.34598011, 0.34745866, 0.34821847, 0.34875804, 0.34925777, 0.34928507, 0.34929225, 0.34929413, 0.38534236
0.17753324, 1.0000000, 0.35338131, 1.5097767, 2.9352756, 9.3947802, 9.7544403, 9.8248787, 9.8733654, 19.851038, 19.856880, 19.858431, 19.858828, 0.26509559, 0.27935022, 0.34394377, 0.34754357, 0.34824836, 0.34873351, 0.34925520, 0.34928441, 0.34929216, 0.34929413, 0.35338131
0.20454724, 1.0000000, 0.45125812, 2.9753656, 3.6480401, 9.5961733, 9.8005857, 9.8484964, 9.8812943, 19.852465, 19.857256, 19.858540, 19.858828, 0.27975261, 0.28647962, 0.34596074, 0.34800565, 0.34848484, 0.34881291, 0.34926233, 0.34928629, 0.34929270, 0.34929413, 0.45125812
0.19851665, 1.0000000, 0.42940813, 2.7679114, 3.2197039, 9.6865225, 9.8062019, 9.8517513, 9.8818140, 19.852634, 19.857294, 19.858555, 19.858828, 0.27767757, 0.28219596, 0.34686360, 0.34806168, 0.34851733, 0.34881806, 0.34926316, 0.34928647, 0.34929278, 0.34929413, 0.42940813
0.19547364, 1.0000000, 0.41838273, 2.6675999, 2.9964089, 9.7278528, 9.8236017, 9.8608837, 9.8849783, 19.853230, 19.857471, 19.858566, 19.858828, 0.27667463, 0.27996317, 0.34727705, 0.34823573, 0.34860870, 0.34884971, 0.34926614, 0.34928736, 0.34929281, 0.34929413, 0.41838273
0.19188690, 1.0000000, 0.40538734, 2.5103331, 2.9064984, 9.5648766, 9.8255482, 9.8620806, 9.8852491, 19.853415, 19.857529, 19.858561, 19.858828, 0.27510223, 0.27906421, 0.34564751, 0.34825522, 0.34862068, 0.34885246, 0.34926707, 0.34928763, 0.34929281, 0.34929413, 0.40538734
0.18545814, 1.0000000, 0.38209468, 2.3196430, 2.6590943, 9.1519766, 9.7864723, 9.8417759, 9.8779573, 19.852879, 19.857374, 19.858521, 19.858828, 0.27319631, 0.27659085, 0.34151965, 0.34786469, 0.34841776, 0.34877956, 0.34926438, 0.34928685, 0.34929261, 0.34929413, 0.38209468
0.17487918, 1.0000000, 0.34376514, 1.8656880, 2.3805408, 8.6754818, 9.7570658, 9.8253222, 9.8715410, 19.851727, 19.857082, 19.858456, 19.858828, 0.26865554, 0.27380440, 0.33675295, 0.34757024, 0.34825301, 0.34871536, 0.34925863, 0.34928542, 0.34929228, 0.34929413, 0.34376514
0.18946669, 1.0000000, 0.39661840, 2.9929132, 2.3388596, 8.5150280, 9.7976770, 9.8461676, 9.8796291, 19.852804, 19.857353, 19.858555, 19.858828, 0.27992648, 0.27338734, 0.33514801, 0.34797627, 0.34846142, 0.34879622, 0.34926403, 0.34928676, 0.34929278, 0.34929413, 0.39661840
0.17893066, 1.0000000, 0.35844439, 2.6363373, 1.9656122, 7.9208369, 9.7333698, 9.8119469, 9.8657370, 19.850153, 19.856657, 19.858343, 19.858805, 0.27636281, 0.26965588, 0.32920787, 0.34733358, 0.34811941, 0.34865734, 0.34925076, 0.34928328, 0.34929171, 0.34929401, 0.35844439
0.16491804, 1.0000000, 0.30767402, 1.9963533, 1.6536891, 7.3009238, 9.7070074, 9.7959375, 9.8593445, 19.849039, 19.856361, 19.858236, 19.858805, 0.26996198, 0.26653612, 0.32300755, 0.34706962, 0.34795913, 0.34859335, 0.34924519, 0.34928182, 0.34929118, 0.34929401, 0.30767402
0.15876938, 0.95122588, 0.28539631, 1.7427832, 1.5244424, 6.9113255, 9.7384443, 9.8120584, 9.8659992, 19.850264, 19.856638, 19.858313, 19.858805, 0.26742637, 0.26524365, 0.31911150, 0.34738395, 0.34812033, 0.34865990, 0.34925133, 0.34928319, 0.34929156, 0.34929401, 0.28539631
0.18504295, 1.0000000, 0.38059038, 2.6319237, 2.7780771, 7.7722392, 9.7923670, 9.8415756, 9.8775692, 19.851992, 19.857082, 19.858423, 19.858805, 0.27631804, 0.27778000, 0.32772133, 0.34792340, 0.34841561, 0.34877563, 0.34925997, 0.34928542, 0.34929210, 0.34929401, 0.38059038
0.18622363, 1.0000000, 0.38486817, 2.7739763, 2.7441473, 7.6444154, 9.8178740, 9.8564978, 9.8835993, 19.853308, 19.857433, 19.858423, 19.858805, 0.27773958, 0.27744135, 0.32644400, 0.34817871, 0.34856495, 0.34883600, 0.34926653, 0.34928715, 0.34929210, 0.34929401, 0.38486817
0.35599875, 1.0000000, 0.99999547, 9.9999580, 9.9999752, 9.9999876, 9.9999990, 9.9999990, 9.9999990, 19.999998, 19.999998, 19.999998, 19.996996, 0.34999937, 0.34999964, 0.34999982, 0.34999999, 0.34999999, 0.34999999, 0.34999999, 0.34999999, 0.34999999, 0.34998497, 0.99999547
0.35599971, 1.0000000, 0.99999893, 9.9999990, 9.9999990, 9.9999990, 9.9999990, 9.9999990, 9.9999990, 19.999998, 19.999998, 19.999998, 19.998999, 0.34999985, 0.34999990, 0.34999996, 0.34999999, 0.34999999, 0.34999999, 0.34999999, 0.34999999, 0.34999999, 0.34999499, 0.99999893
0.35600001, 1.0000000, 1.0000000, 9.9999990, 9.9999990, 9.9999990, 9.9999990, 9.9999990, 9.9999990, 19.999998, 19.999998, 19.999998, 19.998999, 0.34999999, 0.34999999, 0.34999999, 0.34999999, 0.34999999, 0.34999999, 0.34999999, 0.34999999, 0.34999999, 0.34999499, 1.0000000
0.35599971, 1.0000000, 0.99999887, 9.9999990, 9.9999990, 9.9999990, 9.9999990, 9.9999990, 9.9999990, 19.999998, 19.999998, 19.999998, 19.998999, 0.34999985, 0.34999990, 0.34999993, 0.34999999, 0.34999999, 0.34999999, 0.34999999, 0.34999999, 0.34999999, 0.34999499, 0.99999887
0.34749705, 1.0000000, 0.96919215, 9.5850801, 9.7396030, 9.8596907, 9.9626417, 9.9809837, 9.9927006, 19.999039, 19.999754, 19.999813, 19.979271, 0.34585065, 0.34739593, 0.34859684, 0.34962642, 0.34980983, 0.34992701, 0.34999520, 0.34999877, 0.34999907, 0.34989637, 0.96919215
0.32983154, 1.0000000, 0.90518671, 8.4569063, 9.5550289, 9.7387352, 9.9087591, 9.9521227, 9.9803715, 19.996559, 19.999111, 19.998388, 19.956533, 0.33456442, 0.34554714, 0.34738573, 0.34908727, 0.34952104, 0.34980366, 0.34998280, 0.34999555, 0.34999195, 0.34978268, 0.90518671
0.29806772, 1.0000000, 0.79010040, 6.3072109, 9.3768950, 9.6096144, 9.8244944, 9.9031715, 9.9573183, 19.990936, 19.997625, 19.994537, 19.935991, 0.31306994, 0.34376702, 0.34609517, 0.34824473, 0.34903163, 0.34957317, 0.34995466, 0.34998813, 0.34997270, 0.34967995, 0.79010040
0.26055768, 1.0000000, 0.65419447, 3.6723614, 9.2849665, 9.5336342, 9.7594223, 9.8596220, 9.9346762, 19.985151, 19.996016, 19.987846, 19.918335, 0.28672248, 0.34284794, 0.34533545, 0.34759405, 0.34859613, 0.34934673, 0.34992576, 0.34998009, 0.34993923, 0.34959167, 0.65419447
0.23155449, 1.0000000, 0.54911047, 2.3790598, 7.9602137, 9.4993057, 9.7225122, 9.8309307, 9.9173784, 19.979967, 19.994268, 19.978321, 19.903837, 0.27378973, 0.32960039, 0.34499201, 0.34722492, 0.34830919, 0.34917375, 0.34989983, 0.34997135, 0.34989160, 0.34951919, 0.54911047
0.20621806, 1.0000000, 0.45731178, 1.6170472, 6.1861019, 9.4745197, 9.6991978, 9.8117580, 9.9047651, 19.975439, 19.992104, 19.966410, 19.892323, 0.26616985, 0.31185961, 0.34474412, 0.34699178, 0.34811747, 0.34904763, 0.34987718, 0.34996051, 0.34983206, 0.34946162, 0.45731178
0.18860981, 1.0000000, 0.39351374, 1.1621922, 4.8057871, 9.4968567, 9.7083168, 9.8134546, 9.9028778, 19.973118, 19.989491, 19.953047, 19.883505, 0.26162076, 0.29805499, 0.34496573, 0.34708259, 0.34813425, 0.34902868, 0.34986559, 0.34994745, 0.34976524, 0.34941751, 0.39351374
0.16746888, 1.0000000, 0.31691623, 0.57049990, 3.2628067, 9.4546957, 9.6830530, 9.7974434, 9.8936195, 19.968584, 19.984814, 19.938940, 19.876814, 0.25570476, 0.28262722, 0.34454578, 0.34683031, 0.34797430, 0.34893617, 0.34984291, 0.34992406, 0.34969470, 0.34938407, 0.31691623
0.15332896, 0.88552690, 0.26568463, 0.20248592, 2.5243282, 8.7458086, 9.6733990, 9.7902088, 9.8894958, 19.965912, 19.978779, 19.925253, 19.871870, 0.25202471, 0.27524221, 0.33745623, 0.34673357, 0.34790188, 0.34889489, 0.34982955, 0.34989390, 0.34962627, 0.34935933, 0.26568463
0.14164658, 0.74444932, 0.22335714, 0.0000000, 1.9847423, 7.6841321, 9.6502209, 9.7752151, 9.8819466, 19.962595, 19.970581, 19.912571, 19.868223, 0.24996926, 0.26984715, 0.32684082, 0.34650210, 0.34775209, 0.34881943, 0.34981298, 0.34985292, 0.34956285, 0.34934112, 0.22335714
0.13446343, 0.65770519, 0.19733129, 0.0000000, 1.5803903, 6.7583861, 9.6499729, 9.7738657, 9.8803883, 19.959805, 19.960773, 19.901468, 19.865601, 0.24996926, 0.26580280, 0.31758147, 0.34649906, 0.34773830, 0.34880376, 0.34979904, 0.34980386, 0.34950733, 0.34932801, 0.19733129
0.12977110, 0.60104018, 0.18033008, 0.0000000, 1.3396889, 6.0986247, 9.6807261, 9.7912025, 9.8872757, 19.957436, 19.949835, 19.892111, 19.863707, 0.24996926, 0.26339501, 0.31098196, 0.34680590, 0.34791133, 0.34887251, 0.34978718, 0.34974918, 0.34946054, 0.34931853, 0.18033008
0.15289649, 0.88030434, 0.26411772, 1.5611231, 1.8925607, 5.3794966, 9.6665802, 9.7836580, 9.8827162, 19.950809, 19.937256, 19.884233, 19.862284, 0.26560849, 0.26892361, 0.30379215, 0.34666479, 0.34783608, 0.34882697, 0.34975404, 0.34968626, 0.34942117, 0.34931141, 0.26411772
0.13372365, 0.64877129, 0.19465086, 0.75077116, 1.3679355, 4.5105238, 9.6300278, 9.7613983, 9.8717070, 19.942375, 19.924376, 19.877861, 19.861242, 0.25750312, 0.26367435, 0.29509699, 0.34629676, 0.34761220, 0.34871647, 0.34971187, 0.34962189, 0.34938931, 0.34930623, 0.19465086
0.11875428, 0.46800005, 0.14041406, 0.18391907, 0.93605816, 3.6507556, 9.6127739, 9.7490568, 9.8643951, 19.933592, 19.912327, 19.872921, 19.860521, 0.25183842, 0.25935817, 0.28650287, 0.34612527, 0.34748933, 0.34864354, 0.34966797, 0.34956163, 0.34936461, 0.34930259, 0.14041406
0.11053376, 0.36872837, 0.11062957, 0.0000000, 0.60970783, 2.9661000, 9.4414730, 9.7403498, 9.8591232, 19.925381, 19.901741, 19.869186, 19.860025, 0.24996410, 0.25609463, 0.27965507, 0.34441099, 0.34740156, 0.34859058, 0.34962690, 0.34950870, 0.34934592, 0.34930012, 0.11062957
0.10554516, 0.30848560, 0.92554934E-1, 0.0000000, 0.30246079, 2.4793744, 8.9374447, 9.7139225, 9.8459539, 19.915892, 19.892334, 19.866316, 19.859674, 0.24996410, 0.25302309, 0.27478749, 0.33936995, 0.34713680, 0.34845871, 0.34957945, 0.34946167, 0.34933159, 0.34929836, 0.92554934E-1
0.10150305, 0.25967276, 0.77909619E-1, 0.0000000, 0.91236830E-1, 2.0350277, 8.3965340, 9.6956606, 9.8355217, 19.906719, 19.884531, 19.864176, 19.859434, 0.24996410, 0.25091222, 0.27034846, 0.33396384, 0.34695575, 0.34835494, 0.34953359, 0.34942266, 0.34932089, 0.34929717, 0.77909619E-1
0.98885462E-1, 0.22806245, 0.68425581E-1, 0.0000000, 0.0000000, 1.6875356, 7.8863750, 9.6968288, 9.8331242, 19.898151, 19.878220, 19.862640, 19.859251, 0.24996410, 0.24998322, 0.26687089, 0.32885957, 0.34696573, 0.34833038, 0.34949076, 0.34939110, 0.34931320, 0.34929627, 0.68425581E-1
0.96565567E-1, 0.20004727, 0.60020182E-1, 0.0000000, 0.0000000, 1.2659758, 7.2154741, 9.6536131, 9.8122253, 19.889456, 19.872999, 19.861452, 19.859163, 0.24996410, 0.24998322, 0.26265854, 0.32215333, 0.34653518, 0.34812191, 0.34944728, 0.34936500, 0.34930727, 0.34929582, 0.60020182E-1
0.94745308E-1, 0.17806560, 0.53425021E-1, 0.0000000, 0.0000000, 0.95710754, 6.5657172, 9.6501780, 9.8068457, 19.882063, 19.869011, 19.860617, 19.859110, 0.24996410, 0.24998322, 0.25956750, 0.31565228, 0.34649816, 0.34806722, 0.34941033, 0.34934506, 0.34930307, 0.34929556, 0.53425021E-1
0.94010413E-1, 0.16919097, 0.50762370E-1, 0.0000000, 0.0000000, 0.84891915, 6.1814556, 9.7132187, 9.8321943, 19.877707, 19.866444, 19.860147, 19.859104, 0.24996410, 0.24998322, 0.25848839, 0.31181338, 0.34713125, 0.34832165, 0.34938854, 0.34933221, 0.34930074, 0.34929553, 0.50762370E-1
0.92913099E-1, 0.15593974, 0.46786603E-1, 0.0000000, 0.0000000, 0.67642927, 5.7293339, 9.6942759, 9.8253689, 19.872614, 19.864157, 19.859722, 19.859081, 0.24996410, 0.24998322, 0.25676343, 0.30729190, 0.34694150, 0.34825328, 0.34936306, 0.34932077, 0.34929860, 0.34929541, 0.46786603E-1
0.91923088E-1, 0.14398423, 0.43199591E-1, 0.0000000, 0.0000000, 0.52573979, 5.2896624, 9.6895266, 9.8220339, 19.867670, 19.862223, 19.859346, 19.859034, 0.24996410, 0.24998322, 0.25525707, 0.30289593, 0.34689465, 0.34822014, 0.34933835, 0.34931111, 0.34929675, 0.34929517, 0.43199591E-1
0.90607047E-1, 0.12809160, 0.38431324E-1, 0.0000000, 0.0000000, 0.34253895, 4.6510434, 9.6302786, 9.7946987, 19.863544, 19.860758, 19.859152, 19.858980, 0.24996410, 0.24998322, 0.25342444, 0.29650784, 0.34630010, 0.34794608, 0.34931773, 0.34930378, 0.34929577, 0.34929490, 0.38431324E-1
0.13690947, 0.68724376, 0.20619375, 2.1607220, 2.0091624, 0.33877194, 4.4255528, 9.7586164, 9.8450174, 19.862690, 19.860283, 19.859152, 19.858980, 0.27160195, 0.27008867, 0.25338748, 0.29425487, 0.34758544, 0.34844995, 0.34931344, 0.34930140, 0.34929577, 0.34929490, 0.20619375
0.13234615, 0.63213664, 0.18965997, 1.9224405, 1.8745631, 0.32344162, 4.2762694, 9.7938261, 9.8620768, 19.861757, 19.859898, 19.859127, 19.858980, 0.26922423, 0.26874554, 0.25323442, 0.29276267, 0.34793824, 0.34862077, 0.34930879, 0.34929949, 0.34929565, 0.34929490, 0.18965997
0.15314484, 0.88330334, 0.26501751, 2.6869864, 2.3704529, 1.8410057, 4.1109819, 9.7933569, 9.8632402, 19.859995, 19.859346, 19.859039, 19.858955, 0.27686769, 0.27370337, 0.26840961, 0.29110962, 0.34793332, 0.34863231, 0.34929997, 0.34929675, 0.34929520, 0.34929478, 0.26501751
0.18734667, 1.0000000, 0.38893721, 2.1092124, 3.7554493, 8.1728268, 9.5141582, 9.8302565, 9.8769083, 19.859207, 19.859152, 19.858997, 19.858955, 0.27109155, 0.28755391, 0.33172762, 0.34514144, 0.34830248, 0.34876904, 0.34929603, 0.34929577, 0.34929499, 0.34929478, 0.38893721
0.25318256, 1.0000000, 0.62747300, 3.0867066, 9.3472900, 9.5845528, 9.7436028, 9.8525600, 9.8851776, 19.858757, 19.859034, 19.858963, 19.858955, 0.28086692, 0.34347266, 0.34584540, 0.34743598, 0.34852558, 0.34885177, 0.34929377, 0.34929517, 0.34929481, 0.34929478, 0.62747300
0.35600001, 1.0000000, 1.0000000, 9.9999990, 9.9999990, 9.9999990, 9.9999990, 9.9999990, 9.9999990, 19.999998, 19.999998, 19.999998, 19.997997, 0.34999999, 0.34999999, 0.34999999, 0.34999999, 0.34999999, 0.34999999, 0.34999999, 0.34999999, 0.34999999, 0.34998998, 1.0000000
0.33356857, 1.0000000, 0.91872662, 8.7041607, 9.5793009, 9.7611017, 9.9312687, 9.9646606, 9.9865913, 19.998491, 19.999605, 19.999622, 19.974253, 0.33704013, 0.34579203, 0.34761050, 0.34931260, 0.34964654, 0.34986588, 0.34999245, 0.34999803, 0.34999812, 0.34987128, 0.91872662
0.33053011, 1.0000000, 0.90771782, 8.5237198, 9.5395050, 9.7199440, 9.8948803, 9.9436750, 9.9776716, 19.997238, 19.999277, 19.997885, 19.951935, 0.33523169, 0.34539136, 0.34719756, 0.34894842, 0.34943658, 0.34977666, 0.34998620, 0.34999639, 0.34998941, 0.34975967, 0.90771782
0.35600001, 1.0000000, 1.0000000, 9.9999990, 9.9999990, 9.9999990, 9.9999990, 9.9999990, 9.9999990, 19.999998, 19.999998, 19.999998, 19.998999, 0.34999999, 0.34999999, 0.34999999, 0.34999999, 0.34999999, 0.34999999, 0.34999999, 0.34999999, 0.34999999, 0.34999499, 1.0000000
0.35221028, 1.0000000, 0.98626912, 9.8034019, 9.8980141, 9.9473953, 9.9880056, 9.9939680, 9.9978418, 19.999849, 19.999958, 19.999750, 19.975233, 0.34803316, 0.34897962, 0.34947369, 0.34987998, 0.34993964, 0.34997842, 0.34999925, 0.34999979, 0.34999874, 0.34987617, 0.98626912
0.33840787, 1.0000000, 0.93626040, 8.9929972, 9.6568890, 9.8074722, 9.9483862, 9.9736013, 9.9904099, 19.999313, 19.999821, 19.998146, 19.952848, 0.33992875, 0.34656811, 0.34807435, 0.34948376, 0.34973598, 0.34990409, 0.34999657, 0.34999910, 0.34999073, 0.34976423, 0.93626040
0.32578921, 1.0000000, 0.89054054, 8.2272749, 9.4774990, 9.6855135, 9.8900909, 9.9417953, 9.9776354, 19.997782, 19.999418, 19.994118, 19.932806, 0.33227241, 0.34477475, 0.34685501, 0.34890088, 0.34941795, 0.34977636, 0.34998891, 0.34999710, 0.34997058, 0.34966403, 0.89054054
0.31517550, 1.0000000, 0.85208511, 7.3767443, 9.5871239, 9.7403193, 9.8852272, 9.9360666, 9.9740763, 19.997263, 19.999187, 19.987289, 19.915798, 0.32376525, 0.34586951, 0.34740233, 0.34885210, 0.34936059, 0.34974074, 0.34998631, 0.34999594, 0.34993646, 0.34957898, 0.85208511
0.31881887, 1.0000000, 0.86528575, 7.6291189, 9.6045218, 9.7490082, 9.8785257, 9.9300470, 9.9700947, 19.996357, 19.998585, 19.977606, 19.901859, 0.32628399, 0.34603977, 0.34748730, 0.34878469, 0.34930021, 0.34970087, 0.34998178, 0.34999293, 0.34988803, 0.34950930, 0.86528575
0.28141698, 1.0000000, 0.72977161, 5.1528411, 9.3182688, 9.5658436, 9.7955122, 9.8820810, 9.9480934, 19.992319, 19.996574, 19.965389, 19.890806, 0.30151856, 0.34317201, 0.34565294, 0.34795398, 0.34882024, 0.34948075, 0.34996158, 0.34998286, 0.34982693, 0.34945405, 0.72977161
0.24609895, 1.0000000, 0.60180777, 2.9532135, 8.7544260, 9.5073109, 9.7447186, 9.8475704, 9.9297981, 19.988659, 19.993591, 19.951735, 19.882326, 0.27952659, 0.33753440, 0.34506774, 0.34744608, 0.34847513, 0.34929779, 0.34994328, 0.34996796, 0.34975868, 0.34941164, 0.60180777
0.21827869, 1.0000000, 0.50100976, 2.1262467, 6.7984562, 9.4658117, 9.7077780, 9.8205318, 9.9138746, 19.985008, 19.989042, 19.937607, 19.875944, 0.27125823, 0.31797642, 0.34465244, 0.34707662, 0.34820473, 0.34913853, 0.34992504, 0.34994522, 0.34968802, 0.34937972, 0.50100976
0.19449969, 1.0000000, 0.41485393, 1.4814496, 5.0102205, 9.4532328, 9.6916504, 9.8065586, 9.9038877, 19.981827, 19.982706, 19.923943, 19.871237, 0.26481020, 0.30009353, 0.34452412, 0.34691483, 0.34806472, 0.34903857, 0.34990913, 0.34991354, 0.34961972, 0.34935617, 0.41485393
0.17421010, 1.0000000, 0.34134096, 0.98789334, 3.3875175, 9.4428072, 9.6827488, 9.7985153, 9.8977699, 19.979048, 19.974438, 19.911434, 19.867771, 0.25987789, 0.28387305, 0.34442511, 0.34682688, 0.34798485, 0.34897760, 0.34989524, 0.34987217, 0.34955716, 0.34933886, 0.34134096
0.15616062, 0.91972220, 0.27594426, 0.49701631, 2.4809570, 8.5409794, 9.6519032, 9.7785950, 9.8872099, 19.975136, 19.964064, 19.900421, 19.865246, 0.25496939, 0.27480724, 0.33540580, 0.34651813, 0.34778550, 0.34887195, 0.34987569, 0.34982032, 0.34950212, 0.34932622, 0.27594426
0.14023779, 0.72743678, 0.21825287, 0.11267662, 1.8563390, 7.2360911, 9.6157560, 9.7550964, 9.8751583, 19.970449, 19.952213, 19.891121, 19.863426, 0.25112632, 0.26855886, 0.32235205, 0.34615520, 0.34754977, 0.34875119, 0.34985226, 0.34976107, 0.34945560, 0.34931713, 0.21825287
0.12776944, 0.57686782, 0.17307766, 0.0000000, 1.2578309, 5.8080177, 9.5746546, 9.7278032, 9.8606710, 19.964066, 19.939400, 19.883476, 19.862095, 0.24997076, 0.26257482, 0.30807212, 0.34574389, 0.34727669, 0.34860626, 0.34982032, 0.34969699, 0.34941739, 0.34931046, 0.17307766
0.11797650, 0.45860758, 0.13759604, 0.0000000, 0.79763532, 4.3697052, 9.5462523, 9.7075176, 9.8493567, 19.957613, 19.926838, 19.877445, 19.861155, 0.24997076, 0.25797591, 0.29369587, 0.34546202, 0.34707490, 0.34849349, 0.34978807, 0.34963420, 0.34938723, 0.34930578, 0.13759604
0.10995214, 0.36170468, 0.10852226, 0.0000000, 0.47031939, 3.0884180, 9.5401278, 9.7008133, 9.8435583, 19.949970, 19.914930, 19.872738, 19.860497, 0.24997076, 0.25470239, 0.28088155, 0.34539965, 0.34700730, 0.34843531, 0.34974986, 0.34957466, 0.34936368, 0.34930247, 0.10852226
0.10630925, 0.31771281, 0.95323376E-1, 0.0000000, 0.31161308, 2.5984943, 9.1664925, 9.7196493, 9.8506985, 19.942198, 19.904367, 19.869198, 19.860050, 0.24997076, 0.25311548, 0.27598226, 0.34166300, 0.34719548, 0.34850666, 0.34971100, 0.34952185, 0.34934598, 0.34930027, 0.95323376E-1
0.10136513, 0.25800726, 0.77409916E-1, 0.0000000, 0.42930245E-1, 2.0683436, 8.5591431, 9.6864080, 9.8344688, 19.929787, 19.894205, 19.866280, 19.859674, 0.24997076, 0.25042871, 0.27066940, 0.33557981, 0.34685749, 0.34834245, 0.34964892, 0.34947103, 0.34933141, 0.34929836, 0.77409916E-1
0.98866306E-1, 0.22783114, 0.68356179E-1, 0.0000000, 0.0000000, 1.6671568, 7.9709473, 9.6835127, 9.8304138, 19.919092, 19.886122, 19.864195, 19.859440, 0.24997076, 0.24999800, 0.26666918, 0.32970718, 0.34683374, 0.34830368, 0.34959546, 0.34943062, 0.34932098, 0.34929720, 0.68356179E-1
0.10099927, 0.25358891, 0.76084286E-1, 0.19620955, 0.0000000, 1.5754133, 7.6986742, 9.7584095, 9.8606272, 19.911135, 19.880100, 19.862829, 19.859346, 0.25195986, 0.24999800, 0.26574877, 0.32698148, 0.34758079, 0.34860519, 0.34955567, 0.34940049, 0.34931415, 0.34929675, 0.76084286E-1
0.10756098, 0.33282876, 0.99858619E-1, 0.69295466, 0.0000000, 1.5286952, 7.5465355, 9.8066282, 9.8811579, 19.902887, 19.875168, 19.861782, 19.859346, 0.25692800, 0.24999800, 0.26528594, 0.32546434, 0.34806561, 0.34881136, 0.34951442, 0.34937584, 0.34930891, 0.34929675, 0.99858619E-1
0.13461788, 0.65957016, 0.19789085, 2.6602654, 0.0000000, 1.5187025, 7.4671168, 9.8451872, 9.8967209, 19.895498, 19.871323, 19.861065, 19.859346, 0.27659881, 0.24999800, 0.26518637, 0.32467052, 0.34845147, 0.34896705, 0.34947750, 0.34935662, 0.34930533, 0.34929675, 0.19789085
0.15190166, 0.86829066, 0.26051325, 2.1509528, 2.9531956, 1.4954358, 7.3986940, 9.8618727, 9.9026909, 19.888557, 19.868256, 19.860537, 19.859346, 0.27150926, 0.27953175, 0.26495430, 0.32398689, 0.34861869, 0.34902692, 0.34944278, 0.34934127, 0.34930268, 0.34929675, 0.26051325
0.14751130, 0.81527227, 0.24460614, 2.0096989, 2.7069688, 1.4229655, 7.2828870, 9.8483419, 9.8967505, 19.882221, 19.865837, 19.860130, 19.859299, 0.27009675, 0.27706948, 0.26422960, 0.32282880, 0.34848338, 0.34896749, 0.34941110, 0.34932917, 0.34930065, 0.34929651, 0.24460614
0.12996802, 0.60341817, 0.18104357, 1.1933297, 2.0818920, 1.2179375, 7.0134101, 9.7864037, 9.8704882, 19.874510, 19.863386, 19.859676, 19.859211, 0.26193285, 0.27081847, 0.26217926, 0.32013395, 0.34786391, 0.34870484, 0.34937257, 0.34931692, 0.34929839, 0.34929606, 0.18104357
0.12094095, 0.49440640, 0.14833675, 0.80677867, 1.7219394, 1.0955900, 6.7723403, 9.7776203, 9.8641224, 19.869900, 19.861948, 19.859478, 19.859175, 0.25806677, 0.26721811, 0.26095548, 0.31772289, 0.34777585, 0.34864110, 0.34934950, 0.34930974, 0.34929740, 0.34929588, 0.14833675
0.12160622, 0.50244021, 0.15074715, 1.1001408, 1.3982981, 0.97724497, 6.5168486, 9.7698736, 9.8588133, 19.866215, 19.860859, 19.859354, 19.859133, 0.26100111, 0.26398277, 0.25977236, 0.31516841, 0.34769866, 0.34858811, 0.34933108, 0.34930429, 0.34929678, 0.34929568, 0.15074715
0.11564264, 0.43042359, 0.12913999, 0.82849562, 1.1916578, 0.89969039, 6.2948956, 9.7748680, 9.8597145, 19.864195, 19.860296, 19.859312, 19.859133, 0.25828415, 0.26191586, 0.25899664, 0.31294858, 0.34774840, 0.34859705, 0.34932098, 0.34930149, 0.34929657, 0.34929568, 0.12913999
0.10482565, 0.29979676, 0.89948021E-1, 0.34692883, 0.80938041, 0.73184669, 5.9430680, 9.7326336, 9.8412724, 19.860516, 19.859394, 19.859116, 19.859081, 0.25346869, 0.25809297, 0.25731808, 0.30943006, 0.34732583, 0.34841254, 0.34930259, 0.34929699, 0.34929559, 0.34929541, 0.89948021E-1
0.99616513E-1, 0.23689070, 0.71074322E-1, 0.14474988, 0.59987903, 0.62942505, 5.6295056, 9.7351551, 9.8404713, 19.858923, 19.859005, 19.859022, 19.859058, 0.25144669, 0.25599679, 0.25629321, 0.30629319, 0.34734994, 0.34840417, 0.34929460, 0.34929502, 0.34929511, 0.34929529, 0.71074322E-1
0.93682230E-1, 0.16522783, 0.49573306E-1, 0.0000000, 0.27741492, 0.44102371, 5.0819850, 9.6592369, 9.8079290, 19.856485, 19.858356, 19.858828, 19.859011, 0.24996707, 0.25277349, 0.25440973, 0.30081865, 0.34659123, 0.34807891, 0.34928244, 0.34929177, 0.34929413, 0.34929505, 0.49573306E-1
0.95735453E-1, 0.19002268, 0.57012506E-1, 0.34228265, 0.87153912E-1, 0.29879212, 4.4848614, 9.6397295, 9.7956858, 19.855005, 19.857960, 19.858709, 19.858974, 0.25342119, 0.25087130, 0.25298750, 0.29484734, 0.34639591, 0.34795639, 0.34927502, 0.34928980, 0.34929353, 0.34929487, 0.57012506E-1
0.18568256, 1.0000000, 0.38290781, 2.6288688, 2.8851621, 7.9642487, 8.6979761, 9.6391697, 9.7937050, 19.854446, 19.857794, 19.858614, 19.858946, 0.27628824, 0.27885133, 0.32964206, 0.33697966, 0.34639165, 0.34793702, 0.34927222, 0.34928897, 0.34929305, 0.34929472, 0.38290781
0.34066784, 1.0000000, 0.94444859, 9.7672567, 9.0729532, 9.0461569, 9.5673380, 9.7256632, 9.8283310, 19.853613, 19.857540, 19.858555, 19.858923, 0.34767258, 0.34072953, 0.34046155, 0.34567338, 0.34725663, 0.34828332, 0.34926808, 0.34928769, 0.34929278, 0.34929460, 0.94444859
0.35600001, 1.0000000, 1.0000000, 9.9999990, 9.9999990, 9.9999990, 9.9999990, 9.9999990, 9.9999990, 19.999998, 19.999998, 19.999998, 19.994993, 0.34999999, 0.34999999, 0.34999999, 0.34999999, 0.34999999, 0.34999999, 0.34999999, 0.34999999, 0.34999999, 0.34997496, 1.0000000
0.35599935, 1.0000000, 0.99999762, 9.9999990, 9.9999990, 9.9999990, 9.9999990, 9.9999990, 9.9999990, 19.999998, 19.999998, 19.999998, 19.998999, 0.34999967, 0.34999982, 0.34999990, 0.34999996, 0.34999999, 0.34999999, 0.34999999, 0.34999999, 0.34999999, 0.34999499, 0.99999762
0.32114905, 1.0000000, 0.87372839, 7.9211798, 9.4359531, 9.6684742, 9.8919992, 9.9436817, 9.9777231, 19.996811, 19.999170, 19.999548, 19.975185, 0.32920963, 0.34435797, 0.34668395, 0.34891984, 0.34943673, 0.34977719, 0.34998405, 0.34999585, 0.34999773, 0.34987593, 0.87372839
0.28027159, 1.0000000, 0.72562164, 5.0894670, 9.2906151, 9.5506516, 9.8014622, 9.8898859, 9.9538307, 19.992914, 19.998152, 19.997711, 19.952753, 0.30088964, 0.34290063, 0.34550369, 0.34801403, 0.34889856, 0.34953821, 0.34996456, 0.34999076, 0.34998855, 0.34976375, 0.72562164
0.24237435, 1.0000000, 0.58831280, 2.9025764, 8.3977222, 9.4893017, 9.7387800, 9.8466082, 9.9316397, 19.989227, 19.997171, 19.993515, 19.932697, 0.27902243, 0.33397141, 0.34488973, 0.34738711, 0.34846577, 0.34931627, 0.34994614, 0.34998587, 0.34996757, 0.34966350, 0.58831280
0.21044590, 1.0000000, 0.47263002, 1.9581169, 6.1494880, 9.4353399, 9.6896400, 9.8106060, 9.9108105, 19.985275, 19.995972, 19.986425, 19.915627, 0.26957878, 0.31149039, 0.34434995, 0.34689569, 0.34810570, 0.34910798, 0.34992638, 0.34997985, 0.34993213, 0.34957814, 0.47263002
0.27811790, 1.0000000, 0.71781844, 4.9477143, 9.2396431, 9.6169052, 9.7617474, 9.8458767, 9.9212494, 19.985483, 19.995558, 19.976822, 19.901747, 0.29947448, 0.34239343, 0.34616747, 0.34761715, 0.34845862, 0.34921244, 0.34992743, 0.34997779, 0.34988409, 0.34950873, 0.71781844
0.32498038, 1.0000000, 0.88761008, 8.1026049, 9.5853376, 9.7140141, 9.8110037, 9.8736277, 9.9318161, 19.985636, 19.994606, 19.964914, 19.890795, 0.33102605, 0.34585339, 0.34714013, 0.34811002, 0.34873629, 0.34931815, 0.34992817, 0.34997302, 0.34982458, 0.34945399, 0.88761008
0.30900353, 1.0000000, 0.82972288, 7.0234346, 9.4825239, 9.6583548, 9.8078384, 9.8741989, 9.9327888, 19.985018, 19.992357, 19.951460, 19.882374, 0.32023421, 0.34482512, 0.34658349, 0.34807837, 0.34874198, 0.34932789, 0.34992510, 0.34996179, 0.34975731, 0.34941188, 0.82972288
0.35593081, 1.0000000, 0.99974930, 9.9983540, 9.9989910, 9.9936686, 9.9934502, 9.9967194, 9.9989052, 19.999998, 19.999998, 19.999975, 19.989016, 0.34998104, 0.34998843, 0.34993595, 0.34993437, 0.34996709, 0.34998903, 0.34999999, 0.34999999, 0.34999987, 0.34994507, 0.99974930
0.35599786, 1.0000000, 0.99999219, 9.9999342, 9.9999609, 9.9999819, 9.9999962, 9.9999990, 9.9999990, 19.999998, 19.999998, 19.999998, 19.996996, 0.34999892, 0.34999934, 0.34999970, 0.34999993, 0.34999999, 0.34999999, 0.34999999, 0.34999999, 0.34999999, 0.34998497, 0.99999219
0.35600001, 1.0000000, 1.0000000, 9.9999990, 9.9999990, 9.9999990, 9.9999990, 9.9999990, 9.9999990, 19.999998, 19.999998, 19.999998, 19.998999, 0.34999999, 0.34999999, 0.34999999, 0.34999999, 0.34999999, 0.34999999, 0.34999999, 0.34999999, 0.34999999, 0.34999499, 1.0000000
0.35550684, 1.0000000, 0.99821305, 9.9995966, 9.9632778, 9.9579315, 9.9911118, 9.9955397, 9.9984856, 19.999987, 19.999992, 19.999750, 19.975233, 0.34999597, 0.34963277, 0.34957930, 0.34991112, 0.34995538, 0.34998485, 0.34999993, 0.34999996, 0.34999874, 0.34987617, 0.99821305
0.35138083, 1.0000000, 0.98326367, 9.8167248, 9.8113337, 9.8797684, 9.9716368, 9.9856377, 9.9950314, 19.999868, 19.999969, 19.998169, 19.952848, 0.34816724, 0.34811333, 0.34879768, 0.34971637, 0.34985638, 0.34995031, 0.34999934, 0.34999985, 0.34999084, 0.34976423, 0.98326367
0.34698123, 1.0000000, 0.96732324, 9.5264673, 9.7730083, 9.8637028, 9.9621906, 9.9805183, 9.9931526, 19.999802, 19.999956, 19.994247, 19.932835, 0.34526467, 0.34773010, 0.34863704, 0.34962189, 0.34980518, 0.34993154, 0.34999901, 0.34999979, 0.34997123, 0.34966418, 0.96732324
0.33552384, 1.0000000, 0.92581093, 8.8049030, 9.6346550, 9.7858686, 9.9324999, 9.9646816, 9.9869900, 19.999165, 19.999693, 19.987421, 19.915815, 0.33804902, 0.34634656, 0.34785870, 0.34932500, 0.34964681, 0.34986991, 0.34999582, 0.34999847, 0.34993711, 0.34957907, 0.92581093
0.28965068, 1.0000000, 0.75960380, 5.7737641, 9.2810087, 9.5492716, 9.8095665, 9.8958759, 9.9570713, 19.993790, 19.997917, 19.977434, 19.901812, 0.30773708, 0.34280956, 0.34549245, 0.34809560, 0.34895873, 0.34957072, 0.34996894, 0.34998959, 0.34988716, 0.34950906, 0.75960380
0.24581541, 1.0000000, 0.60078049, 2.9316397, 8.7688246, 9.4812899, 9.7364492, 9.8463106, 9.9320536, 19.989466, 19.995810, 19.965181, 19.890770, 0.27931383, 0.33768365, 0.34481043, 0.34736398, 0.34846285, 0.34932044, 0.34994733, 0.34997904, 0.34982592, 0.34945387, 0.60078049
0.21164285, 1.0000000, 0.47696683, 1.9383729, 6.3368502, 9.4207506, 9.6822872, 9.8066301, 9.9094915, 19.985435, 19.992680, 19.951527, 19.882315, 0.26937765, 0.31335658, 0.34419864, 0.34682104, 0.34806538, 0.34909463, 0.34992719, 0.34996340, 0.34975764, 0.34941158, 0.47696683
0.18585679, 1.0000000, 0.38353911, 1.2816101, 4.3165574, 9.4235287, 9.6702566, 9.7931967, 9.8983841, 19.982634, 19.988308, 19.937471, 19.875956, 0.26281330, 0.29315987, 0.34422910, 0.34670129, 0.34793133, 0.34898362, 0.34991318, 0.34994155, 0.34968737, 0.34937978, 0.38353911
0.17070055, 1.0000000, 0.32862520, 0.97784102, 2.9957323, 9.4090624, 9.6944389, 9.8040161, 9.9002047, 19.981863, 19.982582, 19.923962, 19.871269, 0.25977746, 0.27995560, 0.34408790, 0.34694383, 0.34803987, 0.34900197, 0.34990931, 0.34991291, 0.34961981, 0.34935635, 0.32862520
0.16522050, 1.0000000, 0.30876994, 0.85084140, 2.7902842, 8.9071655, 9.7380257, 9.8286028, 9.9096308, 19.981443, 19.974947, 19.911615, 19.867834, 0.25850841, 0.27790284, 0.33907166, 0.34738025, 0.34828603, 0.34909630, 0.34990722, 0.34987473, 0.34955809, 0.34933919, 0.30876994
0.16355765, 1.0000000, 0.30274510, 0.82353652, 2.7362704, 8.6901951, 9.7922459, 9.8600054, 9.9228077, 19.980820, 19.965458, 19.900816, 19.865347, 0.25823531, 0.27736259, 0.33690178, 0.34792241, 0.34860003, 0.34922808, 0.34990409, 0.34982729, 0.34950408, 0.34932673, 0.30274510
0.15714934, 0.93166214, 0.27952659, 0.66601634, 2.4803936, 8.1860628, 9.7664289, 9.8491573, 9.9206247, 19.978807, 19.954302, 19.891636, 19.863543, 0.25665957, 0.27480263, 0.33185849, 0.34766379, 0.34849131, 0.34920615, 0.34989405, 0.34977150, 0.34945819, 0.34931773, 0.27952659
0.15047923, 0.85111320, 0.25535950, 0.51411390, 2.2131891, 7.6200991, 9.7474003, 9.8390627, 9.9172287, 19.975599, 19.942221, 19.884121, 19.862261, 0.25514099, 0.27213153, 0.32620040, 0.34747386, 0.34839055, 0.34917226, 0.34987801, 0.34971112, 0.34942061, 0.34931129, 0.25535950
0.14347860, 0.76657295, 0.22999489, 0.37807822, 1.9266039, 6.9614382, 9.7264471, 9.8264427, 9.9119244, 19.971064, 19.930002, 19.878130, 19.861338, 0.25378063, 0.26926553, 0.31961349, 0.34726423, 0.34826431, 0.34911922, 0.34985530, 0.34965003, 0.34939066, 0.34930670, 0.22999489
0.17447639, 1.0000000, 0.34230575, 2.7438641, 1.8576205, 6.6873155, 9.7784843, 9.8540077, 9.9215755, 19.965384, 19.918365, 19.873459, 19.860685, 0.27743822, 0.26857603, 0.31687286, 0.34778476, 0.34854001, 0.34921572, 0.34982693, 0.34959182, 0.34936729, 0.34930342, 0.34230575
0.15979344, 0.96359229, 0.28910661, 1.6482532, 1.7958462, 6.9340444, 9.7097950, 9.8168669, 9.9063921, 19.956125, 19.907192, 19.869722, 19.860167, 0.26648253, 0.26795846, 0.31934044, 0.34709793, 0.34816867, 0.34906393, 0.34978062, 0.34953597, 0.34934860, 0.34930083, 0.28910661
0.15521929, 0.90835458, 0.27253363, 1.8063605, 1.4160544, 6.0731182, 9.6717625, 9.7922955, 9.8932467, 19.944990, 19.897165, 19.866852, 19.859797, 0.26806197, 0.26415977, 0.31072953, 0.34671709, 0.34792268, 0.34893239, 0.34972495, 0.34948581, 0.34933427, 0.34929898, 0.27253363
0.17316675, 1.0000000, 0.33756065, 1.4310688, 2.8496890, 8.7915783, 9.6744900, 9.7908049, 9.8891048, 19.933863, 19.888805, 19.864714, 19.859550, 0.26430970, 0.27849570, 0.33791393, 0.34674448, 0.34790784, 0.34889099, 0.34966931, 0.34944403, 0.34932357, 0.34929776, 0.33756065
0.16671936, 1.0000000, 0.31420058, 1.6028345, 2.3152142, 7.7355328, 9.6581974, 9.7794638, 9.8812933, 19.922279, 19.881842, 19.863113, 19.859373, 0.26602682, 0.27315083, 0.32735315, 0.34658143, 0.34779438, 0.34881285, 0.34961140, 0.34940922, 0.34931558, 0.34929687, 0.31420058
0.17494287, 1.0000000, 0.34399587, 1.9418269, 2.7948022, 7.6256824, 9.6834602, 9.7921638, 9.8831854, 19.911617, 19.876333, 19.861969, 19.859299, 0.26941773, 0.27794757, 0.32625619, 0.34683445, 0.34792155, 0.34883183, 0.34955809, 0.34938166, 0.34930986, 0.34929651, 0.34399587
0.22761606, 1.0000000, 0.53484076, 2.7607143, 6.8836656, 9.4308023, 9.7266865, 9.8161888, 9.8904209, 19.902357, 19.872143, 19.861158, 19.859251, 0.27760565, 0.31883442, 0.34430650, 0.34726653, 0.34816173, 0.34890413, 0.34951180, 0.34936070, 0.34930581, 0.34929627, 0.53484076
0.35510182, 1.0000000, 0.99674565, 9.9553137, 9.9738426, 9.9868546, 9.9973478, 9.9986706, 9.9995499, 19.999998, 19.999992, 19.999975, 19.989016, 0.34954929, 0.34973612, 0.34986737, 0.34997323, 0.34998658, 0.34999546, 0.34999999, 0.34999996, 0.34999987, 0.34994507, 0.99674565
0.32874048, 1.0000000, 0.90123355, 8.4073381, 9.5150433, 9.7175980, 9.9100761, 9.9534197, 9.9820490, 19.997799, 19.999432, 19.999680, 19.978123, 0.33407336, 0.34515044, 0.34717599, 0.34910077, 0.34953421, 0.34982049, 0.34998900, 0.34999716, 0.34999841, 0.34989062, 0.90123355
0.30158502, 1.0000000, 0.80284417, 6.5256801, 9.4186792, 9.6398849, 9.8555136, 9.9213047, 9.9686623, 19.996458, 19.999081, 19.998247, 19.955496, 0.31525302, 0.34418350, 0.34639719, 0.34855479, 0.34921288, 0.34968656, 0.34998229, 0.34999540, 0.34999123, 0.34977749, 0.80284417
0.35595757, 1.0000000, 0.99984616, 9.9983244, 9.9989920, 9.9994984, 9.9998980, 9.9999485, 9.9999819, 19.999998, 19.999998, 19.999998, 19.994993, 0.34997883, 0.34998727, 0.34999368, 0.34999871, 0.34999937, 0.34999979, 0.34999999, 0.34999999, 0.34999999, 0.34997496, 0.99984616
0.35600001, 1.0000000, 1.0000000, 9.9999990, 9.9999990, 9.9999990, 9.9999990, 9.9999990, 9.9999990, 19.999998, 19.999998, 19.999998, 19.995995, 0.34999999, 0.34999999, 0.34999999, 0.34999999, 0.34999999, 0.34999999, 0.34999999, 0.34999999, 0.34999999, 0.34997997, 1.0000000
0.35566431, 1.0000000, 0.99878377, 9.9832354, 9.9900227, 9.9950047, 9.9989977, 9.9995022, 9.9998322, 19.999998, 19.999998, 19.999990, 19.991999, 0.34983236, 0.34990022, 0.34995005, 0.34998998, 0.34999502, 0.34999833, 0.34999999, 0.34999999, 0.34999996, 0.34996000, 0.99878377
0.35283238, 1.0000000, 0.98852307, 9.8377914, 9.9115677, 9.9548655, 9.9904766, 9.9952240, 9.9983664, 19.999964, 19.999987, 19.999983, 19.990009, 0.34837791, 0.34911567, 0.34954864, 0.34990478, 0.34995225, 0.34998366, 0.34999982, 0.34999993, 0.34999990, 0.34995005, 0.98852307
0.35597652, 1.0000000, 0.99991494, 9.9990664, 9.9994392, 9.9997196, 9.9999456, 9.9999695, 9.9999905, 19.999998, 19.999998, 19.999996, 19.993994, 0.34998831, 0.34999296, 0.34999648, 0.34999931, 0.34999964, 0.34999987, 0.34999999, 0.34999999, 0.34999996, 0.34996998, 0.99991494
0.35600001, 1.0000000, 0.99999994, 9.9999990, 9.9999990, 9.9999962, 9.9999990, 9.9999990, 9.9999990, 19.999998, 19.999998, 19.999998, 19.995995, 0.34999999, 0.34999999, 0.34999996, 0.34999999, 0.34999999, 0.34999999, 0.34999999, 0.34999999, 0.34999999, 0.34997997, 0.99999994
0.35600001, 1.0000000, 1.0000000, 9.9999990, 9.9999990, 9.9999990, 9.9999990, 9.9999990, 9.9999990, 19.999998, 19.999998, 19.999996, 19.993994, 0.34999999, 0.34999999, 0.34999999, 0.34999999, 0.34999999, 0.34999999, 0.34999999, 0.34999999, 0.34999996, 0.34996998, 1.0000000
0.35599107, 1.0000000, 0.99996752, 9.9995527, 9.9997311, 9.9998684, 9.9999752, 9.9999819, 9.9999962, 19.999998, 19.999992, 19.999990, 19.992998, 0.34999552, 0.34999731, 0.34999868, 0.34999976, 0.34999982, 0.34999996, 0.34999999, 0.34999996, 0.34999996, 0.34996498, 0.99996752
0.35599178, 1.0000000, 0.99997020, 9.9997196, 9.9998293, 9.9999132, 9.9999819, 9.9999905, 9.9999990, 19.999998, 19.999998, 19.999998, 19.994993, 0.34999591, 0.34999752, 0.34999874, 0.34999973, 0.34999987, 0.34999999, 0.34999999, 0.34999999, 0.34999999, 0.34997496, 0.99997020
0.35600001, 1.0000000, 1.0000000, 9.9999990, 9.9999990, 9.9999990, 9.9999990, 9.9999990, 9.9999990, 19.999998, 19.999998, 19.999998, 19.996996, 0.34999999, 0.34999999, 0.34999999, 0.34999999, 0.34999999, 0.34999999, 0.34999999, 0.34999999, 0.34999999, 0.34998497, 1.0000000
0.35600001, 1.0000000, 1.0000000, 9.9999990, 9.9999990, 9.9999990, 9.9999990, 9.9999990, 9.9999990, 19.999998, 19.999998, 19.999998, 19.996996, 0.34999999, 0.34999999, 0.34999999, 0.34999999, 0.34999999, 0.34999999, 0.34999999, 0.34999999, 0.34999999, 0.34998497, 1.0000000
0.34546047, 1.0000000, 0.96181321, 9.4296274, 9.7490978, 9.8657742, 9.9691744, 9.9844275, 9.9946289, 19.999855, 19.999964, 19.999949, 19.985044, 0.34429502, 0.34749019, 0.34865734, 0.34969166, 0.34984425, 0.34994629, 0.34999928, 0.34999982, 0.34999973, 0.34992522, 0.96181321
0.34561133, 1.0000000, 0.96235979, 9.5294275, 9.6412268, 9.7926760, 9.9453297, 9.9720764, 9.9898176, 19.999212, 19.999790, 19.999887, 19.985031, 0.34529048, 0.34640998, 0.34792560, 0.34945306, 0.34972066, 0.34989813, 0.34999606, 0.34999895, 0.34999943, 0.34992516, 0.96235979
0.33569115, 1.0000000, 0.92641717, 8.9334078, 9.4909134, 9.6954803, 9.8983183, 9.9463549, 9.9798851, 19.998455, 19.999594, 19.998981, 19.961931, 0.33933175, 0.34490764, 0.34695405, 0.34898302, 0.34946346, 0.34979883, 0.34999228, 0.34999797, 0.34999490, 0.34980965, 0.92641717
0.34395379, 1.0000000, 0.95635420, 9.3419867, 9.7219000, 9.8500099, 9.9651051, 9.9823484, 9.9939299, 19.999849, 19.999958, 19.999949, 19.985044, 0.34341741, 0.34721747, 0.34849933, 0.34965089, 0.34982339, 0.34993926, 0.34999925, 0.34999979, 0.34999973, 0.34992522, 0.95635420
0.32865831, 1.0000000, 0.90093589, 8.3543768, 9.5745277, 9.7522554, 9.9289579, 9.9632034, 9.9871740, 19.999832, 19.999950, 19.999071, 19.961931, 0.33354011, 0.34574273, 0.34752128, 0.34928933, 0.34963191, 0.34987172, 0.34999916, 0.34999976, 0.34999534, 0.34980965, 0.90093589
0.29742521, 1.0000000, 0.78777242, 6.2504745, 9.3846216, 9.6207371, 9.8544807, 9.9215012, 9.9700403, 19.997955, 19.999462, 19.996080, 19.940811, 0.31250098, 0.34384280, 0.34620565, 0.34854445, 0.34921482, 0.34970033, 0.34998977, 0.34999731, 0.34998041, 0.34970406, 0.78777242
0.26760346, 1.0000000, 0.67972261, 4.1440902, 9.3237801, 9.5715332, 9.8073006, 9.8908930, 9.9557753, 19.996702, 19.999107, 19.990438, 19.922504, 0.29144046, 0.34323722, 0.34571505, 0.34807295, 0.34890890, 0.34955776, 0.34998351, 0.34999555, 0.34995219, 0.34961253, 0.67972261
0.23495616, 1.0000000, 0.56143534, 2.6126385, 7.9848824, 9.4868565, 9.7433643, 9.8491192, 9.9346476, 19.993975, 19.998177, 19.981779, 19.907274, 0.27612498, 0.32984626, 0.34486705, 0.34743330, 0.34849104, 0.34934640, 0.34996986, 0.34999087, 0.34990889, 0.34953636, 0.56143534
0.22759315, 1.0000000, 0.53475779, 2.5308132, 7.2260871, 9.5042744, 9.7307091, 9.8353386, 9.9235468, 19.991806, 19.996929, 19.970570, 19.895073, 0.27530506, 0.32225561, 0.34503928, 0.34730637, 0.34835303, 0.34923536, 0.34995902, 0.34998465, 0.34985286, 0.34947535, 0.53475779
0.23282959, 1.0000000, 0.55373037, 2.5991976, 7.7663655, 9.4666052, 9.7052765, 9.8168783, 9.9115381, 19.989124, 19.994709, 19.957474, 19.885590, 0.27599061, 0.32766122, 0.34466457, 0.34705245, 0.34816864, 0.34911531, 0.34994560, 0.34997356, 0.34978735, 0.34942794, 0.55373037
0.20818827, 1.0000000, 0.46445021, 1.9378275, 5.9000940, 9.4546041, 9.6956139, 9.8081579, 9.9047556, 19.987122, 19.991323, 19.943539, 19.878422, 0.26937714, 0.30899885, 0.34454438, 0.34695581, 0.34808141, 0.34904748, 0.34993559, 0.34995663, 0.34971768, 0.34939212, 0.46445021
0.18359594, 1.0000000, 0.37534758, 1.3146400, 3.9896462, 9.4191780, 9.6731577, 9.7930975, 9.8961496, 19.984688, 19.986019, 19.929661, 19.873070, 0.26314506, 0.28989398, 0.34418887, 0.34673098, 0.34793067, 0.34896141, 0.34992343, 0.34993011, 0.34964830, 0.34936535, 0.37534758
0.16040501, 0.97097778, 0.29132247, 0.69841146, 2.6833029, 8.4970388, 9.6289778, 9.7648525, 9.8819294, 19.981558, 19.978495, 19.916573, 19.869104, 0.25698254, 0.27682939, 0.33496460, 0.34628847, 0.34764788, 0.34881905, 0.34990779, 0.34989247, 0.34958285, 0.34934551, 0.29132247
0.24466853, 1.0000000, 0.59662509, 2.9818983, 8.5723648, 9.4347486, 9.7311611, 9.8204880, 9.9028673, 19.981155, 19.969734, 19.905090, 19.866270, 0.27981576, 0.33571807, 0.34434441, 0.34731099, 0.34820455, 0.34902856, 0.34990579, 0.34984869, 0.34952545, 0.34933135, 0.59662509
0.23902217, 1.0000000, 0.57616723, 2.8998375, 7.9587212, 9.5637970, 9.7533703, 9.8364229, 9.9113274, 19.979761, 19.959200, 19.895231, 19.864212, 0.27899718, 0.32958525, 0.34563679, 0.34753346, 0.34836411, 0.34911326, 0.34989882, 0.34979600, 0.34947616, 0.34932107, 0.57616723
0.35598499, 1.0000000, 0.99994552, 9.9999990, 9.9999990, 9.9999962, 9.9999990, 9.9999990, 9.9999990, 19.999998, 19.999998, 19.999998, 19.998999, 0.34999251, 0.34999549, 0.34999773, 0.34999955, 0.34999976, 0.34999990, 0.34999999, 0.34999999, 0.34999999, 0.34999499, 0.99994552
0.35599488, 1.0000000, 0.99998140, 9.9999342, 9.9999609, 9.9999819, 9.9999962, 9.9999962, 9.9999990, 19.999998, 19.999998, 19.999998, 19.997997, 0.34999743, 0.34999844, 0.34999925, 0.34999985, 0.34999990, 0.34999996, 0.34999999, 0.34999999, 0.34999999, 0.34998998, 0.99998140
0.35575384, 1.0000000, 0.99910802, 9.9879131, 9.9927883, 9.9963856, 9.9992752, 9.9996386, 9.9998770, 19.999998, 19.999998, 19.999990, 19.992998, 0.34987718, 0.34992668, 0.34996325, 0.34999263, 0.34999633, 0.34999874, 0.34999999, 0.34999999, 0.34999996, 0.34996498, 0.99910802
0.34372514, 1.0000000, 0.95552582, 9.3245745, 9.7232447, 9.8498783, 9.9651289, 9.9823599, 9.9939947, 19.999939, 19.999981, 19.999525, 19.969461, 0.34324378, 0.34723124, 0.34849817, 0.34965116, 0.34982353, 0.34993991, 0.34999970, 0.34999990, 0.34999764, 0.34984732, 0.95552582
0.35583329, 1.0000000, 0.99939597, 9.9997282, 9.9994822, 9.9657459, 9.9863491, 9.9931431, 9.9977083, 19.999998, 19.999998, 19.999969, 19.988020, 0.34999606, 0.34999409, 0.34965712, 0.34986344, 0.34993139, 0.34997708, 0.34999999, 0.34999999, 0.34999985, 0.34994009, 0.99939597
0.35594916, 1.0000000, 0.99981570, 9.9976454, 9.9985838, 9.9992933, 9.9998589, 9.9999275, 9.9999723, 19.999998, 19.999998, 19.999989, 19.991005, 0.34997466, 0.34998477, 0.34999239, 0.34999847, 0.34999922, 0.34999970, 0.34999999, 0.34999999, 0.34999993, 0.34995502, 0.99981570
0.32629400, 1.0000000, 0.89236957, 8.2575531, 9.4784613, 9.6990175, 9.9114180, 9.9542704, 9.9827976, 19.998281, 19.999552, 19.999840, 19.985031, 0.33257496, 0.34478423, 0.34698996, 0.34911415, 0.34954268, 0.34982798, 0.34999141, 0.34999776, 0.34999919, 0.34992516, 0.89236957
0.29266813, 1.0000000, 0.77053666, 5.9313145, 9.3546476, 9.5981369, 9.8386860, 9.9122019, 9.9653463, 19.996441, 19.999069, 19.998840, 19.961918, 0.30931225, 0.34354565, 0.34598091, 0.34838676, 0.34912199, 0.34965342, 0.34998220, 0.34999534, 0.34999421, 0.34980959, 0.77053666
0.25593430, 1.0000000, 0.63744307, 3.3475707, 9.2672873, 9.5300198, 9.7798901, 9.8738804, 9.9474268, 19.994774, 19.998629, 19.995878, 19.940794, 0.28347316, 0.34266868, 0.34529805, 0.34779844, 0.34873858, 0.34947416, 0.34997386, 0.34999314, 0.34997940, 0.34970397, 0.63744307
0.22404225, 1.0000000, 0.52189219, 2.1330178, 7.4821420, 9.4615841, 9.7202797, 9.8332977, 9.9256687, 19.991508, 19.997772, 19.990110, 19.922438, 0.27132866, 0.32481819, 0.34461382, 0.34720239, 0.34833276, 0.34925663, 0.34995753, 0.34998888, 0.34995055, 0.34961218, 0.52189219
0.20353515, 1.0000000, 0.44759113, 1.6386032, 5.8240948, 9.4750214, 9.7146082, 9.8239079, 9.9169044, 19.990068, 19.997139, 19.981518, 19.907232, 0.26638424, 0.30823711, 0.34474710, 0.34714547, 0.34823874, 0.34916893, 0.34995034, 0.34998569, 0.34990758, 0.34953615, 0.44759113
0.18031771, 1.0000000, 0.36346999, 1.1075646, 3.9405315, 9.4134140, 9.6803150, 9.8009672, 9.9039412, 19.988270, 19.995939, 19.970306, 19.895050, 0.26107436, 0.28940257, 0.34413087, 0.34680247, 0.34800935, 0.34903929, 0.34994134, 0.34997970, 0.34985155, 0.34947526, 0.36346999
0.16056639, 0.97292668, 0.29190719, 0.61203539, 2.7432978, 8.6980619, 9.6495419, 9.7795162, 9.8910875, 19.985506, 19.993635, 19.957232, 19.885590, 0.25611895, 0.27742919, 0.33697459, 0.34649408, 0.34779447, 0.34891063, 0.34992754, 0.34996817, 0.34978616, 0.34942794, 0.29190719
0.17001179, 1.0000000, 0.32612967, 1.6630471, 2.4667084, 8.0155954, 9.7033205, 9.8071518, 9.9000092, 19.985237, 19.990662, 19.943443, 19.878439, 0.26662761, 0.27466452, 0.33015183, 0.34703219, 0.34807101, 0.34899992, 0.34992617, 0.34995329, 0.34971720, 0.34939221, 0.32612967
0.15466771, 0.90169370, 0.27053517, 1.0957092, 2.0100534, 7.1204877, 9.6722383, 9.7907686, 9.8929052, 19.982809, 19.985329, 19.929554, 19.873070, 0.26095635, 0.27009970, 0.32120341, 0.34672201, 0.34790748, 0.34892899, 0.34991404, 0.34992665, 0.34964776, 0.34936535, 0.27053517
0.14182638, 0.74662060, 0.22400859, 0.66682994, 1.6165614, 6.2403965, 9.6597767, 9.7823610, 9.8883429, 19.980463, 19.978018, 19.916523, 19.869129, 0.25666595, 0.26616219, 0.31239736, 0.34659570, 0.34782258, 0.34888306, 0.34990233, 0.34989008, 0.34958261, 0.34934565, 0.22400859
0.13260244, 0.63523161, 0.19058855, 0.49052536, 1.2570769, 5.3238988, 9.6412134, 9.7705278, 9.8826904, 19.978153, 19.968782, 19.904938, 19.866270, 0.25490329, 0.26256776, 0.30323261, 0.34640980, 0.34770411, 0.34882653, 0.34989077, 0.34984392, 0.34952468, 0.34933135, 0.19058855
0.12224641, 0.51017141, 0.15306674, 0.21532476, 0.93627572, 4.3870997, 9.6163149, 9.7551317, 9.8755598, 19.975447, 19.957916, 19.895012, 19.864189, 0.25215265, 0.25936121, 0.29386735, 0.34616157, 0.34755051, 0.34875533, 0.34987724, 0.34978959, 0.34947506, 0.34932095, 0.15306674
0.19227156, 1.0000000, 0.40678102, 2.9749513, 2.9718995, 8.0350943, 9.6089306, 9.7487507, 9.8707027, 19.970749, 19.945677, 19.886726, 19.862673, 0.27974516, 0.27971637, 0.33034739, 0.34608847, 0.34748709, 0.34870687, 0.34985375, 0.34972838, 0.34943363, 0.34931338, 0.40678102
0.16790482, 1.0000000, 0.31849575, 1.9386858, 2.3344874, 6.8756232, 9.6161451, 9.7517691, 9.8701839, 19.964458, 19.932955, 19.880007, 19.861578, 0.26938474, 0.27334335, 0.31875399, 0.34616083, 0.34751737, 0.34870172, 0.34982228, 0.34966478, 0.34940004, 0.34930789, 0.31849575
0.14767969, 0.81730586, 0.24521628, 1.1615783, 1.7683774, 5.7175078, 9.6010761, 9.7430449, 9.8662958, 19.957529, 19.920725, 19.874773, 19.860826, 0.26161307, 0.26768130, 0.30717105, 0.34600940, 0.34742975, 0.34866273, 0.34978765, 0.34960362, 0.34937388, 0.34930414, 0.24521628
0.13058159, 0.61082757, 0.18326660, 0.58212578, 1.2619942, 4.5393996, 9.5777369, 9.7283096, 9.8589621, 19.949072, 19.909315, 19.870705, 19.860287, 0.25581768, 0.26261529, 0.29538566, 0.34577385, 0.34728131, 0.34858903, 0.34974536, 0.34954658, 0.34935352, 0.34930143, 0.18326660
0.11598749, 0.43458799, 0.13038944, 0.18464029, 0.80439746, 3.2643008, 9.5362539, 9.7013350, 9.8454084, 19.939482, 19.899187, 19.867607, 19.859896, 0.25184539, 0.25804129, 0.28263757, 0.34535936, 0.34701174, 0.34845355, 0.34969741, 0.34949595, 0.34933802, 0.34929949, 0.13038944
0.10664146, 0.32172453, 0.96527010E-1, 0.0000000, 0.45140088, 2.4341912, 9.0257654, 9.6679087, 9.8282986, 19.929382, 19.890522, 19.865278, 19.859598, 0.24997656, 0.25451130, 0.27433461, 0.34025222, 0.34667620, 0.34828201, 0.34964693, 0.34945261, 0.34932640, 0.34929800, 0.96527010E-1
0.10205539, 0.26634279, 0.79910830E-1, 0.0000000, 0.21915734, 1.9260526, 8.3504515, 9.6623545, 9.8215742, 19.918568, 19.883190, 19.863495, 19.859415, 0.24997656, 0.25219065, 0.26925641, 0.33350095, 0.34662148, 0.34821507, 0.34959283, 0.34941596, 0.34931749, 0.34929708, 0.79910830E-1
0.97810909E-1, 0.21508612, 0.64532287E-1, 0.0000000, 0.47913194E-1, 1.4080971, 7.5476813, 9.6261835, 9.8026533, 19.907818, 19.877193, 19.862165, 19.859251, 0.24997656, 0.25047880, 0.26407620, 0.32547170, 0.34625855, 0.34802544, 0.34953910, 0.34938598, 0.34931082, 0.34929627, 0.64532287E-1
0.94320208E-1, 0.17293206, 0.51884808E-1, 0.0000000, 0.0000000, 0.88258684, 6.4765735, 9.5591087, 9.7676125, 19.897976, 19.872431, 19.861181, 19.859200, 0.24997656, 0.24996859, 0.25882295, 0.31476146, 0.34558794, 0.34767506, 0.34948987, 0.34936216, 0.34930590, 0.34929600, 0.51884808E-1
0.91937408E-1, 0.14415720, 0.43251488E-1, 0.0000000, 0.0000000, 0.52854717, 5.3824883, 9.5380993, 9.7520351, 19.889107, 19.868690, 19.860476, 19.859158, 0.24997656, 0.24996859, 0.25528243, 0.30381864, 0.34537548, 0.34751847, 0.34944552, 0.34934345, 0.34930238, 0.34929579, 0.43251488E-1
0.90730384E-1, 0.12958105, 0.38878202E-1, 0.0000000, 0.0000000, 0.37666261, 4.6432223, 9.6102133, 9.7817812, 19.882071, 19.865953, 19.860006, 19.859121, 0.24997656, 0.24996859, 0.25376377, 0.29642519, 0.34609485, 0.34781533, 0.34941036, 0.34932977, 0.34930003, 0.34929562, 0.38878202E-1
0.89015357E-1, 0.10887028, 0.32664351E-1, 0.0000000, 0.0000000, 0.18190742, 3.5977299, 9.5164070, 9.7388391, 19.875420, 19.863691, 19.859587, 19.859076, 0.24997656, 0.24996859, 0.25181866, 0.28597566, 0.34516189, 0.34738764, 0.34937710, 0.34931844, 0.34929794, 0.34929538, 0.32664351E-1
0.87867975E-1, 0.95014334E-1, 0.28507151E-1, 0.0000000, 0.0000000, 0.81199408E-1, 2.9132514, 9.1292610, 9.7205830, 19.870790, 19.862171, 19.859346, 19.859045, 0.24997656, 0.24996859, 0.25081113, 0.27912632, 0.34128293, 0.34720239, 0.34935397, 0.34931085, 0.34929675, 0.34929523, 0.28507151E-1
0.86854242E-1, 0.82772449E-1, 0.24834219E-1, 0.0000000, 0.0000000, 0.36835670E-2, 2.5058479, 8.2792702, 9.6920052, 19.866049, 19.860781, 19.859169, 19.859011, 0.24997656, 0.24996859, 0.25003681, 0.27505255, 0.33278289, 0.34691623, 0.34933025, 0.34930390, 0.34929585, 0.34929505, 0.24834219E-1
0.19164354, 1.0000000, 0.40450555, 2.8421731, 2.9061584, 8.5557356, 9.2533789, 9.5197144, 9.7989273, 19.864145, 19.860216, 19.859144, 19.859005, 0.27841410, 0.27905691, 0.33555046, 0.34253231, 0.34519637, 0.34798899, 0.34932071, 0.34930107, 0.34929574, 0.34929502, 0.40450555
0.35599899, 1.0000000, 0.99999636, 9.9999990, 9.9999990, 9.9999990, 9.9999990, 9.9999990, 9.9999990, 19.999998, 19.999998, 19.999998, 19.998999, 0.34999949, 0.34999970, 0.34999985, 0.34999996, 0.34999996, 0.34999999, 0.34999999, 0.34999999, 0.34999999, 0.34999499, 0.99999636
0.35599840, 1.0000000, 0.99999416, 9.9999428, 9.9999666, 9.9999790, 9.9999962, 9.9999962, 9.9999990, 19.999998, 19.999998, 19.999998, 19.997997, 0.34999919, 0.34999952, 0.34999973, 0.34999996, 0.34999996, 0.34999999, 0.34999999, 0.34999999, 0.34999999, 0.34998998, 0.99999416
0.35472608, 1.0000000, 0.99538422, 9.9991817, 9.9090405, 9.8838329, 9.9739027, 9.9868422, 9.9954681, 19.999868, 19.999964, 19.999969, 19.989016, 0.34999135, 0.34909013, 0.34883818, 0.34973899, 0.34986842, 0.34995466, 0.34999934, 0.34999982, 0.34999985, 0.34994507, 0.99538422
0.33207864, 1.0000000, 0.91332829, 8.6472235, 9.5221243, 9.7092133, 9.9139233, 9.9553871, 9.9838629, 19.999128, 19.999773, 19.999275, 19.965666, 0.33647200, 0.34522110, 0.34709203, 0.34913921, 0.34955388, 0.34983861, 0.34999564, 0.34999886, 0.34999639, 0.34982833, 0.91332829
0.33664846, 1.0000000, 0.92988569, 9.0500784, 9.4407072, 9.6537409, 9.8635550, 9.9259844, 9.9713697, 19.997734, 19.999414, 19.996719, 19.944166, 0.34048575, 0.34439766, 0.34653261, 0.34863457, 0.34925935, 0.34971350, 0.34998867, 0.34999707, 0.34998360, 0.34972084, 0.92988569
0.35599160, 1.0000000, 0.99996960, 9.9997044, 9.9998236, 9.9999065, 9.9999819, 9.9999905, 9.9999962, 19.999998, 19.999998, 19.999998, 19.996996, 0.34999582, 0.34999749, 0.34999871, 0.34999976, 0.34999987, 0.34999996, 0.34999999, 0.34999999, 0.34999999, 0.34998497, 0.99996960
0.35599762, 1.0000000, 0.99999130, 9.9999990, 9.9999990, 9.9999962, 9.9999990, 9.9999990, 9.9999990, 19.999998, 19.999998, 19.999998, 19.998999, 0.34999880, 0.34999928, 0.34999961, 0.34999993, 0.34999996, 0.34999999, 0.34999999, 0.34999999, 0.34999999, 0.34999499, 0.99999130
0.35599136, 1.0000000, 0.99996859, 9.9997520, 9.9998503, 9.9999247, 9.9999847, 9.9999933, 9.9999990, 19.999998, 19.999998, 19.999998, 19.996996, 0.34999567, 0.34999740, 0.34999868, 0.34999973, 0.34999987, 0.34999996, 0.34999999, 0.34999999, 0.34999999, 0.34998497, 0.99996859
0.34978098, 1.0000000, 0.97746736, 9.7026987, 9.8052912, 9.8852406, 9.9735308, 9.9866400, 9.9953012, 19.999779, 19.999939, 19.999950, 19.987026, 0.34702656, 0.34805265, 0.34885225, 0.34973529, 0.34986639, 0.34995300, 0.34999889, 0.34999970, 0.34999976, 0.34993511, 0.97746736
0.35599595, 1.0000000, 0.99998534, 9.9999037, 9.9999428, 9.9999723, 9.9999933, 9.9999962, 9.9999990, 19.999998, 19.999998, 19.999998, 19.997997, 0.34999797, 0.34999877, 0.34999940, 0.34999987, 0.34999993, 0.34999999, 0.34999999, 0.34999999, 0.34999999, 0.34998998, 0.99998534
0.31810266, 1.0000000, 0.86269075, 7.7167549, 9.4156399, 9.6539564, 9.8907537, 9.9430656, 9.9784956, 19.997900, 19.999451, 19.999586, 19.974239, 0.32716733, 0.34415624, 0.34653947, 0.34890750, 0.34943065, 0.34978497, 0.34998950, 0.34999725, 0.34999794, 0.34987119, 0.86269075
0.27811372, 1.0000000, 0.71780330, 4.9304790, 9.2924347, 9.5523090, 9.8055744, 9.8924389, 9.9563456, 19.994917, 19.998669, 19.997730, 19.951899, 0.29930350, 0.34292290, 0.34552234, 0.34805560, 0.34892431, 0.34956342, 0.34997457, 0.34999335, 0.34998864, 0.34975949, 0.71780330
0.25376651, 1.0000000, 0.62958872, 3.1201007, 9.3566017, 9.5836735, 9.7937984, 9.8792067, 9.9479532, 19.994219, 19.998484, 19.993649, 19.932005, 0.28119731, 0.34355938, 0.34583333, 0.34793732, 0.34879172, 0.34947941, 0.34997109, 0.34999242, 0.34996825, 0.34966004, 0.62958872
0.34687394, 1.0000000, 0.96693444, 9.6511240, 9.5996981, 9.7755795, 9.9392014, 9.9688835, 9.9885035, 19.998985, 19.999731, 19.999882, 19.985031, 0.34650964, 0.34599602, 0.34775531, 0.34939191, 0.34968877, 0.34988502, 0.34999493, 0.34999865, 0.34999940, 0.34992516, 0.96693444
0.34175688, 1.0000000, 0.94839454, 9.2118731, 9.6847410, 9.8280859, 9.9586191, 9.9790001, 9.9926825, 19.999737, 19.999928, 19.999943, 19.986019, 0.34211826, 0.34684712, 0.34828070, 0.34958616, 0.34978998, 0.34992683, 0.34999868, 0.34999964, 0.34999973, 0.34993011, 0.94839454
0.32843527, 1.0000000, 0.90012771, 8.4219980, 9.4725790, 9.6846819, 9.8960171, 9.9453812, 9.9796324, 19.998478, 19.999605, 19.999046, 19.962851, 0.33421791, 0.34472436, 0.34684610, 0.34896001, 0.34945375, 0.34979630, 0.34999239, 0.34999803, 0.34999523, 0.34981424, 0.90012771
0.35599798, 1.0000000, 0.99999255, 9.9999456, 9.9999695, 9.9999847, 9.9999962, 9.9999962, 9.9999990, 19.999998, 19.999998, 19.999998, 19.997997, 0.34999895, 0.34999940, 0.34999970, 0.34999993, 0.34999996, 0.34999999, 0.34999999, 0.34999999, 0.34999999, 0.34998998, 0.99999255
0.35599893, 1.0000000, 0.99999613, 9.9999990, 9.9999990, 9.9999990, 9.9999990, 9.9999990, 9.9999990, 19.999998, 19.999998, 19.999998, 19.998999, 0.34999946, 0.34999967, 0.34999985, 0.34999996, 0.34999996, 0.34999999, 0.34999999, 0.34999999, 0.34999999, 0.34999499, 0.99999613
0.33448601, 1.0000000, 0.92205077, 8.7941685, 9.5488415, 9.7433481, 9.9302378, 9.9642239, 9.9871206, 19.999229, 19.999802, 19.999714, 19.975233, 0.33794117, 0.34548810, 0.34743330, 0.34930235, 0.34964222, 0.34987122, 0.34999615, 0.34999901, 0.34999856, 0.34987617, 0.92205077
0.29974824, 1.0000000, 0.79618919, 6.4415369, 9.3563385, 9.6026974, 9.8477325, 9.9180346, 9.9681978, 19.997036, 19.999235, 19.997997, 19.952820, 0.31441265, 0.34356102, 0.34602574, 0.34847710, 0.34918022, 0.34968194, 0.34998518, 0.34999618, 0.34998998, 0.34976411, 0.79618919
0.33892220, 1.0000000, 0.93812382, 9.0429049, 9.6399097, 9.8010645, 9.9464464, 9.9726582, 9.9897165, 19.998890, 19.999712, 19.999901, 19.987009, 0.34042528, 0.34639668, 0.34800944, 0.34946424, 0.34972647, 0.34989715, 0.34999445, 0.34999856, 0.34999949, 0.34993505, 0.93812382
0.35260230, 1.0000000, 0.98768944, 9.8288422, 9.9063025, 9.9521942, 9.9901381, 9.9950638, 9.9983511, 19.999998, 19.999998, 19.999983, 19.990009, 0.34826279, 0.34904754, 0.34951416, 0.34989983, 0.34994987, 0.34998325, 0.34999999, 0.34999999, 0.34999990, 0.34995005, 0.98768944
0.35599780, 1.0000000, 0.99999201, 9.9999990, 9.9999990, 9.9999990, 9.9999990, 9.9999990, 9.9999990, 19.999998, 19.999998, 19.999998, 19.998999, 0.34999889, 0.34999934, 0.34999967, 0.34999993, 0.34999996, 0.34999999, 0.34999999, 0.34999999, 0.34999999, 0.34999499, 0.99999201
0.32613555, 1.0000000, 0.89179540, 8.2410679, 9.4850254, 9.7019567, 9.9134455, 9.9553299, 9.9835167, 19.998669, 19.999653, 19.999655, 19.975233, 0.33241025, 0.34484994, 0.34701940, 0.34913442, 0.34955326, 0.34983516, 0.34999335, 0.34999827, 0.34999827, 0.34987617, 0.89179540
0.28916994, 1.0000000, 0.75786203, 5.6924458, 9.3377666, 9.5857840, 9.8313265, 9.9080524, 9.9637604, 19.996447, 19.999075, 19.997936, 19.952820, 0.30692241, 0.34337562, 0.34585679, 0.34831306, 0.34908041, 0.34963757, 0.34998223, 0.34999537, 0.34998968, 0.34976411, 0.75786203
0.26741683, 1.0000000, 0.67904645, 4.0736117, 9.3968592, 9.6144791, 9.8186464, 9.8954544, 9.9566555, 19.996368, 19.999056, 19.993998, 19.932829, 0.29073274, 0.34396395, 0.34614241, 0.34818599, 0.34895432, 0.34956646, 0.34998184, 0.34999529, 0.34996998, 0.34966415, 0.67904645
0.25417954, 1.0000000, 0.63108522, 3.1298487, 9.3823957, 9.5974827, 9.7954340, 9.8782701, 9.9466248, 19.995161, 19.998661, 19.987141, 19.915798, 0.28129694, 0.34382117, 0.34597340, 0.34795403, 0.34878257, 0.34946620, 0.34997579, 0.34999329, 0.34993571, 0.34957898, 0.63108522
0.24151029, 1.0000000, 0.58518219, 2.8450131, 8.3563223, 9.5471621, 9.7621803, 9.8558884, 9.9338675, 19.993027, 19.997740, 19.977386, 19.901848, 0.27844989, 0.33356279, 0.34547138, 0.34762174, 0.34855884, 0.34933868, 0.34996513, 0.34998870, 0.34988692, 0.34950924, 0.58518219
0.22421978, 1.0000000, 0.52253544, 2.3732691, 7.0563793, 9.5457506, 9.7559872, 9.8488827, 9.9278898, 19.991890, 19.996454, 19.965359, 19.890842, 0.27373180, 0.32056221, 0.34545642, 0.34755966, 0.34848872, 0.34927887, 0.34995943, 0.34998226, 0.34982678, 0.34945422, 0.52253544
0.20464684, 1.0000000, 0.45161897, 1.8369466, 5.6104455, 9.5062847, 9.7332640, 9.8337488, 9.9189682, 19.989899, 19.993927, 19.951822, 19.882410, 0.26836592, 0.30609795, 0.34505734, 0.34733152, 0.34833691, 0.34918952, 0.34994948, 0.34996963, 0.34975910, 0.34941205, 0.45161897
0.18424654, 1.0000000, 0.37770480, 1.3088137, 4.0522056, 9.4671545, 9.7069044, 9.8162498, 9.9091835, 19.987597, 19.989782, 19.937788, 19.876024, 0.26308036, 0.29050756, 0.34465465, 0.34706560, 0.34816074, 0.34909123, 0.34993798, 0.34994891, 0.34968895, 0.34938014, 0.37770480
0.16733050, 1.0000000, 0.31641489, 0.86952746, 2.9399872, 9.0742941, 9.6902199, 9.8040886, 9.9016771, 19.985256, 19.983700, 19.924171, 19.871300, 0.25868884, 0.27938682, 0.34072283, 0.34689790, 0.34803870, 0.34901604, 0.34992629, 0.34991848, 0.34962085, 0.34935650, 0.31641489
0.15355814, 0.88829434, 0.26651496, 0.49726963, 2.4069250, 8.0598192, 9.6686497, 9.7896767, 9.8937941, 19.982742, 19.975496, 19.911661, 19.867834, 0.25496846, 0.27405694, 0.33057755, 0.34668154, 0.34789425, 0.34893709, 0.34991372, 0.34987748, 0.34955829, 0.34933919, 0.26651496
0.14188254, 0.74729884, 0.22421208, 0.22116601, 1.9473374, 7.0799370, 9.6577883, 9.7814217, 9.8885660, 19.979916, 19.965399, 19.900679, 19.865335, 0.25221014, 0.26946533, 0.32078475, 0.34657389, 0.34781218, 0.34888497, 0.34989959, 0.34982699, 0.34950340, 0.34932667, 0.22421208
0.18316633, 1.0000000, 0.37379104, 2.8144836, 2.8873682, 6.5164633, 9.7113104, 9.8105335, 9.8996105, 19.978163, 19.954290, 19.891535, 19.863531, 0.27813220, 0.27886590, 0.31515583, 0.34711048, 0.34810403, 0.34899566, 0.34989083, 0.34977144, 0.34945768, 0.34931767, 0.37379104
0.18070425, 1.0000000, 0.36487046, 2.8627424, 2.2199302, 7.0899868, 9.7074032, 9.8105707, 9.9008808, 19.974897, 19.942196, 19.884022, 19.862230, 0.27862704, 0.27219912, 0.32089961, 0.34707394, 0.34810567, 0.34900880, 0.34987450, 0.34971097, 0.34942010, 0.34931114, 0.36487046
0.22402459, 1.0000000, 0.52182823, 2.3498058, 7.6137400, 8.4906425, 9.6518326, 9.7787485, 9.8876734, 19.968897, 19.929556, 19.877935, 19.861273, 0.27349794, 0.32613719, 0.33490631, 0.34651831, 0.34778750, 0.34887674, 0.34984449, 0.34964779, 0.34938967, 0.34930637, 0.52182823
0.19860974, 1.0000000, 0.42974538, 1.7883301, 4.9973593, 9.4504833, 9.6829319, 9.7941589, 9.8914862, 19.961426, 19.917477, 19.873177, 19.860609, 0.26788050, 0.29996893, 0.34450042, 0.34682843, 0.34794113, 0.34891471, 0.34980714, 0.34958738, 0.34936589, 0.34930304, 0.42974538
0.17856844, 1.0000000, 0.35713199, 1.2936741, 3.4002249, 9.4522247, 9.6828289, 9.7944384, 9.8909178, 19.952559, 19.906427, 19.869520, 19.860121, 0.26293465, 0.28399897, 0.34451768, 0.34682736, 0.34794390, 0.34890902, 0.34976280, 0.34953213, 0.34934759, 0.34930059, 0.35713199
0.16293579, 1.0000000, 0.30049199, 0.85944235, 2.6079118, 8.7116051, 9.6709127, 9.7875614, 9.8870230, 19.942215, 19.896645, 19.866730, 19.859774, 0.25859252, 0.27607563, 0.33711025, 0.34670785, 0.34787497, 0.34887001, 0.34971106, 0.34948322, 0.34933364, 0.34929886, 0.30049199
0.14977029, 0.84255207, 0.25279090, 0.51392019, 2.1191001, 7.6655383, 9.6556234, 9.7778025, 9.8813000, 19.931299, 19.888369, 19.864620, 19.859533, 0.25513738, 0.27118653, 0.32664728, 0.34655419, 0.34777698, 0.34881264, 0.34965649, 0.34944183, 0.34932309, 0.34929767, 0.25279090
0.13811821, 0.70184058, 0.21057323, 0.24233162, 1.6821593, 6.6344910, 9.6421347, 9.7684526, 9.8748913, 19.920073, 19.881500, 19.863028, 19.859352, 0.25242195, 0.26681590, 0.31633368, 0.34641808, 0.34768286, 0.34874836, 0.34960037, 0.34940749, 0.34931514, 0.34929675, 0.21057323
0.12762852, 0.57516611, 0.17256708, 0.46414137E-1, 1.2794167, 5.5653358, 9.6198950, 9.7537327, 9.8660183, 19.909309, 19.875954, 19.861853, 19.859287, 0.25046378, 0.26278841, 0.30564085, 0.34619462, 0.34753513, 0.34865943, 0.34954655, 0.34937978, 0.34930927, 0.34929645, 0.17256708
0.11856671, 0.46573490, 0.13973445, 0.0000000, 0.88145435, 4.3389368, 9.5745850, 9.7245455, 9.8507252, 19.899359, 19.871563, 19.860998, 19.859222, 0.24998707, 0.25881043, 0.29337928, 0.34574139, 0.34724319, 0.34850648, 0.34949678, 0.34935781, 0.34930497, 0.34929612, 0.13973445
0.11079896, 0.37193096, 0.11159045, 0.0000000, 0.57106614, 3.0937536, 9.5374403, 9.6988850, 9.8362894, 19.891087, 19.868282, 19.860418, 19.859200, 0.24998707, 0.25570720, 0.28092816, 0.34536862, 0.34698594, 0.34836191, 0.34945542, 0.34934142, 0.34930208, 0.34929600, 0.11159045
0.10564138, 0.30964753, 0.92903547E-1, 0.0000000, 0.33273995, 2.4327099, 9.0047178, 9.6803074, 9.8245296, 19.883549, 19.865662, 19.859959, 19.859163, 0.24998707, 0.25332570, 0.27432090, 0.34004259, 0.34680060, 0.34824446, 0.34941775, 0.34932831, 0.34929979, 0.34929582, 0.92903547E-1
0.14040187, 0.72941828, 0.21884736, 1.7135113, 1.8339187, 2.1900356, 8.6164656, 9.7273016, 9.8406496, 19.877338, 19.863693, 19.859646, 19.859144, 0.26712763, 0.26833439, 0.27189749, 0.33616239, 0.34727174, 0.34840608, 0.34938669, 0.34931847, 0.34929824, 0.34929574, 0.21884736
0.16208157, 0.99122423, 0.29739702, 2.8557479, 2.2351384, 2.8276026, 8.5502539, 9.7449551, 9.8475056, 19.872534, 19.862267, 19.859489, 19.859127, 0.27855018, 0.27234796, 0.27827385, 0.33550122, 0.34744880, 0.34847480, 0.34936267, 0.34931132, 0.34929746, 0.34929565, 0.29739702
0.14486086, 0.78326529, 0.23500310, 1.9756436, 1.7943740, 2.5457888, 8.2204914, 9.7493334, 9.8487511, 19.868040, 19.861065, 19.859354, 19.859104, 0.26975548, 0.26794320, 0.27545753, 0.33220467, 0.34749320, 0.34848744, 0.34934020, 0.34930533, 0.34929678, 0.34929553, 0.23500310
0.13300765, 0.64012492, 0.19205669, 1.4015883, 1.4674187, 2.3120403, 7.9171958, 9.7552986, 9.8507767, 19.865166, 19.860336, 19.859287, 19.859081, 0.26401126, 0.26467130, 0.27311811, 0.32917041, 0.34755203, 0.34850743, 0.34932584, 0.34930170, 0.34929645, 0.34929541, 0.19205669
0.13332452, 0.64395148, 0.19320476, 1.6349465, 1.2337178, 2.1298051, 7.6509542, 9.7671309, 9.8548603, 19.863083, 19.859854, 19.859222, 19.859064, 0.26634490, 0.26233512, 0.27129626, 0.32650825, 0.34767050, 0.34854832, 0.34931540, 0.34929925, 0.34929612, 0.34929532, 0.19320476
0.12230781, 0.51091272, 0.15328915, 1.0849208, 0.96514225, 1.9019157, 7.3429112, 9.7529974, 9.8492193, 19.861185, 19.859442, 19.859152, 19.859045, 0.26084620, 0.25964981, 0.26901758, 0.32342789, 0.34752917, 0.34849194, 0.34930593, 0.34929723, 0.34929577, 0.34929523, 0.15328915
0.11355406, 0.40520179, 0.12157270, 0.67742467, 0.73349178, 1.6776115, 7.0074825, 9.7402401, 9.8435774, 19.859877, 19.859205, 19.859081, 19.859034, 0.25677159, 0.25733319, 0.26677415, 0.32007319, 0.34740126, 0.34843537, 0.34929937, 0.34929603, 0.34929541, 0.34929517, 0.12157270
0.10568631, 0.31019005, 0.93066320E-1, 0.34271181, 0.50708055, 1.4282078, 6.6108584, 9.7164860, 9.8332977, 19.858662, 19.858904, 19.859005, 19.859011, 0.25342426, 0.25506824, 0.26427850, 0.31610525, 0.34716243, 0.34833214, 0.34929329, 0.34929451, 0.34929502, 0.34929505, 0.93066320E-1
0.10081679, 0.25138536, 0.75423151E-1, 0.15968680, 0.35660863, 1.2368053, 6.2376752, 9.7176018, 9.8324995, 19.857836, 19.858662, 19.858940, 19.858992, 0.25159559, 0.25356439, 0.26236510, 0.31237376, 0.34717369, 0.34832421, 0.34928918, 0.34929329, 0.34929469, 0.34929496, 0.75423151E-1
0.96760668E-1, 0.20240328, 0.60727056E-1, 0.42426586E-1, 0.22068322, 1.0139287, 5.7814565, 9.6886339, 9.8204851, 19.857433, 19.858540, 19.858904, 19.858980, 0.25042388, 0.25220561, 0.26013646, 0.30781135, 0.34688362, 0.34820393, 0.34928715, 0.34929270, 0.34929451, 0.34929490, 0.60727056E-1
0.14380598, 0.77052641, 0.23118104, 1.8261790, 2.2821517, 2.1365345, 6.6142983, 9.7514343, 9.8440819, 19.857607, 19.858566, 19.858892, 19.858980, 0.26825765, 0.27281842, 0.27136388, 0.31614208, 0.34751368, 0.34844062, 0.34928805, 0.34929281, 0.34929445, 0.34929490, 0.23118104
0.32383069, 1.0000000, 0.88344449, 8.4006796, 9.1464920, 9.3762426, 9.5921679, 9.8059683, 9.8659964, 19.857893, 19.858566, 19.858892, 19.858980, 0.33400059, 0.34146088, 0.34376034, 0.34592128, 0.34805948, 0.34865990, 0.34928948, 0.34929281, 0.34929445, 0.34929490, 0.88344449
0.35599518, 1.0000000, 0.99998248, 9.9998531, 9.9999132, 9.9999580, 9.9999905, 9.9999962, 9.9999990, 19.999998, 19.999998, 19.999998, 19.996996, 0.34999758, 0.34999856, 0.34999928, 0.34999985, 0.34999993, 0.34999999, 0.34999999, 0.34999999, 0.34999999, 0.34998497, 0.99998248
0.35599768, 1.0000000, 0.99999142, 9.9999962, 9.9999990, 9.9999990, 9.9999962, 9.9999990, 9.9999990, 19.999998, 19.999998, 19.999998, 19.998999, 0.34999880, 0.34999931, 0.34999964, 0.34999990, 0.34999996, 0.34999999, 0.34999999, 0.34999999, 0.34999999, 0.34999499, 0.99999142
0.33401114, 1.0000000, 0.92033011, 8.7327414, 9.5829468, 9.7640667, 9.9378700, 9.9682350, 9.9887581, 19.999521, 19.999880, 19.999725, 19.975233, 0.33732519, 0.34582797, 0.34763992, 0.34937856, 0.34968227, 0.34988755, 0.34999761, 0.34999940, 0.34999862, 0.34987617, 0.92033011
0.29926676, 1.0000000, 0.79444468, 6.3971243, 9.3673830, 9.6104879, 9.8559103, 9.9228411, 9.9709110, 19.998104, 19.999516, 19.998062, 19.952837, 0.31396791, 0.34367087, 0.34610337, 0.34855881, 0.34922826, 0.34970903, 0.34999052, 0.34999758, 0.34999031, 0.34976417, 0.79444468
0.26673055, 1.0000000, 0.67655993, 4.0875173, 9.3167467, 9.5649977, 9.8039436, 9.8892984, 9.9555845, 19.996960, 19.999216, 19.994070, 19.932823, 0.29087350, 0.34316522, 0.34564883, 0.34803921, 0.34889287, 0.34955582, 0.34998479, 0.34999609, 0.34997034, 0.34966412, 0.67655993
0.24152313, 1.0000000, 0.58522874, 2.7900994, 8.4502754, 9.5432711, 9.7713633, 9.8652515, 9.9420595, 19.995470, 19.998734, 19.987188, 19.915798, 0.27789962, 0.33450025, 0.34543127, 0.34771335, 0.34865236, 0.34942055, 0.34997734, 0.34999368, 0.34993595, 0.34957898, 0.58522874
0.27308178, 1.0000000, 0.69957167, 4.5473976, 9.3134680, 9.5821552, 9.7767820, 9.8636007, 9.9372835, 19.994392, 19.998072, 19.977505, 19.901859, 0.29547098, 0.34313098, 0.34581965, 0.34776744, 0.34863579, 0.34937277, 0.34997195, 0.34999037, 0.34988752, 0.34950930, 0.69957167
0.24475425, 1.0000000, 0.59693569, 2.9103816, 8.6497993, 9.5335350, 9.7520370, 9.8471184, 9.9275255, 19.992676, 19.996670, 19.965454, 19.890842, 0.27909786, 0.33648735, 0.34532949, 0.34751919, 0.34847060, 0.34927505, 0.34996337, 0.34998333, 0.34982726, 0.34945422, 0.59693569
0.22426258, 1.0000000, 0.52269047, 2.3386569, 7.1358142, 9.5210466, 9.7390480, 9.8370647, 9.9205437, 19.990959, 19.994221, 19.951923, 19.882410, 0.27338129, 0.32134849, 0.34520403, 0.34738916, 0.34836999, 0.34920520, 0.34995478, 0.34997112, 0.34975961, 0.34941205, 0.52269047
0.20392731, 1.0000000, 0.44901198, 1.7906636, 5.6088643, 9.4961166, 9.7225227, 9.8255339, 9.9133625, 19.988890, 19.990141, 19.937904, 19.876024, 0.26789969, 0.30607554, 0.34495011, 0.34722295, 0.34825420, 0.34913322, 0.34994444, 0.34995070, 0.34968951, 0.34938014, 0.44901198
0.18304090, 1.0000000, 0.37333658, 1.2649208, 3.9862857, 9.4573679, 9.6988878, 9.8100395, 9.9049568, 19.986639, 19.984058, 19.924276, 19.871300, 0.26264057, 0.28984654, 0.34455431, 0.34698492, 0.34809840, 0.34904888, 0.34993321, 0.34992030, 0.34962139, 0.34935650, 0.37333658
0.16822928, 1.0000000, 0.31967127, 0.90751350, 2.9638350, 9.1137972, 9.6969728, 9.8069448, 9.9020252, 19.984859, 19.976063, 19.911804, 19.867853, 0.25907010, 0.27962849, 0.34112278, 0.34696651, 0.34806782, 0.34901971, 0.34992430, 0.34988031, 0.34955901, 0.34933928, 0.31967127
0.15708689, 0.93090796, 0.27930033, 0.61827898, 2.5300832, 8.2555952, 9.6918354, 9.8030186, 9.8994141, 19.982733, 19.966160, 19.900856, 19.865347, 0.25617853, 0.27529037, 0.33253890, 0.34691435, 0.34802815, 0.34899345, 0.34991366, 0.34983081, 0.34950429, 0.34932673, 0.27930033
0.14724174, 0.81201708, 0.24362950, 0.39106309, 2.1393299, 7.4182739, 9.6854792, 9.7987175, 9.8969812, 19.979944, 19.954760, 19.891630, 19.863531, 0.25390726, 0.27138224, 0.32416356, 0.34684980, 0.34798464, 0.34896895, 0.34989971, 0.34977379, 0.34945816, 0.34931767, 0.24362950
0.13844836, 0.70582753, 0.21176943, 0.21145940, 1.7869264, 6.5992985, 9.6785555, 9.7941008, 9.8944311, 19.976078, 19.942467, 19.884064, 19.862225, 0.25211248, 0.26785851, 0.31597313, 0.34677973, 0.34793806, 0.34894332, 0.34988040, 0.34971234, 0.34942031, 0.34931111, 0.21176943
0.13050854, 0.60994560, 0.18300198, 0.73257089E-1, 1.4665782, 5.7869968, 9.6690464, 9.7879791, 9.8911991, 19.970819, 19.930017, 19.878036, 19.861273, 0.25073135, 0.26465100, 0.30784082, 0.34668073, 0.34787488, 0.34891033, 0.34985411, 0.34965008, 0.34939018, 0.34930637, 0.18300198
0.12499981, 0.54342163, 0.16304280, 0.25266409E-1, 1.2358725, 5.0788679, 9.6738901, 9.7902431, 9.8916550, 19.964748, 19.918247, 19.873346, 19.860638, 0.25025198, 0.26233849, 0.30074710, 0.34672308, 0.34789440, 0.34891385, 0.34982374, 0.34959123, 0.34936672, 0.34930319, 0.16304280
0.13981323, 0.72230965, 0.21671458, 1.3507634, 1.0841817, 4.5428495, 9.6994858, 9.8045607, 9.8967390, 19.957123, 19.907446, 19.869720, 19.860157, 0.26347741, 0.26082727, 0.29539800, 0.34698182, 0.34803903, 0.34896517, 0.34978563, 0.34953722, 0.34934860, 0.34930080, 0.21671458
0.13220923, 0.63048321, 0.18916388, 1.0443091, 0.92958510, 4.0211492, 9.7003860, 9.8058224, 9.8969488, 19.947918, 19.897865, 19.866976, 19.859833, 0.26044136, 0.25929493, 0.29020950, 0.34700292, 0.34805775, 0.34896934, 0.34973958, 0.34948933, 0.34933490, 0.34929916, 0.18916388
0.12321845, 0.52190971, 0.15658857, 0.70019662, 0.73675215, 3.3958216, 9.6658869, 9.7862968, 9.8881483, 19.937365, 19.889585, 19.864878, 19.859575, 0.25699320, 0.25736198, 0.28394547, 0.34665161, 0.34785929, 0.34888023, 0.34968683, 0.34944794, 0.34932441, 0.34929788, 0.15658857
0.11550957, 0.42881671, 0.12865788, 0.41218996, 0.55266321, 2.9037089, 9.4566784, 9.7681561, 9.8779783, 19.926264, 19.882692, 19.863272, 19.859409, 0.25411755, 0.25552312, 0.27902788, 0.34456080, 0.34767845, 0.34877875, 0.34963131, 0.34941345, 0.34931636, 0.34929705, 0.12865788
0.10943078, 0.35540867, 0.10663327, 0.20083487, 0.39113760, 2.5417833, 9.0681496, 9.7482834, 9.8665438, 19.915356, 19.877083, 19.862082, 19.859299, 0.25200641, 0.25390911, 0.27541050, 0.34067628, 0.34748003, 0.34866449, 0.34957677, 0.34938541, 0.34931040, 0.34929651, 0.10663327
0.10441300, 0.29481348, 0.88452891E-1, 0.56916475E-1, 0.25418997, 2.1756439, 8.6255951, 9.7273903, 9.8541470, 19.905140, 19.872629, 19.861225, 19.859251, 0.25056773, 0.25253808, 0.27174008, 0.33624300, 0.34726658, 0.34853899, 0.34952569, 0.34936315, 0.34930614, 0.34929627, 0.88452891E-1
0.10124822, 0.25659534, 0.76986305E-1, 0.0000000, 0.16039312, 1.8734872, 8.1911592, 9.7230167, 9.8483620, 19.896099, 19.869188, 19.860592, 19.859222, 0.24998178, 0.25160322, 0.26873064, 0.33190787, 0.34722796, 0.34848288, 0.34948051, 0.34934595, 0.34930295, 0.34929612, 0.76986305E-1
0.98921105E-1, 0.22849293, 0.68554737E-1, 0.0000000, 0.82224607E-1, 1.5663117, 7.7069211, 9.7056313, 9.8381042, 19.888163, 19.866505, 19.860123, 19.859205, 0.24998178, 0.25082201, 0.26566088, 0.32706705, 0.34705496, 0.34838057, 0.34944081, 0.34933251, 0.34930062, 0.34929603, 0.68554737E-1
0.96680388E-1, 0.20143387, 0.60436204E-1, 0.0000000, 0.20468235E-1, 1.2616485, 7.1549654, 9.6821184, 9.8250170, 19.881325, 19.864410, 19.859781, 19.859180, 0.24998178, 0.25020462, 0.26261497, 0.32154796, 0.34682003, 0.34824979, 0.34940663, 0.34932205, 0.34929889, 0.34929591, 0.60436204E-1
0.94862342E-1, 0.17947897, 0.53849079E-1, 0.0000000, 0.0000000, 0.98660588, 6.5519967, 9.6632090, 9.8136110, 19.875660, 19.862808, 19.859552, 19.859163, 0.24998178, 0.24999827, 0.25986236, 0.31551504, 0.34662846, 0.34813491, 0.34937829, 0.34931403, 0.34929776, 0.34929582, 0.53849079E-1
0.93742326E-1, 0.16595352, 0.49791034E-1, 0.0000000, 0.0000000, 0.81248283, 6.0597172, 9.6803818, 9.8186302, 19.871084, 19.861614, 19.859394, 19.859144, 0.24998178, 0.24999827, 0.25812238, 0.31059352, 0.34680089, 0.34818533, 0.34935543, 0.34930807, 0.34929699, 0.34929574, 0.49791034E-1
0.92717186E-1, 0.15357389, 0.46076775E-1, 0.0000000, 0.0000000, 0.66010952, 5.5871878, 9.6821461, 9.8186913, 19.867342, 19.860712, 19.859312, 19.859121, 0.24998178, 0.24999827, 0.25659266, 0.30585760, 0.34680909, 0.34818274, 0.34933671, 0.34930354, 0.34929657, 0.34929562, 0.46076775E-1
0.91851346E-1, 0.14311792, 0.42939670E-1, 0.0000000, 0.0000000, 0.53882599, 5.1454091, 9.6856728, 9.8195944, 19.864540, 19.860096, 19.859247, 19.859104, 0.24998178, 0.24999827, 0.25538099, 0.30144021, 0.34684366, 0.34819153, 0.34932271, 0.34930047, 0.34929624, 0.34929553, 0.42939670E-1
0.91079466E-1, 0.13379662, 0.40142998E-1, 0.0000000, 0.0000000, 0.43828487, 4.7158403, 9.6849823, 9.8189497, 19.862553, 19.859694, 19.859200, 19.859081, 0.24998178, 0.24999827, 0.25437659, 0.29714492, 0.34683597, 0.34818482, 0.34931275, 0.34929848, 0.34929600, 0.34929541, 0.40142998E-1
0.90282716E-1, 0.12417503, 0.37256233E-1, 0.0000000, 0.0000000, 0.33824742, 4.2620454, 9.6725388, 9.8130989, 19.860672, 19.859312, 19.859121, 19.859064, 0.24998178, 0.24999827, 0.25337553, 0.29260296, 0.34670556, 0.34812430, 0.34930336, 0.34929657, 0.34929562, 0.34929532, 0.37256233E-1
0.15117399, 0.85950333, 0.25787678, 2.4994612, 2.1544309, 2.4462790, 4.0452051, 9.7655983, 9.8487387, 19.859871, 19.859180, 19.859087, 19.859064, 0.27497590, 0.27153462, 0.27445731, 0.29045025, 0.34765378, 0.34848663, 0.34929937, 0.34929591, 0.34929544, 0.34929532, 0.25787678
0.17744952, 1.0000000, 0.35307795, 2.9273181, 2.3094444, 5.9807429, 9.3603783, 9.8181658, 9.8708019, 19.859646, 19.859175, 19.859087, 19.859064, 0.27926964, 0.27309278, 0.30980524, 0.34360310, 0.34818131, 0.34870791, 0.34929824, 0.34929588, 0.34929544, 0.34929532, 0.35307795
0.29110891, 1.0000000, 0.76488733, 5.8978820, 9.2741604, 9.5269604, 9.7185535, 9.8464489, 9.8826008, 19.859489, 19.859169, 19.859087, 19.859064, 0.30897850, 0.34274131, 0.34526947, 0.34718552, 0.34846446, 0.34882599, 0.34929746, 0.34929585, 0.34929544, 0.34929532, 0.76488733
0.32696220, 1.0000000, 0.89479059, 8.2965975, 9.5282860, 9.6683779, 9.7876596, 9.8570852, 9.8869925, 19.859207, 19.859098, 19.859070, 19.859064, 0.33296522, 0.34528235, 0.34668350, 0.34787655, 0.34857082, 0.34886992, 0.34929603, 0.34929550, 0.34929535, 0.34929532, 0.89479059
0.35599852, 1.0000000, 0.99999458, 9.9999990, 9.9999990, 9.9999990, 9.9999990, 9.9999990, 9.9999990, 19.999998, 19.999998, 19.999998, 19.998999, 0.34999925, 0.34999955, 0.34999979, 0.34999996, 0.34999996, 0.34999999, 0.34999999, 0.34999999, 0.34999999, 0.34999499, 0.99999458
0.35599864, 1.0000000, 0.99999493, 9.9999990, 9.9999990, 9.9999990, 9.9999990, 9.9999990, 9.9999990, 19.999998, 19.999998, 19.999998, 19.998999, 0.34999931, 0.34999958, 0.34999979, 0.34999996, 0.34999996, 0.34999999, 0.34999999, 0.34999999, 0.34999999, 0.34999499, 0.99999493
0.35599065, 1.0000000, 0.99996608, 9.9996204, 9.9997702, 9.9998837, 9.9999723, 9.9999876, 9.9999990, 19.999998, 19.999998, 19.999998, 19.994993, 0.34999534, 0.34999719, 0.34999856, 0.34999967, 0.34999985, 0.34999999, 0.34999999, 0.34999999, 0.34999999, 0.34997496, 0.99996608
0.34713471, 1.0000000, 0.96787924, 9.5622644, 9.7349882, 9.8567019, 9.9659567, 9.9827604, 9.9939861, 19.999773, 19.999939, 19.999857, 19.980116, 0.34562221, 0.34734961, 0.34856686, 0.34965953, 0.34982759, 0.34993985, 0.34999886, 0.34999970, 0.34999928, 0.34990057, 0.96787924
0.33403695, 1.0000000, 0.92042375, 8.7154198, 9.6100893, 9.7738018, 9.9348640, 9.9662828, 9.9880543, 19.999622, 19.999903, 19.998653, 19.957342, 0.33715352, 0.34610045, 0.34773779, 0.34934857, 0.34966281, 0.34988055, 0.34999812, 0.34999952, 0.34999326, 0.34978670, 0.92042375
0.31339052, 1.0000000, 0.84561783, 7.3139825, 9.4977160, 9.6948004, 9.8909121, 9.9416609, 9.9784575, 19.999100, 19.999765, 19.995247, 19.936766, 0.32313865, 0.34497628, 0.34694755, 0.34890902, 0.34941655, 0.34978455, 0.34999549, 0.34999883, 0.34997624, 0.34968382, 0.84561783
0.29172584, 1.0000000, 0.76712257, 5.7921095, 9.4431839, 9.6531467, 9.8561440, 9.9201088, 9.9691715, 19.998735, 19.999617, 19.989061, 19.919092, 0.30792010, 0.34443083, 0.34653094, 0.34856132, 0.34920102, 0.34969169, 0.34999368, 0.34999809, 0.34994531, 0.34959546, 0.76712257
0.27084526, 1.0000000, 0.69146830, 4.2923760, 9.4316511, 9.6383419, 9.8325529, 9.9035892, 9.9607410, 19.998253, 19.999205, 19.979988, 19.904545, 0.29292288, 0.34431538, 0.34638286, 0.34832540, 0.34903583, 0.34960738, 0.34999126, 0.34999603, 0.34989995, 0.34952271, 0.69146830
0.25565714, 1.0000000, 0.63643879, 3.1550927, 9.4811525, 9.6638308, 9.8303032, 9.8989019, 9.9563904, 19.997900, 19.998323, 19.968418, 19.892956, 0.28154880, 0.34480765, 0.34663635, 0.34830263, 0.34898880, 0.34956384, 0.34998950, 0.34999162, 0.34984210, 0.34946477, 0.63643879
0.24293907, 1.0000000, 0.59035891, 2.6832075, 8.7447758, 9.6413717, 9.8184443, 9.8901424, 9.9508314, 19.997448, 19.996473, 19.955200, 19.884035, 0.27682957, 0.33744287, 0.34641105, 0.34818390, 0.34890115, 0.34950823, 0.34998724, 0.34998238, 0.34977600, 0.34942019, 0.59035891
0.23528607, 1.0000000, 0.56263065, 2.5030165, 8.1047592, 9.6710987, 9.8262777, 9.8925476, 9.9499083, 19.997351, 19.993292, 19.941275, 19.877279, 0.27502841, 0.33104420, 0.34670895, 0.34826237, 0.34892526, 0.34949902, 0.34998676, 0.34996647, 0.34970638, 0.34938639, 0.56263065
0.22935261, 1.0000000, 0.54113263, 2.3699224, 7.5973606, 9.6945639, 9.8360815, 9.8970070, 9.9504509, 19.997299, 19.988262, 19.927589, 19.872265, 0.27369672, 0.32596880, 0.34694257, 0.34836018, 0.34896973, 0.34950438, 0.34998649, 0.34994131, 0.34963796, 0.34936133, 0.54113263
0.21838452, 1.0000000, 0.50139314, 2.0973742, 6.7630596, 9.6264296, 9.8142738, 9.8849640, 9.9451914, 19.996763, 19.981037, 19.914864, 19.868565, 0.27097324, 0.31762958, 0.34626359, 0.34814259, 0.34884959, 0.34945187, 0.34998381, 0.34990519, 0.34957433, 0.34934282, 0.50139314
0.20986860, 1.0000000, 0.47053838, 1.9104391, 6.0420799, 9.6351290, 9.8121843, 9.8827515, 9.9434156, 19.996105, 19.971807, 19.903580, 19.865883, 0.26910397, 0.31042004, 0.34635067, 0.34812173, 0.34882745, 0.34943414, 0.34998053, 0.34985903, 0.34951788, 0.34932941, 0.47053838
0.19829768, 1.0000000, 0.42861480, 1.6442031, 5.1162200, 9.5865831, 9.7904596, 9.8700304, 9.9376860, 19.994509, 19.960808, 19.893936, 19.863930, 0.26644009, 0.30115855, 0.34586245, 0.34790391, 0.34869996, 0.34937674, 0.34997255, 0.34980404, 0.34946969, 0.34931964, 0.42861480
0.19178466, 1.0000000, 0.40501690, 1.5156865, 4.5133963, 9.6432610, 9.8052015, 9.8766565, 9.9389772, 19.992046, 19.948687, 19.885994, 19.862543, 0.26515549, 0.29513150, 0.34643000, 0.34805149, 0.34876630, 0.34938967, 0.34996024, 0.34974343, 0.34942997, 0.34931272, 0.40501690
0.35593194, 1.0000000, 0.99975342, 9.9974422, 9.9984646, 9.9992332, 9.9998474, 9.9999218, 9.9999752, 19.999998, 19.999998, 19.999998, 19.994993, 0.34996608, 0.34997964, 0.34998983, 0.34999797, 0.34999898, 0.34999967, 0.34999999, 0.34999999, 0.34999999, 0.34997496, 0.99975342
0.35599816, 1.0000000, 0.99999326, 9.9999990, 9.9999962, 9.9999990, 9.9999990, 9.9999990, 9.9999990, 19.999998, 19.999998, 19.999998, 19.998999, 0.34999907, 0.34999943, 0.34999973, 0.34999993, 0.34999996, 0.34999999, 0.34999999, 0.34999999, 0.34999999, 0.34999499, 0.99999326
0.35599911, 1.0000000, 0.99999678, 9.9999990, 9.9999990, 9.9999990, 9.9999990, 9.9999990, 9.9999990, 19.999998, 19.999998, 19.999998, 19.998999, 0.34999955, 0.34999973, 0.34999987, 0.34999996, 0.34999999, 0.34999999, 0.34999999, 0.34999999, 0.34999999, 0.34999499, 0.99999678
0.35599917, 1.0000000, 0.99999690, 9.9999990, 9.9999990, 9.9999990, 9.9999990, 9.9999990, 9.9999990, 19.999998, 19.999998, 19.999998, 19.998999, 0.34999958, 0.34999973, 0.34999987, 0.34999996, 0.34999999, 0.34999999, 0.34999999, 0.34999999, 0.34999999, 0.34999499, 0.99999690
0.35599667, 1.0000000, 0.99998796, 9.9998741, 9.9999218, 9.9999638, 9.9999876, 9.9999990, 9.9999990, 19.999998, 19.999998, 19.999998, 19.995995, 0.34999835, 0.34999898, 0.34999952, 0.34999985, 0.34999999, 0.34999999, 0.34999999, 0.34999999, 0.34999999, 0.34997997, 0.99998796
0.35568970, 1.0000000, 0.99887562, 9.9986229, 9.9853449, 9.9610748, 9.9919786, 9.9959841, 9.9986525, 19.999998, 19.999998, 19.999893, 19.981098, 0.34998605, 0.34985334, 0.34961069, 0.34991980, 0.34995985, 0.34998652, 0.34999999, 0.34999999, 0.34999946, 0.34990549, 0.99887562
0.34416670, 1.0000000, 0.95712560, 9.3635073, 9.7205706, 9.8325939, 9.9603214, 9.9798803, 9.9931946, 19.999998, 19.999998, 19.998758, 19.958250, 0.34363464, 0.34720543, 0.34832579, 0.34960318, 0.34979880, 0.34993196, 0.34999999, 0.34999999, 0.34999380, 0.34979126, 0.95712560
0.33352071, 1.0000000, 0.91855323, 8.6551819, 9.6412592, 9.7872496, 9.9375353, 9.9675522, 9.9887791, 19.999998, 19.999998, 19.995481, 19.937578, 0.33655038, 0.34641165, 0.34787202, 0.34937528, 0.34967548, 0.34988776, 0.34999999, 0.34999999, 0.34997740, 0.34968787, 0.91855323
0.32650027, 1.0000000, 0.89311689, 8.1253214, 9.6710596, 9.8001385, 9.9288359, 9.9619112, 9.9863720, 19.999998, 19.999958, 19.989424, 19.919777, 0.33125249, 0.34671006, 0.34800112, 0.34928828, 0.34961909, 0.34986371, 0.34999999, 0.34999979, 0.34994712, 0.34959888, 0.89311689
0.31923035, 1.0000000, 0.86677659, 7.6006098, 9.6710052, 9.7980356, 9.9179249, 9.9549456, 9.9829340, 19.999516, 19.999569, 19.980446, 19.905106, 0.32600200, 0.34670693, 0.34797877, 0.34917891, 0.34954932, 0.34982929, 0.34999758, 0.34999785, 0.34990221, 0.34952551, 0.86677659
0.31105945, 1.0000000, 0.83717185, 7.0249820, 9.6520405, 9.7846851, 9.9051352, 9.9467688, 9.9786682, 19.998724, 19.998600, 19.968969, 19.893404, 0.32024568, 0.34651697, 0.34784514, 0.34905100, 0.34946752, 0.34978664, 0.34999362, 0.34999299, 0.34984484, 0.34946701, 0.83717185
0.29984158, 1.0000000, 0.79652750, 6.2594876, 9.5939426, 9.7480583, 9.8888397, 9.9365463, 9.9739170, 19.998323, 19.996811, 19.955830, 19.884369, 0.31258965, 0.34593463, 0.34747815, 0.34888789, 0.34936523, 0.34973907, 0.34999162, 0.34998405, 0.34977916, 0.34942186, 0.79652750
0.29008362, 1.0000000, 0.76117247, 5.5555735, 9.5921011, 9.7438126, 9.8821201, 9.9312420, 9.9709768, 19.998240, 19.993719, 19.941916, 19.877533, 0.30554956, 0.34591460, 0.34743488, 0.34882054, 0.34931210, 0.34970966, 0.34999120, 0.34996861, 0.34970957, 0.34938768, 0.76117247
0.27978945, 1.0000000, 0.72387481, 4.8175335, 9.5838490, 9.7362423, 9.8729362, 9.9247570, 9.9670811, 19.997549, 19.988605, 19.928148, 19.872452, 0.29817003, 0.34583217, 0.34735921, 0.34872872, 0.34924725, 0.34967071, 0.34998775, 0.34994304, 0.34964073, 0.34936225, 0.72387481
0.27104616, 1.0000000, 0.69219625, 4.1740890, 9.5973063, 9.7421570, 9.8702660, 9.9218292, 9.9645967, 19.996763, 19.981428, 19.915325, 19.868694, 0.29173741, 0.34596828, 0.34741914, 0.34870216, 0.34921807, 0.34964588, 0.34998381, 0.34990713, 0.34957662, 0.34934348, 0.69219625
0.25609553, 1.0000000, 0.63802719, 3.1784127, 9.4873753, 9.6757288, 9.8462620, 9.9077587, 9.9581127, 19.995462, 19.972101, 19.903942, 19.865965, 0.28178155, 0.34486920, 0.34675497, 0.34846213, 0.34907734, 0.34958103, 0.34997731, 0.34986049, 0.34951970, 0.34932983, 0.63802719
0.24364243, 1.0000000, 0.59290737, 2.6960583, 8.8042955, 9.6463146, 9.8279762, 9.8960352, 9.9522572, 19.993650, 19.961079, 19.894243, 19.863989, 0.27695873, 0.33803931, 0.34646115, 0.34827936, 0.34896013, 0.34952250, 0.34996825, 0.34980538, 0.34947121, 0.34931993, 0.59290737
0.23299688, 1.0000000, 0.55433649, 2.4245620, 7.9769506, 9.6380320, 9.8179159, 9.8886204, 9.9478512, 19.990870, 19.948931, 19.886217, 19.862572, 0.27424318, 0.32976466, 0.34637740, 0.34817857, 0.34888589, 0.34947842, 0.34995434, 0.34974465, 0.34943110, 0.34931284, 0.55433649
0.22300798, 1.0000000, 0.51814485, 2.1773577, 7.1861067, 9.6330805, 9.8116360, 9.8835688, 9.9443731, 19.986629, 19.936293, 19.879782, 19.861544, 0.27177089, 0.32185575, 0.34632728, 0.34811565, 0.34883532, 0.34944361, 0.34993315, 0.34968147, 0.34939891, 0.34930772, 0.51814485
0.21583542, 1.0000000, 0.49215734, 2.0108342, 6.5818548, 9.6644144, 9.8195219, 9.8865070, 9.9440336, 19.980770, 19.923965, 19.874695, 19.860826, 0.27010328, 0.31580862, 0.34663683, 0.34819373, 0.34886432, 0.34944010, 0.34990385, 0.34961984, 0.34937346, 0.34930414, 0.49215734
0.20721853, 1.0000000, 0.46093664, 1.7950892, 5.9112134, 9.6444855, 9.8129082, 9.8823023, 9.9410820, 19.972713, 19.912373, 19.870760, 19.860302, 0.26794687, 0.30910417, 0.34643835, 0.34812778, 0.34882236, 0.34941062, 0.34986356, 0.34956187, 0.34935379, 0.34930152, 0.46093664
0.20107394, 1.0000000, 0.43867373, 1.6525924, 5.3911185, 9.6731567, 9.8211374, 9.8859243, 9.9409218, 19.963146, 19.902029, 19.867767, 19.859938, 0.26652229, 0.30390406, 0.34672520, 0.34821007, 0.34885859, 0.34940901, 0.34981573, 0.34951013, 0.34933883, 0.34929970, 0.43867373
0.19390537, 1.0000000, 0.41270059, 1.4747322, 4.8305612, 9.6579828, 9.8168926, 9.8831940, 9.9380693, 19.951937, 19.893061, 19.865456, 19.859650, 0.26474252, 0.29829618, 0.34657040, 0.34816700, 0.34883100, 0.34938037, 0.34975970, 0.34946531, 0.34932727, 0.34929824, 0.41270059
0.21228367, 1.0000000, 0.47928861, 2.2500544, 5.7141466, 9.7376690, 9.8421545, 9.8959875, 9.9406290, 19.940466, 19.885681, 19.863783, 19.859482, 0.27249673, 0.30713564, 0.34737173, 0.34842053, 0.34895936, 0.34940612, 0.34970233, 0.34942842, 0.34931892, 0.34929740, 0.47928861
0.31469309, 1.0000000, 0.85033727, 7.3554354, 9.5450487, 9.7863760, 9.8633900, 9.9072294, 9.9423771, 19.928968, 19.879713, 19.862547, 19.859346, 0.32355386, 0.34545013, 0.34786358, 0.34863386, 0.34907225, 0.34942377, 0.34964484, 0.34939855, 0.34931272, 0.34929675, 0.85033727
0.30917934, 1.0000000, 0.83035988, 6.9396029, 9.5935431, 9.7460518, 9.8567715, 9.9036961, 9.9376259, 19.917130, 19.874743, 19.861576, 19.859299, 0.31939453, 0.34593421, 0.34745988, 0.34856761, 0.34903690, 0.34937623, 0.34958565, 0.34937370, 0.34930789, 0.34929651, 0.83035988
0.29113877, 1.0000000, 0.76499552, 5.7173676, 9.4935293, 9.6751928, 9.8299389, 9.8881149, 9.9270802, 19.905272, 19.870588, 19.860806, 19.859222, 0.30716318, 0.34492484, 0.34674659, 0.34829831, 0.34888062, 0.34927061, 0.34952635, 0.34935296, 0.34930402, 0.34929612, 0.76499552
0.27157754, 1.0000000, 0.69412148, 4.3417430, 9.4446058, 9.6394215, 9.8095961, 9.8743639, 9.9170656, 19.895056, 19.867416, 19.860229, 19.859200, 0.29340798, 0.34443375, 0.34638792, 0.34809467, 0.34874299, 0.34917045, 0.34947526, 0.34933707, 0.34930116, 0.34929600, 0.69412148
0.25558159, 1.0000000, 0.63616514, 3.1709878, 9.4599686, 9.6454086, 9.8066721, 9.8695498, 9.9109917, 19.887114, 19.865194, 19.859871, 19.859200, 0.28170612, 0.34459299, 0.34645066, 0.34806603, 0.34869513, 0.34910980, 0.34943557, 0.34932595, 0.34929937, 0.34929600, 0.63616514
0.24180165, 1.0000000, 0.58623785, 2.6477070, 8.6844053, 9.6181240, 9.7935343, 9.8596668, 9.9034195, 19.880375, 19.863443, 19.859612, 19.859180, 0.27647126, 0.33683261, 0.34617493, 0.34793407, 0.34859601, 0.34903398, 0.34940189, 0.34931722, 0.34929806, 0.34929591, 0.58623785
0.22865716, 1.0000000, 0.53861290, 2.3020773, 7.6866827, 9.5953817, 9.7800074, 9.8495789, 9.8962727, 19.874823, 19.862101, 19.859442, 19.859169, 0.27301425, 0.32685372, 0.34594566, 0.34779841, 0.34849495, 0.34896246, 0.34937412, 0.34931052, 0.34929723, 0.34929585, 0.53861290
0.21561992, 1.0000000, 0.49137649, 1.9791484, 6.6600590, 9.5776997, 9.7681036, 9.8405809, 9.8902149, 19.870501, 19.861135, 19.859354, 19.859158, 0.26978710, 0.31659174, 0.34577063, 0.34767973, 0.34840515, 0.34890196, 0.34935251, 0.34930569, 0.34929678, 0.34929579, 0.49137649
0.20314676, 1.0000000, 0.44618392, 1.6792655, 5.6598916, 9.5676813, 9.7589197, 9.8333950, 9.8852425, 19.866989, 19.860407, 19.859295, 19.859144, 0.26678824, 0.30658996, 0.34566927, 0.34758765, 0.34833318, 0.34885216, 0.34933496, 0.34930202, 0.34929648, 0.34929574, 0.44618392
0.19106419, 1.0000000, 0.40240648, 1.3983458, 4.6764107, 9.5551176, 9.7499104, 9.8267097, 9.8808975, 19.864195, 19.859840, 19.859213, 19.859127, 0.26397923, 0.29675564, 0.34554255, 0.34749734, 0.34826621, 0.34880868, 0.34932098, 0.34929919, 0.34929606, 0.34929565, 0.40240648
0.17973757, 1.0000000, 0.36136803, 1.1546463, 3.7194049, 9.5442505, 9.7424517, 9.8212242, 9.8775692, 19.862200, 19.859489, 19.859165, 19.859121, 0.26154590, 0.28719297, 0.34544113, 0.34742424, 0.34821209, 0.34877563, 0.34931099, 0.34929746, 0.34929582, 0.34929562, 0.36136803
0.17043163, 1.0000000, 0.32765082, 0.95326602, 2.9912739, 9.4257164, 9.7421904, 9.8199825, 9.8760481, 19.860712, 19.859264, 19.859118, 19.859116, 0.25953063, 0.27990893, 0.34425116, 0.34742066, 0.34819919, 0.34876028, 0.34930354, 0.34929633, 0.34929559, 0.34929559, 0.32765082
0.16379720, 1.0000000, 0.30361301, 0.77413023, 2.7446747, 8.9118776, 9.7445774, 9.8205299, 9.8753433, 19.859468, 19.859016, 19.859066, 19.859104, 0.25774047, 0.27744496, 0.33911586, 0.34744516, 0.34820497, 0.34875330, 0.34929734, 0.34929508, 0.34929532, 0.34929553, 0.30361301
0.15799269, 0.94184655, 0.28258222, 0.61545670, 2.5343804, 8.4606066, 9.7503309, 9.8231726, 9.8755045, 19.858389, 19.858757, 19.859011, 19.859081, 0.25615168, 0.27533668, 0.33459419, 0.34750056, 0.34823036, 0.34875461, 0.34929195, 0.34929377, 0.34929505, 0.34929541, 0.28258222
0.15248606, 0.87534779, 0.26263061, 0.45598149, 2.3400962, 8.0483961, 9.7549076, 9.8253021, 9.8754978, 19.857281, 19.858503, 19.858923, 19.859064, 0.25455815, 0.27339584, 0.33047515, 0.34754694, 0.34825194, 0.34875461, 0.34928641, 0.34929252, 0.34929460, 0.34929532, 0.26263061
0.14699785, 0.80907190, 0.24274585, 0.30678511, 2.1404891, 7.6194453, 9.7519283, 9.8234701, 9.8743229, 19.856449, 19.858315, 19.858845, 19.859039, 0.25306690, 0.27140093, 0.32618740, 0.34751746, 0.34823379, 0.34874293, 0.34928223, 0.34929156, 0.34929422, 0.34929520, 0.24274585
0.14069246, 0.73292732, 0.21990019, 0.11241436, 1.9226849, 7.1824145, 9.7451067, 9.8192844, 9.8718605, 19.855106, 19.857967, 19.858757, 19.859011, 0.25112358, 0.26922107, 0.32181334, 0.34744814, 0.34819135, 0.34871811, 0.34927553, 0.34928983, 0.34929377, 0.34929505, 0.21990019
0.13564256, 0.67194426, 0.20160344, 0.0000000, 1.7255187, 6.7325535, 9.7398148, 9.8159266, 9.8703814, 19.854599, 19.857838, 19.858709, 19.858986, 0.24999981, 0.26725048, 0.31731632, 0.34739551, 0.34815791, 0.34870335, 0.34927300, 0.34928918, 0.34929353, 0.34929493, 0.20160344
0.13309525, 0.64118272, 0.19237407, 0.0000000, 1.5984237, 6.3672447, 9.7527027, 9.8226547, 9.8730993, 19.854965, 19.857937, 19.858709, 19.858969, 0.24999981, 0.26598167, 0.31366733, 0.34752545, 0.34822574, 0.34873071, 0.34927481, 0.34928969, 0.34929353, 0.34929484, 0.19237407
0.13052136, 0.61010021, 0.18304837, 0.0000000, 1.4753610, 5.9939117, 9.7531376, 9.8234053, 9.8739147, 19.855558, 19.858107, 19.858709, 19.858969, 0.24999981, 0.26474527, 0.30992213, 0.34752586, 0.34823129, 0.34873822, 0.34927779, 0.34929055, 0.34929353, 0.34929484, 0.18304837
0.13327795, 0.64338923, 0.19303608, 0.39280951, 1.3467163, 5.6088476, 9.7502174, 9.8220224, 9.8736677, 19.855892, 19.858183, 19.858709, 19.858963, 0.25392485, 0.26346046, 0.30607453, 0.34749731, 0.34821779, 0.34873587, 0.34927946, 0.34929091, 0.34929353, 0.34929481, 0.19303608
0.12936565, 0.59614396, 0.17886108, 0.29067099, 1.2245357, 5.2485132, 9.7497520, 9.8218622, 9.8735914, 19.855904, 19.858177, 19.858709, 19.858955, 0.25290415, 0.26223886, 0.30247125, 0.34749237, 0.34821603, 0.34873506, 0.34927952, 0.34929088, 0.34929353, 0.34929478, 0.17886108
0.12686406, 0.56593442, 0.16979732, 0.22572875, 1.1533529, 4.9961872, 9.7724438, 9.8339453, 9.8778505, 19.856049, 19.858183, 19.858690, 19.858940, 0.25225571, 0.26152870, 0.29995137, 0.34772032, 0.34833738, 0.34877783, 0.34928024, 0.34929091, 0.34929344, 0.34929469, 0.16979732
0.12434717, 0.53554028, 0.16067815, 0.14253259, 1.0854870, 4.7955480, 9.7902145, 9.8437386, 9.8810587, 19.855871, 19.858088, 19.858662, 19.858929, 0.25142467, 0.26085189, 0.29794890, 0.34789947, 0.34843603, 0.34881014, 0.34927934, 0.34929043, 0.34929329, 0.34929463, 0.16067815
0.12027276, 0.48633733, 0.14591579, 0.89228153E-2, 0.96164346, 4.5089149, 9.7723722, 9.8346739, 9.8774157, 19.855135, 19.857899, 19.858614, 19.858923, 0.25008917, 0.25961339, 0.29508206, 0.34772065, 0.34834519, 0.34877366, 0.34927568, 0.34928948, 0.34929305, 0.34929460, 0.14591579
0.11780374, 0.45652118, 0.13697006, 0.0000000, 0.84042549, 4.1897545, 9.7566185, 9.8259535, 9.8741493, 19.854710, 19.857800, 19.858566, 19.858923, 0.24999961, 0.25839940, 0.29188544, 0.34756055, 0.34825671, 0.34874055, 0.34927356, 0.34928900, 0.34929281, 0.34929460, 0.13697006
0.11634105, 0.43885764, 0.13167046, 0.0000000, 0.77484548, 3.9631605, 9.7748346, 9.8352232, 9.8774757, 19.854885, 19.857836, 19.858566, 19.858923, 0.24999961, 0.25774321, 0.28961819, 0.34774172, 0.34834889, 0.34877366, 0.34927443, 0.34928918, 0.34929281, 0.34929460, 0.13167046
0.11322094, 0.40117893, 0.12036572, 0.0000000, 0.60141385, 3.5666325, 9.7305708, 9.8113432, 9.8681307, 19.853497, 19.857492, 19.858473, 19.858923, 0.24999961, 0.25601178, 0.28565934, 0.34730193, 0.34811151, 0.34868065, 0.34926748, 0.34928745, 0.34929237, 0.34929460, 0.12036572
0.10991456, 0.36125079, 0.10838608, 0.0000000, 0.44091046, 3.0981293, 9.6958227, 9.7909184, 9.8602133, 19.852665, 19.857239, 19.858456, 19.858892, 0.24999961, 0.25440723, 0.28097469, 0.34695408, 0.34790710, 0.34860140, 0.34926331, 0.34928620, 0.34929228, 0.34929445, 0.10838608
0.10772099, 0.33476114, 0.10043839, 0.0000000, 0.33411682, 2.8135836, 9.5394917, 9.7876902, 9.8589020, 19.852758, 19.857281, 19.858492, 19.858875, 0.24999961, 0.25333941, 0.27812842, 0.34538987, 0.34787434, 0.34858814, 0.34926379, 0.34928641, 0.34929246, 0.34929436, 0.10043839
0.10594346, 0.31329542, 0.93998030E-1, 0.0000000, 0.24964511, 2.6043801, 9.2834091, 9.7808924, 9.8566675, 19.853199, 19.857401, 19.858555, 19.858875, 0.24999961, 0.25249588, 0.27604085, 0.34283200, 0.34780782, 0.34856632, 0.34926599, 0.34928700, 0.34929278, 0.34929436, 0.93998030E-1
0.10436390, 0.29422051, 0.88274986E-1, 0.0000000, 0.17693639, 2.4181395, 9.0348940, 9.7798119, 9.8563347, 19.853514, 19.857512, 19.858566, 19.858875, 0.24999961, 0.25176886, 0.27417791, 0.34034631, 0.34779671, 0.34856287, 0.34926757, 0.34928757, 0.34929281, 0.34929436, 0.88274986E-1
0.10268900, 0.27399436, 0.82206525E-1, 0.0000000, 0.81986189E-1, 2.2498994, 8.7998857, 9.7832756, 9.8570166, 19.853006, 19.857380, 19.858526, 19.858875, 0.24999961, 0.25081968, 0.27249673, 0.33799708, 0.34783176, 0.34856984, 0.34926504, 0.34928691, 0.34929264, 0.34929436, 0.82206525E-1
0.10085394, 0.25183401, 0.75557761E-1, 0.0000000, 0.0000000, 2.0315707, 8.5174713, 9.7685051, 9.8507090, 19.851727, 19.857069, 19.858456, 19.858828, 0.24999961, 0.24999829, 0.27028927, 0.33515772, 0.34767580, 0.34850329, 0.34925824, 0.34928524, 0.34929225, 0.34929413, 0.75557761E-1
0.99694803E-1, 0.23783620, 0.71357995E-1, 0.0000000, 0.0000000, 1.8129766, 8.2046690, 9.7547884, 9.8451624, 19.851233, 19.856922, 19.858431, 19.858828, 0.24999961, 0.24999829, 0.26812685, 0.33204406, 0.34754634, 0.34845108, 0.34925616, 0.34928462, 0.34929216, 0.34929413, 0.71357995E-1
0.99043921E-1, 0.22997603, 0.68999708E-1, 0.0000000, 0.0000000, 1.6998082, 7.9748392, 9.7765408, 9.8535633, 19.852192, 19.857176, 19.858509, 19.858828, 0.24999961, 0.24999829, 0.26699087, 0.32974163, 0.34776127, 0.34853423, 0.34926096, 0.34928587, 0.34929255, 0.34929413, 0.68999708E-1
0.10019061, 0.24382356, 0.73154382E-1, 0.12116134, 0.0000000, 1.6096860, 7.7832394, 9.7911081, 9.8598518, 19.853119, 19.857418, 19.858566, 19.858828, 0.25121039, 0.24999829, 0.26609200, 0.32782772, 0.34790814, 0.34859753, 0.34926561, 0.34928709, 0.34929281, 0.34929413, 0.73154382E-1
0.10849757, 0.34413919, 0.10325208, 0.75636804, 0.0000000, 1.5318096, 7.6143756, 9.8015413, 9.8644238, 19.853849, 19.857622, 19.858566, 19.858828, 0.25756025, 0.24999829, 0.26531601, 0.32614166, 0.34801409, 0.34864378, 0.34926924, 0.34928811, 0.34929281, 0.34929413, 0.10325208
0.10401866, 0.29005140, 0.87024122E-1, 0.48593879, 0.0000000, 1.3972580, 7.3881974, 9.7846098, 9.8583193, 19.853556, 19.857504, 19.858540, 19.858828, 0.25485903, 0.24999829, 0.26397228, 0.32388166, 0.34784588, 0.34858313, 0.34926778, 0.34928751, 0.34929270, 0.34929413, 0.87024122E-1
0.10106318, 0.25436082, 0.76315880E-1, 0.31803250, 0.0000000, 1.2887537, 7.1669750, 9.7823143, 9.8575678, 19.853901, 19.857590, 19.858566, 19.858828, 0.25317758, 0.24999829, 0.26288420, 0.32166606, 0.34782061, 0.34857485, 0.34926951, 0.34928796, 0.34929281, 0.34929413, 0.76315880E-1
0.97229645E-1, 0.20806667, 0.62426247E-1, 0.11105835, 0.0000000, 1.1189133, 6.8521562, 9.7487068, 9.8447752, 19.853613, 19.857492, 19.858540, 19.858828, 0.25110948, 0.24999829, 0.26118577, 0.31851745, 0.34748414, 0.34844676, 0.34926808, 0.34928745, 0.34929270, 0.34929413, 0.62426247E-1
0.94858840E-1, 0.17943662, 0.53836372E-1, 0.0000000, 0.0000000, 0.97859502, 6.5425873, 9.7425919, 9.8414268, 19.853230, 19.857399, 19.858526, 19.858828, 0.24998923, 0.24999829, 0.25978357, 0.31542271, 0.34742355, 0.34841347, 0.34926614, 0.34928700, 0.34929264, 0.34929413, 0.53836372E-1
0.93876541E-1, 0.16757435, 0.50277334E-1, 0.0000000, 0.0000000, 0.81767738, 6.1741705, 9.7226133, 9.8327713, 19.852600, 19.857239, 19.858503, 19.858828, 0.24998923, 0.24999829, 0.25817183, 0.31173423, 0.34722024, 0.34832570, 0.34926301, 0.34928620, 0.34929252, 0.34929413, 0.50277334E-1
0.93483627E-1, 0.16282943, 0.48853714E-1, 0.0000000, 0.0000000, 0.76448619, 5.9412436, 9.7620726, 9.8479881, 19.853748, 19.857571, 19.858566, 19.858828, 0.24998923, 0.24999829, 0.25764284, 0.30940929, 0.34761813, 0.34847900, 0.34926873, 0.34928787, 0.34929281, 0.34929413, 0.48853714E-1
0.93001835E-1, 0.15701135, 0.47108114E-1, 0.0000000, 0.0000000, 0.69508851, 5.7070045, 9.7636251, 9.8499079, 19.854414, 19.857723, 19.858566, 19.858828, 0.24998923, 0.24999829, 0.25694656, 0.30706295, 0.34763017, 0.34849703, 0.34927207, 0.34928861, 0.34929281, 0.34929413, 0.47108114E-1
0.92568651E-1, 0.15178016, 0.45538604E-1, 0.0000000, 0.0000000, 0.63428581, 5.4840755, 9.7667561, 9.8517857, 19.854992, 19.857872, 19.858566, 19.858828, 0.24998923, 0.24999829, 0.25634113, 0.30483773, 0.34766489, 0.34851697, 0.34927496, 0.34928936, 0.34929281, 0.34929413, 0.45538604E-1
0.91574803E-1, 0.13977838, 0.41937709E-1, 0.0000000, 0.0000000, 0.48057139, 5.0888987, 9.7025146, 9.8260479, 19.853424, 19.857445, 19.858423, 19.858805, 0.24998923, 0.24999829, 0.25480396, 0.30088523, 0.34702158, 0.34825927, 0.34926713, 0.34928721, 0.34929210, 0.34929401, 0.41937709E-1
0.90679318E-1, 0.12896441, 0.38693193E-1, 0.0000000, 0.0000000, 0.35783648, 4.6371446, 9.6745768, 9.8126459, 19.852795, 19.857254, 19.858355, 19.858805, 0.24998923, 0.24999829, 0.25357690, 0.29636768, 0.34674183, 0.34812513, 0.34926397, 0.34928626, 0.34929177, 0.34929401, 0.38693193E-1
0.89872792E-1, 0.11922472, 0.35770994E-1, 0.0000000, 0.0000000, 0.25377870, 4.1856446, 9.6701469, 9.8088207, 19.852034, 19.857033, 19.858330, 19.858805, 0.24998923, 0.24999829, 0.25253707, 0.29185405, 0.34669870, 0.34808728, 0.34926015, 0.34928516, 0.34929165, 0.34929401, 0.35770994E-1
0.89419790E-1, 0.11375418, 0.34129668E-1, 0.0000000, 0.0000000, 0.20809770, 3.8467584, 9.7060747, 9.8232927, 19.852795, 19.857225, 19.858414, 19.858805, 0.24998923, 0.24999829, 0.25208014, 0.28846449, 0.34705684, 0.34823161, 0.34926397, 0.34928614, 0.34929207, 0.34929401, 0.34129668E-1
0.88571548E-1, 0.10351081, 0.31056350E-1, 0.0000000, 0.0000000, 0.11079907, 3.3442514, 9.6432962, 9.7975416, 19.851751, 19.856979, 19.858324, 19.858805, 0.24998923, 0.24999829, 0.25110754, 0.28343984, 0.34642914, 0.34797415, 0.34925875, 0.34928489, 0.34929162, 0.34929401, 0.31056350E-1
0.87824687E-1, 0.94491661E-1, 0.28350335E-1, 0.0000000, 0.0000000, 0.31897426E-1, 2.9489458, 9.4252319, 9.7802048, 19.850836, 19.856724, 19.858273, 19.858805, 0.24998923, 0.24999829, 0.25031874, 0.27948496, 0.34424511, 0.34779954, 0.34925419, 0.34928364, 0.34929135, 0.34929401, 0.28350335E-1
0.87337166E-1, 0.88604294E-1, 0.26583947E-1, 0.0000000, 0.0000000, 0.0000000, 2.7364106, 8.9951591, 9.7696829, 19.849628, 19.856421, 19.858194, 19.858805, 0.24998923, 0.24999829, 0.24999727, 0.27735913, 0.33994341, 0.34769389, 0.34924814, 0.34928209, 0.34929097, 0.34929401, 0.26583947E-1
0.86944088E-1, 0.83857477E-1, 0.25159759E-1, 0.0000000, 0.0000000, 0.0000000, 2.5056958, 8.5114622, 9.7556477, 19.848597, 19.856113, 19.858154, 19.858805, 0.24998923, 0.24999829, 0.24999727, 0.27505296, 0.33510783, 0.34755388, 0.34924299, 0.34928057, 0.34929079, 0.34929401, 0.25159759E-1
0.86661957E-1, 0.80450408E-1, 0.24137536E-1, 0.0000000, 0.0000000, 0.0000000, 2.3488402, 8.1388025, 9.7721043, 19.848633, 19.856133, 19.858177, 19.858805, 0.24998923, 0.24999829, 0.24999727, 0.27348295, 0.33137858, 0.34771726, 0.34924316, 0.34928066, 0.34929088, 0.34929401, 0.24137536E-1
0.10304005, 0.27823365, 0.83478443E-1, 1.1937290, 0.0000000, 0.0000000, 2.3194075, 7.9975557, 9.8244257, 19.850494, 19.856621, 19.858288, 19.858805, 0.26192254, 0.24999829, 0.24999727, 0.27319235, 0.32997259, 0.34824303, 0.34925246, 0.34928310, 0.34929144, 0.34929401, 0.83478443E-1
0.33996832, 1.0000000, 0.94191408, 9.7990971, 8.9168377, 9.1372185, 9.3603535, 9.5920849, 9.8572445, 19.852243, 19.857080, 19.858419, 19.858805, 0.34799066, 0.33916822, 0.34137210, 0.34360352, 0.34592086, 0.34857243, 0.34926122, 0.34928539, 0.34929210, 0.34929401, 0.94191408
0.30388284, 1.0000000, 0.81116962, 6.8656449, 9.2577610, 9.4502163, 9.6183167, 9.7461395, 9.8609228, 19.850712, 19.856672, 19.858278, 19.858768, 0.31865603, 0.34257728, 0.34450197, 0.34618315, 0.34746137, 0.34860924, 0.34925357, 0.34928337, 0.34929138, 0.34929383, 0.81116962
0.27595264, 1.0000000, 0.70997328, 4.7634983, 9.3387785, 9.5310078, 9.6923923, 9.7880449, 9.8633966, 19.850058, 19.856489, 19.858219, 19.858757, 0.29763275, 0.34338516, 0.34530875, 0.34692365, 0.34788030, 0.34863392, 0.34925029, 0.34928244, 0.34929109, 0.34929377, 0.70997328
0.24681702, 1.0000000, 0.60440946, 2.9184966, 8.9008923, 9.5182476, 9.7009974, 9.7922249, 9.8600035, 19.848755, 19.856155, 19.858171, 19.858757, 0.27918187, 0.33900326, 0.34517944, 0.34700933, 0.34792197, 0.34859991, 0.34924376, 0.34928077, 0.34929085, 0.34929377, 0.60440946
0.22131944, 1.0000000, 0.51202691, 2.1417439, 7.1389608, 9.4753933, 9.6838837, 9.7815962, 9.8536291, 19.847225, 19.855787, 19.858084, 19.858709, 0.27141660, 0.32138795, 0.34475282, 0.34683859, 0.34781584, 0.34853625, 0.34923613, 0.34927893, 0.34929043, 0.34929353, 0.51202691
0.19963481, 1.0000000, 0.43345943, 1.5332490, 5.5356450, 9.4735374, 9.6807423, 9.7785072, 9.8515282, 19.846640, 19.855631, 19.858084, 19.858709, 0.26533172, 0.30535474, 0.34473395, 0.34680712, 0.34778491, 0.34851521, 0.34923321, 0.34927815, 0.34929043, 0.34929353, 0.43345943
0.18138933, 1.0000000, 0.36735263, 1.0595769, 4.1243000, 9.4701157, 9.6809158, 9.7781973, 9.8512468, 19.846642, 19.855652, 19.858095, 19.858709, 0.26059315, 0.29123688, 0.34469411, 0.34680772, 0.34778124, 0.34851223, 0.34923321, 0.34927827, 0.34929049, 0.34929353, 0.36735263
0.16310072, 1.0000000, 0.30108953, 0.51750839, 2.9424548, 9.2258234, 9.6693192, 9.7710047, 9.8472538, 19.845015, 19.855242, 19.857979, 19.858704, 0.25517359, 0.27941951, 0.34225035, 0.34669152, 0.34770921, 0.34847227, 0.34922507, 0.34927621, 0.34928989, 0.34929353, 0.30108953
0.14710167, 0.81032538, 0.24312194, 0.0000000, 2.3640037, 8.2503271, 9.6464586, 9.7570248, 9.8405924, 19.843006, 19.854692, 19.857847, 19.858688, 0.24999925, 0.27363166, 0.33248869, 0.34646118, 0.34756851, 0.34840536, 0.34921503, 0.34927347, 0.34928924, 0.34929344, 0.24312194
0.13824116, 0.70332521, 0.21101867, 0.0000000, 1.8342793, 7.1732879, 9.6267157, 9.7447405, 9.8359423, 19.842896, 19.854664, 19.857843, 19.858709, 0.24999925, 0.26833883, 0.32172516, 0.34626508, 0.34744635, 0.34835905, 0.34921449, 0.34927332, 0.34928921, 0.34929353, 0.21101867
0.12947670, 0.59748483, 0.17926338, 0.0000000, 1.3476700, 6.0349627, 9.6046820, 9.7312574, 9.8307829, 19.843105, 19.854710, 19.857861, 19.858709, 0.24999925, 0.26347405, 0.31034374, 0.34604493, 0.34731162, 0.34830749, 0.34921554, 0.34927356, 0.34928930, 0.34929353, 0.17926338
0.12255263, 0.51386929, 0.15417621, 0.0000000, 0.98571479, 5.0843759, 9.6100159, 9.7337160, 9.8315382, 19.843361, 19.854757, 19.857880, 19.858709, 0.24999925, 0.25985613, 0.30084118, 0.34609917, 0.34733665, 0.34831521, 0.34921682, 0.34927380, 0.34928939, 0.34929353, 0.15417621
0.11489453, 0.42138937, 0.12642945, 0.0000000, 0.62268972, 3.9704630, 9.5729628, 9.7120161, 9.8232937, 19.843647, 19.854836, 19.857901, 19.858709, 0.24999925, 0.25622609, 0.28970206, 0.34572837, 0.34711954, 0.34823272, 0.34921825, 0.34927419, 0.34928951, 0.34929353, 0.12642945
0.10913110, 0.35178962, 0.10554744, 0.0000000, 0.38232505, 3.0572157, 9.5811529, 9.7159386, 9.8247623, 19.844419, 19.855047, 19.857960, 19.858709, 0.24999925, 0.25382221, 0.28056803, 0.34580895, 0.34715807, 0.34824717, 0.34922209, 0.34927523, 0.34928980, 0.34929353, 0.10554744
0.10643250, 0.31920117, 0.95769934E-1, 0.0000000, 0.25894344, 2.7096510, 9.2836542, 9.7349167, 9.8333521, 19.846298, 19.855547, 19.858107, 19.858709, 0.24999925, 0.25258836, 0.27709088, 0.34283268, 0.34734714, 0.34833285, 0.34923148, 0.34927773, 0.34929055, 0.34929353, 0.95769934E-1
0.15692678, 0.92897439, 0.27872020, 2.1895468, 2.2166939, 3.6249285, 9.5963650, 9.7812004, 9.8519697, 19.848127, 19.856060, 19.858200, 19.858709, 0.27189302, 0.27216545, 0.28624806, 0.34596303, 0.34781167, 0.34851956, 0.34924063, 0.34928030, 0.34929100, 0.34929353, 0.27872020
0.15562603, 0.91326636, 0.27400732, 2.1688640, 2.2041082, 3.3696551, 9.7442179, 9.8244123, 9.8698730, 19.850613, 19.856680, 19.858349, 19.858709, 0.27168757, 0.27204043, 0.28369606, 0.34744188, 0.34824398, 0.34869868, 0.34925306, 0.34928340, 0.34929174, 0.34929353, 0.27400732
0.14995834, 0.84482294, 0.25347224, 1.9169748, 2.0589261, 3.1267912, 9.7623568, 9.8288355, 9.8724403, 19.851313, 19.856878, 19.858397, 19.858709, 0.26916811, 0.27058822, 0.28126711, 0.34762305, 0.34828812, 0.34872431, 0.34925658, 0.34928438, 0.34929198, 0.34929353, 0.25347224
0.14405930, 0.77358556, 0.23209888, 1.7187715, 1.8104672, 2.8890758, 9.6371708, 9.8115482, 9.8669863, 19.851673, 19.856979, 19.858402, 19.858709, 0.26718101, 0.26810044, 0.27888736, 0.34636945, 0.34811431, 0.34866947, 0.34925836, 0.34928489, 0.34929201, 0.34929353, 0.23209888
0.13373081, 0.64885789, 0.19467685, 1.2347013, 1.5088201, 2.6617498, 9.3878775, 9.7895517, 9.8592052, 19.851715, 19.856979, 19.858372, 19.858709, 0.26234382, 0.26508585, 0.27661544, 0.34387732, 0.34789473, 0.34859177, 0.34925857, 0.34928489, 0.34929186, 0.34929353, 0.19467685
0.16091399, 0.97712439, 0.29316664, 2.4332681, 2.9391012, 2.4267702, 9.1163454, 9.7760201, 9.8526831, 19.850040, 19.856514, 19.858267, 19.858709, 0.27433127, 0.27939001, 0.27426729, 0.34116313, 0.34776002, 0.34852678, 0.34925020, 0.34928256, 0.34929132, 0.34929353, 0.29316664
0.15233737, 0.87355238, 0.26209193, 2.0276785, 2.6614218, 2.3045273, 8.9182301, 9.7924900, 9.8590679, 19.850824, 19.856714, 19.858313, 19.858709, 0.27026731, 0.27660677, 0.27304205, 0.33917981, 0.34792352, 0.34859022, 0.34925413, 0.34928358, 0.34929156, 0.34929353, 0.26209193
0.17941512, 1.0000000, 0.36019969, 2.3121178, 2.7136235, 7.6522536, 9.5866184, 9.8283548, 9.8728628, 19.852245, 19.857098, 19.858423, 19.858709, 0.27311686, 0.27713320, 0.32651824, 0.34586510, 0.34828299, 0.34872845, 0.34926122, 0.34928548, 0.34929210, 0.34929353, 0.36019969
0.18085948, 1.0000000, 0.36543289, 2.2590518, 2.6294768, 8.3095922, 9.7485952, 9.8451614, 9.8798046, 19.853500, 19.857433, 19.858423, 19.858709, 0.27259037, 0.27629465, 0.33309573, 0.34748593, 0.34845158, 0.34879804, 0.34926751, 0.34928715, 0.34929210, 0.34929353, 0.36543289
0.35599226, 1.0000000, 0.99997187, 9.9996958, 9.9998178, 9.9999104, 9.9999819, 9.9999876, 9.9999990, 19.999998, 19.999998, 19.999998, 19.995995, 0.34999612, 0.34999767, 0.34999886, 0.34999976, 0.34999985, 0.34999999, 0.34999999, 0.34999999, 0.34999999, 0.34997997, 0.99997187
0.34266621, 1.0000000, 0.95168900, 9.2630091, 9.7057848, 9.8395338, 9.9594679, 9.9793959, 9.9925127, 19.999420, 19.999844, 19.999617, 19.972338, 0.34262037, 0.34705174, 0.34839225, 0.34959406, 0.34979364, 0.34992501, 0.34999710, 0.34999922, 0.34999809, 0.34986168, 0.95168900
0.33286232, 1.0000000, 0.91616774, 8.6019630, 9.6507063, 9.7960863, 9.9365664, 9.9669266, 9.9876528, 19.998980, 19.999725, 19.997763, 19.950197, 0.33600020, 0.34649399, 0.34795421, 0.34936431, 0.34966859, 0.34987628, 0.34999490, 0.34999862, 0.34998882, 0.34975100, 0.91616774
0.30701104, 1.0000000, 0.82250375, 6.9001169, 9.4396191, 9.6584826, 9.8707085, 9.9304314, 9.9724989, 19.996887, 19.999174, 19.993380, 19.930498, 0.31899354, 0.34438992, 0.34658164, 0.34870642, 0.34930399, 0.34972486, 0.34998444, 0.34999588, 0.34996688, 0.34965250, 0.82250375
0.28492397, 1.0000000, 0.74247819, 5.3163176, 9.4265823, 9.6390476, 9.8395071, 9.9094944, 9.9626007, 19.995827, 19.998791, 19.986155, 19.913879, 0.30315378, 0.34425583, 0.34638539, 0.34839404, 0.34909439, 0.34962583, 0.34997913, 0.34999394, 0.34993076, 0.34956938, 0.74247819
0.26559645, 1.0000000, 0.67245090, 3.9178429, 9.4282093, 9.6343918, 9.8236580, 9.8967409, 9.9553528, 19.995071, 19.998178, 19.976156, 19.900337, 0.28916916, 0.34426871, 0.34633711, 0.34823519, 0.34896669, 0.34955329, 0.34997535, 0.34999090, 0.34988078, 0.34950167, 0.67245090
0.23761916, 1.0000000, 0.57108390, 2.6551545, 8.2142305, 9.5243254, 9.7623434, 9.8589439, 9.9368029, 19.992224, 19.996378, 19.963766, 19.889645, 0.27655077, 0.33214086, 0.34524241, 0.34762326, 0.34858936, 0.34936801, 0.34996110, 0.34998190, 0.34981883, 0.34944823, 0.57108390
0.34345663, 1.0000000, 0.95455295, 9.3146648, 9.7114763, 9.8442669, 9.9616785, 9.9805603, 9.9929800, 19.999493, 19.999868, 19.999922, 19.984056, 0.34314108, 0.34711128, 0.34844092, 0.34961644, 0.34980541, 0.34992975, 0.34999746, 0.34999934, 0.34999961, 0.34992027, 0.95455295
0.32065958, 1.0000000, 0.87195498, 7.8445864, 9.4888287, 9.6967735, 9.9024696, 9.9489384, 9.9808741, 19.998413, 19.999594, 19.998907, 19.961004, 0.32844430, 0.34488714, 0.34696716, 0.34902459, 0.34948933, 0.34980872, 0.34999207, 0.34999797, 0.34999454, 0.34980503, 0.87195498
0.28201410, 1.0000000, 0.73193514, 5.1973743, 9.3109646, 9.5659628, 9.8146486, 9.8978624, 9.9587479, 19.995333, 19.998789, 19.995758, 19.939972, 0.30197132, 0.34310701, 0.34565827, 0.34814623, 0.34897849, 0.34958741, 0.34997666, 0.34999394, 0.34997880, 0.34969985, 0.73193514
0.24913207, 1.0000000, 0.61279732, 2.9546976, 9.0986567, 9.5356693, 9.7705936, 9.8664970, 9.9424562, 19.993153, 19.998199, 19.989927, 19.921759, 0.27954572, 0.34098426, 0.34535551, 0.34770569, 0.34866485, 0.34942454, 0.34996575, 0.34999099, 0.34994963, 0.34960878, 0.61279732
0.22768606, 1.0000000, 0.53509444, 2.3497491, 7.5251002, 9.5264931, 9.7485390, 9.8478842, 9.9303684, 19.991138, 19.997431, 19.981197, 19.906666, 0.27349544, 0.32524705, 0.34526244, 0.34748489, 0.34847859, 0.34930360, 0.34995568, 0.34998715, 0.34990600, 0.34953332, 0.53509444
0.20562480, 1.0000000, 0.45516229, 1.7635733, 5.8591967, 9.4901495, 9.7229080, 9.8289604, 9.9186096, 19.989061, 19.996170, 19.969898, 19.894609, 0.26763454, 0.30858961, 0.34489959, 0.34722868, 0.34828940, 0.34918603, 0.34994531, 0.34998086, 0.34984949, 0.34947306, 0.45516229
0.19256012, 1.0000000, 0.40782651, 1.4880866, 4.7139821, 9.5388803, 9.7412138, 9.8360481, 9.9187927, 19.988695, 19.994493, 19.956930, 19.885290, 0.26487958, 0.29713738, 0.34538633, 0.34741163, 0.34836021, 0.34918782, 0.34994346, 0.34997246, 0.34978464, 0.34942645, 0.40782651
0.16998956, 1.0000000, 0.32604915, 0.92716813, 2.9868762, 9.4255285, 9.6847906, 9.8029242, 9.9030886, 19.985950, 19.990837, 19.942951, 19.878191, 0.25927112, 0.27986768, 0.34425357, 0.34684753, 0.34802908, 0.34903082, 0.34992975, 0.34995419, 0.34971476, 0.34939095, 0.32604915
0.16660306, 1.0000000, 0.31377921, 0.84531903, 2.8762488, 9.0855379, 9.7582369, 9.8411808, 9.9161043, 19.985569, 19.985994, 19.929214, 19.872931, 0.25845000, 0.27875596, 0.34084508, 0.34758016, 0.34841067, 0.34916064, 0.34992784, 0.34992999, 0.34964606, 0.34936464, 0.31377921
0.15853015, 0.94833672, 0.28452948, 0.60878694, 2.5767863, 8.5252275, 9.7469826, 9.8367691, 9.9146023, 19.983814, 19.978769, 19.916252, 19.869030, 0.25608552, 0.27576190, 0.33524242, 0.34746757, 0.34836656, 0.34914562, 0.34991908, 0.34989384, 0.34958127, 0.34934515, 0.28452948
0.15331112, 0.88531142, 0.26561999, 0.48994124, 2.3731799, 8.0662594, 9.7582865, 9.8434086, 9.9176731, 19.982685, 19.969786, 19.904781, 19.866199, 0.25489640, 0.27372301, 0.33064768, 0.34757927, 0.34843227, 0.34917611, 0.34991342, 0.34984893, 0.34952390, 0.34933099, 0.26561999
0.15130368, 0.86106938, 0.25834665, 0.68888962, 2.0897536, 7.4886689, 9.7383518, 9.8330431, 9.9138279, 19.980118, 19.958893, 19.894890, 19.864141, 0.25688621, 0.27089265, 0.32487795, 0.34738126, 0.34832931, 0.34913790, 0.34990060, 0.34979445, 0.34947446, 0.34932071, 0.25834665
0.14197189, 0.74837780, 0.22453579, 0.42675138, 1.7600298, 6.7741585, 9.7093334, 9.8157816, 9.9063063, 19.976320, 19.946766, 19.886690, 19.862637, 0.25426653, 0.26759785, 0.31773683, 0.34709200, 0.34815714, 0.34906283, 0.34988159, 0.34973383, 0.34943345, 0.34931320, 0.22453579
0.13070495, 0.61231738, 0.18371359, 0.12565851, 1.3599634, 5.8699164, 9.6618376, 9.7866383, 9.8925819, 19.970186, 19.933973, 19.880007, 19.861578, 0.25125599, 0.26359567, 0.30869061, 0.34661558, 0.34786496, 0.34892535, 0.34985092, 0.34966987, 0.34940004, 0.34930789, 0.18371359
0.12680146, 0.56517851, 0.16957051, 0.87031722E-1, 1.2164235, 5.3311558, 9.7044687, 9.8083334, 9.8997259, 19.964981, 19.922079, 19.874899, 19.860849, 0.25087005, 0.26216188, 0.30330637, 0.34704280, 0.34808236, 0.34899694, 0.34982491, 0.34961039, 0.34937450, 0.34930426, 0.16957051
0.11985737, 0.48132107, 0.14441076, 0.0000000, 0.92629492, 4.5355678, 9.6576271, 9.7819386, 9.8881931, 19.956470, 19.910563, 19.870817, 19.860302, 0.24997203, 0.25926274, 0.29535514, 0.34657604, 0.34781927, 0.34888190, 0.34978235, 0.34955281, 0.34935409, 0.34930152, 0.14441076
0.11661594, 0.44217724, 0.13266644, 0.0000000, 0.80281496, 3.9923375, 9.6883459, 9.7976103, 9.8928318, 19.948160, 19.900681, 19.867800, 19.859938, 0.24997203, 0.25802663, 0.28991958, 0.34688163, 0.34797516, 0.34892803, 0.34974080, 0.34950340, 0.34933901, 0.34929970, 0.13266644
0.11252583, 0.39278471, 0.11784720, 0.0000000, 0.63190758, 3.3530965, 9.6638565, 9.7837105, 9.8861465, 19.938204, 19.891975, 19.865505, 19.859638, 0.24997203, 0.25631687, 0.28352511, 0.34663519, 0.34783539, 0.34886089, 0.34969103, 0.34945989, 0.34932753, 0.34929818, 0.11784720
0.10984272, 0.36038330, 0.10812581, 0.0000000, 0.51397681, 2.9627740, 9.5504093, 9.7903652, 9.8864231, 19.927753, 19.884708, 19.863758, 19.859457, 0.24997203, 0.25513789, 0.27962232, 0.34550062, 0.34790188, 0.34886363, 0.34963876, 0.34942353, 0.34931880, 0.34929729, 0.10812581
0.10664009, 0.32170805, 0.96522070E-1, 0.0000000, 0.34267008, 2.6066124, 9.1894178, 9.7616138, 9.8724947, 19.916386, 19.878546, 19.862394, 19.859299, 0.24997203, 0.25342628, 0.27606449, 0.34189302, 0.34761554, 0.34872475, 0.34958193, 0.34939271, 0.34931198, 0.34929651, 0.96522070E-1
0.10289699, 0.27650607, 0.82960114E-1, 0.0000000, 0.15788674, 2.1736503, 8.7054262, 9.7207518, 9.8513365, 19.904860, 19.873409, 19.861340, 19.859222, 0.24997203, 0.25157860, 0.27173457, 0.33705270, 0.34720665, 0.34851307, 0.34952429, 0.34936705, 0.34930670, 0.34929612, 0.82960114E-1
0.10043507, 0.24677567, 0.74040107E-1, 0.0000000, 0.65171719E-1, 1.8560171, 8.2480879, 9.7196836, 9.8459158, 19.895498, 19.869635, 19.860617, 19.859200, 0.24997203, 0.25065166, 0.26855916, 0.33247998, 0.34719631, 0.34845898, 0.34947750, 0.34934819, 0.34930307, 0.34929600, 0.74040107E-1
0.98723523E-1, 0.22610688, 0.67838848E-1, 0.0000000, 0.0000000, 1.6435891, 7.8860283, 9.7383118, 9.8502598, 19.887053, 19.866655, 19.860100, 19.859163, 0.24997203, 0.24999529, 0.26643288, 0.32885739, 0.34738132, 0.34850201, 0.34943527, 0.34933329, 0.34930050, 0.34929582, 0.67838848E-1
0.97732387E-1, 0.21413785, 0.64247780E-1, 0.0000000, 0.0000000, 1.4673412, 7.5655699, 9.7480631, 9.8526917, 19.880095, 19.864414, 19.859735, 19.859121, 0.24997203, 0.24999529, 0.26466951, 0.32565168, 0.34747803, 0.34852606, 0.34940046, 0.34932208, 0.34929869, 0.34929562, 0.64247780E-1
0.95756993E-1, 0.19028282, 0.57090558E-1, 0.0000000, 0.0000000, 1.1153400, 6.9809046, 9.6777411, 9.8215427, 19.872942, 19.862347, 19.859381, 19.859070, 0.24997203, 0.24999529, 0.26114863, 0.31980306, 0.34677327, 0.34821403, 0.34936470, 0.34931174, 0.34929690, 0.34929535, 0.57090558E-1
0.94663940E-1, 0.17708306, 0.53130232E-1, 0.0000000, 0.0000000, 0.93939602, 6.5291047, 9.6963444, 9.8258867, 19.868805, 19.861204, 19.859222, 19.859051, 0.24997203, 0.24999529, 0.25939134, 0.31528738, 0.34696072, 0.34825793, 0.34934402, 0.34930602, 0.34929612, 0.34929526, 0.53130232E-1
0.11624834, 0.43773803, 0.13133454, 1.5812606, 0.0000000, 0.91500878, 6.3293562, 9.7763519, 9.8566437, 19.866587, 19.860617, 19.859222, 19.859051, 0.26580617, 0.24999529, 0.25914896, 0.31329203, 0.34776232, 0.34856606, 0.34933293, 0.34930307, 0.34929612, 0.34929526, 0.13133454
0.13159399, 0.62305349, 0.18693474, 2.1363676, 0.95691383, 0.88075995, 6.1880484, 9.8066692, 9.8695879, 19.864368, 19.860075, 19.859180, 19.859051, 0.27136180, 0.25956863, 0.25880736, 0.31188014, 0.34806642, 0.34869578, 0.34932184, 0.34930038, 0.34929591, 0.34929526, 0.18693474
0.11976178, 0.48016673, 0.14406443, 1.4605343, 0.73529482, 0.77126026, 5.9516010, 9.7749186, 9.8582134, 19.861567, 19.859415, 19.859070, 19.859028, 0.26459953, 0.25735119, 0.25771168, 0.30951458, 0.34774801, 0.34858176, 0.34930784, 0.34929708, 0.34929535, 0.34929514, 0.14406443
0.10669485, 0.32236937, 0.96720479E-1, 0.74447989, 0.46384037, 0.62100291, 5.5999012, 9.7303219, 9.8394384, 19.858711, 19.858702, 19.858904, 19.858986, 0.25743753, 0.25463569, 0.25620821, 0.30599573, 0.34730035, 0.34839344, 0.34929356, 0.34929350, 0.34929451, 0.34929493, 0.96720479E-1
0.94479188E-1, 0.17485197, 0.52460838E-1, 0.13298392, 0.16935766, 0.41871965, 5.0280714, 9.6515760, 9.8043680, 19.855711, 19.857967, 19.858690, 19.858929, 0.25132844, 0.25169250, 0.25418589, 0.30027753, 0.34651273, 0.34804264, 0.34927857, 0.34928983, 0.34929344, 0.34929463, 0.52460838E-1
0.89625895E-1, 0.11624316, 0.34876436E-1, 0.0000000, 0.0000000, 0.21091402, 4.1629667, 9.5631046, 9.7601614, 19.852900, 19.857275, 19.858503, 19.858862, 0.24989453, 0.24997886, 0.25210887, 0.29162863, 0.34562984, 0.34760121, 0.34926450, 0.34928638, 0.34929252, 0.34929430, 0.34876436E-1
0.88572115E-1, 0.10351762, 0.31058393E-1, 0.0000000, 0.0000000, 0.10838211, 3.3908577, 9.5866985, 9.7655497, 19.852152, 19.857122, 19.858484, 19.858828, 0.24989453, 0.24997886, 0.25108325, 0.28390506, 0.34586200, 0.34765381, 0.34926075, 0.34928560, 0.34929243, 0.34929413, 0.31058393E-1
0.88169515E-1, 0.98655812E-1, 0.29599704E-1, 0.0000000, 0.0000000, 0.82534552E-1, 2.9936581, 9.6541042, 9.8057413, 19.853125, 19.857382, 19.858566, 19.858828, 0.24989453, 0.24997886, 0.25082475, 0.27993232, 0.34653419, 0.34805509, 0.34926564, 0.34928691, 0.34929281, 0.34929413, 0.29599704E-1
0.14859451, 0.82835329, 0.24853085, 2.1197557, 2.9158592, 1.7886221, 2.9880166, 9.5741987, 9.8478365, 19.854445, 19.857742, 19.858566, 19.858828, 0.27119613, 0.27915740, 0.26788586, 0.27988005, 0.34574178, 0.34847832, 0.34927222, 0.34928870, 0.34929281, 0.34929413, 0.24853085
0.18330057, 1.0000000, 0.37427741, 2.1605282, 2.9984055, 8.5594263, 9.4642115, 9.7234535, 9.8637037, 19.855335, 19.857977, 19.858566, 19.858828, 0.27160504, 0.27998385, 0.33559397, 0.34464204, 0.34723452, 0.34863704, 0.34927666, 0.34928989, 0.34929281, 0.34929413, 0.37427741
0.16934286, 1.0000000, 0.32370600, 1.7287046, 2.5405288, 7.5081024, 9.6292496, 9.7611809, 9.8581896, 19.854193, 19.857651, 19.858492, 19.858828, 0.26728445, 0.27540299, 0.32507762, 0.34629163, 0.34761137, 0.34858176, 0.34927097, 0.34928825, 0.34929246, 0.34929413, 0.32370600
0.16815062, 1.0000000, 0.31938627, 1.9041896, 2.3536949, 6.9882793, 9.7057714, 9.7968817, 9.8661194, 19.854816, 19.857788, 19.858566, 19.858828, 0.26904145, 0.27353662, 0.31988233, 0.34705755, 0.34796876, 0.34866115, 0.34927410, 0.34928894, 0.34929281, 0.34929413, 0.31938627
0.15708822, 0.93092406, 0.27930516, 1.4795214, 2.0475121, 6.3494449, 9.6978931, 9.7922239, 9.8628950, 19.854744, 19.857769, 19.858561, 19.858828, 0.26478985, 0.27047065, 0.31348753, 0.34697682, 0.34792116, 0.34862858, 0.34927371, 0.34928885, 0.34929281, 0.34929413, 0.27930516
0.14414535, 0.77462482, 0.23241070, 1.0035187, 1.6738921, 5.5635271, 9.6682529, 9.7744970, 9.8552208, 19.854130, 19.857605, 19.858534, 19.858828, 0.26003247, 0.26673621, 0.30563077, 0.34668097, 0.34774420, 0.34855193, 0.34927064, 0.34928802, 0.34929267, 0.34929413, 0.23241070
0.13063958, 0.61152798, 0.18347675, 0.55190325, 1.2668014, 4.6317129, 9.6231804, 9.7474337, 9.8439522, 19.853294, 19.857386, 19.858498, 19.858828, 0.25551823, 0.26266688, 0.29631507, 0.34623095, 0.34747389, 0.34843937, 0.34926647, 0.34928691, 0.34929249, 0.34929413, 0.18347675
0.11831747, 0.46272516, 0.13883144, 0.22006333, 0.87714493, 3.5537989, 9.5748014, 9.7169628, 9.8310394, 19.852863, 19.857275, 19.858503, 19.858828, 0.25220022, 0.25877047, 0.28553599, 0.34574693, 0.34716910, 0.34831023, 0.34926432, 0.34928638, 0.34929252, 0.34929413, 0.13883144
0.10960050, 0.35745826, 0.10724820, 0.0000000, 0.56501627, 2.8570561, 9.3251438, 9.7108297, 9.8265066, 19.851467, 19.856941, 19.858431, 19.858828, 0.24998999, 0.25564840, 0.27856612, 0.34324852, 0.34710678, 0.34826455, 0.34925735, 0.34928471, 0.34929216, 0.34929413, 0.10724820
0.10731138, 0.32981461, 0.98954283E-1, 0.0000000, 0.44701099, 2.6063828, 8.9753714, 9.7401638, 9.8382139, 19.852507, 19.857227, 19.858521, 19.858828, 0.24998999, 0.25446922, 0.27606124, 0.33975193, 0.34740067, 0.34838182, 0.34926254, 0.34928614, 0.34929261, 0.34929413, 0.98954283E-1
0.14559898, 0.79217887, 0.23767743, 2.1715760, 1.4625520, 2.6022255, 8.8517923, 9.8068266, 9.8643723, 19.853968, 19.857634, 19.858566, 19.858828, 0.27171442, 0.26462498, 0.27602178, 0.33851761, 0.34806809, 0.34864366, 0.34926984, 0.34928817, 0.34929281, 0.34929413, 0.23767743
0.16012269, 0.96756864, 0.29029962, 2.5100441, 2.2778721, 3.2453310, 9.3624840, 9.8404112, 9.8782167, 19.855076, 19.857916, 19.858566, 19.858828, 0.27509964, 0.27277827, 0.28245297, 0.34362465, 0.34840402, 0.34878215, 0.34927538, 0.34928960, 0.34929281, 0.34929413, 0.29029962
0.21962437, 1.0000000, 0.50588536, 2.8028488, 5.8831835, 9.3573771, 9.7202311, 9.8557997, 9.8846550, 19.855841, 19.858099, 19.858566, 19.858828, 0.27802849, 0.30883184, 0.34357378, 0.34720230, 0.34855801, 0.34884655, 0.34927920, 0.34929049, 0.34929281, 0.34929413, 0.50588536
0.20200199, 1.0000000, 0.44203615, 1.9790232, 5.0716872, 9.4786015, 9.7102261, 9.8144636, 9.8686581, 19.853218, 19.857372, 19.858397, 19.858805, 0.26978758, 0.30071282, 0.34478223, 0.34710148, 0.34814426, 0.34868646, 0.34926608, 0.34928685, 0.34929198, 0.34929401, 0.44203615
0.17118272, 1.0000000, 0.33037215, 1.0841578, 2.9762836, 9.2284374, 9.6371574, 9.7597284, 9.8468294, 19.850252, 19.856562, 19.858194, 19.858757, 0.26083976, 0.27975985, 0.34227976, 0.34637064, 0.34759682, 0.34846812, 0.34925127, 0.34928280, 0.34929097, 0.34929377, 0.33037215
0.15215509, 0.87135112, 0.26143149, 0.52630305, 2.2826581, 7.8865814, 9.6111555, 9.7386866, 9.8375301, 19.849136, 19.856268, 19.858154, 19.858757, 0.25526190, 0.27282366, 0.32886079, 0.34611034, 0.34738624, 0.34837508, 0.34924567, 0.34928134, 0.34929079, 0.34929377, 0.26143149
0.17976198, 1.0000000, 0.36145642, 2.3767920, 2.5469601, 7.8491950, 9.6494951, 9.7581682, 9.8448219, 19.850069, 19.856489, 19.858213, 19.858757, 0.27376345, 0.27546671, 0.32848752, 0.34649384, 0.34758112, 0.34844804, 0.34925035, 0.34928244, 0.34929106, 0.34929377, 0.36145642
0.35600001, 1.0000000, 1.0000000, 9.9999990, 9.9999990, 9.9999990, 9.9999990, 9.9999990, 9.9999990, 19.999998, 19.999998, 19.999998, 19.998999, 0.34999999, 0.34999999, 0.34999999, 0.34999999, 0.34999999, 0.34999999, 0.34999999, 0.34999999, 0.34999999, 0.34999499, 1.0000000
0.33223373, 1.0000000, 0.91389018, 8.6367664, 9.5443163, 9.7362509, 9.9187002, 9.9578915, 9.9836531, 19.997877, 19.999451, 19.999619, 19.975210, 0.33636683, 0.34544262, 0.34736225, 0.34918696, 0.34957889, 0.34983653, 0.34998938, 0.34999725, 0.34999809, 0.34987605, 0.91389018
0.29801118, 1.0000000, 0.78989559, 6.3168111, 9.3567791, 9.6006393, 9.8382931, 9.9120216, 9.9642515, 19.995108, 19.998735, 19.997854, 19.952801, 0.31316537, 0.34356534, 0.34600514, 0.34838265, 0.34912008, 0.34964249, 0.34997553, 0.34999368, 0.34998927, 0.34976399, 0.78989559
0.26018578, 1.0000000, 0.65284699, 3.6518033, 9.2749081, 9.5305672, 9.7712164, 9.8682775, 9.9431534, 19.991890, 19.997892, 19.993706, 19.932728, 0.28651464, 0.34274390, 0.34530303, 0.34771162, 0.34868249, 0.34943146, 0.34995943, 0.34998947, 0.34996852, 0.34966365, 0.65284699
0.22543284, 1.0000000, 0.52693057, 2.2217572, 7.5089469, 9.4502993, 9.7096796, 9.8260412, 9.9205999, 19.988098, 19.996784, 19.986658, 19.915691, 0.27221692, 0.32508814, 0.34450215, 0.34709662, 0.34826031, 0.34920597, 0.34994048, 0.34998393, 0.34993330, 0.34957844, 0.52693057
0.19961855, 1.0000000, 0.43340051, 1.5187114, 5.5682435, 9.4472609, 9.6894855, 9.8076010, 9.9070158, 19.984673, 19.995462, 19.976810, 19.901728, 0.26518542, 0.30567870, 0.34446946, 0.34689420, 0.34807569, 0.34907004, 0.34992337, 0.34997731, 0.34988406, 0.34950864, 0.43340051
0.17625394, 1.0000000, 0.34874618, 0.94216168, 3.7146547, 9.4376049, 9.6750221, 9.7946033, 9.8971090, 19.981567, 19.993605, 19.964634, 19.890718, 0.25941977, 0.28714216, 0.34437048, 0.34674910, 0.34794548, 0.34897089, 0.34990785, 0.34996802, 0.34982318, 0.34945360, 0.34874618
0.16085146, 0.97636926, 0.29294008, 0.57327449, 2.7729154, 8.8298502, 9.6720200, 9.7905779, 9.8931246, 19.979668, 19.990946, 19.951117, 19.882290, 0.25573239, 0.27772814, 0.33829689, 0.34671983, 0.34790561, 0.34893119, 0.34989834, 0.34995472, 0.34975559, 0.34941146, 0.29294008
0.14401209, 0.77301550, 0.23192784, 0.10577142, 2.1214068, 7.6349316, 9.6321611, 9.7659378, 9.8803606, 19.975588, 19.986170, 19.936979, 19.875895, 0.25105754, 0.27121210, 0.32634574, 0.34632072, 0.34765893, 0.34880346, 0.34987795, 0.34993085, 0.34968489, 0.34937948, 0.23192784
0.13400158, 0.65212768, 0.19565788, 0.0000000, 1.6381472, 6.5389800, 9.6253061, 9.7596245, 9.8759909, 19.973110, 19.979897, 19.923418, 19.871195, 0.24998944, 0.26637751, 0.31538191, 0.34625074, 0.34759504, 0.34875953, 0.34986556, 0.34989947, 0.34961709, 0.34935597, 0.19565788
0.12642077, 0.56058127, 0.16819119, 0.0000000, 1.2437373, 5.4972334, 9.6224918, 9.7563763, 9.8735218, 19.970999, 19.971745, 19.911009, 19.867754, 0.24998944, 0.26243460, 0.30496627, 0.34622276, 0.34756270, 0.34873486, 0.34985501, 0.34985873, 0.34955505, 0.34933877, 0.16819119
0.16660886, 1.0000000, 0.31380019, 2.2278576, 2.8618665, 4.5439935, 9.6179714, 9.7532005, 9.8714275, 19.968338, 19.961721, 19.900137, 19.865246, 0.27227521, 0.27861607, 0.29543787, 0.34617886, 0.34753156, 0.34871414, 0.34984168, 0.34980860, 0.34950069, 0.34932622, 0.31380019
0.14828773, 0.82464844, 0.24741928, 1.4762014, 2.2936912, 3.7567794, 9.6280956, 9.7588720, 9.8732853, 19.965090, 19.950331, 19.890970, 19.863441, 0.26476064, 0.27293563, 0.28756675, 0.34628043, 0.34758845, 0.34873277, 0.34982544, 0.34975165, 0.34945485, 0.34931719, 0.24741928
0.13414356, 0.65384227, 0.19617230, 0.92632771, 1.8406838, 3.0775192, 9.6404428, 9.7660036, 9.8757076, 19.960377, 19.938089, 19.883465, 19.862143, 0.25925982, 0.26840273, 0.28077176, 0.34640229, 0.34765893, 0.34875673, 0.34980190, 0.34969044, 0.34941733, 0.34931070, 0.19617230
0.12347571, 0.52501643, 0.15752068, 0.53735971, 1.4323533, 2.6690125, 9.3642378, 9.7604160, 9.8738718, 19.955303, 19.926029, 19.877516, 19.861202, 0.25537172, 0.26432052, 0.27668732, 0.34364042, 0.34760314, 0.34873837, 0.34977651, 0.34963015, 0.34938759, 0.34930602, 0.15752068
0.16378693, 1.0000000, 0.30357584, 2.6866884, 2.0310879, 4.0075035, 9.5411062, 9.7757292, 9.8795586, 19.948690, 19.914505, 19.872869, 19.860550, 0.27686259, 0.27030894, 0.29007313, 0.34541014, 0.34775680, 0.34879544, 0.34974346, 0.34957254, 0.34936434, 0.34930274, 0.30357584
0.14862823, 0.82876056, 0.24865304, 1.9896239, 1.6953945, 3.3199558, 9.6449976, 9.7804403, 9.8817806, 19.941200, 19.904121, 19.869308, 19.860104, 0.26989138, 0.26695147, 0.28319713, 0.34644857, 0.34780368, 0.34881756, 0.34970599, 0.34952062, 0.34934655, 0.34930050, 0.24865304
0.13325983, 0.64317042, 0.19297042, 1.2674183, 1.3043404, 2.8401077, 9.4424820, 9.7675009, 9.8751516, 19.931343, 19.894661, 19.866541, 19.859762, 0.26266813, 0.26303968, 0.27839699, 0.34442210, 0.34767362, 0.34875104, 0.34965670, 0.34947330, 0.34933269, 0.34929880, 0.19297042
0.11827412, 0.46220165, 0.13867436, 0.58749616, 0.87758899, 2.4287581, 9.0115280, 9.7384605, 9.8603067, 19.919857, 19.886349, 19.864361, 19.859497, 0.25587174, 0.25877300, 0.27428359, 0.34011230, 0.34738299, 0.34860253, 0.34959930, 0.34943175, 0.34932181, 0.34929749, 0.13867436
0.10528154, 0.30530205, 0.91599777E-1, 0.66128373E-1, 0.46942234, 1.9590348, 8.4593410, 9.6972198, 9.8388996, 19.907904, 19.879337, 19.862694, 19.859299, 0.25066075, 0.25469196, 0.26958564, 0.33458936, 0.34696987, 0.34838822, 0.34953952, 0.34939668, 0.34931347, 0.34929651, 0.91599777E-1
0.99358715E-1, 0.23377749, 0.70140265E-1, 0.0000000, 0.18621683, 1.4653563, 7.7331123, 9.6503305, 9.8140354, 19.897997, 19.874008, 19.861532, 19.859217, 0.24999645, 0.25186136, 0.26465043, 0.32732782, 0.34650126, 0.34813967, 0.34948999, 0.34937003, 0.34930766, 0.34929609, 0.70140265E-1
0.99281184E-1, 0.23284128, 0.69859371E-1, 0.18715858, 0.45222044E-1, 1.2079388, 7.1966038, 9.6917114, 9.8259611, 19.889393, 19.869902, 19.860710, 19.859169, 0.25187001, 0.25045198, 0.26207635, 0.32196242, 0.34691468, 0.34825879, 0.34944695, 0.34934950, 0.34930354, 0.34929585, 0.69859371E-1
0.94365716E-1, 0.17348163, 0.52049693E-1, 0.0000000, 0.0000000, 0.87434351, 6.5206041, 9.6465492, 9.8057919, 19.880785, 19.866402, 19.860058, 19.859104, 0.24992500, 0.24997444, 0.25874344, 0.31520605, 0.34646550, 0.34805793, 0.34940392, 0.34933200, 0.34930030, 0.34929553, 0.52049693E-1
0.16137797, 0.98272747, 0.29484773, 2.0957589, 2.8668613, 3.7774892, 9.3055964, 9.7095299, 9.8294525, 19.874542, 19.864014, 19.859615, 19.859058, 0.27095708, 0.27866820, 0.28777462, 0.34305581, 0.34709525, 0.34829450, 0.34937271, 0.34932005, 0.34929806, 0.34929529, 0.29484773
0.15894832, 0.95338672, 0.28604463, 2.1498919, 2.2550583, 4.1740127, 9.5971527, 9.7424850, 9.8431368, 19.869148, 19.862123, 19.859346, 19.859011, 0.27149400, 0.27254748, 0.29173726, 0.34597021, 0.34742421, 0.34843114, 0.34934574, 0.34931061, 0.34929675, 0.34929505, 0.28604463
0.13243806, 0.63324648, 0.18999295, 1.0028452, 1.5164703, 3.0815892, 9.5594721, 9.7090254, 9.8287134, 19.862223, 19.860067, 19.858961, 19.858923, 0.26002592, 0.26516241, 0.28081357, 0.34559324, 0.34708950, 0.34828690, 0.34931111, 0.34930032, 0.34929481, 0.34929460, 0.18999295
0.13345784, 0.64556152, 0.19368783, 1.5464574, 1.0311306, 2.5679469, 9.1580353, 9.7136869, 9.8281879, 19.857807, 19.858799, 19.858673, 19.858856, 0.26545796, 0.26030865, 0.27567616, 0.34157801, 0.34713560, 0.34828147, 0.34928903, 0.34929401, 0.34929335, 0.34929428, 0.19368783
0.11704279, 0.44733202, 0.13421303, 0.73472857, 0.64836740, 2.1722376, 8.6640329, 9.7063103, 9.8243303, 19.854559, 19.857891, 19.858471, 19.858805, 0.25734463, 0.25648227, 0.27172002, 0.33663845, 0.34706205, 0.34824294, 0.34927279, 0.34928945, 0.34929234, 0.34929401, 0.13421303
0.10884966, 0.34839097, 0.10452774, 0.37126541, 0.44484437, 1.8954277, 8.2384157, 9.7179413, 9.8291817, 19.853956, 19.857626, 19.858423, 19.858805, 0.25371075, 0.25444707, 0.26895136, 0.33238164, 0.34717792, 0.34829131, 0.34926978, 0.34928814, 0.34929210, 0.34929401, 0.10452774
0.14973864, 0.84216970, 0.25267619, 2.4091423, 2.1366148, 1.6679406, 7.8625531, 9.7311745, 9.8341961, 19.852934, 19.857321, 19.858330, 19.858805, 0.27409142, 0.27136615, 0.26667941, 0.32862553, 0.34731174, 0.34834197, 0.34926468, 0.34928662, 0.34929165, 0.34929401, 0.25267619
0.11400580, 0.41065693, 0.12320940, 0.68916380, 1.0839552, 1.1829436, 7.1633191, 9.6233606, 9.7906952, 19.849073, 19.856247, 19.858114, 19.858751, 0.25658369, 0.26064003, 0.26172435, 0.32154429, 0.34617838, 0.34788579, 0.34924406, 0.34928089, 0.34929049, 0.34929374, 0.12320940
0.90906262E-1, 0.13170497, 0.39515443E-1, 0.0000000, 0.11214614E-1, 0.36055446, 5.1372280, 9.3775043, 9.6666565, 19.843182, 19.854662, 19.857750, 19.858692, 0.24996133, 0.25000167, 0.25350904, 0.30122608, 0.34365287, 0.34662223, 0.34921458, 0.34927297, 0.34928867, 0.34929344, 0.39515443E-1
0.87049767E-1, 0.85133657E-1, 0.25542652E-1, 0.0000000, 0.0000000, 0.0000000, 2.7528315, 8.3794107, 9.5580587, 19.838638, 19.853449, 19.857512, 19.858652, 0.24996133, 0.24999996, 0.24999864, 0.27740481, 0.33363527, 0.34551829, 0.34919181, 0.34926689, 0.34928748, 0.34929323, 0.25542652E-1
0.85128166E-1, 0.61928235E-1, 0.18580329E-1, 0.0000000, 0.0000000, 0.0000000, 1.6515583, 5.9578319, 9.4959211, 19.835091, 19.852518, 19.857307, 19.858616, 0.24996133, 0.24999996, 0.24999864, 0.26640913, 0.30942464, 0.34487787, 0.34917405, 0.34926224, 0.34928644, 0.34929305, 0.18580329E-1
0.83269641E-1, 0.39484479E-1, 0.11846528E-1, 0.0000000, 0.0000000, 0.0000000, 0.77015758, 3.1978040, 9.4820719, 19.835796, 19.852673, 19.857365, 19.858658, 0.24996133, 0.24999996, 0.24999864, 0.25769922, 0.28197312, 0.34481585, 0.34917897, 0.34926337, 0.34928682, 0.34929329, 0.11846528E-1
0.82382016E-1, 0.28765434E-1, 0.86304937E-2, 0.0000000, 0.0000000, 0.0000000, 0.36065876, 2.1623640, 8.6128149, 19.837738, 19.853186, 19.857519, 19.858709, 0.24996133, 0.24999996, 0.24999864, 0.25360507, 0.27161911, 0.33612213, 0.34918869, 0.34926593, 0.34928760, 0.34929353, 0.86304937E-2
0.81970520E-1, 0.23796204E-1, 0.71395757E-2, 0.0000000, 0.0000000, 0.0000000, 0.19339323, 1.7167091, 7.9716463, 19.838755, 19.853472, 19.857615, 19.858709, 0.24996133, 0.24999996, 0.24999864, 0.25193280, 0.26716202, 0.32970864, 0.34919378, 0.34926736, 0.34928808, 0.34929353, 0.71395757E-2
0.12927067, 0.59499699, 0.17851695, 1.9888610, 1.9335389, 0.94675422, 0.16774833, 1.6577810, 7.8568988, 19.842310, 19.854441, 19.857849, 19.858709, 0.26988116, 0.26933104, 0.25946647, 0.25167745, 0.26657763, 0.32856870, 0.34921154, 0.34927219, 0.34928924, 0.34929353, 0.17851695
0.10097046, 0.25324109, 0.75979926E-1, 0.58480799, 1.0178655, 0.64412355, 0.10215044, 1.5894920, 7.7504501, 19.841320, 19.854206, 19.857765, 19.858698, 0.25584528, 0.26017573, 0.25644031, 0.25102147, 0.26589468, 0.32750416, 0.34920660, 0.34927103, 0.34928882, 0.34929350, 0.75979926E-1
0.10541714, 0.30693963, 0.92091098E-1, 1.3369471, 0.43254793, 0.40303469, 0.48857927E-1, 1.5215755, 7.6368895, 19.841404, 19.854225, 19.857731, 19.858704, 0.26336500, 0.25432462, 0.25402993, 0.25048858, 0.26521561, 0.32636863, 0.34920701, 0.34927112, 0.34928864, 0.34929353, 0.92091098E-1
0.14790344, 0.82000780, 0.24602695, 2.6351988, 2.1988659, 2.3935616, 2.1247089, 1.5058517, 7.5866656, 19.844706, 19.855087, 19.857960, 19.858709, 0.27634785, 0.27198660, 0.27393448, 0.27124688, 0.26505846, 0.32586652, 0.34922352, 0.34927544, 0.34928980, 0.34929353, 0.24602695
0.25078392, 1.0000000, 0.61878234, 8.0621386, 2.5432062, 8.2709808, 2.2480874, 2.8090982, 8.7131701, 19.847984, 19.855986, 19.858200, 19.858709, 0.33062139, 0.27543205, 0.33270982, 0.27248088, 0.27809098, 0.33713171, 0.34923992, 0.34927994, 0.34929100, 0.34929353, 0.61878234
0.17830959, 1.0000000, 0.35619417, 2.4858296, 2.6898801, 6.9630141, 9.2450638, 9.4631081, 9.6622963, 19.849846, 19.856485, 19.858307, 19.858709, 0.27485830, 0.27689880, 0.31963015, 0.34245065, 0.34463108, 0.34662297, 0.34924924, 0.34928244, 0.34929153, 0.34929353, 0.35619417
0.15697421, 0.92954725, 0.27889207, 1.6844273, 2.1639438, 5.4588995, 9.5040989, 9.6467972, 9.7786655, 19.849934, 19.856491, 19.858301, 19.858709, 0.26684394, 0.27163917, 0.30458868, 0.34504086, 0.34646791, 0.34778664, 0.34924966, 0.34928244, 0.34929150, 0.34929353, 0.27889207
0.14128995, 0.74014276, 0.22206503, 1.0920793, 1.7343581, 4.4828229, 9.5790405, 9.7058878, 9.8151665, 19.849718, 19.856441, 19.858273, 19.858709, 0.26091921, 0.26734209, 0.29482630, 0.34578958, 0.34705848, 0.34815150, 0.34924859, 0.34928221, 0.34929135, 0.34929353, 0.22206503
0.16768181, 1.0000000, 0.31768775, 1.9857973, 2.0486772, 7.2456985, 9.5929222, 9.7201796, 9.8252077, 19.848648, 19.856150, 19.858189, 19.858709, 0.26985571, 0.27048537, 0.32245448, 0.34592855, 0.34720147, 0.34825197, 0.34924322, 0.34928074, 0.34929094, 0.34929353, 0.31768775
0.14202955, 0.74907422, 0.22474475, 0.94868839, 1.3961345, 5.8193965, 9.5619717, 9.7041092, 9.8195648, 19.846409, 19.855547, 19.858025, 19.858698, 0.25948533, 0.26395997, 0.30819109, 0.34561875, 0.34704062, 0.34819549, 0.34923205, 0.34927773, 0.34929013, 0.34929350, 0.22474475
0.12063256, 0.49068227, 0.14721940, 0.20616651, 0.81214309, 4.3059721, 9.5190639, 9.6781015, 9.8084097, 19.844360, 19.855011, 19.857906, 19.858692, 0.25206071, 0.25811920, 0.29305381, 0.34518802, 0.34677967, 0.34808365, 0.34922180, 0.34927505, 0.34928954, 0.34929347, 0.14721940
0.12539405, 0.54818231, 0.16447115, 1.1881411, 0.41859150, 2.9827416, 9.4658966, 9.6739407, 9.8055134, 19.843884, 19.854887, 19.857895, 19.858709, 0.26187477, 0.25418451, 0.27982241, 0.34465581, 0.34673780, 0.34805459, 0.34921941, 0.34927443, 0.34928948, 0.34929353, 0.16447115
0.11181381, 0.38418636, 0.11526743, 0.51416755, 0.19644201, 2.5047989, 8.8942938, 9.6840620, 9.8100901, 19.844561, 19.855087, 19.857954, 19.858709, 0.25513923, 0.25196385, 0.27504444, 0.33894041, 0.34683925, 0.34810042, 0.34922281, 0.34927544, 0.34928977, 0.34929353, 0.11526743
0.11683728, 0.44485015, 0.13346839, 0.98403096, 0.15479624, 2.3010640, 8.5432854, 9.7311010, 9.8310957, 19.847630, 19.855904, 19.858189, 19.858709, 0.25983495, 0.25154746, 0.27300689, 0.33543006, 0.34730944, 0.34831041, 0.34923816, 0.34927952, 0.34929094, 0.34929353, 0.13346839
0.35599452, 1.0000000, 0.99998009, 9.9998560, 9.9999132, 9.9999542, 9.9999905, 9.9999962, 9.9999990, 19.999998, 19.999998, 19.999998, 19.995995, 0.34999725, 0.34999835, 0.34999916, 0.34999982, 0.34999993, 0.34999999, 0.34999999, 0.34999999, 0.34999999, 0.34997997, 0.99998009
0.34505481, 1.0000000, 0.96034342, 9.4740562, 9.6560993, 9.8097563, 9.9520168, 9.9755726, 9.9913378, 19.999563, 19.999886, 19.999622, 19.972338, 0.34474006, 0.34656066, 0.34809741, 0.34952015, 0.34975570, 0.34991339, 0.34999782, 0.34999943, 0.34999812, 0.34986168, 0.96034342
0.35496354, 1.0000000, 0.99624473, 9.9997511, 9.9830704, 9.8205128, 9.8621511, 9.9262915, 9.9708033, 19.996399, 19.999063, 19.997583, 19.950150, 0.34999698, 0.34983036, 0.34820497, 0.34862149, 0.34926289, 0.34970802, 0.34998199, 0.34999532, 0.34998792, 0.34975076, 0.99624473
0.32770184, 1.0000000, 0.89747041, 8.4137478, 9.4385900, 9.6252670, 9.8101425, 9.8924246, 9.9544106, 19.993677, 19.998352, 19.993130, 19.930450, 0.33413747, 0.34438589, 0.34625268, 0.34810144, 0.34892425, 0.34954411, 0.34996837, 0.34999177, 0.34996563, 0.34965226, 0.89747041
0.34759355, 1.0000000, 0.96954179, 9.7153406, 9.6867437, 9.6078901, 9.7681837, 9.8624315, 9.9377718, 19.990364, 19.997385, 19.985731, 19.913801, 0.34715161, 0.34686637, 0.34607837, 0.34768170, 0.34862426, 0.34937769, 0.34995180, 0.34998691, 0.34992865, 0.34956902, 0.96954179
0.31784451, 1.0000000, 0.86175543, 7.7445645, 9.3887491, 9.5875082, 9.7724247, 9.8598061, 9.9332819, 19.989283, 19.996651, 19.975698, 19.900272, 0.32744285, 0.34388548, 0.34587404, 0.34772405, 0.34859794, 0.34933278, 0.34994641, 0.34998325, 0.34987849, 0.34950137, 0.86175543
0.29584360, 1.0000000, 0.78204203, 6.1969662, 9.3277378, 9.5566444, 9.7593889, 9.8502111, 9.9264803, 19.987190, 19.994995, 19.963392, 19.889597, 0.31196907, 0.34327686, 0.34556618, 0.34759384, 0.34850207, 0.34926480, 0.34993595, 0.34997499, 0.34981698, 0.34944800, 0.78204203
0.26882750, 1.0000000, 0.68415761, 4.2256308, 9.3455381, 9.5674438, 9.7640619, 9.8508730, 9.9252796, 19.986601, 19.992596, 19.949850, 19.881477, 0.29225302, 0.34345105, 0.34567225, 0.34764019, 0.34850848, 0.34925270, 0.34993300, 0.34996298, 0.34974927, 0.34940737, 0.68415761
0.23605470, 1.0000000, 0.56541556, 2.6240110, 8.1063328, 9.4799280, 9.7180061, 9.8238173, 9.9119368, 19.983112, 19.987865, 19.935787, 19.875313, 0.27623850, 0.33106035, 0.34479755, 0.34717971, 0.34823799, 0.34911931, 0.34991556, 0.34993932, 0.34967893, 0.34937656, 0.56541556
0.31971681, 1.0000000, 0.86853915, 7.8197732, 9.4342623, 9.6653481, 9.8892965, 9.9421387, 9.9771423, 19.996792, 19.999165, 19.999702, 19.982033, 0.32819420, 0.34434009, 0.34665218, 0.34889269, 0.34942123, 0.34977138, 0.34998396, 0.34999582, 0.34999850, 0.34991017, 0.86853915
0.34563452, 1.0000000, 0.96244383, 9.4444246, 9.7468319, 9.8655434, 9.9698391, 9.9847937, 9.9948196, 19.999908, 19.999975, 19.999969, 19.988020, 0.34443748, 0.34746414, 0.34865332, 0.34969798, 0.34984773, 0.34994814, 0.34999955, 0.34999987, 0.34999985, 0.34994009, 0.96244383
0.30051512, 1.0000000, 0.79896778, 6.5497880, 9.2894373, 9.5626411, 9.8368874, 9.9130449, 9.9657459, 19.995821, 19.998915, 19.999004, 19.964668, 0.31549695, 0.34289360, 0.34562603, 0.34836879, 0.34913042, 0.34965748, 0.34997910, 0.34999457, 0.34999502, 0.34982336, 0.79896778
0.25843763, 1.0000000, 0.64651316, 3.5455692, 9.2486172, 9.5153828, 9.7695646, 9.8685417, 9.9447546, 19.993277, 19.998247, 19.996284, 19.943237, 0.28545219, 0.34248066, 0.34515101, 0.34769505, 0.34868512, 0.34944746, 0.34996638, 0.34999123, 0.34998143, 0.34971619, 0.64651316
0.22269215, 1.0000000, 0.51700056, 2.1332681, 7.3296766, 9.4468899, 9.7053614, 9.8237696, 9.9202862, 19.989042, 19.997105, 19.990793, 19.924480, 0.27132753, 0.32328615, 0.34446207, 0.34705222, 0.34823698, 0.34920263, 0.34994522, 0.34998554, 0.34995395, 0.34962240, 0.51700056
0.25976136, 1.0000000, 0.65130925, 3.6586280, 9.2204084, 9.5262289, 9.7306089, 9.8313179, 9.9183741, 19.988194, 19.996651, 19.982563, 19.908915, 0.28658387, 0.34220046, 0.34526041, 0.34730569, 0.34831300, 0.34918368, 0.34994096, 0.34998325, 0.34991282, 0.34954458, 0.65130925
0.30675030, 1.0000000, 0.82155895, 7.0298471, 9.2805643, 9.5188150, 9.7275648, 9.8276215, 9.9132547, 19.985422, 19.995272, 19.971575, 19.896353, 0.32029679, 0.34280434, 0.34518746, 0.34727550, 0.34827614, 0.34913251, 0.34992713, 0.34997636, 0.34985787, 0.34948176, 0.82155895
0.24809071, 1.0000000, 0.60902429, 2.9759736, 9.0019922, 9.4343662, 9.6770830, 9.7964201, 9.8972578, 19.981041, 19.992628, 19.958549, 19.886562, 0.27975771, 0.34001625, 0.34434173, 0.34677044, 0.34796399, 0.34897253, 0.34990519, 0.34996313, 0.34979275, 0.34943283, 0.60902429
0.20286603, 1.0000000, 0.44516677, 1.6817868, 5.7516823, 9.3417702, 9.6166458, 9.7575798, 9.8773661, 19.975859, 19.988451, 19.944504, 19.879116, 0.26681608, 0.30751315, 0.34341472, 0.34616584, 0.34757549, 0.34877354, 0.34987929, 0.34994227, 0.34972250, 0.34939557, 0.44516677
0.16785364, 1.0000000, 0.31831026, 0.83585978, 2.9765248, 9.2618532, 9.5922794, 9.7390871, 9.8662424, 19.972069, 19.982878, 19.930523, 19.873554, 0.25835711, 0.27976206, 0.34261355, 0.34592175, 0.34739032, 0.34866226, 0.34986034, 0.34991437, 0.34965262, 0.34936777, 0.31831026
0.15845597, 0.94744116, 0.28426078, 1.0456234, 2.2299945, 7.7853780, 9.5920572, 9.7365532, 9.8628731, 19.968904, 19.975502, 19.917379, 19.869459, 0.26045516, 0.27229857, 0.32785136, 0.34591997, 0.34736523, 0.34862864, 0.34984452, 0.34987751, 0.34958690, 0.34934729, 0.28426078
0.13323547, 0.64287621, 0.19288215, 0.23205280, 1.4111727, 6.0575118, 9.5407782, 9.7041330, 9.8464632, 19.962952, 19.965498, 19.905428, 19.866423, 0.25231981, 0.26410916, 0.31056964, 0.34540606, 0.34704044, 0.34846434, 0.34981477, 0.34982750, 0.34952715, 0.34933212, 0.19288215
0.11550128, 0.42871663, 0.12862785, 0.0000000, 0.67607462, 4.0367908, 9.4716225, 9.6577539, 9.8226738, 19.956566, 19.953836, 19.895161, 19.864223, 0.24999690, 0.25675836, 0.29036081, 0.34471288, 0.34657583, 0.34822616, 0.34978282, 0.34976918, 0.34947580, 0.34932113, 0.12862785
0.10684943, 0.32423607, 0.97280547E-1, 0.0000000, 0.29438436, 2.7913480, 9.0715361, 9.6442890, 9.8145018, 19.951923, 19.941818, 19.886772, 19.862684, 0.24999690, 0.25294301, 0.27790949, 0.34071276, 0.34644151, 0.34814453, 0.34975961, 0.34970909, 0.34943387, 0.34931344, 0.97280547E-1
0.12503903, 0.54389513, 0.16318485, 1.7965734, 0.30431151E-1, 1.9301742, 8.0745535, 9.6005831, 9.7921963, 19.945992, 19.929373, 19.880007, 19.861578, 0.26796040, 0.25030425, 0.26930001, 0.33074409, 0.34600496, 0.34792167, 0.34972996, 0.34964687, 0.34940004, 0.34930789, 0.16318485
0.20395090, 1.0000000, 0.44909745, 2.1281872, 6.0034175, 7.8292327, 8.6160622, 9.6028595, 9.7891598, 19.937405, 19.916939, 19.874561, 19.860779, 0.27128187, 0.31003419, 0.32829231, 0.33616063, 0.34602860, 0.34789160, 0.34968704, 0.34958470, 0.34937280, 0.34930390, 0.44909745
0.17836365, 1.0000000, 0.35639003, 2.2021980, 2.5781274, 8.0628271, 9.5174656, 9.6940775, 9.8279524, 19.929028, 19.905731, 19.870417, 19.860220, 0.27202043, 0.27578020, 0.33062658, 0.34517428, 0.34694058, 0.34827948, 0.34964514, 0.34952867, 0.34935209, 0.34930110, 0.35639003
0.20529419, 1.0000000, 0.45396444, 2.5058122, 4.6856279, 9.2985859, 9.6782684, 9.7784224, 9.8678303, 19.923712, 19.896786, 19.867510, 19.859880, 0.27505711, 0.29685515, 0.34298474, 0.34678245, 0.34778410, 0.34867826, 0.34961855, 0.34948394, 0.34933755, 0.34929940, 0.45396444
0.34968102, 1.0000000, 0.97710502, 9.6685696, 9.8362074, 9.9146042, 9.9801207, 9.9899807, 9.9963827, 19.999725, 19.999933, 19.999958, 19.988003, 0.34667853, 0.34835771, 0.34914383, 0.34980077, 0.34989959, 0.34996378, 0.34999862, 0.34999967, 0.34999979, 0.34994000, 0.97710502
0.35594636, 1.0000000, 0.99980563, 9.9979763, 9.9987869, 9.9993916, 9.9998741, 9.9999371, 9.9999752, 19.999998, 19.999998, 19.999996, 19.993994, 0.34997326, 0.34998396, 0.34999198, 0.34999835, 0.34999916, 0.34999970, 0.34999999, 0.34999999, 0.34999996, 0.34996998, 0.99980563
0.34710419, 1.0000000, 0.96776873, 9.5170183, 9.7905817, 9.8878384, 9.9731779, 9.9864082, 9.9951553, 19.999712, 19.999922, 19.999559, 19.970417, 0.34516829, 0.34790462, 0.34887779, 0.34973165, 0.34986401, 0.34995154, 0.34999856, 0.34999961, 0.34999779, 0.34985209, 0.96776873
0.29657131, 1.0000000, 0.78467870, 6.2680359, 9.2860155, 9.5582647, 9.8287430, 9.9082184, 9.9628363, 19.994564, 19.998581, 19.997211, 19.948372, 0.31267947, 0.34285936, 0.34558225, 0.34828734, 0.34908214, 0.34962836, 0.34997281, 0.34999290, 0.34998605, 0.34974188, 0.78467870
0.24678493, 1.0000000, 0.60429317, 2.9120355, 8.9267521, 9.4649782, 9.7356386, 9.8478928, 9.9340658, 19.990068, 19.997387, 19.992403, 19.928905, 0.27911773, 0.33926266, 0.34464723, 0.34735584, 0.34847865, 0.34934056, 0.34995034, 0.34998694, 0.34996203, 0.34964454, 0.60429317
0.21071242, 1.0000000, 0.47359571, 1.8580705, 6.3651047, 9.4058781, 9.6746168, 9.8030052, 9.9085608, 19.985407, 19.996000, 19.984684, 19.912489, 0.26857835, 0.31364623, 0.34405524, 0.34674543, 0.34802970, 0.34908548, 0.34992704, 0.34998000, 0.34992343, 0.34956244, 0.47359571
0.17805298, 1.0000000, 0.35526440, 1.0507613, 3.7979472, 9.3551645, 9.6327267, 9.7711029, 9.8889923, 19.981949, 19.994545, 19.974291, 19.899185, 0.26050514, 0.28797412, 0.34354502, 0.34632590, 0.34771034, 0.34888968, 0.34990975, 0.34997272, 0.34987146, 0.34949592, 0.35526440
0.15272680, 0.87825513, 0.26350290, 0.37530065, 2.4423897, 8.2110109, 9.5934181, 9.7424746, 9.8710241, 19.977388, 19.992100, 19.961660, 19.888731, 0.25375196, 0.27441978, 0.33210322, 0.34593257, 0.34742394, 0.34870997, 0.34988695, 0.34996051, 0.34980831, 0.34944364, 0.26350290
0.17413887, 1.0000000, 0.34108290, 2.1055312, 2.7692676, 6.9547920, 9.6152287, 9.7504578, 9.8700104, 19.974413, 19.988844, 19.947903, 19.880760, 0.27105531, 0.27769268, 0.31954792, 0.34615228, 0.34750459, 0.34870011, 0.34987205, 0.34994423, 0.34973952, 0.34940380, 0.34108290
0.16518712, 1.0000000, 0.30864900, 2.1252899, 2.1794617, 5.9033618, 9.6272211, 9.7570162, 9.8718100, 19.972166, 19.984133, 19.933956, 19.874805, 0.27125254, 0.27179441, 0.30903333, 0.34627211, 0.34757009, 0.34871808, 0.34986085, 0.34992066, 0.34966978, 0.34937403, 0.30864900
0.21164346, 1.0000000, 0.47696900, 2.4194031, 5.6982493, 9.1107483, 9.6113672, 9.7479429, 9.8681297, 19.970156, 19.977570, 19.920628, 19.870399, 0.27419403, 0.30698249, 0.34110749, 0.34611368, 0.34747943, 0.34868130, 0.34985077, 0.34988785, 0.34960315, 0.34935200, 0.47696900
0.20291334, 1.0000000, 0.44533822, 2.3981333, 4.5311093, 9.4039736, 9.6421928, 9.7657871, 9.8751488, 19.968069, 19.969065, 19.908533, 19.867182, 0.27397409, 0.29530290, 0.34403124, 0.34642017, 0.34765697, 0.34875119, 0.34984034, 0.34984532, 0.34954268, 0.34933591, 0.44533822
0.18188296, 1.0000000, 0.36914116, 1.8724978, 2.9733272, 9.1850128, 9.6513405, 9.7725029, 9.8786583, 19.965433, 19.958780, 19.898035, 19.864841, 0.26872391, 0.27973226, 0.34184858, 0.34651306, 0.34772485, 0.34878653, 0.34982717, 0.34979391, 0.34949017, 0.34932420, 0.36914116
0.20411800, 1.0000000, 0.44970286, 2.6059985, 4.5619612, 8.9529419, 9.5805397, 9.7308884, 9.8606377, 19.959795, 19.946640, 19.889112, 19.863113, 0.27605811, 0.29561764, 0.33952749, 0.34580499, 0.34730867, 0.34860632, 0.34979898, 0.34973320, 0.34944555, 0.34931558, 0.44970286
0.19241491, 1.0000000, 0.40730035, 2.3047447, 3.5668330, 9.1067457, 9.6300068, 9.7576284, 9.8696499, 19.954536, 19.934309, 19.881937, 19.861902, 0.27304700, 0.28566790, 0.34106693, 0.34629995, 0.34757623, 0.34869647, 0.34977269, 0.34967154, 0.34940970, 0.34930950, 0.40730035
0.18446657, 1.0000000, 0.37850201, 2.4268866, 2.6162267, 8.6723528, 9.6607342, 9.7768354, 9.8783283, 19.949148, 19.922386, 19.876301, 19.861055, 0.27426875, 0.27616218, 0.33672339, 0.34660730, 0.34776834, 0.34878328, 0.34974575, 0.34961194, 0.34938151, 0.34930527, 0.37850201
0.35261244, 1.0000000, 0.98772609, 9.9691229, 9.7335596, 9.8285980, 9.9569550, 9.9781265, 9.9920702, 19.999403, 19.996195, 19.920372, 19.860474, 0.34969121, 0.34733561, 0.34828597, 0.34956956, 0.34978127, 0.34992069, 0.34999701, 0.34998098, 0.34960186, 0.34930235, 0.98772609
0.32945234, 1.0000000, 0.90381277, 8.4990416, 9.4695282, 9.6799812, 9.8942852, 9.9444218, 9.9792404, 19.998358, 19.986969, 19.905920, 19.860039, 0.33498856, 0.34469402, 0.34679919, 0.34894273, 0.34944415, 0.34979239, 0.34999180, 0.34993485, 0.34952959, 0.34930021, 0.90381277
0.27337766, 1.0000000, 0.70064366, 4.6761150, 9.1868029, 9.4781065, 9.7630215, 9.8678236, 9.9459305, 19.993305, 19.974220, 19.894054, 19.859674, 0.29676098, 0.34186783, 0.34478095, 0.34763017, 0.34867823, 0.34945929, 0.34996653, 0.34987110, 0.34947026, 0.34929836, 0.70064366
0.23857938, 1.0000000, 0.57456291, 2.7672501, 8.1625586, 9.4945564, 9.7295513, 9.8388557, 9.9279690, 19.989000, 19.960035, 19.884853, 19.859446, 0.27767202, 0.33162475, 0.34494507, 0.34729543, 0.34838849, 0.34927967, 0.34994501, 0.34980017, 0.34942427, 0.34929723, 0.57456291
0.35433698, 1.0000000, 0.99397445, 9.9986210, 9.9607592, 9.7469654, 9.7638969, 9.8520718, 9.9285679, 19.985737, 19.945602, 19.877960, 19.859346, 0.34998372, 0.34960613, 0.34746894, 0.34763882, 0.34852067, 0.34928563, 0.34992868, 0.34972802, 0.34938979, 0.34929675, 0.99397445
0.35570544, 1.0000000, 0.99893272, 9.9855022, 9.9913597, 9.9956741, 9.9991293, 9.9995670, 9.9998503, 19.999998, 19.999998, 19.999990, 19.991999, 0.34985295, 0.34991238, 0.34995613, 0.34999117, 0.34999561, 0.34999847, 0.34999999, 0.34999999, 0.34999996, 0.34996000, 0.99893272
0.33979231, 1.0000000, 0.94127637, 9.2191067, 9.5006866, 9.7089577, 9.9137096, 9.9553938, 9.9832897, 19.998419, 19.999582, 19.999846, 19.985031, 0.34219107, 0.34500688, 0.34708959, 0.34913710, 0.34955394, 0.34983289, 0.34999210, 0.34999791, 0.34999922, 0.34992516, 0.94127637
0.31094134, 1.0000000, 0.83674389, 7.1928363, 9.4325361, 9.6466923, 9.8579140, 9.9226618, 9.9695215, 19.996941, 19.999195, 19.998880, 19.961918, 0.32192624, 0.34432369, 0.34646609, 0.34857896, 0.34922653, 0.34969518, 0.34998471, 0.34999597, 0.34999439, 0.34980959, 0.83674389
0.29052073, 1.0000000, 0.76275617, 5.7628927, 9.3778677, 9.6013918, 9.8132811, 9.8933487, 9.9556808, 19.995543, 19.998825, 19.995924, 19.940811, 0.30762857, 0.34377831, 0.34601372, 0.34813279, 0.34893346, 0.34955680, 0.34997770, 0.34999412, 0.34997961, 0.34970406, 0.76275617
0.31604177, 1.0000000, 0.85522366, 7.5998607, 9.3968697, 9.6089258, 9.8005285, 9.8815012, 9.9473867, 19.993896, 19.998350, 19.990259, 19.922487, 0.32599771, 0.34396803, 0.34608892, 0.34800524, 0.34881499, 0.34947386, 0.34996948, 0.34999174, 0.34995130, 0.34961244, 0.85522366
0.31460506, 1.0000000, 0.85001832, 7.4658904, 9.4361601, 9.6298389, 9.8028717, 9.8793097, 9.9438524, 19.993259, 19.997952, 19.981737, 19.907274, 0.32465786, 0.34436083, 0.34629801, 0.34802863, 0.34879306, 0.34943852, 0.34996629, 0.34998977, 0.34990868, 0.34953636, 0.85001832
0.27946928, 1.0000000, 0.72271472, 5.0417299, 9.2879343, 9.5324516, 9.7554293, 9.8505659, 9.9293509, 19.990650, 19.996595, 19.970497, 19.895073, 0.30041692, 0.34287894, 0.34532431, 0.34755427, 0.34850565, 0.34929350, 0.34995323, 0.34998298, 0.34985250, 0.34947535, 0.72271472
0.24160707, 1.0000000, 0.58553284, 2.9161482, 8.2974443, 9.4653578, 9.7116575, 9.8220186, 9.9144888, 19.988161, 19.994411, 19.957439, 19.885609, 0.27916119, 0.33297390, 0.34465328, 0.34711653, 0.34822014, 0.34914488, 0.34994081, 0.34997207, 0.34978721, 0.34942806, 0.58553284
0.20751461, 1.0000000, 0.46200943, 1.9337744, 5.8453193, 9.4223194, 9.6706171, 9.7937889, 9.8984547, 19.984587, 19.990608, 19.943398, 19.878393, 0.26933575, 0.30844957, 0.34422028, 0.34670559, 0.34793758, 0.34898445, 0.34992293, 0.34995306, 0.34971699, 0.34939197, 0.46200943
0.17567468, 1.0000000, 0.34664735, 1.1246115, 3.3782451, 9.3718605, 9.6337624, 9.7682896, 9.8841324, 19.981421, 19.985115, 19.929440, 19.873024, 0.26124582, 0.28378192, 0.34371784, 0.34633747, 0.34768280, 0.34884128, 0.34990710, 0.34992558, 0.34964719, 0.34936512, 0.34664735
0.15370445, 0.89006126, 0.26704508, 0.51129758, 2.3211451, 8.2299719, 9.6113691, 9.7516088, 9.8734436, 19.977528, 19.977392, 19.916348, 19.869070, 0.25511289, 0.27321118, 0.33229926, 0.34611356, 0.34751603, 0.34873441, 0.34988764, 0.34988695, 0.34958175, 0.34934536, 0.26704508
0.13957454, 0.71942741, 0.21584980, 0.17302036, 1.7883182, 7.0107079, 9.6174583, 9.7529049, 9.8718395, 19.974506, 19.967941, 19.904724, 19.866199, 0.25172952, 0.26787901, 0.32009891, 0.34617236, 0.34752792, 0.34871802, 0.34987253, 0.34983972, 0.34952360, 0.34933099, 0.21584980
0.12742865, 0.57275236, 0.17184290, 0.0000000, 1.2615293, 5.7142596, 9.5886707, 9.7353191, 9.8633156, 19.970221, 19.956665, 19.894716, 19.864113, 0.24996965, 0.26261267, 0.30713665, 0.34588471, 0.34735218, 0.34863284, 0.34985110, 0.34978333, 0.34947360, 0.34932056, 0.17184290
0.11788137, 0.45745879, 0.13725136, 0.0000000, 0.79209507, 4.3559785, 9.5559006, 9.7136574, 9.8521194, 19.964729, 19.944216, 19.886436, 19.862606, 0.24996965, 0.25791892, 0.29355419, 0.34555653, 0.34713531, 0.34852079, 0.34982365, 0.34972107, 0.34943217, 0.34931302, 0.13725136
0.12042623, 0.48819068, 0.14647186, 0.63595772, 0.53168237, 3.3653541, 9.5820198, 9.7276011, 9.8564606, 19.959351, 19.931757, 19.879824, 19.861555, 0.25635713, 0.25531560, 0.28364968, 0.34581798, 0.34727487, 0.34856421, 0.34979674, 0.34965879, 0.34939912, 0.34930778, 0.14647186
0.12826675, 0.58287346, 0.17487952, 1.5187413, 0.34566522, 2.7508378, 9.2705221, 9.7253313, 9.8557186, 19.953465, 19.919846, 19.874668, 19.860804, 0.26518467, 0.25345626, 0.27750689, 0.34270421, 0.34725279, 0.34855700, 0.34976733, 0.34959924, 0.34937334, 0.34930402, 0.17487952
0.11864879, 0.46672612, 0.14003184, 1.1210203, 0.14374852, 2.2682667, 8.7266188, 9.7044125, 9.8455915, 19.944796, 19.908443, 19.870581, 19.860239, 0.26120785, 0.25143731, 0.27268124, 0.33726507, 0.34704348, 0.34845570, 0.34972399, 0.34954220, 0.34935290, 0.34930119, 0.14003184
0.13584900, 0.67443740, 0.20235145, 1.9578427, 1.0632664, 1.8953770, 8.2207947, 9.7063046, 9.8440056, 19.934965, 19.898294, 19.867470, 19.859844, 0.26957640, 0.26063201, 0.26895317, 0.33220744, 0.34706274, 0.34843996, 0.34967482, 0.34949148, 0.34933734, 0.34929922, 0.20235145
0.11565840, 0.43061399, 0.12919712, 0.89133382, 0.63733757, 1.5346676, 7.6830897, 9.6954336, 9.8372297, 19.923960, 19.889441, 19.865086, 19.859562, 0.25891048, 0.25637215, 0.26534522, 0.32682940, 0.34695342, 0.34837195, 0.34961981, 0.34944719, 0.34932542, 0.34929782, 0.12919712
0.10663112, 0.32159975, 0.96489578E-1, 0.45922399, 0.42803586, 1.3015956, 7.2287798, 9.7104311, 9.8421669, 19.914789, 19.882559, 19.863407, 19.859392, 0.25459108, 0.25427970, 0.26301497, 0.32228670, 0.34710357, 0.34842142, 0.34957394, 0.34941280, 0.34931704, 0.34929696, 0.96489578E-1
0.96518554E-1, 0.19947948, 0.59849828E-1, 0.38701296E-1, 0.16253591, 0.93831718, 6.5318012, 9.6450319, 9.8124599, 19.904711, 19.876705, 19.862082, 19.859287, 0.25038683, 0.25162488, 0.25938177, 0.31531605, 0.34644887, 0.34812412, 0.34952354, 0.34938353, 0.34931040, 0.34929645, 0.59849828E-1
0.94338268E-1, 0.17315014, 0.51950235E-1, 0.0000000, 0.87258220E-1, 0.78378618, 6.0455012, 9.6873846, 9.8266344, 19.896744, 19.872383, 19.861237, 19.859251, 0.24999215, 0.25087216, 0.25783604, 0.31045219, 0.34687158, 0.34826556, 0.34948373, 0.34936193, 0.34930617, 0.34929627, 0.51950235E-1
0.14575595, 0.79407442, 0.23824616, 1.9816637, 1.3038069, 3.4604709, 9.5315132, 9.7537546, 9.8537025, 19.889782, 19.869081, 19.860640, 19.859222, 0.26981518, 0.26303750, 0.28460392, 0.34531471, 0.34753734, 0.34853697, 0.34944892, 0.34934542, 0.34930319, 0.34929612, 0.23824616
0.13039179, 0.60853571, 0.18257897, 1.2495339, 0.98059475, 2.8699338, 9.3741198, 9.7446642, 9.8511171, 19.882383, 19.866215, 19.860100, 19.859194, 0.26249146, 0.25980413, 0.27869666, 0.34373945, 0.34744576, 0.34851086, 0.34941190, 0.34933108, 0.34930050, 0.34929597, 0.18257897
0.11339789, 0.40331584, 0.12100685, 0.46910942, 0.56444407, 2.3199229, 8.7923059, 9.6942482, 9.8287487, 19.875092, 19.863739, 19.859665, 19.859152, 0.25468972, 0.25564346, 0.27319720, 0.33792150, 0.34694162, 0.34828719, 0.34937546, 0.34931868, 0.34929833, 0.34929577, 0.12100685
0.10412385, 0.29132172, 0.87405257E-1, 0.12764335, 0.31089485, 1.8529594, 8.1664972, 9.6692295, 9.8155222, 19.870195, 19.862114, 19.859442, 19.859121, 0.25127590, 0.25310817, 0.26852730, 0.33166295, 0.34669110, 0.34815481, 0.34935099, 0.34931058, 0.34929723, 0.34929562, 0.87405257E-1
0.10005808, 0.24222310, 0.72674200E-1, 0.29891729E-1, 0.19419789, 1.5393496, 7.6137567, 9.6817894, 9.8183851, 19.867235, 19.861208, 19.859383, 19.859116, 0.25029871, 0.25194114, 0.26539025, 0.32613435, 0.34681585, 0.34818316, 0.34933618, 0.34930605, 0.34929693, 0.34929559, 0.72674200E-1
0.97654372E-1, 0.21319574, 0.63965119E-1, 0.19561052, 0.49352646E-2, 0.99050999, 6.6387811, 9.5855398, 9.7738419, 19.862673, 19.859970, 19.859163, 19.859058, 0.25195578, 0.25004935, 0.25990459, 0.31638712, 0.34585491, 0.34773824, 0.34931338, 0.34929985, 0.34929582, 0.34929529, 0.63965119E-1
0.93205571E-1, 0.15947163, 0.47846273E-1, 0.0000000, 0.0000000, 0.72385073, 5.8922205, 9.6146421, 9.7825394, 19.859770, 19.859211, 19.859011, 19.859016, 0.24996544, 0.24999771, 0.25723788, 0.30892119, 0.34614557, 0.34782511, 0.34929883, 0.34929606, 0.34929505, 0.34929508, 0.47846273E-1
0.91126397E-1, 0.13436338, 0.40313046E-1, 0.0000000, 0.0000000, 0.42353272, 4.9175177, 9.5548725, 9.7543583, 19.857035, 19.858521, 19.858828, 19.858969, 0.24996544, 0.24999771, 0.25423455, 0.29917338, 0.34554699, 0.34754300, 0.34928519, 0.34929261, 0.34929413, 0.34929484, 0.40313046E-1
0.99979788E-1, 0.24127766, 0.72390541E-1, 0.79412758, 0.0000000, 0.17115176, 3.6797321, 9.4896555, 9.7183142, 19.853861, 19.857670, 19.858578, 19.858892, 0.25793824, 0.24999771, 0.25171131, 0.28679648, 0.34489545, 0.34718275, 0.34926930, 0.34928834, 0.34929287, 0.34929445, 0.72390541E-1
0.12103966, 0.49559852, 0.14869443, 2.4116664, 0.0000000, 0.44205785E-1, 2.9605687, 9.1413908, 9.7180233, 19.851751, 19.857080, 19.858404, 19.858828, 0.27411571, 0.24999771, 0.25044206, 0.27960563, 0.34141380, 0.34718022, 0.34925875, 0.34928539, 0.34929201, 0.34929413, 0.14869443
0.99422880E-1, 0.23455238, 0.70372753E-1, 0.88127851, 0.0000000, 0.0000000, 2.7896733, 8.7531109, 9.7654810, 19.850454, 19.856703, 19.858318, 19.858805, 0.25879857, 0.24999771, 0.24999982, 0.27789402, 0.33752689, 0.34765324, 0.34925228, 0.34928352, 0.34929159, 0.34929401, 0.70372753E-1
0.87808743E-1, 0.94299033E-1, 0.28292539E-1, 0.72151423E-1, 0.0000000, 0.0000000, 2.5118442, 8.1909056, 9.7380266, 19.849428, 19.856441, 19.858236, 19.858757, 0.25072056, 0.24999771, 0.24999982, 0.27511641, 0.33190575, 0.34737897, 0.34924716, 0.34928221, 0.34929118, 0.34929377, 0.28292539E-1
0.86084247E-1, 0.73473893E-1, 0.22044374E-1, 0.0000000, 0.0000000, 0.0000000, 2.0953326, 7.2811155, 9.6800070, 19.849075, 19.856331, 19.858200, 19.858757, 0.24998626, 0.24999771, 0.24999982, 0.27094781, 0.32280159, 0.34679583, 0.34924537, 0.34928167, 0.34929100, 0.34929377, 0.22044374E-1
0.93932524E-1, 0.16825043, 0.50480176E-1, 0.59053600, 0.0000000, 0.0000000, 1.9499272, 6.8366637, 9.7502947, 19.850325, 19.856630, 19.858273, 19.858757, 0.25590017, 0.24999771, 0.24999982, 0.26949823, 0.31836486, 0.34750208, 0.34925163, 0.34928316, 0.34929135, 0.34929377, 0.50480176E-1
0.85073084E-1, 0.61263021E-1, 0.18380744E-1, 0.0000000, 0.0000000, 0.0000000, 1.5564561, 5.9234738, 9.6523285, 19.848284, 19.856085, 19.858166, 19.858709, 0.24967660, 0.24999771, 0.24999982, 0.26556456, 0.30923474, 0.34652328, 0.34924144, 0.34928042, 0.34929082, 0.34929353, 0.18380744E-1
0.86756907E-1, 0.81597030E-1, 0.24481557E-1, 0.16553104, 0.0000000, 0.0000000, 1.2652040, 5.0681930, 9.6553240, 19.848143, 19.856043, 19.858154, 19.858709, 0.25165144, 0.24999771, 0.24999982, 0.26265025, 0.30067834, 0.34655097, 0.34924072, 0.34928021, 0.34929079, 0.34929353, 0.24481557E-1
0.93635060E-1, 0.16465816, 0.49402390E-1, 0.68878233, 0.0000000, 0.0000000, 1.1063516, 4.5309534, 9.7082453, 19.848141, 19.856031, 19.858166, 19.858709, 0.25688657, 0.24999771, 0.24999982, 0.26106340, 0.29530931, 0.34708226, 0.34924072, 0.34928015, 0.34929082, 0.34929353, 0.49402390E-1
0.83611012E-1, 0.43606929E-1, 0.13083387E-1, 0.0000000, 0.0000000, 0.0000000, 0.86555183, 3.7779760, 9.6404810, 19.847630, 19.855902, 19.858120, 19.858709, 0.24975079, 0.24999771, 0.24999982, 0.25865486, 0.28777832, 0.34640360, 0.34923816, 0.34927952, 0.34929061, 0.34929353, 0.13083387E-1
0.83055057E-1, 0.36893148E-1, 0.11069052E-1, 0.0000000, 0.0000000, 0.0000000, 0.61914623, 2.9920907, 9.4505653, 19.847237, 19.855801, 19.858095, 19.858709, 0.24975079, 0.24999771, 0.24999982, 0.25618917, 0.27991539, 0.34449986, 0.34923619, 0.34927899, 0.34929049, 0.34929353, 0.11069052E-1
0.86909905E-1, 0.83444640E-1, 0.25035895E-1, 0.30007958, 0.0000000, 0.0000000, 0.48983693, 2.6946664, 9.1065788, 19.848757, 19.856178, 19.858208, 19.858709, 0.25299433, 0.24999771, 0.24999982, 0.25489774, 0.27694491, 0.34106383, 0.34924379, 0.34928089, 0.34929103, 0.34929353, 0.25035895E-1
0.82618080E-1, 0.31616200E-1, 0.94858082E-2, 0.0000000, 0.0000000, 0.0000000, 0.41670799, 2.5264888, 8.8923578, 19.849609, 19.856396, 19.858242, 19.858709, 0.24963370, 0.24999771, 0.24999982, 0.25416684, 0.27526414, 0.33892268, 0.34924805, 0.34928197, 0.34929121, 0.34929353, 0.94858082E-2
0.82194917E-1, 0.26505999E-1, 0.79525951E-2, 0.0000000, 0.0000000, 0.0000000, 0.24844706, 2.0450087, 8.2796774, 19.848969, 19.856218, 19.858194, 19.858709, 0.24963370, 0.24999771, 0.24999982, 0.25248438, 0.27044976, 0.33279634, 0.34924483, 0.34928110, 0.34929097, 0.34929353, 0.79525951E-2
0.83891287E-1, 0.46991538E-1, 0.14098871E-1, 0.13406277, 0.0000000, 0.0000000, 0.19749105, 1.8750787, 8.0242987, 19.850151, 19.856537, 19.858267, 19.858709, 0.25133643, 0.24999771, 0.24999982, 0.25197455, 0.26874903, 0.33024046, 0.34925076, 0.34928268, 0.34929132, 0.34929353, 0.14098871E-1
0.12635355, 0.55976939, 0.16794762, 1.5585989, 1.4522016, 2.1544456, 2.0252614, 2.7318001, 7.9574113, 19.849829, 19.856466, 19.858231, 19.858709, 0.26558363, 0.26452070, 0.27154347, 0.27025244, 0.27731788, 0.32957399, 0.34924915, 0.34928232, 0.34929115, 0.34929353, 0.16794762
0.10538892, 0.30659890, 0.91988869E-1, 0.59049129, 0.79678595, 1.6647756, 1.8943876, 2.6511371, 7.8632855, 19.847618, 19.855890, 19.858072, 19.858704, 0.25590464, 0.25796762, 0.26664752, 0.26894382, 0.27651134, 0.32863283, 0.34923810, 0.34927946, 0.34929037, 0.34929353, 0.91988869E-1
0.93504012E-1, 0.16307566, 0.48927590E-1, 0.11276603, 0.39077997, 1.2349159, 1.7741323, 2.5706291, 7.7613969, 19.848166, 19.856031, 19.858166, 19.858709, 0.25112665, 0.25390568, 0.26234579, 0.26774037, 0.27570561, 0.32761326, 0.34924084, 0.34928015, 0.34929082, 0.34929353, 0.48927590E-1
0.85948698E-1, 0.71837053E-1, 0.21553271E-1, 0.0000000, 0.24327636E-1, 0.59105456, 1.5279621, 2.3957849, 7.5648956, 19.847225, 19.855787, 19.858084, 19.858709, 0.24979207, 0.25024319, 0.25590932, 0.26527900, 0.27395734, 0.32564846, 0.34923613, 0.34927893, 0.34929043, 0.34929353, 0.21553271E-1
0.83683029E-1, 0.44476625E-1, 0.13344322E-1, 0.0000000, 0.0000000, 0.18322468, 1.2350529, 2.1637888, 7.2941961, 19.847477, 19.855871, 19.858131, 19.858709, 0.24979207, 0.24997063, 0.25183132, 0.26234928, 0.27163678, 0.32294071, 0.34923738, 0.34927934, 0.34929067, 0.34929353, 0.13344322E-1
0.83058521E-1, 0.36934979E-1, 0.11081602E-1, 0.0000000, 0.0000000, 0.86486340E-1, 1.0713637, 2.0161958, 7.0980477, 19.850105, 19.856539, 19.858294, 19.858709, 0.24979207, 0.24997063, 0.25086373, 0.26071081, 0.27015930, 0.32097736, 0.34925053, 0.34928268, 0.34929147, 0.34929353, 0.11081602E-1
0.82312316E-1, 0.27923768E-1, 0.83779683E-2, 0.0000000, 0.0000000, 0.0000000, 0.79357028, 1.7483979, 6.7526665, 19.850168, 19.856539, 19.858294, 19.858709, 0.24979207, 0.24997063, 0.24997792, 0.25793257, 0.26748055, 0.31752226, 0.34925085, 0.34928268, 0.34929147, 0.34929353, 0.83779683E-2
0.10610187, 0.31520846, 0.94572000E-1, 1.7440528, 0.0000000, 0.0000000, 0.62039793, 1.5555054, 6.4749866, 19.851171, 19.856821, 19.858366, 19.858709, 0.26742804, 0.24997063, 0.24997792, 0.25620371, 0.26555473, 0.31474939, 0.34925586, 0.34928411, 0.34929183, 0.34929353, 0.94572000E-1
0.83739989E-1, 0.45164462E-1, 0.13550694E-1, 0.13358295, 0.0000000, 0.0000000, 0.51179528, 1.4503479, 6.3212762, 19.848885, 19.856232, 19.858194, 19.858704, 0.25133583, 0.24997063, 0.24997792, 0.25511795, 0.26450348, 0.31321275, 0.34924442, 0.34928116, 0.34929097, 0.34929353, 0.13550694E-1
0.81606887E-1, 0.19404940E-1, 0.58220644E-2, 0.0000000, 0.0000000, 0.0000000, 0.33762455, 1.2192667, 5.9630227, 19.847931, 19.855965, 19.858131, 19.858709, 0.24970330, 0.24997063, 0.24997792, 0.25337455, 0.26218960, 0.30962521, 0.34923965, 0.34927982, 0.34929067, 0.34929353, 0.58220644E-2
0.81262223E-1, 0.15242708E-1, 0.45732697E-2, 0.0000000, 0.0000000, 0.0000000, 0.16340017, 0.91451406, 5.4239531, 19.846800, 19.855665, 19.858072, 19.858709, 0.24970330, 0.24997063, 0.24997792, 0.25163332, 0.25914323, 0.30423579, 0.34923398, 0.34927833, 0.34929037, 0.34929353, 0.45732697E-2
0.80935679E-1, 0.11299379E-1, 0.33901529E-2, 0.0000000, 0.0000000, 0.0000000, 0.44873357E-1, 0.59642196, 4.7227182, 19.846157, 19.855515, 19.858072, 19.858709, 0.24970330, 0.24997063, 0.24997792, 0.25044852, 0.25596282, 0.29722345, 0.34923080, 0.34927756, 0.34929037, 0.34929353, 0.33901529E-2
0.80696873E-1, 0.84154829E-2, 0.25248975E-2, 0.0000000, 0.0000000, 0.0000000, 0.0000000, 0.34928918, 4.0040879, 19.844580, 19.855118, 19.857979, 19.858698, 0.24970330, 0.24997063, 0.24997792, 0.24999206, 0.25348973, 0.29002875, 0.34922290, 0.34927559, 0.34928989, 0.34929350, 0.25248975E-2
0.80549479E-1, 0.66355839E-2, 0.19908743E-2, 0.0000000, 0.0000000, 0.0000000, 0.0000000, 0.20066500, 3.3835328, 19.844826, 19.855175, 19.858013, 19.858709, 0.24970330, 0.24997063, 0.24997792, 0.24999206, 0.25200227, 0.28381068, 0.34922412, 0.34927589, 0.34929007, 0.34929353, 0.19908743E-2
0.16526091, 1.0000000, 0.30891636, 2.4960339, 2.3534508, 4.7364864, 8.2669296, 8.7525215, 9.2364016, 19.848103, 19.856049, 19.858231, 19.858709, 0.27494934, 0.27352828, 0.29735860, 0.33266711, 0.33752406, 0.34236360, 0.34924051, 0.34928024, 0.34929115, 0.34929353, 0.30891636
0.35600001, 1.0000000, 1.0000000, 9.9999990, 9.9999990, 9.9999990, 9.9999990, 9.9999990, 9.9999990, 19.999998, 19.999998, 19.999998, 19.998999, 0.34999999, 0.34999999, 0.34999999, 0.34999999, 0.34999999, 0.34999999, 0.34999999, 0.34999999, 0.34999999, 0.34999499, 1.0000000
0.35599893, 1.0000000, 0.99999607, 9.9999990, 9.9999990, 9.9999962, 9.9999990, 9.9999990, 9.9999990, 19.999998, 19.999998, 19.999998, 19.998999, 0.34999946, 0.34999967, 0.34999982, 0.34999996, 0.34999996, 0.34999999, 0.34999999, 0.34999999, 0.34999999, 0.34999499, 0.99999607
0.33009523, 1.0000000, 0.90614218, 8.5080519, 9.5113153, 9.7163210, 9.9111509, 9.9539013, 9.9819508, 19.997524, 19.999361, 19.999582, 19.975210, 0.33508050, 0.34511316, 0.34716320, 0.34911150, 0.34953901, 0.34981951, 0.34998763, 0.34999681, 0.34999791, 0.34987605, 0.90614218
0.29988128, 1.0000000, 0.79667133, 6.4181952, 9.4022188, 9.6268396, 9.8424807, 9.9137650, 9.9641018, 19.994350, 19.998533, 19.997776, 19.952789, 0.31417143, 0.34401295, 0.34626365, 0.34842384, 0.34913719, 0.34964088, 0.34997174, 0.34999266, 0.34998888, 0.34976393, 0.79667133
0.35580504, 1.0000000, 0.99929351, 9.9914732, 9.9948902, 9.9974461, 9.9994869, 9.9997463, 9.9999132, 19.999998, 19.999998, 19.999998, 19.994993, 0.34990281, 0.34994176, 0.34997088, 0.34999415, 0.34999710, 0.34999901, 0.34999999, 0.34999999, 0.34999999, 0.34997496, 0.99929351
0.35444194, 1.0000000, 0.99435472, 9.9981050, 9.9285517, 9.7878780, 9.9425182, 9.9705915, 9.9891624, 19.999069, 19.999754, 19.999840, 19.982075, 0.34998059, 0.34928524, 0.34787866, 0.34942517, 0.34970590, 0.34989163, 0.34999534, 0.34999877, 0.34999919, 0.34991038, 0.99435472
0.33804601, 1.0000000, 0.93494928, 9.0248957, 9.6029892, 9.7332001, 9.9070072, 9.9506598, 9.9813280, 19.998486, 19.999605, 19.998739, 19.959164, 0.34024614, 0.34602809, 0.34733111, 0.34906989, 0.34950650, 0.34981325, 0.34999242, 0.34999803, 0.34999371, 0.34979582, 0.93494928
0.34153557, 1.0000000, 0.94759262, 9.2609863, 9.6038656, 9.7778282, 9.9386692, 9.9685802, 9.9882298, 19.998789, 19.999689, 19.999834, 19.982075, 0.34260944, 0.34603840, 0.34777817, 0.34938666, 0.34968579, 0.34988230, 0.34999394, 0.34999844, 0.34999916, 0.34991038, 0.94759262
0.31955844, 1.0000000, 0.86796540, 7.7953606, 9.4565487, 9.6704769, 9.8787336, 9.9353018, 9.9744196, 19.996817, 19.999165, 19.998631, 19.959146, 0.32794297, 0.34455773, 0.34670082, 0.34878653, 0.34935260, 0.34974405, 0.34998408, 0.34999582, 0.34999317, 0.34979573, 0.86796540
0.28076988, 1.0000000, 0.72742712, 5.1124511, 9.3089304, 9.5598717, 9.7985649, 9.8868504, 9.9521980, 19.993044, 19.998178, 19.995209, 19.938301, 0.30111757, 0.34308171, 0.34559482, 0.34798485, 0.34886807, 0.34952185, 0.34996521, 0.34999090, 0.34997603, 0.34969151, 0.72742712
0.24017078, 1.0000000, 0.58032888, 2.9028087, 8.1394367, 9.4756947, 9.7275448, 9.8390589, 9.9279194, 19.989109, 19.997084, 19.988998, 19.920334, 0.27902505, 0.33138925, 0.34475398, 0.34727481, 0.34839028, 0.34927911, 0.34994555, 0.34998542, 0.34994501, 0.34960169, 0.58032888
0.21711470, 1.0000000, 0.49679238, 2.2398829, 6.4452744, 9.5064030, 9.7221460, 9.8283834, 9.9180679, 19.986912, 19.996164, 19.979998, 19.905500, 0.27239686, 0.31444931, 0.34506151, 0.34722096, 0.34828356, 0.34918058, 0.34993455, 0.34998083, 0.34989998, 0.34952751, 0.49679238
0.21012422, 1.0000000, 0.47146457, 2.0760357, 5.8002496, 9.6391306, 9.7764015, 9.8554163, 9.9257164, 19.986328, 19.995214, 19.968611, 19.893700, 0.27075979, 0.30800155, 0.34639055, 0.34776387, 0.34855407, 0.34925714, 0.34993166, 0.34997606, 0.34984306, 0.34946850, 0.47146457
0.21185668, 1.0000000, 0.47774160, 2.1644206, 5.8822007, 9.6013985, 9.7730045, 9.8540983, 9.9241352, 19.984589, 19.993031, 19.955421, 19.884577, 0.27164182, 0.30881810, 0.34601080, 0.34772938, 0.34854066, 0.34924123, 0.34992296, 0.34996516, 0.34977710, 0.34942287, 0.47774160
0.20095265, 1.0000000, 0.43823424, 1.8605202, 5.0722423, 9.6025162, 9.7760859, 9.8557692, 9.9244213, 19.983459, 19.989573, 19.941521, 19.877668, 0.26859945, 0.30071303, 0.34601629, 0.34775904, 0.34855676, 0.34924391, 0.34991729, 0.34994787, 0.34970760, 0.34938833, 0.43823424
0.17919278, 1.0000000, 0.35939413, 1.2119293, 3.5941608, 9.4783516, 9.7153625, 9.8212900, 9.9091730, 19.979670, 19.983631, 19.927647, 19.872482, 0.26211679, 0.28593716, 0.34477767, 0.34715244, 0.34821230, 0.34909153, 0.34989834, 0.34991816, 0.34963822, 0.34936240, 0.35939413
0.16126347, 0.98134476, 0.29443288, 0.65808892, 2.7003527, 8.7916031, 9.6814585, 9.7986193, 9.8971758, 19.975580, 19.975580, 19.914694, 19.868658, 0.25657839, 0.27699733, 0.33790594, 0.34681237, 0.34798506, 0.34897137, 0.34987789, 0.34987789, 0.34957346, 0.34934330, 0.29443288
0.14697973, 0.80885309, 0.24268019, 0.23776591, 2.1724820, 7.8018045, 9.6630535, 9.7850046, 9.8890209, 19.971550, 19.965666, 19.903219, 19.865883, 0.25237709, 0.27172175, 0.32801253, 0.34662917, 0.34784937, 0.34888998, 0.34985775, 0.34982833, 0.34951609, 0.34932941, 0.24268019
0.13959229, 0.71964163, 0.21591409, 0.90903044E-1, 1.8804491, 7.0840449, 9.6905632, 9.7990084, 9.8938532, 19.969269, 19.954784, 19.893606, 19.863907, 0.25090876, 0.26880100, 0.32083386, 0.34690383, 0.34798917, 0.34893823, 0.34984633, 0.34977391, 0.34946802, 0.34931952, 0.21591409
0.17249182, 1.0000000, 0.33511528, 2.1642776, 2.6657014, 6.5434408, 9.7154446, 9.8138971, 9.9001932, 19.966202, 19.942961, 19.885675, 19.862495, 0.27163833, 0.27665374, 0.31543034, 0.34715325, 0.34813839, 0.34900174, 0.34983101, 0.34971482, 0.34942839, 0.34931248, 0.33511528
0.15581086, 0.91549844, 0.27467701, 1.4792144, 2.1822333, 5.7736187, 9.6810236, 9.7951641, 9.8925009, 19.960339, 19.930452, 19.879215, 19.861462, 0.26478827, 0.27181891, 0.30773163, 0.34680870, 0.34795088, 0.34892473, 0.34980169, 0.34965226, 0.34939608, 0.34930730, 0.27467701
0.15656245, 0.92457461, 0.27740014, 1.6237438, 2.1382957, 5.5410495, 9.7649927, 9.8411865, 9.9103632, 19.955492, 19.918949, 19.874285, 19.860779, 0.26623040, 0.27137738, 0.30540329, 0.34764740, 0.34841058, 0.34910321, 0.34977746, 0.34959474, 0.34937143, 0.34930390, 0.27740014
0.15430218, 0.89727956, 0.26921079, 1.7833620, 1.8460840, 5.0511503, 9.7339478, 9.8268414, 9.9054813, 19.947485, 19.907871, 19.870377, 19.860256, 0.26783338, 0.26846069, 0.30051130, 0.34733939, 0.34826839, 0.34905481, 0.34973744, 0.34953934, 0.34935188, 0.34930128, 0.26921079
0.14333066, 0.76478660, 0.22945893, 1.3238758, 1.5622646, 4.5075502, 9.7104559, 9.8134441, 9.8994846, 19.938576, 19.898117, 19.867405, 19.859880, 0.26323679, 0.26562124, 0.29507351, 0.34710369, 0.34813401, 0.34899470, 0.34969288, 0.34949058, 0.34933704, 0.34929940, 0.22945893
0.13465512, 0.66001993, 0.19802578, 0.98637044, 1.3324022, 3.9979475, 9.7061405, 9.8096218, 9.8961334, 19.929127, 19.889843, 19.865171, 19.859592, 0.25986212, 0.26332274, 0.28997755, 0.34706047, 0.34809574, 0.34896117, 0.34964564, 0.34944922, 0.34932587, 0.34929797, 0.19802578
0.12560320, 0.55070806, 0.16522895, 0.64319670, 1.0846287, 3.4558129, 9.6903706, 9.7992506, 9.8893070, 19.918674, 19.882778, 19.863453, 19.859409, 0.25642997, 0.26084426, 0.28455490, 0.34690192, 0.34799159, 0.34889278, 0.34959337, 0.34941390, 0.34931725, 0.34929705, 0.16522895
0.11644764, 0.44014493, 0.13205668, 0.32451451, 0.80274343, 2.9130845, 9.4925156, 9.7681675, 9.8739977, 19.908562, 19.877047, 19.862165, 19.859299, 0.25324413, 0.25802591, 0.27912810, 0.34492338, 0.34768075, 0.34873968, 0.34954280, 0.34938523, 0.34931082, 0.34929651, 0.13205668
0.10678844, 0.32349959, 0.97059585E-1, 0.0000000, 0.47404468, 2.4236588, 8.9923811, 9.7232103, 9.8505354, 19.897869, 19.872152, 19.861162, 19.859222, 0.24998949, 0.25473994, 0.27423528, 0.33992282, 0.34723157, 0.34850517, 0.34948933, 0.34936076, 0.34930581, 0.34929612, 0.97059585E-1
0.10283202, 0.27572140, 0.82724698E-1, 0.0000000, 0.25421977, 2.0134807, 8.4725409, 9.7066422, 9.8383408, 19.888884, 19.868444, 19.860456, 19.859175, 0.24998949, 0.25254211, 0.27013448, 0.33472514, 0.34706628, 0.34838334, 0.34944442, 0.34934223, 0.34930229, 0.34929588, 0.82724698E-1
0.98680228E-1, 0.22558407, 0.67681991E-1, 0.0000000, 0.69189072E-1, 1.5266567, 7.7702622, 9.6612015, 9.8145714, 19.880962, 19.865561, 19.859928, 19.859133, 0.24998949, 0.25069174, 0.26526502, 0.32770103, 0.34661102, 0.34814540, 0.34940481, 0.34932780, 0.34929964, 0.34929568, 0.67681991E-1
0.12476267, 0.54055780, 0.16218357, 2.0014019, 0.0000000, 1.3579786, 7.4165797, 9.7295561, 9.8379631, 19.873091, 19.863020, 19.859476, 19.859070, 0.27001044, 0.24999793, 0.26357907, 0.32416499, 0.34729502, 0.34837946, 0.34936544, 0.34931511, 0.34929737, 0.34929535, 0.16218357
0.11136387, 0.37875283, 0.11363722, 1.1200428, 0.0000000, 1.1383772, 7.0412474, 9.7292957, 9.8373423, 19.865967, 19.860872, 19.859064, 19.858980, 0.26118672, 0.24999793, 0.26137960, 0.32040730, 0.34728938, 0.34837222, 0.34932983, 0.34930438, 0.34929532, 0.34929490, 0.11363722
0.10144783, 0.25900587, 0.77709533E-1, 0.48657656, 0.0000000, 0.93327761, 6.6492300, 9.7203541, 9.8328323, 19.860743, 19.859364, 19.858786, 19.858912, 0.25485560, 0.24999793, 0.25932693, 0.31648394, 0.34719744, 0.34832627, 0.34930372, 0.34929681, 0.34929392, 0.34929454, 0.77709533E-1
0.93582585E-1, 0.16402452, 0.49212277E-1, 0.17169118E-1, 0.0000000, 0.70005059, 6.1445527, 9.6826458, 9.8161364, 19.856514, 19.858198, 19.858566, 19.858833, 0.25017130, 0.24999793, 0.25699577, 0.31143719, 0.34681991, 0.34815913, 0.34928256, 0.34929100, 0.34929281, 0.34929416, 0.49212277E-1
0.91953315E-1, 0.14434926, 0.43309111E-1, 0.0000000, 0.0000000, 0.48395395, 5.5596604, 9.6545353, 9.8017931, 19.853165, 19.857321, 19.858360, 19.858805, 0.24999398, 0.24999793, 0.25483483, 0.30558577, 0.34653595, 0.34801474, 0.34926581, 0.34928662, 0.34929180, 0.34929401, 0.43309111E-1
0.90737879E-1, 0.12967156, 0.38905360E-1, 0.0000000, 0.0000000, 0.30908883, 4.9717150, 9.6457996, 9.7957916, 19.850571, 19.856602, 19.858208, 19.858757, 0.24999398, 0.24999793, 0.25308663, 0.29970348, 0.34644470, 0.34795341, 0.34925285, 0.34928301, 0.34929103, 0.34929377, 0.38905360E-1
0.89503914E-1, 0.11477015, 0.34434490E-1, 0.0000000, 0.0000000, 0.15340447, 4.2785726, 9.6092577, 9.7784805, 19.848633, 19.856100, 19.858131, 19.858709, 0.24999398, 0.24999793, 0.25153276, 0.29277855, 0.34608451, 0.34778208, 0.34924316, 0.34928051, 0.34929067, 0.34929353, 0.34434490E-1
0.88673361E-1, 0.10474030, 0.31425234E-1, 0.0000000, 0.0000000, 0.73114038E-1, 3.6688910, 9.6230431, 9.7833004, 19.848778, 19.856150, 19.858171, 19.858709, 0.24999398, 0.24999793, 0.25073048, 0.28668240, 0.34622186, 0.34783012, 0.34924388, 0.34928074, 0.34929085, 0.34929353, 0.31425234E-1
0.87924987E-1, 0.95702857E-1, 0.28713729E-1, 0.0000000, 0.0000000, 0.59902668E-2, 3.1010962, 9.6212873, 9.7830820, 19.848648, 19.856133, 19.858171, 19.858709, 0.24999398, 0.24999793, 0.25005984, 0.28100595, 0.34620512, 0.34782821, 0.34924322, 0.34928066, 0.34929085, 0.34929353, 0.28713729E-1
0.87587059E-1, 0.91621980E-1, 0.27489344E-1, 0.0000000, 0.0000000, 0.0000000, 2.8429985, 9.3795042, 9.7895718, 19.848671, 19.856150, 19.858171, 19.858709, 0.24999398, 0.24999793, 0.24999876, 0.27842358, 0.34378445, 0.34789202, 0.34924334, 0.34928074, 0.34929085, 0.34929353, 0.27489344E-1
0.87307431E-1, 0.88245191E-1, 0.26476204E-1, 0.0000000, 0.0000000, 0.0000000, 2.6795805, 9.0305929, 9.7881460, 19.848473, 19.856085, 19.858166, 19.858709, 0.24999398, 0.24999793, 0.24999876, 0.27679151, 0.34029871, 0.34787887, 0.34924236, 0.34928042, 0.34929082, 0.34929353, 0.26476204E-1
0.87029867E-1, 0.84893264E-1, 0.25470527E-1, 0.0000000, 0.0000000, 0.0000000, 2.5204926, 8.6782465, 9.7863855, 19.848537, 19.856113, 19.858171, 19.858709, 0.24999398, 0.24999793, 0.24999876, 0.27520236, 0.33677804, 0.34786218, 0.34924269, 0.34928057, 0.34929085, 0.34929353, 0.25470527E-1
0.86734667E-1, 0.81328481E-1, 0.24400985E-1, 0.0000000, 0.0000000, 0.0000000, 2.3574681, 8.2950554, 9.7771235, 19.849539, 19.856390, 19.858213, 19.858709, 0.24999398, 0.24999793, 0.24999876, 0.27357039, 0.33294302, 0.34776828, 0.34924769, 0.34928197, 0.34929106, 0.34929353, 0.24400985E-1
0.86478934E-1, 0.78240186E-1, 0.23474405E-1, 0.0000000, 0.0000000, 0.0000000, 2.2213876, 7.9473882, 9.7805128, 19.850670, 19.856663, 19.858288, 19.858709, 0.24999398, 0.24999793, 0.24999876, 0.27221206, 0.32947063, 0.34780380, 0.34925336, 0.34928331, 0.34929144, 0.34929353, 0.23474405E-1
0.11010560, 0.36355782, 0.10907826, 1.7173588, 0.0000000, 0.0000000, 2.1942525, 7.8282204, 9.8299913, 19.851326, 19.856855, 19.858335, 19.858709, 0.26716769, 0.24999793, 0.24999876, 0.27194208, 0.32828140, 0.34829959, 0.34925663, 0.34928429, 0.34929168, 0.34929353, 0.10907826
0.10298920, 0.27761963, 0.83294220E-1, 1.2094080, 0.0000000, 0.0000000, 2.1399200, 7.7015405, 9.8414497, 19.850706, 19.856691, 19.858294, 19.858709, 0.26208046, 0.24999793, 0.24999876, 0.27139774, 0.32701281, 0.34841338, 0.34925354, 0.34928346, 0.34929147, 0.34929353, 0.83294220E-1
0.93036763E-1, 0.15743308, 0.47234647E-1, 0.49950182, 0.0000000, 0.0000000, 2.0394504, 7.5141044, 9.8282051, 19.848585, 19.856150, 19.858154, 19.858709, 0.25498646, 0.24999793, 0.24999876, 0.27039242, 0.32513717, 0.34828037, 0.34924293, 0.34928074, 0.34929079, 0.34929353, 0.47234647E-1
0.85891835E-1, 0.71150295E-1, 0.21347223E-1, 0.0000000, 0.0000000, 0.0000000, 1.8855155, 7.1985793, 9.7915478, 19.847012, 19.855736, 19.858061, 19.858709, 0.24999981, 0.24999793, 0.24999876, 0.26885045, 0.32197678, 0.34791139, 0.34923506, 0.34927869, 0.34929031, 0.34929353, 0.21347223E-1
0.85538827E-1, 0.66887408E-1, 0.20068230E-1, 0.0000000, 0.0000000, 0.0000000, 1.6881764, 6.7533517, 9.7542572, 19.845373, 19.855293, 19.857979, 19.858704, 0.24999981, 0.24999793, 0.24999876, 0.26687643, 0.31752285, 0.34753743, 0.34922686, 0.34927648, 0.34928989, 0.34929353, 0.20068230E-1
0.85212253E-1, 0.62943660E-1, 0.18884987E-1, 0.0000000, 0.0000000, 0.0000000, 1.5151680, 6.3142452, 9.7462730, 19.844549, 19.855053, 19.857943, 19.858709, 0.24999981, 0.24999793, 0.24999876, 0.26514414, 0.31312674, 0.34745464, 0.34922275, 0.34927526, 0.34928972, 0.34929353, 0.18884987E-1
0.84885068E-1, 0.58992501E-1, 0.17699521E-1, 0.0000000, 0.0000000, 0.0000000, 1.3456851, 5.8639784, 9.7389393, 19.843752, 19.854866, 19.857895, 19.858704, 0.24999981, 0.24999793, 0.24999876, 0.26345253, 0.30863035, 0.34738418, 0.34921876, 0.34927434, 0.34928948, 0.34929353, 0.17699521E-1
0.84558770E-1, 0.55052161E-1, 0.16517300E-1, 0.0000000, 0.0000000, 0.0000000, 1.1830032, 5.4037099, 9.7314663, 19.843307, 19.854757, 19.857861, 19.858709, 0.24999981, 0.24999793, 0.24999876, 0.26182580, 0.30402744, 0.34730884, 0.34921652, 0.34927380, 0.34928930, 0.34929353, 0.16517300E-1
0.84302880E-1, 0.51961992E-1, 0.15590157E-1, 0.0000000, 0.0000000, 0.0000000, 1.0578871, 5.0307145, 9.7475338, 19.842972, 19.854650, 19.857838, 19.858709, 0.24999981, 0.24999793, 0.24999876, 0.26057431, 0.30029631, 0.34746835, 0.34921485, 0.34927326, 0.34928918, 0.34929353, 0.15590157E-1
0.84024824E-1, 0.48604153E-1, 0.14582705E-1, 0.0000000, 0.0000000, 0.0000000, 0.91803372, 4.6416340, 9.7406178, 19.841581, 19.854273, 19.857731, 19.858698, 0.24999981, 0.24999793, 0.24999876, 0.25917491, 0.29640266, 0.34739661, 0.34920791, 0.34927136, 0.34928864, 0.34929350, 0.14582705E-1
0.83728537E-1, 0.45026198E-1, 0.13509210E-1, 0.0000000, 0.0000000, 0.0000000, 0.77400506, 4.2182007, 9.7270555, 19.840250, 19.853916, 19.857649, 19.858698, 0.24999981, 0.24999793, 0.24999876, 0.25773558, 0.29216984, 0.34726119, 0.34920126, 0.34926957, 0.34928825, 0.34929350, 0.13509210E-1
0.83434679E-1, 0.41477475E-1, 0.12444488E-1, 0.0000000, 0.0000000, 0.0000000, 0.63665509, 3.7855208, 9.7177849, 19.839096, 19.853590, 19.857592, 19.858698, 0.24999981, 0.24999793, 0.24999876, 0.25636351, 0.28784618, 0.34717014, 0.34919548, 0.34926796, 0.34928796, 0.34929350, 0.12444488E-1
0.83120279E-1, 0.37680764E-1, 0.11305360E-1, 0.0000000, 0.0000000, 0.0000000, 0.49937367, 3.3073754, 9.6977386, 19.838182, 19.853355, 19.857542, 19.858692, 0.24999981, 0.24999793, 0.24999876, 0.25499094, 0.28306442, 0.34696829, 0.34919092, 0.34926677, 0.34928772, 0.34929347, 0.11305360E-1
0.82853995E-1, 0.34465075E-1, 0.10340557E-1, 0.0000000, 0.0000000, 0.0000000, 0.37830174, 2.9461532, 9.5785341, 19.837696, 19.853226, 19.857561, 19.858698, 0.24999981, 0.24999793, 0.24999876, 0.25378042, 0.27945140, 0.34577438, 0.34918848, 0.34926611, 0.34928781, 0.34929350, 0.10340557E-1
0.82637928E-1, 0.31855892E-1, 0.95577240E-2, 0.0000000, 0.0000000, 0.0000000, 0.26981831, 2.7260752, 9.3229132, 19.837318, 19.853107, 19.857561, 19.858698, 0.24999981, 0.24999793, 0.24999876, 0.25269648, 0.27725211, 0.34321925, 0.34918660, 0.34926555, 0.34928781, 0.34929350, 0.95577240E-2
0.82451716E-1, 0.29607197E-1, 0.88830478E-2, 0.0000000, 0.0000000, 0.0000000, 0.18465519, 2.5279701, 9.0790291, 19.837883, 19.853281, 19.857624, 19.858709, 0.24999981, 0.24999793, 0.24999876, 0.25184518, 0.27527028, 0.34077901, 0.34918940, 0.34926641, 0.34928811, 0.34929353, 0.88830478E-2
0.82252584E-1, 0.27202429E-1, 0.81615448E-2, 0.0000000, 0.0000000, 0.0000000, 0.10877848, 2.2972286, 8.7824488, 19.838642, 19.853504, 19.857649, 19.858704, 0.24999981, 0.24999793, 0.24999876, 0.25108707, 0.27296460, 0.33781469, 0.34919322, 0.34926751, 0.34928825, 0.34929353, 0.81615448E-2
0.82116120E-1, 0.25554482E-1, 0.76671112E-2, 0.0000000, 0.0000000, 0.0000000, 0.61592460E-1, 2.1365881, 8.5572271, 19.840450, 19.853981, 19.857759, 19.858709, 0.24999981, 0.24999793, 0.24999876, 0.25061563, 0.27136093, 0.33556566, 0.34920225, 0.34926990, 0.34928879, 0.34929353, 0.76671112E-2
0.81944875E-1, 0.23486536E-1, 0.70466655E-2, 0.0000000, 0.0000000, 0.0000000, 0.71197748E-2, 1.9295245, 8.2633877, 19.840809, 19.854074, 19.857744, 19.858709, 0.24999981, 0.24999793, 0.24999876, 0.25007117, 0.26929224, 0.33262959, 0.34920403, 0.34927037, 0.34928873, 0.34929353, 0.70466655E-2
0.81823453E-1, 0.22020156E-1, 0.66067073E-2, 0.0000000, 0.0000000, 0.0000000, 0.0000000, 1.7447948, 7.9802451, 19.841957, 19.854368, 19.857807, 19.858709, 0.24999981, 0.24999793, 0.24999876, 0.24999955, 0.26744527, 0.32979834, 0.34920979, 0.34927183, 0.34928903, 0.34929353, 0.66067073E-2
0.81719711E-1, 0.20767445E-1, 0.62308568E-2, 0.0000000, 0.0000000, 0.0000000, 0.0000000, 1.5810102, 7.7199531, 19.841858, 19.854351, 19.857784, 19.858709, 0.24999981, 0.24999793, 0.24999876, 0.24999955, 0.26580736, 0.32719505, 0.34920928, 0.34927174, 0.34928891, 0.34929353, 0.62308568E-2
0.81630573E-1, 0.19690949E-1, 0.59078755E-2, 0.0000000, 0.0000000, 0.0000000, 0.0000000, 1.4425069, 7.4911804, 19.841225, 19.854193, 19.857714, 19.858698, 0.24999981, 0.24999793, 0.24999876, 0.24999955, 0.26441884, 0.32490098, 0.34920612, 0.34927097, 0.34928858, 0.34929350, 0.59078755E-2
0.81526741E-1, 0.18437099E-1, 0.55316826E-2, 0.0000000, 0.0000000, 0.0000000, 0.0000000, 1.2841582, 7.2118483, 19.841003, 19.854103, 19.857702, 19.858698, 0.24999981, 0.24999793, 0.24999876, 0.24999955, 0.26283962, 0.32211480, 0.34920502, 0.34927052, 0.34928852, 0.34929350, 0.55316826E-2
0.85024253E-1, 0.60673367E-1, 0.18203830E-1, 0.25657415, 0.0000000, 0.0000000, 0.0000000, 1.2409151, 7.1163421, 19.843311, 19.854710, 19.857855, 19.858709, 0.25255692, 0.24999793, 0.24999876, 0.24999955, 0.26240787, 0.32116097, 0.34921655, 0.34927356, 0.34928927, 0.34929353, 0.18203830E-1
0.82661144E-1, 0.32136217E-1, 0.96418299E-2, 0.86754560E-1, 0.0000000, 0.0000000, 0.0000000, 1.1998534, 7.0250721, 19.844978, 19.855169, 19.857985, 19.858709, 0.25086594, 0.24999793, 0.24999876, 0.24999955, 0.26199785, 0.32024941, 0.34922490, 0.34927586, 0.34928992, 0.34929353, 0.96418299E-2
0.81399374E-1, 0.16898975E-1, 0.50701993E-2, 0.0000000, 0.0000000, 0.0000000, 0.0000000, 1.1011899, 6.8379769, 19.843901, 19.854912, 19.857931, 19.858704, 0.24991454, 0.24999793, 0.24999876, 0.24999955, 0.26100963, 0.31837508, 0.34921950, 0.34927458, 0.34928966, 0.34929353, 0.50701993E-2
0.81317350E-1, 0.15908469E-1, 0.47730180E-2, 0.0000000, 0.0000000, 0.0000000, 0.0000000, 0.98073483, 6.6065345, 19.841782, 19.854368, 19.857788, 19.858683, 0.24991454, 0.24999793, 0.24999876, 0.24999955, 0.25980219, 0.31605378, 0.34920889, 0.34927183, 0.34928894, 0.34929341, 0.47730180E-2
0.81239387E-1, 0.14966990E-1, 0.44905460E-2, 0.0000000, 0.0000000, 0.0000000, 0.0000000, 0.86878538, 6.3788266, 19.840145, 19.853928, 19.857685, 19.858709, 0.24991454, 0.24999793, 0.24999876, 0.24999955, 0.25868008, 0.31377068, 0.34920067, 0.34926960, 0.34928843, 0.34929353, 0.44905460E-2
0.12230587, 0.51088941, 0.15328215, 2.9802203, 0.0000000, 0.0000000, 0.0000000, 0.83308220, 6.2824020, 19.842781, 19.854605, 19.857861, 19.858709, 0.27977827, 0.24999793, 0.24999876, 0.24999955, 0.25833061, 0.31282350, 0.34921390, 0.34927303, 0.34928930, 0.34929353, 0.15328215
0.20849431, 1.0000000, 0.46555907, 2.4952030, 5.7870483, 8.0792227, 9.0782118, 9.3192234, 9.5734777, 19.845072, 19.855213, 19.858025, 19.858709, 0.27495193, 0.30787033, 0.33079213, 0.34078208, 0.34319222, 0.34573478, 0.34922534, 0.34927607, 0.34929013, 0.34929353, 0.46555907
0.18066898, 1.0000000, 0.36474270, 1.9016653, 2.9684753, 8.8540821, 9.4928389, 9.6299248, 9.7632179, 19.845131, 19.855219, 19.858036, 19.858709, 0.26901555, 0.27968371, 0.33853927, 0.34492806, 0.34629905, 0.34763211, 0.34922564, 0.34927610, 0.34929019, 0.34929353, 0.36474270
0.17444600, 1.0000000, 0.34219563, 1.7031521, 2.8235078, 8.2600803, 9.6479225, 9.7401123, 9.8250532, 19.847187, 19.855780, 19.858189, 19.858709, 0.26702812, 0.27823171, 0.33259588, 0.34647807, 0.34740055, 0.34825033, 0.34923595, 0.34927890, 0.34929094, 0.34929353, 0.34219563
0.15895943, 0.95352089, 0.28608489, 1.1170805, 2.3585529, 7.3991208, 9.6480541, 9.7515507, 9.8362484, 19.846569, 19.855619, 19.858107, 19.858709, 0.26117063, 0.27358529, 0.32399085, 0.34648046, 0.34751546, 0.34836245, 0.34923285, 0.34927809, 0.34929055, 0.34929353, 0.28608489
0.14693621, 0.80832738, 0.24252248, 0.66638589, 2.0005374, 6.7074370, 9.6683950, 9.7666702, 9.8440990, 19.845987, 19.855478, 19.858072, 19.858709, 0.25666374, 0.27000517, 0.31707403, 0.34668386, 0.34766665, 0.34844097, 0.34922993, 0.34927738, 0.34929037, 0.34929353, 0.24252248
0.15184700, 0.86763060, 0.26031521, 1.2354970, 1.8338203, 6.3183322, 9.7203646, 9.7973537, 9.8570204, 19.846800, 19.855690, 19.858166, 19.858709, 0.26235154, 0.26833513, 0.31317803, 0.34720200, 0.34797272, 0.34856993, 0.34923398, 0.34927845, 0.34929082, 0.34929353, 0.26031521
0.18106179, 1.0000000, 0.36616591, 2.4484987, 3.4969125, 5.9970012, 9.7437057, 9.8122368, 9.8631163, 19.846964, 19.855749, 19.858154, 19.858709, 0.27448469, 0.28496888, 0.30996981, 0.34743699, 0.34812233, 0.34863117, 0.34923482, 0.34927875, 0.34929079, 0.34929353, 0.36616591
0.16663733, 1.0000000, 0.31390333, 2.0239501, 2.0458670, 6.8318081, 9.7425776, 9.8130159, 9.8637533, 19.846916, 19.855719, 19.858143, 19.858709, 0.27023637, 0.27045676, 0.31831491, 0.34742486, 0.34812972, 0.34863737, 0.34923458, 0.34927860, 0.34929073, 0.34929353, 0.31390333
0.15587768, 0.91630530, 0.27491909, 1.5507728, 1.7767042, 6.3522840, 9.7252045, 9.8041868, 9.8608255, 19.846836, 19.855713, 19.858143, 19.858709, 0.26550582, 0.26776573, 0.31352049, 0.34725133, 0.34804150, 0.34860814, 0.34923416, 0.34927857, 0.34929073, 0.34929353, 0.27491909
0.14108881, 0.73771387, 0.22133631, 0.90953708, 1.3924122, 5.6972136, 9.6833382, 9.7805252, 9.8510189, 19.844978, 19.855230, 19.858002, 19.858709, 0.25909376, 0.26392263, 0.30696911, 0.34683233, 0.34780473, 0.34851003, 0.34922490, 0.34927616, 0.34929001, 0.34929353, 0.22133631
0.12681641, 0.56535900, 0.16962466, 0.32946467, 1.0100573, 4.9570584, 9.6529131, 9.7616930, 9.8428268, 19.843294, 19.854794, 19.857901, 19.858698, 0.25329304, 0.26009762, 0.29956332, 0.34652629, 0.34761551, 0.34842780, 0.34921646, 0.34927398, 0.34928951, 0.34929350, 0.16962466
0.11682718, 0.44472826, 0.13343182, 0.0000000, 0.68703592, 4.2881956, 9.6509342, 9.7589388, 9.8406296, 19.841940, 19.854416, 19.857796, 19.858692, 0.24998106, 0.25686869, 0.29287675, 0.34650698, 0.34758818, 0.34840590, 0.34920970, 0.34927207, 0.34928897, 0.34929347, 0.13343182
0.11236500, 0.39084259, 0.11726450, 0.0000000, 0.44054389, 3.7012031, 9.6614132, 9.7642479, 9.8425064, 19.841822, 19.854368, 19.857771, 19.858709, 0.24998106, 0.25440329, 0.28700304, 0.34660941, 0.34764010, 0.34842426, 0.34920910, 0.34927183, 0.34928885, 0.34929353, 0.11726450
0.10824512, 0.34109050, 0.10233738, 0.0000000, 0.21664798, 3.1525092, 9.6653700, 9.7665672, 9.8433781, 19.841715, 19.854347, 19.857759, 19.858709, 0.24998106, 0.25216538, 0.28151700, 0.34664875, 0.34766316, 0.34843296, 0.34920856, 0.34927174, 0.34928879, 0.34929353, 0.10233738
0.10524894, 0.30490839, 0.91481671E-1, 0.0000000, 0.42071939E-1, 2.8102369, 9.5012312, 9.7683716, 9.8445749, 19.842276, 19.854477, 19.857784, 19.858709, 0.24998106, 0.25042051, 0.27809557, 0.34500772, 0.34768137, 0.34844494, 0.34921139, 0.34927237, 0.34928891, 0.34929353, 0.91481671E-1
0.10313764, 0.27941221, 0.83832048E-1, 0.0000000, 0.0000000, 2.4613678, 9.1276693, 9.7424860, 9.8339396, 19.840862, 19.854086, 19.857683, 19.858688, 0.24998106, 0.24999201, 0.27461246, 0.34127581, 0.34742439, 0.34833923, 0.34920430, 0.34927043, 0.34928840, 0.34929344, 0.83832048E-1
0.10149758, 0.25960669, 0.77889800E-1, 0.0000000, 0.0000000, 2.1426499, 8.7466125, 9.7323875, 9.8286800, 19.839247, 19.853643, 19.857571, 19.858675, 0.24998106, 0.24999201, 0.27142501, 0.33746490, 0.34732318, 0.34828657, 0.34919623, 0.34926823, 0.34928787, 0.34929338, 0.77889800E-1
0.99755466E-1, 0.23856869, 0.71577765E-1, 0.0000000, 0.0000000, 1.8095940, 8.3202763, 9.7182770, 9.8221149, 19.837759, 19.853231, 19.857506, 19.858683, 0.24998106, 0.24999201, 0.26808766, 0.33319515, 0.34717834, 0.34821966, 0.34918880, 0.34926617, 0.34928754, 0.34929341, 0.71577765E-1
0.99078283E-1, 0.23039103, 0.69124222E-1, 0.0000000, 0.0000000, 1.6922295, 8.0633430, 9.7602644, 9.8400803, 19.841120, 19.854128, 19.857771, 19.858709, 0.24998106, 0.24999201, 0.26691714, 0.33062854, 0.34759966, 0.34839982, 0.34920561, 0.34927064, 0.34928885, 0.34929353, 0.69124222E-1
0.13950811, 0.71862507, 0.21560909, 2.3529112, 0.98461211, 1.6660929, 7.9334226, 9.8073263, 9.8600187, 19.844690, 19.855087, 19.858007, 19.858709, 0.27352789, 0.25984582, 0.26666066, 0.32933399, 0.34807312, 0.34860012, 0.34922343, 0.34927544, 0.34929004, 0.34929353, 0.21560909
0.18790185, 1.0000000, 0.39094874, 2.4025674, 4.0006075, 6.8403096, 9.5065126, 9.8295164, 9.8699703, 19.847176, 19.855749, 19.858189, 19.858709, 0.27402553, 0.29000592, 0.31840298, 0.34506509, 0.34829512, 0.34869969, 0.34923589, 0.34927875, 0.34929094, 0.34929353, 0.39094874
0.35599953, 1.0000000, 0.99999827, 9.9999990, 9.9999990, 9.9999990, 9.9999990, 9.9999990, 9.9999990, 19.999998, 19.999998, 19.999998, 19.998999, 0.34999976, 0.34999985, 0.34999993, 0.34999999, 0.34999999, 0.34999999, 0.34999999, 0.34999999, 0.34999999, 0.34999499, 0.99999827
0.35599947, 1.0000000, 0.99999797, 9.9999962, 9.9999962, 9.9999990, 9.9999990, 9.9999990, 9.9999990, 19.999998, 19.999998, 19.999998, 19.998999, 0.34999973, 0.34999982, 0.34999990, 0.34999996, 0.34999999, 0.34999999, 0.34999999, 0.34999999, 0.34999999, 0.34999499, 0.99999797
0.34676224, 1.0000000, 0.96652979, 9.5427485, 9.7252111, 9.8517437, 9.9638462, 9.9816818, 9.9934387, 19.999569, 19.999886, 19.999922, 19.984056, 0.34542736, 0.34725201, 0.34851742, 0.34963846, 0.34981683, 0.34993440, 0.34999785, 0.34999943, 0.34999961, 0.34992027, 0.96652979
0.33272123, 1.0000000, 0.91565651, 8.6585579, 9.5630302, 9.7438765, 9.9191494, 9.9578686, 9.9840717, 19.998466, 19.999605, 19.998907, 19.961004, 0.33658469, 0.34562969, 0.34743845, 0.34919143, 0.34957865, 0.34984070, 0.34999233, 0.34999803, 0.34999454, 0.34980503, 0.91565651
0.32593250, 1.0000000, 0.89105976, 8.1245775, 9.6237202, 9.7676945, 9.9007978, 9.9460678, 9.9776402, 19.996571, 19.999111, 19.995842, 19.939978, 0.33124492, 0.34623662, 0.34767663, 0.34900790, 0.34946063, 0.34977639, 0.34998286, 0.34999555, 0.34997922, 0.34969988, 0.89105976
0.31383720, 1.0000000, 0.84723622, 7.2731571, 9.5969229, 9.7462816, 9.8747969, 9.9295454, 9.9684181, 19.993570, 19.998297, 19.989962, 19.921741, 0.32272825, 0.34596661, 0.34746152, 0.34874770, 0.34929529, 0.34968412, 0.34996784, 0.34999150, 0.34994981, 0.34960872, 0.84723622
0.30225945, 1.0000000, 0.80528778, 6.4425235, 9.5903521, 9.7363176, 9.8584175, 9.9175262, 9.9608488, 19.990698, 19.997299, 19.981150, 19.906660, 0.31442216, 0.34590077, 0.34736177, 0.34858391, 0.34917513, 0.34960842, 0.34995347, 0.34998649, 0.34990576, 0.34953329, 0.80528778
0.27168500, 1.0000000, 0.69451088, 4.4119511, 9.3653612, 9.5899019, 9.7843695, 9.8730841, 9.9381285, 19.983637, 19.994728, 19.969519, 19.894501, 0.29411668, 0.34365001, 0.34589717, 0.34784332, 0.34873065, 0.34938121, 0.34991819, 0.34997365, 0.34984758, 0.34947249, 0.69451088
0.23942201, 1.0000000, 0.57761592, 2.7550907, 8.2797079, 9.5071716, 9.7256956, 9.8332634, 9.9162989, 19.976360, 19.991148, 19.956062, 19.885101, 0.27754903, 0.33279368, 0.34506980, 0.34725657, 0.34833243, 0.34916294, 0.34988180, 0.34995574, 0.34978032, 0.34942549, 0.57761592
0.21077426, 1.0000000, 0.47381973, 1.7642260, 6.4956841, 9.4686394, 9.6895447, 9.8057318, 9.8991156, 19.968929, 19.986050, 19.941780, 19.877945, 0.26764095, 0.31495395, 0.34468430, 0.34689504, 0.34805712, 0.34899110, 0.34984463, 0.34993026, 0.34970891, 0.34938973, 0.47381973
0.18697515, 1.0000000, 0.38759112, 1.1024207, 4.7338476, 9.4533339, 9.6792803, 9.7950964, 9.8920546, 19.965096, 19.980082, 19.927866, 19.872665, 0.26102290, 0.29733512, 0.34452999, 0.34679213, 0.34795061, 0.34892043, 0.34982547, 0.34990042, 0.34963933, 0.34936333, 0.38759112
0.16513985, 1.0000000, 0.30847773, 0.55669844, 3.0188785, 9.4310360, 9.6651516, 9.7846842, 9.8860025, 19.961620, 19.972200, 19.914913, 19.868788, 0.25556678, 0.28018814, 0.34430930, 0.34665132, 0.34784672, 0.34886000, 0.34980810, 0.34986100, 0.34957457, 0.34934396, 0.30847773
0.15443388, 0.89886981, 0.26968792, 0.23069382, 2.6063352, 8.7503347, 9.6907072, 9.7981987, 9.8904209, 19.958876, 19.962692, 19.903458, 19.865976, 0.25230679, 0.27606234, 0.33750162, 0.34690669, 0.34798181, 0.34890413, 0.34979439, 0.34981346, 0.34951729, 0.34932989, 0.26968792
0.14349532, 0.76677513, 0.23005554, 0.0000000, 2.0621390, 7.9719725, 9.6708851, 9.7864466, 9.8821545, 19.950392, 19.950293, 19.893364, 19.863871, 0.24998185, 0.27061784, 0.32971284, 0.34670717, 0.34786361, 0.34882125, 0.34975195, 0.34975147, 0.34946683, 0.34931934, 0.23005554
0.13702483, 0.68863690, 0.20661174, 0.0000000, 1.6274244, 7.2975893, 9.6788025, 9.7892437, 9.8809280, 19.942322, 19.937338, 19.885090, 19.862366, 0.24998185, 0.26619101, 0.32292470, 0.34676468, 0.34788054, 0.34880346, 0.34971064, 0.34968644, 0.34942538, 0.34931180, 0.20661174
0.13054982, 0.61044401, 0.18315151, 0.0000000, 1.2168080, 6.5364799, 9.6675940, 9.7822037, 9.8773146, 19.934641, 19.924566, 19.878496, 19.861307, 0.24998185, 0.26216608, 0.31535941, 0.34667432, 0.34782124, 0.34877288, 0.34967321, 0.34962285, 0.34939247, 0.34930652, 0.18315151
0.12512468, 0.54492950, 0.16349520, 0.0000000, 0.87185502, 5.9136090, 9.6786213, 9.7876596, 9.8776865, 19.925858, 19.912306, 19.873299, 19.860544, 0.24998185, 0.25871611, 0.30912781, 0.34678349, 0.34787524, 0.34877643, 0.34962928, 0.34956151, 0.34936649, 0.34930271, 0.16349520
0.11638297, 0.43936393, 0.13182236, 0.0000000, 0.29158294, 4.9975262, 9.6187353, 9.7519150, 9.8582754, 19.910711, 19.899715, 19.868948, 19.859926, 0.24998185, 0.25284210, 0.29992783, 0.34616446, 0.34750748, 0.34857714, 0.34955266, 0.34949833, 0.34934467, 0.34929961, 0.13182236
0.10985582, 0.36054152, 0.10817327, 0.0000000, 0.0000000, 3.9969158, 9.5861187, 9.7284403, 9.8433533, 19.895866, 19.888693, 19.865614, 19.859503, 0.24998185, 0.24999449, 0.28993779, 0.34584543, 0.34727639, 0.34842974, 0.34947875, 0.34944332, 0.34932804, 0.34929752, 0.10817327
0.10561446, 0.30932245, 0.92806019E-1, 0.0000000, 0.0000000, 2.9940753, 9.4899483, 9.7065592, 9.8302593, 19.883018, 19.879753, 19.863173, 19.859217, 0.24998185, 0.24999449, 0.27991155, 0.34488368, 0.34705755, 0.34829891, 0.34941456, 0.34939861, 0.34931582, 0.34929609, 0.92806019E-1
0.10281857, 0.27555904, 0.82675979E-1, 0.0000000, 0.0000000, 2.4357080, 8.9036102, 9.6861477, 9.8195276, 19.874174, 19.873190, 19.861536, 19.859070, 0.24998185, 0.24999449, 0.27435178, 0.33903223, 0.34685937, 0.34819457, 0.34937087, 0.34936595, 0.34930769, 0.34929535, 0.82675979E-1
0.10090751, 0.25248089, 0.75751849E-1, 0.0000000, 0.0000000, 2.0686536, 8.4192724, 9.7030163, 9.8250313, 19.868618, 19.868603, 19.860497, 19.858969, 0.24998185, 0.24999449, 0.27068499, 0.33419147, 0.34702945, 0.34825009, 0.34934309, 0.34934300, 0.34930247, 0.34929484, 0.75751849E-1
0.98531984E-1, 0.22379388, 0.67144878E-1, 0.0000000, 0.0000000, 1.6165048, 7.8263946, 9.6757135, 9.8120193, 19.861792, 19.864563, 19.859625, 19.858845, 0.24998185, 0.24999449, 0.26616427, 0.32826319, 0.34675670, 0.34812003, 0.34930897, 0.34932283, 0.34929812, 0.34929422, 0.67144878E-1
0.97156838E-1, 0.20718743, 0.62162448E-1, 0.0000000, 0.0000000, 1.3714105, 7.3756618, 9.7043581, 9.8230400, 19.859303, 19.862322, 19.859182, 19.858805, 0.24998185, 0.24999449, 0.26371217, 0.32375455, 0.34704220, 0.34822994, 0.34929651, 0.34931162, 0.34929591, 0.34929401, 0.62162448E-1
0.12878822, 0.58917075, 0.17676890, 2.3190558, 0.0000000, 1.3146758, 7.1700392, 9.7756681, 9.8519907, 19.858763, 19.861067, 19.859001, 19.858805, 0.27318987, 0.24999449, 0.26314664, 0.32170027, 0.34775659, 0.34851989, 0.34929383, 0.34930533, 0.34929502, 0.34929401, 0.17676890
0.16089299, 0.97687089, 0.29309058, 2.3230731, 2.8739572, 2.9121490, 9.1281099, 9.8160629, 9.8691969, 19.858376, 19.860231, 19.858908, 19.858805, 0.27322984, 0.27873889, 0.27912116, 0.34128091, 0.34816051, 0.34869194, 0.34929186, 0.34930116, 0.34929454, 0.34929401, 0.29309058
0.15544929, 0.91113204, 0.27336696, 2.0594211, 2.7096212, 2.8280556, 9.0028076, 9.8275938, 9.8742418, 19.857237, 19.859411, 19.858772, 19.858805, 0.27059415, 0.27709615, 0.27828053, 0.34002805, 0.34827593, 0.34874243, 0.34928620, 0.34929705, 0.34929386, 0.34929401, 0.27336696
0.14570135, 0.79341513, 0.23804834, 1.6008854, 2.3974419, 2.6634903, 8.8250389, 9.8133888, 9.8689327, 19.855402, 19.858587, 19.858589, 19.858805, 0.26600870, 0.27397430, 0.27663484, 0.33825034, 0.34813386, 0.34868932, 0.34927702, 0.34929293, 0.34929293, 0.34929401, 0.23804834
0.13758102, 0.69535339, 0.20862688, 1.2288690, 2.1287708, 2.5161595, 8.6470270, 9.8086195, 9.8668385, 19.854162, 19.858027, 19.858471, 19.858805, 0.26228765, 0.27128664, 0.27516097, 0.33646983, 0.34808594, 0.34866831, 0.34927082, 0.34929013, 0.34929234, 0.34929401, 0.20862688
0.12552869, 0.54980850, 0.16495904, 0.69291294, 1.7134577, 2.2766888, 8.3906059, 9.7807932, 9.8552399, 19.851635, 19.857189, 19.858284, 19.858757, 0.25692812, 0.26713309, 0.27276590, 0.33390531, 0.34780753, 0.34855226, 0.34925818, 0.34928596, 0.34929141, 0.34929377, 0.16495904
0.11861251, 0.46628797, 0.13990039, 0.39329231, 1.4709085, 2.1301718, 8.1825819, 9.7892218, 9.8576021, 19.850821, 19.856895, 19.858242, 19.858757, 0.25393263, 0.26470840, 0.27130121, 0.33182544, 0.34789199, 0.34857592, 0.34925410, 0.34928447, 0.34929121, 0.34929377, 0.13990039
0.11254668, 0.39303651, 0.11792275, 0.21313429, 1.1628240, 1.9331515, 7.9335489, 9.7762651, 9.8520164, 19.849340, 19.856421, 19.858171, 19.858757, 0.25213099, 0.26162708, 0.26933056, 0.32933471, 0.34776217, 0.34852001, 0.34924671, 0.34928209, 0.34929085, 0.34929377, 0.11792275
0.10610969, 0.31530285, 0.94600320E-1, 0.0000000, 0.86525679, 1.7368466, 7.6720209, 9.7695799, 9.8482180, 19.847589, 19.855902, 19.858072, 19.858709, 0.24998315, 0.25865161, 0.26736751, 0.32671937, 0.34769526, 0.34848201, 0.34923795, 0.34927952, 0.34929037, 0.34929353, 0.94600320E-1
0.10342705, 0.28290713, 0.84880628E-1, 0.0000000, 0.65028071, 1.5708655, 7.4123745, 9.7678165, 9.8477135, 19.847672, 19.855923, 19.858131, 19.858709, 0.24998315, 0.25650215, 0.26570785, 0.32412297, 0.34767765, 0.34847695, 0.34923837, 0.34927961, 0.34929067, 0.34929353, 0.84880628E-1
0.10238580, 0.27033290, 0.81107982E-1, 0.19933283, 0.32732189, 1.3582706, 7.1324863, 9.7612486, 9.8426809, 19.844337, 19.855034, 19.857899, 19.858688, 0.25199223, 0.25327215, 0.26358047, 0.32132250, 0.34761089, 0.34842628, 0.34922168, 0.34927517, 0.34928948, 0.34929344, 0.81107982E-1
0.95235147E-1, 0.18398096, 0.55199809E-1, 0.0000000, 0.0000000, 1.0351717, 6.7285895, 9.7206488, 9.8234329, 19.838554, 19.853483, 19.857529, 19.858622, 0.24998491, 0.24999221, 0.26034868, 0.31728193, 0.34720361, 0.34823337, 0.34919277, 0.34926742, 0.34928763, 0.34929311, 0.55199809E-1
0.93418188E-1, 0.16203921, 0.48616625E-1, 0.0000000, 0.0000000, 0.70191622, 6.2214594, 9.6834288, 9.8056421, 19.834034, 19.852245, 19.857201, 19.858574, 0.24998491, 0.24999221, 0.25701720, 0.31221107, 0.34683156, 0.34805551, 0.34917018, 0.34926122, 0.34928602, 0.34929287, 0.48616625E-1
0.91898493E-1, 0.14368728, 0.43110497E-1, 0.0000000, 0.0000000, 0.44853091, 5.6651630, 9.6612597, 9.7958965, 19.833439, 19.852039, 19.857178, 19.858580, 0.24998491, 0.24999221, 0.25448424, 0.30664894, 0.34661031, 0.34795821, 0.34916720, 0.34926021, 0.34928590, 0.34929290, 0.43110497E-1
0.90077370E-1, 0.12169518, 0.36512204E-1, 0.0000000, 0.0000000, 0.16672313, 4.9080086, 9.6025219, 9.7690516, 19.831179, 19.851421, 19.857031, 19.858562, 0.24998491, 0.24999221, 0.25166699, 0.29907873, 0.34602392, 0.34769008, 0.34915590, 0.34925711, 0.34928516, 0.34929281, 0.36512204E-1
0.88802956E-1, 0.10630525, 0.31894766E-1, 0.0000000, 0.0000000, 0.0000000, 4.2004189, 9.6068535, 9.7678413, 19.828829, 19.850763, 19.856874, 19.858522, 0.24998491, 0.24999221, 0.24999601, 0.29200277, 0.34606692, 0.34767789, 0.34914416, 0.34925383, 0.34928438, 0.34929261, 0.31894766E-1
0.88177830E-1, 0.98756246E-1, 0.29629838E-1, 0.0000000, 0.0000000, 0.0000000, 3.4566028, 9.5894661, 9.7585602, 19.825489, 19.849842, 19.856647, 19.858475, 0.24998491, 0.24999221, 0.24999601, 0.28455955, 0.34588563, 0.34758255, 0.34912744, 0.34924921, 0.34928325, 0.34929237, 0.29629838E-1
0.87606147E-1, 0.91852546E-1, 0.27558520E-1, 0.0000000, 0.0000000, 0.0000000, 2.9200225, 9.2860870, 9.7447872, 19.824694, 19.849573, 19.856575, 19.858463, 0.24998491, 0.24999221, 0.24999601, 0.27919480, 0.34285223, 0.34744486, 0.34912348, 0.34924787, 0.34928286, 0.34929231, 0.27558520E-1
0.87174229E-1, 0.86636640E-1, 0.25993591E-1, 0.0000000, 0.0000000, 0.0000000, 2.6492238, 8.7838049, 9.7431784, 19.825724, 19.849777, 19.856634, 19.858469, 0.24998491, 0.24999221, 0.24999601, 0.27648985, 0.33783412, 0.34743032, 0.34912860, 0.34924889, 0.34928316, 0.34929234, 0.25993591E-1
0.86699978E-1, 0.80909483E-1, 0.24275273E-1, 0.0000000, 0.0000000, 0.0000000, 2.3638101, 8.2131462, 9.7309189, 19.827593, 19.850245, 19.856728, 19.858480, 0.24998491, 0.24999221, 0.24999601, 0.27363586, 0.33212754, 0.34730762, 0.34913796, 0.34925121, 0.34928364, 0.34929240, 0.24275273E-1
0.86316541E-1, 0.76279111E-1, 0.22886023E-1, 0.0000000, 0.0000000, 0.0000000, 2.1272480, 7.7558393, 9.7431936, 19.826582, 19.849983, 19.856659, 19.858469, 0.24998491, 0.24999221, 0.24999601, 0.27127072, 0.32755518, 0.34743059, 0.34913290, 0.34924990, 0.34928328, 0.34929234, 0.22886023E-1
0.85994743E-1, 0.72393045E-1, 0.21720085E-1, 0.0000000, 0.0000000, 0.0000000, 1.9263476, 7.3767695, 9.7575264, 19.825512, 19.849678, 19.856586, 19.858458, 0.24998491, 0.24999221, 0.24999601, 0.26925892, 0.32375893, 0.34757137, 0.34912756, 0.34924838, 0.34928292, 0.34929228, 0.21720085E-1
0.85701726E-1, 0.68854600E-1, 0.20658446E-1, 0.0000000, 0.0000000, 0.0000000, 1.7473012, 7.0256405, 9.7634363, 19.825747, 19.849720, 19.856611, 19.858463, 0.24998491, 0.24999221, 0.24999601, 0.26746678, 0.32024619, 0.34762961, 0.34912866, 0.34924856, 0.34928304, 0.34929231, 0.20658446E-1
0.85320078E-1, 0.64245738E-1, 0.19275649E-1, 0.0000000, 0.0000000, 0.0000000, 1.5271425, 6.5516562, 9.7371397, 19.826332, 19.849867, 19.856647, 19.858463, 0.24998491, 0.24999221, 0.24999601, 0.26526871, 0.31551072, 0.34736851, 0.34913164, 0.34924933, 0.34928325, 0.34929231, 0.19275649E-1
0.84856443E-1, 0.58646824E-1, 0.17595807E-1, 0.0000000, 0.0000000, 0.0000000, 1.2714624, 5.9531641, 9.7059517, 19.825768, 19.849731, 19.856611, 19.858463, 0.24998491, 0.24999221, 0.24999601, 0.26271281, 0.30952737, 0.34705719, 0.34912884, 0.34924865, 0.34928304, 0.34929231, 0.17595807E-1
0.84404804E-1, 0.53192832E-1, 0.15959445E-1, 0.0000000, 0.0000000, 0.0000000, 1.0320544, 5.3450336, 9.6936512, 19.824869, 19.849464, 19.856554, 19.858458, 0.24998491, 0.24999221, 0.24999601, 0.26031911, 0.30344665, 0.34693429, 0.34912434, 0.34924734, 0.34928277, 0.34929228, 0.15959445E-1
0.83948366E-1, 0.47680791E-1, 0.14305668E-1, 0.0000000, 0.0000000, 0.0000000, 0.79711378, 4.7162104, 9.6833401, 19.823223, 19.849016, 19.856411, 19.858440, 0.24998491, 0.24999221, 0.24999601, 0.25796917, 0.29715630, 0.34682941, 0.34911612, 0.34924507, 0.34928206, 0.34929222, 0.14305668E-1
0.83439536E-1, 0.41536141E-1, 0.12462089E-1, 0.0000000, 0.0000000, 0.0000000, 0.58187544, 3.9306495, 9.6433010, 19.825239, 19.849524, 19.856575, 19.858475, 0.24998491, 0.24999221, 0.24999601, 0.25581753, 0.28930232, 0.34642962, 0.34912619, 0.34924763, 0.34928286, 0.34929237, 0.12462089E-1
0.83083503E-1, 0.37236635E-1, 0.11172107E-1, 0.0000000, 0.0000000, 0.0000000, 0.42805672, 3.3677471, 9.6756172, 19.825968, 19.849712, 19.856617, 19.858469, 0.24998491, 0.24999221, 0.24999601, 0.25427920, 0.28367200, 0.34675094, 0.34912986, 0.34924856, 0.34928310, 0.34929234, 0.11172107E-1
0.82671300E-1, 0.32258820E-1, 0.96786143E-2, 0.0000000, 0.0000000, 0.0000000, 0.24575293, 2.8383970, 9.3696699, 19.825451, 19.849607, 19.856592, 19.858463, 0.24998491, 0.24999221, 0.24999601, 0.25245681, 0.27837977, 0.34369209, 0.34912726, 0.34924805, 0.34928295, 0.34929231, 0.96786143E-2
0.82340270E-1, 0.28261364E-1, 0.84792571E-2, 0.0000000, 0.0000000, 0.0000000, 0.10462701, 2.4653225, 8.9376230, 19.825468, 19.849619, 19.856598, 19.858463, 0.24998491, 0.24999221, 0.24999601, 0.25104576, 0.27464721, 0.33936894, 0.34912735, 0.34924811, 0.34928298, 0.34929231, 0.84792571E-2
0.82019717E-1, 0.24390291E-1, 0.73178192E-2, 0.0000000, 0.0000000, 0.0000000, 0.0000000, 2.0680249, 8.4341335, 19.825647, 19.849678, 19.856611, 19.858463, 0.24998491, 0.24999221, 0.24999601, 0.24999849, 0.27067435, 0.33433333, 0.34912825, 0.34924838, 0.34928304, 0.34929231, 0.73178192E-2
0.81857249E-1, 0.22428341E-1, 0.67291753E-2, 0.0000000, 0.0000000, 0.0000000, 0.0000000, 1.8037111, 8.0491991, 19.829451, 19.850691, 19.856857, 19.858517, 0.24998491, 0.24999221, 0.24999601, 0.24999849, 0.26803270, 0.33048540, 0.34914726, 0.34925345, 0.34928429, 0.34929258, 0.67291753E-2
0.81653185E-1, 0.19964008E-1, 0.59898011E-2, 0.0000000, 0.0000000, 0.0000000, 0.0000000, 1.4770091, 7.5505080, 19.828781, 19.850536, 19.856823, 19.858500, 0.24998491, 0.24999221, 0.24999601, 0.24999849, 0.26476598, 0.32549807, 0.34914392, 0.34925267, 0.34928411, 0.34929249, 0.59898011E-2
0.81433050E-1, 0.17305691E-1, 0.51922267E-2, 0.0000000, 0.0000000, 0.0000000, 0.0000000, 1.1426806, 6.9575491, 19.829458, 19.850744, 19.856880, 19.858522, 0.24998491, 0.24999221, 0.24999601, 0.24999849, 0.26142454, 0.31957090, 0.34914729, 0.34925371, 0.34928441, 0.34929261, 0.51922267E-2
0.81320770E-1, 0.15949735E-1, 0.47853994E-2, 0.0000000, 0.0000000, 0.0000000, 0.0000000, 0.98362267, 6.6209946, 19.833145, 19.851759, 19.857164, 19.858604, 0.24998491, 0.24999221, 0.24999601, 0.24999849, 0.25983420, 0.31620538, 0.34916574, 0.34925878, 0.34928581, 0.34929302, 0.47853994E-2
0.81222445E-1, 0.14762406E-1, 0.44291648E-2, 0.0000000, 0.0000000, 0.0000000, 0.0000000, 0.84732771, 6.3170619, 19.835100, 19.852306, 19.857307, 19.858669, 0.24998491, 0.24999221, 0.24999601, 0.24999849, 0.25847197, 0.31316739, 0.34917551, 0.34926152, 0.34928653, 0.34929335, 0.44291648E-2
0.81120282E-1, 0.13528634E-1, 0.40589962E-2, 0.0000000, 0.0000000, 0.0000000, 0.0000000, 0.70814490, 5.9966140, 19.834835, 19.852272, 19.857288, 19.858688, 0.24998491, 0.24999221, 0.24999601, 0.24999849, 0.25707620, 0.30995131, 0.34917417, 0.34926134, 0.34928644, 0.34929344, 0.40589962E-2
0.81035174E-1, 0.12500899E-1, 0.37506449E-2, 0.0000000, 0.0000000, 0.0000000, 0.0000000, 0.60176551, 5.6970930, 19.837410, 19.852989, 19.857491, 19.858709, 0.24998491, 0.24999221, 0.24999601, 0.24999849, 0.25601587, 0.30696529, 0.34918705, 0.34926495, 0.34928745, 0.34929353, 0.37506449E-2
0.80959029E-1, 0.11581342E-1, 0.34747501E-2, 0.0000000, 0.0000000, 0.0000000, 0.0000000, 0.51306784, 5.4106855, 19.840281, 19.853798, 19.857731, 19.858709, 0.24998491, 0.24999221, 0.24999601, 0.24999849, 0.25513008, 0.30410475, 0.34920141, 0.34926897, 0.34928864, 0.34929353, 0.34747501E-2
0.80857553E-1, 0.10355893E-1, 0.31070786E-2, 0.0000000, 0.0000000, 0.0000000, 0.0000000, 0.39858520, 5.0188036, 19.841036, 19.854034, 19.857759, 19.858709, 0.24998491, 0.24999221, 0.24999601, 0.24999849, 0.25398529, 0.30018571, 0.34920520, 0.34927016, 0.34928879, 0.34929353, 0.31070786E-2
0.80762096E-1, 0.92031993E-2, 0.27612359E-2, 0.0000000, 0.0000000, 0.0000000, 0.0000000, 0.29733479, 4.6319075, 19.840897, 19.854033, 19.857731, 19.858704, 0.24998491, 0.24999221, 0.24999601, 0.24999849, 0.25297159, 0.29630995, 0.34920448, 0.34927016, 0.34928864, 0.34929353, 0.27612359E-2
0.80674998E-1, 0.81513971E-2, 0.24456638E-2, 0.0000000, 0.0000000, 0.0000000, 0.0000000, 0.21686852, 4.2412038, 19.841944, 19.854322, 19.857784, 19.858709, 0.24998491, 0.24999221, 0.24999601, 0.24999849, 0.25216818, 0.29240873, 0.34920973, 0.34927160, 0.34928891, 0.34929353, 0.24456638E-2
0.80643535E-1, 0.77713756E-2, 0.23316459E-2, 0.0000000, 0.0000000, 0.0000000, 0.0000000, 0.19150674, 4.0893674, 19.844606, 19.855047, 19.857967, 19.858709, 0.24998491, 0.24999221, 0.24999601, 0.24999849, 0.25191447, 0.29088950, 0.34922302, 0.34927523, 0.34928983, 0.34929353, 0.23316459E-2
0.80608003E-1, 0.73423344E-2, 0.22029206E-2, 0.0000000, 0.0000000, 0.0000000, 0.0000000, 0.16251206, 3.9190714, 19.846146, 19.855490, 19.858120, 19.858709, 0.24998491, 0.24999221, 0.24999601, 0.24999849, 0.25162444, 0.28918511, 0.34923074, 0.34927744, 0.34929061, 0.34929353, 0.22029206E-2
0.80577664E-1, 0.69759125E-2, 0.20929831E-2, 0.0000000, 0.0000000, 0.0000000, 0.0000000, 0.13968647, 3.7674813, 19.847649, 19.855913, 19.858194, 19.858709, 0.24998491, 0.24999221, 0.24999601, 0.24999849, 0.25139639, 0.28767049, 0.34923825, 0.34927958, 0.34929097, 0.34929353, 0.20929831E-2
0.80523707E-1, 0.63243443E-2, 0.18974931E-2, 0.0000000, 0.0000000, 0.0000000, 0.0000000, 0.99036098E-1, 3.4987669, 19.847336, 19.855843, 19.858154, 19.858709, 0.24998491, 0.24999221, 0.24999601, 0.24999849, 0.25098976, 0.28498057, 0.34923667, 0.34927922, 0.34929079, 0.34929353, 0.18974931E-2
0.80445416E-1, 0.53788959E-2, 0.16138302E-2, 0.0000000, 0.0000000, 0.0000000, 0.0000000, 0.46068430E-1, 3.0905416, 19.845299, 19.855310, 19.858002, 19.858704, 0.24998491, 0.24999221, 0.24999601, 0.24999849, 0.25046027, 0.28089580, 0.34922650, 0.34927654, 0.34929001, 0.34929353, 0.16138302E-2
0.80417462E-1, 0.50412943E-2, 0.15125396E-2, 0.0000000, 0.0000000, 0.0000000, 0.0000000, 0.31730533E-1, 2.9309154, 19.832809, 19.855762, 19.858166, 19.858709, 0.24998491, 0.24999221, 0.24999601, 0.24999849, 0.25031701, 0.27929977, 0.34916404, 0.34927881, 0.34929082, 0.34929353, 0.15125396E-2
0.26762700, 1.0000000, 0.67980790, 6.8408775, 6.4529624, 6.9639058, 7.6114159, 8.2739697, 8.9535246, 19.812683, 19.855949, 19.858177, 19.858709, 0.31840801, 0.31452918, 0.31963882, 0.32611409, 0.33273968, 0.33953524, 0.34906343, 0.34927976, 0.34929088, 0.34929353, 0.67980790
0.35599941, 1.0000000, 0.99999779, 9.9999990, 9.9999990, 9.9999990, 9.9999990, 9.9999990, 9.9999990, 19.999998, 19.999998, 19.999998, 19.998999, 0.34999970, 0.34999982, 0.34999990, 0.34999996, 0.34999999, 0.34999999, 0.34999999, 0.34999999, 0.34999999, 0.34999499, 0.99999779
0.35524273, 1.0000000, 0.99725616, 9.9617987, 9.9782734, 9.9890375, 9.9972258, 9.9986048, 9.9994574, 19.999916, 19.999981, 19.999975, 19.989016, 0.34961703, 0.34978217, 0.34989008, 0.34997219, 0.34998602, 0.34999457, 0.34999958, 0.34999990, 0.34999987, 0.34994507, 0.99725616
0.35385126, 1.0000000, 0.99221474, 9.8899403, 9.9405155, 9.9696245, 9.9920912, 9.9960079, 9.9984055, 19.999725, 19.999928, 19.999935, 19.985044, 0.34889778, 0.34940419, 0.34969577, 0.34992084, 0.34996003, 0.34998402, 0.34999862, 0.34999964, 0.34999967, 0.34992522, 0.99221474
0.35599804, 1.0000000, 0.99999279, 9.9999485, 9.9999695, 9.9999847, 9.9999933, 9.9999990, 9.9999990, 19.999998, 19.999998, 19.999998, 19.997997, 0.34999901, 0.34999940, 0.34999970, 0.34999990, 0.34999999, 0.34999999, 0.34999999, 0.34999999, 0.34999999, 0.34998998, 0.99999279
0.35599893, 1.0000000, 0.99999613, 9.9999723, 9.9999847, 9.9999905, 9.9999962, 9.9999990, 9.9999990, 19.999998, 19.999998, 19.999998, 19.997997, 0.34999946, 0.34999970, 0.34999982, 0.34999993, 0.34999999, 0.34999999, 0.34999999, 0.34999999, 0.34999999, 0.34998998, 0.99999613
0.35599887, 1.0000000, 0.99999595, 9.9999723, 9.9999819, 9.9999905, 9.9999962, 9.9999990, 9.9999990, 19.999998, 19.999998, 19.999998, 19.997997, 0.34999946, 0.34999964, 0.34999982, 0.34999993, 0.34999999, 0.34999999, 0.34999999, 0.34999999, 0.34999999, 0.34998998, 0.99999595
0.35599834, 1.0000000, 0.99999386, 9.9999456, 9.9999609, 9.9999819, 9.9999933, 9.9999990, 9.9999990, 19.999998, 19.999998, 19.999998, 19.996996, 0.34999919, 0.34999943, 0.34999973, 0.34999990, 0.34999999, 0.34999999, 0.34999999, 0.34999999, 0.34999999, 0.34998497, 0.99999386
0.35599440, 1.0000000, 0.99997962, 9.9999723, 9.9999790, 9.9999895, 9.9969292, 9.9952297, 9.9978714, 19.999439, 19.999849, 19.999882, 19.982075, 0.34999961, 0.34999970, 0.34999987, 0.34996930, 0.34995228, 0.34997872, 0.34999719, 0.34999925, 0.34999940, 0.34991038, 0.99997962
0.35479409, 1.0000000, 0.99563080, 9.9933338, 9.8947496, 9.9455500, 9.9859066, 9.9928627, 9.9972076, 19.999577, 19.999891, 19.999935, 19.985044, 0.34993231, 0.34894690, 0.34945521, 0.34985900, 0.34992859, 0.34997207, 0.34999788, 0.34999946, 0.34999967, 0.34992522, 0.99563080
0.34492356, 1.0000000, 0.95986801, 9.3949747, 9.7443085, 9.8621836, 9.9636765, 9.9815273, 9.9929562, 19.999111, 19.999773, 19.999886, 19.984043, 0.34394941, 0.34744287, 0.34862173, 0.34963673, 0.34981528, 0.34992957, 0.34999555, 0.34999886, 0.34999943, 0.34992021, 0.95986801
0.34636718, 1.0000000, 0.96509850, 9.5654545, 9.6656761, 9.8065510, 9.9380846, 9.9677610, 9.9873285, 19.998259, 19.999552, 19.998907, 19.961004, 0.34565422, 0.34665656, 0.34806541, 0.34938082, 0.34967762, 0.34987327, 0.34999129, 0.34999776, 0.34999454, 0.34980503, 0.96509850
0.35598493, 1.0000000, 0.99994534, 9.9993734, 9.9996204, 9.9998112, 9.9999638, 9.9999790, 9.9999933, 19.999998, 19.999998, 19.999996, 19.993994, 0.34999248, 0.34999546, 0.34999776, 0.34999958, 0.34999976, 0.34999993, 0.34999999, 0.34999999, 0.34999996, 0.34996998, 0.99994534
0.33356392, 1.0000000, 0.91870987, 8.7362804, 9.5401716, 9.7368641, 9.9181070, 9.9576588, 9.9831448, 19.997341, 19.999313, 19.999403, 19.970396, 0.33735684, 0.34539780, 0.34736666, 0.34918064, 0.34957638, 0.34983140, 0.34998670, 0.34999657, 0.34999701, 0.34985197, 0.91870987
0.31122074, 1.0000000, 0.83775628, 7.1888275, 9.4630165, 9.6699028, 9.8624563, 9.9253588, 9.9681787, 19.993927, 19.998425, 19.997183, 19.948399, 0.32187781, 0.34462193, 0.34669483, 0.34862369, 0.34925315, 0.34968165, 0.34996963, 0.34999213, 0.34998590, 0.34974200, 0.83775628
0.30561131, 1.0000000, 0.81743222, 6.7318821, 9.5319090, 9.7011833, 9.8517313, 9.9150991, 9.9616289, 19.991938, 19.997892, 19.992546, 19.928959, 0.31731328, 0.34531438, 0.34700945, 0.34851682, 0.34915075, 0.34961620, 0.34995967, 0.34998947, 0.34996274, 0.34964478, 0.81743222
0.31605542, 1.0000000, 0.85527313, 7.4198103, 9.6215391, 9.7488937, 9.8581142, 9.9149656, 9.9592228, 19.990412, 19.997335, 19.985041, 19.912573, 0.32419515, 0.34621310, 0.34748778, 0.34858090, 0.34914953, 0.34959221, 0.34995204, 0.34998667, 0.34992522, 0.34956285, 0.85527313
0.30171490, 1.0000000, 0.80331481, 6.4323606, 9.5557013, 9.7110281, 9.8433895, 9.9048595, 9.9532328, 19.988365, 19.996326, 19.974756, 19.899267, 0.31432316, 0.34555659, 0.34711006, 0.34843388, 0.34904855, 0.34953234, 0.34994182, 0.34998164, 0.34987378, 0.34949633, 0.80331481
0.27502000, 1.0000000, 0.70659423, 4.6424203, 9.3774033, 9.5993395, 9.7957954, 9.8766670, 9.9396172, 19.984911, 19.994223, 19.962200, 19.888826, 0.29642305, 0.34377259, 0.34599268, 0.34795782, 0.34876660, 0.34939614, 0.34992456, 0.34997112, 0.34981102, 0.34944412, 0.70659423
0.26347324, 1.0000000, 0.66475809, 3.6931555, 9.5226078, 9.6807699, 9.8165379, 9.8846035, 9.9408112, 19.983921, 19.991581, 19.948563, 19.880871, 0.28692821, 0.34522092, 0.34680507, 0.34816486, 0.34884575, 0.34940803, 0.34991962, 0.34995791, 0.34974283, 0.34940436, 0.66475809
0.25169289, 1.0000000, 0.62207568, 2.9836802, 9.2814188, 9.6819544, 9.8168602, 9.8835430, 9.9389935, 19.982220, 19.987143, 19.934597, 19.874908, 0.27983469, 0.34281024, 0.34681749, 0.34816819, 0.34883523, 0.34938988, 0.34991109, 0.34993571, 0.34967297, 0.34937453, 0.62207568
0.22893812, 1.0000000, 0.53963083, 2.1910219, 7.9255791, 9.5539961, 9.7566061, 9.8488455, 9.9220123, 19.976490, 19.979683, 19.920959, 19.870422, 0.27191010, 0.32925552, 0.34553978, 0.34756604, 0.34848842, 0.34922013, 0.34988245, 0.34989840, 0.34960479, 0.34935212, 0.53963083
0.19805905, 1.0000000, 0.42775017, 1.2004614, 5.9141388, 9.4411669, 9.6843204, 9.8034077, 9.8988018, 19.968388, 19.969572, 19.908455, 19.867094, 0.26200336, 0.30913767, 0.34440869, 0.34684262, 0.34803379, 0.34898794, 0.34984195, 0.34984785, 0.34954226, 0.34933546, 0.42775017
0.17119929, 1.0000000, 0.33043221, 0.46718419, 3.9134653, 9.4069033, 9.6529207, 9.7797222, 9.8847876, 19.961500, 19.958075, 19.897675, 19.864706, 0.25467166, 0.28913376, 0.34406796, 0.34652901, 0.34779710, 0.34884784, 0.34980750, 0.34979036, 0.34948838, 0.34932354, 0.33043221
0.16322550, 1.0000000, 0.30154169, 0.31920075, 3.1007338, 9.5796442, 9.7301331, 9.8203878, 9.9001150, 19.959150, 19.946711, 19.888983, 19.863071, 0.25319183, 0.28100640, 0.34579495, 0.34730104, 0.34820372, 0.34900108, 0.34979576, 0.34973356, 0.34944493, 0.34931535, 0.30154169
0.35597318, 1.0000000, 0.99990273, 9.9987354, 9.9992390, 9.9996204, 9.9999247, 9.9999638, 9.9999905, 19.999998, 19.998919, 19.944372, 19.861902, 0.34998661, 0.34999195, 0.34999600, 0.34999922, 0.34999961, 0.34999990, 0.34999999, 0.34999460, 0.34972185, 0.34930950, 0.99990273
0.34297574, 1.0000000, 0.95281053, 9.2758169, 9.7169809, 9.8450603, 9.9573832, 9.9782610, 9.9915991, 19.998871, 19.993618, 19.926310, 19.861067, 0.34275803, 0.34716973, 0.34845054, 0.34957382, 0.34978262, 0.34991598, 0.34999436, 0.34996808, 0.34963155, 0.34930533, 0.95281053
0.35596377, 1.0000000, 0.99986875, 9.9984617, 9.9990788, 9.9995375, 9.9999065, 9.9999542, 9.9999876, 19.999998, 19.999998, 19.999990, 19.991999, 0.34998193, 0.34998918, 0.34999457, 0.34999892, 0.34999946, 0.34999985, 0.34999999, 0.34999999, 0.34999996, 0.34996000, 0.99986875
0.34930080, 1.0000000, 0.97572762, 9.6420593, 9.8342543, 9.9124374, 9.9773788, 9.9885397, 9.9956083, 19.999409, 19.999849, 19.999846, 19.980116, 0.34642026, 0.34834236, 0.34912428, 0.34977376, 0.34988540, 0.34995610, 0.34999704, 0.34999925, 0.34999922, 0.34990057, 0.97572762
0.34183228, 1.0000000, 0.94866765, 9.2122927, 9.6926498, 9.8315516, 9.9529600, 9.9759684, 9.9906235, 19.998652, 19.999647, 19.999823, 19.982075, 0.34212050, 0.34692499, 0.34831473, 0.34952945, 0.34975961, 0.34990621, 0.34999326, 0.34999824, 0.34999913, 0.34991038, 0.94866765
0.35582292, 1.0000000, 0.99935830, 9.9914522, 9.9948816, 9.9974375, 9.9994898, 9.9997406, 9.9999161, 19.999998, 19.999998, 19.999990, 19.991999, 0.34991172, 0.34994715, 0.34997353, 0.34999472, 0.34999731, 0.34999913, 0.34999999, 0.34999999, 0.34999996, 0.34996000, 0.99935830
0.34489864, 1.0000000, 0.95977759, 9.3889761, 9.7503729, 9.8646030, 9.9648676, 9.9821281, 9.9933310, 19.999296, 19.999807, 19.999435, 19.968512, 0.34388760, 0.34750235, 0.34864536, 0.34964854, 0.34982121, 0.34993330, 0.34999648, 0.34999904, 0.34999716, 0.34984255, 0.95977759
0.30648541, 1.0000000, 0.82059938, 6.9255123, 9.3618145, 9.6089325, 9.8426609, 9.9156942, 9.9639006, 19.992603, 19.998068, 19.996798, 19.946615, 0.31924915, 0.34361333, 0.34608686, 0.34842610, 0.34915668, 0.34963891, 0.34996301, 0.34999034, 0.34998399, 0.34973308, 0.82059938
0.29037875, 1.0000000, 0.76224178, 5.6604319, 9.4928265, 9.6735697, 9.8369036, 9.9063950, 9.9575424, 19.990841, 19.997581, 19.991938, 19.927443, 0.30660236, 0.34492630, 0.34673467, 0.34836882, 0.34906384, 0.34957540, 0.34995419, 0.34998792, 0.34995967, 0.34963721, 0.76224178
0.26584679, 1.0000000, 0.67335796, 3.9731257, 9.3832140, 9.6026707, 9.7976370, 9.8804865, 9.9437962, 19.987232, 19.996477, 19.984024, 19.911295, 0.28972930, 0.34382933, 0.34602529, 0.34797609, 0.34880471, 0.34943789, 0.34993616, 0.34998238, 0.34992012, 0.34955648, 0.67335796
0.31456673, 1.0000000, 0.84987938, 7.4527717, 9.4514217, 9.6362066, 9.7966671, 9.8752041, 9.9383307, 19.984791, 19.995275, 19.973478, 19.898249, 0.32452556, 0.34451258, 0.34636122, 0.34796649, 0.34875196, 0.34938326, 0.34992397, 0.34997636, 0.34986740, 0.34949124, 0.84987938
0.26882750, 1.0000000, 0.68415755, 4.3108850, 9.2439365, 9.4982176, 9.7233858, 9.8304462, 9.9149532, 19.977459, 19.992052, 19.960512, 19.887953, 0.29310367, 0.34243268, 0.34497875, 0.34723315, 0.34830409, 0.34914941, 0.34988731, 0.34996027, 0.34980255, 0.34943977, 0.68415755
0.25163323, 1.0000000, 0.62185955, 2.9831052, 9.3193254, 9.6101828, 9.7639828, 9.8482523, 9.9196863, 19.976139, 19.989113, 19.946806, 19.880217, 0.27982673, 0.34318519, 0.34609765, 0.34763899, 0.34848210, 0.34919670, 0.34988070, 0.34994557, 0.34973404, 0.34940109, 0.62185955
0.23983006, 1.0000000, 0.57909441, 2.6233764, 8.4852180, 9.6205788, 9.7763309, 9.8546886, 9.9215593, 19.974575, 19.984440, 19.932903, 19.874401, 0.27623284, 0.33485043, 0.34620476, 0.34776309, 0.34854680, 0.34921557, 0.34987289, 0.34992221, 0.34966451, 0.34937200, 0.57909441
0.22361116, 1.0000000, 0.52033025, 2.1057100, 7.4162140, 9.5714912, 9.7583714, 9.8449430, 9.9167833, 19.971504, 19.977455, 19.919577, 19.870092, 0.27105600, 0.32415977, 0.34571341, 0.34758341, 0.34844929, 0.34916776, 0.34985751, 0.34988728, 0.34959787, 0.34935045, 0.52033025
0.20206125, 1.0000000, 0.44225091, 1.4407933, 5.9620609, 9.5013580, 9.7207613, 9.8227034, 9.9061003, 19.966776, 19.968088, 19.907442, 19.866894, 0.26440662, 0.30961737, 0.34501100, 0.34720707, 0.34822676, 0.34906092, 0.34983388, 0.34984043, 0.34953719, 0.34933448, 0.44225091
0.17940541, 1.0000000, 0.36016449, 0.78727603, 4.3403888, 9.4588776, 9.6894636, 9.8021708, 9.8951483, 19.960997, 19.956808, 19.896894, 19.864588, 0.25787210, 0.29340175, 0.34458646, 0.34689415, 0.34802148, 0.34895140, 0.34980500, 0.34978405, 0.34948447, 0.34932294, 0.36016449
0.16158411, 0.98521668, 0.29559457, 0.30854344, 2.9790556, 9.4727516, 9.6885290, 9.7989855, 9.8914938, 19.955275, 19.944578, 19.888132, 19.862925, 0.25308529, 0.27978972, 0.34472618, 0.34688503, 0.34798971, 0.34891486, 0.34977639, 0.34972289, 0.34944066, 0.34931463, 0.29559457
0.35571587, 1.0000000, 0.99897039, 9.9859505, 9.9922428, 9.9960823, 9.9986610, 9.9993143, 9.9996862, 19.999916, 19.999975, 19.999969, 19.988020, 0.34985530, 0.34991989, 0.34995958, 0.34998637, 0.34999302, 0.34999683, 0.34999958, 0.34999987, 0.34999985, 0.34994009, 0.99897039
0.35309660, 1.0000000, 0.98948044, 9.8511810, 9.9201765, 9.9591589, 9.9900904, 9.9950161, 9.9981070, 19.999760, 19.999939, 19.999964, 19.988020, 0.34850726, 0.34919903, 0.34959021, 0.34990063, 0.34995002, 0.34998101, 0.34999880, 0.34999970, 0.34999982, 0.34994009, 0.98948044
0.34827781, 1.0000000, 0.97202092, 9.6174812, 9.7720556, 9.8755236, 9.9661989, 9.9827623, 9.9933939, 19.999159, 19.999779, 19.999243, 19.964733, 0.34617245, 0.34771913, 0.34875453, 0.34966186, 0.34982756, 0.34993389, 0.34999579, 0.34999889, 0.34999621, 0.34982365, 0.97202092
0.33950460, 1.0000000, 0.94023395, 9.0838680, 9.6457644, 9.7950325, 9.9341488, 9.9656658, 9.9864845, 19.998116, 19.999510, 19.996613, 19.943327, 0.34083837, 0.34645748, 0.34795025, 0.34934145, 0.34965664, 0.34986484, 0.34999058, 0.34999755, 0.34998307, 0.34971663, 0.94023395
0.33327723, 1.0000000, 0.91767108, 8.6351385, 9.6488800, 9.7872343, 9.9163027, 9.9548855, 9.9814100, 19.997042, 19.999203, 19.991344, 19.924622, 0.33634704, 0.34648588, 0.34787086, 0.34916273, 0.34954870, 0.34981406, 0.34998521, 0.34999603, 0.34995672, 0.34962311, 0.91767108
0.35599124, 1.0000000, 0.99996823, 9.9995909, 9.9997549, 9.9998798, 9.9999752, 9.9999876, 9.9999962, 19.999998, 19.999998, 19.999996, 19.993994, 0.34999561, 0.34999737, 0.34999871, 0.34999973, 0.34999987, 0.34999996, 0.34999999, 0.34999999, 0.34999996, 0.34996998, 0.99996823
0.35599798, 1.0000000, 0.99999267, 9.9999313, 9.9999609, 9.9999790, 9.9999933, 9.9999990, 9.9999990, 19.999998, 19.999998, 19.999998, 19.996996, 0.34999898, 0.34999940, 0.34999970, 0.34999990, 0.34999999, 0.34999999, 0.34999999, 0.34999999, 0.34999999, 0.34998497, 0.99999267
0.35599911, 1.0000000, 0.99999678, 9.9999847, 9.9999905, 9.9999962, 9.9999990, 9.9999990, 9.9999990, 19.999998, 19.999998, 19.999998, 19.997997, 0.34999955, 0.34999973, 0.34999987, 0.34999996, 0.34999999, 0.34999999, 0.34999999, 0.34999999, 0.34999999, 0.34998998, 0.99999678
0.32341486, 1.0000000, 0.88193786, 8.0658236, 9.4597864, 9.6839008, 9.8959169, 9.9457579, 9.9781799, 19.996500, 19.999092, 19.999491, 19.974205, 0.33065811, 0.34459779, 0.34683895, 0.34895918, 0.34945756, 0.34978181, 0.34998250, 0.34999546, 0.34999746, 0.34987104, 0.88193786
0.29255065, 1.0000000, 0.77011102, 5.8906026, 9.3994999, 9.6195755, 9.8263283, 9.9036646, 9.9581251, 19.991890, 19.997883, 19.997507, 19.951841, 0.30890471, 0.34399375, 0.34619510, 0.34826317, 0.34903657, 0.34958121, 0.34995943, 0.34998941, 0.34998754, 0.34975922, 0.77011102
0.25737163, 1.0000000, 0.64265078, 3.4345722, 9.2925825, 9.5403976, 9.7655573, 9.8632374, 9.9371214, 19.986830, 19.996529, 19.993103, 19.931881, 0.28434381, 0.34292272, 0.34540236, 0.34765524, 0.34863219, 0.34937117, 0.34993416, 0.34998265, 0.34996551, 0.34965941, 0.64265078
0.22606505, 1.0000000, 0.52922118, 2.1056561, 7.7595458, 9.4879808, 9.7154636, 9.8270159, 9.9160891, 19.980812, 19.994787, 19.985741, 19.914925, 0.27105564, 0.32759342, 0.34487855, 0.34715438, 0.34827003, 0.34916085, 0.34990406, 0.34997395, 0.34992871, 0.34957463, 0.52922118
0.20250812, 1.0000000, 0.44386998, 1.4019251, 6.0880475, 9.4905481, 9.7029753, 9.8134537, 9.9051657, 19.976082, 19.993029, 19.975653, 19.901110, 0.26401877, 0.31087923, 0.34490451, 0.34702954, 0.34813446, 0.34905162, 0.34988040, 0.34996516, 0.34987825, 0.34950554, 0.44386998
0.17665362, 1.0000000, 0.35019428, 0.66193640, 4.2305727, 9.4363823, 9.6702051, 9.7907152, 9.8913860, 19.970255, 19.990299, 19.963238, 19.890205, 0.25661904, 0.29230443, 0.34436235, 0.34670174, 0.34790701, 0.34891379, 0.34985128, 0.34995151, 0.34981620, 0.34945104, 0.35019428
0.15575728, 0.91485143, 0.27448288, 0.68575144E-1, 2.9149890, 9.0027285, 9.6546354, 9.7782164, 9.8826494, 19.964872, 19.986504, 19.949461, 19.881849, 0.25068569, 0.27914828, 0.34002480, 0.34654582, 0.34778190, 0.34882641, 0.34982437, 0.34993252, 0.34974730, 0.34940925, 0.27448288
0.14601679, 0.79722452, 0.23919128, 0.0000000, 2.3526847, 8.0048389, 9.6516809, 9.7745571, 9.8796120, 19.961391, 19.981602, 19.935417, 19.875578, 0.24999857, 0.27352360, 0.33004287, 0.34651548, 0.34774488, 0.34879589, 0.34980696, 0.34990799, 0.34967709, 0.34937790, 0.23919128
0.18556555, 1.0000000, 0.38248384, 2.0563364, 2.9743717, 9.4500360, 9.6917324, 9.7968216, 9.8880024, 19.959080, 19.975119, 19.921957, 19.870941, 0.27056038, 0.27974114, 0.34449625, 0.34691650, 0.34796780, 0.34887987, 0.34979540, 0.34987560, 0.34960979, 0.34935471, 0.38248384
0.26453686, 1.0000000, 0.66861176, 3.9158909, 9.3428469, 9.5738745, 9.7470379, 9.8290682, 9.9017754, 19.957733, 19.966999, 19.909756, 19.867571, 0.28915778, 0.34342682, 0.34573790, 0.34747019, 0.34829059, 0.34901771, 0.34978867, 0.34983498, 0.34954879, 0.34933785, 0.66861176
0.25905889, 1.0000000, 0.64876401, 3.2989171, 9.6262598, 9.7242918, 9.8053570, 9.8636980, 9.9180164, 19.957867, 19.957657, 19.899239, 19.865158, 0.28298876, 0.34626189, 0.34724256, 0.34805351, 0.34863696, 0.34918016, 0.34978932, 0.34978828, 0.34949619, 0.34932578, 0.64876401
0.22417717, 1.0000000, 0.52238101, 2.0087421, 7.6941686, 9.4917259, 9.7075758, 9.8118019, 9.8959398, 19.949362, 19.945000, 19.889881, 19.863291, 0.27008420, 0.32693428, 0.34491271, 0.34707484, 0.34811753, 0.34895924, 0.34974682, 0.34972501, 0.34944940, 0.34931645, 0.52238101
0.18189946, 1.0000000, 0.36920089, 0.79868138, 4.6795816, 9.3642235, 9.6198521, 9.7568960, 9.8697987, 19.939447, 19.931614, 19.882196, 19.861925, 0.25798616, 0.29679352, 0.34363994, 0.34619805, 0.34756872, 0.34869790, 0.34969723, 0.34965807, 0.34941098, 0.34930962, 0.36920089
0.15121824, 0.86003751, 0.25803706, 0.0000000, 2.7351947, 8.5162916, 9.5783978, 9.7273741, 9.8530064, 19.929543, 19.918625, 19.876118, 19.860962, 0.24997710, 0.27734903, 0.33515838, 0.34578297, 0.34727323, 0.34852988, 0.34964770, 0.34959313, 0.34938058, 0.34930480, 0.25803706
0.13308583, 0.64106905, 0.19233996, 0.0000000, 1.5804410, 6.4642253, 9.5113678, 9.6818972, 9.8277702, 19.916218, 19.905783, 19.871199, 19.860233, 0.24997710, 0.26580322, 0.31463981, 0.34511298, 0.34681863, 0.34827757, 0.34958109, 0.34952891, 0.34935600, 0.34930116, 0.19233996
0.11741126, 0.45178166, 0.13554806, 0.0000000, 0.70000887, 4.4509778, 9.4714394, 9.6525793, 9.8095274, 19.902954, 19.894350, 19.867420, 19.859709, 0.24997710, 0.25699830, 0.29450408, 0.34471199, 0.34652454, 0.34809485, 0.34951478, 0.34947175, 0.34933710, 0.34929854, 0.13554806
0.10582817, 0.31190327, 0.93580343E-1, 0.0000000, 0.99888444E-1, 2.9360771, 9.0787859, 9.6270628, 9.7940788, 19.890419, 19.884655, 19.864569, 19.859346, 0.24997710, 0.25099778, 0.27934459, 0.34077784, 0.34626532, 0.34793901, 0.34945208, 0.34942329, 0.34932286, 0.34929675, 0.93580343E-1
0.25540677, 1.0000000, 0.63553172, 3.5950606, 8.9654188, 9.2535753, 9.5213490, 9.7260075, 9.8349419, 19.884607, 19.878170, 19.862814, 19.859222, 0.28594518, 0.33964607, 0.34253159, 0.34521261, 0.34725961, 0.34834927, 0.34942305, 0.34939086, 0.34931406, 0.34929612, 0.63553172
0.19933850, 1.0000000, 0.43238583, 1.4358371, 5.7644038, 9.3018036, 9.5566368, 9.7080355, 9.8269863, 19.873253, 19.871471, 19.861155, 19.859045, 0.26435769, 0.30764234, 0.34301665, 0.34556609, 0.34708020, 0.34826982, 0.34936625, 0.34935737, 0.34930578, 0.34929523, 0.43238583
0.15759039, 0.93698823, 0.28112459, 0.28013587, 2.9712737, 8.6633501, 9.5352077, 9.6895771, 9.8169117, 19.863489, 19.866196, 19.859943, 19.858862, 0.25280085, 0.27970961, 0.33662894, 0.34535107, 0.34689525, 0.34816894, 0.34931743, 0.34933096, 0.34929973, 0.34929430, 0.28112459
0.18886235, 1.0000000, 0.39442882, 1.8509299, 3.8255119, 9.2629499, 9.5752392, 9.7116098, 9.8243055, 19.857704, 19.862734, 19.859207, 19.858757, 0.26850635, 0.28825149, 0.34262508, 0.34575146, 0.34711564, 0.34824291, 0.34928852, 0.34931368, 0.34929603, 0.34929377, 0.39442882
0.22617988, 1.0000000, 0.52963722, 2.6207237, 6.9750409, 9.3990154, 9.6176224, 9.7371387, 9.8345051, 19.854244, 19.860456, 19.858784, 19.858709, 0.27620625, 0.31974882, 0.34398910, 0.34617600, 0.34737128, 0.34834501, 0.34927124, 0.34930229, 0.34929392, 0.34929353, 0.52963722
0.35595429, 1.0000000, 0.99983442, 9.9980202, 9.9988098, 9.9994068, 9.9998798, 9.9999428, 9.9999790, 19.999998, 19.999998, 19.999998, 19.994993, 0.34997723, 0.34998631, 0.34999317, 0.34999862, 0.34999934, 0.34999976, 0.34999999, 0.34999999, 0.34999999, 0.34997496, 0.99983442
0.34116983, 1.0000000, 0.94626737, 9.1937246, 9.6590996, 9.8017883, 9.9443436, 9.9714947, 9.9890385, 19.998573, 19.999636, 19.999861, 19.986019, 0.34193677, 0.34659070, 0.34801772, 0.34944341, 0.34971491, 0.34989038, 0.34999287, 0.34999818, 0.34999931, 0.34993011, 0.94626737
0.35463661, 1.0000000, 0.99506009, 9.9400873, 9.9632540, 9.9482126, 9.9848557, 9.9923687, 9.9972677, 19.999807, 19.999950, 19.999964, 19.989016, 0.34939992, 0.34963197, 0.34948185, 0.34984851, 0.34992364, 0.34997267, 0.34999904, 0.34999976, 0.34999982, 0.34994507, 0.99506009
0.33014536, 1.0000000, 0.90632361, 8.6032295, 9.4056301, 9.6352310, 9.8637409, 9.9277229, 9.9706764, 19.995394, 19.998806, 19.999014, 19.965607, 0.33603182, 0.34405601, 0.34635216, 0.34863737, 0.34927720, 0.34970677, 0.34997696, 0.34999403, 0.34999508, 0.34982803, 0.90632361
0.27509502, 1.0000000, 0.70686597, 4.7742171, 9.2241735, 9.4952335, 9.7498531, 9.8575220, 9.9370251, 19.988127, 19.996893, 19.996025, 19.944008, 0.29774186, 0.34224135, 0.34495214, 0.34749851, 0.34857520, 0.34937024, 0.34994063, 0.34998447, 0.34998012, 0.34972003, 0.70686597
0.22452964, 1.0000000, 0.52365810, 2.3115010, 7.2829542, 9.3987722, 9.6602650, 9.7945299, 9.9016581, 19.978651, 19.994341, 19.990252, 19.925076, 0.27311417, 0.32282794, 0.34398669, 0.34660244, 0.34794518, 0.34901655, 0.34989327, 0.34997171, 0.34995127, 0.34962538, 0.52365810
0.18453877, 1.0000000, 0.37876365, 1.1366606, 4.4430437, 9.3488932, 9.6149969, 9.7581692, 9.8784456, 19.971586, 19.992172, 19.981709, 19.909281, 0.26136562, 0.29442814, 0.34348652, 0.34614947, 0.34758145, 0.34878436, 0.34985793, 0.34996086, 0.34990853, 0.34954640, 0.37876365
0.17796910, 1.0000000, 0.35496053, 1.7658830, 2.9180737, 8.7161102, 9.6163073, 9.7535410, 9.8716555, 19.967138, 19.990170, 19.970703, 19.896608, 0.26765567, 0.27917761, 0.33715641, 0.34616202, 0.34753487, 0.34871638, 0.34983569, 0.34995085, 0.34985352, 0.34948304, 0.35496053
0.35599911, 1.0000000, 0.99999678, 9.9999990, 9.9999990, 9.9999990, 9.9999990, 9.9999990, 9.9999990, 19.999998, 19.999998, 19.999998, 19.998999, 0.34999955, 0.34999973, 0.34999987, 0.34999996, 0.34999999, 0.34999999, 0.34999999, 0.34999999, 0.34999999, 0.34999499, 0.99999678
0.33399725, 1.0000000, 0.92027992, 8.7769442, 9.5274057, 9.7290430, 9.9188747, 9.9581022, 9.9838362, 19.997955, 19.999474, 19.999619, 19.975210, 0.33776799, 0.34527311, 0.34728995, 0.34918866, 0.34958097, 0.34983835, 0.34998977, 0.34999737, 0.34999809, 0.34987605, 0.92027992
0.34519792, 1.0000000, 0.96086192, 9.4138594, 9.7460117, 9.8637772, 9.9653187, 9.9824009, 9.9934177, 19.999290, 19.999813, 19.999908, 19.986061, 0.34413391, 0.34745723, 0.34863630, 0.34965289, 0.34982386, 0.34993410, 0.34999645, 0.34999907, 0.34999955, 0.34993032, 0.96086192
0.35168314, 1.0000000, 0.98435926, 9.7776594, 9.8817282, 9.9392843, 9.9869432, 9.9934502, 9.9977417, 19.999928, 19.999981, 19.999983, 19.990009, 0.34777457, 0.34881607, 0.34939221, 0.34986931, 0.34993446, 0.34997740, 0.34999964, 0.34999990, 0.34999990, 0.34995005, 0.98435926
0.35463136, 1.0000000, 0.99504107, 9.9310865, 9.9602251, 9.9799385, 9.9959421, 9.9979639, 9.9993200, 19.999998, 19.999998, 19.999983, 19.990009, 0.34931037, 0.34960195, 0.34979925, 0.34995940, 0.34997961, 0.34999320, 0.34999999, 0.34999999, 0.34999990, 0.34995005, 0.99504107
0.35120821, 1.0000000, 0.98263836, 9.8004322, 9.8075533, 9.8990278, 9.9762001, 9.9879894, 9.9956589, 19.999664, 19.999916, 19.999958, 19.988003, 0.34800380, 0.34807524, 0.34899011, 0.34976196, 0.34987986, 0.34995657, 0.34999833, 0.34999958, 0.34999979, 0.34994000, 0.98263836
0.31243038, 1.0000000, 0.84213907, 7.4087443, 9.2968102, 9.5647507, 9.8297176, 9.9087658, 9.9626083, 19.994022, 19.998438, 19.998873, 19.964638, 0.32408652, 0.34296739, 0.34564716, 0.34829709, 0.34908763, 0.34962609, 0.34997010, 0.34999219, 0.34999436, 0.34982318, 0.84213907
0.26239640, 1.0000000, 0.66085643, 3.8640096, 9.2139091, 9.4863863, 9.7395992, 9.8498821, 9.9329338, 19.987442, 19.996708, 19.995855, 19.943159, 0.28863844, 0.34213674, 0.34486264, 0.34739575, 0.34849870, 0.34932932, 0.34993720, 0.34998354, 0.34997928, 0.34971580, 0.66085643
0.22157329, 1.0000000, 0.51294667, 2.0620406, 7.3233972, 9.4309874, 9.6779661, 9.8038998, 9.9055405, 19.979765, 19.994616, 19.990095, 19.924397, 0.27061933, 0.32323167, 0.34430838, 0.34677935, 0.34803885, 0.34905535, 0.34989882, 0.34997308, 0.34995049, 0.34962198, 0.51294667
0.34863210, 1.0000000, 0.97330457, 9.6114283, 9.8110800, 9.9011230, 9.9774790, 9.9886475, 9.9959984, 19.999790, 19.999945, 19.999964, 19.989016, 0.34611025, 0.34810832, 0.34900999, 0.34977454, 0.34988636, 0.34995994, 0.34999895, 0.34999973, 0.34999982, 0.34994507, 0.97330457
0.34582871, 1.0000000, 0.96314746, 9.5829563, 9.5914278, 9.7675657, 9.9345589, 9.9664412, 9.9872274, 19.998508, 19.999611, 19.999853, 19.985031, 0.34582904, 0.34591398, 0.34767550, 0.34934556, 0.34966439, 0.34987229, 0.34999254, 0.34999806, 0.34999925, 0.34992516, 0.96314746
0.33045036, 1.0000000, 0.90742868, 8.6317043, 9.3994102, 9.6297636, 9.8543949, 9.9215450, 9.9681854, 19.995459, 19.998806, 19.998762, 19.961901, 0.33631504, 0.34399280, 0.34629697, 0.34854379, 0.34921539, 0.34968182, 0.34997728, 0.34999403, 0.34999382, 0.34980950, 0.90742868
0.28825864, 1.0000000, 0.75456023, 5.6514792, 9.3181324, 9.5561304, 9.7777042, 9.8725719, 9.9437551, 19.990122, 19.997400, 19.995548, 19.940731, 0.30651325, 0.34317979, 0.34556052, 0.34777689, 0.34872565, 0.34943751, 0.34995061, 0.34998700, 0.34997773, 0.34970367, 0.75456023
0.33602846, 1.0000000, 0.92763931, 9.1033726, 9.3379850, 9.5550365, 9.7559128, 9.8526268, 9.9305840, 19.986771, 19.996435, 19.989742, 19.922379, 0.34103283, 0.34337932, 0.34555009, 0.34755906, 0.34852624, 0.34930584, 0.34993386, 0.34998217, 0.34994870, 0.34961188, 0.92763931
0.34352773, 1.0000000, 0.95481068, 9.3175268, 9.7136974, 9.8456354, 9.9609146, 9.9801579, 9.9926682, 19.999296, 19.999821, 19.999928, 19.988997, 0.34317383, 0.34713608, 0.34845591, 0.34960905, 0.34980151, 0.34992665, 0.34999648, 0.34999910, 0.34999964, 0.34994498, 0.95481068
0.28542477, 1.0000000, 0.74429256, 5.4980435, 9.2447433, 9.5236483, 9.7973852, 9.8897018, 9.9537745, 19.992081, 19.997919, 19.998787, 19.965542, 0.30497926, 0.34244627, 0.34523588, 0.34797373, 0.34889695, 0.34953770, 0.34996039, 0.34998959, 0.34999394, 0.34982771, 0.74429256
0.23353784, 1.0000000, 0.55629647, 2.7439535, 7.6320958, 9.4272518, 9.6890678, 9.8166409, 9.9156408, 19.983118, 19.995548, 19.995697, 19.943930, 0.27743757, 0.32631767, 0.34427050, 0.34689027, 0.34816620, 0.34915635, 0.34991559, 0.34997773, 0.34997848, 0.34971964, 0.55629647
0.21702708, 1.0000000, 0.49647495, 2.3331971, 6.3251419, 9.4324465, 9.6578865, 9.7863932, 9.8937635, 19.975916, 19.993553, 19.990053, 19.925030, 0.27332976, 0.31324783, 0.34432179, 0.34657833, 0.34786367, 0.34893754, 0.34987956, 0.34996778, 0.34995025, 0.34962514, 0.49647495
0.34803289, 1.0000000, 0.97113353, 9.7101421, 9.6436682, 9.7927008, 9.9038820, 9.8436842, 9.9046144, 19.974649, 19.992863, 19.981911, 19.909334, 0.34710091, 0.34643638, 0.34792686, 0.34903878, 0.34843680, 0.34904614, 0.34987324, 0.34996432, 0.34990954, 0.34954667, 0.97113353
0.35597616, 1.0000000, 0.99991363, 9.9990788, 9.9994450, 9.9997253, 9.9999456, 9.9999723, 9.9999876, 19.999998, 19.999998, 19.999996, 19.993994, 0.34998813, 0.34999284, 0.34999645, 0.34999931, 0.34999964, 0.34999985, 0.34999999, 0.34999999, 0.34999996, 0.34996998, 0.99991363
0.35398221, 1.0000000, 0.99268913, 9.9775076, 9.8978844, 9.8080502, 9.9379435, 9.9681330, 9.9879913, 19.998730, 19.999659, 19.999500, 19.970406, 0.34977457, 0.34897855, 0.34808037, 0.34937939, 0.34968129, 0.34987992, 0.34999365, 0.34999830, 0.34999749, 0.34985203, 0.99268913
0.30636781, 1.0000000, 0.82017320, 6.9642115, 9.3094530, 9.5611572, 9.8129339, 9.8981142, 9.9575291, 19.993057, 19.998180, 19.997122, 19.948366, 0.31964174, 0.34309420, 0.34561142, 0.34812930, 0.34898111, 0.34957528, 0.34996527, 0.34999090, 0.34998560, 0.34974182, 0.82017320
0.24757361, 1.0000000, 0.60715079, 2.9321284, 9.0019569, 9.4461784, 9.7050896, 9.8273535, 9.9211693, 19.984608, 19.995935, 19.992001, 19.928816, 0.27931929, 0.34001592, 0.34445989, 0.34705052, 0.34827334, 0.34921163, 0.34992304, 0.34997967, 0.34996000, 0.34964406, 0.60715079
0.21907185, 1.0000000, 0.50388348, 2.2292585, 6.7550998, 9.4123507, 9.6576614, 9.7886305, 9.8958874, 19.976534, 19.993582, 19.984022, 19.912365, 0.27229086, 0.31754783, 0.34412131, 0.34657618, 0.34788606, 0.34895879, 0.34988266, 0.34996790, 0.34992009, 0.34956181, 0.50388348
0.18083538, 1.0000000, 0.36534557, 1.0506272, 4.1287003, 9.3688278, 9.6194487, 9.7584419, 9.8757019, 19.968538, 19.990818, 19.973261, 19.898985, 0.26050547, 0.29128510, 0.34368613, 0.34619403, 0.34758419, 0.34875694, 0.34984270, 0.34995410, 0.34986630, 0.34949493, 0.36534557
0.15229936, 0.87309331, 0.26195419, 0.21338463, 2.5857420, 8.3619862, 9.5887451, 9.7356405, 9.8615294, 19.962248, 19.987682, 19.960495, 19.888536, 0.25213346, 0.27585462, 0.33361530, 0.34588641, 0.34735587, 0.34861511, 0.34981126, 0.34993842, 0.34980246, 0.34944269, 0.26195419
0.13664642, 0.68406713, 0.20524067, 0.0000000, 1.7846644, 6.8995471, 9.5724669, 9.7228222, 9.8525734, 19.956005, 19.983278, 19.946505, 19.880547, 0.24993545, 0.26784331, 0.31898901, 0.34572288, 0.34722731, 0.34852543, 0.34978002, 0.34991640, 0.34973252, 0.34940273, 0.20524067
0.12304060, 0.51976210, 0.15594423, 0.0000000, 0.98482668, 5.2258677, 9.5241766, 9.6911583, 9.8358536, 19.948647, 19.976871, 19.932247, 19.874531, 0.24993545, 0.25984612, 0.30225298, 0.34523967, 0.34691054, 0.34835818, 0.34974325, 0.34988436, 0.34966123, 0.34937266, 0.15594423
0.11054121, 0.36881828, 0.11065655, 0.0000000, 0.36072433, 3.4686153, 9.4738674, 9.6573296, 9.8183231, 19.942345, 19.968739, 19.918707, 19.870106, 0.24993545, 0.25360626, 0.28468135, 0.34473604, 0.34657195, 0.34818277, 0.34971172, 0.34984368, 0.34959352, 0.34935051, 0.11065655
0.10198957, 0.26554790, 0.79672337E-1, 0.0000000, 0.0000000, 2.2712560, 8.7629004, 9.6163397, 9.7963448, 19.936211, 19.958792, 19.906498, 19.866858, 0.24993545, 0.24996580, 0.27270818, 0.33762565, 0.34616154, 0.34796283, 0.34968105, 0.34979397, 0.34953249, 0.34933430, 0.79672337E-1
0.97209573E-1, 0.20782435, 0.62353540E-1, 0.0000000, 0.0000000, 1.3691485, 7.5347247, 9.5572653, 9.7650108, 19.929674, 19.947289, 19.895926, 19.864494, 0.24993545, 0.24996580, 0.26368827, 0.32534370, 0.34557039, 0.34764934, 0.34964836, 0.34973645, 0.34947962, 0.34932247, 0.62353540E-1
0.93576588E-1, 0.16395208, 0.49190544E-1, 0.0000000, 0.0000000, 0.74658096, 6.2763944, 9.5317831, 9.7492266, 19.923529, 19.935104, 19.887152, 19.862806, 0.24993545, 0.24996580, 0.25746146, 0.31275663, 0.34531230, 0.34749037, 0.34961766, 0.34967554, 0.34943575, 0.34931403, 0.49190544E-1
0.17902839, 1.0000000, 0.35879853, 2.0402491, 2.9664993, 8.0268641, 9.3469896, 9.6748123, 9.8124294, 19.919130, 19.923326, 19.880207, 19.861639, 0.27039498, 0.27965844, 0.33025977, 0.34346783, 0.34674704, 0.34812394, 0.34959567, 0.34961665, 0.34940103, 0.34930819, 0.35879853
0.35595828, 1.0000000, 0.99984878, 9.9988909, 9.9993343, 9.9996681, 9.9999342, 9.9999666, 9.9999905, 19.999998, 19.999998, 19.999998, 19.994993, 0.34997919, 0.34998751, 0.34999377, 0.34999874, 0.34999937, 0.34999982, 0.34999999, 0.34999999, 0.34999999, 0.34997496, 0.99984878
0.35554147, 1.0000000, 0.99833858, 9.9998322, 9.9979477, 9.9025412, 9.9728394, 9.9862623, 9.9950457, 19.999630, 19.999908, 19.999958, 19.988003, 0.34999487, 0.34997740, 0.34902442, 0.34972820, 0.34986255, 0.34995043, 0.34999815, 0.34999955, 0.34999979, 0.34994000, 0.99833858
0.32088670, 1.0000000, 0.87277782, 7.8939805, 9.4468031, 9.6735039, 9.8918924, 9.9435158, 9.9775658, 19.996702, 19.999140, 19.999720, 19.984009, 0.32893881, 0.34446731, 0.34673467, 0.34891886, 0.34943512, 0.34977567, 0.34998351, 0.34999570, 0.34999859, 0.34992003, 0.87277782
0.30734876, 1.0000000, 0.82372731, 6.9953861, 9.3496532, 9.6037846, 9.8531237, 9.9220200, 9.9681730, 19.994802, 19.998652, 19.999548, 19.981998, 0.31995201, 0.34349504, 0.34603709, 0.34853110, 0.34922013, 0.34968171, 0.34997401, 0.34999326, 0.34999773, 0.34990999, 0.82372731
0.24680133, 1.0000000, 0.60435265, 2.9416828, 8.8909941, 9.4458504, 9.7168083, 9.8372869, 9.9273720, 19.986031, 19.996351, 19.997862, 19.958967, 0.27941522, 0.33890703, 0.34445697, 0.34716776, 0.34837273, 0.34927365, 0.34993017, 0.34998176, 0.34998930, 0.34979483, 0.60435265
0.21358524, 1.0000000, 0.48400450, 1.9325078, 6.5767589, 9.4282331, 9.6790209, 9.8039770, 9.9061670, 19.980812, 19.994896, 19.994301, 19.938129, 0.26932186, 0.31576100, 0.34427762, 0.34678924, 0.34803930, 0.34906149, 0.34990406, 0.34997448, 0.34997150, 0.34969065, 0.48400450
0.18121177, 1.0000000, 0.36670932, 1.0279506, 4.2028480, 9.3808632, 9.6408701, 9.7746944, 9.8873911, 19.975273, 19.993288, 19.987934, 19.920155, 0.26027861, 0.29202628, 0.34380615, 0.34640819, 0.34774667, 0.34887382, 0.34987637, 0.34996644, 0.34993967, 0.34960076, 0.36670932
0.15318856, 0.88383120, 0.26517588, 0.20185709, 2.7133198, 8.3579063, 9.5972233, 9.7434731, 9.8682117, 19.968449, 19.991020, 19.978598, 19.905277, 0.25201803, 0.27712888, 0.33357242, 0.34597072, 0.34743395, 0.34868184, 0.34984225, 0.34995511, 0.34989297, 0.34952638, 0.26517588
0.13579571, 0.67379379, 0.20215836, 0.0000000, 1.7833143, 6.7017136, 9.5535831, 9.7129145, 9.8503475, 19.961466, 19.988098, 19.966738, 19.893404, 0.24993303, 0.26782948, 0.31701025, 0.34553385, 0.34712815, 0.34850314, 0.34980732, 0.34994048, 0.34983370, 0.34946701, 0.20215836
0.12343234, 0.52449262, 0.15736353, 0.0000000, 1.0616779, 5.1634336, 9.5375328, 9.6994667, 9.8406649, 19.955130, 19.984282, 19.953259, 19.884253, 0.24993303, 0.26061386, 0.30162722, 0.34537271, 0.34699333, 0.34840620, 0.34977564, 0.34992141, 0.34976628, 0.34942126, 0.15736353
0.11301801, 0.39872831, 0.11963046, 0.0000000, 0.51783323, 3.7408302, 9.5238361, 9.6892538, 9.8341465, 19.949791, 19.979233, 19.939110, 19.877333, 0.24993303, 0.25517401, 0.28739268, 0.34523040, 0.34688848, 0.34834009, 0.34974897, 0.34989616, 0.34969556, 0.34938666, 0.11963046
0.10422728, 0.29257074, 0.87779999E-1, 0.0000000, 0.71150064E-1, 2.6209502, 8.9949732, 9.6455736, 9.8136187, 19.944397, 19.972321, 19.925215, 19.872177, 0.24993303, 0.25071070, 0.27619454, 0.33993945, 0.34645024, 0.34813431, 0.34972197, 0.34986159, 0.34962606, 0.34936088, 0.87779999E-1
0.10022098, 0.24419031, 0.73264420E-1, 0.0000000, 0.0000000, 1.9554198, 8.1961184, 9.6374922, 9.8067846, 19.939701, 19.963690, 19.912390, 19.868387, 0.24993303, 0.24998736, 0.26954609, 0.33195439, 0.34637094, 0.34806651, 0.34969851, 0.34981844, 0.34956196, 0.34934193, 0.73264420E-1
0.35234445, 1.0000000, 0.98675525, 9.8133039, 9.8983812, 9.9480848, 9.9891062, 9.9945364, 9.9981422, 19.999969, 19.999992, 19.999983, 19.990009, 0.34812742, 0.34898043, 0.34947914, 0.34989074, 0.34994519, 0.34998137, 0.34999985, 0.34999996, 0.34999990, 0.34995005, 0.98675525
0.33762687, 1.0000000, 0.93343055, 9.0573883, 9.5122604, 9.7040701, 9.9079494, 9.9522705, 9.9818325, 19.998043, 19.999493, 19.999260, 19.966581, 0.34057239, 0.34512168, 0.34704024, 0.34907940, 0.34952265, 0.34981829, 0.34999022, 0.34999746, 0.34999630, 0.34983289, 0.93343055
0.29806107, 1.0000000, 0.79007632, 6.3570642, 9.3145504, 9.5692806, 9.8143988, 9.8981361, 9.9575882, 19.993492, 19.998306, 19.996574, 19.944925, 0.31356803, 0.34314319, 0.34569162, 0.34814376, 0.34898123, 0.34957585, 0.34996745, 0.34999153, 0.34998286, 0.34972462, 0.79007632
0.24426675, 1.0000000, 0.59516937, 2.9898882, 8.5064430, 9.4446974, 9.7089863, 9.8297863, 9.9232540, 19.986353, 19.996389, 19.991085, 19.925886, 0.27989697, 0.33506119, 0.34444517, 0.34708950, 0.34829769, 0.34923249, 0.34993178, 0.34998196, 0.34995544, 0.34962943, 0.59516937
0.20183805, 1.0000000, 0.44144219, 1.6453356, 5.6685138, 9.3743706, 9.6398106, 9.7785501, 9.8927832, 19.978460, 19.994078, 19.982626, 19.909931, 0.26645124, 0.30668080, 0.34374011, 0.34639737, 0.34778512, 0.34892771, 0.34989232, 0.34997040, 0.34991312, 0.34954965, 0.44144219
0.16997686, 1.0000000, 0.32600307, 0.76034069, 3.2983012, 9.3738489, 9.6243715, 9.7614222, 9.8782969, 19.972507, 19.991793, 19.971605, 19.897102, 0.25760207, 0.28297949, 0.34373349, 0.34624270, 0.34761372, 0.34878278, 0.34986255, 0.34995896, 0.34985802, 0.34948552, 0.32600307
0.14846861, 0.82683283, 0.24807467, 0.10930598, 2.2945790, 8.3585300, 9.6155787, 9.7523823, 9.8700581, 19.966927, 19.988750, 19.958614, 19.887104, 0.25109285, 0.27294320, 0.33358058, 0.34615472, 0.34752327, 0.34870040, 0.34983462, 0.34994376, 0.34979308, 0.34943551, 0.24807467
0.13662364, 0.68379194, 0.20515810, 0.0000000, 1.6721100, 7.1110358, 9.6027813, 9.7432156, 9.8640661, 19.962103, 19.984577, 19.944632, 19.879488, 0.24998319, 0.26671705, 0.32110175, 0.34602550, 0.34743097, 0.34864026, 0.34981051, 0.34992290, 0.34972316, 0.34939745, 0.20515810
0.12851447, 0.58586496, 0.17577706, 0.17488599, 1.0923177, 5.7357955, 9.5792990, 9.7270212, 9.8555241, 19.957788, 19.978786, 19.930616, 19.873812, 0.25174794, 0.26091969, 0.30734885, 0.34578994, 0.34726867, 0.34855470, 0.34978893, 0.34989393, 0.34965307, 0.34936905, 0.17577706
0.12280966, 0.51697326, 0.15510748, 0.20457506, 0.81995130, 4.7958369, 9.6102095, 9.7452679, 9.8637352, 19.956924, 19.972010, 19.917597, 19.869658, 0.25204417, 0.25819570, 0.29794723, 0.34609762, 0.34745041, 0.34863657, 0.34978461, 0.34986004, 0.34958798, 0.34934828, 0.15510748
0.11068437, 0.37054712, 0.11117525, 0.0000000, 0.38455427, 3.4380434, 9.5359077, 9.7006321, 9.8439198, 19.952496, 19.962463, 19.905697, 19.866575, 0.24998398, 0.25384435, 0.28437513, 0.34535614, 0.34700483, 0.34843868, 0.34976247, 0.34981233, 0.34952849, 0.34933287, 0.11117525
0.10684790, 0.32421759, 0.97275004E-1, 0.0000000, 0.21831393, 2.8835952, 9.3166637, 9.7356892, 9.8570147, 19.950579, 19.952133, 19.895653, 19.864399, 0.24998398, 0.25218242, 0.27883124, 0.34316361, 0.34735531, 0.34856960, 0.34975290, 0.34976065, 0.34947827, 0.34932199, 0.97275004E-1
0.10284799, 0.27591428, 0.82782567E-1, 0.0000000, 0.20882487E-1, 2.4146616, 8.8149853, 9.7157335, 9.8491764, 19.946289, 19.940372, 19.887199, 19.862806, 0.24998398, 0.25020877, 0.27414280, 0.33814707, 0.34715581, 0.34849125, 0.34973145, 0.34970185, 0.34943599, 0.34931403, 0.82782567E-1
0.11417145, 0.41265741, 0.12380961, 0.99246800, 0.0000000, 1.9892693, 8.2918301, 9.7067280, 9.8435421, 19.940382, 19.928141, 19.880322, 19.861649, 0.25992301, 0.24999364, 0.26989168, 0.33291745, 0.34706682, 0.34843525, 0.34970191, 0.34964070, 0.34940159, 0.34930825, 0.12380961
0.13910927, 0.71380866, 0.21416402, 1.5629500, 2.2358270, 1.7161041, 7.8963895, 9.7301092, 9.8516083, 19.932886, 19.916098, 19.874849, 19.860826, 0.26562828, 0.27235723, 0.26716062, 0.32896352, 0.34730086, 0.34851599, 0.34966442, 0.34958050, 0.34937423, 0.34930414, 0.21416402
0.12042672, 0.48819661, 0.14647363, 0.71593821, 1.5791357, 1.4263153, 7.4701562, 9.7243462, 9.8488979, 19.924404, 19.904959, 19.870605, 19.860239, 0.25715804, 0.26578960, 0.26426235, 0.32470071, 0.34724292, 0.34848881, 0.34962201, 0.34952480, 0.34935302, 0.34930119, 0.14647363
0.14843041, 0.82637155, 0.24793626, 1.9447029, 2.1399438, 2.8080821, 8.2768383, 9.7613926, 9.8644943, 19.918081, 19.895796, 19.867552, 19.859863, 0.26944402, 0.27139744, 0.27807951, 0.33276761, 0.34761348, 0.34864479, 0.34959042, 0.34947899, 0.34933776, 0.34929931, 0.24793626
0.12825850, 0.58277380, 0.17484963, 0.98778605, 1.5307397, 2.4221630, 7.8924403, 9.7417879, 9.8551292, 19.907339, 19.886999, 19.864990, 19.859550, 0.25987655, 0.26530617, 0.27422068, 0.32892379, 0.34741750, 0.34855118, 0.34953669, 0.34943500, 0.34932494, 0.34929776, 0.17484963
0.12363946, 0.52699393, 0.15811399, 0.83599389, 1.3260186, 2.2664695, 7.6516948, 9.7750578, 9.8684225, 19.901155, 19.880785, 19.863365, 19.859386, 0.25835830, 0.26325864, 0.27266335, 0.32651606, 0.34775001, 0.34868404, 0.34950578, 0.34940392, 0.34931684, 0.34929693, 0.15811399
0.12326875, 0.52251726, 0.15677086, 0.99820197, 1.1171758, 2.0985901, 7.4240808, 9.7810450, 9.8712196, 19.894632, 19.875656, 19.862146, 19.859299, 0.25998044, 0.26117072, 0.27098492, 0.32424009, 0.34780997, 0.34871206, 0.34947318, 0.34937829, 0.34931073, 0.34929651, 0.15677086
0.10952017, 0.35648814, 0.10695714, 0.37460029, 0.70868134, 1.7563432, 7.0351529, 9.7335205, 9.8499708, 19.885813, 19.870893, 19.861076, 19.859205, 0.25374517, 0.25708586, 0.26756224, 0.32035059, 0.34733456, 0.34849951, 0.34942907, 0.34935448, 0.34930539, 0.34929603, 0.10695714
0.14590880, 0.79592025, 0.23879996, 1.7640978, 2.2075772, 2.7863204, 7.6866875, 9.7370071, 9.8482342, 19.879677, 19.867596, 19.860411, 19.859169, 0.26763889, 0.27207422, 0.27786222, 0.32686633, 0.34736973, 0.34848222, 0.34939837, 0.34933800, 0.34930205, 0.34929585, 0.23879996
0.15397994, 0.89338821, 0.26804328, 1.9093722, 2.3934245, 3.5557792, 9.3088703, 9.7371349, 9.8443050, 19.872124, 19.864477, 19.859768, 19.859087, 0.26909137, 0.27393249, 0.28555650, 0.34308800, 0.34737098, 0.34844294, 0.34936062, 0.34932238, 0.34929883, 0.34929544, 0.26804328
0.12949193, 0.59766877, 0.17931856, 0.85882545, 1.6358465, 2.6869268, 9.1744871, 9.7108631, 9.8307648, 19.864725, 19.861780, 19.859222, 19.858986, 0.25858754, 0.26635766, 0.27686861, 0.34174442, 0.34710839, 0.34830755, 0.34932363, 0.34930891, 0.34929612, 0.34929493, 0.17931856
0.22170636, 1.0000000, 0.51342881, 2.6533306, 6.8398490, 8.5668268, 9.2101803, 9.6992702, 9.8225784, 19.858639, 19.859720, 19.858826, 19.858887, 0.27653095, 0.31839484, 0.33566597, 0.34210134, 0.34699243, 0.34822568, 0.34929320, 0.34929860, 0.34929413, 0.34929442, 0.51342881
0.24149653, 1.0000000, 0.58513230, 2.8075905, 8.5239983, 9.3799915, 9.5995150, 9.7450514, 9.8393316, 19.855650, 19.858604, 19.858614, 19.858828, 0.27807567, 0.33523956, 0.34379968, 0.34599510, 0.34745049, 0.34839332, 0.34927824, 0.34929302, 0.34929305, 0.34929413, 0.58513230
0.35525453, 1.0000000, 0.99729902, 9.9731998, 9.9841242, 9.9866915, 9.9022951, 9.7889051, 9.8575726, 19.855434, 19.858292, 19.858566, 19.858828, 0.34973142, 0.34984091, 0.34986675, 0.34902292, 0.34788904, 0.34857571, 0.34927717, 0.34929144, 0.34929281, 0.34929413, 0.99729902
0.32417887, 1.0000000, 0.88470590, 8.1284027, 9.4806032, 9.6615868, 9.7741442, 9.7962704, 9.8609362, 19.853951, 19.857752, 19.858423, 19.858805, 0.33128357, 0.34480569, 0.34661570, 0.34774140, 0.34796268, 0.34860936, 0.34926975, 0.34928876, 0.34929210, 0.34929401, 0.88470590
0.31161469, 1.0000000, 0.83918369, 7.3985457, 9.2688150, 9.5015621, 9.6959648, 9.7798128, 9.8530159, 19.850201, 19.856684, 19.858177, 19.858757, 0.32398346, 0.34268665, 0.34501484, 0.34695950, 0.34779805, 0.34853014, 0.34925100, 0.34928343, 0.34929088, 0.34929377, 0.83918369
0.31325933, 1.0000000, 0.84514248, 7.5701094, 9.2054424, 9.4581194, 9.6747274, 9.7736435, 9.8502111, 19.848728, 19.856241, 19.858107, 19.858757, 0.32570007, 0.34205368, 0.34458080, 0.34674719, 0.34773639, 0.34850210, 0.34924364, 0.34928119, 0.34929055, 0.34929377, 0.84514248
0.35599887, 1.0000000, 0.99999589, 9.9999990, 9.9999990, 9.9999990, 9.9999990, 9.9999990, 9.9999990, 19.999998, 19.999998, 19.999998, 19.998999, 0.34999943, 0.34999967, 0.34999982, 0.34999996, 0.34999996, 0.34999999, 0.34999999, 0.34999999, 0.34999999, 0.34999499, 0.99999589
0.33117348, 1.0000000, 0.91004872, 8.5556307, 9.5499563, 9.7424116, 9.9239330, 9.9607544, 9.9849873, 19.998234, 19.999540, 19.999643, 19.975222, 0.33554661, 0.34549308, 0.34742081, 0.34923863, 0.34960720, 0.34984976, 0.34999117, 0.34999770, 0.34999821, 0.34987611, 0.91004872
0.29768983, 1.0000000, 0.78873122, 6.2786036, 9.3778296, 9.6127615, 9.8389158, 9.9123478, 9.9635963, 19.994188, 19.998486, 19.997807, 19.952765, 0.31277505, 0.34376845, 0.34612259, 0.34838811, 0.34912297, 0.34963578, 0.34997094, 0.34999242, 0.34998903, 0.34976381, 0.78873122
0.26877841, 1.0000000, 0.68397969, 4.2057638, 9.3586874, 9.5870981, 9.7973375, 9.8832731, 9.9484882, 19.991175, 19.997690, 19.993670, 19.932697, 0.29205102, 0.34357801, 0.34586644, 0.34797245, 0.34883225, 0.34948474, 0.34995586, 0.34998846, 0.34996834, 0.34966350, 0.68397969
0.35599685, 1.0000000, 0.99998844, 9.9999990, 9.9999990, 9.9999990, 9.9999990, 9.9999990, 9.9999990, 19.999998, 19.999998, 19.999998, 19.998999, 0.34999841, 0.34999904, 0.34999952, 0.34999990, 0.34999993, 0.34999996, 0.34999999, 0.34999999, 0.34999999, 0.34999499, 0.99998844
0.35599679, 1.0000000, 0.99998832, 9.9999990, 9.9999990, 9.9999990, 9.9999990, 9.9999990, 9.9999990, 19.999998, 19.999992, 19.999998, 19.998999, 0.34999838, 0.34999904, 0.34999952, 0.34999990, 0.34999993, 0.34999996, 0.34999999, 0.34999996, 0.34999999, 0.34999499, 0.99998832
0.33690345, 1.0000000, 0.93080962, 9.0371876, 9.4683590, 9.6874304, 9.8951368, 9.9452229, 9.9778481, 19.996351, 19.999044, 19.999512, 19.975185, 0.34037131, 0.34468323, 0.34687412, 0.34895134, 0.34945220, 0.34977847, 0.34998176, 0.34999523, 0.34999755, 0.34987593, 0.93080962
0.29753989, 1.0000000, 0.78818798, 6.3095617, 9.3307886, 9.5758476, 9.8082056, 9.8934622, 9.9540443, 19.991508, 19.997776, 19.997597, 19.952724, 0.31308448, 0.34329799, 0.34575340, 0.34808102, 0.34893408, 0.34954026, 0.34995753, 0.34998888, 0.34998798, 0.34976363, 0.78818798
0.25623390, 1.0000000, 0.63852859, 3.3786473, 9.2631016, 9.5165806, 9.7490311, 9.8524370, 9.9325418, 19.986929, 19.996557, 19.993349, 19.932650, 0.28378314, 0.34262553, 0.34516296, 0.34748974, 0.34852406, 0.34932533, 0.34993464, 0.34998280, 0.34996673, 0.34966326, 0.63852859
0.35599470, 1.0000000, 0.99998075, 9.9998951, 9.9999371, 9.9999666, 9.9999933, 9.9999962, 9.9999990, 19.999998, 19.999998, 19.999998, 19.997997, 0.34999734, 0.34999841, 0.34999919, 0.34999985, 0.34999990, 0.34999996, 0.34999999, 0.34999999, 0.34999999, 0.34998998, 0.99998075
0.35599905, 1.0000000, 0.99999648, 9.9999990, 9.9999990, 9.9999990, 9.9999990, 9.9999990, 9.9999990, 19.999998, 19.999998, 19.999998, 19.998999, 0.34999952, 0.34999970, 0.34999985, 0.34999996, 0.34999999, 0.34999999, 0.34999999, 0.34999999, 0.34999999, 0.34999499, 0.99999648
0.35599715, 1.0000000, 0.99998957, 9.9999008, 9.9999399, 9.9999695, 9.9999933, 9.9999962, 9.9999990, 19.999998, 19.999998, 19.999998, 19.997997, 0.34999856, 0.34999913, 0.34999955, 0.34999990, 0.34999996, 0.34999999, 0.34999999, 0.34999999, 0.34999999, 0.34998998, 0.99998957
0.35599720, 1.0000000, 0.99998975, 9.9999037, 9.9999428, 9.9999666, 9.9999933, 9.9999990, 9.9999990, 19.999998, 19.999998, 19.999998, 19.996996, 0.34999859, 0.34999916, 0.34999952, 0.34999990, 0.34999999, 0.34999999, 0.34999999, 0.34999999, 0.34999999, 0.34998497, 0.99998975
0.35567683, 1.0000000, 0.99882907, 9.9839506, 9.9904528, 9.9952154, 9.9990396, 9.9995165, 9.9998417, 19.999998, 19.999998, 19.999990, 19.991999, 0.34983858, 0.34990397, 0.34995189, 0.34999034, 0.34999514, 0.34999841, 0.34999999, 0.34999999, 0.34999996, 0.34996000, 0.99882907
0.33025908, 1.0000000, 0.90673572, 8.5088892, 9.5256357, 9.7237244, 9.9148760, 9.9558687, 9.9831028, 19.998051, 19.999498, 19.999352, 19.968475, 0.33508840, 0.34525603, 0.34723705, 0.34914872, 0.34955865, 0.34983104, 0.34999025, 0.34999749, 0.34999675, 0.34984237, 0.90673572
0.35598773, 1.0000000, 0.99995542, 9.9994364, 9.9996595, 9.9998322, 9.9999666, 9.9999819, 9.9999933, 19.999998, 19.999998, 19.999998, 19.994993, 0.34999385, 0.34999630, 0.34999818, 0.34999964, 0.34999982, 0.34999993, 0.34999999, 0.34999999, 0.34999999, 0.34997496, 0.99995542
0.35599571, 1.0000000, 0.99998444, 9.9998360, 9.9999008, 9.9999514, 9.9999905, 9.9999905, 9.9999990, 19.999998, 19.999998, 19.999998, 19.995995, 0.34999785, 0.34999871, 0.34999937, 0.34999987, 0.34999987, 0.34999999, 0.34999999, 0.34999999, 0.34999999, 0.34997997, 0.99998444
0.35599679, 1.0000000, 0.99998826, 9.9998922, 9.9999342, 9.9999695, 9.9999933, 9.9999933, 9.9999990, 19.999998, 19.999998, 19.999998, 19.996996, 0.34999838, 0.34999901, 0.34999955, 0.34999990, 0.34999990, 0.34999999, 0.34999999, 0.34999999, 0.34999999, 0.34998497, 0.99998826
0.33896732, 1.0000000, 0.93828738, 9.0558729, 9.6274881, 9.7922421, 9.9453506, 9.9720888, 9.9898739, 19.999266, 19.999807, 19.999727, 19.975601, 0.34055823, 0.34627455, 0.34792224, 0.34945348, 0.34972087, 0.34989876, 0.34999633, 0.34999904, 0.34999865, 0.34987801, 0.93828738
0.35582727, 1.0000000, 0.99937415, 9.9914312, 9.9948845, 9.9974403, 9.9994869, 9.9997368, 9.9999161, 19.999998, 19.999998, 19.999989, 19.991005, 0.34991381, 0.34994856, 0.34997424, 0.34999484, 0.34999737, 0.34999916, 0.34999999, 0.34999999, 0.34999993, 0.34995502, 0.99937415
0.33889103, 1.0000000, 0.93801099, 9.0964651, 9.5704975, 9.7566910, 9.9301367, 9.9640846, 9.9863186, 19.998413, 19.999588, 19.999855, 19.986019, 0.34096366, 0.34570435, 0.34756657, 0.34930131, 0.34964082, 0.34986317, 0.34999207, 0.34999794, 0.34999928, 0.34993011, 0.93801099
0.28533205, 1.0000000, 0.74395669, 5.4823976, 9.2569456, 9.5290689, 9.7965870, 9.8884888, 9.9539175, 19.993153, 19.998222, 19.998686, 19.962788, 0.30482316, 0.34256867, 0.34529027, 0.34796578, 0.34888485, 0.34953916, 0.34996575, 0.34999111, 0.34999344, 0.34981394, 0.74395669
0.23823114, 1.0000000, 0.57330120, 2.8566420, 7.9944935, 9.4536829, 9.7121124, 9.8308191, 9.9245262, 19.988014, 19.996870, 19.995577, 19.941505, 0.27856505, 0.32994264, 0.34453550, 0.34712085, 0.34830806, 0.34924519, 0.34994006, 0.34998435, 0.34997788, 0.34970754, 0.57330120
0.20859481, 1.0000000, 0.46592325, 1.9839197, 5.8799129, 9.4417458, 9.6867304, 9.8072615, 9.9081726, 19.984470, 19.995863, 19.989868, 19.923046, 0.26983750, 0.30879608, 0.34441501, 0.34686679, 0.34807238, 0.34908164, 0.34992236, 0.34997931, 0.34994933, 0.34961522, 0.46592325
0.32449514, 1.0000000, 0.88585186, 8.5163927, 8.9879007, 9.4494972, 9.6812353, 9.7986937, 9.8997669, 19.981949, 19.994928, 19.981314, 19.907700, 0.33515868, 0.33987570, 0.34449321, 0.34681201, 0.34798676, 0.34899759, 0.34990975, 0.34997463, 0.34990656, 0.34953851, 0.88585186
0.28139710, 1.0000000, 0.72969967, 5.2163372, 9.2562103, 9.4951782, 9.7028360, 9.8087540, 9.9008474, 19.979704, 19.993597, 19.970194, 19.895391, 0.30216300, 0.34256172, 0.34495157, 0.34702834, 0.34808752, 0.34900847, 0.34989852, 0.34996799, 0.34985095, 0.34947696, 0.72969967
0.24843359, 1.0000000, 0.61026663, 2.9736638, 9.0064259, 9.5074425, 9.7134027, 9.8144283, 9.9022608, 19.977865, 19.991508, 19.957235, 19.885855, 0.27973381, 0.34005907, 0.34507167, 0.34713346, 0.34814402, 0.34902251, 0.34988934, 0.34995753, 0.34978616, 0.34942928, 0.61026663
0.23225577, 1.0000000, 0.55165130, 2.3701847, 8.0579624, 9.5053883, 9.7185736, 9.8178024, 9.9039602, 19.976934, 19.988297, 19.943413, 19.878639, 0.27370092, 0.33057773, 0.34505275, 0.34718549, 0.34817791, 0.34903958, 0.34988469, 0.34994149, 0.34971708, 0.34939319, 0.55165130
0.20861442, 1.0000000, 0.46599427, 1.7126560, 6.3183117, 9.4712648, 9.6995173, 9.8072062, 9.8988609, 19.973976, 19.982836, 19.929556, 19.873199, 0.26712546, 0.31318069, 0.34471083, 0.34699479, 0.34807187, 0.34898853, 0.34986988, 0.34991419, 0.34964779, 0.34936601, 0.46599427
0.18162179, 1.0000000, 0.36819488, 1.0353744, 4.2199039, 9.4155521, 9.6636095, 9.7852631, 9.8887186, 19.970633, 19.975288, 19.916479, 19.869188, 0.26035270, 0.29219648, 0.34415269, 0.34663549, 0.34785235, 0.34888709, 0.34985316, 0.34987643, 0.34958240, 0.34934595, 0.36819488
0.16524047, 1.0000000, 0.30884227, 0.71578324, 2.9696851, 9.0243378, 9.6670513, 9.7852774, 9.8875961, 19.968355, 19.966125, 19.904890, 19.866293, 0.25715646, 0.27969342, 0.34023815, 0.34666938, 0.34785220, 0.34887579, 0.34984177, 0.34983063, 0.34952444, 0.34933147, 0.30884227
0.15372191, 0.89027220, 0.26710838, 0.47268271, 2.4689703, 8.0537214, 9.6666536, 9.7845125, 9.8867016, 19.965563, 19.955334, 19.894947, 19.864201, 0.25472590, 0.27468681, 0.33053249, 0.34666541, 0.34784457, 0.34886682, 0.34982783, 0.34977669, 0.34947473, 0.34932101, 0.26710838
0.13931325, 0.71627200, 0.21490310, 0.12605786, 1.8931806, 6.8891339, 9.6327982, 9.7642822, 9.8775187, 19.961079, 19.943317, 19.886656, 19.862684, 0.25126031, 0.26892936, 0.31888688, 0.34632674, 0.34764221, 0.34877497, 0.34980538, 0.34971660, 0.34943327, 0.34931344, 0.21490310
0.12976685, 0.60098875, 0.18031466, 0.0000000, 1.4597267, 5.8704276, 9.6326237, 9.7621794, 9.8748264, 19.955652, 19.930988, 19.879982, 19.861603, 0.24999824, 0.26459533, 0.30870038, 0.34632495, 0.34762114, 0.34874806, 0.34977826, 0.34965494, 0.34939992, 0.34930801, 0.18031466
0.12323168, 0.52206945, 0.15663651, 0.0000000, 1.1257708, 4.9594650, 9.6340599, 9.7624416, 9.8740826, 19.949530, 19.919128, 19.874767, 19.860826, 0.24999824, 0.26125598, 0.29959083, 0.34633911, 0.34762368, 0.34874058, 0.34974766, 0.34959564, 0.34937385, 0.34930414, 0.15663651
0.11675747, 0.44388643, 0.13317925, 0.0000000, 0.82458556, 4.0033035, 9.6147041, 9.7505150, 9.8684664, 19.942423, 19.908192, 19.870747, 19.860292, 0.24999824, 0.25824416, 0.29002893, 0.34614506, 0.34750414, 0.34868434, 0.34971210, 0.34954095, 0.34935373, 0.34930146, 0.13317925
0.11202079, 0.38668588, 0.11601737, 0.0000000, 0.62805712, 3.2481987, 9.6304026, 9.7586737, 9.8703499, 19.934429, 19.898518, 19.867683, 19.859915, 0.24999824, 0.25627899, 0.28247795, 0.34630162, 0.34758553, 0.34870309, 0.34967214, 0.34949258, 0.34933841, 0.34929958, 0.11601737
0.10907184, 0.35107398, 0.10533272, 0.85237622E-1, 0.40270090, 2.7528346, 9.3816147, 9.7513428, 9.8654385, 19.924067, 19.889799, 19.865265, 19.859592, 0.25085214, 0.25402632, 0.27752605, 0.34381458, 0.34751263, 0.34865412, 0.34962034, 0.34944898, 0.34932631, 0.34929797, 0.10533272
0.10368285, 0.28599614, 0.85807428E-1, 0.0000000, 0.16246438, 2.3162603, 8.9056492, 9.7235985, 9.8510065, 19.912493, 19.882252, 19.863396, 19.859373, 0.24998423, 0.25162223, 0.27314538, 0.33904326, 0.34722874, 0.34850761, 0.34956247, 0.34941125, 0.34931698, 0.34929687, 0.85807428E-1
0.10781466, 0.33589229, 0.10077777, 0.39360225, 0.10464191, 2.1668286, 8.6390152, 9.7703419, 9.8674107, 19.904116, 19.876801, 19.862165, 19.859299, 0.25393009, 0.25104547, 0.27165848, 0.33638233, 0.34769902, 0.34867263, 0.34952056, 0.34938401, 0.34931082, 0.34929651, 0.10077777
0.10363882, 0.28546447, 0.85647903E-1, 0.19871294, 0.27421117E-1, 2.0078301, 8.3976383, 9.7847490, 9.8724842, 19.895546, 19.872295, 19.861240, 19.859222, 0.25198397, 0.25027394, 0.27006873, 0.33396840, 0.34784284, 0.34872326, 0.34947774, 0.34936148, 0.34930620, 0.34929612, 0.85647903E-1
0.17121473, 1.0000000, 0.33048815, 2.8009057, 2.2907257, 4.9117856, 9.4591970, 9.8290615, 9.8889465, 19.889259, 19.869127, 19.860640, 19.859222, 0.27800614, 0.27290583, 0.29911634, 0.34459138, 0.34829032, 0.34888938, 0.34944630, 0.34934562, 0.34930319, 0.34929612, 0.33048815
0.16206755, 0.99105477, 0.29734617, 2.0994453, 2.1187305, 5.3342290, 9.7061386, 9.8378735, 9.8918667, 19.883196, 19.866547, 19.860163, 19.859217, 0.27099165, 0.27118561, 0.30334014, 0.34706062, 0.34837833, 0.34891856, 0.34941599, 0.34933275, 0.34930080, 0.34929609, 0.29734617
0.15363841, 0.88926381, 0.26680583, 1.8860728, 1.7627090, 4.7265644, 9.6979733, 9.8077459, 9.8785858, 19.876328, 19.864138, 19.859741, 19.859175, 0.26885790, 0.26762551, 0.29726353, 0.34697887, 0.34807703, 0.34878570, 0.34938163, 0.34932068, 0.34929872, 0.34929588, 0.26680583
0.13578254, 0.67363489, 0.20211068, 1.1035532, 1.3121307, 3.9393373, 9.6458883, 9.7683220, 9.8599710, 19.869429, 19.861996, 19.859394, 19.859110, 0.26103094, 0.26311803, 0.28938845, 0.34645647, 0.34768200, 0.34859928, 0.34934714, 0.34930998, 0.34929699, 0.34929556, 0.20211068
0.12276353, 0.51641601, 0.15494031, 0.58472455, 0.97159743, 3.2093368, 9.6333923, 9.7557611, 9.8516140, 19.864309, 19.860476, 19.859163, 19.859045, 0.25584322, 0.25971198, 0.28208676, 0.34632996, 0.34755561, 0.34851545, 0.34932154, 0.34930238, 0.34929582, 0.34929523, 0.15494031
0.11176854, 0.38363969, 0.11510342, 0.15657544, 0.64383745, 2.6969047, 9.3378401, 9.7362518, 9.8412209, 19.859882, 19.859221, 19.858923, 19.858980, 0.25156423, 0.25643465, 0.27696124, 0.34337300, 0.34735969, 0.34841126, 0.34929940, 0.34929609, 0.34929460, 0.34929490, 0.11510342
0.10588807, 0.31262657, 0.93797348E-1, 0.0000000, 0.40599406, 2.3565440, 8.9263830, 9.7291689, 9.8365517, 19.857004, 19.858423, 19.858707, 19.858929, 0.24996713, 0.25405729, 0.27355772, 0.33925799, 0.34728849, 0.34836444, 0.34928501, 0.34929210, 0.34929353, 0.34929463, 0.93797348E-1
0.10205066, 0.26628569, 0.79893701E-1, 0.0000000, 0.18333495, 1.9750625, 8.4372387, 9.7064199, 9.8259401, 19.854366, 19.857687, 19.858551, 19.858875, 0.24996713, 0.25183207, 0.26974368, 0.33436647, 0.34706077, 0.34825823, 0.34927183, 0.34928843, 0.34929276, 0.34929436, 0.79893701E-1
0.99294111E-1, 0.23299737, 0.69906205E-1, 0.0000000, 0.46294928E-1, 1.6762525, 7.9715533, 9.7066650, 9.8247261, 19.853094, 19.857363, 19.858467, 19.858833, 0.24996713, 0.25046259, 0.26675594, 0.32970929, 0.34706283, 0.34824598, 0.34926546, 0.34928682, 0.34929234, 0.34929416, 0.69906205E-1
0.15471236, 0.90223300, 0.27069697, 2.3231835, 2.2956223, 2.8698146, 7.7207189, 9.7642307, 9.8474131, 19.853977, 19.857607, 19.858566, 19.858828, 0.27321696, 0.27294740, 0.27869263, 0.32720420, 0.34764042, 0.34847352, 0.34926990, 0.34928805, 0.34929281, 0.34929413, 0.27069697
0.29074538, 1.0000000, 0.76357013, 5.9579368, 9.2031097, 9.4060020, 9.6109314, 9.8171301, 9.8689442, 19.855118, 19.857893, 19.858566, 19.858828, 0.30957901, 0.34203076, 0.34405982, 0.34610930, 0.34817126, 0.34868944, 0.34927559, 0.34928948, 0.34929281, 0.34929413, 0.76357013
0.35599351, 1.0000000, 0.99997646, 9.9997253, 9.9998360, 9.9999161, 9.9999847, 9.9999876, 9.9999990, 19.999998, 19.999998, 19.999998, 19.994993, 0.34999675, 0.34999806, 0.34999901, 0.34999982, 0.34999987, 0.34999999, 0.34999999, 0.34999999, 0.34999999, 0.34997496, 0.99997646
0.35547024, 1.0000000, 0.99808043, 9.9996929, 9.9758873, 9.9273882, 9.9829235, 9.9913816, 9.9968710, 19.999743, 19.999939, 19.999908, 19.983068, 0.34999335, 0.34975672, 0.34927282, 0.34982902, 0.34991369, 0.34996867, 0.34999871, 0.34999970, 0.34999955, 0.34991533, 0.99808043
0.33719134, 1.0000000, 0.93185264, 8.9277067, 9.6281233, 9.7915173, 9.9425898, 9.9706020, 9.9890032, 19.998890, 19.999712, 19.999769, 19.978106, 0.33927339, 0.34627885, 0.34791398, 0.34942567, 0.34970590, 0.34988999, 0.34999445, 0.34999856, 0.34999883, 0.34989053, 0.93185264
0.30534309, 1.0000000, 0.81646049, 6.8123126, 9.3984365, 9.6312284, 9.8607969, 9.9254618, 9.9704065, 19.996304, 19.999044, 19.998247, 19.955454, 0.31811914, 0.34398106, 0.34631059, 0.34860760, 0.34925443, 0.34970400, 0.34998152, 0.34999523, 0.34999123, 0.34977728, 0.81646049
0.26849234, 1.0000000, 0.68294322, 4.2235665, 9.3080807, 9.5569153, 9.7946272, 9.8837147, 9.9512777, 19.993849, 19.998405, 19.994467, 19.935085, 0.29223403, 0.34307864, 0.34556803, 0.34794605, 0.34883702, 0.34951276, 0.34996924, 0.34999204, 0.34997234, 0.34967542, 0.68294322
0.23888491, 1.0000000, 0.57566994, 2.7744322, 8.1711397, 9.5214291, 9.7521915, 9.8529272, 9.9345694, 19.991508, 19.997696, 19.987877, 19.917673, 0.27774343, 0.33170983, 0.34521338, 0.34752172, 0.34852919, 0.34934565, 0.34995753, 0.34998849, 0.34993938, 0.34958836, 0.57566994
0.21667348, 1.0000000, 0.49519372, 2.1596103, 6.5239172, 9.5072756, 9.7326536, 9.8361616, 9.9233189, 19.989752, 19.996870, 19.978455, 19.903376, 0.27159393, 0.31523520, 0.34506986, 0.34732595, 0.34836131, 0.34923309, 0.34994876, 0.34998435, 0.34989226, 0.34951687, 0.49519372
0.19598120, 1.0000000, 0.42022175, 1.6271144, 4.9245386, 9.4878025, 9.7163086, 9.8230143, 9.9142962, 19.988197, 19.995565, 19.966656, 19.892027, 0.26626903, 0.29924157, 0.34487435, 0.34716234, 0.34822977, 0.34914285, 0.34994099, 0.34997782, 0.34983328, 0.34946012, 0.42022175
0.18795541, 1.0000000, 0.39114279, 1.5685052, 4.0141730, 9.5570517, 9.7461033, 9.8375092, 9.9175968, 19.987421, 19.993475, 19.953337, 19.883305, 0.26568371, 0.29013965, 0.34556803, 0.34746054, 0.34837481, 0.34917587, 0.34993711, 0.34996736, 0.34976667, 0.34941652, 0.39114279
0.21062005, 1.0000000, 0.47326100, 2.2627025, 5.5291996, 9.6742830, 9.7944889, 9.8640394, 9.9274654, 19.987360, 19.990084, 19.939489, 19.876732, 0.27262634, 0.30529103, 0.34674197, 0.34794471, 0.34864029, 0.34927464, 0.34993678, 0.34995043, 0.34969744, 0.34938365, 0.47326100
0.20350152, 1.0000000, 0.44746929, 2.2418647, 4.7452526, 9.5952005, 9.7806520, 9.8584852, 9.9260597, 19.986389, 19.984612, 19.925867, 19.871824, 0.27241844, 0.29745224, 0.34595174, 0.34780645, 0.34858483, 0.34926060, 0.34993196, 0.34992307, 0.34962934, 0.34935912, 0.44746929
0.18337022, 1.0000000, 0.37452978, 1.6227275, 3.4046562, 9.4932775, 9.7280760, 9.8291664, 9.9137411, 19.983553, 19.976604, 19.913157, 19.868210, 0.26622465, 0.28404325, 0.34492815, 0.34727982, 0.34829119, 0.34913728, 0.34991777, 0.34988302, 0.34956577, 0.34934103, 0.37452978
0.16838652, 1.0000000, 0.32024100, 1.1401057, 2.7041583, 8.8886881, 9.7074776, 9.8149738, 9.9061890, 19.980564, 19.966692, 19.901958, 19.865589, 0.26139972, 0.27703968, 0.33888376, 0.34707409, 0.34814939, 0.34906179, 0.34990281, 0.34983346, 0.34950978, 0.34932795, 0.32024100
0.15439227, 0.89836740, 0.26953718, 0.70846677, 2.2184582, 7.9254827, 9.6814232, 9.7977324, 9.8974094, 19.976986, 19.955217, 19.892456, 19.863684, 0.25708392, 0.27218321, 0.32925236, 0.34681362, 0.34797704, 0.34897402, 0.34988493, 0.34977609, 0.34946227, 0.34931841, 0.26953718
0.14755848, 0.81584203, 0.24477710, 0.54065585, 1.9783199, 7.3060985, 9.7122660, 9.8135471, 9.9025908, 19.973816, 19.943201, 19.884766, 19.862354, 0.25540626, 0.26978257, 0.32305983, 0.34712237, 0.34813532, 0.34902585, 0.34986907, 0.34971601, 0.34942383, 0.34931177, 0.24477710
0.13768508, 0.69660991, 0.20900388, 0.30107498, 1.6153783, 6.4537311, 9.6818094, 9.7965078, 9.8954496, 19.968544, 19.930759, 19.878574, 19.861389, 0.25301054, 0.26615313, 0.31453601, 0.34681770, 0.34796485, 0.34895444, 0.34984273, 0.34965378, 0.34939286, 0.34930694, 0.20900388
0.12774892, 0.57662004, 0.17300332, 0.90900064E-1, 1.2476265, 5.4990687, 9.6480923, 9.7755747, 9.8854380, 19.961462, 19.918657, 19.873693, 19.860691, 0.25090888, 0.26247531, 0.30498859, 0.34648016, 0.34775537, 0.34885424, 0.34980732, 0.34959328, 0.34936845, 0.34930345, 0.17300332
0.12209342, 0.50832379, 0.15251239, 0.0000000, 1.0381222, 4.8484335, 9.6742468, 9.7888985, 9.8886671, 19.953115, 19.907595, 19.869936, 19.860191, 0.24998903, 0.26038003, 0.29848152, 0.34674135, 0.34788841, 0.34888649, 0.34976557, 0.34953797, 0.34934968, 0.34930095, 0.15251239
0.11679447, 0.44433323, 0.13331330, 0.0000000, 0.77849329, 4.0967808, 9.6515102, 9.7756653, 9.8817663, 19.942640, 19.897598, 19.867018, 19.859833, 0.24998903, 0.25777790, 0.29094934, 0.34650642, 0.34775224, 0.34881616, 0.34971321, 0.34948799, 0.34933507, 0.34929916, 0.13331330
0.11486025, 0.42097545, 0.12630527, 0.0000000, 0.72233379, 3.7217090, 9.7193251, 9.8130293, 9.8953505, 19.933533, 19.889599, 19.864956, 19.859581, 0.24998903, 0.25722122, 0.28721166, 0.34719041, 0.34812886, 0.34895304, 0.34966767, 0.34944800, 0.34932476, 0.34929791, 0.12630527
0.11231017, 0.39018050, 0.11706585, 0.0000000, 0.62810481, 3.2955220, 9.7126198, 9.8114557, 9.8948727, 19.923840, 19.882917, 19.863382, 19.859426, 0.24998903, 0.25627938, 0.28295082, 0.34712359, 0.34811324, 0.34894827, 0.34961921, 0.34941459, 0.34931690, 0.34929714, 0.11706585
0.17452426, 1.0000000, 0.34247920, 2.4742036, 2.4385691, 6.4713755, 9.6358805, 9.7995615, 9.8887768, 19.914007, 19.877436, 19.862206, 19.859299, 0.27474079, 0.27438495, 0.31471276, 0.34635851, 0.34799546, 0.34888771, 0.34957004, 0.34938717, 0.34931102, 0.34929651, 0.34247920
0.17480353, 1.0000000, 0.34349105, 2.2930293, 2.3013921, 7.3926435, 9.7381496, 9.8313990, 9.8981647, 19.904749, 19.873079, 19.861353, 19.859287, 0.27293000, 0.27301374, 0.32392615, 0.34738141, 0.34831396, 0.34898165, 0.34952375, 0.34936541, 0.34930676, 0.34929645, 0.34349105
0.17611384, 1.0000000, 0.34823859, 2.1620245, 2.9854655, 6.7827797, 9.7210712, 9.8173361, 9.8901205, 19.894791, 19.869268, 19.860617, 19.859222, 0.27161995, 0.27985442, 0.31782752, 0.34721062, 0.34817332, 0.34890121, 0.34947395, 0.34934634, 0.34930307, 0.34929612, 0.34823859
0.16678590, 1.0000000, 0.31444162, 1.7912418, 2.7083099, 6.3205843, 9.7350082, 9.8221445, 9.8888292, 19.886660, 19.866426, 19.860111, 19.859200, 0.26790592, 0.27707723, 0.31319898, 0.34734797, 0.34822038, 0.34888792, 0.34943330, 0.34933212, 0.34930056, 0.34929600, 0.31444162
0.15605946, 0.91850066, 0.27557775, 1.3739616, 2.3751378, 5.7894888, 9.7217073, 9.8132877, 9.8825369, 19.879431, 19.864157, 19.859735, 19.859163, 0.26373538, 0.27374697, 0.30788952, 0.34721529, 0.34813195, 0.34882507, 0.34939715, 0.34932077, 0.34929869, 0.34929582, 0.27557775
0.14439802, 0.77767599, 0.23332614, 0.94163120, 2.0001082, 5.1707082, 9.6964397, 9.7970953, 9.8733292, 19.873056, 19.862326, 19.859478, 19.859121, 0.25941277, 0.26999655, 0.30170122, 0.34696218, 0.34796986, 0.34873292, 0.34936529, 0.34931162, 0.34929740, 0.34929562, 0.23332614
0.13900770, 0.71258211, 0.21379602, 0.76951087, 1.8291205, 4.7753453, 9.7287064, 9.8128748, 9.8770561, 19.869184, 19.861284, 19.859383, 19.859104, 0.25769290, 0.26828805, 0.29774934, 0.34728539, 0.34812790, 0.34877026, 0.34934592, 0.34930640, 0.34929693, 0.34929553, 0.21379602
0.12802514, 0.57995576, 0.17400414, 0.37656128, 1.4668822, 4.1699252, 9.6844683, 9.7875776, 9.8649015, 19.863968, 19.860001, 19.859133, 19.859045, 0.25376296, 0.26466265, 0.29169047, 0.34684059, 0.34787372, 0.34864834, 0.34931985, 0.34930000, 0.34929568, 0.34929523, 0.17400414
0.11842503, 0.46402398, 0.13922112, 0.72211027E-1, 1.1390775, 3.5281651, 9.6589518, 9.7706728, 9.8560324, 19.860025, 19.859037, 19.858923, 19.858992, 0.25072134, 0.26138347, 0.28527033, 0.34658331, 0.34770361, 0.34855929, 0.34930012, 0.34929520, 0.34929460, 0.34929496, 0.13922112
0.11255213, 0.39310235, 0.11794250, 0.0000000, 0.84607899, 2.9685497, 9.5009651, 9.7533712, 9.8477945, 19.857574, 19.858423, 19.858767, 19.858952, 0.24997111, 0.25845668, 0.27967826, 0.34500504, 0.34753132, 0.34847715, 0.34928787, 0.34929210, 0.34929383, 0.34929475, 0.11794250
0.10909940, 0.35140693, 0.10543262, 0.0000000, 0.61872900, 2.6595712, 9.1478405, 9.7484741, 9.8445387, 19.855864, 19.857988, 19.858662, 19.858912, 0.24997111, 0.25618562, 0.27659214, 0.34147593, 0.34748343, 0.34844494, 0.34927931, 0.34928995, 0.34929329, 0.34929454, 0.10543262
0.10640531, 0.31887281, 0.95671408E-1, 0.0000000, 0.45596361, 2.4005623, 8.8150234, 9.7506676, 9.8448038, 19.855057, 19.857794, 19.858578, 19.858887, 0.24997111, 0.25455841, 0.27400240, 0.33814788, 0.34750536, 0.34844759, 0.34927529, 0.34928897, 0.34929287, 0.34929442, 0.95671408E-1
0.10362931, 0.28534967, 0.85613459E-1, 0.0000000, 0.30056238, 2.1163285, 8.4432993, 9.7386436, 9.8398399, 19.854319, 19.857605, 19.858540, 19.858862, 0.24997111, 0.25300497, 0.27116099, 0.33443117, 0.34738538, 0.34839803, 0.34927160, 0.34928802, 0.34929270, 0.34929430, 0.85613459E-1
0.10145229, 0.25905973, 0.77725694E-1, 0.0000000, 0.19037426, 1.8817008, 8.0894194, 9.7392349, 9.8396740, 19.854031, 19.857527, 19.858545, 19.858839, 0.24997111, 0.25190309, 0.26881373, 0.33089140, 0.34739065, 0.34839618, 0.34927016, 0.34928763, 0.34929273, 0.34929419, 0.77725694E-1
0.99266484E-1, 0.23266375, 0.69806106E-1, 0.0000000, 0.85544586E-1, 1.6400933, 7.7102933, 9.7301044, 9.8357801, 19.853518, 19.857433, 19.858521, 19.858828, 0.24997111, 0.25085518, 0.26639840, 0.32710055, 0.34729955, 0.34835729, 0.34926760, 0.34928715, 0.34929261, 0.34929413, 0.69806106E-1
0.97475663E-1, 0.21103765, 0.63317627E-1, 0.0000000, 0.85145235E-2, 1.4349759, 7.3436184, 9.7298994, 9.8353071, 19.853271, 19.857386, 19.858534, 19.858828, 0.24997111, 0.25008512, 0.26434678, 0.32343316, 0.34729695, 0.34835240, 0.34926635, 0.34928691, 0.34929267, 0.34929413, 0.63317627E-1
0.96437812E-1, 0.19850448, 0.59557300E-1, 0.0000000, 0.0000000, 1.2675971, 7.0080061, 9.7364206, 9.8376799, 19.853148, 19.857363, 19.858540, 19.858828, 0.24997111, 0.24999879, 0.26267385, 0.32007772, 0.34736258, 0.34837627, 0.34926575, 0.34928682, 0.34929270, 0.34929413, 0.59557300E-1
0.95406637E-1, 0.18605192, 0.55821158E-1, 0.0000000, 0.0000000, 1.0920763, 6.6459770, 9.7276363, 9.8343296, 19.853001, 19.857357, 19.858534, 19.858828, 0.24997111, 0.24999879, 0.26091751, 0.31645581, 0.34727347, 0.34834233, 0.34926501, 0.34928679, 0.34929267, 0.34929413, 0.55821158E-1
0.94222501E-1, 0.17175214, 0.51530797E-1, 0.0000000, 0.0000000, 0.89441538, 6.2170525, 9.7050905, 9.8247757, 19.852406, 19.857212, 19.858471, 19.858805, 0.24997111, 0.24999879, 0.25894099, 0.31216615, 0.34704748, 0.34824660, 0.34926203, 0.34928605, 0.34929234, 0.34929401, 0.51530797E-1
0.93805157E-1, 0.16671224, 0.50018676E-1, 0.0000000, 0.0000000, 0.83636045, 5.9732232, 9.7568398, 9.8448744, 19.853407, 19.857475, 19.858471, 19.858805, 0.24997111, 0.24999879, 0.25836167, 0.30972949, 0.34756616, 0.34844801, 0.34926704, 0.34928739, 0.34929234, 0.34929401, 0.50018676E-1
0.93192801E-1, 0.15931742, 0.47800004E-1, 0.0000000, 0.0000000, 0.74189007, 5.7078037, 9.7550869, 9.8455343, 19.853626, 19.857492, 19.858423, 19.858805, 0.24997111, 0.24999879, 0.25741562, 0.30707297, 0.34754655, 0.34845388, 0.34926814, 0.34928745, 0.34929210, 0.34929401, 0.47800004E-1
0.92713073E-1, 0.15352419, 0.46061862E-1, 0.0000000, 0.0000000, 0.66895783, 5.4850054, 9.7696981, 9.8513174, 19.853575, 19.857431, 19.858414, 19.858805, 0.24997111, 0.24999879, 0.25668612, 0.30484438, 0.34769192, 0.34851149, 0.34926787, 0.34928715, 0.34929207, 0.34929401, 0.46061862E-1
0.92104197E-1, 0.14617135, 0.43855790E-1, 0.0000000, 0.0000000, 0.57505965, 5.2269149, 9.7569828, 9.8467836, 19.853176, 19.857321, 19.858389, 19.858805, 0.24997111, 0.24999879, 0.25574642, 0.30226156, 0.34756273, 0.34846544, 0.34926587, 0.34928662, 0.34929195, 0.34929401, 0.43855790E-1
0.91544330E-1, 0.13941036, 0.41827291E-1, 0.0000000, 0.0000000, 0.49445629, 4.9579659, 9.7486963, 9.8436728, 19.853281, 19.857338, 19.858419, 19.858805, 0.24997111, 0.24999879, 0.25494114, 0.29957277, 0.34748021, 0.34843442, 0.34926641, 0.34928668, 0.34929210, 0.34929401, 0.41827291E-1
0.90866335E-1, 0.13122281, 0.39370783E-1, 0.0000000, 0.0000000, 0.39726496, 4.6359553, 9.7266645, 9.8345718, 19.852871, 19.857237, 19.858372, 19.858805, 0.24997111, 0.24999879, 0.25397137, 0.29635656, 0.34726351, 0.34834468, 0.34926435, 0.34928620, 0.34929186, 0.34929401, 0.39370783E-1
0.90143956E-1, 0.12249933, 0.36753476E-1, 0.0000000, 0.0000000, 0.29888451, 4.2687626, 9.7043152, 9.8247108, 19.852280, 19.857067, 19.858355, 19.858805, 0.24997111, 0.24999879, 0.25298715, 0.29268280, 0.34703767, 0.34824526, 0.34926140, 0.34928533, 0.34929177, 0.34929401, 0.36753476E-1
0.12095778, 0.49460971, 0.14839776, 2.2499590, 0.0000000, 0.27562976, 4.0769062, 9.7723904, 9.8504868, 19.853092, 19.857292, 19.858423, 19.858805, 0.27248996, 0.24999879, 0.25275594, 0.29076803, 0.34772265, 0.34850445, 0.34926546, 0.34928647, 0.34929210, 0.34929401, 0.14839776
0.11090532, 0.37321529, 0.11197579, 1.5570134, 0.0000000, 0.20166636, 3.8549335, 9.7633924, 9.8478212, 19.852022, 19.857008, 19.858324, 19.858805, 0.26556358, 0.24999879, 0.25201640, 0.28854835, 0.34763271, 0.34847778, 0.34926012, 0.34928504, 0.34929162, 0.34929401, 0.11197579
0.10230234, 0.26932496, 0.80805570E-1, 0.96828640, 0.0000000, 0.13718009, 3.6089137, 9.7487202, 9.8424482, 19.851521, 19.856892, 19.858307, 19.858805, 0.25967562, 0.24999879, 0.25137150, 0.28608751, 0.34748504, 0.34842375, 0.34925759, 0.34928447, 0.34929153, 0.34929401, 0.80805570E-1
0.99825732E-1, 0.23941730, 0.71832374E-1, 0.80184639, 0.0000000, 0.12222528, 3.4402087, 9.7815285, 9.8554420, 19.852793, 19.857216, 19.858414, 19.858805, 0.25801578, 0.24999879, 0.25122213, 0.28440139, 0.34781429, 0.34855410, 0.34926397, 0.34928608, 0.34929207, 0.34929401, 0.71832374E-1
0.94343089E-1, 0.17320840, 0.51967718E-1, 0.43274164, 0.0000000, 0.81384182E-1, 3.1949143, 9.7448635, 9.8423815, 19.852976, 19.857267, 19.858414, 19.858805, 0.25432491, 0.24999879, 0.25081369, 0.28194803, 0.34744695, 0.34842324, 0.34926489, 0.34928635, 0.34929207, 0.34929401, 0.51967718E-1
0.89697525E-1, 0.11710816, 0.35135962E-1, 0.12765229, 0.0000000, 0.37100911E-1, 2.9798837, 9.5657063, 9.8221827, 19.852924, 19.857254, 19.858389, 19.858805, 0.25127611, 0.24999879, 0.25037098, 0.27979824, 0.34565610, 0.34822151, 0.34926462, 0.34928626, 0.34929195, 0.34929401, 0.35135962E-1
0.87601773E-1, 0.91799662E-1, 0.27542653E-1, 0.0000000, 0.0000000, 0.0000000, 2.8738976, 9.3407154, 9.8209009, 19.852480, 19.857126, 19.858366, 19.858805, 0.24999385, 0.24999879, 0.24999760, 0.27873799, 0.34340554, 0.34820846, 0.34926242, 0.34928563, 0.34929183, 0.34929401, 0.27542653E-1
0.87501250E-1, 0.90585798E-1, 0.27178457E-1, 0.0000000, 0.0000000, 0.0000000, 2.8234184, 9.1952124, 9.8379354, 19.853413, 19.857374, 19.858423, 19.858805, 0.24999385, 0.24999879, 0.24999760, 0.27822793, 0.34194195, 0.34837571, 0.34926707, 0.34928685, 0.34929210, 0.34929401, 0.27178457E-1
0.89182809E-1, 0.11089243, 0.33271056E-1, 0.12813509, 0.0000000, 0.0000000, 2.7807860, 9.0722551, 9.8480291, 19.854223, 19.857563, 19.858423, 19.858805, 0.25127953, 0.24999879, 0.24999760, 0.27780548, 0.34071869, 0.34847888, 0.34927112, 0.34928781, 0.34929210, 0.34929401, 0.33271056E-1
0.87157890E-1, 0.86439282E-1, 0.25934378E-1, 0.0000000, 0.0000000, 0.0000000, 2.6273699, 8.7650156, 9.8112164, 19.853735, 19.857409, 19.858383, 19.858805, 0.24994913, 0.24999879, 0.24999760, 0.27627221, 0.33764768, 0.34811124, 0.34926867, 0.34928703, 0.34929192, 0.34929401, 0.25934378E-1
0.87069355E-1, 0.85370176E-1, 0.25613615E-1, 0.0000000, 0.0000000, 0.0000000, 2.5806694, 8.6358223, 9.8368874, 19.853210, 19.857267, 19.858389, 19.858805, 0.24994913, 0.24999879, 0.24999760, 0.27580571, 0.33635658, 0.34836826, 0.34926605, 0.34928635, 0.34929195, 0.34929401, 0.25613615E-1
0.87001845E-1, 0.84554881E-1, 0.25369002E-1, 0.0000000, 0.0000000, 0.0000000, 2.5449605, 8.5399694, 9.8527126, 19.852903, 19.857203, 19.858389, 19.858805, 0.24994913, 0.24999879, 0.24999760, 0.27544585, 0.33539340, 0.34852472, 0.34926450, 0.34928602, 0.34929195, 0.34929401, 0.25369002E-1
0.86934291E-1, 0.83739147E-1, 0.25124257E-1, 0.0000000, 0.0000000, 0.0000000, 2.5082946, 8.4472637, 9.8595419, 19.852869, 19.857210, 19.858408, 19.858805, 0.24994913, 0.24999879, 0.24999760, 0.27508074, 0.33446890, 0.34859398, 0.34926435, 0.34928605, 0.34929204, 0.34929401, 0.25124257E-1
0.86871572E-1, 0.82981706E-1, 0.24897002E-1, 0.0000000, 0.0000000, 0.0000000, 2.4732113, 8.3637333, 9.8638096, 19.852680, 19.857168, 19.858397, 19.858805, 0.24999738, 0.24999879, 0.24999760, 0.27473187, 0.33363694, 0.34863794, 0.34926340, 0.34928584, 0.34929198, 0.34929401, 0.24897002E-1
0.86738333E-1, 0.81372753E-1, 0.24414267E-1, 0.0000000, 0.0000000, 0.0000000, 2.3891389, 8.2161169, 9.8480453, 19.850801, 19.856701, 19.858284, 19.858805, 0.24999738, 0.24999879, 0.24999760, 0.27388912, 0.33215722, 0.34847888, 0.34925401, 0.34928352, 0.34929141, 0.34929401, 0.24414267E-1
0.86640552E-1, 0.80191866E-1, 0.24059966E-1, 0.0000000, 0.0000000, 0.0000000, 2.3308933, 8.0960894, 9.8492861, 19.850168, 19.856550, 19.858231, 19.858805, 0.24999738, 0.24999879, 0.24999760, 0.27330643, 0.33095655, 0.34849110, 0.34925085, 0.34928274, 0.34929115, 0.34929401, 0.24059966E-1
0.86486362E-1, 0.78329891E-1, 0.23501318E-1, 0.0000000, 0.0000000, 0.0000000, 2.2333562, 7.9247456, 9.8358650, 19.848078, 19.856007, 19.858107, 19.858805, 0.24999738, 0.24999879, 0.24999760, 0.27232644, 0.32923773, 0.34835452, 0.34924027, 0.34928000, 0.34929055, 0.34929401, 0.23501318E-1
0.86313322E-1, 0.76240286E-1, 0.22874374E-1, 0.0000000, 0.0000000, 0.0000000, 2.1256895, 7.7272882, 9.8240461, 19.846216, 19.855524, 19.858030, 19.858805, 0.24999738, 0.24999879, 0.24999760, 0.27124611, 0.32725883, 0.34823433, 0.34923086, 0.34927756, 0.34929016, 0.34929401, 0.22874374E-1
0.86098254E-1, 0.73643021E-1, 0.22095116E-1, 0.0000000, 0.0000000, 0.0000000, 1.9915879, 7.4793463, 9.8072977, 19.843925, 19.854912, 19.857901, 19.858757, 0.24999738, 0.24999879, 0.24999760, 0.26991215, 0.32478648, 0.34806994, 0.34921962, 0.34927458, 0.34928951, 0.34929377, 0.22095116E-1
0.85847169E-1, 0.70610940E-1, 0.21185402E-1, 0.0000000, 0.0000000, 0.0000000, 1.8405497, 7.1834760, 9.7904072, 19.841846, 19.854368, 19.857765, 19.858709, 0.24999738, 0.24999879, 0.24999760, 0.26839283, 0.32181820, 0.34789640, 0.34920898, 0.34927177, 0.34928879, 0.34929353, 0.21185402E-1
0.85595973E-1, 0.67577466E-1, 0.20275267E-1, 0.0000000, 0.0000000, 0.0000000, 1.6974807, 6.8634291, 9.7799072, 19.841404, 19.854225, 19.857719, 19.858709, 0.24999738, 0.24999879, 0.24999760, 0.26697132, 0.31862724, 0.34779570, 0.34920701, 0.34927112, 0.34928858, 0.34929353, 0.20275267E-1
0.85346811E-1, 0.64568527E-1, 0.19372497E-1, 0.0000000, 0.0000000, 0.0000000, 1.5608341, 6.5365477, 9.7744236, 19.841333, 19.854193, 19.857714, 19.858704, 0.24999738, 0.24999879, 0.24999760, 0.26560527, 0.31535909, 0.34774104, 0.34920666, 0.34927097, 0.34928858, 0.34929353, 0.19372497E-1
0.85087076E-1, 0.61431989E-1, 0.18431440E-1, 0.0000000, 0.0000000, 0.0000000, 1.4237911, 6.1864300, 9.7662411, 19.841639, 19.854267, 19.857719, 19.858704, 0.24999738, 0.24999879, 0.24999760, 0.26423395, 0.31185573, 0.34765789, 0.34920818, 0.34927133, 0.34928858, 0.34929353, 0.18431440E-1
0.84874190E-1, 0.58861174E-1, 0.17660119E-1, 0.0000000, 0.0000000, 0.0000000, 1.3184994, 5.8801484, 9.7733965, 19.842920, 19.854593, 19.857807, 19.858709, 0.24999738, 0.24999879, 0.24999760, 0.26318169, 0.30879411, 0.34772989, 0.34921461, 0.34927297, 0.34928903, 0.34929353, 0.17660119E-1
0.84733360E-1, 0.57160441E-1, 0.17149847E-1, 0.0000000, 0.0000000, 0.0000000, 1.2530237, 5.6624799, 9.7970953, 19.844679, 19.855087, 19.857948, 19.858709, 0.24999738, 0.24999879, 0.24999760, 0.26252812, 0.30662000, 0.34796819, 0.34922341, 0.34927544, 0.34928975, 0.34929353, 0.17149847E-1
0.85845105E-1, 0.70586026E-1, 0.21177925E-1, 0.94318390E-1, 0.0000000, 0.0000000, 1.1575460, 5.3983617, 9.7859592, 19.845051, 19.855188, 19.857985, 19.858709, 0.25094298, 0.24999879, 0.24999760, 0.26157531, 0.30398324, 0.34785935, 0.34922525, 0.34927595, 0.34928992, 0.34929353, 0.21177925E-1
0.84303856E-1, 0.51973738E-1, 0.15593681E-1, 0.0000000, 0.0000000, 0.0000000, 1.0397524, 5.0632286, 9.7619953, 19.844921, 19.855169, 19.857996, 19.858709, 0.24994598, 0.24999879, 0.24999760, 0.26039562, 0.30062765, 0.34761697, 0.34922460, 0.34927586, 0.34928998, 0.34929353, 0.15593681E-1
0.84158875E-1, 0.50222989E-1, 0.15068403E-1, 0.0000000, 0.0000000, 0.0000000, 0.97873807, 4.8271384, 9.7840500, 19.846586, 19.855619, 19.858131, 19.858709, 0.24994598, 0.24999879, 0.24999760, 0.25978667, 0.29826960, 0.34783927, 0.34923294, 0.34927809, 0.34929067, 0.34929353, 0.15068403E-1
0.83983965E-1, 0.48110720E-1, 0.14434660E-1, 0.0000000, 0.0000000, 0.0000000, 0.88631511, 4.5885940, 9.7866783, 19.845003, 19.855217, 19.858013, 19.858698, 0.24994598, 0.24999879, 0.24999760, 0.25886250, 0.29588422, 0.34786555, 0.34922501, 0.34927610, 0.34929007, 0.34929350, 0.14434660E-1
0.83817996E-1, 0.46106480E-1, 0.13833327E-1, 0.0000000, 0.0000000, 0.0000000, 0.80440044, 4.3530564, 9.7865267, 19.844603, 19.855127, 19.857990, 19.858709, 0.24994598, 0.24999879, 0.24999760, 0.25804064, 0.29352143, 0.34785843, 0.34922302, 0.34927565, 0.34928995, 0.34929353, 0.13833327E-1
0.83586365E-1, 0.43309279E-1, 0.12994084E-1, 0.0000000, 0.0000000, 0.0000000, 0.69724321, 4.0180721, 9.7519646, 19.844162, 19.855034, 19.857967, 19.858709, 0.24994598, 0.24999879, 0.24999760, 0.25697157, 0.29017821, 0.34751761, 0.34922081, 0.34927517, 0.34928983, 0.34929353, 0.12994084E-1
0.83384939E-1, 0.40876862E-1, 0.12264285E-1, 0.0000000, 0.0000000, 0.0000000, 0.61124563, 3.7037048, 9.7507296, 19.844419, 19.855106, 19.857979, 19.858709, 0.24994598, 0.24999879, 0.24999760, 0.25611204, 0.28703576, 0.34750617, 0.34922209, 0.34927553, 0.34928989, 0.34929353, 0.12264285E-1
0.83203726E-1, 0.38688455E-1, 0.11607697E-1, 0.0000000, 0.0000000, 0.0000000, 0.54003000, 3.4080491, 9.7532835, 19.845268, 19.855326, 19.858061, 19.858709, 0.24994598, 0.24999879, 0.24999760, 0.25539911, 0.28407669, 0.34752920, 0.34922636, 0.34927663, 0.34929031, 0.34929353, 0.11607697E-1
0.83088592E-1, 0.37298121E-1, 0.11190555E-1, 0.0000000, 0.0000000, 0.0000000, 0.50027072, 3.1994436, 9.7825174, 19.846952, 19.855749, 19.858177, 19.858709, 0.24994598, 0.24999879, 0.24999760, 0.25500199, 0.28199211, 0.34782282, 0.34923476, 0.34927875, 0.34929088, 0.34929353, 0.11190555E-1
0.13472675, 0.66088486, 0.19828530, 2.6475458, 1.8416047, 0.0000000, 0.44095218, 2.9988079, 9.7388468, 19.847189, 19.855831, 19.858171, 19.858709, 0.27647057, 0.26841399, 0.24999760, 0.25440946, 0.27998790, 0.34738830, 0.34923595, 0.34927917, 0.34929085, 0.34929353, 0.19828530
0.12015919, 0.48496580, 0.14550430, 1.8294513, 1.4537454, 0.0000000, 0.38371384, 2.9553413, 9.6787453, 19.845533, 19.855385, 19.858036, 19.858698, 0.26829386, 0.26453716, 0.24999760, 0.25383714, 0.27955338, 0.34678742, 0.34922767, 0.34927693, 0.34929019, 0.34929350, 0.14550430
0.10733818, 0.33013827, 0.99051386E-1, 1.1241853, 1.0916799, 0.0000000, 0.32720268, 2.9101758, 9.6159000, 19.844326, 19.855087, 19.857990, 19.858709, 0.26123253, 0.26091138, 0.24999760, 0.25327188, 0.27910104, 0.34615821, 0.34922165, 0.34927544, 0.34928995, 0.34929353, 0.99051386E-1
0.98287918E-1, 0.22084652, 0.66260584E-1, 0.63809156, 0.81473589, 0.0000000, 0.28667748, 2.8710365, 9.5545769, 19.844763, 19.855202, 19.858042, 19.858709, 0.25637683, 0.25814423, 0.24999760, 0.25286666, 0.27870980, 0.34554514, 0.34922382, 0.34927601, 0.34929019, 0.34929353, 0.66260584E-1
0.89947782E-1, 0.12013029, 0.36042690E-1, 0.20952225, 0.52919686, 0.0000000, 0.24352074, 2.8220534, 9.4826632, 19.844950, 19.855232, 19.858061, 19.858709, 0.25209373, 0.25528973, 0.24999760, 0.25243512, 0.27821994, 0.34482598, 0.34922475, 0.34927616, 0.34929031, 0.34929353, 0.36042690E-1
0.83422467E-1, 0.41330010E-1, 0.12400243E-1, 0.0000000, 0.10588169, 0.0000000, 0.16948283, 2.7009754, 9.3354502, 19.843161, 19.854752, 19.857931, 19.858698, 0.24990839, 0.25105765, 0.24999760, 0.25169465, 0.27700830, 0.34335279, 0.34921581, 0.34927374, 0.34928966, 0.34929350, 0.12400243E-1
0.82375482E-1, 0.28686557E-1, 0.86068278E-2, 0.0000000, 0.0000000, 0.0000000, 0.96797943E-1, 2.5112243, 9.1016893, 19.842171, 19.854486, 19.857861, 19.858698, 0.24990839, 0.24996650, 0.24999760, 0.25096756, 0.27510691, 0.34101045, 0.34921086, 0.34927243, 0.34928930, 0.34929350, 0.86068278E-2
0.82224324E-1, 0.26861111E-1, 0.80591394E-2, 0.0000000, 0.0000000, 0.0000000, 0.40721893E-1, 2.3346810, 8.8715677, 19.842159, 19.854486, 19.857838, 19.858709, 0.24990839, 0.24996650, 0.24999760, 0.25040710, 0.27334309, 0.33871093, 0.34921080, 0.34927243, 0.34928918, 0.34929353, 0.80591394E-2
0.82133718E-1, 0.25766969E-1, 0.77308640E-2, 0.0000000, 0.0000000, 0.0000000, 0.79810619E-2, 2.2310734, 8.7212105, 19.843559, 19.854855, 19.857918, 19.858709, 0.24990839, 0.24996650, 0.24999760, 0.25007981, 0.27230936, 0.33721033, 0.34921780, 0.34927428, 0.34928960, 0.34929353, 0.77308640E-2
0.10712506, 0.32756463, 0.98279215E-1, 1.8133342, 0.0000000, 0.0000000, 0.0000000, 2.1932006, 8.6543379, 19.844738, 19.855169, 19.858013, 19.858709, 0.26813245, 0.24996650, 0.24999760, 0.24999997, 0.27193198, 0.33654335, 0.34922367, 0.34927586, 0.34929007, 0.34929353, 0.98279215E-1
0.95423236E-1, 0.18625237, 0.55881299E-1, 0.96781552, 0.0000000, 0.0000000, 0.0000000, 2.1423817, 8.5775042, 19.844143, 19.855011, 19.857979, 19.858698, 0.25967580, 0.24996650, 0.24999760, 0.24999997, 0.27142367, 0.33577484, 0.34922072, 0.34927505, 0.34928989, 0.34929350, 0.55881299E-1
0.90306357E-1, 0.12446050, 0.37341885E-1, 0.59828162, 0.0000000, 0.0000000, 0.0000000, 2.1156816, 8.5259209, 19.844978, 19.855232, 19.858047, 19.858709, 0.25598109, 0.24996650, 0.24999760, 0.24999997, 0.27115664, 0.33525896, 0.34922490, 0.34927616, 0.34929025, 0.34929353, 0.37341885E-1
0.82001537E-1, 0.24170764E-1, 0.72519546E-2, 0.0000000, 0.0000000, 0.0000000, 0.0000000, 2.0305097, 8.4136171, 19.841900, 19.854416, 19.857836, 19.858675, 0.24996872, 0.24996650, 0.24999760, 0.24999997, 0.27030227, 0.33413228, 0.34920949, 0.34927207, 0.34928918, 0.34929338, 0.72519546E-2
0.81981309E-1, 0.23926493E-1, 0.71786661E-2, 0.0000000, 0.0000000, 0.0000000, 0.0000000, 2.0019383, 8.3535824, 19.844219, 19.855022, 19.857985, 19.858709, 0.24996872, 0.24996650, 0.24999760, 0.24999997, 0.27001467, 0.33352929, 0.34922111, 0.34927511, 0.34928992, 0.34929353, 0.71786661E-2
0.14580046, 0.79461199, 0.23840745, 2.2189891, 2.8994250, 2.2235131, 0.0000000, 1.9793153, 8.3104343, 19.844385, 19.855076, 19.858013, 19.858709, 0.27218968, 0.27899408, 0.27223507, 0.24999997, 0.26979315, 0.33310434, 0.34922192, 0.34927538, 0.34929007, 0.34929353, 0.23840745
0.13070616, 0.61233199, 0.18371797, 1.4661968, 2.4691939, 2.0168991, 0.0000000, 1.9329309, 8.2533436, 19.840904, 19.854176, 19.857763, 19.858688, 0.26452625, 0.27462086, 0.27013311, 0.24999997, 0.26932022, 0.33252865, 0.34920368, 0.34927067, 0.34928876, 0.34929344, 0.18371797
0.11284760, 0.39667040, 0.11901303, 0.58724582, 1.9136101, 1.7478377, 0.0000000, 1.8750250, 8.1854639, 19.837029, 19.853142, 19.857477, 19.858669, 0.25574741, 0.26906863, 0.26744422, 0.24999997, 0.26874170, 0.33185005, 0.34918436, 0.34926549, 0.34928733, 0.34929335, 0.11901303
0.10253629, 0.27215022, 0.81653230E-1, 0.93090534E-1, 1.5698463, 1.5762001, 0.0000000, 1.8381625, 8.1291656, 19.837269, 19.853157, 19.857519, 19.858709, 0.25085306, 0.26565295, 0.26573882, 0.24999997, 0.26837602, 0.33128843, 0.34918588, 0.34926566, 0.34928757, 0.34929353, 0.81653230E-1
0.11370398, 0.40701213, 0.12211586, 0.99280775, 1.4364928, 1.5080988, 0.0000000, 1.8232584, 8.0880566, 19.840414, 19.853975, 19.857759, 19.858709, 0.25992569, 0.26436287, 0.26507992, 0.24999997, 0.26823246, 0.33088037, 0.34920207, 0.34926987, 0.34928879, 0.34929353, 0.12211586
0.15623310, 0.92059749, 0.27620688, 2.3564115, 3.7214174, 2.6673555, 0.0000000, 1.8075317, 8.0480690, 19.842482, 19.854534, 19.857880, 19.858709, 0.27356389, 0.28721395, 0.27667347, 0.24999997, 0.26807532, 0.33048069, 0.34921241, 0.34927267, 0.34928939, 0.34929353, 0.27620688
0.13542844, 0.66935861, 0.20082767, 1.8669188, 2.0664811, 2.2701919, 1.5925676, 1.7819583, 8.0008593, 19.842899, 19.854652, 19.857889, 19.858709, 0.26866698, 0.27066335, 0.27270111, 0.26592556, 0.26781952, 0.33000851, 0.34921449, 0.34927326, 0.34928945, 0.34929353, 0.20082767
0.12857518, 0.58659798, 0.17599699, 1.5245706, 1.8676162, 2.1639466, 1.5572309, 1.7635465, 7.9580441, 19.844320, 19.855047, 19.857990, 19.858709, 0.26524377, 0.26867473, 0.27163863, 0.26557219, 0.26763541, 0.32958034, 0.34922159, 0.34927523, 0.34928995, 0.34929353, 0.17599699
0.11634158, 0.43886399, 0.13167237, 0.93595684, 1.4874339, 1.9486368, 1.4947414, 1.7304808, 7.9009666, 19.844143, 19.855005, 19.857979, 19.858709, 0.25935861, 0.26487342, 0.26948577, 0.26494732, 0.26730475, 0.32900956, 0.34922072, 0.34927502, 0.34928989, 0.34929353, 0.13167237
0.10634439, 0.31813705, 0.95450662E-1, 0.47467947, 1.1575639, 1.7482549, 1.4349639, 1.6985625, 7.8442183, 19.844198, 19.855034, 19.857979, 19.858709, 0.25474599, 0.26157448, 0.26748165, 0.26434949, 0.26698554, 0.32844207, 0.34922099, 0.34927517, 0.34928989, 0.34929353, 0.95450662E-1
0.94761640E-1, 0.17826281, 0.53484194E-1, 0.0000000, 0.71136653, 1.4508218, 1.3423473, 1.6485572, 7.7702694, 19.842476, 19.854582, 19.857864, 19.858683, 0.24998857, 0.25711277, 0.26450729, 0.26342329, 0.26648545, 0.32770252, 0.34921238, 0.34927291, 0.34928933, 0.34929341, 0.53484194E-1
0.91873378E-1, 0.14338391, 0.43019474E-1, 0.0000000, 0.46431720, 1.2647629, 1.2822270, 1.6155779, 7.7098403, 19.843113, 19.854746, 19.857889, 19.858709, 0.24998857, 0.25464192, 0.26264593, 0.26282191, 0.26615557, 0.32709804, 0.34921557, 0.34927374, 0.34928945, 0.34929353, 0.43019474E-1
0.89958206E-1, 0.12025618, 0.36080461E-1, 0.0000000, 0.30715168, 1.1294425, 1.2380213, 1.5908480, 7.6559725, 19.844603, 19.855127, 19.858002, 19.858709, 0.24998857, 0.25307083, 0.26129317, 0.26237994, 0.26590830, 0.32655945, 0.34922302, 0.34927565, 0.34929001, 0.34929353, 0.36080461E-1
0.89101896E-1, 0.10991526, 0.32977875E-1, 0.49483776E-1, 0.17397106, 1.0353386, 1.1996835, 1.5702426, 7.6111856, 19.845387, 19.855354, 19.858061, 19.858709, 0.25049457, 0.25173917, 0.26035178, 0.26199645, 0.26570219, 0.32611147, 0.34922692, 0.34927678, 0.34929031, 0.34929353, 0.32977875E-1
0.86542480E-1, 0.79007566E-1, 0.23704641E-1, 0.0000000, 0.22435188E-1, 0.90017021, 1.1480033, 1.5415013, 7.5563488, 19.845522, 19.855385, 19.858084, 19.858709, 0.24999815, 0.25022420, 0.25899863, 0.26147926, 0.26541448, 0.32556263, 0.34922761, 0.34927693, 0.34929043, 0.34929353, 0.23704641E-1
0.99838614E-1, 0.23957287, 0.71879052E-1, 0.98750889, 0.0000000, 0.86966753, 1.1332572, 1.5338451, 7.5235372, 19.847477, 19.855904, 19.858189, 19.858709, 0.25987440, 0.24999997, 0.25869650, 0.26133251, 0.26533842, 0.32523531, 0.34923738, 0.34927952, 0.34929094, 0.34929353, 0.71879052E-1
0.14785266, 0.81939471, 0.24584301, 2.7720957, 2.0320268, 2.2230120, 2.3052902, 1.5230358, 7.4894614, 19.848473, 19.856150, 19.858213, 19.858709, 0.27771902, 0.27031943, 0.27222964, 0.27305281, 0.26523033, 0.32489455, 0.34924236, 0.34928074, 0.34929106, 0.34929353, 0.24584301
0.14355576, 0.76750481, 0.23027447, 2.0085633, 2.7137339, 2.2098331, 2.2601247, 2.7878733, 8.6701260, 19.847372, 19.855860, 19.858120, 19.858709, 0.27008432, 0.27713627, 0.27209789, 0.27260116, 0.27787867, 0.33670121, 0.34923685, 0.34927928, 0.34929061, 0.34929353, 0.23027447
0.11857490, 0.46583393, 0.13976416, 0.78392923, 1.9483477, 1.8413156, 2.1087499, 2.7074933, 8.5906620, 19.839725, 19.853821, 19.857590, 19.858610, 0.25781393, 0.26946825, 0.26840553, 0.27108404, 0.27707314, 0.33590555, 0.34919849, 0.34926906, 0.34928796, 0.34929305, 0.13976416
0.98522767E-1, 0.22368257, 0.67111485E-1, 0.0000000, 1.0808766, 1.3920039, 1.9239902, 2.6070266, 8.4916754, 19.832451, 19.851873, 19.857077, 19.858511, 0.24997659, 0.26077715, 0.26390317, 0.26923215, 0.27606615, 0.33491427, 0.34916192, 0.34925929, 0.34928536, 0.34929255, 0.67111485E-1
0.90535045E-1, 0.12722215, 0.38170464E-1, 0.0000000, 0.35994649, 0.94891191, 1.7378867, 2.5004654, 8.3771725, 19.828686, 19.850788, 19.856817, 19.858463, 0.24997659, 0.25359666, 0.25948542, 0.26737750, 0.27500367, 0.33377063, 0.34914345, 0.34925395, 0.34928408, 0.34929231, 0.38170464E-1
0.85704826E-1, 0.68892017E-1, 0.20669673E-1, 0.0000000, 0.0000000, 0.55501163, 1.5514106, 2.3846717, 8.2414865, 19.828108, 19.850542, 19.856775, 19.858469, 0.24997659, 0.24999465, 0.25554585, 0.26551172, 0.27384490, 0.33241275, 0.34914052, 0.34925270, 0.34928387, 0.34929234, 0.20669673E-1
0.84013827E-1, 0.48471332E-1, 0.14542853E-1, 0.0000000, 0.0000000, 0.20886064, 1.3373464, 2.2420049, 8.0716734, 19.827578, 19.850338, 19.856728, 19.858469, 0.24997659, 0.24999465, 0.25208816, 0.26337290, 0.27241957, 0.33071616, 0.34913790, 0.34925169, 0.34928364, 0.34929234, 0.14542853E-1
0.82884692E-1, 0.34835786E-1, 0.10451781E-1, 0.0000000, 0.0000000, 0.0000000, 1.1252731, 2.0898044, 7.8830943, 19.827646, 19.850313, 19.856728, 19.858463, 0.24997659, 0.24999465, 0.24998711, 0.26125214, 0.27089751, 0.32883027, 0.34913823, 0.34925157, 0.34928364, 0.34929231, 0.10451781E-1
0.82556024E-1, 0.30866800E-1, 0.92609664E-2, 0.0000000, 0.0000000, 0.0000000, 0.86715817, 1.8932045, 7.6423097, 19.824984, 19.849571, 19.856546, 19.858440, 0.24997659, 0.24999465, 0.24998711, 0.25866884, 0.26892906, 0.32641909, 0.34912491, 0.34924787, 0.34928274, 0.34929222, 0.92609664E-2
0.82457907E-1, 0.29681936E-1, 0.89054713E-2, 0.0000000, 0.0000000, 0.0000000, 0.79423785, 1.8345058, 7.5432372, 19.830198, 19.850931, 19.856888, 19.858517, 0.24997659, 0.24999465, 0.24998711, 0.25794125, 0.26834378, 0.32543060, 0.34915099, 0.34925467, 0.34928444, 0.34929258, 0.89054713E-2
0.82222462E-1, 0.26838634E-1, 0.80523957E-2, 0.0000000, 0.0000000, 0.0000000, 0.62066317, 1.6826332, 7.3345370, 19.830015, 19.850897, 19.856899, 19.858517, 0.24997659, 0.24999465, 0.24998711, 0.25620529, 0.26682448, 0.32334271, 0.34915006, 0.34925449, 0.34928450, 0.34929258, 0.80523957E-2
0.82086079E-1, 0.25191661E-1, 0.75582541E-2, 0.0000000, 0.0000000, 0.0000000, 0.52504241, 1.5919983, 7.1912785, 19.832853, 19.851692, 19.857130, 19.858587, 0.24997659, 0.24999465, 0.24998711, 0.25524962, 0.26591879, 0.32191098, 0.34916428, 0.34925845, 0.34928566, 0.34929293, 0.75582541E-2
0.81849024E-1, 0.22328991E-1, 0.66993674E-2, 0.0000000, 0.0000000, 0.0000000, 0.36122203, 1.4270067, 6.9513693, 19.831270, 19.851315, 19.857054, 19.858580, 0.24997659, 0.24999465, 0.24998711, 0.25361156, 0.26426879, 0.31951159, 0.34915635, 0.34925658, 0.34928527, 0.34929290, 0.66993674E-2
0.81617080E-1, 0.19527987E-1, 0.58589820E-2, 0.0000000, 0.0000000, 0.0000000, 0.21100342, 1.2555212, 6.6863365, 19.829847, 19.850956, 19.856949, 19.858580, 0.24997659, 0.24999465, 0.24998711, 0.25210956, 0.26255381, 0.31686085, 0.34914923, 0.34925479, 0.34928474, 0.34929290, 0.58589820E-2
0.81449836E-1, 0.17508395E-1, 0.52530440E-2, 0.0000000, 0.0000000, 0.0000000, 0.11207461, 1.1245340, 6.4606099, 19.830971, 19.851246, 19.857048, 19.858599, 0.24997659, 0.24999465, 0.24998711, 0.25112057, 0.26124439, 0.31460431, 0.34915486, 0.34925622, 0.34928524, 0.34929299, 0.52530440E-2
0.81373632E-1, 0.16588109E-1, 0.49769301E-2, 0.0000000, 0.0000000, 0.0000000, 0.60895085E-1, 1.0749966, 6.3651056, 19.833813, 19.852018, 19.857265, 19.858664, 0.24997659, 0.24999465, 0.24998711, 0.25060862, 0.26074713, 0.31364545, 0.34916908, 0.34926009, 0.34928632, 0.34929332, 0.49769301E-2
0.81279553E-1, 0.15451992E-1, 0.46360614E-2, 0.0000000, 0.0000000, 0.0000000, 0.0000000, 1.0089248, 6.2462368, 19.834743, 19.852293, 19.857325, 19.858688, 0.24997659, 0.24999465, 0.24998711, 0.24999994, 0.26008749, 0.31245875, 0.34917372, 0.34926146, 0.34928662, 0.34929344, 0.46360614E-2
0.83969675E-1, 0.47938187E-1, 0.14382895E-1, 0.19746423, 0.0000000, 0.0000000, 0.0000000, 0.95969141, 6.1510992, 19.836386, 19.852755, 19.857431, 19.858709, 0.25197357, 0.24999465, 0.24998711, 0.24999994, 0.25959677, 0.31151065, 0.34918192, 0.34926379, 0.34928715, 0.34929353, 0.14382895E-1
0.81966050E-1, 0.23742171E-1, 0.71233637E-2, 0.53781271E-1, 0.0000000, 0.0000000, 0.0000000, 0.93266070, 6.0938721, 19.838482, 19.853344, 19.857615, 19.858709, 0.25053555, 0.24999465, 0.24998711, 0.24999994, 0.25932544, 0.31093615, 0.34919241, 0.34926671, 0.34928808, 0.34929353, 0.71233637E-2
0.81188217E-1, 0.14349035E-1, 0.43051410E-2, 0.0000000, 0.0000000, 0.0000000, 0.0000000, 0.87528825, 5.9850168, 19.838558, 19.853405, 19.857624, 19.858698, 0.24999209, 0.24999465, 0.24998711, 0.24999994, 0.25875175, 0.30984756, 0.34919280, 0.34926704, 0.34928811, 0.34929350, 0.43051410E-2
0.83897486E-1, 0.47066368E-1, 0.14121323E-1, 0.19793212, 0.0000000, 0.0000000, 0.0000000, 0.85404515, 5.9260087, 19.841516, 19.854221, 19.857824, 19.858709, 0.25197548, 0.24999465, 0.24998711, 0.24999994, 0.25853994, 0.30925891, 0.34920758, 0.34927112, 0.34928912, 0.34929353, 0.14121323E-1
0.87713830E-1, 0.93152925E-1, 0.27948672E-1, 0.47475100, 0.0000000, 0.0000000, 0.0000000, 0.84508061, 5.8896828, 19.844324, 19.854971, 19.858007, 19.858709, 0.25474724, 0.24999465, 0.24998711, 0.24999994, 0.25845081, 0.30889681, 0.34922162, 0.34927484, 0.34929004, 0.34929353, 0.27948672E-1
0.83712459E-1, 0.44832006E-1, 0.13450948E-1, 0.18641055, 0.0000000, 0.0000000, 0.0000000, 0.81739724, 5.8368540, 19.844061, 19.854948, 19.858002, 19.858709, 0.25186130, 0.24999465, 0.24998711, 0.24999994, 0.25817361, 0.30836767, 0.34922031, 0.34927475, 0.34929001, 0.34929353, 0.13450948E-1
0.91307342E-1, 0.13654847, 0.40968642E-1, 0.73826313, 0.0000000, 0.0000000, 0.0000000, 0.79068840, 5.7881532, 19.843660, 19.854870, 19.857996, 19.858709, 0.25737771, 0.24999465, 0.24998711, 0.24999994, 0.25790673, 0.30788115, 0.34921831, 0.34927434, 0.34928998, 0.34929353, 0.40968642E-1
0.87592199E-1, 0.91684043E-1, 0.27507965E-1, 0.47013164, 0.0000000, 0.0000000, 0.0000000, 0.76821744, 5.7396441, 19.844231, 19.855049, 19.858030, 19.858709, 0.25469717, 0.24999465, 0.24998711, 0.24999994, 0.25768197, 0.30739594, 0.34922117, 0.34927523, 0.34929016, 0.34929353, 0.27507965E-1
0.13548914, 0.67009169, 0.20104761, 2.2488980, 2.8202891, 0.0000000, 0.0000000, 0.76133311, 5.7066870, 19.846588, 19.855690, 19.858189, 19.858709, 0.27248880, 0.27820274, 0.24998711, 0.24999994, 0.25761333, 0.30706686, 0.34923294, 0.34927845, 0.34929094, 0.34929353, 0.20104761
0.12768969, 0.57590473, 0.17278869, 1.9588858, 1.7793983, 1.1710942, 0.0000000, 0.71703196, 5.6454973, 19.843018, 19.854746, 19.857893, 19.858669, 0.26958853, 0.26779380, 0.26171088, 0.24999994, 0.25717032, 0.30645496, 0.34921509, 0.34927374, 0.34928948, 0.34929335, 0.17278869
0.11903477, 0.47138730, 0.14143033, 1.5088320, 1.5394509, 1.0655999, 0.0000000, 0.69601834, 5.6008911, 19.843678, 19.854918, 19.857937, 19.858709, 0.26508507, 0.26539251, 0.26065531, 0.24999994, 0.25696012, 0.30600879, 0.34921840, 0.34927458, 0.34928969, 0.34929353, 0.14143033
0.11614639, 0.43650693, 0.13096517, 1.5066683, 1.2603194, 0.93856454, 0.0000000, 0.66984892, 5.5527439, 19.843407, 19.854836, 19.857918, 19.858709, 0.26506117, 0.26260042, 0.25938460, 0.24999994, 0.25669843, 0.30552724, 0.34921703, 0.34927419, 0.34928960, 0.34929353, 0.13096517
0.10899939, 0.35019916, 0.10507026, 1.3940305, 0.71767569, 0.67945123, 0.0000000, 0.61542094, 5.4812756, 19.839155, 19.853708, 19.857634, 19.858641, 0.26393753, 0.25717589, 0.25679410, 0.24999994, 0.25615418, 0.30481264, 0.34919578, 0.34926856, 0.34928817, 0.34929320, 0.10507026
0.14832577, 0.82510793, 0.24755715, 2.8267531, 2.3606567, 2.1195083, 0.0000000, 0.60996413, 5.4476275, 19.842995, 19.854681, 19.857855, 19.858709, 0.27826291, 0.27360424, 0.27119404, 0.24999994, 0.25609961, 0.30447617, 0.34921497, 0.34927341, 0.34928927, 0.34929353, 0.24755715
0.15538907, 0.91040504, 0.27314883, 2.6751399, 2.1816549, 3.8946271, 2.3333907, 2.9734075, 8.1274252, 19.846010, 19.855465, 19.858084, 19.858709, 0.27675122, 0.27181646, 0.28894618, 0.27333391, 0.27973408, 0.33127424, 0.34923005, 0.34927732, 0.34929043, 0.34929353, 0.27314883
0.15499651, 0.90566427, 0.27172646, 2.7284832, 2.2112429, 2.1305232, 6.0648928, 9.3287363, 9.6415682, 19.847118, 19.855762, 19.858171, 19.858709, 0.27728462, 0.27211234, 0.27130517, 0.31064889, 0.34328732, 0.34641570, 0.34923559, 0.34927881, 0.34929085, 0.34929353, 0.27172646
0.12844907, 0.58507508, 0.17554007, 1.4007688, 1.4746577, 1.7500132, 5.2402654, 9.6081038, 9.7602024, 19.840775, 19.854097, 19.857695, 19.858616, 0.26400751, 0.26474646, 0.26750007, 0.30240262, 0.34608102, 0.34760201, 0.34920388, 0.34927049, 0.34928846, 0.34929308, 0.17554007
0.11538489, 0.42731097, 0.12820612, 0.76184273, 1.1031330, 1.5403599, 4.8331838, 9.6984596, 9.8071194, 19.840586, 19.854010, 19.857658, 19.858669, 0.25761425, 0.26102772, 0.26540107, 0.29833025, 0.34698302, 0.34807065, 0.34920293, 0.34927005, 0.34928828, 0.34929335, 0.12820612
0.11977147, 0.48028365, 0.14409950, 1.2115449, 0.94822049, 1.4483660, 4.6054368, 9.7577162, 9.8365707, 19.842840, 19.854588, 19.857819, 19.858709, 0.26211247, 0.25948080, 0.26448259, 0.29605368, 0.34757644, 0.34836549, 0.34921420, 0.34927294, 0.34928909, 0.34929353, 0.14409950
0.11529566, 0.42623353, 0.12788285, 0.98493397, 0.83490312, 1.3776004, 4.4409308, 9.7892227, 9.8524055, 19.845150, 19.855217, 19.857996, 19.858709, 0.25984827, 0.25834849, 0.26377556, 0.29440901, 0.34789190, 0.34852394, 0.34922576, 0.34927610, 0.34928998, 0.34929353, 0.12788285
0.11607809, 0.43568212, 0.13071771, 1.1115730, 0.75537562, 1.3261408, 4.3152142, 9.8104134, 9.8627338, 19.847307, 19.855783, 19.858171, 19.858709, 0.26111472, 0.25755334, 0.26326105, 0.29315192, 0.34810385, 0.34862724, 0.34923655, 0.34927893, 0.34929085, 0.34929353, 0.13071771
0.10956735, 0.35705790, 0.10712808, 0.77698231, 0.59695244, 1.2182355, 4.1572042, 9.7991953, 9.8597889, 19.847931, 19.855986, 19.858189, 19.858709, 0.25776935, 0.25596932, 0.26218212, 0.29157189, 0.34799176, 0.34859782, 0.34923965, 0.34927994, 0.34929094, 0.34929353, 0.10712808
0.10272898, 0.27447712, 0.82351372E-1, 0.43496788, 0.42304993, 1.0926545, 3.9743335, 9.7839975, 9.8545027, 19.847967, 19.855986, 19.858166, 19.858709, 0.25434911, 0.25423017, 0.26092613, 0.28974304, 0.34783959, 0.34854490, 0.34923983, 0.34927994, 0.34929082, 0.34929353, 0.82351372E-1
0.11219920, 0.38884029, 0.11666375, 1.3076156, 0.20554066, 0.94802678, 3.7714999, 9.7766581, 9.8504429, 19.846409, 19.855566, 19.858047, 19.858709, 0.26307470, 0.25205526, 0.25947994, 0.28771475, 0.34776625, 0.34850430, 0.34923205, 0.34927782, 0.34929025, 0.34929353, 0.11666375
0.94028510E-1, 0.16940948, 0.50827928E-1, 0.23270249, 0.0000000, 0.64185560, 3.3836036, 9.6987572, 9.8173218, 19.841288, 19.854219, 19.857712, 19.858641, 0.25232068, 0.24998133, 0.25641328, 0.28383049, 0.34697962, 0.34817052, 0.34920645, 0.34927109, 0.34928855, 0.34929320, 0.50827928E-1
0.89144543E-1, 0.11043030, 0.33132404E-1, 0.0000000, 0.0000000, 0.34163296, 2.9798985, 9.4544630, 9.7825069, 19.838137, 19.853367, 19.857500, 19.858635, 0.24991195, 0.24998133, 0.25341442, 0.27979568, 0.34453934, 0.34782326, 0.34919068, 0.34926683, 0.34928751, 0.34929317, 0.33132404E-1
0.88803560E-1, 0.10631260, 0.31896971E-1, 0.0000000, 0.0000000, 0.28704405, 2.9204874, 9.2827158, 9.8183346, 19.841732, 19.854300, 19.857759, 19.858709, 0.24991195, 0.24998133, 0.25286916, 0.27920228, 0.34282303, 0.34818187, 0.34920865, 0.34927151, 0.34928879, 0.34929353, 0.31896971E-1
0.88143632E-1, 0.98343231E-1, 0.29505920E-1, 0.0000000, 0.0000000, 0.17477870, 2.7999997, 9.0518761, 9.8146362, 19.842369, 19.854464, 19.857790, 19.858709, 0.24991195, 0.24998133, 0.25174752, 0.27799913, 0.34051737, 0.34814587, 0.34921184, 0.34927231, 0.34928894, 0.34929353, 0.29505920E-1
0.87033264E-1, 0.84934302E-1, 0.25482839E-1, 0.0000000, 0.0000000, 0.0000000, 2.5543003, 8.6231070, 9.7713251, 19.839931, 19.853832, 19.857622, 19.858664, 0.24991195, 0.24998133, 0.24999993, 0.27554235, 0.33622995, 0.34771284, 0.34919965, 0.34926915, 0.34928811, 0.34929332, 0.25482839E-1
0.86786941E-1, 0.81959687E-1, 0.24590366E-1, 0.0000000, 0.0000000, 0.0000000, 2.4120717, 8.3084335, 9.7837353, 19.841099, 19.854103, 19.857719, 19.858709, 0.24991195, 0.24998133, 0.24999993, 0.27412009, 0.33308327, 0.34783694, 0.34920549, 0.34927052, 0.34928858, 0.34929353, 0.24590366E-1
0.86401440E-1, 0.77304333E-1, 0.23193620E-1, 0.0000000, 0.0000000, 0.0000000, 2.1746635, 7.8608294, 9.7574902, 19.838293, 19.853378, 19.857529, 19.858652, 0.24991195, 0.24998133, 0.24999993, 0.27174604, 0.32860723, 0.34757444, 0.34919146, 0.34926689, 0.34928763, 0.34929326, 0.23193620E-1
0.86235762E-1, 0.75303592E-1, 0.22593338E-1, 0.0000000, 0.0000000, 0.0000000, 2.0880282, 7.6226020, 9.7946100, 19.840733, 19.854021, 19.857731, 19.858709, 0.24991195, 0.24998133, 0.24999993, 0.27087709, 0.32622018, 0.34794360, 0.34920365, 0.34927011, 0.34928864, 0.34929353, 0.22593338E-1
0.85957371E-1, 0.71941733E-1, 0.21584678E-1, 0.0000000, 0.0000000, 0.0000000, 1.9275993, 7.2766352, 9.7762365, 19.840897, 19.854074, 19.857719, 19.858709, 0.24991195, 0.24998133, 0.24999993, 0.26927409, 0.32276276, 0.34776077, 0.34920448, 0.34927037, 0.34928858, 0.34929353, 0.21584678E-1
0.10056680, 0.24836646, 0.74517392E-1, 1.0868222, 0.0000000, 0.0000000, 1.7065883, 6.7992725, 9.7459822, 19.839209, 19.853613, 19.857607, 19.858675, 0.26086518, 0.24998133, 0.24999993, 0.26706558, 0.31799215, 0.34745955, 0.34919605, 0.34926808, 0.34928805, 0.34929338, 0.74517392E-1
0.15056910, 0.85219848, 0.25568512, 2.5056095, 2.4985166, 2.3812799, 1.6434699, 6.6011572, 9.8001709, 19.841087, 19.854115, 19.857744, 19.858709, 0.27505577, 0.27498499, 0.27381271, 0.26643470, 0.31601155, 0.34800172, 0.34920543, 0.34927058, 0.34928873, 0.34929353, 0.25568512
0.14993341, 0.84452188, 0.25338191, 2.5889099, 2.2213995, 1.4115244, 5.9012313, 9.0211306, 9.8253479, 19.841087, 19.854115, 19.857719, 19.858698, 0.27588522, 0.27221200, 0.26411462, 0.30901179, 0.34021088, 0.34825334, 0.34920543, 0.34927058, 0.34928858, 0.34929350, 0.25338191
0.14151855, 0.74290329, 0.22289328, 2.1665990, 2.0009100, 1.3229996, 5.0876565, 9.6723118, 9.8445368, 19.843264, 19.854698, 19.857861, 19.858709, 0.27166560, 0.27000889, 0.26322994, 0.30087650, 0.34672305, 0.34844533, 0.34921631, 0.34927350, 0.34928930, 0.34929353, 0.22289328
0.12349255, 0.52521974, 0.15758169, 1.2507856, 1.4935672, 1.1041611, 4.7334576, 9.7254992, 9.8367434, 19.841249, 19.854162, 19.857712, 19.858683, 0.26250342, 0.26493248, 0.26104042, 0.29733357, 0.34725395, 0.34836707, 0.34920624, 0.34927082, 0.34928855, 0.34929341, 0.15758169
0.11492871, 0.42180207, 0.12655328, 0.83196461, 1.2363613, 0.98901391, 4.4980564, 9.7610121, 9.8443727, 19.842552, 19.854492, 19.857807, 19.858709, 0.25831619, 0.26236054, 0.25988892, 0.29497942, 0.34760889, 0.34844330, 0.34921277, 0.34927246, 0.34928903, 0.34929353, 0.12655328
0.10579138, 0.31145886, 0.93447007E-1, 0.39777756, 0.94721019, 0.85314810, 4.2653909, 9.7624111, 9.8436060, 19.842947, 19.854614, 19.857832, 19.858709, 0.25397617, 0.25946981, 0.25853044, 0.29265288, 0.34762293, 0.34843567, 0.34921473, 0.34927309, 0.34928915, 0.34929353, 0.93447007E-1
0.15937081, 0.95848864, 0.28757536, 2.8936954, 2.4977059, 2.1905274, 5.1666369, 9.7980537, 9.8578463, 19.845621, 19.855326, 19.858036, 19.858709, 0.27893344, 0.27497524, 0.27190447, 0.30166599, 0.34798017, 0.34857833, 0.34922811, 0.34927663, 0.34929019, 0.34929353, 0.28757536
0.18807064, 1.0000000, 0.39156029, 2.1930785, 3.3787878, 8.8534708, 9.3564177, 9.8257208, 9.8691311, 19.847723, 19.855904, 19.858200, 19.858709, 0.27193061, 0.28378770, 0.33853447, 0.34356412, 0.34825718, 0.34869131, 0.34923860, 0.34927952, 0.34929100, 0.34929353, 0.39156029
0.26566666, 1.0000000, 0.67270529, 4.4985623, 8.6032619, 9.3921099, 9.7027082, 9.8363953, 9.8737259, 19.848944, 19.856237, 19.858242, 19.858709, 0.29498541, 0.33603239, 0.34392095, 0.34702706, 0.34836394, 0.34873727, 0.34924471, 0.34928119, 0.34929121, 0.34929353, 0.67270529
0.25755230, 1.0000000, 0.64330542, 3.2755184, 9.5168886, 9.6644077, 9.7813215, 9.8499975, 9.8792973, 19.850348, 19.856609, 19.858324, 19.858709, 0.28275502, 0.34516859, 0.34664392, 0.34781319, 0.34849995, 0.34879297, 0.34925175, 0.34928304, 0.34929162, 0.34929353, 0.64330542
0.23697050, 1.0000000, 0.56873369, 2.4502158, 8.4620733, 9.5665331, 9.7420292, 9.8197746, 9.8667374, 19.847713, 19.855953, 19.858131, 19.858704, 0.27450013, 0.33461654, 0.34566295, 0.34741980, 0.34819752, 0.34866729, 0.34923857, 0.34927976, 0.34929067, 0.34929353, 0.56873369
0.22423014, 1.0000000, 0.52257293, 2.2061677, 7.3553233, 9.5221844, 9.7150145, 9.8006268, 9.8588247, 19.845974, 19.855476, 19.858013, 19.858704, 0.27206141, 0.32355273, 0.34522152, 0.34715009, 0.34800625, 0.34858826, 0.34922987, 0.34927738, 0.34929007, 0.34929353, 0.52257293
0.19582978, 1.0000000, 0.41967312, 1.2812972, 5.5085726, 9.4530802, 9.6666584, 9.7704525, 9.8452177, 19.842253, 19.854492, 19.857782, 19.858664, 0.26281154, 0.30508199, 0.34452760, 0.34666592, 0.34770420, 0.34845206, 0.34921128, 0.34927246, 0.34928891, 0.34929332, 0.41967312
0.17432749, 1.0000000, 0.34176630, 0.65767169, 3.9497933, 9.4560337, 9.6622524, 9.7655354, 9.8425484, 19.841026, 19.854151, 19.857683, 19.858688, 0.25657636, 0.28949669, 0.34455881, 0.34662223, 0.34765521, 0.34842542, 0.34920514, 0.34927076, 0.34928840, 0.34929344, 0.34176630
0.15343255, 0.88677776, 0.26605994, 0.79870224E-2, 2.8087645, 8.8630676, 9.6387796, 9.7508564, 9.8356276, 19.838932, 19.853573, 19.857553, 19.858664, 0.25007987, 0.27808604, 0.33862814, 0.34638727, 0.34750828, 0.34835619, 0.34919465, 0.34926787, 0.34928778, 0.34929332, 0.26605994
0.14555162, 0.79160714, 0.23750590, 0.0000000, 2.3136675, 7.9739642, 9.6470060, 9.7547245, 9.8371773, 19.839060, 19.853590, 19.857592, 19.858692, 0.24999973, 0.27313575, 0.32973805, 0.34646967, 0.34754702, 0.34837171, 0.34919530, 0.34926796, 0.34928796, 0.34929347, 0.23750590
0.13630557, 0.67995095, 0.20400569, 0.0000000, 1.7215222, 6.9325786, 9.6198645, 9.7388296, 9.8300438, 19.837294, 19.853119, 19.857477, 19.858664, 0.24999973, 0.26721337, 0.31932205, 0.34619761, 0.34738776, 0.34830025, 0.34918648, 0.34926561, 0.34928739, 0.34929332, 0.20400569
0.12549199, 0.54936522, 0.16482605, 0.0000000, 1.0483891, 5.6801691, 9.5697451, 9.7082529, 9.8158464, 19.833746, 19.852163, 19.857246, 19.858622, 0.24999973, 0.26048285, 0.30679888, 0.34569651, 0.34708205, 0.34815833, 0.34916872, 0.34926081, 0.34928623, 0.34929311, 0.16482605
0.11752205, 0.45311961, 0.13594948, 0.0000000, 0.61767995, 4.6145368, 9.5781374, 9.7112722, 9.8167696, 19.833767, 19.852137, 19.857246, 19.858635, 0.24999973, 0.25617585, 0.29614186, 0.34577993, 0.34711197, 0.34816745, 0.34916884, 0.34926069, 0.34928623, 0.34929317, 0.13594948
0.18603593, 1.0000000, 0.38418818, 1.9483030, 3.2737970, 9.3343277, 9.6685324, 9.7633324, 9.8390446, 19.837751, 19.853174, 19.857513, 19.858709, 0.26948050, 0.28273544, 0.34333965, 0.34668458, 0.34763294, 0.34839034, 0.34918875, 0.34926587, 0.34928757, 0.34929353, 0.38418818
0.22272827, 1.0000000, 0.51713139, 2.5678456, 6.5452251, 9.5717411, 9.7300501, 9.8005075, 9.8556223, 19.841473, 19.854170, 19.857796, 19.858709, 0.27567735, 0.31545055, 0.34571618, 0.34730026, 0.34800497, 0.34855619, 0.34920737, 0.34927085, 0.34928897, 0.34929353, 0.51713139
0.35596037, 1.0000000, 0.99985623, 9.9984226, 9.9990520, 9.9995251, 9.9999037, 9.9999514, 9.9999819, 19.999998, 19.999998, 19.999998, 19.994993, 0.34998024, 0.34998813, 0.34999406, 0.34999880, 0.34999940, 0.34999979, 0.34999999, 0.34999999, 0.34999999, 0.34997496, 0.99985623
0.35599858, 1.0000000, 0.99999481, 9.9999275, 9.9999580, 9.9999790, 9.9999933, 9.9999990, 9.9999990, 19.999998, 19.999998, 19.999998, 19.996996, 0.34999928, 0.34999958, 0.34999979, 0.34999993, 0.34999999, 0.34999999, 0.34999999, 0.34999999, 0.34999999, 0.34998497, 0.99999481
0.35280031, 1.0000000, 0.98840678, 9.8608875, 9.8788929, 9.9372396, 9.9843235, 9.9920893, 9.9969721, 19.999599, 19.999891, 19.999950, 19.987026, 0.34860852, 0.34878871, 0.34937227, 0.34984320, 0.34992090, 0.34996971, 0.34999800, 0.34999946, 0.34999976, 0.34993511, 0.98840678
0.34509760, 1.0000000, 0.96049863, 9.4051085, 9.7474394, 9.8640785, 9.9640741, 9.9817448, 9.9930096, 19.999100, 19.999767, 19.999908, 19.987009, 0.34405074, 0.34747419, 0.34864068, 0.34964070, 0.34981745, 0.34993011, 0.34999549, 0.34999883, 0.34999955, 0.34993505, 0.96049863
0.32281378, 1.0000000, 0.87976003, 7.9730196, 9.5258207, 9.7165117, 9.8954945, 9.9447947, 9.9770117, 19.995743, 19.998884, 19.998928, 19.963755, 0.32972950, 0.34525770, 0.34716484, 0.34895489, 0.34944791, 0.34977013, 0.34997872, 0.34999442, 0.34999463, 0.34981877, 0.87976003
0.30874789, 1.0000000, 0.82879663, 7.0686212, 9.3923512, 9.6188488, 9.8269033, 9.9038830, 9.9575214, 19.991043, 19.997656, 19.995939, 19.942385, 0.32068583, 0.34392321, 0.34618834, 0.34826902, 0.34903881, 0.34957522, 0.34995520, 0.34998828, 0.34997970, 0.34971192, 0.82879663
0.33534789, 1.0000000, 0.92517346, 8.9680195, 9.4348955, 9.6337261, 9.8103867, 9.8887262, 9.9480953, 19.988342, 19.996914, 19.990427, 19.923811, 0.33967766, 0.34434739, 0.34633645, 0.34810370, 0.34888718, 0.34948093, 0.34994170, 0.34998459, 0.34995213, 0.34961906, 0.92517346
0.35599619, 1.0000000, 0.99998623, 9.9998503, 9.9999104, 9.9999485, 9.9999847, 9.9999962, 9.9999990, 19.999998, 19.999992, 19.999105, 19.931360, 0.34999812, 0.34999886, 0.34999937, 0.34999982, 0.34999996, 0.34999999, 0.34999999, 0.34999996, 0.34999552, 0.34965679, 0.99998623
0.35219795, 1.0000000, 0.98622435, 9.8859396, 9.8255730, 9.8243647, 9.9501314, 9.9744768, 9.9900608, 19.998604, 19.999636, 19.999729, 19.977167, 0.34885767, 0.34825468, 0.34824315, 0.34950119, 0.34974471, 0.34990057, 0.34999302, 0.34999818, 0.34999865, 0.34988582, 0.98622435
0.33861399, 1.0000000, 0.93700719, 9.0329876, 9.6250019, 9.7902803, 9.9395342, 9.9689684, 9.9879351, 19.998337, 19.999563, 19.999722, 19.978249, 0.34032819, 0.34624892, 0.34790224, 0.34939522, 0.34968963, 0.34987932, 0.34999168, 0.34999782, 0.34999859, 0.34989125, 0.93700719
0.34624130, 1.0000000, 0.96464223, 9.6782818, 9.5196781, 9.7083187, 9.8862543, 9.9390926, 9.9746304, 19.995537, 19.998831, 19.998180, 19.955591, 0.34677705, 0.34519339, 0.34708145, 0.34886217, 0.34939075, 0.34974623, 0.34997767, 0.34999415, 0.34999090, 0.34977797, 0.96464223
0.35244364, 1.0000000, 0.98711467, 9.8160706, 9.9036484, 9.9504337, 9.9879484, 9.9939260, 9.9977207, 19.999725, 19.999928, 19.999950, 19.987026, 0.34815955, 0.34903577, 0.34950399, 0.34987941, 0.34993923, 0.34997720, 0.34999862, 0.34999964, 0.34999976, 0.34993511, 0.98711467
0.34466940, 1.0000000, 0.95894700, 9.3664913, 9.7591085, 9.8677740, 9.9642363, 9.9817410, 9.9931135, 19.999201, 19.999802, 19.999155, 19.963797, 0.34366092, 0.34758860, 0.34867650, 0.34964210, 0.34981728, 0.34993109, 0.34999600, 0.34999901, 0.34999579, 0.34981897, 0.95894700
0.35598356, 1.0000000, 0.99994028, 9.9993467, 9.9996090, 9.9997997, 9.9999609, 9.9999819, 9.9999905, 19.999998, 19.999998, 19.999998, 19.994993, 0.34999177, 0.34999508, 0.34999749, 0.34999952, 0.34999976, 0.34999987, 0.34999999, 0.34999999, 0.34999999, 0.34997496, 0.99994028
0.35599768, 1.0000000, 0.99999154, 9.9999218, 9.9999514, 9.9999752, 9.9999933, 9.9999990, 9.9999990, 19.999998, 19.999998, 19.999998, 19.996996, 0.34999883, 0.34999928, 0.34999964, 0.34999990, 0.34999999, 0.34999999, 0.34999999, 0.34999999, 0.34999999, 0.34998497, 0.99999154
0.33850992, 1.0000000, 0.93663001, 9.0149393, 9.6372252, 9.7987404, 9.9443865, 9.9715605, 9.9891510, 19.998693, 19.999664, 19.999817, 19.981091, 0.34014940, 0.34637225, 0.34798741, 0.34944385, 0.34971559, 0.34989151, 0.34999347, 0.34999833, 0.34999907, 0.34990546, 0.93663001
0.35598475, 1.0000000, 0.99994469, 9.9993172, 9.9995909, 9.9997969, 9.9999580, 9.9999819, 9.9999933, 19.999998, 19.999998, 19.999998, 19.994993, 0.34999236, 0.34999543, 0.34999773, 0.34999952, 0.34999979, 0.34999993, 0.34999999, 0.34999999, 0.34999999, 0.34997496, 0.99994469
0.33231926, 1.0000000, 0.91420013, 8.7241974, 9.4447670, 9.6725636, 9.8873005, 9.9410267, 9.9758139, 19.995720, 19.998884, 19.999588, 19.980043, 0.33724162, 0.34444743, 0.34672552, 0.34887299, 0.34941027, 0.34975815, 0.34997860, 0.34999442, 0.34999794, 0.34990022, 0.91420013
0.35583198, 1.0000000, 0.99939126, 9.9977407, 9.9943628, 9.9800816, 9.9959755, 9.9979820, 9.9993258, 19.999998, 19.999998, 19.999989, 19.991005, 0.34997568, 0.34994259, 0.34980032, 0.34995967, 0.34997976, 0.34999323, 0.34999999, 0.34999999, 0.34999993, 0.34995502, 0.99939126
0.33878791, 1.0000000, 0.93763721, 9.1050005, 9.5530958, 9.7408657, 9.9192009, 9.9581890, 9.9834423, 19.997532, 19.999355, 19.999563, 19.974592, 0.34104928, 0.34553051, 0.34740841, 0.34919196, 0.34958187, 0.34983441, 0.34998766, 0.34999678, 0.34999782, 0.34987295, 0.93763721
0.30995107, 1.0000000, 0.83315605, 7.1378155, 9.4127874, 9.6361647, 9.8470087, 9.9167109, 9.9646082, 19.993492, 19.998306, 19.997665, 19.952196, 0.32137078, 0.34412199, 0.34635863, 0.34846947, 0.34916681, 0.34964600, 0.34996745, 0.34999153, 0.34998834, 0.34976098, 0.83315605
0.28133065, 1.0000000, 0.72945881, 5.1193843, 9.3532295, 9.5834684, 9.7929974, 9.8809433, 9.9461679, 19.988997, 19.997112, 19.993380, 19.932188, 0.30119026, 0.34352836, 0.34583265, 0.34792957, 0.34880921, 0.34946162, 0.34994498, 0.34998557, 0.34996688, 0.34966093, 0.72945881
0.25706157, 1.0000000, 0.64152741, 3.3516076, 9.3691730, 9.5853357, 9.7769241, 9.8655605, 9.9358845, 19.986019, 19.996180, 19.986290, 19.915226, 0.28351560, 0.34369096, 0.34585297, 0.34776914, 0.34865558, 0.34935886, 0.34993011, 0.34998089, 0.34993145, 0.34957612, 0.64152741
0.22935243, 1.0000000, 0.54113197, 2.1923244, 8.0014153, 9.5055218, 9.7279081, 9.8332548, 9.9175673, 19.980274, 19.994198, 19.976166, 19.901329, 0.27192309, 0.33001384, 0.34505501, 0.34727904, 0.34833252, 0.34917566, 0.34990138, 0.34997100, 0.34988081, 0.34950665, 0.54113197
0.19811091, 1.0000000, 0.42793801, 1.2667596, 5.8226504, 9.4209204, 9.6675701, 9.7928581, 9.8948011, 19.972544, 19.991028, 19.963621, 19.890341, 0.26266566, 0.30822113, 0.34420484, 0.34667480, 0.34792814, 0.34894785, 0.34986272, 0.34995514, 0.34981811, 0.34945172, 0.42793801
0.16592252, 1.0000000, 0.31131345, 0.34877062, 3.4948165, 9.3732376, 9.6259766, 9.7623005, 9.8761549, 19.964743, 19.986633, 19.949688, 19.881897, 0.25348693, 0.28494352, 0.34372616, 0.34625849, 0.34762233, 0.34876135, 0.34982371, 0.34993318, 0.34974843, 0.34940949, 0.31131345
0.14735425, 0.81337571, 0.24403712, 0.99074841E-1, 2.2557468, 8.2101679, 9.5862780, 9.7341251, 9.8591328, 19.956272, 19.980412, 19.935297, 19.875519, 0.25099039, 0.27255249, 0.33209261, 0.34586066, 0.34734017, 0.34859097, 0.34978136, 0.34990206, 0.34967649, 0.34937760, 0.24403712
0.13812669, 0.70194286, 0.21060392, 0.0000000, 1.7905027, 7.2294340, 9.6324873, 9.7580566, 9.8674574, 19.953072, 19.973614, 19.921757, 19.870871, 0.24998404, 0.26790166, 0.32228756, 0.34632304, 0.34757963, 0.34867427, 0.34976536, 0.34986806, 0.34960878, 0.34935436, 0.21060392
0.13291109, 0.63895893, 0.19170685, 0.0000000, 1.4995396, 6.5391083, 9.6764622, 9.7844086, 9.8793011, 19.951355, 19.965326, 19.909519, 19.867504, 0.24998404, 0.26499361, 0.31538719, 0.34676346, 0.34784350, 0.34879279, 0.34975678, 0.34982663, 0.34954759, 0.34933752, 0.19170685
0.19640571, 1.0000000, 0.42175978, 2.9735029, 2.9836922, 8.9807158, 9.7347708, 9.8197184, 9.8958035, 19.950832, 19.955784, 19.898954, 19.865070, 0.27973276, 0.27983555, 0.33980510, 0.34734726, 0.34819695, 0.34895796, 0.34975415, 0.34977892, 0.34949476, 0.34932536, 0.42175978
0.23547685, 1.0000000, 0.56332189, 2.6536047, 7.9084187, 9.6190062, 9.7900381, 9.8534565, 9.9116240, 19.949974, 19.945133, 19.890108, 19.863337, 0.27653587, 0.32908386, 0.34618986, 0.34790036, 0.34853452, 0.34911624, 0.34974986, 0.34972566, 0.34945053, 0.34931669, 0.56332189
0.27471256, 1.0000000, 0.70548028, 4.5151768, 9.5063133, 9.6901264, 9.8077402, 9.8666344, 9.9188080, 19.947313, 19.933689, 19.882847, 19.862083, 0.29515150, 0.34506282, 0.34690109, 0.34807739, 0.34866631, 0.34918809, 0.34973657, 0.34966844, 0.34941423, 0.34931043, 0.70548028
0.24574348, 1.0000000, 0.60051984, 2.9514580, 8.6960115, 9.5417156, 9.7472162, 9.8356380, 9.9061880, 19.939745, 19.921335, 19.876850, 19.861143, 0.27951396, 0.33695900, 0.34541655, 0.34747204, 0.34835631, 0.34906185, 0.34969872, 0.34960669, 0.34938425, 0.34930572, 0.60051984
0.35597426, 1.0000000, 0.99990660, 9.9988489, 9.9993114, 9.9996538, 9.9999275, 9.9999695, 9.9999876, 19.999998, 19.999998, 19.999998, 19.994993, 0.34998715, 0.34999231, 0.34999615, 0.34999919, 0.34999967, 0.34999987, 0.34999999, 0.34999999, 0.34999999, 0.34997496, 0.99990660
0.35599852, 1.0000000, 0.99999452, 9.9999609, 9.9999752, 9.9999876, 9.9999962, 9.9999990, 9.9999990, 19.999998, 19.999998, 19.999998, 19.997997, 0.34999925, 0.34999955, 0.34999976, 0.34999993, 0.34999999, 0.34999999, 0.34999999, 0.34999999, 0.34999999, 0.34998998, 0.99999452
0.35589200, 1.0000000, 0.99960864, 9.9946575, 9.9968023, 9.9983959, 9.9996777, 9.9998417, 9.9999485, 19.999998, 19.999998, 19.999990, 19.991999, 0.34994614, 0.34996778, 0.34998384, 0.34999675, 0.34999841, 0.34999949, 0.34999999, 0.34999999, 0.34999996, 0.34996000, 0.99960864
0.35010833, 1.0000000, 0.97865337, 9.8096876, 9.7072105, 9.8106909, 9.9470949, 9.9729328, 9.9896002, 19.998676, 19.999653, 19.999811, 19.981091, 0.34809643, 0.34707183, 0.34810677, 0.34947091, 0.34972933, 0.34989601, 0.34999338, 0.34999827, 0.34999907, 0.34990546, 0.97865337
0.33965862, 1.0000000, 0.94079214, 9.1877146, 9.5354710, 9.7171450, 9.8961716, 9.9448214, 9.9777021, 19.996643, 19.999117, 19.998539, 19.958233, 0.34187585, 0.34535387, 0.34717104, 0.34896162, 0.34944817, 0.34977701, 0.34998322, 0.34999558, 0.34999269, 0.34979117, 0.94079214
0.35599804, 1.0000000, 0.99999291, 9.9999485, 9.9999695, 9.9999847, 9.9999962, 9.9999962, 9.9999990, 19.999998, 19.999998, 19.999998, 19.997997, 0.34999901, 0.34999943, 0.34999970, 0.34999993, 0.34999996, 0.34999999, 0.34999999, 0.34999999, 0.34999999, 0.34998998, 0.99999291
0.33325255, 1.0000000, 0.91758168, 8.7025623, 9.5529537, 9.7451496, 9.9229927, 9.9602861, 9.9844370, 19.997799, 19.999420, 19.999697, 19.978128, 0.33702376, 0.34552830, 0.34745088, 0.34922981, 0.34960282, 0.34984434, 0.34998900, 0.34999710, 0.34999847, 0.34989065, 0.91758168
0.31646454, 1.0000000, 0.85675550, 7.5368190, 9.5017805, 9.6928072, 9.8742428, 9.9318781, 9.9715614, 19.995192, 19.998753, 19.998169, 19.955484, 0.32536346, 0.34501421, 0.34692624, 0.34874207, 0.34931859, 0.34971556, 0.34997594, 0.34999377, 0.34999084, 0.34977743, 0.85675550
0.34836698, 1.0000000, 0.97234410, 9.6375666, 9.7528200, 9.8681545, 9.9669857, 9.9832659, 9.9937868, 19.999367, 19.999832, 19.999952, 19.988997, 0.34637377, 0.34752703, 0.34868094, 0.34966975, 0.34983259, 0.34993783, 0.34999683, 0.34999916, 0.34999976, 0.34994498, 0.97234410
0.35599905, 1.0000000, 0.99999648, 9.9999990, 9.9999990, 9.9999990, 9.9999990, 9.9999990, 9.9999990, 19.999998, 19.999998, 19.999998, 19.998999, 0.34999952, 0.34999970, 0.34999985, 0.34999996, 0.34999999, 0.34999999, 0.34999999, 0.34999999, 0.34999999, 0.34999499, 0.99999648
0.31955799, 1.0000000, 0.86796367, 7.8281565, 9.4109144, 9.6483421, 9.8750648, 9.9342670, 9.9729605, 19.995209, 19.998741, 19.999428, 19.975163, 0.32828030, 0.34410822, 0.34648293, 0.34875056, 0.34934261, 0.34972957, 0.34997603, 0.34999371, 0.34999713, 0.34987581, 0.86796367
0.35595936, 1.0000000, 0.99985272, 9.9982920, 9.9989777, 9.9994869, 9.9998951, 9.9999485, 9.9999819, 19.999998, 19.999998, 19.999992, 19.994993, 0.34997973, 0.34998786, 0.34999391, 0.34999877, 0.34999940, 0.34999979, 0.34999999, 0.34999999, 0.34999996, 0.34997496, 0.99985272
0.35599732, 1.0000000, 0.99999028, 9.9999104, 9.9999456, 9.9999723, 9.9999933, 9.9999990, 9.9999990, 19.999998, 19.999998, 19.999998, 19.996996, 0.34999865, 0.34999919, 0.34999961, 0.34999990, 0.34999999, 0.34999999, 0.34999999, 0.34999999, 0.34999999, 0.34998497, 0.99999028
0.35599840, 1.0000000, 0.99999404, 9.9999580, 9.9999752, 9.9999876, 9.9999962, 9.9999990, 9.9999990, 19.999998, 19.999998, 19.999998, 19.997997, 0.34999916, 0.34999952, 0.34999976, 0.34999993, 0.34999999, 0.34999999, 0.34999999, 0.34999999, 0.34999999, 0.34998998, 0.99999404
0.35368890, 1.0000000, 0.99162644, 9.9808979, 9.8071756, 9.8979120, 9.9742432, 9.9869509, 9.9950905, 19.999432, 19.999849, 19.999825, 19.979134, 0.34980854, 0.34807149, 0.34897897, 0.34974241, 0.34986952, 0.34995091, 0.34999716, 0.34999925, 0.34999913, 0.34989566, 0.99162644
0.35599816, 1.0000000, 0.99999326, 9.9999990, 9.9999990, 9.9999990, 9.9999990, 9.9999990, 9.9999990, 19.999998, 19.999998, 19.999998, 19.998999, 0.34999907, 0.34999943, 0.34999973, 0.34999993, 0.34999996, 0.34999999, 0.34999999, 0.34999999, 0.34999999, 0.34999499, 0.99999326
0.35599637, 1.0000000, 0.99998677, 9.9998627, 9.9999189, 9.9999542, 9.9999905, 9.9999990, 9.9999990, 19.999998, 19.999998, 19.999998, 19.995995, 0.34999818, 0.34999892, 0.34999940, 0.34999987, 0.34999999, 0.34999999, 0.34999999, 0.34999999, 0.34999999, 0.34997997, 0.99998677
0.35599905, 1.0000000, 0.99999648, 9.9999990, 9.9999990, 9.9999990, 9.9999990, 9.9999990, 9.9999990, 19.999998, 19.999998, 19.999998, 19.998999, 0.34999952, 0.34999970, 0.34999985, 0.34999996, 0.34999999, 0.34999999, 0.34999999, 0.34999999, 0.34999999, 0.34999499, 0.99999648
0.35175157, 1.0000000, 0.98460704, 9.7804804, 9.8842649, 9.9404840, 9.9872208, 9.9935827, 9.9977980, 19.999933, 19.999987, 19.999975, 19.989016, 0.34780437, 0.34884238, 0.34940469, 0.34987217, 0.34993583, 0.34997797, 0.34999967, 0.34999993, 0.34999987, 0.34994507, 0.98460704
0.34766877, 1.0000000, 0.96981430, 9.5565805, 9.7913494, 9.8899908, 9.9736547, 9.9866819, 9.9951496, 19.999594, 19.999891, 19.999958, 19.988003, 0.34556529, 0.34791321, 0.34889975, 0.34973651, 0.34986678, 0.34995151, 0.34999797, 0.34999946, 0.34999979, 0.34994000, 0.96981430
0.32354468, 1.0000000, 0.88240826, 8.0343723, 9.5136204, 9.7115879, 9.9008970, 9.9480057, 9.9791393, 19.996792, 19.999170, 19.999058, 19.964699, 0.33034280, 0.34513554, 0.34711555, 0.34900892, 0.34948003, 0.34979141, 0.34998396, 0.34999585, 0.34999529, 0.34982350, 0.88240826
0.28704336, 1.0000000, 0.75015706, 5.5503907, 9.3257589, 9.5756359, 9.8121557, 9.8960390, 9.9554873, 19.992033, 19.997931, 19.996178, 19.943224, 0.30550072, 0.34325439, 0.34575471, 0.34812123, 0.34896022, 0.34955481, 0.34996015, 0.34998965, 0.34998089, 0.34971613, 0.75015706
0.34097755, 1.0000000, 0.94557071, 9.3059769, 9.5383663, 9.6577978, 9.8216944, 9.8946686, 9.9521236, 19.991222, 19.997677, 19.990910, 19.924561, 0.34305578, 0.34538120, 0.34657672, 0.34821668, 0.34894657, 0.34952119, 0.34995610, 0.34998840, 0.34995455, 0.34962279, 0.94557071
0.35597181, 1.0000000, 0.99989790, 9.9988909, 9.9993343, 9.9996653, 9.9999313, 9.9999666, 9.9999876, 19.999998, 19.999998, 19.999998, 19.994993, 0.34998596, 0.34999159, 0.34999576, 0.34999913, 0.34999958, 0.34999985, 0.34999999, 0.34999999, 0.34999999, 0.34997496, 0.99989790
0.35599643, 1.0000000, 0.99998701, 9.9998684, 9.9999161, 9.9999580, 9.9999905, 9.9999990, 9.9999990, 19.999998, 19.999998, 19.999998, 19.995995, 0.34999824, 0.34999889, 0.34999943, 0.34999987, 0.34999999, 0.34999999, 0.34999999, 0.34999999, 0.34999999, 0.34997997, 0.99998701
0.33089441, 1.0000000, 0.90903765, 8.5791521, 9.4955320, 9.7056828, 9.9044228, 9.9502544, 9.9801350, 19.996918, 19.999201, 19.999666, 19.980062, 0.33579153, 0.34495533, 0.34705684, 0.34904423, 0.34950253, 0.34980136, 0.34998459, 0.34999600, 0.34999833, 0.34990031, 0.90903765
0.34192014, 1.0000000, 0.94898587, 9.2186394, 9.6926422, 9.8317270, 9.9511757, 9.9750118, 9.9899874, 19.998301, 19.999563, 19.999855, 19.987009, 0.34218472, 0.34692538, 0.34831673, 0.34951162, 0.34975004, 0.34989986, 0.34999150, 0.34999782, 0.34999928, 0.34993505, 0.94898587
0.30247107, 1.0000000, 0.80605453, 6.6420984, 9.3530502, 9.6001816, 9.8375797, 9.9124298, 9.9628801, 19.992895, 19.998158, 19.998737, 19.963718, 0.31642008, 0.34352973, 0.34600142, 0.34837571, 0.34912428, 0.34962881, 0.34996447, 0.34999079, 0.34999368, 0.34981859, 0.80605453
0.25726748, 1.0000000, 0.64227343, 3.4670763, 9.2435169, 9.5074568, 9.7526789, 9.8573856, 9.9358168, 19.987144, 19.996643, 19.995670, 19.942337, 0.28466988, 0.34243375, 0.34507382, 0.34752664, 0.34857377, 0.34935814, 0.34993571, 0.34998322, 0.34997836, 0.34971169, 0.64227343
0.22200261, 1.0000000, 0.51450223, 2.0092220, 7.4499764, 9.4532757, 9.6936111, 9.8139811, 9.9104319, 19.980114, 19.994732, 19.989819, 19.923698, 0.27009118, 0.32449746, 0.34453130, 0.34693581, 0.34813967, 0.34910426, 0.34990057, 0.34997365, 0.34994909, 0.34961849, 0.51450223
0.21322252, 1.0000000, 0.48269027, 1.9848317, 6.4446387, 9.4322567, 9.6699696, 9.7929201, 9.8955431, 19.974762, 19.992992, 19.981171, 19.908176, 0.26984668, 0.31444320, 0.34432024, 0.34669921, 0.34792897, 0.34895533, 0.34987381, 0.34996498, 0.34990585, 0.34954089, 0.48269027
0.23141249, 1.0000000, 0.54859591, 2.5947750, 7.6185398, 9.4453659, 9.6719398, 9.7899380, 9.8901796, 19.970480, 19.991035, 19.969971, 19.895741, 0.27594563, 0.32618168, 0.34445134, 0.34671891, 0.34789914, 0.34890172, 0.34985238, 0.34995517, 0.34984985, 0.34947869, 0.54859591
0.32972234, 1.0000000, 0.90479106, 8.7575617, 9.1793394, 9.5187063, 9.7055054, 9.8072128, 9.8956232, 19.968185, 19.988703, 19.957041, 19.886103, 0.33757252, 0.34179142, 0.34518605, 0.34705484, 0.34807199, 0.34895620, 0.34984094, 0.34994352, 0.34978521, 0.34943050, 0.90479106
0.35438615, 1.0000000, 0.99415267, 9.9987774, 9.9532862, 9.7834177, 9.7301855, 9.8218098, 9.9018478, 19.966736, 19.985291, 19.943249, 19.878792, 0.34998634, 0.34953201, 0.34783375, 0.34730175, 0.34821805, 0.34901848, 0.34983367, 0.34992644, 0.34971625, 0.34939396, 0.99415267
0.34375876, 1.0000000, 0.95564759, 9.4985371, 9.5782681, 9.6270723, 9.7536860, 9.8363867, 9.9090948, 19.966396, 19.980450, 19.929544, 19.873352, 0.34498486, 0.34578240, 0.34627059, 0.34753683, 0.34836385, 0.34909093, 0.34983200, 0.34990224, 0.34964773, 0.34936675, 0.95564759
0.30125788, 1.0000000, 0.80165893, 6.6239781, 9.2933187, 9.5220461, 9.7217407, 9.8198814, 9.9018030, 19.962280, 19.972706, 19.916420, 19.869287, 0.31623781, 0.34293154, 0.34521961, 0.34721723, 0.34819874, 0.34901801, 0.34981140, 0.34986353, 0.34958211, 0.34934643, 0.80165893
0.25114423, 1.0000000, 0.62008780, 3.0826135, 9.1861944, 9.4484558, 9.6784954, 9.7939310, 9.8888416, 19.955843, 19.962477, 19.904554, 19.866293, 0.28082389, 0.34185794, 0.34448251, 0.34678453, 0.34793910, 0.34888837, 0.34977922, 0.34981239, 0.34952277, 0.34933147, 0.62008780
0.22808626, 1.0000000, 0.53654438, 2.3859053, 7.5424943, 9.4860678, 9.6906729, 9.7982588, 9.8891554, 19.951683, 19.951391, 19.894547, 19.864153, 0.27385661, 0.32542029, 0.34485775, 0.34690613, 0.34798229, 0.34889147, 0.34975842, 0.34975696, 0.34947273, 0.34932077, 0.53654438
0.26940256, 1.0000000, 0.68624115, 4.3477898, 9.2545090, 9.4998322, 9.6976099, 9.8015919, 9.8894978, 19.946560, 19.939306, 19.886242, 19.862623, 0.29347575, 0.34254238, 0.34499693, 0.34697580, 0.34801576, 0.34889492, 0.34973282, 0.34969652, 0.34943122, 0.34931311, 0.68624115
0.23406816, 1.0000000, 0.55821794, 2.5741398, 7.9643373, 9.4626350, 9.6792812, 9.7908039, 9.8836031, 19.939110, 19.926662, 19.879480, 19.861509, 0.27573940, 0.32963964, 0.34462416, 0.34679237, 0.34790781, 0.34883595, 0.34969556, 0.34963331, 0.34939739, 0.34930754, 0.55821794
0.20902745, 1.0000000, 0.46749073, 1.8295377, 6.1789465, 9.4671116, 9.6811485, 9.7908373, 9.8825598, 19.932098, 19.914824, 19.874224, 19.860737, 0.26829299, 0.31178463, 0.34466743, 0.34681073, 0.34790799, 0.34882548, 0.34966049, 0.34957412, 0.34937114, 0.34930369, 0.46749073
0.18629020, 1.0000000, 0.38510942, 1.5902370, 3.8779848, 9.3870878, 9.6344271, 9.7626352, 9.8684320, 19.921551, 19.903275, 19.869978, 19.860134, 0.26589993, 0.28877628, 0.34386653, 0.34634337, 0.34762591, 0.34868416, 0.34960777, 0.34951636, 0.34934989, 0.34930068, 0.38510942
0.30814722, 1.0000000, 0.82662034, 7.1706114, 9.2326031, 9.4961033, 9.6858282, 9.7897444, 9.8779869, 19.914724, 19.894178, 19.867029, 19.859779, 0.32170472, 0.34232497, 0.34496048, 0.34685817, 0.34789738, 0.34877983, 0.34957361, 0.34947088, 0.34933513, 0.34929889, 0.82662034
0.26371092, 1.0000000, 0.66561931, 3.9665787, 9.2208109, 9.4680138, 9.6804237, 9.7877321, 9.8752689, 19.904869, 19.885780, 19.864641, 19.859476, 0.28966436, 0.34220612, 0.34467912, 0.34680402, 0.34787720, 0.34875265, 0.34952435, 0.34942889, 0.34932321, 0.34929737, 0.66561931
0.22450823, 1.0000000, 0.52358049, 2.2566140, 7.3647580, 9.4187374, 9.6520033, 9.7703114, 9.8652163, 19.893948, 19.878487, 19.862782, 19.859251, 0.27256474, 0.32364482, 0.34418562, 0.34651968, 0.34770292, 0.34865209, 0.34946972, 0.34939244, 0.34931391, 0.34929627, 0.52358049
0.19133568, 1.0000000, 0.40339014, 1.2606889, 5.0354872, 9.3916273, 9.6303329, 9.7552166, 9.8550825, 19.883026, 19.872404, 19.861359, 19.859121, 0.26260468, 0.30034956, 0.34391132, 0.34630233, 0.34755167, 0.34855065, 0.34941512, 0.34936202, 0.34930679, 0.34929562, 0.40339014
0.16400909, 1.0000000, 0.30438080, 0.54214299, 2.9619603, 9.3350229, 9.6203032, 9.7470112, 9.8487129, 19.874493, 19.867867, 19.860355, 19.859016, 0.25542071, 0.27961728, 0.34334657, 0.34620228, 0.34746972, 0.34848702, 0.34937245, 0.34933934, 0.34930179, 0.34929508, 0.30438080
0.14620510, 0.79949862, 0.23987357, 0.96124411E-1, 2.2225409, 8.0053101, 9.6036167, 9.7349329, 9.8406754, 19.866625, 19.864197, 19.859568, 19.858904, 0.25096098, 0.27222186, 0.33004671, 0.34603465, 0.34734857, 0.34840649, 0.34933311, 0.34932098, 0.34929782, 0.34929451, 0.23987357
0.13230647, 0.63165754, 0.18951622, 0.0000000, 1.4577568, 6.5081005, 9.5643330, 9.7092886, 9.8265572, 19.858501, 19.860966, 19.858894, 19.858805, 0.24997979, 0.26457632, 0.31507823, 0.34564254, 0.34709248, 0.34826544, 0.34929252, 0.34930483, 0.34929448, 0.34929401, 0.18951622
0.14813933, 0.82285631, 0.24688159, 1.7771661, 0.98825693, 5.3435063, 9.5831175, 9.7180080, 9.8279791, 19.854151, 19.859058, 19.858553, 19.858757, 0.26776934, 0.25988179, 0.30343294, 0.34583044, 0.34717968, 0.34827965, 0.34927076, 0.34929529, 0.34929276, 0.34929377, 0.24688159
0.17247050, 1.0000000, 0.33503801, 1.7300993, 2.6013553, 8.1451197, 9.6080084, 9.7321815, 9.8328190, 19.851387, 19.857819, 19.858324, 19.858709, 0.26729867, 0.27601144, 0.33144793, 0.34607932, 0.34732142, 0.34832805, 0.34925693, 0.34928909, 0.34929162, 0.34929353, 0.33503801
0.18932140, 1.0000000, 0.39609206, 2.1473794, 3.3236661, 9.3733435, 9.6309423, 9.7461920, 9.8379345, 19.849213, 19.856890, 19.858166, 19.858709, 0.27147195, 0.28323495, 0.34373102, 0.34630892, 0.34746167, 0.34837925, 0.34924605, 0.34928444, 0.34929082, 0.34929353, 0.39609206
0.16394395, 1.0000000, 0.30414471, 1.1868387, 2.3300052, 8.4377661, 9.6111307, 9.7352066, 9.8325262, 19.845963, 19.855804, 19.857941, 19.858675, 0.26186702, 0.27329844, 0.33437473, 0.34611064, 0.34735173, 0.34832513, 0.34922981, 0.34927902, 0.34928972, 0.34929338, 0.30414471
0.16602260, 1.0000000, 0.31167611, 2.0308347, 1.7697841, 7.2495899, 9.6058636, 9.7315426, 9.8308458, 19.844793, 19.855347, 19.857895, 19.858704, 0.27030432, 0.26769572, 0.32249159, 0.34605750, 0.34731486, 0.34830824, 0.34922397, 0.34927672, 0.34928948, 0.34929353, 0.31167611
0.17637029, 1.0000000, 0.34916770, 2.3445578, 2.8811603, 6.4687481, 9.6486511, 9.7559338, 9.8408279, 19.845562, 19.855463, 19.857979, 19.858709, 0.27344248, 0.27880931, 0.31468493, 0.34648573, 0.34755895, 0.34840816, 0.34922782, 0.34927732, 0.34928989, 0.34929353, 0.34916770
0.16088188, 0.97673661, 0.29305029, 1.7868400, 1.9012868, 6.5580978, 9.5990868, 9.7279711, 9.8284111, 19.842340, 19.854557, 19.857777, 19.858664, 0.26786780, 0.26901248, 0.31558031, 0.34599069, 0.34727964, 0.34828410, 0.34921169, 0.34927279, 0.34928888, 0.34929332, 0.29305029
0.18419561, 1.0000000, 0.37752032, 2.4635494, 2.8944702, 7.9298725, 9.6700544, 9.7673378, 9.8447886, 19.844702, 19.855118, 19.857943, 19.858709, 0.27463284, 0.27894282, 0.32929617, 0.34669992, 0.34767306, 0.34844777, 0.34922349, 0.34927559, 0.34928972, 0.34929353, 0.37752032
0.16174564, 0.98716736, 0.29617983, 1.5234113, 2.2699981, 6.8984976, 9.6320410, 9.7479296, 9.8374805, 19.843725, 19.854866, 19.857895, 19.858704, 0.26523361, 0.27269953, 0.31898430, 0.34632024, 0.34747919, 0.34837478, 0.34921864, 0.34927434, 0.34928948, 0.34929353, 0.29617983
0.14194073, 0.74800152, 0.22442290, 0.76124966, 1.6927242, 5.8175478, 9.6096811, 9.7340469, 9.8314915, 19.842859, 19.854633, 19.857832, 19.858698, 0.25761011, 0.26692405, 0.30816999, 0.34609500, 0.34733954, 0.34831461, 0.34921429, 0.34927318, 0.34928915, 0.34929350, 0.22442290
0.35002738, 1.0000000, 0.97835994, 9.7934399, 9.7145119, 9.8314238, 9.9553671, 9.9772625, 9.9914207, 19.999016, 19.999743, 19.999901, 19.987009, 0.34792799, 0.34714130, 0.34831229, 0.34955329, 0.34977242, 0.34991413, 0.34999508, 0.34999871, 0.34999949, 0.34993505, 0.97835994
0.34665406, 1.0000000, 0.96613783, 9.5199156, 9.7450657, 9.8635845, 9.9658890, 9.9827099, 9.9935961, 19.999372, 19.999838, 19.999908, 19.986019, 0.34519476, 0.34744796, 0.34863448, 0.34965864, 0.34982696, 0.34993589, 0.34999686, 0.34999919, 0.34999955, 0.34993011, 0.96613783
0.32187527, 1.0000000, 0.87635970, 7.9976716, 9.4177427, 9.6324739, 9.8644629, 9.9283218, 9.9713984, 19.995964, 19.998949, 19.998878, 19.962820, 0.32997477, 0.34417605, 0.34632406, 0.34864447, 0.34928316, 0.34971395, 0.34997982, 0.34999475, 0.34999439, 0.34981412, 0.87635970
0.28319815, 1.0000000, 0.73622513, 5.2886486, 9.3097067, 9.5574293, 9.7908392, 9.8820267, 9.9492226, 19.991615, 19.997824, 19.995827, 19.941559, 0.30288315, 0.34309354, 0.34557247, 0.34790802, 0.34882009, 0.34949216, 0.34995806, 0.34998912, 0.34997913, 0.34970778, 0.73622513
0.24006818, 1.0000000, 0.57995713, 2.8209181, 8.2722921, 9.4623919, 9.7127438, 9.8294077, 9.9210281, 19.984930, 19.996042, 19.989897, 19.923046, 0.27820611, 0.33271754, 0.34462085, 0.34712681, 0.34829375, 0.34921017, 0.34992465, 0.34998021, 0.34994948, 0.34961522, 0.57995713
0.21758130, 1.0000000, 0.49848297, 2.4489255, 6.1879444, 9.4491253, 9.6823092, 9.8031740, 9.9029856, 19.979151, 19.994232, 19.981112, 19.907658, 0.27448559, 0.31187388, 0.34448698, 0.34682223, 0.34803128, 0.34902969, 0.34989575, 0.34997118, 0.34990555, 0.34953830, 0.49848297
0.35599899, 1.0000000, 0.99999636, 9.9999990, 9.9999990, 9.9999990, 9.9999990, 9.9999990, 9.9999990, 19.999998, 19.999998, 19.999998, 19.998999, 0.34999949, 0.34999970, 0.34999985, 0.34999996, 0.34999996, 0.34999999, 0.34999999, 0.34999999, 0.34999999, 0.34999499, 0.99999636
0.35599566, 1.0000000, 0.99998420, 9.9998360, 9.9999008, 9.9999514, 9.9999905, 9.9999933, 9.9999990, 19.999998, 19.999998, 19.999998, 19.996996, 0.34999782, 0.34999868, 0.34999937, 0.34999987, 0.34999990, 0.34999999, 0.34999999, 0.34999999, 0.34999999, 0.34998497, 0.99998420
0.35599899, 1.0000000, 0.99999636, 9.9999990, 9.9999990, 9.9999990, 9.9999990, 9.9999990, 9.9999990, 19.999998, 19.999998, 19.999998, 19.998999, 0.34999949, 0.34999970, 0.34999985, 0.34999996, 0.34999996, 0.34999999, 0.34999999, 0.34999999, 0.34999999, 0.34999499, 0.99999636
0.34722239, 1.0000000, 0.96819705, 9.5912676, 9.7104912, 9.8326254, 9.9568481, 9.9780264, 9.9919233, 19.999283, 19.999821, 19.999895, 19.983068, 0.34591213, 0.34710458, 0.34832609, 0.34956846, 0.34978023, 0.34991923, 0.34999642, 0.34999910, 0.34999949, 0.34991533, 0.96819705
0.35599583, 1.0000000, 0.99998486, 9.9998446, 9.9999065, 9.9999542, 9.9999905, 9.9999933, 9.9999990, 19.999992, 19.999998, 19.999998, 19.996996, 0.34999791, 0.34999874, 0.34999940, 0.34999987, 0.34999990, 0.34999999, 0.34999996, 0.34999999, 0.34999999, 0.34998497, 0.99998486
0.33347309, 1.0000000, 0.91838074, 8.7753477, 9.4906712, 9.6860085, 9.8997917, 9.9478664, 9.9795876, 19.997227, 19.999277, 19.999722, 19.981050, 0.33775240, 0.34490603, 0.34685972, 0.34899786, 0.34947863, 0.34979588, 0.34998614, 0.34999639, 0.34999859, 0.34990525, 0.91838074
0.29451346, 1.0000000, 0.77722275, 6.1171613, 9.2963047, 9.5533218, 9.7990837, 9.8887653, 9.9525480, 19.991711, 19.997841, 19.998217, 19.958118, 0.31116796, 0.34295970, 0.34553152, 0.34799048, 0.34888747, 0.34952542, 0.34995854, 0.34998921, 0.34999108, 0.34979060, 0.77722275
0.25277254, 1.0000000, 0.62598741, 3.1547348, 9.2292852, 9.4955282, 9.7399082, 9.8472891, 9.9304962, 19.986929, 19.996569, 19.994595, 19.937382, 0.28154591, 0.34229034, 0.34495398, 0.34739882, 0.34847277, 0.34930494, 0.34993464, 0.34998286, 0.34997296, 0.34968692, 0.62598741
0.21492615, 1.0000000, 0.48886287, 1.8443584, 6.8923187, 9.4149923, 9.6731930, 9.8004808, 9.9040279, 19.980280, 19.994719, 19.988058, 19.919523, 0.26844203, 0.31891972, 0.34414756, 0.34673145, 0.34800458, 0.34904018, 0.34990141, 0.34997359, 0.34994030, 0.34959763, 0.48886287
0.19050854, 1.0000000, 0.40039325, 1.1834770, 5.0349650, 9.4356441, 9.6736851, 9.7939596, 9.8957119, 19.976297, 19.993286, 19.978806, 19.904823, 0.26183331, 0.30034590, 0.34435293, 0.34673613, 0.34793925, 0.34895700, 0.34988147, 0.34996644, 0.34989402, 0.34952411, 0.40039325
0.16532478, 1.0000000, 0.30914772, 0.52022040, 3.1117957, 9.4164963, 9.6539574, 9.7788944, 9.8852892, 19.971350, 19.991014, 19.967020, 19.893091, 0.25520065, 0.28111243, 0.34415662, 0.34653786, 0.34778807, 0.34885260, 0.34985673, 0.34995508, 0.34983510, 0.34946546, 0.30914772
0.35028487, 1.0000000, 0.97929293, 9.7017307, 9.8490944, 9.9217119, 9.9824133, 9.9911337, 9.9968739, 19.999826, 19.999958, 19.999969, 19.989016, 0.34701395, 0.34848890, 0.34921607, 0.34982392, 0.34991124, 0.34996870, 0.34999913, 0.34999979, 0.34999985, 0.34994507, 0.97929293
0.30434179, 1.0000000, 0.81283259, 6.8017759, 9.3212481, 9.5847349, 9.8421011, 9.9158802, 9.9652586, 19.994011, 19.998444, 19.998930, 19.965576, 0.31801191, 0.34320769, 0.34584486, 0.34842050, 0.34915853, 0.34965250, 0.34997004, 0.34999222, 0.34999466, 0.34982789, 0.81283259
0.25630045, 1.0000000, 0.63876975, 3.4142509, 9.2230291, 9.4939213, 9.7469540, 9.8549089, 9.9353075, 19.987495, 19.996727, 19.996019, 19.944002, 0.28413951, 0.34222546, 0.34493673, 0.34746903, 0.34854883, 0.34935299, 0.34993747, 0.34998363, 0.34998009, 0.34972000, 0.63876975
0.24143344, 1.0000000, 0.58490372, 2.9187620, 8.2384167, 9.5283232, 9.7341223, 9.8379335, 9.9223490, 19.983704, 19.995674, 19.990662, 19.925165, 0.27918485, 0.33237946, 0.34528053, 0.34734067, 0.34837908, 0.34922341, 0.34991851, 0.34997839, 0.34995329, 0.34962583, 0.58490372
0.23712079, 1.0000000, 0.56927824, 2.6052892, 8.2037153, 9.5934582, 9.7603426, 9.8479023, 9.9230957, 19.982601, 19.995140, 19.982557, 19.909458, 0.27605176, 0.33203503, 0.34593332, 0.34760320, 0.34847891, 0.34923092, 0.34991300, 0.34997571, 0.34991279, 0.34954730, 0.56927824
0.26890081, 1.0000000, 0.68442327, 4.2790442, 9.2481346, 9.5986652, 9.7699862, 9.8523417, 9.9236755, 19.981792, 19.994295, 19.971828, 19.896814, 0.29279011, 0.34248090, 0.34598643, 0.34769979, 0.34852338, 0.34923676, 0.34990895, 0.34997147, 0.34985915, 0.34948409, 0.68442327
0.35438377, 1.0000000, 0.99414396, 9.9997187, 9.9717665, 9.7356586, 9.7508526, 9.8415670, 9.9181156, 19.979567, 19.992237, 19.959028, 19.886940, 0.34999666, 0.34971735, 0.34735644, 0.34750849, 0.34841564, 0.34918115, 0.34989783, 0.34996119, 0.34979513, 0.34943470, 0.99414396
0.35599697, 1.0000000, 0.99998891, 9.9998980, 9.9999371, 9.9999666, 9.9999933, 9.9999933, 9.9999990, 19.999998, 19.999998, 19.999996, 19.993679, 0.34999847, 0.34999907, 0.34999952, 0.34999990, 0.34999990, 0.34999999, 0.34999999, 0.34999999, 0.34999996, 0.34996840, 0.99998891
0.35599262, 1.0000000, 0.99997330, 9.9996834, 9.9998112, 9.9998980, 9.9999819, 9.9999876, 9.9999990, 19.999998, 19.999998, 19.999996, 19.993994, 0.34999633, 0.34999782, 0.34999883, 0.34999979, 0.34999985, 0.34999999, 0.34999999, 0.34999999, 0.34999996, 0.34996998, 0.99997330
0.35469508, 1.0000000, 0.99527204, 9.9343395, 9.9620199, 9.9808569, 9.9961300, 9.9980621, 9.9993553, 19.999998, 19.999998, 19.999989, 19.991005, 0.34934288, 0.34961990, 0.34980842, 0.34996128, 0.34998059, 0.34999356, 0.34999999, 0.34999999, 0.34999993, 0.34995502, 0.99527204
0.35599113, 1.0000000, 0.99996781, 9.9996510, 9.9997940, 9.9998951, 9.9999790, 9.9999876, 9.9999990, 19.999998, 19.999998, 19.999998, 19.994993, 0.34999555, 0.34999737, 0.34999865, 0.34999973, 0.34999985, 0.34999999, 0.34999999, 0.34999999, 0.34999999, 0.34997496, 0.99996781
0.35600001, 1.0000000, 1.0000000, 9.9999990, 9.9999990, 9.9999990, 9.9999990, 9.9999990, 9.9999990, 19.999998, 19.999998, 19.999998, 19.997997, 0.34999999, 0.34999999, 0.34999999, 0.34999999, 0.34999999, 0.34999999, 0.34999999, 0.34999999, 0.34999999, 0.34998998, 1.0000000
0.35546654, 1.0000000, 0.99806726, 9.9733019, 9.9842281, 9.9920902, 9.9984083, 9.9992008, 9.9997368, 19.999998, 19.999998, 19.999989, 19.991005, 0.34973302, 0.34984228, 0.34992090, 0.34998408, 0.34999201, 0.34999737, 0.34999999, 0.34999999, 0.34999993, 0.34995502, 0.99806726
0.35599452, 1.0000000, 0.99998003, 9.9997787, 9.9998684, 9.9999313, 9.9999876, 9.9999876, 9.9999990, 19.999998, 19.999998, 19.999998, 19.994993, 0.34999725, 0.34999835, 0.34999913, 0.34999985, 0.34999985, 0.34999999, 0.34999999, 0.34999999, 0.34999999, 0.34997496, 0.99998003
0.35599899, 1.0000000, 0.99999636, 9.9999990, 9.9999990, 9.9999990, 9.9999990, 9.9999990, 9.9999990, 19.999998, 19.999998, 19.999998, 19.998999, 0.34999949, 0.34999970, 0.34999985, 0.34999996, 0.34999996, 0.34999999, 0.34999999, 0.34999999, 0.34999999, 0.34999499, 0.99999636
0.33753091, 1.0000000, 0.93308294, 9.0431767, 9.5168591, 9.7179680, 9.9104881, 9.9534903, 9.9818087, 19.997538, 19.999361, 19.999594, 19.975210, 0.34043124, 0.34516826, 0.34717953, 0.34910485, 0.34953487, 0.34981808, 0.34998769, 0.34999681, 0.34999797, 0.34987605, 0.93308294
0.30542585, 1.0000000, 0.81676030, 6.8402529, 9.3736496, 9.6110201, 9.8412714, 9.9133978, 9.9647274, 19.995178, 19.998747, 19.997860, 19.952801, 0.31840211, 0.34373614, 0.34611002, 0.34841269, 0.34913394, 0.34964728, 0.34997588, 0.34999374, 0.34998930, 0.34976399, 0.81676030
0.26115650, 1.0000000, 0.65636408, 3.7480998, 9.2425852, 9.5098734, 9.7616110, 9.8628817, 9.9405956, 19.991222, 19.997702, 19.993658, 19.932728, 0.28747949, 0.34242362, 0.34509757, 0.34761587, 0.34862870, 0.34940591, 0.34995610, 0.34998852, 0.34996828, 0.34966365, 0.65636408
0.24837527, 1.0000000, 0.61005533, 2.9371386, 9.0597744, 9.5017548, 9.7290621, 9.8363228, 9.9240837, 19.987759, 19.996689, 19.986628, 19.915691, 0.27936932, 0.34059390, 0.34501556, 0.34729022, 0.34836301, 0.34924078, 0.34993881, 0.34998345, 0.34993315, 0.34957844, 0.61005533
0.25568235, 1.0000000, 0.63653016, 3.3381670, 9.2586460, 9.5291462, 9.7379103, 9.8363676, 9.9199982, 19.986139, 19.995819, 19.976885, 19.901758, 0.28338140, 0.34258601, 0.34529123, 0.34737903, 0.34836364, 0.34919998, 0.34993070, 0.34997910, 0.34988442, 0.34950879, 0.63653016
0.22815898, 1.0000000, 0.53680784, 2.2664428, 7.7492795, 9.4795895, 9.7133427, 9.8202286, 9.9104538, 19.983452, 19.994081, 19.964771, 19.890755, 0.27266350, 0.32749090, 0.34479472, 0.34713319, 0.34820217, 0.34910449, 0.34991726, 0.34997040, 0.34982386, 0.34945378, 0.53680784
0.20541170, 1.0000000, 0.45439017, 1.6268104, 6.0647755, 9.4894094, 9.7047272, 9.8123341, 9.9038782, 19.980059, 19.991072, 19.951164, 19.882309, 0.26626676, 0.31064475, 0.34489176, 0.34704679, 0.34812310, 0.34903869, 0.34990031, 0.34995535, 0.34975582, 0.34941155, 0.45439017
0.35594034, 1.0000000, 0.99978381, 9.9975672, 9.9985390, 9.9992695, 9.9998503, 9.9999247, 9.9999790, 19.999998, 19.999998, 19.999996, 19.993994, 0.34997028, 0.34998214, 0.34999108, 0.34999818, 0.34999910, 0.34999973, 0.34999999, 0.34999999, 0.34999996, 0.34996998, 0.99978381
0.35599583, 1.0000000, 0.99998486, 9.9998446, 9.9999065, 9.9999542, 9.9999905, 9.9999905, 9.9999990, 19.999998, 19.999998, 19.999998, 19.995995, 0.34999791, 0.34999874, 0.34999940, 0.34999987, 0.34999987, 0.34999999, 0.34999999, 0.34999999, 0.34999999, 0.34997997, 0.99998486
0.35599333, 1.0000000, 0.99997586, 9.9997225, 9.9998360, 9.9999161, 9.9999847, 9.9999905, 9.9999962, 19.999998, 19.999998, 19.999998, 19.995995, 0.34999666, 0.34999803, 0.34999898, 0.34999982, 0.34999987, 0.34999996, 0.34999999, 0.34999999, 0.34999999, 0.34997997, 0.99997586
0.32816732, 1.0000000, 0.89915693, 8.3652258, 9.5142918, 9.7196589, 9.9163084, 9.9567680, 9.9835510, 19.998180, 19.999521, 19.999657, 19.976084, 0.33365175, 0.34514254, 0.34719640, 0.34916306, 0.34956765, 0.34983552, 0.34999090, 0.34999761, 0.34999830, 0.34988043, 0.89915693
0.35596973, 1.0000000, 0.99989027, 9.9988642, 9.9993200, 9.9996595, 9.9999313, 9.9999666, 9.9999905, 19.999998, 19.999998, 19.999998, 19.994993, 0.34998488, 0.34999096, 0.34999546, 0.34999907, 0.34999955, 0.34999987, 0.34999999, 0.34999999, 0.34999999, 0.34997496, 0.99989027
0.32887053, 1.0000000, 0.90170479, 8.4291887, 9.4993696, 9.7083168, 9.9080553, 9.9522600, 9.9813395, 19.997484, 19.999344, 19.999662, 19.978106, 0.33429137, 0.34499338, 0.34708297, 0.34908053, 0.34952256, 0.34981340, 0.34998742, 0.34999672, 0.34999830, 0.34989053, 0.90170479
0.28981841, 1.0000000, 0.76021153, 5.7525516, 9.3234367, 9.5743284, 9.8175879, 9.8997545, 9.9584217, 19.993773, 19.998371, 19.998068, 19.955437, 0.30752370, 0.34323260, 0.34574240, 0.34817570, 0.34899744, 0.34958419, 0.34996885, 0.34999186, 0.34999034, 0.34977719, 0.76021153
0.26353532, 1.0000000, 0.66498303, 3.8238554, 9.3611851, 9.5872669, 9.7954464, 9.8808270, 9.9476871, 19.992176, 19.997934, 19.994352, 19.935072, 0.28823519, 0.34360689, 0.34587014, 0.34795395, 0.34880799, 0.34947678, 0.34996086, 0.34998968, 0.34997177, 0.34967536, 0.66498303
0.35596657, 1.0000000, 0.99987882, 9.9995346, 9.9997196, 9.9998589, 9.9999723, 9.9999847, 9.9999933, 19.999998, 19.999998, 19.999998, 19.997997, 0.34998333, 0.34998998, 0.34999499, 0.34999901, 0.34999949, 0.34999982, 0.34999999, 0.34999999, 0.34999999, 0.34998998, 0.99987882
0.35599881, 1.0000000, 0.99999565, 9.9999962, 9.9999990, 9.9999962, 9.9999990, 9.9999990, 9.9999990, 19.999998, 19.999998, 19.999998, 19.998999, 0.34999940, 0.34999967, 0.34999979, 0.34999996, 0.34999996, 0.34999999, 0.34999999, 0.34999999, 0.34999999, 0.34999499, 0.99999565
0.35599405, 1.0000000, 0.99997836, 9.9999962, 9.9999962, 9.9999990, 9.9999990, 9.9999990, 9.9999990, 19.999998, 19.999998, 19.999998, 19.998999, 0.34999701, 0.34999821, 0.34999910, 0.34999982, 0.34999990, 0.34999996, 0.34999999, 0.34999999, 0.34999999, 0.34999499, 0.99997836
0.35599786, 1.0000000, 0.99999225, 9.9999485, 9.9999695, 9.9999847, 9.9999962, 9.9999962, 9.9999990, 19.999998, 19.999998, 19.999998, 19.997997, 0.34999892, 0.34999937, 0.34999967, 0.34999993, 0.34999993, 0.34999999, 0.34999999, 0.34999999, 0.34999999, 0.34998998, 0.99999225
0.32642269, 1.0000000, 0.89283586, 8.2523041, 9.4981813, 9.7084427, 9.9102774, 9.9535027, 9.9820967, 19.997818, 19.999432, 19.999586, 19.974239, 0.33252257, 0.34498149, 0.34708425, 0.34910274, 0.34953499, 0.34982097, 0.34998909, 0.34999716, 0.34999794, 0.34987119, 0.89283586
0.28900468, 1.0000000, 0.75726336, 5.6821127, 9.3365908, 9.5837793, 9.8255577, 9.9044189, 9.9611397, 19.994928, 19.998676, 19.997742, 19.951887, 0.30681992, 0.34336469, 0.34583718, 0.34825546, 0.34904414, 0.34961137, 0.34997463, 0.34999338, 0.34998870, 0.34975943, 0.75726336
0.27872348, 1.0000000, 0.72001249, 5.0114098, 9.2558699, 9.5159502, 9.7608471, 9.8614264, 9.9401760, 19.992033, 19.997917, 19.993484, 19.931965, 0.30011213, 0.34255651, 0.34515840, 0.34760824, 0.34861416, 0.34940174, 0.34996015, 0.34998959, 0.34996742, 0.34965983, 0.72001249
0.27792150, 1.0000000, 0.71710682, 4.8999305, 9.3254080, 9.5548124, 9.7614555, 9.8550777, 9.9331484, 19.990662, 19.997469, 19.986481, 19.915077, 0.29899848, 0.34325314, 0.34554765, 0.34761447, 0.34855071, 0.34933147, 0.34995329, 0.34998733, 0.34993240, 0.34957540, 0.71710682
0.26336327, 1.0000000, 0.66435963, 3.8113008, 9.3705778, 9.5782471, 9.7622480, 9.8517056, 9.9278240, 19.988661, 19.996532, 19.976606, 19.901281, 0.28811067, 0.34370235, 0.34578070, 0.34762213, 0.34851688, 0.34927818, 0.34994331, 0.34998268, 0.34988302, 0.34950641, 0.66435963
0.23735932, 1.0000000, 0.57014245, 2.6480465, 8.1994648, 9.5224924, 9.7373018, 9.8356428, 9.9184704, 19.985992, 19.994795, 19.964422, 19.890377, 0.27647999, 0.33199376, 0.34522441, 0.34737289, 0.34835637, 0.34918466, 0.34992996, 0.34997398, 0.34982210, 0.34945190, 0.57014245
0.27618492, 1.0000000, 0.71081483, 4.7822142, 9.3062744, 9.5698051, 9.7554941, 9.8437052, 9.9199524, 19.985029, 19.992403, 19.950924, 19.882061, 0.29781967, 0.34305987, 0.34569657, 0.34755465, 0.34843689, 0.34919947, 0.34992516, 0.34996203, 0.34975463, 0.34941030, 0.71081483
0.33354193, 1.0000000, 0.91863006, 8.9170027, 9.3453455, 9.5634193, 9.7536659, 9.8422527, 9.9182844, 19.983316, 19.988283, 19.936935, 19.875761, 0.33916795, 0.34345216, 0.34563354, 0.34753650, 0.34842247, 0.34918281, 0.34991658, 0.34994143, 0.34968469, 0.34937879, 0.91863006
0.35463172, 1.0000000, 0.99504250, 9.9999990, 9.9912128, 9.7114859, 9.9066849, 9.9515419, 9.9810333, 19.997423, 19.999325, 19.999754, 19.983032, 0.34999943, 0.34991178, 0.34711468, 0.34906682, 0.34951538, 0.34981033, 0.34998712, 0.34999663, 0.34999877, 0.34991515, 0.99504250
0.34862804, 1.0000000, 0.97328991, 9.8726978, 9.5269108, 9.6321898, 9.8504953, 9.9182987, 9.9671516, 19.996040, 19.998968, 19.998665, 19.960049, 0.34872034, 0.34526527, 0.34631994, 0.34850457, 0.34918278, 0.34967145, 0.34998021, 0.34999484, 0.34999332, 0.34980023, 0.97328991
0.35599786, 1.0000000, 0.99999213, 9.9999456, 9.9999666, 9.9999847, 9.9999962, 9.9999962, 9.9999990, 19.999998, 19.999998, 19.999998, 19.997997, 0.34999892, 0.34999934, 0.34999967, 0.34999993, 0.34999993, 0.34999999, 0.34999999, 0.34999999, 0.34999999, 0.34998998, 0.99999213
0.35599887, 1.0000000, 0.99999583, 9.9999990, 9.9999990, 9.9999990, 9.9999990, 9.9999990, 9.9999990, 19.999998, 19.999998, 19.999998, 19.998999, 0.34999943, 0.34999964, 0.34999982, 0.34999996, 0.34999996, 0.34999999, 0.34999999, 0.34999999, 0.34999999, 0.34999499, 0.99999583
0.35373849, 1.0000000, 0.99180609, 9.8851509, 9.9357252, 9.9673576, 9.9933243, 9.9966450, 9.9988823, 19.999998, 19.999998, 19.999891, 19.980806, 0.34885040, 0.34935659, 0.34967324, 0.34993318, 0.34996644, 0.34998882, 0.34999999, 0.34999999, 0.34999946, 0.34990403, 0.99180609
0.35589629, 1.0000000, 0.99962431, 9.9965038, 9.9979010, 9.9989500, 9.9997911, 9.9998951, 9.9999638, 19.999998, 19.999998, 19.999998, 19.996996, 0.34994835, 0.34996900, 0.34998450, 0.34999689, 0.34999844, 0.34999946, 0.34999999, 0.34999999, 0.34999999, 0.34998497, 0.99962431
0.35599911, 1.0000000, 0.99999672, 9.9999990, 9.9999990, 9.9999990, 9.9999990, 9.9999990, 9.9999990, 19.999998, 19.999998, 19.999998, 19.998999, 0.34999955, 0.34999973, 0.34999985, 0.34999996, 0.34999999, 0.34999999, 0.34999999, 0.34999999, 0.34999999, 0.34999499, 0.99999672
0.35599804, 1.0000000, 0.99999279, 9.9999990, 9.9999990, 9.9999990, 9.9999990, 9.9999990, 9.9999990, 19.999998, 19.999998, 19.999998, 19.998999, 0.34999901, 0.34999940, 0.34999970, 0.34999993, 0.34999996, 0.34999999, 0.34999999, 0.34999999, 0.34999999, 0.34999499, 0.99999279
0.33582830, 1.0000000, 0.92691422, 8.8457260, 9.6059341, 9.7784700, 9.9411125, 9.9698782, 9.9891329, 19.999290, 19.999813, 19.999741, 19.976204, 0.33845726, 0.34605935, 0.34778470, 0.34941113, 0.34969878, 0.34989133, 0.34999645, 0.34999907, 0.34999871, 0.34988102, 0.92691422
0.31003881, 1.0000000, 0.83347386, 7.1087317, 9.4511309, 9.6661243, 9.8809061, 9.9366131, 9.9760475, 19.998169, 19.999521, 19.998178, 19.953728, 0.32108429, 0.34450892, 0.34666002, 0.34880883, 0.34936601, 0.34976044, 0.34999084, 0.34999761, 0.34999090, 0.34976864, 0.83347386
0.27636775, 1.0000000, 0.71147734, 4.7694178, 9.3356514, 9.5791836, 9.8127222, 9.8953342, 9.9573326, 19.995537, 19.998835, 19.994194, 19.933563, 0.29769304, 0.34335518, 0.34579116, 0.34812707, 0.34895328, 0.34957328, 0.34997767, 0.34999418, 0.34997097, 0.34966782, 0.71147734
0.24727958, 1.0000000, 0.60608542, 2.9912682, 8.8067322, 9.5502253, 9.7745619, 9.8678112, 9.9427242, 19.993761, 19.998287, 19.987402, 19.916407, 0.27991012, 0.33806282, 0.34549981, 0.34774512, 0.34867787, 0.34942716, 0.34996879, 0.34999144, 0.34993702, 0.34958202, 0.60608542
0.22438967, 1.0000000, 0.52315092, 2.3096352, 7.1988802, 9.5175352, 9.7427206, 9.8442736, 9.9282999, 19.990936, 19.997179, 19.977707, 19.902330, 0.27309483, 0.32198596, 0.34517348, 0.34742680, 0.34844252, 0.34928295, 0.34995466, 0.34998590, 0.34988853, 0.34951165, 0.52315092
0.20443258, 1.0000000, 0.45084262, 1.7484099, 5.7317939, 9.5101871, 9.7286253, 9.8316326, 9.9185648, 19.988220, 19.995516, 19.965649, 19.891195, 0.26747838, 0.30730668, 0.34509254, 0.34728435, 0.34831536, 0.34918532, 0.34994110, 0.34997758, 0.34982824, 0.34945598, 0.45084262
0.18383709, 1.0000000, 0.37622136, 1.1881858, 4.1992249, 9.4753084, 9.7059212, 9.8154449, 9.9081678, 19.985018, 19.992645, 19.952070, 19.882633, 0.26187596, 0.29197973, 0.34473896, 0.34705633, 0.34815300, 0.34908119, 0.34992510, 0.34996322, 0.34976035, 0.34941316, 0.37622136
0.16552196, 1.0000000, 0.30986220, 0.69809556, 2.9416828, 9.2068739, 9.6876125, 9.8020821, 9.8995295, 19.981668, 19.988201, 19.937979, 19.876171, 0.25697502, 0.27940181, 0.34204522, 0.34687117, 0.34801832, 0.34899446, 0.34990835, 0.34994102, 0.34968990, 0.34938085, 0.30986220
0.15175956, 0.86657476, 0.25999844, 0.30108988, 2.4193616, 8.2525206, 9.6734533, 9.7915888, 9.8928127, 19.978394, 19.981880, 19.924284, 19.871387, 0.25300848, 0.27418193, 0.33250526, 0.34672984, 0.34791353, 0.34892732, 0.34989196, 0.34990939, 0.34962142, 0.34935695, 0.25999844
0.14013292, 0.72617030, 0.21787289, 0.0000000, 1.9689232, 7.3488302, 9.6674242, 9.7863598, 9.8888321, 19.975050, 19.973511, 19.911709, 19.867870, 0.24998899, 0.26968029, 0.32347164, 0.34666985, 0.34786141, 0.34888759, 0.34987524, 0.34986755, 0.34955853, 0.34933937, 0.21787289
0.13292584, 0.63913691, 0.19176026, 0.0000000, 1.5591025, 6.4304619, 9.6559305, 9.7786570, 9.8846474, 19.971691, 19.963366, 19.900690, 19.865335, 0.24998899, 0.26558346, 0.31428903, 0.34655464, 0.34778419, 0.34884566, 0.34985846, 0.34981683, 0.34950346, 0.34932667, 0.19176026
0.12585944, 0.55380261, 0.16615741, 0.0000000, 1.1801541, 5.4857922, 9.6382713, 9.7674217, 9.8790503, 19.967619, 19.951748, 19.891376, 19.863506, 0.24998899, 0.26179573, 0.30484438, 0.34637794, 0.34767181, 0.34878969, 0.34983808, 0.34975874, 0.34945688, 0.34931752, 0.16615741
0.11988935, 0.48170722, 0.14452662, 0.0000000, 0.88247955, 4.6406288, 9.6378365, 9.7659864, 9.8772573, 19.962711, 19.939398, 19.883783, 19.862179, 0.24998899, 0.25881687, 0.29638547, 0.34636971, 0.34765548, 0.34877110, 0.34981355, 0.34969699, 0.34941891, 0.34931090, 0.14452662
0.11424470, 0.41354200, 0.12407501, 0.0000000, 0.61660409, 3.8102152, 9.6266489, 9.7588005, 9.8733101, 19.956419, 19.926929, 19.877716, 19.861233, 0.24998899, 0.25616226, 0.28809047, 0.34626058, 0.34758502, 0.34873208, 0.34978211, 0.34963465, 0.34938857, 0.34930617, 0.12407501
0.10878071, 0.34755835, 0.10427794, 0.0000000, 0.37600398, 2.9843836, 9.5688686, 9.7437563, 9.8657265, 19.948601, 19.914980, 19.872938, 19.860556, 0.24998899, 0.25375772, 0.27983463, 0.34568280, 0.34743455, 0.34865624, 0.34974301, 0.34957489, 0.34936470, 0.34930277, 0.10427794
0.10496140, 0.30143601, 0.90439849E-1, 0.0000000, 0.18494129, 2.5402665, 9.0980062, 9.7266207, 9.8566208, 19.939724, 19.904110, 19.869274, 19.860067, 0.24998899, 0.25184780, 0.27539152, 0.34097207, 0.34726194, 0.34856477, 0.34969860, 0.34952056, 0.34934637, 0.34930032, 0.90439849E-1
0.10278642, 0.27517080, 0.82559496E-1, 0.0000000, 0.10458231, 2.2503524, 8.7127142, 9.7404642, 9.8607960, 19.931377, 19.894962, 19.866598, 19.859751, 0.24998899, 0.25104526, 0.27249753, 0.33712250, 0.34740207, 0.34860709, 0.34965688, 0.34947482, 0.34933299, 0.34929875, 0.82559496E-1
0.99695034E-1, 0.23783897, 0.71358830E-1, 0.0000000, 0.0000000, 1.8248767, 8.1722565, 9.7024307, 9.8430281, 19.920944, 19.886839, 19.864468, 19.859497, 0.24998899, 0.24999049, 0.26824540, 0.33171955, 0.34702253, 0.34842968, 0.34960473, 0.34943420, 0.34932235, 0.34929749, 0.71358830E-1
0.97663447E-1, 0.21330532, 0.63997999E-1, 0.0000000, 0.0000000, 1.4533073, 7.5887628, 9.6821537, 9.8306952, 19.910915, 19.880226, 19.862886, 19.859346, 0.24998899, 0.24999049, 0.26452971, 0.32588410, 0.34681931, 0.34830621, 0.34955457, 0.34940112, 0.34931442, 0.34929675, 0.63997999E-1
0.95961235E-1, 0.19274926, 0.57830561E-1, 0.0000000, 0.0000000, 1.1581033, 7.0132842, 9.6754780, 9.8246536, 19.901751, 19.874998, 19.861771, 19.859299, 0.24998899, 0.24999049, 0.26157784, 0.32012898, 0.34675211, 0.34824565, 0.34950876, 0.34937498, 0.34930885, 0.34929651, 0.57830561E-1
0.94687045E-1, 0.17736201, 0.53213924E-1, 0.0000000, 0.0000000, 0.94985962, 6.5102773, 9.6842966, 9.8264256, 19.893707, 19.870993, 19.860994, 19.859251, 0.24998899, 0.24999049, 0.25949645, 0.31509984, 0.34684080, 0.34826350, 0.34946853, 0.34935495, 0.34930497, 0.34929627, 0.53213924E-1
0.93635023E-1, 0.16465770, 0.49402252E-1, 0.0000000, 0.0000000, 0.78682899, 6.0503211, 9.6942940, 9.8291340, 19.886665, 19.867895, 19.860424, 19.859217, 0.24998899, 0.24999049, 0.25786498, 0.31049815, 0.34693888, 0.34828997, 0.34943333, 0.34933949, 0.34930211, 0.34929609, 0.49402252E-1
0.93074337E-1, 0.15788679, 0.47370777E-1, 0.0000000, 0.0000000, 0.71061850, 5.7300692, 9.7359629, 9.8453588, 19.881418, 19.865715, 19.860052, 19.859217, 0.24998899, 0.24999049, 0.25710377, 0.30729681, 0.34735632, 0.34845248, 0.34940708, 0.34932858, 0.34930027, 0.34929609, 0.47370777E-1
0.91967314E-1, 0.14451838, 0.43359850E-1, 0.0000000, 0.0000000, 0.54523945, 5.2495947, 9.6814442, 9.8231411, 19.875679, 19.863728, 19.859724, 19.859180, 0.24998899, 0.24999049, 0.25545186, 0.30249494, 0.34681350, 0.34823108, 0.34937841, 0.34931862, 0.34929863, 0.34929591, 0.43359850E-1
0.93746170E-1, 0.16599992, 0.49804956E-1, 0.15773177, 0.0000000, 0.49802065, 4.9757724, 9.7415733, 9.8450727, 19.871819, 19.862452, 19.859547, 19.859180, 0.25157538, 0.24999049, 0.25497836, 0.29975405, 0.34741214, 0.34844950, 0.34935910, 0.34931225, 0.34929773, 0.34929591, 0.49804956E-1
0.90516187E-1, 0.12699440, 0.38102131E-1, 0.0000000, 0.0000000, 0.34671724, 4.4968348, 9.6710901, 9.8160181, 19.866697, 19.861000, 19.859289, 19.859127, 0.24994138, 0.24999049, 0.25346580, 0.29496476, 0.34670705, 0.34815887, 0.34933349, 0.34930500, 0.34929645, 0.34929565, 0.38102131E-1
0.89515299E-1, 0.11490763, 0.34475736E-1, 0.0000000, 0.0000000, 0.21803975, 3.9485228, 9.6430950, 9.8001757, 19.862436, 19.859838, 19.859087, 19.859081, 0.24994138, 0.24999049, 0.25217885, 0.28947958, 0.34642410, 0.34799942, 0.34931219, 0.34929919, 0.34929544, 0.34929541, 0.34475736E-1
0.88734321E-1, 0.10547641, 0.31646088E-1, 0.0000000, 0.0000000, 0.12870729, 3.4504621, 9.6492605, 9.8004560, 19.859346, 19.859020, 19.858912, 19.859039, 0.24994138, 0.24999049, 0.25128478, 0.28449228, 0.34647533, 0.34799871, 0.34929675, 0.34929511, 0.34929454, 0.34929520, 0.31646088E-1
0.87936059E-1, 0.95836505E-1, 0.28753826E-1, 0.0000000, 0.0000000, 0.41773915E-1, 2.9900849, 9.5150862, 9.7862892, 19.856537, 19.858278, 19.858709, 19.858992, 0.24994138, 0.24999049, 0.25041682, 0.27988774, 0.34512997, 0.34785575, 0.34928268, 0.34929138, 0.34929353, 0.34929496, 0.28753826E-1
0.87383412E-1, 0.89162774E-1, 0.26751507E-1, 0.0000000, 0.0000000, 0.0000000, 2.7618587, 9.0603542, 9.7693558, 19.854048, 19.857607, 19.858555, 19.858934, 0.24994138, 0.24999049, 0.24999546, 0.27760246, 0.34057710, 0.34768406, 0.34927022, 0.34928805, 0.34929278, 0.34929466, 0.26751507E-1
0.87159052E-1, 0.86453348E-1, 0.25938598E-1, 0.0000000, 0.0000000, 0.0000000, 2.6394844, 8.7556000, 9.7918320, 19.854084, 19.857590, 19.858561, 19.858923, 0.24994138, 0.24999049, 0.24999546, 0.27637902, 0.33752975, 0.34790856, 0.34927040, 0.34928796, 0.34929281, 0.34929460, 0.25938598E-1
0.86948402E-1, 0.83909504E-1, 0.25175370E-1, 0.0000000, 0.0000000, 0.0000000, 2.5212407, 8.4765196, 9.8003883, 19.853685, 19.857492, 19.858534, 19.858904, 0.24994138, 0.24999049, 0.24999546, 0.27520671, 0.33475563, 0.34800020, 0.34926844, 0.34928745, 0.34929267, 0.34929451, 0.25175370E-1
0.86712800E-1, 0.81064403E-1, 0.24321754E-1, 0.0000000, 0.0000000, 0.0000000, 2.3885965, 8.1747351, 9.7963839, 19.853148, 19.857363, 19.858509, 19.858875, 0.24994138, 0.24999049, 0.24999546, 0.27387863, 0.33173481, 0.34795883, 0.34926575, 0.34928682, 0.34929255, 0.34929436, 0.24321754E-1
0.86494088E-1, 0.78423172E-1, 0.23529304E-1, 0.0000000, 0.0000000, 0.0000000, 2.2685499, 7.8871508, 9.7967758, 19.852970, 19.857323, 19.858534, 19.858875, 0.24994138, 0.24999049, 0.24999546, 0.27267635, 0.32885560, 0.34796116, 0.34926486, 0.34928662, 0.34929267, 0.34929436, 0.23529304E-1
0.86214796E-1, 0.75050421E-1, 0.22517378E-1, 0.0000000, 0.0000000, 0.0000000, 2.1103799, 7.5335641, 9.7806377, 19.851803, 19.857035, 19.858456, 19.858833, 0.24994138, 0.24999049, 0.24999546, 0.27109650, 0.32532260, 0.34780076, 0.34925902, 0.34928519, 0.34929228, 0.34929416, 0.22517378E-1
0.85854478E-1, 0.70699163E-1, 0.21211870E-1, 0.0000000, 0.0000000, 0.0000000, 1.9089788, 7.0757089, 9.7531652, 19.850275, 19.856632, 19.858355, 19.858805, 0.24994138, 0.24999049, 0.24999546, 0.26908138, 0.32074153, 0.34752449, 0.34925139, 0.34928316, 0.34929177, 0.34929401, 0.21211870E-1
0.85516378E-1, 0.66616289E-1, 0.19986887E-1, 0.0000000, 0.0000000, 0.0000000, 1.7283857, 6.6238155, 9.7467127, 19.849369, 19.856396, 19.858284, 19.858805, 0.24994138, 0.24999049, 0.24999546, 0.26727226, 0.31621596, 0.34745625, 0.34924686, 0.34928197, 0.34929141, 0.34929401, 0.19986887E-1
0.85316427E-1, 0.64201675E-1, 0.19262429E-1, 0.0000000, 0.0000000, 0.0000000, 1.6313076, 6.3240256, 9.7770824, 19.850058, 19.856564, 19.858313, 19.858805, 0.24994138, 0.24999049, 0.24999546, 0.26630360, 0.31322187, 0.34776133, 0.34925029, 0.34928280, 0.34929156, 0.34929401, 0.19262429E-1
0.85085757E-1, 0.61416026E-1, 0.18426651E-1, 0.0000000, 0.0000000, 0.0000000, 1.5154362, 5.9976130, 9.7741737, 19.850447, 19.856657, 19.858330, 19.858805, 0.24994138, 0.24999049, 0.24999546, 0.26514950, 0.30996650, 0.34773648, 0.34925222, 0.34928328, 0.34929165, 0.34929401, 0.18426651E-1
0.84895752E-1, 0.59121545E-1, 0.17738238E-1, 0.0000000, 0.0000000, 0.0000000, 1.4233440, 5.7189465, 9.7829485, 19.850878, 19.856779, 19.858355, 19.858805, 0.24994138, 0.24999049, 0.24999546, 0.26423088, 0.30718431, 0.34782657, 0.34925440, 0.34928390, 0.34929177, 0.34929401, 0.17738238E-1
0.84645264E-1, 0.56096669E-1, 0.16830685E-1, 0.0000000, 0.0000000, 0.0000000, 1.2989074, 5.3711767, 9.7638445, 19.850632, 19.856720, 19.858335, 19.858805, 0.24994138, 0.24999049, 0.24999546, 0.26298204, 0.30369726, 0.34762964, 0.34925315, 0.34928361, 0.34929168, 0.34929401, 0.16830685E-1
0.84350675E-1, 0.52539162E-1, 0.15763326E-1, 0.0000000, 0.0000000, 0.0000000, 1.1517137, 4.9595346, 9.7422199, 19.849440, 19.856396, 19.858250, 19.858768, 0.24994138, 0.24999049, 0.24999546, 0.26151392, 0.29958844, 0.34741765, 0.34924719, 0.34928197, 0.34929127, 0.34929383, 0.15763326E-1
0.84026538E-1, 0.48624821E-1, 0.14588905E-1, 0.0000000, 0.0000000, 0.0000000, 0.99456906, 4.4987822, 9.7217760, 19.847937, 19.855986, 19.858171, 19.858757, 0.24994138, 0.24999049, 0.24999546, 0.25994033, 0.29497570, 0.34720904, 0.34923968, 0.34927994, 0.34929085, 0.34929377, 0.14588905E-1
0.83707988E-1, 0.44778038E-1, 0.13434755E-1, 0.0000000, 0.0000000, 0.0000000, 0.84616542, 4.0292068, 9.7119255, 19.846640, 19.855642, 19.858095, 19.858757, 0.24994138, 0.24999049, 0.24999546, 0.25845698, 0.29028097, 0.34711033, 0.34923321, 0.34927821, 0.34929049, 0.34929377, 0.13434755E-1
0.83426967E-1, 0.41384414E-1, 0.12416566E-1, 0.0000000, 0.0000000, 0.0000000, 0.72773397, 3.5883758, 9.7119207, 19.846876, 19.855701, 19.858131, 19.858757, 0.24994138, 0.24999049, 0.24999546, 0.25727072, 0.28586748, 0.34710452, 0.34923437, 0.34927851, 0.34929067, 0.34929377, 0.12416566E-1
0.83229162E-1, 0.38995646E-1, 0.11699864E-1, 0.0000000, 0.0000000, 0.0000000, 0.65326989, 3.2510478, 9.7378998, 19.848122, 19.856049, 19.858194, 19.858757, 0.24994138, 0.24999049, 0.24999546, 0.25652584, 0.28249341, 0.34736195, 0.34924060, 0.34928024, 0.34929097, 0.34929377, 0.11699864E-1
0.83001181E-1, 0.36242586E-1, 0.10873863E-1, 0.0000000, 0.0000000, 0.0000000, 0.55032074, 2.9504390, 9.6000319, 19.848244, 19.856079, 19.858189, 19.858757, 0.24994138, 0.24999049, 0.24999546, 0.25549993, 0.27949563, 0.34599081, 0.34924123, 0.34928039, 0.34929094, 0.34929377, 0.10873863E-1
0.82785644E-1, 0.33639725E-1, 0.10092927E-1, 0.0000000, 0.0000000, 0.0000000, 0.44328570, 2.7298808, 9.3387852, 19.847696, 19.855936, 19.858166, 19.858757, 0.24994138, 0.24999049, 0.24999546, 0.25443164, 0.27729505, 0.34338355, 0.34923849, 0.34927967, 0.34929082, 0.34929377, 0.10092927E-1
0.82620881E-1, 0.31649973E-1, 0.94959419E-2, 0.0000000, 0.0000000, 0.0000000, 0.36900342, 2.5552897, 9.1162891, 19.848244, 19.856079, 19.858189, 19.858757, 0.24994138, 0.24999049, 0.24999546, 0.25368795, 0.27554563, 0.34115425, 0.34924123, 0.34928039, 0.34929094, 0.34929377, 0.94959419E-2
0.10024740, 0.24450938, 0.73360153E-1, 1.2841702, 0.0000000, 0.0000000, 0.34345090, 2.4836688, 9.0053616, 19.850180, 19.856564, 19.858313, 19.858757, 0.26282039, 0.24999049, 0.24999546, 0.25343418, 0.27483547, 0.34005213, 0.34925091, 0.34928280, 0.34929156, 0.34929377, 0.73360153E-1
0.10250837, 0.27181304, 0.81552066E-1, 1.4468402, 0.0000000, 0.0000000, 0.33884346, 2.4752140, 8.9694614, 19.851944, 19.857046, 19.858423, 19.858757, 0.26446760, 0.24999049, 0.24999546, 0.25338843, 0.27475211, 0.33969456, 0.34925973, 0.34928524, 0.34929210, 0.34929377, 0.81552066E-1
0.97949512E-1, 0.21675986, 0.65034464E-1, 1.1184663, 0.0000000, 0.0000000, 0.32325387, 2.4555206, 8.9236879, 19.852522, 19.857182, 19.858423, 19.858757, 0.26118392, 0.24999049, 0.24999546, 0.25323254, 0.27455515, 0.33923683, 0.34926260, 0.34928590, 0.34929210, 0.34929377, 0.65034464E-1
0.91612890E-1, 0.14023826, 0.42075686E-1, 0.66252351, 0.0000000, 0.0000000, 0.29844642, 2.4200768, 8.8609953, 19.852457, 19.857168, 19.858389, 19.858757, 0.25662395, 0.24999049, 0.24999546, 0.25298443, 0.27420062, 0.33860978, 0.34926230, 0.34928584, 0.34929195, 0.34929377, 0.42075686E-1
0.85192889E-1, 0.62709756E-1, 0.18814810E-1, 0.20344853, 0.0000000, 0.0000000, 0.25919974, 2.3631632, 8.7755604, 19.851456, 19.856915, 19.858318, 19.858757, 0.25202119, 0.24999049, 0.24999546, 0.25259098, 0.27362701, 0.33774990, 0.34925729, 0.34928459, 0.34929159, 0.34929377, 0.18814810E-1
0.83748095E-1, 0.45262337E-1, 0.13580060E-1, 0.10004938, 0.0000000, 0.0000000, 0.24692416, 2.3412914, 8.7252865, 19.852432, 19.857149, 19.858408, 19.858757, 0.25099322, 0.24999049, 0.24999546, 0.25246817, 0.27340782, 0.33724651, 0.34926218, 0.34928575, 0.34929204, 0.34929377, 0.13580060E-1
0.83030634E-1, 0.36598232E-1, 0.10980568E-1, 0.48354268E-1, 0.0000000, 0.0000000, 0.23976266, 2.3332357, 8.6915998, 19.853395, 19.857416, 19.858423, 19.858757, 0.25048316, 0.24999049, 0.24999546, 0.25239751, 0.27333182, 0.33691531, 0.34926698, 0.34928709, 0.34929210, 0.34929377, 0.10980568E-1
0.82251638E-1, 0.27190970E-1, 0.81581073E-2, 0.0000000, 0.0000000, 0.0000000, 0.18530786, 2.2217302, 8.5392828, 19.851536, 19.856895, 19.858278, 19.858757, 0.24996552, 0.24999049, 0.24999546, 0.25185305, 0.27221709, 0.33539256, 0.34925768, 0.34928447, 0.34929138, 0.34929377, 0.81581073E-2
0.82162306E-1, 0.26112216E-1, 0.78344485E-2, 0.0000000, 0.0000000, 0.0000000, 0.14452338, 2.1319628, 8.4081411, 19.850746, 19.856684, 19.858231, 19.858757, 0.24996538, 0.24999049, 0.24999546, 0.25144464, 0.27131519, 0.33407557, 0.34925371, 0.34928343, 0.34929115, 0.34929377, 0.78344485E-2
0.82047790E-1, 0.24729306E-1, 0.74195340E-2, 0.0000000, 0.0000000, 0.0000000, 0.94571710E-1, 2.0124288, 8.2375441, 19.849421, 19.856325, 19.858171, 19.858757, 0.24996538, 0.24999049, 0.24999546, 0.25094512, 0.27011779, 0.33236659, 0.34924710, 0.34928161, 0.34929085, 0.34929377, 0.74195340E-2
0.81959739E-1, 0.23666032E-1, 0.71005197E-2, 0.0000000, 0.0000000, 0.0000000, 0.63931942E-1, 1.9125521, 8.0826111, 19.849623, 19.856373, 19.858194, 19.858757, 0.24996538, 0.24999049, 0.24999546, 0.25063893, 0.26911965, 0.33081785, 0.34924811, 0.34928185, 0.34929097, 0.34929377, 0.71005197E-2
0.81937872E-1, 0.23401886E-1, 0.70212679E-2, 0.0000000, 0.0000000, 0.0000000, 0.56385994E-1, 1.8916637, 8.0292292, 19.851183, 19.856779, 19.858307, 19.858757, 0.24996538, 0.24999049, 0.24999546, 0.25056386, 0.26891664, 0.33029228, 0.34925592, 0.34928390, 0.34929153, 0.34929377, 0.70212679E-2
0.81810974E-1, 0.21869466E-1, 0.65614958E-2, 0.0000000, 0.0000000, 0.0000000, 0.48577785E-3, 1.7607182, 7.8380394, 19.848537, 19.856102, 19.858154, 19.858709, 0.24996538, 0.24999049, 0.24999546, 0.25000486, 0.26760691, 0.32838002, 0.34924269, 0.34928051, 0.34929079, 0.34929353, 0.65614958E-2
0.81714332E-1, 0.20702468E-1, 0.62113618E-2, 0.0000000, 0.0000000, 0.0000000, 0.0000000, 1.6058564, 7.6085501, 19.845299, 19.855257, 19.857931, 19.858692, 0.24993365, 0.24999049, 0.24999546, 0.24999999, 0.26605114, 0.32607380, 0.34922650, 0.34927627, 0.34928966, 0.34929347, 0.62113618E-2
0.81609458E-1, 0.19435991E-1, 0.58313804E-2, 0.0000000, 0.0000000, 0.0000000, 0.0000000, 1.4395118, 7.3479519, 19.842628, 19.854534, 19.857763, 19.858688, 0.24993365, 0.24999049, 0.24999546, 0.24999999, 0.26438719, 0.32346603, 0.34921315, 0.34927267, 0.34928882, 0.34929344, 0.58313804E-2
0.81499368E-1, 0.18106563E-1, 0.54325121E-2, 0.0000000, 0.0000000, 0.0000000, 0.0000000, 1.2680233, 7.0645900, 19.839968, 19.853848, 19.857607, 19.858669, 0.24993365, 0.24999049, 0.24999546, 0.24999999, 0.26267275, 0.32063198, 0.34919983, 0.34926924, 0.34928805, 0.34929335, 0.54325121E-2
0.81392914E-1, 0.16820986E-1, 0.50468002E-2, 0.0000000, 0.0000000, 0.0000000, 0.0000000, 1.1076421, 6.7728930, 19.838795, 19.853508, 19.857555, 19.858692, 0.24993365, 0.24999049, 0.24999546, 0.24999999, 0.26107201, 0.31771997, 0.34919399, 0.34926754, 0.34928778, 0.34929347, 0.50468002E-2
0.81279896E-1, 0.15456185E-1, 0.46373191E-2, 0.0000000, 0.0000000, 0.0000000, 0.0000000, 0.94579160, 6.4390197, 19.839296, 19.853640, 19.857624, 19.858709, 0.24993365, 0.24999049, 0.24999546, 0.24999999, 0.25945458, 0.31438264, 0.34919649, 0.34926820, 0.34928811, 0.34929353, 0.46373191E-2
0.81190504E-1, 0.14376658E-1, 0.43134289E-2, 0.0000000, 0.0000000, 0.0000000, 0.0000000, 0.82248151, 6.1602144, 19.840103, 19.853861, 19.857685, 19.858709, 0.24993365, 0.24999049, 0.24999546, 0.24999999, 0.25822335, 0.31159851, 0.34920052, 0.34926930, 0.34928843, 0.34929353, 0.43134289E-2
0.81098974E-1, 0.13271326E-1, 0.39817961E-2, 0.0000000, 0.0000000, 0.0000000, 0.0000000, 0.70193708, 5.8590569, 19.841087, 19.854115, 19.857744, 19.858709, 0.24993365, 0.24999049, 0.24999546, 0.24999999, 0.25701717, 0.30858442, 0.34920543, 0.34927058, 0.34928873, 0.34929353, 0.39817961E-2
0.81023492E-1, 0.12359839E-1, 0.37083225E-2, 0.0000000, 0.0000000, 0.0000000, 0.0000000, 0.60689449, 5.5972476, 19.842262, 19.854416, 19.857819, 19.858709, 0.24993365, 0.24999049, 0.24999546, 0.24999999, 0.25606683, 0.30596596, 0.34921131, 0.34927207, 0.34928909, 0.34929353, 0.37083225E-2
0.80982983E-1, 0.11870613E-1, 0.35615403E-2, 0.0000000, 0.0000000, 0.0000000, 0.0000000, 0.55867136, 5.4476280, 19.844172, 19.854940, 19.857954, 19.858709, 0.24993365, 0.24999049, 0.24999546, 0.24999999, 0.25558582, 0.30447334, 0.34922087, 0.34927469, 0.34928977, 0.34929353, 0.35615403E-2
0.80931038E-1, 0.11243328E-1, 0.33733356E-2, 0.0000000, 0.0000000, 0.0000000, 0.0000000, 0.49608052, 5.2594366, 19.844625, 19.855087, 19.858002, 19.858709, 0.24993365, 0.24999049, 0.24999546, 0.24999999, 0.25495926, 0.30258894, 0.34922314, 0.34927544, 0.34929001, 0.34929353, 0.33733356E-2
0.80871522E-1, 0.10524626E-1, 0.31577037E-2, 0.0000000, 0.0000000, 0.0000000, 0.0000000, 0.42340755, 5.0462437, 19.843565, 19.854824, 19.857943, 19.858704, 0.24993365, 0.24999049, 0.24999546, 0.24999999, 0.25423256, 0.30045640, 0.34921783, 0.34927413, 0.34928972, 0.34929353, 0.31577037E-2
0.80809243E-1, 0.97725019E-2, 0.29320437E-2, 0.0000000, 0.0000000, 0.0000000, 0.0000000, 0.34768581, 4.8226948, 19.841585, 19.854322, 19.857788, 19.858683, 0.24993365, 0.24999049, 0.24999546, 0.24999999, 0.25347468, 0.29821682, 0.34920794, 0.34927160, 0.34928894, 0.34929341, 0.29320437E-2
0.80766037E-1, 0.92507843E-2, 0.27755129E-2, 0.0000000, 0.0000000, 0.0000000, 0.0000000, 0.29989779, 4.6535225, 19.842169, 19.854464, 19.857813, 19.858709, 0.24993365, 0.24999049, 0.24999546, 0.24999999, 0.25299630, 0.29652137, 0.34921086, 0.34927231, 0.34928906, 0.34929353, 0.27755129E-2
0.80703959E-1, 0.85011311E-2, 0.25505945E-2, 0.0000000, 0.0000000, 0.0000000, 0.0000000, 0.23823678, 4.3871274, 19.842657, 19.854588, 19.857832, 19.858709, 0.24993365, 0.24999049, 0.24999546, 0.24999999, 0.25238165, 0.29386693, 0.34921330, 0.34927294, 0.34928915, 0.34929353, 0.25505945E-2
0.80648981E-1, 0.78372024E-2, 0.23513960E-2, 0.0000000, 0.0000000, 0.0000000, 0.0000000, 0.18490553, 4.1492081, 19.842564, 19.854557, 19.857819, 19.858709, 0.24993365, 0.24999049, 0.24999546, 0.24999999, 0.25184798, 0.29148397, 0.34921283, 0.34927279, 0.34928909, 0.34929353, 0.23513960E-2
0.80607943E-1, 0.73415949E-2, 0.22026987E-2, 0.0000000, 0.0000000, 0.0000000, 0.0000000, 0.14294386, 3.9780700, 19.842110, 19.854441, 19.857771, 19.858709, 0.24993365, 0.24999049, 0.24999546, 0.24999999, 0.25142822, 0.28976932, 0.34921056, 0.34927219, 0.34928885, 0.34929353, 0.22026987E-2
0.80558322E-1, 0.67423596E-2, 0.20229102E-2, 0.0000000, 0.0000000, 0.0000000, 0.0000000, 0.93257427E-1, 3.7677276, 19.840414, 19.853985, 19.857660, 19.858692, 0.24993365, 0.24999049, 0.24999546, 0.24999999, 0.25093156, 0.28766352, 0.34920207, 0.34926993, 0.34928828, 0.34929347, 0.20229102E-2
0.80507666E-1, 0.61306292E-2, 0.18393727E-2, 0.0000000, 0.0000000, 0.0000000, 0.0000000, 0.41311979E-1, 3.5559478, 19.837770, 19.853268, 19.857500, 19.858683, 0.24993365, 0.24999049, 0.24999546, 0.24999999, 0.25041276, 0.28554916, 0.34918886, 0.34926635, 0.34928751, 0.34929341, 0.18393727E-2
0.80458581E-1, 0.55378904E-2, 0.16615333E-2, 0.0000000, 0.0000000, 0.0000000, 0.0000000, 0.0000000, 3.3258109, 19.834322, 19.852306, 19.857258, 19.858635, 0.24993365, 0.24999049, 0.24999546, 0.24999999, 0.24999982, 0.28323066, 0.34917045, 0.34926122, 0.34928620, 0.34929314, 0.16615333E-2
0.80413707E-1, 0.49959347E-2, 0.14989303E-2, 0.0000000, 0.0000000, 0.0000000, 0.0000000, 0.0000000, 3.0003135, 19.830690, 19.851315, 19.856995, 19.858580, 0.24993365, 0.24999049, 0.24999546, 0.24999999, 0.24999982, 0.27997860, 0.34915274, 0.34925640, 0.34928492, 0.34929290, 0.14989303E-2
0.80371417E-1, 0.44852784E-2, 0.13457180E-2, 0.0000000, 0.0000000, 0.0000000, 0.0000000, 0.0000000, 2.6927323, 19.794996, 19.850992, 19.856918, 19.858574, 0.24993365, 0.24999049, 0.24999546, 0.24999999, 0.24999982, 0.27691436, 0.34897497, 0.34925497, 0.34928459, 0.34929287, 0.13457180E-2
0.80327787E-1, 0.39583910E-2, 0.11876361E-2, 0.0000000, 0.0000000, 0.0000000, 0.0000000, 0.0000000, 2.3770542, 19.755848, 19.850023, 19.856682, 19.858505, 0.24993365, 0.24999049, 0.24999546, 0.24999999, 0.24999982, 0.27375272, 0.34877923, 0.34925011, 0.34928340, 0.34929252, 0.11876361E-2
0.80288067E-1, 0.34787750E-2, 0.10437369E-2, 0.0000000, 0.0000000, 0.0000000, 0.0000000, 0.0000000, 2.0916910, 19.714529, 19.848871, 19.856380, 19.858423, 0.24993365, 0.24999049, 0.24999546, 0.24999999, 0.24999982, 0.27087474, 0.34857032, 0.34924376, 0.34928176, 0.34929207, 0.10437369E-2
0.80250539E-1, 0.30255769E-2, 0.90776390E-3, 0.0000000, 0.0000000, 0.0000000, 0.0000000, 0.0000000, 1.8174291, 19.674646, 19.848404, 19.856270, 19.858418, 0.24993365, 0.24999049, 0.24999546, 0.24999999, 0.24999982, 0.26815528, 0.34837258, 0.34924185, 0.34928131, 0.34929210, 0.90776390E-3
0.80209613E-1, 0.25312805E-2, 0.75946009E-3, 0.0000000, 0.0000000, 0.0000000, 0.0000000, 0.0000000, 1.5206873, 19.634508, 19.847998, 19.856157, 19.858406, 0.24993365, 0.24999049, 0.24999546, 0.24999999, 0.24999982, 0.26518920, 0.34817168, 0.34923980, 0.34928071, 0.34929201, 0.75946009E-3
0.80171555E-1, 0.20717545E-2, 0.62158855E-3, 0.0000000, 0.0000000, 0.0000000, 0.0000000, 0.0000000, 1.2461901, 19.593433, 19.847567, 19.856028, 19.858376, 0.24993365, 0.24999049, 0.24999546, 0.24999999, 0.24999982, 0.26243177, 0.34796569, 0.34923744, 0.34928006, 0.34929183, 0.62158855E-3
0.80140427E-1, 0.16958360E-2, 0.50880166E-3, 0.0000000, 0.0000000, 0.0000000, 0.0000000, 0.0000000, 1.0197639, 19.554455, 19.847715, 19.856087, 19.858400, 0.24993365, 0.24999049, 0.24999546, 0.24999999, 0.24999982, 0.26017603, 0.34777123, 0.34923831, 0.34928036, 0.34929198, 0.50880166E-3
0.80103718E-1, 0.12525410E-2, 0.37579986E-3, 0.0000000, 0.0000000, 0.0000000, 0.0000000, 0.0000000, 0.75473785, 19.513012, 19.847301, 19.855974, 19.858406, 0.24993365, 0.24999049, 0.24999546, 0.24999999, 0.24999982, 0.25751600, 0.34756353, 0.34923613, 0.34927979, 0.34929201, 0.37579986E-3
0.80072358E-1, 0.87385578E-3, 0.26218296E-3, 0.0000000, 0.0000000, 0.0000000, 0.0000000, 0.0000000, 0.52609444, 19.475105, 19.847792, 19.856148, 19.858458, 0.24993365, 0.24999049, 0.24999546, 0.24999999, 0.24999982, 0.25524366, 0.34737501, 0.34923881, 0.34928071, 0.34929228, 0.26218296E-3
0.80044426E-1, 0.53649250E-3, 0.16096384E-3, 0.0000000, 0.0000000, 0.0000000, 0.0000000, 0.0000000, 0.32356381, 19.439318, 19.848553, 19.856358, 19.858480, 0.24993365, 0.24999049, 0.24999546, 0.24999999, 0.24999982, 0.25321928, 0.34719658, 0.34924275, 0.34928179, 0.34929240, 0.16096384E-3
0.80005065E-1, 0.61163148E-4, 0.18350780E-4, 0.0000000, 0.0000000, 0.0000000, 0.0000000, 0.0000000, 0.37947297E-1, 19.400860, 19.848495, 19.856340, 19.858458, 0.24993365, 0.24999049, 0.24999546, 0.24999999, 0.24999982, 0.25036702, 0.34700429, 0.34924248, 0.34928170, 0.34929228, 0.18350780E-4
0.79999998E-1, 0.0000000, 0.0000000, 0.0000000, 0.0000000, 0.0000000, 0.0000000, 0.0000000, 0.0000000, 19.356495, 19.847185, 19.855988, 19.858339, 0.24993365, 0.24999049, 0.24999546, 0.24999999, 0.24999982, 0.24997517, 0.34678131, 0.34923562, 0.34927985, 0.34929165, 0.0000000
0.79999998E-1, 0.0000000, 0.0000000, 0.0000000, 0.0000000, 0.0000000, 0.0000000, 0.0000000, 0.0000000, 19.315472, 19.847044, 19.855932, 19.858328, 0.24993365, 0.24999049, 0.24999546, 0.24999999, 0.24999982, 0.24997517, 0.34657604, 0.34923488, 0.34927958, 0.34929159, 0.0000000
0.79999998E-1, 0.0000000, 0.0000000, 0.0000000, 0.0000000, 0.0000000, 0.0000000, 0.0000000, 0.0000000, 19.278170, 19.847698, 19.856104, 19.858418, 0.24993365, 0.24999049, 0.24999546, 0.24999999, 0.24999982, 0.24997517, 0.34639084, 0.34923849, 0.34928054, 0.34929210, 0.0000000
0.79999998E-1, 0.0000000, 0.0000000, 0.0000000, 0.0000000, 0.0000000, 0.0000000, 0.0000000, 0.0000000, 19.237953, 19.847544, 19.856083, 19.858427, 0.24993365, 0.24999049, 0.24999546, 0.24999999, 0.24999982, 0.24997517, 0.34618977, 0.34923771, 0.34928042, 0.34929213, 0.0000000
0.79999998E-1, 0.0000000, 0.0000000, 0.0000000, 0.0000000, 0.0000000, 0.0000000, 0.0000000, 0.0000000, 19.199863, 19.847870, 19.856188, 19.858458, 0.24993365, 0.24999049, 0.24999546, 0.24999999, 0.24999982, 0.24997517, 0.34599856, 0.34923914, 0.34928089, 0.34929228, 0.0000000
0.79999998E-1, 0.0000000, 0.0000000, 0.0000000, 0.0000000, 0.0000000, 0.0000000, 0.0000000, 0.0000000, 19.161667, 19.848076, 19.856241, 19.858452, 0.24993365, 0.24999049, 0.24999546, 0.24999999, 0.24999982, 0.24997517, 0.34580752, 0.34924015, 0.34928113, 0.34929225, 0.0000000
0.79999998E-1, 0.0000000, 0.0000000, 0.0000000, 0.0000000, 0.0000000, 0.0000000, 0.0000000, 0.0000000, 19.124029, 19.848352, 19.856306, 19.858458, 0.24993365, 0.24999049, 0.24999546, 0.24999999, 0.24999982, 0.24997517, 0.34561920, 0.34924152, 0.34928146, 0.34929225, 0.0000000
0.79999998E-1, 0.0000000, 0.0000000, 0.0000000, 0.0000000, 0.0000000, 0.0000000, 0.0000000, 0.0000000, 19.088503, 19.849009, 19.856464, 19.858486, 0.24993365, 0.24999049, 0.24999546, 0.24999999, 0.24999982, 0.24997517, 0.34544191, 0.34924489, 0.34928229, 0.34929243, 0.0000000
0.79999998E-1, 0.0000000, 0.0000000, 0.0000000, 0.0000000, 0.0000000, 0.0000000, 0.0000000, 0.0000000, 19.049877, 19.848768, 19.856405, 19.858463, 0.24993365, 0.24999049, 0.24999546, 0.24999999, 0.24999982, 0.24997517, 0.34524938, 0.34924385, 0.34928203, 0.34929231, 0.0000000
0.79999998E-1, 0.0000000, 0.0000000, 0.0000000, 0.0000000, 0.0000000, 0.0000000, 0.0000000, 0.0000000, 19.009169, 19.848158, 19.856245, 19.858418, 0.24993365, 0.24999049, 0.24999546, 0.24999999, 0.24999982, 0.24997517, 0.34504583, 0.34924078, 0.34928122, 0.34929210, 0.0000000
0.79999998E-1, 0.0000000, 0.0000000, 0.0000000, 0.0000000, 0.0000000, 0.0000000, 0.0000000, 0.0000000, 18.967318, 19.847521, 19.856081, 19.858387, 0.24993365, 0.24999049, 0.24999546, 0.24999999, 0.24999982, 0.24997517, 0.34483540, 0.34923732, 0.34928033, 0.34929189, 0.0000000
0.79999998E-1, 0.0000000, 0.0000000, 0.0000000, 0.0000000, 0.0000000, 0.0000000, 0.0000000, 0.0000000, 18.935347, 19.849218, 19.856524, 19.858494, 0.24993365, 0.24999049, 0.24999546, 0.24999999, 0.24999982, 0.24997517, 0.34467673, 0.34924608, 0.34928262, 0.34929246, 0.0000000
0.11965697, 0.47890091, 0.14368464, 2.3174734, 0.92729330, 0.0000000, 0.0000000, 0.0000000, 0.0000000, 18.906746, 19.851116, 19.857012, 19.858610, 0.27317336, 0.25927261, 0.24999546, 0.24999999, 0.24999982, 0.24997517, 0.34453374, 0.34925559, 0.34928507, 0.34929305, 0.14368464
0.15857401, 0.94886655, 0.28468844, 2.4002993, 3.9745576, 2.3581088, 2.4459701, 1.8189806, 0.0000000, 18.878437, 19.852484, 19.857384, 19.858709, 0.27400285, 0.28974542, 0.27358103, 0.27445969, 0.26818982, 0.24997517, 0.34439218, 0.34926242, 0.34928691, 0.34929353, 0.28468844
0.16702798, 1.0000000, 0.31531873, 2.4270012, 3.3707609, 4.0173469, 4.7467403, 9.1006727, 9.3912382, 19.468237, 19.853645, 19.857702, 19.858709, 0.27426985, 0.28370750, 0.29017341, 0.29746738, 0.34100670, 0.34391239, 0.34734118, 0.34926823, 0.34928852, 0.34929353, 0.31531873
0.16104835, 0.97874683, 0.29365343, 2.8080821, 2.2866340, 2.7963877, 7.8475852, 9.5546551, 9.6619663, 19.660141, 19.854548, 19.857895, 19.858709, 0.27808064, 0.27286625, 0.27796382, 0.32847583, 0.34554651, 0.34661967, 0.34830070, 0.34927273, 0.34928948, 0.34929353, 0.29365343
0.15752292, 0.93617332, 0.28088009, 1.9978404, 1.8846065, 5.1069403, 9.4969501, 9.6561308, 9.7423096, 19.738176, 19.854725, 19.857937, 19.858709, 0.26997834, 0.26884604, 0.30106935, 0.34496948, 0.34656131, 0.34742311, 0.34869087, 0.34927362, 0.34928969, 0.34929353, 0.28088009
0.14560744, 0.79228103, 0.23770809, 1.5781909, 1.5397936, 4.2925191, 9.5937538, 9.6994162, 9.7810078, 19.778326, 19.854725, 19.857931, 19.858709, 0.26578143, 0.26539764, 0.29292479, 0.34593737, 0.34699407, 0.34781006, 0.34889162, 0.34927362, 0.34928966, 0.34929353, 0.23770809
0.13845164, 0.70586693, 0.21178126, 1.3348609, 1.3098747, 3.8155558, 9.6630487, 9.7453060, 9.8104458, 19.801031, 19.854584, 19.857889, 19.858709, 0.26334816, 0.26309848, 0.28815517, 0.34663028, 0.34745297, 0.34810442, 0.34900516, 0.34927291, 0.34928945, 0.34929353, 0.21178126
0.12415890, 0.53326678, 0.15999603, 0.67270994, 0.96310973, 3.3281577, 9.6720543, 9.7569084, 9.8212776, 19.812622, 19.853849, 19.857658, 19.858688, 0.25658175, 0.25955653, 0.28324223, 0.34670037, 0.34755877, 0.34820762, 0.34906220, 0.34926900, 0.34928823, 0.34929341, 0.15999603
0.11329065, 0.40202075, 0.12061829, 0.15688837, 0.68478882, 2.9745369, 9.6148262, 9.7706518, 9.8315353, 19.821016, 19.853598, 19.857643, 19.858709, 0.25145441, 0.25678870, 0.27971354, 0.34613174, 0.34769809, 0.34831119, 0.34910437, 0.34926781, 0.34928817, 0.34929353, 0.12061829
0.10406018, 0.29055285, 0.87174580E-1, 0.0000000, 0.77265501E-1, 2.5367558, 9.2035599, 9.7272549, 9.8146124, 19.819798, 19.851658, 19.857147, 19.858580, 0.24999920, 0.25069547, 0.27532530, 0.34201339, 0.34726119, 0.34814054, 0.34909803, 0.34925807, 0.34928566, 0.34929287, 0.87174580E-1
0.10115513, 0.25547126, 0.76649040E-1, 0.0000000, 0.0000000, 2.0728202, 8.7055302, 9.6971149, 9.8027363, 19.819105, 19.850338, 19.856800, 19.858494, 0.24999920, 0.24999313, 0.27072433, 0.33705252, 0.34696966, 0.34802678, 0.34909549, 0.34925169, 0.34928399, 0.34929246, 0.76649040E-1
0.98700352E-1, 0.22582711, 0.67754909E-1, 0.0000000, 0.0000000, 1.5940458, 8.1448317, 9.6777754, 9.7932968, 19.816637, 19.848864, 19.856388, 19.858427, 0.24999920, 0.24999313, 0.26593858, 0.33144641, 0.34677660, 0.34793258, 0.34908319, 0.34924433, 0.34928194, 0.34929213, 0.67754909E-1
0.96685842E-1, 0.20149970, 0.60455956E-1, 0.0000000, 0.0000000, 1.2243032, 7.5655832, 9.6685286, 9.7921877, 19.820293, 19.849255, 19.856504, 19.858452, 0.24999920, 0.24999313, 0.26224092, 0.32565323, 0.34668362, 0.34792131, 0.34910148, 0.34924626, 0.34928253, 0.34929225, 0.60455956E-1
0.94746076E-1, 0.17807491, 0.53427819E-1, 0.0000000, 0.0000000, 0.87919533, 6.9535770, 9.6571665, 9.7886391, 19.822741, 19.849560, 19.856592, 19.858463, 0.24999920, 0.24999313, 0.25879154, 0.31953508, 0.34657118, 0.34788623, 0.34911370, 0.34924781, 0.34928295, 0.34929231, 0.53427819E-1
0.93460970E-1, 0.16255583, 0.48771627E-1, 0.0000000, 0.0000000, 0.65653920, 6.4973383, 9.6878376, 9.8020468, 19.825388, 19.850050, 19.856705, 19.858480, 0.24999920, 0.24999313, 0.25656486, 0.31497231, 0.34687757, 0.34802020, 0.34912694, 0.34925026, 0.34928352, 0.34929240, 0.48771627E-1
0.91122746E-1, 0.13431929, 0.40299818E-1, 0.0000000, 0.0000000, 0.21667480, 5.9173894, 9.6627932, 9.7867212, 19.817034, 19.847679, 19.856081, 19.858328, 0.24999920, 0.24999313, 0.25211477, 0.30914345, 0.34661105, 0.34785923, 0.34908390, 0.34923807, 0.34928033, 0.34929159, 0.40299818E-1
0.89784771E-1, 0.11816179, 0.35452083E-1, 0.0000000, 0.0000000, 0.0000000, 5.3642058, 9.6645441, 9.7856779, 19.813593, 19.846540, 19.855774, 19.858288, 0.24999920, 0.24999313, 0.24999739, 0.30356568, 0.34660366, 0.34783658, 0.34906468, 0.34923184, 0.34927866, 0.34929138, 0.35452083E-1
0.89309543E-1, 0.11242287, 0.33730235E-1, 0.0000000, 0.0000000, 0.0000000, 4.7903614, 9.6522207, 9.7813148, 19.813396, 19.846306, 19.855722, 19.858322, 0.24999920, 0.24999313, 0.24999739, 0.29787898, 0.34650809, 0.34780651, 0.34906596, 0.34923127, 0.34927857, 0.34929159, 0.33730235E-1
0.88903092E-1, 0.10751455, 0.32257590E-1, 0.0000000, 0.0000000, 0.0000000, 4.2904835, 9.6690588, 9.7872801, 19.812668, 19.845997, 19.855686, 19.858339, 0.24999920, 0.24999313, 0.24999739, 0.29287750, 0.34667388, 0.34786516, 0.34906226, 0.34922972, 0.34927836, 0.34929165, 0.32257590E-1
0.88259406E-1, 0.99741295E-1, 0.29925382E-1, 0.0000000, 0.0000000, 0.0000000, 3.5559723, 9.6067133, 9.7562361, 19.802362, 19.843134, 19.854937, 19.858141, 0.24999920, 0.24999313, 0.24999739, 0.28548253, 0.34602371, 0.34754133, 0.34900838, 0.34921479, 0.34927446, 0.34929064, 0.29925382E-1
0.87675102E-1, 0.92685185E-1, 0.27808337E-1, 0.0000000, 0.0000000, 0.0000000, 2.9435368, 9.4160576, 9.7442245, 19.796816, 19.841433, 19.854485, 19.858034, 0.24999920, 0.24999313, 0.24999739, 0.27938935, 0.34413373, 0.34742936, 0.34898204, 0.34920663, 0.34927228, 0.34929013, 0.27808337E-1
0.87180592E-1, 0.86713500E-1, 0.26016653E-1, 0.0000000, 0.0000000, 0.0000000, 2.5963931, 8.9176102, 9.7333899, 19.795967, 19.840960, 19.854343, 19.858025, 0.24999920, 0.24999313, 0.24999739, 0.27592543, 0.33915257, 0.34732270, 0.34897816, 0.34920436, 0.34927160, 0.34929010, 0.26016653E-1
0.86701132E-1, 0.80923438E-1, 0.24279460E-1, 0.0000000, 0.0000000, 0.0000000, 2.2875190, 8.3704119, 9.7255869, 19.800724, 19.842066, 19.854637, 19.858070, 0.24999920, 0.24999313, 0.24999739, 0.27287272, 0.33369958, 0.34725413, 0.34900361, 0.34921032, 0.34927318, 0.34929034, 0.24279460E-1
0.86353578E-1, 0.76726399E-1, 0.23020223E-1, 0.0000000, 0.0000000, 0.0000000, 2.0785780, 7.9415565, 9.7452431, 19.807804, 19.843946, 19.855139, 19.858187, 0.24999920, 0.24999313, 0.24999739, 0.27078503, 0.32941413, 0.34745184, 0.34903902, 0.34921974, 0.34927571, 0.34929094, 0.23020223E-1
0.85893892E-1, 0.71175203E-1, 0.21354698E-1, 0.0000000, 0.0000000, 0.0000000, 1.7960995, 7.4025693, 9.7256021, 19.809690, 19.844542, 19.855309, 19.858234, 0.24999920, 0.24999313, 0.24999739, 0.26796061, 0.32402489, 0.34725565, 0.34904844, 0.34922272, 0.34927654, 0.34929118, 0.21354698E-1
0.85627317E-1, 0.67955986E-1, 0.20388834E-1, 0.0000000, 0.0000000, 0.0000000, 1.6530395, 7.0347924, 9.7564373, 19.817110, 19.846632, 19.855869, 19.858393, 0.24999920, 0.24999313, 0.24999739, 0.26652935, 0.32034573, 0.34756336, 0.34908554, 0.34923315, 0.34927934, 0.34929198, 0.20388834E-1
0.11632590, 0.43867472, 0.13161558, 2.2301464, 0.0000000, 0.0000000, 1.6195774, 6.8973169, 9.8136559, 19.825190, 19.848959, 19.856482, 19.858517, 0.27230081, 0.24999313, 0.24999739, 0.26619574, 0.31897312, 0.34813651, 0.34912595, 0.34924480, 0.34928241, 0.34929258, 0.13161558
0.15178406, 0.86687052, 0.26008716, 2.3073049, 2.8957546, 2.2772431, 2.8519988, 6.8129554, 9.8418941, 19.831703, 19.850899, 19.856976, 19.858635, 0.27307230, 0.27895698, 0.27277222, 0.27851993, 0.31812948, 0.34841892, 0.34915853, 0.34925449, 0.34928489, 0.34929317, 0.26008716
0.14489707, 0.78370279, 0.23513435, 1.9649327, 2.6898026, 2.1822870, 2.8128088, 6.7302718, 9.8520012, 19.835636, 19.852131, 19.857321, 19.858709, 0.26964927, 0.27689797, 0.27182284, 0.27812809, 0.31730270, 0.34852001, 0.34917819, 0.34926066, 0.34928662, 0.34929353, 0.23513435
0.13263926, 0.63567621, 0.19072194, 1.3710201, 2.3016810, 2.0024629, 2.7413516, 6.6242275, 9.8484221, 19.836981, 19.852661, 19.857437, 19.858698, 0.26371008, 0.27301669, 0.27002457, 0.27741352, 0.31624225, 0.34848422, 0.34918490, 0.34926331, 0.34928718, 0.34929350, 0.19072194
0.12223410, 0.51002264, 0.15302210, 0.87829232, 1.9604504, 1.8383086, 2.6744275, 6.5197215, 9.8480301, 19.838285, 19.853132, 19.857573, 19.858709, 0.25878218, 0.26960349, 0.26838261, 0.27674413, 0.31519705, 0.34848019, 0.34919143, 0.34926566, 0.34928787, 0.34929353, 0.15302210
0.10652757, 0.32034922, 0.96114375E-1, 0.15883446, 1.4188558, 1.5641034, 2.5587142, 6.3732147, 9.8342609, 19.836527, 19.852766, 19.857466, 19.858646, 0.25158805, 0.26418698, 0.26564017, 0.27558684, 0.31373179, 0.34834242, 0.34918264, 0.34926385, 0.34928733, 0.34929323, 0.96114375E-1
0.10077582, 0.25089055, 0.75274691E-1, 0.0000000, 1.0908127, 1.3877392, 2.4807751, 6.2505231, 9.8378096, 19.837374, 19.853033, 19.857536, 19.858698, 0.24999151, 0.26090744, 0.26387694, 0.27480760, 0.31250504, 0.34837800, 0.34918687, 0.34926516, 0.34928769, 0.34929350, 0.75274691E-1
0.96097633E-1, 0.19439645, 0.58324769E-1, 0.0000000, 0.66640675, 1.1444777, 2.3689003, 6.0990024, 9.8291388, 19.836145, 19.852743, 19.857447, 19.858658, 0.24998173, 0.25666308, 0.26144394, 0.27368864, 0.31098959, 0.34829116, 0.34918073, 0.34926373, 0.34928724, 0.34929329, 0.58324769E-1
0.91289535E-1, 0.13633338, 0.40904105E-1, 0.0000000, 0.23869872, 0.88157952, 2.2397966, 5.9283128, 9.8208065, 19.834028, 19.852194, 19.857300, 19.858646, 0.24998173, 0.25238654, 0.25881496, 0.27239755, 0.30928257, 0.34820777, 0.34917015, 0.34926099, 0.34928650, 0.34929323, 0.40904105E-1
0.88240266E-1, 0.99510133E-1, 0.29856026E-1, 0.0000000, 0.0000000, 0.66382587, 2.1242142, 5.7464905, 9.8151722, 19.834604, 19.852341, 19.857325, 19.858688, 0.24998173, 0.24999933, 0.25663754, 0.27124166, 0.30746427, 0.34815136, 0.34917301, 0.34926170, 0.34928662, 0.34929344, 0.29856026E-1
0.89240439E-1, 0.11158837, 0.33479858E-1, 0.19402206, 0.0000000, 0.34686327, 1.9490868, 5.5357990, 9.8043289, 19.829071, 19.850885, 19.856949, 19.858574, 0.25185275, 0.24999933, 0.25344536, 0.26947835, 0.30535060, 0.34803942, 0.34914482, 0.34925428, 0.34928471, 0.34929287, 0.33479858E-1
0.84873304E-1, 0.58850460E-1, 0.17656904E-1, 0.0000000, 0.0000000, 0.0000000, 1.6627878, 5.2008348, 9.7645378, 19.818893, 19.848129, 19.856234, 19.858412, 0.24999677, 0.24999933, 0.24999315, 0.26659054, 0.30198693, 0.34763405, 0.34909278, 0.34924021, 0.34928104, 0.34929204, 0.17656904E-1
0.84451512E-1, 0.53756844E-1, 0.16128667E-1, 0.0000000, 0.0000000, 0.0000000, 1.3649523, 4.7822175, 9.7342167, 19.812302, 19.846218, 19.855698, 19.858297, 0.24999677, 0.24999933, 0.24999315, 0.26363352, 0.29781193, 0.34733644, 0.34906083, 0.34923092, 0.34927842, 0.34929150, 0.16128667E-1
0.84074721E-1, 0.49206723E-1, 0.14763493E-1, 0.0000000, 0.0000000, 0.0000000, 1.1297435, 4.3430123, 9.7209930, 19.813057, 19.846212, 19.855728, 19.858347, 0.24999677, 0.24999933, 0.24999315, 0.26129630, 0.29342791, 0.34720829, 0.34906527, 0.34923106, 0.34927863, 0.34929174, 0.14763493E-1
0.83571799E-1, 0.43133352E-1, 0.12941300E-1, 0.0000000, 0.0000000, 0.0000000, 0.82645118, 3.7494829, 9.6761274, 19.810095, 19.845306, 19.855499, 19.858311, 0.24999677, 0.24999933, 0.24999315, 0.25826403, 0.28749380, 0.34676039, 0.34905046, 0.34922653, 0.34927750, 0.34929156, 0.12941300E-1
0.83099440E-1, 0.37429139E-1, 0.11229864E-1, 0.0000000, 0.0000000, 0.0000000, 0.53432584, 3.1926548, 9.6764994, 19.804533, 19.843699, 19.855099, 19.858229, 0.24999677, 0.24999933, 0.24999315, 0.25534287, 0.28192541, 0.34676382, 0.34902266, 0.34921849, 0.34927550, 0.34929115, 0.11229864E-1
0.82637899E-1, 0.31855535E-1, 0.95576160E-2, 0.0000000, 0.0000000, 0.0000000, 0.22517741, 2.7772994, 9.4585686, 19.797680, 19.841707, 19.854555, 19.858076, 0.24999677, 0.24999933, 0.24999315, 0.25222096, 0.27775180, 0.34457114, 0.34898698, 0.34920818, 0.34927270, 0.34929034, 0.95576160E-2
0.82274608E-1, 0.27468354E-1, 0.82413303E-2, 0.0000000, 0.0000000, 0.0000000, 0.11521578E-1, 2.4453819, 9.0837002, 19.798414, 19.841656, 19.854532, 19.858065, 0.24999677, 0.24999933, 0.24999315, 0.25011015, 0.27444565, 0.34082875, 0.34899184, 0.34920824, 0.34927264, 0.34929031, 0.82413303E-2
0.82095347E-1, 0.25303660E-1, 0.75918576E-2, 0.0000000, 0.0000000, 0.0000000, 0.0000000, 2.1544337, 8.7214766, 19.802082, 19.842522, 19.854748, 19.858099, 0.24999677, 0.24999933, 0.24999315, 0.24999957, 0.27154189, 0.33721146, 0.34901041, 0.34921262, 0.34927374, 0.34929049, 0.75918576E-2
0.81908680E-1, 0.23049409E-1, 0.69155144E-2, 0.0000000, 0.0000000, 0.0000000, 0.0000000, 1.8443465, 8.2990208, 19.805969, 19.843533, 19.855026, 19.858164, 0.24999677, 0.24999933, 0.24999315, 0.24999957, 0.26844117, 0.33298677, 0.34902984, 0.34921765, 0.34927514, 0.34929082, 0.69155144E-2
0.81753053E-1, 0.21170039E-1, 0.63516470E-2, 0.0000000, 0.0000000, 0.0000000, 0.0000000, 1.5832543, 7.9543524, 19.802790, 19.842726, 19.854795, 19.858110, 0.24999677, 0.24999933, 0.24999315, 0.24999957, 0.26583079, 0.32954058, 0.34901395, 0.34921363, 0.34927398, 0.34929055, 0.63516470E-2
0.81617385E-1, 0.19531706E-1, 0.58600982E-2, 0.0000000, 0.0000000, 0.0000000, 0.0000000, 1.3570577, 7.6578608, 19.798384, 19.841488, 19.854460, 19.858025, 0.24999677, 0.24999933, 0.24999315, 0.24999957, 0.26354712, 0.32656059, 0.34899017, 0.34920698, 0.34927219, 0.34929010, 0.58600982E-2
0.81492268E-1, 0.18020790E-1, 0.54067778E-2, 0.0000000, 0.0000000, 0.0000000, 0.0000000, 1.1531055, 7.3645334, 19.797043, 19.841017, 19.854343, 19.858000, 0.24999677, 0.24999933, 0.24999315, 0.24999957, 0.26150376, 0.32362428, 0.34898311, 0.34920451, 0.34927157, 0.34928998, 0.54067778E-2
0.81345662E-1, 0.16250378E-1, 0.48756008E-2, 0.0000000, 0.0000000, 0.0000000, 0.0000000, 0.93192756, 6.9567733, 19.800285, 19.841829, 19.854555, 19.858065, 0.24999677, 0.24999933, 0.24999315, 0.24999957, 0.25931680, 0.31956160, 0.34900144, 0.34920913, 0.34927279, 0.34929031, 0.48756008E-2
0.81172884E-1, 0.14163861E-1, 0.42495835E-2, 0.0000000, 0.0000000, 0.0000000, 0.0000000, 0.68666041, 6.4401197, 19.801119, 19.842018, 19.854609, 19.858076, 0.24999677, 0.24999933, 0.24999315, 0.24999957, 0.25686508, 0.31439641, 0.34900558, 0.34921008, 0.34927303, 0.34929037, 0.42495835E-2
0.81006274E-1, 0.12151839E-1, 0.36459165E-2, 0.0000000, 0.0000000, 0.0000000, 0.0000000, 0.46317875, 5.9030557, 19.800150, 19.841784, 19.854544, 19.858051, 0.24999677, 0.24999933, 0.24999315, 0.24999957, 0.25463074, 0.30902609, 0.34900075, 0.34920892, 0.34927273, 0.34929025, 0.36459165E-2
0.80839731E-1, 0.10140677E-1, 0.30425075E-2, 0.0000000, 0.0000000, 0.0000000, 0.0000000, 0.25538504, 5.3199763, 19.797106, 19.840929, 19.854319, 19.858006, 0.24999677, 0.24999933, 0.24999315, 0.24999957, 0.25255272, 0.30319199, 0.34898552, 0.34920466, 0.34927160, 0.34929001, 0.30425075E-2
0.80675527E-1, 0.81577487E-2, 0.24475695E-2, 0.0000000, 0.0000000, 0.0000000, 0.0000000, 0.11008382, 4.5656424, 19.801983, 19.842173, 19.854654, 19.858076, 0.24999677, 0.24999933, 0.24999315, 0.24999957, 0.25110039, 0.29565021, 0.34900993, 0.34921086, 0.34927326, 0.34929037, 0.24475695E-2
0.80561280E-1, 0.67781187E-2, 0.20336390E-2, 0.0000000, 0.0000000, 0.0000000, 0.0000000, 0.70571899E-2, 4.0470376, 19.803036, 19.842514, 19.854738, 19.858076, 0.24999677, 0.24999933, 0.24999315, 0.24999957, 0.25007051, 0.29046124, 0.34901518, 0.34921259, 0.34927368, 0.34929037, 0.20336390E-2
0.80446862E-1, 0.53963633E-2, 0.16190709E-2, 0.0000000, 0.0000000, 0.0000000, 0.0000000, 0.0000000, 3.2388678, 19.802786, 19.842505, 19.854742, 19.858076, 0.24999677, 0.24999933, 0.24999315, 0.24999957, 0.24999864, 0.28238142, 0.34901392, 0.34921253, 0.34927371, 0.34929037, 0.16190709E-2
0.80344491E-1, 0.41600829E-2, 0.12481497E-2, 0.0000000, 0.0000000, 0.0000000, 0.0000000, 0.0000000, 2.4973540, 19.778109, 19.842373, 19.854702, 19.858057, 0.24999677, 0.24999933, 0.24999315, 0.24999957, 0.24999864, 0.27496299, 0.34889054, 0.34921187, 0.34927350, 0.34929028, 0.12481497E-2
0.80238089E-1, 0.28751746E-2, 0.86263870E-3, 0.0000000, 0.0000000, 0.0000000, 0.0000000, 0.0000000, 1.7263383, 19.732069, 19.842583, 19.854733, 19.858082, 0.24999677, 0.24999933, 0.24999315, 0.24999957, 0.24999864, 0.26725277, 0.34866035, 0.34921291, 0.34927365, 0.34929040, 0.86263870E-3
0.80164053E-1, 0.19811098E-2, 0.59439242E-3, 0.0000000, 0.0000000, 0.0000000, 0.0000000, 0.0000000, 1.1896253, 19.693657, 19.844404, 19.855215, 19.858204, 0.24999677, 0.24999933, 0.24999315, 0.24999957, 0.24999864, 0.26188785, 0.34846827, 0.34922200, 0.34927607, 0.34929103, 0.59439242E-3
0.80066189E-1, 0.79937233E-3, 0.23983569E-3, 0.0000000, 0.0000000, 0.0000000, 0.0000000, 0.0000000, 0.48052669, 19.648252, 19.844116, 19.855173, 19.858198, 0.24999677, 0.24999933, 0.24999315, 0.24999957, 0.24999864, 0.25479671, 0.34824127, 0.34922057, 0.34927586, 0.34929100, 0.23983569E-3
0.79999998E-1, 0.0000000, 0.0000000, 0.0000000, 0.0000000, 0.0000000, 0.0000000, 0.0000000, 0.0000000, 19.604111, 19.844200, 19.855215, 19.858217, 0.24999677, 0.24999933, 0.24999315, 0.24999957, 0.24999864, 0.24992901, 0.34802055, 0.34922099, 0.34927607, 0.34929109, 0.0000000
0.79999998E-1, 0.0000000, 0.0000000, 0.0000000, 0.0000000, 0.0000000, 0.0000000, 0.0000000, 0.0000000, 19.567911, 19.846014, 19.855717, 19.858370, 0.24999677, 0.24999933, 0.24999315, 0.24999957, 0.24999864, 0.24992901, 0.34783956, 0.34923008, 0.34927857, 0.34929186, 0.0000000
0.79999998E-1, 0.0000000, 0.0000000, 0.0000000, 0.0000000, 0.0000000, 0.0000000, 0.0000000, 0.0000000, 19.528790, 19.846584, 19.855869, 19.858418, 0.24999677, 0.24999933, 0.24999315, 0.24999957, 0.24999864, 0.24992901, 0.34764394, 0.34923291, 0.34927934, 0.34929210, 0.0000000
0.79999998E-1, 0.0000000, 0.0000000, 0.0000000, 0.0000000, 0.0000000, 0.0000000, 0.0000000, 0.0000000, 19.484720, 19.845961, 19.855728, 19.858370, 0.24999677, 0.24999933, 0.24999315, 0.24999957, 0.24999864, 0.24992901, 0.34742314, 0.34922969, 0.34927860, 0.34929186, 0.0000000
0.79999998E-1, 0.0000000, 0.0000000, 0.0000000, 0.0000000, 0.0000000, 0.0000000, 0.0000000, 0.0000000, 19.449020, 19.847322, 19.856083, 19.858458, 0.24999677, 0.24999933, 0.24999315, 0.24999957, 0.24999864, 0.24992901, 0.34724510, 0.34923661, 0.34928042, 0.34929228, 0.0000000
0.79999998E-1, 0.0000000, 0.0000000, 0.0000000, 0.0000000, 0.0000000, 0.0000000, 0.0000000, 0.0000000, 19.415461, 19.848726, 19.856451, 19.858500, 0.24999677, 0.24999933, 0.24999315, 0.24999957, 0.24999864, 0.24992901, 0.34707731, 0.34924364, 0.34928226, 0.34929249, 0.0000000
0.79999998E-1, 0.0000000, 0.0000000, 0.0000000, 0.0000000, 0.0000000, 0.0000000, 0.0000000, 0.0000000, 19.378904, 19.849030, 19.856518, 19.858486, 0.24999677, 0.24999933, 0.24999315, 0.24999957, 0.24999864, 0.24992901, 0.34689453, 0.34924513, 0.34928259, 0.34929243, 0.0000000
0.79999998E-1, 0.0000000, 0.0000000, 0.0000000, 0.0000000, 0.0000000, 0.0000000, 0.0000000, 0.0000000, 19.341736, 19.849089, 19.856504, 19.858480, 0.24999677, 0.24999933, 0.24999315, 0.24999957, 0.24999864, 0.24992901, 0.34670869, 0.34924543, 0.34928253, 0.34929240, 0.0000000
0.79999998E-1, 0.0000000, 0.0000000, 0.0000000, 0.0000000, 0.0000000, 0.0000000, 0.0000000, 0.0000000, 19.307474, 19.849771, 19.856676, 19.858505, 0.24999677, 0.24999933, 0.24999315, 0.24999957, 0.24999864, 0.24992901, 0.34653738, 0.34924886, 0.34928340, 0.34929252, 0.0000000
0.79999998E-1, 0.0000000, 0.0000000, 0.0000000, 0.0000000, 0.0000000, 0.0000000, 0.0000000, 0.0000000, 19.276663, 19.850994, 19.856976, 19.858574, 0.24999677, 0.24999933, 0.24999315, 0.24999957, 0.24999864, 0.24992901, 0.34638330, 0.34925497, 0.34928489, 0.34929287, 0.0000000
0.79999998E-1, 0.0000000, 0.0000000, 0.0000000, 0.0000000, 0.0000000, 0.0000000, 0.0000000, 0.0000000, 19.245049, 19.851692, 19.857178, 19.858635, 0.24999677, 0.24999933, 0.24999315, 0.24999957, 0.24999864, 0.24992901, 0.34622523, 0.34925845, 0.34928590, 0.34929317, 0.0000000
0.79999998E-1, 0.0000000, 0.0000000, 0.0000000, 0.0000000, 0.0000000, 0.0000000, 0.0000000, 0.0000000, 19.214415, 19.852365, 19.857344, 19.858698, 0.24999677, 0.24999933, 0.24999315, 0.24999957, 0.24999864, 0.24992901, 0.34607208, 0.34926182, 0.34928674, 0.34929350, 0.0000000
0.79999998E-1, 0.0000000, 0.0000000, 0.0000000, 0.0000000, 0.0000000, 0.0000000, 0.0000000, 0.0000000, 19.180347, 19.852095, 19.857283, 19.858652, 0.24999677, 0.24999933, 0.24999315, 0.24999957, 0.24999864, 0.24992901, 0.34590173, 0.34926048, 0.34928641, 0.34929326, 0.0000000
0.79999998E-1, 0.0000000, 0.0000000, 0.0000000, 0.0000000, 0.0000000, 0.0000000, 0.0000000, 0.0000000, 19.143320, 19.851252, 19.857071, 19.858604, 0.24999677, 0.24999933, 0.24999315, 0.24999957, 0.24999864, 0.24992901, 0.34571660, 0.34925625, 0.34928536, 0.34929302, 0.0000000
0.79999998E-1, 0.0000000, 0.0000000, 0.0000000, 0.0000000, 0.0000000, 0.0000000, 0.0000000, 0.0000000, 19.113625, 19.852293, 19.857344, 19.858692, 0.24999677, 0.24999933, 0.24999315, 0.24999957, 0.24999864, 0.24992901, 0.34556812, 0.34926146, 0.34928674, 0.34929347, 0.0000000
0.22209240, 1.0000000, 0.51482755, 2.4999871, 8.2749138, 6.8839269, 7.2346773, 8.1174755, 8.8907843, 19.230028, 19.852943, 19.857502, 19.858709, 0.27499956, 0.33274853, 0.31883901, 0.32234672, 0.33117473, 0.33890784, 0.34615013, 0.34926471, 0.34928751, 0.34929353, 0.51482755
0.35599947, 1.0000000, 0.99999809, 9.9999962, 9.9999990, 9.9999990, 9.9999990, 9.9999990, 9.9999990, 19.999998, 19.999998, 19.999998, 19.998999, 0.34999973, 0.34999985, 0.34999993, 0.34999999, 0.34999999, 0.34999999, 0.34999999, 0.34999999, 0.34999999, 0.34999499, 0.99999809
0.35524428, 1.0000000, 0.99726176, 9.9618530, 9.9783134, 9.9890585, 9.9972258, 9.9985962, 9.9994507, 19.999908, 19.999975, 19.999975, 19.989016, 0.34961778, 0.34978268, 0.34989035, 0.34997219, 0.34998593, 0.34999451, 0.34999955, 0.34999987, 0.34999987, 0.34994507, 0.99726176
0.35390097, 1.0000000, 0.99239480, 9.8925323, 9.9417601, 9.9702921, 9.9922667, 9.9961214, 9.9984589, 19.999743, 19.999928, 19.999949, 19.985044, 0.34892404, 0.34941682, 0.34970254, 0.34992257, 0.34996119, 0.34998459, 0.34999871, 0.34999964, 0.34999973, 0.34992522, 0.99239480
0.35599840, 1.0000000, 0.99999428, 9.9999609, 9.9999752, 9.9999876, 9.9999962, 9.9999990, 9.9999990, 19.999998, 19.999998, 19.999998, 19.997997, 0.34999922, 0.34999952, 0.34999976, 0.34999993, 0.34999999, 0.34999999, 0.34999999, 0.34999999, 0.34999999, 0.34998998, 0.99999428
0.35599917, 1.0000000, 0.99999690, 9.9999752, 9.9999876, 9.9999933, 9.9999990, 9.9999990, 9.9999990, 19.999998, 19.999998, 19.999998, 19.997997, 0.34999955, 0.34999976, 0.34999987, 0.34999999, 0.34999999, 0.34999999, 0.34999999, 0.34999999, 0.34999999, 0.34998998, 0.99999690
0.35599905, 1.0000000, 0.99999666, 9.9999752, 9.9999819, 9.9999933, 9.9999990, 9.9999990, 9.9999990, 19.999998, 19.999998, 19.999998, 19.997997, 0.34999955, 0.34999970, 0.34999987, 0.34999999, 0.34999999, 0.34999999, 0.34999999, 0.34999999, 0.34999999, 0.34998998, 0.99999666
0.35599864, 1.0000000, 0.99999499, 9.9999542, 9.9999723, 9.9999876, 9.9999990, 9.9999990, 9.9999990, 19.999998, 19.999998, 19.999998, 19.996996, 0.34999931, 0.34999958, 0.34999982, 0.34999999, 0.34999999, 0.34999999, 0.34999999, 0.34999999, 0.34999999, 0.34998497, 0.99999499
0.35573232, 1.0000000, 0.99903017, 9.9999313, 9.9878492, 9.9635344, 9.9860840, 9.9928894, 9.9966536, 19.998985, 19.999731, 19.999840, 19.982075, 0.34999919, 0.34987843, 0.34963530, 0.34986085, 0.34992889, 0.34996653, 0.34999493, 0.34999865, 0.34999919, 0.34991038, 0.99903017
0.35469413, 1.0000000, 0.99526858, 9.9876490, 9.8927841, 9.9444418, 9.9849072, 9.9923449, 9.9969158, 19.999445, 19.999868, 19.999924, 19.985044, 0.34987569, 0.34892738, 0.34944418, 0.34984902, 0.34992340, 0.34996915, 0.34999722, 0.34999934, 0.34999961, 0.34992522, 0.99526858
0.34498930, 1.0000000, 0.96010619, 9.3988123, 9.7455435, 9.8628893, 9.9631901, 9.9812698, 9.9927740, 19.999004, 19.999743, 19.999868, 19.984043, 0.34398785, 0.34745526, 0.34862879, 0.34963188, 0.34981269, 0.34992772, 0.34999502, 0.34999871, 0.34999934, 0.34992021, 0.96010619
0.34584403, 1.0000000, 0.96320283, 9.5340815, 9.6577854, 9.8016596, 9.9336967, 9.9653950, 9.9860306, 19.997686, 19.999392, 19.998848, 19.961004, 0.34534055, 0.34657770, 0.34801650, 0.34933695, 0.34965396, 0.34986031, 0.34998843, 0.34999695, 0.34999424, 0.34980503, 0.96320283
0.35598791, 1.0000000, 0.99995613, 9.9994955, 9.9996986, 9.9998474, 9.9999695, 9.9999876, 9.9999962, 19.999998, 19.999998, 19.999996, 19.993994, 0.34999394, 0.34999639, 0.34999818, 0.34999964, 0.34999985, 0.34999996, 0.34999999, 0.34999999, 0.34999996, 0.34996998, 0.99995613
0.33270389, 1.0000000, 0.91559374, 8.6845455, 9.5270300, 9.7289286, 9.9117699, 9.9542942, 9.9812737, 19.996595, 19.999111, 19.999331, 19.970360, 0.33684069, 0.34526715, 0.34728768, 0.34911737, 0.34954277, 0.34981269, 0.34998298, 0.34999555, 0.34999666, 0.34985179, 0.91559374
0.30403286, 1.0000000, 0.81171322, 6.7172952, 9.4053478, 9.6287346, 9.8286200, 9.9059134, 9.9573507, 19.989622, 19.997274, 19.996853, 19.948294, 0.31716484, 0.34404668, 0.34628385, 0.34828550, 0.34905878, 0.34957337, 0.34994811, 0.34998637, 0.34998426, 0.34974146, 0.81171322
0.29556847, 1.0000000, 0.78104520, 6.0420594, 9.4897652, 9.6672096, 9.8200750, 9.8946514, 9.9492140, 19.986448, 19.996389, 19.992102, 19.928858, 0.31041643, 0.34489372, 0.34667009, 0.34820032, 0.34894630, 0.34949207, 0.34993225, 0.34998196, 0.34996051, 0.34964430, 0.78104520
0.30358350, 1.0000000, 0.81008506, 6.5524983, 9.5811701, 9.7161770, 9.8285646, 9.8947191, 9.9461575, 19.983934, 19.995562, 19.984510, 19.912472, 0.31552276, 0.34580973, 0.34716079, 0.34828544, 0.34894711, 0.34946156, 0.34991968, 0.34997779, 0.34992254, 0.34956235, 0.81008506
0.28585911, 1.0000000, 0.74586636, 5.3277016, 9.5060987, 9.6719341, 9.8100243, 9.8819838, 9.9383850, 19.980347, 19.994068, 19.974089, 19.899157, 0.30327669, 0.34506065, 0.34671915, 0.34810022, 0.34881982, 0.34938386, 0.34990174, 0.34997034, 0.34987044, 0.34949577, 0.74586636
0.25436962, 1.0000000, 0.63177395, 3.1976209, 9.3205547, 9.5527754, 9.7535620, 9.8479719, 9.9210892, 19.974325, 19.991186, 19.961374, 19.888680, 0.28197548, 0.34320423, 0.34552711, 0.34753546, 0.34847966, 0.34921086, 0.34987164, 0.34995592, 0.34980687, 0.34944341, 0.63177395
0.24351569, 1.0000000, 0.59244812, 2.6768832, 8.8305874, 9.6413860, 9.7808743, 9.8591251, 9.9235277, 19.972313, 19.988131, 19.947695, 19.880749, 0.27676666, 0.33830157, 0.34641150, 0.34780827, 0.34859103, 0.34923518, 0.34986156, 0.34994066, 0.34973848, 0.34940374, 0.59244812
0.23155639, 1.0000000, 0.54911733, 2.2613077, 8.0777874, 9.6427774, 9.7823467, 9.8588295, 9.9220343, 19.969484, 19.983232, 19.933723, 19.874779, 0.27261162, 0.33077472, 0.34642589, 0.34782308, 0.34858811, 0.34922028, 0.34984744, 0.34991616, 0.34966862, 0.34937388, 0.54911733
0.20207644, 1.0000000, 0.44230592, 1.1591405, 6.4396605, 9.4925451, 9.7018280, 9.8117723, 9.8979425, 19.959393, 19.974472, 19.919886, 19.870245, 0.26159135, 0.31439638, 0.34492528, 0.34701824, 0.34811768, 0.34897941, 0.34979695, 0.34987235, 0.34959942, 0.34935123, 0.44230592
0.16573730, 1.0000000, 0.31064239, 0.0000000, 4.0560398, 9.3697500, 9.6191330, 9.7578592, 9.8691597, 19.946863, 19.963022, 19.907160, 19.866882, 0.24999841, 0.29055753, 0.34369418, 0.34619066, 0.34757823, 0.34869146, 0.34973431, 0.34981510, 0.34953579, 0.34933442, 0.31064239
0.15030447, 0.84900284, 0.25472632, 0.0000000, 2.5881500, 8.5845003, 9.5946980, 9.7372856, 9.8556309, 19.937021, 19.950621, 19.896303, 19.864483, 0.24999841, 0.27588087, 0.33584395, 0.34594673, 0.34737274, 0.34855628, 0.34968510, 0.34975311, 0.34948152, 0.34932241, 0.25472632
0.14610083, 0.79823941, 0.23949577, 0.0000000, 2.3424177, 8.0358162, 9.6892452, 9.7893171, 9.8770962, 19.934771, 19.939306, 19.887749, 19.862883, 0.24999841, 0.27342343, 0.33035687, 0.34689215, 0.34789303, 0.34877092, 0.34967387, 0.34969652, 0.34943873, 0.34931442, 0.23949577
0.34406567, 1.0000000, 0.95675963, 9.6845055, 9.3789120, 9.4794092, 9.7609062, 9.8325796, 9.8973761, 19.933561, 19.928200, 19.880962, 19.861761, 0.34684443, 0.34378877, 0.34479392, 0.34760904, 0.34832576, 0.34897375, 0.34966782, 0.34964100, 0.34940481, 0.34930879, 0.95675963
0.31975099, 1.0000000, 0.86866295, 7.8609047, 9.4195995, 9.6027584, 9.7612734, 9.8368359, 9.9001617, 19.928185, 19.916594, 19.875444, 19.860931, 0.32860893, 0.34419590, 0.34602755, 0.34761274, 0.34836835, 0.34900162, 0.34964091, 0.34958297, 0.34937721, 0.34930465, 0.86866295
0.35597032, 1.0000000, 0.99989241, 9.9987392, 9.9992456, 9.9996243, 9.9999247, 9.9999638, 9.9999905, 19.999998, 19.999998, 19.999990, 19.991999, 0.34998518, 0.34999114, 0.34999558, 0.34999913, 0.34999958, 0.34999987, 0.34999999, 0.34999999, 0.34999996, 0.34996000, 0.99989241
0.34886867, 1.0000000, 0.97416192, 9.6171188, 9.8263226, 9.9078751, 9.9741297, 9.9868441, 9.9946918, 19.999044, 19.999748, 19.999846, 19.980110, 0.34617093, 0.34826308, 0.34907866, 0.34974125, 0.34986845, 0.34994692, 0.34999523, 0.34999874, 0.34999922, 0.34990054, 0.97416192
0.34128243, 1.0000000, 0.94667542, 9.1787214, 9.6850786, 9.8266916, 9.9486380, 9.9736767, 9.9893627, 19.998138, 19.999516, 19.999792, 19.982044, 0.34178525, 0.34684953, 0.34826627, 0.34948626, 0.34973669, 0.34989360, 0.34999070, 0.34999758, 0.34999895, 0.34991023, 0.94667542
0.35584551, 1.0000000, 0.99944025, 9.9925261, 9.9955330, 9.9977617, 9.9995527, 9.9997730, 9.9999247, 19.999998, 19.999998, 19.999990, 19.991999, 0.34992296, 0.34995395, 0.34997693, 0.34999537, 0.34999767, 0.34999922, 0.34999999, 0.34999999, 0.34999996, 0.34996000, 0.99944025
0.34496444, 1.0000000, 0.96001601, 9.3927746, 9.7515869, 9.8653126, 9.9645014, 9.9819374, 9.9931650, 19.999201, 19.999796, 19.999422, 19.968512, 0.34392595, 0.34751478, 0.34865257, 0.34964490, 0.34981930, 0.34993163, 0.34999600, 0.34999898, 0.34999710, 0.34984255, 0.96001601
0.30123973, 1.0000000, 0.80159318, 6.5803051, 9.3216534, 9.5792284, 9.8165722, 9.9008198, 9.9556313, 19.989305, 19.997198, 19.996565, 19.946568, 0.31579831, 0.34321252, 0.34579024, 0.34816530, 0.34900799, 0.34955627, 0.34994653, 0.34998599, 0.34998283, 0.34973285, 0.80159318
0.28156316, 1.0000000, 0.73030126, 5.0585260, 9.4514256, 9.6412182, 9.8076401, 9.8877182, 9.9463444, 19.985924, 19.996252, 19.991579, 19.927372, 0.30058378, 0.34451258, 0.34641132, 0.34807622, 0.34887710, 0.34946340, 0.34992963, 0.34998125, 0.34995788, 0.34963685, 0.73030126
0.25163925, 1.0000000, 0.62188131, 2.9912314, 9.3306799, 9.5597410, 9.7579269, 9.8543615, 9.9275341, 19.979395, 19.994307, 19.983458, 19.911177, 0.27991101, 0.34330434, 0.34559613, 0.34757900, 0.34854349, 0.34927532, 0.34989697, 0.34997153, 0.34991729, 0.34955588, 0.62188131
0.29622853, 1.0000000, 0.78343660, 6.1923623, 9.3636971, 9.5941715, 9.7583246, 9.8486042, 9.9208679, 19.975000, 19.992514, 19.972763, 19.898125, 0.31192204, 0.34363553, 0.34594098, 0.34758309, 0.34848595, 0.34920865, 0.34987500, 0.34996256, 0.34986383, 0.34949061, 0.78343660
0.24406454, 1.0000000, 0.59443671, 2.9553800, 8.5510349, 9.4363155, 9.6663504, 9.7914190, 9.8898716, 19.962713, 19.987797, 19.959465, 19.887770, 0.27955046, 0.33550453, 0.34435993, 0.34666285, 0.34791386, 0.34889859, 0.34981358, 0.34993899, 0.34979731, 0.34943885, 0.59443671
0.22917758, 1.0000000, 0.54049850, 2.4772735, 7.4804373, 9.5616455, 9.7211943, 9.8170395, 9.8982649, 19.960423, 19.984339, 19.945675, 19.880030, 0.27476937, 0.32479826, 0.34561256, 0.34721115, 0.34817001, 0.34898248, 0.34980211, 0.34992170, 0.34972838, 0.34940016, 0.54049850
0.21392061, 1.0000000, 0.48521960, 1.9618541, 6.4903388, 9.5690403, 9.7342005, 9.8246593, 9.9010592, 19.957659, 19.979101, 19.931734, 19.874229, 0.26961786, 0.31490204, 0.34568942, 0.34734181, 0.34824651, 0.34901056, 0.34978831, 0.34989551, 0.34965867, 0.34937114, 0.48521960
0.19371343, 1.0000000, 0.41200513, 1.2650192, 5.2420893, 9.5136213, 9.7109337, 9.8120022, 9.8948669, 19.952833, 19.971403, 19.918362, 19.869900, 0.26264951, 0.30241916, 0.34513465, 0.34710902, 0.34811988, 0.34894860, 0.34976417, 0.34985703, 0.34959179, 0.34934950, 0.41200513
0.16752335, 1.0000000, 0.31711358, 0.40044487, 3.5652034, 9.4358883, 9.6646452, 9.7839813, 9.8807764, 19.945528, 19.961185, 19.906155, 19.866705, 0.25400403, 0.28564981, 0.34435594, 0.34664586, 0.34783950, 0.34880766, 0.34972763, 0.34980592, 0.34953076, 0.34933352, 0.31711358
0.15017095, 0.84739035, 0.25424254, 0.0000000, 2.5277197, 8.6623993, 9.6348181, 9.7631121, 9.8684130, 19.936991, 19.949118, 19.895546, 19.864372, 0.24999531, 0.27527574, 0.33662146, 0.34634760, 0.34763083, 0.34868404, 0.34968495, 0.34974557, 0.34947774, 0.34932187, 0.25424254
0.14124416, 0.73958975, 0.22189912, 0.0000000, 1.9237399, 7.7143102, 9.6345339, 9.7601280, 9.8643541, 19.929211, 19.936417, 19.886772, 19.862707, 0.24999531, 0.26923680, 0.32714188, 0.34634504, 0.34760115, 0.34864348, 0.34964606, 0.34968209, 0.34943387, 0.34931353, 0.22189912
0.35562706, 1.0000000, 0.99864864, 9.9812107, 9.9899282, 9.9948912, 9.9979963, 9.9989805, 9.9995136, 19.999849, 19.999964, 19.999964, 19.988020, 0.34980860, 0.34989721, 0.34994787, 0.34997976, 0.34998968, 0.34999511, 0.34999925, 0.34999982, 0.34999982, 0.34994009, 0.99864864
0.35297567, 1.0000000, 0.98904216, 9.8444595, 9.9174385, 9.9576817, 9.9891424, 9.9945211, 9.9978361, 19.999659, 19.999916, 19.999958, 19.988020, 0.34844083, 0.34917212, 0.34957570, 0.34989119, 0.34994510, 0.34997833, 0.34999830, 0.34999958, 0.34999979, 0.34994009, 0.98904216
0.34795868, 1.0000000, 0.97086465, 9.5980577, 9.7675333, 9.8727074, 9.9636087, 9.9813957, 9.9926291, 19.998848, 19.999706, 19.999207, 19.964733, 0.34597865, 0.34767413, 0.34872648, 0.34963596, 0.34981391, 0.34992626, 0.34999424, 0.34999853, 0.34999603, 0.34982365, 0.97086465
0.33804458, 1.0000000, 0.93494403, 8.9919958, 9.6291761, 9.7841654, 9.9250946, 9.9607353, 9.9837723, 19.997025, 19.999229, 19.996529, 19.943308, 0.33991972, 0.34629160, 0.34784156, 0.34925091, 0.34960735, 0.34983772, 0.34998512, 0.34999615, 0.34998265, 0.34971654, 0.93494403
0.33035398, 1.0000000, 0.90707964, 8.4428463, 9.6261234, 9.7711411, 9.9018288, 9.9465475, 9.9766817, 19.995066, 19.998714, 19.991201, 19.924597, 0.33442488, 0.34625879, 0.34771016, 0.34901804, 0.34946537, 0.34976679, 0.34997532, 0.34999359, 0.34995601, 0.34962299, 0.90707964
0.35599273, 1.0000000, 0.99997365, 9.9996624, 9.9997969, 9.9998951, 9.9999790, 9.9999876, 9.9999962, 19.999998, 19.999998, 19.999996, 19.993994, 0.34999639, 0.34999782, 0.34999886, 0.34999976, 0.34999987, 0.34999996, 0.34999999, 0.34999999, 0.34999996, 0.34996998, 0.99997365
0.35599834, 1.0000000, 0.99999392, 9.9999428, 9.9999666, 9.9999819, 9.9999933, 9.9999990, 9.9999990, 19.999998, 19.999998, 19.999998, 19.996996, 0.34999916, 0.34999949, 0.34999973, 0.34999990, 0.34999999, 0.34999999, 0.34999999, 0.34999999, 0.34999999, 0.34998497, 0.99999392
0.35599923, 1.0000000, 0.99999726, 9.9999876, 9.9999933, 9.9999962, 9.9999990, 9.9999990, 9.9999990, 19.999998, 19.999998, 19.999998, 19.997997, 0.34999961, 0.34999979, 0.34999987, 0.34999996, 0.34999999, 0.34999999, 0.34999999, 0.34999999, 0.34999999, 0.34998998, 0.99999726
0.32144350, 1.0000000, 0.87479514, 7.9392853, 9.4408112, 9.6706133, 9.8840294, 9.9392452, 9.9746122, 19.995047, 19.998711, 19.999384, 19.974194, 0.32939273, 0.34440801, 0.34670609, 0.34884030, 0.34939244, 0.34974611, 0.34997523, 0.34999356, 0.34999692, 0.34987098, 0.87479514
0.28579462, 1.0000000, 0.74563265, 5.4313121, 9.3662720, 9.5923738, 9.7992334, 9.8870811, 9.9484606, 19.987770, 19.996798, 19.997221, 19.951794, 0.30431208, 0.34366164, 0.34592319, 0.34799221, 0.34887075, 0.34948459, 0.34993884, 0.34998399, 0.34998611, 0.34975898, 0.74563265
0.24633545, 1.0000000, 0.60266465, 2.9106946, 8.8582392, 9.5004883, 9.7256193, 9.8369360, 9.9207516, 19.979033, 19.994438, 19.992561, 19.931763, 0.27910551, 0.33857977, 0.34500349, 0.34725589, 0.34836921, 0.34920746, 0.34989518, 0.34997219, 0.34996280, 0.34965882, 0.60266465
0.21130989, 1.0000000, 0.47576046, 1.6803920, 6.7148457, 9.4432888, 9.6714363, 9.7961502, 9.8957148, 19.969448, 19.991665, 19.984924, 19.914759, 0.26680323, 0.31714678, 0.34443173, 0.34671414, 0.34796137, 0.34895712, 0.34984726, 0.34995833, 0.34992462, 0.34957379, 0.47576046
0.18300962, 1.0000000, 0.37322327, 0.77464581, 4.8083510, 9.4434814, 9.6595688, 9.7822227, 9.8840103, 19.962097, 19.989025, 19.974611, 19.900934, 0.25774619, 0.29808253, 0.34443381, 0.34659550, 0.34782213, 0.34884009, 0.34981048, 0.34994513, 0.34987307, 0.34950468, 0.37322327
0.15587485, 0.91627115, 0.27490884, 0.0000000, 2.9781461, 9.1418018, 9.6240520, 9.7574892, 9.8686695, 19.953112, 19.985176, 19.961929, 19.889988, 0.24998751, 0.27978048, 0.34141651, 0.34624019, 0.34757474, 0.34868664, 0.34976557, 0.34992588, 0.34980965, 0.34944993, 0.27490884
0.14420095, 0.77529627, 0.23261215, 0.0000000, 2.1712570, 7.9412627, 9.6060324, 9.7432833, 9.8586540, 19.944624, 19.980185, 19.947912, 19.881603, 0.24998751, 0.27171141, 0.32941049, 0.34605983, 0.34743255, 0.34858644, 0.34972313, 0.34990093, 0.34973955, 0.34940803, 0.23261215
0.13452491, 0.65844762, 0.19755405, 0.0000000, 1.5598565, 6.8269711, 9.6083498, 9.7428141, 9.8573217, 19.939798, 19.974472, 19.933798, 19.875338, 0.24998751, 0.26559639, 0.31826496, 0.34608215, 0.34742746, 0.34857297, 0.34969899, 0.34987235, 0.34966898, 0.34937668, 0.19755405
0.17216372, 1.0000000, 0.33392656, 1.8695295, 2.4510531, 7.8921843, 9.6565418, 9.7706661, 9.8687925, 19.937275, 19.967533, 19.920389, 19.870735, 0.26869270, 0.27450848, 0.32891858, 0.34656462, 0.34770626, 0.34868777, 0.34968638, 0.34983766, 0.34960195, 0.34935367, 0.33392656
0.23820287, 1.0000000, 0.57319880, 2.8351336, 8.0292196, 9.4517908, 9.7156038, 9.8059483, 9.8844500, 19.936089, 19.959200, 19.908306, 19.867388, 0.27835053, 0.33029082, 0.34451711, 0.34715587, 0.34805939, 0.34884447, 0.34968045, 0.34979600, 0.34954154, 0.34933692, 0.57319880
0.23393381, 1.0000000, 0.55773115, 2.7324052, 7.5611506, 9.6814442, 9.7799873, 9.8446302, 9.9030876, 19.937199, 19.950102, 19.897999, 19.865000, 0.27732372, 0.32561097, 0.34681410, 0.34779981, 0.34844628, 0.34903088, 0.34968600, 0.34975052, 0.34948999, 0.34932500, 0.55773115
0.19441146, 1.0000000, 0.41453427, 1.2725651, 5.3578057, 9.4407701, 9.6623383, 9.7804012, 9.8741646, 19.926111, 19.936893, 19.888594, 19.863102, 0.26272351, 0.30357265, 0.34440294, 0.34662241, 0.34780350, 0.34874147, 0.34963056, 0.34968448, 0.34944296, 0.34931552, 0.41453427
0.15224791, 0.87247187, 0.26176775, 0.0000000, 2.8791606, 8.4826822, 9.5576048, 9.7124968, 9.8400049, 19.912657, 19.922815, 19.880787, 19.861713, 0.24986352, 0.27878994, 0.33482435, 0.34557548, 0.34712470, 0.34839997, 0.34956330, 0.34961408, 0.34940392, 0.34930855, 0.26176775
0.13470659, 0.66064137, 0.19821224, 0.0000000, 1.7018646, 6.6125841, 9.5157070, 9.6813049, 9.8209724, 19.900295, 19.909523, 19.874651, 19.860714, 0.24986352, 0.26701668, 0.31612203, 0.34515598, 0.34681249, 0.34820956, 0.34950149, 0.34954762, 0.34937325, 0.34930357, 0.19821224
0.11517390, 0.42476305, 0.12744166, 0.0000000, 0.51061809, 4.2995338, 9.4339514, 9.6254377, 9.7898932, 19.884312, 19.896336, 19.869600, 19.859951, 0.24986352, 0.25510570, 0.29299328, 0.34433863, 0.34625393, 0.34789878, 0.34942156, 0.34948167, 0.34934801, 0.34929976, 0.12744166
0.10311323, 0.27911744, 0.83743609E-1, 0.0000000, 0.0000000, 2.5524616, 8.7394743, 9.5768461, 9.7615747, 19.868607, 19.884600, 19.865675, 19.859398, 0.24986352, 0.24993692, 0.27552021, 0.33739173, 0.34576678, 0.34761518, 0.34934303, 0.34942299, 0.34932837, 0.34929699, 0.83743609E-1
0.97818568E-1, 0.21517864, 0.64560048E-1, 0.0000000, 0.0000000, 1.5248686, 7.5031681, 9.5498505, 9.7439575, 19.854822, 19.874771, 19.862701, 19.858980, 0.24986352, 0.24993692, 0.26523855, 0.32502171, 0.34549215, 0.34743744, 0.34927410, 0.34937385, 0.34931350, 0.34929490, 0.64560048E-1
0.22042237, 1.0000000, 0.50877666, 2.4871736, 6.6572351, 9.1365871, 9.4250393, 9.6807566, 9.8017044, 19.852989, 19.869478, 19.861177, 19.858839, 0.27486783, 0.31656611, 0.34136158, 0.34424949, 0.34680712, 0.34801689, 0.34926495, 0.34934738, 0.34930590, 0.34929419, 0.50877666
0.16000485, 0.96614540, 0.28987262, 0.46367645, 2.9653521, 8.6606922, 9.4828796, 9.6541662, 9.7899904, 19.841909, 19.862972, 19.859463, 19.858622, 0.25463650, 0.27965245, 0.33660534, 0.34482843, 0.34654149, 0.34789985, 0.34920955, 0.34931487, 0.34929731, 0.34929311, 0.28987262
0.13246664, 0.63359177, 0.19009654, 0.0000000, 1.5695781, 6.3534408, 9.4599247, 9.6340809, 9.7790327, 19.833202, 19.857994, 19.858196, 19.858486, 0.24993375, 0.26569372, 0.31353027, 0.34459803, 0.34634018, 0.34779012, 0.34916601, 0.34928995, 0.34929097, 0.34929243, 0.19009654
0.16375995, 1.0000000, 0.30347803, 1.6339988, 2.3973167, 6.7971869, 9.5118790, 9.6644030, 9.7911797, 19.830320, 19.855242, 19.857533, 19.858452, 0.26633719, 0.27397069, 0.31796837, 0.34511781, 0.34664354, 0.34791163, 0.34915161, 0.34927621, 0.34928766, 0.34929225, 0.30347803
0.18320949, 1.0000000, 0.37394744, 1.6957819, 3.3936675, 9.2823057, 9.5592613, 9.6945171, 9.8049364, 19.830082, 19.853781, 19.857250, 19.858458, 0.26695707, 0.28393579, 0.34282184, 0.34559235, 0.34694505, 0.34804934, 0.34915042, 0.34926891, 0.34928626, 0.34929228, 0.37394744
0.35596180, 1.0000000, 0.99986160, 9.9983454, 9.9990072, 9.9995050, 9.9999008, 9.9999514, 9.9999847, 19.999998, 19.999998, 19.999998, 19.994993, 0.34998095, 0.34998858, 0.34999430, 0.34999886, 0.34999943, 0.34999982, 0.34999999, 0.34999999, 0.34999999, 0.34997496, 0.99986160
0.34098828, 1.0000000, 0.94560963, 9.1820278, 9.6577387, 9.8001060, 9.9424295, 9.9704857, 9.9884405, 19.998323, 19.999557, 19.999855, 19.986019, 0.34181988, 0.34657714, 0.34800094, 0.34942427, 0.34970486, 0.34988439, 0.34999162, 0.34999779, 0.34999928, 0.34993011, 0.94560963
0.35435838, 1.0000000, 0.99405205, 9.9331408, 9.9514885, 9.9283047, 9.9822369, 9.9910212, 9.9965906, 19.999582, 19.999880, 19.999964, 19.988997, 0.34933060, 0.34951442, 0.34928280, 0.34982231, 0.34991017, 0.34996590, 0.34999791, 0.34999940, 0.34999982, 0.34994498, 0.99405205
0.32592428, 1.0000000, 0.89102989, 8.3259344, 9.3732767, 9.6102142, 9.8429070, 9.9158478, 9.9640741, 19.992771, 19.998104, 19.998846, 19.965565, 0.33325896, 0.34373251, 0.34610200, 0.34842905, 0.34915847, 0.34964073, 0.34996384, 0.34999052, 0.34999424, 0.34982783, 0.89102989
0.26166707, 1.0000000, 0.65821403, 3.8479235, 9.1741276, 9.4517431, 9.7056608, 9.8289843, 9.9198656, 19.980633, 19.994886, 19.995543, 19.943882, 0.28847900, 0.34174091, 0.34451726, 0.34705657, 0.34828982, 0.34919864, 0.34990317, 0.34997442, 0.34997770, 0.34971941, 0.65821403
0.20494902, 1.0000000, 0.45271385, 1.3921529, 6.4850044, 9.3451719, 9.6050911, 9.7556820, 9.8760910, 19.965075, 19.990597, 19.989304, 19.924852, 0.26392102, 0.31484863, 0.34345070, 0.34605071, 0.34755674, 0.34876087, 0.34982538, 0.34995300, 0.34994653, 0.34962428, 0.45271385
0.15990201, 0.96490359, 0.28950003, 0.90226531E-1, 3.2459233, 9.2955790, 9.5612583, 9.7186508, 9.8513641, 19.953779, 19.987047, 19.980375, 19.909039, 0.25090218, 0.28245738, 0.34295318, 0.34561205, 0.34718624, 0.34851354, 0.34976891, 0.34993523, 0.34990188, 0.34954518, 0.28950003
0.15522842, 0.90846491, 0.27256674, 0.79553723, 2.1317334, 8.0428886, 9.5712318, 9.7198181, 9.8476305, 19.946846, 19.984039, 19.969109, 19.896353, 0.25795382, 0.27131483, 0.33042419, 0.34571117, 0.34719762, 0.34847611, 0.34973425, 0.34992021, 0.34984553, 0.34948176, 0.27256674
0.35599929, 1.0000000, 0.99999738, 9.9999990, 9.9999990, 9.9999990, 9.9999990, 9.9999990, 9.9999990, 19.999998, 19.999998, 19.999998, 19.998999, 0.34999964, 0.34999979, 0.34999987, 0.34999996, 0.34999999, 0.34999999, 0.34999999, 0.34999999, 0.34999999, 0.34999499, 0.99999738
0.33247250, 1.0000000, 0.91475546, 8.6800203, 9.5114374, 9.7181225, 9.9094572, 9.9530230, 9.9810658, 19.996851, 19.999182, 19.999548, 19.975191, 0.33679900, 0.34511358, 0.34718081, 0.34909448, 0.34953019, 0.34981066, 0.34998426, 0.34999591, 0.34999773, 0.34987596, 0.91475546
0.34506512, 1.0000000, 0.96038085, 9.4058714, 9.7440042, 9.8625364, 9.9639196, 9.9803057, 9.9915571, 19.998878, 19.999706, 19.999878, 19.986019, 0.34405479, 0.34743759, 0.34862414, 0.34963897, 0.34980294, 0.34991553, 0.34999439, 0.34999853, 0.34999940, 0.34993011, 0.96038085
0.35166031, 1.0000000, 0.98427647, 9.7762194, 9.8814373, 9.9391031, 9.9865179, 9.9932175, 9.9976101, 19.999868, 19.999964, 19.999977, 19.990009, 0.34776050, 0.34881333, 0.34939054, 0.34986508, 0.34993210, 0.34997606, 0.34999934, 0.34999982, 0.34999987, 0.34995005, 0.98427647
0.35463840, 1.0000000, 0.99506664, 9.9314337, 9.9604263, 9.9800434, 9.9959631, 9.9979725, 9.9993258, 19.999998, 19.999998, 19.999983, 19.990009, 0.34931391, 0.34960401, 0.34980032, 0.34995961, 0.34997973, 0.34999326, 0.34999999, 0.34999999, 0.34999990, 0.34995005, 0.99506664
0.35099101, 1.0000000, 0.98185140, 9.7878990, 9.8035517, 9.8967209, 9.9745674, 9.9871387, 9.9952030, 19.999487, 19.999863, 19.999945, 19.988003, 0.34787858, 0.34803528, 0.34896708, 0.34974566, 0.34987140, 0.34995204, 0.34999743, 0.34999931, 0.34999973, 0.34994000, 0.98185140
0.30866346, 1.0000000, 0.82849079, 7.1575727, 9.2723131, 9.5461235, 9.8106680, 9.8977842, 9.9563570, 19.991461, 19.997765, 19.998693, 19.964603, 0.32157496, 0.34272254, 0.34546095, 0.34810662, 0.34897780, 0.34956357, 0.34995729, 0.34998882, 0.34999347, 0.34982303, 0.82849079
0.24996425, 1.0000000, 0.61581248, 3.0075631, 9.1661243, 9.4451160, 9.6981840, 9.8231544, 9.9166689, 19.980145, 19.994747, 19.995337, 19.943043, 0.28007448, 0.34165913, 0.34445006, 0.34698159, 0.34823143, 0.34916666, 0.34990072, 0.34997374, 0.34997669, 0.34971520, 0.61581248
0.20451048, 1.0000000, 0.45112488, 1.3753086, 6.4384398, 9.3823500, 9.6289177, 9.7694902, 9.8828526, 19.967480, 19.991253, 19.989191, 19.924183, 0.26375240, 0.31438246, 0.34382206, 0.34628889, 0.34769475, 0.34882846, 0.34983739, 0.34995627, 0.34994596, 0.34962091, 0.45112488
0.34842455, 1.0000000, 0.97255272, 9.5994501, 9.8071499, 9.8988724, 9.9759626, 9.9878588, 9.9955816, 19.999622, 19.999903, 19.999361, 19.961420, 0.34599110, 0.34806943, 0.34898767, 0.34975943, 0.34987846, 0.34995580, 0.34999812, 0.34999952, 0.34999681, 0.34980708, 0.97255272
0.34568363, 1.0000000, 0.96262169, 9.5740519, 9.5894718, 9.7665215, 9.9328651, 9.9655323, 9.9866934, 19.998264, 19.999546, 19.999840, 19.985031, 0.34574008, 0.34589446, 0.34766510, 0.34932861, 0.34965533, 0.34986693, 0.34999132, 0.34999773, 0.34999919, 0.34992516, 0.96262169
0.32610235, 1.0000000, 0.89167511, 8.3428774, 9.3695745, 9.6073856, 9.8335638, 9.9095707, 9.9614716, 19.992729, 19.998104, 19.998583, 19.961842, 0.33342710, 0.34369463, 0.34607330, 0.34833550, 0.34909564, 0.34961468, 0.34996364, 0.34999052, 0.34999293, 0.34980920, 0.89167511
0.27824652, 1.0000000, 0.71828449, 4.9591670, 9.2827492, 9.5250454, 9.7454472, 9.8516169, 9.9309301, 19.984304, 19.995867, 19.995127, 19.940622, 0.29959044, 0.34282613, 0.34524977, 0.34745434, 0.34851611, 0.34930927, 0.34992152, 0.34997934, 0.34997565, 0.34970310, 0.71828449
0.32124582, 1.0000000, 0.87407905, 8.0728579, 9.2922916, 9.5205793, 9.7212896, 9.8285484, 9.9146738, 19.978222, 19.994154, 19.989109, 19.922249, 0.33072788, 0.34292245, 0.34520555, 0.34721285, 0.34828547, 0.34914672, 0.34989113, 0.34997076, 0.34994555, 0.34961125, 0.87407905
0.34358901, 1.0000000, 0.95503253, 9.3207970, 9.7152348, 9.8464403, 9.9605923, 9.9799862, 9.9925308, 19.999212, 19.999796, 19.999928, 19.988997, 0.34320673, 0.34715158, 0.34846401, 0.34960583, 0.34979984, 0.34992531, 0.34999606, 0.34999898, 0.34999964, 0.34994498, 0.95503253
0.27883929, 1.0000000, 0.72043210, 5.0518560, 9.2109842, 9.4956808, 9.7677078, 9.8720140, 9.9435730, 19.987804, 19.996817, 19.998510, 19.965483, 0.30051765, 0.34210885, 0.34495628, 0.34767696, 0.34872007, 0.34943572, 0.34993902, 0.34998408, 0.34999254, 0.34982741, 0.72043210
0.22183660, 1.0000000, 0.51390070, 2.1872520, 7.1701722, 9.3913841, 9.6493263, 9.7892160, 9.8978405, 19.974268, 19.993168, 19.995062, 19.943781, 0.27187109, 0.32169887, 0.34391201, 0.34649289, 0.34789199, 0.34897834, 0.34987134, 0.34996584, 0.34997532, 0.34971890, 0.51390070
0.20733875, 1.0000000, 0.46137226, 2.7576656, 4.4700084, 9.3979969, 9.6216478, 9.7594242, 9.8747797, 19.963860, 19.990175, 19.989147, 19.924839, 0.27757427, 0.29469776, 0.34397751, 0.34621596, 0.34759396, 0.34874770, 0.34981930, 0.34995088, 0.34994572, 0.34962419, 0.46137226
0.33322340, 1.0000000, 0.91747600, 8.8964262, 9.3585968, 9.5428305, 9.7028875, 9.8023405, 9.8904066, 19.962376, 19.989252, 19.980936, 19.909174, 0.33896384, 0.34358570, 0.34542817, 0.34702885, 0.34802341, 0.34890407, 0.34981188, 0.34994626, 0.34990469, 0.34954587, 0.91747600
0.35597980, 1.0000000, 0.99992669, 9.9992189, 9.9995289, 9.9997673, 9.9999514, 9.9999790, 9.9999933, 19.999998, 19.999998, 19.999996, 19.993994, 0.34998992, 0.34999391, 0.34999698, 0.34999937, 0.34999973, 0.34999990, 0.34999999, 0.34999999, 0.34999996, 0.34996998, 0.99992669
0.35388094, 1.0000000, 0.99232215, 9.9746027, 9.8939714, 9.8015480, 9.9360905, 9.9671335, 9.9873972, 19.998461, 19.999594, 19.999500, 19.970406, 0.34974560, 0.34893945, 0.34801537, 0.34936088, 0.34967133, 0.34987396, 0.34999231, 0.34999797, 0.34999749, 0.34985203, 0.99232215
0.30194357, 1.0000000, 0.80414331, 6.6700249, 9.2794962, 9.5387430, 9.7916508, 9.8856468, 9.9503689, 19.990074, 19.997400, 19.996937, 19.948318, 0.31669992, 0.34279469, 0.34538728, 0.34791648, 0.34885648, 0.34950370, 0.34995037, 0.34998700, 0.34998468, 0.34974158, 0.80414331
0.23864864, 1.0000000, 0.57481384, 2.7694166, 8.2192469, 9.4090338, 9.6655283, 9.8009081, 9.9045820, 19.976759, 19.993828, 19.991480, 19.928694, 0.27769247, 0.33218947, 0.34408861, 0.34665492, 0.34800890, 0.34904575, 0.34988379, 0.34996915, 0.34995741, 0.34964347, 0.57481384
0.20163345, 1.0000000, 0.44070089, 1.4276117, 6.0134916, 9.3679190, 9.6135244, 9.7571316, 9.8747606, 19.964355, 19.990232, 19.983158, 19.912176, 0.26427504, 0.31013218, 0.34367707, 0.34613481, 0.34757110, 0.34874752, 0.34982178, 0.34995115, 0.34991580, 0.34956089, 0.44070089
0.15924542, 0.95697457, 0.28712109, 0.12210608, 3.0957551, 9.3269529, 9.5767632, 9.7269192, 9.8537903, 19.952875, 19.986326, 19.972099, 19.898790, 0.25122097, 0.28095600, 0.34326720, 0.34576714, 0.34726894, 0.34853780, 0.34976438, 0.34993163, 0.34986049, 0.34949395, 0.28712109
0.14083639, 0.73466539, 0.22042167, 0.0000000, 1.8994719, 7.6898236, 9.5433807, 9.7024918, 9.8385391, 19.943127, 19.981915, 19.959024, 19.888319, 0.24998868, 0.26899263, 0.32689402, 0.34543276, 0.34702438, 0.34838521, 0.34971565, 0.34990957, 0.34979513, 0.34944159, 0.22042167
0.12705950, 0.56829470, 0.17050546, 0.0000000, 1.0524452, 6.0605149, 9.5294065, 9.6910257, 9.8302670, 19.934580, 19.976410, 19.944860, 19.880306, 0.24998868, 0.26052243, 0.31059933, 0.34529224, 0.34690934, 0.34830233, 0.34967291, 0.34988207, 0.34972429, 0.34940153, 0.17050546
0.11234336, 0.39058128, 0.11718611, 0.0000000, 0.23150146, 4.1638284, 9.4701900, 9.6522694, 9.8099718, 19.924635, 19.968754, 19.930397, 19.874266, 0.24998868, 0.25231445, 0.29163313, 0.34469956, 0.34652150, 0.34809929, 0.34962317, 0.34984377, 0.34965199, 0.34937131, 0.11718611
0.10398120, 0.28959903, 0.86888395E-1, 0.0000000, 0.0000000, 2.7257471, 8.8981190, 9.6134481, 9.7896118, 19.916550, 19.959600, 19.916777, 19.869829, 0.24998868, 0.24998417, 0.27725339, 0.33897853, 0.34613305, 0.34789565, 0.34958273, 0.34979799, 0.34958389, 0.34934914, 0.86888395E-1
0.99070832E-1, 0.23030104, 0.69097221E-1, 0.0000000, 0.0000000, 1.7636180, 7.7974372, 9.5809488, 9.7708206, 19.909006, 19.948816, 19.904547, 19.866575, 0.24998868, 0.24998417, 0.26763284, 0.32797143, 0.34580767, 0.34770757, 0.34954503, 0.34974408, 0.34952274, 0.34933287, 0.69097221E-1
0.94248846E-1, 0.17207034, 0.51626265E-1, 0.0000000, 0.0000000, 0.88053048, 6.4250865, 9.5190353, 9.7379627, 19.900614, 19.936546, 19.893946, 19.864212, 0.24998868, 0.24998417, 0.25880319, 0.31424776, 0.34518805, 0.34737885, 0.34950307, 0.34968275, 0.34946972, 0.34932107, 0.51626265E-1
0.90641670E-1, 0.12850976, 0.38556784E-1, 0.0000000, 0.0000000, 0.29960275, 4.9934320, 9.4859667, 9.7184000, 19.893208, 19.923973, 19.885216, 19.862518, 0.24998868, 0.24998417, 0.25299415, 0.29992804, 0.34485367, 0.34718195, 0.34946603, 0.34961987, 0.34942609, 0.34931260, 0.38556784E-1
0.16492674, 1.0000000, 0.30770558, 1.7672420, 2.1778374, 7.1721411, 9.0392561, 9.6477575, 9.7916546, 19.889883, 19.912754, 19.878460, 19.861362, 0.26766598, 0.27177361, 0.32171357, 0.34039059, 0.34647653, 0.34791619, 0.34944943, 0.34956378, 0.34939229, 0.34930682, 0.30770558
0.35596454, 1.0000000, 0.99987149, 9.9990578, 9.9994364, 9.9997129, 9.9999428, 9.9999723, 9.9999905, 19.999998, 19.999998, 19.999998, 19.994993, 0.34998232, 0.34998941, 0.34999466, 0.34999892, 0.34999949, 0.34999982, 0.34999999, 0.34999999, 0.34999999, 0.34997496, 0.99987149
0.35544366, 1.0000000, 0.99798417, 9.9998550, 9.9960794, 9.8827562, 9.9711952, 9.9854202, 9.9946165, 19.999468, 19.999868, 19.999945, 19.988003, 0.34999558, 0.34995905, 0.34882671, 0.34971178, 0.34985411, 0.34994614, 0.34999734, 0.34999934, 0.34999973, 0.34994000, 0.99798417
0.31928447, 1.0000000, 0.86697263, 7.7907348, 9.4319668, 9.6629744, 9.8815527, 9.9378080, 9.9743567, 19.995369, 19.998800, 19.999636, 19.983984, 0.32790652, 0.34431908, 0.34662944, 0.34881547, 0.34937805, 0.34974357, 0.34997684, 0.34999400, 0.34999818, 0.34991992, 0.86697263
0.30395257, 1.0000000, 0.81142235, 6.7708035, 9.3252583, 9.5854139, 9.8354664, 9.9119940, 9.9625568, 19.992508, 19.998056, 19.999393, 19.981979, 0.31770650, 0.34325132, 0.34585348, 0.34835452, 0.34911987, 0.34962553, 0.34996253, 0.34999028, 0.34999698, 0.34990990, 0.81142235
0.23944652, 1.0000000, 0.57770479, 2.8375955, 8.1975384, 9.4131470, 9.6804600, 9.8133812, 9.9126024, 19.979233, 19.994553, 19.997398, 19.958866, 0.27837458, 0.33197302, 0.34413010, 0.34680432, 0.34813365, 0.34912598, 0.34989616, 0.34997275, 0.34998700, 0.34979433, 0.57770479
0.20137748, 1.0000000, 0.43977341, 1.5951484, 5.6874890, 9.3925333, 9.6425104, 9.7779236, 9.8886147, 19.970909, 19.992222, 19.993603, 19.937981, 0.26594898, 0.30686957, 0.34392092, 0.34642422, 0.34777880, 0.34888598, 0.34985453, 0.34996110, 0.34996802, 0.34968990, 0.43977341
0.16514152, 1.0000000, 0.30848375, 0.51558912, 3.1389613, 9.3451996, 9.6041155, 9.7478819, 9.8687506, 19.962440, 19.989702, 19.986979, 19.919977, 0.25515544, 0.28138795, 0.34344950, 0.34604064, 0.34747854, 0.34868741, 0.34981221, 0.34994853, 0.34993488, 0.34959990, 0.30848375
0.14193019, 0.74787450, 0.22438478, 0.0000000, 1.9614667, 7.8258100, 9.5586662, 9.7152386, 9.8485394, 19.952543, 19.986401, 19.977358, 19.905069, 0.24991791, 0.26961151, 0.32825181, 0.34558514, 0.34715161, 0.34848514, 0.34976271, 0.34993201, 0.34988678, 0.34952533, 0.22438478
0.12657556, 0.56245047, 0.16875201, 0.0000000, 1.0266423, 5.9995337, 9.5124216, 9.6828451, 9.8296070, 19.942736, 19.982389, 19.965242, 19.893175, 0.24991791, 0.26026428, 0.30998906, 0.34512222, 0.34682745, 0.34829572, 0.34971368, 0.34991196, 0.34982622, 0.34946588, 0.16875201
0.11337280, 0.40301284, 0.12091594, 0.0000000, 0.30337870, 4.2633891, 9.4901276, 9.6654062, 9.8179579, 19.933973, 19.977449, 19.951515, 19.883993, 0.24991791, 0.25303286, 0.29262733, 0.34489834, 0.34665257, 0.34817907, 0.34966987, 0.34988725, 0.34975758, 0.34941995, 0.12091594
0.10513688, 0.30355513, 0.91075651E-1, 0.0000000, 0.0000000, 2.9493511, 9.1601839, 9.6496754, 9.8085651, 19.926523, 19.971266, 19.937218, 19.877062, 0.24991791, 0.24997345, 0.27947974, 0.34159330, 0.34649226, 0.34808412, 0.34963262, 0.34985632, 0.34968609, 0.34938532, 0.91075651E-1
0.10054554, 0.24810971, 0.74440360E-1, 0.0000000, 0.0000000, 2.0371170, 8.2018518, 9.6042147, 9.7859755, 19.918886, 19.963179, 19.923201, 19.871901, 0.24991791, 0.24997345, 0.27035949, 0.33200911, 0.34603664, 0.34785786, 0.34959441, 0.34981591, 0.34961599, 0.34935951, 0.74440360E-1
0.97064257E-1, 0.20606941, 0.61827008E-1, 0.0000000, 0.0000000, 1.3783246, 7.2884860, 9.6041956, 9.7830267, 19.913446, 19.953854, 19.910400, 19.868130, 0.24991791, 0.24997345, 0.26377749, 0.32287875, 0.34603792, 0.34782889, 0.34956723, 0.34976926, 0.34955201, 0.34934065, 0.61827008E-1
0.35234421, 1.0000000, 0.98675436, 9.8130713, 9.8985415, 9.9481401, 9.9888783, 9.9944201, 9.9980650, 19.999933, 19.999981, 19.999983, 19.990009, 0.34812593, 0.34898251, 0.34947994, 0.34988847, 0.34994406, 0.34998059, 0.34999967, 0.34999990, 0.34999990, 0.34995005, 0.98675436
0.33749056, 1.0000000, 0.93293679, 9.0496311, 9.5094490, 9.7031336, 9.9056978, 9.9510393, 9.9810724, 19.997681, 19.999392, 19.999237, 19.966581, 0.34049502, 0.34509370, 0.34703091, 0.34905690, 0.34951037, 0.34981072, 0.34998840, 0.34999695, 0.34999618, 0.34983289, 0.93293679
0.29385972, 1.0000000, 0.77485406, 6.0754061, 9.2891884, 9.5492258, 9.7944279, 9.8863401, 9.9507647, 19.990602, 19.997549, 19.996384, 19.944878, 0.31075189, 0.34288988, 0.34549120, 0.34794408, 0.34886327, 0.34950760, 0.34995300, 0.34998775, 0.34998190, 0.34972438, 0.77485406
0.23644163, 1.0000000, 0.56681746, 2.7374268, 8.0015078, 9.4149199, 9.6763411, 9.8079891, 9.9094219, 19.979639, 19.994633, 19.990637, 19.925781, 0.27737269, 0.33001232, 0.34414759, 0.34676307, 0.34807971, 0.34909415, 0.34989819, 0.34997317, 0.34995317, 0.34962890, 0.56681746
0.18819217, 1.0000000, 0.39200062, 1.1352152, 4.8949838, 9.3364849, 9.6009874, 9.7508783, 9.8741484, 19.967600, 19.991159, 19.981867, 19.909790, 0.26135075, 0.29894623, 0.34336138, 0.34600917, 0.34750843, 0.34874135, 0.34983799, 0.34995580, 0.34990934, 0.34954894, 0.39200062
0.15597257, 0.91745132, 0.27526292, 0.14559329, 2.9356213, 8.7748013, 9.5917330, 9.7369404, 9.8607349, 19.959127, 19.988049, 19.970642, 19.896933, 0.25145566, 0.27935302, 0.33774328, 0.34591630, 0.34736887, 0.34860718, 0.34979564, 0.34994024, 0.34985322, 0.34948465, 0.27526292
0.14098763, 0.73649204, 0.22096971, 0.0000000, 2.0661533, 7.3827386, 9.5803699, 9.7266617, 9.8520241, 19.951010, 19.984064, 19.957449, 19.886915, 0.24998960, 0.27065930, 0.32382339, 0.34580266, 0.34726608, 0.34852007, 0.34975505, 0.34992033, 0.34978724, 0.34943458, 0.22096971
0.12946117, 0.59729731, 0.17920712, 0.0000000, 1.3425052, 6.0500965, 9.5674686, 9.7174921, 9.8461075, 19.944349, 19.979053, 19.943333, 19.879316, 0.24998960, 0.26342186, 0.31049380, 0.34567243, 0.34717375, 0.34846070, 0.34972173, 0.34989527, 0.34971666, 0.34939659, 0.17920712
0.11998852, 0.48290488, 0.14488596, 0.13690889, 0.70264935, 4.5925450, 9.5424004, 9.7002459, 9.8372250, 19.938835, 19.972569, 19.929253, 19.873634, 0.25136834, 0.25702417, 0.29591784, 0.34542084, 0.34700084, 0.34837171, 0.34969419, 0.34986284, 0.34964627, 0.34936816, 0.14488596
0.11158425, 0.38141415, 0.11443569, 0.90897083E-2, 0.39809346, 3.5893524, 9.5732441, 9.7191105, 9.8460932, 19.937563, 19.965338, 19.916271, 19.869505, 0.25009081, 0.25397879, 0.28588387, 0.34572729, 0.34718847, 0.34846005, 0.34968781, 0.34982669, 0.34958136, 0.34934753, 0.11443569
0.10363762, 0.28544989, 0.85643537E-1, 0.0000000, 0.0000000, 2.6056619, 9.0513306, 9.6675034, 9.8225498, 19.931957, 19.955259, 19.904377, 19.866423, 0.24999999, 0.24998972, 0.27605215, 0.34051019, 0.34667337, 0.34822494, 0.34965980, 0.34977630, 0.34952188, 0.34933212, 0.85643537E-1
0.10179734, 0.26322666, 0.78975894E-1, 0.0000000, 0.0000000, 2.2517533, 8.5728312, 9.7120142, 9.8401051, 19.930355, 19.944967, 19.894461, 19.864271, 0.24999999, 0.24998972, 0.27251366, 0.33572537, 0.34711847, 0.34840047, 0.34965178, 0.34972483, 0.34947231, 0.34932137, 0.78975894E-1
0.99409893E-1, 0.23439559, 0.70325710E-1, 0.0000000, 0.0000000, 1.7912269, 8.0038042, 9.6902885, 9.8314295, 19.925440, 19.933203, 19.886078, 19.862659, 0.24999999, 0.24998972, 0.26790944, 0.33003551, 0.34690133, 0.34831378, 0.34962720, 0.34966600, 0.34943038, 0.34931329, 0.70325710E-1
0.11058255, 0.36931753, 0.11080635, 0.96725523, 0.0000000, 1.3837248, 7.4196038, 9.6831818, 9.8262768, 19.919035, 19.921122, 19.879276, 19.861509, 0.25967100, 0.24998972, 0.26383659, 0.32419533, 0.34683135, 0.34826261, 0.34959519, 0.34960562, 0.34939638, 0.34930754, 0.11080635
0.13213274, 0.62955940, 0.18888672, 1.3716012, 2.1090031, 1.1082739, 6.9792686, 9.7102146, 9.8358526, 19.911264, 19.909407, 19.873871, 19.860680, 0.26371497, 0.27108908, 0.26108247, 0.31979236, 0.34710193, 0.34835842, 0.34955633, 0.34954703, 0.34936935, 0.34930339, 0.18888672
0.11051343, 0.36848289, 0.11055592, 0.37486553, 1.3504714, 0.82222223, 6.5023694, 9.7016401, 9.8317556, 19.902662, 19.898615, 19.869673, 19.860085, 0.25374785, 0.26350302, 0.25822169, 0.31502286, 0.34701577, 0.34831735, 0.34951332, 0.34949309, 0.34934837, 0.34930041, 0.11055592
0.14422530, 0.77559036, 0.23270038, 1.8208414, 2.1262527, 2.6507437, 6.1967058, 9.7431850, 9.8495064, 19.897707, 19.890211, 19.866739, 19.859728, 0.26820585, 0.27126074, 0.27650630, 0.31196654, 0.34743142, 0.34849492, 0.34948853, 0.34945107, 0.34933370, 0.34929866, 0.23270038
0.12009700, 0.48421487, 0.14527899, 0.67122579, 1.3908416, 2.2092223, 5.7884970, 9.7195301, 9.8377638, 19.887091, 19.881775, 19.864189, 19.859367, 0.25671133, 0.26390728, 0.27209133, 0.30788448, 0.34719491, 0.34837753, 0.34943545, 0.34940886, 0.34932095, 0.34929684, 0.14527899
0.11424031, 0.41348898, 0.12405910, 0.46876371, 1.1365175, 2.0268500, 5.5252872, 9.7547045, 9.8524933, 19.883053, 19.876337, 19.862658, 19.859251, 0.25468665, 0.26136371, 0.27026722, 0.30525216, 0.34754643, 0.34852472, 0.34941527, 0.34938169, 0.34931329, 0.34929627, 0.12405910
0.11279577, 0.39604461, 0.11882527, 0.58887005, 0.88382065, 1.8316686, 5.2787747, 9.7587414, 9.8549404, 19.878496, 19.871868, 19.861498, 19.859194, 0.25588766, 0.25883725, 0.26831570, 0.30278718, 0.34758690, 0.34854922, 0.34939247, 0.34935933, 0.34930748, 0.34929597, 0.11882527
0.98080844E-1, 0.21834588, 0.65510318E-1, 0.0000000, 0.35777688, 1.3921440, 4.8185625, 9.6880369, 9.8231020, 19.869400, 19.867088, 19.860355, 19.859051, 0.24990815, 0.25357708, 0.26392013, 0.29818472, 0.34687945, 0.34823072, 0.34934700, 0.34933543, 0.34930179, 0.34929526, 0.65510318E-1
0.14088506, 0.73525321, 0.22059803, 1.7075062, 2.0753889, 2.6849837, 4.4132233, 9.6996288, 9.8237190, 19.863798, 19.863916, 19.859663, 19.858963, 0.26707321, 0.27075255, 0.27684897, 0.29413193, 0.34699595, 0.34823707, 0.34931898, 0.34931958, 0.34929830, 0.34929481, 0.22059803
0.14663257, 0.80466062, 0.24142234, 1.8675536, 2.4088204, 2.4652629, 6.4479513, 9.7085495, 9.8237638, 19.856922, 19.860920, 19.859037, 19.858828, 0.26867336, 0.27408651, 0.27465177, 0.31447908, 0.34708518, 0.34823751, 0.34928462, 0.34930462, 0.34929520, 0.34929413, 0.24142234
0.11719695, 0.44919363, 0.13477157, 0.50582290, 1.4418125, 1.9375980, 5.9165335, 9.6762571, 9.8076677, 19.849094, 19.858042, 19.858397, 19.858709, 0.25505775, 0.26441732, 0.26937544, 0.30916500, 0.34676230, 0.34807658, 0.34924549, 0.34929019, 0.34929198, 0.34929353, 0.13477157
0.18586183, 1.0000000, 0.38355735, 2.3775549, 3.2143285, 8.1580505, 8.8410463, 9.6535254, 9.7947807, 19.843052, 19.855827, 19.857887, 19.858616, 0.27377313, 0.28214133, 0.33157802, 0.33840993, 0.34653497, 0.34794772, 0.34921527, 0.34927914, 0.34928945, 0.34929308, 0.38355735
0.19902501, 1.0000000, 0.43124995, 2.3264618, 4.2367649, 9.3142338, 9.5463400, 9.7101641, 9.8169775, 19.841486, 19.855013, 19.857729, 19.858646, 0.27326438, 0.29236740, 0.34314206, 0.34546334, 0.34710160, 0.34816977, 0.34920743, 0.34927505, 0.34928864, 0.34929323, 0.43124995
0.29896432, 1.0000000, 0.79334891, 6.5027409, 9.2348471, 9.5077124, 9.6632900, 9.7626266, 9.8402796, 19.843494, 19.855251, 19.857843, 19.858709, 0.31502703, 0.34234813, 0.34507695, 0.34663287, 0.34762624, 0.34840280, 0.34921747, 0.34927624, 0.34928921, 0.34929353, 0.79334891
0.25208330, 1.0000000, 0.62349015, 3.1229689, 9.2302551, 9.4610720, 9.6543827, 9.7586517, 9.8385286, 19.840925, 19.854397, 19.857670, 19.858669, 0.28122947, 0.34230217, 0.34461054, 0.34654379, 0.34758648, 0.34838527, 0.34920463, 0.34927198, 0.34928834, 0.34929335, 0.62349015
0.23868021, 1.0000000, 0.57492828, 2.8288960, 8.1336565, 9.4068604, 9.6201744, 9.7381821, 9.8285694, 19.836720, 19.853167, 19.857376, 19.858616, 0.27828801, 0.33133492, 0.34406763, 0.34620154, 0.34738174, 0.34828568, 0.34918359, 0.34926584, 0.34928688, 0.34929308, 0.57492828
0.23797779, 1.0000000, 0.57238328, 2.6725264, 8.3206482, 9.3857069, 9.6142817, 9.7341061, 9.8268623, 19.835800, 19.852821, 19.857319, 19.858635, 0.27672482, 0.33320561, 0.34385660, 0.34614274, 0.34734100, 0.34826860, 0.34917900, 0.34926412, 0.34928659, 0.34929317, 0.57238328
0.35599905, 1.0000000, 0.99999648, 9.9999990, 9.9999990, 9.9999990, 9.9999990, 9.9999990, 9.9999990, 19.999998, 19.999998, 19.999998, 19.998999, 0.34999952, 0.34999970, 0.34999985, 0.34999996, 0.34999999, 0.34999999, 0.34999999, 0.34999999, 0.34999999, 0.34999499, 0.99999648
0.33056748, 1.0000000, 0.90785313, 8.5165329, 9.5443888, 9.7383261, 9.9181376, 9.9576244, 9.9831390, 19.997395, 19.999325, 19.999582, 19.975210, 0.33515704, 0.34543833, 0.34738043, 0.34918082, 0.34957594, 0.34983131, 0.34998697, 0.34999663, 0.34999791, 0.34987605, 0.90785313
0.28928155, 1.0000000, 0.75826645, 5.7161093, 9.3244314, 9.5720997, 9.8035650, 9.8915300, 9.9520302, 19.989639, 19.997280, 19.997478, 19.952705, 0.30715221, 0.34323561, 0.34571654, 0.34803471, 0.34891486, 0.34952015, 0.34994820, 0.34998640, 0.34998739, 0.34976351, 0.75826645
0.25303960, 1.0000000, 0.62695497, 3.1206512, 9.2975149, 9.5369110, 9.7508821, 9.8530827, 9.9303255, 19.983267, 19.995564, 19.993103, 19.932590, 0.28120193, 0.34296694, 0.34536490, 0.34750795, 0.34853038, 0.34930310, 0.34991634, 0.34997782, 0.34996551, 0.34966296, 0.62695497
0.35599732, 1.0000000, 0.99999022, 9.9999990, 9.9999990, 9.9999990, 9.9999990, 9.9999990, 9.9999990, 19.999998, 19.999998, 19.999998, 19.998999, 0.34999865, 0.34999919, 0.34999958, 0.34999990, 0.34999996, 0.34999999, 0.34999999, 0.34999999, 0.34999999, 0.34999499, 0.99999022
0.35599726, 1.0000000, 0.99998993, 9.9999990, 9.9999990, 9.9999962, 9.9999990, 9.9999990, 9.9999962, 19.999998, 19.999998, 19.999994, 19.990498, 0.34999862, 0.34999916, 0.34999955, 0.34999990, 0.34999996, 0.34999996, 0.34999999, 0.34999999, 0.34999996, 0.34995249, 0.99998993
0.33285922, 1.0000000, 0.91615647, 8.7752724, 9.4317255, 9.6617222, 9.8766117, 9.9350100, 9.9725590, 19.994457, 19.998550, 19.999035, 19.966997, 0.33775225, 0.34431696, 0.34661707, 0.34876609, 0.34935006, 0.34972560, 0.34997228, 0.34999275, 0.34999517, 0.34983498, 0.91615647
0.28448546, 1.0000000, 0.74088937, 5.4178739, 9.2702932, 9.5271053, 9.7633686, 9.8658285, 9.9384432, 19.985365, 19.996143, 19.996075, 19.945234, 0.30417001, 0.34269395, 0.34526643, 0.34763274, 0.34865782, 0.34938428, 0.34992683, 0.34998071, 0.34998038, 0.34972617, 0.74088937
0.24024828, 1.0000000, 0.58060968, 2.7907281, 8.3445911, 9.4660091, 9.6982079, 9.8177528, 9.9108620, 19.976885, 19.993828, 19.990551, 19.926142, 0.27790466, 0.33344123, 0.34465745, 0.34698153, 0.34817725, 0.34910855, 0.34988442, 0.34996915, 0.34995276, 0.34963071, 0.58060968
0.35567558, 1.0000000, 0.99882454, 9.9999104, 9.9999418, 9.9884319, 9.7644892, 9.8416147, 9.9169874, 19.975737, 19.993219, 19.982588, 19.910255, 0.34999770, 0.34999859, 0.34988391, 0.34764481, 0.34841612, 0.34916988, 0.34987867, 0.34996611, 0.34991294, 0.34955126, 0.99882454
0.35599917, 1.0000000, 0.99999702, 9.9999990, 9.9999990, 9.9999990, 9.9999990, 9.9999990, 9.9999990, 19.999998, 19.999998, 19.999998, 19.998999, 0.34999958, 0.34999976, 0.34999987, 0.34999996, 0.34999999, 0.34999999, 0.34999999, 0.34999999, 0.34999999, 0.34999499, 0.99999702
0.35599750, 1.0000000, 0.99999088, 9.9999132, 9.9999485, 9.9999723, 9.9999933, 9.9999962, 9.9999990, 19.999998, 19.999998, 19.999998, 19.997997, 0.34999874, 0.34999925, 0.34999961, 0.34999990, 0.34999996, 0.34999999, 0.34999999, 0.34999999, 0.34999999, 0.34998998, 0.99999088
0.35599756, 1.0000000, 0.99999118, 9.9999161, 9.9999514, 9.9999752, 9.9999905, 9.9999990, 9.9999990, 19.999998, 19.999998, 19.999998, 19.996996, 0.34999877, 0.34999928, 0.34999964, 0.34999987, 0.34999999, 0.34999999, 0.34999999, 0.34999999, 0.34999999, 0.34998497, 0.99999118
0.35557026, 1.0000000, 0.99844289, 9.9785967, 9.9873075, 9.9936342, 9.9987183, 9.9993649, 9.9997911, 19.999998, 19.999998, 19.999990, 19.991999, 0.34978518, 0.34987259, 0.34993610, 0.34998712, 0.34999362, 0.34999791, 0.34999999, 0.34999999, 0.34999996, 0.34996000, 0.99844289
0.32869446, 1.0000000, 0.90106690, 8.4081860, 9.5108099, 9.7134056, 9.9061899, 9.9511347, 9.9805374, 19.997042, 19.999229, 19.999289, 19.968466, 0.33408141, 0.34510779, 0.34713390, 0.34906188, 0.34951133, 0.34980538, 0.34998521, 0.34999615, 0.34999645, 0.34984234, 0.90106690
0.35598940, 1.0000000, 0.99996150, 9.9995108, 9.9997072, 9.9998531, 9.9999695, 9.9999847, 9.9999933, 19.999998, 19.999998, 19.999998, 19.994993, 0.34999469, 0.34999681, 0.34999841, 0.34999967, 0.34999985, 0.34999993, 0.34999999, 0.34999999, 0.34999999, 0.34997496, 0.99996150
0.35599631, 1.0000000, 0.99998647, 9.9998589, 9.9999132, 9.9999542, 9.9999905, 9.9999990, 9.9999962, 19.999998, 19.999998, 19.999998, 19.995995, 0.34999815, 0.34999886, 0.34999943, 0.34999987, 0.34999999, 0.34999996, 0.34999999, 0.34999999, 0.34999999, 0.34997997, 0.99998647
0.35599715, 1.0000000, 0.99998969, 9.9999037, 9.9999456, 9.9999695, 9.9999933, 9.9999990, 9.9999990, 19.999998, 19.999998, 19.999998, 19.996996, 0.34999856, 0.34999919, 0.34999955, 0.34999990, 0.34999999, 0.34999999, 0.34999999, 0.34999999, 0.34999999, 0.34998497, 0.99998969
0.33843333, 1.0000000, 0.93635267, 9.0219412, 9.6220217, 9.7884073, 9.9410381, 9.9698009, 9.9885654, 19.998718, 19.999664, 19.999680, 19.976078, 0.34021896, 0.34621996, 0.34788391, 0.34941036, 0.34969801, 0.34988564, 0.34999359, 0.34999833, 0.34999841, 0.34988040, 0.93635267
0.35584253, 1.0000000, 0.99942940, 9.9921865, 9.9953270, 9.9976664, 9.9995289, 9.9997730, 9.9999247, 19.999998, 19.999998, 19.999989, 19.991005, 0.34992146, 0.34995300, 0.34997654, 0.34999526, 0.34999773, 0.34999925, 0.34999999, 0.34999999, 0.34999993, 0.34995502, 0.99942940
0.33844769, 1.0000000, 0.93640453, 9.0675259, 9.5669813, 9.7539644, 9.9265795, 9.9621592, 9.9852247, 19.997936, 19.999462, 19.999836, 19.986019, 0.34067440, 0.34566927, 0.34753937, 0.34926572, 0.34962156, 0.34985226, 0.34998968, 0.34999731, 0.34999919, 0.34993011, 0.93640453
0.27942973, 1.0000000, 0.72257149, 5.0785060, 9.2317734, 9.5069199, 9.7710419, 9.8730078, 9.9448566, 19.989305, 19.997204, 19.998436, 19.962727, 0.30078441, 0.34231701, 0.34506884, 0.34771034, 0.34873006, 0.34944856, 0.34994653, 0.34998602, 0.34999219, 0.34981364, 0.72257149
0.22998954, 1.0000000, 0.54344034, 2.6142359, 7.4210329, 9.4268646, 9.6799603, 9.8086843, 9.9099588, 19.980717, 19.994904, 19.995060, 19.941410, 0.27614123, 0.32420841, 0.34426743, 0.34679934, 0.34808671, 0.34909955, 0.34990358, 0.34997451, 0.34997529, 0.34970707, 0.54344034
0.19624564, 1.0000000, 0.42117983, 1.5571237, 5.1202087, 9.4103394, 9.6531849, 9.7831097, 9.8914204, 19.974358, 19.993088, 19.989126, 19.922924, 0.26556996, 0.30119956, 0.34410107, 0.34653136, 0.34783086, 0.34891412, 0.34987178, 0.34996545, 0.34994563, 0.34961462, 0.42117983
0.30474335, 1.0000000, 0.81428748, 7.1285353, 8.9341850, 9.4208422, 9.6499910, 9.7756348, 9.8832235, 19.969618, 19.991442, 19.980404, 19.907562, 0.32128122, 0.33933875, 0.34420678, 0.34649959, 0.34775618, 0.34883219, 0.34984809, 0.34995720, 0.34990203, 0.34953782, 0.81428748
0.25463879, 1.0000000, 0.63274920, 3.3307145, 9.1972256, 9.4467697, 9.6620388, 9.7804718, 9.8819895, 19.964775, 19.989223, 19.969084, 19.895239, 0.28330690, 0.34197187, 0.34446749, 0.34662035, 0.34780470, 0.34881991, 0.34982389, 0.34994611, 0.34984541, 0.34947619, 0.63274920
0.22505535, 1.0000000, 0.52556282, 2.1182151, 7.6355662, 9.4648142, 9.6732635, 9.7862024, 9.8830643, 19.960699, 19.986280, 19.955961, 19.885685, 0.27118009, 0.32635126, 0.34464541, 0.34673208, 0.34786174, 0.34883055, 0.34980351, 0.34993142, 0.34977981, 0.34942842, 0.52556282
0.20840846, 1.0000000, 0.46524799, 2.0100653, 5.8108258, 9.4526768, 9.6729259, 9.7862940, 9.8831043, 19.957605, 19.982237, 19.942015, 19.878447, 0.27009985, 0.30810687, 0.34452561, 0.34672901, 0.34786281, 0.34883103, 0.34978801, 0.34991118, 0.34971008, 0.34939224, 0.46524799
0.17954816, 1.0000000, 0.36068171, 1.1112779, 3.8489573, 9.4085112, 9.6465702, 9.7708225, 9.8754349, 19.952536, 19.975901, 19.928040, 19.873011, 0.26111197, 0.28848791, 0.34408304, 0.34646529, 0.34770802, 0.34875429, 0.34976268, 0.34987950, 0.34964019, 0.34936506, 0.36068171
0.15401864, 0.89385551, 0.26818347, 0.30713379, 2.5979905, 8.4337406, 9.6125336, 9.7488756, 9.8644781, 19.947300, 19.967573, 19.914949, 19.869011, 0.25307098, 0.27597803, 0.33433437, 0.34612465, 0.34748840, 0.34864467, 0.34973651, 0.34983787, 0.34957474, 0.34934506, 0.26818347
0.14009273, 0.72568500, 0.21772727, 0.0000000, 1.9991368, 7.2898870, 9.6206179, 9.7517385, 9.8645372, 19.943916, 19.957943, 19.903423, 19.866123, 0.24998641, 0.26998851, 0.32289368, 0.34620482, 0.34751669, 0.34864515, 0.34971958, 0.34978971, 0.34951711, 0.34933060, 0.21772727
0.13115016, 0.61769360, 0.18532662, 0.0000000, 1.4689565, 6.1915288, 9.6150951, 9.7481718, 9.8624306, 19.939894, 19.946873, 19.893566, 19.864029, 0.24999033, 0.26468742, 0.31191075, 0.34614953, 0.34748101, 0.34862405, 0.34969947, 0.34973437, 0.34946781, 0.34932014, 0.18532662
0.12093739, 0.49436349, 0.14832388, 0.0000000, 0.89960098, 4.8751836, 9.5708866, 9.7210073, 9.8497648, 19.934090, 19.934734, 19.885351, 19.862513, 0.24999033, 0.25899455, 0.29874784, 0.34570733, 0.34720927, 0.34849739, 0.34967044, 0.34967369, 0.34942675, 0.34931257, 0.14832388
0.11272458, 0.39518487, 0.11856732, 0.0000000, 0.48425496, 3.7226615, 9.5695114, 9.7176065, 9.8458881, 19.927731, 19.922560, 19.878756, 19.861425, 0.24999033, 0.25484169, 0.28722334, 0.34569344, 0.34717521, 0.34845859, 0.34963864, 0.34961280, 0.34939378, 0.34930712, 0.11856732
0.10724465, 0.32900876, 0.98712504E-1, 0.0000000, 0.22322536, 2.9546351, 9.3983021, 9.7229881, 9.8474340, 19.921898, 19.911301, 19.873688, 19.860668, 0.24999033, 0.25223178, 0.27954322, 0.34398103, 0.34722885, 0.34847397, 0.34960949, 0.34955651, 0.34936845, 0.34930333, 0.98712504E-1
0.10325050, 0.28077507, 0.84240951E-1, 0.0000000, 0.34961104E-1, 2.4724603, 8.8753023, 9.7099590, 9.8415880, 19.915594, 19.901142, 19.869802, 19.860146, 0.24999033, 0.25034952, 0.27472115, 0.33875051, 0.34709823, 0.34841543, 0.34957796, 0.34950572, 0.34934902, 0.34930074, 0.84240951E-1
0.10115197, 0.25543296, 0.76637551E-1, 0.0000000, 0.0000000, 2.1250219, 8.4219141, 9.7202587, 9.8447037, 19.909081, 19.892372, 19.866882, 19.859779, 0.24999033, 0.24999040, 0.27124676, 0.33421642, 0.34720102, 0.34844649, 0.34954542, 0.34946185, 0.34933442, 0.34929889, 0.76637551E-1
0.99211879E-1, 0.23200431, 0.69608256E-1, 0.0000000, 0.0000000, 1.7538458, 7.9404321, 9.7092953, 9.8378534, 19.899401, 19.884218, 19.864525, 19.859476, 0.24996607, 0.24999040, 0.26753652, 0.32940260, 0.34709188, 0.34837818, 0.34949702, 0.34942108, 0.34932262, 0.34929737, 0.69608256E-1
0.96931711E-1, 0.20446877, 0.61346769E-1, 0.0000000, 0.0000000, 1.3282388, 7.3407373, 9.6760406, 9.8202639, 19.888494, 19.877071, 19.862640, 19.859251, 0.24996607, 0.24999040, 0.26327050, 0.32339424, 0.34675172, 0.34819973, 0.34944248, 0.34938535, 0.34931320, 0.34929627, 0.61346769E-1
0.10135128, 0.25783992, 0.77359714E-1, 0.37879348, 0.0000000, 1.1933684, 7.0112109, 9.7385435, 9.8442421, 19.882910, 19.872437, 19.861515, 19.859200, 0.25378153, 0.24999040, 0.26192763, 0.32010502, 0.34738049, 0.34844077, 0.34941456, 0.34936219, 0.34930757, 0.34929600, 0.77359714E-1
0.95900178E-1, 0.19201198, 0.57609357E-1, 0.45764446E-1, 0.0000000, 1.0417491, 6.7183089, 9.7546949, 9.8510170, 19.876602, 19.868488, 19.860640, 19.859121, 0.25045672, 0.24999040, 0.26041114, 0.31717491, 0.34754100, 0.34850818, 0.34938300, 0.34934244, 0.34930319, 0.34929562, 0.57609357E-1
0.16224350, 0.99317956, 0.29798368, 2.7911425, 2.2857456, 2.9774933, 8.5202522, 9.8093185, 9.8729801, 19.873711, 19.866110, 19.860180, 19.859116, 0.27790865, 0.27285609, 0.27977404, 0.33520201, 0.34809288, 0.34872970, 0.34936854, 0.34933054, 0.34930089, 0.34929559, 0.29798368
0.16180778, 0.98791772, 0.29640496, 2.9115558, 2.1023929, 2.8656869, 8.3747196, 9.8200426, 9.8774967, 19.869989, 19.864029, 19.859779, 19.859081, 0.27911219, 0.27102247, 0.27865589, 0.33374664, 0.34820011, 0.34877485, 0.34934995, 0.34932014, 0.34929889, 0.34929541, 0.29640496
0.14048369, 0.73040634, 0.21914382, 1.6455501, 1.6614139, 2.7254076, 8.8503981, 9.7866611, 9.8630419, 19.864073, 19.861712, 19.859299, 19.858997, 0.26645291, 0.26661256, 0.27725279, 0.33850315, 0.34786615, 0.34863028, 0.34932035, 0.34930855, 0.34929651, 0.34929499, 0.21914382
0.12094945, 0.49450910, 0.14836757, 0.70938766, 1.1041820, 2.3268847, 8.4560242, 9.7422247, 9.8422575, 19.857376, 19.859474, 19.858826, 19.858881, 0.25709042, 0.26103857, 0.27326545, 0.33455777, 0.34742081, 0.34842211, 0.34928688, 0.34929737, 0.34929413, 0.34929439, 0.14836757
0.10700737, 0.32614335, 0.97852789E-1, 0.88196993E-1, 0.67252219, 1.9780070, 8.0395689, 9.7253370, 9.8323021, 19.852627, 19.857914, 19.858471, 19.858805, 0.25088114, 0.25672144, 0.26977450, 0.33039117, 0.34725064, 0.34832209, 0.34926313, 0.34928957, 0.34929234, 0.34929401, 0.97852789E-1
0.10042335, 0.24663416, 0.73997647E-1, 0.0000000, 0.27028024, 1.5902430, 7.5332203, 9.6964808, 9.8180971, 19.848362, 19.856550, 19.858154, 19.858757, 0.24998388, 0.25270072, 0.26589629, 0.32532638, 0.34696105, 0.34817973, 0.34924179, 0.34928274, 0.34929079, 0.34929377, 0.73997647E-1
0.96474506E-1, 0.19894758, 0.59690244E-1, 0.0000000, 0.55313110E-2, 1.2688488, 7.0224681, 9.6861496, 9.8121929, 19.845972, 19.855776, 19.857990, 19.858709, 0.24998388, 0.25005525, 0.26268288, 0.32021847, 0.34685722, 0.34812051, 0.34922987, 0.34927887, 0.34928995, 0.34929353, 0.59690244E-1
0.94440065E-1, 0.17437948, 0.52319080E-1, 0.0000000, 0.0000000, 0.91631114, 6.4011912, 9.6540632, 9.7970943, 19.843180, 19.854927, 19.857817, 19.858675, 0.24998388, 0.24999858, 0.25915891, 0.31400603, 0.34653619, 0.34796944, 0.34921589, 0.34927464, 0.34928909, 0.34929338, 0.52319080E-1
0.92966393E-1, 0.15658325, 0.46979673E-1, 0.0000000, 0.0000000, 0.67369342, 5.8308806, 9.6600275, 9.7984018, 19.842596, 19.854692, 19.857790, 19.858709, 0.24998388, 0.24999858, 0.25673357, 0.30830297, 0.34659541, 0.34798238, 0.34921297, 0.34927347, 0.34928894, 0.34929353, 0.46979673E-1
0.14871940, 0.82986134, 0.24898331, 2.3235142, 2.2892146, 1.8753618, 5.5270381, 9.7361584, 9.8303318, 19.845398, 19.855370, 19.857990, 19.858709, 0.27322128, 0.27288395, 0.26875025, 0.30526841, 0.34735987, 0.34830272, 0.34922698, 0.34927684, 0.34928995, 0.34929353, 0.24898331
0.24961179, 1.0000000, 0.61453551, 3.2578442, 8.7531862, 9.3766403, 9.5896130, 9.8015375, 9.8586035, 19.848539, 19.856178, 19.858219, 19.858709, 0.28257823, 0.33753151, 0.34376621, 0.34589610, 0.34801534, 0.34858602, 0.34924269, 0.34928089, 0.34929109, 0.34929353, 0.61453551
0.35599440, 1.0000000, 0.99997973, 9.9997635, 9.9998531, 9.9999275, 9.9999847, 9.9999962, 9.9999990, 19.999998, 19.999998, 19.999998, 19.994993, 0.34999722, 0.34999827, 0.34999916, 0.34999982, 0.34999996, 0.34999999, 0.34999999, 0.34999999, 0.34999999, 0.34997496, 0.99997973
0.35548556, 1.0000000, 0.99813592, 9.9997358, 9.9774199, 9.9276896, 9.9827242, 9.9912796, 9.9967909, 19.999706, 19.999922, 19.999908, 19.983068, 0.34999427, 0.34977236, 0.34927598, 0.34982705, 0.34991270, 0.34996787, 0.34999853, 0.34999961, 0.34999955, 0.34991533, 0.99813592
0.33725893, 1.0000000, 0.93209755, 8.9320221, 9.6288309, 9.7919998, 9.9417973, 9.9701672, 9.9886961, 19.998724, 19.999659, 19.999758, 19.978249, 0.33931705, 0.34628630, 0.34791896, 0.34941778, 0.34970155, 0.34988692, 0.34999362, 0.34999830, 0.34999877, 0.34989125, 0.93209755
0.30296916, 1.0000000, 0.80785924, 6.6552358, 9.3815985, 9.6183662, 9.8473911, 9.9178190, 9.9660225, 19.994440, 19.998545, 19.998121, 19.955549, 0.31654894, 0.34381312, 0.34618220, 0.34847361, 0.34917805, 0.34966016, 0.34997219, 0.34999272, 0.34999061, 0.34977776, 0.80785924
0.26393816, 1.0000000, 0.66644257, 3.9068055, 9.2949352, 9.5438166, 9.7768965, 9.8722448, 9.9439325, 19.990316, 19.997452, 19.994251, 19.935125, 0.28906670, 0.34294742, 0.34543720, 0.34776875, 0.34872237, 0.34943929, 0.34995157, 0.34998727, 0.34997126, 0.34967563, 0.66644257
0.23420204, 1.0000000, 0.55870301, 2.5289536, 8.0214920, 9.5120945, 9.7372322, 9.8420467, 9.9265537, 19.986698, 19.996397, 19.987591, 19.917673, 0.27528882, 0.33021355, 0.34512013, 0.34737214, 0.34842038, 0.34926552, 0.34993351, 0.34998199, 0.34993795, 0.34958836, 0.55870301
0.21146975, 1.0000000, 0.47633970, 1.8856764, 6.3570633, 9.5005026, 9.7204695, 9.8266916, 9.9156418, 19.983953, 19.995298, 19.978107, 19.903339, 0.26885507, 0.31356719, 0.34500247, 0.34720415, 0.34826663, 0.34915632, 0.34991977, 0.34997648, 0.34989053, 0.34951669, 0.47633970
0.19041634, 1.0000000, 0.40005913, 1.3349205, 4.7434115, 9.4826450, 9.7060528, 9.8147593, 9.9072618, 19.981436, 19.993681, 19.966232, 19.891970, 0.26334766, 0.29743081, 0.34482315, 0.34705985, 0.34814724, 0.34907252, 0.34990719, 0.34996840, 0.34983116, 0.34945986, 0.40005913
0.18228629, 1.0000000, 0.37060249, 1.2715250, 3.8270910, 9.5539017, 9.7387094, 9.8312273, 9.9119492, 19.980328, 19.991400, 19.952909, 19.883257, 0.26271424, 0.28826910, 0.34553677, 0.34738666, 0.34831202, 0.34911940, 0.34990165, 0.34995699, 0.34976456, 0.34941629, 0.37060249
0.20567954, 1.0000000, 0.45536062, 2.1045387, 5.1977553, 9.6724453, 9.7898932, 9.8597116, 9.9232998, 19.980358, 19.987976, 19.939079, 19.876698, 0.27104482, 0.30197671, 0.34672368, 0.34789878, 0.34859702, 0.34923297, 0.34990180, 0.34993988, 0.34969538, 0.34938347, 0.45536062
0.19825795, 1.0000000, 0.42847082, 2.0579934, 4.4201307, 9.5935602, 9.7747536, 9.8537207, 9.9217796, 19.978930, 19.982323, 19.925467, 19.871788, 0.27057976, 0.29420108, 0.34593537, 0.34774747, 0.34853718, 0.34921780, 0.34989464, 0.34991163, 0.34962732, 0.34935895, 0.42847082
0.17705050, 1.0000000, 0.35163224, 1.3694704, 3.0671628, 9.4885607, 9.7179947, 9.8218384, 9.9077606, 19.974636, 19.973900, 19.912710, 19.868158, 0.26369265, 0.28066888, 0.34488136, 0.34717909, 0.34821793, 0.34907746, 0.34987319, 0.34986949, 0.34956354, 0.34934080, 0.35163224
0.16188055, 0.98879647, 0.29666862, 0.84035695, 2.5074215, 8.7127571, 9.6968393, 9.8069935, 9.8996258, 19.970556, 19.963713, 19.901499, 19.865517, 0.25840265, 0.27507257, 0.33712471, 0.34696776, 0.34806961, 0.34899613, 0.34985277, 0.34981856, 0.34950751, 0.34932759, 0.29666862
0.14768481, 0.81736773, 0.24523485, 0.39787889, 2.0170479, 7.7459588, 9.6725760, 9.7906370, 9.8911257, 19.966154, 19.952118, 19.892050, 19.863619, 0.25397840, 0.27016929, 0.32745728, 0.34672520, 0.34790608, 0.34891117, 0.34983078, 0.34976059, 0.34946024, 0.34931809, 0.24523485
0.14091870, 0.73565954, 0.22071993, 0.23371577, 1.7790705, 7.1257634, 9.7061682, 9.8082209, 9.8973579, 19.962799, 19.940208, 19.884399, 19.862278, 0.25233704, 0.26779017, 0.32125655, 0.34706140, 0.34808207, 0.34897351, 0.34981400, 0.34970105, 0.34942201, 0.34931138, 0.22071993
0.13108563, 0.61691463, 0.18509290, 0.0000000, 1.4132738, 6.2695508, 9.6746950, 9.7907133, 9.8899345, 19.956942, 19.927849, 19.878212, 19.861296, 0.24998227, 0.26413217, 0.31269425, 0.34674656, 0.34790692, 0.34889928, 0.34978470, 0.34963924, 0.34939104, 0.34930646, 0.18509290
0.12404516, 0.53189313, 0.15958390, 0.0000000, 1.0479748, 5.3088536, 9.6409426, 9.7696609, 9.8796968, 19.949427, 19.915905, 19.873335, 19.860596, 0.24998227, 0.26047900, 0.30308664, 0.34640875, 0.34769624, 0.34879684, 0.34974712, 0.34957951, 0.34936666, 0.34930298, 0.15958390
0.11951338, 0.47716707, 0.14316444, 0.0000000, 0.82604587, 4.6513581, 9.6676798, 9.7832870, 9.8828030, 19.940805, 19.904999, 19.869585, 19.860121, 0.24998227, 0.25825959, 0.29651111, 0.34667575, 0.34783235, 0.34882784, 0.34970403, 0.34952500, 0.34934792, 0.34930059, 0.14316444
0.11399736, 0.41055498, 0.12317881, 0.0000000, 0.54412782, 3.8915062, 9.6440716, 9.7693043, 9.8749552, 19.929762, 19.895058, 19.866646, 19.859745, 0.24998227, 0.25543672, 0.28889874, 0.34643263, 0.34768891, 0.34874818, 0.34964880, 0.34947529, 0.34933323, 0.34929872, 0.12317881
0.11210411, 0.38769200, 0.11631924, 0.0000000, 0.49208999, 3.5175254, 9.7158556, 9.8089504, 9.8897686, 19.921722, 19.887459, 19.864643, 19.859533, 0.24998227, 0.25491956, 0.28517047, 0.34715590, 0.34808818, 0.34889725, 0.34960860, 0.34943730, 0.34932321, 0.34929767, 0.11631924
0.10945210, 0.35566607, 0.10671049, 0.0000000, 0.39436817, 3.0750988, 9.7039499, 9.8045483, 9.8880663, 19.912785, 19.881035, 19.863113, 19.859362, 0.24998227, 0.25394270, 0.28074709, 0.34703705, 0.34804422, 0.34888023, 0.34956393, 0.34940517, 0.34931558, 0.34929681, 0.10671049
0.17276289, 1.0000000, 0.33609739, 2.4743080, 2.4334729, 6.0710306, 9.5643520, 9.7915907, 9.8814030, 19.903893, 19.875790, 19.861969, 19.859299, 0.27474198, 0.27433407, 0.31070948, 0.34564325, 0.34791580, 0.34881401, 0.34951946, 0.34937894, 0.34930986, 0.34929651, 0.33609739
0.17241427, 1.0000000, 0.33483434, 2.2816329, 2.2861929, 6.8889647, 9.7177553, 9.8238449, 9.8910637, 19.895855, 19.871677, 19.861147, 19.859251, 0.27281606, 0.27286178, 0.31888941, 0.34717751, 0.34823841, 0.34891063, 0.34947926, 0.34935838, 0.34930575, 0.34929627, 0.33483434
0.17152072, 1.0000000, 0.33159682, 2.1040411, 2.8035641, 6.2360859, 9.7006845, 9.8044882, 9.8802032, 19.885794, 19.867754, 19.860369, 19.859175, 0.27104014, 0.27803543, 0.31236061, 0.34700680, 0.34804484, 0.34880203, 0.34942895, 0.34933877, 0.34930184, 0.34929588, 0.33159682
0.16004801, 0.96666682, 0.29002905, 1.6199887, 2.4768293, 5.7321706, 9.7144814, 9.8076534, 9.8780088, 19.878004, 19.864893, 19.859818, 19.859121, 0.26619443, 0.27476329, 0.30731589, 0.34714285, 0.34807554, 0.34877977, 0.34939003, 0.34932446, 0.34929907, 0.34929562, 0.29002905
0.14716861, 0.81113380, 0.24336448, 1.0917723, 2.0915895, 5.1558633, 9.6984224, 9.7966423, 9.8706980, 19.870943, 19.862566, 19.859398, 19.859051, 0.26091444, 0.27091211, 0.30155399, 0.34698245, 0.34796554, 0.34870669, 0.34935471, 0.34931284, 0.34929699, 0.34929526, 0.24336448
0.13355319, 0.64671302, 0.19403331, 0.56265295, 1.6668051, 4.4877977, 9.6708860, 9.7787066, 9.8606539, 19.864616, 19.860638, 19.859028, 19.858980, 0.25562432, 0.26666415, 0.29487270, 0.34670660, 0.34778595, 0.34860614, 0.34932309, 0.34930319, 0.34929514, 0.34929490, 0.19403331
0.12681380, 0.56532758, 0.16961524, 0.32418966, 1.4627010, 4.0531020, 9.7066965, 9.7966404, 9.8656197, 19.861366, 19.859631, 19.858879, 19.858946, 0.25324088, 0.26462427, 0.29052722, 0.34706515, 0.34796548, 0.34865591, 0.34930682, 0.34929815, 0.34929439, 0.34929472, 0.16961524
0.11591865, 0.43375674, 0.13014004, 0.0000000, 1.0294199, 3.3835454, 9.6530962, 9.7658005, 9.8506832, 19.855293, 19.857950, 19.858534, 19.858850, 0.24999607, 0.26028919, 0.28382728, 0.34652629, 0.34765565, 0.34850603, 0.34927648, 0.34928975, 0.34929267, 0.34929425, 0.13014004
0.11032163, 0.36616662, 0.10986097, 0.0000000, 0.64044893, 2.8571129, 9.4277744, 9.7455931, 9.8400345, 19.850632, 19.856718, 19.858236, 19.858805, 0.24999607, 0.25640002, 0.27856115, 0.34427115, 0.34745252, 0.34839922, 0.34925315, 0.34928358, 0.34929118, 0.34929401, 0.10986097
0.10589609, 0.31272340, 0.93826406E-1, 0.0000000, 0.33724904, 2.4791837, 9.0095949, 9.7289133, 9.8320417, 19.848190, 19.856041, 19.858107, 19.858757, 0.24999607, 0.25337070, 0.27478531, 0.34009120, 0.34728658, 0.34831956, 0.34924096, 0.34928021, 0.34929055, 0.34929377, 0.93826406E-1
0.10228021, 0.26905775, 0.80725402E-1, 0.0000000, 0.10781884, 2.1480174, 8.5924664, 9.7237396, 9.8289022, 19.846699, 19.855642, 19.858047, 19.858709, 0.24999607, 0.25107786, 0.27147692, 0.33592203, 0.34723592, 0.34828851, 0.34923351, 0.34927821, 0.34929025, 0.34929353, 0.80725402E-1
0.99943697E-1, 0.24084184, 0.72259776E-1, 0.0000000, 0.0000000, 1.8771887, 8.2006378, 9.7268591, 9.8300419, 19.846529, 19.855583, 19.858095, 19.858709, 0.24999607, 0.24999656, 0.26876903, 0.33200389, 0.34726709, 0.34829992, 0.34923264, 0.34927791, 0.34929049, 0.34929353, 0.72259776E-1
0.98376796E-1, 0.22191982, 0.66582605E-1, 0.0000000, 0.0000000, 1.5868783, 7.7666693, 9.7137547, 9.8247890, 19.846109, 19.855515, 19.858072, 19.858709, 0.24999607, 0.24999656, 0.26586688, 0.32766485, 0.34713638, 0.34824750, 0.34923056, 0.34927756, 0.34929037, 0.34929353, 0.66582605E-1
0.97049057E-1, 0.20588593, 0.61771959E-1, 0.0000000, 0.0000000, 1.3489068, 7.3528738, 9.7147932, 9.8249474, 19.846165, 19.855536, 19.858107, 19.858709, 0.24999607, 0.24999656, 0.26348653, 0.32352597, 0.34714612, 0.34824884, 0.34923083, 0.34927768, 0.34929055, 0.34929353, 0.61771959E-1
0.95629379E-1, 0.18874174, 0.56628186E-1, 0.0000000, 0.0000000, 1.0982811, 6.8988576, 9.7009926, 9.8190632, 19.845575, 19.855394, 19.858084, 19.858709, 0.24999607, 0.24999656, 0.26098102, 0.31898630, 0.34700835, 0.34819010, 0.34922788, 0.34927696, 0.34929043, 0.34929353, 0.56628186E-1
0.94425410E-1, 0.17420250, 0.52265979E-1, 0.0000000, 0.0000000, 0.89436173, 6.4643197, 9.7015009, 9.8188534, 19.845480, 19.855354, 19.858084, 19.858709, 0.24999607, 0.24999656, 0.25894168, 0.31464040, 0.34701294, 0.34818780, 0.34922740, 0.34927678, 0.34929043, 0.34929353, 0.52265979E-1
0.93408085E-1, 0.16191722, 0.48580024E-1, 0.0000000, 0.0000000, 0.72726309, 6.0665731, 9.7089005, 9.8217154, 19.845486, 19.855371, 19.858084, 19.858709, 0.24999607, 0.24999656, 0.25727135, 0.31066358, 0.34708729, 0.34821659, 0.34922743, 0.34927684, 0.34929043, 0.34929353, 0.48580024E-1
0.92338786E-1, 0.14900427, 0.44705752E-1, 0.0000000, 0.0000000, 0.55673718, 5.6350074, 9.6969652, 9.8169947, 19.845257, 19.855301, 19.858072, 19.858709, 0.24999607, 0.24999656, 0.25556558, 0.30634648, 0.34696656, 0.34816891, 0.34922630, 0.34927651, 0.34929037, 0.34929353, 0.44705752E-1
0.91130897E-1, 0.13441770, 0.40329341E-1, 0.0000000, 0.0000000, 0.37145913, 5.1186190, 9.6688414, 9.8045673, 19.844261, 19.855047, 19.858013, 19.858704, 0.24999607, 0.24999656, 0.25371316, 0.30118224, 0.34668469, 0.34804443, 0.34922129, 0.34927523, 0.34929007, 0.34929353, 0.40329341E-1
0.90705276E-1, 0.12927783, 0.38787227E-1, 0.0000000, 0.0000000, 0.32028854, 4.8243947, 9.7313471, 9.8300953, 19.846487, 19.855627, 19.858177, 19.858709, 0.24999607, 0.24999656, 0.25320208, 0.29824150, 0.34731099, 0.34830013, 0.34923244, 0.34927815, 0.34929088, 0.34929353, 0.38787227E-1
0.90074711E-1, 0.12166310, 0.36502581E-1, 0.0000000, 0.0000000, 0.23227036, 4.5060849, 9.7261820, 9.8297834, 19.846941, 19.855768, 19.858166, 19.858709, 0.24999607, 0.24999656, 0.25232154, 0.29505637, 0.34725699, 0.34829620, 0.34923470, 0.34927884, 0.34929082, 0.34929353, 0.36502581E-1
0.89532353E-1, 0.11511354, 0.34537517E-1, 0.0000000, 0.0000000, 0.15418231, 4.2325373, 9.7419643, 9.8361387, 19.847059, 19.855789, 19.858171, 19.858709, 0.24999607, 0.24999656, 0.25154090, 0.29232037, 0.34741390, 0.34835944, 0.34923530, 0.34927896, 0.34929085, 0.34929353, 0.34537517E-1
0.88863902E-1, 0.10704130, 0.32115601E-1, 0.0000000, 0.0000000, 0.58850646E-1, 3.9126449, 9.7230663, 9.8288670, 19.846292, 19.855583, 19.858095, 19.858709, 0.24999607, 0.24999656, 0.25058800, 0.28911981, 0.34722242, 0.34828588, 0.34923145, 0.34927791, 0.34929049, 0.34929353, 0.32115601E-1
0.88336997E-1, 0.10067830, 0.30206513E-1, 0.0000000, 0.0000000, 0.0000000, 3.5768373, 9.7113705, 9.8240662, 19.846241, 19.855583, 19.858095, 19.858709, 0.24999607, 0.24999656, 0.24999925, 0.28576252, 0.34710571, 0.34823799, 0.34923121, 0.34927791, 0.34929049, 0.34929353, 0.30206513E-1
0.88002339E-1, 0.96636981E-1, 0.28993994E-1, 0.0000000, 0.0000000, 0.0000000, 3.1859603, 9.6871052, 9.8135223, 19.845734, 19.855453, 19.858061, 19.858709, 0.24999607, 0.24999656, 0.24999925, 0.28185725, 0.34686744, 0.34813401, 0.34922868, 0.34927726, 0.34929031, 0.34929353, 0.28993994E-1
0.87696493E-1, 0.92943534E-1, 0.27885849E-1, 0.0000000, 0.0000000, 0.0000000, 2.9099255, 9.5045509, 9.8027306, 19.845047, 19.855276, 19.858025, 19.858709, 0.24999607, 0.24999656, 0.24999925, 0.27909556, 0.34503946, 0.34802520, 0.34922522, 0.34927636, 0.34929013, 0.34929353, 0.27885849E-1
0.11757183, 0.45372060, 0.13612980, 2.1708341, 0.0000000, 0.0000000, 2.8755040, 9.3912172, 9.8369951, 19.846800, 19.855715, 19.858177, 19.858709, 0.27169967, 0.24999656, 0.24999925, 0.27875435, 0.34391105, 0.34836957, 0.34923398, 0.34927857, 0.34929088, 0.34929353, 0.13612980
0.10486740, 0.30030087, 0.90099275E-1, 1.2613714, 0.0000000, 0.0000000, 2.7710259, 9.2198839, 9.8330698, 19.844704, 19.855169, 19.858002, 19.858698, 0.26260805, 0.24999656, 0.24999925, 0.27770951, 0.34219760, 0.34833026, 0.34922352, 0.34927586, 0.34929001, 0.34929350, 0.90099275E-1
0.94610371E-1, 0.17643611, 0.52936129E-1, 0.53115487, 0.0000000, 0.0000000, 2.6564419, 9.0157185, 9.8246279, 19.843748, 19.854918, 19.857937, 19.858709, 0.25530636, 0.24999656, 0.24999925, 0.27656287, 0.34015453, 0.34824532, 0.34921873, 0.34927458, 0.34928969, 0.34929353, 0.52936129E-1
0.91948539E-1, 0.14429164, 0.43291822E-1, 0.34416914, 0.0000000, 0.0000000, 2.6124537, 8.8895321, 9.8406734, 19.846176, 19.855547, 19.858120, 19.858709, 0.25344005, 0.24999656, 0.24999925, 0.27612379, 0.33889404, 0.34840626, 0.34923089, 0.34927773, 0.34929061, 0.34929353, 0.43291822E-1
0.87208860E-1, 0.87054841E-1, 0.26119065E-1, 0.15968084E-1, 0.0000000, 0.0000000, 2.4872274, 8.6345015, 9.8176737, 19.846777, 19.855715, 19.858154, 19.858709, 0.25015953, 0.24999656, 0.24999925, 0.27487081, 0.33634248, 0.34817579, 0.34923390, 0.34927857, 0.34929079, 0.34929353, 0.26119065E-1
0.86694509E-1, 0.80843471E-1, 0.24255468E-1, 0.0000000, 0.0000000, 0.0000000, 2.3169131, 8.2736416, 9.7892065, 19.846930, 19.855761, 19.858143, 19.858709, 0.24997854, 0.24999656, 0.24999925, 0.27316856, 0.33273542, 0.34789169, 0.34923464, 0.34927881, 0.34929073, 0.34929353, 0.24255468E-1
0.86479180E-1, 0.78243129E-1, 0.23475287E-1, 0.0000000, 0.0000000, 0.0000000, 2.1916151, 8.0018425, 9.7962713, 19.845911, 19.855478, 19.858061, 19.858709, 0.24997854, 0.24999656, 0.24999925, 0.27191541, 0.33001706, 0.34796214, 0.34922954, 0.34927738, 0.34929031, 0.34929353, 0.23475287E-1
0.86366631E-1, 0.76884039E-1, 0.23067519E-1, 0.0000000, 0.0000000, 0.0000000, 2.1359205, 7.8344455, 9.8219795, 19.847536, 19.855919, 19.858189, 19.858709, 0.24997854, 0.24999656, 0.24999925, 0.27135447, 0.32833579, 0.34821618, 0.34923768, 0.34927958, 0.34929094, 0.34929353, 0.23067519E-1
0.87364666E-1, 0.88936381E-1, 0.26683584E-1, 0.79032779E-1, 0.0000000, 0.0000000, 2.0913692, 7.6980429, 9.8358154, 19.849199, 19.856361, 19.858273, 19.858709, 0.25078914, 0.24999656, 0.24999925, 0.27091178, 0.32697690, 0.34835666, 0.34924600, 0.34928182, 0.34929135, 0.34929353, 0.26683584E-1
0.86002663E-1, 0.72488710E-1, 0.21748789E-1, 0.0000000, 0.0000000, 0.0000000, 1.9350559, 7.3652549, 9.7928572, 19.848356, 19.856138, 19.858189, 19.858709, 0.24992871, 0.24999656, 0.24999925, 0.26934946, 0.32365045, 0.34792766, 0.34924179, 0.34928069, 0.34929094, 0.34929353, 0.21748789E-1
0.85897945E-1, 0.71224116E-1, 0.21369372E-1, 0.0000000, 0.0000000, 0.0000000, 1.8779486, 7.2160921, 9.8236818, 19.847967, 19.856020, 19.858166, 19.858709, 0.24992871, 0.24999656, 0.24999925, 0.26877877, 0.32215953, 0.34823620, 0.34923983, 0.34928009, 0.34929082, 0.34929353, 0.21369372E-1
0.85820988E-1, 0.70294797E-1, 0.21090548E-1, 0.0000000, 0.0000000, 0.0000000, 1.8362164, 7.1083474, 9.8428278, 19.848196, 19.856079, 19.858177, 19.858709, 0.24992871, 0.24999656, 0.24999925, 0.26835868, 0.32107776, 0.34842560, 0.34924096, 0.34928039, 0.34929088, 0.34929353, 0.21090548E-1
0.85745633E-1, 0.69384761E-1, 0.20817511E-1, 0.0000000, 0.0000000, 0.0000000, 1.7943561, 7.0066757, 9.8509178, 19.848560, 19.856161, 19.858189, 19.858709, 0.24992871, 0.24999656, 0.24999925, 0.26794195, 0.32006359, 0.34850770, 0.34924281, 0.34928080, 0.34929094, 0.34929353, 0.20817511E-1
0.85678339E-1, 0.68572119E-1, 0.20573694E-1, 0.0000000, 0.0000000, 0.0000000, 1.7560899, 6.9180956, 9.8567781, 19.848761, 19.856213, 19.858189, 19.858709, 0.24999794, 0.24999656, 0.24999925, 0.26756072, 0.31918064, 0.34856763, 0.34924382, 0.34928107, 0.34929094, 0.34929353, 0.20573694E-1
0.85535079E-1, 0.66842094E-1, 0.20054635E-1, 0.0000000, 0.0000000, 0.0000000, 1.6633272, 6.7642188, 9.8387928, 19.846115, 19.855513, 19.858002, 19.858704, 0.24999794, 0.24999656, 0.24999925, 0.26663163, 0.31763884, 0.34838632, 0.34923059, 0.34927756, 0.34929001, 0.34929353, 0.20054635E-1
0.85418969E-1, 0.65439947E-1, 0.19633949E-1, 0.0000000, 0.0000000, 0.0000000, 1.5895545, 6.6321540, 9.8389053, 19.844660, 19.855118, 19.857925, 19.858709, 0.24999794, 0.24999656, 0.24999925, 0.26589063, 0.31631625, 0.34838644, 0.34922317, 0.34927556, 0.34928963, 0.34929353, 0.19633949E-1
0.85222550E-1, 0.63068025E-1, 0.18922299E-1, 0.0000000, 0.0000000, 0.0000000, 1.4565974, 6.4362702, 9.8196716, 19.839796, 19.853827, 19.857607, 19.858664, 0.24999794, 0.24999656, 0.24999925, 0.26453838, 0.31434301, 0.34818667, 0.34919783, 0.34926882, 0.34928796, 0.34929329, 0.18922299E-1
0.85006826E-1, 0.60462866E-1, 0.18140674E-1, 0.0000000, 0.0000000, 0.0000000, 1.3137281, 6.2082949, 9.8041697, 19.835718, 19.852694, 19.857347, 19.858622, 0.24999794, 0.24999656, 0.24999925, 0.26310229, 0.31205711, 0.34802836, 0.34917712, 0.34926307, 0.34928665, 0.34929308, 0.18140674E-1
0.84748171E-1, 0.57339314E-1, 0.17203515E-1, 0.0000000, 0.0000000, 0.0000000, 1.1437029, 5.9244113, 9.7840309, 19.831131, 19.851458, 19.857018, 19.858557, 0.24999794, 0.24999656, 0.24999925, 0.26142326, 0.30923223, 0.34783402, 0.34915513, 0.34925714, 0.34928507, 0.34929278, 0.17203515E-1
0.84450200E-1, 0.53740989E-1, 0.16123910E-1, 0.0000000, 0.0000000, 0.0000000, 0.95956624, 5.5872231, 9.7640114, 19.827002, 19.850307, 19.856733, 19.858480, 0.24999794, 0.24999656, 0.24999925, 0.25955489, 0.30584171, 0.34762368, 0.34913328, 0.34925109, 0.34928355, 0.34929237, 0.16123910E-1
0.84190547E-1, 0.50605435E-1, 0.15183149E-1, 0.0000000, 0.0000000, 0.0000000, 0.81637204, 5.2386937, 9.7557802, 19.827337, 19.850327, 19.856747, 19.858480, 0.24999794, 0.24999656, 0.24999925, 0.25816125, 0.30238053, 0.34755388, 0.34913665, 0.34925163, 0.34928373, 0.34929240, 0.15183149E-1
0.83940476E-1, 0.47585543E-1, 0.14277091E-1, 0.0000000, 0.0000000, 0.0000000, 0.68956912, 4.8893423, 9.7516899, 19.828447, 19.850578, 19.856823, 19.858486, 0.24999794, 0.24999656, 0.24999925, 0.25689414, 0.29888791, 0.34751323, 0.34914225, 0.34925288, 0.34928411, 0.34929243, 0.14277091E-1
0.83686009E-1, 0.44512562E-1, 0.13355104E-1, 0.0000000, 0.0000000, 0.0000000, 0.56937933, 4.5183449, 9.7427292, 19.829729, 19.850903, 19.856911, 19.858517, 0.24999794, 0.24999656, 0.24999925, 0.25569195, 0.29517612, 0.34742203, 0.34914863, 0.34925452, 0.34928456, 0.34929258, 0.13355104E-1
0.83475612E-1, 0.41971833E-1, 0.12592809E-1, 0.0000000, 0.0000000, 0.0000000, 0.47944486, 4.1874838, 9.7497120, 19.832190, 19.851564, 19.857105, 19.858580, 0.24999794, 0.24999656, 0.24999925, 0.25479302, 0.29186860, 0.34749228, 0.34916094, 0.34925783, 0.34928554, 0.34929290, 0.12592809E-1
0.83327904E-1, 0.40188089E-1, 0.12057632E-1, 0.0000000, 0.0000000, 0.0000000, 0.41844547, 3.9437494, 9.7753992, 19.835108, 19.852365, 19.857319, 19.858658, 0.24999794, 0.24999656, 0.24999925, 0.25418359, 0.28943348, 0.34775066, 0.34917554, 0.34926182, 0.34928659, 0.34929329, 0.12057632E-1
0.84457614E-1, 0.53830557E-1, 0.16150782E-1, 0.96204877E-1, 0.0000000, 0.0000000, 0.33079982, 3.6472285, 9.7571144, 19.835585, 19.852530, 19.857353, 19.858683, 0.25096181, 0.24999656, 0.24999925, 0.25330794, 0.28647202, 0.34757090, 0.34917793, 0.34926265, 0.34928676, 0.34929341, 0.16150782E-1
0.82968384E-1, 0.35846494E-1, 0.10755024E-1, 0.0000000, 0.0000000, 0.0000000, 0.26029646, 3.3939817, 9.7684174, 19.836529, 19.852812, 19.857431, 19.858704, 0.24996652, 0.24999656, 0.24999925, 0.25260231, 0.28393552, 0.34768006, 0.34918264, 0.34926406, 0.34928715, 0.34929353, 0.10755024E-1
0.82807288E-1, 0.33901066E-1, 0.10171337E-1, 0.0000000, 0.0000000, 0.0000000, 0.19620955, 3.1343224, 9.7652540, 19.837675, 19.853138, 19.857536, 19.858709, 0.24996652, 0.24999656, 0.24999925, 0.25196135, 0.28133738, 0.34764647, 0.34918839, 0.34926569, 0.34928769, 0.34929353, 0.10171337E-1
0.82635425E-1, 0.31825621E-1, 0.95486417E-2, 0.0000000, 0.0000000, 0.0000000, 0.12265444, 2.9066503, 9.6435337, 19.837780, 19.853186, 19.857561, 19.858698, 0.24996652, 0.24999656, 0.24999925, 0.25122616, 0.27906188, 0.34643021, 0.34918889, 0.34926593, 0.34928781, 0.34929350, 0.95486417E-2
0.82500719E-1, 0.30198922E-1, 0.90605831E-2, 0.0000000, 0.0000000, 0.0000000, 0.60948730E-1, 2.7630270, 9.4678259, 19.838341, 19.853373, 19.857609, 19.858709, 0.24996652, 0.24999656, 0.24999925, 0.25060934, 0.27762702, 0.34467456, 0.34919170, 0.34926686, 0.34928805, 0.34929353, 0.90605831E-2
0.83163962E-1, 0.38208291E-1, 0.11463634E-1, 0.50345063E-1, 0.0000000, 0.0000000, 0.42507052E-1, 2.7444987, 9.4217768, 19.841686, 19.854275, 19.857832, 19.858709, 0.25050181, 0.24999656, 0.24999925, 0.25042498, 0.27744231, 0.34421471, 0.34920841, 0.34927136, 0.34928915, 0.34929353, 0.11463634E-1
0.17035818, 1.0000000, 0.32738474, 2.3392320, 2.9816926, 5.2720485, 8.0226278, 8.7161131, 9.5130215, 19.844748, 19.855103, 19.858036, 19.858709, 0.27339149, 0.27981630, 0.30271992, 0.33022609, 0.33716103, 0.34513018, 0.34922373, 0.34927553, 0.34929019, 0.34929353, 0.32738474
0.35600001, 1.0000000, 1.0000000, 9.9999990, 9.9999990, 9.9999990, 9.9999990, 9.9999990, 9.9999990, 19.999998, 19.999998, 19.999998, 19.998999, 0.34999999, 0.34999999, 0.34999999, 0.34999999, 0.34999999, 0.34999999, 0.34999999, 0.34999999, 0.34999999, 0.34999499, 1.0000000
0.35600001, 1.0000000, 1.0000000, 9.9999990, 9.9999990, 9.9999990, 9.9999990, 9.9999990, 9.9999990, 19.999998, 19.999998, 19.999998, 19.995995, 0.34999999, 0.34999999, 0.34999999, 0.34999999, 0.34999999, 0.34999999, 0.34999999, 0.34999999, 0.34999999, 0.34997997, 1.0000000
0.35599953, 1.0000000, 0.99999827, 9.9999990, 9.9999990, 9.9999990, 9.9999990, 9.9999990, 9.9999990, 19.999998, 19.999998, 19.999998, 19.998999, 0.34999976, 0.34999985, 0.34999993, 0.34999999, 0.34999999, 0.34999999, 0.34999999, 0.34999999, 0.34999999, 0.34999499, 0.99999827
0.34414732, 1.0000000, 0.95705557, 9.3511772, 9.7334433, 9.8555737, 9.9591808, 9.9791927, 9.9917364, 19.998669, 19.999636, 19.999678, 19.975233, 0.34348583, 0.34732074, 0.34854877, 0.34958866, 0.34979033, 0.34991655, 0.34999320, 0.34999815, 0.34999838, 0.34987617, 0.95705557
0.31053531, 1.0000000, 0.83527279, 7.2401910, 9.3781013, 9.6237230, 9.8346844, 9.9114723, 9.9594231, 19.989199, 19.997173, 19.997459, 19.952705, 0.32214686, 0.34364864, 0.34616971, 0.34831339, 0.34909764, 0.34958559, 0.34994444, 0.34998545, 0.34998718, 0.34976348, 0.83527279
0.26340085, 1.0000000, 0.66449583, 3.9589090, 9.2448778, 9.5028563, 9.7212515, 9.8376923, 9.9190483, 19.974697, 19.993294, 19.992476, 19.932449, 0.28927368, 0.34228271, 0.34494382, 0.34717056, 0.34835553, 0.34917963, 0.34987155, 0.34996596, 0.34996226, 0.34966221, 0.66449583
0.23007958, 1.0000000, 0.54376656, 2.2726507, 8.0013695, 9.4806280, 9.6880960, 9.8066750, 9.8983221, 19.964895, 19.990383, 19.984930, 19.915331, 0.27260774, 0.32995009, 0.34477350, 0.34686497, 0.34805858, 0.34897909, 0.34982374, 0.34995174, 0.34992459, 0.34957665, 0.54376656
0.20492439, 1.0000000, 0.45262459, 1.3776094, 6.4282308, 9.4824171, 9.6822262, 9.7966652, 9.8892641, 19.957880, 19.987762, 19.974741, 19.901375, 0.26377457, 0.31427804, 0.34482101, 0.34682161, 0.34796631, 0.34889251, 0.34978941, 0.34993881, 0.34987372, 0.34950688, 0.45262459
0.18172690, 1.0000000, 0.36857572, 0.63919425, 4.8644300, 9.4695387, 9.6761589, 9.7899561, 9.8839769, 19.952511, 19.984861, 19.962378, 19.890400, 0.25639135, 0.29864156, 0.34469274, 0.34676105, 0.34789929, 0.34883967, 0.34976256, 0.34992430, 0.34981188, 0.34945199, 0.36857572
0.16035748, 0.97040385, 0.29115027, 0.14588237E-1, 3.3331709, 9.4542990, 9.6678772, 9.7835951, 9.8798018, 19.947992, 19.980974, 19.948683, 19.881985, 0.25014588, 0.28333023, 0.34454092, 0.34667835, 0.34783575, 0.34879795, 0.34973997, 0.34990487, 0.34974343, 0.34940994, 0.29115027
0.15042359, 0.85044122, 0.25515789, 0.0000000, 2.4822056, 8.8090401, 9.6562490, 9.7753201, 9.8737831, 19.941887, 19.975063, 19.934500, 19.875612, 0.24999976, 0.27481991, 0.33808658, 0.34656167, 0.34775278, 0.34873769, 0.34970945, 0.34987533, 0.34967250, 0.34937805, 0.25515789
0.14268905, 0.75703847, 0.22713426, 0.0000000, 1.9779563, 7.9492378, 9.6577835, 9.7750235, 9.8730984, 19.938383, 19.968008, 19.921005, 19.870930, 0.24999976, 0.26977706, 0.32948738, 0.34657660, 0.34774962, 0.34873077, 0.34969193, 0.34984004, 0.34960502, 0.34935465, 0.22713426
0.13685188, 0.68654829, 0.20598508, 0.0000000, 1.6084999, 7.2713737, 9.6816807, 9.7880526, 9.8781366, 19.935776, 19.959370, 19.908758, 19.867516, 0.24999976, 0.26608399, 0.32271144, 0.34681618, 0.34788024, 0.34878126, 0.34967887, 0.34979683, 0.34954378, 0.34933758, 0.20598508
0.13356906, 0.64690465, 0.19409080, 0.0000000, 1.4203042, 6.8434677, 9.7244978, 9.8135242, 9.8899794, 19.935301, 19.949858, 19.898268, 19.865070, 0.24999976, 0.26420170, 0.31843150, 0.34724408, 0.34813479, 0.34889963, 0.34967649, 0.34974930, 0.34949133, 0.34932536, 0.19409080
0.12885994, 0.59003687, 0.17702878, 0.0000000, 1.1360049, 6.2780471, 9.7094278, 9.8074360, 9.8886299, 19.932463, 19.938898, 19.889357, 19.863291, 0.24999976, 0.26135927, 0.31277829, 0.34709358, 0.34807405, 0.34888619, 0.34966230, 0.34969449, 0.34944677, 0.34931645, 0.17702878
0.12302972, 0.51963073, 0.15590481, 0.0000000, 0.76467395, 5.6196270, 9.6824379, 9.7919102, 9.8807631, 19.926085, 19.926775, 19.881922, 19.861965, 0.24999976, 0.25764614, 0.30619407, 0.34682363, 0.34791872, 0.34880751, 0.34963042, 0.34963387, 0.34940961, 0.34930983, 0.15590481
0.11993578, 0.48226798, 0.14469486, 0.0000000, 0.59174597, 5.2086186, 9.7204924, 9.8123178, 9.8885422, 19.922060, 19.915724, 19.876230, 19.861067, 0.24999976, 0.25591639, 0.30208144, 0.34720317, 0.34812230, 0.34888512, 0.34961030, 0.34957862, 0.34938115, 0.34930533, 0.14469486
0.11557165, 0.42956635, 0.12888280, 0.0000000, 0.34387410, 4.6558709, 9.6977148, 9.8002968, 9.8830786, 19.915312, 19.904966, 19.871672, 19.860409, 0.24999976, 0.25343826, 0.29655558, 0.34697583, 0.34800231, 0.34883058, 0.34957656, 0.34952483, 0.34935835, 0.34930205, 0.12888280
0.11268371, 0.39469135, 0.11841925, 0.0000000, 0.19672811, 4.2464986, 9.7206898, 9.8123760, 9.8869543, 19.909389, 19.895727, 19.868282, 19.859974, 0.24999976, 0.25196707, 0.29246286, 0.34720594, 0.34812328, 0.34886938, 0.34954694, 0.34947863, 0.34934142, 0.34929988, 0.11841925
0.11011676, 0.36369261, 0.10911870, 0.0000000, 0.44900179E-1, 3.9242425, 9.7435045, 9.8251724, 9.8904181, 19.902304, 19.887640, 19.865704, 19.859638, 0.24999976, 0.25044894, 0.28923932, 0.34743351, 0.34825096, 0.34890392, 0.34951150, 0.34943819, 0.34932852, 0.34929818, 0.10911870
0.10819721, 0.34051195, 0.10216380, 0.0000000, 0.0000000, 3.5530982, 9.7330790, 9.8195705, 9.8859053, 19.893642, 19.880470, 19.863665, 19.859392, 0.24999976, 0.24999988, 0.28552851, 0.34732944, 0.34819502, 0.34885880, 0.34946820, 0.34940237, 0.34931833, 0.34929696, 0.10216380
0.10728195, 0.32945925, 0.98847657E-1, 0.0000000, 0.0000000, 3.3231022, 9.7679710, 9.8379326, 9.8915129, 19.887640, 19.875212, 19.862288, 19.859251, 0.24999976, 0.24999988, 0.28322786, 0.34767786, 0.34837839, 0.34891480, 0.34943819, 0.34937605, 0.34931144, 0.34929627, 0.98847657E-1
0.16186363, 0.98859215, 0.29660732, 2.5114803, 2.4937363, 3.1533601, 9.7969017, 9.8536863, 9.8959103, 19.882044, 19.871038, 19.861292, 19.859211, 0.27508646, 0.27492276, 0.28152603, 0.34796509, 0.34853482, 0.34895810, 0.34941006, 0.34935516, 0.34930646, 0.34929606, 0.29660732
0.16804990, 1.0000000, 0.31902140, 2.3270726, 2.3059816, 5.6189003, 9.8209057, 9.8668270, 9.8994436, 19.877502, 19.867899, 19.860586, 19.859211, 0.27326974, 0.27305922, 0.30618829, 0.34820881, 0.34866816, 0.34899440, 0.34938753, 0.34933949, 0.34930295, 0.34929606, 0.31902140
0.18948014, 1.0000000, 0.39666715, 2.1560013, 3.6777124, 8.6260405, 9.8042459, 9.8579769, 9.8930502, 19.871080, 19.864861, 19.859953, 19.859144, 0.27155989, 0.28677702, 0.33626026, 0.34804243, 0.34857973, 0.34893051, 0.34935540, 0.34932429, 0.34929976, 0.34929574, 0.39666715
0.16821790, 1.0000000, 0.31963003, 1.2893468, 2.5099039, 8.7797413, 9.7365360, 9.8188963, 9.8725777, 19.860788, 19.861250, 19.859175, 19.858992, 0.26279309, 0.27504715, 0.33776945, 0.34735167, 0.34818199, 0.34872225, 0.34930331, 0.34930611, 0.34929585, 0.34929496, 0.31963003
0.15554379, 0.91227329, 0.27370936, 0.68958700, 2.1706641, 8.3633709, 9.7313871, 9.8118591, 9.8664560, 19.854593, 19.859030, 19.858696, 19.858875, 0.25687045, 0.27169243, 0.33362412, 0.34730989, 0.34811655, 0.34866360, 0.34927282, 0.34929511, 0.34929347, 0.34929436, 0.27370936
0.13526982, 0.66744310, 0.20025297, 0.0000000, 1.3484478, 7.4626551, 9.6324081, 9.7520943, 9.8352737, 19.840729, 19.854961, 19.857725, 19.858692, 0.24998526, 0.26333576, 0.32454541, 0.34628433, 0.34750068, 0.34834251, 0.34920183, 0.34927434, 0.34928852, 0.34929344, 0.20025297
0.12515338, 0.54527611, 0.16359919, 0.0000000, 0.60243309, 6.5209146, 9.6010265, 9.7274208, 9.8196449, 19.830606, 19.851933, 19.857046, 19.858547, 0.24998526, 0.25587410, 0.31512585, 0.34596935, 0.34725335, 0.34818602, 0.34915119, 0.34925920, 0.34928513, 0.34929270, 0.16359919
0.11597024, 0.43437979, 0.13032697, 0.0000000, 0.0000000, 5.4917045, 9.5711174, 9.7061977, 9.8063049, 19.821651, 19.849287, 19.856398, 19.858412, 0.24998526, 0.24999994, 0.30478457, 0.34564519, 0.34702834, 0.34804618, 0.34910527, 0.34924567, 0.34928179, 0.34929201, 0.13032697
0.11138868, 0.37905246, 0.11372712, 0.0000000, 0.0000000, 4.3839827, 9.5576048, 9.6944056, 9.7990808, 19.816296, 19.847591, 19.856010, 19.858328, 0.24998526, 0.24999994, 0.29375339, 0.34553254, 0.34692186, 0.34797978, 0.34907958, 0.34923744, 0.34927994, 0.34929159, 0.11372712
0.10810068, 0.33934629, 0.10181407, 0.0000000, 0.0000000, 3.5749800, 9.5949697, 9.7157145, 9.8084736, 19.817343, 19.847631, 19.856041, 19.858376, 0.24998526, 0.24999994, 0.28570664, 0.34592754, 0.34714586, 0.34807923, 0.34908578, 0.34923792, 0.34928015, 0.34929183, 0.10181407
0.10456812, 0.29668680, 0.89014940E-1, 0.0000000, 0.0000000, 2.7986407, 9.2734375, 9.6890831, 9.7965708, 19.813915, 19.846535, 19.855751, 19.858316, 0.24998526, 0.24999994, 0.27785900, 0.34266812, 0.34685698, 0.34794894, 0.34906667, 0.34923193, 0.34927854, 0.34929153, 0.89014940E-1
0.10375617, 0.28688166, 0.86073108E-1, 0.0000000, 0.0000000, 2.6385188, 8.9904356, 9.7455244, 9.8229151, 19.821310, 19.848375, 19.856272, 19.858463, 0.24998526, 0.24999994, 0.27638194, 0.33990216, 0.34745404, 0.34822872, 0.34910655, 0.34924188, 0.34928137, 0.34929231, 0.86073108E-1
0.10240279, 0.27053809, 0.81169546E-1, 0.0000000, 0.0000000, 2.3741245, 8.6764145, 9.7463236, 9.8253317, 19.824085, 19.849134, 19.856476, 19.858480, 0.24998526, 0.24999994, 0.27373916, 0.33676264, 0.34746239, 0.34825301, 0.34912044, 0.34924567, 0.34928238, 0.34929240, 0.81169546E-1
0.10073726, 0.25042492, 0.75134993E-1, 0.0000000, 0.0000000, 2.0481973, 8.3185635, 9.7346048, 9.8200283, 19.823040, 19.848892, 19.856394, 19.858440, 0.24998526, 0.24999994, 0.27044952, 0.33316797, 0.34733683, 0.34819588, 0.34911451, 0.34924430, 0.34928191, 0.34929222, 0.75134993E-1
0.97961411E-1, 0.21690357, 0.65077581E-1, 0.0000000, 0.0000000, 1.5005410, 7.7631145, 9.6811724, 9.7941132, 19.814941, 19.846731, 19.855839, 19.858292, 0.24998526, 0.24999994, 0.26492447, 0.32758698, 0.34678856, 0.34792992, 0.34907290, 0.34923318, 0.34927908, 0.34929141, 0.65077581E-1
0.95329367E-1, 0.18511875, 0.55541180E-1, 0.0000000, 0.0000000, 0.99846125, 7.1105614, 9.6483259, 9.7791891, 19.811781, 19.845778, 19.855574, 19.858234, 0.24998526, 0.24999994, 0.25990942, 0.32106307, 0.34646046, 0.34778100, 0.34905720, 0.34922844, 0.34927773, 0.34929115, 0.55541180E-1
0.93417361E-1, 0.16202922, 0.48613627E-1, 0.0000000, 0.0000000, 0.64842403, 6.5058112, 9.6546764, 9.7824869, 19.813644, 19.846161, 19.855686, 19.858311, 0.24998526, 0.24999994, 0.25648278, 0.31505519, 0.34654459, 0.34782413, 0.34906822, 0.34923080, 0.34927842, 0.34929156, 0.48613627E-1
0.92152797E-1, 0.14675821, 0.44031866E-1, 0.0000000, 0.0000000, 0.43765604, 6.0181780, 9.6773100, 9.7947979, 19.818714, 19.847492, 19.856052, 19.858440, 0.24998526, 0.24999994, 0.25437623, 0.31018090, 0.34677237, 0.34794775, 0.34909356, 0.34923747, 0.34928027, 0.34929222, 0.44031866E-1
0.90547763E-1, 0.12737569, 0.38216531E-1, 0.0000000, 0.0000000, 0.17696917, 5.4017444, 9.6444311, 9.7824659, 19.820286, 19.847946, 19.856199, 19.858452, 0.24998526, 0.24999994, 0.25176942, 0.30401585, 0.34644288, 0.34782419, 0.34910142, 0.34923974, 0.34928101, 0.34929225, 0.38216531E-1
0.90014458E-1, 0.12093546, 0.36284268E-1, 0.0000000, 0.0000000, 0.10160506, 5.0875988, 9.7262402, 9.8178225, 19.826895, 19.849779, 19.856705, 19.858536, 0.24998526, 0.24999994, 0.25101590, 0.30087456, 0.34726104, 0.34817776, 0.34913447, 0.34924889, 0.34928352, 0.34929270, 0.36284268E-1
0.89333922E-1, 0.11271725, 0.33818558E-1, 0.0000000, 0.0000000, 0.0000000, 4.7728720, 9.7268915, 9.8215017, 19.830326, 19.850779, 19.856955, 19.858593, 0.24998526, 0.24999994, 0.24999996, 0.29772627, 0.34726644, 0.34821418, 0.34915164, 0.34925389, 0.34928477, 0.34929296, 0.33818558E-1
0.88794507E-1, 0.10620324, 0.31864159E-1, 0.0000000, 0.0000000, 0.0000000, 4.1734066, 9.6353340, 9.7839222, 19.828615, 19.850409, 19.856859, 19.858574, 0.24998526, 0.24999994, 0.24999996, 0.29173198, 0.34635094, 0.34783843, 0.34914309, 0.34925205, 0.34928429, 0.34929287, 0.31864159E-1
0.88328071E-1, 0.10057055, 0.30174185E-1, 0.0000000, 0.0000000, 0.0000000, 3.6094961, 9.6364193, 9.7826328, 19.829197, 19.850622, 19.856907, 19.858580, 0.24998526, 0.24999994, 0.24999996, 0.28609449, 0.34636354, 0.34782612, 0.34914598, 0.34925312, 0.34928453, 0.34929290, 0.30174185E-1
0.88123403E-1, 0.98098963E-1, 0.29432632E-1, 0.0000000, 0.0000000, 0.0000000, 3.3114686, 9.7256851, 9.8197117, 19.832838, 19.851648, 19.857201, 19.858658, 0.24998526, 0.24999994, 0.24999996, 0.28311440, 0.34725642, 0.34819695, 0.34916419, 0.34925824, 0.34928602, 0.34929329, 0.29432632E-1
0.14275554, 0.75784147, 0.22737518, 2.5978625, 2.2801101, 0.0000000, 3.1574988, 9.7897472, 9.8483410, 19.837866, 19.853045, 19.857567, 19.858709, 0.27597824, 0.27280089, 0.24999996, 0.28157496, 0.34789744, 0.34848341, 0.34918934, 0.34926522, 0.34928784, 0.34929353, 0.22737518
0.13675788, 0.68541306, 0.20564449, 2.3703904, 1.9519806, 0.0000000, 2.9988647, 9.7657690, 9.8491497, 19.837975, 19.853149, 19.857597, 19.858709, 0.27370325, 0.26951948, 0.24999996, 0.27998859, 0.34765759, 0.34849146, 0.34918988, 0.34926575, 0.34928799, 0.34929353, 0.20564449
0.12804727, 0.58022308, 0.17408434, 1.9411862, 1.6282767, 0.0000000, 2.9264956, 9.6502647, 9.8483362, 19.838629, 19.853392, 19.857635, 19.858704, 0.26941150, 0.26628259, 0.24999996, 0.27926493, 0.34650260, 0.34848332, 0.34919316, 0.34926695, 0.34928817, 0.34929353, 0.17408434
0.11603303, 0.43513805, 0.13055447, 1.2834966, 1.2880892, 0.0000000, 2.8437166, 9.5317764, 9.8462276, 19.837976, 19.853243, 19.857590, 19.858688, 0.26283279, 0.26287958, 0.24999996, 0.27843687, 0.34531730, 0.34846210, 0.34918988, 0.34926623, 0.34928796, 0.34929344, 0.13055447
0.99206634E-1, 0.23194097, 0.69589250E-1, 0.38109720, 0.78249872, 0.0000000, 2.7105868, 9.3565311, 9.8316002, 19.834986, 19.852497, 19.857388, 19.858652, 0.25380841, 0.25782183, 0.24999996, 0.27710477, 0.34356344, 0.34831536, 0.34917492, 0.34926248, 0.34928694, 0.34929326, 0.69589250E-1
0.89724422E-1, 0.11743294, 0.35233408E-1, 0.0000000, 0.29920340, 0.0000000, 2.5566249, 9.1229315, 9.8138161, 19.833155, 19.852001, 19.857265, 19.858635, 0.24990597, 0.25299093, 0.24999996, 0.27556530, 0.34122765, 0.34813756, 0.34916577, 0.34926000, 0.34928632, 0.34929317, 0.35233408E-1
0.86964726E-1, 0.84106639E-1, 0.25234515E-1, 0.0000000, 0.0000000, 0.0000000, 2.3750753, 8.8095903, 9.7919645, 19.832214, 19.851728, 19.857183, 19.858635, 0.24994756, 0.24996296, 0.24999996, 0.27374899, 0.33809263, 0.34791842, 0.34916109, 0.34925863, 0.34928590, 0.34929317, 0.25234515E-1
0.86614117E-1, 0.79872668E-1, 0.23964196E-1, 0.0000000, 0.0000000, 0.0000000, 2.1531463, 8.4133682, 9.7700930, 19.829943, 19.851088, 19.857000, 19.858599, 0.24994756, 0.24996296, 0.24999996, 0.27153093, 0.33413261, 0.34770051, 0.34914970, 0.34925544, 0.34928501, 0.34929299, 0.23964196E-1
0.86224757E-1, 0.75170711E-1, 0.22553468E-1, 0.0000000, 0.0000000, 0.0000000, 1.9281805, 7.9294171, 9.7506008, 19.830566, 19.851229, 19.857065, 19.858610, 0.24994756, 0.24996296, 0.24999996, 0.26928103, 0.32929260, 0.34750536, 0.34915283, 0.34925616, 0.34928533, 0.34929305, 0.22553468E-1
0.86031824E-1, 0.72840825E-1, 0.21854432E-1, 0.0000000, 0.0000000, 0.0000000, 1.8241227, 7.6599803, 9.7853928, 19.833426, 19.851976, 19.857265, 19.858675, 0.24994756, 0.24996296, 0.24999996, 0.26824030, 0.32659790, 0.34785312, 0.34916714, 0.34925988, 0.34928632, 0.34929338, 0.21854432E-1
0.85785151E-1, 0.69861971E-1, 0.20960689E-1, 0.0000000, 0.0000000, 0.0000000, 1.6745657, 7.3632321, 9.7848511, 19.832567, 19.851765, 19.857225, 19.858652, 0.24994756, 0.24996296, 0.24999996, 0.26674524, 0.32363141, 0.34784809, 0.34916285, 0.34925884, 0.34928614, 0.34929326, 0.20960689E-1
0.85643388E-1, 0.68150029E-1, 0.20447053E-1, 0.0000000, 0.0000000, 0.0000000, 1.6042024, 7.1551809, 9.8041325, 19.836529, 19.852812, 19.857491, 19.858709, 0.24994756, 0.24996296, 0.24999996, 0.26604146, 0.32155052, 0.34804073, 0.34918264, 0.34926406, 0.34928745, 0.34929353, 0.20447053E-1
0.90928510E-1, 0.13197364, 0.39596051E-1, 0.39437711, 0.0000000, 0.0000000, 1.5156299, 6.9516058, 9.8113232, 19.837700, 19.853174, 19.857584, 19.858709, 0.25394323, 0.24996296, 0.24999996, 0.26515618, 0.31951576, 0.34811309, 0.34918851, 0.34926587, 0.34928793, 0.34929353, 0.39596051E-1
0.88094190E-1, 0.97746171E-1, 0.29326785E-1, 0.19882321, 0.0000000, 0.0000000, 1.4379233, 6.7757845, 9.8179293, 19.838749, 19.853474, 19.857649, 19.858709, 0.25198808, 0.24996296, 0.24999996, 0.26437917, 0.31775770, 0.34817919, 0.34919375, 0.34926736, 0.34928825, 0.34929353, 0.29326785E-1
0.16582194, 1.0000000, 0.31094909, 2.3980365, 3.2681391, 3.4171124, 7.5029216, 9.5451488, 9.8439980, 19.840919, 19.854082, 19.857807, 19.858709, 0.27398011, 0.28268117, 0.28417102, 0.32502916, 0.34545144, 0.34843999, 0.34920460, 0.34927040, 0.34928903, 0.34929353, 0.31094909
0.12541589, 0.54844618, 0.16455032, 0.84774792, 1.3608664, 2.4651706, 8.4313364, 9.6767492, 9.8199492, 19.831821, 19.851692, 19.857147, 19.858568, 0.25842673, 0.26358169, 0.27463704, 0.33430550, 0.34676340, 0.34819755, 0.34915882, 0.34925836, 0.34928569, 0.34929284, 0.16455032
0.10571209, 0.31050137, 0.93159728E-1, 0.0000000, 0.66854954, 1.9992977, 7.8959265, 9.6850710, 9.8066092, 19.827681, 19.850544, 19.856846, 19.858494, 0.24995404, 0.25668463, 0.26999170, 0.32895824, 0.34685007, 0.34806588, 0.34913841, 0.34925273, 0.34928423, 0.34929246, 0.93159728E-1
0.98244645E-1, 0.22032394, 0.66103794E-1, 0.0000000, 0.62054396E-1, 1.5261054, 7.3184237, 9.6683493, 9.7946348, 19.824251, 19.849579, 19.856611, 19.858458, 0.24995404, 0.25062037, 0.26525894, 0.32318223, 0.34668216, 0.34794590, 0.34912127, 0.34924790, 0.34928304, 0.34929228, 0.66103794E-1
0.95606849E-1, 0.18846966, 0.56546554E-1, 0.0000000, 0.0000000, 1.1333555, 6.7230139, 9.6572466, 9.7897539, 19.824654, 19.849607, 19.856598, 19.858463, 0.24995404, 0.24998754, 0.26133177, 0.31722802, 0.34657094, 0.34789702, 0.34912327, 0.34924805, 0.34928298, 0.34929231, 0.56546554E-1
0.93778498E-1, 0.16639034, 0.49922097E-1, 0.0000000, 0.0000000, 0.80680847, 6.1457682, 9.6605349, 9.7907858, 19.825325, 19.849712, 19.856611, 19.858463, 0.24995404, 0.24998754, 0.25806645, 0.31145519, 0.34660339, 0.34790719, 0.34912664, 0.34924856, 0.34928304, 0.34929231, 0.49922097E-1
0.93046747E-1, 0.15755369, 0.47270834E-1, 0.0000000, 0.0000000, 0.69078803, 5.8067899, 9.7211161, 9.8179321, 19.830652, 19.851091, 19.856953, 19.858553, 0.24995404, 0.24998754, 0.25690699, 0.30806640, 0.34720990, 0.34817889, 0.34915325, 0.34925544, 0.34928477, 0.34929276, 0.47270834E-1
0.92216924E-1, 0.14753266, 0.44264223E-1, 0.0000000, 0.0000000, 0.55637956, 5.4752040, 9.7216578, 9.8216820, 19.834188, 19.852064, 19.857246, 19.858622, 0.24995404, 0.24998754, 0.25556362, 0.30475172, 0.34721628, 0.34821674, 0.34917095, 0.34926033, 0.34928623, 0.34929311, 0.44264223E-1
0.91029130E-1, 0.13318875, 0.39960623E-1, 0.0000000, 0.0000000, 0.36189854, 5.0336704, 9.6850843, 9.8078384, 19.834702, 19.852236, 19.857283, 19.858652, 0.24995404, 0.24998754, 0.25361884, 0.30033630, 0.34685043, 0.34807822, 0.34917352, 0.34926116, 0.34928641, 0.34929326, 0.39960623E-1
0.90499289E-1, 0.12679031, 0.38040899E-1, 0.0000000, 0.0000000, 0.28428435, 4.7523127, 9.7374372, 9.8290606, 19.837893, 19.853121, 19.857502, 19.858709, 0.24995404, 0.24998754, 0.25284252, 0.29752207, 0.34737328, 0.34829023, 0.34918946, 0.34926561, 0.34928751, 0.34929353, 0.38040899E-1
0.89524962E-1, 0.11502431, 0.34510747E-1, 0.0000000, 0.0000000, 0.12730062, 4.3768797, 9.7085285, 9.8181267, 19.837322, 19.853020, 19.857477, 19.858683, 0.24995404, 0.24998754, 0.25127274, 0.29376704, 0.34708333, 0.34818062, 0.34918660, 0.34926510, 0.34928739, 0.34929341, 0.34510747E-1
0.20969474, 1.0000000, 0.46990845, 2.7949185, 4.9921904, 8.8678122, 9.2784052, 9.7573280, 9.8383522, 19.840572, 19.853903, 19.857744, 19.858709, 0.27794808, 0.29992071, 0.33867705, 0.34278384, 0.34757316, 0.34838349, 0.34920287, 0.34926951, 0.34928873, 0.34929353, 0.46990845
0.18972322, 1.0000000, 0.39754787, 2.5732338, 2.9306026, 8.8453970, 9.5877647, 9.7426062, 9.8296518, 19.835562, 19.852613, 19.857382, 19.858604, 0.27573177, 0.27930564, 0.33845338, 0.34587753, 0.34742600, 0.34829649, 0.34917781, 0.34926307, 0.34928691, 0.34929302, 0.39754787
0.16197953, 0.98999172, 0.29702723, 1.3251305, 2.1994233, 7.7670531, 9.6026897, 9.7296896, 9.8221092, 19.831242, 19.851480, 19.857084, 19.858557, 0.26324838, 0.27199134, 0.32766539, 0.34602565, 0.34729624, 0.34822088, 0.34915620, 0.34925741, 0.34928542, 0.34929278, 0.29702723
0.13637933, 0.68084162, 0.20427293, 0.25430918, 1.4840275, 6.5888481, 9.5837669, 9.7143145, 9.8146696, 19.828390, 19.850685, 19.856863, 19.858505, 0.25254217, 0.26483700, 0.31588119, 0.34583554, 0.34714207, 0.34814635, 0.34914196, 0.34925342, 0.34928432, 0.34929252, 0.20427293
0.12291737, 0.51827389, 0.15549771, 0.0000000, 0.88927448, 5.3779483, 9.5680513, 9.7037992, 9.8104858, 19.827871, 19.850485, 19.856806, 19.858505, 0.24996233, 0.25889087, 0.30377385, 0.34567851, 0.34703699, 0.34810451, 0.34913936, 0.34925243, 0.34928402, 0.34929252, 0.15549771
0.11628900, 0.43822920, 0.13148192, 0.0000000, 0.54150522, 4.4643083, 9.6001596, 9.7222004, 9.8190928, 19.830240, 19.851086, 19.856960, 19.858562, 0.24996233, 0.25541291, 0.29463422, 0.34599778, 0.34722006, 0.34819028, 0.34915119, 0.34925544, 0.34928480, 0.34929281, 0.13148192
0.11292819, 0.39764369, 0.11930504, 0.0000000, 0.39768517, 3.9222410, 9.6627674, 9.7597599, 9.8365088, 19.834873, 19.852306, 19.857283, 19.858664, 0.24996233, 0.25397637, 0.28922009, 0.34662652, 0.34759703, 0.34836489, 0.34917438, 0.34926152, 0.34928641, 0.34929332, 0.11930504
0.10687276, 0.32451776, 0.97365066E-1, 0.0000000, 0.93257427E-1, 3.0830939, 9.6060429, 9.7297916, 9.8257971, 19.835161, 19.852402, 19.857319, 19.858675, 0.24996233, 0.25093243, 0.28082845, 0.34605888, 0.34729710, 0.34825769, 0.34917581, 0.34926200, 0.34928659, 0.34929338, 0.97365066E-1
0.10362272, 0.28526998, 0.85589550E-1, 0.0000000, 0.0000000, 2.5637090, 9.2211838, 9.7104578, 9.8179216, 19.834972, 19.852377, 19.857319, 19.858683, 0.24996233, 0.24999310, 0.27563468, 0.34221008, 0.34710366, 0.34817892, 0.34917486, 0.34926188, 0.34928659, 0.34929341, 0.85589550E-1
0.10193778, 0.26492247, 0.79484694E-1, 0.0000000, 0.0000000, 2.2399127, 8.8002501, 9.7184505, 9.8213844, 19.836367, 19.852755, 19.857414, 19.858698, 0.24996233, 0.24999310, 0.27239740, 0.33800116, 0.34718376, 0.34821361, 0.34918183, 0.34926379, 0.34928706, 0.34929350, 0.79484694E-1
0.10044666, 0.24691558, 0.74082084E-1, 0.0000000, 0.0000000, 1.9576460, 8.4063530, 9.7251797, 9.8246298, 19.837591, 19.853107, 19.857519, 19.858704, 0.24996233, 0.24999310, 0.26957551, 0.33406270, 0.34725133, 0.34824616, 0.34918797, 0.34926555, 0.34928760, 0.34929353, 0.74082084E-1
0.98385118E-1, 0.22202027, 0.66612743E-1, 0.0000000, 0.0000000, 1.5691310, 7.8793364, 9.6905518, 9.8109026, 19.837168, 19.853008, 19.857506, 19.858688, 0.24996233, 0.24999310, 0.26568946, 0.32879150, 0.34690440, 0.34810865, 0.34918582, 0.34926504, 0.34928754, 0.34929344, 0.66612743E-1
0.95728040E-1, 0.18993320, 0.56985658E-1, 0.0000000, 0.0000000, 1.0804653, 7.1451192, 9.6360006, 9.7854614, 19.833731, 19.852119, 19.857288, 19.858622, 0.24996233, 0.24999310, 0.26080298, 0.32144898, 0.34635851, 0.34785411, 0.34916866, 0.34926060, 0.34928644, 0.34929311, 0.56985658E-1
0.93644932E-1, 0.16477743, 0.49438175E-1, 0.0000000, 0.0000000, 0.72322786, 6.4207668, 9.6282911, 9.7801142, 19.832720, 19.851847, 19.857225, 19.858622, 0.24996233, 0.24999310, 0.25723004, 0.31420371, 0.34627992, 0.34780014, 0.34916359, 0.34925923, 0.34928614, 0.34929311, 0.49438175E-1
0.91909632E-1, 0.14382178, 0.43150850E-1, 0.0000000, 0.0000000, 0.44315755, 5.7266507, 9.6248007, 9.7781582, 19.832371, 19.851728, 19.857201, 19.858635, 0.24996233, 0.24999310, 0.25443053, 0.30726382, 0.34624574, 0.34778082, 0.34916186, 0.34925863, 0.34928602, 0.34929317, 0.43150850E-1
0.90423197E-1, 0.12587145, 0.37765212E-1, 0.0000000, 0.0000000, 0.21703243, 5.0617518, 9.6244516, 9.7777443, 19.832102, 19.851648, 19.857183, 19.858641, 0.24996233, 0.24999310, 0.25217003, 0.30061615, 0.34624320, 0.34777698, 0.34916049, 0.34925824, 0.34928590, 0.34929320, 0.37765212E-1
0.88812448E-1, 0.10641991, 0.31929165E-1, 0.0000000, 0.0000000, 0.0000000, 4.2306452, 9.5743256, 9.7549133, 19.830414, 19.851181, 19.857054, 19.858616, 0.24996233, 0.24999310, 0.24999376, 0.29230294, 0.34573928, 0.34754780, 0.34915206, 0.34925592, 0.34928527, 0.34929308, 0.31929165E-1
0.88118687E-1, 0.98041996E-1, 0.29415540E-1, 0.0000000, 0.0000000, 0.0000000, 3.3962922, 9.5682240, 9.7496433, 19.829325, 19.850870, 19.856970, 19.858610, 0.24996233, 0.24999310, 0.24999376, 0.28396198, 0.34568095, 0.34749600, 0.34914663, 0.34925434, 0.34928486, 0.34929305, 0.29415540E-1
0.87839276E-1, 0.94667777E-1, 0.28403174E-1, 0.0000000, 0.0000000, 0.0000000, 2.9902780, 9.6877060, 9.8022947, 19.833914, 19.852083, 19.857296, 19.858704, 0.24996233, 0.24999310, 0.24999376, 0.27990213, 0.34687603, 0.34802258, 0.34916955, 0.34926042, 0.34928650, 0.34929353, 0.28403174E-1
0.14614263, 0.79874426, 0.23964724, 2.1396527, 3.4922261, 0.0000000, 2.9016643, 9.5301065, 9.8222961, 19.834661, 19.852329, 19.857330, 19.858688, 0.27139482, 0.28492063, 0.24999376, 0.27901649, 0.34530082, 0.34822288, 0.34917331, 0.34926164, 0.34928665, 0.34929344, 0.23964724
0.11159970, 0.38160065, 0.11449165, 0.66925585, 1.3783067, 0.85165203, 2.7100773, 9.2750683, 9.8054123, 19.829767, 19.851040, 19.856989, 19.858587, 0.25668824, 0.26377773, 0.25851488, 0.27709973, 0.34274888, 0.34805349, 0.34914884, 0.34925520, 0.34928495, 0.34929293, 0.11449165
0.95923796E-1, 0.19229715, 0.57694916E-1, 0.0000000, 0.76152086, 0.58527589, 2.5534689, 9.0153008, 9.8010464, 19.829660, 19.850958, 19.856989, 19.858593, 0.24999751, 0.25761157, 0.25585136, 0.27553347, 0.34015086, 0.34800971, 0.34914830, 0.34925479, 0.34928495, 0.34929296, 0.57694916E-1
0.90532988E-1, 0.12719730, 0.38163006E-1, 0.0000000, 0.26499331, 0.34191012, 2.3801894, 8.7014971, 9.7880554, 19.830254, 19.851128, 19.857054, 19.858604, 0.24999751, 0.25264943, 0.25341877, 0.27380145, 0.33701414, 0.34788024, 0.34915125, 0.34925562, 0.34928527, 0.34929302, 0.38163006E-1
0.87535068E-1, 0.90994120E-1, 0.27300967E-1, 0.0000000, 0.94771385E-2, 0.18680096, 2.2392035, 8.4023714, 9.7886925, 19.832777, 19.851770, 19.857225, 19.858658, 0.24999751, 0.25009474, 0.25186774, 0.27239141, 0.33402255, 0.34788647, 0.34916389, 0.34925884, 0.34928614, 0.34929329, 0.27300967E-1
0.86547405E-1, 0.79067059E-1, 0.23722490E-1, 0.0000000, 0.0000000, 0.33429265E-1, 2.0762742, 8.0688429, 9.7796955, 19.833612, 19.852001, 19.857265, 19.858688, 0.24999751, 0.24999976, 0.25033420, 0.27076155, 0.33068612, 0.34779602, 0.34916806, 0.34926000, 0.34928632, 0.34929344, 0.23722490E-1
0.86101927E-1, 0.73687449E-1, 0.22108445E-1, 0.0000000, 0.0000000, 0.0000000, 1.8956423, 7.6922984, 9.7676945, 19.833561, 19.852007, 19.857265, 19.858675, 0.24999751, 0.24999976, 0.24999741, 0.26895523, 0.32692054, 0.34767589, 0.34916779, 0.34926003, 0.34928632, 0.34929338, 0.22108445E-1
0.91337666E-1, 0.13691461, 0.41078493E-1, 0.39862692, 0.0000000, 0.0000000, 1.7494112, 7.3494434, 9.7723265, 19.834848, 19.852365, 19.857344, 19.858698, 0.25398406, 0.24999976, 0.24999741, 0.26749352, 0.32349321, 0.34772274, 0.34917423, 0.34926182, 0.34928674, 0.34929350, 0.41078493E-1
0.14653811, 0.80351990, 0.24108008, 2.3400307, 2.2730427, 2.3359637, 1.7076194, 7.2169642, 9.8209295, 19.837822, 19.853174, 19.857561, 19.858709, 0.27339879, 0.27272955, 0.27335918, 0.26707613, 0.32216948, 0.34820923, 0.34918910, 0.34926587, 0.34928781, 0.34929353, 0.24108008
0.18511511, 1.0000000, 0.38085184, 2.7239799, 2.7237148, 7.7137146, 9.3281116, 9.5717421, 9.8490305, 19.841413, 19.854153, 19.857838, 19.858709, 0.27723601, 0.27723488, 0.32713392, 0.34328035, 0.34571704, 0.34849015, 0.34920707, 0.34927076, 0.34928918, 0.34929353, 0.38085184
0.15566745, 0.91376680, 0.27415746, 1.4388770, 1.9914299, 6.2933030, 9.5387125, 9.6958456, 9.8311930, 19.836435, 19.852873, 19.857483, 19.858622, 0.26438832, 0.26991391, 0.31293243, 0.34538695, 0.34695837, 0.34831190, 0.34918219, 0.34926435, 0.34928742, 0.34929311, 0.27415746
0.13527779, 0.66753942, 0.20028186, 0.60228407, 1.4417470, 5.2438722, 9.5911722, 9.7223740, 9.8270206, 19.835440, 19.852602, 19.857388, 19.858629, 0.25602186, 0.26441604, 0.30243614, 0.34591076, 0.34722325, 0.34827006, 0.34917718, 0.34926301, 0.34928694, 0.34929314, 0.20028186
0.13393515, 0.65132558, 0.19541723, 0.93847215, 1.0949880, 4.4816604, 9.6314535, 9.7442865, 9.8329134, 19.836811, 19.852966, 19.857479, 19.858692, 0.25938386, 0.26094928, 0.29481536, 0.34631401, 0.34744260, 0.34832904, 0.34918407, 0.34926483, 0.34928739, 0.34929347, 0.19541723
0.12825194, 0.58269465, 0.17482588, 0.80071986, 0.89535713, 3.9554024, 9.6744223, 9.7695150, 9.8434753, 19.839518, 19.853687, 19.857702, 19.858709, 0.25800708, 0.25895348, 0.28955385, 0.34674415, 0.34769508, 0.34843472, 0.34919760, 0.34926844, 0.34928852, 0.34929353, 0.17482588
0.11965488, 0.47887582, 0.14367712, 0.44043362, 0.69103837, 3.4845293, 9.6889849, 9.7793360, 9.8480721, 19.841074, 19.854116, 19.857771, 19.858709, 0.25440404, 0.25691009, 0.28484455, 0.34688944, 0.34779316, 0.34848067, 0.34920537, 0.34927058, 0.34928885, 0.34929353, 0.14367712
0.10979830, 0.35984695, 0.10796488, 0.31802058E-1, 0.43707192, 2.9967875, 9.5824232, 9.7649450, 9.8430901, 19.841354, 19.854181, 19.857759, 19.858709, 0.25031796, 0.25437015, 0.27996591, 0.34582299, 0.34764880, 0.34843069, 0.34920678, 0.34927091, 0.34928879, 0.34929353, 0.10796488
0.10644378, 0.31933737, 0.95810793E-1, 0.0000000, 0.24219155, 2.7413578, 9.2862339, 9.7638893, 9.8430929, 19.842234, 19.854416, 19.857807, 19.858709, 0.24999526, 0.25242180, 0.27741298, 0.34286192, 0.34763870, 0.34843087, 0.34921116, 0.34927207, 0.34928903, 0.34929353, 0.95810793E-1
0.34541279, 1.0000000, 0.96164048, 9.4226255, 9.7545443, 9.8678608, 9.9651880, 9.9822969, 9.9932508, 19.999140, 19.999773, 19.999886, 19.984043, 0.34422478, 0.34754455, 0.34867817, 0.34965178, 0.34982291, 0.34993246, 0.34999570, 0.34999886, 0.34999943, 0.34992021, 0.96164048
0.32714432, 1.0000000, 0.89545035, 8.2505493, 9.5711927, 9.7460012, 9.9087362, 9.9519539, 9.9801006, 19.996363, 19.999050, 19.998770, 19.960974, 0.33249933, 0.34570763, 0.34745783, 0.34908691, 0.34951934, 0.34980091, 0.34998181, 0.34999526, 0.34999385, 0.34980488, 0.89545035
0.35599536, 1.0000000, 0.99998307, 9.9998531, 9.9999104, 9.9999542, 9.9999905, 9.9999933, 9.9999990, 19.999998, 19.999998, 19.999998, 19.995995, 0.34999767, 0.34999859, 0.34999928, 0.34999985, 0.34999990, 0.34999999, 0.34999999, 0.34999999, 0.34999999, 0.34997997, 0.99998307
0.35162914, 1.0000000, 0.98416358, 9.7711878, 9.8852463, 9.9404402, 9.9845142, 9.9921694, 9.9969215, 19.999527, 19.999880, 19.999865, 19.981098, 0.34771186, 0.34885246, 0.34940439, 0.34984514, 0.34992170, 0.34996921, 0.34999764, 0.34999940, 0.34999931, 0.34990549, 0.98416358
0.34772128, 1.0000000, 0.97000462, 9.6140013, 9.7260065, 9.8472567, 9.9543095, 9.9765053, 9.9906139, 19.998466, 19.999605, 19.998657, 19.958239, 0.34613898, 0.34725943, 0.34847224, 0.34954304, 0.34976503, 0.34990615, 0.34999233, 0.34999803, 0.34999329, 0.34979120, 0.97000462
0.35562962, 1.0000000, 0.99865812, 9.9814329, 9.9892521, 9.9945965, 9.9986734, 9.9993343, 9.9997435, 19.999964, 19.999987, 19.999989, 19.991005, 0.34981364, 0.34989211, 0.34994575, 0.34998670, 0.34999332, 0.34999743, 0.34999982, 0.34999993, 0.34999993, 0.34995502, 0.99865812
0.35599083, 1.0000000, 0.99996680, 9.9996538, 9.9997883, 9.9998894, 9.9999723, 9.9999876, 9.9999990, 19.999998, 19.999998, 19.999990, 19.992987, 0.34999546, 0.34999722, 0.34999856, 0.34999967, 0.34999985, 0.34999999, 0.34999999, 0.34999999, 0.34999996, 0.34996492, 0.99996680
0.35097009, 1.0000000, 0.98177564, 9.8505545, 9.7715397, 9.7600222, 9.9230328, 9.9601440, 9.9837933, 19.997162, 19.999260, 19.999701, 19.980068, 0.34850556, 0.34771541, 0.34760022, 0.34923032, 0.34960145, 0.34983793, 0.34998581, 0.34999630, 0.34999850, 0.34990034, 0.98177564
0.34812093, 1.0000000, 0.97145253, 9.8080206, 9.5717430, 9.6346931, 9.8421898, 9.9138145, 9.9628439, 19.992645, 19.998085, 19.998188, 19.957241, 0.34808022, 0.34571743, 0.34634691, 0.34842190, 0.34913814, 0.34962845, 0.34996322, 0.34999043, 0.34999093, 0.34978622, 0.97145253
0.30705708, 1.0000000, 0.82267058, 7.0166993, 9.3162527, 9.5526190, 9.7689056, 9.8664036, 9.9380722, 19.985804, 19.996265, 19.994328, 19.936583, 0.32016492, 0.34316087, 0.34552532, 0.34768888, 0.34866396, 0.34938070, 0.34992903, 0.34998134, 0.34997165, 0.34968293, 0.82267058
0.35599995, 1.0000000, 0.99999976, 9.9999962, 9.9999962, 9.9999990, 9.9999990, 9.9999990, 9.9999990, 19.999998, 19.999998, 19.999998, 19.998999, 0.34999996, 0.34999996, 0.34999999, 0.34999999, 0.34999999, 0.34999999, 0.34999999, 0.34999999, 0.34999999, 0.34999499, 0.99999976
0.32916409, 1.0000000, 0.90276831, 8.4269266, 9.5285873, 9.7279959, 9.9126463, 9.9546824, 9.9817553, 19.997002, 19.999224, 19.999548, 19.975191, 0.33426708, 0.34528440, 0.34727922, 0.34912631, 0.34954673, 0.34981751, 0.34998500, 0.34999612, 0.34999773, 0.34987596, 0.90276831
0.35582572, 1.0000000, 0.99936855, 9.9916010, 9.9949799, 9.9974823, 9.9994955, 9.9997463, 9.9999132, 19.999998, 19.999998, 19.999990, 19.991999, 0.34991309, 0.34994805, 0.34997395, 0.34999478, 0.34999737, 0.34999910, 0.34999999, 0.34999999, 0.34999996, 0.34996000, 0.99936855
0.34158629, 1.0000000, 0.94777638, 9.2457438, 9.6377020, 9.7755585, 9.9305019, 9.9642096, 9.9860563, 19.998091, 19.999504, 19.999826, 19.984020, 0.34245661, 0.34637651, 0.34775531, 0.34930497, 0.34964207, 0.34986055, 0.34999046, 0.34999752, 0.34999913, 0.34992009, 0.94777638
0.35600001, 1.0000000, 1.0000000, 9.9999990, 9.9999990, 9.9999990, 9.9999990, 9.9999990, 9.9999990, 19.999998, 19.999998, 19.999998, 19.998999, 0.34999999, 0.34999999, 0.34999999, 0.34999999, 0.34999999, 0.34999999, 0.34999999, 0.34999999, 0.34999999, 0.34999499, 1.0000000
0.35599232, 1.0000000, 0.99997205, 9.9996958, 9.9998178, 9.9999065, 9.9999819, 9.9999905, 9.9999990, 19.999998, 19.999998, 19.999990, 19.992998, 0.34999615, 0.34999770, 0.34999883, 0.34999976, 0.34999987, 0.34999999, 0.34999999, 0.34999999, 0.34999996, 0.34996498, 0.99997205
0.35599941, 1.0000000, 0.99999779, 9.9999990, 9.9999990, 9.9999990, 9.9999990, 9.9999990, 9.9999990, 19.999998, 19.999998, 19.999998, 19.998999, 0.34999970, 0.34999982, 0.34999990, 0.34999996, 0.34999999, 0.34999999, 0.34999999, 0.34999999, 0.34999999, 0.34999499, 0.99999779
0.34935832, 1.0000000, 0.97593588, 9.6474419, 9.8325329, 9.9119740, 9.9762230, 9.9879332, 9.9952059, 19.999207, 19.999796, 19.999861, 19.983057, 0.34647441, 0.34832531, 0.34911972, 0.34976223, 0.34987932, 0.34995204, 0.34999603, 0.34999898, 0.34999931, 0.34991530, 0.97593588
0.32344174, 1.0000000, 0.88203526, 8.0413008, 9.4955301, 9.7015686, 9.8938513, 9.9442129, 9.9767590, 19.995619, 19.998859, 19.998617, 19.960024, 0.33041230, 0.34495479, 0.34701541, 0.34893847, 0.34944209, 0.34976760, 0.34997809, 0.34999430, 0.34999308, 0.34980011, 0.88203526
0.35446209, 1.0000000, 0.99442786, 9.9223013, 9.9556637, 9.9776011, 9.9952173, 9.9976044, 9.9991684, 19.999964, 19.999987, 19.999983, 19.990009, 0.34922263, 0.34955639, 0.34977588, 0.34995213, 0.34997603, 0.34999168, 0.34999982, 0.34999993, 0.34999990, 0.34995005, 0.99442786
0.32197392, 1.0000000, 0.87671703, 7.9568467, 9.4680948, 9.6849279, 9.8865557, 9.9403954, 9.9749203, 19.995001, 19.998693, 19.999058, 19.966534, 0.32956848, 0.34468096, 0.34684926, 0.34886557, 0.34940395, 0.34974921, 0.34997499, 0.34999347, 0.34999529, 0.34983265, 0.87671703
0.27345484, 1.0000000, 0.70092338, 4.6282716, 9.2558498, 9.5196400, 9.7635431, 9.8666306, 9.9392786, 19.985853, 19.996284, 19.996042, 19.944807, 0.29628056, 0.34255591, 0.34519508, 0.34763518, 0.34866616, 0.34939271, 0.34992927, 0.34998143, 0.34998021, 0.34972402, 0.70092338
0.23779766, 1.0000000, 0.57173067, 2.6963325, 8.1902761, 9.4908342, 9.7149086, 9.8282747, 9.9164124, 19.978724, 19.994335, 19.990541, 19.925781, 0.27696314, 0.33190244, 0.34490815, 0.34714904, 0.34828272, 0.34916413, 0.34989363, 0.34997168, 0.34995270, 0.34962890, 0.57173067
0.22381391, 1.0000000, 0.52106488, 2.1028252, 7.4872413, 9.5021687, 9.7028522, 9.8134146, 9.9038944, 19.972591, 19.992413, 19.982180, 19.909872, 0.27102774, 0.32487133, 0.34502101, 0.34702837, 0.34813410, 0.34903893, 0.34986296, 0.34996206, 0.34991091, 0.34954935, 0.52106488
0.19332653, 1.0000000, 0.41060337, 1.1905730, 5.3677683, 9.4308071, 9.6575651, 9.7822714, 9.8850269, 19.963949, 19.989349, 19.970968, 19.896997, 0.26190519, 0.30367622, 0.34430680, 0.34657538, 0.34782261, 0.34885022, 0.34981975, 0.34994674, 0.34985483, 0.34948498, 0.41060337
0.15738285, 0.93448192, 0.28037262, 0.92756748E-1, 2.9847832, 9.1899548, 9.6005478, 9.7437944, 9.8633842, 19.954351, 19.985064, 19.957699, 19.886940, 0.25092751, 0.27984658, 0.34189764, 0.34600508, 0.34743774, 0.34863377, 0.34977177, 0.34992531, 0.34978849, 0.34943470, 0.28037262
0.14240101, 0.75355989, 0.22609058, 0.0000000, 2.0907283, 7.6756010, 9.5780087, 9.7259598, 9.8524303, 19.947838, 19.980139, 19.943586, 19.879316, 0.24998610, 0.27090484, 0.32675153, 0.34577894, 0.34725901, 0.34852412, 0.34973919, 0.34990069, 0.34971792, 0.34939659, 0.22609058
0.13001007, 0.60392588, 0.18119588, 0.0000000, 1.3148814, 6.2391200, 9.5607576, 9.7130470, 9.8436460, 19.940603, 19.973263, 19.929348, 19.873611, 0.24998610, 0.26314721, 0.31238735, 0.34560642, 0.34712988, 0.34843627, 0.34970301, 0.34986633, 0.34964675, 0.34936807, 0.18119588
0.11567527, 0.43081763, 0.12925822, 0.0000000, 0.51659346, 4.3930130, 9.4890213, 9.6667995, 9.8207588, 19.932495, 19.964182, 19.915901, 19.869375, 0.24998610, 0.25516471, 0.29392487, 0.34488794, 0.34666684, 0.34820721, 0.34966248, 0.34982091, 0.34957951, 0.34934688, 0.12925822
0.10610820, 0.31528497, 0.94594948E-1, 0.0000000, 0.73114038E-1, 2.9953003, 9.3602953, 9.6616812, 9.8165102, 19.927828, 19.954222, 19.904070, 19.866323, 0.24998610, 0.25073090, 0.27994788, 0.34359974, 0.34661514, 0.34816453, 0.34963915, 0.34977111, 0.34952036, 0.34933162, 0.94594948E-1
0.10147770, 0.25936654, 0.77817746E-1, 0.0000000, 0.0000000, 2.1946816, 8.5189161, 9.6339417, 9.8010254, 19.919868, 19.942102, 19.893724, 19.864071, 0.24998610, 0.24998212, 0.27194092, 0.33518457, 0.34633681, 0.34800935, 0.34959933, 0.34971052, 0.34946862, 0.34932035, 0.77817746E-1
0.97892791E-1, 0.21607485, 0.64828940E-1, 0.0000000, 0.0000000, 1.5087008, 7.6279211, 9.6168537, 9.7901239, 19.911720, 19.929321, 19.885155, 19.862455, 0.24998610, 0.24998212, 0.26508403, 0.32627621, 0.34616664, 0.34790057, 0.34955859, 0.34964660, 0.34942576, 0.34931228, 0.64828940E-1
0.95602676E-1, 0.18841927, 0.56531433E-1, 0.0000000, 0.0000000, 1.0984868, 6.9027991, 9.6336527, 9.7982044, 19.907673, 19.917763, 19.878559, 19.861374, 0.24998610, 0.24998212, 0.26098296, 0.31902561, 0.34633487, 0.34798148, 0.34953836, 0.34958881, 0.34939280, 0.34930688, 0.56531433E-1
0.35537267, 1.0000000, 0.99772704, 9.9689445, 9.9816685, 9.9908047, 9.9981461, 9.9990730, 9.9996891, 19.999998, 19.999998, 19.999983, 19.990009, 0.34968597, 0.34981459, 0.34990701, 0.34998125, 0.34999061, 0.34999686, 0.34999999, 0.34999999, 0.34999990, 0.34995005, 0.99772704
0.32738817, 1.0000000, 0.89633381, 8.3199539, 9.5042229, 9.7073269, 9.8971758, 9.9461117, 9.9776106, 19.995762, 19.998896, 19.999626, 19.981045, 0.33319953, 0.34504223, 0.34707326, 0.34897175, 0.34946111, 0.34977609, 0.34997880, 0.34999448, 0.34999812, 0.34990522, 0.89633381
0.27431884, 1.0000000, 0.70405376, 4.7032261, 9.2398272, 9.5098553, 9.7626333, 9.8665771, 9.9401913, 19.986923, 19.996578, 19.997889, 19.958071, 0.29703140, 0.34239727, 0.34509805, 0.34762621, 0.34866571, 0.34940189, 0.34993461, 0.34998289, 0.34998944, 0.34979036, 0.70405376
0.22569464, 1.0000000, 0.52787912, 2.2665291, 7.4874821, 9.4209299, 9.6699095, 9.8011293, 9.9034147, 19.975916, 19.993614, 19.993835, 19.937229, 0.27266151, 0.32486731, 0.34420457, 0.34669811, 0.34801078, 0.34903395, 0.34987956, 0.34996808, 0.34996918, 0.34968615, 0.52787912
0.18971053, 1.0000000, 0.39750189, 1.1444658, 5.0356693, 9.3828030, 9.6349382, 9.7705221, 9.8826838, 19.967901, 19.991287, 19.987175, 19.919340, 0.26144254, 0.30035111, 0.34382284, 0.34634832, 0.34770468, 0.34882665, 0.34983951, 0.34995645, 0.34993589, 0.34959671, 0.39750189
0.19148910, 1.0000000, 0.40394598, 2.4181068, 3.1103442, 9.4174042, 9.6429329, 9.7693605, 9.8771677, 19.962280, 19.989235, 19.977751, 19.904629, 0.27417538, 0.28109902, 0.34416738, 0.34642795, 0.34769294, 0.34877145, 0.34981140, 0.34994617, 0.34988874, 0.34952313, 0.40394598
0.35600001, 1.0000000, 1.0000000, 9.9999990, 9.9999990, 9.9999990, 9.9999962, 9.9999990, 9.9999990, 19.999992, 19.999998, 19.999998, 19.998999, 0.34999999, 0.34999999, 0.34999999, 0.34999996, 0.34999999, 0.34999999, 0.34999996, 0.34999999, 0.34999999, 0.34999499, 1.0000000
0.32401198, 1.0000000, 0.88410139, 8.1219473, 9.4458799, 9.6729221, 9.8851833, 9.9397984, 9.9749794, 19.995262, 19.998772, 19.999428, 19.975174, 0.33121699, 0.34445706, 0.34672832, 0.34885165, 0.34939790, 0.34974977, 0.34997630, 0.34999385, 0.34999713, 0.34987587, 0.88410139
0.32817149, 1.0000000, 0.89917195, 8.4484959, 9.4301472, 9.6362772, 9.8278694, 9.9036160, 9.9572315, 19.991032, 19.997644, 19.997568, 19.952753, 0.33448243, 0.34429976, 0.34636191, 0.34827852, 0.34903607, 0.34957227, 0.34995514, 0.34998822, 0.34998783, 0.34976375, 0.89917195
0.35599720, 1.0000000, 0.99998987, 9.9999065, 9.9999456, 9.9999695, 9.9999933, 9.9999990, 9.9999990, 19.999998, 19.999998, 19.999998, 19.996996, 0.34999859, 0.34999919, 0.34999955, 0.34999990, 0.34999999, 0.34999999, 0.34999999, 0.34999999, 0.34999999, 0.34998497, 0.99998987
0.35598069, 1.0000000, 0.99993002, 9.9990816, 9.9994507, 9.9997225, 9.9999428, 9.9999723, 9.9999905, 19.999998, 19.999998, 19.999990, 19.991999, 0.34999037, 0.34999424, 0.34999707, 0.34999940, 0.34999973, 0.34999990, 0.34999999, 0.34999999, 0.34999996, 0.34996000, 0.99993002
0.35599625, 1.0000000, 0.99998641, 9.9999065, 9.9999456, 9.9999695, 9.9999933, 9.9999990, 9.9999990, 19.999998, 19.999998, 19.999998, 19.996996, 0.34999812, 0.34999889, 0.34999940, 0.34999987, 0.34999996, 0.34999999, 0.34999999, 0.34999999, 0.34999999, 0.34998497, 0.99998641
0.35600001, 1.0000000, 1.0000000, 9.9999990, 9.9999990, 9.9999990, 9.9999990, 9.9999990, 9.9999990, 19.999998, 19.999998, 19.999998, 19.998999, 0.34999999, 0.34999999, 0.34999999, 0.34999999, 0.34999999, 0.34999999, 0.34999999, 0.34999999, 0.34999999, 0.34999499, 1.0000000
0.35600001, 1.0000000, 1.0000000, 9.9999990, 9.9999990, 9.9999990, 9.9999990, 9.9999990, 9.9999990, 19.999998, 19.999998, 19.999998, 19.996996, 0.34999999, 0.34999999, 0.34999999, 0.34999999, 0.34999999, 0.34999999, 0.34999999, 0.34999999, 0.34999999, 0.34998497, 1.0000000
0.31544825, 1.0000000, 0.85307336, 7.5450087, 9.3939543, 9.6367207, 9.8629341, 9.9275112, 9.9689693, 19.993397, 19.998281, 19.999226, 19.973194, 0.32544866, 0.34393847, 0.34636667, 0.34862924, 0.34927505, 0.34968966, 0.34996697, 0.34999141, 0.34999612, 0.34986597, 0.85307336
0.25725204, 1.0000000, 0.64221758, 3.5107923, 9.1916800, 9.4697723, 9.7272682, 9.8436174, 9.9279394, 19.983019, 19.995537, 19.996759, 19.950808, 0.28510517, 0.34191248, 0.34469548, 0.34727225, 0.34843594, 0.34927931, 0.34991509, 0.34997767, 0.34998381, 0.34975404, 0.64221758
0.35594034, 1.0000000, 0.99978375, 9.9978657, 9.9987211, 9.9993591, 9.9998741, 9.9999342, 9.9999790, 19.999998, 19.999998, 19.999998, 19.994993, 0.34997025, 0.34998217, 0.34999105, 0.34999824, 0.34999910, 0.34999970, 0.34999999, 0.34999999, 0.34999999, 0.34997496, 0.99978375
0.35600001, 1.0000000, 1.0000000, 9.9999990, 9.9999990, 9.9999990, 9.9999990, 9.9999990, 9.9999990, 19.999998, 19.999998, 19.999998, 19.998999, 0.34999999, 0.34999999, 0.34999999, 0.34999999, 0.34999999, 0.34999999, 0.34999999, 0.34999999, 0.34999999, 0.34999499, 1.0000000
0.32455778, 1.0000000, 0.88607889, 8.1351805, 9.4772511, 9.6943054, 9.8961420, 9.9457674, 9.9776783, 19.995934, 19.998943, 19.999487, 19.975174, 0.33135074, 0.34477174, 0.34694266, 0.34896132, 0.34945765, 0.34977677, 0.34997967, 0.34999472, 0.34999743, 0.34987587, 0.88607889
0.29180986, 1.0000000, 0.76742703, 5.8714457, 9.3567839, 9.5957336, 9.8190308, 9.8998241, 9.9562864, 19.991234, 19.997715, 19.997585, 19.952724, 0.30870637, 0.34356013, 0.34595338, 0.34818950, 0.34899783, 0.34956270, 0.34995615, 0.34998858, 0.34998792, 0.34976363, 0.76742703
0.25857800, 1.0000000, 0.64702177, 3.4853685, 9.3400078, 9.5663185, 9.7703123, 9.8650885, 9.9370346, 19.985971, 19.996313, 19.993277, 19.932650, 0.28485200, 0.34339735, 0.34566179, 0.34770283, 0.34865072, 0.34937030, 0.34992987, 0.34998158, 0.34996638, 0.34966326, 0.64702177
0.22226734, 1.0000000, 0.51546133, 1.9791722, 7.5335803, 9.4495783, 9.6947184, 9.8146982, 9.9095154, 19.978075, 19.994061, 19.985907, 19.915531, 0.26979107, 0.32533428, 0.34449482, 0.34694698, 0.34814689, 0.34909514, 0.34989038, 0.34997031, 0.34992954, 0.34957767, 0.51546133
0.19099511, 1.0000000, 0.40215620, 1.0335267, 5.3525195, 9.4213495, 9.6604233, 9.7867393, 9.8911057, 19.970991, 19.991671, 19.975779, 19.901552, 0.26033404, 0.30352136, 0.34421012, 0.34660354, 0.34786704, 0.34891093, 0.34985495, 0.34995836, 0.34987891, 0.34950775, 0.40215620
0.16753587, 1.0000000, 0.31715897, 0.38252175, 3.5969064, 9.4365063, 9.6605272, 9.7819176, 9.8845701, 19.965624, 19.989014, 19.963455, 19.890541, 0.25382465, 0.28596595, 0.34436095, 0.34660444, 0.34781876, 0.34884554, 0.34982812, 0.34994507, 0.34981728, 0.34945270, 0.31715897
0.15071806, 0.85399741, 0.25622484, 0.0000000, 2.5806487, 8.6858597, 9.6436930, 9.7700434, 9.8771114, 19.960548, 19.985277, 19.949751, 19.882107, 0.24999861, 0.27580521, 0.33685645, 0.34643644, 0.34770018, 0.34877104, 0.34980273, 0.34992638, 0.34974876, 0.34941053, 0.25622484
0.14242338, 0.75383002, 0.22617163, 0.0000000, 2.0663886, 7.7101011, 9.6480122, 9.7710505, 9.8764763, 19.957376, 19.980461, 19.935732, 19.875761, 0.24999861, 0.27066213, 0.32709777, 0.34647933, 0.34771007, 0.34876463, 0.34978688, 0.34990230, 0.34967867, 0.34937879, 0.22617163
0.21359763, 1.0000000, 0.48404935, 2.4170697, 5.7987022, 9.3626366, 9.7170448, 9.8099413, 9.8928099, 19.957113, 19.974556, 19.922388, 19.871105, 0.27416915, 0.30798480, 0.34362456, 0.34717005, 0.34809923, 0.34892803, 0.34978557, 0.34987277, 0.34961194, 0.34935552, 0.48404935
0.34685785, 1.0000000, 0.96687609, 9.5087252, 9.7775965, 9.8818102, 9.9700823, 9.9848413, 9.9942894, 19.999355, 19.999832, 19.999937, 19.987009, 0.34508726, 0.34777597, 0.34881809, 0.34970081, 0.34984842, 0.34994289, 0.34999678, 0.34999916, 0.34999970, 0.34993505, 0.96687609
0.32607949, 1.0000000, 0.89159238, 8.2344427, 9.4901247, 9.7033787, 9.9011745, 9.9485207, 9.9789429, 19.996256, 19.999022, 19.999649, 19.982027, 0.33234441, 0.34490126, 0.34703380, 0.34901175, 0.34948522, 0.34978944, 0.34998128, 0.34999511, 0.34999824, 0.34991014, 0.89159238
0.35487753, 1.0000000, 0.99593312, 9.9437923, 9.9673653, 9.9835768, 9.9966211, 9.9978676, 9.9780865, 19.992645, 19.998085, 19.998344, 19.959082, 0.34943697, 0.34967309, 0.34983546, 0.34996617, 0.34997866, 0.34978086, 0.34996322, 0.34999043, 0.34999174, 0.34979540, 0.99593312
0.34828383, 1.0000000, 0.97204274, 9.6319208, 9.7521143, 9.8674879, 9.9665346, 9.9830341, 9.9936581, 19.999331, 19.999826, 19.999952, 19.988997, 0.34631920, 0.34752113, 0.34867489, 0.34966534, 0.34983033, 0.34993657, 0.34999666, 0.34999913, 0.34999976, 0.34994498, 0.97204274
0.31589442, 1.0000000, 0.85468990, 7.5539393, 9.4241304, 9.6517506, 9.8707714, 9.9314060, 9.9718227, 19.995251, 19.998753, 19.999025, 19.965624, 0.32553905, 0.34424105, 0.34651735, 0.34870768, 0.34931406, 0.34971821, 0.34997624, 0.34999377, 0.34999514, 0.34982812, 0.85468990
0.26749185, 1.0000000, 0.67931825, 4.2071218, 9.2424021, 9.5103874, 9.7603817, 9.8639441, 9.9393644, 19.987787, 19.996780, 19.996037, 19.944014, 0.29206997, 0.34242240, 0.34510303, 0.34760365, 0.34863934, 0.34939361, 0.34993893, 0.34998390, 0.34998018, 0.34972006, 0.67931825
0.31401399, 1.0000000, 0.84787673, 7.8690720, 8.8037043, 9.4395666, 9.6836615, 9.8089600, 9.9079838, 19.978794, 19.994335, 19.990286, 19.925076, 0.32869071, 0.33803704, 0.34439567, 0.34683663, 0.34808961, 0.34907985, 0.34989399, 0.34997168, 0.34995145, 0.34962538, 0.84787673
0.27528548, 1.0000000, 0.70755601, 4.8121510, 9.2112341, 9.4632912, 9.6808643, 9.7988634, 9.8965454, 19.972382, 19.992340, 19.981792, 19.909300, 0.29811862, 0.34210899, 0.34463122, 0.34680828, 0.34798846, 0.34896541, 0.34986192, 0.34996170, 0.34990895, 0.34954649, 0.70755601
0.22746596, 1.0000000, 0.53429693, 2.4024634, 7.4877629, 9.4028378, 9.6393843, 9.7699652, 9.8784952, 19.963600, 19.989204, 19.970448, 19.896561, 0.27402350, 0.32487550, 0.34402707, 0.34639359, 0.34769949, 0.34878489, 0.34981799, 0.34994602, 0.34985223, 0.34948280, 0.53429693
0.21494643, 1.0000000, 0.48893633, 2.1902113, 6.2518592, 9.5403280, 9.7080622, 9.8061218, 9.8926058, 19.962765, 19.987223, 19.957750, 19.886763, 0.27190092, 0.31251654, 0.34540170, 0.34708029, 0.34806105, 0.34892601, 0.34981382, 0.34993613, 0.34978876, 0.34943381, 0.48893633
0.20344593, 1.0000000, 0.44726783, 1.9770712, 5.2107482, 9.5486546, 9.7291193, 9.8202324, 9.8998270, 19.961983, 19.984022, 19.944054, 19.879299, 0.26977023, 0.30210674, 0.34548590, 0.34729105, 0.34820226, 0.34899825, 0.34980991, 0.34992009, 0.34972027, 0.34939650, 0.44726783
0.17927676, 1.0000000, 0.35969841, 1.2079686, 3.6285217, 9.4505882, 9.6844501, 9.7964640, 9.8898468, 19.957872, 19.978228, 19.930071, 19.873634, 0.26207915, 0.28628427, 0.34450462, 0.34684423, 0.34796453, 0.34889844, 0.34978935, 0.34989113, 0.34965035, 0.34936816, 0.35969841
0.20350930, 1.0000000, 0.44749746, 2.3062408, 4.7018123, 9.4926529, 9.7012253, 9.8043613, 9.8924541, 19.955822, 19.971050, 19.917027, 19.869511, 0.27306098, 0.29701635, 0.34492475, 0.34701189, 0.34804344, 0.34892449, 0.34977910, 0.34985524, 0.34958512, 0.34934756, 0.44749746
0.35536522, 1.0000000, 0.99770004, 9.9682274, 9.9813366, 9.9906292, 9.9981070, 9.9990578, 9.9996834, 19.999998, 19.999998, 19.999983, 19.990009, 0.34968176, 0.34981307, 0.34990615, 0.34998104, 0.34999055, 0.34999683, 0.34999999, 0.34999999, 0.34999990, 0.34995005, 0.99770004
0.35600001, 1.0000000, 1.0000000, 9.9999990, 9.9999990, 9.9999990, 9.9999990, 9.9999990, 9.9999990, 19.999998, 19.999998, 19.999990, 19.992998, 0.34999999, 0.34999999, 0.34999999, 0.34999999, 0.34999999, 0.34999999, 0.34999999, 0.34999999, 0.34999996, 0.34996498, 1.0000000
0.34875464, 1.0000000, 0.97374874, 9.6318436, 9.8132105, 9.8715515, 9.9192581, 9.9582281, 9.9836769, 19.997765, 19.999409, 19.999718, 19.979086, 0.34631842, 0.34813210, 0.34871551, 0.34919259, 0.34958228, 0.34983677, 0.34998882, 0.34999704, 0.34999859, 0.34989542, 0.97374874
0.31771672, 1.0000000, 0.86129230, 7.6974206, 9.4185410, 9.6360445, 9.8310308, 9.9076223, 9.9605484, 19.992676, 19.998079, 19.998095, 19.956320, 0.32697287, 0.34418443, 0.34635994, 0.34831020, 0.34907615, 0.34960547, 0.34996337, 0.34999040, 0.34999049, 0.34978160, 0.86129230
0.27608567, 1.0000000, 0.71045524, 4.8102760, 9.2684975, 9.5252466, 9.7589493, 9.8603601, 9.9364529, 19.986977, 19.996569, 19.994209, 19.935787, 0.29809979, 0.34268156, 0.34525070, 0.34758914, 0.34860343, 0.34936446, 0.34993488, 0.34998286, 0.34997106, 0.34967893, 0.71045524
0.24766226, 1.0000000, 0.60747194, 2.9294014, 8.9675951, 9.5348368, 9.7453489, 9.8450336, 9.9250660, 19.983255, 19.995476, 19.987638, 19.918228, 0.27929279, 0.33967373, 0.34534717, 0.34745324, 0.34845021, 0.34925064, 0.34991628, 0.34997737, 0.34993818, 0.34959114, 0.60747194
0.21571328, 1.0000000, 0.49171475, 1.9110739, 6.8573055, 9.4494171, 9.6907244, 9.8084822, 9.9046297, 19.977243, 19.993511, 19.978010, 19.903742, 0.26910809, 0.31856734, 0.34449023, 0.34690645, 0.34808439, 0.34904614, 0.34988621, 0.34996754, 0.34989005, 0.34951872, 0.49171475
0.19885048, 1.0000000, 0.43061769, 1.6416788, 5.2534528, 9.4804382, 9.6924000, 9.8041363, 9.8981466, 19.972752, 19.991299, 19.966082, 19.892269, 0.26641613, 0.30253324, 0.34480324, 0.34692377, 0.34804124, 0.34898144, 0.34986377, 0.34995648, 0.34983042, 0.34946135, 0.43061769
0.35600001, 1.0000000, 1.0000000, 9.9999990, 9.9999990, 9.9999990, 9.9999990, 9.9999990, 9.9999990, 19.999998, 19.999998, 19.999998, 19.997997, 0.34999999, 0.34999999, 0.34999999, 0.34999999, 0.34999999, 0.34999999, 0.34999999, 0.34999999, 0.34999999, 0.34998998, 1.0000000
0.35599899, 1.0000000, 0.99999624, 9.9999962, 9.9999962, 9.9999990, 9.9999990, 9.9999962, 9.9999990, 19.999998, 19.999998, 19.999998, 19.996996, 0.34999949, 0.34999967, 0.34999985, 0.34999996, 0.34999996, 0.34999999, 0.34999999, 0.34999999, 0.34999999, 0.34998497, 0.99999624
0.34741592, 1.0000000, 0.96889824, 9.5416603, 9.7902794, 9.8878136, 9.9558744, 9.9753542, 9.9906712, 19.998926, 19.999718, 19.999855, 19.983068, 0.34541163, 0.34789973, 0.34887660, 0.34955844, 0.34975341, 0.34990665, 0.34999463, 0.34999859, 0.34999928, 0.34991533, 0.96889824
0.30386192, 1.0000000, 0.81109393, 6.7577972, 9.3361778, 9.5888700, 9.8251352, 9.9041014, 9.9591303, 19.992128, 19.997942, 19.998396, 19.959982, 0.31757483, 0.34335920, 0.34588736, 0.34825107, 0.34904087, 0.34959126, 0.34996063, 0.34998971, 0.34999198, 0.34979990, 0.81109393
0.35600001, 1.0000000, 1.0000000, 9.9999990, 9.9999990, 9.9999990, 9.9999962, 9.9999990, 9.9999990, 19.999998, 19.999998, 19.999998, 19.997992, 0.34999999, 0.34999999, 0.34999999, 0.34999996, 0.34999999, 0.34999999, 0.34999999, 0.34999999, 0.34999999, 0.34998995, 1.0000000
0.33301479, 1.0000000, 0.91672027, 8.6932440, 9.5439053, 9.7377787, 9.9198847, 9.9585543, 9.9838428, 19.997793, 19.999426, 19.999575, 19.974216, 0.33693042, 0.34543771, 0.34737709, 0.34919870, 0.34958547, 0.34983841, 0.34998897, 0.34999713, 0.34999788, 0.34987110, 0.91672027
0.33085692, 1.0000000, 0.90890181, 8.5365515, 9.5450344, 9.7388868, 9.9147053, 9.9557018, 9.9817715, 19.996620, 19.999117, 19.999655, 19.980062, 0.33536172, 0.34544781, 0.34738755, 0.34914678, 0.34955689, 0.34981769, 0.34998310, 0.34999558, 0.34999827, 0.34990031, 0.90890181
0.28520423, 1.0000000, 0.74349362, 5.4586658, 9.2754374, 9.5419016, 9.7962809, 9.8875189, 9.9512367, 19.990364, 19.997490, 19.998034, 19.957211, 0.30458361, 0.34275126, 0.34541741, 0.34796247, 0.34887502, 0.34951231, 0.34995180, 0.34998745, 0.34999016, 0.34978604, 0.74349362
0.25448605, 1.0000000, 0.63219577, 3.2171643, 9.3055773, 9.5441208, 9.7607956, 9.8589153, 9.9348068, 19.986437, 19.996428, 19.994373, 19.936596, 0.28216907, 0.34305131, 0.34543893, 0.34760749, 0.34858891, 0.34934798, 0.34993219, 0.34998214, 0.34997186, 0.34968299, 0.63219577
0.35599303, 1.0000000, 0.99997467, 9.9996986, 9.9998207, 9.9999104, 9.9999819, 9.9999933, 9.9999990, 19.999998, 19.999998, 19.999996, 19.993994, 0.34999651, 0.34999791, 0.34999895, 0.34999979, 0.34999993, 0.34999999, 0.34999999, 0.34999999, 0.34999996, 0.34996998, 0.99997467
0.35600001, 1.0000000, 1.0000000, 9.9999990, 9.9999990, 9.9999990, 9.9999990, 9.9999990, 9.9999990, 19.999998, 19.999998, 19.999998, 19.998999, 0.34999999, 0.34999999, 0.34999999, 0.34999999, 0.34999999, 0.34999999, 0.34999999, 0.34999999, 0.34999999, 0.34999499, 1.0000000
0.35600001, 1.0000000, 1.0000000, 9.9999990, 9.9999990, 9.9999990, 9.9999990, 9.9999990, 9.9999990, 19.999998, 19.999998, 19.999998, 19.996996, 0.34999999, 0.34999999, 0.34999999, 0.34999999, 0.34999999, 0.34999999, 0.34999999, 0.34999999, 0.34999999, 0.34998497, 1.0000000
0.34594941, 1.0000000, 0.96358472, 9.4940348, 9.7127323, 9.8438864, 9.9592085, 9.9792433, 9.9922152, 19.999159, 19.999779, 19.999626, 19.973301, 0.34494036, 0.34712732, 0.34843886, 0.34959209, 0.34979242, 0.34992215, 0.34999579, 0.34999889, 0.34999812, 0.34986651, 0.96358472
0.34012944, 1.0000000, 0.94249779, 9.1739464, 9.5854635, 9.7666664, 9.9319067, 9.9649754, 9.9863539, 19.998096, 19.999504, 19.999847, 19.986019, 0.34173948, 0.34585464, 0.34766668, 0.34931907, 0.34964976, 0.34986353, 0.34999049, 0.34999752, 0.34999925, 0.34993011, 0.94249779
0.33149898, 1.0000000, 0.91122818, 8.6973658, 9.4123831, 9.6377392, 9.8544292, 9.9213581, 9.9673576, 19.994583, 19.998587, 19.998808, 19.962820, 0.33697274, 0.34412324, 0.34637710, 0.34854424, 0.34921354, 0.34967357, 0.34997290, 0.34999293, 0.34999403, 0.34981412, 0.91122818
0.30879900, 1.0000000, 0.82898182, 7.0705824, 9.4004021, 9.6132593, 9.8100796, 9.8912458, 9.9519405, 19.991270, 19.997709, 19.995804, 19.941570, 0.32070565, 0.34400389, 0.34613252, 0.34810078, 0.34891245, 0.34951940, 0.34995633, 0.34998855, 0.34997901, 0.34970784, 0.82898182
0.30531815, 1.0000000, 0.81637007, 6.8305573, 9.3894367, 9.6005201, 9.7896900, 9.8742981, 9.9414768, 19.988703, 19.997009, 19.990189, 19.923113, 0.31830558, 0.34389436, 0.34600520, 0.34789690, 0.34874299, 0.34941477, 0.34994352, 0.34998506, 0.34995094, 0.34961557, 0.81637007
0.28041288, 1.0000000, 0.72613358, 5.0656056, 9.3423386, 9.5681486, 9.7689896, 9.8586378, 9.9317617, 19.986139, 19.996050, 19.981625, 19.907751, 0.30065605, 0.34342340, 0.34568149, 0.34768990, 0.34858638, 0.34931761, 0.34993070, 0.34998024, 0.34990811, 0.34953874, 0.72613358
0.24838312, 1.0000000, 0.61008376, 2.9980035, 8.9444218, 9.5270748, 9.7423954, 9.8401260, 9.9210024, 19.983213, 19.994553, 19.970430, 19.895428, 0.27997977, 0.33944374, 0.34527051, 0.34742391, 0.34840122, 0.34921002, 0.34991607, 0.34997275, 0.34985214, 0.34947714, 0.61008376
0.24743943, 1.0000000, 0.60666460, 2.9058456, 8.9840174, 9.5321569, 9.7286625, 9.8286781, 9.9121895, 19.978947, 19.991838, 19.957321, 19.885839, 0.27905717, 0.33983776, 0.34532028, 0.34728637, 0.34828666, 0.34912187, 0.34989473, 0.34995919, 0.34978661, 0.34942919, 0.60666460
0.23576711, 1.0000000, 0.56437355, 2.6827960, 7.9314356, 9.5588408, 9.7374182, 9.8311567, 9.9108915, 19.976191, 19.988155, 19.943380, 19.878593, 0.27682742, 0.32931340, 0.34558785, 0.34737405, 0.34831151, 0.34910887, 0.34988096, 0.34994078, 0.34971690, 0.34939295, 0.56437355
0.20707430, 1.0000000, 0.46041414, 1.7686695, 6.0480995, 9.4545164, 9.6890717, 9.8027554, 9.8969746, 19.970898, 19.982059, 19.929340, 19.873131, 0.26768669, 0.31048101, 0.34454516, 0.34689072, 0.34802756, 0.34896976, 0.34985450, 0.34991029, 0.34964669, 0.34936565, 0.46041414
0.18162605, 1.0000000, 0.36821035, 1.0662526, 4.1592708, 9.4333992, 9.6689777, 9.7881536, 9.8887930, 19.966780, 19.974239, 19.916229, 19.869129, 0.26066160, 0.29159054, 0.34433153, 0.34668925, 0.34788126, 0.34888783, 0.34983391, 0.34987119, 0.34958115, 0.34934565, 0.36821035
0.17251226, 1.0000000, 0.33518931, 1.1076629, 2.9843302, 9.4357195, 9.6985064, 9.8033409, 9.8943520, 19.964977, 19.965174, 19.904684, 19.866270, 0.26107609, 0.27984247, 0.34435585, 0.34698480, 0.34803325, 0.34894347, 0.34982488, 0.34982586, 0.34952343, 0.34933135, 0.33518931
0.16256213, 0.99702734, 0.29913813, 0.95677972, 2.4795949, 8.5480499, 9.6842070, 9.7952042, 9.8901119, 19.960558, 19.953964, 19.894670, 19.864153, 0.25956780, 0.27479595, 0.33548051, 0.34684208, 0.34795204, 0.34890112, 0.34980279, 0.34976983, 0.34947336, 0.34932077, 0.29913813
0.14388731, 0.77150857, 0.23147573, 0.29686093, 1.8721253, 7.4655170, 9.6395559, 9.7687407, 9.8772669, 19.953268, 19.941227, 19.886251, 19.862591, 0.25296775, 0.26871803, 0.32464874, 0.34639388, 0.34768659, 0.34877238, 0.34976634, 0.34970614, 0.34943125, 0.34931296, 0.23147573
0.13208628, 0.62899846, 0.18871841, 0.0000000, 1.4206678, 6.5080729, 9.6366367, 9.7647305, 9.8734837, 19.946205, 19.928514, 19.879522, 19.861496, 0.24996924, 0.26420420, 0.31507510, 0.34636471, 0.34764647, 0.34873453, 0.34973103, 0.34964257, 0.34939760, 0.34930748, 0.18871841
0.33474332, 1.0000000, 0.92298305, 9.4410648, 8.8684454, 9.0790701, 9.7048836, 9.8026381, 9.8886576, 19.941364, 19.917084, 19.874437, 19.860779, 0.34440050, 0.33867872, 0.34078777, 0.34704819, 0.34802607, 0.34888646, 0.34970683, 0.34958541, 0.34937218, 0.34930390, 0.92298305
0.35600001, 1.0000000, 1.0000000, 9.9999990, 9.9999990, 9.9999990, 9.9999990, 9.9999990, 9.9999990, 19.999998, 19.999998, 19.999998, 19.998999, 0.34999999, 0.34999999, 0.34999999, 0.34999999, 0.34999999, 0.34999999, 0.34999999, 0.34999999, 0.34999999, 0.34999499, 1.0000000
0.35599786, 1.0000000, 0.99999213, 9.9999990, 9.9999990, 9.9999990, 9.9999990, 9.9999990, 9.9999990, 19.999998, 19.999998, 19.999998, 19.998999, 0.34999892, 0.34999934, 0.34999967, 0.34999993, 0.34999996, 0.34999999, 0.34999999, 0.34999999, 0.34999999, 0.34999499, 0.99999213
0.34770435, 1.0000000, 0.96994317, 9.7548056, 9.5465994, 9.7406054, 9.9214926, 9.9594517, 9.9841661, 19.997810, 19.999432, 19.999718, 19.979099, 0.34754807, 0.34546599, 0.34740606, 0.34921491, 0.34959453, 0.34984165, 0.34998906, 0.34999716, 0.34999859, 0.34989551, 0.96994317
0.34556472, 1.0000000, 0.96219093, 9.6120262, 9.5538559, 9.6956987, 9.8821888, 9.9363928, 9.9743624, 19.996553, 19.999105, 19.998358, 19.956409, 0.34612027, 0.34553856, 0.34695700, 0.34882188, 0.34936392, 0.34974363, 0.34998277, 0.34999552, 0.34999180, 0.34978205, 0.96219093
0.33312684, 1.0000000, 0.91712606, 8.7386932, 9.5138102, 9.6909065, 9.8554354, 9.9184170, 9.9647112, 19.994135, 19.998476, 19.994722, 19.935919, 0.33738521, 0.34513697, 0.34690851, 0.34855422, 0.34918410, 0.34964707, 0.34997067, 0.34999239, 0.34997362, 0.34967959, 0.91712606
0.35528117, 1.0000000, 0.99739546, 9.9996977, 9.9950256, 9.8485146, 9.9574661, 9.9782934, 9.9915752, 19.998837, 19.999701, 19.999889, 19.986019, 0.34999648, 0.34994996, 0.34848499, 0.34957463, 0.34978291, 0.34991574, 0.34999418, 0.34999850, 0.34999946, 0.34993011, 0.99739546
0.35138619, 1.0000000, 0.98328328, 9.9186268, 9.6747284, 9.8200283, 9.9507151, 9.9748087, 9.9904366, 19.998878, 19.999701, 19.999868, 19.984043, 0.34918627, 0.34674728, 0.34820029, 0.34950715, 0.34974808, 0.34990436, 0.34999439, 0.34999850, 0.34999934, 0.34992021, 0.98328328
0.33925927, 1.0000000, 0.93934512, 9.1787300, 9.5188484, 9.6850939, 9.8888512, 9.9411116, 9.9769144, 19.997198, 19.999260, 19.998823, 19.961004, 0.34178731, 0.34518850, 0.34685093, 0.34888852, 0.34941113, 0.34976915, 0.34998599, 0.34999630, 0.34999412, 0.34980503, 0.93934512
0.32542354, 1.0000000, 0.88921577, 8.1850405, 9.5071297, 9.6879168, 9.8578644, 9.9208269, 9.9664679, 19.994774, 19.998623, 19.995705, 19.939978, 0.33184949, 0.34507063, 0.34687886, 0.34857857, 0.34920824, 0.34966469, 0.34997386, 0.34999311, 0.34997851, 0.34969988, 0.88921577
0.31941044, 1.0000000, 0.86742902, 7.9043689, 9.3224468, 9.5610619, 9.7801075, 9.8729639, 9.9428587, 19.989389, 19.997198, 19.989660, 19.921730, 0.32904369, 0.34322447, 0.34561062, 0.34780109, 0.34872964, 0.34942859, 0.34994695, 0.34998599, 0.34994829, 0.34960866, 0.86742902
0.35600001, 1.0000000, 1.0000000, 9.9999990, 9.9999990, 9.9999990, 9.9999990, 9.9999990, 9.9999990, 19.999998, 19.999998, 19.999998, 19.996996, 0.34999999, 0.34999999, 0.34999999, 0.34999999, 0.34999999, 0.34999999, 0.34999999, 0.34999999, 0.34999999, 0.34998497, 1.0000000
0.34381729, 1.0000000, 0.95585978, 9.5286980, 9.4816542, 9.6923800, 9.8987236, 9.9472685, 9.9791222, 19.996946, 19.999212, 19.999483, 19.973253, 0.34528461, 0.34481514, 0.34692308, 0.34898707, 0.34947264, 0.34979120, 0.34998474, 0.34999606, 0.34999740, 0.34986627, 0.95585978
0.32095510, 1.0000000, 0.87302560, 7.9181967, 9.4348221, 9.6473398, 9.8468218, 9.9157467, 9.9642324, 19.993753, 19.998377, 19.997528, 19.951004, 0.32917741, 0.34434494, 0.34647173, 0.34846789, 0.34915727, 0.34964228, 0.34996876, 0.34999189, 0.34998763, 0.34975502, 0.87302560
0.28735438, 1.0000000, 0.75128394, 5.5952420, 9.3056545, 9.5515213, 9.7773333, 9.8715239, 9.9421806, 19.988823, 19.997076, 19.993034, 19.931164, 0.30594888, 0.34305301, 0.34551340, 0.34777299, 0.34871507, 0.34942174, 0.34994411, 0.34998539, 0.34996516, 0.34965581, 0.75128394
0.24967119, 1.0000000, 0.61475068, 2.9544294, 9.1872044, 9.5020552, 9.7297068, 9.8371210, 9.9223900, 19.983524, 19.995544, 19.985628, 19.914343, 0.27954233, 0.34186837, 0.34501868, 0.34729668, 0.34837100, 0.34922385, 0.34991762, 0.34997773, 0.34992814, 0.34957170, 0.61475068
0.22487745, 1.0000000, 0.52491826, 2.1219401, 7.5891323, 9.4901028, 9.7090569, 9.8188820, 9.9095058, 19.978914, 19.993845, 19.975466, 19.900631, 0.27121833, 0.32588902, 0.34489959, 0.34709027, 0.34818867, 0.34909499, 0.34989458, 0.34996921, 0.34987733, 0.34950316, 0.52491826
0.26397353, 1.0000000, 0.66657066, 4.0441484, 9.0540733, 9.5846100, 9.7519474, 9.8395805, 9.9158049, 19.978258, 19.992468, 19.963324, 19.889910, 0.29044136, 0.34054056, 0.34584603, 0.34751943, 0.34839579, 0.34915805, 0.34989130, 0.34996235, 0.34981662, 0.34944955, 0.66657066
0.35600001, 1.0000000, 1.0000000, 9.9999990, 9.9999990, 9.9999990, 9.9999990, 9.9999990, 9.9999990, 19.999998, 19.999998, 19.999998, 19.998999, 0.34999999, 0.34999999, 0.34999999, 0.34999999, 0.34999999, 0.34999999, 0.34999999, 0.34999999, 0.34999999, 0.34999499, 1.0000000
0.35600001, 1.0000000, 1.0000000, 9.9999990, 9.9999990, 9.9999990, 9.9999990, 9.9999990, 9.9999990, 19.999998, 19.999998, 19.999998, 19.998999, 0.34999999, 0.34999999, 0.34999999, 0.34999999, 0.34999999, 0.34999999, 0.34999999, 0.34999999, 0.34999999, 0.34999499, 1.0000000
0.35600001, 1.0000000, 1.0000000, 9.9999990, 9.9999990, 9.9999990, 9.9999990, 9.9999990, 9.9999990, 19.999998, 19.999998, 19.999998, 19.996996, 0.34999999, 0.34999999, 0.34999999, 0.34999999, 0.34999999, 0.34999999, 0.34999999, 0.34999999, 0.34999999, 0.34998497, 1.0000000
0.35573524, 1.0000000, 0.99904078, 9.9867735, 9.9921379, 9.9960642, 9.9992094, 9.9996061, 9.9998655, 19.999998, 19.999998, 19.999975, 19.989016, 0.34986773, 0.34992138, 0.34996063, 0.34999210, 0.34999606, 0.34999865, 0.34999999, 0.34999999, 0.34999987, 0.34994507, 0.99904078
0.34854621, 1.0000000, 0.97299343, 9.6009340, 9.8165627, 9.9029112, 9.9760017, 9.9878616, 9.9954920, 19.999546, 19.999880, 19.999300, 19.965672, 0.34600914, 0.34816551, 0.34902906, 0.34976003, 0.34987861, 0.34995490, 0.34999773, 0.34999940, 0.34999651, 0.34982836, 0.97299343
0.34888399, 1.0000000, 0.97421724, 9.6223202, 9.8201065, 9.9054956, 9.9780331, 9.9889202, 9.9960403, 19.999743, 19.999933, 19.999958, 19.988020, 0.34622321, 0.34820107, 0.34905496, 0.34978032, 0.34988922, 0.34996039, 0.34999871, 0.34999967, 0.34999979, 0.34994009, 0.97421724
0.33538085, 1.0000000, 0.92529291, 8.7933321, 9.6330786, 9.7906380, 9.9415751, 9.9699593, 9.9890890, 19.999296, 19.999821, 19.999218, 19.964727, 0.33793333, 0.34633079, 0.34790638, 0.34941575, 0.34969959, 0.34989089, 0.34999648, 0.34999910, 0.34999609, 0.34982365, 0.92529291
0.29619157, 1.0000000, 0.78330278, 6.1889749, 9.3515034, 9.5966330, 9.8374882, 9.9121227, 9.9644728, 19.995209, 19.998753, 19.996386, 19.943272, 0.31188932, 0.34351465, 0.34596616, 0.34837484, 0.34912118, 0.34964472, 0.34997603, 0.34999377, 0.34998193, 0.34971637, 0.78330278
0.25542375, 1.0000000, 0.63559330, 3.3040187, 9.2788782, 9.5307770, 9.7670574, 9.8659754, 9.9417353, 19.991175, 19.997677, 19.990896, 19.924526, 0.28303960, 0.34278780, 0.34530726, 0.34767047, 0.34865969, 0.34941733, 0.34995586, 0.34998840, 0.34995449, 0.34962264, 0.63559330
0.23140748, 1.0000000, 0.54857779, 2.3474932, 7.9798384, 9.5236740, 9.7454014, 9.8464050, 9.9290581, 19.988770, 19.996836, 19.982588, 19.908934, 0.27347359, 0.32979566, 0.34523511, 0.34745368, 0.34846386, 0.34929052, 0.34994385, 0.34998417, 0.34991294, 0.34954467, 0.54857779
0.23450185, 1.0000000, 0.55978930, 2.9280543, 7.4070835, 9.4904680, 9.7144470, 9.8234520, 9.9146404, 19.985292, 19.995283, 19.971567, 19.896353, 0.27927884, 0.32406825, 0.34490302, 0.34714416, 0.34823436, 0.34914634, 0.34992647, 0.34997642, 0.34985784, 0.34948176, 0.55978930
0.27245826, 1.0000000, 0.69731253, 4.5271854, 9.2491245, 9.6290903, 9.7712736, 9.8516836, 9.9233761, 19.985292, 19.993820, 19.958851, 19.886646, 0.29527083, 0.34248999, 0.34629023, 0.34771261, 0.34851676, 0.34923372, 0.34992647, 0.34996909, 0.34979427, 0.34943324, 0.69731253
0.28616464, 1.0000000, 0.74697322, 5.4894176, 9.3371849, 9.5624723, 9.7548456, 9.8432808, 9.9188528, 19.983028, 19.990454, 19.944996, 19.879206, 0.30488977, 0.34336734, 0.34562242, 0.34754798, 0.34843257, 0.34918845, 0.34991515, 0.34995228, 0.34972498, 0.34939602, 0.74697322
0.26232204, 1.0000000, 0.66058707, 3.7334080, 9.3733921, 9.5818892, 9.7634535, 9.8475885, 9.9200735, 19.981863, 19.985674, 19.931152, 19.873659, 0.28733081, 0.34372896, 0.34581634, 0.34763402, 0.34847561, 0.34920064, 0.34990931, 0.34992838, 0.34965575, 0.34936830, 0.66058707
0.23351887, 1.0000000, 0.55622774, 2.4399102, 8.0934982, 9.5056314, 9.7229548, 9.8244238, 9.9087849, 19.977308, 19.978045, 19.917862, 19.869511, 0.27439776, 0.33093232, 0.34505478, 0.34722921, 0.34824410, 0.34908777, 0.34988654, 0.34989023, 0.34958932, 0.34934756, 0.55622774
0.21299158, 1.0000000, 0.48185351, 1.8454492, 6.6023626, 9.5149651, 9.7192039, 9.8200121, 9.9052210, 19.973663, 19.968681, 19.906010, 19.866505, 0.26845056, 0.31601518, 0.34514356, 0.34719080, 0.34819949, 0.34905201, 0.34986833, 0.34984341, 0.34953004, 0.34933251, 0.48185351
0.19767481, 1.0000000, 0.42635798, 1.4656156, 5.3723283, 9.5351686, 9.7303352, 9.8252459, 9.9069767, 19.971130, 19.958021, 19.895912, 19.864342, 0.26465598, 0.30372289, 0.34535134, 0.34730330, 0.34825245, 0.34906977, 0.34985566, 0.34979010, 0.34947956, 0.34932172, 0.42635798
0.17995507, 1.0000000, 0.36215603, 1.0069102, 4.0178056, 9.4988079, 9.7136889, 9.8157740, 9.9024906, 19.966537, 19.945921, 19.887445, 19.862783, 0.26006779, 0.29017493, 0.34498438, 0.34713614, 0.34815735, 0.34902477, 0.34983268, 0.34972960, 0.34943724, 0.34931391, 0.36215603
0.16317683, 1.0000000, 0.30136532, 0.53555667, 2.9782267, 9.1034431, 9.6910686, 9.8020144, 9.8953047, 19.959780, 19.933105, 19.880548, 19.861660, 0.25535405, 0.27977723, 0.34102675, 0.34690905, 0.34801930, 0.34895277, 0.34979889, 0.34966552, 0.34940273, 0.34930831, 0.30136532
0.35382611, 1.0000000, 0.99212343, 9.8928223, 9.9398527, 9.9695110, 9.9930744, 9.9965134, 9.9987240, 19.999886, 19.999969, 19.999983, 19.990009, 0.34889674, 0.34937954, 0.34968561, 0.34992883, 0.34996417, 0.34998691, 0.34999943, 0.34999985, 0.34999990, 0.34995005, 0.99212343
0.35059029, 1.0000000, 0.98039961, 9.7082920, 9.8707733, 9.9313536, 9.9756832, 9.9875488, 9.9943581, 19.998461, 19.999605, 19.999296, 19.966606, 0.34708098, 0.34870657, 0.34931293, 0.34975672, 0.34987542, 0.34994355, 0.34999231, 0.34999803, 0.34999648, 0.34983304, 0.98039961
0.32802320, 1.0000000, 0.89863467, 8.3462477, 9.5271873, 9.7250710, 9.9095602, 9.9527597, 9.9807987, 19.996733, 19.999153, 19.996819, 19.944998, 0.33346015, 0.34527028, 0.34724990, 0.34909543, 0.34952751, 0.34980795, 0.34998366, 0.34999576, 0.34998411, 0.34972498, 0.89863467
0.29358864, 1.0000000, 0.77387184, 5.9946599, 9.3607063, 9.6003866, 9.8331470, 9.9083519, 9.9620056, 19.994202, 19.998487, 19.991693, 19.926035, 0.30994296, 0.34360367, 0.34600210, 0.34833112, 0.34908333, 0.34961998, 0.34997100, 0.34999245, 0.34995848, 0.34963018, 0.77387184
0.25634384, 1.0000000, 0.63892698, 3.3552151, 9.2972507, 9.5439177, 9.7752562, 9.8697424, 9.9431143, 19.991365, 19.997595, 19.983627, 19.910151, 0.28355107, 0.34297076, 0.34543827, 0.34775239, 0.34869733, 0.34943113, 0.34995681, 0.34998798, 0.34991813, 0.34955075, 0.63892698
0.23235171, 1.0000000, 0.55199891, 2.3708045, 8.0523129, 9.5274563, 9.7487183, 9.8483677, 9.9297981, 19.988655, 19.996309, 19.972870, 19.897333, 0.27370757, 0.33052218, 0.34527400, 0.34748706, 0.34848362, 0.34929794, 0.34994328, 0.34998155, 0.34986436, 0.34948665, 0.55199891
0.20880632, 1.0000000, 0.46668953, 1.7256945, 6.3096266, 9.4858141, 9.7184877, 9.8263941, 9.9165087, 19.985790, 19.994219, 19.960083, 19.887312, 0.26725522, 0.31309247, 0.34485528, 0.34718427, 0.34826365, 0.34916499, 0.34992895, 0.34997109, 0.34980041, 0.34943655, 0.46668953
0.19576439, 1.0000000, 0.41943619, 1.4467359, 5.1687865, 9.5409565, 9.7402573, 9.8351316, 9.9173641, 19.985184, 19.991474, 19.946348, 19.879740, 0.26446661, 0.30168629, 0.34540811, 0.34740227, 0.34835115, 0.34917358, 0.34992594, 0.34995738, 0.34973174, 0.34939870, 0.41943619
0.35199291, 1.0000000, 0.98548144, 9.7926645, 9.8913250, 9.9441385, 9.9870663, 9.9934874, 9.9976254, 19.999790, 19.999945, 19.999977, 19.989990, 0.34792611, 0.34891292, 0.34944123, 0.34987062, 0.34993485, 0.34997624, 0.34999895, 0.34999973, 0.34999987, 0.34994996, 0.98548144
0.34630573, 1.0000000, 0.96487576, 9.4741383, 9.7708216, 9.8773174, 9.9699516, 9.9847908, 9.9944649, 19.999557, 19.999880, 19.999924, 19.985031, 0.34474137, 0.34770823, 0.34877318, 0.34969953, 0.34984791, 0.34994465, 0.34999779, 0.34999940, 0.34999961, 0.34992516, 0.96487576
0.31559408, 1.0000000, 0.85360163, 7.5179868, 9.4403000, 9.6633940, 9.8824835, 9.9380465, 9.9755669, 19.996780, 19.999159, 19.998869, 19.961901, 0.32517987, 0.34440300, 0.34663394, 0.34882483, 0.34938046, 0.34975567, 0.34998390, 0.34999579, 0.34999436, 0.34980950, 0.85360163
0.30325916, 1.0000000, 0.80891001, 6.5425353, 9.5504398, 9.7175951, 9.8766766, 9.9312859, 9.9718199, 19.996536, 19.999092, 19.996019, 19.940825, 0.31542453, 0.34550369, 0.34717560, 0.34876671, 0.34931281, 0.34971821, 0.34998268, 0.34999546, 0.34998009, 0.34970412, 0.80891001
0.28061607, 1.0000000, 0.72686982, 4.9957905, 9.4367037, 9.6442957, 9.8367043, 9.9065275, 9.9602261, 19.994881, 19.998631, 19.990366, 19.922504, 0.29995412, 0.34436274, 0.34644076, 0.34836659, 0.34906504, 0.34960216, 0.34997439, 0.34999317, 0.34995183, 0.34961253, 0.72686982
0.24979690, 1.0000000, 0.61520612, 2.9622793, 9.1542063, 9.5598278, 9.7803907, 9.8710098, 9.9422808, 19.991413, 19.997509, 19.981647, 19.907244, 0.27961862, 0.34153435, 0.34559426, 0.34780306, 0.34870967, 0.34942266, 0.34995705, 0.34998754, 0.34990823, 0.34953621, 0.61520612
0.22731793, 1.0000000, 0.53376061, 2.2822590, 7.5958443, 9.5251379, 9.7467813, 9.8465462, 9.9278831, 19.988132, 19.995951, 19.970354, 19.895020, 0.27281651, 0.32594627, 0.34524375, 0.34746626, 0.34846470, 0.34927857, 0.34994066, 0.34997976, 0.34985179, 0.34947509, 0.53376061
0.20554297, 1.0000000, 0.45486575, 1.6649246, 6.0122356, 9.4976559, 9.7226830, 9.8281555, 9.9160624, 19.984934, 19.993563, 19.957232, 19.885572, 0.26664355, 0.31011006, 0.34496683, 0.34722483, 0.34828055, 0.34916028, 0.34992468, 0.34996781, 0.34978616, 0.34942788, 0.45486575
0.18450168, 1.0000000, 0.37862924, 1.1106789, 4.4123254, 9.4689722, 9.7014103, 9.8123512, 9.9059734, 19.981747, 19.989773, 19.943220, 19.878393, 0.26110154, 0.29411077, 0.34467632, 0.34701136, 0.34812212, 0.34905925, 0.34990874, 0.34994885, 0.34971610, 0.34939197, 0.37862924
0.16598472, 1.0000000, 0.31153885, 0.65090656, 2.9832125, 9.3873329, 9.6883488, 9.8019991, 9.8988104, 19.978565, 19.984207, 19.929312, 19.873024, 0.25650755, 0.27982798, 0.34386680, 0.34688213, 0.34801930, 0.34898788, 0.34989282, 0.34992105, 0.34964657, 0.34936512, 0.31153885
0.15291399, 0.88051564, 0.26418111, 0.27340651, 2.4879069, 8.4832993, 9.6802197, 9.7952690, 9.8938341, 19.975248, 19.976599, 19.916254, 19.869070, 0.25273252, 0.27487054, 0.33481845, 0.34679890, 0.34795102, 0.34893778, 0.34987622, 0.34988299, 0.34958127, 0.34934536, 0.26418111
0.14182815, 0.74664199, 0.22401500, 0.0000000, 2.0444007, 7.6058836, 9.6736650, 9.7901297, 9.8901720, 19.971716, 19.967028, 19.904610, 19.866194, 0.24999607, 0.27043453, 0.32604122, 0.34673217, 0.34789902, 0.34890094, 0.34985858, 0.34983513, 0.34952304, 0.34933096, 0.22401500
0.13394204, 0.65140867, 0.19544216, 0.0000000, 1.6074806, 6.5799575, 9.6481981, 9.7745476, 9.8835421, 19.968876, 19.956144, 19.894722, 19.864128, 0.24999607, 0.26607007, 0.31578988, 0.34647915, 0.34774405, 0.34883493, 0.34984440, 0.34978074, 0.34947360, 0.34932065, 0.19544216
0.12734798, 0.57177836, 0.17155066, 0.0000000, 1.2526691, 5.6981864, 9.6475658, 9.7727232, 9.8811178, 19.964287, 19.943991, 19.886496, 19.862637, 0.24999607, 0.26252005, 0.30696675, 0.34647053, 0.34772465, 0.34881032, 0.34982145, 0.34971994, 0.34943247, 0.34931320, 0.17155066
0.12136331, 0.49950689, 0.14986706, 0.0000000, 0.96034110, 4.8377738, 9.6409807, 9.7682152, 9.8786135, 19.959307, 19.931686, 19.879902, 19.861578, 0.24999607, 0.25960001, 0.29836917, 0.34640637, 0.34768042, 0.34878555, 0.34979653, 0.34965843, 0.34939951, 0.34930789, 0.14986706
0.11611673, 0.43614876, 0.13085772, 0.0000000, 0.72379708, 4.0432949, 9.6379061, 9.7657919, 9.8768482, 19.953131, 19.919731, 19.874731, 19.860826, 0.24999607, 0.25723714, 0.29043061, 0.34637794, 0.34765735, 0.34876829, 0.34976566, 0.34959865, 0.34937364, 0.34930414, 0.13085772
0.35166860, 1.0000000, 0.98430651, 9.9766846, 9.7674141, 9.5670443, 9.7533340, 9.8304615, 9.9022007, 19.947304, 19.909084, 19.870813, 19.860302, 0.34976509, 0.34767309, 0.34566993, 0.34753326, 0.34830457, 0.34902197, 0.34973651, 0.34954542, 0.34935406, 0.34930152, 0.98430651
0.33759570, 1.0000000, 0.93331766, 9.0675669, 9.5344353, 9.6564894, 9.7879248, 9.8537006, 9.9130888, 19.939774, 19.899481, 19.867800, 19.859938, 0.34066996, 0.34534079, 0.34656307, 0.34787887, 0.34853682, 0.34913084, 0.34969887, 0.34949741, 0.34933901, 0.34929970, 0.93331766
0.31500992, 1.0000000, 0.85148519, 7.4891596, 9.4510288, 9.6315928, 9.7864466, 9.8558779, 9.9142637, 19.930309, 19.890944, 19.865469, 19.859638, 0.32488170, 0.34450281, 0.34631211, 0.34786367, 0.34855840, 0.34914252, 0.34965155, 0.34945470, 0.34932736, 0.34929818, 0.85148519
0.29664731, 1.0000000, 0.78495395, 6.1453772, 9.4656324, 9.6429586, 9.7939215, 9.8610439, 9.9154615, 19.920763, 19.883877, 19.863729, 19.859451, 0.31144679, 0.34464988, 0.34642631, 0.34793857, 0.34861010, 0.34915450, 0.34960383, 0.34941939, 0.34931865, 0.34929726, 0.78495395
0.27283412, 1.0000000, 0.69867432, 4.4729671, 9.3972940, 9.6023655, 9.7812424, 9.8544683, 9.9113159, 19.911110, 19.878075, 19.862411, 19.859299, 0.29472870, 0.34397173, 0.34602302, 0.34781229, 0.34854463, 0.34911314, 0.34955555, 0.34939039, 0.34931207, 0.34929651, 0.69867432
0.35597527, 1.0000000, 0.99991030, 9.9990044, 9.9994030, 9.9996986, 9.9999371, 9.9999695, 9.9999905, 19.999998, 19.999998, 19.999998, 19.994987, 0.34998766, 0.34999260, 0.34999627, 0.34999922, 0.34999964, 0.34999987, 0.34999999, 0.34999999, 0.34999999, 0.34997493, 0.99991030
0.35215515, 1.0000000, 0.98606938, 9.9485474, 9.7068834, 9.8394728, 9.9593859, 9.9793386, 9.9925337, 19.999462, 19.999868, 19.999846, 19.980116, 0.34948546, 0.34706885, 0.34839472, 0.34959385, 0.34979337, 0.34992534, 0.34999731, 0.34999934, 0.34999922, 0.34990057, 0.98606938
0.35407841, 1.0000000, 0.99303758, 9.9024010, 9.9457531, 9.9724455, 9.9938126, 9.9968948, 9.9988823, 19.999908, 19.999981, 19.999962, 19.987026, 0.34902152, 0.34945604, 0.34972373, 0.34993798, 0.34996885, 0.34998879, 0.34999955, 0.34999990, 0.34999982, 0.34993511, 0.99303758
0.34535557, 1.0000000, 0.96143311, 9.4133053, 9.7615671, 9.8706417, 9.9683142, 9.9839172, 9.9942741, 19.999672, 19.999922, 19.999203, 19.963797, 0.34413078, 0.34761423, 0.34870571, 0.34968299, 0.34983912, 0.34994271, 0.34999835, 0.34999961, 0.34999603, 0.34981897, 0.96143311
0.33056867, 1.0000000, 0.90785748, 8.4665680, 9.6083279, 9.7711058, 9.9305525, 9.9639015, 9.9867725, 19.999123, 19.999784, 19.996500, 19.942490, 0.33466327, 0.34608164, 0.34771022, 0.34930533, 0.34963891, 0.34986770, 0.34999561, 0.34999892, 0.34998250, 0.34971243, 0.90785748
0.32017145, 1.0000000, 0.87018633, 7.7104068, 9.6169195, 9.7670736, 9.9134159, 9.9534206, 9.9822922, 19.998753, 19.999680, 19.991159, 19.923935, 0.32710287, 0.34616831, 0.34767029, 0.34913406, 0.34953415, 0.34982291, 0.34999377, 0.34999841, 0.34995580, 0.34961969, 0.87018633
0.29046911, 1.0000000, 0.76256925, 5.7427759, 9.3916082, 9.6217260, 9.8433743, 9.9135866, 9.9653788, 19.996620, 19.998955, 19.982796, 19.908442, 0.30742466, 0.34391305, 0.34621572, 0.34843341, 0.34913573, 0.34965372, 0.34998310, 0.34999478, 0.34991398, 0.34954220, 0.76256925
0.26974839, 1.0000000, 0.68749422, 4.2064195, 9.4418612, 9.6412468, 9.8270540, 9.8998117, 9.9576340, 19.995903, 19.998173, 19.971880, 19.896017, 0.29206309, 0.34441715, 0.34641173, 0.34827039, 0.34899804, 0.34957632, 0.34997952, 0.34999087, 0.34985942, 0.34948009, 0.68749422
0.25362617, 1.0000000, 0.62908030, 3.0220542, 9.4646149, 9.6526232, 9.8216076, 9.8932066, 9.9523001, 19.994951, 19.996513, 19.959023, 19.886368, 0.28021798, 0.34464136, 0.34652379, 0.34821558, 0.34893182, 0.34952292, 0.34997475, 0.34998256, 0.34979510, 0.34943184, 0.62908030
0.24477023, 1.0000000, 0.59699357, 2.7637572, 8.8181429, 9.6662226, 9.8249855, 9.8927183, 9.9500589, 19.994473, 19.993685, 19.945208, 19.879034, 0.27763587, 0.33817819, 0.34666044, 0.34824950, 0.34892702, 0.34950054, 0.34997237, 0.34996843, 0.34972602, 0.34939516, 0.59699357
0.22644052, 1.0000000, 0.53058153, 2.2415967, 7.5276208, 9.5706835, 9.7821789, 9.8674717, 9.9379597, 19.992622, 19.988739, 19.931252, 19.873512, 0.27241567, 0.32527560, 0.34570643, 0.34782168, 0.34867468, 0.34937960, 0.34996313, 0.34994370, 0.34965625, 0.34936756, 0.53058153
0.22041801, 1.0000000, 0.50876087, 2.1188827, 6.9535141, 9.6662474, 9.8112564, 9.8807201, 9.9411888, 19.992329, 19.982178, 19.918203, 19.869492, 0.27118823, 0.31953394, 0.34666163, 0.34811237, 0.34880713, 0.34941188, 0.34996164, 0.34991089, 0.34959102, 0.34934747, 0.50876087
0.20234269, 1.0000000, 0.44327059, 1.6100168, 5.6900826, 9.5400724, 9.7615204, 9.8526726, 9.9283075, 19.989365, 19.972902, 19.906347, 19.866505, 0.26609582, 0.30689162, 0.34539300, 0.34761363, 0.34852591, 0.34928280, 0.34994683, 0.34986451, 0.34953174, 0.34933251, 0.44327059
0.18319391, 1.0000000, 0.37389097, 1.1170030, 4.2303801, 9.4881220, 9.7238636, 9.8285160, 9.9158554, 19.985519, 19.961756, 19.896124, 19.864342, 0.26116595, 0.29229450, 0.34487081, 0.34723648, 0.34828410, 0.34915820, 0.34992760, 0.34980878, 0.34948063, 0.34932172, 0.37389097
0.16688123, 1.0000000, 0.31478703, 0.72406530, 2.9726326, 9.3786592, 9.7074232, 9.8158379, 9.9077492, 19.980888, 19.949394, 19.887634, 19.862783, 0.25723660, 0.27971634, 0.34377086, 0.34707099, 0.34815675, 0.34907693, 0.34990445, 0.34974697, 0.34943816, 0.34931391, 0.31478703
0.15525256, 0.90875638, 0.27265418, 0.39637983, 2.5287092, 8.5533705, 9.6978216, 9.8079519, 9.9019890, 19.974899, 19.936499, 19.880762, 19.861671, 0.25396070, 0.27527520, 0.33551362, 0.34697366, 0.34807721, 0.34901911, 0.34987450, 0.34968251, 0.34940380, 0.34930837, 0.27265418
0.14447814, 0.77864361, 0.23361644, 0.11615157, 2.1115870, 7.7230401, 9.6876678, 9.8003693, 9.8967676, 19.967234, 19.923771, 19.875322, 19.860872, 0.25116014, 0.27110076, 0.32720277, 0.34686977, 0.34800017, 0.34896648, 0.34983617, 0.34961885, 0.34937662, 0.34930438, 0.23361644
0.13742289, 0.69344372, 0.20805393, 0.0000000, 1.8076152, 7.0127630, 9.6963005, 9.8040247, 9.8968620, 19.959005, 19.912073, 19.871161, 19.860321, 0.24999845, 0.26805827, 0.32009295, 0.34695339, 0.34803540, 0.34896699, 0.34979504, 0.34956038, 0.34935582, 0.34930161, 0.20805393
0.14797127, 0.82082701, 0.24627273, 0.99405944, 1.6461670, 6.5572586, 9.7357979, 9.8256731, 9.9044275, 19.950035, 19.901766, 19.868025, 19.859938, 0.25993413, 0.26645523, 0.31555980, 0.34735417, 0.34825483, 0.34904361, 0.34975016, 0.34950882, 0.34934014, 0.34929970, 0.24627273
0.14154252, 0.74319267, 0.22298011, 0.76996386, 1.4664590, 6.1053519, 9.7396049, 9.8292961, 9.9055405, 19.939676, 19.892784, 19.865622, 19.859627, 0.25769901, 0.26466388, 0.31105202, 0.34739557, 0.34829271, 0.34905532, 0.34969836, 0.34946391, 0.34932810, 0.34929812, 0.22298011
0.13736622, 0.69275945, 0.20784862, 0.63957274, 1.3509005, 5.7581325, 9.7593861, 9.8406715, 9.9090319, 19.929289, 19.885353, 19.863852, 19.859463, 0.25639400, 0.26350683, 0.30757669, 0.34759226, 0.34840593, 0.34909004, 0.34964645, 0.34942678, 0.34931925, 0.34929731, 0.20784862
0.13127905, 0.61925030, 0.18579367, 0.45209825, 1.1702061, 5.2784381, 9.7371197, 9.8287573, 9.9029617, 19.918484, 19.879230, 19.862499, 19.859346, 0.25452098, 0.26170206, 0.30278438, 0.34737119, 0.34828758, 0.34902960, 0.34959242, 0.34939617, 0.34931248, 0.34929675, 0.18579367
0.12354510, 0.52585441, 0.15777209, 0.23107231, 0.93475878, 4.6304154, 9.6924515, 9.8020420, 9.8896351, 19.907681, 19.874201, 19.861500, 19.859299, 0.25231045, 0.25934696, 0.29630262, 0.34692386, 0.34802011, 0.34889624, 0.34953839, 0.34937102, 0.34930751, 0.34929651, 0.15777209
0.11795320, 0.45832610, 0.13751158, 0.88599324E-1, 0.77026188, 4.0840540, 9.6942673, 9.7998533, 9.8847132, 19.898050, 19.870295, 19.860781, 19.859222, 0.25088573, 0.25770119, 0.29083675, 0.34694088, 0.34799764, 0.34884682, 0.34949026, 0.34935147, 0.34930390, 0.34929612, 0.13751158
0.11342002, 0.40358302, 0.12108701, 0.0000000, 0.62024295, 3.5846648, 9.6941309, 9.7979202, 9.8803129, 19.889311, 19.867207, 19.860199, 19.859194, 0.24999624, 0.25620121, 0.28584313, 0.34693938, 0.34797823, 0.34880280, 0.34944656, 0.34933603, 0.34930098, 0.34929597, 0.12108701
0.10992081, 0.36132637, 0.10840875, 0.0000000, 0.46903491, 3.0478148, 9.6750221, 9.7855291, 9.8723860, 19.881758, 19.864777, 19.859781, 19.859158, 0.24999624, 0.25468814, 0.28047100, 0.34674570, 0.34785300, 0.34872308, 0.34940881, 0.34932387, 0.34929889, 0.34929579, 0.10840875
0.10892516, 0.34930274, 0.10480130, 0.0000000, 0.43318570, 2.8980911, 9.5634069, 9.8120918, 9.8801880, 19.876896, 19.863298, 19.859617, 19.859158, 0.24999624, 0.25433028, 0.27897558, 0.34563056, 0.34811911, 0.34880129, 0.34938449, 0.34931648, 0.34929809, 0.34929579, 0.10480130
0.10776450, 0.33528647, 0.10059600, 0.0000000, 0.38453937, 2.7509003, 9.3792505, 9.8126268, 9.8792381, 19.872892, 19.862173, 19.859489, 19.859158, 0.24999624, 0.25384539, 0.27750900, 0.34379250, 0.34812626, 0.34879237, 0.34936446, 0.34931087, 0.34929746, 0.34929579, 0.10059600
0.10582209, 0.31182984, 0.93558304E-1, 0.0000000, 0.28918087, 2.5253801, 9.1276207, 9.7911835, 9.8695183, 19.868864, 19.861160, 19.859394, 19.859133, 0.24999624, 0.25289160, 0.27525291, 0.34127554, 0.34791148, 0.34869507, 0.34934431, 0.34930581, 0.34929699, 0.34929568, 0.93558304E-1
0.10370261, 0.28623480, 0.85879028E-1, 0.0000000, 0.18540323, 2.2827415, 8.8345337, 9.7724161, 9.8601494, 19.865274, 19.860296, 19.859276, 19.859110, 0.24999624, 0.25185287, 0.27282020, 0.33833975, 0.34772107, 0.34860045, 0.34932637, 0.34930149, 0.34929639, 0.34929556, 0.85879028E-1
0.10188775, 0.26431829, 0.79303421E-1, 0.0000000, 0.11415184, 2.0509810, 8.5181198, 9.7599812, 9.8536367, 19.862898, 19.859753, 19.859200, 19.859087, 0.24999624, 0.25114116, 0.27050656, 0.33517852, 0.34759825, 0.34853587, 0.34931448, 0.34929878, 0.34929600, 0.34929544, 0.79303421E-1
0.10107878, 0.25454912, 0.76372378E-1, 0.0000000, 0.88113546E-1, 1.9467086, 8.3087730, 9.7869644, 9.8626280, 19.861628, 19.859505, 19.859163, 19.859087, 0.24999624, 0.25088072, 0.26946247, 0.33308381, 0.34786731, 0.34862551, 0.34930813, 0.34929752, 0.34929582, 0.34929544, 0.76372378E-1
0.15383843, 0.89167923, 0.26753053, 2.5550008, 2.2222281, 1.9230217, 8.1985226, 9.8248367, 9.8764238, 19.860950, 19.859478, 19.859158, 19.859087, 0.27554962, 0.27222207, 0.26923013, 0.33198515, 0.34824830, 0.34876421, 0.34930474, 0.34929740, 0.34929579, 0.34929544, 0.26753053
0.15635663, 0.92208916, 0.27665442, 2.2972732, 2.1459937, 3.2832510, 9.4804096, 9.8518801, 9.8862448, 19.860485, 19.859442, 19.859158, 19.859087, 0.27297273, 0.27145994, 0.28283250, 0.34480411, 0.34851879, 0.34886244, 0.34930241, 0.34929723, 0.34929579, 0.34929544, 0.27665442
0.15169713, 0.86582065, 0.25977218, 2.1064548, 2.0391285, 2.9823036, 9.6073999, 9.8505983, 9.8858280, 19.859861, 19.859335, 19.859127, 19.859087, 0.27106455, 0.27039129, 0.27982304, 0.34607399, 0.34850597, 0.34885830, 0.34929931, 0.34929669, 0.34929565, 0.34929544, 0.25977218
0.14432718, 0.77682054, 0.23306948, 1.7488897, 1.8330336, 2.8397350, 9.4563532, 9.8325310, 9.8789167, 19.858604, 19.859011, 19.859039, 19.859070, 0.26748639, 0.26832876, 0.27839613, 0.34456274, 0.34832489, 0.34878901, 0.34929302, 0.34929505, 0.34929520, 0.34929535, 0.23306948
0.14075771, 0.73371530, 0.22013660, 1.5817612, 1.7301649, 2.7634830, 9.3405571, 9.8377256, 9.8806725, 19.858356, 19.858904, 19.859016, 19.859064, 0.26581416, 0.26729938, 0.27763301, 0.34340435, 0.34837660, 0.34880653, 0.34929177, 0.34929451, 0.34929508, 0.34929532, 0.22013660
0.14465283, 0.78075314, 0.23424937, 1.9796252, 1.6004235, 2.6637406, 9.2086020, 9.8334341, 9.8791189, 19.858084, 19.858805, 19.858986, 19.859051, 0.26979399, 0.26600313, 0.27663648, 0.34208539, 0.34833401, 0.34879106, 0.34929043, 0.34929401, 0.34929493, 0.34929526, 0.23424937
0.13596547, 0.67584372, 0.20277339, 1.5444398, 1.3793856, 2.4986863, 9.0223494, 9.8144712, 9.8714361, 19.856680, 19.858421, 19.858875, 19.859022, 0.26543972, 0.26379135, 0.27498460, 0.34022185, 0.34814382, 0.34871405, 0.34928340, 0.34929210, 0.34929436, 0.34929511, 0.20277339
0.12756059, 0.57434571, 0.17232095, 1.1366725, 1.1564583, 2.3201644, 8.8058577, 9.7985191, 9.8648701, 19.855572, 19.858131, 19.858805, 19.858997, 0.26135957, 0.26156023, 0.27319726, 0.33805525, 0.34798336, 0.34864807, 0.34927785, 0.34929067, 0.34929401, 0.34929499, 0.17232095
0.12152776, 0.50149280, 0.15046290, 0.85681975, 0.98882318, 2.1711111, 8.5953903, 9.7949324, 9.8632402, 19.855295, 19.858047, 19.858757, 19.858980, 0.25856587, 0.25988662, 0.27170935, 0.33595249, 0.34794852, 0.34863213, 0.34927648, 0.34929025, 0.34929377, 0.34929490, 0.15046290
0.19822869, 1.0000000, 0.42836475, 2.3580730, 4.4878931, 8.5790205, 9.1694021, 9.8164091, 9.8710680, 19.855690, 19.858177, 19.858757, 19.858974, 0.27357784, 0.29487562, 0.33578706, 0.34169334, 0.34816372, 0.34871057, 0.34927845, 0.34929088, 0.34929377, 0.34929487, 0.42836475
0.25322509, 1.0000000, 0.62762707, 3.7554142, 8.3118696, 9.4562883, 9.6631222, 9.8201942, 9.8724861, 19.855583, 19.858131, 19.858709, 19.858955, 0.28755414, 0.33311871, 0.34456289, 0.34663123, 0.34820193, 0.34872487, 0.34927791, 0.34929067, 0.34929353, 0.34929478, 0.62762707
0.23800047, 1.0000000, 0.57246542, 2.7190299, 8.1247282, 9.5921040, 9.7451000, 9.8309422, 9.8764391, 19.855724, 19.858112, 19.858673, 19.858940, 0.27718785, 0.33124289, 0.34591845, 0.34745046, 0.34830916, 0.34876430, 0.34927863, 0.34929055, 0.34929335, 0.34929469, 0.57246542
0.26210082, 1.0000000, 0.65978551, 3.9954545, 8.8655233, 9.6656141, 9.7849989, 9.8446798, 9.8815756, 19.856144, 19.858164, 19.858662, 19.858940, 0.28995454, 0.33865523, 0.34665614, 0.34784999, 0.34844679, 0.34881574, 0.34928071, 0.34929082, 0.34929329, 0.34929469, 0.65978551
0.24374315, 1.0000000, 0.59327227, 2.8164120, 8.6454601, 9.6062632, 9.7715778, 9.8356266, 9.8781500, 19.855665, 19.858034, 19.858614, 19.858923, 0.27816302, 0.33645257, 0.34606150, 0.34771556, 0.34835616, 0.34878147, 0.34927833, 0.34929016, 0.34929305, 0.34929460, 0.59327227
0.23289843, 1.0000000, 0.55397981, 2.5349975, 7.7981515, 9.6193380, 9.7751122, 9.8365488, 9.8786325, 19.855812, 19.858051, 19.858578, 19.858923, 0.27534801, 0.32797793, 0.34619114, 0.34775066, 0.34836525, 0.34878623, 0.34927905, 0.34929025, 0.34929287, 0.34929460, 0.55397981
0.22514166, 1.0000000, 0.52587557, 2.3453026, 7.1607852, 9.6507187, 9.7873631, 9.8428488, 9.8810272, 19.856083, 19.858088, 19.858566, 19.858923, 0.27344975, 0.32160184, 0.34650314, 0.34787279, 0.34842807, 0.34881011, 0.34928042, 0.34929043, 0.34929281, 0.34929460, 0.52587557
0.21399526, 1.0000000, 0.48549005, 2.0584404, 6.3147516, 9.6073189, 9.7745733, 9.8362703, 9.8788013, 19.856058, 19.858051, 19.858566, 19.858923, 0.27058426, 0.31314725, 0.34607297, 0.34774569, 0.34836268, 0.34878802, 0.34928030, 0.34929025, 0.34929281, 0.34929460, 0.48549005
0.20344773, 1.0000000, 0.44727436, 1.8052518, 5.4701948, 9.5950212, 9.7677765, 9.8325424, 9.8776283, 19.856171, 19.858070, 19.858566, 19.858923, 0.26805171, 0.30470049, 0.34594893, 0.34767750, 0.34832531, 0.34877625, 0.34928086, 0.34929034, 0.34929281, 0.34929460, 0.44727436
0.19246572, 1.0000000, 0.40748450, 1.5518069, 4.5736160, 9.5823851, 9.7590179, 9.8276310, 9.8759995, 19.856253, 19.858076, 19.858566, 19.858923, 0.26551756, 0.29573527, 0.34582293, 0.34759000, 0.34827623, 0.34875998, 0.34928125, 0.34929037, 0.34929281, 0.34929460, 0.40748450
0.18341649, 1.0000000, 0.37469736, 1.3456225, 3.8165941, 9.5975790, 9.7618036, 9.8288298, 9.8763065, 19.856176, 19.858040, 19.858566, 19.858923, 0.26345533, 0.28816441, 0.34597385, 0.34761766, 0.34828809, 0.34876299, 0.34928089, 0.34929019, 0.34929281, 0.34929460, 0.37469736
0.17485876, 1.0000000, 0.34369114, 1.1649579, 3.0945423, 9.5773096, 9.7579546, 9.8269072, 9.8758125, 19.856346, 19.858088, 19.858566, 19.858923, 0.26164922, 0.28094485, 0.34577224, 0.34757936, 0.34826899, 0.34875810, 0.34928173, 0.34929043, 0.34929281, 0.34929460, 0.34369114
0.17182311, 1.0000000, 0.33269241, 1.0901511, 2.9191284, 9.4382277, 9.7902079, 9.8439178, 9.8816957, 19.856487, 19.858118, 19.858566, 19.858923, 0.26089865, 0.27918670, 0.34437487, 0.34790054, 0.34843841, 0.34881669, 0.34928244, 0.34929058, 0.34929281, 0.34929460, 0.33269241
0.16845429, 1.0000000, 0.32048655, 0.98032057, 2.8121262, 9.2003632, 9.8011456, 9.8501720, 9.8835983, 19.856266, 19.858051, 19.858566, 19.858923, 0.25980189, 0.27811900, 0.34199992, 0.34801066, 0.34850132, 0.34883586, 0.34928134, 0.34929025, 0.34929281, 0.34929460, 0.32048655
0.16652285, 1.0000000, 0.31348854, 0.91186464, 2.7597876, 9.0604420, 9.8207941, 9.8606691, 9.8870182, 19.856199, 19.858040, 19.858566, 19.858923, 0.25911853, 0.27759764, 0.34060404, 0.34820786, 0.34860668, 0.34887019, 0.34928101, 0.34929019, 0.34929281, 0.34929460, 0.31348854
0.16332760, 1.0000000, 0.30191156, 0.79989433, 2.6593685, 8.8632641, 9.8200111, 9.8605146, 9.8865891, 19.855833, 19.857952, 19.858566, 19.858923, 0.25799850, 0.27659279, 0.33863115, 0.34819978, 0.34860498, 0.34886584, 0.34927917, 0.34928977, 0.34929281, 0.34929460, 0.30191156
0.15859926, 0.94917142, 0.28477991, 0.63599944, 2.5031419, 8.5850449, 9.8043938, 9.8523302, 9.8832664, 19.855179, 19.857811, 19.858555, 19.858923, 0.25635874, 0.27502844, 0.33584532, 0.34804279, 0.34852272, 0.34883246, 0.34927589, 0.34928906, 0.34929278, 0.34929460, 0.28477991
0.15548325, 0.91154230, 0.27349004, 0.52092075, 2.4110198, 8.3982248, 9.8122835, 9.8560553, 9.8843298, 19.854864, 19.857777, 19.858566, 19.858923, 0.25520810, 0.27410716, 0.33397695, 0.34812158, 0.34855992, 0.34884310, 0.34927434, 0.34928888, 0.34929281, 0.34929460, 0.27349004
0.15100655, 0.85748112, 0.25727007, 0.36479235, 2.2648721, 8.1319447, 9.8011560, 9.8500795, 9.8818827, 19.854315, 19.857632, 19.858551, 19.858923, 0.25364739, 0.27264673, 0.33131585, 0.34801069, 0.34850034, 0.34881869, 0.34927157, 0.34928817, 0.34929276, 0.34929460, 0.25727007
0.14729276, 0.81263334, 0.24381438, 0.24893284, 2.1398187, 7.8725219, 9.7977133, 9.8480577, 9.8812141, 19.854223, 19.857607, 19.858566, 19.858923, 0.25248876, 0.27139521, 0.32871974, 0.34797576, 0.34847990, 0.34881189, 0.34927112, 0.34928805, 0.34929281, 0.34929460, 0.24381438
0.14209035, 0.74980843, 0.22496504, 0.11079907, 1.9445390, 7.4738307, 9.7709770, 9.8338156, 9.8762445, 19.853931, 19.857527, 19.858545, 19.858923, 0.25110769, 0.26944229, 0.32473233, 0.34770823, 0.34833738, 0.34876218, 0.34926966, 0.34928763, 0.34929273, 0.34929460, 0.22496504
0.13776402, 0.69756335, 0.20928994, 0.15467405E-2, 1.7864466, 7.1102009, 9.7654676, 9.8303537, 9.8750896, 19.853872, 19.857529, 19.858561, 19.858923, 0.25001547, 0.26786232, 0.32109773, 0.34765348, 0.34830293, 0.34875068, 0.34926936, 0.34928763, 0.34929281, 0.34929460, 0.20928994
0.13377631, 0.64940733, 0.19484168, 0.0000000, 1.5549511, 6.6227322, 9.7381964, 9.8151627, 9.8691444, 19.852976, 19.857311, 19.858492, 19.858898, 0.24999999, 0.26554644, 0.31622079, 0.34738001, 0.34815064, 0.34869111, 0.34926489, 0.34928656, 0.34929246, 0.34929448, 0.19484168
0.12942328, 0.59683973, 0.17906983, 0.0000000, 1.3173610, 6.0539269, 9.7127237, 9.8002863, 9.8634872, 19.852457, 19.857176, 19.858492, 19.858875, 0.24999999, 0.26316911, 0.31052893, 0.34712392, 0.34800118, 0.34863430, 0.34926230, 0.34928587, 0.34929246, 0.34929436, 0.17906983
0.12653190, 0.56192321, 0.16859382, 0.0000000, 1.1808962, 5.6231308, 9.7292862, 9.8083410, 9.8666019, 19.852951, 19.857319, 19.858561, 19.858875, 0.24999999, 0.26180696, 0.30622658, 0.34729123, 0.34808257, 0.34866574, 0.34926474, 0.34928659, 0.34929281, 0.34929436, 0.16859382
0.12408679, 0.53239590, 0.15973474, 0.0000000, 1.0731936, 5.2443008, 9.7396698, 9.8144217, 9.8693466, 19.853697, 19.857540, 19.858566, 19.858875, 0.24999999, 0.26073182, 0.30244267, 0.34739658, 0.34814417, 0.34869343, 0.34926850, 0.34928769, 0.34929281, 0.34929436, 0.15973474
0.12094892, 0.49450269, 0.14836565, 0.0000000, 0.93397498, 4.7702045, 9.7189217, 9.8037834, 9.8661003, 19.854267, 19.857670, 19.858566, 19.858875, 0.24999999, 0.25933945, 0.29770127, 0.34718889, 0.34803769, 0.34866095, 0.34927133, 0.34928834, 0.34929281, 0.34929436, 0.14836565
0.11741181, 0.45178822, 0.13555002, 0.0000000, 0.77894926, 4.2318501, 9.6965284, 9.7910347, 9.8614931, 19.854408, 19.857689, 19.858566, 19.858875, 0.24999999, 0.25778908, 0.29231739, 0.34696478, 0.34791008, 0.34861484, 0.34927204, 0.34928843, 0.34929281, 0.34929436, 0.13555002
0.11558969, 0.42978415, 0.12894814, 0.0000000, 0.71431100, 3.9114816, 9.7351665, 9.8116293, 9.8689814, 19.854952, 19.857830, 19.858566, 19.858875, 0.24999999, 0.25714168, 0.28911093, 0.34734973, 0.34811530, 0.34868950, 0.34927475, 0.34928915, 0.34929281, 0.34929436, 0.12894814
0.11471950, 0.41927564, 0.12579527, 0.0000000, 0.68972707, 3.7380347, 9.7819242, 9.8375578, 9.8785267, 19.855522, 19.858011, 19.858566, 19.858875, 0.24999999, 0.25689617, 0.28737733, 0.34781766, 0.34837481, 0.34878501, 0.34927762, 0.34929007, 0.34929281, 0.34929436, 0.12579527
0.11353662, 0.40499112, 0.12150948, 0.0000000, 0.64197183, 3.5457811, 9.7886229, 9.8425322, 9.8805866, 19.855812, 19.858046, 19.858566, 19.858875, 0.24999999, 0.25641888, 0.28545555, 0.34788498, 0.34842470, 0.34880567, 0.34927905, 0.34929022, 0.34929281, 0.34929436, 0.12150948
0.11136703, 0.37879097, 0.11364866, 0.0000000, 0.54376125, 3.2279346, 9.7496834, 9.8225307, 9.8736658, 19.855581, 19.857952, 19.858566, 19.858875, 0.24999999, 0.25543725, 0.28227830, 0.34749621, 0.34822497, 0.34873652, 0.34927791, 0.34928977, 0.34929281, 0.34929436, 0.11364866
0.10950880, 0.35635078, 0.10691593, 0.0000000, 0.45005083, 2.9842644, 9.6687355, 9.8159428, 9.8709984, 19.855156, 19.857847, 19.858561, 19.858875, 0.24999999, 0.25449878, 0.27983692, 0.34668365, 0.34815755, 0.34870937, 0.34927577, 0.34928924, 0.34929281, 0.34929436, 0.10691593
0.10799219, 0.33803609, 0.10142097, 0.0000000, 0.35569370, 2.8415947, 9.4959326, 9.8136015, 9.8696728, 19.854580, 19.857727, 19.858545, 19.858875, 0.24999999, 0.25355527, 0.27840924, 0.34495482, 0.34813368, 0.34869596, 0.34927291, 0.34928864, 0.34929273, 0.34929436, 0.10142097
0.10674401, 0.32296297, 0.96898586E-1, 0.0000000, 0.27066469, 2.7381511, 9.3509827, 9.8211460, 9.8718300, 19.854048, 19.857569, 19.858540, 19.858875, 0.24999999, 0.25270545, 0.27737549, 0.34350571, 0.34820929, 0.34871757, 0.34927022, 0.34928784, 0.34929270, 0.34929436, 0.96898586E-1
0.10548802, 0.30779555, 0.92347905E-1, 0.0000000, 0.18177927, 2.6392519, 9.2143850, 9.8256140, 9.8729210, 19.853388, 19.857416, 19.858526, 19.858875, 0.24999999, 0.25181702, 0.27638689, 0.34213990, 0.34825405, 0.34872848, 0.34926695, 0.34928709, 0.34929264, 0.34929436, 0.92347905E-1
0.10471369, 0.29844472, 0.89542374E-1, 0.0000000, 0.12341142, 2.5865703, 9.1151571, 9.8393602, 9.8777227, 19.853437, 19.857454, 19.858566, 19.858875, 0.24999999, 0.25123402, 0.27586478, 0.34115091, 0.34839326, 0.34877712, 0.34926718, 0.34928727, 0.34929281, 0.34929436, 0.89542374E-1
0.10264067, 0.27341062, 0.82031392E-1, 0.0000000, 0.0000000, 2.3797126, 8.9029512, 9.8064156, 9.8647928, 19.851398, 19.856962, 19.858425, 19.858828, 0.24999999, 0.24999969, 0.27378866, 0.33902320, 0.34806067, 0.34864676, 0.34925699, 0.34928483, 0.34929213, 0.34929413, 0.82031392E-1
0.10161338, 0.26100504, 0.78309342E-1, 0.0000000, 0.0000000, 2.1814048, 8.6637058, 9.7871685, 9.8573275, 19.850548, 19.856750, 19.858360, 19.858805, 0.24999999, 0.24999969, 0.27180728, 0.33663169, 0.34786865, 0.34857225, 0.34925273, 0.34928375, 0.34929180, 0.34929401, 0.78309342E-1
0.10081112, 0.25131696, 0.75402632E-1, 0.0000000, 0.0000000, 2.0318031, 8.4414644, 9.7862091, 9.8572741, 19.851072, 19.856892, 19.858389, 19.858805, 0.24999999, 0.24999969, 0.27031434, 0.33441159, 0.34786031, 0.34857213, 0.34925535, 0.34928447, 0.34929195, 0.34929401, 0.75402632E-1
0.99947274E-1, 0.24088499, 0.72272725E-1, 0.0000000, 0.0000000, 1.8730044, 8.2008390, 9.7795801, 9.8552084, 19.851597, 19.856997, 19.858397, 19.858805, 0.24999999, 0.24999969, 0.26871824, 0.33199805, 0.34778962, 0.34855002, 0.34925798, 0.34928498, 0.34929198, 0.34929401, 0.72272725E-1
0.10429718, 0.29341489, 0.88033274E-1, 0.37890673, 0.0000000, 1.7131776, 7.9486074, 9.7755404, 9.8534765, 19.851604, 19.856979, 19.858377, 19.858805, 0.25378302, 0.24999969, 0.26712358, 0.32947847, 0.34775072, 0.34853318, 0.34925801, 0.34928489, 0.34929189, 0.34929401, 0.88033274E-1
0.10025996, 0.24466109, 0.73405668E-1, 0.14365911, 0.0000000, 1.5688390, 7.7097654, 9.7763462, 9.8533354, 19.851219, 19.856867, 19.858355, 19.858805, 0.25143388, 0.24999969, 0.26567954, 0.32708895, 0.34775797, 0.34853151, 0.34925610, 0.34928435, 0.34929177, 0.34929401, 0.73405668E-1
0.98513946E-1, 0.22357602, 0.67079514E-1, 0.48747659E-1, 0.0000000, 1.4947265, 7.5366216, 9.7982979, 9.8618441, 19.852055, 19.857069, 19.858423, 19.858805, 0.25048673, 0.24999969, 0.26494032, 0.32535920, 0.34797841, 0.34861693, 0.34926027, 0.34928533, 0.34929210, 0.34929401, 0.67079514E-1
0.97449258E-1, 0.21071880, 0.63221961E-1, 0.0000000, 0.0000000, 1.4269054, 7.3912649, 9.8128300, 9.8674164, 19.852316, 19.857121, 19.858408, 19.858805, 0.24999879, 0.24999969, 0.26426470, 0.32390815, 0.34812531, 0.34867316, 0.34926158, 0.34928560, 0.34929204, 0.34929401, 0.63221961E-1
0.96710421E-1, 0.20179647, 0.60544997E-1, 0.0000000, 0.0000000, 1.2911916, 7.1870804, 9.7959290, 9.8606663, 19.851007, 19.856792, 19.858318, 19.858805, 0.24999879, 0.24999969, 0.26290765, 0.32186607, 0.34795606, 0.34860557, 0.34925503, 0.34928396, 0.34929159, 0.34929401, 0.60544997E-1
0.95951721E-1, 0.19263440, 0.57796102E-1, 0.0000000, 0.0000000, 1.1556000, 6.9584398, 9.7820034, 9.8551083, 19.850243, 19.856571, 19.858284, 19.858805, 0.24999879, 0.24999969, 0.26154912, 0.31957611, 0.34781423, 0.34854913, 0.34925121, 0.34928286, 0.34929141, 0.34929401, 0.57796102E-1
0.95504448E-1, 0.18723311, 0.56175552E-1, 0.0000000, 0.0000000, 1.0814101, 6.7862129, 9.7974787, 9.8608704, 19.850689, 19.856703, 19.858335, 19.858805, 0.24999879, 0.24999969, 0.26079735, 0.31784806, 0.34796563, 0.34860522, 0.34925321, 0.34928346, 0.34929165, 0.34929401, 0.56175552E-1
0.94492465E-1, 0.17501226, 0.52508928E-1, 0.0000000, 0.0000000, 0.89662373, 6.5004897, 9.7615976, 9.8460722, 19.848167, 19.856060, 19.858171, 19.858768, 0.24999879, 0.24999969, 0.25896278, 0.31499985, 0.34761220, 0.34845945, 0.34924084, 0.34928030, 0.34929085, 0.34929383, 0.52508928E-1
0.93451671E-1, 0.16244356, 0.48737943E-1, 0.0000000, 0.0000000, 0.71748495, 6.1556473, 9.7323179, 9.8337097, 19.846718, 19.855671, 19.858084, 19.858757, 0.24999879, 0.24999969, 0.25717190, 0.31155142, 0.34731919, 0.34833577, 0.34923360, 0.34927836, 0.34929043, 0.34929377, 0.48737943E-1
0.92694789E-1, 0.15330337, 0.45995612E-1, 0.0000000, 0.0000000, 0.60189366, 5.8208337, 9.7301807, 9.8328552, 19.847708, 19.855925, 19.858166, 19.858757, 0.24999879, 0.24999969, 0.25601596, 0.30820259, 0.34729698, 0.34832695, 0.34923854, 0.34927961, 0.34929082, 0.34929377, 0.45995612E-1
0.91909416E-1, 0.14381915, 0.43150064E-1, 0.0000000, 0.0000000, 0.48449636, 5.4641032, 9.7190962, 9.8285456, 19.848190, 19.856049, 19.858183, 19.858757, 0.24999879, 0.24999969, 0.25484392, 0.30463868, 0.34718889, 0.34828475, 0.34924096, 0.34928024, 0.34929091, 0.34929377, 0.43150064E-1
0.91199622E-1, 0.13524763, 0.40578350E-1, 0.0000000, 0.0000000, 0.38262606, 5.1172113, 9.7175245, 9.8277502, 19.848497, 19.856119, 19.858189, 19.858757, 0.24999879, 0.24999969, 0.25382522, 0.30116934, 0.34717262, 0.34827662, 0.34924248, 0.34928060, 0.34929094, 0.34929377, 0.40578350E-1
0.90415210E-1, 0.12577496, 0.37736263E-1, 0.0000000, 0.0000000, 0.26053488, 4.7777052, 9.7217951, 9.8280907, 19.847057, 19.855742, 19.858107, 19.858757, 0.24999879, 0.24999969, 0.25260484, 0.29777524, 0.34721607, 0.34828028, 0.34923530, 0.34927872, 0.34929055, 0.34929377, 0.37736263E-1
0.89472860E-1, 0.11439510, 0.34321964E-1, 0.0000000, 0.0000000, 0.11755228, 4.3941731, 9.7031889, 9.8194904, 19.844744, 19.855141, 19.857985, 19.858751, 0.24999879, 0.24999969, 0.25112584, 0.29390830, 0.34700966, 0.34818521, 0.34922257, 0.34927541, 0.34928983, 0.34929374, 0.34321964E-1
0.88695601E-1, 0.10500889, 0.31505819E-1, 0.0000000, 0.0000000, 0.10722876E-1, 3.9725792, 9.6822023, 9.8104849, 19.843948, 19.854959, 19.857943, 19.858757, 0.24999879, 0.24999969, 0.25010720, 0.28972328, 0.34681898, 0.34810382, 0.34921974, 0.34927481, 0.34928972, 0.34929377, 0.31505819E-1
0.88401943E-1, 0.10146260, 0.30441822E-1, 0.0000000, 0.0000000, 0.0000000, 3.6527443, 9.7163506, 9.8243790, 19.845617, 19.855394, 19.858072, 19.858757, 0.24999879, 0.24999969, 0.24999927, 0.28652146, 0.34715551, 0.34824109, 0.34922808, 0.34927696, 0.34929037, 0.34929377, 0.30441822E-1
0.88443801E-1, 0.10196811, 0.30593492E-1, 0.17535686E-1, 0.0000000, 0.0000000, 3.3983634, 9.7388592, 9.8347216, 19.846975, 19.855738, 19.858177, 19.858757, 0.25017500, 0.24999969, 0.24999927, 0.28397948, 0.34738261, 0.34834519, 0.34923488, 0.34927869, 0.34929088, 0.34929377, 0.30593492E-1
0.96262917E-1, 0.19639242, 0.58923617E-1, 0.59523880, 0.0000000, 0.0000000, 3.2033703, 9.7661324, 9.8467083, 19.848597, 19.856167, 19.858231, 19.858757, 0.25594833, 0.24999969, 0.24999927, 0.28203240, 0.34765932, 0.34846643, 0.34924299, 0.34928083, 0.34929115, 0.34929377, 0.58923617E-1
0.90105005E-1, 0.12202890, 0.36612332E-1, 0.16385913, 0.0000000, 0.0000000, 2.9898376, 9.6889868, 9.8354492, 19.847582, 19.855909, 19.858166, 19.858757, 0.25163835, 0.24999969, 0.24999927, 0.27989811, 0.34688944, 0.34835434, 0.34923792, 0.34927955, 0.34929082, 0.34929377, 0.36612332E-1
0.87685086E-1, 0.92805818E-1, 0.27844530E-1, 0.0000000, 0.0000000, 0.0000000, 2.8970301, 9.4933577, 9.8307991, 19.848425, 19.856119, 19.858194, 19.858757, 0.24999996, 0.24999969, 0.24999927, 0.27896681, 0.34492788, 0.34830603, 0.34924212, 0.34928060, 0.34929097, 0.34929377, 0.27844530E-1
0.87436646E-1, 0.89805596E-1, 0.26944375E-1, 0.0000000, 0.0000000, 0.0000000, 2.7478039, 9.1991653, 9.8081942, 19.848337, 19.856091, 19.858183, 19.858757, 0.24999996, 0.24999969, 0.24999927, 0.27747479, 0.34198624, 0.34808001, 0.34924167, 0.34928045, 0.34929091, 0.34929377, 0.26944375E-1
0.87229736E-1, 0.87306939E-1, 0.26194701E-1, 0.0000000, 0.0000000, 0.0000000, 2.6252298, 8.9442492, 9.8078604, 19.847832, 19.855955, 19.858154, 19.858757, 0.24999996, 0.24999969, 0.24999927, 0.27625009, 0.33943874, 0.34807724, 0.34923917, 0.34927976, 0.34929079, 0.34929377, 0.26194701E-1
0.86983167E-1, 0.84329359E-1, 0.25301339E-1, 0.0000000, 0.0000000, 0.0000000, 2.4789274, 8.6455040, 9.7985878, 19.846975, 19.855730, 19.858095, 19.858757, 0.24999996, 0.24999969, 0.24999927, 0.27478424, 0.33644626, 0.34798256, 0.34923488, 0.34927866, 0.34929049, 0.34929377, 0.25301339E-1
0.86870790E-1, 0.82972296E-1, 0.24894178E-1, 0.0000000, 0.0000000, 0.0000000, 2.4237304, 8.4750595, 9.8233252, 19.848980, 19.856255, 19.858219, 19.858757, 0.24999996, 0.24999969, 0.24999927, 0.27423519, 0.33474687, 0.34823182, 0.34924489, 0.34928128, 0.34929109, 0.34929377, 0.24894178E-1
0.86722404E-1, 0.81180319E-1, 0.24356533E-1, 0.0000000, 0.0000000, 0.0000000, 2.3410945, 8.2827120, 9.8240490, 19.849382, 19.856361, 19.858242, 19.858757, 0.24999996, 0.24999969, 0.24999927, 0.27340621, 0.33281875, 0.34823719, 0.34924692, 0.34928182, 0.34929121, 0.34929377, 0.24356533E-1
0.86596139E-1, 0.79655588E-1, 0.23899067E-1, 0.0000000, 0.0000000, 0.0000000, 2.2751303, 8.1072521, 9.8280134, 19.850613, 19.856680, 19.858324, 19.858757, 0.24999996, 0.24999969, 0.24999927, 0.27274930, 0.33106893, 0.34827870, 0.34925306, 0.34928340, 0.34929162, 0.34929377, 0.23899067E-1
0.86316109E-1, 0.76273918E-1, 0.22884464E-1, 0.0000000, 0.0000000, 0.0000000, 2.1078796, 7.7776842, 9.7915325, 19.848356, 19.856108, 19.858183, 19.858709, 0.24999996, 0.24999969, 0.24999927, 0.27107641, 0.32777244, 0.34791347, 0.34924179, 0.34928054, 0.34929091, 0.34929353, 0.22884464E-1
0.86025186E-1, 0.72760649E-1, 0.21830378E-1, 0.0000000, 0.0000000, 0.0000000, 1.9422889, 7.4122820, 9.7731361, 19.846975, 19.855736, 19.858072, 19.858709, 0.24999996, 0.24999969, 0.24999927, 0.26942053, 0.32411832, 0.34772938, 0.34923488, 0.34927869, 0.34929037, 0.34929353, 0.21830378E-1
0.85751481E-1, 0.69455385E-1, 0.20838700E-1, 0.0000000, 0.0000000, 0.0000000, 1.7876267, 7.0610042, 9.7705278, 19.845287, 19.855293, 19.857979, 19.858704, 0.24999996, 0.24999969, 0.24999927, 0.26787478, 0.32060713, 0.34770393, 0.34922644, 0.34927648, 0.34928989, 0.34929353, 0.20838700E-1
0.85581400E-1, 0.67401476E-1, 0.20222466E-1, 0.0000000, 0.0000000, 0.0000000, 1.7041087, 6.8100233, 9.7927122, 19.846786, 19.855665, 19.858131, 19.858709, 0.24999996, 0.24999969, 0.24999927, 0.26703915, 0.31809637, 0.34792528, 0.34923393, 0.34927833, 0.34929067, 0.34929353, 0.20222466E-1
0.85252710E-1, 0.63432202E-1, 0.19031564E-1, 0.0000000, 0.0000000, 0.0000000, 1.5212446, 6.3937473, 9.7566185, 19.844713, 19.855146, 19.857967, 19.858692, 0.24999996, 0.24999969, 0.24999927, 0.26521081, 0.31393400, 0.34756443, 0.34922355, 0.34927574, 0.34928983, 0.34929347, 0.19031564E-1
0.84910765E-1, 0.59302814E-1, 0.17792623E-1, 0.0000000, 0.0000000, 0.0000000, 1.3401538, 5.9370084, 9.7370796, 19.843145, 19.854734, 19.857859, 19.858688, 0.24999996, 0.24999969, 0.24999927, 0.26339880, 0.30936405, 0.34736750, 0.34921572, 0.34927368, 0.34928930, 0.34929344, 0.17792623E-1
0.84552765E-1, 0.54979574E-1, 0.16495522E-1, 0.0000000, 0.0000000, 0.0000000, 1.1515230, 5.4537597, 9.7246971, 19.840654, 19.854057, 19.857683, 19.858675, 0.24999996, 0.24999969, 0.24999927, 0.26151243, 0.30453095, 0.34724301, 0.34920329, 0.34927028, 0.34928840, 0.34929338, 0.16495522E-1
0.84147669E-1, 0.50087634E-1, 0.15027793E-1, 0.0000000, 0.0000000, 0.0000000, 0.94724000, 4.8914576, 9.7010365, 19.838261, 19.853403, 19.857529, 19.858652, 0.24999996, 0.24999969, 0.24999927, 0.25947028, 0.29890913, 0.34700677, 0.34919131, 0.34926701, 0.34928763, 0.34929326, 0.15027793E-1
0.83849452E-1, 0.46486359E-1, 0.13947302E-1, 0.0000000, 0.0000000, 0.0000000, 0.80716610, 4.4446898, 9.7219486, 19.837963, 19.853315, 19.857525, 19.858698, 0.24999996, 0.24999969, 0.24999927, 0.25806895, 0.29443944, 0.34721404, 0.34918982, 0.34926659, 0.34928763, 0.34929350, 0.13947302E-1
0.10019549, 0.24388251, 0.73172070E-1, 1.1925608, 0.0000000, 0.0000000, 0.77494979, 4.2607660, 9.7973137, 19.841368, 19.854218, 19.857796, 19.858709, 0.26191157, 0.24999969, 0.24999927, 0.25774896, 0.29260615, 0.34797198, 0.34920684, 0.34927109, 0.34928897, 0.34929353, 0.73172070E-1
0.26973307, 1.0000000, 0.68743867, 4.8261905, 8.7857208, 9.0317154, 9.2822504, 9.5433617, 9.8427687, 19.845089, 19.855213, 19.858047, 19.858709, 0.29826173, 0.33785704, 0.34031707, 0.34282246, 0.34543362, 0.34842768, 0.34922546, 0.34927607, 0.34929025, 0.34929353, 0.68743867
0.23446533, 1.0000000, 0.55965698, 2.7131767, 7.8299870, 9.3914623, 9.5765495, 9.7182636, 9.8437195, 19.842253, 19.854486, 19.857864, 19.858669, 0.27713156, 0.32829955, 0.34391442, 0.34576547, 0.34718260, 0.34843719, 0.34921128, 0.34927243, 0.34928933, 0.34929335, 0.55965698
0.21266192, 1.0000000, 0.48065913, 2.0132394, 6.3114161, 9.4765091, 9.6525793, 9.7608414, 9.8460350, 19.841167, 19.854206, 19.857758, 19.858688, 0.27013123, 0.31311196, 0.34476346, 0.34652546, 0.34760824, 0.34846029, 0.34920585, 0.34927103, 0.34928879, 0.34929344, 0.48065913
0.18791889, 1.0000000, 0.39101046, 1.2158602, 4.6624994, 9.4562063, 9.6544752, 9.7608728, 9.8412828, 19.839342, 19.853708, 19.857622, 19.858688, 0.26215693, 0.29662114, 0.34455818, 0.34654394, 0.34760836, 0.34841266, 0.34919670, 0.34926856, 0.34928811, 0.34929344, 0.39101046
0.16147244, 0.98386830, 0.29519001, 0.38354099, 2.9741287, 9.2256432, 9.6265516, 9.7435646, 9.8319864, 19.836786, 19.853031, 19.857447, 19.858652, 0.25383520, 0.27974027, 0.34225485, 0.34626520, 0.34743547, 0.34831980, 0.34918392, 0.34926516, 0.34928724, 0.34929326, 0.29519001
0.14690965, 0.80800664, 0.24242625, 0.0000000, 2.3662925, 8.2023172, 9.6268730, 9.7420330, 9.8304539, 19.835970, 19.852791, 19.857376, 19.858675, 0.24998598, 0.27366185, 0.33202130, 0.34626827, 0.34742013, 0.34830445, 0.34917986, 0.34926397, 0.34928688, 0.34929338, 0.24242625
0.13894501, 0.71182513, 0.21356890, 0.0000000, 1.8677473, 7.2757850, 9.6308117, 9.7441034, 9.8313417, 19.836123, 19.852812, 19.857388, 19.858688, 0.24998598, 0.26867345, 0.32275003, 0.34630606, 0.34743997, 0.34831306, 0.34918061, 0.34926406, 0.34928694, 0.34929344, 0.21356890
0.13026130, 0.60695988, 0.18210618, 0.0000000, 1.3012499, 6.3152151, 9.6156673, 9.7346630, 9.8258142, 19.833475, 19.852093, 19.857225, 19.858635, 0.24998598, 0.26300940, 0.31314462, 0.34615436, 0.34734547, 0.34825775, 0.34916738, 0.34926045, 0.34928614, 0.34929317, 0.18210618
0.12051290, 0.48923740, 0.14678590, 0.0000000, 0.69239736, 5.1888123, 9.5791340, 9.7120371, 9.8149462, 19.830080, 19.851156, 19.856983, 19.858587, 0.24998598, 0.25692058, 0.30187535, 0.34578663, 0.34711799, 0.34814867, 0.34915039, 0.34925577, 0.34928492, 0.34929293, 0.14678590
0.11200084, 0.38644493, 0.11594508, 0.0000000, 0.26129484, 4.0003109, 9.5551996, 9.6966858, 9.8091984, 19.830315, 19.851192, 19.857006, 19.858593, 0.24998598, 0.25261208, 0.28999653, 0.34554884, 0.34696525, 0.34809145, 0.34915158, 0.34925598, 0.34928504, 0.34929296, 0.11594508
0.10538841, 0.30659267, 0.91986999E-1, 0.0000000, 0.0000000, 2.9740124, 9.3228369, 9.6772604, 9.8014126, 19.830648, 19.851246, 19.857042, 19.858599, 0.24998598, 0.24999645, 0.27973536, 0.34322539, 0.34677106, 0.34801358, 0.34915325, 0.34925622, 0.34928522, 0.34929299, 0.91986999E-1
0.10291129, 0.27667874, 0.83011925E-1, 0.0000000, 0.0000000, 2.4859400, 8.7677832, 9.6811304, 9.8025694, 19.830896, 19.851292, 19.857065, 19.858610, 0.24998598, 0.24999645, 0.27485743, 0.33767644, 0.34681052, 0.34802541, 0.34915447, 0.34925646, 0.34928533, 0.34929305, 0.83011925E-1
0.10008845, 0.24258982, 0.72784223E-1, 0.0000000, 0.0000000, 1.9397944, 8.1034050, 9.6560822, 9.7926798, 19.831343, 19.851400, 19.857100, 19.858622, 0.24998598, 0.24999645, 0.26939610, 0.33103251, 0.34655991, 0.34792650, 0.34915671, 0.34925699, 0.34928548, 0.34929311, 0.72784223E-1
0.97872004E-1, 0.21582389, 0.64753644E-1, 0.0000000, 0.0000000, 1.5267849, 7.4901624, 9.6598263, 9.7940187, 19.832170, 19.851624, 19.857164, 19.858646, 0.24998598, 0.24999645, 0.26526502, 0.32489887, 0.34659648, 0.34793958, 0.34916085, 0.34925812, 0.34928581, 0.34929323, 0.64753644E-1
0.96462026E-1, 0.19879687, 0.59645027E-1, 0.0000000, 0.0000000, 1.2774885, 7.0183139, 9.6875257, 9.8070364, 19.835056, 19.852390, 19.857372, 19.858709, 0.24998598, 0.24999645, 0.26277128, 0.32017916, 0.34687254, 0.34806943, 0.34917527, 0.34926194, 0.34928685, 0.34929353, 0.59645027E-1
0.14755696, 0.81582361, 0.24477157, 2.0817070, 2.1023810, 2.5188088, 6.7670660, 9.7537336, 9.8348627, 19.838470, 19.853327, 19.857624, 19.858709, 0.27081484, 0.27102247, 0.27518728, 0.31767020, 0.34753701, 0.34834850, 0.34919235, 0.34926665, 0.34928811, 0.34929353, 0.24477157
0.14619219, 0.79934275, 0.23982681, 2.0157366, 2.0664632, 2.4992199, 6.6424103, 9.8059387, 9.8579006, 19.842793, 19.854511, 19.857895, 19.858709, 0.27015638, 0.27066404, 0.27499184, 0.31642389, 0.34805924, 0.34857893, 0.34921396, 0.34927255, 0.34928948, 0.34929353, 0.23982681
0.13951044, 0.71865320, 0.21561752, 1.6837358, 1.8794090, 2.3942142, 6.4992938, 9.8118668, 9.8617687, 19.844400, 19.854982, 19.858007, 19.858709, 0.26683590, 0.26879311, 0.27394152, 0.31499261, 0.34811839, 0.34861758, 0.34922200, 0.34927490, 0.34929004, 0.34929353, 0.21561752
0.13192976, 0.62710816, 0.18815127, 1.3870269, 1.5726119, 2.2093773, 6.3030190, 9.7919483, 9.8555279, 19.845020, 19.855190, 19.858061, 19.858709, 0.26386470, 0.26572233, 0.27209112, 0.31302866, 0.34791830, 0.34855488, 0.34922510, 0.34927595, 0.34929031, 0.34929353, 0.18815127
0.12040529, 0.48793781, 0.14639598, 0.84177256, 1.2275666, 1.9841492, 6.0539026, 9.7693596, 9.8475275, 19.845356, 19.855295, 19.858095, 19.858709, 0.25841531, 0.26227355, 0.26983979, 0.31053799, 0.34769276, 0.34847501, 0.34922677, 0.34927648, 0.34929049, 0.34929353, 0.14639598
0.14707729, 0.81003106, 0.24303363, 2.3158913, 2.1511874, 1.7250896, 5.7626815, 9.7528391, 9.8390102, 19.842760, 19.854630, 19.857893, 19.858688, 0.27315754, 0.27151111, 0.26725060, 0.30762661, 0.34752822, 0.34839004, 0.34921381, 0.34927315, 0.34928948, 0.34929344, 0.24303363
0.13656606, 0.68309659, 0.20494948, 1.7837316, 1.8580616, 1.5917838, 5.5464830, 9.7724676, 9.8468542, 19.843838, 19.854929, 19.857973, 19.858709, 0.26782674, 0.26857418, 0.26591501, 0.30546293, 0.34772310, 0.34846798, 0.34921920, 0.34927464, 0.34928986, 0.34929353, 0.20494948
0.15705837, 0.93056351, 0.27919698, 2.3030491, 2.3165493, 3.1301572, 9.3257179, 9.8148222, 9.8641987, 19.846670, 19.855667, 19.858171, 19.858709, 0.27302572, 0.27316263, 0.28129962, 0.34325603, 0.34814763, 0.34864178, 0.34923336, 0.34927833, 0.34929085, 0.34929353, 0.27919698
0.15697220, 0.92952299, 0.27888480, 2.2136748, 2.1355839, 3.7004573, 9.6474180, 9.8329983, 9.8724146, 19.848869, 19.856255, 19.858273, 19.858709, 0.27213657, 0.27135575, 0.28700450, 0.34647411, 0.34832996, 0.34872416, 0.34924436, 0.34928128, 0.34929135, 0.34929353, 0.27888480
0.35599267, 1.0000000, 0.99997342, 9.9997129, 9.9998264, 9.9999104, 9.9999790, 9.9999905, 9.9999990, 19.999865, 19.971437, 19.858372, 19.858709, 0.34999636, 0.34999779, 0.34999886, 0.34999973, 0.34999987, 0.34999999, 0.34999931, 0.34985718, 0.34929186, 0.34929353, 0.99997342
0.34274220, 1.0000000, 0.95196456, 9.2672644, 9.7073946, 9.8404083, 9.9589291, 9.9791107, 9.9923038, 19.997244, 19.949085, 19.858423, 19.858709, 0.34266341, 0.34706813, 0.34840113, 0.34958869, 0.34979081, 0.34992296, 0.34998623, 0.34974542, 0.34929210, 0.34929353, 0.95196456
0.33253515, 1.0000000, 0.91498238, 8.5818377, 9.6463575, 9.7932224, 9.9331799, 9.9650898, 9.9865437, 19.992016, 19.929266, 19.858423, 19.858709, 0.33579999, 0.34645116, 0.34792593, 0.34933051, 0.34965026, 0.34986523, 0.34996009, 0.34964633, 0.34929210, 0.34929353, 0.91498238
0.30528730, 1.0000000, 0.81625837, 6.7851176, 9.4287548, 9.6497269, 9.8602171, 9.9243679, 9.9686852, 19.981432, 19.911930, 19.858294, 19.858709, 0.31784412, 0.34428167, 0.34649426, 0.34860155, 0.34924337, 0.34968677, 0.34990716, 0.34955966, 0.34929147, 0.34929353, 0.81625837
0.28154016, 1.0000000, 0.73021793, 5.0856504, 9.4106941, 9.6259737, 9.8254023, 9.9005795, 9.9562922, 19.969271, 19.898146, 19.858301, 19.858709, 0.30084780, 0.34409729, 0.34625480, 0.34825301, 0.34900528, 0.34956273, 0.34984636, 0.34949073, 0.34929150, 0.34929353, 0.73021793
0.26086026, 1.0000000, 0.65529072, 3.5884676, 9.4135265, 9.6213589, 9.8088036, 9.8865290, 9.9466352, 19.955473, 19.887455, 19.858330, 19.858709, 0.28587663, 0.34412259, 0.34620711, 0.34808671, 0.34886464, 0.34946615, 0.34977737, 0.34943727, 0.34929165, 0.34929353, 0.65529072
0.23193446, 1.0000000, 0.55048710, 2.3871274, 7.9846635, 9.5091906, 9.7437105, 9.8453789, 9.9236431, 19.937881, 19.878593, 19.858171, 19.858704, 0.27387065, 0.32984537, 0.34509116, 0.34743696, 0.34845370, 0.34923640, 0.34968942, 0.34939295, 0.34929085, 0.34929353, 0.55048710
0.34332597, 1.0000000, 0.95407963, 9.3065586, 9.7097492, 9.8431482, 9.9605265, 9.9799614, 9.9926529, 19.999344, 19.999838, 19.999910, 19.984056, 0.34306073, 0.34709445, 0.34842992, 0.34960496, 0.34979945, 0.34992647, 0.34999672, 0.34999919, 0.34999955, 0.34992027, 0.95407963
0.31958896, 1.0000000, 0.86807597, 7.7742505, 9.4806309, 9.6906824, 9.8957758, 9.9452276, 9.9787836, 19.997532, 19.999367, 19.998854, 19.960974, 0.32774118, 0.34480533, 0.34690633, 0.34895766, 0.34945223, 0.34978780, 0.34998766, 0.34999683, 0.34999427, 0.34980488, 0.86807597
0.27807194, 1.0000000, 0.71765184, 4.9286909, 9.2926130, 9.5505438, 9.7974491, 9.8874083, 9.9525318, 19.992634, 19.998091, 19.995550, 19.939913, 0.29928485, 0.34292382, 0.34550425, 0.34797424, 0.34887397, 0.34952530, 0.34996316, 0.34999046, 0.34997776, 0.34969956, 0.71765184
0.24548173, 1.0000000, 0.59957147, 2.9407978, 8.6906519, 9.5211792, 9.7528172, 9.8544378, 9.9344416, 19.989109, 19.997097, 19.989613, 19.921700, 0.27940688, 0.33690456, 0.34521073, 0.34752795, 0.34854427, 0.34934440, 0.34994555, 0.34998548, 0.34994805, 0.34960848, 0.59957147
0.22284806, 1.0000000, 0.51756537, 2.2646875, 7.0900002, 9.5157318, 9.7337322, 9.8369293, 9.9222975, 19.986185, 19.996012, 19.980791, 19.906582, 0.27264509, 0.32089660, 0.34515506, 0.34733683, 0.34836906, 0.34922287, 0.34993094, 0.34998006, 0.34990394, 0.34953290, 0.51756537
0.20001000, 1.0000000, 0.43481883, 1.6271204, 5.4148145, 9.4811172, 9.7103615, 9.8192863, 9.9110327, 19.983334, 19.994495, 19.969446, 19.894514, 0.26627019, 0.30414611, 0.34480941, 0.34710327, 0.34819269, 0.34911028, 0.34991667, 0.34997249, 0.34984723, 0.34947258, 0.43481883
0.18722607, 1.0000000, 0.38850024, 1.3525814, 4.2973733, 9.5373135, 9.7345562, 9.8300362, 9.9133158, 19.982840, 19.992708, 19.956467, 19.885223, 0.26352474, 0.29297167, 0.34537083, 0.34734508, 0.34830013, 0.34913307, 0.34991419, 0.34996355, 0.34978235, 0.34942612, 0.38850024
0.16580498, 1.0000000, 0.31088760, 0.74770451, 2.9596300, 9.0696106, 9.6775436, 9.7968960, 9.8976011, 19.979105, 19.988703, 19.942421, 19.878092, 0.25747663, 0.27959532, 0.34069458, 0.34677511, 0.34796879, 0.34897596, 0.34989554, 0.34994352, 0.34971210, 0.34939045, 0.31088760
0.16196844, 0.98985797, 0.29698709, 0.64499974, 2.8346806, 8.7184124, 9.7515621, 9.8358269, 9.9115152, 19.978575, 19.983740, 19.928720, 19.872849, 0.25644773, 0.27834085, 0.33717498, 0.34751356, 0.34835723, 0.34911481, 0.34989288, 0.34991869, 0.34964359, 0.34936425, 0.29698709
0.15253127, 0.87589383, 0.26279444, 0.34200847, 2.4917097, 8.1384811, 9.7350883, 9.8285675, 9.9086466, 19.975771, 19.976202, 19.915749, 19.868946, 0.25341883, 0.27491161, 0.33137587, 0.34734875, 0.34828460, 0.34908611, 0.34987885, 0.34988099, 0.34957874, 0.34934473, 0.26279444
0.14667997, 0.80523312, 0.24159409, 0.19717515, 2.2638888, 7.6614656, 9.7466335, 9.8351851, 9.9117270, 19.974146, 19.967066, 19.904299, 19.866135, 0.25197059, 0.27263081, 0.32660100, 0.34746286, 0.34835008, 0.34911668, 0.34987074, 0.34983534, 0.34952149, 0.34933066, 0.24159409
0.14386302, 0.77121538, 0.23138775, 0.36317408, 1.9484490, 7.0630670, 9.7246199, 9.8234978, 9.9070835, 19.970781, 19.956024, 19.894444, 19.864071, 0.25363037, 0.26948005, 0.32062262, 0.34724399, 0.34823385, 0.34907046, 0.34985390, 0.34978011, 0.34947222, 0.34932035, 0.23138775
0.13417888, 0.65426868, 0.19630024, 0.97480416E-1, 1.5943348, 6.3246093, 9.6947842, 9.8054724, 9.8990288, 19.966303, 19.943893, 19.886276, 19.862591, 0.25097457, 0.26594111, 0.31324166, 0.34694648, 0.34805402, 0.34899005, 0.34983152, 0.34971946, 0.34943140, 0.34931296, 0.19630024
0.12518421, 0.54564846, 0.16371091, 0.0000000, 1.1517644, 5.3768291, 9.6423025, 9.7730131, 9.8832645, 19.958912, 19.930960, 19.879581, 19.861509, 0.24997270, 0.26151434, 0.30376059, 0.34642026, 0.34772873, 0.34883216, 0.34979457, 0.34965479, 0.34939790, 0.34930754, 0.16371091
0.12168254, 0.50336194, 0.15102369, 0.0000000, 1.0031044, 4.8153787, 9.6902790, 9.7977257, 9.8917551, 19.953667, 19.919315, 19.874531, 19.860804, 0.24997270, 0.26002911, 0.29814917, 0.34690094, 0.34797630, 0.34891722, 0.34976834, 0.34959656, 0.34937266, 0.34930402, 0.15102369
0.11581186, 0.43246716, 0.12975313, 0.0000000, 0.70289075, 4.0096650, 9.6423330, 9.7706509, 9.8795996, 19.944633, 19.907904, 19.870476, 19.860256, 0.24997270, 0.25702873, 0.29009616, 0.34642309, 0.34770638, 0.34879598, 0.34972316, 0.34953952, 0.34935239, 0.34930128, 0.12975313
0.11257350, 0.39336053, 0.11801996, 0.0000000, 0.58162212, 3.4616556, 9.6766548, 9.7885027, 9.8852377, 19.936640, 19.898296, 19.867512, 19.859896, 0.24997270, 0.25581512, 0.28461331, 0.34676471, 0.34788409, 0.34885207, 0.34968320, 0.34949148, 0.34933755, 0.34929949, 0.11801996
0.10898343, 0.35000637, 0.10501242, 0.0000000, 0.41712821, 2.9577823, 9.5150681, 9.7737846, 9.8781939, 19.927055, 19.889885, 19.865221, 19.859598, 0.24997270, 0.25416985, 0.27957276, 0.34514740, 0.34773618, 0.34878138, 0.34963527, 0.34944943, 0.34932610, 0.34929800, 0.10501242
0.10682648, 0.32395887, 0.97197384E-1, 0.0000000, 0.30324161, 2.7189226, 9.2386227, 9.7818136, 9.8789959, 19.917299, 19.882896, 19.863512, 19.859434, 0.24997270, 0.25303134, 0.27718437, 0.34238291, 0.34781638, 0.34878936, 0.34958649, 0.34941447, 0.34931755, 0.34929717, 0.97197384E-1
0.10356565, 0.28458080, 0.85382774E-1, 0.0000000, 0.13048649, 2.3568928, 8.8535757, 9.7502069, 9.8636217, 19.906286, 19.876846, 19.862146, 19.859287, 0.24997270, 0.25130472, 0.27356747, 0.33853465, 0.34750146, 0.34863600, 0.34953144, 0.34938425, 0.34931073, 0.34929645, 0.85382774E-1
0.10019357, 0.24385931, 0.73165111E-1, 0.0000000, 0.0000000, 1.9134402, 8.3295355, 9.7052298, 9.8403788, 19.895006, 19.871746, 19.861063, 19.859200, 0.24997270, 0.24998584, 0.26913270, 0.33329386, 0.34705144, 0.34840348, 0.34947503, 0.34935874, 0.34930533, 0.34929600, 0.73165111E-1
0.98491788E-1, 0.22330844, 0.66999234E-1, 0.0000000, 0.0000000, 1.6000032, 7.8410249, 9.7064934, 9.8360090, 19.886429, 19.868113, 19.860388, 19.859152, 0.24997270, 0.24998584, 0.26599917, 0.32840940, 0.34706441, 0.34835991, 0.34943214, 0.34934056, 0.34930193, 0.34929577, 0.66999234E-1
0.97269095E-1, 0.20854312, 0.62569194E-1, 0.0000000, 0.0000000, 1.3808429, 7.4506578, 9.7259312, 9.8408194, 19.878496, 19.865158, 19.859827, 19.859087, 0.24997270, 0.24998584, 0.26380599, 0.32450396, 0.34725761, 0.34840763, 0.34939247, 0.34932578, 0.34929913, 0.34929544, 0.62569194E-1
0.96268274E-1, 0.19645710, 0.58943026E-1, 0.0000000, 0.0000000, 1.2059987, 7.1104059, 9.7371979, 9.8442488, 19.872393, 19.863024, 19.859434, 19.859045, 0.24997270, 0.24998584, 0.26205692, 0.32110044, 0.34736952, 0.34844166, 0.34936196, 0.34931511, 0.34929717, 0.34929523, 0.58943026E-1
0.94354130E-1, 0.17334175, 0.52007727E-1, 0.0000000, 0.0000000, 0.87322593, 6.5039215, 9.6659517, 9.8126554, 19.865503, 19.860920, 19.859058, 19.858969, 0.24997270, 0.24998584, 0.25872865, 0.31503385, 0.34665552, 0.34812522, 0.34932750, 0.34930462, 0.34929529, 0.34929484, 0.52007727E-1
0.93270414E-1, 0.16025469, 0.48081215E-1, 0.0000000, 0.0000000, 0.70448220, 6.0276361, 9.6844282, 9.8174219, 19.862070, 19.859856, 19.858902, 19.858934, 0.24997270, 0.24998584, 0.25704291, 0.31027308, 0.34684166, 0.34817332, 0.34931034, 0.34929928, 0.34929451, 0.34929466, 0.48081215E-1
0.11476116, 0.41977879, 0.12594624, 1.5750021, 0.0000000, 0.68047047, 5.8138804, 9.7687740, 9.8507185, 19.861198, 19.859518, 19.858885, 19.858934, 0.26574415, 0.24998584, 0.25680393, 0.30813748, 0.34768665, 0.34850684, 0.34930599, 0.34929758, 0.34929442, 0.34929466, 0.12594624
0.12976190, 0.60092914, 0.18029678, 2.1211803, 0.93266070, 0.64299703, 5.6635447, 9.8001738, 9.8644753, 19.859793, 19.859100, 19.858816, 19.858923, 0.27121010, 0.25932616, 0.25642982, 0.30663517, 0.34800151, 0.34864467, 0.34929895, 0.34929550, 0.34929407, 0.34929460, 0.18029678
0.11610650, 0.43602520, 0.13082065, 1.3467699, 0.66089928, 0.52528381, 5.4114680, 9.7651291, 9.8514996, 19.856785, 19.858292, 19.858614, 19.858875, 0.26346251, 0.25660747, 0.25525224, 0.30411342, 0.34765017, 0.34851462, 0.34928393, 0.34929144, 0.34929305, 0.34929436, 0.13082065
0.10150161, 0.25965542, 0.77904418E-1, 0.55024028, 0.34250021, 0.37189722, 5.0301232, 9.7149858, 9.8301573, 19.853575, 19.857384, 19.858421, 19.858828, 0.25549656, 0.25342283, 0.25371778, 0.30029804, 0.34714675, 0.34830055, 0.34926787, 0.34928691, 0.34929210, 0.34929413, 0.77904418E-1
0.89742012E-1, 0.11764543, 0.35297159E-1, 0.0000000, 0.13843179E-1, 0.17034411, 4.3415594, 9.6092978, 9.7824755, 19.849762, 19.856421, 19.858194, 19.858757, 0.24995375, 0.25013831, 0.25170273, 0.29341203, 0.34608901, 0.34782341, 0.34924883, 0.34928209, 0.34929097, 0.34929377, 0.35297159E-1
0.88027924E-1, 0.96945912E-1, 0.29086683E-1, 0.0000000, 0.0000000, 0.0000000, 3.3153501, 9.5163946, 9.7330427, 19.845980, 19.855417, 19.857967, 19.858709, 0.24995375, 0.24999791, 0.24999487, 0.28315261, 0.34516266, 0.34732997, 0.34922990, 0.34927708, 0.34928983, 0.34929353, 0.29086683E-1
0.87484516E-1, 0.90383708E-1, 0.27117824E-1, 0.0000000, 0.0000000, 0.0000000, 2.8307557, 9.1697245, 9.7453089, 19.845009, 19.855164, 19.857931, 19.858709, 0.24995375, 0.24999791, 0.24999487, 0.27830461, 0.34169248, 0.34745139, 0.34922504, 0.34927583, 0.34928966, 0.34929353, 0.27117824E-1
0.87299891E-1, 0.88154167E-1, 0.26448894E-1, 0.0000000, 0.0000000, 0.0000000, 2.7339964, 8.9016953, 9.7930994, 19.846975, 19.855677, 19.858120, 19.858709, 0.24995375, 0.24999791, 0.24999487, 0.27733615, 0.33901075, 0.34792873, 0.34923488, 0.34927839, 0.34929061, 0.34929353, 0.26448894E-1
0.14767492, 0.81724817, 0.24519897, 2.1197228, 2.9141307, 1.6985774, 2.7266681, 8.8134136, 9.8407869, 19.849539, 19.856361, 19.858278, 19.858709, 0.27119592, 0.27914023, 0.26698545, 0.27726659, 0.33813399, 0.34840780, 0.34924769, 0.34928182, 0.34929138, 0.34929353, 0.24519897
0.17785513, 1.0000000, 0.35454753, 2.1386533, 2.7794659, 7.7861514, 9.3662863, 9.6087379, 9.8574343, 19.850977, 19.856750, 19.858360, 19.858709, 0.27138630, 0.27779448, 0.32786125, 0.34366280, 0.34608737, 0.34857434, 0.34925488, 0.34928375, 0.34929180, 0.34929353, 0.35454753
0.16084103, 0.97624332, 0.29290229, 1.5654564, 2.2657394, 6.5615940, 9.5810709, 9.7248058, 9.8497734, 19.849304, 19.856348, 19.858236, 19.858709, 0.26565227, 0.27265543, 0.31561309, 0.34580988, 0.34724763, 0.34849760, 0.34924653, 0.34928173, 0.34929118, 0.34929353, 0.29290229
0.15863499, 0.94960302, 0.28490940, 1.6948193, 2.0595341, 5.9834466, 9.6789341, 9.7786503, 9.8588028, 19.850418, 19.856609, 19.858307, 19.858709, 0.26694781, 0.27059504, 0.30983406, 0.34678921, 0.34778643, 0.34858799, 0.34925210, 0.34928304, 0.34929153, 0.34929353, 0.28490940
0.14599800, 0.79699749, 0.23912317, 1.1900753, 1.7168909, 5.3035212, 9.6712313, 9.7750025, 9.8541994, 19.850216, 19.856564, 19.858288, 19.858709, 0.26189631, 0.26716506, 0.30302927, 0.34671015, 0.34774891, 0.34854165, 0.34925109, 0.34928280, 0.34929144, 0.34929353, 0.23912317
0.13218541, 0.63019556, 0.18907757, 0.66946149, 1.3234526, 4.4958119, 9.6426182, 9.7574463, 9.8458004, 19.849476, 19.856373, 19.858225, 19.858709, 0.25669268, 0.26323220, 0.29495418, 0.34642449, 0.34757361, 0.34845769, 0.34924740, 0.34928185, 0.34929112, 0.34929353, 0.18907757
0.11867107, 0.46699521, 0.14011258, 0.21788478, 0.91663301, 3.5617514, 9.5966063, 9.7294836, 9.8338070, 19.848518, 19.856102, 19.858166, 19.858709, 0.25217846, 0.25916538, 0.28561571, 0.34596509, 0.34729433, 0.34833789, 0.34924260, 0.34928051, 0.34929082, 0.34929353, 0.14011258
0.10890124, 0.34901389, 0.10471464, 0.0000000, 0.53516328, 2.7681141, 9.2316637, 9.6929054, 9.8180447, 19.847807, 19.855934, 19.858107, 19.858709, 0.24993600, 0.25535092, 0.27767932, 0.34231541, 0.34692842, 0.34818023, 0.34923905, 0.34927967, 0.34929055, 0.34929353, 0.10471464
0.10395522, 0.28928536, 0.86794287E-1, 0.0000000, 0.22479594, 2.3047209, 8.6832819, 9.6882029, 9.8135519, 19.845963, 19.855440, 19.858013, 19.858704, 0.24993600, 0.25224718, 0.27304330, 0.33682987, 0.34688041, 0.34813496, 0.34922981, 0.34927720, 0.34929007, 0.34929353, 0.86794287E-1
0.10185725, 0.26395008, 0.79192944E-1, 0.0000000, 0.12686253, 2.0670028, 8.2958040, 9.7236032, 9.8282537, 19.847570, 19.855873, 19.858177, 19.858709, 0.24993600, 0.25126836, 0.27066776, 0.33295622, 0.34723496, 0.34828219, 0.34923786, 0.34927937, 0.34929088, 0.34929353, 0.79192944E-1
0.13993895, 0.72382790, 0.21717009, 2.1660209, 1.1288136, 2.0610511, 8.1571817, 9.7976055, 9.8582363, 19.850075, 19.856539, 19.858318, 19.858709, 0.27165893, 0.26128775, 0.27061015, 0.33157152, 0.34797588, 0.34858230, 0.34925038, 0.34928268, 0.34929159, 0.34929353, 0.21717009
0.15478444, 0.90310341, 0.27095813, 2.3744047, 2.1988244, 2.7522712, 8.4360609, 9.8329773, 9.8733044, 19.851780, 19.857010, 19.858423, 19.858709, 0.27374333, 0.27198783, 0.27752247, 0.33436045, 0.34832969, 0.34873301, 0.34925890, 0.34928507, 0.34929210, 0.34929353, 0.27095813
0.20635699, 1.0000000, 0.45781517, 2.7993619, 4.3246179, 9.2990437, 9.6367722, 9.8483553, 9.8800249, 19.852877, 19.857306, 19.858423, 19.858709, 0.27799362, 0.29324618, 0.34299043, 0.34636772, 0.34848356, 0.34880024, 0.34926438, 0.34928653, 0.34929210, 0.34929353, 0.45781517
0.18379503, 1.0000000, 0.37606895, 1.5668601, 3.5861592, 9.4351206, 9.6714087, 9.7974033, 9.8594999, 19.848921, 19.856253, 19.858105, 19.858683, 0.26566646, 0.28585863, 0.34434730, 0.34671327, 0.34797361, 0.34859484, 0.34924459, 0.34928125, 0.34929052, 0.34929341, 0.37606895
0.15477729, 0.90301710, 0.27093223, 0.56408942, 2.3527682, 8.2558956, 9.6013298, 9.7366123, 9.8339128, 19.844301, 19.854992, 19.857817, 19.858652, 0.25563988, 0.27352518, 0.33255455, 0.34601229, 0.34736562, 0.34833896, 0.34922150, 0.34927496, 0.34928909, 0.34929326, 0.27093223
0.13505249, 0.66481864, 0.19946554, 0.0000000, 1.6435087, 6.7980289, 9.5743904, 9.7135859, 9.8231297, 19.842428, 19.854485, 19.857706, 19.858683, 0.24995807, 0.26643267, 0.31797528, 0.34574249, 0.34713513, 0.34823105, 0.34921214, 0.34927243, 0.34928852, 0.34929341, 0.19946554
0.17011683, 1.0000000, 0.32651022, 2.2997737, 2.5528522, 5.7735734, 9.6161909, 9.7352247, 9.8313103, 19.843361, 19.854738, 19.857784, 19.858709, 0.27299351, 0.27552572, 0.30773255, 0.34616083, 0.34735170, 0.34831291, 0.34921682, 0.34927368, 0.34928891, 0.34929353, 0.32651022
0.35600001, 1.0000000, 1.0000000, 9.9999990, 9.9999990, 9.9999990, 9.9999990, 9.9999990, 9.9999990, 19.999998, 19.999998, 19.999998, 19.998999, 0.34999999, 0.34999999, 0.34999999, 0.34999999, 0.34999999, 0.34999999, 0.34999999, 0.34999999, 0.34999999, 0.34999499, 1.0000000
0.33020055, 1.0000000, 0.90652370, 8.5056963, 9.5253725, 9.7229090, 9.9073172, 9.9516897, 9.9802904, 19.996565, 19.999100, 19.999523, 19.975185, 0.33505622, 0.34525323, 0.34722885, 0.34907311, 0.34951687, 0.34980291, 0.34998283, 0.34999549, 0.34999761, 0.34987593, 0.90652370
0.29394937, 1.0000000, 0.77517879, 6.0372791, 9.3414078, 9.5867233, 9.8204670, 9.9011297, 9.9577475, 19.992271, 19.997978, 19.997650, 19.952753, 0.31037042, 0.34341186, 0.34586608, 0.34820443, 0.34901118, 0.34957746, 0.34996134, 0.34998989, 0.34998825, 0.34976375, 0.77517879
0.25405714, 1.0000000, 0.63064182, 3.2213626, 9.2617235, 9.5165300, 9.7519569, 9.8550940, 9.9343748, 19.987453, 19.996700, 19.993372, 19.932661, 0.28221089, 0.34261250, 0.34516287, 0.34751907, 0.34855071, 0.34934366, 0.34993726, 0.34998351, 0.34996685, 0.34966332, 0.63064182
0.21880205, 1.0000000, 0.50290596, 1.9446582, 7.1801624, 9.4355698, 9.6898117, 9.8116112, 9.9101877, 19.981804, 19.995068, 19.986193, 19.915586, 0.26944605, 0.32180047, 0.34435493, 0.34689796, 0.34811601, 0.34910184, 0.34990901, 0.34997535, 0.34993097, 0.34957793, 0.50290596
0.19244221, 1.0000000, 0.40739933, 1.2047648, 5.2311540, 9.4386024, 9.6750164, 9.7961264, 9.8977022, 19.977140, 19.993364, 19.976217, 19.901640, 0.26204640, 0.30230826, 0.34438309, 0.34674957, 0.34796095, 0.34897694, 0.34988570, 0.34996682, 0.34988108, 0.34950820, 0.40739933
0.16767225, 1.0000000, 0.31765309, 0.56327879, 3.3179476, 9.4254379, 9.6591415, 9.7824821, 9.8875980, 19.972485, 19.990993, 19.963963, 19.890623, 0.25563169, 0.28317559, 0.34424889, 0.34659028, 0.34782425, 0.34887579, 0.34986243, 0.34995496, 0.34981981, 0.34945312, 0.31765309
0.15203017, 0.86984247, 0.26097885, 0.15855432, 2.4907975, 8.6501713, 9.6566181, 9.7788839, 9.8840122, 19.969372, 19.987894, 19.950403, 19.882196, 0.25158545, 0.27490708, 0.33650017, 0.34656581, 0.34778866, 0.34884006, 0.34984687, 0.34993947, 0.34975201, 0.34941098, 0.26097885
0.13887061, 0.71092659, 0.21329932, 0.0000000, 1.8015087, 7.3907876, 9.6131449, 9.7519379, 9.8699760, 19.963537, 19.982512, 19.936190, 19.875801, 0.24996053, 0.26801348, 0.32390457, 0.34613058, 0.34751892, 0.34869960, 0.34981769, 0.34991255, 0.34968096, 0.34937900, 0.21329932
0.13017592, 0.60592878, 0.18179682, 0.0000000, 1.3163060, 6.2628393, 9.6101513, 9.7478952, 9.8666792, 19.960121, 19.975861, 19.922619, 19.871092, 0.24996053, 0.26316005, 0.31262124, 0.34609932, 0.34747785, 0.34866640, 0.34980062, 0.34987929, 0.34961310, 0.34935546, 0.18179682
0.12243064, 0.51239616, 0.15373422, 0.0000000, 0.91941953, 5.1861916, 9.6079168, 9.7451544, 9.8645449, 19.957129, 19.967388, 19.910231, 19.867634, 0.24996053, 0.25919223, 0.30185637, 0.34607711, 0.34745049, 0.34864509, 0.34978563, 0.34983695, 0.34955114, 0.34933817, 0.15373422
0.16215888, 0.99215764, 0.29767707, 2.2158532, 2.5039136, 4.2278433, 9.6082029, 9.7449980, 9.8640337, 19.954147, 19.957243, 19.899422, 19.865141, 0.27215543, 0.27503702, 0.29227665, 0.34608123, 0.34744957, 0.34864017, 0.34977072, 0.34978622, 0.34949711, 0.34932572, 0.29767707
0.14234239, 0.75285208, 0.22587822, 1.3591886, 1.9407392, 3.4200408, 9.6164637, 9.7498045, 9.8654461, 19.950052, 19.945734, 19.890297, 19.863348, 0.26359066, 0.26940635, 0.28419948, 0.34616411, 0.34749779, 0.34865436, 0.34975025, 0.34972867, 0.34945148, 0.34931675, 0.22587822
0.12760614, 0.57489586, 0.17248601, 0.73469579, 1.4852226, 2.8873115, 9.4490261, 9.7556057, 9.8672981, 19.944929, 19.933580, 19.882845, 19.862049, 0.25734422, 0.26484892, 0.27886990, 0.34448814, 0.34755495, 0.34867263, 0.34972465, 0.34966791, 0.34941423, 0.34931025, 0.17248601
0.11668585, 0.44302151, 0.13291974, 0.30889809, 1.0891408, 2.5377631, 9.0653391, 9.7489681, 9.8648558, 19.939671, 19.921745, 19.876951, 19.861126, 0.25308785, 0.26088902, 0.27537486, 0.34065142, 0.34748861, 0.34864819, 0.34969836, 0.34960872, 0.34938475, 0.34930563, 0.13291974
0.15900335, 0.95405126, 0.28624400, 2.6091635, 2.1186085, 2.9631972, 9.4084244, 9.7645292, 9.8701019, 19.932665, 19.910419, 19.872309, 19.860474, 0.27608773, 0.27118418, 0.27963063, 0.34408340, 0.34764484, 0.34870088, 0.34966332, 0.34955209, 0.34936154, 0.34930235, 0.28624400
0.14292131, 0.75984323, 0.22797577, 1.7975479, 1.6997099, 2.6833534, 9.1005840, 9.7673321, 9.8709755, 19.924862, 19.900227, 19.868788, 19.860010, 0.26797128, 0.26699471, 0.27683166, 0.34100455, 0.34767264, 0.34870952, 0.34962431, 0.34950113, 0.34934396, 0.34930006, 0.22797577
0.12723155, 0.57037234, 0.17112882, 1.0414869, 1.2611628, 2.3638158, 8.7457561, 9.7560883, 9.8648882, 19.915537, 19.891157, 19.866051, 19.859663, 0.26040992, 0.26260805, 0.27363479, 0.33745506, 0.34755948, 0.34864840, 0.34957770, 0.34945577, 0.34933025, 0.34929830, 0.17112882
0.10925461, 0.35328117, 0.10599495, 0.22957325, 0.71447194, 1.9237161, 8.2514305, 9.7148285, 9.8439846, 19.903358, 19.882833, 19.863808, 19.859373, 0.25229427, 0.25714201, 0.26923352, 0.33251119, 0.34714645, 0.34843922, 0.34951681, 0.34941417, 0.34931904, 0.34929687, 0.10599495
0.99241033E-1, 0.23235644, 0.69713905E-1, 0.0000000, 0.21475255, 1.4113843, 7.5725965, 9.6577940, 9.8145123, 19.890985, 19.875792, 19.862068, 19.859200, 0.24996433, 0.25214633, 0.26410991, 0.32572177, 0.34657526, 0.34814420, 0.34945494, 0.34937894, 0.34931034, 0.34929600, 0.69713905E-1
0.94805703E-1, 0.17879498, 0.53643860E-1, 0.0000000, 0.0000000, 0.94635189, 6.7149944, 9.6095924, 9.7881680, 19.881939, 19.870689, 19.860947, 19.859098, 0.24996433, 0.24998173, 0.25946119, 0.31714663, 0.34609354, 0.34788087, 0.34940970, 0.34935343, 0.34930474, 0.34929550, 0.53643860E-1
0.93615845E-1, 0.16442612, 0.49332768E-1, 0.23466349E-1, 0.0000000, 0.70113540, 6.0855350, 9.6597471, 9.8046741, 19.874575, 19.866844, 19.860157, 19.859011, 0.25023443, 0.24998173, 0.25700915, 0.31085154, 0.34659442, 0.34804574, 0.34937286, 0.34933421, 0.34930080, 0.34929505, 0.49332768E-1
0.91376074E-1, 0.13737847, 0.41217662E-1, 0.0000000, 0.0000000, 0.40334463, 5.2897491, 9.6053801, 9.7803507, 19.866688, 19.863489, 19.859461, 19.858912, 0.24997780, 0.24998173, 0.25403345, 0.30289748, 0.34605381, 0.34780350, 0.34933344, 0.34931743, 0.34929731, 0.34929454, 0.41217662E-1
0.15673470, 0.92665493, 0.27802429, 2.0930588, 2.8465807, 2.9179840, 8.2561369, 9.6885357, 9.8135824, 19.861845, 19.861343, 19.859085, 19.858850, 0.27093011, 0.27846542, 0.27917963, 0.33256125, 0.34688529, 0.34813580, 0.34930924, 0.34930670, 0.34929544, 0.34929425, 0.27802429
0.15174267, 0.86637056, 0.25993717, 2.0989866, 2.1898894, 2.9066920, 8.7418919, 9.7238379, 9.8292322, 19.857426, 19.859606, 19.858765, 19.858805, 0.27098522, 0.27189600, 0.27906498, 0.33741775, 0.34723771, 0.34829211, 0.34928712, 0.34929803, 0.34929383, 0.34929401, 0.25993717
0.12273724, 0.51609856, 0.15484506, 0.72319806, 1.3205975, 2.3421466, 8.1735058, 9.6853819, 9.8123770, 19.850157, 19.857294, 19.858225, 19.858709, 0.25723001, 0.26320380, 0.27341956, 0.33173373, 0.34685302, 0.34812349, 0.34925079, 0.34928647, 0.34929112, 0.34929353, 0.15484506
0.12164111, 0.50286162, 0.15087357, 1.1560261, 0.74229836, 1.9028336, 7.6213622, 9.6871204, 9.8107729, 19.846134, 19.855951, 19.857965, 19.858669, 0.26155469, 0.25742084, 0.26902556, 0.32621142, 0.34686980, 0.34810725, 0.34923068, 0.34927976, 0.34928983, 0.34929335, 0.15087357
0.10306175, 0.27849567, 0.83557054E-1, 0.24057329, 0.29206872, 1.4834732, 7.0398335, 9.6707869, 9.8032446, 19.843039, 19.854958, 19.857763, 19.858669, 0.25240451, 0.25291979, 0.26483247, 0.32039618, 0.34670639, 0.34803194, 0.34921521, 0.34927478, 0.34928882, 0.34929335, 0.83557054E-1
0.96110135E-1, 0.19454736, 0.58370046E-1, 0.0000000, 0.66193938E-1, 1.1695802, 6.4808035, 9.6688986, 9.8028879, 19.843279, 19.854897, 19.857784, 19.858709, 0.24988812, 0.25066161, 0.26169291, 0.31480482, 0.34668660, 0.34802806, 0.34921640, 0.34927449, 0.34928891, 0.34929353, 0.58370046E-1
0.13642299, 0.68136883, 0.20443110, 2.1889567, 1.4325052, 0.96038580, 6.0479584, 9.7005053, 9.8153315, 19.843107, 19.854774, 19.857779, 19.858704, 0.27188957, 0.26432505, 0.25960386, 0.31047958, 0.34700507, 0.34815332, 0.34921554, 0.34927386, 0.34928888, 0.34929353, 0.20443110
0.97879894E-1, 0.21591920, 0.64782239E-1, 0.23724735, 0.44642091, 0.51934421, 5.2464662, 9.5627699, 9.7586489, 19.837965, 19.853395, 19.857447, 19.858629, 0.25193200, 0.25420761, 0.25505838, 0.30234468, 0.34553906, 0.34755185, 0.34918737, 0.34926635, 0.34928706, 0.34929311, 0.64782239E-1
0.87437019E-1, 0.89810133E-1, 0.26945734E-1, 0.0000000, 0.0000000, 0.0000000, 2.9126287, 8.9853373, 9.5950432, 19.829769, 19.851160, 19.856869, 19.858547, 0.24999310, 0.24989916, 0.24999985, 0.27898934, 0.33969608, 0.34589034, 0.34914637, 0.34925514, 0.34928417, 0.34929270, 0.26945734E-1
0.85617021E-1, 0.67831628E-1, 0.20351524E-1, 0.0000000, 0.0000000, 0.0000000, 1.8383473, 6.7593608, 9.5224361, 19.823616, 19.849392, 19.856436, 19.858452, 0.24999310, 0.24989916, 0.24999985, 0.26826072, 0.31743857, 0.34515044, 0.34911555, 0.34924629, 0.34928200, 0.34929222, 0.20351524E-1
0.83891898E-1, 0.46998896E-1, 0.14101079E-1, 0.0000000, 0.0000000, 0.0000000, 0.95620751, 4.3726501, 9.4634838, 19.818966, 19.848038, 19.856104, 19.858370, 0.24999310, 0.24989916, 0.24999985, 0.25945669, 0.29358172, 0.34453622, 0.34909227, 0.34923953, 0.34928036, 0.34929180, 0.14101079E-1
0.82484588E-1, 0.30004131E-1, 0.90021398E-2, 0.0000000, 0.0000000, 0.0000000, 0.32695234, 2.4910064, 8.5720997, 19.820137, 19.848179, 19.856159, 19.858427, 0.24999310, 0.24989916, 0.24999985, 0.25326836, 0.27490559, 0.33571583, 0.34910068, 0.34924090, 0.34928080, 0.34929213, 0.90021398E-2
0.81795074E-1, 0.21677531E-1, 0.65039098E-2, 0.0000000, 0.0000000, 0.0000000, 0.95328689E-1, 1.6515791, 7.4832392, 19.823780, 19.849081, 19.856424, 19.858475, 0.24999310, 0.24989916, 0.24999985, 0.25095281, 0.26651171, 0.32482621, 0.34911889, 0.34924540, 0.34928212, 0.34929237, 0.65039098E-2
0.81432104E-1, 0.17294204E-1, 0.51887799E-2, 0.0000000, 0.0000000, 0.0000000, 0.0000000, 1.2068033, 6.7592363, 19.825579, 19.849560, 19.856575, 19.858486, 0.24999310, 0.24989916, 0.24999985, 0.24999225, 0.26206374, 0.31758437, 0.34912789, 0.34924781, 0.34928286, 0.34929243, 0.51887799E-2
0.12763998, 0.57530445, 0.17260860, 1.9489884, 1.8947661, 0.88821948, 0.0000000, 1.1476606, 6.6349359, 19.831009, 19.851044, 19.856960, 19.858587, 0.26948327, 0.26894379, 0.25888130, 0.24999225, 0.26147649, 0.31634912, 0.34915504, 0.34925520, 0.34928480, 0.34929293, 0.17260860
0.95508926E-1, 0.18728712, 0.56191757E-1, 0.35767555, 0.85222721, 0.52625835, 0.0000000, 1.0714799, 6.5204983, 19.829975, 19.850832, 19.856913, 19.858568, 0.25357473, 0.25851938, 0.25526169, 0.24999225, 0.26071462, 0.31520462, 0.34914988, 0.34925416, 0.34928456, 0.34929284, 0.56191757E-1
0.10158457, 0.26065716, 0.78204967E-1, 1.3188899, 0.14778078, 0.21235943, 0.0000000, 0.98596811, 6.3731627, 19.830238, 19.850945, 19.856943, 19.858580, 0.26318437, 0.25147751, 0.25212339, 0.24999225, 0.25985959, 0.31373140, 0.34915119, 0.34925473, 0.34928471, 0.34929290, 0.78204967E-1
0.14551254, 0.79113507, 0.23736426, 2.5656075, 2.1629751, 2.3184805, 1.6115665, 0.96607506, 6.3179812, 19.835018, 19.852247, 19.857300, 19.858683, 0.27565241, 0.27162790, 0.27318382, 0.26611552, 0.25966072, 0.31317973, 0.34917510, 0.34926122, 0.34928650, 0.34929341, 0.23736426
0.24890448, 1.0000000, 0.61197275, 7.9650187, 2.5056834, 8.2888412, 2.4043679, 2.5771797, 6.2793431, 19.839918, 19.853592, 19.857666, 19.858709, 0.32965019, 0.27505684, 0.33288842, 0.27404368, 0.27577180, 0.31279343, 0.34919959, 0.34926796, 0.34928834, 0.34929353, 0.61197275
0.16441827, 1.0000000, 0.30586326, 2.3970575, 2.0962744, 5.1170573, 9.1585932, 9.3883286, 9.6159658, 19.842745, 19.854416, 19.857849, 19.858709, 0.27397057, 0.27096274, 0.30117059, 0.34158593, 0.34388328, 0.34615967, 0.34921372, 0.34927207, 0.34928924, 0.34929353, 0.30586326
0.14017634, 0.72669476, 0.21803023, 1.4182419, 1.5565991, 3.5143909, 9.4660616, 9.6187668, 9.7611809, 19.842421, 19.854404, 19.857819, 19.858709, 0.26418209, 0.26556578, 0.28514367, 0.34466049, 0.34618759, 0.34761178, 0.34921211, 0.34927201, 0.34928909, 0.34929353, 0.21803023
0.12354399, 0.52584100, 0.15776809, 0.69662035, 1.1095762, 2.8321385, 9.2513876, 9.6834707, 9.8013411, 19.841862, 19.854300, 19.857765, 19.858698, 0.25696498, 0.26109457, 0.27831987, 0.34251288, 0.34683421, 0.34801322, 0.34920931, 0.34927151, 0.34928882, 0.34929350, 0.15776809
0.15867083, 0.95003569, 0.28503922, 1.9628704, 2.8973341, 3.4835014, 9.4284611, 9.7003241, 9.8123541, 19.840460, 19.853928, 19.857658, 19.858675, 0.26962650, 0.27897137, 0.28483382, 0.34428397, 0.34700292, 0.34812343, 0.34920231, 0.34926963, 0.34928828, 0.34929338, 0.28503922
0.12821838, 0.58228946, 0.17470431, 0.65627992, 1.8653244, 2.6179850, 9.0858984, 9.6775770, 9.8033590, 19.837217, 19.853083, 19.857430, 19.858641, 0.25656158, 0.26865116, 0.27617839, 0.34085798, 0.34677523, 0.34803343, 0.34918609, 0.34926540, 0.34928715, 0.34929320, 0.17470431
0.10828968, 0.34162861, 0.10249884, 0.0000000, 0.94870329, 1.9781768, 8.3420105, 9.6410284, 9.7871590, 19.834410, 19.852306, 19.857265, 19.858622, 0.24992058, 0.25948375, 0.26977837, 0.33341721, 0.34640861, 0.34787104, 0.34917206, 0.34926152, 0.34928632, 0.34929311, 0.10249884
0.11699996, 0.44681475, 0.13405783, 1.1875123, 0.36014915, 1.4572889, 7.5724173, 9.6359158, 9.7832317, 19.833691, 19.852106, 19.857246, 19.858629, 0.26186803, 0.25360021, 0.26457027, 0.32572147, 0.34635743, 0.34783173, 0.34916845, 0.34926054, 0.34928623, 0.34929314, 0.13405783
0.99604979E-1, 0.23675139, 0.71032524E-1, 0.26883483, 0.36808848E-1, 1.0942101, 6.9083095, 9.6456633, 9.7878656, 19.834326, 19.852278, 19.857283, 19.858658, 0.25268653, 0.25036794, 0.26093990, 0.31908032, 0.34645471, 0.34787801, 0.34917164, 0.34926140, 0.34928641, 0.34929329, 0.71032524E-1
0.10397848, 0.28956625, 0.86878560E-1, 0.67083538, 0.0000000, 0.95988214, 6.5025835, 9.7019663, 9.8139668, 19.838871, 19.853472, 19.857609, 19.858709, 0.25670341, 0.24999580, 0.25959671, 0.31502295, 0.34701753, 0.34813896, 0.34919435, 0.34926736, 0.34928805, 0.34929353, 0.86878560E-1
0.35599607, 1.0000000, 0.99998569, 9.9999104, 9.9999456, 9.9999723, 9.9999933, 9.9999962, 9.9999990, 19.999998, 19.999998, 19.996634, 19.869804, 0.34999803, 0.34999880, 0.34999940, 0.34999987, 0.34999993, 0.34999999, 0.34999999, 0.34999999, 0.34998316, 0.34934902, 0.99998569
0.34439242, 1.0000000, 0.95794344, 9.4325323, 9.6485434, 9.8046484, 9.9466515, 9.9727201, 9.9897308, 19.998896, 19.999441, 19.975988, 19.866764, 0.34432489, 0.34648517, 0.34804633, 0.34946647, 0.34972721, 0.34989733, 0.34999448, 0.34999722, 0.34987995, 0.34933382, 0.95794344
0.35260230, 1.0000000, 0.98768950, 9.9904318, 9.8192091, 9.6151094, 9.8391171, 9.9129162, 9.9633093, 19.993391, 19.996571, 19.955374, 19.864494, 0.34990385, 0.34819180, 0.34615093, 0.34839115, 0.34912917, 0.34963310, 0.34996694, 0.34998286, 0.34977686, 0.34932247, 0.98768950
0.32009259, 1.0000000, 0.86990064, 7.9251823, 9.3622103, 9.5756083, 9.7849960, 9.8759727, 9.9442520, 19.989122, 19.991961, 19.936302, 19.862862, 0.32925183, 0.34362209, 0.34575608, 0.34784997, 0.34875971, 0.34944251, 0.34994560, 0.34995979, 0.34968150, 0.34931430, 0.86990064
0.33715206, 1.0000000, 0.93171024, 9.1778564, 9.3639612, 9.5313406, 9.7382917, 9.8418016, 9.9242668, 19.983353, 19.984360, 19.919392, 19.861683, 0.34177703, 0.34363866, 0.34531292, 0.34738281, 0.34841797, 0.34924263, 0.34991676, 0.34992179, 0.34959695, 0.34930843, 0.93171024
0.30197763, 1.0000000, 0.80426681, 6.6408443, 9.3342876, 9.5513420, 9.7423811, 9.8385706, 9.9187794, 19.980097, 19.974827, 19.905317, 19.860872, 0.31640619, 0.34334096, 0.34551242, 0.34742361, 0.34838560, 0.34918776, 0.34990048, 0.34987414, 0.34952658, 0.34930438, 0.80426681
0.27550083, 1.0000000, 0.70833635, 4.7659311, 9.2803402, 9.5177031, 9.7246666, 9.8260546, 9.9101896, 19.974897, 19.962667, 19.893795, 19.860281, 0.29765886, 0.34280288, 0.34517676, 0.34724662, 0.34826052, 0.34910190, 0.34987450, 0.34981334, 0.34946898, 0.34930140, 0.70833635
0.24822447, 1.0000000, 0.60950893, 2.9495537, 9.0034037, 9.5373926, 9.7326565, 9.8283224, 9.9093533, 19.970753, 19.949532, 19.884813, 19.859886, 0.27949330, 0.34002993, 0.34537175, 0.34732613, 0.34828299, 0.34909344, 0.34985375, 0.34974766, 0.34942406, 0.34929943, 0.60950893
0.21661787, 1.0000000, 0.49499226, 1.9311965, 6.9357452, 9.4457006, 9.6821957, 9.7982607, 9.8939114, 19.961437, 19.934843, 19.877670, 19.859545, 0.26931077, 0.31935489, 0.34445524, 0.34682161, 0.34798244, 0.34893906, 0.34980720, 0.34967422, 0.34938836, 0.34929773, 0.49499226
0.31751156, 1.0000000, 0.86054903, 7.6739135, 9.4186506, 9.6532440, 9.8766327, 9.9350805, 9.9732008, 19.995173, 19.998741, 19.999584, 19.981998, 0.32673606, 0.34418425, 0.34653127, 0.34876609, 0.34935069, 0.34973198, 0.34997585, 0.34999371, 0.34999794, 0.34990999, 0.86054903
0.34574544, 1.0000000, 0.96284574, 9.4499454, 9.7501049, 9.8672085, 9.9689665, 9.9843245, 9.9944563, 19.999706, 19.999916, 19.999958, 19.988003, 0.34449354, 0.34749737, 0.34867024, 0.34968928, 0.34984306, 0.34994450, 0.34999853, 0.34999958, 0.34999979, 0.34994000, 0.96284574
0.29633909, 1.0000000, 0.78383732, 6.2667489, 9.2686710, 9.5447121, 9.8152866, 9.9004412, 9.9584446, 19.992752, 19.998104, 19.998777, 19.964626, 0.31266668, 0.34268600, 0.34544677, 0.34815282, 0.34900439, 0.34958446, 0.34996375, 0.34999052, 0.34999388, 0.34982312, 0.78383732
0.25034475, 1.0000000, 0.61719114, 2.9814749, 9.2260380, 9.4933681, 9.7421789, 9.8503675, 9.9331217, 19.987793, 19.996792, 19.995867, 19.943165, 0.27981201, 0.34225532, 0.34493107, 0.34742126, 0.34850341, 0.34933111, 0.34993896, 0.34998396, 0.34997934, 0.34971583, 0.61719114
0.21319617, 1.0000000, 0.48259482, 1.8133044, 6.7327595, 9.4214783, 9.6754332, 9.8024292, 9.9055376, 19.980871, 19.994919, 19.990162, 19.924397, 0.26812893, 0.31731844, 0.34420839, 0.34675303, 0.34802365, 0.34905514, 0.34990436, 0.34997460, 0.34995082, 0.34962198, 0.48259482
0.24654768, 1.0000000, 0.60343361, 2.9339790, 8.8485374, 9.5009537, 9.7051344, 9.8124495, 9.9046888, 19.978746, 19.994078, 19.981853, 19.908802, 0.27933794, 0.33848199, 0.34500772, 0.34705099, 0.34812433, 0.34904683, 0.34989375, 0.34997040, 0.34990928, 0.34954402, 0.60343361
0.28745824, 1.0000000, 0.75166017, 5.6771221, 9.2257891, 9.4860487, 9.6974020, 9.8062344, 9.8984032, 19.974012, 19.992075, 19.970718, 19.896231, 0.30676994, 0.34225664, 0.34485984, 0.34697390, 0.34806228, 0.34898400, 0.34987006, 0.34996039, 0.34985358, 0.34948117, 0.75166017
0.23231147, 1.0000000, 0.55185318, 2.6993573, 7.5789728, 9.4008465, 9.6422806, 9.7715254, 9.8802691, 19.967022, 19.988609, 19.957520, 19.886410, 0.27699178, 0.32578671, 0.34400660, 0.34642240, 0.34771505, 0.34880263, 0.34983510, 0.34994304, 0.34978759, 0.34943205, 0.55185318
0.18307161, 1.0000000, 0.37344790, 1.2097239, 4.1731100, 9.3022680, 9.5771799, 9.7291451, 9.8582802, 19.959318, 19.983528, 19.943302, 19.878929, 0.26209590, 0.29172829, 0.34301957, 0.34577113, 0.34729111, 0.34858268, 0.34979659, 0.34991765, 0.34971651, 0.34939465, 0.37344790
0.15139627, 0.86218745, 0.25868210, 0.29657781, 2.4562268, 8.1348982, 9.5563717, 9.7125549, 9.8477335, 19.953579, 19.977163, 19.929214, 19.873360, 0.25296521, 0.27455941, 0.33134428, 0.34556261, 0.34712499, 0.34847715, 0.34976789, 0.34988582, 0.34964606, 0.34936678, 0.25868210
0.14074337, 0.73354220, 0.22008467, 0.46423674, 1.6731828, 6.5687985, 9.5558872, 9.7102232, 9.8447180, 19.948996, 19.969143, 19.916054, 19.869246, 0.25464183, 0.26673064, 0.31568566, 0.34555820, 0.34710187, 0.34844705, 0.34974498, 0.34984571, 0.34958026, 0.34934622, 0.22008467
0.11934288, 0.47510803, 0.14254667, 0.0000000, 0.81622899, 4.6790872, 9.4907341, 9.6686687, 9.8237886, 19.940979, 19.958364, 19.904062, 19.866199, 0.24991885, 0.25816053, 0.29678583, 0.34490532, 0.34668565, 0.34823751, 0.34970489, 0.34979182, 0.34952033, 0.34933099, 0.14254667
0.10611387, 0.31535327, 0.94615445E-1, 0.0000000, 0.14408827, 2.9289036, 9.0166407, 9.6158504, 9.7959137, 19.932758, 19.946135, 19.893784, 19.864000, 0.24991885, 0.25144029, 0.27928293, 0.34016263, 0.34615651, 0.34795845, 0.34966379, 0.34973067, 0.34946892, 0.34931999, 0.94615445E-1
0.10063079, 0.24913926, 0.74749254E-1, 0.0000000, 0.0000000, 2.0836234, 8.0671301, 9.6036892, 9.7882442, 19.927490, 19.934032, 19.885492, 19.862495, 0.24991885, 0.24995801, 0.27083284, 0.33066869, 0.34603530, 0.34788191, 0.34963745, 0.34967017, 0.34942746, 0.34931248, 0.74749254E-1
0.12106742, 0.49593365, 0.14879498, 1.7889172, 0.0000000, 1.2910664, 6.9284081, 9.5617008, 9.7662182, 19.920996, 19.921726, 19.878805, 19.861401, 0.26788405, 0.24995801, 0.26290956, 0.31928289, 0.34561616, 0.34766191, 0.34960496, 0.34960863, 0.34939402, 0.34930700, 0.14879498
0.19777998, 1.0000000, 0.42673904, 2.7445049, 4.7057333, 6.9784527, 8.1422186, 9.5699959, 9.7666264, 19.912092, 19.909571, 19.873447, 19.860584, 0.27744505, 0.29705733, 0.31978452, 0.33142218, 0.34569997, 0.34766626, 0.34956047, 0.34954786, 0.34936723, 0.34930292, 0.42673904
0.16795461, 1.0000000, 0.31867608, 2.4112523, 1.9664884, 6.0840759, 9.4863443, 9.6710043, 9.8103724, 19.904011, 19.898851, 19.869368, 19.860025, 0.27411082, 0.26966405, 0.31083947, 0.34486306, 0.34670982, 0.34810367, 0.34952006, 0.34949425, 0.34934685, 0.34930012, 0.31867608
0.18721971, 1.0000000, 0.38847721, 2.4995029, 2.8706968, 8.5898170, 9.6576653, 9.7619801, 9.8539629, 19.901066, 19.890917, 19.866646, 19.859722, 0.27499399, 0.27870625, 0.33589709, 0.34657642, 0.34761968, 0.34853959, 0.34950534, 0.34945458, 0.34933323, 0.34929860, 0.38847721
0.34971321, 1.0000000, 0.97722167, 9.6698227, 9.8375607, 9.9152451, 9.9795265, 9.9896545, 9.9961720, 19.999605, 19.999504, 19.968388, 19.859509, 0.34669191, 0.34837177, 0.34915051, 0.34979489, 0.34989634, 0.34996167, 0.34999803, 0.34999752, 0.34984195, 0.34929755, 0.97722167
0.35595286, 1.0000000, 0.99982923, 9.9982204, 9.9989328, 9.9994631, 9.9998951, 9.9999456, 9.9999752, 19.999998, 19.999998, 19.999996, 19.993994, 0.34997651, 0.34998590, 0.34999293, 0.34999862, 0.34999928, 0.34999970, 0.34999999, 0.34999999, 0.34999996, 0.34996998, 0.99982923
0.34637660, 1.0000000, 0.96513259, 9.4730377, 9.7801380, 9.8813162, 9.9661674, 9.9827356, 9.9930601, 19.998806, 19.999689, 19.999500, 19.970406, 0.34472868, 0.34780034, 0.34881264, 0.34966156, 0.34982729, 0.34993055, 0.34999403, 0.34999844, 0.34999749, 0.34985203, 0.96513259
0.29069570, 1.0000000, 0.76339018, 5.8681555, 9.2586565, 9.5342970, 9.8003836, 9.8913889, 9.9531078, 19.990459, 19.997496, 19.996931, 19.948318, 0.30868077, 0.34258586, 0.34534258, 0.34800375, 0.34891385, 0.34953108, 0.34995228, 0.34998748, 0.34998465, 0.34974158, 0.76339018
0.23999013, 1.0000000, 0.57967436, 2.9158502, 8.1183109, 9.4374819, 9.7008400, 9.8241940, 9.9187317, 19.982548, 19.995401, 19.991858, 19.928780, 0.27915609, 0.33117905, 0.34437248, 0.34700793, 0.34824169, 0.34918723, 0.34991273, 0.34997702, 0.34995928, 0.34964389, 0.57967436
0.19882229, 1.0000000, 0.43051547, 1.6036093, 5.3751206, 9.3724089, 9.6377392, 9.7763071, 9.8901796, 19.974733, 19.993126, 19.983868, 19.912331, 0.26603410, 0.30374718, 0.34372059, 0.34637669, 0.34776270, 0.34890169, 0.34987366, 0.34996563, 0.34991935, 0.34956166, 0.43051547
0.16412857, 1.0000000, 0.30481368, 0.64880550, 2.9253304, 9.0864611, 9.5980940, 9.7452383, 9.8704929, 19.968735, 19.990868, 19.973248, 19.898985, 0.25648651, 0.27924907, 0.34085804, 0.34597954, 0.34745166, 0.34870470, 0.34984368, 0.34995434, 0.34986624, 0.34949493, 0.30481368
0.13979019, 0.72203141, 0.21663110, 0.0000000, 1.9430697, 7.3467302, 9.5542173, 9.7138109, 9.8512955, 19.961489, 19.987442, 19.960411, 19.888519, 0.24996516, 0.26942721, 0.32346073, 0.34554043, 0.34713724, 0.34851265, 0.34980744, 0.34993720, 0.34980205, 0.34944260, 0.21663110
0.17022084, 1.0000000, 0.32688707, 2.9951870, 1.3160527, 5.9599452, 9.5785713, 9.7236023, 9.8516054, 19.956944, 19.983475, 19.946541, 19.880571, 0.27995187, 0.26316053, 0.30959946, 0.34578571, 0.34723604, 0.34851605, 0.34978473, 0.34991738, 0.34973270, 0.34940284, 0.32688707
0.15608552, 0.91881531, 0.27567217, 2.5648026, 0.87580681, 4.8560891, 9.5967045, 9.7343159, 9.8555927, 19.953505, 19.978121, 19.932545, 19.874626, 0.27564758, 0.25875798, 0.29856065, 0.34596696, 0.34734309, 0.34855589, 0.34976751, 0.34989059, 0.34966272, 0.34937313, 0.27567217
0.19667915, 1.0000000, 0.42275050, 2.7960153, 3.2685895, 9.1083918, 9.5831022, 9.7268724, 9.8529186, 19.950602, 19.971037, 19.919230, 19.870234, 0.27796015, 0.28268591, 0.34108391, 0.34583104, 0.34726873, 0.34852919, 0.34975302, 0.34985518, 0.34959614, 0.34935117, 0.42275050
0.18736157, 1.0000000, 0.38899118, 2.4268329, 2.9691279, 8.6833038, 9.6146374, 9.7455530, 9.8602867, 19.947443, 19.962027, 19.907204, 19.867006, 0.27426088, 0.27968583, 0.33682504, 0.34614462, 0.34745464, 0.34860256, 0.34973723, 0.34981012, 0.34953600, 0.34933501, 0.38899118
0.16710514, 1.0000000, 0.31559831, 1.6870201, 2.3278027, 7.5334277, 9.6209412, 9.7506733, 9.8630190, 19.943804, 19.951439, 19.896795, 19.864681, 0.26686931, 0.27327728, 0.32533309, 0.34620911, 0.34750658, 0.34863013, 0.34971902, 0.34975719, 0.34948397, 0.34932339, 0.31559831
0.18549055, 1.0000000, 0.38221210, 2.6107907, 2.7583151, 8.0561113, 9.5408554, 9.7025299, 9.8414793, 19.936747, 19.939077, 19.887918, 19.862942, 0.27610603, 0.27758196, 0.33055937, 0.34540814, 0.34702510, 0.34841472, 0.34968373, 0.34969538, 0.34943959, 0.34931472, 0.38221210
0.17317945, 1.0000000, 0.33760670, 2.1235914, 2.1732464, 7.8598838, 9.6013651, 9.7360506, 9.8534536, 19.931515, 19.927048, 19.880880, 19.861761, 0.27123553, 0.27173221, 0.32859838, 0.34601355, 0.34736043, 0.34853449, 0.34965757, 0.34963524, 0.34940439, 0.34930879, 0.33760670
0.16629423, 1.0000000, 0.31266025, 2.1495640, 1.7618686, 6.9235144, 9.6351442, 9.7576866, 9.8635321, 19.926687, 19.915707, 19.875399, 19.860920, 0.27149558, 0.26761866, 0.31923509, 0.34635141, 0.34757686, 0.34863532, 0.34963343, 0.34957853, 0.34937698, 0.34930462, 0.31266025
0.33764535, 1.0000000, 0.93349755, 9.2797680, 9.2849855, 9.4792175, 9.7091436, 9.8015642, 9.8828154, 19.922733, 19.905701, 19.871265, 19.860374, 0.34279770, 0.34284985, 0.34479219, 0.34709144, 0.34801564, 0.34882814, 0.34961367, 0.34952849, 0.34935632, 0.34930187, 0.93349755
0.30658954, 1.0000000, 0.82097656, 6.9831877, 9.3286057, 9.5419788, 9.7252579, 9.8140001, 9.8888235, 19.916346, 19.896420, 19.868025, 19.859951, 0.31983039, 0.34328488, 0.34541920, 0.34725246, 0.34813994, 0.34888819, 0.34958172, 0.34948209, 0.34934014, 0.34929976, 0.82097656
0.24632314, 1.0000000, 0.60262001, 2.9047461, 8.9292326, 9.3976116, 9.6499233, 9.7722206, 9.8698483, 19.904898, 19.887291, 19.865301, 19.859575, 0.27904734, 0.33929211, 0.34397599, 0.34649920, 0.34772220, 0.34869850, 0.34952450, 0.34943646, 0.34932649, 0.34929788, 0.60262001
0.21624430, 1.0000000, 0.49363875, 2.0185380, 6.7506280, 9.4417019, 9.6591597, 9.7739716, 9.8673439, 19.895803, 19.880173, 19.863369, 19.859346, 0.27018502, 0.31750557, 0.34441653, 0.34659150, 0.34773967, 0.34867340, 0.34947902, 0.34940088, 0.34931684, 0.34929675, 0.49363875
0.32843506, 1.0000000, 0.90012705, 8.6256037, 9.2273331, 9.5503445, 9.7141562, 9.8041029, 9.8781595, 19.890026, 19.875111, 19.862123, 19.859299, 0.33625388, 0.34227195, 0.34550273, 0.34714141, 0.34804097, 0.34878156, 0.34945014, 0.34937555, 0.34931061, 0.34929651, 0.90012705
0.35557997, 1.0000000, 0.99847811, 9.9791737, 9.9876366, 9.9938040, 9.9987535, 9.9993763, 9.9997883, 19.999998, 19.999998, 19.999990, 19.991999, 0.34979010, 0.34987539, 0.34993753, 0.34998745, 0.34999371, 0.34999785, 0.34999999, 0.34999999, 0.34999996, 0.34996000, 0.99847811
0.33929485, 1.0000000, 0.93947405, 9.1894569, 9.4924660, 9.7051659, 9.9096575, 9.9531813, 9.9820223, 19.997871, 19.999445, 19.999828, 19.985031, 0.34189457, 0.34492466, 0.34705165, 0.34909657, 0.34953183, 0.34982023, 0.34998935, 0.34999722, 0.34999913, 0.34992516, 0.93947405
0.30848810, 1.0000000, 0.82785541, 7.0281534, 9.4178238, 9.6354036, 9.8466415, 9.9160204, 9.9656773, 19.995333, 19.998777, 19.998785, 19.961901, 0.32027969, 0.34417674, 0.34635329, 0.34846628, 0.34916010, 0.34965673, 0.34997666, 0.34999388, 0.34999391, 0.34980950, 0.82785541
0.28464738, 1.0000000, 0.74147594, 5.3607044, 9.3519182, 9.5806179, 9.7937174, 9.8810034, 9.9482536, 19.992319, 19.997990, 19.995710, 19.940777, 0.30360672, 0.34351885, 0.34580600, 0.34793714, 0.34880999, 0.34948254, 0.34996158, 0.34998995, 0.34997857, 0.34970388, 0.74147594
0.30784237, 1.0000000, 0.82551587, 7.0310025, 9.3686590, 9.5865459, 9.7807693, 9.8681993, 9.9388485, 19.989740, 19.997284, 19.989973, 19.922438, 0.32030925, 0.34368595, 0.34586513, 0.34780765, 0.34868196, 0.34938848, 0.34994870, 0.34998643, 0.34994987, 0.34961218, 0.82551587
0.30393946, 1.0000000, 0.81137490, 6.7193952, 9.4067717, 9.6064215, 9.7824812, 9.8652582, 9.9345398, 19.988216, 19.996603, 19.981375, 19.907232, 0.31719309, 0.34406701, 0.34606385, 0.34782472, 0.34865254, 0.34934539, 0.34994107, 0.34998301, 0.34990686, 0.34953615, 0.81137490
0.26573750, 1.0000000, 0.67296195, 4.0780010, 9.2532597, 9.5043888, 9.7306433, 9.8335152, 9.9182243, 19.984179, 19.994825, 19.970028, 19.895014, 0.29077971, 0.34253219, 0.34504369, 0.34730640, 0.34833512, 0.34918225, 0.34992090, 0.34997413, 0.34985015, 0.34947509, 0.67296195
0.23029777, 1.0000000, 0.54455709, 2.5329113, 7.5852284, 9.4422607, 9.6882286, 9.8051643, 9.9028940, 19.980232, 19.992168, 19.956865, 19.885542, 0.27532884, 0.32585183, 0.34442231, 0.34688222, 0.34805161, 0.34902894, 0.34990117, 0.34996083, 0.34978431, 0.34942770, 0.54455709
0.19403356, 1.0000000, 0.41316503, 1.4723897, 5.0038605, 9.3942547, 9.6441002, 9.7748089, 9.8855553, 19.974817, 19.987728, 19.942745, 19.878326, 0.26472238, 0.30003551, 0.34393966, 0.34644040, 0.34774780, 0.34885547, 0.34987408, 0.34993863, 0.34971374, 0.34939164, 0.41316503
0.16257153, 0.99714100, 0.29917222, 0.61778724, 2.9035835, 8.8539371, 9.6045313, 9.7474079, 9.8700876, 19.969778, 19.981592, 19.928753, 19.872948, 0.25617769, 0.27903536, 0.33853862, 0.34604517, 0.34747398, 0.34870085, 0.34984890, 0.34990796, 0.34964377, 0.34936473, 0.29917222
0.14179984, 0.74630004, 0.22391240, 0.52654743E-1, 2.0917296, 7.3496776, 9.5850458, 9.7324505, 9.8604784, 19.964918, 19.973486, 19.915630, 19.868994, 0.25052655, 0.27091706, 0.32349631, 0.34585035, 0.34732443, 0.34860477, 0.34982461, 0.34986743, 0.34957814, 0.34934497, 0.22391240
0.13076679, 0.61306417, 0.18393764, 0.0000000, 1.4951289, 6.0544028, 9.5877857, 9.7320366, 9.8582020, 19.960524, 19.963648, 19.903984, 19.866104, 0.24999191, 0.26494765, 0.31053668, 0.34587553, 0.34731919, 0.34858164, 0.34980261, 0.34981823, 0.34951991, 0.34933051, 0.18393764
0.12039449, 0.48780736, 0.14635685, 0.0000000, 0.92988014, 4.6880074, 9.5544252, 9.7115278, 9.8482695, 19.954967, 19.952065, 19.893986, 19.864000, 0.24999191, 0.25929680, 0.29687500, 0.34554219, 0.34711424, 0.34848234, 0.34977484, 0.34976032, 0.34946993, 0.34931999, 0.14635685
0.11081041, 0.37206915, 0.11163191, 0.0000000, 0.46865046, 3.3040006, 9.5233402, 9.6904554, 9.8370886, 19.948643, 19.939535, 19.885712, 19.862495, 0.24999191, 0.25468519, 0.28303540, 0.34523073, 0.34690318, 0.34837043, 0.34974322, 0.34969768, 0.34942856, 0.34931248, 0.11163191
0.11316566, 0.40051141, 0.12016544, 0.52825212, 0.22149086, 2.6690483, 9.2018366, 9.7089500, 9.8435574, 19.942888, 19.927227, 19.879156, 19.861450, 0.25528035, 0.25221437, 0.27668718, 0.34201607, 0.34708831, 0.34843516, 0.34971446, 0.34963614, 0.34939578, 0.34930724, 0.12016544
0.12069082, 0.49138588, 0.14743051, 1.3315499, 0.62254071E-1, 2.2327065, 8.6765375, 9.7059774, 9.8427000, 19.936985, 19.915607, 19.874073, 19.860714, 0.26331297, 0.25062248, 0.27232578, 0.33676440, 0.34705922, 0.34842682, 0.34968492, 0.34957802, 0.34937036, 0.34930357, 0.14743051
0.11030491, 0.36596477, 0.10980041, 0.79982281, 0.0000000, 1.7478853, 8.0570412, 9.6781740, 9.8289633, 19.927559, 19.904297, 19.869978, 19.860146, 0.25799632, 0.24997617, 0.26747760, 0.33056924, 0.34678105, 0.34828940, 0.34963781, 0.34952149, 0.34934989, 0.34930074, 0.10980041
0.12933508, 0.59577465, 0.17875028, 1.8043399, 0.85076392, 1.4041990, 7.5049944, 9.6863441, 9.8297625, 19.918116, 19.894501, 19.866917, 19.859758, 0.26804149, 0.25850710, 0.26404154, 0.32504946, 0.34686315, 0.34829754, 0.34959057, 0.34947249, 0.34933460, 0.34929878, 0.17875028
0.10700064, 0.32606211, 0.97828418E-1, 0.60738921, 0.38612485, 1.0522187, 6.8980961, 9.6692696, 9.8200779, 19.907059, 19.885838, 19.864525, 19.859457, 0.25607163, 0.25386038, 0.26052102, 0.31897941, 0.34669161, 0.34820041, 0.34953529, 0.34942919, 0.34932262, 0.34929729, 0.97828418E-1
0.98537259E-1, 0.22385757, 0.67163989E-1, 0.20132363, 0.19484162, 0.84466040, 6.3827934, 9.6851139, 9.8256464, 19.899446, 19.879471, 19.862923, 19.859299, 0.25201258, 0.25194803, 0.25844577, 0.31382668, 0.34685019, 0.34825614, 0.34949723, 0.34939736, 0.34931463, 0.34929651, 0.67163989E-1
0.92060275E-1, 0.14564098, 0.43696664E-1, 0.0000000, 0.0000000, 0.51946044, 5.5387921, 9.5986013, 9.7856255, 19.890596, 19.873955, 19.861650, 19.859211, 0.24970995, 0.24997054, 0.25519365, 0.30538589, 0.34598425, 0.34785566, 0.34945297, 0.34936976, 0.34930825, 0.34929606, 0.43696664E-1
0.91100857E-1, 0.13405494, 0.40220506E-1, 0.0000000, 0.0000000, 0.39543808, 4.9689322, 9.6545944, 9.8060455, 19.884338, 19.870056, 19.860851, 19.859180, 0.24970995, 0.24997054, 0.25395334, 0.29968670, 0.34654337, 0.34805959, 0.34942168, 0.34935027, 0.34930426, 0.34929591, 0.40220506E-1
0.14213565, 0.75035542, 0.22512914, 1.9617170, 1.3609469, 2.7257979, 8.6034012, 9.7376814, 9.8414555, 19.879341, 19.867170, 19.860294, 19.859169, 0.26961580, 0.26360890, 0.27725741, 0.33603364, 0.34737661, 0.34841448, 0.34939671, 0.34933585, 0.34930146, 0.34929585, 0.22512914
0.12559271, 0.55058146, 0.16519095, 1.1270374, 0.96804202, 2.3787885, 8.2088966, 9.7303305, 9.8401394, 19.872709, 19.864376, 19.859753, 19.859110, 0.26126695, 0.25967866, 0.27378571, 0.33208749, 0.34730241, 0.34840110, 0.34936354, 0.34932187, 0.34929878, 0.34929556, 0.16519095
0.10676606, 0.32322928, 0.96978486E-1, 0.25934279, 0.46941340, 1.8480211, 7.5999527, 9.6741953, 9.8153982, 19.865641, 19.861864, 19.859299, 19.859016, 0.25259259, 0.25469321, 0.26847842, 0.32599804, 0.34674099, 0.34815365, 0.34932822, 0.34930933, 0.34929651, 0.34929508, 0.96978486E-1
0.98269194E-1, 0.22062042, 0.66192746E-1, 0.0000000, 0.17856061, 1.3846159, 6.9053178, 9.6381540, 9.7977114, 19.861555, 19.860355, 19.859064, 19.858963, 0.24990818, 0.25178510, 0.26384416, 0.31905118, 0.34638014, 0.34797662, 0.34930778, 0.34930179, 0.34929532, 0.34929481, 0.66192746E-1
0.95688045E-1, 0.18945025, 0.56840759E-1, 0.0000000, 0.71901083E-1, 1.0956317, 6.2914195, 9.6535130, 9.8020229, 19.859966, 19.859663, 19.858967, 19.858946, 0.24990818, 0.25071865, 0.26095369, 0.31291118, 0.34653285, 0.34801945, 0.34929985, 0.34929830, 0.34929484, 0.34929472, 0.56840759E-1
0.94822511E-1, 0.17899792, 0.53704746E-1, 0.19043982, 0.0000000, 0.61697066, 5.2428246, 9.5504475, 9.7531605, 19.855680, 19.858328, 19.858662, 19.858856, 0.25190404, 0.24997033, 0.25616938, 0.30242768, 0.34550396, 0.34753144, 0.34927839, 0.34929162, 0.34929329, 0.34929428, 0.53704746E-1
0.90568647E-1, 0.12762788, 0.38292196E-1, 0.0000000, 0.0000000, 0.38287640, 4.4316039, 9.5822563, 9.7635937, 19.852848, 19.857445, 19.858423, 19.858805, 0.24979144, 0.24997033, 0.25382841, 0.29431519, 0.34582165, 0.34763560, 0.34926423, 0.34928721, 0.34929210, 0.34929401, 0.38292196E-1
0.88746190E-1, 0.10561972, 0.31689085E-1, 0.0000000, 0.0000000, 0.15603304, 3.4023595, 9.5176840, 9.7324533, 19.850119, 19.856655, 19.858200, 19.858757, 0.24979144, 0.24997033, 0.25156000, 0.28402218, 0.34517488, 0.34732389, 0.34925058, 0.34928328, 0.34929100, 0.34929377, 0.31689085E-1
0.97944394E-1, 0.21669808, 0.65015927E-1, 0.77681839, 0.0000000, 0.0000000, 2.6899428, 8.8496704, 9.6915474, 19.846439, 19.855640, 19.857979, 19.858709, 0.25776523, 0.24997033, 0.24998684, 0.27689880, 0.33849570, 0.34691513, 0.34923220, 0.34927821, 0.34928989, 0.34929353, 0.65015927E-1
0.11971436, 0.47959402, 0.14389260, 2.3990810, 0.0000000, 0.0000000, 2.3284614, 8.0736361, 9.6941090, 19.844219, 19.855032, 19.857859, 19.858683, 0.27398995, 0.24997033, 0.24998684, 0.27328455, 0.33073628, 0.34694105, 0.34922111, 0.34927517, 0.34928930, 0.34929341, 0.14389260
0.96450433E-1, 0.19865687, 0.59603024E-1, 0.73599219, 0.0000000, 0.0000000, 2.1613955, 7.6705656, 9.7527514, 19.842896, 19.854664, 19.857779, 19.858698, 0.25734758, 0.24997033, 0.24998684, 0.27161178, 0.32670182, 0.34752586, 0.34921449, 0.34927332, 0.34928888, 0.34929350, 0.59603024E-1
0.85782424E-1, 0.69829091E-1, 0.20950822E-1, 0.0000000, 0.0000000, 0.0000000, 1.8617630, 7.0090995, 9.7060003, 19.841732, 19.854345, 19.857695, 19.858688, 0.24998705, 0.24997033, 0.24998684, 0.26861584, 0.32008764, 0.34705845, 0.34920865, 0.34927171, 0.34928846, 0.34929344, 0.20950822E-1
0.85072353E-1, 0.61254203E-1, 0.18378099E-1, 0.0000000, 0.0000000, 0.0000000, 1.4899999, 6.0553598, 9.6555395, 19.841663, 19.854315, 19.857685, 19.858698, 0.24998705, 0.24997033, 0.24998684, 0.26489589, 0.31054524, 0.34655094, 0.34920833, 0.34927157, 0.34928843, 0.34929350, 0.18378099E-1
0.92931114E-1, 0.15615728, 0.46851873E-1, 0.59042573, 0.0000000, 0.0000000, 1.3647020, 5.5951328, 9.7373381, 19.844112, 19.854927, 19.857874, 19.858709, 0.25589937, 0.24997033, 0.24998684, 0.26364633, 0.30594993, 0.34737256, 0.34922057, 0.34927464, 0.34928936, 0.34929353, 0.46851873E-1
0.84091648E-1, 0.49411148E-1, 0.14824827E-1, 0.0000000, 0.0000000, 0.0000000, 1.0145724, 4.6466084, 9.6223936, 19.841516, 19.854244, 19.857695, 19.858669, 0.24976240, 0.24997033, 0.24998684, 0.26014572, 0.29646608, 0.34622395, 0.34920758, 0.34927124, 0.34928846, 0.34929335, 0.14824827E-1
0.85897349E-1, 0.71216919E-1, 0.21367213E-1, 0.17399192, 0.0000000, 0.0000000, 0.75641572, 3.7383325, 9.6245327, 19.840754, 19.854033, 19.857649, 19.858698, 0.25173581, 0.24997033, 0.24998684, 0.25756308, 0.28738067, 0.34624305, 0.34920377, 0.34927016, 0.34928825, 0.34929350, 0.21367213E-1
0.92109948E-1, 0.14624085, 0.43876640E-1, 0.64862967, 0.0000000, 0.0000000, 0.61514080, 3.1751599, 9.6860132, 19.840790, 19.854021, 19.857685, 19.858709, 0.25648510, 0.24997033, 0.24998684, 0.25615135, 0.28175142, 0.34685996, 0.34920394, 0.34927011, 0.34928843, 0.34929353, 0.43876640E-1
0.82731560E-1, 0.32986525E-1, 0.98969480E-2, 0.0000000, 0.0000000, 0.0000000, 0.41800439, 2.6586862, 9.3105183, 19.840214, 19.853861, 19.857635, 19.858692, 0.24973790, 0.24997033, 0.24998684, 0.25417969, 0.27658567, 0.34310383, 0.34920108, 0.34926930, 0.34928817, 0.34929347, 0.98969480E-2
0.82311742E-1, 0.27916836E-1, 0.83758887E-2, 0.0000000, 0.0000000, 0.0000000, 0.24088323, 2.1933823, 8.7289915, 19.839842, 19.853762, 19.857624, 19.858698, 0.24973790, 0.24997033, 0.24998684, 0.25240779, 0.27192912, 0.33728370, 0.34919921, 0.34926879, 0.34928811, 0.34929350, 0.83758887E-2
0.86045206E-1, 0.73002465E-1, 0.21902930E-1, 0.28792620, 0.0000000, 0.0000000, 0.16075075, 1.9232422, 8.3419771, 19.841993, 19.854351, 19.857784, 19.858709, 0.25287303, 0.24997033, 0.24998684, 0.25160730, 0.26923117, 0.33341795, 0.34920996, 0.34927174, 0.34928891, 0.34929353, 0.21902930E-1
0.81935376E-1, 0.23371810E-1, 0.70122443E-2, 0.0000000, 0.0000000, 0.0000000, 0.10648370, 1.7641544, 8.0934620, 19.843151, 19.854664, 19.857855, 19.858709, 0.24890120, 0.24997033, 0.24998684, 0.25106475, 0.26764092, 0.33093363, 0.34921575, 0.34927332, 0.34928927, 0.34929353, 0.70122443E-2
0.81575930E-1, 0.19031132E-1, 0.57099108E-2, 0.0000000, 0.0000000, 0.0000000, 0.16021729E-1, 1.3201088, 7.3634949, 19.841936, 19.854357, 19.857758, 19.858688, 0.24890120, 0.24997033, 0.24998684, 0.25016022, 0.26320082, 0.32363445, 0.34920967, 0.34927177, 0.34928879, 0.34929344, 0.57099108E-2
0.82358129E-1, 0.28476970E-1, 0.85439458E-2, 0.65660477E-1, 0.0000000, 0.0000000, 0.0000000, 1.1654943, 7.0562677, 19.843769, 19.854822, 19.857874, 19.858709, 0.25065359, 0.24997033, 0.24998684, 0.24999005, 0.26165333, 0.32055944, 0.34921885, 0.34927410, 0.34928936, 0.34929353, 0.85439458E-2
0.12471668, 0.54000247, 0.16201694, 1.4835805, 1.4367580, 2.1318822, 2.5288284, 1.1282921, 6.9865804, 19.843536, 19.854780, 19.857861, 19.858709, 0.26483375, 0.26436639, 0.27131793, 0.27528808, 0.26128286, 0.31986570, 0.34921768, 0.34927389, 0.34928930, 0.34929353, 0.16201694
0.10036766, 0.24596158, 0.73795855E-1, 0.36132336, 0.66958666, 1.5720993, 2.3419590, 1.0626137, 6.8856950, 19.840290, 19.853939, 19.857647, 19.858664, 0.25361302, 0.25669566, 0.26572075, 0.27341950, 0.26062611, 0.31885692, 0.34920144, 0.34926969, 0.34928823, 0.34929332, 0.73795855E-1
0.89213923E-1, 0.11126813, 0.33383776E-1, 0.0000000, 0.21122098, 1.0478646, 2.1489410, 1.0056853, 6.7686815, 19.840981, 19.854097, 19.857702, 19.858709, 0.24989405, 0.25211072, 0.26047498, 0.27148789, 0.26005650, 0.31768602, 0.34920490, 0.34927049, 0.34928852, 0.34929353, 0.33383776E-1
0.84112160E-1, 0.49658809E-1, 0.14899133E-1, 0.0000000, 0.0000000, 0.33788383, 1.7447263, 0.88861287, 6.5309157, 19.839302, 19.853649, 19.857590, 19.858669, 0.24989405, 0.24986145, 0.25337794, 0.26744634, 0.25888589, 0.31530860, 0.34919649, 0.34926826, 0.34928796, 0.34929335, 0.14899133E-1
0.82337692E-1, 0.28230183E-1, 0.84699020E-2, 0.0000000, 0.0000000, 0.29271841E-1, 1.2713701, 0.74773133, 6.1922393, 19.839502, 19.853708, 19.857635, 19.858704, 0.24989405, 0.24986145, 0.25029251, 0.26271191, 0.25747678, 0.31192094, 0.34919751, 0.34926856, 0.34928817, 0.34929353, 0.84699020E-2
0.81938043E-1, 0.23404012E-1, 0.70219059E-2, 0.0000000, 0.0000000, 0.14692545E-2, 1.0108203, 0.66668093, 5.9378057, 19.843658, 19.854818, 19.857918, 19.858709, 0.24989405, 0.24986145, 0.25001466, 0.26010451, 0.25666559, 0.30937442, 0.34921831, 0.34927410, 0.34928960, 0.34929353, 0.70219059E-2
0.81497036E-1, 0.18078389E-1, 0.54240590E-2, 0.0000000, 0.0000000, 0.0000000, 0.62927902, 0.52177012, 5.5100327, 19.843313, 19.854746, 19.857901, 19.858698, 0.24989405, 0.24986145, 0.24999769, 0.25628945, 0.25521633, 0.30509546, 0.34921658, 0.34927374, 0.34928951, 0.34929350, 0.54240590E-2
0.10545772, 0.30742961, 0.92238113E-1, 1.7564982, 0.0000000, 0.0000000, 0.41699708, 0.42496920, 5.1629014, 19.844826, 19.855158, 19.858021, 19.858709, 0.26755366, 0.24986145, 0.24999769, 0.25416982, 0.25424960, 0.30162868, 0.34922412, 0.34927580, 0.34929010, 0.34929353, 0.92238113E-1
0.81050992E-1, 0.12691923E-1, 0.38079577E-2, 0.0000000, 0.0000000, 0.0000000, 0.27230680, 0.34657419, 4.9423513, 19.841585, 19.854317, 19.857794, 19.858664, 0.24999568, 0.24986145, 0.24999769, 0.25272307, 0.25346574, 0.29942352, 0.34920794, 0.34927160, 0.34928897, 0.34929332, 0.38079577E-2
0.80782548E-1, 0.94501264E-2, 0.28353215E-2, 0.0000000, 0.0000000, 0.0000000, 0.97692013E-1, 0.22561550, 4.4091516, 19.840633, 19.854063, 19.857708, 19.858692, 0.24968359, 0.24986145, 0.24999769, 0.25097603, 0.25225514, 0.29408485, 0.34920317, 0.34927031, 0.34928852, 0.34929347, 0.28353215E-2
0.80538951E-1, 0.65084752E-2, 0.19527378E-2, 0.0000000, 0.0000000, 0.0000000, 0.0000000, 0.98988414E-1, 3.6091571, 19.838871, 19.853561, 19.857571, 19.858658, 0.24968359, 0.24986145, 0.24999769, 0.24998817, 0.25098947, 0.28608635, 0.34919435, 0.34926781, 0.34928787, 0.34929329, 0.19527378E-2
0.80367140E-1, 0.44336254E-2, 0.13302207E-2, 0.0000000, 0.0000000, 0.0000000, 0.0000000, 0.14406443E-1, 2.6177168, 19.822933, 19.853220, 19.857494, 19.858675, 0.24968359, 0.24986145, 0.24999769, 0.24998817, 0.25014398, 0.27617249, 0.34911466, 0.34926611, 0.34928748, 0.34929338, 0.13302207E-2
0.80237463E-1, 0.28676207E-2, 0.86037227E-3, 0.0000000, 0.0000000, 0.0000000, 0.0000000, 0.0000000, 1.7220825, 19.788412, 19.852589, 19.857353, 19.858652, 0.24968359, 0.24986145, 0.24999769, 0.24998817, 0.24999316, 0.26720744, 0.34894207, 0.34926295, 0.34928676, 0.34929326, 0.86037227E-3
0.80133840E-1, 0.16163214E-2, 0.48494490E-3, 0.0000000, 0.0000000, 0.0000000, 0.0000000, 0.0000000, 0.97242892, 19.754982, 19.852388, 19.857319, 19.858664, 0.24968359, 0.24986145, 0.24999769, 0.24998817, 0.24999316, 0.25969890, 0.34877491, 0.34926194, 0.34928659, 0.34929332, 0.48494490E-3
0.15741366, 0.93485409, 0.28048429, 2.4961500, 2.3535132, 2.9896526, 7.6087842, 8.6052103, 9.1402769, 19.754799, 19.853849, 19.857719, 19.858709, 0.27495086, 0.27352911, 0.27989271, 0.32608590, 0.33605102, 0.34140238, 0.34877399, 0.34926924, 0.34928858, 0.34929353, 0.28048429
0.35600001, 1.0000000, 1.0000000, 9.9999990, 9.9999990, 9.9999990, 9.9999990, 9.9999990, 9.9999990, 19.999998, 19.999998, 19.999998, 19.998999, 0.34999999, 0.34999999, 0.34999999, 0.34999999, 0.34999999, 0.34999999, 0.34999999, 0.34999999, 0.34999999, 0.34999499, 1.0000000
0.35599923, 1.0000000, 0.99999714, 9.9999990, 9.9999990, 9.9999990, 9.9999990, 9.9999990, 9.9999990, 19.999998, 19.999998, 19.999998, 19.998999, 0.34999961, 0.34999976, 0.34999987, 0.34999996, 0.34999999, 0.34999999, 0.34999999, 0.34999999, 0.34999999, 0.34999499, 0.99999714
0.32935718, 1.0000000, 0.90346795, 8.4609041, 9.5039692, 9.7112226, 9.9061022, 9.9511709, 9.9804239, 19.996887, 19.999195, 19.999535, 19.975185, 0.33460903, 0.34503970, 0.34711224, 0.34906101, 0.34951171, 0.34980422, 0.34998444, 0.34999597, 0.34999767, 0.34987593, 0.90346795
0.29506087, 1.0000000, 0.77920598, 6.0943913, 9.3733940, 9.6044531, 9.8212070, 9.9012203, 9.9569540, 19.991413, 19.997757, 19.997585, 19.952724, 0.31093496, 0.34372568, 0.34604031, 0.34821120, 0.34901175, 0.34956938, 0.34995705, 0.34998879, 0.34998792, 0.34976363, 0.77920598
0.35582054, 1.0000000, 0.99934977, 9.9921026, 9.9952679, 9.9976339, 9.9995251, 9.9997606, 9.9999189, 19.999998, 19.999998, 19.999998, 19.994993, 0.34991056, 0.34994641, 0.34997320, 0.34999463, 0.34999728, 0.34999907, 0.34999999, 0.34999999, 0.34999999, 0.34997496, 0.99934977
0.35436821, 1.0000000, 0.99408758, 9.9976549, 9.9210005, 9.7870607, 9.9409342, 9.9697371, 9.9886494, 19.998831, 19.999701, 19.999834, 19.982075, 0.34997615, 0.34920976, 0.34787050, 0.34940931, 0.34969738, 0.34988648, 0.34999415, 0.34999850, 0.34999916, 0.34991038, 0.99408758
0.33776033, 1.0000000, 0.93391412, 9.0072546, 9.5990210, 9.7314939, 9.9042711, 9.9490871, 9.9803448, 19.998020, 19.999481, 19.998709, 19.959164, 0.34007007, 0.34598863, 0.34731415, 0.34904256, 0.34949079, 0.34980342, 0.34999010, 0.34999740, 0.34999353, 0.34979582, 0.93391412
0.34134465, 1.0000000, 0.94690090, 9.2491932, 9.6014814, 9.7762871, 9.9366817, 9.9675369, 9.9876108, 19.998520, 19.999617, 19.999805, 19.982063, 0.34249157, 0.34601459, 0.34776276, 0.34936678, 0.34967536, 0.34987611, 0.34999260, 0.34999809, 0.34999901, 0.34991032, 0.94690090
0.31746256, 1.0000000, 0.86037159, 7.6576862, 9.4400349, 9.6584835, 9.8675194, 9.9289904, 9.9708509, 19.995358, 19.998795, 19.998524, 19.959116, 0.32656759, 0.34439349, 0.34658131, 0.34867448, 0.34928954, 0.34970838, 0.34997678, 0.34999397, 0.34999263, 0.34979558, 0.86037159
0.27499220, 1.0000000, 0.70649344, 4.7167521, 9.2838793, 9.5388308, 9.7767019, 9.8732386, 9.9440584, 19.989532, 19.997261, 19.994965, 19.938234, 0.29716173, 0.34283194, 0.34538478, 0.34776631, 0.34873202, 0.34944046, 0.34994766, 0.34998631, 0.34997481, 0.34969118, 0.70649344
0.23302074, 1.0000000, 0.55442291, 2.5624812, 7.8559289, 9.4563932, 9.7042093, 9.8228531, 9.9170570, 19.983488, 19.995596, 19.988588, 19.920238, 0.27562234, 0.32855472, 0.34456119, 0.34704152, 0.34822822, 0.34917048, 0.34991744, 0.34997797, 0.34994295, 0.34960121, 0.55442291
0.20839046, 1.0000000, 0.46518281, 1.8410563, 6.0685954, 9.4875956, 9.7016554, 9.8133335, 9.9072227, 19.979895, 19.994305, 19.979485, 19.905401, 0.26840904, 0.31068292, 0.34487361, 0.34701607, 0.34813309, 0.34907213, 0.34989947, 0.34997153, 0.34989741, 0.34952700, 0.46518281
0.20125249, 1.0000000, 0.43932056, 1.6779810, 5.3992271, 9.6287336, 9.7641344, 9.8454037, 9.9177465, 19.979317, 19.993280, 19.968105, 19.893604, 0.26677939, 0.30399144, 0.34628659, 0.34764120, 0.34845394, 0.34917745, 0.34989658, 0.34996641, 0.34984052, 0.34946802, 0.43932056
0.20618862, 1.0000000, 0.45720512, 2.5743008, 4.5256763, 9.5834751, 9.7572317, 9.8426743, 9.9158659, 19.976818, 19.990803, 19.954880, 19.884495, 0.27574039, 0.29525399, 0.34583184, 0.34757173, 0.34842646, 0.34915856, 0.34988409, 0.34995401, 0.34977439, 0.34942248, 0.45720512
0.19399504, 1.0000000, 0.41302550, 2.1679430, 3.7280974, 9.5892038, 9.7616282, 9.8451862, 9.9166145, 19.975113, 19.987127, 19.940983, 19.877615, 0.27167317, 0.28727454, 0.34588376, 0.34761459, 0.34845099, 0.34916586, 0.34987557, 0.34993565, 0.34970492, 0.34938806, 0.41302550
0.17238908, 1.0000000, 0.33474299, 1.3427854, 2.7950704, 9.0011673, 9.6999865, 9.8099365, 9.9005108, 19.969891, 19.980722, 19.927034, 19.872406, 0.26342526, 0.27794746, 0.34000641, 0.34699872, 0.34809878, 0.34900492, 0.34984946, 0.34990361, 0.34963518, 0.34936202, 0.33474299
0.15345623, 0.88706374, 0.26614574, 0.62727034, 2.1992803, 8.0152292, 9.6643600, 9.7860146, 9.8876553, 19.964422, 19.972212, 19.914045, 19.868576, 0.25627038, 0.27198789, 0.33014336, 0.34664145, 0.34785905, 0.34887618, 0.34982210, 0.34986106, 0.34957021, 0.34934288, 0.26614574
0.13765368, 0.69623077, 0.20889013, 0.94753504E-1, 1.6787440, 7.0180650, 9.6459274, 9.7722425, 9.8793716, 19.959354, 19.961969, 19.902565, 19.865805, 0.25094730, 0.26678500, 0.32017556, 0.34645787, 0.34772170, 0.34879348, 0.34979677, 0.34980986, 0.34951282, 0.34932902, 0.20889013
0.13117293, 0.61796874, 0.18540916, 0.0000000, 1.4082849, 6.3013225, 9.6774731, 9.7888298, 9.8857269, 19.956945, 19.951096, 19.893015, 19.863846, 0.24999315, 0.26408017, 0.31300721, 0.34677288, 0.34788737, 0.34885696, 0.34978473, 0.34975547, 0.34946507, 0.34931922, 0.18540916
0.16416860, 1.0000000, 0.30495864, 2.0986943, 2.1594553, 5.7668490, 9.7054214, 9.8058529, 9.8933697, 19.954056, 19.939472, 19.885185, 19.862450, 0.27098277, 0.27159196, 0.30766505, 0.34705305, 0.34805793, 0.34893349, 0.34977028, 0.34969735, 0.34942591, 0.34931225, 0.30495864
0.14691380, 0.80805665, 0.24244125, 1.3509870, 1.7057568, 5.0082874, 9.6686058, 9.7858591, 9.8850822, 19.947903, 19.927120, 19.878775, 19.861414, 0.26350632, 0.26705489, 0.30007893, 0.34668455, 0.34785783, 0.34885055, 0.34973952, 0.34963560, 0.34939387, 0.34930706, 0.24244125
0.14761536, 0.81652892, 0.24498318, 1.4914453, 1.6659170, 4.7674122, 9.7576466, 9.8349304, 9.9044952, 19.943771, 19.916069, 19.873941, 19.860731, 0.26490802, 0.26665485, 0.29766795, 0.34757394, 0.34834802, 0.34904453, 0.34971887, 0.34958035, 0.34936970, 0.34930366, 0.24498318
0.14520665, 0.78744113, 0.23625597, 1.6222119, 1.3959706, 4.2941780, 9.7252979, 9.8199654, 9.8991537, 19.935976, 19.905300, 19.870058, 19.860191, 0.26622188, 0.26395959, 0.29294160, 0.34725288, 0.34819964, 0.34899154, 0.34967989, 0.34952649, 0.34935027, 0.34930095, 0.23625597
0.13426708, 0.65533388, 0.19661982, 1.1414170, 1.1393905, 3.7745717, 9.7023268, 9.8067255, 9.8929033, 19.927378, 19.895832, 19.867117, 19.859838, 0.26141241, 0.26139286, 0.28774399, 0.34702238, 0.34806681, 0.34892890, 0.34963688, 0.34947917, 0.34933558, 0.34929919, 0.19661982
0.12570351, 0.55191964, 0.16559245, 0.79051256, 0.93445182, 3.2866666, 9.6987047, 9.8032198, 9.8895597, 19.918564, 19.887829, 19.864914, 19.859570, 0.25790378, 0.25934356, 0.28286499, 0.34698606, 0.34803170, 0.34889543, 0.34959280, 0.34943914, 0.34932458, 0.34929785, 0.16559245
0.11722155, 0.44949058, 0.13486066, 0.43426156, 0.71098506, 2.9047787, 9.5443478, 9.7924967, 9.8825283, 19.908838, 19.881008, 19.863218, 19.859381, 0.25434116, 0.25710842, 0.27904487, 0.34544158, 0.34792399, 0.34882495, 0.34954420, 0.34940505, 0.34931609, 0.34929690, 0.13486066
0.10899056, 0.35009262, 0.10503829, 0.11801422, 0.46731234, 2.5364757, 9.1700449, 9.7584467, 9.8660440, 19.899422, 19.875454, 19.861969, 19.859251, 0.25117972, 0.25467214, 0.27536210, 0.34169853, 0.34758344, 0.34866008, 0.34949711, 0.34937727, 0.34930986, 0.34929627, 0.10503829
0.10259567, 0.27286729, 0.81868380E-1, 0.0000000, 0.18442571, 2.0627947, 8.6367226, 9.7104635, 9.8411436, 19.889204, 19.870649, 19.860947, 19.859169, 0.24996577, 0.25184405, 0.27062678, 0.33636624, 0.34710410, 0.34841126, 0.34944603, 0.34935325, 0.34930474, 0.34929585, 0.81868380E-1
0.99029735E-1, 0.22980472, 0.68948314E-1, 0.0000000, 0.47564507E-2, 1.6729742, 8.0853491, 9.6939869, 9.8290844, 19.880894, 19.867046, 19.860229, 19.859104, 0.24996577, 0.25004756, 0.26672944, 0.33085319, 0.34693968, 0.34829080, 0.34940445, 0.34933522, 0.34930116, 0.34929553, 0.68948314E-1
0.96517690E-1, 0.19946909, 0.59846714E-1, 0.0000000, 0.0000000, 1.2275547, 7.3529649, 9.6493874, 9.8058062, 19.873602, 19.864204, 19.859674, 19.859034, 0.24996577, 0.24999860, 0.26227430, 0.32352817, 0.34649289, 0.34805772, 0.34936801, 0.34932101, 0.34929836, 0.34929517, 0.59846714E-1
0.12162638, 0.50268382, 0.15082023, 1.8947542, 0.0000000, 1.0453910, 6.9745297, 9.7199869, 9.8302240, 19.865829, 19.861586, 19.859156, 19.858946, 0.26894435, 0.24999860, 0.26045337, 0.31974459, 0.34719935, 0.34830207, 0.34932914, 0.34930792, 0.34929579, 0.34929472, 0.15082023
0.10625862, 0.31710133, 0.95139913E-1, 0.87823570, 0.0000000, 0.80650747, 6.5679955, 9.7170649, 9.8280745, 19.858084, 19.859200, 19.858673, 19.858828, 0.25877109, 0.24999860, 0.25806198, 0.31567490, 0.34716693, 0.34827948, 0.34929043, 0.34929600, 0.34929335, 0.34929413, 0.95139913E-1
0.95176041E-1, 0.18326719, 0.54985657E-1, 0.16665161, 0.0000000, 0.58863759, 6.1307020, 9.7022982, 9.8211365, 19.852745, 19.857586, 19.858324, 19.858757, 0.25166219, 0.24999860, 0.25588179, 0.31129748, 0.34701544, 0.34820881, 0.34926373, 0.34928793, 0.34929162, 0.34929377, 0.54985657E-1
0.91412053E-1, 0.13781294, 0.41348018E-1, 0.0000000, 0.0000000, 0.35520196, 5.5475492, 9.6562538, 9.8004284, 19.848358, 19.856277, 19.858072, 19.858709, 0.24996702, 0.24999860, 0.25354952, 0.30546764, 0.34655568, 0.34800196, 0.34924179, 0.34928137, 0.34929037, 0.34929353, 0.41348018E-1
0.90044260E-1, 0.12129539, 0.36392257E-1, 0.0000000, 0.0000000, 0.15556514, 4.9070945, 9.6336870, 9.7878981, 19.844780, 19.855240, 19.857883, 19.858669, 0.24996702, 0.24999860, 0.25155407, 0.29906100, 0.34632710, 0.34787568, 0.34922391, 0.34927619, 0.34928942, 0.34929335, 0.36392257E-1
0.88868752E-1, 0.10709982, 0.32133158E-1, 0.0000000, 0.0000000, 0.0000000, 4.2696304, 9.6260443, 9.7825947, 19.842112, 19.854496, 19.857718, 19.858675, 0.24996702, 0.24999860, 0.24999969, 0.29268381, 0.34624636, 0.34782118, 0.34921056, 0.34927249, 0.34928858, 0.34929338, 0.32133158E-1
0.88247798E-1, 0.99601157E-1, 0.29883336E-1, 0.0000000, 0.0000000, 0.0000000, 3.5387621, 9.5914259, 9.7661247, 19.840298, 19.853968, 19.857622, 19.858675, 0.24996702, 0.24999860, 0.24999969, 0.28538164, 0.34590611, 0.34765849, 0.34920150, 0.34926984, 0.34928811, 0.34929338, 0.29883336E-1
0.87772898E-1, 0.93866192E-1, 0.28162675E-1, 0.0000000, 0.0000000, 0.0000000, 2.9879303, 9.5430050, 9.7746592, 19.841320, 19.854193, 19.857719, 19.858709, 0.24996702, 0.24999860, 0.24999969, 0.27987409, 0.34542173, 0.34774375, 0.34920660, 0.34927097, 0.34928858, 0.34929353, 0.28162675E-1
0.87462842E-1, 0.90121910E-1, 0.27039278E-1, 0.0000000, 0.0000000, 0.0000000, 2.8014481, 9.1658974, 9.7769995, 19.841845, 19.854322, 19.857759, 19.858709, 0.24996702, 0.24999860, 0.24999969, 0.27801028, 0.34165210, 0.34776756, 0.34920922, 0.34927160, 0.34928879, 0.34929353, 0.27039278E-1
0.87192178E-1, 0.86853407E-1, 0.26058629E-1, 0.0000000, 0.0000000, 0.0000000, 2.6408613, 8.8310766, 9.7852640, 19.842222, 19.854416, 19.857771, 19.858709, 0.24996702, 0.24999860, 0.24999969, 0.27640310, 0.33830157, 0.34784925, 0.34921110, 0.34927207, 0.34928885, 0.34929353, 0.26058629E-1
0.86913891E-1, 0.83492748E-1, 0.25050331E-1, 0.0000000, 0.0000000, 0.0000000, 2.4752975, 8.4896116, 9.7843637, 19.842262, 19.854416, 19.857771, 19.858709, 0.24996702, 0.24999860, 0.24999969, 0.27474931, 0.33488983, 0.34784123, 0.34921131, 0.34927207, 0.34928885, 0.34929353, 0.25050331E-1
0.86641625E-1, 0.80204815E-1, 0.24063852E-1, 0.0000000, 0.0000000, 0.0000000, 2.3175507, 8.1472015, 9.7834263, 19.842793, 19.854546, 19.857807, 19.858709, 0.24996702, 0.24999860, 0.24999969, 0.27317330, 0.33146816, 0.34783271, 0.34921396, 0.34927273, 0.34928903, 0.34929353, 0.24063852E-1
0.86360671E-1, 0.76811999E-1, 0.23045905E-1, 0.0000000, 0.0000000, 0.0000000, 2.1630406, 7.7807999, 9.7755871, 19.844561, 19.855047, 19.857937, 19.858709, 0.24996702, 0.24999860, 0.24999969, 0.27162677, 0.32780144, 0.34775314, 0.34922281, 0.34927523, 0.34928969, 0.34929353, 0.23045905E-1
0.86118497E-1, 0.73887527E-1, 0.22168476E-1, 0.0000000, 0.0000000, 0.0000000, 2.0353615, 7.4489722, 9.7797680, 19.846464, 19.855547, 19.858095, 19.858709, 0.24996702, 0.24999860, 0.24999969, 0.27035207, 0.32448688, 0.34779647, 0.34923232, 0.34927773, 0.34929049, 0.34929353, 0.22168476E-1
0.10902718, 0.35053471, 0.10517094, 1.6657531, 0.0000000, 0.0000000, 2.0017533, 7.3269844, 9.8276901, 19.847418, 19.855831, 19.858177, 19.858709, 0.26665232, 0.24999860, 0.24999969, 0.27001715, 0.32326916, 0.34827662, 0.34923708, 0.34927917, 0.34929088, 0.34929353, 0.10517094
0.10061167, 0.24890834, 0.74679971E-1, 1.0645449, 0.0000000, 0.0000000, 1.9340724, 7.1942034, 9.8371153, 19.846340, 19.855572, 19.858084, 19.858709, 0.26063374, 0.24999860, 0.24999969, 0.26933944, 0.32193965, 0.34837008, 0.34923169, 0.34927785, 0.34929043, 0.34929353, 0.74679971E-1
0.89098915E-1, 0.10987934, 0.32967102E-1, 0.24335384, 0.0000000, 0.0000000, 1.8113613, 6.9889235, 9.8189840, 19.843277, 19.854769, 19.857883, 19.858683, 0.25242832, 0.24999860, 0.24999969, 0.26811129, 0.31988475, 0.34818771, 0.34921640, 0.34927386, 0.34928942, 0.34929341, 0.32967102E-1
0.85437261E-1, 0.65660864E-1, 0.19700229E-1, 0.0000000, 0.0000000, 0.0000000, 1.6269475, 6.6234002, 9.7736149, 19.840864, 19.854137, 19.857700, 19.858675, 0.24989641, 0.24999860, 0.24999969, 0.26626563, 0.31622615, 0.34773231, 0.34920433, 0.34927070, 0.34928849, 0.34929338, 0.19700229E-1
0.85078478E-1, 0.61328139E-1, 0.18400282E-1, 0.0000000, 0.0000000, 0.0000000, 1.4228761, 6.1748509, 9.7446051, 19.838305, 19.853426, 19.857523, 19.858658, 0.24989641, 0.24999860, 0.24999969, 0.26422447, 0.31173921, 0.34744117, 0.34919152, 0.34926713, 0.34928763, 0.34929329, 0.18400282E-1
0.84746361E-1, 0.57317518E-1, 0.17196976E-1, 0.0000000, 0.0000000, 0.0000000, 1.2427151, 5.7356706, 9.7390900, 19.836798, 19.852989, 19.857424, 19.858675, 0.24989641, 0.24999860, 0.24999969, 0.26242122, 0.30734301, 0.34738314, 0.34918398, 0.34926495, 0.34928712, 0.34929338, 0.17196976E-1
0.84416993E-1, 0.53340025E-1, 0.16003609E-1, 0.0000000, 0.0000000, 0.0000000, 1.0699242, 5.2868299, 9.7321548, 19.835812, 19.852728, 19.857353, 19.858669, 0.24989641, 0.24999860, 0.24999969, 0.26069590, 0.30286008, 0.34731650, 0.34917906, 0.34926364, 0.34928676, 0.34929335, 0.16003609E-1
0.84089756E-1, 0.49388304E-1, 0.14817974E-1, 0.0000000, 0.0000000, 0.0000000, 0.90597570, 4.8269515, 9.7242184, 19.835281, 19.852552, 19.857325, 19.858669, 0.24989641, 0.24999860, 0.24999969, 0.25905660, 0.29826111, 0.34723654, 0.34917641, 0.34926277, 0.34928662, 0.34929335, 0.14817974E-1
0.83823711E-1, 0.46175443E-1, 0.13854018E-1, 0.0000000, 0.0000000, 0.0000000, 0.77125728, 4.4486904, 9.7399082, 19.834610, 19.852365, 19.857283, 19.858669, 0.24989641, 0.24999860, 0.24999969, 0.25770929, 0.29447746, 0.34739220, 0.34917304, 0.34926182, 0.34928641, 0.34929335, 0.13854018E-1
0.83535209E-1, 0.42691559E-1, 0.12808749E-1, 0.0000000, 0.0000000, 0.0000000, 0.62211454, 4.0532174, 9.7318554, 19.832756, 19.851864, 19.857164, 19.858652, 0.24989641, 0.24999860, 0.24999969, 0.25621751, 0.29052028, 0.34730905, 0.34916377, 0.34925932, 0.34928581, 0.34929326, 0.12808749E-1
0.83226994E-1, 0.38969461E-1, 0.11692008E-1, 0.0000000, 0.0000000, 0.0000000, 0.46917796, 3.6196599, 9.7166491, 19.830826, 19.851334, 19.857031, 19.858635, 0.24989641, 0.24999860, 0.24999969, 0.25468785, 0.28618544, 0.34715673, 0.34915406, 0.34925666, 0.34928516, 0.34929317, 0.11692008E-1
0.82921982E-1, 0.35286114E-1, 0.10586893E-1, 0.0000000, 0.0000000, 0.0000000, 0.32477379, 3.1746502, 9.7059860, 19.829165, 19.850857, 19.856918, 19.858604, 0.24989641, 0.24999860, 0.24999969, 0.25324523, 0.28173825, 0.34705168, 0.34914580, 0.34925428, 0.34928459, 0.34929302, 0.10586893E-1
0.82644582E-1, 0.31936184E-1, 0.95818136E-2, 0.0000000, 0.0000000, 0.0000000, 0.18812418, 2.8381734, 9.5271769, 19.827953, 19.850487, 19.856836, 19.858574, 0.24989641, 0.24999860, 0.24999969, 0.25187659, 0.27837169, 0.34526163, 0.34913957, 0.34925240, 0.34928417, 0.34929287, 0.95818136E-2
0.82416385E-1, 0.29180540E-1, 0.87550376E-2, 0.0000000, 0.0000000, 0.0000000, 0.72678924E-1, 2.6067824, 9.2578249, 19.827499, 19.850338, 19.856802, 19.858557, 0.24989641, 0.24999860, 0.24999969, 0.25072628, 0.27605858, 0.34256729, 0.34913749, 0.34925169, 0.34928399, 0.34929278, 0.87550376E-2
0.82225338E-1, 0.26873359E-1, 0.80628144E-2, 0.0000000, 0.0000000, 0.0000000, 0.0000000, 2.3817301, 8.9839849, 19.827070, 19.850208, 19.856775, 19.858536, 0.24989641, 0.24999860, 0.24999969, 0.24999976, 0.27380887, 0.33982968, 0.34913528, 0.34925100, 0.34928387, 0.34929270, 0.80628144E-2
0.82108028E-1, 0.25456771E-1, 0.76377951E-2, 0.0000000, 0.0000000, 0.0000000, 0.0000000, 2.1842062, 8.7265577, 19.828053, 19.850431, 19.856829, 19.858547, 0.24989641, 0.24999860, 0.24999969, 0.24999976, 0.27183378, 0.33725455, 0.34914026, 0.34925216, 0.34928414, 0.34929273, 0.76377951E-2
0.81974119E-1, 0.23839662E-1, 0.71526142E-2, 0.0000000, 0.0000000, 0.0000000, 0.0000000, 1.9628495, 8.4195986, 19.829500, 19.850821, 19.856932, 19.858574, 0.24989641, 0.24999860, 0.24999969, 0.24999976, 0.26962191, 0.33418655, 0.34914750, 0.34925410, 0.34928465, 0.34929287, 0.71526142E-2
0.81879720E-1, 0.22699708E-1, 0.68105939E-2, 0.0000000, 0.0000000, 0.0000000, 0.0000000, 1.8113583, 8.1889648, 19.832325, 19.851582, 19.857153, 19.858629, 0.24989641, 0.24999860, 0.24999969, 0.24999976, 0.26810947, 0.33188346, 0.34916162, 0.34925792, 0.34928578, 0.34929314, 0.68105939E-2
0.81759945E-1, 0.21253219E-1, 0.63766036E-2, 0.0000000, 0.0000000, 0.0000000, 0.0000000, 1.6200513, 7.8941784, 19.833048, 19.851799, 19.857201, 19.858658, 0.24989641, 0.24999860, 0.24999969, 0.24999976, 0.26619807, 0.32893786, 0.34916523, 0.34925899, 0.34928602, 0.34929329, 0.63766036E-2
0.81652142E-1, 0.19951420E-1, 0.59860246E-2, 0.0000000, 0.0000000, 0.0000000, 0.0000000, 1.4531553, 7.6136031, 19.834755, 19.852293, 19.857332, 19.858698, 0.24989641, 0.24999860, 0.24999969, 0.24999976, 0.26452941, 0.32613227, 0.34917378, 0.34926146, 0.34928668, 0.34929350, 0.59860246E-2
0.81552915E-1, 0.18753145E-1, 0.56265062E-2, 0.0000000, 0.0000000, 0.0000000, 0.0000000, 1.3001263, 7.3536968, 19.834373, 19.852219, 19.857319, 19.858669, 0.24989641, 0.24999860, 0.24999969, 0.24999976, 0.26299909, 0.32353285, 0.34917188, 0.34926111, 0.34928659, 0.34929335, 0.56265062E-2
0.81466854E-1, 0.17713862E-1, 0.53146901E-2, 0.0000000, 0.0000000, 0.0000000, 0.0000000, 1.1692345, 7.1241474, 19.833679, 19.852064, 19.857265, 19.858675, 0.24989641, 0.24999860, 0.24999969, 0.24999976, 0.26168743, 0.32123151, 0.34916839, 0.34926033, 0.34928632, 0.34929338, 0.53146901E-2
0.81368789E-1, 0.16529618E-1, 0.49593812E-2, 0.0000000, 0.0000000, 0.0000000, 0.0000000, 1.0247856, 6.8452134, 19.833725, 19.852095, 19.857283, 19.858683, 0.24989641, 0.24999860, 0.24999969, 0.24999976, 0.26024631, 0.31844869, 0.34916863, 0.34926048, 0.34928641, 0.34929341, 0.49593812E-2
0.84167242E-1, 0.50324012E-1, 0.15098713E-1, 0.20586848, 0.0000000, 0.0000000, 0.0000000, 0.98125637, 6.7424741, 19.837173, 19.853008, 19.857525, 19.858709, 0.25205117, 0.24999860, 0.24999969, 0.24999976, 0.25981149, 0.31742230, 0.34918588, 0.34926504, 0.34928763, 0.34929353, 0.15098713E-1
0.81360169E-1, 0.16425572E-1, 0.49281646E-2, 0.41693449E-2, 0.0000000, 0.0000000, 0.0000000, 0.93533099, 6.6350727, 19.839577, 19.853682, 19.857719, 19.858709, 0.25004157, 0.24999860, 0.24999969, 0.24999976, 0.25935242, 0.31634861, 0.34919789, 0.34926841, 0.34928858, 0.34929353, 0.49281646E-2
0.81233211E-1, 0.14892397E-1, 0.44681658E-2, 0.0000000, 0.0000000, 0.0000000, 0.0000000, 0.83466768, 6.4332733, 19.837782, 19.853237, 19.857571, 19.858669, 0.24999881, 0.24999860, 0.24999969, 0.24999976, 0.25834498, 0.31432837, 0.34918892, 0.34926617, 0.34928787, 0.34929335, 0.44681658E-2
0.81149116E-1, 0.13876835E-1, 0.41634669E-2, 0.0000000, 0.0000000, 0.0000000, 0.0000000, 0.71288347, 6.1917152, 19.833944, 19.852219, 19.857307, 19.858635, 0.24999881, 0.24999860, 0.24999969, 0.24999976, 0.25712159, 0.31190455, 0.34916940, 0.34926102, 0.34928650, 0.34929317, 0.41634669E-2
0.81065066E-1, 0.12861883E-1, 0.38589509E-2, 0.0000000, 0.0000000, 0.0000000, 0.0000000, 0.59214830, 5.9487634, 19.829773, 19.851099, 19.856989, 19.858580, 0.24999881, 0.24999860, 0.24999969, 0.24999976, 0.25590459, 0.30946526, 0.34914774, 0.34925520, 0.34928486, 0.34929287, 0.38589509E-2
0.12210602, 0.50847584, 0.15255801, 2.9791803, 0.0000000, 0.0000000, 0.0000000, 0.55101514, 5.8390746, 19.833349, 19.851990, 19.857235, 19.858658, 0.27976242, 0.24999860, 0.24999969, 0.24999976, 0.25550947, 0.30839002, 0.34916669, 0.34925994, 0.34928617, 0.34929329, 0.15255801
0.20453285, 1.0000000, 0.45120597, 2.4989038, 5.6134138, 7.4588671, 9.0729637, 9.3149214, 9.5700331, 19.837446, 19.853085, 19.857513, 19.858709, 0.27498895, 0.30613402, 0.32458857, 0.34072962, 0.34314921, 0.34570032, 0.34918723, 0.34926543, 0.34928757, 0.34929353, 0.45120597
0.17463076, 1.0000000, 0.34286508, 1.7989695, 2.6839912, 8.3088999, 9.4854965, 9.6246796, 9.7589512, 19.838081, 19.853273, 19.857567, 19.858704, 0.26798871, 0.27683905, 0.33308765, 0.34485465, 0.34624663, 0.34758946, 0.34919041, 0.34926635, 0.34928784, 0.34929353, 0.34286508
0.16781712, 1.0000000, 0.31817794, 1.5675157, 2.5288820, 7.7017379, 9.6419001, 9.7355518, 9.8210630, 19.841438, 19.854176, 19.857807, 19.858709, 0.26567224, 0.27528599, 0.32701305, 0.34641793, 0.34735498, 0.34821045, 0.34920719, 0.34927088, 0.34928903, 0.34929353, 0.31817794
0.15089613, 0.85614789, 0.25687006, 0.89637935, 2.0402522, 6.8270564, 9.6363745, 9.7435036, 9.8303471, 19.840897, 19.854044, 19.857744, 19.858692, 0.25896364, 0.27040231, 0.31827024, 0.34636366, 0.34743497, 0.34830344, 0.34920448, 0.34927022, 0.34928873, 0.34929347, 0.25687006
0.13699746, 0.68830639, 0.20651257, 0.34460127, 1.6416878, 6.1015434, 9.6526470, 9.7558737, 9.8366623, 19.840137, 19.853874, 19.857672, 19.858692, 0.25344595, 0.26641670, 0.31101510, 0.34652638, 0.34755868, 0.34836659, 0.34920070, 0.34926936, 0.34928834, 0.34929347, 0.20651257
0.14036658, 0.72899204, 0.21871950, 0.83633661, 1.4377534, 5.6719432, 9.7046766, 9.7864351, 9.8496656, 19.841333, 19.854181, 19.857784, 19.858709, 0.25836095, 0.26437503, 0.30671450, 0.34704506, 0.34786350, 0.34849635, 0.34920666, 0.34927091, 0.34928891, 0.34929353, 0.21871950
0.17047244, 1.0000000, 0.32779869, 2.3621740, 2.7030139, 5.3191171, 9.7281933, 9.8015490, 9.8560982, 19.841963, 19.854368, 19.857801, 19.858709, 0.27362147, 0.27702996, 0.30319101, 0.34728187, 0.34801546, 0.34856099, 0.34920982, 0.34927183, 0.34928900, 0.34929353, 0.32779869
0.15943593, 0.95927519, 0.28781134, 1.8595368, 2.4108052, 4.9270701, 9.7257490, 9.8016596, 9.8566589, 19.842234, 19.854452, 19.857807, 19.858709, 0.26856679, 0.27409276, 0.29926178, 0.34725320, 0.34801441, 0.34856555, 0.34921101, 0.34927222, 0.34928903, 0.34929353, 0.28781134
0.14666557, 0.80505931, 0.24154195, 1.2911320, 2.0522146, 4.4473481, 9.7040100, 9.7903156, 9.8527403, 19.842152, 19.854446, 19.857801, 19.858709, 0.26290974, 0.27052063, 0.29447183, 0.34703940, 0.34790280, 0.34852728, 0.34921077, 0.34927222, 0.34928900, 0.34929353, 0.24154195
0.12898485, 0.59154540, 0.17748137, 0.51769614, 1.5410841, 3.7898519, 9.6555290, 9.7623501, 9.8406296, 19.839466, 19.853731, 19.857607, 19.858669, 0.25517595, 0.26540905, 0.28789631, 0.34655416, 0.34762293, 0.34840611, 0.34919733, 0.34926865, 0.34928805, 0.34929335, 0.17748137
0.11454649, 0.41718647, 0.12516846, 0.0000000, 1.0347039, 3.0501156, 9.6226978, 9.7413902, 9.8309212, 19.836946, 19.853054, 19.857447, 19.858658, 0.24998820, 0.26034343, 0.28049585, 0.34622365, 0.34741220, 0.34830865, 0.34918472, 0.34926528, 0.34928724, 0.34929329, 0.12516846
0.10937243, 0.35470396, 0.10642184, 0.0000000, 0.64457357, 2.6470125, 9.2918692, 9.7332773, 9.8275318, 19.836575, 19.852926, 19.857424, 19.858675, 0.24998820, 0.25644425, 0.27646708, 0.34291655, 0.34733164, 0.34827492, 0.34918287, 0.34926462, 0.34928712, 0.34929338, 0.10642184
0.10688793, 0.32470095, 0.97420029E-1, 0.0000000, 0.46372414, 2.4603128, 9.0168676, 9.7581644, 9.8385401, 19.839119, 19.853592, 19.857635, 19.858709, 0.24998820, 0.25463679, 0.27460191, 0.34016779, 0.34758118, 0.34838524, 0.34919560, 0.34926796, 0.34928817, 0.34929353, 0.97420029E-1
0.10234412, 0.26982951, 0.80956951E-1, 0.0000000, 0.95298886E-1, 2.1669416, 8.6863422, 9.7474174, 9.8326759, 19.836515, 19.852926, 19.857483, 19.858658, 0.24998820, 0.25095287, 0.27166817, 0.33686242, 0.34747359, 0.34832656, 0.34918258, 0.34926462, 0.34928742, 0.34929329, 0.80956951E-1
0.10019656, 0.24389547, 0.73175959E-1, 0.0000000, 0.0000000, 1.9089550, 8.3583727, 9.7460527, 9.8317947, 19.835804, 19.852730, 19.857447, 19.858688, 0.24998820, 0.24999616, 0.26904982, 0.33356106, 0.34744856, 0.34831241, 0.34917822, 0.34926343, 0.34928718, 0.34929344, 0.73175959E-1
0.98576054E-1, 0.22432601, 0.67304537E-1, 0.0000000, 0.0000000, 1.5981138, 7.9473920, 9.7216749, 9.8226147, 19.835545, 19.852650, 19.857424, 19.858683, 0.24998820, 0.24999616, 0.26597947, 0.32947224, 0.34721574, 0.34822577, 0.34917772, 0.34926325, 0.34928712, 0.34929341, 0.67304537E-1
0.97214021E-1, 0.20787804, 0.62369648E-1, 0.0000000, 0.0000000, 1.3471961, 7.5569406, 9.7208824, 9.8222618, 19.836044, 19.852779, 19.857456, 19.858692, 0.24998820, 0.24999616, 0.26347116, 0.32556850, 0.34720826, 0.34822240, 0.34918022, 0.34926391, 0.34928727, 0.34929347, 0.62369648E-1
0.96024007E-1, 0.19350725, 0.58057982E-1, 0.0000000, 0.0000000, 1.1344731, 7.1825199, 9.7238464, 9.8240252, 19.837194, 19.853067, 19.857542, 19.858709, 0.24998820, 0.24999616, 0.26134253, 0.32182240, 0.34723657, 0.34823963, 0.34918597, 0.34926534, 0.34928772, 0.34929353, 0.58057982E-1
0.95295012E-1, 0.18470393, 0.55416722E-1, 0.0000000, 0.0000000, 1.0106355, 6.9049897, 9.7512693, 9.8359385, 19.839619, 19.853739, 19.857731, 19.858709, 0.24998820, 0.24999616, 0.26010507, 0.31904814, 0.34751144, 0.34835896, 0.34919810, 0.34926870, 0.34928864, 0.34929353, 0.55416722E-1
0.14612848, 0.79857314, 0.23959590, 2.6487975, 1.8454581, 0.83544552, 6.5845261, 9.7422724, 9.8330116, 19.839920, 19.853817, 19.857702, 19.858704, 0.27648443, 0.26845309, 0.25835413, 0.31584471, 0.34742233, 0.34832999, 0.34919959, 0.34926909, 0.34928852, 0.34929353, 0.23959590
0.12702501, 0.56787813, 0.17038047, 1.6381174, 1.3546884, 0.63297153, 6.2706513, 9.7431402, 9.8313618, 19.837507, 19.853195, 19.857523, 19.858664, 0.26638073, 0.26354668, 0.25632966, 0.31270644, 0.34743130, 0.34831360, 0.34918755, 0.34926599, 0.34928763, 0.34929332, 0.17038047
0.11064168, 0.37003163, 0.11102059, 0.79325438, 0.91192424, 0.44369698, 5.9527726, 9.7402544, 9.8294230, 19.836004, 19.852791, 19.857412, 19.858675, 0.25792739, 0.25911570, 0.25443611, 0.30952540, 0.34740064, 0.34829360, 0.34918001, 0.34926397, 0.34928706, 0.34929338, 0.11102059
0.99447586E-1, 0.23485072, 0.70462264E-1, 0.23626089, 0.58713257, 0.30438900, 5.6513262, 9.7422543, 9.8308821, 19.836670, 19.852966, 19.857462, 19.858704, 0.25236136, 0.25586945, 0.25304341, 0.30651146, 0.34742099, 0.34830832, 0.34918335, 0.34926483, 0.34928730, 0.34929353, 0.70462264E-1
0.92646226E-1, 0.15271696, 0.45819670E-1, 0.0000000, 0.26662648, 0.16037226, 5.3063836, 9.7248230, 9.8245773, 19.836847, 19.852989, 19.857489, 19.858688, 0.24996385, 0.25266549, 0.25160348, 0.30306229, 0.34724680, 0.34824529, 0.34918424, 0.34926495, 0.34928745, 0.34929344, 0.45819670E-1
0.89312129E-1, 0.11245407, 0.33739597E-1, 0.0000000, 0.0000000, 0.0000000, 4.7825584, 9.6624384, 9.7980957, 19.834339, 19.852329, 19.857319, 19.858646, 0.24996385, 0.24997364, 0.24999930, 0.29782391, 0.34662268, 0.34798038, 0.34917170, 0.34926164, 0.34928659, 0.34929323, 0.33739597E-1
0.88815995E-1, 0.10646277, 0.31942025E-1, 0.0000000, 0.0000000, 0.0000000, 4.1980081, 9.6381807, 9.7856073, 19.832951, 19.851952, 19.857225, 19.858646, 0.24996385, 0.24997364, 0.24999930, 0.29197586, 0.34637696, 0.34785444, 0.34916475, 0.34925976, 0.34928614, 0.34929323, 0.31942025E-1
0.88359132E-1, 0.10094559, 0.30286707E-1, 0.0000000, 0.0000000, 0.0000000, 3.6455688, 9.6391783, 9.7853079, 19.833267, 19.852007, 19.857246, 19.858664, 0.24996385, 0.24997364, 0.24999930, 0.28645295, 0.34638819, 0.34785184, 0.34916633, 0.34926003, 0.34928623, 0.34929332, 0.30286707E-1
0.88036232E-1, 0.97046249E-1, 0.29116787E-1, 0.0000000, 0.0000000, 0.0000000, 3.2311356, 9.6814423, 9.8034468, 19.835220, 19.852520, 19.857367, 19.858709, 0.24996385, 0.24997364, 0.24999930, 0.28231043, 0.34681305, 0.34803399, 0.34917611, 0.34926260, 0.34928682, 0.34929353, 0.29116787E-1
0.11194442, 0.38576359, 0.11574065, 1.7480910, 0.0000000, 0.0000000, 2.9918938, 9.6363583, 9.8183851, 19.836969, 19.852989, 19.857485, 19.858709, 0.26748025, 0.24997364, 0.24999930, 0.27991888, 0.34636346, 0.34818381, 0.34918484, 0.34926495, 0.34928742, 0.34929353, 0.11574065
0.98682247E-1, 0.22560844, 0.67689300E-1, 0.80225468, 0.0000000, 0.0000000, 2.8531699, 9.4116564, 9.8137922, 19.835979, 19.852743, 19.857418, 19.858669, 0.25802112, 0.24997364, 0.24999930, 0.27853140, 0.34411606, 0.34813774, 0.34917989, 0.34926373, 0.34928709, 0.34929335, 0.67689300E-1
0.92603959E-1, 0.15220653, 0.45666523E-1, 0.36987662, 0.0000000, 0.0000000, 2.7833433, 9.2742186, 9.8308258, 19.837587, 19.853149, 19.857555, 19.858709, 0.25369799, 0.24997364, 0.24999930, 0.27783307, 0.34274161, 0.34830806, 0.34918794, 0.34926575, 0.34928778, 0.34929353, 0.45666523E-1
0.87270133E-1, 0.87794811E-1, 0.26341077E-1, 0.0000000, 0.0000000, 0.0000000, 2.6231170, 9.0438700, 9.8139496, 19.834364, 19.852306, 19.857325, 19.858629, 0.24994157, 0.24997364, 0.24999930, 0.27622938, 0.34043562, 0.34813839, 0.34917182, 0.34926152, 0.34928662, 0.34929314, 0.26341077E-1
0.87187544E-1, 0.86797409E-1, 0.26041826E-1, 0.0000000, 0.0000000, 0.0000000, 2.5761814, 8.9310122, 9.8374605, 19.837486, 19.853127, 19.857536, 19.858709, 0.24994157, 0.24997364, 0.24999930, 0.27575830, 0.33930472, 0.34837258, 0.34918740, 0.34926564, 0.34928769, 0.34929353, 0.26041826E-1
0.15020892, 0.84784907, 0.25438017, 2.2110896, 2.8660517, 2.1401317, 2.5213242, 8.8369989, 9.8481426, 19.838448, 19.853403, 19.857603, 19.858709, 0.27211073, 0.27866036, 0.27140126, 0.27521324, 0.33836997, 0.34848142, 0.34919223, 0.34926701, 0.34928802, 0.34929353, 0.25438017
0.13082710, 0.61379242, 0.18415615, 1.2483090, 2.3316324, 1.8799514, 2.3988814, 8.7031755, 9.8395014, 19.833986, 19.852219, 19.857313, 19.858646, 0.26225752, 0.27319956, 0.26874030, 0.27395889, 0.33701608, 0.34838712, 0.34916854, 0.34926075, 0.34928647, 0.34929320, 0.18415615
0.10861436, 0.34554955, 0.10367523, 0.14999211, 1.6629905, 1.5513390, 2.2470446, 8.5334339, 9.8261795, 19.828978, 19.850868, 19.856958, 19.858553, 0.25129578, 0.26652175, 0.26545841, 0.27244282, 0.33531940, 0.34825435, 0.34914359, 0.34925401, 0.34928471, 0.34929273, 0.10367523
0.10225683, 0.26877537, 0.80640674E-1, 0.0000000, 1.2348950, 1.3341010, 2.1453142, 8.3904371, 9.8300810, 19.829113, 19.850874, 19.856960, 19.858557, 0.24999839, 0.26225737, 0.26329416, 0.27142969, 0.33389133, 0.34829435, 0.34914449, 0.34925410, 0.34928474, 0.34929276, 0.80640674E-1
0.11404367, 0.41111428, 0.12334662, 0.97610652, 1.0725647, 1.2499809, 2.1051347, 8.2995787, 9.8460722, 19.833488, 19.852013, 19.857265, 19.858641, 0.25975075, 0.26072010, 0.26249689, 0.27104998, 0.33299467, 0.34846023, 0.34916738, 0.34926006, 0.34928632, 0.34929320, 0.12334662
0.15373090, 0.89038068, 0.26714092, 2.2206264, 3.0051708, 2.8325689, 2.0689697, 8.2217989, 9.8554001, 19.836920, 19.852926, 19.857479, 19.858709, 0.27220610, 0.28005156, 0.27832562, 0.27068970, 0.33221796, 0.34855402, 0.34918460, 0.34926462, 0.34928739, 0.34929353, 0.26714092
0.13464725, 0.65992481, 0.19799724, 1.6849220, 1.8146783, 2.1873116, 2.8674603, 8.6568747, 9.8539505, 19.837988, 19.853237, 19.857584, 19.858709, 0.26684743, 0.26814562, 0.27187243, 0.27867442, 0.33656847, 0.34853938, 0.34918994, 0.34926617, 0.34928793, 0.34929353, 0.19799724
0.12727219, 0.57086313, 0.17127606, 1.3148516, 1.6068846, 2.0729394, 2.8204620, 8.5700150, 9.8570471, 19.840082, 19.853804, 19.857744, 19.858709, 0.26314700, 0.26606774, 0.27072868, 0.27820441, 0.33569986, 0.34857035, 0.34920043, 0.34926903, 0.34928873, 0.34929353, 0.17127606
0.11431341, 0.41437173, 0.12432395, 0.68666935, 1.2188077, 1.8441826, 2.7308702, 8.4361906, 9.8458223, 19.839867, 19.853767, 19.857685, 19.858704, 0.25686604, 0.26218736, 0.26844129, 0.27730855, 0.33436167, 0.34845814, 0.34919932, 0.34926885, 0.34928843, 0.34929353, 0.12432395
0.10348426, 0.28359798, 0.85087903E-1, 0.18285811, 0.87523758, 1.6268641, 2.6423275, 8.2957067, 9.8398647, 19.839819, 19.853781, 19.857660, 19.858692, 0.25182828, 0.25875148, 0.26626781, 0.27642301, 0.33295664, 0.34839848, 0.34919909, 0.34926891, 0.34928828, 0.34929347, 0.85087903E-1
0.95649742E-1, 0.18898764, 0.56701962E-1, 0.0000000, 0.41648746, 1.3090461, 2.5054841, 8.0973797, 9.8232727, 19.837446, 19.853155, 19.857489, 19.858652, 0.24999033, 0.25416443, 0.26308978, 0.27505457, 0.33097339, 0.34823254, 0.34918723, 0.34926578, 0.34928745, 0.34929326, 0.56701962E-1
0.92743494E-1, 0.15389153, 0.46172079E-1, 0.0000000, 0.17525554, 1.1221707, 2.4195762, 7.9412975, 9.8290558, 19.838329, 19.853378, 19.857573, 19.858709, 0.24999033, 0.25175217, 0.26122046, 0.27419522, 0.32941207, 0.34829021, 0.34919164, 0.34926689, 0.34928787, 0.34929353, 0.46172079E-1
0.90808809E-1, 0.13052809, 0.39162345E-1, 0.0000000, 0.22289157E-1, 0.98686218, 2.3543775, 7.8071775, 9.8370295, 19.840202, 19.853886, 19.857731, 19.858709, 0.24999033, 0.25022286, 0.25986773, 0.27354336, 0.32807106, 0.34836999, 0.34920102, 0.34926942, 0.34928864, 0.34929353, 0.39162345E-1
0.90121709E-1, 0.12223066, 0.36672868E-1, 0.0000000, 0.0000000, 0.88548362, 2.3030162, 7.7065821, 9.8473530, 19.841402, 19.854206, 19.857796, 19.858709, 0.24999981, 0.24999967, 0.25885373, 0.27302960, 0.32706487, 0.34847310, 0.34920701, 0.34927103, 0.34928897, 0.34929353, 0.36672868E-1
0.89462638E-1, 0.11427169, 0.34284934E-1, 0.0000000, 0.0000000, 0.75233579, 2.2333474, 7.5867443, 9.8453140, 19.841627, 19.854275, 19.857790, 19.858709, 0.24999981, 0.24999967, 0.25752178, 0.27233255, 0.32586586, 0.34845245, 0.34920815, 0.34927136, 0.34928894, 0.34929353, 0.34284934E-1
0.10272548, 0.27443492, 0.82338713E-1, 0.97381175, 0.0000000, 0.71893930, 2.2161067, 7.5251441, 9.8617887, 19.844349, 19.855005, 19.857973, 19.858709, 0.25973758, 0.24999967, 0.25718927, 0.27216101, 0.32525131, 0.34861782, 0.34922174, 0.34927502, 0.34928986, 0.34929353, 0.82338713E-1
0.15059468, 0.85250741, 0.25577781, 2.7529507, 2.0213068, 2.1655619, 2.6488156, 8.0917215, 9.8690882, 19.845852, 19.855431, 19.858084, 19.858709, 0.27752787, 0.27021235, 0.27165523, 0.27648807, 0.33091706, 0.34869081, 0.34922928, 0.34927714, 0.34929043, 0.34929353, 0.25577781
0.14586651, 0.79540980, 0.23864681, 1.9252270, 2.6692481, 2.1796286, 3.4235108, 9.6129274, 9.8645544, 19.844366, 19.855047, 19.857996, 19.858709, 0.26925120, 0.27669159, 0.27179593, 0.28423500, 0.34612912, 0.34864548, 0.34922183, 0.34927523, 0.34928998, 0.34929353, 0.23864681
0.11598225, 0.43452477, 0.13037047, 0.45976341, 1.7841280, 1.7460376, 2.9863148, 9.6531429, 9.8304033, 19.834187, 19.852377, 19.857288, 19.858562, 0.25450054, 0.26778939, 0.26743397, 0.27984992, 0.34652412, 0.34830046, 0.34917033, 0.34926173, 0.34928641, 0.34929281, 0.13037047
0.99455550E-1, 0.23494695, 0.70491135E-1, 0.0000000, 0.82866549, 1.2447536, 2.7494907, 9.3857861, 9.8012180, 19.825127, 19.849888, 19.856634, 19.858452, 0.24998511, 0.25821781, 0.26241150, 0.27747673, 0.34384713, 0.34800705, 0.34912482, 0.34924921, 0.34928310, 0.34929225, 0.70491135E-1
0.91317594E-1, 0.13667221, 0.41005764E-1, 0.0000000, 0.10294318, 0.79349875, 2.5189610, 9.0638552, 9.7833805, 19.821016, 19.848656, 19.856298, 19.858381, 0.24998511, 0.25102293, 0.25792944, 0.27518648, 0.34063485, 0.34783238, 0.34910503, 0.34924325, 0.34928149, 0.34929192, 0.41005764E-1
0.88670798E-1, 0.10470931, 0.31415936E-1, 0.0000000, 0.0000000, 0.43784082, 2.3042977, 8.7021599, 9.7728186, 19.820871, 19.848499, 19.856262, 19.858418, 0.24998511, 0.24998923, 0.25437644, 0.27304092, 0.33701771, 0.34772673, 0.34910434, 0.34924251, 0.34928131, 0.34929210, 0.31415936E-1
0.87051213E-1, 0.85151099E-1, 0.25547884E-1, 0.0000000, 0.0000000, 0.13177395, 2.0792902, 8.3020306, 9.7617311, 19.820501, 19.848305, 19.856236, 19.858427, 0.24998511, 0.24998923, 0.25131759, 0.27079245, 0.33301941, 0.34761697, 0.34910250, 0.34924152, 0.34928119, 0.34929213, 0.25547884E-1
0.86164050E-1, 0.74437633E-1, 0.22333523E-1, 0.0000000, 0.0000000, 0.0000000, 1.8680006, 7.9006724, 9.7575397, 19.820724, 19.848305, 19.856236, 19.858433, 0.24998511, 0.24998923, 0.24999255, 0.26867962, 0.32900590, 0.34757504, 0.34910363, 0.34924152, 0.34928119, 0.34929216, 0.22333523E-1
0.85751735E-1, 0.69458455E-1, 0.20839620E-1, 0.0000000, 0.0000000, 0.0000000, 1.6061902, 7.4343057, 9.7419691, 19.817255, 19.847321, 19.856010, 19.858370, 0.24998511, 0.24998923, 0.24999255, 0.26605991, 0.32433844, 0.34741765, 0.34908628, 0.34923661, 0.34928006, 0.34929186, 0.20839620E-1
0.85606813E-1, 0.67708425E-1, 0.20314559E-1, 0.0000000, 0.0000000, 0.0000000, 1.5321374, 7.2154064, 9.7912483, 19.823927, 19.849060, 19.856476, 19.858486, 0.24998511, 0.24998923, 0.24999255, 0.26532054, 0.32215211, 0.34791160, 0.34911963, 0.34924531, 0.34928238, 0.34929243, 0.20314559E-1
0.85309044E-1, 0.64112470E-1, 0.19235665E-1, 0.0000000, 0.0000000, 0.0000000, 1.3543069, 6.8598270, 9.7676411, 19.823931, 19.849113, 19.856499, 19.858475, 0.24998511, 0.24998923, 0.24999255, 0.26354197, 0.31859547, 0.34767509, 0.34911966, 0.34924558, 0.34928250, 0.34929237, 0.19235665E-1
0.85118793E-1, 0.61815035E-1, 0.18546365E-1, 0.0000000, 0.0000000, 0.0000000, 1.2517810, 6.5995898, 9.7843161, 19.827501, 19.850098, 19.856728, 19.858511, 0.24998511, 0.24998923, 0.24999255, 0.26251712, 0.31599408, 0.34784228, 0.34913751, 0.34925050, 0.34928364, 0.34929255, 0.18546365E-1
0.84800065E-1, 0.57966016E-1, 0.17391544E-1, 0.0000000, 0.0000000, 0.0000000, 1.0643691, 6.2139897, 9.7559748, 19.825392, 19.849585, 19.856598, 19.858480, 0.24998511, 0.24998923, 0.24999255, 0.26064304, 0.31213796, 0.34755874, 0.34912696, 0.34924793, 0.34928298, 0.34929240, 0.17391544E-1
0.84471256E-1, 0.53995308E-1, 0.16200213E-1, 0.0000000, 0.0000000, 0.0000000, 0.87907016, 5.7951250, 9.7417755, 19.823629, 19.849134, 19.856476, 19.858458, 0.24998511, 0.24998923, 0.24999255, 0.25879005, 0.30794913, 0.34741658, 0.34911814, 0.34924567, 0.34928238, 0.34929228, 0.16200213E-1
0.84212773E-1, 0.50873823E-1, 0.15263674E-1, 0.0000000, 0.0000000, 0.0000000, 0.74540377, 5.4339852, 9.7537012, 19.825069, 19.849512, 19.856586, 19.858463, 0.24998511, 0.24998923, 0.24999255, 0.25745365, 0.30433846, 0.34753618, 0.34912536, 0.34924757, 0.34928292, 0.34929231, 0.15263674E-1
0.84084108E-1, 0.49320020E-1, 0.14797486E-1, 0.0000000, 0.0000000, 0.0000000, 0.67808330, 5.2439485, 9.7971163, 19.828726, 19.850491, 19.856806, 19.858511, 0.24998511, 0.24998923, 0.24999255, 0.25677934, 0.30243507, 0.34796843, 0.34914359, 0.34925246, 0.34928402, 0.34929255, 0.14797486E-1
0.83934449E-1, 0.47512766E-1, 0.14255255E-1, 0.0000000, 0.0000000, 0.0000000, 0.59149563, 5.0530448, 9.8044014, 19.830074, 19.850893, 19.856922, 19.858553, 0.24998511, 0.24998923, 0.24999255, 0.25591347, 0.30052739, 0.34804210, 0.34915033, 0.34925446, 0.34928462, 0.34929276, 0.14255255E-1
0.86552754E-1, 0.79131655E-1, 0.23741871E-1, 0.19840300, 0.0000000, 0.0000000, 0.52394569, 4.8967395, 9.8157253, 19.832174, 19.851494, 19.857105, 19.858604, 0.25198343, 0.24998923, 0.24999255, 0.25523937, 0.29896694, 0.34815696, 0.34916088, 0.34925747, 0.34928554, 0.34929302, 0.23741871E-1
0.84185861E-1, 0.50548851E-1, 0.15166172E-1, 0.33262372E-1, 0.0000000, 0.0000000, 0.47504008, 4.7775373, 9.8304586, 19.834883, 19.852259, 19.857319, 19.858669, 0.25033203, 0.24998923, 0.24999255, 0.25474989, 0.29777282, 0.34830281, 0.34917441, 0.34926128, 0.34928659, 0.34929335, 0.15166172E-1
0.83597325E-1, 0.43441582E-1, 0.13033778E-1, 0.0000000, 0.0000000, 0.0000000, 0.39844215, 4.6190543, 9.8205776, 19.835020, 19.852365, 19.857332, 19.858692, 0.24999885, 0.24998923, 0.24999255, 0.25398412, 0.29618877, 0.34820449, 0.34917510, 0.34926182, 0.34928668, 0.34929347, 0.13033778E-1
0.86249284E-1, 0.75466879E-1, 0.22642327E-1, 0.19688904, 0.0000000, 0.0000000, 0.37020147, 4.5192900, 9.8391228, 19.838612, 19.853325, 19.857597, 19.858709, 0.25196671, 0.24998923, 0.24999255, 0.25370178, 0.29519141, 0.34839016, 0.34919307, 0.34926662, 0.34928799, 0.34929353, 0.22642327E-1
0.89835666E-1, 0.11877640, 0.35636485E-1, 0.45953393, 0.0000000, 0.0000000, 0.35199225, 4.4509711, 9.8565149, 19.841938, 19.854239, 19.857824, 19.858709, 0.25459516, 0.24998923, 0.24999255, 0.25351992, 0.29450965, 0.34856513, 0.34920970, 0.34927118, 0.34928912, 0.34929353, 0.35636485E-1
0.84791027E-1, 0.57856895E-1, 0.17358804E-1, 0.10077953, 0.0000000, 0.0000000, 0.29276311, 4.3485332, 9.8488321, 19.841223, 19.854082, 19.857759, 19.858709, 0.25100672, 0.24998923, 0.24999255, 0.25292745, 0.29348394, 0.34848729, 0.34920612, 0.34927040, 0.34928879, 0.34929353, 0.17358804E-1
0.91425806E-1, 0.13797903, 0.41397851E-1, 0.59071779, 0.0000000, 0.0000000, 0.23375750, 4.2481122, 9.8477182, 19.840628, 19.853973, 19.857697, 19.858709, 0.25588039, 0.24998923, 0.24999255, 0.25233439, 0.29247877, 0.34847578, 0.34920299, 0.34926984, 0.34928849, 0.34929353, 0.41397851E-1
0.87256007E-1, 0.87624185E-1, 0.26289884E-1, 0.29192269, 0.0000000, 0.0000000, 0.18758476, 4.1469502, 9.8460188, 19.841297, 19.854168, 19.857744, 19.858709, 0.25291678, 0.24998923, 0.24999255, 0.25187576, 0.29146847, 0.34845936, 0.34920648, 0.34927085, 0.34928873, 0.34929353, 0.26289884E-1
0.13576664, 0.67344272, 0.20205303, 2.2320657, 2.6292086, 0.0000000, 0.17170012, 4.0858507, 9.8616495, 19.844112, 19.854923, 19.857925, 19.858709, 0.27232048, 0.27629197, 0.24999255, 0.25171700, 0.29085851, 0.34861648, 0.34922057, 0.34927461, 0.34928963, 0.34929353, 0.20205303
0.12652352, 0.56182212, 0.16856350, 1.8438756, 1.6750097, 1.0024697, 0.75602531E-1, 3.9581068, 9.8408442, 19.839674, 19.853781, 19.857647, 19.858641, 0.26843846, 0.26674995, 0.26002464, 0.25075603, 0.28958103, 0.34840840, 0.34919837, 0.34926891, 0.34928823, 0.34929320, 0.16856350
0.11651094, 0.44090933, 0.13228603, 1.3257682, 1.4003485, 0.88054240, 0.26941299E-1, 3.8632920, 9.8470392, 19.840214, 19.853916, 19.857685, 19.858698, 0.26325488, 0.26400170, 0.25880486, 0.25026941, 0.28863269, 0.34847018, 0.34920108, 0.34926957, 0.34928843, 0.34929350, 0.13228603
0.11216950, 0.38848165, 0.11655615, 1.2508690, 1.0819018, 0.73479116, 0.0000000, 3.7620063, 9.8462095, 19.839718, 19.853792, 19.857649, 19.858709, 0.26250395, 0.26081657, 0.25734708, 0.24999997, 0.28761965, 0.34846175, 0.34919858, 0.34926897, 0.34928825, 0.34929353, 0.11655615
0.10296727, 0.27735478, 0.83214752E-1, 1.0407954, 0.47398508, 0.44445992, 0.0000000, 3.5952508, 9.8200541, 19.834526, 19.852413, 19.857313, 19.858610, 0.26040557, 0.25473920, 0.25444430, 0.24999997, 0.28595227, 0.34820029, 0.34917262, 0.34926206, 0.34928656, 0.34929305, 0.83214752E-1
0.14378691, 0.77029634, 0.23111202, 2.5782585, 2.2606702, 1.6132832, 0.0000000, 3.5224717, 9.8488817, 19.839354, 19.853674, 19.857649, 19.858709, 0.27577844, 0.27260453, 0.26613206, 0.24999997, 0.28522453, 0.34848866, 0.34919676, 0.34926838, 0.34928825, 0.34929353, 0.23111202
0.15818177, 0.94412988, 0.28326729, 2.6753516, 2.1909995, 4.0392981, 2.3062797, 7.5535374, 9.8647318, 19.843134, 19.854683, 19.857901, 19.858709, 0.27675334, 0.27190989, 0.29039291, 0.27306280, 0.32553536, 0.34864733, 0.34921569, 0.34927341, 0.34928951, 0.34929353, 0.28326729
0.16844103, 1.0000000, 0.32043847, 2.7051032, 2.2008328, 4.7978005, 9.2978201, 9.5771217, 9.8665867, 19.844507, 19.855064, 19.858013, 19.858709, 0.27705088, 0.27200824, 0.29797792, 0.34297818, 0.34577119, 0.34866586, 0.34922254, 0.34927532, 0.34929007, 0.34929353, 0.32043847
0.13690516, 0.68719167, 0.20617811, 1.2885690, 1.4165312, 3.4165285, 9.5192728, 9.6882277, 9.8332167, 19.837124, 19.853144, 19.857500, 19.858574, 0.26288557, 0.26416522, 0.28416520, 0.34519267, 0.34688225, 0.34833217, 0.34918562, 0.34926572, 0.34928751, 0.34929287, 0.20617811
0.12225617, 0.51028913, 0.15310206, 0.62212944, 1.0317385, 2.8952301, 9.3736668, 9.7360573, 9.8345366, 19.837065, 19.853083, 19.857483, 19.858599, 0.25621867, 0.26031476, 0.27894863, 0.34373429, 0.34735933, 0.34834495, 0.34918532, 0.34926540, 0.34928742, 0.34929299, 0.15310206
0.12641543, 0.56051689, 0.16817188, 1.0664701, 0.87549984, 2.7689548, 9.1583223, 9.7776461, 9.8480682, 19.839930, 19.853817, 19.857660, 19.858692, 0.26066262, 0.25875396, 0.27768791, 0.34158215, 0.34777591, 0.34848049, 0.34919965, 0.34926909, 0.34928828, 0.34929347, 0.16817188
0.12120351, 0.49757719, 0.14928809, 0.81049800, 0.74443817, 2.6574879, 8.9826384, 9.7982750, 9.8563986, 19.842415, 19.854464, 19.857819, 19.858709, 0.25810429, 0.25744399, 0.27657419, 0.33982590, 0.34798253, 0.34856388, 0.34921208, 0.34927231, 0.34928909, 0.34929353, 0.14928809
0.12146845, 0.50077653, 0.15024799, 0.91777444, 0.65211356, 2.5747895, 8.8421850, 9.8140249, 9.8634567, 19.844843, 19.855127, 19.857990, 19.858709, 0.25917706, 0.25652084, 0.27574733, 0.33842146, 0.34814003, 0.34863451, 0.34922421, 0.34927565, 0.34928995, 0.34929353, 0.15024799
0.11428438, 0.41402116, 0.12421878, 0.56484342, 0.47784150, 2.4053426, 8.6443949, 9.8006296, 9.8590155, 19.845387, 19.855295, 19.858061, 19.858709, 0.25564817, 0.25477827, 0.27405307, 0.33644369, 0.34800616, 0.34859011, 0.34922692, 0.34927648, 0.34929031, 0.34929353, 0.12421878
0.10680475, 0.32369649, 0.97118661E-1, 0.20800829, 0.28996766, 2.2115886, 8.4143934, 9.7855320, 9.8534174, 19.845299, 19.855295, 19.858072, 19.858709, 0.25207987, 0.25289950, 0.27211520, 0.33414343, 0.34785503, 0.34853408, 0.34922650, 0.34927648, 0.34929037, 0.34929353, 0.97118661E-1
0.11461884, 0.41806003, 0.12543055, 1.0141313, 0.28321147E-1, 1.9888252, 8.1555023, 9.7721348, 9.8466225, 19.843100, 19.854731, 19.857906, 19.858692, 0.26014033, 0.25028318, 0.26988769, 0.33155453, 0.34772104, 0.34846613, 0.34921551, 0.34927365, 0.34928954, 0.34929347, 0.12543055
0.97980157E-1, 0.21712990, 0.65145485E-1, 0.0000000, 0.0000000, 1.5198171, 7.6372919, 9.6977634, 9.8139811, 19.836786, 19.853054, 19.857477, 19.858610, 0.24996665, 0.24999890, 0.26518911, 0.32636380, 0.34697187, 0.34813789, 0.34918392, 0.34926528, 0.34928739, 0.34929305, 0.65145485E-1
0.95591649E-1, 0.18828607, 0.56491472E-1, 0.0000000, 0.0000000, 1.0758013, 6.9938474, 9.6552982, 9.7932949, 19.832932, 19.852005, 19.857201, 19.858574, 0.24996665, 0.24999890, 0.26075473, 0.31993422, 0.34655002, 0.34793195, 0.34916466, 0.34926003, 0.34928602, 0.34929287, 0.56491472E-1
0.94972476E-1, 0.18080896, 0.54248113E-1, 0.0000000, 0.0000000, 0.97991228, 6.6815705, 9.7313728, 9.8252001, 19.837282, 19.853121, 19.857494, 19.858688, 0.24996665, 0.24999890, 0.25979674, 0.31681246, 0.34731138, 0.34825119, 0.34918642, 0.34926561, 0.34928748, 0.34929344, 0.54248113E-1
0.93989305E-1, 0.16893607, 0.50685890E-1, 0.0000000, 0.0000000, 0.81025958, 6.3419356, 9.7295504, 9.8267040, 19.838589, 19.853460, 19.857609, 19.858709, 0.24996665, 0.24999890, 0.25810191, 0.31341827, 0.34729466, 0.34826678, 0.34919295, 0.34926730, 0.34928805, 0.34929353, 0.50685890E-1
0.92252076E-1, 0.14795710, 0.44391572E-1, 0.0000000, 0.0000000, 0.51085055, 5.7793837, 9.6615314, 9.7985086, 19.835979, 19.852791, 19.857430, 19.858646, 0.24996665, 0.24999890, 0.25510815, 0.30779302, 0.34661466, 0.34798485, 0.34917989, 0.34926397, 0.34928715, 0.34929323, 0.44391572E-1
0.91289528E-1, 0.13633336, 0.40904097E-1, 0.0000000, 0.0000000, 0.36512315, 5.3321843, 9.6851006, 9.8076010, 19.837629, 19.853226, 19.857536, 19.858709, 0.24996665, 0.24999890, 0.25365096, 0.30332106, 0.34685028, 0.34807578, 0.34918815, 0.34926611, 0.34928769, 0.34929353, 0.40904097E-1
0.89739576E-1, 0.11761601, 0.35288334E-1, 0.0000000, 0.0000000, 0.12091398, 4.7101617, 9.6347551, 9.7850456, 19.834520, 19.852402, 19.857336, 19.858629, 0.24996665, 0.24999890, 0.25120905, 0.29710081, 0.34634671, 0.34785017, 0.34917259, 0.34926200, 0.34928668, 0.34929314, 0.35288334E-1
0.89146793E-1, 0.11045747, 0.33140555E-1, 0.0000000, 0.0000000, 0.46887994E-1, 4.3289051, 9.6981068, 9.8115654, 19.837576, 19.853186, 19.857542, 19.858709, 0.24996665, 0.24999890, 0.25046864, 0.29328480, 0.34697631, 0.34811404, 0.34918788, 0.34926593, 0.34928772, 0.34929353, 0.33140555E-1
0.88523589E-1, 0.10293165, 0.30882584E-1, 0.0000000, 0.0000000, 0.0000000, 3.8351450, 9.6538305, 9.7953539, 19.837666, 19.853201, 19.857555, 19.858692, 0.24996665, 0.24999890, 0.24999270, 0.28834894, 0.34653518, 0.34795246, 0.34918833, 0.34926599, 0.34928778, 0.34929347, 0.30882584E-1
0.10299744, 0.27771908, 0.83324060E-1, 1.0929823, 0.0000000, 0.0000000, 3.1362996, 9.5969381, 9.7676973, 19.835258, 19.852591, 19.857388, 19.858646, 0.26092723, 0.24999890, 0.24999270, 0.28136256, 0.34596869, 0.34767672, 0.34917629, 0.34926295, 0.34928694, 0.34929323, 0.83324060E-1
0.15280464, 0.87919509, 0.26378492, 2.5237827, 2.4965553, 2.3188024, 2.9117198, 9.5205946, 9.8063231, 19.837318, 19.853107, 19.857536, 19.858709, 0.27523753, 0.27496538, 0.27318794, 0.27911717, 0.34520593, 0.34806323, 0.34918660, 0.34926555, 0.34928769, 0.34929353, 0.26378492
0.15503578, 0.90613848, 0.27186874, 2.4552822, 2.1189599, 2.7813525, 8.2054520, 9.5398798, 9.8250093, 19.837294, 19.853096, 19.857529, 19.858683, 0.27454957, 0.27118793, 0.27781242, 0.33205387, 0.34539840, 0.34824997, 0.34918648, 0.34926549, 0.34928763, 0.34929341, 0.27186874
0.14549686, 0.79094577, 0.23730747, 1.9755572, 1.8681109, 2.6335418, 7.8256588, 9.7251444, 9.8416471, 19.839594, 19.853699, 19.857702, 19.858709, 0.26975524, 0.26868093, 0.27633530, 0.32825649, 0.34725139, 0.34841645, 0.34919798, 0.34926850, 0.34928852, 0.34929353, 0.23730747
0.12521042, 0.54596490, 0.16380586, 0.96651614, 1.3087124, 2.2921534, 7.4502521, 9.7314720, 9.8311129, 19.836817, 19.852989, 19.857489, 19.858646, 0.25966203, 0.26308459, 0.27291933, 0.32450110, 0.34731376, 0.34831080, 0.34918410, 0.34926495, 0.34928745, 0.34929323, 0.16380586
0.11563127, 0.43028635, 0.12909882, 0.51181018, 1.0287374, 2.1046102, 7.1808281, 9.7575092, 9.8389187, 19.838341, 19.853384, 19.857597, 19.858709, 0.25511613, 0.26028502, 0.27104369, 0.32180664, 0.34757397, 0.34838879, 0.34919170, 0.34926692, 0.34928799, 0.34929353, 0.12909882
0.10553047, 0.30830812, 0.92501692E-1, 0.49230456E-1, 0.71872175, 1.8825352, 6.8993082, 9.7556143, 9.8379164, 19.838755, 19.853510, 19.857635, 19.858692, 0.25049213, 0.25718555, 0.26882318, 0.31899151, 0.34755501, 0.34837878, 0.34919378, 0.34926754, 0.34928817, 0.34929347, 0.92501692E-1
0.16393897, 1.0000000, 0.30412668, 2.9691398, 2.4506898, 2.6167483, 7.7686205, 9.7917604, 9.8530474, 19.841980, 19.854357, 19.857861, 19.858709, 0.27968818, 0.27450532, 0.27616665, 0.32768568, 0.34791729, 0.34853035, 0.34920990, 0.34927177, 0.34928930, 0.34929353, 0.30412668
0.21017852, 1.0000000, 0.47166130, 2.3411572, 5.5955138, 9.2167578, 9.6086168, 9.8199806, 9.8650026, 19.844625, 19.855078, 19.858042, 19.858709, 0.27341142, 0.30595490, 0.34216741, 0.34608614, 0.34819978, 0.34865004, 0.34922314, 0.34927538, 0.34929019, 0.34929353, 0.47166130
0.30197889, 1.0000000, 0.80427122, 6.9401255, 8.8144817, 9.5956602, 9.7385921, 9.8312378, 9.8700447, 19.846188, 19.855526, 19.858171, 19.858709, 0.31940100, 0.33814460, 0.34595647, 0.34738588, 0.34831238, 0.34870046, 0.34923095, 0.34927762, 0.34929085, 0.34929353, 0.80427122
0.29577261, 1.0000000, 0.78178477, 6.0106292, 9.5571089, 9.6982098, 9.7878408, 9.8449793, 9.8759270, 19.847937, 19.856020, 19.858225, 19.858709, 0.31010604, 0.34557086, 0.34698197, 0.34787837, 0.34844980, 0.34875926, 0.34923968, 0.34928009, 0.34929112, 0.34929353, 0.78178477
0.26487827, 1.0000000, 0.66984886, 3.9427819, 9.3494177, 9.5604153, 9.7334185, 9.8114109, 9.8616886, 19.844763, 19.855169, 19.857977, 19.858688, 0.28942519, 0.34349045, 0.34560224, 0.34733379, 0.34811389, 0.34861684, 0.34922382, 0.34927586, 0.34928989, 0.34929344, 0.66984886
0.24586675, 1.0000000, 0.60096645, 2.9994278, 8.6510153, 9.5157061, 9.7052870, 9.7930584, 9.8539610, 19.842890, 19.854664, 19.857859, 19.858688, 0.27999398, 0.33650964, 0.34515679, 0.34705281, 0.34793055, 0.34853962, 0.34921443, 0.34927332, 0.34928930, 0.34929344, 0.60096645
0.21318215, 1.0000000, 0.48254398, 1.8560767, 6.6513257, 9.4461584, 9.6560135, 9.7626028, 9.8397932, 19.838572, 19.853502, 19.857571, 19.858635, 0.26855904, 0.31650954, 0.34445897, 0.34655958, 0.34762576, 0.34839785, 0.34919286, 0.34926751, 0.34928787, 0.34929317, 0.48254398
0.18799749, 1.0000000, 0.39129522, 1.0541737, 4.9458804, 9.4473028, 9.6513414, 9.7575750, 9.8369074, 19.837021, 19.853054, 19.857454, 19.858652, 0.26054126, 0.29945749, 0.34447178, 0.34651315, 0.34757563, 0.34836903, 0.34918511, 0.34926528, 0.34928727, 0.34929326, 0.39129522
0.16003913, 0.96655953, 0.28999686, 0.19747019, 3.0221252, 9.4047976, 9.6238403, 9.7404089, 9.8286791, 19.834345, 19.852341, 19.857283, 19.858641, 0.25197455, 0.28021976, 0.34404564, 0.34623793, 0.34740385, 0.34828672, 0.34917173, 0.34926170, 0.34928641, 0.34929320, 0.28999686
0.14851609, 0.82740611, 0.24824665, 0.0000000, 2.4217427, 8.4779472, 9.6327400, 9.7445621, 9.8302698, 19.834328, 19.852306, 19.857283, 19.858658, 0.24999337, 0.27421656, 0.33477792, 0.34632704, 0.34744543, 0.34830263, 0.34917164, 0.34926152, 0.34928641, 0.34929329, 0.24824665
0.13856417, 0.70722604, 0.21218903, 0.0000000, 1.7742574, 7.3756919, 9.6095591, 9.7307949, 9.8239708, 19.832590, 19.851822, 19.857178, 19.858646, 0.24999337, 0.26774085, 0.32375333, 0.34609464, 0.34730747, 0.34823957, 0.34916294, 0.34925911, 0.34928590, 0.34929323, 0.21218903
0.12691230, 0.56651682, 0.16997205, 0.0000000, 1.0346919, 6.0534391, 9.5603218, 9.7007093, 9.8097591, 19.828678, 19.850763, 19.856895, 19.858587, 0.24999337, 0.26034600, 0.31053165, 0.34560236, 0.34700665, 0.34809744, 0.34914339, 0.34925383, 0.34928447, 0.34929293, 0.16997205
0.11827545, 0.46221763, 0.13867916, 0.0000000, 0.55472851, 4.9249010, 9.5698633, 9.7044945, 9.8111057, 19.828735, 19.850733, 19.856895, 19.858580, 0.24999337, 0.25554651, 0.29924551, 0.34569725, 0.34704426, 0.34811082, 0.34914368, 0.34925365, 0.34928447, 0.34929290, 0.13867916
0.18720041, 1.0000000, 0.38840726, 1.9092053, 3.4823179, 9.3307877, 9.6619978, 9.7579584, 9.8345604, 19.833572, 19.851999, 19.857225, 19.858675, 0.26908973, 0.28482065, 0.34330449, 0.34661925, 0.34757924, 0.34834549, 0.34916785, 0.34926000, 0.34928614, 0.34929338, 0.38840726
0.22328627, 1.0000000, 0.51915318, 2.5520234, 6.6324887, 9.5867863, 9.7229738, 9.7951307, 9.8514938, 19.837868, 19.853163, 19.857531, 19.858709, 0.27551919, 0.31632328, 0.34586671, 0.34722951, 0.34795117, 0.34851491, 0.34918934, 0.34926581, 0.34928766, 0.34929353, 0.51915318
0.35596240, 1.0000000, 0.99986374, 9.9985037, 9.9990997, 9.9995527, 9.9999065, 9.9999542, 9.9999847, 19.999998, 19.999998, 19.999998, 19.994993, 0.34998125, 0.34998873, 0.34999439, 0.34999883, 0.34999943, 0.34999982, 0.34999999, 0.34999999, 0.34999999, 0.34997496, 0.99986374
0.35599869, 1.0000000, 0.99999517, 9.9999342, 9.9999580, 9.9999819, 9.9999933, 9.9999990, 9.9999990, 19.999998, 19.999998, 19.999998, 19.996996, 0.34999934, 0.34999958, 0.34999982, 0.34999993, 0.34999999, 0.34999999, 0.34999999, 0.34999999, 0.34999999, 0.34998497, 0.99999517
0.35277468, 1.0000000, 0.98831415, 9.8593473, 9.8785229, 9.9370213, 9.9839554, 9.9918957, 9.9968624, 19.999552, 19.999880, 19.999950, 19.987026, 0.34859315, 0.34878501, 0.34937012, 0.34983954, 0.34991896, 0.34996861, 0.34999776, 0.34999940, 0.34999976, 0.34993511, 0.98831415
0.34511405, 1.0000000, 0.96055800, 9.4058685, 9.7480412, 9.8643608, 9.9638004, 9.9815989, 9.9929085, 19.999044, 19.999748, 19.999908, 19.987009, 0.34405836, 0.34748021, 0.34864348, 0.34963799, 0.34981599, 0.34992909, 0.34999523, 0.34999874, 0.34999955, 0.34993505, 0.96055800
0.32193428, 1.0000000, 0.87657338, 7.9159613, 9.5181227, 9.7109718, 9.8905048, 9.9420242, 9.9754715, 19.995108, 19.998724, 19.998892, 19.963737, 0.32915893, 0.34518072, 0.34710950, 0.34890500, 0.34942022, 0.34975472, 0.34997553, 0.34999362, 0.34999445, 0.34981868, 0.87657338
0.30639088, 1.0000000, 0.82025677, 6.9089379, 9.3800917, 9.6089554, 9.8172054, 9.8979816, 9.9540958, 19.989597, 19.997269, 19.995844, 19.942354, 0.31908903, 0.34380060, 0.34608939, 0.34817204, 0.34897980, 0.34954095, 0.34994799, 0.34998634, 0.34997922, 0.34971178, 0.82025677
0.33156782, 1.0000000, 0.91147763, 8.7075157, 9.4201212, 9.6216650, 9.7990074, 9.8812714, 9.9434834, 19.986235, 19.996330, 19.990263, 19.923763, 0.33707282, 0.34419969, 0.34621587, 0.34798992, 0.34881261, 0.34943479, 0.34993118, 0.34998167, 0.34995133, 0.34961882, 0.91147763
0.35597718, 1.0000000, 0.99991721, 9.9998531, 9.9999132, 9.9999542, 9.9998150, 9.9777718, 9.9290209, 19.981012, 19.994699, 19.981646, 19.908260, 0.34999815, 0.34999889, 0.34999943, 0.34999812, 0.34977773, 0.34929019, 0.34990507, 0.34997350, 0.34990823, 0.34954131, 0.99991721
0.35215801, 1.0000000, 0.98607975, 9.8858938, 9.8211231, 9.8239098, 9.9494658, 9.9741049, 9.9898529, 19.998508, 19.999611, 19.999729, 19.977167, 0.34885731, 0.34821025, 0.34823862, 0.34949458, 0.34974098, 0.34989849, 0.34999254, 0.34999806, 0.34999865, 0.34988582, 0.98607975
0.33853757, 1.0000000, 0.93673033, 9.0279751, 9.6244516, 9.7898321, 9.9386539, 9.9684973, 9.9876471, 19.998211, 19.999535, 19.999695, 19.977463, 0.34027815, 0.34624347, 0.34789777, 0.34938642, 0.34968492, 0.34987643, 0.34999105, 0.34999767, 0.34999847, 0.34988731, 0.93673033
0.34564316, 1.0000000, 0.96247524, 9.6389322, 9.5151701, 9.7049065, 9.8824282, 9.9369049, 9.9733315, 19.994976, 19.998676, 19.998083, 19.954842, 0.34638390, 0.34514847, 0.34704742, 0.34882396, 0.34936887, 0.34973326, 0.34997487, 0.34999338, 0.34999043, 0.34977421, 0.96247524
0.35248429, 1.0000000, 0.98726177, 9.8181791, 9.9047289, 9.9509974, 9.9880266, 9.9939613, 9.9977207, 19.999718, 19.999933, 19.999950, 19.987026, 0.34818068, 0.34904665, 0.34950966, 0.34988022, 0.34993958, 0.34997720, 0.34999859, 0.34999967, 0.34999976, 0.34993511, 0.98726177
0.34482771, 1.0000000, 0.95952064, 9.3758469, 9.7617674, 9.8693314, 9.9645510, 9.9819040, 9.9931374, 19.999195, 19.999802, 19.999155, 19.963797, 0.34375468, 0.34761533, 0.34869212, 0.34964526, 0.34981892, 0.34993133, 0.34999597, 0.34999901, 0.34999579, 0.34981897, 0.95952064
0.35598439, 1.0000000, 0.99994338, 9.9993820, 9.9996271, 9.9998150, 9.9999609, 9.9999819, 9.9999905, 19.999998, 19.999998, 19.999998, 19.994993, 0.34999222, 0.34999529, 0.34999767, 0.34999952, 0.34999976, 0.34999987, 0.34999999, 0.34999999, 0.34999999, 0.34997496, 0.99994338
0.35599774, 1.0000000, 0.99999177, 9.9999218, 9.9999514, 9.9999752, 9.9999933, 9.9999990, 9.9999990, 19.999998, 19.999998, 19.999998, 19.996996, 0.34999886, 0.34999931, 0.34999964, 0.34999990, 0.34999999, 0.34999999, 0.34999999, 0.34999999, 0.34999999, 0.34998497, 0.99999177
0.33866805, 1.0000000, 0.93720299, 9.0243692, 9.6398201, 9.8002739, 9.9445457, 9.9716434, 9.9891481, 19.998646, 19.999647, 19.999811, 19.981091, 0.34024370, 0.34639820, 0.34800273, 0.34944546, 0.34971642, 0.34989148, 0.34999323, 0.34999824, 0.34999907, 0.34990546, 0.93720299
0.35598540, 1.0000000, 0.99994719, 9.9993525, 9.9996090, 9.9998026, 9.9999609, 9.9999819, 9.9999933, 19.999998, 19.999998, 19.999998, 19.994993, 0.34999275, 0.34999561, 0.34999779, 0.34999955, 0.34999979, 0.34999993, 0.34999999, 0.34999999, 0.34999999, 0.34997496, 0.99994719
0.33230108, 1.0000000, 0.91413438, 8.7229242, 9.4448986, 9.6724939, 9.8860073, 9.9402952, 9.9753323, 19.995441, 19.998819, 19.999571, 19.980043, 0.33722892, 0.34444878, 0.34672481, 0.34886006, 0.34940296, 0.34975332, 0.34997720, 0.34999409, 0.34999785, 0.34990022, 0.91413438
0.35585541, 1.0000000, 0.99947608, 9.9978676, 9.9967194, 9.9805479, 9.9960289, 9.9980030, 9.9993200, 19.999992, 19.999998, 19.999989, 19.991005, 0.34997705, 0.34996620, 0.34980500, 0.34996021, 0.34997997, 0.34999317, 0.34999996, 0.34999999, 0.34999993, 0.34995502, 0.99947608
0.33894932, 1.0000000, 0.93822217, 9.1148376, 9.5555649, 9.7421579, 9.9190245, 9.9580803, 9.9833174, 19.997423, 19.999325, 19.999565, 19.974947, 0.34114769, 0.34555525, 0.34742138, 0.34919021, 0.34958076, 0.34983319, 0.34998712, 0.34999663, 0.34999782, 0.34987473, 0.93822217
0.30958891, 1.0000000, 0.83184385, 7.1143398, 9.4097862, 9.6336489, 9.8436995, 9.9147882, 9.9634113, 19.992914, 19.998146, 19.997667, 19.952530, 0.32113636, 0.34409228, 0.34633362, 0.34843642, 0.34914759, 0.34963402, 0.34996456, 0.34999073, 0.34998834, 0.34976265, 0.83184385
0.28006494, 1.0000000, 0.72487295, 5.0333538, 9.3471889, 9.5781450, 9.7870111, 9.8771572, 9.9437475, 19.987793, 19.996778, 19.993364, 19.932467, 0.30033016, 0.34346813, 0.34577951, 0.34786972, 0.34877136, 0.34943742, 0.34993896, 0.34998390, 0.34996682, 0.34966233, 0.72487295
0.25517645, 1.0000000, 0.63469726, 3.2203043, 9.3637400, 9.5801840, 9.7710438, 9.8614864, 9.9330845, 19.984400, 19.995739, 19.986275, 19.915451, 0.28220263, 0.34363666, 0.34580144, 0.34771034, 0.34861484, 0.34933084, 0.34992200, 0.34997869, 0.34993136, 0.34957725, 0.63469726
0.22673023, 1.0000000, 0.53163123, 2.0644069, 7.9026980, 9.4982958, 9.7197313, 9.8276072, 9.9136744, 19.977795, 19.993519, 19.976145, 19.901487, 0.27064392, 0.32902667, 0.34498274, 0.34719729, 0.34827605, 0.34913674, 0.34988898, 0.34996760, 0.34988073, 0.34950745, 0.53163123
0.19449618, 1.0000000, 0.41484126, 1.0943919, 5.6783657, 9.4133348, 9.6587191, 9.7864532, 9.8902550, 19.969250, 19.990076, 19.963587, 19.890429, 0.26094228, 0.30677852, 0.34412909, 0.34658632, 0.34786409, 0.34890240, 0.34984624, 0.34995037, 0.34981793, 0.34945214, 0.41484126
0.16147044, 0.98384416, 0.29518276, 0.14319420, 3.3046122, 9.3658762, 9.6172705, 9.7558031, 9.8714142, 19.960674, 19.985435, 19.949614, 19.881954, 0.25143161, 0.28304172, 0.34365252, 0.34617141, 0.34755737, 0.34871393, 0.34980339, 0.34992719, 0.34974808, 0.34940976, 0.29518276
0.14560094, 0.79220271, 0.23768459, 0.97018480E-1, 2.0975084, 8.1126986, 9.5766010, 9.7269220, 9.8538237, 19.951208, 19.978865, 19.935154, 19.875538, 0.25096983, 0.27097058, 0.33111826, 0.34576395, 0.34726819, 0.34853786, 0.34975603, 0.34989432, 0.34967577, 0.34937769, 0.23768459
0.13628191, 0.67966527, 0.20391998, 0.0000000, 1.6269833, 7.1128678, 9.6255236, 9.7526102, 9.8631439, 19.947802, 19.971933, 19.921610, 19.870893, 0.24998660, 0.26626682, 0.32112208, 0.34625345, 0.34752521, 0.34863114, 0.34973902, 0.34985965, 0.34960806, 0.34935448, 0.20391998
0.13094708, 0.61524141, 0.18459089, 0.0000000, 1.3292164, 6.4071546, 9.6702576, 9.7796211, 9.8754663, 19.946026, 19.963585, 19.909372, 19.867516, 0.24998660, 0.26329058, 0.31406775, 0.34670144, 0.34779564, 0.34875447, 0.34973013, 0.34981793, 0.34954685, 0.34933758, 0.18459089
0.19500746, 1.0000000, 0.41669366, 2.9735475, 2.9648721, 8.6819658, 9.7295341, 9.8156891, 9.8925343, 19.945766, 19.954109, 19.898823, 19.865089, 0.27973330, 0.27964741, 0.33681774, 0.34729493, 0.34815669, 0.34892529, 0.34972882, 0.34977055, 0.34949410, 0.34932545, 0.41669366
0.23178791, 1.0000000, 0.54995614, 2.4804263, 7.7616444, 9.5999985, 9.7859230, 9.8501873, 9.9088163, 19.945192, 19.943604, 19.889988, 19.863348, 0.27480409, 0.32761616, 0.34599981, 0.34785920, 0.34850183, 0.34908816, 0.34972596, 0.34971803, 0.34944993, 0.34931675, 0.54995614
0.27014995, 1.0000000, 0.68894899, 4.1928968, 9.4954023, 9.6850834, 9.8046427, 9.8640203, 9.9163389, 19.942865, 19.932304, 19.882753, 19.862083, 0.29192874, 0.34495369, 0.34685069, 0.34804639, 0.34864017, 0.34916338, 0.34971434, 0.34966153, 0.34941375, 0.34931043, 0.68894899
0.24215765, 1.0000000, 0.58752769, 2.8147073, 8.4933071, 9.5381479, 9.7426529, 9.8321629, 9.9031439, 19.935192, 19.920004, 19.876720, 19.861126, 0.27814651, 0.33493203, 0.34538087, 0.34742641, 0.34832156, 0.34903142, 0.34967595, 0.34960002, 0.34938359, 0.34930563, 0.58752769
0.35597545, 1.0000000, 0.99991107, 9.9989052, 9.9993410, 9.9996719, 9.9999342, 9.9999695, 9.9999876, 19.999998, 19.999998, 19.999998, 19.994993, 0.34998778, 0.34999263, 0.34999633, 0.34999925, 0.34999967, 0.34999987, 0.34999999, 0.34999999, 0.34999999, 0.34997496, 0.99991107
0.35599858, 1.0000000, 0.99999470, 9.9999609, 9.9999752, 9.9999876, 9.9999962, 9.9999990, 9.9999990, 19.999998, 19.999998, 19.999998, 19.997997, 0.34999928, 0.34999955, 0.34999979, 0.34999993, 0.34999999, 0.34999999, 0.34999999, 0.34999999, 0.34999999, 0.34998998, 0.99999470
0.35589659, 1.0000000, 0.99962515, 9.9948788, 9.9969368, 9.9984674, 9.9996891, 9.9998503, 9.9999485, 19.999998, 19.999998, 19.999990, 19.991999, 0.34994841, 0.34996912, 0.34998456, 0.34999686, 0.34999850, 0.34999949, 0.34999999, 0.34999999, 0.34999996, 0.34996000, 0.99962515
0.35039371, 1.0000000, 0.97968721, 9.8221264, 9.7193375, 9.8136034, 9.9481859, 9.9734850, 9.9898386, 19.998718, 19.999659, 19.999817, 19.981091, 0.34822085, 0.34719309, 0.34813592, 0.34948182, 0.34973484, 0.34989840, 0.34999359, 0.34999830, 0.34999907, 0.34990546, 0.97968721
0.34048033, 1.0000000, 0.94376916, 9.2416611, 9.5424271, 9.7212305, 9.8985939, 9.9461689, 9.9783401, 19.996798, 19.999146, 19.998562, 19.958233, 0.34241533, 0.34542349, 0.34721193, 0.34898585, 0.34946164, 0.34978339, 0.34998399, 0.34999573, 0.34999281, 0.34979117, 0.94376916
0.35599816, 1.0000000, 0.99999326, 9.9999514, 9.9999695, 9.9999847, 9.9999962, 9.9999990, 9.9999990, 19.999998, 19.999998, 19.999998, 19.997997, 0.34999907, 0.34999943, 0.34999973, 0.34999993, 0.34999999, 0.34999999, 0.34999999, 0.34999999, 0.34999999, 0.34998998, 0.99999326
0.33359283, 1.0000000, 0.91881448, 8.7237749, 9.5572433, 9.7478571, 9.9235439, 9.9605570, 9.9844723, 19.997728, 19.999403, 19.999697, 19.978128, 0.33723599, 0.34557128, 0.34747797, 0.34923533, 0.34960550, 0.34984469, 0.34998864, 0.34999701, 0.34999847, 0.34989065, 0.91881448
0.31666887, 1.0000000, 0.85749584, 7.5515065, 9.5020533, 9.6928282, 9.8732033, 9.9312820, 9.9710789, 19.994869, 19.998652, 19.998152, 19.955473, 0.32551053, 0.34501714, 0.34692657, 0.34873167, 0.34931263, 0.34971073, 0.34997433, 0.34999326, 0.34999076, 0.34977737, 0.85749584
0.34852070, 1.0000000, 0.97290093, 9.6463575, 9.7558022, 9.8698416, 9.9674768, 9.9835243, 9.9938822, 19.999386, 19.999838, 19.999928, 19.988997, 0.34646174, 0.34755692, 0.34869784, 0.34967464, 0.34983519, 0.34993878, 0.34999692, 0.34999919, 0.34999964, 0.34994498, 0.97290093
0.35599911, 1.0000000, 0.99999672, 9.9999990, 9.9999990, 9.9999990, 9.9999990, 9.9999990, 9.9999990, 19.999998, 19.999998, 19.999998, 19.998999, 0.34999955, 0.34999973, 0.34999985, 0.34999996, 0.34999999, 0.34999999, 0.34999999, 0.34999999, 0.34999999, 0.34999499, 0.99999672
0.31978458, 1.0000000, 0.86878467, 7.8429575, 9.4130135, 9.6496553, 9.8745413, 9.9339561, 9.9726467, 19.994987, 19.998688, 19.999428, 19.975151, 0.32842836, 0.34412926, 0.34649611, 0.34874532, 0.34933949, 0.34972644, 0.34997493, 0.34999344, 0.34999713, 0.34987575, 0.86878467
0.35596132, 1.0000000, 0.99985975, 9.9983749, 9.9990253, 9.9995108, 9.9998980, 9.9999514, 9.9999819, 19.999998, 19.999998, 19.999998, 19.994993, 0.34998071, 0.34998843, 0.34999418, 0.34999880, 0.34999943, 0.34999979, 0.34999999, 0.34999999, 0.34999999, 0.34997496, 0.99985975
0.35599738, 1.0000000, 0.99999046, 9.9999104, 9.9999456, 9.9999752, 9.9999933, 9.9999990, 9.9999990, 19.999998, 19.999998, 19.999998, 19.996996, 0.34999868, 0.34999919, 0.34999964, 0.34999990, 0.34999999, 0.34999999, 0.34999999, 0.34999999, 0.34999999, 0.34998497, 0.99999046
0.35599840, 1.0000000, 0.99999428, 9.9999609, 9.9999752, 9.9999876, 9.9999962, 9.9999990, 9.9999990, 19.999998, 19.999998, 19.999998, 19.997997, 0.34999922, 0.34999952, 0.34999976, 0.34999993, 0.34999999, 0.34999999, 0.34999999, 0.34999999, 0.34999999, 0.34998998, 0.99999428
0.35357726, 1.0000000, 0.99122179, 9.9748440, 9.8045321, 9.8964920, 9.9739113, 9.9867964, 9.9950371, 19.999426, 19.999855, 19.999825, 19.979134, 0.34974799, 0.34804505, 0.34896481, 0.34973907, 0.34986797, 0.34995037, 0.34999713, 0.34999928, 0.34999913, 0.34989566, 0.99122179
0.35599816, 1.0000000, 0.99999332, 9.9999962, 9.9999990, 9.9999990, 9.9999990, 9.9999990, 9.9999990, 19.999998, 19.999998, 19.999998, 19.998999, 0.34999907, 0.34999946, 0.34999973, 0.34999993, 0.34999996, 0.34999999, 0.34999999, 0.34999999, 0.34999999, 0.34999499, 0.99999332
0.35599649, 1.0000000, 0.99998724, 9.9998655, 9.9999189, 9.9999638, 9.9999905, 9.9999990, 9.9999990, 19.999998, 19.999998, 19.999998, 19.995995, 0.34999824, 0.34999892, 0.34999952, 0.34999987, 0.34999999, 0.34999999, 0.34999999, 0.34999999, 0.34999999, 0.34997997, 0.99998724
0.35599905, 1.0000000, 0.99999660, 9.9999990, 9.9999990, 9.9999990, 9.9999990, 9.9999990, 9.9999990, 19.999998, 19.999998, 19.999998, 19.998999, 0.34999952, 0.34999973, 0.34999985, 0.34999996, 0.34999999, 0.34999999, 0.34999999, 0.34999999, 0.34999999, 0.34999499, 0.99999660
0.35108256, 1.0000000, 0.98218310, 9.7439651, 9.8689098, 9.9321880, 9.9838133, 9.9918365, 9.9969635, 19.999683, 19.999916, 19.999964, 19.988997, 0.34743923, 0.34868884, 0.34932175, 0.34983811, 0.34991837, 0.34996963, 0.34999841, 0.34999958, 0.34999982, 0.34994498, 0.98218310
0.34701353, 1.0000000, 0.96744031, 9.5193453, 9.7783480, 9.8826485, 9.9705334, 9.9850788, 9.9944029, 19.999367, 19.999826, 19.999922, 19.988003, 0.34519297, 0.34778318, 0.34882632, 0.34970531, 0.34985074, 0.34994403, 0.34999683, 0.34999913, 0.34999961, 0.34994000, 0.96744031
0.32072699, 1.0000000, 0.87219918, 7.8497329, 9.4907188, 9.6953859, 9.8890219, 9.9414272, 9.9757624, 19.995632, 19.998848, 19.998968, 19.964687, 0.32849643, 0.34490654, 0.34695354, 0.34889016, 0.34941426, 0.34975761, 0.34997815, 0.34999424, 0.34999484, 0.34982345, 0.87219918
0.28008211, 1.0000000, 0.72493505, 5.0767703, 9.2909479, 9.5487461, 9.7888584, 9.8818474, 9.9476604, 19.989151, 19.997143, 19.995951, 19.943190, 0.30076483, 0.34290633, 0.34548587, 0.34788826, 0.34881830, 0.34947655, 0.34994575, 0.34998572, 0.34997976, 0.34971595, 0.72493505
0.33262229, 1.0000000, 0.91529799, 8.7607794, 9.4506264, 9.6375017, 9.8033409, 9.8821144, 9.9443865, 19.987936, 19.996771, 19.990650, 19.924509, 0.33760408, 0.34450385, 0.34637380, 0.34803316, 0.34882101, 0.34944382, 0.34993967, 0.34998387, 0.34995323, 0.34962255, 0.91529799
0.35597306, 1.0000000, 0.99990243, 9.9989414, 9.9993620, 9.9996834, 9.9999371, 9.9999666, 9.9999876, 19.999998, 19.999998, 19.999998, 19.994993, 0.34998658, 0.34999192, 0.34999600, 0.34999919, 0.34999958, 0.34999985, 0.34999999, 0.34999999, 0.34999999, 0.34997496, 0.99990243
0.35599661, 1.0000000, 0.99998760, 9.9998713, 9.9999218, 9.9999638, 9.9999905, 9.9999990, 9.9999990, 19.999998, 19.999998, 19.999998, 19.995995, 0.34999830, 0.34999895, 0.34999952, 0.34999987, 0.34999999, 0.34999999, 0.34999999, 0.34999999, 0.34999999, 0.34997997, 0.99998760
0.32971734, 1.0000000, 0.90477294, 8.5043039, 9.4829597, 9.6973476, 9.8993349, 9.9475040, 9.9787617, 19.996469, 19.999086, 19.999655, 19.980062, 0.33504304, 0.34482959, 0.34697348, 0.34899336, 0.34947503, 0.34978762, 0.34998235, 0.34999543, 0.34999827, 0.34990031, 0.90477294
0.34120047, 1.0000000, 0.94637853, 9.1758022, 9.6810455, 9.8247509, 9.9476995, 9.9731817, 9.9890938, 19.998014, 19.999474, 19.999842, 19.987009, 0.34175643, 0.34680945, 0.34824699, 0.34947690, 0.34973174, 0.34989092, 0.34999007, 0.34999737, 0.34999922, 0.34993505, 0.94637853
0.29785389, 1.0000000, 0.78932559, 6.3327460, 9.3242426, 9.5784636, 9.8197203, 9.9020529, 9.9573765, 19.990936, 19.997614, 19.998594, 19.963688, 0.31332663, 0.34324169, 0.34578425, 0.34819710, 0.34902051, 0.34957376, 0.34995466, 0.34998807, 0.34999296, 0.34981844, 0.78932559
0.24884650, 1.0000000, 0.61176270, 2.9750407, 9.0640383, 9.4795227, 9.7272186, 9.8408222, 9.9262047, 19.983326, 19.995588, 19.995398, 19.942284, 0.27974963, 0.34063894, 0.34479448, 0.34727204, 0.34840813, 0.34926203, 0.34991664, 0.34997794, 0.34997699, 0.34971142, 0.61176270
0.21230650, 1.0000000, 0.47937131, 1.7113596, 6.7928500, 9.4255285, 9.6681700, 9.7960768, 9.8990879, 19.974716, 19.993212, 19.989466, 19.923615, 0.26711270, 0.31792635, 0.34425378, 0.34668142, 0.34796062, 0.34899083, 0.34987357, 0.34996605, 0.34994733, 0.34961808, 0.47937131
0.20236430, 1.0000000, 0.44334891, 1.8059552, 5.4486437, 9.4046240, 9.6457291, 9.7754889, 9.8841047, 19.968199, 19.991098, 19.980715, 19.908106, 0.26805800, 0.30448362, 0.34404379, 0.34645680, 0.34775466, 0.34884095, 0.34984100, 0.34995550, 0.34990358, 0.34954053, 0.44334891
0.21698202, 1.0000000, 0.49631166, 1.9740641, 6.9259295, 9.4202375, 9.6498022, 9.7739773, 9.8794241, 19.962923, 19.988771, 19.969452, 19.895647, 0.26973894, 0.31925571, 0.34419993, 0.34649751, 0.34773952, 0.34879416, 0.34981462, 0.34994385, 0.34984726, 0.34947824, 0.49631166
0.30988258, 1.0000000, 0.83290786, 7.4151764, 9.0360279, 9.4934549, 9.6852579, 9.7927027, 9.8858471, 19.960087, 19.986160, 19.956490, 19.886019, 0.32414901, 0.34035829, 0.34493351, 0.34685236, 0.34792691, 0.34885845, 0.34980044, 0.34993079, 0.34978244, 0.34943008, 0.83290786
0.33661580, 1.0000000, 0.92976725, 9.1729336, 9.3140421, 9.5284262, 9.7087784, 9.8069124, 9.8920832, 19.958097, 19.982430, 19.942636, 19.878735, 0.34172800, 0.34313959, 0.34528384, 0.34708771, 0.34806910, 0.34892082, 0.34979048, 0.34991214, 0.34971318, 0.34939367, 0.92976725
0.31670731, 1.0000000, 0.85763520, 7.7033215, 9.3456602, 9.5503864, 9.7243404, 9.8169813, 9.8968925, 19.956240, 19.977043, 19.928869, 19.873283, 0.32703277, 0.34345627, 0.34550372, 0.34724337, 0.34816977, 0.34896892, 0.34978122, 0.34988523, 0.34964436, 0.34936643, 0.85763520
0.26832193, 1.0000000, 0.68232584, 4.2941036, 9.2273293, 9.4740934, 9.6879244, 9.7972393, 9.8878517, 19.951107, 19.968897, 19.915752, 19.869209, 0.29293960, 0.34227145, 0.34473997, 0.34687904, 0.34797230, 0.34887847, 0.34975553, 0.34984449, 0.34957877, 0.34934604, 0.68232584
0.22668728, 1.0000000, 0.53147560, 2.3527355, 7.4699540, 9.4147291, 9.6487856, 9.7729216, 9.8751230, 19.943924, 19.958399, 19.903879, 19.866213, 0.27352545, 0.32469591, 0.34414500, 0.34648737, 0.34772897, 0.34875116, 0.34971961, 0.34979200, 0.34951940, 0.34933108, 0.53147560
0.20243520, 1.0000000, 0.44360578, 1.7150849, 5.5855885, 9.4481897, 9.6614685, 9.7776442, 9.8756227, 19.939363, 19.947208, 19.893908, 19.864096, 0.26714879, 0.30585188, 0.34447849, 0.34661400, 0.34777609, 0.34875610, 0.34969682, 0.34973603, 0.34946954, 0.34932047, 0.44360578
0.23811181, 1.0000000, 0.57286888, 2.8260083, 8.0330009, 9.4650850, 9.6698704, 9.7818947, 9.8763533, 19.934008, 19.935177, 19.885651, 19.862555, 0.27825850, 0.33032730, 0.34464926, 0.34669837, 0.34781876, 0.34876347, 0.34967005, 0.34967589, 0.34942824, 0.34931278, 0.57286888
0.20594372, 1.0000000, 0.45631781, 1.7750144, 5.9214954, 9.4266396, 9.6510496, 9.7708244, 9.8702736, 19.926369, 19.922663, 19.878910, 19.861437, 0.26774853, 0.30921170, 0.34426379, 0.34650996, 0.34770799, 0.34870264, 0.34963185, 0.34961331, 0.34939456, 0.34930718, 0.45631781
0.17978643, 1.0000000, 0.36154503, 1.0111719, 4.0365839, 9.4251957, 9.6500158, 9.7691698, 9.8684502, 19.919285, 19.911030, 19.873707, 19.860668, 0.26011008, 0.29036194, 0.34424740, 0.34649923, 0.34769124, 0.34868434, 0.34959644, 0.34955513, 0.34936854, 0.34930333, 0.36154503
0.16171342, 0.98677838, 0.29606313, 0.83332956, 2.6218863, 8.4943123, 9.6040306, 9.7408133, 9.8538237, 19.908642, 19.899693, 19.869514, 19.860050, 0.25833169, 0.27621585, 0.33493823, 0.34603921, 0.34740755, 0.34853804, 0.34954321, 0.34949845, 0.34934756, 0.34930027, 0.29606313
0.26886219, 1.0000000, 0.68428320, 4.4687476, 9.0581274, 9.3696432, 9.6595230, 9.7707567, 9.8647423, 19.902452, 19.890970, 19.866598, 19.859697, 0.29468647, 0.34058005, 0.34369579, 0.34659511, 0.34770751, 0.34864739, 0.34951228, 0.34945485, 0.34933299, 0.34929848, 0.68428320
0.23210138, 1.0000000, 0.55109197, 2.5128126, 7.8429298, 9.4405794, 9.6593475, 9.7718945, 9.8636618, 19.893679, 19.883022, 19.864254, 19.859398, 0.27512708, 0.32842731, 0.34440461, 0.34659323, 0.34771883, 0.34863660, 0.34946841, 0.34941512, 0.34932128, 0.34929699, 0.55109197
0.19760528, 1.0000000, 0.42610610, 1.4690369, 5.4437866, 9.3933535, 9.6319504, 9.7553539, 9.8545647, 19.884132, 19.876204, 19.862438, 19.859194, 0.26468930, 0.30443546, 0.34393144, 0.34631908, 0.34755334, 0.34854558, 0.34942067, 0.34938103, 0.34931219, 0.34929597, 0.42610610
0.16610074, 1.0000000, 0.31195918, 0.57037175, 3.1534960, 9.3666811, 9.6101856, 9.7404137, 9.8449593, 19.874533, 19.870470, 19.861019, 19.859045, 0.25570247, 0.28153086, 0.34366071, 0.34610060, 0.34740350, 0.34844938, 0.34937266, 0.34935236, 0.34930509, 0.34929523, 0.31195918
0.14621884, 0.79966444, 0.23992333, 0.0000000, 2.2641511, 8.2453070, 9.6034365, 9.7344418, 9.8399534, 19.867218, 19.866232, 19.860043, 19.858934, 0.24999113, 0.27263933, 0.33244914, 0.34603342, 0.34734395, 0.34839937, 0.34933609, 0.34933117, 0.34930021, 0.34929466, 0.23992333
0.13635162, 0.68050689, 0.20417249, 0.97107887E-1, 1.5877187, 6.8966470, 9.5855694, 9.7219362, 9.8321810, 19.860374, 19.862787, 19.859297, 19.858828, 0.25097078, 0.26587436, 0.31896031, 0.34585395, 0.34721848, 0.34832150, 0.34930187, 0.34931394, 0.34929648, 0.34929413, 0.20417249
0.12298197, 0.51905400, 0.15573177, 0.0000000, 0.89847744, 5.3804331, 9.5426865, 9.6941433, 9.8174286, 19.853016, 19.859703, 19.858618, 19.858709, 0.24998021, 0.25898388, 0.30380166, 0.34542590, 0.34694096, 0.34817412, 0.34926507, 0.34929851, 0.34929308, 0.34929353, 0.15573177
0.13860534, 0.70772320, 0.21233819, 1.7127812, 0.49962699, 4.2370043, 9.5673332, 9.7065477, 9.8207016, 19.849522, 19.857946, 19.858282, 19.858688, 0.26712531, 0.25499582, 0.29236820, 0.34567249, 0.34706506, 0.34820688, 0.34924760, 0.34928972, 0.34929141, 0.34929344, 0.21233819
0.16293220, 1.0000000, 0.30047897, 1.6904056, 1.9958794, 7.1876011, 9.5969982, 9.7239685, 9.8273087, 19.847498, 19.856874, 19.858095, 19.858704, 0.26690161, 0.26995707, 0.32187292, 0.34596914, 0.34723926, 0.34827295, 0.34923750, 0.34928438, 0.34929049, 0.34929353, 0.30047897
0.18025354, 1.0000000, 0.36323744, 2.1056085, 2.7761042, 8.4199924, 9.6218615, 9.7394533, 9.8332891, 19.845797, 19.856075, 19.857990, 19.858692, 0.27105421, 0.27775955, 0.33419767, 0.34621811, 0.34739426, 0.34833279, 0.34922898, 0.34928039, 0.34928995, 0.34929347, 0.36323744
0.15550748, 0.91183490, 0.27357784, 1.0922462, 2.0788817, 7.2205992, 9.6001530, 9.7275162, 9.8276825, 19.842848, 19.855057, 19.857788, 19.858658, 0.26092112, 0.27078730, 0.32220334, 0.34600082, 0.34727481, 0.34827670, 0.34921426, 0.34927529, 0.34928894, 0.34929329, 0.27357784
0.15732923, 0.93383449, 0.28017837, 1.9060075, 1.5218735, 6.0650644, 9.5934515, 9.7230825, 9.8258934, 19.842009, 19.854673, 19.857731, 19.858704, 0.26905605, 0.26521680, 0.31064680, 0.34593329, 0.34723020, 0.34825873, 0.34921005, 0.34927338, 0.34928864, 0.34929353, 0.28017837
0.16796449, 1.0000000, 0.31871188, 2.3040919, 2.5211215, 5.2964859, 9.6372042, 9.7482014, 9.8363609, 19.843142, 19.854864, 19.857807, 19.858709, 0.27303773, 0.27520913, 0.30296266, 0.34637123, 0.34748161, 0.34836346, 0.34921572, 0.34927434, 0.34928903, 0.34929353, 0.31871188
0.15209815, 0.87066358, 0.26122519, 1.7021149, 1.5737206, 5.3776860, 9.5857401, 9.7189875, 9.8233862, 19.839909, 19.853954, 19.857590, 19.858658, 0.26702055, 0.26573688, 0.30377629, 0.34585720, 0.34718978, 0.34823385, 0.34919953, 0.34926978, 0.34928796, 0.34929329, 0.26122519
0.17557397, 1.0000000, 0.34628251, 2.4667501, 2.3921342, 6.8438354, 9.6611948, 9.7611294, 9.8411293, 19.842743, 19.854633, 19.857807, 19.858709, 0.27466473, 0.27391973, 0.31843603, 0.34661129, 0.34761098, 0.34841117, 0.34921372, 0.34927318, 0.34928903, 0.34929353, 0.34628251
0.15277477, 0.87883437, 0.26367667, 1.4669985, 1.8093020, 5.8440356, 9.6213388, 9.7407932, 9.8335142, 19.841827, 19.854366, 19.857731, 19.858692, 0.26466945, 0.26809263, 0.30843973, 0.34621319, 0.34740782, 0.34833512, 0.34920913, 0.34927183, 0.34928864, 0.34929347, 0.26367667
0.13288292, 0.63861871, 0.19160478, 0.66662133, 1.2737006, 4.7865858, 9.5967569, 9.7255144, 9.8269758, 19.841009, 19.854126, 19.857672, 19.858692, 0.25666386, 0.26273432, 0.29786083, 0.34596553, 0.34725413, 0.34826940, 0.34920505, 0.34927064, 0.34928834, 0.34929347, 0.19160478
0.35020781, 1.0000000, 0.97901380, 9.8029737, 9.7193460, 9.8333139, 9.9558535, 9.9775209, 9.9915047, 19.999016, 19.999748, 19.999901, 19.987009, 0.34802359, 0.34718978, 0.34833130, 0.34955814, 0.34977502, 0.34991500, 0.34999508, 0.34999874, 0.34999949, 0.34993505, 0.97901380
0.34681231, 1.0000000, 0.96671128, 9.5289307, 9.7481756, 9.8653440, 9.9663534, 9.9829454, 9.9936914, 19.999386, 19.999838, 19.999908, 19.986019, 0.34528506, 0.34747916, 0.34865212, 0.34966326, 0.34982935, 0.34993687, 0.34999692, 0.34999919, 0.34999955, 0.34993011, 0.96671128
0.32221901, 1.0000000, 0.87760502, 8.0164747, 9.4245062, 9.6391306, 9.8649206, 9.9285660, 9.9714289, 19.995880, 19.998926, 19.998865, 19.962788, 0.33016288, 0.34424376, 0.34639066, 0.34864905, 0.34928560, 0.34971425, 0.34997940, 0.34999463, 0.34999433, 0.34981394, 0.87760502
0.28329396, 1.0000000, 0.73657221, 5.2955551, 9.3100719, 9.5572357, 9.7889977, 9.8809328, 9.9484177, 19.991127, 19.997681, 19.995779, 19.941525, 0.30295235, 0.34309733, 0.34557062, 0.34788960, 0.34880915, 0.34948412, 0.34995562, 0.34998840, 0.34997889, 0.34970763, 0.73657221
0.23944376, 1.0000000, 0.57769477, 2.7805953, 8.2658157, 9.4599543, 9.7087011, 9.8267193, 9.9191055, 19.983723, 19.995672, 19.989799, 19.922983, 0.27780306, 0.33265299, 0.34459659, 0.34708643, 0.34826690, 0.34919098, 0.34991860, 0.34997836, 0.34994900, 0.34961492, 0.57769477
0.21640405, 1.0000000, 0.49421757, 2.3787856, 6.1646719, 9.4462223, 9.6780443, 9.8000898, 9.9006596, 19.977407, 19.993708, 19.980957, 19.907604, 0.27378440, 0.31164137, 0.34445810, 0.34677961, 0.34800047, 0.34900644, 0.34988704, 0.34996855, 0.34990478, 0.34953803, 0.49421757
0.35599905, 1.0000000, 0.99999648, 9.9999990, 9.9999990, 9.9999990, 9.9999990, 9.9999990, 9.9999990, 19.999998, 19.999998, 19.999998, 19.998999, 0.34999952, 0.34999970, 0.34999985, 0.34999996, 0.34999999, 0.34999999, 0.34999999, 0.34999999, 0.34999999, 0.34999499, 0.99999648
0.35599589, 1.0000000, 0.99998504, 9.9998446, 9.9999037, 9.9999514, 9.9999905, 9.9999933, 9.9999990, 19.999998, 19.999998, 19.999998, 19.996996, 0.34999794, 0.34999874, 0.34999937, 0.34999987, 0.34999990, 0.34999999, 0.34999999, 0.34999999, 0.34999999, 0.34998497, 0.99998504
0.35599905, 1.0000000, 0.99999648, 9.9999990, 9.9999990, 9.9999990, 9.9999990, 9.9999990, 9.9999990, 19.999998, 19.999998, 19.999998, 19.998999, 0.34999952, 0.34999970, 0.34999985, 0.34999996, 0.34999999, 0.34999999, 0.34999999, 0.34999999, 0.34999999, 0.34999499, 0.99999648
0.34741342, 1.0000000, 0.96888906, 9.6022234, 9.7142096, 9.8346395, 9.9573383, 9.9782934, 9.9920073, 19.999296, 19.999813, 19.999895, 19.983068, 0.34602174, 0.34714180, 0.34834626, 0.34957334, 0.34978291, 0.34992006, 0.34999648, 0.34999907, 0.34999949, 0.34991533, 0.96888906
0.35599607, 1.0000000, 0.99998569, 9.9998531, 9.9999104, 9.9999542, 9.9999905, 9.9999962, 9.9999990, 19.999992, 19.999998, 19.999998, 19.996996, 0.34999803, 0.34999880, 0.34999940, 0.34999987, 0.34999993, 0.34999999, 0.34999996, 0.34999999, 0.34999999, 0.34998497, 0.99998569
0.33391410, 1.0000000, 0.91997850, 8.8018694, 9.4980726, 9.6889744, 9.9010057, 9.9485188, 9.9798527, 19.997263, 19.999296, 19.999722, 19.981050, 0.33801767, 0.34498006, 0.34688941, 0.34900999, 0.34948516, 0.34979853, 0.34998631, 0.34999648, 0.34999859, 0.34990525, 0.91997850
0.29438275, 1.0000000, 0.77674913, 6.1095905, 9.2943172, 9.5515175, 9.7967148, 9.8874044, 9.9516716, 19.991270, 19.997728, 19.998180, 19.958118, 0.31109238, 0.34293997, 0.34551355, 0.34796682, 0.34887385, 0.34951666, 0.34995633, 0.34998864, 0.34999090, 0.34979060, 0.77674913
0.25222749, 1.0000000, 0.62401253, 3.1168075, 9.2280340, 9.4936743, 9.7365561, 9.8450632, 9.9289227, 19.986031, 19.996319, 19.994547, 19.937365, 0.28116673, 0.34227794, 0.34493551, 0.34736532, 0.34845051, 0.34928921, 0.34993017, 0.34998161, 0.34997272, 0.34968683, 0.62401253
0.21396372, 1.0000000, 0.48537576, 1.7824322, 6.8807530, 9.4130402, 9.6696281, 9.7978611, 9.9020100, 19.978937, 19.994337, 19.987963, 19.919487, 0.26782289, 0.31880420, 0.34412810, 0.34669581, 0.34797838, 0.34902000, 0.34989470, 0.34997168, 0.34993982, 0.34959742, 0.48537576
0.18912019, 1.0000000, 0.39536297, 1.0985732, 5.0102692, 9.4336834, 9.6700983, 9.7912598, 9.8935442, 19.974495, 19.992744, 19.978662, 19.904776, 0.26098439, 0.30009905, 0.34433341, 0.34670025, 0.34791225, 0.34893531, 0.34987247, 0.34996372, 0.34989330, 0.34952387, 0.39536297
0.16348760, 1.0000000, 0.30249131, 0.41309893, 3.0700305, 9.4142675, 9.6502371, 9.7760420, 9.8829927, 19.969114, 19.990311, 19.966864, 19.893049, 0.25412980, 0.28069496, 0.34413451, 0.34650069, 0.34775957, 0.34882963, 0.34984559, 0.34995157, 0.34983432, 0.34946525, 0.30249131
0.35037726, 1.0000000, 0.97962773, 9.7067051, 9.8513060, 9.9228840, 9.9826832, 9.9912825, 9.9969187, 19.999832, 19.999958, 19.999969, 19.989016, 0.34706384, 0.34851110, 0.34922785, 0.34982663, 0.34991273, 0.34996915, 0.34999916, 0.34999979, 0.34999985, 0.34994507, 0.97962773
0.30437446, 1.0000000, 0.81295091, 6.8037930, 9.3218727, 9.5848799, 9.8407898, 9.9151316, 9.9647207, 19.993689, 19.998360, 19.998907, 19.965565, 0.31803232, 0.34321412, 0.34584641, 0.34840742, 0.34915107, 0.34964713, 0.34996843, 0.34999180, 0.34999454, 0.34982783, 0.81295091
0.25571194, 1.0000000, 0.63663745, 3.3736923, 9.2211618, 9.4916363, 9.7432194, 9.8525190, 9.9336596, 19.986591, 19.996469, 19.995941, 19.943972, 0.28373408, 0.34220695, 0.34491399, 0.34743172, 0.34852496, 0.34933650, 0.34993297, 0.34998235, 0.34997970, 0.34971985, 0.63663745
0.23862836, 1.0000000, 0.57474041, 2.7778924, 8.1420679, 9.5159225, 9.7233534, 9.8310347, 9.9180670, 19.981602, 19.995073, 19.990482, 19.925112, 0.27777633, 0.33141613, 0.34515658, 0.34723300, 0.34831008, 0.34918058, 0.34990799, 0.34997538, 0.34995240, 0.34962556, 0.57474041
0.23394294, 1.0000000, 0.55776423, 2.6169837, 7.8091679, 9.5793619, 9.7481089, 9.8397331, 9.9178267, 19.979639, 19.994282, 19.982319, 19.909405, 0.27616873, 0.32808971, 0.34579238, 0.34748083, 0.34839720, 0.34917822, 0.34989819, 0.34997141, 0.34991160, 0.34954703, 0.55776423
0.26155466, 1.0000000, 0.65780669, 3.7674637, 9.2242584, 9.5812521, 9.7556505, 9.8427868, 9.9175682, 19.978046, 19.993141, 19.971527, 19.896755, 0.28767434, 0.34224218, 0.34581229, 0.34755644, 0.34842783, 0.34917569, 0.34989023, 0.34996569, 0.34985763, 0.34948379, 0.65780669
0.34946239, 1.0000000, 0.97631299, 9.9376478, 9.5835199, 9.5345688, 9.7358179, 9.8312922, 9.9114008, 19.974985, 19.990805, 19.958672, 19.886892, 0.34937596, 0.34583491, 0.34534553, 0.34735814, 0.34831288, 0.34911400, 0.34987491, 0.34995401, 0.34979337, 0.34943447, 0.97631299
0.35599697, 1.0000000, 0.99998897, 9.9998980, 9.9999399, 9.9999695, 9.9999933, 9.9999933, 9.9999990, 19.999998, 19.999998, 19.999990, 19.991968, 0.34999847, 0.34999910, 0.34999955, 0.34999990, 0.34999990, 0.34999999, 0.34999999, 0.34999999, 0.34999996, 0.34995985, 0.99998897
0.35599285, 1.0000000, 0.99997395, 9.9996891, 9.9998150, 9.9999037, 9.9999819, 9.9999905, 9.9999990, 19.999998, 19.999998, 19.999996, 19.993994, 0.34999642, 0.34999785, 0.34999889, 0.34999979, 0.34999990, 0.34999999, 0.34999999, 0.34999999, 0.34999996, 0.34996998, 0.99997395
0.35471922, 1.0000000, 0.99535936, 9.9355640, 9.9627085, 9.9811974, 9.9962015, 9.9980946, 9.9993677, 19.999998, 19.999998, 19.999989, 19.991005, 0.34935516, 0.34962678, 0.34981182, 0.34996200, 0.34998095, 0.34999368, 0.34999999, 0.34999999, 0.34999993, 0.34995502, 0.99535936
0.35599136, 1.0000000, 0.99996865, 9.9996624, 9.9997940, 9.9998980, 9.9999790, 9.9999905, 9.9999990, 19.999998, 19.999998, 19.999998, 19.994993, 0.34999570, 0.34999737, 0.34999871, 0.34999973, 0.34999987, 0.34999999, 0.34999999, 0.34999999, 0.34999999, 0.34997496, 0.99996865
0.35600001, 1.0000000, 1.0000000, 9.9999990, 9.9999990, 9.9999990, 9.9999990, 9.9999990, 9.9999990, 19.999998, 19.999998, 19.999998, 19.997997, 0.34999999, 0.34999999, 0.34999999, 0.34999999, 0.34999999, 0.34999999, 0.34999999, 0.34999999, 0.34999999, 0.34998998, 1.0000000
0.35547757, 1.0000000, 0.99810719, 9.9738541, 9.9845533, 9.9922533, 9.9984379, 9.9992189, 9.9997435, 19.999998, 19.999998, 19.999989, 19.991005, 0.34973854, 0.34984553, 0.34992254, 0.34998438, 0.34999219, 0.34999743, 0.34999999, 0.34999999, 0.34999993, 0.34995502, 0.99810719
0.35599470, 1.0000000, 0.99998081, 9.9997883, 9.9998713, 9.9999399, 9.9999876, 9.9999876, 9.9999990, 19.999998, 19.999998, 19.999998, 19.994993, 0.34999734, 0.34999838, 0.34999925, 0.34999985, 0.34999985, 0.34999999, 0.34999999, 0.34999999, 0.34999999, 0.34997496, 0.99998081
0.35599899, 1.0000000, 0.99999636, 9.9999990, 9.9999990, 9.9999990, 9.9999990, 9.9999990, 9.9999990, 19.999998, 19.999998, 19.999998, 19.998999, 0.34999949, 0.34999970, 0.34999985, 0.34999996, 0.34999996, 0.34999999, 0.34999999, 0.34999999, 0.34999999, 0.34999499, 0.99999636
0.33642113, 1.0000000, 0.92906195, 8.9713287, 9.5068436, 9.7108955, 9.9048462, 9.9504204, 9.9801874, 19.996929, 19.999201, 19.999548, 19.975185, 0.33971280, 0.34506813, 0.34710881, 0.34904844, 0.34950417, 0.34980187, 0.34998465, 0.34999600, 0.34999773, 0.34987593, 0.92906195
0.30120522, 1.0000000, 0.80146819, 6.5546675, 9.3509197, 9.5933161, 9.8250513, 9.9038000, 9.9594269, 19.993153, 19.998217, 19.997717, 19.952765, 0.31554630, 0.34350884, 0.34593299, 0.34825048, 0.34903798, 0.34959427, 0.34996575, 0.34999108, 0.34998858, 0.34976381, 0.80146819
0.25317913, 1.0000000, 0.62746054, 3.1930277, 9.2181139, 9.4883013, 9.7392731, 9.8482046, 9.9317665, 19.987507, 19.996725, 19.993395, 19.932680, 0.28192899, 0.34217891, 0.34488186, 0.34739250, 0.34848192, 0.34931764, 0.34993753, 0.34998363, 0.34996697, 0.34966341, 0.62746054
0.24128522, 1.0000000, 0.58436668, 2.8790236, 8.3147135, 9.4794054, 9.7064447, 9.8204222, 9.9136744, 19.982548, 19.995306, 19.986246, 19.915615, 0.27878821, 0.33314362, 0.34479204, 0.34706402, 0.34820402, 0.34913668, 0.34991273, 0.34997654, 0.34993124, 0.34957808, 0.58436668
0.24506268, 1.0000000, 0.59805316, 2.8398724, 8.8196983, 9.5085564, 9.7182732, 9.8221092, 9.9101515, 19.980055, 19.994198, 19.976444, 19.901701, 0.27839848, 0.33819658, 0.34508532, 0.34718266, 0.34822106, 0.34910151, 0.34990028, 0.34997100, 0.34988222, 0.34950849, 0.59805316
0.21831448, 1.0000000, 0.50113940, 2.0555825, 6.9235582, 9.4610691, 9.6957569, 9.8072815, 9.9014025, 19.976751, 19.992222, 19.964275, 19.890688, 0.27055496, 0.31923383, 0.34460950, 0.34695733, 0.34807271, 0.34901398, 0.34988376, 0.34996110, 0.34982139, 0.34945345, 0.50113940
0.19413371, 1.0000000, 0.41352794, 1.3580739, 5.1641412, 9.4675322, 9.6862984, 9.7991037, 9.8949442, 19.972696, 19.988960, 19.950634, 19.882244, 0.26357955, 0.30163869, 0.34467283, 0.34686247, 0.34799078, 0.34894934, 0.34986347, 0.34994480, 0.34975317, 0.34941122, 0.41352794
0.35594261, 1.0000000, 0.99979204, 9.9976568, 9.9985962, 9.9992990, 9.9998589, 9.9999247, 9.9999790, 19.999998, 19.999998, 19.999996, 19.993994, 0.34997138, 0.34998286, 0.34999144, 0.34999830, 0.34999910, 0.34999973, 0.34999999, 0.34999999, 0.34999996, 0.34996998, 0.99979204
0.35599595, 1.0000000, 0.99998534, 9.9998474, 9.9999104, 9.9999542, 9.9999905, 9.9999905, 9.9999990, 19.999998, 19.999998, 19.999998, 19.995995, 0.34999797, 0.34999880, 0.34999940, 0.34999987, 0.34999987, 0.34999999, 0.34999999, 0.34999999, 0.34999999, 0.34997997, 0.99998534
0.35599357, 1.0000000, 0.99997669, 9.9997339, 9.9998388, 9.9999189, 9.9999819, 9.9999905, 9.9999962, 19.999998, 19.999998, 19.999998, 19.995995, 0.34999681, 0.34999806, 0.34999904, 0.34999979, 0.34999987, 0.34999996, 0.34999999, 0.34999999, 0.34999999, 0.34997997, 0.99997669
0.32718998, 1.0000000, 0.89561582, 8.3037243, 9.5030069, 9.7122793, 9.9119883, 9.9544277, 9.9824152, 19.997810, 19.999426, 19.999620, 19.975887, 0.33303675, 0.34502974, 0.34712261, 0.34911984, 0.34954426, 0.34982416, 0.34998906, 0.34999713, 0.34999812, 0.34987944, 0.89561582
0.35597092, 1.0000000, 0.99989450, 9.9989090, 9.9993467, 9.9996719, 9.9999342, 9.9999666, 9.9999905, 19.999998, 19.999998, 19.999998, 19.994987, 0.34998548, 0.34999129, 0.34999564, 0.34999913, 0.34999955, 0.34999987, 0.34999999, 0.34999999, 0.34999999, 0.34997493, 0.99989450
0.32831401, 1.0000000, 0.89968836, 8.3928909, 9.4947672, 9.7049341, 9.9048204, 9.9504881, 9.9803686, 19.997089, 19.999235, 19.999662, 19.978106, 0.33392844, 0.34494734, 0.34704918, 0.34904817, 0.34950486, 0.34980369, 0.34998545, 0.34999618, 0.34999830, 0.34989053, 0.89968836
0.28785992, 1.0000000, 0.75311553, 5.6187773, 9.3146572, 9.5669060, 9.8094616, 9.8948383, 9.9555731, 19.992561, 19.998051, 19.998001, 19.955423, 0.30618605, 0.34314486, 0.34566820, 0.34809443, 0.34894830, 0.34955570, 0.34996280, 0.34999025, 0.34999001, 0.34977710, 0.75311553
0.26003146, 1.0000000, 0.65228790, 3.5817471, 9.3483057, 9.5765228, 9.7849159, 9.8739672, 9.9434433, 19.990229, 19.997416, 19.994228, 19.935043, 0.28581437, 0.34347820, 0.34576276, 0.34784865, 0.34873942, 0.34943435, 0.34995115, 0.34998709, 0.34997115, 0.34967521, 0.65228790
0.35596788, 1.0000000, 0.99988353, 9.9995499, 9.9997311, 9.9998655, 9.9999723, 9.9999847, 9.9999933, 19.999998, 19.999998, 19.999998, 19.997997, 0.34998396, 0.34999040, 0.34999520, 0.34999904, 0.34999949, 0.34999982, 0.34999999, 0.34999999, 0.34999999, 0.34998998, 0.99988353
0.35599893, 1.0000000, 0.99999613, 9.9999990, 9.9999990, 9.9999990, 9.9999990, 9.9999990, 9.9999990, 19.999998, 19.999998, 19.999998, 19.998999, 0.34999946, 0.34999967, 0.34999985, 0.34999996, 0.34999996, 0.34999999, 0.34999999, 0.34999999, 0.34999999, 0.34999499, 0.99999613
0.35599434, 1.0000000, 0.99997944, 9.9999990, 9.9999990, 9.9999990, 9.9999990, 9.9999990, 9.9999990, 19.999998, 19.999998, 19.999998, 19.998999, 0.34999716, 0.34999830, 0.34999913, 0.34999982, 0.34999990, 0.34999996, 0.34999999, 0.34999999, 0.34999999, 0.34999499, 0.99997944
0.35599792, 1.0000000, 0.99999243, 9.9999485, 9.9999695, 9.9999847, 9.9999962, 9.9999962, 9.9999990, 19.999998, 19.999998, 19.999998, 19.997997, 0.34999895, 0.34999937, 0.34999970, 0.34999993, 0.34999993, 0.34999999, 0.34999999, 0.34999999, 0.34999999, 0.34998998, 0.99999243
0.32656741, 1.0000000, 0.89336014, 8.2613573, 9.5000296, 9.7095585, 9.9100399, 9.9533672, 9.9819355, 19.997698, 19.999397, 19.999575, 19.974239, 0.33261314, 0.34500000, 0.34709543, 0.34910038, 0.34953365, 0.34981936, 0.34998849, 0.34999698, 0.34999788, 0.34987119, 0.89336014
0.28884923, 1.0000000, 0.75670010, 5.6718321, 9.3357668, 9.5827541, 9.8232756, 9.9030533, 9.9601974, 19.994429, 19.998539, 19.997700, 19.951887, 0.30671713, 0.34335652, 0.34582695, 0.34823263, 0.34903046, 0.34960195, 0.34997213, 0.34999269, 0.34998849, 0.34975943, 0.75670010
0.27832669, 1.0000000, 0.71857488, 4.9835258, 9.2553492, 9.5148001, 9.7581654, 9.8595943, 9.9387913, 19.991175, 19.997684, 19.993431, 19.931946, 0.29983339, 0.34255141, 0.34514692, 0.34758145, 0.34859583, 0.34938788, 0.34995586, 0.34998843, 0.34996715, 0.34965974, 0.71857488
0.27737379, 1.0000000, 0.71512240, 4.8615432, 9.3243284, 9.5533333, 9.7589769, 9.8532639, 9.9317064, 19.989634, 19.997164, 19.986410, 19.915047, 0.29861465, 0.34324241, 0.34553286, 0.34758967, 0.34853259, 0.34931704, 0.34994817, 0.34998581, 0.34993204, 0.34957522, 0.71512240
0.26263475, 1.0000000, 0.66172004, 3.7598393, 9.3694410, 9.5767164, 9.7598648, 9.8499060, 9.9263849, 19.987459, 19.996151, 19.976524, 19.901239, 0.28759620, 0.34369111, 0.34576547, 0.34759828, 0.34849888, 0.34926379, 0.34993729, 0.34998077, 0.34988263, 0.34950620, 0.66172004
0.23633717, 1.0000000, 0.56643903, 2.5794058, 8.1918068, 9.5206022, 9.7342119, 9.8334122, 9.9167204, 19.984446, 19.994318, 19.964296, 19.890358, 0.27579361, 0.33191720, 0.34520552, 0.34734204, 0.34833407, 0.34916717, 0.34992224, 0.34997159, 0.34982148, 0.34945178, 0.56643903
0.27505356, 1.0000000, 0.70671576, 4.7014961, 9.3052702, 9.5682631, 9.7531395, 9.8418694, 9.9184380, 19.983397, 19.991879, 19.950792, 19.882044, 0.29701260, 0.34304988, 0.34568119, 0.34753108, 0.34841853, 0.34918433, 0.34991699, 0.34995940, 0.34975398, 0.34941024, 0.70671576
0.33227420, 1.0000000, 0.91403687, 8.8263111, 9.3444805, 9.5619640, 9.7511110, 9.8403292, 9.9167461, 19.981512, 19.987675, 19.936789, 19.875761, 0.33826110, 0.34344354, 0.34561899, 0.34751099, 0.34840322, 0.34916744, 0.34990758, 0.34993836, 0.34968394, 0.34937879, 0.91403687
0.35465813, 1.0000000, 0.99513811, 9.9999990, 9.9915743, 9.7172709, 9.9061384, 9.9512300, 9.9807930, 19.997274, 19.999296, 19.999754, 19.983032, 0.34999946, 0.34991542, 0.34717256, 0.34906134, 0.34951228, 0.34980792, 0.34998637, 0.34999648, 0.34999877, 0.34991515, 0.99513811
0.34873313, 1.0000000, 0.97367066, 9.8765574, 9.5327244, 9.6332655, 9.8494339, 9.9176416, 9.9666357, 19.995707, 19.998884, 19.998634, 19.960049, 0.34875917, 0.34532353, 0.34633079, 0.34849396, 0.34917623, 0.34966630, 0.34997854, 0.34999442, 0.34999317, 0.34980023, 0.97367066
0.35599792, 1.0000000, 0.99999231, 9.9999485, 9.9999666, 9.9999847, 9.9999962, 9.9999962, 9.9999990, 19.999998, 19.999998, 19.999998, 19.997997, 0.34999895, 0.34999934, 0.34999970, 0.34999993, 0.34999993, 0.34999999, 0.34999999, 0.34999999, 0.34999999, 0.34998998, 0.99999231
0.35599893, 1.0000000, 0.99999607, 9.9999990, 9.9999990, 9.9999990, 9.9999990, 9.9999990, 9.9999990, 19.999998, 19.999998, 19.999998, 19.998999, 0.34999946, 0.34999967, 0.34999982, 0.34999996, 0.34999996, 0.34999999, 0.34999999, 0.34999999, 0.34999999, 0.34999499, 0.99999607
0.35355794, 1.0000000, 0.99115193, 9.8757534, 9.9308825, 9.9648628, 9.9927969, 9.9963856, 9.9987984, 19.999998, 19.999998, 19.999884, 19.979433, 0.34875649, 0.34930819, 0.34964830, 0.34992790, 0.34996381, 0.34998798, 0.34999999, 0.34999999, 0.34999943, 0.34989718, 0.99115193
0.35590011, 1.0000000, 0.99963796, 9.9966316, 9.9979792, 9.9989862, 9.9997969, 9.9998980, 9.9999666, 19.999998, 19.999998, 19.999998, 19.996996, 0.34995022, 0.34997013, 0.34998503, 0.34999701, 0.34999850, 0.34999952, 0.34999999, 0.34999999, 0.34999999, 0.34998497, 0.99963796
0.35599917, 1.0000000, 0.99999690, 9.9999990, 9.9999990, 9.9999990, 9.9999990, 9.9999990, 9.9999990, 19.999998, 19.999998, 19.999998, 19.998999, 0.34999958, 0.34999973, 0.34999987, 0.34999996, 0.34999999, 0.34999999, 0.34999999, 0.34999999, 0.34999999, 0.34999499, 0.99999690
0.35599810, 1.0000000, 0.99999303, 9.9999990, 9.9999990, 9.9999990, 9.9999990, 9.9999990, 9.9999990, 19.999998, 19.999998, 19.999998, 19.998999, 0.34999904, 0.34999943, 0.34999970, 0.34999993, 0.34999996, 0.34999999, 0.34999999, 0.34999999, 0.34999999, 0.34999499, 0.99999303
0.33533877, 1.0000000, 0.92514038, 8.8155041, 9.5994530, 9.7743893, 9.9393139, 9.9689407, 9.9887018, 19.999187, 19.999790, 19.999727, 19.976204, 0.33815503, 0.34599453, 0.34774390, 0.34939313, 0.34968942, 0.34988701, 0.34999594, 0.34999895, 0.34999865, 0.34988102, 0.92514038
0.30951640, 1.0000000, 0.83158112, 7.0718508, 9.4502897, 9.6650553, 9.8788509, 9.9353914, 9.9753304, 19.997894, 19.999456, 19.998138, 19.953728, 0.32071561, 0.34450057, 0.34664935, 0.34878826, 0.34935379, 0.34975329, 0.34998947, 0.34999728, 0.34999070, 0.34976864, 0.83158112
0.27558571, 1.0000000, 0.70864379, 4.7144442, 9.3341064, 9.5774221, 9.8097048, 9.8934021, 9.9560709, 19.994946, 19.998692, 19.994141, 19.933563, 0.29714337, 0.34333977, 0.34577358, 0.34809691, 0.34893396, 0.34956068, 0.34997472, 0.34999347, 0.34997070, 0.34966782, 0.70864379
0.24637592, 1.0000000, 0.60281128, 2.9279649, 8.8041906, 9.5487289, 9.7719173, 9.8659124, 9.9413147, 19.992962, 19.998072, 19.987349, 19.916401, 0.27927724, 0.33803752, 0.34548491, 0.34771869, 0.34865889, 0.34941307, 0.34996480, 0.34999037, 0.34993675, 0.34958202, 0.60281128
0.22328809, 1.0000000, 0.51915973, 2.2355227, 7.1904068, 9.5162258, 9.7398853, 9.8421783, 9.9266310, 19.989819, 19.996868, 19.977623, 19.902319, 0.27235380, 0.32190129, 0.34516045, 0.34739846, 0.34842160, 0.34926626, 0.34994909, 0.34998435, 0.34988812, 0.34951159, 0.51915973
0.20313975, 1.0000000, 0.44615850, 1.6638696, 5.7174392, 9.5090122, 9.7258692, 9.8295307, 9.9167986, 19.986805, 19.995127, 19.965548, 19.891178, 0.26663339, 0.30716345, 0.34508103, 0.34725684, 0.34829435, 0.34916767, 0.34993404, 0.34997565, 0.34982774, 0.34945589, 0.44615850
0.18226624, 1.0000000, 0.37052983, 1.0899186, 4.1743145, 9.4738598, 9.7028637, 9.8131371, 9.9062433, 19.983152, 19.992125, 19.951952, 19.882620, 0.26089388, 0.29173097, 0.34472477, 0.34702581, 0.34812993, 0.34906197, 0.34991577, 0.34996063, 0.34975976, 0.34941310, 0.37052983
0.16387343, 1.0000000, 0.30388927, 0.58457255, 2.9617548, 9.1474743, 9.6843653, 9.7996092, 9.8974676, 19.979342, 19.987545, 19.937834, 19.876156, 0.25584084, 0.27960268, 0.34145176, 0.34683880, 0.34799361, 0.34897384, 0.34989670, 0.34993774, 0.34968919, 0.34938079, 0.30388927
0.14989179, 0.84401947, 0.25323117, 0.18073320, 2.4250150, 8.1917715, 9.6704397, 9.7892284, 9.8908205, 19.975710, 19.981087, 19.924141, 19.871359, 0.25180590, 0.27423856, 0.33189812, 0.34669977, 0.34788993, 0.34890744, 0.34987855, 0.34990543, 0.34962070, 0.34935680, 0.25323117
0.13983309, 0.72254956, 0.21678655, 0.0000000, 1.9635886, 7.2877092, 9.6649399, 9.7843161, 9.8870182, 19.972082, 19.972652, 19.911556, 19.867865, 0.24998611, 0.26962724, 0.32286108, 0.34664515, 0.34784102, 0.34886947, 0.34986040, 0.34986326, 0.34955779, 0.34933931, 0.21678655
0.13255771, 0.63469142, 0.19042647, 0.0000000, 1.5444368, 6.3713651, 9.6539888, 9.7769661, 9.8830023, 19.968479, 19.962425, 19.900551, 19.865307, 0.24998611, 0.26543710, 0.31369865, 0.34653533, 0.34776738, 0.34882924, 0.34984240, 0.34981212, 0.34950274, 0.34932655, 0.19042647
0.12543631, 0.54869282, 0.16462430, 0.0000000, 1.1572838, 5.4297218, 9.6367531, 9.7660103, 9.8775244, 19.964165, 19.950790, 19.891241, 19.863470, 0.24998611, 0.26156726, 0.30428416, 0.34636292, 0.34765774, 0.34877443, 0.34982082, 0.34975395, 0.34945619, 0.34931734, 0.16462430
0.11942057, 0.47604623, 0.14282815, 0.0000000, 0.85299015, 4.5866175, 9.6366224, 9.7647896, 9.8758249, 19.959097, 19.938423, 19.883636, 19.862167, 0.24998611, 0.25852242, 0.29584610, 0.34635779, 0.34764361, 0.34875682, 0.34979549, 0.34969211, 0.34941819, 0.34931085, 0.14282815
0.11373481, 0.40738446, 0.12222756, 0.0000000, 0.58116913, 3.7581799, 9.6256199, 9.7577219, 9.8719225, 19.952662, 19.925964, 19.877558, 19.861233, 0.24998611, 0.25580820, 0.28757051, 0.34625041, 0.34757429, 0.34871826, 0.34976330, 0.34962982, 0.34938779, 0.34930617, 0.12222756
0.10842205, 0.34322715, 0.10297845, 0.0000000, 0.33524036, 2.9911666, 9.5098133, 9.7426596, 9.8642740, 19.944727, 19.914043, 19.872791, 19.860550, 0.24998611, 0.25335038, 0.27990264, 0.34509239, 0.34742364, 0.34864175, 0.34972364, 0.34957021, 0.34936395, 0.34930274, 0.10297845
0.10456347, 0.29663065, 0.88998094E-1, 0.0000000, 0.14122427, 2.5435209, 9.0385084, 9.7256813, 9.8551960, 19.935783, 19.903233, 19.869150, 19.860067, 0.24998611, 0.25141102, 0.27542427, 0.34037730, 0.34725264, 0.34855056, 0.34967893, 0.34951615, 0.34934574, 0.34930032, 0.88998094E-1
0.10239909, 0.27049336, 0.81156127E-1, 0.0000000, 0.62724948E-1, 2.2523522, 8.6537056, 9.7398338, 9.8595810, 19.927658, 19.894194, 19.866474, 19.859751, 0.24998611, 0.25062692, 0.27251765, 0.33653253, 0.34739581, 0.34859493, 0.34963828, 0.34947097, 0.34933236, 0.34929875, 0.81156127E-1
0.99648267E-1, 0.23727423, 0.71189389E-1, 0.0000000, 0.0000000, 1.8249899, 8.1154175, 9.7022209, 9.8419580, 19.917351, 19.886147, 19.864361, 19.859497, 0.24998611, 0.24999379, 0.26824665, 0.33115128, 0.34702048, 0.34841898, 0.34958676, 0.34943074, 0.34932181, 0.34929749, 0.71189389E-1
0.97623698E-1, 0.21282531, 0.63853979E-1, 0.0000000, 0.0000000, 1.4538348, 7.5378232, 9.6828003, 9.8300581, 19.907572, 19.879622, 19.862804, 19.859346, 0.24998611, 0.24999379, 0.26453510, 0.32537487, 0.34682584, 0.34829983, 0.34953785, 0.34939811, 0.34931403, 0.34929675, 0.63853979E-1
0.95926888E-1, 0.19233452, 0.57706129E-1, 0.0000000, 0.0000000, 1.1585146, 6.9691854, 9.6765966, 9.8243160, 19.898722, 19.874498, 19.861675, 19.859299, 0.24998611, 0.24999379, 0.26158205, 0.31968811, 0.34676337, 0.34824231, 0.34949362, 0.34937251, 0.34930837, 0.34929651, 0.57706129E-1
0.94654791E-1, 0.17697251, 0.53097062E-1, 0.0000000, 0.0000000, 0.94953775, 6.4722853, 9.6855478, 9.8262148, 19.891027, 19.870533, 19.860918, 19.859251, 0.24998611, 0.24999379, 0.25949332, 0.31472000, 0.34685335, 0.34826142, 0.34945515, 0.34935266, 0.34930459, 0.34929627, 0.53097062E-1
0.93604095E-1, 0.16428427, 0.49290214E-1, 0.0000000, 0.0000000, 0.78566372, 6.0180683, 9.6956234, 9.8290186, 19.884333, 19.867477, 19.860363, 19.859217, 0.24998611, 0.24999379, 0.25785345, 0.31017584, 0.34695229, 0.34828886, 0.34942168, 0.34933740, 0.34930182, 0.34929609, 0.49290214E-1
0.93051001E-1, 0.15760499, 0.47286227E-1, 0.0000000, 0.0000000, 0.71034729, 5.7025585, 9.7372150, 9.8453045, 19.879496, 19.865389, 19.860012, 19.859217, 0.24998611, 0.24999379, 0.25710115, 0.30702186, 0.34736896, 0.34845197, 0.34939748, 0.34932694, 0.34930006, 0.34929609, 0.47286227E-1
0.91940708E-1, 0.14419706, 0.43263447E-1, 0.0000000, 0.0000000, 0.54287314, 5.2283344, 9.6832609, 9.8233156, 19.873920, 19.863422, 19.859676, 19.859180, 0.24998611, 0.24999379, 0.25542822, 0.30228236, 0.34683168, 0.34823287, 0.34936959, 0.34931710, 0.34929839, 0.34929591, 0.43263447E-1
0.93663037E-1, 0.16499603, 0.49503759E-1, 0.15378296, 0.0000000, 0.49464703, 4.9573207, 9.7426338, 9.8450127, 19.870350, 19.862198, 19.859493, 19.859180, 0.25153598, 0.24999379, 0.25494471, 0.29956967, 0.34742287, 0.34844896, 0.34935176, 0.34931099, 0.34929746, 0.34929591, 0.49503759E-1
0.90474218E-1, 0.12648761, 0.37950080E-1, 0.0000000, 0.0000000, 0.33946335, 4.4817023, 9.6724253, 9.8160191, 19.865255, 19.860712, 19.859276, 19.859127, 0.24995558, 0.24999379, 0.25339332, 0.29481357, 0.34672052, 0.34815896, 0.34932628, 0.34930354, 0.34929639, 0.34929565, 0.37950080E-1
0.89460537E-1, 0.11424633, 0.34277327E-1, 0.0000000, 0.0000000, 0.20676851, 3.9377744, 9.6447830, 9.8003616, 19.860958, 19.859550, 19.859058, 19.859070, 0.24995558, 0.24999379, 0.25206625, 0.28937232, 0.34644118, 0.34800136, 0.34930480, 0.34929776, 0.34929529, 0.34929535, 0.34277327E-1
0.88666782E-1, 0.10466082, 0.31401388E-1, 0.0000000, 0.0000000, 0.11370778, 3.4428632, 9.6508179, 9.8006048, 19.857937, 19.858713, 19.858862, 19.859022, 0.24995558, 0.24999379, 0.25113511, 0.28441665, 0.34649140, 0.34800035, 0.34928969, 0.34929356, 0.34929430, 0.34929511, 0.31401388E-1
0.87843366E-1, 0.94717167E-1, 0.28417993E-1, 0.0000000, 0.0000000, 0.20539761E-1, 2.9829264, 9.5172644, 9.7862625, 19.854929, 19.857906, 19.858692, 19.858955, 0.24995558, 0.24999379, 0.25020495, 0.27981648, 0.34515226, 0.34785566, 0.34927464, 0.34928954, 0.34929347, 0.34929478, 0.28417993E-1
0.87379858E-1, 0.89119814E-1, 0.26738618E-1, 0.0000000, 0.0000000, 0.0000000, 2.7538867, 9.0673590, 9.7697105, 19.852318, 19.857227, 19.858521, 19.858892, 0.24995558, 0.24999379, 0.24999744, 0.27752337, 0.34064806, 0.34768793, 0.34926158, 0.34928614, 0.34929261, 0.34929445, 0.26738618E-1
0.87159038E-1, 0.86453222E-1, 0.25938561E-1, 0.0000000, 0.0000000, 0.0000000, 2.6330976, 8.7678900, 9.7925434, 19.852589, 19.857281, 19.858545, 19.858875, 0.24995558, 0.24999379, 0.24999744, 0.27631575, 0.33765358, 0.34791598, 0.34926295, 0.34928641, 0.34929273, 0.34929436, 0.25938561E-1
0.86950697E-1, 0.83937250E-1, 0.25183694E-1, 0.0000000, 0.0000000, 0.0000000, 2.5156260, 8.4929771, 9.8010979, 19.852377, 19.857227, 19.858526, 19.858856, 0.24995558, 0.24999379, 0.24999744, 0.27515081, 0.33492053, 0.34800744, 0.34926188, 0.34928614, 0.34929264, 0.34929428, 0.25183694E-1
0.86717829E-1, 0.81125110E-1, 0.24339968E-1, 0.0000000, 0.0000000, 0.0000000, 2.3838401, 8.1959763, 9.7973003, 19.851940, 19.857122, 19.858492, 19.858828, 0.24995558, 0.24999379, 0.24999744, 0.27383137, 0.33194765, 0.34796816, 0.34925970, 0.34928560, 0.34929246, 0.34929413, 0.24339968E-1
0.86501829E-1, 0.78516707E-1, 0.23557369E-1, 0.0000000, 0.0000000, 0.0000000, 2.2646756, 7.9131298, 9.7978134, 19.851847, 19.857103, 19.858503, 19.858828, 0.24995558, 0.24999379, 0.24999744, 0.27263796, 0.32911593, 0.34797180, 0.34925923, 0.34928551, 0.34929252, 0.34929413, 0.23557369E-1
0.86224392E-1, 0.75166360E-1, 0.22552164E-1, 0.0000000, 0.0000000, 0.0000000, 2.1062999, 7.5644388, 9.7817564, 19.850620, 19.856764, 19.858423, 19.858805, 0.24995558, 0.24999379, 0.24999744, 0.27105597, 0.32563177, 0.34781215, 0.34925312, 0.34928381, 0.34929210, 0.34929401, 0.22552164E-1
0.85866302E-1, 0.70842020E-1, 0.21254731E-1, 0.0000000, 0.0000000, 0.0000000, 1.9042641, 7.1130915, 9.7546282, 19.848911, 19.856312, 19.858225, 19.858757, 0.24995558, 0.24999379, 0.24999744, 0.26903459, 0.32111588, 0.34753940, 0.34924456, 0.34928155, 0.34929112, 0.34929377, 0.21254731E-1
0.85530557E-1, 0.66787466E-1, 0.20038243E-1, 0.0000000, 0.0000000, 0.0000000, 1.7232805, 6.6675596, 9.7482786, 19.847889, 19.856020, 19.858166, 19.858757, 0.24995558, 0.24999379, 0.24999744, 0.26722169, 0.31665412, 0.34747234, 0.34923944, 0.34928009, 0.34929082, 0.34929377, 0.20038243E-1
0.85332431E-1, 0.64394958E-1, 0.19320419E-1, 0.0000000, 0.0000000, 0.0000000, 1.6262472, 6.3722410, 9.7783451, 19.848692, 19.856213, 19.858194, 19.858757, 0.24995558, 0.24999379, 0.24999744, 0.26625338, 0.31370458, 0.34777433, 0.34924346, 0.34928107, 0.34929097, 0.34929377, 0.19320419E-1
0.85104160E-1, 0.61638281E-1, 0.18493334E-1, 0.0000000, 0.0000000, 0.0000000, 1.5107721, 6.0508156, 9.7756910, 19.849144, 19.856325, 19.858213, 19.858757, 0.24995558, 0.24999379, 0.24999744, 0.26510304, 0.31049883, 0.34775189, 0.34924573, 0.34928161, 0.34929106, 0.34929377, 0.18493334E-1
0.84915981E-1, 0.59365809E-1, 0.17811524E-1, 0.0000000, 0.0000000, 0.0000000, 1.4188409, 5.7762799, 9.7844133, 19.849665, 19.856441, 19.858231, 19.858757, 0.24995558, 0.24999379, 0.24999744, 0.26418597, 0.30775779, 0.34784129, 0.34924832, 0.34928221, 0.34929115, 0.34929377, 0.17811524E-1
0.84666401E-1, 0.56351870E-1, 0.16907252E-1, 0.0000000, 0.0000000, 0.0000000, 1.2931347, 5.4330564, 9.7656250, 19.849262, 19.856337, 19.858194, 19.858757, 0.24995558, 0.24999379, 0.24999744, 0.26292464, 0.30431646, 0.34764779, 0.34924632, 0.34928167, 0.34929097, 0.34929377, 0.16907252E-1
0.84372103E-1, 0.52797940E-1, 0.15840966E-1, 0.0000000, 0.0000000, 0.0000000, 1.1440665, 5.0259032, 9.7441196, 19.847885, 19.855965, 19.858131, 19.858757, 0.24995558, 0.24999379, 0.24999744, 0.26143759, 0.30025229, 0.34743685, 0.34923941, 0.34927982, 0.34929067, 0.34929377, 0.15840966E-1
0.84047616E-1, 0.48879419E-1, 0.14665293E-1, 0.0000000, 0.0000000, 0.0000000, 0.98430514, 4.5694528, 9.7238398, 19.846163, 19.855501, 19.858036, 19.858709, 0.24995558, 0.24999379, 0.24999744, 0.25983796, 0.29568270, 0.34723002, 0.34923083, 0.34927750, 0.34929019, 0.34929353, 0.14665293E-1
0.83728224E-1, 0.45022383E-1, 0.13508066E-1, 0.0000000, 0.0000000, 0.0000000, 0.83304644, 4.1035271, 9.7140312, 19.844654, 19.855095, 19.857954, 19.858704, 0.24995558, 0.24999379, 0.24999744, 0.25832605, 0.29102442, 0.34713173, 0.34922326, 0.34927547, 0.34928977, 0.34929353, 0.13508066E-1
0.83447509E-1, 0.41632406E-1, 0.12490971E-1, 0.0000000, 0.0000000, 0.0000000, 0.71280897, 3.6668806, 9.7143564, 19.844826, 19.855135, 19.857985, 19.858709, 0.24995558, 0.24999379, 0.24999744, 0.25712189, 0.28665286, 0.34712946, 0.34922412, 0.34927568, 0.34928992, 0.34929353, 0.12490971E-1
0.83250739E-1, 0.39256234E-1, 0.11778048E-1, 0.0000000, 0.0000000, 0.0000000, 0.63778758, 3.3332379, 9.7401667, 19.846220, 19.855515, 19.858107, 19.858709, 0.24995558, 0.24999379, 0.24999744, 0.25637147, 0.28331560, 0.34738535, 0.34923109, 0.34927756, 0.34929055, 0.34929353, 0.11778048E-1
0.83010480E-1, 0.36354847E-1, 0.10907545E-1, 0.0000000, 0.0000000, 0.0000000, 0.53508580, 2.9852242, 9.6542177, 19.846451, 19.855595, 19.858120, 19.858709, 0.24995558, 0.24999379, 0.24999744, 0.25534779, 0.27984372, 0.34653300, 0.34923226, 0.34927797, 0.34929061, 0.34929353, 0.10907545E-1
0.82795076E-1, 0.33753578E-1, 0.10127086E-1, 0.0000000, 0.0000000, 0.0000000, 0.42706132, 2.7657957, 9.3966093, 19.845894, 19.855465, 19.858072, 19.858709, 0.24995558, 0.24999379, 0.24999744, 0.25426948, 0.27765429, 0.34396195, 0.34922945, 0.34927732, 0.34929037, 0.34929353, 0.10127086E-1
0.82631245E-1, 0.31775199E-1, 0.95335133E-2, 0.0000000, 0.0000000, 0.0000000, 0.35268366, 2.5924981, 9.1775436, 19.846588, 19.855652, 19.858131, 19.858709, 0.24995558, 0.24999379, 0.24999744, 0.25352490, 0.27591792, 0.34176710, 0.34923294, 0.34927827, 0.34929067, 0.34929353, 0.95335133E-2
0.10028348, 0.24494512, 0.73490888E-1, 1.2859315, 0.0000000, 0.0000000, 0.32695532, 2.5215893, 9.0681763, 19.848808, 19.856226, 19.858231, 19.858709, 0.26283878, 0.24999379, 0.24999744, 0.25326923, 0.27521467, 0.34068030, 0.34924406, 0.34928113, 0.34929115, 0.34929353, 0.73490888E-1
0.10253301, 0.27211064, 0.81641354E-1, 1.4478624, 0.0000000, 0.0000000, 0.32223165, 2.5129974, 9.0318222, 19.850891, 19.856750, 19.858366, 19.858709, 0.26447785, 0.24999379, 0.24999744, 0.25322232, 0.27512994, 0.34031817, 0.34925446, 0.34928375, 0.34929183, 0.34929353, 0.81641354E-1
0.97886525E-1, 0.21599922, 0.64806245E-1, 1.1132419, 0.0000000, 0.0000000, 0.30535758, 2.4926007, 8.9855289, 19.851580, 19.856960, 19.858414, 19.858709, 0.26113170, 0.24999379, 0.24999744, 0.25305358, 0.27492595, 0.33985522, 0.34925789, 0.34928480, 0.34929207, 0.34929353, 0.64806245E-1
0.91408536E-1, 0.13777044, 0.41335266E-1, 0.64722598, 0.0000000, 0.0000000, 0.27838647, 2.4558992, 8.9222040, 19.851501, 19.856939, 19.858366, 19.858709, 0.25647104, 0.24999379, 0.24999744, 0.25278383, 0.27455884, 0.33922186, 0.34925750, 0.34928471, 0.34929183, 0.34929353, 0.41335266E-1
0.84639408E-1, 0.56025941E-1, 0.16809464E-1, 0.16312301, 0.0000000, 0.0000000, 0.23446977, 2.3947120, 8.8334389, 19.850275, 19.856596, 19.858288, 19.858709, 0.25161973, 0.24999379, 0.24999744, 0.25234371, 0.27394205, 0.33832815, 0.34925139, 0.34928298, 0.34929144, 0.34929353, 0.16809464E-1
0.83180144E-1, 0.38403705E-1, 0.11522263E-1, 0.58782101E-1, 0.0000000, 0.0000000, 0.22109151, 2.3703873, 8.7803316, 19.851456, 19.856915, 19.858366, 19.858709, 0.25058296, 0.24999379, 0.24999744, 0.25220981, 0.27369800, 0.33779606, 0.34925729, 0.34928459, 0.34929183, 0.34929353, 0.11522263E-1
0.82468890E-1, 0.29814539E-1, 0.89452565E-2, 0.77962875E-2, 0.0000000, 0.0000000, 0.21367371, 2.3614674, 8.7453852, 19.852598, 19.857204, 19.858423, 19.858709, 0.25007790, 0.24999379, 0.24999744, 0.25213662, 0.27361402, 0.33745304, 0.34926298, 0.34928602, 0.34929210, 0.34929353, 0.89452565E-2
0.82245305E-1, 0.27114501E-1, 0.81351642E-2, 0.0000000, 0.0000000, 0.0000000, 0.15677214, 2.2463827, 8.5906525, 19.850534, 19.856667, 19.858250, 19.858709, 0.24999890, 0.24999379, 0.24999744, 0.25156769, 0.27246362, 0.33590627, 0.34925267, 0.34928334, 0.34929127, 0.34929353, 0.81351642E-2
0.82153976E-1, 0.26011579E-1, 0.78042541E-2, 0.0000000, 0.0000000, 0.0000000, 0.11406541, 2.1554887, 8.4597921, 19.849630, 19.856441, 19.858194, 19.858709, 0.24997185, 0.24999379, 0.24999744, 0.25114021, 0.27155054, 0.33459222, 0.34924814, 0.34928221, 0.34929097, 0.34929353, 0.78042541E-2
0.82037739E-1, 0.24607951E-1, 0.73831235E-2, 0.0000000, 0.0000000, 0.0000000, 0.62409043E-1, 2.0349116, 8.2900572, 19.848166, 19.856024, 19.858107, 19.858709, 0.24997185, 0.24999379, 0.24999744, 0.25062370, 0.27034277, 0.33289194, 0.34924084, 0.34928012, 0.34929055, 0.34929353, 0.73831235E-2
0.81949770E-1, 0.23545584E-1, 0.70643816E-2, 0.0000000, 0.0000000, 0.0000000, 0.31813979E-1, 1.9347727, 8.1361980, 19.848450, 19.856102, 19.858171, 19.858709, 0.24997185, 0.24999379, 0.24999744, 0.25031796, 0.26934198, 0.33135393, 0.34924224, 0.34928051, 0.34929085, 0.34929353, 0.70643816E-2
0.81927992E-1, 0.23282601E-1, 0.69854786E-2, 0.0000000, 0.0000000, 0.0000000, 0.24417043E-1, 1.9138902, 8.0827847, 19.850264, 19.856583, 19.858278, 19.858709, 0.24997185, 0.24999379, 0.24999744, 0.25024417, 0.26913890, 0.33082783, 0.34925133, 0.34928292, 0.34929138, 0.34929353, 0.69854786E-2
0.81826583E-1, 0.22058010E-1, 0.66180648E-2, 0.0000000, 0.0000000, 0.0000000, 0.0000000, 1.7811805, 7.8926950, 19.847282, 19.855812, 19.858061, 19.858698, 0.24997185, 0.24999379, 0.24999744, 0.24999946, 0.26781157, 0.32892659, 0.34923643, 0.34927905, 0.34929031, 0.34929350, 0.66180648E-2
0.81730038E-1, 0.20892067E-1, 0.62682470E-2, 0.0000000, 0.0000000, 0.0000000, 0.0000000, 1.6247064, 7.6656456, 19.843601, 19.854822, 19.857841, 19.858683, 0.24994734, 0.24999379, 0.24999744, 0.24999946, 0.26623991, 0.32664520, 0.34921801, 0.34927410, 0.34928921, 0.34929341, 0.62682470E-2
0.81625253E-1, 0.19626671E-1, 0.58885906E-2, 0.0000000, 0.0000000, 0.0000000, 0.0000000, 1.4573157, 7.4088264, 19.840603, 19.854021, 19.857647, 19.858669, 0.24994734, 0.24999379, 0.24999744, 0.24999946, 0.26456550, 0.32407531, 0.34920302, 0.34927011, 0.34928823, 0.34929335, 0.58885906E-2
0.81515178E-1, 0.18297408E-1, 0.54897713E-2, 0.0000000, 0.0000000, 0.0000000, 0.0000000, 1.2844741, 7.1296310, 19.837606, 19.853199, 19.857466, 19.858652, 0.24994734, 0.24999379, 0.24999744, 0.24999946, 0.26283750, 0.32128292, 0.34918803, 0.34926599, 0.34928733, 0.34929326, 0.54897713E-2
0.81409030E-1, 0.17015584E-1, 0.51051858E-2, 0.0000000, 0.0000000, 0.0000000, 0.0000000, 1.1233658, 6.8424172, 19.836363, 19.852854, 19.857382, 19.858664, 0.24994734, 0.24999379, 0.24999744, 0.24999946, 0.26122940, 0.31841552, 0.34918183, 0.34926426, 0.34928691, 0.34929332, 0.51051858E-2
0.81296958E-1, 0.15662212E-1, 0.46991338E-2, 0.0000000, 0.0000000, 0.0000000, 0.0000000, 0.96187890, 6.5143228, 19.837015, 19.853006, 19.857443, 19.858698, 0.24994734, 0.24999379, 0.24999744, 0.24999946, 0.25961557, 0.31513596, 0.34918508, 0.34926504, 0.34928721, 0.34929350, 0.46991338E-2
0.81208095E-1, 0.14589073E-1, 0.43771598E-2, 0.0000000, 0.0000000, 0.0000000, 0.0000000, 0.83830655, 6.2401690, 19.837976, 19.853262, 19.857536, 19.858698, 0.24994734, 0.24999379, 0.24999744, 0.24999946, 0.25838166, 0.31239820, 0.34918988, 0.34926632, 0.34928769, 0.34929350, 0.43771598E-2
0.81117243E-1, 0.13491927E-1, 0.40479829E-2, 0.0000000, 0.0000000, 0.0000000, 0.0000000, 0.71760416, 5.9443874, 19.839100, 19.853569, 19.857624, 19.858709, 0.24994734, 0.24999379, 0.24999744, 0.24999946, 0.25717390, 0.30943796, 0.34919551, 0.34926784, 0.34928811, 0.34929353, 0.40479829E-2
0.81042260E-1, 0.12586419E-1, 0.37763033E-2, 0.0000000, 0.0000000, 0.0000000, 0.0000000, 0.62216520, 5.6873550, 19.840437, 19.853939, 19.857719, 19.858709, 0.24994734, 0.24999379, 0.24999744, 0.24999946, 0.25621960, 0.30686727, 0.34920219, 0.34926969, 0.34928858, 0.34929353, 0.37763033E-2
0.81001796E-1, 0.12097769E-1, 0.36296938E-2, 0.0000000, 0.0000000, 0.0000000, 0.0000000, 0.57332814, 5.5399542, 19.842569, 19.854509, 19.857843, 19.858709, 0.24994734, 0.24999379, 0.24999744, 0.24999946, 0.25573239, 0.30539671, 0.34921286, 0.34927255, 0.34928921, 0.34929353, 0.36296938E-2
0.80949813E-1, 0.11470091E-1, 0.34413713E-2, 0.0000000, 0.0000000, 0.0000000, 0.0000000, 0.50965250, 5.3547530, 19.843077, 19.854675, 19.857874, 19.858709, 0.24994734, 0.24999379, 0.24999744, 0.24999946, 0.25509503, 0.30354232, 0.34921539, 0.34927338, 0.34928936, 0.34929353, 0.34413713E-2
0.80889836E-1, 0.10745713E-1, 0.32240362E-2, 0.0000000, 0.0000000, 0.0000000, 0.0000000, 0.43484569, 5.1445503, 19.841906, 19.854368, 19.857779, 19.858692, 0.24994734, 0.24999379, 0.24999744, 0.24999946, 0.25434700, 0.30143973, 0.34920952, 0.34927183, 0.34928888, 0.34929347, 0.32240362E-2
0.80826871E-1, 0.99853622E-2, 0.29959083E-2, 0.0000000, 0.0000000, 0.0000000, 0.0000000, 0.35648942, 4.9239578, 19.839737, 19.853792, 19.857634, 19.858683, 0.24994734, 0.24999379, 0.24999744, 0.24999946, 0.25356278, 0.29922983, 0.34919870, 0.34926897, 0.34928817, 0.34929341, 0.29959083E-2
0.80783322E-1, 0.94595077E-2, 0.28381362E-2, 0.0000000, 0.0000000, 0.0000000, 0.0000000, 0.30709505, 4.7570992, 19.840393, 19.853968, 19.857702, 19.858709, 0.24994734, 0.24999379, 0.24999744, 0.24999946, 0.25306836, 0.29755765, 0.34920198, 0.34926984, 0.34928852, 0.34929353, 0.28381362E-2
0.80721505E-1, 0.87129353E-2, 0.26141419E-2, 0.0000000, 0.0000000, 0.0000000, 0.0000000, 0.24458766, 4.4951463, 19.841021, 19.854126, 19.857719, 19.858709, 0.24994734, 0.24999379, 0.24999744, 0.24999946, 0.25244519, 0.29494727, 0.34920511, 0.34927064, 0.34928858, 0.34929353, 0.26141419E-2
0.80666207E-1, 0.80451621E-2, 0.24137900E-2, 0.0000000, 0.0000000, 0.0000000, 0.0000000, 0.18928945, 4.2608056, 19.840862, 19.854063, 19.857685, 19.858698, 0.24994734, 0.24999379, 0.24999744, 0.24999946, 0.25189185, 0.29260024, 0.34920430, 0.34927031, 0.34928843, 0.34929350, 0.24137900E-2
0.80624565E-1, 0.75423485E-2, 0.22629309E-2, 0.0000000, 0.0000000, 0.0000000, 0.0000000, 0.14526844, 4.0915742, 19.840406, 19.853945, 19.857685, 19.858709, 0.24994734, 0.24999379, 0.24999744, 0.24999946, 0.25145131, 0.29090467, 0.34920201, 0.34926972, 0.34928843, 0.34929353, 0.22629309E-2
0.80573626E-1, 0.69271703E-2, 0.20783590E-2, 0.0000000, 0.0000000, 0.0000000, 0.0000000, 0.91865659E-1, 3.8828392, 19.838400, 19.853439, 19.857540, 19.858675, 0.24994734, 0.24999379, 0.24999744, 0.24999946, 0.25091740, 0.28881496, 0.34919196, 0.34926718, 0.34928769, 0.34929338, 0.20783590E-2
0.80519490E-1, 0.62734522E-2, 0.18822239E-2, 0.0000000, 0.0000000, 0.0000000, 0.0000000, 0.33286214E-1, 3.6662259, 19.835093, 19.852570, 19.857325, 19.858652, 0.24994734, 0.24999379, 0.24999744, 0.24999946, 0.25033101, 0.28665143, 0.34917530, 0.34926280, 0.34928662, 0.34929326, 0.18822239E-2
0.80472961E-1, 0.57115108E-2, 0.17136247E-2, 0.0000000, 0.0000000, 0.0000000, 0.0000000, 0.0000000, 3.4301021, 19.831055, 19.851444, 19.857059, 19.858568, 0.24994734, 0.24999379, 0.24999744, 0.24999946, 0.24999903, 0.28427249, 0.34915379, 0.34925684, 0.34928522, 0.34929281, 0.17136247E-2
0.80425091E-1, 0.51334584E-2, 0.15401916E-2, 0.0000000, 0.0000000, 0.0000000, 0.0000000, 0.0000000, 3.0828793, 19.826826, 19.850262, 19.856764, 19.858486, 0.24994734, 0.24999379, 0.24999744, 0.24999946, 0.24999903, 0.28080383, 0.34913322, 0.34925106, 0.34928375, 0.34929240, 0.15401916E-2
0.80378018E-1, 0.45649814E-2, 0.13696314E-2, 0.0000000, 0.0000000, 0.0000000, 0.0000000, 0.0000000, 2.7405353, 19.805634, 19.849894, 19.856676, 19.858463, 0.24994734, 0.24999379, 0.24999744, 0.24999946, 0.24999903, 0.27739263, 0.34902811, 0.34924948, 0.34928340, 0.34929231, 0.13696314E-2
0.80331281E-1, 0.40006363E-2, 0.12003109E-2, 0.0000000, 0.0000000, 0.0000000, 0.0000000, 0.0000000, 2.4023504, 19.763885, 19.848705, 19.856344, 19.858406, 0.24994734, 0.24999379, 0.24999744, 0.24999946, 0.24999903, 0.27400622, 0.34881940, 0.34924352, 0.34928173, 0.34929204, 0.12003109E-2
0.80289975E-1, 0.35017407E-2, 0.10506273E-2, 0.0000000, 0.0000000, 0.0000000, 0.0000000, 0.0000000, 2.1056116, 19.720175, 19.847456, 19.856041, 19.858334, 0.24994734, 0.24999379, 0.24999744, 0.24999946, 0.24999903, 0.27101254, 0.34859809, 0.34923655, 0.34928003, 0.34929162, 0.10506273E-2
0.80250494E-1, 0.30249760E-2, 0.90758357E-3, 0.0000000, 0.0000000, 0.0000000, 0.0000000, 0.0000000, 1.8171012, 19.678183, 19.846987, 19.855932, 19.858328, 0.24994734, 0.24999379, 0.24999744, 0.24999946, 0.24999903, 0.26815167, 0.34839010, 0.34923473, 0.34927961, 0.34929162, 0.90758357E-3
0.80208026E-1, 0.25121293E-2, 0.75371418E-3, 0.0000000, 0.0000000, 0.0000000, 0.0000000, 0.0000000, 1.5092522, 19.635941, 19.846579, 19.855816, 19.858358, 0.24994734, 0.24999379, 0.24999744, 0.24999946, 0.24999903, 0.26507428, 0.34817865, 0.34923261, 0.34927902, 0.34929177, 0.75371418E-3
0.80168582E-1, 0.20358812E-2, 0.61082543E-3, 0.0000000, 0.0000000, 0.0000000, 0.0000000, 0.0000000, 1.2247533, 19.592648, 19.846113, 19.855717, 19.858328, 0.24994734, 0.24999379, 0.24999744, 0.24999946, 0.24999903, 0.26221651, 0.34796146, 0.34923008, 0.34927845, 0.34929159, 0.61082543E-3
0.80136396E-1, 0.16471439E-2, 0.49419259E-3, 0.0000000, 0.0000000, 0.0000000, 0.0000000, 0.0000000, 0.99060833, 19.551733, 19.846312, 19.855770, 19.858328, 0.24994734, 0.24999379, 0.24999744, 0.24999946, 0.24999903, 0.25988385, 0.34775737, 0.34923121, 0.34927878, 0.34929159, 0.49419259E-3
0.80100164E-1, 0.12096448E-2, 0.36292974E-3, 0.0000000, 0.0000000, 0.0000000, 0.0000000, 0.0000000, 0.72908700, 19.508221, 19.845913, 19.855646, 19.858292, 0.24994734, 0.24999379, 0.24999744, 0.24999946, 0.24999903, 0.25725859, 0.34753925, 0.34922910, 0.34927812, 0.34929141, 0.36292974E-3
0.80069341E-1, 0.83735160E-3, 0.25123061E-3, 0.0000000, 0.0000000, 0.0000000, 0.0000000, 0.0000000, 0.50423145, 19.468706, 19.846497, 19.855799, 19.858347, 0.24994734, 0.24999379, 0.24999744, 0.24999946, 0.24999903, 0.25502461, 0.34734285, 0.34923232, 0.34927893, 0.34929174, 0.25123061E-3
0.80041833E-1, 0.50515844E-3, 0.15156269E-3, 0.0000000, 0.0000000, 0.0000000, 0.0000000, 0.0000000, 0.30473769, 19.431408, 19.847338, 19.856043, 19.858440, 0.24994734, 0.24999379, 0.24999744, 0.24999946, 0.24999903, 0.25303125, 0.34715697, 0.34923667, 0.34928021, 0.34929222, 0.15156269E-3
0.80003120E-1, 0.37711070E-4, 0.11314452E-4, 0.0000000, 0.0000000, 0.0000000, 0.0000000, 0.0000000, 0.23826957E-1, 19.391273, 19.847269, 19.856033, 19.858418, 0.24994734, 0.24999379, 0.24999744, 0.24999946, 0.24999903, 0.25022629, 0.34695637, 0.34923634, 0.34928018, 0.34929210, 0.11314452E-4
0.79999998E-1, 0.0000000, 0.0000000, 0.0000000, 0.0000000, 0.0000000, 0.0000000, 0.0000000, 0.0000000, 19.344702, 19.845856, 19.855686, 19.858328, 0.24994734, 0.24999379, 0.24999744, 0.24999946, 0.24999903, 0.24999696, 0.34672204, 0.34922889, 0.34927833, 0.34929159, 0.0000000
0.79999998E-1, 0.0000000, 0.0000000, 0.0000000, 0.0000000, 0.0000000, 0.0000000, 0.0000000, 0.0000000, 19.302076, 19.845779, 19.855669, 19.858316, 0.24994734, 0.24999379, 0.24999744, 0.24999946, 0.24999903, 0.24999696, 0.34650886, 0.34922850, 0.34927824, 0.34929156, 0.0000000
0.79999998E-1, 0.0000000, 0.0000000, 0.0000000, 0.0000000, 0.0000000, 0.0000000, 0.0000000, 0.0000000, 19.263794, 19.846638, 19.855881, 19.858418, 0.24994734, 0.24999379, 0.24999744, 0.24999946, 0.24999903, 0.24999696, 0.34631896, 0.34923318, 0.34927940, 0.34929210, 0.0000000
0.79999998E-1, 0.0000000, 0.0000000, 0.0000000, 0.0000000, 0.0000000, 0.0000000, 0.0000000, 0.0000000, 19.222111, 19.846497, 19.855858, 19.858406, 0.24994734, 0.24999379, 0.24999744, 0.24999946, 0.24999903, 0.24999696, 0.34611055, 0.34923249, 0.34927928, 0.34929204, 0.0000000
0.79999998E-1, 0.0000000, 0.0000000, 0.0000000, 0.0000000, 0.0000000, 0.0000000, 0.0000000, 0.0000000, 19.182878, 19.846905, 19.855957, 19.858423, 0.24994734, 0.24999379, 0.24999744, 0.24999946, 0.24999903, 0.24999696, 0.34591347, 0.34923428, 0.34927973, 0.34929207, 0.0000000
0.79999998E-1, 0.0000000, 0.0000000, 0.0000000, 0.0000000, 0.0000000, 0.0000000, 0.0000000, 0.0000000, 19.143328, 19.847153, 19.856045, 19.858418, 0.24994734, 0.24999379, 0.24999744, 0.24999946, 0.24999903, 0.24999696, 0.34571564, 0.34923550, 0.34928018, 0.34929207, 0.0000000
0.79999998E-1, 0.0000000, 0.0000000, 0.0000000, 0.0000000, 0.0000000, 0.0000000, 0.0000000, 0.0000000, 19.104395, 19.847450, 19.856092, 19.858423, 0.24994734, 0.24999379, 0.24999744, 0.24999946, 0.24999903, 0.24999696, 0.34552079, 0.34923697, 0.34928039, 0.34929207, 0.0000000
0.79999998E-1, 0.0000000, 0.0000000, 0.0000000, 0.0000000, 0.0000000, 0.0000000, 0.0000000, 0.0000000, 19.067629, 19.848139, 19.856277, 19.858458, 0.24994734, 0.24999379, 0.24999744, 0.24999946, 0.24999903, 0.24999696, 0.34533736, 0.34924048, 0.34928131, 0.34929228, 0.0000000
0.79999998E-1, 0.0000000, 0.0000000, 0.0000000, 0.0000000, 0.0000000, 0.0000000, 0.0000000, 0.0000000, 19.027798, 19.847904, 19.856222, 19.858433, 0.24994734, 0.24999379, 0.24999744, 0.24999946, 0.24999903, 0.24999696, 0.34513900, 0.34923953, 0.34928110, 0.34929216, 0.0000000
0.79999998E-1, 0.0000000, 0.0000000, 0.0000000, 0.0000000, 0.0000000, 0.0000000, 0.0000000, 0.0000000, 18.985592, 19.847216, 19.856033, 19.858406, 0.24994734, 0.24999379, 0.24999744, 0.24999946, 0.24999903, 0.24999696, 0.34492797, 0.34923607, 0.34928018, 0.34929204, 0.0000000
0.79999998E-1, 0.0000000, 0.0000000, 0.0000000, 0.0000000, 0.0000000, 0.0000000, 0.0000000, 0.0000000, 18.942129, 19.846516, 19.855839, 19.858370, 0.24994734, 0.24999379, 0.24999744, 0.24999946, 0.24999903, 0.24999696, 0.34470919, 0.34923220, 0.34927911, 0.34929183, 0.0000000
0.79999998E-1, 0.0000000, 0.0000000, 0.0000000, 0.0000000, 0.0000000, 0.0000000, 0.0000000, 0.0000000, 18.909550, 19.848392, 19.856365, 19.858469, 0.24994734, 0.24999379, 0.24999744, 0.24999946, 0.24999903, 0.24999696, 0.34454775, 0.34924197, 0.34928182, 0.34929234, 0.0000000
0.11961029, 0.47833729, 0.14351554, 2.3157299, 0.92455745, 0.0000000, 0.0000000, 0.0000000, 0.0000000, 18.880619, 19.850492, 19.856871, 19.858587, 0.27315596, 0.25924525, 0.24999744, 0.24999946, 0.24999903, 0.24999696, 0.34440309, 0.34925246, 0.34928435, 0.34929293, 0.14351554
0.15854765, 0.94854832, 0.28459296, 2.4001822, 3.9730239, 2.3567824, 2.4439127, 1.8071740, 0.0000000, 18.852001, 19.851990, 19.857267, 19.858692, 0.27400169, 0.28973010, 0.27356780, 0.27443913, 0.26807174, 0.24999696, 0.34426001, 0.34925994, 0.34928635, 0.34929347, 0.28459296
0.16698420, 1.0000000, 0.31516016, 2.4269824, 3.3706007, 4.0161343, 4.7033286, 9.0987206, 9.3882866, 19.462851, 19.853262, 19.857603, 19.858709, 0.27426967, 0.28370589, 0.29016128, 0.29703325, 0.34098718, 0.34388286, 0.34731424, 0.34926632, 0.34928802, 0.34929353, 0.31516016
0.16071305, 0.97469771, 0.29243857, 2.7997613, 2.2824526, 2.7539759, 7.8363209, 9.5529375, 9.6602612, 19.658089, 19.854233, 19.857849, 19.858709, 0.27799743, 0.27282444, 0.27753970, 0.32836318, 0.34552935, 0.34660262, 0.34829044, 0.34927118, 0.34928924, 0.34929353, 0.29243857
0.15681303, 0.92760068, 0.27830803, 1.9730210, 1.8639445, 5.0616589, 9.4873629, 9.6544180, 9.7409573, 19.736891, 19.854416, 19.857880, 19.858709, 0.26973015, 0.26863942, 0.30061653, 0.34487361, 0.34654418, 0.34740958, 0.34868446, 0.34927207, 0.34928939, 0.34929353, 0.27830803
0.14456719, 0.77971888, 0.23393907, 1.5378296, 1.5110612, 4.2340240, 9.5908709, 9.6977768, 9.7798176, 19.777308, 19.854416, 19.857855, 19.858709, 0.26537782, 0.26511034, 0.29233986, 0.34590852, 0.34697768, 0.34779814, 0.34888655, 0.34927207, 0.34928927, 0.34929353, 0.23393907
0.13683046, 0.68628955, 0.20590746, 1.2653470, 1.2660831, 3.7442551, 9.6594296, 9.7430105, 9.8089895, 19.800011, 19.854269, 19.857790, 19.858709, 0.26265305, 0.26266056, 0.28744218, 0.34659410, 0.34743002, 0.34808987, 0.34900004, 0.34927136, 0.34928894, 0.34929353, 0.20590746
0.12168422, 0.50338233, 0.15102980, 0.56276023, 0.89804828, 3.2389739, 9.6667013, 9.7535639, 9.8193083, 19.811401, 19.853449, 19.857540, 19.858683, 0.25545976, 0.25889438, 0.28234452, 0.34664381, 0.34752381, 0.34818715, 0.34905598, 0.34926698, 0.34928763, 0.34929338, 0.15102980
0.11043922, 0.36758664, 0.11028703, 0.20444393E-1, 0.60517788, 2.9195876, 9.5598545, 9.7674007, 9.8296137, 19.819799, 19.853201, 19.857502, 19.858709, 0.25007203, 0.25598332, 0.27915922, 0.34557950, 0.34766430, 0.34829131, 0.34909815, 0.34926578, 0.34928745, 0.34929353, 0.11028703
0.10313205, 0.27934462, 0.83811767E-1, 0.0000000, 0.0000000, 2.4667323, 9.1341114, 9.7226152, 9.8118591, 19.818209, 19.851147, 19.856989, 19.858568, 0.24999997, 0.24999964, 0.27461955, 0.34131607, 0.34721333, 0.34811226, 0.34908998, 0.34925547, 0.34928489, 0.34929281, 0.83811767E-1
0.10075557, 0.25064608, 0.75201347E-1, 0.0000000, 0.0000000, 1.9936442, 8.6225433, 9.6927376, 9.7999640, 19.817352, 19.849777, 19.856647, 19.858480, 0.24999997, 0.24999964, 0.26993072, 0.33622169, 0.34692538, 0.34799880, 0.34908667, 0.34924886, 0.34928325, 0.34929240, 0.75201347E-1
0.98238304E-1, 0.22024733, 0.66080809E-1, 0.0000000, 0.0000000, 1.5029162, 8.0452271, 9.6730728, 9.7902145, 19.814608, 19.848240, 19.856234, 19.858393, 0.24999997, 0.24999964, 0.26502743, 0.33045042, 0.34672961, 0.34790176, 0.34907305, 0.34924120, 0.34928116, 0.34929198, 0.66080809E-1
0.96217558E-1, 0.19584469, 0.58759283E-1, 0.0000000, 0.0000000, 1.1338264, 7.4546247, 9.6647663, 9.7895937, 19.818419, 19.848669, 19.856335, 19.858440, 0.24999997, 0.24999964, 0.26133633, 0.32454371, 0.34664604, 0.34789535, 0.34909210, 0.34924334, 0.34928167, 0.34929222, 0.58759283E-1
0.94270550E-1, 0.17233238, 0.51704884E-1, 0.0000000, 0.0000000, 0.78935921, 6.8308039, 9.6532850, 9.7860050, 19.820864, 19.848957, 19.856419, 19.858463, 0.24999997, 0.24999964, 0.25789320, 0.31830740, 0.34653237, 0.34785989, 0.34910432, 0.34924477, 0.34928209, 0.34929231, 0.51704884E-1
0.92987262E-1, 0.15683532, 0.47055300E-1, 0.0000000, 0.0000000, 0.56818724, 6.3686190, 9.6851778, 9.8000584, 19.823729, 19.849512, 19.856581, 19.858480, 0.24999997, 0.24999964, 0.25568140, 0.31368515, 0.34685096, 0.34800032, 0.34911865, 0.34924757, 0.34928292, 0.34929240, 0.47055300E-1
0.90549991E-1, 0.12740260, 0.38224604E-1, 0.0000000, 0.0000000, 0.10957718, 5.7695980, 9.6572647, 9.7831755, 19.814735, 19.846968, 19.855915, 19.858328, 0.24999997, 0.24999964, 0.25103483, 0.30766082, 0.34655330, 0.34782249, 0.34907222, 0.34923446, 0.34927949, 0.34929159, 0.38224604E-1
0.89646414E-1, 0.11649092, 0.34950770E-1, 0.0000000, 0.0000000, 0.0000000, 5.2006755, 9.6597843, 9.7823925, 19.811195, 19.845829, 19.855616, 19.858288, 0.24999997, 0.24999964, 0.24999951, 0.30192539, 0.34655353, 0.34780240, 0.34905243, 0.34922823, 0.34927785, 0.34929138, 0.34950770E-1
0.89165621E-1, 0.11068486, 0.33208780E-1, 0.0000000, 0.0000000, 0.0000000, 4.6187658, 9.6491213, 9.7787914, 19.811110, 19.845636, 19.855581, 19.858311, 0.24999997, 0.24999964, 0.24999951, 0.29616112, 0.34647605, 0.34778073, 0.34905443, 0.34922788, 0.34927782, 0.34929153, 0.33208780E-1
0.88748999E-1, 0.10565370, 0.31699281E-1, 0.0000000, 0.0000000, 0.0000000, 4.1071992, 9.6652060, 9.7844028, 19.810246, 19.845289, 19.855505, 19.858328, 0.24999997, 0.24999964, 0.24999951, 0.29104149, 0.34663370, 0.34783551, 0.34904999, 0.34922612, 0.34927744, 0.34929159, 0.31699281E-1
0.88091388E-1, 0.97712278E-1, 0.29316615E-1, 0.0000000, 0.0000000, 0.0000000, 3.3566976, 9.6020279, 9.7527609, 19.799492, 19.842291, 19.854733, 19.858110, 0.24999997, 0.24999964, 0.24999951, 0.28348422, 0.34597397, 0.34750506, 0.34899375, 0.34921050, 0.34927341, 0.34929049, 0.29316615E-1
0.87526977E-1, 0.90896457E-1, 0.27271664E-1, 0.0000000, 0.0000000, 0.0000000, 2.8035612, 9.3399696, 9.7411222, 19.793913, 19.840542, 19.854240, 19.857988, 0.24999997, 0.24999964, 0.24999951, 0.27798685, 0.34337151, 0.34739760, 0.34896740, 0.34920213, 0.34927106, 0.34928992, 0.27271664E-1
0.87030314E-1, 0.84898725E-1, 0.25472164E-1, 0.0000000, 0.0000000, 0.0000000, 2.4555385, 8.8375759, 9.7310314, 19.793257, 19.840099, 19.854136, 19.857964, 0.24999997, 0.24999964, 0.24999951, 0.27451512, 0.33835131, 0.34729862, 0.34896454, 0.34920004, 0.34927055, 0.34928980, 0.25472164E-1
0.86554781E-1, 0.79156093E-1, 0.23749202E-1, 0.0000000, 0.0000000, 0.0000000, 2.1512985, 8.2898254, 9.7240143, 19.798397, 19.841312, 19.854450, 19.858040, 0.24999997, 0.24999964, 0.24999951, 0.27151069, 0.33289382, 0.34723842, 0.34899199, 0.34920657, 0.34927225, 0.34929019, 0.23749202E-1
0.86205967E-1, 0.74943818E-1, 0.22485394E-1, 0.0000000, 0.0000000, 0.0000000, 1.9430816, 7.8566384, 9.7432737, 19.805731, 19.843267, 19.854963, 19.858158, 0.24999997, 0.24999964, 0.24999951, 0.26943013, 0.32856497, 0.34743217, 0.34902865, 0.34921634, 0.34927481, 0.34929079, 0.22485394E-1
0.85744485E-1, 0.69370888E-1, 0.20813348E-1, 0.0000000, 0.0000000, 0.0000000, 1.6617149, 7.3112731, 9.7230692, 19.807575, 19.843851, 19.855127, 19.858198, 0.24999997, 0.24999964, 0.24999951, 0.26661679, 0.32311195, 0.34723035, 0.34903789, 0.34921926, 0.34927565, 0.34929100, 0.20813348E-1
0.85473865E-1, 0.66102885E-1, 0.19832850E-1, 0.0000000, 0.0000000, 0.0000000, 1.5174299, 6.9362826, 9.7535906, 19.815083, 19.845978, 19.855680, 19.858370, 0.24999997, 0.24999964, 0.24999951, 0.26517335, 0.31936067, 0.34753489, 0.34907541, 0.34922987, 0.34927839, 0.34929186, 0.19832850E-1
0.11557376, 0.42959177, 0.12889042, 2.1872430, 0.0000000, 0.0000000, 1.4786750, 6.7933054, 9.8111515, 19.823248, 19.848322, 19.856306, 19.858494, 0.27187178, 0.24999964, 0.24999951, 0.26478672, 0.31793299, 0.34811148, 0.34911624, 0.34924161, 0.34928152, 0.34929246, 0.12889042
0.15104961, 0.85800129, 0.25742614, 2.2795348, 2.8946309, 2.2464514, 2.6481986, 6.7033768, 9.8390570, 19.829739, 19.850266, 19.856802, 19.858587, 0.27279463, 0.27894577, 0.27246431, 0.27648193, 0.31703371, 0.34839055, 0.34914869, 0.34925133, 0.34928399, 0.34929293, 0.25742614
0.14322346, 0.76349205, 0.22907053, 1.8891752, 2.6624799, 2.1387606, 2.6031077, 6.6151371, 9.8488226, 19.833622, 19.851505, 19.857130, 19.858675, 0.26889169, 0.27662474, 0.27138758, 0.27603108, 0.31615138, 0.34848821, 0.34916812, 0.34925753, 0.34928566, 0.34929338, 0.22907053
0.12953137, 0.59814513, 0.17946148, 1.2246162, 2.2308826, 1.9377053, 2.5223196, 6.5004506, 9.8440342, 19.834633, 19.851954, 19.857267, 19.858692, 0.26224604, 0.27230871, 0.26937699, 0.27522320, 0.31500447, 0.34844035, 0.34917316, 0.34925976, 0.34928635, 0.34929347, 0.17946148
0.11823910, 0.46177864, 0.13854745, 0.69095194, 1.8595159, 1.7580956, 2.4486899, 6.3880434, 9.8434629, 19.835918, 19.852436, 19.857372, 19.858709, 0.25690889, 0.26859415, 0.26758048, 0.27448678, 0.31388026, 0.34843454, 0.34917960, 0.34926218, 0.34928685, 0.34929353, 0.13854745
0.10248902, 0.27157938, 0.81481963E-1, 0.0000000, 1.2780070, 1.4612883, 2.3233385, 6.2297249, 9.8283577, 19.833883, 19.852001, 19.857246, 19.858641, 0.24995750, 0.26277846, 0.26461196, 0.27323309, 0.31229687, 0.34828338, 0.34916943, 0.34926000, 0.34928623, 0.34929320, 0.81481963E-1
0.98662630E-1, 0.22537149, 0.67618214E-1, 0.0000000, 0.92650354, 1.2699634, 2.2382140, 6.0969577, 9.8323097, 19.834772, 19.852278, 19.857300, 19.858683, 0.24995750, 0.25926441, 0.26269922, 0.27238199, 0.31096938, 0.34832299, 0.34917384, 0.34926140, 0.34928650, 0.34929341, 0.67618214E-1
0.93863711E-1, 0.16741934, 0.50230827E-1, 0.0000000, 0.49360693, 1.0165662, 2.1209002, 5.9356098, 9.8237267, 19.833635, 19.852018, 19.857246, 19.858652, 0.24998729, 0.25493526, 0.26016483, 0.27120864, 0.30935562, 0.34823701, 0.34916818, 0.34926009, 0.34928623, 0.34929326, 0.50230827E-1
0.89136966E-1, 0.11033881, 0.33104956E-1, 0.0000000, 0.77524781E-1, 0.75139999, 1.9896626, 5.7555976, 9.8157282, 19.831902, 19.851576, 19.857130, 19.858641, 0.24998729, 0.25077507, 0.25751317, 0.26989618, 0.30755532, 0.34815693, 0.34915951, 0.34925789, 0.34928566, 0.34929320, 0.33104956E-1
0.87424636E-1, 0.89660548E-1, 0.26900856E-1, 0.0000000, 0.0000000, 0.53573251, 1.8726617, 5.5621562, 9.8096724, 19.832842, 19.851822, 19.857201, 19.858683, 0.24998729, 0.24999547, 0.25535670, 0.26872617, 0.30562091, 0.34809634, 0.34916422, 0.34925911, 0.34928602, 0.34929341, 0.26900856E-1
0.88337138E-1, 0.10067998, 0.30207016E-1, 0.19261539, 0.0000000, 0.21334291, 1.6923159, 5.3410292, 9.7992525, 19.827143, 19.850319, 19.856831, 19.858574, 0.25181383, 0.24999547, 0.25210404, 0.26690745, 0.30340120, 0.34798774, 0.34913501, 0.34925142, 0.34928408, 0.34929287, 0.30207016E-1
0.84567219E-1, 0.55154175E-1, 0.16547907E-1, 0.0000000, 0.0000000, 0.0000000, 1.4005721, 4.9891090, 9.7578297, 19.816631, 19.847464, 19.856081, 19.858376, 0.24999897, 0.24999547, 0.24998467, 0.26396483, 0.29986775, 0.34756589, 0.34908131, 0.34923685, 0.34928030, 0.34929183, 0.16547907E-1
0.84144682E-1, 0.50051596E-1, 0.15016980E-1, 0.0000000, 0.0000000, 0.0000000, 1.1067003, 4.5598102, 9.7289524, 19.809952, 19.845520, 19.855560, 19.858246, 0.24999897, 0.24999547, 0.24998467, 0.26104930, 0.29558685, 0.34728324, 0.34904897, 0.34922740, 0.34927773, 0.34929124, 0.15016980E-1
0.83774887E-1, 0.45585919E-1, 0.13677143E-1, 0.0000000, 0.0000000, 0.0000000, 0.88331997, 4.1131606, 9.7162571, 19.810978, 19.845600, 19.855560, 19.858282, 0.24999897, 0.24999547, 0.24998467, 0.25883228, 0.29112944, 0.34716088, 0.34905487, 0.34922799, 0.34927779, 0.34929141, 0.13677143E-1
0.83282828E-1, 0.39643764E-1, 0.11894319E-1, 0.0000000, 0.0000000, 0.0000000, 0.59859455, 3.5092647, 9.6698961, 19.808056, 19.844706, 19.855333, 19.858240, 0.24999897, 0.24999547, 0.24998467, 0.25598559, 0.28509161, 0.34669802, 0.34904027, 0.34922352, 0.34927666, 0.34929121, 0.11894319E-1
0.82822084E-1, 0.34079719E-1, 0.10224938E-1, 0.0000000, 0.0000000, 0.0000000, 0.31343400, 2.9845805, 9.6161375, 19.802109, 19.842981, 19.854877, 19.858130, 0.24999897, 0.24999547, 0.24998467, 0.25313410, 0.27984467, 0.34616014, 0.34901053, 0.34921491, 0.34927440, 0.34929064, 0.10224938E-1
0.82385987E-1, 0.28813394E-1, 0.86448826E-2, 0.0000000, 0.0000000, 0.0000000, 0.13777614E-1, 2.6517391, 9.2816982, 19.794710, 19.840771, 19.854296, 19.858000, 0.24999897, 0.24999547, 0.24998467, 0.25010273, 0.27649349, 0.34280080, 0.34897187, 0.34920344, 0.34927136, 0.34928998, 0.86448826E-2
0.82184255E-1, 0.26377266E-1, 0.79139713E-2, 0.0000000, 0.0000000, 0.0000000, 0.0000000, 2.3130803, 8.8922386, 19.795584, 19.840748, 19.854290, 19.857988, 0.24999897, 0.24999547, 0.24998467, 0.24999978, 0.27312189, 0.33891374, 0.34897760, 0.34920365, 0.34927142, 0.34928995, 0.79139713E-2
0.82015462E-1, 0.24338933E-1, 0.73024100E-2, 0.0000000, 0.0000000, 0.0000000, 0.0000000, 2.0262957, 8.5269442, 19.799530, 19.841673, 19.854519, 19.858040, 0.24999897, 0.24999547, 0.24998467, 0.24999978, 0.27026066, 0.33526620, 0.34899765, 0.34920835, 0.34927261, 0.34929019, 0.73024100E-2
0.81831321E-1, 0.22115245E-1, 0.66352370E-2, 0.0000000, 0.0000000, 0.0000000, 0.0000000, 1.7230839, 8.1022034, 19.803642, 19.842751, 19.854795, 19.858099, 0.24999897, 0.24999547, 0.24998467, 0.24999978, 0.26722869, 0.33101866, 0.34901822, 0.34921375, 0.34927398, 0.34929049, 0.66352370E-2
0.81677377E-1, 0.20256152E-1, 0.60774535E-2, 0.0000000, 0.0000000, 0.0000000, 0.0000000, 1.4662087, 7.7570601, 19.800375, 19.841919, 19.854586, 19.858040, 0.24999897, 0.24999547, 0.24998467, 0.24999978, 0.26466045, 0.32756773, 0.34900188, 0.34920961, 0.34927294, 0.34929019, 0.60774535E-2
0.81541315E-1, 0.18613113E-1, 0.55844923E-2, 0.0000000, 0.0000000, 0.0000000, 0.0000000, 1.2402296, 7.4578958, 19.795630, 19.840599, 19.854219, 19.857941, 0.24999897, 0.24999547, 0.24998467, 0.24999978, 0.26237670, 0.32455975, 0.34897617, 0.34920248, 0.34927094, 0.34928969, 0.55844923E-2
0.81416257E-1, 0.17102895E-1, 0.51313820E-2, 0.0000000, 0.0000000, 0.0000000, 0.0000000, 1.0373950, 7.1615806, 19.794220, 19.840111, 19.854084, 19.857922, 0.24999897, 0.24999547, 0.24998467, 0.24999978, 0.26034465, 0.32159367, 0.34896874, 0.34919992, 0.34927025, 0.34928957, 0.51313820E-2
0.81272997E-1, 0.15372821E-1, 0.46123075E-2, 0.0000000, 0.0000000, 0.0000000, 0.0000000, 0.82469583, 6.7518058, 19.797863, 19.841005, 19.854324, 19.857988, 0.24999897, 0.24999547, 0.24998467, 0.24999978, 0.25824472, 0.31751198, 0.34898931, 0.34920502, 0.34927163, 0.34928995, 0.46123075E-2
0.81104785E-1, 0.13341540E-1, 0.40028621E-2, 0.0000000, 0.0000000, 0.0000000, 0.0000000, 0.59128702, 6.2327514, 19.798899, 19.841265, 19.854401, 19.858017, 0.24999897, 0.24999547, 0.24998467, 0.24999978, 0.25591150, 0.31232274, 0.34899449, 0.34920633, 0.34927201, 0.34929007, 0.40028621E-2
0.80942579E-1, 0.11382673E-1, 0.34151436E-2, 0.0000000, 0.0000000, 0.0000000, 0.0000000, 0.37958324, 5.6922483, 19.798065, 19.841047, 19.854343, 19.858006, 0.24999897, 0.24999547, 0.24998467, 0.24999978, 0.25379494, 0.30691805, 0.34899032, 0.34920523, 0.34927171, 0.34929001, 0.34151436E-2
0.80780208E-1, 0.94218981E-2, 0.28268520E-2, 0.0000000, 0.0000000, 0.0000000, 0.0000000, 0.18357038, 5.1040206, 19.794865, 19.840176, 19.854130, 19.857952, 0.24999897, 0.24999547, 0.24998467, 0.24999978, 0.25183487, 0.30103242, 0.34897432, 0.34920087, 0.34927064, 0.34928977, 0.28268520E-2
0.80623746E-1, 0.75324248E-2, 0.22599534E-2, 0.0000000, 0.0000000, 0.0000000, 0.0000000, 0.58734417E-1, 4.3443952, 19.800047, 19.841526, 19.854485, 19.858051, 0.24999897, 0.24999547, 0.24998467, 0.24999978, 0.25058711, 0.29343775, 0.34900025, 0.34920764, 0.34927243, 0.34929025, 0.22599534E-2
0.80527529E-1, 0.63705235E-2, 0.19113482E-2, 0.0000000, 0.0000000, 0.0000000, 0.0000000, 0.0000000, 3.8235841, 19.801180, 19.841896, 19.854574, 19.858065, 0.24999897, 0.24999547, 0.24998467, 0.24999978, 0.24999282, 0.28822696, 0.34900591, 0.34920949, 0.34927288, 0.34929031, 0.19113482E-2
0.80418110E-1, 0.50491709E-2, 0.15149028E-2, 0.0000000, 0.0000000, 0.0000000, 0.0000000, 0.0000000, 3.0305076, 19.800982, 19.841908, 19.854591, 19.858065, 0.24999897, 0.24999547, 0.24998467, 0.24999978, 0.24999282, 0.28029805, 0.34900492, 0.34920955, 0.34927297, 0.34929031, 0.15149028E-2
0.80318488E-1, 0.38461366E-2, 0.11539564E-2, 0.0000000, 0.0000000, 0.0000000, 0.0000000, 0.0000000, 2.3089349, 19.770058, 19.841761, 19.854555, 19.858051, 0.24999897, 0.24999547, 0.24998467, 0.24999978, 0.24999282, 0.27307913, 0.34885028, 0.34920880, 0.34927279, 0.34929025, 0.11539564E-2
0.80214277E-1, 0.25876458E-2, 0.77637139E-3, 0.0000000, 0.0000000, 0.0000000, 0.0000000, 0.0000000, 1.5537709, 19.723202, 19.842003, 19.854626, 19.858070, 0.24999897, 0.24999547, 0.24998467, 0.24999978, 0.24999282, 0.26552743, 0.34861600, 0.34921002, 0.34927315, 0.34929034, 0.77637139E-3
0.80141954E-1, 0.17142816E-2, 0.51433593E-3, 0.0000000, 0.0000000, 0.0000000, 0.0000000, 0.0000000, 1.0294884, 19.684328, 19.843927, 19.855122, 19.858187, 0.24999897, 0.24999547, 0.24998467, 0.24999978, 0.24999282, 0.26028672, 0.34842163, 0.34921962, 0.34927562, 0.34929094, 0.51433593E-3
0.80046028E-1, 0.55587199E-3, 0.16677828E-3, 0.0000000, 0.0000000, 0.0000000, 0.0000000, 0.0000000, 0.33438802, 19.638195, 19.843620, 19.855045, 19.858164, 0.24999897, 0.24999547, 0.24998467, 0.24999978, 0.24999282, 0.25333557, 0.34819096, 0.34921810, 0.34927523, 0.34929082, 0.16677828E-3
0.79999998E-1, 0.0000000, 0.0000000, 0.0000000, 0.0000000, 0.0000000, 0.0000000, 0.0000000, 0.0000000, 19.593338, 19.843693, 19.855080, 19.858175, 0.24999897, 0.24999547, 0.24998467, 0.24999978, 0.24999282, 0.24996896, 0.34796670, 0.34921846, 0.34927541, 0.34929088, 0.0000000
0.79999998E-1, 0.0000000, 0.0000000, 0.0000000, 0.0000000, 0.0000000, 0.0000000, 0.0000000, 0.0000000, 19.556759, 19.845589, 19.855581, 19.858311, 0.24999897, 0.24999547, 0.24998467, 0.24999978, 0.24999282, 0.24996896, 0.34778380, 0.34922794, 0.34927791, 0.34929156, 0.0000000
0.79999998E-1, 0.0000000, 0.0000000, 0.0000000, 0.0000000, 0.0000000, 0.0000000, 0.0000000, 0.0000000, 19.516914, 19.846138, 19.855728, 19.858381, 0.24999897, 0.24999547, 0.24998467, 0.24999978, 0.24999282, 0.24996896, 0.34758458, 0.34923071, 0.34927863, 0.34929192, 0.0000000
0.79999998E-1, 0.0000000, 0.0000000, 0.0000000, 0.0000000, 0.0000000, 0.0000000, 0.0000000, 0.0000000, 19.471569, 19.845402, 19.855534, 19.858347, 0.24999897, 0.24999547, 0.24998467, 0.24999978, 0.24999282, 0.24996896, 0.34735715, 0.34922683, 0.34927762, 0.34929174, 0.0000000
0.79999998E-1, 0.0000000, 0.0000000, 0.0000000, 0.0000000, 0.0000000, 0.0000000, 0.0000000, 0.0000000, 19.435364, 19.846819, 19.855896, 19.858458, 0.24999897, 0.24999547, 0.24998467, 0.24999978, 0.24999282, 0.24996896, 0.34717682, 0.34923410, 0.34927946, 0.34929228, 0.0000000
0.79999998E-1, 0.0000000, 0.0000000, 0.0000000, 0.0000000, 0.0000000, 0.0000000, 0.0000000, 0.0000000, 19.401495, 19.848324, 19.856316, 19.858500, 0.24999897, 0.24999547, 0.24998467, 0.24999978, 0.24999282, 0.24996896, 0.34700748, 0.34924161, 0.34928158, 0.34929249, 0.0000000
0.79999998E-1, 0.0000000, 0.0000000, 0.0000000, 0.0000000, 0.0000000, 0.0000000, 0.0000000, 0.0000000, 19.364305, 19.848606, 19.856394, 19.858480, 0.24999897, 0.24999547, 0.24998467, 0.24999978, 0.24999282, 0.24996896, 0.34682152, 0.34924304, 0.34928197, 0.34929240, 0.0000000
0.79999998E-1, 0.0000000, 0.0000000, 0.0000000, 0.0000000, 0.0000000, 0.0000000, 0.0000000, 0.0000000, 19.326357, 19.848640, 19.856377, 19.858463, 0.24999897, 0.24999547, 0.24998467, 0.24999978, 0.24999282, 0.24996896, 0.34663180, 0.34924319, 0.34928188, 0.34929231, 0.0000000
0.79999998E-1, 0.0000000, 0.0000000, 0.0000000, 0.0000000, 0.0000000, 0.0000000, 0.0000000, 0.0000000, 19.291473, 19.849331, 19.856575, 19.858480, 0.24999897, 0.24999547, 0.24998467, 0.24999978, 0.24999282, 0.24996896, 0.34645736, 0.34924665, 0.34928286, 0.34929240, 0.0000000
0.79999998E-1, 0.0000000, 0.0000000, 0.0000000, 0.0000000, 0.0000000, 0.0000000, 0.0000000, 0.0000000, 19.260279, 19.850597, 19.856882, 19.858574, 0.24999897, 0.24999547, 0.24998467, 0.24999978, 0.24999282, 0.24996896, 0.34630138, 0.34925300, 0.34928441, 0.34929287, 0.0000000
0.79999998E-1, 0.0000000, 0.0000000, 0.0000000, 0.0000000, 0.0000000, 0.0000000, 0.0000000, 0.0000000, 19.228371, 19.851334, 19.857096, 19.858629, 0.24999897, 0.24999547, 0.24998467, 0.24999978, 0.24999282, 0.24996896, 0.34614184, 0.34925666, 0.34928548, 0.34929314, 0.0000000
0.79999998E-1, 0.0000000, 0.0000000, 0.0000000, 0.0000000, 0.0000000, 0.0000000, 0.0000000, 0.0000000, 19.197525, 19.852083, 19.857285, 19.858692, 0.24999897, 0.24999547, 0.24998467, 0.24999978, 0.24999282, 0.24996896, 0.34598762, 0.34926042, 0.34928644, 0.34929347, 0.0000000
0.79999998E-1, 0.0000000, 0.0000000, 0.0000000, 0.0000000, 0.0000000, 0.0000000, 0.0000000, 0.0000000, 19.163052, 19.851799, 19.857225, 19.858646, 0.24999897, 0.24999547, 0.24998467, 0.24999978, 0.24999282, 0.24996896, 0.34581524, 0.34925899, 0.34928614, 0.34929323, 0.0000000
0.79999998E-1, 0.0000000, 0.0000000, 0.0000000, 0.0000000, 0.0000000, 0.0000000, 0.0000000, 0.0000000, 19.125494, 19.850946, 19.856976, 19.858599, 0.24999897, 0.24999547, 0.24998467, 0.24999978, 0.24999282, 0.24996896, 0.34562749, 0.34925473, 0.34928489, 0.34929299, 0.0000000
0.79999998E-1, 0.0000000, 0.0000000, 0.0000000, 0.0000000, 0.0000000, 0.0000000, 0.0000000, 0.0000000, 19.095625, 19.852041, 19.857265, 19.858688, 0.24999897, 0.24999547, 0.24998467, 0.24999978, 0.24999282, 0.24996896, 0.34547812, 0.34926021, 0.34928632, 0.34929344, 0.0000000
0.22222395, 1.0000000, 0.51530415, 2.5057096, 8.2776737, 6.8933258, 7.2307568, 8.1081247, 8.8752337, 19.217361, 19.852718, 19.857431, 19.858709, 0.27505681, 0.33277616, 0.31893301, 0.32230750, 0.33108121, 0.33875233, 0.34608680, 0.34926361, 0.34928715, 0.34929353, 0.51530415
0.35599947, 1.0000000, 0.99999809, 9.9999962, 9.9999990, 9.9999990, 9.9999990, 9.9999990, 9.9999990, 19.999998, 19.999998, 19.999998, 19.998999, 0.34999973, 0.34999985, 0.34999993, 0.34999999, 0.34999999, 0.34999999, 0.34999999, 0.34999999, 0.34999999, 0.34999499, 0.99999809
0.35525382, 1.0000000, 0.99729633, 9.9623432, 9.9785671, 9.9891920, 9.9972706, 9.9986191, 9.9994631, 19.999916, 19.999975, 19.999975, 19.989016, 0.34962270, 0.34978524, 0.34989172, 0.34997267, 0.34998617, 0.34999463, 0.34999958, 0.34999987, 0.34999987, 0.34994507, 0.99729633
0.35393089, 1.0000000, 0.99250323, 9.8941040, 9.9425364, 9.9706926, 9.9923944, 9.9961720, 9.9984856, 19.999743, 19.999928, 19.999949, 19.985044, 0.34893978, 0.34942463, 0.34970653, 0.34992385, 0.34996170, 0.34998485, 0.34999871, 0.34999964, 0.34999973, 0.34992522, 0.99250323
0.35599840, 1.0000000, 0.99999428, 9.9999609, 9.9999752, 9.9999876, 9.9999962, 9.9999990, 9.9999990, 19.999998, 19.999998, 19.999998, 19.997997, 0.34999922, 0.34999952, 0.34999976, 0.34999993, 0.34999999, 0.34999999, 0.34999999, 0.34999999, 0.34999999, 0.34998998, 0.99999428
0.35599917, 1.0000000, 0.99999690, 9.9999752, 9.9999876, 9.9999933, 9.9999990, 9.9999990, 9.9999990, 19.999998, 19.999998, 19.999998, 19.997997, 0.34999955, 0.34999976, 0.34999987, 0.34999999, 0.34999999, 0.34999999, 0.34999999, 0.34999999, 0.34999999, 0.34998998, 0.99999690
0.35599917, 1.0000000, 0.99999702, 9.9999790, 9.9999876, 9.9999933, 9.9999990, 9.9999990, 9.9999990, 19.999998, 19.999998, 19.999998, 19.997997, 0.34999958, 0.34999976, 0.34999987, 0.34999999, 0.34999999, 0.34999999, 0.34999999, 0.34999999, 0.34999999, 0.34998998, 0.99999702
0.35599875, 1.0000000, 0.99999547, 9.9999580, 9.9999752, 9.9999876, 9.9999990, 9.9999990, 9.9999990, 19.999998, 19.999998, 19.999998, 19.996996, 0.34999937, 0.34999964, 0.34999982, 0.34999999, 0.34999999, 0.34999999, 0.34999999, 0.34999999, 0.34999999, 0.34998497, 0.99999547
0.35574120, 1.0000000, 0.99906218, 9.9999390, 9.9888134, 9.9637060, 9.9861107, 9.9928951, 9.9966507, 19.998974, 19.999731, 19.999840, 19.982075, 0.34999928, 0.34988809, 0.34963703, 0.34986112, 0.34992895, 0.34996650, 0.34999487, 0.34999865, 0.34999919, 0.34991038, 0.99906218
0.35473573, 1.0000000, 0.99541914, 9.9899006, 9.8937693, 9.9449701, 9.9850578, 9.9924402, 9.9969425, 19.999451, 19.999868, 19.999924, 19.985044, 0.34989819, 0.34893721, 0.34944946, 0.34985054, 0.34992436, 0.34996942, 0.34999725, 0.34999934, 0.34999961, 0.34992522, 0.99541914
0.34511197, 1.0000000, 0.96055049, 9.4059181, 9.7478027, 9.8641968, 9.9636087, 9.9814920, 9.9928541, 19.999016, 19.999748, 19.999868, 19.984043, 0.34405890, 0.34747788, 0.34864187, 0.34963605, 0.34981492, 0.34992856, 0.34999508, 0.34999874, 0.34999934, 0.34992021, 0.96055049
0.34612799, 1.0000000, 0.96423179, 9.5522003, 9.6608000, 9.8035879, 9.9346476, 9.9659224, 9.9862404, 19.997734, 19.999414, 19.998854, 19.961004, 0.34552172, 0.34660783, 0.34803578, 0.34934643, 0.34965923, 0.34986240, 0.34998867, 0.34999707, 0.34999427, 0.34980503, 0.96423179
0.35598809, 1.0000000, 0.99995691, 9.9995050, 9.9997015, 9.9998531, 9.9999695, 9.9999876, 9.9999962, 19.999998, 19.999998, 19.999996, 19.993994, 0.34999406, 0.34999642, 0.34999824, 0.34999964, 0.34999985, 0.34999996, 0.34999999, 0.34999999, 0.34999996, 0.34996998, 0.99995691
0.33290958, 1.0000000, 0.91633898, 8.6976156, 9.5292606, 9.7304173, 9.9121990, 9.9545221, 9.9813538, 19.996590, 19.999105, 19.999344, 19.970360, 0.33697149, 0.34528953, 0.34730259, 0.34912166, 0.34954506, 0.34981346, 0.34998295, 0.34999552, 0.34999672, 0.34985179, 0.91633898
0.30377522, 1.0000000, 0.81077975, 6.7015190, 9.4019499, 9.6263771, 9.8263559, 9.9046154, 9.9565887, 19.989246, 19.997179, 19.996817, 19.948294, 0.31700730, 0.34401286, 0.34626037, 0.34826288, 0.34904581, 0.34956577, 0.34994623, 0.34998590, 0.34998408, 0.34974146, 0.81077975
0.29522443, 1.0000000, 0.77979863, 6.0184464, 9.4884481, 9.6658669, 9.8183880, 9.8935099, 9.9484673, 19.985994, 19.996288, 19.992071, 19.928852, 0.31018040, 0.34488064, 0.34665671, 0.34818348, 0.34893489, 0.34948462, 0.34992999, 0.34998143, 0.34996036, 0.34964424, 0.77979863
0.30319318, 1.0000000, 0.80867088, 6.5251460, 9.5802879, 9.7151699, 9.8273191, 9.8937864, 9.9455099, 19.983440, 19.995394, 19.984474, 19.912472, 0.31524929, 0.34580097, 0.34715074, 0.34827298, 0.34893778, 0.34945506, 0.34991720, 0.34997696, 0.34992236, 0.34956235, 0.80867088
0.28539869, 1.0000000, 0.74419814, 5.2952547, 9.5052338, 9.6709709, 9.8087835, 9.8810596, 9.9376984, 19.979782, 19.993877, 19.974058, 19.899157, 0.30295223, 0.34505197, 0.34670952, 0.34808782, 0.34881058, 0.34937698, 0.34989890, 0.34996939, 0.34987029, 0.34949577, 0.74419814
0.25382710, 1.0000000, 0.62980825, 3.1589110, 9.3201265, 9.5520153, 9.7521420, 9.8469257, 9.9203005, 19.973595, 19.990953, 19.961332, 19.888674, 0.28158841, 0.34320000, 0.34551948, 0.34752131, 0.34846920, 0.34920296, 0.34986797, 0.34995478, 0.34980667, 0.34944338, 0.62980825
0.24313399, 1.0000000, 0.59106517, 2.6704013, 8.7956858, 9.6408415, 9.7798967, 9.8583336, 9.9228888, 19.971571, 19.987898, 19.947659, 19.880749, 0.27670190, 0.33795264, 0.34640613, 0.34779850, 0.34858310, 0.34922880, 0.34985787, 0.34993950, 0.34973830, 0.34940374, 0.59106517
0.23112465, 1.0000000, 0.54755306, 2.2511749, 8.0429115, 9.6422653, 9.7814608, 9.8581276, 9.9214497, 19.968700, 19.982983, 19.933706, 19.874779, 0.27251032, 0.33042604, 0.34642079, 0.34781423, 0.34858111, 0.34921443, 0.34984350, 0.34991491, 0.34966853, 0.34937388, 0.54755306
0.20103961, 1.0000000, 0.43854931, 1.1164159, 6.3876910, 9.4893408, 9.6986856, 9.8097124, 9.8965807, 19.958235, 19.974091, 19.919838, 19.870234, 0.26116410, 0.31387669, 0.34489322, 0.34698683, 0.34809709, 0.34896582, 0.34979117, 0.34987044, 0.34959918, 0.34935117, 0.43854931
0.16516900, 1.0000000, 0.30858332, 0.0000000, 3.9891481, 9.3671560, 9.6159534, 9.7555656, 9.8675175, 19.945379, 19.962524, 19.907089, 19.866871, 0.24997969, 0.28988871, 0.34366831, 0.34615886, 0.34755534, 0.34867507, 0.34972689, 0.34981263, 0.34953544, 0.34933436, 0.30858332
0.15002346, 0.84560937, 0.25370818, 0.0000000, 2.5973141, 8.4990206, 9.5922594, 9.7353868, 9.8540945, 19.935320, 19.950056, 19.896208, 19.864460, 0.24997969, 0.27597252, 0.33498919, 0.34592235, 0.34735376, 0.34854093, 0.34967661, 0.34975028, 0.34948105, 0.34932229, 0.25370818
0.14578873, 0.79447049, 0.23836498, 0.0000000, 2.3486197, 7.9484820, 9.6877604, 9.7880592, 9.8759727, 19.933161, 19.938766, 19.887665, 19.862862, 0.24997969, 0.27348545, 0.32948357, 0.34687731, 0.34788045, 0.34875965, 0.34966582, 0.34969383, 0.34943831, 0.34931430, 0.23836498
0.34307909, 1.0000000, 0.95318502, 9.6310740, 9.3506517, 9.4760427, 9.7598886, 9.8316717, 9.8964872, 19.932100, 19.927738, 19.880915, 19.861750, 0.34631014, 0.34350616, 0.34476024, 0.34759885, 0.34831670, 0.34896487, 0.34966052, 0.34963870, 0.34940457, 0.34930876, 0.95318502
0.31813306, 1.0000000, 0.86280096, 7.7480173, 9.4143906, 9.5994549, 9.7585220, 9.8349609, 9.8987665, 19.926569, 19.916121, 19.875376, 19.860920, 0.32748005, 0.34414381, 0.34599450, 0.34758523, 0.34834960, 0.34898767, 0.34963286, 0.34958059, 0.34937689, 0.34930462, 0.86280096
0.35597110, 1.0000000, 0.99989533, 9.9987774, 9.9992599, 9.9996300, 9.9999247, 9.9999638, 9.9999905, 19.999998, 19.999998, 19.999990, 19.991999, 0.34998563, 0.34999132, 0.34999564, 0.34999913, 0.34999958, 0.34999987, 0.34999999, 0.34999999, 0.34999996, 0.34996000, 0.99989533
0.34893560, 1.0000000, 0.97440439, 9.6208763, 9.8277264, 9.9086599, 9.9743347, 9.9869452, 9.9947300, 19.999058, 19.999748, 19.999846, 19.980110, 0.34620848, 0.34827712, 0.34908649, 0.34974331, 0.34986946, 0.34994730, 0.34999529, 0.34999874, 0.34999922, 0.34990054, 0.97440439
0.34140581, 1.0000000, 0.94712245, 9.1860476, 9.6871080, 9.8278990, 9.9489985, 9.9738579, 9.9894400, 19.998138, 19.999521, 19.999792, 19.982044, 0.34185857, 0.34686986, 0.34827837, 0.34948987, 0.34973851, 0.34989437, 0.34999070, 0.34999761, 0.34999895, 0.34991023, 0.94712245
0.35584801, 1.0000000, 0.99944931, 9.9926424, 9.9956074, 9.9977951, 9.9995584, 9.9997787, 9.9999247, 19.999998, 19.999998, 19.999990, 19.991999, 0.34992418, 0.34995472, 0.34997728, 0.34999546, 0.34999773, 0.34999922, 0.34999999, 0.34999999, 0.34999996, 0.34996000, 0.99944931
0.34508407, 1.0000000, 0.96044952, 9.3998032, 9.7536688, 9.8665161, 9.9649029, 9.9821310, 9.9932537, 19.999212, 19.999796, 19.999422, 19.968512, 0.34399626, 0.34753561, 0.34866464, 0.34964889, 0.34982124, 0.34993252, 0.34999606, 0.34999898, 0.34999710, 0.34984255, 0.96044952
0.30131269, 1.0000000, 0.80185759, 6.5857730, 9.3214741, 9.5790958, 9.8159533, 9.9004555, 9.9553890, 19.989138, 19.997156, 19.996565, 19.946568, 0.31585312, 0.34321082, 0.34578893, 0.34815910, 0.34900436, 0.34955382, 0.34994569, 0.34998578, 0.34998283, 0.34973285, 0.80185759
0.28160101, 1.0000000, 0.73043841, 5.0613680, 9.4514484, 9.6410093, 9.8069992, 9.8872843, 9.9460258, 19.985685, 19.996199, 19.991568, 19.927372, 0.30061221, 0.34451285, 0.34640926, 0.34806982, 0.34887275, 0.34946021, 0.34992844, 0.34998101, 0.34995782, 0.34963685, 0.73043841
0.25141227, 1.0000000, 0.62105894, 2.9762039, 9.3292036, 9.5583954, 9.7563286, 9.8533306, 9.9268312, 19.978962, 19.994211, 19.983429, 19.911177, 0.27976075, 0.34328961, 0.34558269, 0.34756306, 0.34853318, 0.34926829, 0.34989482, 0.34997106, 0.34991714, 0.34955588, 0.62105894
0.29585591, 1.0000000, 0.78208655, 6.1666026, 9.3624659, 9.5929012, 9.7568550, 9.8475666, 9.9201212, 19.974487, 19.992392, 19.972715, 19.898125, 0.31166446, 0.34362325, 0.34592831, 0.34756839, 0.34847561, 0.34920117, 0.34987244, 0.34996197, 0.34986359, 0.34949061, 0.78208655
0.24306777, 1.0000000, 0.59082520, 2.8898239, 8.5418930, 9.4332027, 9.6630831, 9.7892170, 9.8884087, 19.961761, 19.987547, 19.959370, 19.887770, 0.27889502, 0.33541322, 0.34432888, 0.34663019, 0.34789184, 0.34888396, 0.34980881, 0.34993774, 0.34979683, 0.34943885, 0.59082520
0.22813174, 1.0000000, 0.53670919, 2.4107547, 7.4659877, 9.5601377, 9.7193413, 9.8156042, 9.8972025, 19.959471, 19.984066, 19.945585, 19.880030, 0.27410430, 0.32465386, 0.34559754, 0.34719265, 0.34815565, 0.34897190, 0.34979737, 0.34992033, 0.34972793, 0.34940016, 0.53670919
0.21283689, 1.0000000, 0.48129308, 1.8939644, 6.4732771, 9.5681057, 9.7327929, 9.8235521, 9.9001703, 19.956696, 19.978806, 19.931664, 19.874229, 0.26893899, 0.31473142, 0.34568009, 0.34732771, 0.34823543, 0.34900168, 0.34978348, 0.34989402, 0.34965831, 0.34937114, 0.48129308
0.19245788, 1.0000000, 0.40745607, 1.1915118, 5.2144895, 9.5111341, 9.7089205, 9.8105965, 9.8938589, 19.951790, 19.971075, 19.918308, 19.869900, 0.26191446, 0.30214319, 0.34510979, 0.34708887, 0.34810582, 0.34893852, 0.34975895, 0.34985536, 0.34959155, 0.34934950, 0.40745607
0.16598472, 1.0000000, 0.31153888, 0.31757057, 3.5192447, 9.4331455, 9.6619520, 9.7821150, 9.8794956, 19.944328, 19.960789, 19.906101, 19.866693, 0.25317538, 0.28519022, 0.34432849, 0.34661892, 0.34782085, 0.34879488, 0.34972164, 0.34980395, 0.34953052, 0.34933347, 0.31153888
0.14969158, 0.84160167, 0.25250575, 0.0000000, 2.4735987, 8.6556005, 9.6322145, 9.7612066, 9.8669834, 19.935568, 19.948637, 19.895485, 19.864359, 0.24996737, 0.27473456, 0.33655354, 0.34632158, 0.34761181, 0.34866974, 0.34967783, 0.34974319, 0.34947741, 0.34932178, 0.25250575
0.14070287, 0.73305309, 0.21993792, 0.0000000, 1.8651038, 7.7015195, 9.6321983, 9.7583590, 9.8629322, 19.927635, 19.935881, 19.886726, 19.862690, 0.24996737, 0.26865047, 0.32701400, 0.34632170, 0.34758344, 0.34862927, 0.34963816, 0.34967941, 0.34943363, 0.34931344, 0.21993792
0.35563624, 1.0000000, 0.99868208, 9.9816790, 9.9901686, 9.9950161, 9.9980440, 9.9990072, 9.9995289, 19.999849, 19.999964, 19.999964, 19.988020, 0.34981340, 0.34989965, 0.34994915, 0.34998024, 0.34998998, 0.34999526, 0.34999925, 0.34999982, 0.34999982, 0.34994009, 0.99868208
0.35300446, 1.0000000, 0.98914647, 9.8459587, 9.9181805, 9.9580755, 9.9892521, 9.9945755, 9.9978600, 19.999664, 19.999916, 19.999958, 19.988020, 0.34845594, 0.34917960, 0.34957966, 0.34989232, 0.34994563, 0.34997857, 0.34999833, 0.34999958, 0.34999979, 0.34994009, 0.98914647
0.34806764, 1.0000000, 0.97125953, 9.6045370, 9.7693100, 9.8737736, 9.9639816, 9.9815893, 9.9927120, 19.998867, 19.999712, 19.999207, 19.964733, 0.34604347, 0.34769192, 0.34873715, 0.34963971, 0.34981585, 0.34992710, 0.34999433, 0.34999856, 0.34999603, 0.34982365, 0.97125953
0.33788788, 1.0000000, 0.93437636, 8.9827757, 9.6265869, 9.7825632, 9.9238396, 9.9600687, 9.9833908, 19.996876, 19.999187, 19.996517, 19.943308, 0.33982751, 0.34626570, 0.34782556, 0.34923837, 0.34960067, 0.34983391, 0.34998438, 0.34999594, 0.34998259, 0.34971654, 0.93437636
0.32982135, 1.0000000, 0.90514988, 8.4085875, 9.6209850, 9.7676506, 9.8990602, 9.9449739, 9.9757929, 19.994726, 19.998589, 19.991182, 19.924597, 0.33408239, 0.34620747, 0.34767529, 0.34899038, 0.34944963, 0.34975791, 0.34997362, 0.34999293, 0.34995592, 0.34962299, 0.90514988
0.35599291, 1.0000000, 0.99997431, 9.9996719, 9.9997997, 9.9998980, 9.9999790, 9.9999876, 9.9999962, 19.999998, 19.999998, 19.999996, 19.993994, 0.34999648, 0.34999785, 0.34999892, 0.34999979, 0.34999987, 0.34999996, 0.34999999, 0.34999999, 0.34999996, 0.34996998, 0.99997431
0.35599834, 1.0000000, 0.99999392, 9.9999428, 9.9999666, 9.9999819, 9.9999933, 9.9999990, 9.9999990, 19.999998, 19.999998, 19.999998, 19.996996, 0.34999916, 0.34999949, 0.34999973, 0.34999990, 0.34999999, 0.34999999, 0.34999999, 0.34999999, 0.34999999, 0.34998497, 0.99999392
0.35599923, 1.0000000, 0.99999726, 9.9999876, 9.9999933, 9.9999962, 9.9999990, 9.9999990, 9.9999990, 19.999998, 19.999998, 19.999998, 19.997997, 0.34999961, 0.34999979, 0.34999987, 0.34999996, 0.34999999, 0.34999999, 0.34999999, 0.34999999, 0.34999999, 0.34998998, 0.99999726
0.32106531, 1.0000000, 0.87342501, 7.9147639, 9.4375010, 9.6682091, 9.8818111, 9.9380293, 9.9739304, 19.994780, 19.998646, 19.999372, 19.974194, 0.32914752, 0.34437492, 0.34668207, 0.34881812, 0.34938028, 0.34973931, 0.34997389, 0.34999323, 0.34999686, 0.34987098, 0.87342501
0.28450921, 1.0000000, 0.74097538, 5.3438172, 9.3600569, 9.5872803, 9.7943745, 9.8840570, 9.9467049, 19.987019, 19.996595, 19.997187, 19.951782, 0.30343717, 0.34359953, 0.34587228, 0.34794363, 0.34884050, 0.34946701, 0.34993508, 0.34998298, 0.34998593, 0.34975892, 0.74097538
0.24519439, 1.0000000, 0.59853035, 2.9848723, 8.6014080, 9.4932423, 9.7185402, 9.8321838, 9.9178076, 19.977604, 19.994051, 19.992472, 19.931755, 0.27984726, 0.33601156, 0.34493104, 0.34718511, 0.34832171, 0.34917802, 0.34988803, 0.34997025, 0.34996235, 0.34965879, 0.59853035
0.20886667, 1.0000000, 0.46690822, 1.6854703, 6.4166479, 9.4348450, 9.6635485, 9.7905722, 9.8920794, 19.967379, 19.991087, 19.984787, 19.914753, 0.26685402, 0.31416491, 0.34434730, 0.34663525, 0.34790561, 0.34892076, 0.34983689, 0.34995544, 0.34992394, 0.34957376, 0.46690822
0.17948440, 1.0000000, 0.36045071, 0.72681010, 4.4681292, 9.4341993, 9.6514597, 9.7764196, 9.8801775, 19.959560, 19.988310, 19.974434, 19.900898, 0.25726783, 0.29468033, 0.34434101, 0.34651437, 0.34776410, 0.34880176, 0.34979779, 0.34994155, 0.34987217, 0.34950450, 0.36045071
0.15404728, 0.89420146, 0.26828727, 0.0000000, 2.8771937, 8.9038067, 9.6188507, 9.7534132, 9.8656883, 19.950424, 19.984400, 19.961733, 19.889952, 0.24996223, 0.27877098, 0.33903658, 0.34618819, 0.34753397, 0.34865683, 0.34975213, 0.34992200, 0.34980866, 0.34944975, 0.26828727
0.14230019, 0.75234240, 0.22572529, 0.0000000, 2.0645022, 7.6970816, 9.6011248, 9.7395706, 9.8559456, 19.941824, 19.979292, 19.947704, 19.881556, 0.24996223, 0.27064389, 0.32696873, 0.34601071, 0.34739545, 0.34855935, 0.34970912, 0.34989646, 0.34973854, 0.34940779, 0.22572529
0.13264401, 0.63573366, 0.19073918, 0.0000000, 1.4560699, 6.5813646, 9.6043491, 9.7397604, 9.8550415, 19.937096, 19.973524, 19.933598, 19.875301, 0.24996223, 0.26455864, 0.31580904, 0.34604216, 0.34739691, 0.34855017, 0.34968549, 0.34986761, 0.34966800, 0.34937650, 0.19073918
0.17040852, 1.0000000, 0.32756710, 1.8548429, 2.4344742, 7.5512123, 9.6535053, 9.7683086, 9.8669415, 19.934717, 19.966587, 19.920206, 19.870687, 0.26854587, 0.27434272, 0.32550895, 0.34653425, 0.34768265, 0.34866926, 0.34967357, 0.34983295, 0.34960103, 0.34935343, 0.32756710
0.23496845, 1.0000000, 0.56147993, 2.8118224, 7.6817083, 9.4439240, 9.7133789, 9.8041601, 9.8829451, 19.933735, 19.958282, 19.908142, 19.867363, 0.27811742, 0.32681578, 0.34443843, 0.34713361, 0.34804150, 0.34882942, 0.34966868, 0.34979141, 0.34954071, 0.34933680, 0.56147993
0.23065701, 1.0000000, 0.54585874, 2.7089267, 7.2057252, 9.6794987, 9.7786188, 9.8434029, 9.9019146, 19.935108, 19.949230, 19.897839, 19.864988, 0.27708894, 0.32205671, 0.34679464, 0.34778613, 0.34843400, 0.34901914, 0.34967554, 0.34974617, 0.34948918, 0.34932494, 0.54585874
0.19086987, 1.0000000, 0.40170237, 1.2247682, 5.0119891, 9.4371309, 9.6591043, 9.7780504, 9.8724155, 19.923906, 19.936008, 19.888458, 19.863083, 0.26224560, 0.30011478, 0.34436652, 0.34659007, 0.34777999, 0.34872398, 0.34961954, 0.34968004, 0.34944230, 0.34931540, 0.40170237
0.15026245, 0.84849524, 0.25457403, 0.0000000, 2.7167618, 8.3289137, 9.5541124, 9.7098255, 9.8379612, 19.910288, 19.921907, 19.880651, 19.861683, 0.24989642, 0.27716604, 0.33328670, 0.34554055, 0.34709796, 0.34837952, 0.34955144, 0.34960955, 0.34940326, 0.34930843, 0.25457403
0.13285251, 0.63825142, 0.19149458, 0.0000000, 1.5580088, 6.4535313, 9.5119371, 9.6784449, 9.8188229, 19.897861, 19.908651, 19.874491, 19.860708, 0.24989642, 0.26557827, 0.31453153, 0.34511825, 0.34678388, 0.34818804, 0.34948930, 0.34954327, 0.34937245, 0.34930354, 0.19149458
0.11346227, 0.40409324, 0.12124009, 0.0000000, 0.39061010, 4.1276650, 9.4285440, 9.6214514, 9.7871647, 19.881752, 19.895473, 19.869448, 19.859938, 0.24989642, 0.25390571, 0.29127461, 0.34428450, 0.34621403, 0.34787151, 0.34940875, 0.34947735, 0.34934723, 0.34929970, 0.12124009
0.10261753, 0.27313125, 0.81947573E-1, 0.0000000, 0.0000000, 2.4498196, 8.6564636, 9.5727301, 9.7586241, 19.865879, 19.883699, 19.865513, 19.859356, 0.24989642, 0.24998091, 0.27449396, 0.33656165, 0.34572566, 0.34758568, 0.34932941, 0.34941849, 0.34932756, 0.34929678, 0.81947573E-1
0.97363949E-1, 0.20968857, 0.62912866E-1, 0.0000000, 0.0000000, 1.4348388, 7.4060903, 9.5464659, 9.7413683, 19.852133, 19.873922, 19.862549, 19.858980, 0.24989642, 0.24998091, 0.26433882, 0.32405102, 0.34545827, 0.34741151, 0.34926066, 0.34936962, 0.34931275, 0.34929490, 0.62912866E-1
0.22074538, 1.0000000, 0.50994700, 2.8383942, 6.1129909, 9.1332006, 9.4222345, 9.6786890, 9.7999315, 19.850702, 19.868782, 19.861053, 19.858839, 0.27837959, 0.31112429, 0.34132782, 0.34422147, 0.34678644, 0.34799916, 0.34925351, 0.34934390, 0.34930527, 0.34929419, 0.50994700
0.15998903, 0.96595442, 0.28981531, 0.64918101, 2.8227866, 8.3247662, 9.4792252, 9.6512718, 9.7877665, 19.839630, 19.862288, 19.859341, 19.858604, 0.25649142, 0.27822685, 0.33324617, 0.34479192, 0.34651256, 0.34787762, 0.34919816, 0.34931144, 0.34929669, 0.34929302, 0.28981531
0.13002267, 0.60407817, 0.18124157, 0.0000000, 1.4387608, 6.0261688, 9.4548969, 9.6303778, 9.7765036, 19.831060, 19.857346, 19.858074, 19.858463, 0.24998710, 0.26438567, 0.31025767, 0.34454772, 0.34630311, 0.34776482, 0.34915531, 0.34928674, 0.34929037, 0.34929231, 0.18124157
0.16064492, 0.97387505, 0.29219174, 1.6164899, 2.1440864, 6.6108665, 9.5073376, 9.6610498, 9.7888899, 19.828432, 19.854687, 19.857445, 19.858440, 0.26616207, 0.27143863, 0.31610522, 0.34507239, 0.34660998, 0.34788871, 0.34914216, 0.34927344, 0.34928721, 0.34929222, 0.29219174
0.17934074, 1.0000000, 0.35993019, 1.6795099, 2.9557903, 9.2788630, 9.5556288, 9.6918097, 9.8030272, 19.828484, 19.853313, 19.857170, 19.858458, 0.26679435, 0.27955711, 0.34278738, 0.34555602, 0.34691799, 0.34803024, 0.34914243, 0.34926656, 0.34928584, 0.34929228, 0.35993019
0.35596269, 1.0000000, 0.99986470, 9.9983845, 9.9990282, 9.9995136, 9.9999008, 9.9999542, 9.9999847, 19.999998, 19.999998, 19.999998, 19.994993, 0.34998140, 0.34998882, 0.34999439, 0.34999886, 0.34999949, 0.34999982, 0.34999999, 0.34999999, 0.34999999, 0.34997496, 0.99986470
0.34112811, 1.0000000, 0.94611627, 9.1901655, 9.6603594, 9.8013849, 9.9429178, 9.9707403, 9.9885540, 19.998348, 19.999563, 19.999855, 19.986019, 0.34190127, 0.34660336, 0.34801373, 0.34942916, 0.34970739, 0.34988552, 0.34999174, 0.34999782, 0.34999928, 0.34993011, 0.94611627
0.35438842, 1.0000000, 0.99416089, 9.9337940, 9.9537735, 9.9287720, 9.9823561, 9.9910889, 9.9966087, 19.999577, 19.999880, 19.999964, 19.988997, 0.34933716, 0.34953725, 0.34928748, 0.34982350, 0.34991086, 0.34996608, 0.34999788, 0.34999940, 0.34999982, 0.34994498, 0.99416089
0.32609403, 1.0000000, 0.89164495, 8.3373289, 9.3744555, 9.6108894, 9.8429174, 9.9158468, 9.9639950, 19.992682, 19.998085, 19.998835, 19.965542, 0.33337289, 0.34374428, 0.34610876, 0.34842914, 0.34915847, 0.34963995, 0.34996340, 0.34999043, 0.34999418, 0.34982771, 0.89164495
0.26046002, 1.0000000, 0.65384066, 3.7671161, 9.1666737, 9.4458523, 9.7005568, 9.8258505, 9.9180059, 19.979788, 19.994678, 19.995489, 19.943846, 0.28767091, 0.34166637, 0.34445834, 0.34700555, 0.34825847, 0.34918004, 0.34989893, 0.34997338, 0.34997743, 0.34971923, 0.65384066
0.20170814, 1.0000000, 0.44097155, 1.2212992, 6.3849950, 9.3345871, 9.5954065, 9.7490883, 9.8719654, 19.962957, 19.990063, 19.989166, 19.924803, 0.26221254, 0.31384858, 0.34334487, 0.34595385, 0.34749076, 0.34871963, 0.34981477, 0.34995031, 0.34994584, 0.34962401, 0.44097155
0.15684140, 0.92794323, 0.27841082, 0.0000000, 3.0342691, 9.2834959, 9.5501661, 9.7107620, 9.8462734, 19.950682, 19.986233, 19.980160, 19.908968, 0.24998635, 0.28034094, 0.34283227, 0.34550112, 0.34710735, 0.34846264, 0.34975341, 0.34993118, 0.34990078, 0.34954482, 0.27841082
0.15297401, 0.88124043, 0.26439857, 0.74546635, 2.0692348, 7.7932572, 9.5605879, 9.7121639, 9.8425436, 19.943075, 19.982962, 19.968803, 19.896273, 0.25745320, 0.27068990, 0.32792798, 0.34560475, 0.34712109, 0.34842527, 0.34971538, 0.34991482, 0.34984401, 0.34948137, 0.26439857
0.35599929, 1.0000000, 0.99999738, 9.9999990, 9.9999990, 9.9999990, 9.9999990, 9.9999990, 9.9999990, 19.999998, 19.999998, 19.999998, 19.998999, 0.34999964, 0.34999979, 0.34999987, 0.34999996, 0.34999999, 0.34999999, 0.34999999, 0.34999999, 0.34999999, 0.34999499, 0.99999738
0.33155650, 1.0000000, 0.91143650, 8.6219692, 9.5014725, 9.7114563, 9.9050035, 9.9506130, 9.9798336, 19.996429, 19.999069, 19.999523, 19.975185, 0.33621851, 0.34501395, 0.34711418, 0.34904996, 0.34950611, 0.34979832, 0.34998214, 0.34999534, 0.34999761, 0.34987593, 0.91143650
0.34488082, 1.0000000, 0.95971298, 9.3951101, 9.7406912, 9.8606176, 9.9630194, 9.9806213, 9.9913282, 19.998795, 19.999678, 19.999872, 19.986019, 0.34394726, 0.34740454, 0.34860495, 0.34962994, 0.34980610, 0.34991327, 0.34999397, 0.34999838, 0.34999937, 0.34993011, 0.95971298
0.35145372, 1.0000000, 0.98352790, 9.7649202, 9.8767300, 9.9365568, 9.9853382, 9.9926100, 9.9973125, 19.999773, 19.999939, 19.999971, 19.989990, 0.34764755, 0.34876630, 0.34936506, 0.34985331, 0.34992605, 0.34997311, 0.34999886, 0.34999970, 0.34999985, 0.34994996, 0.98352790
0.35448819, 1.0000000, 0.99452233, 9.9234982, 9.9566259, 9.9780540, 9.9950008, 9.9974880, 9.9990788, 19.999916, 19.999975, 19.999983, 19.990009, 0.34923458, 0.34956601, 0.34978041, 0.34994999, 0.34997487, 0.34999079, 0.34999958, 0.34999987, 0.34999990, 0.34995005, 0.99452233
0.35082155, 1.0000000, 0.98123741, 9.7782907, 9.8001642, 9.8948193, 9.9736700, 9.9866753, 9.9949713, 19.999403, 19.999838, 19.999922, 19.988003, 0.34778249, 0.34800142, 0.34894806, 0.34973666, 0.34986675, 0.34994972, 0.34999701, 0.34999919, 0.34999961, 0.34994000, 0.98123741
0.30845866, 1.0000000, 0.82774872, 7.1435404, 9.2715530, 9.5453329, 9.8092966, 9.8969564, 9.9558697, 19.991222, 19.997698, 19.998671, 19.964603, 0.32143462, 0.34271494, 0.34545302, 0.34809291, 0.34896955, 0.34955871, 0.34995610, 0.34998849, 0.34999335, 0.34982303, 0.82774872
0.24926099, 1.0000000, 0.61326444, 2.9588258, 9.1639051, 9.4428949, 9.6954775, 9.8213358, 9.9155025, 19.979502, 19.994593, 19.995283, 19.943035, 0.27958712, 0.34163696, 0.34442788, 0.34695455, 0.34821326, 0.34915498, 0.34989750, 0.34997296, 0.34997642, 0.34971517, 0.61326444
0.20356816, 1.0000000, 0.44771069, 1.3606340, 6.3510456, 9.3793850, 9.6256466, 9.7671328, 9.8812332, 19.966448, 19.990973, 19.989113, 19.924160, 0.26360565, 0.31350854, 0.34379244, 0.34625617, 0.34767118, 0.34881228, 0.34983224, 0.34995487, 0.34994557, 0.34962079, 0.44771069
0.34847152, 1.0000000, 0.97272289, 9.6020336, 9.8081951, 9.8994513, 9.9760962, 9.9879274, 9.9956026, 19.999622, 19.999903, 19.998758, 19.947897, 0.34601700, 0.34807989, 0.34899348, 0.34976074, 0.34987918, 0.34995601, 0.34999812, 0.34999952, 0.34999380, 0.34973949, 0.97272289
0.34583062, 1.0000000, 0.96315438, 9.5823917, 9.5926285, 9.7677898, 9.9333649, 9.9657907, 9.9868050, 19.998281, 19.999552, 19.999840, 19.985031, 0.34582350, 0.34592602, 0.34767777, 0.34933361, 0.34965789, 0.34986806, 0.34999141, 0.34999776, 0.34999919, 0.34992516, 0.96315438
0.32631001, 1.0000000, 0.89242750, 8.3573360, 9.3702974, 9.6078672, 9.8336306, 9.9096060, 9.9614477, 19.992662, 19.998091, 19.998583, 19.961842, 0.33357173, 0.34370187, 0.34607810, 0.34833619, 0.34909600, 0.34961444, 0.34996331, 0.34999046, 0.34999293, 0.34980920, 0.89242750
0.27821064, 1.0000000, 0.71815449, 4.9573436, 9.2820120, 9.5242424, 9.7442999, 9.8508816, 9.9304276, 19.984003, 19.995789, 19.995127, 19.940622, 0.29957223, 0.34281877, 0.34524176, 0.34744284, 0.34850875, 0.34930423, 0.34992000, 0.34997895, 0.34997565, 0.34970310, 0.71815449
0.32098174, 1.0000000, 0.87312222, 8.0548077, 9.2912550, 9.5194359, 9.7198238, 9.8275366, 9.9139462, 19.977724, 19.994011, 19.989086, 19.922249, 0.33054739, 0.34291208, 0.34519413, 0.34719819, 0.34827533, 0.34913945, 0.34988862, 0.34997004, 0.34994543, 0.34961125, 0.87312222
0.34366560, 1.0000000, 0.95530999, 9.3252363, 9.7166414, 9.8472605, 9.9608049, 9.9800844, 9.9925604, 19.999212, 19.999790, 19.999928, 19.988997, 0.34325117, 0.34716567, 0.34847221, 0.34960797, 0.34980083, 0.34992561, 0.34999606, 0.34999895, 0.34999964, 0.34994498, 0.95530999
0.27760670, 1.0000000, 0.71596622, 4.9677711, 9.2053852, 9.4908381, 9.7625694, 9.8688860, 9.9417801, 19.987061, 19.996607, 19.998451, 19.965471, 0.29967678, 0.34205285, 0.34490788, 0.34762558, 0.34868881, 0.34941778, 0.34993529, 0.34998304, 0.34999225, 0.34982735, 0.71596622
0.22013111, 1.0000000, 0.50772136, 2.2206573, 6.9133158, 9.3839312, 9.6417236, 9.7839279, 9.8945074, 19.972658, 19.992739, 19.994955, 19.943764, 0.27220511, 0.31913045, 0.34383747, 0.34641686, 0.34783912, 0.34894502, 0.34986329, 0.34996369, 0.34997478, 0.34971881, 0.50772136
0.20421261, 1.0000000, 0.45004565, 2.7192831, 4.1618199, 9.3894815, 9.6136866, 9.7536325, 9.8709507, 19.961653, 19.989538, 19.988993, 19.924810, 0.27719045, 0.29161602, 0.34389234, 0.34613636, 0.34753606, 0.34870943, 0.34980828, 0.34994769, 0.34994495, 0.34962404, 0.45004565
0.32753503, 1.0000000, 0.89686602, 8.5053892, 9.3285456, 9.5343790, 9.6959658, 9.7973680, 9.8870316, 19.959900, 19.988503, 19.980743, 19.909134, 0.33505350, 0.34328517, 0.34534368, 0.34695962, 0.34797367, 0.34887031, 0.34979951, 0.34994251, 0.34990370, 0.34954566, 0.89686602
0.35598022, 1.0000000, 0.99992818, 9.9992332, 9.9995375, 9.9997702, 9.9999514, 9.9999790, 9.9999933, 19.999998, 19.999998, 19.999996, 19.993994, 0.34999013, 0.34999403, 0.34999704, 0.34999940, 0.34999973, 0.34999990, 0.34999999, 0.34999999, 0.34999996, 0.34996998, 0.99992818
0.35383892, 1.0000000, 0.99217004, 9.9750509, 9.8914394, 9.7951536, 9.9353819, 9.9667606, 9.9871855, 19.998377, 19.999582, 19.999464, 19.970406, 0.34975010, 0.34891415, 0.34795141, 0.34935379, 0.34966761, 0.34987184, 0.34999189, 0.34999791, 0.34999731, 0.34985203, 0.99217004
0.30094773, 1.0000000, 0.80053520, 6.6034346, 9.2732220, 9.5338469, 9.7874832, 9.8831644, 9.9489584, 19.989502, 19.997257, 19.996853, 19.948318, 0.31603402, 0.34273195, 0.34533831, 0.34787479, 0.34883165, 0.34948957, 0.34994751, 0.34998628, 0.34998426, 0.34974158, 0.80053520
0.23731974, 1.0000000, 0.56999904, 2.8258471, 7.9691339, 9.4021721, 9.6583519, 9.7960176, 9.9015226, 19.975321, 19.993458, 19.991337, 19.928663, 0.27825677, 0.32968846, 0.34402004, 0.34658316, 0.34796000, 0.34901518, 0.34987661, 0.34996730, 0.34995669, 0.34964332, 0.56999904
0.19897079, 1.0000000, 0.43105364, 1.3205588, 5.8736548, 9.3628368, 9.6081333, 9.7530355, 9.8718996, 19.962572, 19.989738, 19.982965, 19.912148, 0.26320457, 0.30873388, 0.34362623, 0.34608087, 0.34753016, 0.34871891, 0.34981287, 0.34994870, 0.34991482, 0.34956074, 0.43105364
0.15660894, 0.92513615, 0.27756861, 0.13369322E-1, 2.9863060, 9.2727299, 9.5724192, 9.7235432, 9.8513498, 19.950861, 19.985706, 19.971903, 19.898748, 0.25013369, 0.27986154, 0.34272495, 0.34572372, 0.34723520, 0.34851339, 0.34975430, 0.34992853, 0.34985951, 0.34949374, 0.27756861
0.14004354, 0.72509104, 0.21754907, 0.0000000, 1.8946856, 7.5090146, 9.5395479, 9.6995296, 9.8363476, 19.940905, 19.981171, 19.958828, 19.888260, 0.24999425, 0.26894477, 0.32508603, 0.34539443, 0.34699476, 0.34836328, 0.34970453, 0.34990585, 0.34979415, 0.34944129, 0.21754907
0.12612286, 0.55698377, 0.16711184, 0.0000000, 1.0311097, 5.8780208, 9.5256462, 9.6881828, 9.8281803, 19.932207, 19.975554, 19.944654, 19.880253, 0.24999425, 0.26030913, 0.30877456, 0.34525463, 0.34688091, 0.34828147, 0.34966105, 0.34987777, 0.34972328, 0.34940127, 0.16711184
0.11126266, 0.37753057, 0.11327050, 0.0000000, 0.19437671, 3.9783964, 9.4653978, 9.6487513, 9.8075142, 19.922016, 19.967749, 19.930185, 19.874224, 0.24999425, 0.25194329, 0.28977898, 0.34465158, 0.34648630, 0.34807473, 0.34961009, 0.34983873, 0.34965092, 0.34937114, 0.11327050
0.10342868, 0.28292686, 0.84886543E-1, 0.0000000, 0.0000000, 2.6054561, 8.8342476, 9.6101751, 9.7872372, 19.913843, 19.958502, 19.916563, 19.869781, 0.24999425, 0.24994467, 0.27605063, 0.33833984, 0.34610030, 0.34787190, 0.34956920, 0.34979251, 0.34958282, 0.34934890, 0.84886543E-1
0.98509140E-1, 0.22351801, 0.67062110E-1, 0.0000000, 0.0000000, 1.6468316, 7.7061992, 9.5755682, 9.7672243, 19.905848, 19.947550, 19.904297, 19.866529, 0.24999425, 0.24994467, 0.26646516, 0.32705903, 0.34575388, 0.34767163, 0.34952924, 0.34973776, 0.34952149, 0.34933263, 0.67062110E-1
0.93701832E-1, 0.16546452, 0.49644321E-1, 0.0000000, 0.0000000, 0.77590942, 6.2920880, 9.5113993, 9.7329998, 19.897066, 19.935165, 19.893679, 19.864164, 0.24999425, 0.24994467, 0.25775719, 0.31291777, 0.34511164, 0.34732920, 0.34948534, 0.34967583, 0.34946841, 0.34932083, 0.49644321E-1
0.90123065E-1, 0.12224703, 0.36677778E-1, 0.0000000, 0.0000000, 0.21222830, 4.8097019, 9.4761000, 9.7121201, 19.889334, 19.922508, 19.884903, 19.862461, 0.24999425, 0.24994467, 0.25212091, 0.29809076, 0.34475484, 0.34711909, 0.34944665, 0.34961253, 0.34942451, 0.34931231, 0.36677778E-1
0.16374010, 1.0000000, 0.30340612, 1.7962247, 2.1636665, 6.8296762, 8.9800987, 9.6427269, 9.7879486, 19.886051, 19.911268, 19.878166, 19.861307, 0.26795572, 0.27163196, 0.31828934, 0.33979902, 0.34642622, 0.34787911, 0.34943026, 0.34955633, 0.34939083, 0.34930652, 0.30340612
0.35596514, 1.0000000, 0.99987370, 9.9990730, 9.9994450, 9.9997225, 9.9999428, 9.9999723, 9.9999905, 19.999998, 19.999998, 19.999998, 19.994993, 0.34998262, 0.34998959, 0.34999478, 0.34999895, 0.34999949, 0.34999982, 0.34999999, 0.34999999, 0.34999999, 0.34997496, 0.99987370
0.35546726, 1.0000000, 0.99806970, 9.9998589, 9.9972334, 9.8860703, 9.9713430, 9.9855042, 9.9946413, 19.999474, 19.999863, 19.999945, 19.988003, 0.34999570, 0.34997061, 0.34885985, 0.34971327, 0.34985495, 0.34994638, 0.34999737, 0.34999931, 0.34999973, 0.34994000, 0.99806970
0.31938016, 1.0000000, 0.86731935, 7.7969952, 9.4328222, 9.6635246, 9.8814650, 9.9377651, 9.9742889, 19.995310, 19.998783, 19.999636, 19.983984, 0.32796916, 0.34432763, 0.34663495, 0.34881461, 0.34937763, 0.34974289, 0.34997654, 0.34999391, 0.34999818, 0.34991992, 0.86731935
0.30397969, 1.0000000, 0.81152064, 6.7726870, 9.3254461, 9.5854578, 9.8349018, 9.9116640, 9.9623232, 19.992378, 19.998014, 19.999382, 19.981979, 0.31772536, 0.34325320, 0.34585392, 0.34834892, 0.34911656, 0.34962320, 0.34996188, 0.34999007, 0.34999692, 0.34990990, 0.81152064
0.23894596, 1.0000000, 0.57589114, 2.8057098, 8.1914644, 9.4113102, 9.6781330, 9.8118410, 9.9115973, 19.978724, 19.994398, 19.997368, 19.958855, 0.27805576, 0.33191228, 0.34411177, 0.34678105, 0.34811828, 0.34911591, 0.34989363, 0.34997198, 0.34998685, 0.34979427, 0.57589114
0.20025384, 1.0000000, 0.43570226, 1.5354425, 5.6533384, 9.3893785, 9.6390162, 9.7754812, 9.8869629, 19.969976, 19.991930, 19.993538, 19.937967, 0.26535204, 0.30652815, 0.34388945, 0.34638926, 0.34775436, 0.34886947, 0.34984988, 0.34995964, 0.34996769, 0.34968984, 0.43570226
0.16342676, 1.0000000, 0.30227089, 0.43301582, 3.0719700, 9.3414135, 9.5999708, 9.7448940, 9.8666925, 19.961082, 19.989262, 19.986883, 19.919943, 0.25432977, 0.28071806, 0.34341162, 0.34599921, 0.34744868, 0.34866685, 0.34980541, 0.34994632, 0.34993440, 0.34959972, 0.30227089
0.14136033, 0.74099249, 0.22231999, 0.0000000, 1.9388884, 7.7346244, 9.5540390, 9.7118349, 9.8461666, 19.950710, 19.985792, 19.977201, 19.905029, 0.24996094, 0.26938581, 0.32734010, 0.34553888, 0.34711757, 0.34846139, 0.34975356, 0.34992898, 0.34988600, 0.34952515, 0.22231999
0.12576374, 0.55264693, 0.16581066, 0.0000000, 0.98393857, 5.8902602, 9.5075016, 9.6791782, 9.8270273, 19.940464, 19.981611, 19.965015, 19.893127, 0.24996094, 0.25983733, 0.30889642, 0.34507301, 0.34679076, 0.34826991, 0.34970233, 0.34990805, 0.34982508, 0.34946564, 0.16581066
0.11233063, 0.39042747, 0.11713996, 0.0000000, 0.24470687, 4.1306658, 9.4842329, 9.6610928, 9.8150244, 19.931313, 19.976503, 19.951262, 19.883970, 0.24996094, 0.25244629, 0.29130024, 0.34483936, 0.34660944, 0.34814975, 0.34965655, 0.34988251, 0.34975630, 0.34941986, 0.11713996
0.10467739, 0.29800627, 0.89410827E-1, 0.0000000, 0.0000000, 2.8513730, 9.0977335, 9.6450462, 9.8053808, 19.923508, 19.970165, 19.936945, 19.877039, 0.24996094, 0.24996364, 0.27850044, 0.34096885, 0.34644595, 0.34805229, 0.34961754, 0.34985083, 0.34968472, 0.34938520, 0.89410827E-1
0.10012196, 0.24299459, 0.72905667E-1, 0.0000000, 0.0000000, 1.9499093, 8.1281061, 9.6009989, 9.7834673, 19.915813, 19.961998, 19.922935, 19.871870, 0.24996094, 0.24996364, 0.26948789, 0.33127171, 0.34600449, 0.34783280, 0.34957907, 0.34981000, 0.34961468, 0.34935933, 0.72905667E-1
0.96674062E-1, 0.20135742, 0.60413271E-1, 0.0000000, 0.0000000, 1.3008505, 7.2061214, 9.6015635, 9.7809353, 19.910444, 19.952604, 19.910152, 19.868111, 0.24996094, 0.24996364, 0.26300305, 0.32205516, 0.34601161, 0.34780797, 0.34955221, 0.34976304, 0.34955075, 0.34934056, 0.60413271E-1
0.35236627, 1.0000000, 0.98683435, 9.8142099, 9.8991261, 9.9484434, 9.9889259, 9.9944410, 9.9980717, 19.999933, 19.999981, 19.999983, 19.990009, 0.34813741, 0.34898844, 0.34948301, 0.34988895, 0.34994426, 0.34998065, 0.34999967, 0.34999990, 0.34999990, 0.34995005, 0.98683435
0.33756077, 1.0000000, 0.93319112, 9.0535316, 9.5108452, 9.7043085, 9.9056206, 9.9509716, 9.9810009, 19.997620, 19.999378, 19.999237, 19.966581, 0.34053406, 0.34510764, 0.34704268, 0.34905612, 0.34950969, 0.34981000, 0.34998810, 0.34999689, 0.34999618, 0.34983289, 0.93319112
0.29327232, 1.0000000, 0.77272570, 6.0359583, 9.2857924, 9.5464115, 9.7914219, 9.8845539, 9.9497080, 19.990152, 19.997423, 19.996353, 19.944878, 0.31035745, 0.34285596, 0.34546310, 0.34791401, 0.34884542, 0.34949705, 0.34995076, 0.34998712, 0.34998176, 0.34972438, 0.77272570
0.23631668, 1.0000000, 0.56636477, 2.8870134, 7.7398019, 9.4108448, 9.6716499, 9.8047972, 9.9073601, 19.978676, 19.994341, 19.990582, 19.925764, 0.27886853, 0.32739538, 0.34410688, 0.34671617, 0.34804779, 0.34907353, 0.34989339, 0.34997171, 0.34995291, 0.34962881, 0.56636477
0.18660113, 1.0000000, 0.38623598, 1.1937439, 4.6092629, 9.3302336, 9.5949306, 9.7465515, 9.8713179, 19.966089, 19.990707, 19.981777, 19.909737, 0.26193598, 0.29608923, 0.34329891, 0.34594858, 0.34746516, 0.34871307, 0.34983045, 0.34995353, 0.34990889, 0.34954870, 0.38623598
0.15416944, 0.89567655, 0.26872984, 0.15014410, 2.7748823, 8.6469679, 9.5868416, 9.7332554, 9.8581095, 19.957209, 19.987442, 19.970505, 19.896891, 0.25150117, 0.27774581, 0.33646497, 0.34586737, 0.34733200, 0.34858093, 0.34978604, 0.34993720, 0.34985253, 0.34948444, 0.26872984
0.13904318, 0.71301061, 0.21392459, 0.0000000, 1.9058704, 7.2351971, 9.5748386, 9.7226295, 9.8492603, 19.948708, 19.983299, 19.957289, 19.886881, 0.24999028, 0.26905662, 0.32234800, 0.34574735, 0.34722576, 0.34849241, 0.34974355, 0.34991649, 0.34978646, 0.34943441, 0.21392459
0.12743890, 0.57287621, 0.17188005, 0.0000000, 1.1845618, 5.8793030, 9.5610046, 9.7129030, 9.8430958, 19.941746, 19.978144, 19.943148, 19.879286, 0.24999028, 0.26184273, 0.30878589, 0.34560773, 0.34712785, 0.34843057, 0.34970874, 0.34989071, 0.34971574, 0.34939644, 0.17188005
0.11793132, 0.45806193, 0.13743232, 0.13380051, 0.55755675, 4.3981385, 9.5352993, 9.6951704, 9.8339548, 19.936037, 19.971527, 19.929050, 19.873602, 0.25133723, 0.25557366, 0.29397386, 0.34534976, 0.34695002, 0.34833899, 0.34968019, 0.34985763, 0.34964526, 0.34936801, 0.13743232
0.10950588, 0.35631564, 0.10690539, 0.0000000, 0.26585460, 3.3838158, 9.5666971, 9.7145014, 9.8431072, 19.934757, 19.964256, 19.916073, 19.869465, 0.24998546, 0.25265706, 0.28382859, 0.34566158, 0.34714228, 0.34843016, 0.34967378, 0.34982127, 0.34958035, 0.34934732, 0.10690539
0.10284577, 0.27588746, 0.82774512E-1, 0.0000000, 0.0000000, 2.4259388, 8.9973450, 9.6610794, 9.8186007, 19.928940, 19.954102, 19.904179, 19.866375, 0.24998546, 0.24991289, 0.27425519, 0.33997032, 0.34660912, 0.34818545, 0.34964469, 0.34977052, 0.34952089, 0.34933189, 0.82774512E-1
0.10102570, 0.25390819, 0.76180078E-1, 0.0000000, 0.0000000, 2.0795255, 8.5046368, 9.7075977, 9.8370504, 19.927366, 19.943815, 19.894270, 19.864223, 0.24998546, 0.24991289, 0.27079162, 0.33504337, 0.34707427, 0.34836993, 0.34963682, 0.34971908, 0.34947136, 0.34932113, 0.76180078E-1
0.98671280E-1, 0.22547603, 0.67649573E-1, 0.0000000, 0.0000000, 1.6301423, 7.9200025, 9.6855402, 9.8282537, 19.922394, 19.932053, 19.885891, 19.862637, 0.24998546, 0.24991289, 0.26629877, 0.32919747, 0.34685382, 0.34828201, 0.34961197, 0.34966028, 0.34942946, 0.34931320, 0.67649573E-1
0.10980803, 0.35996434, 0.10800011, 0.96290708, 0.0000000, 1.2319148, 7.3187342, 9.6781940, 9.8229342, 19.915888, 19.920002, 19.879110, 19.861485, 0.25962752, 0.24991289, 0.26231855, 0.32318664, 0.34678146, 0.34822920, 0.34957945, 0.34960002, 0.34939554, 0.34930742, 0.10800011
0.13083157, 0.61384636, 0.18417233, 1.3407707, 2.0882220, 0.96078813, 6.8690777, 9.7066879, 9.8331251, 19.908077, 19.908335, 19.873718, 19.860638, 0.26340666, 0.27088127, 0.25960767, 0.31869045, 0.34706667, 0.34833115, 0.34954038, 0.34954166, 0.34936860, 0.34930319, 0.18417233
0.10869720, 0.34654987, 0.10397536, 0.31727552, 1.3102412, 0.68072379, 6.3808603, 9.6974449, 9.8287535, 19.899479, 19.897640, 19.869532, 19.860039, 0.25317207, 0.26310068, 0.25680679, 0.31380779, 0.34697378, 0.34828731, 0.34949738, 0.34948820, 0.34934765, 0.34930021, 0.10397536
0.14270055, 0.75717735, 0.22717592, 1.7968357, 2.1054654, 2.4301143, 6.0682588, 9.7399969, 9.8469801, 19.894741, 19.889360, 19.866604, 19.859686, 0.26796582, 0.27105287, 0.27430010, 0.31068209, 0.34739956, 0.34846964, 0.34947371, 0.34944680, 0.34933302, 0.34929842, 0.22717592
0.11789796, 0.45765898, 0.13731143, 0.61036646, 1.3476372, 1.9957483, 5.6489744, 9.7151299, 9.8346472, 19.884075, 19.880947, 19.864052, 19.859346, 0.25610280, 0.26347524, 0.26995665, 0.30648926, 0.34715089, 0.34834632, 0.34942037, 0.34940475, 0.34932026, 0.34929675, 0.13731143
0.11185452, 0.38467798, 0.11541494, 0.39816499, 1.0851145, 1.8186450, 5.3778577, 9.7507744, 9.8496580, 19.880358, 19.875616, 19.862547, 19.859251, 0.25398076, 0.26084968, 0.26818523, 0.30377787, 0.34750709, 0.34849638, 0.34940177, 0.34937808, 0.34931272, 0.34929627, 0.11541494
0.11031260, 0.36605754, 0.10982825, 0.51330626, 0.82660913, 1.6297042, 5.1236305, 9.7542582, 9.8519964, 19.876097, 19.871235, 19.861422, 19.859180, 0.25513211, 0.25826517, 0.26629612, 0.30123574, 0.34754202, 0.34851980, 0.34938049, 0.34935617, 0.34930712, 0.34929591, 0.10982825
0.96599400E-1, 0.20045586, 0.60142774E-1, 0.0000000, 0.29258728, 1.2007207, 4.6433911, 9.6793833, 9.8183041, 19.867062, 19.866488, 19.860281, 19.859034, 0.24998845, 0.25292528, 0.26200598, 0.29643300, 0.34679285, 0.34818271, 0.34933531, 0.34933245, 0.34930140, 0.34929517, 0.60142774E-1
0.13952059, 0.71877575, 0.21565430, 1.7014772, 2.0582676, 2.4481654, 4.2245226, 9.6939545, 9.8200588, 19.861639, 19.863379, 19.859568, 19.858934, 0.26701292, 0.27058133, 0.27448085, 0.29224494, 0.34693921, 0.34820047, 0.34930819, 0.34931690, 0.34929782, 0.34929466, 0.21565430
0.14625248, 0.80007070, 0.24004522, 1.8725038, 2.4100871, 2.4522543, 5.9611192, 9.7046204, 9.8209209, 19.854847, 19.860384, 19.858894, 19.858805, 0.26872289, 0.27409920, 0.27452171, 0.30961078, 0.34704587, 0.34820908, 0.34927422, 0.34930193, 0.34929448, 0.34929401, 0.24004522
0.11633429, 0.43877608, 0.13164599, 0.48526227, 1.4295340, 1.9191086, 5.4343362, 9.6733828, 9.8054295, 19.847189, 19.857548, 19.858265, 19.858688, 0.25485218, 0.26429453, 0.26919055, 0.30434307, 0.34673357, 0.34805420, 0.34923595, 0.34928775, 0.34929132, 0.34929344, 0.13164599
0.18141681, 1.0000000, 0.36745217, 2.3777933, 2.6803501, 8.1527519, 8.8377705, 9.6485672, 9.7917957, 19.841263, 19.855396, 19.857769, 19.858610, 0.27377546, 0.27680182, 0.33152500, 0.33837715, 0.34648538, 0.34791788, 0.34920633, 0.34927699, 0.34928885, 0.34929305, 0.36745217
0.19395110, 1.0000000, 0.41286626, 2.2930562, 3.6855354, 9.3040314, 9.5411463, 9.7056971, 9.8142796, 19.839848, 19.854597, 19.857634, 19.858641, 0.27293032, 0.28685513, 0.34304005, 0.34541142, 0.34705696, 0.34814280, 0.34919924, 0.34927300, 0.34928817, 0.34929320, 0.41286626
0.29098076, 1.0000000, 0.76442301, 5.9403763, 9.2167845, 9.4910412, 9.6596851, 9.7597685, 9.8384190, 19.842184, 19.854933, 19.857771, 19.858709, 0.30940342, 0.34216753, 0.34491023, 0.34659681, 0.34759766, 0.34838420, 0.34921092, 0.34927467, 0.34928885, 0.34929353, 0.76442301
0.24562681, 1.0000000, 0.60009712, 2.9121578, 8.8072090, 9.4519997, 9.6484070, 9.7546635, 9.8361950, 19.839582, 19.854048, 19.857590, 19.858658, 0.27912137, 0.33807173, 0.34451979, 0.34648404, 0.34754661, 0.34836194, 0.34919792, 0.34927022, 0.34928796, 0.34929329, 0.60009712
0.23313500, 1.0000000, 0.55483693, 2.7458997, 7.6055207, 9.4016857, 9.6154919, 9.7348595, 9.8265038, 19.835466, 19.852829, 19.857319, 19.858616, 0.27745804, 0.32605362, 0.34401587, 0.34615472, 0.34734851, 0.34826502, 0.34917733, 0.34926414, 0.34928659, 0.34929308, 0.55483693
0.23172200, 1.0000000, 0.54971737, 2.4666877, 7.9122419, 9.3789701, 9.6093216, 9.7307043, 9.8248816, 19.834700, 19.852530, 19.857283, 19.858635, 0.27466646, 0.32912159, 0.34378922, 0.34609312, 0.34730697, 0.34824878, 0.34917349, 0.34926265, 0.34928641, 0.34929317, 0.54971737
0.35599905, 1.0000000, 0.99999660, 9.9999990, 9.9999990, 9.9999990, 9.9999990, 9.9999990, 9.9999990, 19.999998, 19.999998, 19.999998, 19.998999, 0.34999952, 0.34999973, 0.34999985, 0.34999996, 0.34999999, 0.34999999, 0.34999999, 0.34999999, 0.34999999, 0.34999499, 0.99999660
0.33076525, 1.0000000, 0.90856975, 8.5289831, 9.5466757, 9.7397985, 9.9186678, 9.9579144, 9.9832726, 19.997406, 19.999325, 19.999582, 19.975210, 0.33528173, 0.34546131, 0.34739521, 0.34918612, 0.34957886, 0.34983262, 0.34998703, 0.34999663, 0.34999791, 0.34987605, 0.90856975
0.28918236, 1.0000000, 0.75790709, 5.7099013, 9.3234005, 9.5711536, 9.8022232, 9.8907499, 9.9515190, 19.989365, 19.997210, 19.997473, 19.952694, 0.30709031, 0.34322548, 0.34570715, 0.34802133, 0.34890705, 0.34951505, 0.34994683, 0.34998605, 0.34998736, 0.34976345, 0.75790709
0.25259078, 1.0000000, 0.62532878, 3.0898304, 9.2958050, 9.5351868, 9.7487202, 9.8516712, 9.9293661, 19.982710, 19.995415, 19.993069, 19.932590, 0.28089383, 0.34294999, 0.34534773, 0.34748638, 0.34851629, 0.34929350, 0.34991354, 0.34997708, 0.34996533, 0.34966296, 0.62532878
0.35599732, 1.0000000, 0.99999028, 9.9999962, 9.9999990, 9.9999990, 9.9999990, 9.9999990, 9.9999990, 19.999998, 19.999998, 19.999998, 19.998999, 0.34999865, 0.34999919, 0.34999961, 0.34999990, 0.34999996, 0.34999999, 0.34999999, 0.34999999, 0.34999999, 0.34999499, 0.99999028
0.35599726, 1.0000000, 0.99999011, 9.9999962, 9.9999990, 9.9999990, 9.9999990, 9.9999990, 9.9999990, 19.999992, 19.999998, 19.999996, 19.992153, 0.34999862, 0.34999919, 0.34999958, 0.34999990, 0.34999996, 0.34999999, 0.34999996, 0.34999999, 0.34999996, 0.34996077, 0.99999011
0.33299041, 1.0000000, 0.91663188, 8.7839441, 9.4327564, 9.6624393, 9.8766356, 9.9350290, 9.9725189, 19.994392, 19.998545, 19.999113, 19.968571, 0.33783898, 0.34432727, 0.34662426, 0.34876633, 0.34935024, 0.34972519, 0.34997195, 0.34999272, 0.34999555, 0.34984285, 0.91663188
0.28423101, 1.0000000, 0.73996747, 5.4009366, 9.2687378, 9.5256281, 9.7614994, 9.8646822, 9.9376888, 19.984961, 19.996059, 19.996279, 19.946638, 0.30400082, 0.34267855, 0.34525174, 0.34761408, 0.34864634, 0.34937674, 0.34992480, 0.34998029, 0.34998140, 0.34973317, 0.73996747
0.24056938, 1.0000000, 0.58177310, 2.9258728, 8.1594925, 9.4639750, 9.6957235, 9.8160324, 9.9096632, 19.976177, 19.993662, 19.990898, 19.927326, 0.27925605, 0.33159041, 0.34463716, 0.34695670, 0.34816006, 0.34909654, 0.34988087, 0.34996831, 0.34995449, 0.34963661, 0.58177310
0.35513574, 1.0000000, 0.99686855, 9.9999104, 9.9968500, 9.8679943, 9.7476358, 9.8381338, 9.9148064, 19.974470, 19.992935, 19.983101, 19.911213, 0.34999773, 0.34996769, 0.34867954, 0.34747627, 0.34838131, 0.34914806, 0.34987235, 0.34996468, 0.34991550, 0.34955606, 0.99686855
0.35599917, 1.0000000, 0.99999702, 9.9999990, 9.9999990, 9.9999990, 9.9999990, 9.9999990, 9.9999990, 19.999998, 19.999998, 19.999998, 19.998999, 0.34999958, 0.34999976, 0.34999987, 0.34999996, 0.34999999, 0.34999999, 0.34999999, 0.34999999, 0.34999999, 0.34999499, 0.99999702
0.35599756, 1.0000000, 0.99999106, 9.9999161, 9.9999485, 9.9999752, 9.9999933, 9.9999962, 9.9999990, 19.999998, 19.999998, 19.999998, 19.997997, 0.34999877, 0.34999925, 0.34999964, 0.34999990, 0.34999996, 0.34999999, 0.34999999, 0.34999999, 0.34999999, 0.34998998, 0.99999106
0.35599762, 1.0000000, 0.99999130, 9.9999189, 9.9999514, 9.9999752, 9.9999905, 9.9999990, 9.9999990, 19.999998, 19.999998, 19.999998, 19.996996, 0.34999880, 0.34999928, 0.34999964, 0.34999987, 0.34999999, 0.34999999, 0.34999999, 0.34999999, 0.34999999, 0.34998497, 0.99999130
0.35557282, 1.0000000, 0.99845231, 9.9787254, 9.9873877, 9.9936733, 9.9987268, 9.9993649, 9.9997911, 19.999998, 19.999998, 19.999990, 19.991999, 0.34978646, 0.34987339, 0.34993649, 0.34998721, 0.34999362, 0.34999791, 0.34999999, 0.34999999, 0.34999996, 0.34996000, 0.99845231
0.32880911, 1.0000000, 0.90148222, 8.4155588, 9.5119686, 9.7141571, 9.9063187, 9.9511948, 9.9805374, 19.997019, 19.999224, 19.999289, 19.968466, 0.33415517, 0.34511939, 0.34714141, 0.34906316, 0.34951192, 0.34980538, 0.34998509, 0.34999612, 0.34999645, 0.34984234, 0.90148222
0.35598958, 1.0000000, 0.99996221, 9.9995222, 9.9997129, 9.9998531, 9.9999695, 9.9999876, 9.9999962, 19.999998, 19.999998, 19.999998, 19.994993, 0.34999481, 0.34999686, 0.34999841, 0.34999967, 0.34999987, 0.34999996, 0.34999999, 0.34999999, 0.34999999, 0.34997496, 0.99996221
0.35599637, 1.0000000, 0.99998689, 9.9998627, 9.9999189, 9.9999514, 9.9999876, 9.9999990, 9.9999962, 19.999998, 19.999998, 19.999998, 19.995995, 0.34999821, 0.34999892, 0.34999940, 0.34999985, 0.34999999, 0.34999996, 0.34999999, 0.34999999, 0.34999999, 0.34997997, 0.99998689
0.35599726, 1.0000000, 0.99999005, 9.9999065, 9.9999456, 9.9999695, 9.9999933, 9.9999990, 9.9999990, 19.999998, 19.999998, 19.999998, 19.996996, 0.34999862, 0.34999919, 0.34999955, 0.34999990, 0.34999999, 0.34999999, 0.34999999, 0.34999999, 0.34999999, 0.34998497, 0.99999005
0.33824164, 1.0000000, 0.93565798, 9.0110712, 9.6181431, 9.7862253, 9.9405060, 9.9695263, 9.9884701, 19.998724, 19.999664, 19.999678, 19.975185, 0.34011027, 0.34618115, 0.34786209, 0.34940502, 0.34969527, 0.34988469, 0.34999362, 0.34999833, 0.34999838, 0.34987593, 0.93565798
0.35584426, 1.0000000, 0.99943572, 9.9922752, 9.9953775, 9.9976969, 9.9995375, 9.9997730, 9.9999275, 19.999998, 19.999998, 19.999989, 19.991005, 0.34992233, 0.34995350, 0.34997684, 0.34999534, 0.34999773, 0.34999928, 0.34999999, 0.34999999, 0.34999993, 0.34995502, 0.99943572
0.33857316, 1.0000000, 0.93685919, 9.0753384, 9.5685644, 9.7549686, 9.9269152, 9.9623404, 9.9852962, 19.997936, 19.999468, 19.999836, 19.985996, 0.34075254, 0.34568512, 0.34754941, 0.34926909, 0.34962338, 0.34985298, 0.34998968, 0.34999734, 0.34999919, 0.34992999, 0.93685919
0.27928174, 1.0000000, 0.72203517, 5.0686507, 9.2309418, 9.5060596, 9.7696733, 9.8721790, 9.9443121, 19.989014, 19.997126, 19.998400, 19.962673, 0.30068585, 0.34230870, 0.34506023, 0.34769663, 0.34872177, 0.34944314, 0.34994507, 0.34998563, 0.34999201, 0.34981337, 0.72203517
0.22952616, 1.0000000, 0.54176146, 2.5858879, 7.4132977, 9.4254684, 9.6779594, 9.8072968, 9.9089756, 19.980097, 19.994736, 19.995005, 19.941353, 0.27585778, 0.32413107, 0.34425345, 0.34677935, 0.34807286, 0.34908971, 0.34990048, 0.34997368, 0.34997502, 0.34970677, 0.54176146
0.19556116, 1.0000000, 0.41869980, 1.5180856, 5.1035500, 9.4089937, 9.6512699, 9.7816858, 9.8903284, 19.973513, 19.992836, 19.989067, 19.922852, 0.26517960, 0.30103299, 0.34408763, 0.34651223, 0.34781662, 0.34890321, 0.34986755, 0.34996417, 0.34994534, 0.34961426, 0.41869980
0.30382490, 1.0000000, 0.81095976, 7.0656900, 8.9287415, 9.4198112, 9.6483965, 9.7743931, 9.8822145, 19.968615, 19.991114, 19.980289, 19.907505, 0.32065284, 0.33928433, 0.34419650, 0.34648365, 0.34774375, 0.34882209, 0.34984308, 0.34995556, 0.34990144, 0.34953752, 0.81095976
0.25344422, 1.0000000, 0.62842107, 3.2460766, 9.1952639, 9.4448786, 9.6600170, 9.7789927, 9.8808765, 19.963600, 19.988831, 19.968935, 19.895197, 0.28246051, 0.34195223, 0.34444857, 0.34660015, 0.34778991, 0.34880877, 0.34981799, 0.34994414, 0.34984466, 0.34947598, 0.62842107
0.22403923, 1.0000000, 0.52188122, 2.1004887, 7.5437188, 9.4627552, 9.6710739, 9.7846107, 9.8818789, 19.959343, 19.985804, 19.955807, 19.885643, 0.27100289, 0.32543287, 0.34462485, 0.34671018, 0.34784582, 0.34881869, 0.34979671, 0.34992903, 0.34977904, 0.34942821, 0.52188122
0.20717631, 1.0000000, 0.46078372, 1.9797027, 5.7139831, 9.4505978, 9.6707029, 9.7846727, 9.8819046, 19.956181, 19.981676, 19.941862, 19.878410, 0.26979622, 0.30713844, 0.34450483, 0.34670681, 0.34784660, 0.34881902, 0.34978092, 0.34990838, 0.34970930, 0.34939206, 0.46078372
0.17808260, 1.0000000, 0.35537171, 1.0672361, 3.7467403, 9.4064398, 9.6441441, 9.7690458, 9.8741112, 19.950962, 19.975269, 19.927889, 19.872990, 0.26067159, 0.28746578, 0.34406236, 0.34644103, 0.34769025, 0.34874105, 0.34975481, 0.34987634, 0.34963945, 0.34936494, 0.35537171
0.15249127, 0.87541080, 0.26264951, 0.25609136, 2.5023432, 8.4268532, 9.6103868, 9.7472162, 9.8631725, 19.945616, 19.966881, 19.914820, 19.868977, 0.25256062, 0.27502161, 0.33426550, 0.34610319, 0.34747180, 0.34863162, 0.34972808, 0.34983441, 0.34957409, 0.34934488, 0.26264951
0.13931987, 0.71635187, 0.21492705, 0.0000000, 1.9119114, 7.2781296, 9.6189518, 9.7503872, 9.8633823, 19.942207, 19.957253, 19.903288, 19.866098, 0.24998243, 0.26911640, 0.32277614, 0.34618816, 0.34750319, 0.34863359, 0.34971103, 0.34978625, 0.34951645, 0.34933048, 0.21492705
0.13041759, 0.60884708, 0.18267240, 0.0000000, 1.3888478, 6.1752520, 9.6135035, 9.7468929, 9.8613110, 19.938135, 19.946177, 19.893448, 19.864000, 0.24999148, 0.26388645, 0.31174803, 0.34613362, 0.34746820, 0.34861287, 0.34969068, 0.34973088, 0.34946725, 0.34931999, 0.18267240
0.12025954, 0.48617774, 0.14586791, 0.0000000, 0.82913041, 4.8528986, 9.5691280, 9.7196188, 9.8485765, 19.932253, 19.934025, 19.885244, 19.862495, 0.24999148, 0.25828996, 0.29852501, 0.34568971, 0.34719539, 0.34848550, 0.34966126, 0.34967011, 0.34942621, 0.34931248, 0.14586791
0.11207382, 0.38732627, 0.11620951, 0.0000000, 0.42037666, 3.6937585, 9.5676670, 9.7161551, 9.8446741, 19.925854, 19.921879, 19.878674, 19.861408, 0.24999148, 0.25420302, 0.28693435, 0.34567496, 0.34716070, 0.34844643, 0.34962928, 0.34960940, 0.34939337, 0.34930703, 0.11620951
0.10656965, 0.32085744, 0.96266858E-1, 0.0000000, 0.15372038, 2.9381185, 9.3623600, 9.7200756, 9.8454247, 19.919750, 19.910591, 19.873564, 19.860662, 0.24999148, 0.25153688, 0.27937806, 0.34362161, 0.34719971, 0.34845388, 0.34959877, 0.34955296, 0.34936783, 0.34930331, 0.96266858E-1
0.10271566, 0.27431628, 0.82303114E-1, 0.0000000, 0.0000000, 2.4266362, 8.8120689, 9.7031431, 9.8375158, 19.912867, 19.900312, 19.869644, 19.860121, 0.24999148, 0.24999303, 0.27426293, 0.33811823, 0.34703004, 0.34837469, 0.34956434, 0.34950155, 0.34934822, 0.34930059, 0.82303114E-1
0.10078761, 0.25103304, 0.75317442E-1, 0.0000000, 0.0000000, 2.0562232, 8.3306828, 9.7122211, 9.8396826, 19.905823, 19.891455, 19.866697, 19.859745, 0.24999148, 0.24999303, 0.27055886, 0.33330411, 0.34712064, 0.34839630, 0.34952912, 0.34945726, 0.34933349, 0.34929872, 0.75317442E-1
0.98730013E-1, 0.22618532, 0.67862384E-1, 0.0000000, 0.0000000, 1.6632915, 7.8169661, 9.6997509, 9.8319054, 19.895714, 19.883224, 19.864288, 19.859426, 0.24998316, 0.24999303, 0.26663107, 0.32816792, 0.34699643, 0.34831870, 0.34947857, 0.34941614, 0.34932142, 0.34929714, 0.67862384E-1
0.96340522E-1, 0.19732954, 0.59204783E-1, 0.0000000, 0.0000000, 1.2194186, 7.1772265, 9.6648178, 9.8133144, 19.884491, 19.876032, 19.862373, 19.859200, 0.24998316, 0.24999303, 0.26218307, 0.32175919, 0.34663939, 0.34813017, 0.34942245, 0.34938017, 0.34931186, 0.34929600, 0.59204783E-1
0.10071115, 0.25010967, 0.75040407E-1, 0.37977695, 0.0000000, 1.0742873, 6.8224769, 9.7295237, 9.8384295, 19.879068, 19.871456, 19.861269, 19.859127, 0.25379127, 0.24999303, 0.26073736, 0.31821775, 0.34729025, 0.34838262, 0.34939533, 0.34935728, 0.34930634, 0.34929565, 0.75040407E-1
0.94560929E-1, 0.17583905, 0.52756991E-1, 0.0000000, 0.0000000, 0.91374516, 6.5074902, 9.7454872, 9.8453140, 19.872919, 19.867571, 19.860392, 19.859051, 0.24999650, 0.24999303, 0.25913149, 0.31506640, 0.34744853, 0.34845099, 0.34936458, 0.34933785, 0.34930196, 0.34929526, 0.52756991E-1
0.16146219, 0.98374438, 0.29515284, 2.7711213, 2.2809415, 2.9440463, 8.1294870, 9.8027697, 9.8685236, 19.870428, 19.865284, 19.859962, 19.859034, 0.27770850, 0.27280807, 0.27943960, 0.33129439, 0.34802741, 0.34868515, 0.34935215, 0.34932643, 0.34929982, 0.34929517, 0.29515284
0.16020453, 0.96855688, 0.29059613, 2.8493404, 2.0752549, 2.8210640, 7.9736848, 9.8135681, 9.8731709, 19.866924, 19.863237, 19.859575, 19.858986, 0.27849010, 0.27075112, 0.27820966, 0.32973629, 0.34813535, 0.34873158, 0.34933463, 0.34931618, 0.34929788, 0.34929493, 0.29059613
0.14778720, 0.81860411, 0.24560580, 2.3144901, 1.6331106, 2.5439203, 7.7153797, 9.7831659, 9.8600798, 19.861471, 19.861057, 19.859108, 19.858904, 0.27314171, 0.26632977, 0.27543816, 0.32715318, 0.34783125, 0.34860066, 0.34930736, 0.34930527, 0.34929556, 0.34929451, 0.24560580
0.12558098, 0.55043983, 0.16514847, 1.1765808, 1.0777175, 2.1643579, 7.3431196, 9.7411070, 9.8404436, 19.855083, 19.858906, 19.858643, 19.858805, 0.26176074, 0.26077437, 0.27164078, 0.32342929, 0.34740981, 0.34840402, 0.34927541, 0.34929454, 0.34929320, 0.34929401, 0.16514847
0.10965876, 0.35816178, 0.10745928, 0.40498078, 0.64607859, 1.8335015, 6.9520044, 9.7258482, 9.8313704, 19.850594, 19.857384, 19.858294, 19.858757, 0.25404641, 0.25645754, 0.26833040, 0.31951654, 0.34725603, 0.34831285, 0.34925297, 0.34928691, 0.34929147, 0.34929377, 0.10745928
0.98705016E-1, 0.22588341, 0.67771800E-1, 0.0000000, 0.23751855, 1.4543772, 6.4665394, 9.6934500, 9.8160105, 19.846525, 19.856056, 19.858013, 19.858709, 0.24999948, 0.25237322, 0.26453775, 0.31466001, 0.34693047, 0.34815872, 0.34923261, 0.34928030, 0.34929007, 0.34929353, 0.67771800E-1
0.94983429E-1, 0.18094119, 0.54287788E-1, 0.0000000, 0.0000000, 1.1331052, 5.9599576, 9.6785088, 9.8082762, 19.844341, 19.855310, 19.857893, 19.858688, 0.24999948, 0.24999575, 0.26132566, 0.30959389, 0.34678048, 0.34808120, 0.34922171, 0.34927654, 0.34928948, 0.34929344, 0.54287788E-1
0.93009599E-1, 0.15710503, 0.47136221E-1, 0.0000000, 0.0000000, 0.78432858, 5.3396797, 9.6431789, 9.7915773, 19.841656, 19.854490, 19.857712, 19.858669, 0.24999948, 0.24999575, 0.25783935, 0.30339146, 0.34642696, 0.34791413, 0.34920830, 0.34927246, 0.34928855, 0.34929335, 0.47136221E-1
0.91511831E-1, 0.13901789, 0.41709542E-1, 0.0000000, 0.0000000, 0.53943694, 4.7536454, 9.6456137, 9.7911549, 19.840946, 19.854225, 19.857649, 19.858704, 0.24999948, 0.24999575, 0.25539139, 0.29753119, 0.34645078, 0.34790972, 0.34920472, 0.34927112, 0.34928825, 0.34929353, 0.41709542E-1
0.14724946, 0.81211042, 0.24365750, 2.3235261, 2.2895069, 1.7395079, 4.4336720, 9.7262297, 9.8251104, 19.843889, 19.854952, 19.857861, 19.858709, 0.27322137, 0.27288684, 0.26739195, 0.29433516, 0.34726053, 0.34825051, 0.34921944, 0.34927475, 0.34928930, 0.34929353, 0.24365750
0.23542497, 1.0000000, 0.56313396, 2.5701838, 8.1903858, 9.3689108, 9.5867167, 9.7958603, 9.8554296, 19.847248, 19.855812, 19.858131, 19.858709, 0.27570167, 0.33190352, 0.34368891, 0.34586713, 0.34795856, 0.34855431, 0.34923625, 0.34927905, 0.34929067, 0.34929353, 0.56313396
0.35599446, 1.0000000, 0.99997979, 9.9997635, 9.9998531, 9.9999313, 9.9999847, 9.9999962, 9.9999990, 19.999998, 19.999998, 19.999998, 19.994993, 0.34999722, 0.34999830, 0.34999919, 0.34999982, 0.34999996, 0.34999999, 0.34999999, 0.34999999, 0.34999999, 0.34997496, 0.99997979
0.35551697, 1.0000000, 0.99824995, 9.9997654, 9.9808617, 9.9282331, 9.9828787, 9.9913511, 9.9968357, 19.999706, 19.999922, 19.999908, 19.983068, 0.34999463, 0.34980685, 0.34928143, 0.34982860, 0.34991342, 0.34996834, 0.34999853, 0.34999961, 0.34999955, 0.34991533, 0.99824995
0.33737004, 1.0000000, 0.93250000, 8.9388514, 9.6303415, 9.7929277, 9.9421043, 9.9703512, 9.9887609, 19.998730, 19.999664, 19.999769, 19.978762, 0.33938542, 0.34630141, 0.34792826, 0.34942085, 0.34970343, 0.34988758, 0.34999365, 0.34999833, 0.34999883, 0.34989381, 0.93250000
0.30293876, 1.0000000, 0.80774909, 6.6535120, 9.3811121, 9.6179314, 9.8465691, 9.9173717, 9.9657116, 19.994261, 19.998503, 19.998140, 19.956018, 0.31653178, 0.34380829, 0.34617785, 0.34846538, 0.34917358, 0.34965706, 0.34997129, 0.34999251, 0.34999070, 0.34978008, 0.80774909
0.26255989, 1.0000000, 0.66144890, 3.8160477, 9.2842817, 9.5362120, 9.7713699, 9.8689909, 9.9421253, 19.989609, 19.997272, 19.994272, 19.935534, 0.28815916, 0.34284091, 0.34536114, 0.34771350, 0.34868982, 0.34942123, 0.34994805, 0.34998637, 0.34997135, 0.34967768, 0.66144890
0.23167554, 1.0000000, 0.54954898, 2.4533093, 7.8496571, 9.5002327, 9.7277842, 9.8360281, 9.9230499, 19.985306, 19.996016, 19.987606, 19.917997, 0.27453241, 0.32849523, 0.34500152, 0.34727767, 0.34836018, 0.34923047, 0.34992653, 0.34998009, 0.34993804, 0.34959000, 0.54954898
0.20754012, 1.0000000, 0.46210188, 1.7569810, 6.1056004, 9.4863329, 9.7091722, 9.8192015, 9.9111147, 19.981888, 19.994726, 19.978140, 19.903570, 0.26756820, 0.31105268, 0.34486073, 0.34709120, 0.34819174, 0.34911105, 0.34990942, 0.34997362, 0.34989071, 0.34951785, 0.46210188
0.18648872, 1.0000000, 0.38582870, 1.2134612, 4.4758725, 9.4758673, 9.6990767, 9.8095531, 9.9036980, 19.979258, 19.993097, 19.966335, 19.892159, 0.26213318, 0.29475555, 0.34475532, 0.34699008, 0.34809518, 0.34903687, 0.34989628, 0.34996548, 0.34983167, 0.34946078, 0.38582870
0.17849398, 1.0000000, 0.35686222, 1.1566669, 3.5626788, 9.5507278, 9.7347403, 9.8279581, 9.9094315, 19.978174, 19.990818, 19.953041, 19.883398, 0.26156574, 0.28562510, 0.34550497, 0.34734693, 0.34827936, 0.34909424, 0.34989089, 0.34995410, 0.34976521, 0.34941700, 0.35686222
0.20696649, 1.0000000, 0.46002352, 2.9085040, 4.0148845, 9.6699839, 9.7872686, 9.8574715, 9.9214706, 19.978289, 19.987421, 19.939230, 19.876791, 0.27908430, 0.29014823, 0.34669909, 0.34787253, 0.34857461, 0.34921467, 0.34989145, 0.34993711, 0.34969616, 0.34938395, 0.46002352
0.19883800, 1.0000000, 0.43057242, 2.7698369, 3.3049929, 9.5918541, 9.7724180, 9.8517981, 9.9201860, 19.976782, 19.981752, 19.925610, 19.871859, 0.27769813, 0.28304976, 0.34591830, 0.34772411, 0.34851795, 0.34920186, 0.34988391, 0.34990877, 0.34962803, 0.34935930, 0.43057242
0.17881499, 1.0000000, 0.35802531, 1.9365788, 2.6127815, 8.9340353, 9.7154579, 9.8198614, 9.9061575, 19.972322, 19.973324, 19.912825, 19.868210, 0.26936299, 0.27612555, 0.33933648, 0.34715375, 0.34819821, 0.34906143, 0.34986162, 0.34986663, 0.34956414, 0.34934103, 0.35802531
0.16259238, 0.99739259, 0.29924771, 1.2840122, 2.1576405, 8.1064596, 9.6934795, 9.8045578, 9.8978558, 19.968102, 19.963142, 19.901611, 19.865559, 0.26283875, 0.27157500, 0.33106199, 0.34693417, 0.34804526, 0.34897843, 0.34984052, 0.34981573, 0.34950805, 0.34932780, 0.29924771
0.14720097, 0.81152481, 0.24348180, 0.72464049, 1.7056286, 7.1639113, 9.6686163, 9.7878323, 9.8892279, 19.963671, 19.951584, 19.892120, 19.863642, 0.25724569, 0.26705527, 0.32163700, 0.34668559, 0.34787804, 0.34889218, 0.34981835, 0.34975791, 0.34946060, 0.34931821, 0.24348180
0.13988855, 0.72321928, 0.21698749, 0.50437450, 1.4892459, 6.5554423, 9.7025747, 9.8056669, 9.8956127, 19.960361, 19.939749, 19.884457, 19.862309, 0.25504348, 0.26489201, 0.31555343, 0.34702545, 0.34805652, 0.34895608, 0.34980181, 0.34969875, 0.34942228, 0.34931153, 0.21698749
0.12925860, 0.59485126, 0.17847322, 0.18776655, 1.1558026, 5.7187152, 9.6696959, 9.7873335, 9.8878279, 19.954548, 19.927404, 19.878248, 19.861307, 0.25187755, 0.26155755, 0.30718598, 0.34669659, 0.34787312, 0.34887820, 0.34977275, 0.34963703, 0.34939125, 0.34930652, 0.17847322
0.11994421, 0.48236984, 0.14472543, 0.0000000, 0.82325041, 4.7698750, 9.6331701, 9.7645407, 9.8768091, 19.947071, 19.915485, 19.873363, 19.860603, 0.24995089, 0.25823188, 0.29769689, 0.34633097, 0.34764501, 0.34876797, 0.34973535, 0.34957743, 0.34936681, 0.34930301, 0.14472543
0.11559371, 0.42983270, 0.12896271, 0.0000000, 0.61817467, 4.1220064, 9.6616068, 9.7790794, 9.8801594, 19.938522, 19.904633, 19.869596, 19.860104, 0.24995089, 0.25618103, 0.29121768, 0.34661493, 0.34779021, 0.34880140, 0.34969261, 0.34952316, 0.34934798, 0.34930050, 0.12896271
0.11028616, 0.36573833, 0.10973248, 0.0000000, 0.35531223, 3.3745744, 9.6363621, 9.7641191, 9.8718367, 19.927456, 19.894686, 19.866634, 19.859728, 0.24995089, 0.25354984, 0.28373012, 0.34635469, 0.34763667, 0.34871686, 0.34963727, 0.34947342, 0.34933317, 0.34929866, 0.10973248
0.10848503, 0.34398764, 0.10320662, 0.0000000, 0.31245947, 3.0038996, 9.7110767, 9.8054705, 9.8873892, 19.919666, 19.887129, 19.864632, 19.859528, 0.24995089, 0.25312364, 0.28003445, 0.34710786, 0.34805322, 0.34887338, 0.34959835, 0.34943563, 0.34932315, 0.34929764, 0.10320662
0.10672125, 0.32268819, 0.96816145E-1, 0.0000000, 0.23191869, 2.7842164, 9.4866829, 9.8007097, 9.8856535, 19.910975, 19.880756, 19.863089, 19.859356, 0.24995089, 0.25231856, 0.27783835, 0.34486422, 0.34800574, 0.34885609, 0.34955487, 0.34940380, 0.34931543, 0.34929678, 0.96816145E-1
0.17080358, 1.0000000, 0.32899848, 2.4743080, 2.4550319, 5.5942802, 9.3686743, 9.7874861, 9.8789339, 19.902308, 19.875561, 19.861935, 19.859299, 0.27474195, 0.27454966, 0.30594206, 0.34368649, 0.34787473, 0.34878927, 0.34951153, 0.34937781, 0.34930968, 0.34929651, 0.32899848
0.16977495, 1.0000000, 0.32527158, 2.2792995, 2.2893667, 6.2592187, 9.6878033, 9.8210297, 9.8891487, 19.894497, 19.871489, 19.861111, 19.859251, 0.27279273, 0.27289349, 0.31259194, 0.34687796, 0.34821028, 0.34889150, 0.34947249, 0.34935743, 0.34930557, 0.34929627, 0.32527158
0.17340043, 1.0000000, 0.33840737, 2.9825389, 1.8856317, 5.6001868, 9.6902056, 9.8010082, 9.8780279, 19.884483, 19.867529, 19.860315, 19.859169, 0.27982503, 0.26885617, 0.30600166, 0.34690201, 0.34801006, 0.34878027, 0.34942243, 0.34933764, 0.34930158, 0.34929585, 0.33840737
0.16071108, 0.97467411, 0.29243147, 2.3739040, 1.6164154, 5.1019416, 9.7089148, 9.8045244, 9.8759766, 19.876789, 19.864687, 19.859781, 19.859110, 0.27373123, 0.26616096, 0.30101439, 0.34708723, 0.34804428, 0.34875944, 0.34938395, 0.34932345, 0.34929889, 0.34929556, 0.29243147
0.14654703, 0.80362773, 0.24111243, 1.7042696, 1.3040066, 4.5408287, 9.6936550, 9.7934704, 9.8686886, 19.869789, 19.862347, 19.859367, 19.859034, 0.26703760, 0.26303774, 0.29540423, 0.34693483, 0.34793383, 0.34868658, 0.34934896, 0.34931174, 0.34929684, 0.34929517, 0.24111243
0.13185248, 0.62617499, 0.18787128, 1.0355502, 0.96713305, 3.9012589, 9.6674795, 9.7761917, 9.8589001, 19.863489, 19.860409, 19.859009, 19.858946, 0.26035139, 0.25966904, 0.28900793, 0.34667251, 0.34776077, 0.34858862, 0.34931743, 0.34930205, 0.34929505, 0.34929472, 0.18787128
0.12457468, 0.53828770, 0.16150247, 0.73054135, 0.80265105, 3.4788177, 9.7039537, 9.7945719, 9.8641052, 19.860319, 19.859449, 19.858837, 19.858923, 0.25730306, 0.25802496, 0.28478482, 0.34703764, 0.34794477, 0.34864071, 0.34930161, 0.34929726, 0.34929419, 0.34929460, 0.16150247
0.11047838, 0.36805958, 0.11042891, 0.97206235E-1, 0.44025481, 2.9489040, 9.5286751, 9.7622719, 9.8485661, 19.854126, 19.857752, 19.858461, 19.858828, 0.25097117, 0.25440007, 0.27948079, 0.34528142, 0.34761998, 0.34848472, 0.34927064, 0.34928876, 0.34929231, 0.34929413, 0.11042891
0.10457343, 0.29675081, 0.89034148E-1, 0.0000000, 0.12044013, 2.5675178, 9.1350031, 9.7382183, 9.8363752, 19.849384, 19.856441, 19.858183, 19.858768, 0.24998884, 0.25120339, 0.27566430, 0.34134230, 0.34737808, 0.34836236, 0.34924692, 0.34928221, 0.34929091, 0.34929383, 0.89034148E-1
0.10162514, 0.26114714, 0.78351982E-1, 0.0000000, 0.0000000, 2.1872818, 8.6877308, 9.7188025, 9.8272285, 19.846954, 19.855782, 19.858042, 19.858709, 0.24998884, 0.24998660, 0.27186605, 0.33687195, 0.34718502, 0.34827128, 0.34923476, 0.34927890, 0.34929019, 0.34929353, 0.78351982E-1
0.99919908E-1, 0.24055457, 0.72173588E-1, 0.0000000, 0.0000000, 1.8636018, 8.2470808, 9.7145863, 9.8243389, 19.845467, 19.855358, 19.857979, 19.858704, 0.24998884, 0.24998660, 0.26863292, 0.33246806, 0.34714425, 0.34824285, 0.34922734, 0.34927678, 0.34928989, 0.34929353, 0.72173588E-1
0.98531172E-1, 0.22378406, 0.67141935E-1, 0.0000000, 0.0000000, 1.6084820, 7.8420234, 9.7201910, 9.8265200, 19.845444, 19.855335, 19.858002, 19.858709, 0.24998884, 0.24998660, 0.26608223, 0.32841769, 0.34720033, 0.34826466, 0.34922722, 0.34927666, 0.34929001, 0.34929353, 0.67141935E-1
0.97035989E-1, 0.20572808, 0.61724599E-1, 0.0000000, 0.0000000, 1.3375551, 7.3974481, 9.7076397, 9.8215513, 19.845083, 19.855217, 19.858013, 19.858709, 0.24998884, 0.24998660, 0.26337385, 0.32397261, 0.34707516, 0.34821510, 0.34922540, 0.34927610, 0.34929007, 0.34929353, 0.61724599E-1
0.95766857E-1, 0.19040194, 0.57126295E-1, 0.0000000, 0.0000000, 1.1158139, 6.9731517, 9.7088175, 9.8218136, 19.845156, 19.855255, 19.858036, 19.858709, 0.24998884, 0.24998660, 0.26115590, 0.31972876, 0.34708622, 0.34821749, 0.34922579, 0.34927627, 0.34929019, 0.34929353, 0.57126295E-1
0.94407022E-1, 0.17398046, 0.52199360E-1, 0.0000000, 0.0000000, 0.88226795, 6.5065627, 9.6940861, 9.8155260, 19.844519, 19.855087, 19.858013, 19.858704, 0.24998884, 0.24998660, 0.25882116, 0.31506336, 0.34693918, 0.34815469, 0.34922260, 0.34927544, 0.34929007, 0.34929353, 0.52199360E-1
0.93258478E-1, 0.16011050, 0.48037954E-1, 0.0000000, 0.0000000, 0.69416165, 6.0598803, 9.6945419, 9.8152952, 19.844444, 19.855089, 19.858025, 19.858709, 0.24998884, 0.24998660, 0.25694004, 0.31059602, 0.34694317, 0.34815219, 0.34922221, 0.34927544, 0.34929013, 0.34929353, 0.48037954E-1
0.92283517E-1, 0.14833686, 0.44505510E-1, 0.0000000, 0.0000000, 0.53964257, 5.6504321, 9.7019691, 9.8181639, 19.844456, 19.855108, 19.858025, 19.858709, 0.24998884, 0.24998660, 0.25539541, 0.30650219, 0.34701788, 0.34818101, 0.34922227, 0.34927553, 0.34929013, 0.34929353, 0.44505510E-1
0.91264717E-1, 0.13603373, 0.40814202E-1, 0.0000000, 0.0000000, 0.38406253, 5.2056370, 9.6889677, 9.8129683, 19.844210, 19.855049, 19.858025, 19.858709, 0.24998884, 0.24998660, 0.25383931, 0.30205283, 0.34688637, 0.34812856, 0.34922105, 0.34927523, 0.34929013, 0.34929353, 0.40814202E-1
0.90120107E-1, 0.12221126, 0.36667045E-1, 0.0000000, 0.0000000, 0.21768808, 4.6721330, 9.6591148, 9.7996454, 19.843136, 19.854771, 19.857943, 19.858704, 0.24998884, 0.24998660, 0.25217599, 0.29671746, 0.34658712, 0.34799507, 0.34921569, 0.34927386, 0.34928972, 0.34929353, 0.36667045E-1
0.89717306E-1, 0.11734702, 0.35207625E-1, 0.0000000, 0.0000000, 0.17357171, 4.3682084, 9.7252426, 9.8268614, 19.845575, 19.855406, 19.858120, 19.858709, 0.24998884, 0.24998660, 0.25173524, 0.29367971, 0.34724975, 0.34826773, 0.34922788, 0.34927702, 0.34929061, 0.34929353, 0.35207625E-1
0.89118272E-1, 0.11011308, 0.33037230E-1, 0.0000000, 0.0000000, 0.94828010E-1, 4.0419211, 9.7192135, 9.8263168, 19.846022, 19.855515, 19.858131, 19.858709, 0.24998884, 0.24998660, 0.25094777, 0.29041487, 0.34718692, 0.34826142, 0.34923011, 0.34927756, 0.34929067, 0.34929353, 0.33037230E-1
0.88589020E-1, 0.10372177, 0.31119643E-1, 0.0000000, 0.0000000, 0.21475554E-1, 3.7601361, 9.7355671, 9.8329229, 19.846117, 19.855547, 19.858131, 19.858709, 0.24998884, 0.24998660, 0.25021461, 0.28759652, 0.34734944, 0.34832716, 0.34923059, 0.34927773, 0.34929067, 0.34929353, 0.31119643E-1
0.88219732E-1, 0.99262170E-1, 0.29781630E-1, 0.0000000, 0.0000000, 0.0000000, 3.4327958, 9.7159243, 9.8253021, 19.845320, 19.855326, 19.858061, 19.858709, 0.24998884, 0.24998660, 0.24999928, 0.28432181, 0.34715053, 0.34825009, 0.34922659, 0.34927663, 0.34929031, 0.34929353, 0.29781630E-1
0.87934226E-1, 0.95814385E-1, 0.28747190E-1, 0.0000000, 0.0000000, 0.0000000, 3.0937207, 9.7056427, 9.8209963, 19.845268, 19.855312, 19.858072, 19.858709, 0.24998884, 0.24998660, 0.24999928, 0.28093198, 0.34704822, 0.34820721, 0.34922636, 0.34927657, 0.34929037, 0.34929353, 0.28747190E-1
0.87671004E-1, 0.92635699E-1, 0.27793489E-1, 0.0000000, 0.0000000, 0.0000000, 2.8731346, 9.5132980, 9.8107872, 19.844763, 19.855171, 19.858047, 19.858709, 0.24998884, 0.24998660, 0.24999928, 0.27872917, 0.34512937, 0.34810662, 0.34922382, 0.34927586, 0.34929025, 0.34929353, 0.27793489E-1
0.87415025E-1, 0.89544527E-1, 0.26866045E-1, 0.0000000, 0.0000000, 0.0000000, 2.7164102, 9.2124786, 9.8002949, 19.844069, 19.855011, 19.857990, 19.858704, 0.24998884, 0.24998660, 0.24999928, 0.27716058, 0.34211883, 0.34800082, 0.34922034, 0.34927505, 0.34928995, 0.34929353, 0.26866045E-1
0.11716238, 0.44877604, 0.13464628, 2.1615863, 0.0000000, 0.0000000, 2.6818247, 9.0978079, 9.8355322, 19.845938, 19.855516, 19.858154, 19.858709, 0.27160734, 0.24998660, 0.24999928, 0.27681762, 0.34097701, 0.34835494, 0.34922969, 0.34927759, 0.34929079, 0.34929353, 0.13464628
0.10409483, 0.29097134, 0.87300129E-1, 1.2259126, 0.0000000, 0.0000000, 2.5761902, 8.9255533, 9.8314476, 19.843697, 19.854940, 19.857952, 19.858688, 0.26225358, 0.24998660, 0.24999928, 0.27576122, 0.33925432, 0.34831402, 0.34921849, 0.34927469, 0.34928977, 0.34929344, 0.87300129E-1
0.93622364E-1, 0.16450489, 0.49356401E-1, 0.48014224, 0.0000000, 0.0000000, 2.4614513, 8.7194319, 9.8225613, 19.842682, 19.854650, 19.857874, 19.858698, 0.25479650, 0.24998660, 0.24999928, 0.27461299, 0.33719164, 0.34822461, 0.34921342, 0.34927326, 0.34928936, 0.34929350, 0.49356401E-1
0.90973772E-1, 0.13252024, 0.39760049E-1, 0.29416680, 0.0000000, 0.0000000, 2.4178445, 8.5910835, 9.8388920, 19.845314, 19.855337, 19.858061, 19.858709, 0.25294018, 0.24998660, 0.24999928, 0.27417770, 0.33590952, 0.34838840, 0.34922656, 0.34927669, 0.34929031, 0.34929353, 0.39760049E-1
0.86699635E-1, 0.80905408E-1, 0.24274049E-1, 0.0000000, 0.0000000, 0.0000000, 2.2923052, 8.3273754, 9.8138618, 19.845974, 19.855501, 19.858107, 19.858709, 0.24993871, 0.24998660, 0.24999928, 0.27292162, 0.33327121, 0.34813762, 0.34922987, 0.34927750, 0.34929055, 0.34929353, 0.24274049E-1
0.86408779E-1, 0.77392995E-1, 0.23220221E-1, 0.0000000, 0.0000000, 0.0000000, 2.1274328, 7.9635520, 9.7858419, 19.846176, 19.855572, 19.858120, 19.858709, 0.24993871, 0.24998660, 0.24999928, 0.27127379, 0.32963455, 0.34785801, 0.34923089, 0.34927785, 0.34929061, 0.34929353, 0.23220221E-1
0.86193591E-1, 0.74794382E-1, 0.22440558E-1, 0.0000000, 0.0000000, 0.0000000, 2.0035803, 7.6890039, 9.7935047, 19.845047, 19.855282, 19.858013, 19.858698, 0.24993871, 0.24998660, 0.24999928, 0.27003509, 0.32688871, 0.34793448, 0.34922522, 0.34927642, 0.34929007, 0.34929350, 0.22440558E-1
0.86081840E-1, 0.73444836E-1, 0.22035655E-1, 0.0000000, 0.0000000, 0.0000000, 1.9493014, 7.5203109, 9.8201389, 19.846786, 19.855715, 19.858166, 19.858709, 0.24993871, 0.24998660, 0.24999928, 0.26948860, 0.32519460, 0.34819770, 0.34923393, 0.34927857, 0.34929082, 0.34929353, 0.22035655E-1
0.86978622E-1, 0.84274478E-1, 0.25284873E-1, 0.71609020E-1, 0.0000000, 0.0000000, 1.9063532, 7.3833246, 9.8343372, 19.848587, 19.856178, 19.858231, 19.858709, 0.25071496, 0.24998660, 0.24999928, 0.26906174, 0.32382980, 0.34834182, 0.34924293, 0.34928089, 0.34929115, 0.34929353, 0.25284873E-1
0.85722238E-1, 0.69102280E-1, 0.20732757E-1, 0.0000000, 0.0000000, 0.0000000, 1.7548680, 7.0492363, 9.7899418, 19.847708, 19.855934, 19.858143, 19.858709, 0.24994268, 0.24998660, 0.24999928, 0.26754764, 0.32049027, 0.34789845, 0.34923854, 0.34927967, 0.34929073, 0.34929353, 0.20732757E-1
0.85616320E-1, 0.67823216E-1, 0.20349000E-1, 0.0000000, 0.0000000, 0.0000000, 1.6973168, 6.8977513, 9.8217115, 19.847300, 19.855829, 19.858131, 19.858709, 0.24994268, 0.24998660, 0.24999928, 0.26697251, 0.31897613, 0.34821647, 0.34923649, 0.34927914, 0.34929067, 0.34929353, 0.20349000E-1
0.85536636E-1, 0.66860951E-1, 0.20060292E-1, 0.0000000, 0.0000000, 0.0000000, 1.6537488, 6.7876253, 9.8410397, 19.847441, 19.855856, 19.858166, 19.858709, 0.24994268, 0.24998660, 0.24999928, 0.26653177, 0.31786940, 0.34840703, 0.34923705, 0.34927925, 0.34929082, 0.34929353, 0.20060292E-1
0.85460879E-1, 0.65946102E-1, 0.19785810E-1, 0.0000000, 0.0000000, 0.0000000, 1.6117126, 6.6846385, 9.8494072, 19.847866, 19.855986, 19.858189, 19.858709, 0.24994268, 0.24998660, 0.24999928, 0.26611564, 0.31684327, 0.34849256, 0.34923932, 0.34927994, 0.34929094, 0.34929353, 0.19785810E-1
0.85392967E-1, 0.65125927E-1, 0.19539732E-1, 0.0000000, 0.0000000, 0.0000000, 1.5732020, 6.5949993, 9.8554583, 19.848122, 19.856060, 19.858177, 19.858709, 0.24999818, 0.24998660, 0.24999928, 0.26573187, 0.31594965, 0.34855443, 0.34924060, 0.34928030, 0.34929088, 0.34929353, 0.19539732E-1
0.85247688E-1, 0.63371517E-1, 0.19013356E-1, 0.0000000, 0.0000000, 0.0000000, 1.4791638, 6.4390469, 9.8366261, 19.845320, 19.855335, 19.857979, 19.858698, 0.24999818, 0.24998660, 0.24999928, 0.26479015, 0.31438720, 0.34836459, 0.34922659, 0.34927666, 0.34928989, 0.34929350, 0.19013356E-1
0.85126944E-1, 0.61913472E-1, 0.18575899E-1, 0.0000000, 0.0000000, 0.0000000, 1.4019221, 6.3033605, 9.8363457, 19.843596, 19.854853, 19.857880, 19.858709, 0.24999818, 0.24998660, 0.24999928, 0.26401258, 0.31302741, 0.34836027, 0.34921774, 0.34927422, 0.34928936, 0.34929353, 0.18575899E-1
0.84923446E-1, 0.59455983E-1, 0.17838579E-1, 0.0000000, 0.0000000, 0.0000000, 1.2636214, 6.1018581, 9.8160448, 19.838306, 19.853449, 19.857512, 19.858652, 0.24999818, 0.24998660, 0.24999928, 0.26260516, 0.31099710, 0.34814930, 0.34919021, 0.34926689, 0.34928748, 0.34929323, 0.17838579E-1
0.84700786E-1, 0.56767087E-1, 0.17031830E-1, 0.0000000, 0.0000000, 0.0000000, 1.1159807, 5.8670273, 9.7998428, 19.833887, 19.852222, 19.857225, 19.858610, 0.24999818, 0.24998660, 0.24999928, 0.26112095, 0.30864239, 0.34798375, 0.34916776, 0.34926066, 0.34928602, 0.34929302, 0.17031830E-1
0.84435232E-1, 0.53560238E-1, 0.16069679E-1, 0.0000000, 0.0000000, 0.0000000, 0.94167590, 5.5747900, 9.7788992, 19.828960, 19.850874, 19.856874, 19.858517, 0.24999818, 0.24998660, 0.24999928, 0.25940108, 0.30573502, 0.34778199, 0.34914416, 0.34925419, 0.34928435, 0.34929258, 0.16069679E-1
0.84130399E-1, 0.49879052E-1, 0.14965212E-1, 0.0000000, 0.0000000, 0.0000000, 0.75468123, 5.2276931, 9.7580605, 19.824560, 19.849627, 19.856569, 19.858433, 0.24999818, 0.24998660, 0.24999928, 0.25750163, 0.30224398, 0.34756249, 0.34912080, 0.34924763, 0.34928271, 0.34929213, 0.14965212E-1
0.83864093E-1, 0.46663105E-1, 0.14000332E-1, 0.0000000, 0.0000000, 0.0000000, 0.61133504, 4.8630495, 9.7478390, 19.824865, 19.849627, 19.856569, 19.858463, 0.24999818, 0.24998660, 0.24999928, 0.25611025, 0.29862371, 0.34747398, 0.34912425, 0.34924811, 0.34928286, 0.34929231, 0.14000332E-1
0.83598331E-1, 0.43453742E-1, 0.13037426E-1, 0.0000000, 0.0000000, 0.0000000, 0.48163235, 4.4829230, 9.7389975, 19.825836, 19.849819, 19.856634, 19.858463, 0.24999818, 0.24998660, 0.24999928, 0.25481516, 0.29482383, 0.34738606, 0.34912917, 0.34924909, 0.34928316, 0.34929231, 0.13037426E-1
0.83329923E-1, 0.40212475E-1, 0.12064949E-1, 0.0000000, 0.0000000, 0.0000000, 0.36169291, 4.0783806, 9.7280569, 19.827017, 19.850109, 19.856705, 19.858475, 0.24999818, 0.24998660, 0.24999928, 0.25361568, 0.29077667, 0.34727490, 0.34913510, 0.34925056, 0.34928352, 0.34929237, 0.12064949E-1
0.83112620E-1, 0.37588306E-1, 0.11277620E-1, 0.0000000, 0.0000000, 0.0000000, 0.27544796, 3.7229130, 9.7366924, 19.829617, 19.850809, 19.856874, 19.858511, 0.24999818, 0.24998660, 0.24999928, 0.25275359, 0.28722307, 0.34736165, 0.34914809, 0.34925404, 0.34928438, 0.34929255, 0.11277620E-1
0.82962960E-1, 0.35780966E-1, 0.10735364E-1, 0.0000000, 0.0000000, 0.0000000, 0.21796227, 3.4660497, 9.7666197, 19.832928, 19.851692, 19.857130, 19.858587, 0.24999818, 0.24998660, 0.24999928, 0.25217915, 0.28465661, 0.34766254, 0.34916463, 0.34925845, 0.34928566, 0.34929293, 0.10735364E-1
0.84079951E-1, 0.49269859E-1, 0.14782436E-1, 0.95707178E-1, 0.0000000, 0.0000000, 0.13392270, 3.1497579, 9.7441521, 19.833305, 19.851835, 19.857183, 19.858604, 0.25095680, 0.24998660, 0.24999928, 0.25133920, 0.28149730, 0.34744126, 0.34916651, 0.34925917, 0.34928590, 0.34929302, 0.14782436E-1
0.82615025E-1, 0.31579327E-1, 0.94747460E-2, 0.0000000, 0.0000000, 0.0000000, 0.67064166E-1, 2.9575109, 9.6763735, 19.834394, 19.852160, 19.857265, 19.858646, 0.24996592, 0.24998660, 0.24999928, 0.25067046, 0.27957097, 0.34675923, 0.34917197, 0.34926081, 0.34928632, 0.34929323, 0.94747460E-2
0.82490519E-1, 0.30075725E-1, 0.90236198E-2, 0.0000000, 0.0000000, 0.0000000, 0.73850155E-2, 2.8288336, 9.5188408, 19.835548, 19.852495, 19.857355, 19.858698, 0.24996592, 0.24998660, 0.24999928, 0.25007382, 0.27828252, 0.34518191, 0.34917775, 0.34926248, 0.34928676, 0.34929350, 0.90236198E-2
0.82385048E-1, 0.28802063E-1, 0.86414833E-2, 0.0000000, 0.0000000, 0.0000000, 0.0000000, 2.6575029, 9.3123589, 19.835560, 19.852530, 19.857353, 19.858683, 0.24996592, 0.24998660, 0.24999928, 0.24999978, 0.27657047, 0.34311825, 0.34917781, 0.34926265, 0.34928676, 0.34929341, 0.86414833E-2
0.82301326E-1, 0.27791059E-1, 0.83381515E-2, 0.0000000, 0.0000000, 0.0000000, 0.0000000, 2.5155246, 9.1310453, 19.836529, 19.852812, 19.857426, 19.858709, 0.24996592, 0.24998660, 0.24999928, 0.24999978, 0.27515212, 0.34130666, 0.34918264, 0.34926406, 0.34928712, 0.34929353, 0.83381515E-2
0.82917362E-1, 0.35230320E-1, 0.10570154E-1, 0.45812130E-1, 0.0000000, 0.0000000, 0.0000000, 2.4972439, 9.0842485, 19.840254, 19.853804, 19.857719, 19.858709, 0.25045654, 0.24998660, 0.24999928, 0.24999978, 0.27496985, 0.34083936, 0.34920126, 0.34926903, 0.34928858, 0.34929353, 0.10570154E-1
0.16923663, 1.0000000, 0.32332113, 2.3393602, 2.9912801, 5.0151496, 7.9363585, 8.6145430, 9.3269176, 19.843645, 19.854736, 19.857931, 19.858709, 0.27339277, 0.27991217, 0.30015096, 0.32936341, 0.33614534, 0.34326914, 0.34921822, 0.34927368, 0.34928966, 0.34929353, 0.32332113
0.35600001, 1.0000000, 1.0000000, 9.9999990, 9.9999990, 9.9999990, 9.9999990, 9.9999990, 9.9999990, 19.999998, 19.999998, 19.999998, 19.998999, 0.34999999, 0.34999999, 0.34999999, 0.34999999, 0.34999999, 0.34999999, 0.34999999, 0.34999999, 0.34999999, 0.34999499, 1.0000000
0.35599995, 1.0000000, 0.99999976, 9.9999962, 9.9999962, 9.9999990, 9.9999990, 9.9999990, 9.9999990, 19.999998, 19.999998, 19.999998, 19.995995, 0.34999996, 0.34999996, 0.34999999, 0.34999999, 0.34999999, 0.34999999, 0.34999999, 0.34999999, 0.34999999, 0.34997997, 0.99999976
0.35599953, 1.0000000, 0.99999833, 9.9999962, 9.9999990, 9.9999990, 9.9999990, 9.9999990, 9.9999990, 19.999998, 19.999998, 19.999998, 19.998999, 0.34999976, 0.34999987, 0.34999993, 0.34999999, 0.34999999, 0.34999999, 0.34999999, 0.34999999, 0.34999999, 0.34999499, 0.99999833
0.34423858, 1.0000000, 0.95738620, 9.3568115, 9.7350826, 9.8565454, 9.9593554, 9.9792604, 9.9917421, 19.998640, 19.999641, 19.999678, 19.975233, 0.34353995, 0.34733599, 0.34855789, 0.34959012, 0.34979084, 0.34991652, 0.34999305, 0.34999818, 0.34999838, 0.34987617, 0.95738620
0.31005490, 1.0000000, 0.83353215, 7.2148623, 9.3710651, 9.6194639, 9.8314381, 9.9096746, 9.9584141, 19.988722, 19.997066, 19.997442, 19.952700, 0.32186684, 0.34356469, 0.34612012, 0.34827739, 0.34907788, 0.34957457, 0.34994188, 0.34998488, 0.34998709, 0.34976348, 0.83353215
0.26129830, 1.0000000, 0.65687793, 3.8215692, 9.2330475, 9.4939156, 9.7137175, 9.8328943, 9.9161997, 19.973349, 19.992947, 19.992428, 19.932444, 0.28786719, 0.34214756, 0.34484583, 0.34709078, 0.34830528, 0.34914997, 0.34986460, 0.34996417, 0.34996200, 0.34966218, 0.65687793
0.22729288, 1.0000000, 0.53366983, 2.0941348, 7.9701009, 9.4740696, 9.6817226, 9.8021107, 9.8952990, 19.963078, 19.989920, 19.984840, 19.915302, 0.27080727, 0.32962954, 0.34470391, 0.34679917, 0.34801188, 0.34894833, 0.34981456, 0.34994939, 0.34992415, 0.34957650, 0.53366983
0.20175588, 1.0000000, 0.44114450, 1.1851698, 6.3698468, 9.4768267, 9.6767368, 9.7926331, 9.8864460, 19.955744, 19.987209, 19.974604, 19.901356, 0.26185039, 0.31369424, 0.34476510, 0.34676671, 0.34792599, 0.34886435, 0.34977871, 0.34993604, 0.34987301, 0.34950680, 0.44114450
0.17845199, 1.0000000, 0.35671011, 0.44899285, 4.7884822, 9.4655790, 9.6719465, 9.7867374, 9.8815928, 19.950306, 19.984200, 19.962223, 19.890377, 0.25448951, 0.29788211, 0.34465310, 0.34671894, 0.34786710, 0.34881583, 0.34975153, 0.34992099, 0.34981111, 0.34945190, 0.35671011
0.15943201, 0.95922780, 0.28779712, 0.0000000, 3.2474754, 9.4517298, 9.6646137, 9.7810154, 9.8777828, 19.945740, 19.980267, 19.948528, 19.881973, 0.24999046, 0.28247336, 0.34451526, 0.34664571, 0.34780994, 0.34877777, 0.34972870, 0.34990132, 0.34974265, 0.34940988, 0.28779712
0.14968152, 0.84148008, 0.25246927, 0.0000000, 2.4084897, 8.7782269, 9.6527815, 9.7726965, 9.8717346, 19.939501, 19.974291, 19.934334, 19.875601, 0.24999046, 0.27408284, 0.33777854, 0.34652698, 0.34772655, 0.34871718, 0.34969750, 0.34987146, 0.34967166, 0.34937799, 0.25246927
0.14191239, 0.74765933, 0.22432023, 0.0000000, 1.9024879, 7.9133620, 9.6550350, 9.7728529, 9.8712854, 19.935999, 19.967182, 19.920853, 19.870918, 0.24999046, 0.26902252, 0.32912871, 0.34654915, 0.34772792, 0.34871265, 0.34968001, 0.34983590, 0.34960425, 0.34935459, 0.22432023
0.13603207, 0.67664826, 0.20301479, 0.0000000, 1.5301466, 7.2307520, 9.6793575, 9.7861586, 9.8764906, 19.933447, 19.958525, 19.908623, 19.867504, 0.24999046, 0.26530051, 0.32230526, 0.34679300, 0.34786129, 0.34876481, 0.34966725, 0.34979263, 0.34954312, 0.34933752, 0.20301479
0.13273469, 0.63682860, 0.19106770, 0.0000000, 1.3413638, 6.8003306, 9.7227621, 9.8120365, 9.8885927, 19.933119, 19.949066, 19.898138, 19.865059, 0.24999046, 0.26341239, 0.31800014, 0.34722674, 0.34811991, 0.34888577, 0.34966558, 0.34974533, 0.34949070, 0.34932530, 0.19106770
0.12802839, 0.57999504, 0.17401591, 0.0000000, 1.0581493, 6.2333951, 9.7078209, 9.8060627, 9.8873215, 19.930386, 19.938120, 19.889238, 19.863260, 0.24999046, 0.26058075, 0.31233180, 0.34707755, 0.34806031, 0.34887308, 0.34965193, 0.34969062, 0.34944618, 0.34931630, 0.17401591
0.12212604, 0.50871778, 0.15263060, 0.0000000, 0.68124235, 5.5689540, 9.6798716, 9.7899799, 9.8791294, 19.923920, 19.926004, 19.881804, 19.861942, 0.24999046, 0.25681189, 0.30568737, 0.34679797, 0.34789941, 0.34879118, 0.34961960, 0.34963003, 0.34940901, 0.34930971, 0.15263060
0.11899696, 0.47093061, 0.14129332, 0.0000000, 0.50613880, 5.1536798, 9.7183313, 9.8106012, 9.8870239, 19.920015, 19.915041, 19.876112, 19.861050, 0.24999046, 0.25506046, 0.30153212, 0.34718156, 0.34810513, 0.34886995, 0.34960008, 0.34957522, 0.34938055, 0.34930524, 0.14129332
0.11462198, 0.41809812, 0.12544198, 0.0000000, 0.25840402, 4.5980248, 9.6956587, 9.7986364, 9.8815746, 19.913340, 19.904352, 19.871582, 19.860392, 0.24999046, 0.25258368, 0.29597715, 0.34695527, 0.34798571, 0.34881553, 0.34956670, 0.34952176, 0.34935790, 0.34930196, 0.12544198
0.11173928, 0.38328630, 0.11499739, 0.0000000, 0.11247396, 4.1873145, 9.7192707, 9.8110876, 9.8856668, 19.907581, 19.895208, 19.868202, 19.859962, 0.24999046, 0.25112462, 0.29187107, 0.34719175, 0.34811041, 0.34885648, 0.34953791, 0.34947604, 0.34934101, 0.34929982, 0.11499739
0.10947885, 0.35598916, 0.10680743, 0.0000000, 0.0000000, 3.8605776, 9.7413702, 9.8235359, 9.8889675, 19.900562, 19.887156, 19.865644, 19.859638, 0.24999046, 0.24999967, 0.28860274, 0.34741217, 0.34823459, 0.34888941, 0.34950280, 0.34943578, 0.34932822, 0.34929818, 0.10680743
0.10791567, 0.33711207, 0.10114374, 0.0000000, 0.0000000, 3.4857183, 9.7309933, 9.8179026, 9.8844223, 19.891985, 19.880060, 19.863611, 19.859386, 0.24999046, 0.24999967, 0.28485480, 0.34730861, 0.34817836, 0.34884399, 0.34945992, 0.34940031, 0.34931806, 0.34929693, 0.10114374
0.10697063, 0.32569972, 0.97719684E-1, 0.0000000, 0.0000000, 3.2487588, 9.7649899, 9.8357868, 9.8898554, 19.886097, 19.874859, 19.862234, 19.859251, 0.24999046, 0.24999967, 0.28248453, 0.34764808, 0.34835693, 0.34889826, 0.34943050, 0.34937429, 0.34931117, 0.34929627, 0.97719684E-1
0.16137162, 0.98265070, 0.29482469, 2.5061131, 2.4871678, 3.0714438, 9.7935514, 9.8513041, 9.8941746, 19.880632, 19.870724, 19.861235, 19.859211, 0.27502218, 0.27485165, 0.28070414, 0.34793016, 0.34851032, 0.34894040, 0.34940293, 0.34935355, 0.34930614, 0.34929606, 0.29482469
0.16757491, 1.0000000, 0.31730038, 2.3245664, 2.3034363, 5.5191107, 9.8182669, 9.8648453, 9.8979683, 19.876314, 19.867640, 19.860523, 19.859211, 0.27324310, 0.27303299, 0.30519000, 0.34818223, 0.34864822, 0.34897959, 0.34938157, 0.34933820, 0.34930262, 0.34929606, 0.31730038
0.18842648, 1.0000000, 0.39284956, 2.1542668, 3.5559042, 8.6218176, 9.8011484, 9.8557844, 9.8915224, 19.869984, 19.864653, 19.859888, 19.859144, 0.27154255, 0.28555894, 0.33621806, 0.34801146, 0.34855780, 0.34891522, 0.34934992, 0.34932327, 0.34929943, 0.34929574, 0.39284956
0.16694361, 1.0000000, 0.31501308, 1.2488514, 2.5036783, 8.6264534, 9.7311325, 9.8153334, 9.8703785, 19.859480, 19.860992, 19.859098, 19.858992, 0.26237616, 0.27497879, 0.33623350, 0.34729606, 0.34814554, 0.34869987, 0.34929669, 0.34930480, 0.34929544, 0.34929496, 0.31501308
0.15349740, 0.88756090, 0.26629490, 0.61038136, 2.1438718, 8.1930151, 9.7250004, 9.8076220, 9.8639088, 19.853125, 19.858686, 19.858620, 19.858875, 0.25606859, 0.27141950, 0.33191806, 0.34724471, 0.34807351, 0.34863776, 0.34926543, 0.34929338, 0.34929311, 0.34929436, 0.26629490
0.13387439, 0.65059167, 0.19519702, 0.0000000, 1.2832403, 7.2619867, 9.6232119, 9.7459955, 9.8316555, 19.838734, 19.854477, 19.857607, 19.858675, 0.24998567, 0.26267043, 0.32253206, 0.34618887, 0.34743792, 0.34830543, 0.34919170, 0.34927186, 0.34928793, 0.34929335, 0.19519702
0.12331928, 0.52312738, 0.15695392, 0.0000000, 0.50182343, 6.2850161, 9.5915012, 9.7209196, 9.8156891, 19.828318, 19.851349, 19.856880, 19.858511, 0.24998567, 0.25485551, 0.31276056, 0.34587076, 0.34718663, 0.34814557, 0.34913960, 0.34925625, 0.34928426, 0.34929252, 0.15695392
0.11482926, 0.42060116, 0.12619297, 0.0000000, 0.0000000, 5.2198172, 9.5613394, 9.6995001, 9.8021688, 19.819147, 19.848593, 19.856197, 19.858364, 0.24998567, 0.24999537, 0.30205736, 0.34554291, 0.34695905, 0.34800366, 0.34909254, 0.34924212, 0.34928077, 0.34929177, 0.12619297
0.11012718, 0.36381850, 0.10915647, 0.0000000, 0.0000000, 4.0822945, 9.5490522, 9.6883411, 9.7952232, 19.813763, 19.846828, 19.855751, 19.858292, 0.24998567, 0.24999537, 0.29073149, 0.34544414, 0.34685975, 0.34794047, 0.34906679, 0.34923360, 0.34927860, 0.34929141, 0.10915647
0.10676116, 0.32317013, 0.96960738E-1, 0.0000000, 0.0000000, 3.2537985, 9.5876751, 9.7105646, 9.8051367, 19.815014, 19.846903, 19.855816, 19.858339, 0.24998567, 0.24999537, 0.28249234, 0.34585306, 0.34709355, 0.34804550, 0.34907410, 0.34923425, 0.34927902, 0.34929165, 0.96960738E-1
0.10342720, 0.28290892, 0.84881164E-1, 0.0000000, 0.0000000, 2.5439949, 9.1772242, 9.6832981, 9.7929544, 19.811529, 19.845800, 19.855549, 19.858282, 0.24998567, 0.24999537, 0.27530381, 0.34170121, 0.34679663, 0.34791148, 0.34905455, 0.34922820, 0.34927753, 0.34929135, 0.84881164E-1
0.10262351, 0.27320355, 0.81969261E-1, 0.0000000, 0.0000000, 2.3860574, 8.8867502, 9.7421713, 9.8205662, 19.819427, 19.847757, 19.856094, 19.858433, 0.24998567, 0.24999537, 0.27385756, 0.33886525, 0.34742048, 0.34820524, 0.34909713, 0.34923878, 0.34928048, 0.34929216, 0.81969261E-1
0.10128164, 0.25699887, 0.77107370E-1, 0.0000000, 0.0000000, 2.1257014, 8.5662851, 9.7432394, 9.8232088, 19.822403, 19.848570, 19.856346, 19.858463, 0.24998567, 0.24999537, 0.27125511, 0.33566129, 0.34743151, 0.34823179, 0.34911200, 0.34924287, 0.34928173, 0.34929231, 0.77107370E-1
0.99583916E-1, 0.23649709, 0.70956223E-1, 0.0000000, 0.0000000, 1.7951965, 8.1964207, 9.7302465, 9.8172731, 19.821169, 19.848291, 19.856264, 19.858440, 0.24998567, 0.24999537, 0.26791403, 0.33194351, 0.34729165, 0.34816754, 0.34910500, 0.34924126, 0.34928125, 0.34929222, 0.70956223E-1
0.96768081E-1, 0.20249285, 0.60753930E-1, 0.0000000, 0.0000000, 1.2424737, 7.6205621, 9.6748772, 9.7903023, 19.812662, 19.846045, 19.855680, 19.858292, 0.24998567, 0.24999537, 0.26233590, 0.32615691, 0.34672320, 0.34789059, 0.34906128, 0.34922969, 0.34927824, 0.34929141, 0.60753930E-1
0.94168015E-1, 0.17109421, 0.51333398E-1, 0.0000000, 0.0000000, 0.75222850, 6.9459467, 9.6416149, 9.7752066, 19.809519, 19.845087, 19.855421, 19.858212, 0.24998567, 0.24999537, 0.25744233, 0.31941381, 0.34639162, 0.34774035, 0.34904575, 0.34922495, 0.34927699, 0.34929103, 0.51333398E-1
0.92314377E-1, 0.14870954, 0.44617325E-1, 0.0000000, 0.0000000, 0.41952729, 6.3217301, 9.6483965, 9.7788477, 19.811661, 19.845558, 19.855543, 19.858282, 0.24998567, 0.24999537, 0.25419426, 0.31321430, 0.34648168, 0.34778771, 0.34905830, 0.34922779, 0.34927770, 0.34929141, 0.44617325E-1
0.91110267E-1, 0.13416855, 0.40254589E-1, 0.0000000, 0.0000000, 0.22626221, 5.8193569, 9.6716318, 9.7916231, 19.817099, 19.846987, 19.855927, 19.858406, 0.24998567, 0.24999537, 0.25226244, 0.30819264, 0.34671554, 0.34791598, 0.34908551, 0.34923494, 0.34927964, 0.34929204, 0.40254589E-1
0.89629799E-1, 0.11629032, 0.34890585E-1, 0.0000000, 0.0000000, 0.0000000, 5.1822233, 9.6369276, 9.7785234, 19.818802, 19.847486, 19.856083, 19.858433, 0.24998567, 0.24999537, 0.24999990, 0.30182061, 0.34636775, 0.34778473, 0.34909400, 0.34923744, 0.34928042, 0.34929216, 0.34890585E-1
0.89402527E-1, 0.11354574, 0.34067128E-1, 0.0000000, 0.0000000, 0.0000000, 4.8588734, 9.7222672, 9.8155212, 19.825731, 19.849407, 19.856581, 19.858522, 0.24998567, 0.24999537, 0.24999990, 0.29858732, 0.34722129, 0.34815472, 0.34912866, 0.34924704, 0.34928292, 0.34929261, 0.34067128E-1
0.89140825E-1, 0.11038540, 0.33118933E-1, 0.0000000, 0.0000000, 0.0000000, 4.5412440, 9.7242441, 9.8198643, 19.829346, 19.850479, 19.856825, 19.858580, 0.24998567, 0.24999537, 0.24999990, 0.29541016, 0.34723997, 0.34819782, 0.34914672, 0.34925240, 0.34928411, 0.34929290, 0.33118933E-1
0.88605165E-1, 0.10391673, 0.31178135E-1, 0.0000000, 0.0000000, 0.0000000, 3.9457970, 9.6336136, 9.7826166, 19.827585, 19.850115, 19.856728, 19.858553, 0.24998567, 0.24999537, 0.24999990, 0.28945601, 0.34633374, 0.34782538, 0.34913793, 0.34925058, 0.34928364, 0.34929276, 0.31178135E-1
0.88128872E-1, 0.98164991E-1, 0.29452443E-1, 0.0000000, 0.0000000, 0.0000000, 3.3721859, 9.6308794, 9.7796087, 19.827856, 19.850245, 19.856754, 19.858557, 0.24998567, 0.24999537, 0.24999990, 0.28372142, 0.34630814, 0.34779587, 0.34913927, 0.34925121, 0.34928375, 0.34929278, 0.29452443E-1
0.87909773E-1, 0.95519073E-1, 0.28658589E-1, 0.0000000, 0.0000000, 0.0000000, 3.0579982, 9.7178564, 9.8159122, 19.831486, 19.851252, 19.857031, 19.858629, 0.24998567, 0.24999537, 0.24999990, 0.28057972, 0.34717816, 0.34815899, 0.34915742, 0.34925625, 0.34928516, 0.34929314, 0.28658589E-1
0.14245734, 0.75424010, 0.22629467, 2.5964947, 2.2684069, 0.0000000, 2.9837341, 9.6972294, 9.8459959, 19.836720, 19.852695, 19.857420, 19.858709, 0.27596459, 0.27268389, 0.24999990, 0.27983731, 0.34697226, 0.34845996, 0.34918359, 0.34926349, 0.34928709, 0.34929353, 0.22629467
0.13586757, 0.67466152, 0.20241870, 2.3344665, 1.9227028, 0.0000000, 2.9062777, 9.5840483, 9.8468266, 19.836773, 19.852779, 19.857443, 19.858704, 0.27334404, 0.26922673, 0.24999990, 0.27906272, 0.34584039, 0.34846824, 0.34918386, 0.34926391, 0.34928721, 0.34929353, 0.20241870
0.12635206, 0.55975145, 0.16794224, 1.8612951, 1.5759110, 0.0000000, 2.8281837, 9.4633207, 9.8455782, 19.837234, 19.852968, 19.857502, 19.858698, 0.26861262, 0.26575893, 0.24999990, 0.27828181, 0.34463316, 0.34845576, 0.34918618, 0.34926483, 0.34928751, 0.34929350, 0.16794224
0.11350825, 0.40464860, 0.12140672, 1.1587322, 1.2112707, 0.0000000, 2.7388363, 9.3388243, 9.8430700, 19.836391, 19.852779, 19.857447, 19.858683, 0.26158527, 0.26211143, 0.24999990, 0.27738807, 0.34338775, 0.34843051, 0.34918195, 0.34926391, 0.34928724, 0.34929341, 0.12140672
0.96178167E-1, 0.19536896, 0.58616549E-1, 0.23233891, 0.68589151, 0.0000000, 2.5986493, 9.1549301, 9.8277817, 19.833307, 19.851990, 19.857246, 19.858641, 0.25232157, 0.25685573, 0.24999990, 0.27598527, 0.34154716, 0.34827703, 0.34916654, 0.34925994, 0.34928623, 0.34929320, 0.58616549E-1
0.88691764E-1, 0.10496248, 0.31491894E-1, 0.0000000, 0.19734800, 0.0000000, 2.4368286, 8.9064522, 9.8085871, 19.831543, 19.851505, 19.857119, 19.858616, 0.24998970, 0.25197268, 0.24999990, 0.27436730, 0.33906275, 0.34808522, 0.34915772, 0.34925753, 0.34928560, 0.34929308, 0.31491894E-1
0.86763844E-1, 0.81680804E-1, 0.24506692E-1, 0.0000000, 0.0000000, 0.0000000, 2.2493362, 8.5777731, 9.7861328, 19.830660, 19.851271, 19.857054, 19.858610, 0.24994050, 0.24998084, 0.24999990, 0.27249169, 0.33577451, 0.34786010, 0.34915331, 0.34925634, 0.34928527, 0.34929305, 0.24506692E-1
0.86409517E-1, 0.77401921E-1, 0.23222899E-1, 0.0000000, 0.0000000, 0.0000000, 2.0260394, 8.1748114, 9.7657824, 19.828318, 19.850622, 19.856882, 19.858574, 0.24994050, 0.24998084, 0.24999990, 0.27025989, 0.33174708, 0.34765741, 0.34914160, 0.34925312, 0.34928441, 0.34929287, 0.23222899E-1
0.86021245E-1, 0.72713122E-1, 0.21816118E-1, 0.0000000, 0.0000000, 0.0000000, 1.8035412, 7.6882162, 9.7472916, 19.829000, 19.850763, 19.856918, 19.858580, 0.24994050, 0.24998084, 0.24999990, 0.26803470, 0.32688063, 0.34747225, 0.34914500, 0.34925383, 0.34928459, 0.34929290, 0.21816118E-1
0.85828029E-1, 0.70379786E-1, 0.21116048E-1, 0.0000000, 0.0000000, 0.0000000, 1.7004043, 7.4159374, 9.7830172, 19.832125, 19.851576, 19.857153, 19.858646, 0.24994050, 0.24998084, 0.24999990, 0.26700318, 0.32415751, 0.34782934, 0.34916061, 0.34925789, 0.34928578, 0.34929323, 0.21116048E-1
0.85581101E-1, 0.67397855E-1, 0.20221379E-1, 0.0000000, 0.0000000, 0.0000000, 1.5511870, 7.1177993, 9.7827759, 19.831318, 19.851377, 19.857119, 19.858641, 0.24994050, 0.24998084, 0.24999990, 0.26551148, 0.32117710, 0.34782735, 0.34915659, 0.34925687, 0.34928560, 0.34929320, 0.20221379E-1
0.85440986E-1, 0.65705799E-1, 0.19713711E-1, 0.0000000, 0.0000000, 0.0000000, 1.4827967, 6.9095874, 9.8026342, 19.835554, 19.852509, 19.857420, 19.858709, 0.24994050, 0.24998084, 0.24999990, 0.26482743, 0.31909463, 0.34802574, 0.34917778, 0.34926254, 0.34928709, 0.34929353, 0.19713711E-1
0.90716869E-1, 0.12941782, 0.38829230E-1, 0.39366782, 0.0000000, 0.0000000, 1.3950378, 6.7056737, 9.8099594, 19.836838, 19.852903, 19.857508, 19.858709, 0.25393614, 0.24998084, 0.24999990, 0.26395026, 0.31705648, 0.34809944, 0.34918419, 0.34926450, 0.34928754, 0.34929353, 0.38829230E-1
0.87893397E-1, 0.95321335E-1, 0.28599260E-1, 0.19916296, 0.0000000, 0.0000000, 1.3151318, 6.5258589, 9.8154306, 19.837782, 19.853195, 19.857584, 19.858709, 0.25199148, 0.24998084, 0.24999990, 0.26315126, 0.31525844, 0.34815422, 0.34918892, 0.34926599, 0.34928793, 0.34929353, 0.28599260E-1
0.16516291, 1.0000000, 0.30856124, 2.3977201, 3.2656708, 3.3294356, 7.1773305, 9.5419140, 9.8420486, 19.839941, 19.853792, 19.857744, 19.858709, 0.27397692, 0.28265646, 0.28329423, 0.32177323, 0.34541911, 0.34842050, 0.34919971, 0.34926897, 0.34928873, 0.34929353, 0.30856124
0.12337369, 0.52378446, 0.15715106, 0.76993406, 1.3175517, 2.4054110, 8.0389366, 9.6717587, 9.8165789, 19.830256, 19.851246, 19.857040, 19.858528, 0.25763050, 0.26313925, 0.27403471, 0.33037916, 0.34671226, 0.34816322, 0.34915087, 0.34925610, 0.34928516, 0.34929264, 0.15715106
0.10447123, 0.29551670, 0.88663876E-1, 0.0000000, 0.59889555, 1.9215226, 7.4867435, 9.6781702, 9.8025742, 19.825914, 19.850044, 19.856705, 19.858463, 0.24999140, 0.25598818, 0.26921397, 0.32486644, 0.34678108, 0.34802553, 0.34912956, 0.34925023, 0.34928352, 0.34929231, 0.88663876E-1
0.96969478E-1, 0.20492491, 0.61483622E-1, 0.0000000, 0.0000000, 1.4296293, 6.8865485, 9.6591148, 9.7896614, 19.822273, 19.848982, 19.856403, 19.858393, 0.24999140, 0.24999870, 0.26429421, 0.31886345, 0.34658974, 0.34789613, 0.34911138, 0.34924489, 0.34928203, 0.34929198, 0.61483622E-1
0.94786651E-1, 0.17856488, 0.53574823E-1, 0.0000000, 0.0000000, 1.0270745, 6.2695103, 9.6475334, 9.7845316, 19.822582, 19.848957, 19.856424, 19.858433, 0.24999140, 0.24999870, 0.26026908, 0.31269303, 0.34647375, 0.34784478, 0.34911293, 0.34924477, 0.34928212, 0.34929216, 0.53574823E-1
0.92915192E-1, 0.15596502, 0.46794184E-1, 0.0000000, 0.0000000, 0.69450438, 5.6703053, 9.6508198, 9.7855320, 19.823229, 19.849072, 19.856470, 19.858452, 0.24999140, 0.24999870, 0.25694355, 0.30670065, 0.34650615, 0.34785464, 0.34911615, 0.34924537, 0.34928235, 0.34929225, 0.46794184E-1
0.92188068E-1, 0.14718416, 0.44159666E-1, 0.0000000, 0.0000000, 0.58099926, 5.3218832, 9.7156487, 9.8147058, 19.828979, 19.850597, 19.856846, 19.858536, 0.24999140, 0.24999870, 0.25580922, 0.30321741, 0.34715518, 0.34814662, 0.34914491, 0.34925300, 0.34928423, 0.34929270, 0.44159666E-1
0.91379032E-1, 0.13741419, 0.41228380E-1, 0.0000000, 0.0000000, 0.45230687, 4.9866524, 9.7165012, 9.8188877, 19.832876, 19.851664, 19.857164, 19.858610, 0.24999140, 0.24999870, 0.25452292, 0.29986620, 0.34716469, 0.34818876, 0.34916437, 0.34925830, 0.34928581, 0.34929305, 0.41228380E-1
0.90218961E-1, 0.12340505, 0.37025217E-1, 0.0000000, 0.0000000, 0.26547909, 4.5410638, 9.6786308, 9.8045425, 19.833517, 19.851889, 19.857225, 19.858641, 0.24999140, 0.24999870, 0.25265467, 0.29541022, 0.34678587, 0.34804526, 0.34916759, 0.34925944, 0.34928614, 0.34929320, 0.37025217E-1
0.89685902E-1, 0.11696784, 0.35093863E-1, 0.0000000, 0.0000000, 0.18826127, 4.2528620, 9.7326479, 9.8264885, 19.836845, 19.852812, 19.857443, 19.858709, 0.24999140, 0.24999870, 0.25188237, 0.29252759, 0.34732533, 0.34826449, 0.34918422, 0.34926406, 0.34928721, 0.34929353, 0.35093863E-1
0.88702664E-1, 0.10509418, 0.31531408E-1, 0.0000000, 0.0000000, 0.31593442E-1, 3.8668504, 9.7005405, 9.8141642, 19.836107, 19.852650, 19.857401, 19.858675, 0.24999140, 0.24999870, 0.25031587, 0.28866684, 0.34700331, 0.34814093, 0.34918052, 0.34926325, 0.34928700, 0.34929338, 0.31531408E-1
0.20201686, 1.0000000, 0.44209003, 2.3353755, 4.8272595, 8.8745813, 9.2833424, 9.7514133, 9.8352365, 19.839436, 19.853579, 19.857666, 19.858709, 0.27335280, 0.29827142, 0.33874470, 0.34283319, 0.34751400, 0.34835234, 0.34919718, 0.34926790, 0.34928834, 0.34929353, 0.44209003
0.18284595, 1.0000000, 0.37263027, 2.1468372, 2.8614044, 8.7451715, 9.5840425, 9.7384005, 9.8271456, 19.834309, 19.852289, 19.857319, 19.858599, 0.27146786, 0.27861366, 0.33745113, 0.34584031, 0.34738395, 0.34827143, 0.34917155, 0.34926146, 0.34928659, 0.34929299, 0.37263027
0.15537457, 0.91022980, 0.27309626, 0.92939138, 2.1180153, 7.6547718, 9.5980177, 9.7260590, 9.8197956, 19.829872, 19.851099, 19.857010, 19.858522, 0.25929174, 0.27117717, 0.32654235, 0.34597883, 0.34725991, 0.34819773, 0.34914935, 0.34925550, 0.34928507, 0.34929261, 0.27309626
0.13149461, 0.62185347, 0.18657470, 0.0000000, 1.3869554, 6.4523020, 9.5775557, 9.7099800, 9.8120279, 19.826859, 19.850245, 19.856775, 19.858469, 0.24998528, 0.26386628, 0.31451538, 0.34577328, 0.34709865, 0.34811988, 0.34913430, 0.34925121, 0.34928387, 0.34929234, 0.18657470
0.12138782, 0.49980289, 0.14995587, 0.0000000, 0.78468323, 5.2194443, 9.5616455, 9.6993380, 9.8077593, 19.826284, 19.850044, 19.856705, 19.858463, 0.24998528, 0.25784516, 0.30218887, 0.34561443, 0.34699234, 0.34807724, 0.34913141, 0.34925023, 0.34928352, 0.34929231, 0.14995587
0.11477800, 0.41998205, 0.12600721, 0.0000000, 0.44167936, 4.3000407, 9.5962257, 9.7192621, 9.8171234, 19.828896, 19.850716, 19.856852, 19.858505, 0.24998528, 0.25441501, 0.29299170, 0.34595838, 0.34719065, 0.34817058, 0.34914449, 0.34925359, 0.34928426, 0.34929252, 0.12600721
0.11144678, 0.37975416, 0.11393764, 0.0000000, 0.30170977, 3.7570381, 9.6604242, 9.7579165, 9.8351574, 19.833790, 19.851999, 19.857225, 19.858604, 0.24998528, 0.25301674, 0.28756809, 0.34660304, 0.34757859, 0.34835136, 0.34916896, 0.34926000, 0.34928614, 0.34929302, 0.11393764
0.10570852, 0.31045827, 0.93146801E-1, 0.0000000, 0.64611435E-2, 2.9904633, 9.5322752, 9.7275438, 9.8243637, 19.834188, 19.852142, 19.857265, 19.858629, 0.24998528, 0.25006461, 0.27990216, 0.34532118, 0.34727463, 0.34824339, 0.34917095, 0.34926072, 0.34928632, 0.34929314, 0.93146801E-1
0.10343971, 0.28305998, 0.84926486E-1, 0.0000000, 0.0000000, 2.5517583, 9.0609818, 9.7087126, 9.8166399, 19.833979, 19.852106, 19.857246, 19.858652, 0.24998528, 0.24999946, 0.27551520, 0.34060812, 0.34708622, 0.34816611, 0.34916991, 0.34926054, 0.34928623, 0.34929326, 0.84926486E-1
0.10175161, 0.26267430, 0.78810170E-1, 0.0000000, 0.0000000, 2.2270589, 8.6403427, 9.7173948, 9.8204422, 19.835478, 19.852518, 19.857344, 19.858698, 0.24998528, 0.24999946, 0.27226889, 0.33640212, 0.34717321, 0.34820420, 0.34917739, 0.34926260, 0.34928674, 0.34929350, 0.78810170E-1
0.10025781, 0.24463512, 0.73397875E-1, 0.0000000, 0.0000000, 1.9439369, 8.2473431, 9.7244053, 9.8238630, 19.836790, 19.852879, 19.857449, 19.858704, 0.24998528, 0.24999946, 0.26943842, 0.33247262, 0.34724358, 0.34823850, 0.34918395, 0.34926438, 0.34928724, 0.34929353, 0.73397875E-1
0.98192096E-1, 0.21968934, 0.65913394E-1, 0.0000000, 0.0000000, 1.5539765, 7.7224755, 9.6897736, 9.8101349, 19.836361, 19.852791, 19.857435, 19.858675, 0.24998528, 0.24999946, 0.26553798, 0.32722297, 0.34689659, 0.34810096, 0.34918180, 0.34926397, 0.34928718, 0.34929338, 0.65913394E-1
0.95493071E-1, 0.18709569, 0.56134321E-1, 0.0000000, 0.0000000, 1.0562837, 6.9837003, 9.6335983, 9.7838345, 19.832615, 19.851822, 19.857201, 19.858610, 0.24998528, 0.24999946, 0.26056120, 0.31983486, 0.34633449, 0.34783784, 0.34916309, 0.34925911, 0.34928602, 0.34929305, 0.56134321E-1
0.93377568E-1, 0.16154869, 0.48469454E-1, 0.0000000, 0.0000000, 0.69269538, 6.2523131, 9.6252623, 9.7781363, 19.831465, 19.851482, 19.857119, 19.858604, 0.24998528, 0.24999946, 0.25692481, 0.31251925, 0.34624964, 0.34778035, 0.34915733, 0.34925741, 0.34928560, 0.34929302, 0.48469454E-1
0.91615282E-1, 0.14026721, 0.42084370E-1, 0.0000000, 0.0000000, 0.40786564, 5.5497365, 9.6212206, 9.7758875, 19.831018, 19.851351, 19.857084, 19.858604, 0.24998528, 0.24999946, 0.25407770, 0.30549473, 0.34620994, 0.34775811, 0.34915510, 0.34925675, 0.34928542, 0.34929302, 0.42084370E-1
0.90057194E-1, 0.12145161, 0.36439128E-1, 0.0000000, 0.0000000, 0.16998947, 4.8599768, 9.6158342, 9.7731667, 19.830389, 19.851175, 19.857048, 19.858599, 0.24998528, 0.24999946, 0.25169966, 0.29859844, 0.34615701, 0.34773120, 0.34915194, 0.34925586, 0.34928524, 0.34929299, 0.36439128E-1
0.88613972E-1, 0.10402313, 0.31210061E-1, 0.0000000, 0.0000000, 0.0000000, 3.9973879, 9.5634050, 9.7489147, 19.828402, 19.850643, 19.856890, 19.858568, 0.24998528, 0.24999946, 0.24999607, 0.28997055, 0.34563005, 0.34748781, 0.34914201, 0.34925321, 0.34928444, 0.34929284, 0.31210061E-1
0.87899439E-1, 0.95394336E-1, 0.28621163E-1, 0.0000000, 0.0000000, 0.0000000, 3.1372068, 9.5586548, 9.7440796, 19.827166, 19.850266, 19.856812, 19.858547, 0.24998528, 0.24999946, 0.24999607, 0.28137121, 0.34558523, 0.34744033, 0.34913582, 0.34925133, 0.34928405, 0.34929273, 0.28621163E-1
0.87698139E-1, 0.92963457E-1, 0.27891826E-1, 0.0000000, 0.0000000, 0.0000000, 2.9274316, 9.4735479, 9.7991371, 19.832066, 19.851553, 19.857153, 19.858629, 0.24998528, 0.24999946, 0.24999607, 0.27927369, 0.34473446, 0.34799102, 0.34916031, 0.34925777, 0.34928578, 0.34929314, 0.27891826E-1
0.14692888, 0.80823886, 0.24249591, 2.3931623, 3.1823995, 0.0000000, 2.8340845, 9.3115225, 9.8195944, 19.832842, 19.851786, 19.857201, 19.858658, 0.27392980, 0.28182253, 0.24999607, 0.27834073, 0.34311500, 0.34819585, 0.34916422, 0.34925893, 0.34928602, 0.34929329, 0.24249591
0.11153221, 0.38078576, 0.11424716, 0.79959631, 1.2710124, 0.65256059, 2.6367426, 9.0528221, 9.8027420, 19.827808, 19.850456, 19.856859, 19.858580, 0.25799090, 0.26270530, 0.25652435, 0.27636641, 0.34052649, 0.34802678, 0.34913903, 0.34925228, 0.34928429, 0.34929290, 0.11424716
0.94059043E-1, 0.16977820, 0.50938554E-1, 0.0000000, 0.65011680, 0.39674640, 2.4733038, 8.7852345, 9.7974253, 19.827724, 19.850391, 19.856836, 19.858568, 0.24996112, 0.25649774, 0.25396642, 0.27473173, 0.33785003, 0.34797338, 0.34913862, 0.34925196, 0.34928417, 0.34929284, 0.50938554E-1
0.88709518E-1, 0.10517693, 0.31556234E-1, 0.0000000, 0.15386343, 0.16885400, 2.2845924, 8.4435673, 9.7800856, 19.828337, 19.850550, 19.856859, 19.858568, 0.24996112, 0.25153828, 0.25168836, 0.27284542, 0.33443472, 0.34780049, 0.34914169, 0.34925276, 0.34928429, 0.34929284, 0.31556234E-1
0.86634144E-1, 0.80114521E-1, 0.24036761E-1, 0.0000000, 0.0000000, 0.38293004E-1, 2.1331847, 8.1155910, 9.7798519, 19.831224, 19.851292, 19.857065, 19.858616, 0.24996112, 0.24998483, 0.25038287, 0.27133119, 0.33115464, 0.34779802, 0.34915611, 0.34925646, 0.34928533, 0.34929308, 0.24036761E-1
0.86191311E-1, 0.74766830E-1, 0.22432292E-1, 0.0000000, 0.0000000, 0.0000000, 1.9658387, 7.7660108, 9.7729940, 19.832218, 19.851582, 19.857164, 19.858658, 0.24996112, 0.24998483, 0.24999450, 0.26965722, 0.32765782, 0.34772900, 0.34916109, 0.34925792, 0.34928581, 0.34929329, 0.22432292E-1
0.85883401E-1, 0.71048468E-1, 0.21316674E-1, 0.0000000, 0.0000000, 0.0000000, 1.7855763, 7.3858805, 9.7637615, 19.832212, 19.851612, 19.857183, 19.858669, 0.24996112, 0.24998483, 0.24999450, 0.26785460, 0.32385641, 0.34763658, 0.34916106, 0.34925807, 0.34928590, 0.34929335, 0.21316674E-1
0.91069989E-1, 0.13368215, 0.40108655E-1, 0.39499402, 0.0000000, 0.0000000, 1.6407132, 7.0422568, 9.7696419, 19.833654, 19.852007, 19.857290, 19.858698, 0.25394773, 0.24998483, 0.24999450, 0.26640660, 0.32042137, 0.34769589, 0.34916827, 0.34926003, 0.34928644, 0.34929350, 0.40108655E-1
0.14621778, 0.79965168, 0.23991950, 2.3383260, 2.2700012, 2.3231802, 1.5981704, 6.9079747, 9.8194427, 19.836826, 19.852880, 19.857502, 19.858709, 0.27338177, 0.27269915, 0.27323136, 0.26598164, 0.31907964, 0.34819436, 0.34918413, 0.34926441, 0.34928751, 0.34929353, 0.23991950
0.18385050, 1.0000000, 0.37626988, 2.7228088, 2.8521032, 7.1570253, 9.3219194, 9.5678244, 9.8480883, 19.840647, 19.853912, 19.857784, 19.858709, 0.27722433, 0.27851868, 0.32156730, 0.34321842, 0.34567785, 0.34848073, 0.34920323, 0.34926957, 0.34928891, 0.34929353, 0.37626988
0.15367585, 0.88971597, 0.26694149, 1.4036059, 2.0845294, 5.7447186, 9.5347633, 9.6932020, 9.8295984, 19.835493, 19.852591, 19.857388, 19.858610, 0.26403561, 0.27084488, 0.30744663, 0.34534746, 0.34693193, 0.34829596, 0.34917748, 0.34926295, 0.34928694, 0.34929305, 0.26694149
0.13295478, 0.63948655, 0.19186516, 0.55413842, 1.5081674, 4.7115245, 9.5871353, 9.7195969, 9.8253355, 19.834562, 19.852341, 19.857319, 19.858616, 0.25554046, 0.26508015, 0.29711285, 0.34587041, 0.34719551, 0.34825319, 0.34917280, 0.34926170, 0.34928659, 0.34929308, 0.19186516
0.13153242, 0.62230980, 0.18671162, 0.88717639, 1.1473328, 3.9683628, 9.6287136, 9.7422934, 9.8316145, 19.836021, 19.852718, 19.857393, 19.858683, 0.25887093, 0.26147267, 0.28968251, 0.34628659, 0.34742266, 0.34831604, 0.34918010, 0.34926361, 0.34928697, 0.34929341, 0.18671162
0.12582326, 0.55336571, 0.16602632, 0.74885488, 0.93943477, 3.4541748, 9.6720371, 9.7678242, 9.8424263, 19.838848, 19.853497, 19.857620, 19.858709, 0.25748843, 0.25939426, 0.28454158, 0.34672028, 0.34767818, 0.34842423, 0.34919423, 0.34926748, 0.34928811, 0.34929353, 0.16602632
0.11718705, 0.44907403, 0.13473569, 0.38689971, 0.72723925, 2.9951303, 9.6866636, 9.7777472, 9.8471174, 19.840485, 19.853951, 19.857731, 19.858709, 0.25386870, 0.25727206, 0.27995065, 0.34686622, 0.34777728, 0.34847111, 0.34920242, 0.34926975, 0.34928864, 0.34929353, 0.13473569
0.10822546, 0.34085321, 0.10226619, 0.0000000, 0.46106279, 2.7149529, 9.3833961, 9.7626877, 9.8418646, 19.840761, 19.854044, 19.857719, 19.858709, 0.24999933, 0.25461000, 0.27714768, 0.34383267, 0.34762621, 0.34841844, 0.34920380, 0.34927022, 0.34928858, 0.34929353, 0.10226619
0.10529590, 0.30547544, 0.91651797E-1, 0.0000000, 0.25826097, 2.4724662, 9.0847540, 9.7620106, 9.8420162, 19.841698, 19.854269, 19.857759, 19.858709, 0.24999933, 0.25258249, 0.27472413, 0.34084713, 0.34761989, 0.34842011, 0.34920847, 0.34927136, 0.34928879, 0.34929353, 0.91651797E-1
0.34552038, 1.0000000, 0.96203029, 9.4288712, 9.7565041, 9.8689928, 9.9655828, 9.9825010, 9.9933310, 19.999165, 19.999779, 19.999886, 19.984043, 0.34428728, 0.34756416, 0.34868947, 0.34965575, 0.34982497, 0.34993330, 0.34999582, 0.34999889, 0.34999943, 0.34992021, 0.96203029
0.32733652, 1.0000000, 0.89614677, 8.2632351, 9.5726852, 9.7470074, 9.9090605, 9.9521408, 9.9801741, 19.996363, 19.999058, 19.998770, 19.960974, 0.33262631, 0.34572265, 0.34746793, 0.34909016, 0.34952119, 0.34980169, 0.34998181, 0.34999529, 0.34999385, 0.34980488, 0.89614677
0.35599536, 1.0000000, 0.99998319, 9.9998531, 9.9999161, 9.9999542, 9.9999905, 9.9999933, 9.9999990, 19.999998, 19.999998, 19.999998, 19.995995, 0.34999767, 0.34999865, 0.34999928, 0.34999985, 0.34999990, 0.34999999, 0.34999999, 0.34999999, 0.34999999, 0.34997997, 0.99998319
0.35167456, 1.0000000, 0.98432809, 9.7736645, 9.8862925, 9.9409943, 9.9847174, 9.9922647, 9.9969692, 19.999540, 19.999880, 19.999865, 19.981098, 0.34773666, 0.34886292, 0.34940994, 0.34984717, 0.34992266, 0.34996969, 0.34999770, 0.34999940, 0.34999931, 0.34990549, 0.98432809
0.34780174, 1.0000000, 0.97029614, 9.6189499, 9.7271080, 9.8479319, 9.9545336, 9.9766273, 9.9906559, 19.998486, 19.999605, 19.998657, 19.958239, 0.34618846, 0.34727046, 0.34847900, 0.34954527, 0.34976625, 0.34990656, 0.34999242, 0.34999803, 0.34999329, 0.34979120, 0.97029614
0.35562980, 1.0000000, 0.99865860, 9.9814243, 9.9892731, 9.9946051, 9.9986467, 9.9993229, 9.9997339, 19.999958, 19.999987, 19.999989, 19.991005, 0.34981358, 0.34989235, 0.34994584, 0.34998643, 0.34999320, 0.34999734, 0.34999979, 0.34999993, 0.34999993, 0.34995502, 0.99865860
0.35599113, 1.0000000, 0.99996769, 9.9996595, 9.9997969, 9.9998951, 9.9999752, 9.9999876, 9.9999990, 19.999998, 19.999998, 19.999990, 19.992987, 0.34999555, 0.34999734, 0.34999862, 0.34999970, 0.34999985, 0.34999999, 0.34999999, 0.34999999, 0.34999996, 0.34996492, 0.99996769
0.35112357, 1.0000000, 0.98233181, 9.8555326, 9.7809858, 9.7614651, 9.9236517, 9.9604549, 9.9839287, 19.997192, 19.999254, 19.999701, 19.980068, 0.34855533, 0.34780985, 0.34761465, 0.34923652, 0.34960455, 0.34983927, 0.34998596, 0.34999627, 0.34999850, 0.34990034, 0.98233181
0.34842318, 1.0000000, 0.97254771, 9.8216219, 9.5849085, 9.6358604, 9.8428316, 9.9141779, 9.9629860, 19.992657, 19.998079, 19.998194, 19.957241, 0.34821624, 0.34584910, 0.34635860, 0.34842831, 0.34914178, 0.34962985, 0.34996328, 0.34999040, 0.34999096, 0.34978622, 0.97254771
0.30693299, 1.0000000, 0.82222098, 7.0099254, 9.3137846, 9.5505838, 9.7672644, 9.8654747, 9.9375219, 19.985554, 19.996176, 19.994314, 19.936583, 0.32009721, 0.34313622, 0.34550500, 0.34767246, 0.34865466, 0.34937519, 0.34992778, 0.34998089, 0.34997156, 0.34968293, 0.82222098
0.35599995, 1.0000000, 0.99999976, 9.9999962, 9.9999962, 9.9999990, 9.9999990, 9.9999990, 9.9999990, 19.999998, 19.999998, 19.999998, 19.998999, 0.34999996, 0.34999996, 0.34999999, 0.34999999, 0.34999999, 0.34999999, 0.34999999, 0.34999999, 0.34999999, 0.34999499, 0.99999976
0.32884222, 1.0000000, 0.90160221, 8.4062881, 9.5254345, 9.7258034, 9.9108276, 9.9536953, 9.9812164, 19.996780, 19.999165, 19.999535, 19.975185, 0.33406076, 0.34525293, 0.34725729, 0.34910813, 0.34953687, 0.34981212, 0.34998390, 0.34999582, 0.34999767, 0.34987593, 0.90160221
0.35582846, 1.0000000, 0.99937850, 9.9917297, 9.9950571, 9.9975271, 9.9995050, 9.9997492, 9.9999161, 19.999998, 19.999998, 19.999990, 19.991999, 0.34991443, 0.34994885, 0.34997442, 0.34999487, 0.34999740, 0.34999913, 0.34999999, 0.34999999, 0.34999996, 0.34996000, 0.99937850
0.34142566, 1.0000000, 0.94719434, 9.2350903, 9.6361179, 9.7756433, 9.9296637, 9.9637680, 9.9858246, 19.998001, 19.999481, 19.999815, 19.984020, 0.34235010, 0.34636068, 0.34775618, 0.34929657, 0.34963766, 0.34985825, 0.34999001, 0.34999740, 0.34999907, 0.34992009, 0.94719434
0.35600001, 1.0000000, 1.0000000, 9.9999990, 9.9999990, 9.9999990, 9.9999990, 9.9999990, 9.9999990, 19.999998, 19.999998, 19.999998, 19.998999, 0.34999999, 0.34999999, 0.34999999, 0.34999999, 0.34999999, 0.34999999, 0.34999999, 0.34999999, 0.34999999, 0.34999499, 1.0000000
0.35599244, 1.0000000, 0.99997258, 9.9996986, 9.9998207, 9.9999132, 9.9999847, 9.9999905, 9.9999990, 19.999998, 19.999998, 19.999990, 19.992998, 0.34999621, 0.34999773, 0.34999889, 0.34999979, 0.34999987, 0.34999999, 0.34999999, 0.34999999, 0.34999996, 0.34996498, 0.99997258
0.35599941, 1.0000000, 0.99999774, 9.9999990, 9.9999990, 9.9999962, 9.9999962, 9.9999962, 9.9999962, 19.999998, 19.999998, 19.999998, 19.998999, 0.34999970, 0.34999982, 0.34999987, 0.34999993, 0.34999996, 0.34999996, 0.34999999, 0.34999999, 0.34999999, 0.34999499, 0.99999774
0.34917098, 1.0000000, 0.97525722, 9.6366854, 9.8290129, 9.9099512, 9.9749346, 9.9872665, 9.9948616, 19.999069, 19.999760, 19.999855, 19.983057, 0.34636685, 0.34829015, 0.34909952, 0.34974936, 0.34987265, 0.34994861, 0.34999534, 0.34999880, 0.34999928, 0.34991530, 0.97525722
0.32255095, 1.0000000, 0.87880778, 7.9829926, 9.4883499, 9.6963024, 9.8894014, 9.9417286, 9.9754601, 19.995113, 19.998724, 19.998587, 19.960024, 0.32982922, 0.34488299, 0.34696275, 0.34889394, 0.34941724, 0.34975460, 0.34997556, 0.34999362, 0.34999293, 0.34980011, 0.87880778
0.35447186, 1.0000000, 0.99446332, 9.9227943, 9.9559450, 9.9777403, 9.9952383, 9.9976187, 9.9991713, 19.999964, 19.999987, 19.999983, 19.990009, 0.34922758, 0.34955925, 0.34977728, 0.34995237, 0.34997618, 0.34999171, 0.34999982, 0.34999993, 0.34999990, 0.34995005, 0.99446332
0.32207778, 1.0000000, 0.87709332, 7.9636645, 9.4689960, 9.6855249, 9.8864641, 9.9403419, 9.9748468, 19.994946, 19.998682, 19.999058, 19.966534, 0.32963663, 0.34468997, 0.34685525, 0.34886464, 0.34940341, 0.34974846, 0.34997472, 0.34999341, 0.34999529, 0.34983265, 0.87709332
0.27313870, 1.0000000, 0.69977784, 4.6071148, 9.2540340, 9.5179768, 9.7614727, 9.8653669, 9.9384670, 19.985460, 19.996178, 19.996031, 19.944807, 0.29606903, 0.34253779, 0.34517846, 0.34761447, 0.34865353, 0.34938461, 0.34992731, 0.34998089, 0.34998015, 0.34972402, 0.69977784
0.23716310, 1.0000000, 0.56943148, 2.6560068, 8.1821260, 9.4889650, 9.7124996, 9.8266106, 9.9152594, 19.978069, 19.994139, 19.990522, 19.925781, 0.27655989, 0.33182094, 0.34488943, 0.34712496, 0.34826607, 0.34915259, 0.34989035, 0.34997070, 0.34995261, 0.34962890, 0.56943148
0.22312702, 1.0000000, 0.51857615, 2.0826249, 7.4391470, 9.5004082, 9.7006636, 9.8117914, 9.9026899, 19.971704, 19.992172, 19.982149, 19.909872, 0.27082574, 0.32439044, 0.34500340, 0.34700647, 0.34811786, 0.34902686, 0.34985852, 0.34996086, 0.34991074, 0.34954935, 0.51857615
0.19226480, 1.0000000, 0.40675652, 1.1505842, 5.3076940, 9.4285440, 9.6549530, 9.7803450, 9.8836203, 19.962797, 19.989002, 19.970921, 19.896997, 0.26150534, 0.30307549, 0.34428415, 0.34654927, 0.34780332, 0.34883618, 0.34981400, 0.34994501, 0.34985459, 0.34948498, 0.40675652
0.15623054, 0.92056662, 0.27619761, 0.34224987E-1, 2.9775052, 9.1220932, 9.5977154, 9.7416878, 9.8618288, 19.952896, 19.984604, 19.957609, 19.886940, 0.25034222, 0.27977383, 0.34121904, 0.34597677, 0.34741667, 0.34861824, 0.34976447, 0.34992301, 0.34978804, 0.34943470, 0.27619761
0.14204007, 0.74920142, 0.22478290, 0.0000000, 2.0785511, 7.6132460, 9.5764256, 9.7246084, 9.8512049, 19.946211, 19.979639, 19.943491, 19.879305, 0.24998932, 0.27078313, 0.32612810, 0.34576315, 0.34724551, 0.34851187, 0.34973106, 0.34989819, 0.34971744, 0.34939653, 0.22478290
0.12954497, 0.59830928, 0.17951074, 0.0000000, 1.2915194, 6.1741285, 9.5586052, 9.7113781, 9.8422680, 19.938789, 19.972664, 19.929251, 19.873590, 0.24998932, 0.26291361, 0.31173754, 0.34558490, 0.34711319, 0.34842247, 0.34969395, 0.34986332, 0.34964627, 0.34936795, 0.17951074
0.11514942, 0.42446744, 0.12735297, 0.0000000, 0.48653185, 4.3267436, 9.4868727, 9.6650820, 9.8193302, 19.930504, 19.963497, 19.915796, 19.869364, 0.24998932, 0.25486416, 0.29326230, 0.34486645, 0.34664965, 0.34819290, 0.34965253, 0.34981748, 0.34957898, 0.34934682, 0.12735297
0.10567482, 0.31005138, 0.93024716E-1, 0.0000000, 0.40030479E-1, 2.9651284, 9.3195763, 9.6599159, 9.8150864, 19.925758, 19.953484, 19.903965, 19.866323, 0.24998932, 0.25040016, 0.27964622, 0.34319258, 0.34659752, 0.34815028, 0.34962881, 0.34976742, 0.34951982, 0.34933162, 0.93024716E-1
0.10131204, 0.25736609, 0.77217549E-1, 0.0000000, 0.0000000, 2.1638572, 8.4738588, 9.6324596, 9.7996607, 19.917652, 19.941313, 19.893595, 19.864071, 0.24998932, 0.24999180, 0.27163282, 0.33473408, 0.34632203, 0.34799573, 0.34958827, 0.34970656, 0.34946796, 0.34932035, 0.77217549E-1
0.97729184E-1, 0.21409920, 0.64236186E-1, 0.0000000, 0.0000000, 1.4788389, 7.5803418, 9.6157551, 9.7889366, 19.909435, 19.928509, 19.885025, 19.862455, 0.24998932, 0.24999180, 0.26478550, 0.32580048, 0.34615567, 0.34788874, 0.34954718, 0.34964254, 0.34942514, 0.34931228, 0.64236186E-1
0.95446624E-1, 0.18653482, 0.55966042E-1, 0.0000000, 0.0000000, 1.0705769, 6.8543696, 9.6329021, 9.7972488, 19.905460, 19.917009, 19.878448, 19.861374, 0.24998932, 0.24999180, 0.26070395, 0.31854135, 0.34632739, 0.34797192, 0.34952730, 0.34958506, 0.34939224, 0.34930688, 0.55966042E-1
0.35537851, 1.0000000, 0.99774820, 9.9692335, 9.9818325, 9.9908972, 9.9981670, 9.9990816, 9.9996891, 19.999998, 19.999998, 19.999983, 19.990009, 0.34968892, 0.34981626, 0.34990796, 0.34998146, 0.34999073, 0.34999686, 0.34999999, 0.34999999, 0.34999990, 0.34995005, 0.99774820
0.32753080, 1.0000000, 0.89685071, 8.3292189, 9.5055437, 9.7082109, 9.8973780, 9.9462147, 9.9776287, 19.995743, 19.998896, 19.999620, 19.981045, 0.33329219, 0.34505543, 0.34708211, 0.34897378, 0.34946215, 0.34977630, 0.34997872, 0.34999448, 0.34999812, 0.34990522, 0.89685071
0.27414513, 1.0000000, 0.70342439, 4.6917601, 9.2387161, 9.5087557, 9.7610388, 9.8656073, 9.9395580, 19.986628, 19.996489, 19.997858, 19.958054, 0.29691678, 0.34238619, 0.34508705, 0.34761027, 0.34865600, 0.34939554, 0.34993315, 0.34998244, 0.34998930, 0.34979028, 0.70342439
0.22457202, 1.0000000, 0.52381164, 2.2050233, 7.4569993, 9.4168816, 9.6656017, 9.7982645, 9.9015846, 19.975035, 19.993353, 19.993765, 19.937204, 0.27204660, 0.32456261, 0.34416413, 0.34665507, 0.34798217, 0.34901568, 0.34987518, 0.34996676, 0.34996882, 0.34968603, 0.52381164
0.18787307, 1.0000000, 0.39084443, 1.0543078, 4.9670467, 9.3780861, 9.6299868, 9.7670240, 9.8803205, 19.966536, 19.990858, 19.987038, 19.919315, 0.26054114, 0.29966497, 0.34377569, 0.34629878, 0.34766972, 0.34880304, 0.34983268, 0.34995431, 0.34993517, 0.34959656, 0.39084443
0.18906555, 1.0000000, 0.39516497, 2.3078322, 3.0047903, 9.4120655, 9.6377954, 9.7656813, 9.8746567, 19.960535, 19.988649, 19.977568, 19.904587, 0.27307287, 0.28004363, 0.34411398, 0.34637660, 0.34765613, 0.34874633, 0.34980267, 0.34994325, 0.34988785, 0.34952295, 0.39516497
0.35600001, 1.0000000, 1.0000000, 9.9999990, 9.9999990, 9.9999990, 9.9999962, 9.9999990, 9.9999990, 19.999992, 19.999992, 19.999998, 19.998993, 0.34999999, 0.34999999, 0.34999999, 0.34999996, 0.34999999, 0.34999999, 0.34999996, 0.34999996, 0.34999999, 0.34999496, 1.0000000
0.32376075, 1.0000000, 0.88319099, 8.1054935, 9.4439001, 9.6714211, 9.8836212, 9.9389381, 9.9744911, 19.995060, 19.998711, 19.999428, 19.975151, 0.33105251, 0.34443730, 0.34671333, 0.34883603, 0.34938928, 0.34974489, 0.34997529, 0.34999356, 0.34999713, 0.34987575, 0.88319099
0.32728264, 1.0000000, 0.89595157, 8.3883467, 9.4254122, 9.6325159, 9.8242540, 9.9014130, 9.9559422, 19.990459, 19.997496, 19.997520, 19.952694, 0.33388099, 0.34425247, 0.34632429, 0.34824237, 0.34901404, 0.34955940, 0.34995228, 0.34998748, 0.34998760, 0.34976345, 0.89595157
0.35599732, 1.0000000, 0.99999022, 9.9999104, 9.9999456, 9.9999723, 9.9999933, 9.9999990, 9.9999990, 19.999998, 19.999998, 19.999998, 19.996996, 0.34999865, 0.34999919, 0.34999958, 0.34999990, 0.34999999, 0.34999999, 0.34999999, 0.34999999, 0.34999999, 0.34998497, 0.99999022
0.35598117, 1.0000000, 0.99993169, 9.9991055, 9.9994631, 9.9997282, 9.9999456, 9.9999723, 9.9999905, 19.999998, 19.999998, 19.999990, 19.991999, 0.34999061, 0.34999436, 0.34999713, 0.34999943, 0.34999973, 0.34999990, 0.34999999, 0.34999999, 0.34999996, 0.34996000, 0.99993169
0.35599631, 1.0000000, 0.99998659, 9.9999104, 9.9999456, 9.9999723, 9.9999933, 9.9999990, 9.9999990, 19.999998, 19.999998, 19.999998, 19.996996, 0.34999815, 0.34999889, 0.34999946, 0.34999987, 0.34999996, 0.34999999, 0.34999999, 0.34999999, 0.34999999, 0.34998497, 0.99998659
0.35600001, 1.0000000, 1.0000000, 9.9999990, 9.9999990, 9.9999990, 9.9999990, 9.9999990, 9.9999990, 19.999998, 19.999998, 19.999998, 19.998999, 0.34999999, 0.34999999, 0.34999999, 0.34999999, 0.34999999, 0.34999999, 0.34999999, 0.34999999, 0.34999999, 0.34999499, 1.0000000
0.35600001, 1.0000000, 1.0000000, 9.9999990, 9.9999990, 9.9999990, 9.9999990, 9.9999990, 9.9999990, 19.999998, 19.999998, 19.999998, 19.996996, 0.34999999, 0.34999999, 0.34999999, 0.34999999, 0.34999999, 0.34999999, 0.34999999, 0.34999999, 0.34999999, 0.34998497, 1.0000000
0.31548446, 1.0000000, 0.85320461, 7.5474334, 9.3942680, 9.6368752, 9.8624649, 9.9272623, 9.9687824, 19.993284, 19.998253, 19.999243, 19.973194, 0.32547292, 0.34394163, 0.34636822, 0.34862453, 0.34927255, 0.34968778, 0.34996641, 0.34999126, 0.34999621, 0.34986597, 0.85320461
0.25685328, 1.0000000, 0.64077276, 3.4834461, 9.1901760, 9.4681807, 9.7250786, 9.8422098, 9.9270086, 19.982519, 19.995411, 19.996748, 19.950808, 0.28483176, 0.34189752, 0.34467962, 0.34725034, 0.34842187, 0.34926999, 0.34991258, 0.34997705, 0.34998375, 0.34975404, 0.64077276
0.35594141, 1.0000000, 0.99978763, 9.9979038, 9.9987450, 9.9993677, 9.9998741, 9.9999399, 9.9999790, 19.999998, 19.999998, 19.999998, 19.994993, 0.34997079, 0.34998250, 0.34999120, 0.34999824, 0.34999916, 0.34999970, 0.34999999, 0.34999999, 0.34999999, 0.34997496, 0.99978763
0.35600001, 1.0000000, 1.0000000, 9.9999990, 9.9999990, 9.9999990, 9.9999990, 9.9999990, 9.9999990, 19.999998, 19.999998, 19.999998, 19.998999, 0.34999999, 0.34999999, 0.34999999, 0.34999999, 0.34999999, 0.34999999, 0.34999999, 0.34999999, 0.34999999, 0.34999499, 1.0000000
0.32469749, 1.0000000, 0.88658512, 8.1442003, 9.4786091, 9.6952114, 9.8963585, 9.9458952, 9.9777050, 19.995916, 19.998938, 19.999487, 19.975174, 0.33144093, 0.34478536, 0.34695172, 0.34896350, 0.34945893, 0.34977704, 0.34997958, 0.34999469, 0.34999743, 0.34987587, 0.88658512
0.29174131, 1.0000000, 0.76717871, 5.8672900, 9.3559208, 9.5949688, 9.8178902, 9.8991718, 9.9558611, 19.991032, 19.997650, 19.997574, 19.952724, 0.30866498, 0.34355164, 0.34594581, 0.34817809, 0.34899133, 0.34955847, 0.34995514, 0.34998825, 0.34998786, 0.34976363, 0.76717871
0.25830883, 1.0000000, 0.64604646, 3.4668572, 9.3390818, 9.5652685, 9.7687788, 9.8640852, 9.9363422, 19.985601, 19.996187, 19.993259, 19.932650, 0.28466690, 0.34338814, 0.34565133, 0.34768751, 0.34864071, 0.34936336, 0.34992802, 0.34998095, 0.34996629, 0.34966326, 0.64604646
0.22171997, 1.0000000, 0.51347810, 1.9450545, 7.5253448, 9.4481306, 9.6926537, 9.8132572, 9.9084721, 19.977425, 19.993853, 19.985865, 19.915525, 0.26944992, 0.32525197, 0.34448037, 0.34692636, 0.34813249, 0.34908471, 0.34988713, 0.34996927, 0.34992933, 0.34957764, 0.51347810
0.19020575, 1.0000000, 0.39929622, 0.98761916, 5.3347111, 9.4198914, 9.6583862, 9.7852192, 9.8899488, 19.970112, 19.991379, 19.975712, 19.901533, 0.25987503, 0.30334333, 0.34419557, 0.34658319, 0.34785184, 0.34889936, 0.34985057, 0.34995690, 0.34987855, 0.34950766, 0.39929622
0.16655904, 1.0000000, 0.31361970, 0.32800138, 3.5707188, 9.4351816, 9.6586647, 9.7804956, 9.8834457, 19.964609, 19.988646, 19.963390, 19.890518, 0.25327954, 0.28570408, 0.34434775, 0.34658581, 0.34780455, 0.34883431, 0.34982306, 0.34994322, 0.34981695, 0.34945258, 0.31361970
0.15044612, 0.85071337, 0.25523955, 0.0000000, 2.5498509, 8.6822748, 9.6419716, 9.7687063, 9.8760338, 19.959366, 19.984859, 19.949642, 19.882061, 0.24999642, 0.27549726, 0.33682063, 0.34641925, 0.34768683, 0.34876025, 0.34979683, 0.34992430, 0.34974819, 0.34941030, 0.25523955
0.14219001, 0.75101185, 0.22532609, 0.0000000, 2.0384550, 7.7097878, 9.6474352, 9.7704153, 9.8757544, 19.956160, 19.980013, 19.935593, 19.875719, 0.24999642, 0.27038285, 0.32709467, 0.34647354, 0.34770373, 0.34875739, 0.34978080, 0.34990007, 0.34967798, 0.34937859, 0.22532609
0.21334122, 1.0000000, 0.48312035, 2.4168611, 5.7682600, 9.3624582, 9.7165117, 9.8094053, 9.8922224, 19.955938, 19.974073, 19.922279, 19.871082, 0.27416706, 0.30768040, 0.34362280, 0.34716475, 0.34809387, 0.34892216, 0.34977970, 0.34987038, 0.34961140, 0.34935540, 0.48312035
0.34691823, 1.0000000, 0.96709508, 9.5121584, 9.7788076, 9.8824949, 9.9702902, 9.9849453, 9.9943371, 19.999350, 19.999832, 19.999937, 19.987009, 0.34512159, 0.34778807, 0.34882495, 0.34970289, 0.34984946, 0.34994337, 0.34999675, 0.34999916, 0.34999970, 0.34993505, 0.96709508
0.32620531, 1.0000000, 0.89204812, 8.2425280, 9.4913921, 9.7042160, 9.9013777, 9.9486265, 9.9789610, 19.996239, 19.999016, 19.999643, 19.982027, 0.33242530, 0.34491393, 0.34704214, 0.34901378, 0.34948626, 0.34978962, 0.34998119, 0.34999508, 0.34999821, 0.34991014, 0.89204812
0.35488200, 1.0000000, 0.99594927, 9.9439507, 9.9674635, 9.9836283, 9.9966116, 9.9981232, 9.9860411, 19.992580, 19.998062, 19.998333, 19.959082, 0.34943858, 0.34967408, 0.34983602, 0.34996605, 0.34998122, 0.34986040, 0.34996289, 0.34999031, 0.34999168, 0.34979540, 0.99594927
0.34834170, 1.0000000, 0.97225249, 9.6352291, 9.7532492, 9.8681364, 9.9666834, 9.9830961, 9.9936886, 19.999336, 19.999826, 19.999952, 19.988997, 0.34635228, 0.34753248, 0.34868136, 0.34966683, 0.34983096, 0.34993690, 0.34999669, 0.34999913, 0.34999976, 0.34994498, 0.97225249
0.31597021, 1.0000000, 0.85496455, 7.5591011, 9.4245911, 9.6520166, 9.8704882, 9.9312401, 9.9716873, 19.995167, 19.998741, 19.999025, 19.965624, 0.32559067, 0.34424564, 0.34652001, 0.34870484, 0.34931239, 0.34971687, 0.34997582, 0.34999371, 0.34999514, 0.34982812, 0.85496455
0.26725855, 1.0000000, 0.67847300, 4.1913066, 9.2413597, 9.5092735, 9.7587271, 9.8628998, 9.9386816, 19.987411, 19.996702, 19.996037, 19.944014, 0.29191184, 0.34241199, 0.34509191, 0.34758711, 0.34862891, 0.34938678, 0.34993705, 0.34998351, 0.34998018, 0.34972006, 0.67847300
0.31339371, 1.0000000, 0.84562933, 7.8260603, 8.8016224, 9.4379139, 9.6814432, 9.8074093, 9.9068890, 19.978086, 19.994184, 19.990286, 19.925076, 0.32826060, 0.33801621, 0.34437913, 0.34681442, 0.34807408, 0.34906888, 0.34989044, 0.34997094, 0.34995145, 0.34962538, 0.84562933
0.27430245, 1.0000000, 0.70399433, 4.7433019, 9.2087669, 9.4609461, 9.6784201, 9.7971048, 9.8953056, 19.971418, 19.992090, 19.981792, 19.909286, 0.29743019, 0.34208441, 0.34460777, 0.34678385, 0.34797087, 0.34895301, 0.34985709, 0.34996045, 0.34990895, 0.34954643, 0.70399433
0.22615810, 1.0000000, 0.52955830, 2.3182511, 7.4717550, 9.4004097, 9.6366959, 9.7680006, 9.8770914, 19.962364, 19.988871, 19.970428, 19.896530, 0.27318144, 0.32471547, 0.34400278, 0.34636667, 0.34767985, 0.34877086, 0.34981182, 0.34994435, 0.34985214, 0.34948266, 0.52955830
0.21363659, 1.0000000, 0.48419052, 2.1086812, 6.2304230, 9.5390444, 9.7064877, 9.8048429, 9.8915892, 19.961555, 19.986877, 19.957697, 19.886721, 0.27108565, 0.31230217, 0.34538889, 0.34706455, 0.34804827, 0.34891582, 0.34980777, 0.34993440, 0.34978849, 0.34943360, 0.48419052
0.20213985, 1.0000000, 0.44253570, 1.8977374, 5.1858993, 9.5477076, 9.7277956, 9.8191776, 9.8989611, 19.960794, 19.983644, 19.943972, 19.879286, 0.26897693, 0.30185828, 0.34547642, 0.34727779, 0.34819171, 0.34898958, 0.34980398, 0.34991822, 0.34971985, 0.34939644, 0.44253570
0.17786932, 1.0000000, 0.35459897, 1.1263043, 3.5956013, 9.4492130, 9.6825914, 9.7951040, 9.8887920, 19.956511, 19.977800, 19.929987, 19.873634, 0.26126254, 0.28595507, 0.34449089, 0.34682563, 0.34795094, 0.34888789, 0.34978256, 0.34988901, 0.34964994, 0.34936816, 0.35459897
0.20249864, 1.0000000, 0.44383562, 2.3004830, 4.5901561, 9.4914541, 9.6997681, 9.8032274, 9.8915339, 19.954458, 19.970606, 19.916933, 19.869511, 0.27300340, 0.29589987, 0.34491280, 0.34699732, 0.34803209, 0.34891528, 0.34977227, 0.34985304, 0.34958467, 0.34934756, 0.44383562
0.35536945, 1.0000000, 0.99771529, 9.9684458, 9.9814491, 9.9906950, 9.9981251, 9.9990606, 9.9996834, 19.999998, 19.999998, 19.999983, 19.990009, 0.34968394, 0.34981418, 0.34990680, 0.34998122, 0.34999058, 0.34999683, 0.34999999, 0.34999999, 0.34999990, 0.34995005, 0.99771529
0.35600001, 1.0000000, 1.0000000, 9.9999990, 9.9999990, 9.9999990, 9.9999990, 9.9999990, 9.9999990, 19.999998, 19.999998, 19.999990, 19.992998, 0.34999999, 0.34999999, 0.34999999, 0.34999999, 0.34999999, 0.34999999, 0.34999999, 0.34999999, 0.34999996, 0.34996498, 1.0000000
0.34881818, 1.0000000, 0.97397888, 9.6335020, 9.8151417, 9.8774490, 9.9194546, 9.9583225, 9.9836884, 19.997746, 19.999403, 19.999718, 19.979086, 0.34633502, 0.34815142, 0.34877449, 0.34919456, 0.34958321, 0.34983689, 0.34998873, 0.34999701, 0.34999859, 0.34989542, 0.97397888
0.31790638, 1.0000000, 0.86197960, 7.7092571, 9.4207535, 9.6379328, 9.8311214, 9.9076767, 9.9605198, 19.992609, 19.998068, 19.998095, 19.956320, 0.32709128, 0.34420657, 0.34637886, 0.34831113, 0.34907672, 0.34960517, 0.34996304, 0.34999034, 0.34999049, 0.34978160, 0.86197960
0.27604955, 1.0000000, 0.71032453, 4.8083391, 9.2678699, 9.5245457, 9.7577467, 9.8596363, 9.9359732, 19.986723, 19.996498, 19.994198, 19.935787, 0.29808047, 0.34267533, 0.34524372, 0.34757710, 0.34859619, 0.34935966, 0.34993362, 0.34998250, 0.34997100, 0.34967893, 0.71032453
0.24761036, 1.0000000, 0.60728389, 2.9248624, 8.9690046, 9.5348482, 9.7444925, 9.8443909, 9.9245615, 19.982924, 19.995380, 19.987606, 19.918211, 0.27924743, 0.33968782, 0.34534732, 0.34744468, 0.34844381, 0.34924558, 0.34991461, 0.34997690, 0.34993804, 0.34959105, 0.60728389
0.21543656, 1.0000000, 0.49071217, 1.8928826, 6.8547759, 9.4486380, 9.6893206, 9.8074780, 9.9038734, 19.976664, 19.993357, 19.977987, 19.903730, 0.26892623, 0.31854212, 0.34448251, 0.34689239, 0.34807438, 0.34903857, 0.34988332, 0.34996679, 0.34988993, 0.34951866, 0.49071217
0.19849685, 1.0000000, 0.42933643, 1.6172647, 5.2516923, 9.4802065, 9.6914186, 9.8033438, 9.8974466, 19.972027, 19.991096, 19.966040, 19.892233, 0.26617199, 0.30251569, 0.34480095, 0.34691393, 0.34803331, 0.34897444, 0.34986013, 0.34995550, 0.34983021, 0.34946117, 0.42933643
0.35600001, 1.0000000, 1.0000000, 9.9999990, 9.9999990, 9.9999990, 9.9999990, 9.9999990, 9.9999990, 19.999998, 19.999998, 19.999998, 19.997997, 0.34999999, 0.34999999, 0.34999999, 0.34999999, 0.34999999, 0.34999999, 0.34999999, 0.34999999, 0.34999999, 0.34998998, 1.0000000
0.35599905, 1.0000000, 0.99999648, 9.9999990, 9.9999990, 9.9999990, 9.9999990, 9.9999962, 9.9999990, 19.999998, 19.999998, 19.999998, 19.996996, 0.34999952, 0.34999970, 0.34999985, 0.34999996, 0.34999996, 0.34999999, 0.34999999, 0.34999999, 0.34999999, 0.34998497, 0.99999648
0.34704912, 1.0000000, 0.96756923, 9.5230246, 9.7821674, 9.8787317, 9.9502468, 9.9745941, 9.9903736, 19.998873, 19.999706, 19.999855, 19.983068, 0.34522536, 0.34781867, 0.34878579, 0.34950218, 0.34974578, 0.34990367, 0.34999436, 0.34999853, 0.34999928, 0.34991533, 0.96756923
0.30159771, 1.0000000, 0.80289018, 6.6089048, 9.3187828, 9.5755777, 9.8149805, 9.8996038, 9.9568663, 19.991413, 19.997757, 19.998348, 19.959970, 0.31608599, 0.34318528, 0.34575447, 0.34814954, 0.34899589, 0.34956861, 0.34995705, 0.34998879, 0.34999174, 0.34979984, 0.80289018
0.35600001, 1.0000000, 1.0000000, 9.9999990, 9.9999990, 9.9999990, 9.9999990, 9.9999990, 9.9999990, 19.999998, 19.999998, 19.999998, 19.997992, 0.34999999, 0.34999999, 0.34999999, 0.34999999, 0.34999999, 0.34999999, 0.34999999, 0.34999999, 0.34999999, 0.34998995, 1.0000000
0.33130121, 1.0000000, 0.91051167, 8.5848532, 9.5248013, 9.7252245, 9.9127960, 9.9547539, 9.9819899, 19.997238, 19.999277, 19.999546, 19.974216, 0.33584654, 0.34524670, 0.34725156, 0.34912780, 0.34954748, 0.34981987, 0.34998620, 0.34999639, 0.34999773, 0.34987110, 0.91051167
0.32971501, 1.0000000, 0.90476447, 8.4636250, 9.5334530, 9.7308435, 9.9087353, 9.9524527, 9.9800529, 19.995981, 19.998962, 19.999605, 19.980062, 0.33463255, 0.34533203, 0.34730715, 0.34908709, 0.34952441, 0.34980050, 0.34997991, 0.34999481, 0.34999803, 0.34990031, 0.90476447
0.28191906, 1.0000000, 0.73159069, 5.2338333, 9.2609739, 9.5299025, 9.7845516, 9.8802967, 9.9471521, 19.988787, 19.997078, 19.997908, 19.957199, 0.30233541, 0.34260663, 0.34529743, 0.34784520, 0.34880280, 0.34947145, 0.34994394, 0.34998539, 0.34998953, 0.34978598, 0.73159069
0.25013810, 1.0000000, 0.61644244, 2.9847443, 9.1759491, 9.5313749, 9.7482328, 9.8503809, 9.9295015, 19.984056, 19.995789, 19.994183, 19.936565, 0.27984503, 0.34175506, 0.34531146, 0.34748185, 0.34850356, 0.34929493, 0.34992027, 0.34997895, 0.34997091, 0.34968284, 0.61644244
0.35599309, 1.0000000, 0.99997491, 9.9997044, 9.9998207, 9.9999104, 9.9999819, 9.9999933, 9.9999990, 19.999998, 19.999998, 19.999996, 19.993994, 0.34999657, 0.34999791, 0.34999895, 0.34999979, 0.34999993, 0.34999999, 0.34999999, 0.34999999, 0.34999996, 0.34996998, 0.99997491
0.35600001, 1.0000000, 1.0000000, 9.9999990, 9.9999990, 9.9999990, 9.9999990, 9.9999990, 9.9999990, 19.999998, 19.999998, 19.999998, 19.998999, 0.34999999, 0.34999999, 0.34999999, 0.34999999, 0.34999999, 0.34999999, 0.34999999, 0.34999999, 0.34999999, 0.34999499, 1.0000000
0.35600001, 1.0000000, 1.0000000, 9.9999990, 9.9999990, 9.9999990, 9.9999990, 9.9999990, 9.9999990, 19.999998, 19.999998, 19.999998, 19.996996, 0.34999999, 0.34999999, 0.34999999, 0.34999999, 0.34999999, 0.34999999, 0.34999999, 0.34999999, 0.34999999, 0.34998497, 1.0000000
0.34602606, 1.0000000, 0.96386248, 9.4985380, 9.7140656, 9.8446684, 9.9594498, 9.9793692, 9.9922600, 19.999153, 19.999784, 19.999640, 19.973301, 0.34498537, 0.34714067, 0.34844667, 0.34959450, 0.34979370, 0.34992260, 0.34999576, 0.34999892, 0.34999821, 0.34986651, 0.96386248
0.34023541, 1.0000000, 0.94288188, 9.1804590, 9.5869236, 9.7675753, 9.9321871, 9.9651308, 9.9864073, 19.998110, 19.999510, 19.999847, 19.986019, 0.34180459, 0.34586924, 0.34767574, 0.34932187, 0.34965131, 0.34986407, 0.34999055, 0.34999755, 0.34999925, 0.34993011, 0.94288188
0.33155000, 1.0000000, 0.91141295, 8.7010460, 9.4124727, 9.6377239, 9.8540268, 9.9211397, 9.9671869, 19.994474, 19.998562, 19.998783, 19.962820, 0.33700952, 0.34412414, 0.34637696, 0.34854022, 0.34921136, 0.34967187, 0.34997237, 0.34999281, 0.34999391, 0.34981412, 0.91141295
0.30880296, 1.0000000, 0.82899612, 7.0710626, 9.4003029, 9.6129961, 9.8094196, 9.8908176, 9.9516277, 19.991079, 19.997669, 19.995779, 19.941570, 0.32071045, 0.34400290, 0.34612989, 0.34809420, 0.34890819, 0.34951627, 0.34995538, 0.34998834, 0.34997889, 0.34970784, 0.82899612
0.30525857, 1.0000000, 0.81615424, 6.8265991, 9.3891726, 9.6000862, 9.7888794, 9.8737411, 9.9410667, 19.988426, 19.996914, 19.990152, 19.923107, 0.31826597, 0.34389174, 0.34600085, 0.34788880, 0.34873742, 0.34941065, 0.34994215, 0.34998459, 0.34995076, 0.34961554, 0.81615424
0.28025728, 1.0000000, 0.72556984, 5.0548873, 9.3418617, 9.5675316, 9.7680006, 9.8579435, 9.9312429, 19.985758, 19.995937, 19.981594, 19.907751, 0.30054888, 0.34341863, 0.34567532, 0.34768000, 0.34857944, 0.34931242, 0.34992880, 0.34997970, 0.34990796, 0.34953874, 0.72556984
0.24817325, 1.0000000, 0.60932338, 2.9827805, 8.9447269, 9.5267687, 9.7414885, 9.8394480, 9.9204464, 19.982716, 19.994421, 19.970417, 19.895428, 0.27982756, 0.33944681, 0.34526744, 0.34741482, 0.34839445, 0.34920448, 0.34991357, 0.34997210, 0.34985209, 0.34947714, 0.60932338
0.24765858, 1.0000000, 0.60745859, 2.9838204, 8.8810225, 9.5314646, 9.7275810, 9.8278742, 9.9115667, 19.978310, 19.991671, 19.957281, 19.885839, 0.27983689, 0.33880791, 0.34531340, 0.34727553, 0.34827861, 0.34911564, 0.34989154, 0.34995836, 0.34978640, 0.34942919, 0.60745859
0.23567058, 1.0000000, 0.56402385, 2.7163000, 7.8643656, 9.5582600, 9.7364874, 9.8304377, 9.9103041, 19.975471, 19.987976, 19.943344, 19.878593, 0.27716246, 0.32864273, 0.34558204, 0.34736475, 0.34830433, 0.34910300, 0.34987736, 0.34993988, 0.34971672, 0.34939295, 0.56402385
0.20670061, 1.0000000, 0.45906013, 1.7827719, 5.9802780, 9.4533215, 9.6875792, 9.8016977, 9.8961887, 19.970049, 19.981827, 19.929293, 19.873131, 0.26782772, 0.30980277, 0.34453321, 0.34687579, 0.34801698, 0.34896189, 0.34985024, 0.34990913, 0.34964645, 0.34936565, 0.45906013
0.18107092, 1.0000000, 0.36619896, 1.0664880, 4.0924797, 9.4324951, 9.6676188, 9.7871428, 9.8879919, 19.965818, 19.973965, 19.916164, 19.869129, 0.26066396, 0.29092267, 0.34432250, 0.34667566, 0.34787115, 0.34887984, 0.34982908, 0.34986982, 0.34958082, 0.34934565, 0.36619896
0.17221072, 1.0000000, 0.33409682, 1.1036456, 2.9883890, 9.3683929, 9.6977186, 9.8026752, 9.8937387, 19.964008, 19.964878, 19.904625, 19.866270, 0.26103595, 0.27988306, 0.34368262, 0.34697691, 0.34802660, 0.34893733, 0.34982005, 0.34982440, 0.34952313, 0.34933135, 0.33409682
0.16211843, 0.99166924, 0.29753053, 0.94451904, 2.4792910, 8.4826374, 9.6832657, 9.7944679, 9.8894596, 19.959522, 19.953640, 19.894600, 19.864153, 0.25944519, 0.27479291, 0.33482638, 0.34683266, 0.34794468, 0.34889460, 0.34979761, 0.34976819, 0.34947300, 0.34932077, 0.29753053
0.14322200, 0.76347446, 0.22906525, 0.27281046, 1.8646449, 7.4003220, 9.6381302, 9.7676897, 9.8764305, 19.952108, 19.940868, 19.886171, 19.862591, 0.25272733, 0.26864326, 0.32399687, 0.34637964, 0.34767607, 0.34876403, 0.34976053, 0.34970433, 0.34943086, 0.34931296, 0.22906525
0.13169931, 0.62432534, 0.18731633, 0.0000000, 1.4071047, 6.4421597, 9.6351070, 9.7635756, 9.8725500, 19.944902, 19.928137, 19.879450, 19.861496, 0.24998130, 0.26406863, 0.31441605, 0.34634942, 0.34763491, 0.34872520, 0.34972450, 0.34964067, 0.34939724, 0.34930748, 0.18731633
0.33373904, 1.0000000, 0.91934443, 9.3843975, 8.8425541, 9.0774031, 9.7038689, 9.8017998, 9.8878984, 19.940115, 19.916746, 19.874361, 19.860779, 0.34383398, 0.33841988, 0.34077114, 0.34703806, 0.34801766, 0.34887886, 0.34970057, 0.34958375, 0.34937179, 0.34930390, 0.91934443
0.35600001, 1.0000000, 1.0000000, 9.9999990, 9.9999990, 9.9999990, 9.9999990, 9.9999990, 9.9999990, 19.999998, 19.999998, 19.999998, 19.998999, 0.34999999, 0.34999999, 0.34999999, 0.34999999, 0.34999999, 0.34999999, 0.34999999, 0.34999999, 0.34999999, 0.34999499, 1.0000000
0.35599786, 1.0000000, 0.99999225, 9.9999990, 9.9999990, 9.9999990, 9.9999990, 9.9999990, 9.9999990, 19.999998, 19.999998, 19.999998, 19.998999, 0.34999892, 0.34999937, 0.34999967, 0.34999993, 0.34999996, 0.34999999, 0.34999999, 0.34999999, 0.34999999, 0.34999499, 0.99999225
0.34779489, 1.0000000, 0.97027117, 9.7604618, 9.5477362, 9.7413187, 9.9215937, 9.9594955, 9.9841661, 19.997793, 19.999426, 19.999718, 19.979099, 0.34760463, 0.34547737, 0.34741318, 0.34921592, 0.34959495, 0.34984165, 0.34998897, 0.34999713, 0.34999859, 0.34989551, 0.97027117
0.34577692, 1.0000000, 0.96295977, 9.6248455, 9.5575943, 9.6966467, 9.8825846, 9.9365931, 9.9744434, 19.996542, 19.999100, 19.998358, 19.956409, 0.34624845, 0.34557593, 0.34696648, 0.34882584, 0.34936592, 0.34974444, 0.34998271, 0.34999549, 0.34999180, 0.34978205, 0.96295977
0.33339399, 1.0000000, 0.91809422, 8.7571840, 9.5149565, 9.6914902, 9.8555164, 9.9184742, 9.9646940, 19.994070, 19.998453, 19.994722, 19.935919, 0.33757013, 0.34514847, 0.34691432, 0.34855503, 0.34918469, 0.34964690, 0.34997034, 0.34999228, 0.34997362, 0.34967959, 0.91809422
0.35530746, 1.0000000, 0.99749064, 9.9997005, 9.9953861, 9.8540659, 9.9576969, 9.9784241, 9.9916344, 19.998837, 19.999706, 19.999889, 19.986019, 0.34999651, 0.34995356, 0.34854051, 0.34957695, 0.34978423, 0.34991634, 0.34999418, 0.34999853, 0.34999946, 0.34993011, 0.99749064
0.35145903, 1.0000000, 0.98354715, 9.9230175, 9.6758499, 9.8207016, 9.9508839, 9.9748964, 9.9904575, 19.998878, 19.999706, 19.999868, 19.984043, 0.34923017, 0.34675848, 0.34820703, 0.34950882, 0.34974897, 0.34990457, 0.34999439, 0.34999853, 0.34999934, 0.34992021, 0.98354715
0.33944505, 1.0000000, 0.94001824, 9.1902637, 9.5215683, 9.6859913, 9.8891859, 9.9413004, 9.9769678, 19.997192, 19.999266, 19.998823, 19.961004, 0.34190264, 0.34521568, 0.34685990, 0.34889185, 0.34941301, 0.34976968, 0.34998596, 0.34999633, 0.34999412, 0.34980503, 0.94001824
0.32564574, 1.0000000, 0.89002073, 8.2005358, 9.5079288, 9.6883402, 9.8578234, 9.9208117, 9.9664059, 19.994701, 19.998610, 19.995682, 19.939978, 0.33200443, 0.34507868, 0.34688309, 0.34857818, 0.34920809, 0.34966406, 0.34997350, 0.34999305, 0.34997842, 0.34969988, 0.89002073
0.31950945, 1.0000000, 0.86778790, 7.9118857, 9.3221807, 9.5606747, 9.7793427, 9.8724976, 9.9425058, 19.989174, 19.997097, 19.989624, 19.921730, 0.32911885, 0.34322181, 0.34560674, 0.34779343, 0.34872496, 0.34942505, 0.34994587, 0.34998548, 0.34994811, 0.34960866, 0.86778790
0.35600001, 1.0000000, 1.0000000, 9.9999990, 9.9999990, 9.9999990, 9.9999990, 9.9999990, 9.9999990, 19.999998, 19.999998, 19.999998, 19.996996, 0.34999999, 0.34999999, 0.34999999, 0.34999999, 0.34999999, 0.34999999, 0.34999999, 0.34999999, 0.34999999, 0.34998497, 1.0000000
0.34391624, 1.0000000, 0.95621824, 9.5347672, 9.4829473, 9.6934214, 9.8988333, 9.9473248, 9.9791164, 19.996912, 19.999201, 19.999483, 19.973253, 0.34534535, 0.34482807, 0.34693348, 0.34898818, 0.34947318, 0.34979114, 0.34998456, 0.34999600, 0.34999740, 0.34986627, 0.95621824
0.32111356, 1.0000000, 0.87359983, 7.9289560, 9.4357681, 9.6478844, 9.8466415, 9.9156342, 9.9641018, 19.993641, 19.998348, 19.997517, 19.951004, 0.32928506, 0.34435445, 0.34647721, 0.34846610, 0.34915617, 0.34964097, 0.34996819, 0.34999174, 0.34998757, 0.34975502, 0.87359983
0.28734657, 1.0000000, 0.75125569, 5.5952592, 9.3051195, 9.5509062, 9.7763243, 9.8708839, 9.9417391, 19.988537, 19.997005, 19.993002, 19.931154, 0.30594912, 0.34304771, 0.34550726, 0.34776288, 0.34870866, 0.34941733, 0.34994268, 0.34998503, 0.34996501, 0.34965578, 0.75125569
0.24942744, 1.0000000, 0.61386752, 2.9377909, 9.1862078, 9.5010252, 9.7281904, 9.8360844, 9.9216642, 19.983030, 19.995426, 19.985563, 19.914343, 0.27937600, 0.34185848, 0.34500840, 0.34728152, 0.34836066, 0.34921658, 0.34991515, 0.34997714, 0.34992781, 0.34957170, 0.61386752
0.22466546, 1.0000000, 0.52415019, 2.1468699, 7.5229664, 9.4886246, 9.7072983, 9.8176308, 9.9086027, 19.978235, 19.993649, 19.975357, 19.900631, 0.27146763, 0.32522744, 0.34488481, 0.34707269, 0.34817615, 0.34908596, 0.34989119, 0.34996825, 0.34987679, 0.34950316, 0.52415019
0.26340047, 1.0000000, 0.66449440, 4.0043731, 9.0516291, 9.5839605, 9.7509432, 9.8387623, 9.9151268, 19.977554, 19.992268, 19.963228, 19.889910, 0.29004362, 0.34051612, 0.34583953, 0.34750941, 0.34838763, 0.34915125, 0.34988779, 0.34996134, 0.34981614, 0.34944955, 0.66449440
0.35600001, 1.0000000, 1.0000000, 9.9999990, 9.9999990, 9.9999990, 9.9999990, 9.9999990, 9.9999990, 19.999998, 19.999998, 19.999998, 19.998999, 0.34999999, 0.34999999, 0.34999999, 0.34999999, 0.34999999, 0.34999999, 0.34999999, 0.34999999, 0.34999999, 0.34999499, 1.0000000
0.35600001, 1.0000000, 1.0000000, 9.9999990, 9.9999990, 9.9999990, 9.9999990, 9.9999990, 9.9999990, 19.999998, 19.999998, 19.999998, 19.998999, 0.34999999, 0.34999999, 0.34999999, 0.34999999, 0.34999999, 0.34999999, 0.34999999, 0.34999999, 0.34999999, 0.34999499, 1.0000000
0.35600001, 1.0000000, 1.0000000, 9.9999990, 9.9999990, 9.9999990, 9.9999990, 9.9999990, 9.9999990, 19.999998, 19.999998, 19.999998, 19.996996, 0.34999999, 0.34999999, 0.34999999, 0.34999999, 0.34999999, 0.34999999, 0.34999999, 0.34999999, 0.34999999, 0.34998497, 1.0000000
0.35573858, 1.0000000, 0.99905288, 9.9869461, 9.9922304, 9.9961119, 9.9992189, 9.9996061, 9.9998684, 19.999992, 19.999998, 19.999975, 19.989016, 0.34986946, 0.34992230, 0.34996110, 0.34999219, 0.34999606, 0.34999868, 0.34999996, 0.34999999, 0.34999987, 0.34994507, 0.99905288
0.34858304, 1.0000000, 0.97312689, 9.6029606, 9.8174067, 9.9033756, 9.9759769, 9.9878330, 9.9954681, 19.999504, 19.999874, 19.999300, 19.965672, 0.34602940, 0.34817395, 0.34903371, 0.34975976, 0.34987834, 0.34995466, 0.34999752, 0.34999937, 0.34999651, 0.34982836, 0.97312689
0.34891409, 1.0000000, 0.97432631, 9.6239672, 9.8208008, 9.9058733, 9.9780712, 9.9889441, 9.9960403, 19.999737, 19.999933, 19.999958, 19.988020, 0.34623969, 0.34820801, 0.34905875, 0.34978071, 0.34988946, 0.34996039, 0.34999868, 0.34999967, 0.34999979, 0.34994009, 0.97432631
0.33500713, 1.0000000, 0.92393893, 8.7720318, 9.6256876, 9.7864695, 9.9403582, 9.9693279, 9.9888420, 19.999271, 19.999813, 19.999218, 19.964727, 0.33772033, 0.34625688, 0.34786469, 0.34940359, 0.34969327, 0.34988841, 0.34999636, 0.34999907, 0.34999609, 0.34982365, 0.92393893
0.29563770, 1.0000000, 0.78129596, 6.1505570, 9.3496761, 9.5950365, 9.8357334, 9.9110794, 9.9639082, 19.995041, 19.998711, 19.996374, 19.943272, 0.31150514, 0.34349641, 0.34595019, 0.34835729, 0.34911075, 0.34963909, 0.34997520, 0.34999356, 0.34998187, 0.34971637, 0.78129596
0.25476384, 1.0000000, 0.63320225, 3.2572286, 9.2779446, 9.5296841, 9.7653627, 9.8648243, 9.9409933, 19.990852, 19.997581, 19.990896, 19.924526, 0.28257170, 0.34277847, 0.34529632, 0.34765354, 0.34864819, 0.34940991, 0.34995425, 0.34998792, 0.34995449, 0.34962264, 0.63320225
0.23096098, 1.0000000, 0.54696006, 2.3542583, 7.9154110, 9.5225515, 9.7439013, 9.8453045, 9.9282703, 19.988342, 19.996712, 19.982563, 19.908922, 0.27354124, 0.32915142, 0.34522390, 0.34743869, 0.34845287, 0.34928265, 0.34994170, 0.34998357, 0.34991282, 0.34954461, 0.54696006
0.23256165, 1.0000000, 0.55275953, 2.8127253, 7.3688030, 9.4842691, 9.7090874, 9.8200169, 9.9125471, 19.984257, 19.994995, 19.971510, 19.896324, 0.27812561, 0.32368547, 0.34484106, 0.34709054, 0.34819999, 0.34912542, 0.34992129, 0.34997499, 0.34985754, 0.34948161, 0.55275953
0.26968342, 1.0000000, 0.68725866, 4.3309317, 9.2448940, 9.6228714, 9.7662401, 9.8483000, 9.9211941, 19.983965, 19.993452, 19.958775, 19.886599, 0.29330835, 0.34244770, 0.34622806, 0.34766227, 0.34848294, 0.34921190, 0.34991983, 0.34996727, 0.34979388, 0.34943300, 0.68725866
0.28267995, 1.0000000, 0.73434758, 5.2443786, 9.3290262, 9.5555077, 9.7487612, 9.8392220, 9.9162474, 19.981236, 19.989992, 19.944889, 19.879147, 0.30243960, 0.34328577, 0.34555277, 0.34748715, 0.34839198, 0.34916237, 0.34990618, 0.34994996, 0.34972444, 0.34939572, 0.73434758
0.25817084, 1.0000000, 0.64554656, 3.4401431, 9.3651600, 9.5749540, 9.7570753, 9.8432655, 9.9172487, 19.979700, 19.985102, 19.931000, 19.873611, 0.28439835, 0.34364659, 0.34574699, 0.34757024, 0.34843239, 0.34917238, 0.34989852, 0.34992552, 0.34965500, 0.34936807, 0.64554656
0.22941191, 1.0000000, 0.54134750, 2.2501230, 7.9188533, 9.4976339, 9.7154121, 9.8192616, 9.9054241, 19.974686, 19.977303, 19.917686, 19.869471, 0.27249998, 0.32918590, 0.34497476, 0.34715378, 0.34819248, 0.34905419, 0.34987342, 0.34988651, 0.34958842, 0.34934735, 0.54134750
0.20903015, 1.0000000, 0.46750054, 1.6698092, 6.4194021, 9.5107460, 9.7145405, 9.8164396, 9.9026203, 19.971018, 19.967888, 19.905842, 19.866482, 0.26669449, 0.31418568, 0.34510130, 0.34714416, 0.34816375, 0.34902599, 0.34985510, 0.34983945, 0.34952921, 0.34933239, 0.46750054
0.19389895, 1.0000000, 0.41267729, 1.3048053, 5.1865187, 9.5317869, 9.7269630, 9.8225746, 9.9049273, 19.968493, 19.957247, 19.895769, 19.864342, 0.26304787, 0.30186480, 0.34531751, 0.34726956, 0.34822571, 0.34904927, 0.34984246, 0.34978622, 0.34947884, 0.34932172, 0.41267729
0.17634591, 1.0000000, 0.34907937, 0.85961521, 3.8294034, 9.4956932, 9.7105379, 9.8133345, 9.9006090, 19.963860, 19.945127, 19.887323, 19.862778, 0.25859502, 0.28829098, 0.34495315, 0.34710461, 0.34813297, 0.34900597, 0.34981930, 0.34972563, 0.34943661, 0.34931388, 0.34907937
0.16000530, 0.96615100, 0.28987429, 0.39937496, 2.8568923, 9.0347729, 9.6879730, 9.7996759, 9.8934927, 19.957005, 19.932320, 19.880436, 19.861639, 0.25399259, 0.27856398, 0.34033990, 0.34687805, 0.34799594, 0.34893462, 0.34978503, 0.34966159, 0.34940219, 0.34930819, 0.28987429
0.35384148, 1.0000000, 0.99217927, 9.8935661, 9.9402542, 9.9697151, 9.9931192, 9.9965343, 9.9987354, 19.999886, 19.999969, 19.999983, 19.990009, 0.34890464, 0.34938383, 0.34968776, 0.34992930, 0.34996438, 0.34998703, 0.34999943, 0.34999985, 0.34999990, 0.34995005, 0.99217927
0.35060632, 1.0000000, 0.98045766, 9.7092028, 9.8710976, 9.9315300, 9.9756794, 9.9875364, 9.9943457, 19.998455, 19.999605, 19.999296, 19.966606, 0.34709013, 0.34870982, 0.34931469, 0.34975666, 0.34987530, 0.34994343, 0.34999228, 0.34999803, 0.34999648, 0.34983304, 0.98045766
0.32805908, 1.0000000, 0.89876467, 8.3485203, 9.5276346, 9.7253122, 9.9093723, 9.9526501, 9.9807119, 19.996674, 19.999146, 19.996819, 19.944998, 0.33348289, 0.34527478, 0.34725231, 0.34909356, 0.34952641, 0.34980708, 0.34998336, 0.34999573, 0.34998411, 0.34972498, 0.89876467
0.29354936, 1.0000000, 0.77372944, 5.9920282, 9.3605680, 9.6001167, 9.8323631, 9.9078884, 9.9616766, 19.994017, 19.998440, 19.991693, 19.926035, 0.30991670, 0.34360233, 0.34599945, 0.34832329, 0.34907871, 0.34961671, 0.34997007, 0.34999222, 0.34995848, 0.34963018, 0.77372944
0.25621355, 1.0000000, 0.63845479, 3.3460338, 9.2971344, 9.5435314, 9.7742834, 9.8690863, 9.9426069, 19.991032, 19.997499, 19.983616, 19.910151, 0.28345931, 0.34296963, 0.34543443, 0.34774265, 0.34869078, 0.34942603, 0.34995514, 0.34998751, 0.34991807, 0.34955075, 0.63845479
0.23210795, 1.0000000, 0.55111575, 2.3547590, 8.0500641, 9.5268688, 9.7476225, 9.8475761, 9.9291811, 19.988194, 19.996178, 19.972828, 19.897333, 0.27354714, 0.33049968, 0.34526813, 0.34747609, 0.34847569, 0.34929177, 0.34994096, 0.34998089, 0.34986413, 0.34948665, 0.55111575
0.20846608, 1.0000000, 0.46545681, 1.7041266, 6.3049097, 9.4852600, 9.7174015, 9.8255653, 9.9158382, 19.985245, 19.994051, 19.960018, 19.887312, 0.26703957, 0.31304535, 0.34484977, 0.34717345, 0.34825537, 0.34915829, 0.34992623, 0.34997025, 0.34980008, 0.34943655, 0.46545681
0.19541988, 1.0000000, 0.41818789, 1.4246613, 5.1641355, 9.5408144, 9.7395821, 9.8345528, 9.9168482, 19.984652, 19.991283, 19.946289, 19.879740, 0.26424590, 0.30163980, 0.34540671, 0.34739554, 0.34834537, 0.34916842, 0.34992325, 0.34995642, 0.34973145, 0.34939870, 0.41818789
0.35199666, 1.0000000, 0.98549509, 9.7928267, 9.8914804, 9.9442091, 9.9869938, 9.9934502, 9.9976015, 19.999773, 19.999939, 19.999971, 19.989990, 0.34792775, 0.34891447, 0.34944195, 0.34986991, 0.34993449, 0.34997600, 0.34999886, 0.34999970, 0.34999985, 0.34994996, 0.98549509
0.34633982, 1.0000000, 0.96499938, 9.4760838, 9.7714996, 9.8777094, 9.9700260, 9.9848232, 9.9944735, 19.999557, 19.999880, 19.999924, 19.985031, 0.34476084, 0.34771499, 0.34877709, 0.34970027, 0.34984824, 0.34994474, 0.34999779, 0.34999940, 0.34999961, 0.34992516, 0.96499938
0.31559074, 1.0000000, 0.85358953, 7.5177393, 9.4403858, 9.6633692, 9.8820210, 9.9377708, 9.9753685, 19.996691, 19.999128, 19.998846, 19.961901, 0.32517740, 0.34440386, 0.34663370, 0.34882021, 0.34937769, 0.34975368, 0.34998345, 0.34999564, 0.34999424, 0.34980950, 0.85358953
0.30326569, 1.0000000, 0.80893368, 6.5428739, 9.5506935, 9.7176352, 9.8762989, 9.9310350, 9.9716244, 19.996429, 19.999058, 19.995985, 19.940825, 0.31542793, 0.34550625, 0.34717599, 0.34876293, 0.34931031, 0.34971625, 0.34998214, 0.34999529, 0.34997994, 0.34970412, 0.80893368
0.28054205, 1.0000000, 0.72660160, 4.9907622, 9.4364252, 9.6439104, 9.8359165, 9.9060278, 9.9598408, 19.994684, 19.998583, 19.990307, 19.922487, 0.29990390, 0.34436002, 0.34643692, 0.34835872, 0.34906006, 0.34959832, 0.34997341, 0.34999293, 0.34995154, 0.34961244, 0.72660160
0.24845789, 1.0000000, 0.61035466, 2.9217930, 9.0653467, 9.5507212, 9.7741032, 9.8672390, 9.9402027, 19.990650, 19.997316, 19.981548, 19.907227, 0.27921385, 0.34064588, 0.34550321, 0.34774020, 0.34867197, 0.34940186, 0.34995323, 0.34998658, 0.34990776, 0.34953612, 0.61035466
0.22441973, 1.0000000, 0.52325988, 2.1813064, 7.4220119, 9.5119295, 9.7367153, 9.8401632, 9.9242201, 19.986710, 19.995554, 19.970228, 19.894993, 0.27180719, 0.32420817, 0.34511164, 0.34736559, 0.34840083, 0.34924194, 0.34993356, 0.34997776, 0.34985113, 0.34947497, 0.52325988
0.20114656, 1.0000000, 0.43893680, 1.5126735, 5.7446566, 9.4816694, 9.7102890, 9.8199730, 9.9112329, 19.982805, 19.992943, 19.957047, 19.885525, 0.26512146, 0.30743456, 0.34480676, 0.34710085, 0.34819871, 0.34911197, 0.34991401, 0.34996471, 0.34978524, 0.34942764, 0.43893680
0.18022639, 1.0000000, 0.36313906, 0.97134113, 4.1324167, 9.4624462, 9.6942348, 9.8069305, 9.9023027, 19.979486, 19.989105, 19.943029, 19.878344, 0.25970870, 0.29131213, 0.34461066, 0.34693953, 0.34806788, 0.34902257, 0.34989744, 0.34994552, 0.34971514, 0.34939173, 0.36313906
0.16300465, 1.0000000, 0.30074149, 0.52570403, 2.9522271, 9.1480589, 9.6840076, 9.7984571, 9.8961086, 19.976208, 19.983475, 19.929102, 19.872976, 0.25525579, 0.27951807, 0.34147406, 0.34683871, 0.34798390, 0.34896085, 0.34988105, 0.34991738, 0.34964550, 0.34936488, 0.30074149
0.15003678, 0.84577036, 0.25375649, 0.15911460, 2.4509816, 8.2441006, 9.6763954, 9.7922878, 9.8915854, 19.972826, 19.975826, 19.916061, 19.869030, 0.25159022, 0.27450117, 0.33242649, 0.34676057, 0.34792113, 0.34891528, 0.34986413, 0.34987915, 0.34958032, 0.34934515, 0.25375649
0.14049259, 0.73051375, 0.21917605, 0.0000000, 2.0027905, 7.3674774, 9.6701460, 9.7874689, 9.8882151, 19.969242, 19.966236, 19.904434, 19.866154, 0.24999009, 0.27001855, 0.32365757, 0.34669694, 0.34787241, 0.34888136, 0.34984621, 0.34983116, 0.34952217, 0.34933078, 0.21917605
0.13264619, 0.63575989, 0.19074705, 0.0000000, 1.5665889, 6.3495898, 9.6451645, 9.7722559, 9.8818750, 19.966423, 19.955372, 19.894562, 19.864096, 0.24999009, 0.26566121, 0.31348646, 0.34644878, 0.34772110, 0.34881827, 0.34983212, 0.34977686, 0.34947282, 0.34932047, 0.19074705
0.12604471, 0.55603987, 0.16682865, 0.0000000, 1.2094378, 5.4707313, 9.6442728, 9.7703400, 9.8794460, 19.961771, 19.943224, 19.886330, 19.862597, 0.24999009, 0.26208788, 0.30469263, 0.34643754, 0.34770077, 0.34879357, 0.34980887, 0.34971613, 0.34943163, 0.34931299, 0.16682865
0.12007095, 0.48390019, 0.14518458, 0.0000000, 0.91716647, 4.6129718, 9.6372976, 9.7656145, 9.8768759, 19.956799, 19.930925, 19.879761, 19.861544, 0.24999009, 0.25916836, 0.29612139, 0.34636948, 0.34765437, 0.34876817, 0.34978399, 0.34965461, 0.34939879, 0.34930772, 0.14518458
0.11488430, 0.42126590, 0.12639241, 0.0000000, 0.68338513, 3.8272705, 9.6349878, 9.7636471, 9.8752956, 19.950640, 19.919031, 19.874590, 19.860804, 0.24999009, 0.25683305, 0.28827041, 0.34634873, 0.34763587, 0.34875274, 0.34975320, 0.34959516, 0.34937295, 0.34930402, 0.12639241
0.34958124, 1.0000000, 0.97674352, 9.9301271, 9.6221867, 9.5089369, 9.7518511, 9.8291960, 9.9010525, 19.944975, 19.908493, 19.870705, 19.860287, 0.34929955, 0.34622085, 0.34508887, 0.34751841, 0.34829190, 0.34901050, 0.34972489, 0.34954247, 0.34935352, 0.34930143, 0.97674352
0.33438641, 1.0000000, 0.92168993, 8.8551655, 9.5055103, 9.6475315, 9.7866020, 9.8525944, 9.9120226, 19.937593, 19.898966, 19.867725, 19.859926, 0.33854610, 0.34505153, 0.34647349, 0.34786567, 0.34852576, 0.34912017, 0.34968796, 0.34949481, 0.34933862, 0.34929964, 0.92168993
0.31154078, 1.0000000, 0.83891577, 7.2425327, 9.4450464, 9.6281185, 9.7846193, 9.8545055, 9.9130335, 19.928234, 19.890512, 19.865408, 19.859615, 0.32241577, 0.34444299, 0.34627736, 0.34784544, 0.34854466, 0.34913021, 0.34964117, 0.34945256, 0.34932703, 0.34929806, 0.83891577
0.29312754, 1.0000000, 0.77220118, 5.8933578, 9.4620886, 9.6403923, 9.7920780, 9.8596268, 9.9141846, 19.918879, 19.883522, 19.863672, 19.859440, 0.30892688, 0.34461442, 0.34640062, 0.34792012, 0.34859595, 0.34914172, 0.34959438, 0.34941763, 0.34931836, 0.34929720, 0.77220118
0.26935130, 1.0000000, 0.68605542, 4.2235007, 9.3939934, 9.5998335, 9.7792749, 9.8529510, 9.9099779, 19.909416, 19.877781, 19.862370, 19.859299, 0.29223409, 0.34393871, 0.34599772, 0.34779263, 0.34852946, 0.34909976, 0.34954709, 0.34938890, 0.34931186, 0.34929651, 0.68605542
0.35597557, 1.0000000, 0.99991137, 9.9990158, 9.9994125, 9.9997044, 9.9999399, 9.9999695, 9.9999905, 19.999998, 19.999992, 19.999998, 19.994987, 0.34998780, 0.34999269, 0.34999633, 0.34999925, 0.34999964, 0.34999987, 0.34999999, 0.34999996, 0.34999999, 0.34997493, 0.99991137
0.35221398, 1.0000000, 0.98628253, 9.9520226, 9.7078810, 9.8400583, 9.9595098, 9.9794102, 9.9925547, 19.999468, 19.999868, 19.999846, 19.980116, 0.34952024, 0.34707880, 0.34840059, 0.34959510, 0.34979409, 0.34992555, 0.34999734, 0.34999934, 0.34999922, 0.34990057, 0.98628253
0.35408932, 1.0000000, 0.99307710, 9.9029617, 9.9460516, 9.9725962, 9.9938536, 9.9969072, 9.9988852, 19.999908, 19.999981, 19.999962, 19.987026, 0.34902716, 0.34945902, 0.34972522, 0.34993839, 0.34996903, 0.34998882, 0.34999955, 0.34999990, 0.34999982, 0.34993511, 0.99307710
0.34540677, 1.0000000, 0.96161866, 9.4163074, 9.7624712, 9.8711557, 9.9684267, 9.9839945, 9.9942827, 19.999659, 19.999922, 19.999203, 19.963797, 0.34416080, 0.34762332, 0.34871083, 0.34968412, 0.34983990, 0.34994280, 0.34999830, 0.34999961, 0.34999603, 0.34981897, 0.96161866
0.33064687, 1.0000000, 0.90814090, 8.4716930, 9.6090164, 9.7715321, 9.9305534, 9.9639196, 9.9867229, 19.999081, 19.999773, 19.996500, 19.942490, 0.33471453, 0.34608853, 0.34771448, 0.34930536, 0.34963912, 0.34986719, 0.34999540, 0.34999886, 0.34998250, 0.34971243, 0.90814090
0.32026082, 1.0000000, 0.87051010, 7.7165499, 9.6173553, 9.7673225, 9.9133387, 9.9533920, 9.9822149, 19.998693, 19.999668, 19.991148, 19.923935, 0.32716432, 0.34617269, 0.34767279, 0.34913328, 0.34953386, 0.34982213, 0.34999347, 0.34999835, 0.34995574, 0.34961969, 0.87051010
0.29051536, 1.0000000, 0.76273680, 5.7460880, 9.3917370, 9.6216955, 9.8429089, 9.9133215, 9.9651651, 19.996475, 19.998919, 19.982765, 19.908442, 0.30745783, 0.34391439, 0.34621543, 0.34842876, 0.34913307, 0.34965158, 0.34998238, 0.34999460, 0.34991384, 0.34954220, 0.76273680
0.26979682, 1.0000000, 0.68766958, 4.2097578, 9.4421701, 9.6413021, 9.8266802, 9.8995504, 9.9573975, 19.995731, 19.998131, 19.971838, 19.896017, 0.29209650, 0.34442022, 0.34641227, 0.34826666, 0.34899542, 0.34957394, 0.34997866, 0.34999067, 0.34985918, 0.34948009, 0.68766958
0.25365308, 1.0000000, 0.62917781, 3.0238843, 9.4648581, 9.6526279, 9.8212109, 9.8929148, 9.9520292, 19.994738, 19.996477, 19.958975, 19.886354, 0.28023633, 0.34464383, 0.34652385, 0.34821165, 0.34892890, 0.34952021, 0.34997368, 0.34998238, 0.34979486, 0.34943178, 0.62917781
0.24478427, 1.0000000, 0.59704441, 2.7641444, 8.8192120, 9.6662683, 9.8246441, 9.8924608, 9.9498053, 19.994217, 19.993637, 19.945158, 19.879034, 0.27763978, 0.33818889, 0.34666094, 0.34824610, 0.34892443, 0.34949800, 0.34997109, 0.34996819, 0.34972578, 0.34939516, 0.59704441
0.22639385, 1.0000000, 0.53041250, 2.2375286, 7.5288610, 9.5706387, 9.7816858, 9.8671017, 9.9376354, 19.992296, 19.988668, 19.931223, 19.873512, 0.27237499, 0.32528800, 0.34570602, 0.34781677, 0.34867099, 0.34937635, 0.34996149, 0.34994334, 0.34965611, 0.34936756, 0.53041250
0.22037297, 1.0000000, 0.50859773, 2.1144242, 6.9554982, 9.6663427, 9.8109770, 9.8804617, 9.9409351, 19.992018, 19.982096, 19.918186, 19.869492, 0.27114365, 0.31955382, 0.34666261, 0.34810960, 0.34880453, 0.34940931, 0.34996009, 0.34991047, 0.34959093, 0.34934747, 0.50859773
0.20218864, 1.0000000, 0.44271243, 1.5985399, 5.6907063, 9.5399971, 9.7608681, 9.8522043, 9.9279108, 19.988935, 19.972807, 19.906311, 19.866505, 0.26598114, 0.30689797, 0.34539235, 0.34760714, 0.34852126, 0.34927884, 0.34994468, 0.34986404, 0.34953156, 0.34933251, 0.44271243
0.18292977, 1.0000000, 0.37293392, 1.0987997, 4.2289624, 9.4880085, 9.7230730, 9.8279295, 9.9153719, 19.984947, 19.961634, 19.896088, 19.864342, 0.26098400, 0.29228041, 0.34486976, 0.34722862, 0.34827822, 0.34915337, 0.34992474, 0.34980816, 0.34948045, 0.34932172, 0.37293392
0.16651484, 1.0000000, 0.31345960, 0.70002675, 2.9685884, 9.3785276, 9.7066364, 9.8152180, 9.9072208, 19.980169, 19.949238, 19.887589, 19.862783, 0.25699639, 0.27967599, 0.34376967, 0.34706315, 0.34815055, 0.34907168, 0.34990084, 0.34974620, 0.34943795, 0.34931391, 0.31345960
0.15477991, 0.90304857, 0.27094167, 0.36655366, 2.5216639, 8.5528421, 9.6970158, 9.8073044, 9.9014263, 19.974016, 19.936317, 19.880709, 19.861671, 0.25366268, 0.27520487, 0.33550847, 0.34696561, 0.34807074, 0.34901348, 0.34987009, 0.34968159, 0.34940356, 0.34930837, 0.27094167
0.14388102, 0.77143282, 0.23145300, 0.80013275E-1, 2.1007240, 7.7211003, 9.6867275, 9.7996264, 9.8961077, 19.966217, 19.923544, 19.875277, 19.860872, 0.25079918, 0.27099228, 0.32718349, 0.34686035, 0.34799278, 0.34895992, 0.34983107, 0.34961772, 0.34937638, 0.34930438, 0.23145300
0.13730432, 0.69201195, 0.20762435, 0.0000000, 1.7945498, 7.0103741, 9.6955786, 9.8033934, 9.8962240, 19.957901, 19.911873, 19.871111, 19.860321, 0.24999176, 0.26792794, 0.32006946, 0.34694630, 0.34802914, 0.34896064, 0.34978950, 0.34955937, 0.34935555, 0.34930161, 0.20762435
0.14784284, 0.81927603, 0.24580739, 0.99345148, 1.6328901, 6.5548916, 9.7353506, 9.8252230, 9.9039021, 19.948946, 19.901602, 19.867977, 19.859938, 0.25992814, 0.26632261, 0.31553629, 0.34734976, 0.34825033, 0.34903839, 0.34974474, 0.34950802, 0.34933990, 0.34929970, 0.24580739
0.14136325, 0.74102789, 0.22233060, 0.76600611, 1.4527500, 6.1027927, 9.7392178, 9.8289051, 9.9050369, 19.938643, 19.892649, 19.865585, 19.859627, 0.25765944, 0.26452678, 0.31102645, 0.34739169, 0.34828880, 0.34905028, 0.34969321, 0.34946325, 0.34932792, 0.34929812, 0.22233060
0.13715771, 0.69024146, 0.20709315, 0.63356459, 1.3370335, 5.7556124, 9.7591038, 9.8403454, 9.9085569, 19.928352, 19.885267, 19.863819, 19.859463, 0.25633395, 0.26336819, 0.30755153, 0.34758949, 0.34840268, 0.34908530, 0.34964177, 0.34942633, 0.34931910, 0.34929731, 0.20709315
0.13102669, 0.61620265, 0.18487929, 0.44307709, 1.1560649, 5.2759347, 9.7368479, 9.8284397, 9.9024734, 19.917620, 19.879126, 19.862474, 19.859346, 0.25443077, 0.26156065, 0.30275935, 0.34736848, 0.34828439, 0.34902474, 0.34958810, 0.34939563, 0.34931237, 0.34929675, 0.18487929
0.12324953, 0.52228510, 0.15670121, 0.21905899, 0.92046857, 4.6277480, 9.6921673, 9.8017044, 9.8891382, 19.906900, 19.874086, 19.861460, 19.859299, 0.25219035, 0.25920406, 0.29627591, 0.34692103, 0.34801671, 0.34889126, 0.34953451, 0.34937042, 0.34930730, 0.34929651, 0.15670121
0.11762196, 0.45432603, 0.13631144, 0.74356794E-1, 0.75563490, 4.0808663, 9.6939564, 9.7994986, 9.8842316, 19.897346, 19.870176, 19.860739, 19.859222, 0.25074333, 0.25755495, 0.29080492, 0.34693778, 0.34799409, 0.34884202, 0.34948674, 0.34935087, 0.34930369, 0.34929612, 0.13631144
0.11327808, 0.40186900, 0.12057276, 0.0000000, 0.60489476, 3.5811625, 9.6938887, 9.7976074, 9.8798485, 19.888653, 19.867077, 19.860180, 19.859194, 0.24998887, 0.25604776, 0.28580815, 0.34693697, 0.34797513, 0.34879816, 0.34944326, 0.34933537, 0.34930089, 0.34929597, 0.12057276
0.10977523, 0.35956821, 0.10788126, 0.0000000, 0.45329630, 3.0441694, 9.6748753, 9.7852716, 9.8719664, 19.881168, 19.864660, 19.859770, 19.859158, 0.24998887, 0.25453085, 0.28043461, 0.34674427, 0.34785044, 0.34871888, 0.34940583, 0.34932330, 0.34929883, 0.34929579, 0.10788126
0.10873231, 0.34697393, 0.10410259, 0.0000000, 0.41507185, 2.8888345, 9.5587425, 9.8105545, 9.8793259, 19.876379, 19.863195, 19.859612, 19.859158, 0.24998887, 0.25414920, 0.27888307, 0.34558395, 0.34810376, 0.34879267, 0.34938189, 0.34931597, 0.34929806, 0.34929579, 0.10410259
0.10749933, 0.33208433, 0.99635266E-1, 0.0000000, 0.36326945, 2.7324409, 9.3658419, 9.8094339, 9.8777676, 19.872427, 19.862089, 19.859489, 19.859158, 0.24998887, 0.25363269, 0.27732441, 0.34365842, 0.34809434, 0.34877768, 0.34936213, 0.34931046, 0.34929746, 0.34929579, 0.99635266E-1
0.10535216, 0.30615497, 0.91855675E-1, 0.0000000, 0.25385618, 2.4892986, 9.0971460, 9.7852173, 9.8667355, 19.868158, 19.860994, 19.859354, 19.859127, 0.24998887, 0.25253838, 0.27489209, 0.34097081, 0.34785181, 0.34866723, 0.34934080, 0.34930497, 0.34929678, 0.34929565, 0.91855675E-1
0.10299114, 0.27764300, 0.83301231E-1, 0.0000000, 0.13335943, 2.2265701, 8.7809668, 9.7643204, 9.8561888, 19.864227, 19.860033, 19.859211, 19.859087, 0.24998887, 0.25133273, 0.27225852, 0.33780402, 0.34764004, 0.34856081, 0.34932113, 0.34930018, 0.34929606, 0.34929544, 0.83301231E-1
0.10091798, 0.25260732, 0.75789779E-1, 0.0000000, 0.45761466E-1, 1.9715637, 8.4337587, 9.7495403, 9.8484116, 19.861496, 19.859381, 19.859087, 19.859058, 0.24998887, 0.25045747, 0.26971245, 0.33433485, 0.34749383, 0.34848356, 0.34930748, 0.34929690, 0.34929544, 0.34929529, 0.75789779E-1
0.10006270, 0.24227890, 0.72690941E-1, 0.0000000, 0.19842386E-1, 1.8593937, 8.2054510, 9.7786617, 9.8583822, 19.860394, 19.859180, 19.859051, 19.859058, 0.24998887, 0.25019833, 0.26858935, 0.33205044, 0.34778419, 0.34858301, 0.34930196, 0.34929591, 0.34929526, 0.34929529, 0.72690941E-1
0.15282750, 0.87947106, 0.26386771, 2.5549202, 2.1547766, 1.8364102, 8.0892181, 9.8202477, 9.8738747, 19.860006, 19.859169, 19.859045, 19.859058, 0.27554882, 0.27154756, 0.26836401, 0.33089209, 0.34820241, 0.34873870, 0.34930003, 0.34929585, 0.34929523, 0.34929529, 0.26386771
0.15525922, 0.90883690, 0.27267835, 2.2972167, 2.1418214, 3.0284698, 9.4733362, 9.8489952, 9.8846006, 19.859730, 19.859163, 19.859045, 19.859058, 0.27297217, 0.27141821, 0.28028470, 0.34473336, 0.34848994, 0.34884602, 0.34929866, 0.34929582, 0.34929523, 0.34929529, 0.27267835
0.15117007, 0.85945612, 0.25786263, 2.1055965, 2.0347328, 2.9032974, 9.4253340, 9.8486633, 9.8847036, 19.859251, 19.859070, 19.859022, 19.859058, 0.27105597, 0.27034733, 0.27903298, 0.34425333, 0.34848663, 0.34884703, 0.34929627, 0.34929535, 0.34929511, 0.34929529, 0.25786263
0.14374638, 0.76980686, 0.23096517, 1.7443955, 1.8270791, 2.7629523, 9.2740469, 9.8311157, 9.8780422, 19.858084, 19.858738, 19.858934, 19.859034, 0.26744148, 0.26826924, 0.27762833, 0.34273967, 0.34831074, 0.34878027, 0.34929043, 0.34929368, 0.34929466, 0.34929517, 0.23096517
0.14017339, 0.72665906, 0.21801953, 1.5765995, 1.7240405, 2.6883812, 9.1581364, 9.8367901, 9.8800468, 19.857916, 19.858662, 19.858912, 19.859028, 0.26576257, 0.26723814, 0.27688205, 0.34158018, 0.34836724, 0.34880027, 0.34928960, 0.34929329, 0.34929454, 0.34929514, 0.21801953
0.14406356, 0.77363718, 0.23211436, 1.9736022, 1.5940040, 2.5907993, 9.0266180, 9.8327627, 9.8786535, 19.857706, 19.858566, 19.858881, 19.859016, 0.26973376, 0.26593894, 0.27590710, 0.34026554, 0.34832731, 0.34878641, 0.34928852, 0.34929281, 0.34929439, 0.34929508, 0.23211436
0.13527367, 0.66748965, 0.20026693, 1.5323132, 1.3698578, 2.4274797, 8.8406391, 9.8137140, 9.8709021, 19.856279, 19.858194, 19.858768, 19.858986, 0.26531848, 0.26369610, 0.27427259, 0.33840477, 0.34813625, 0.34870872, 0.34928140, 0.34929097, 0.34929383, 0.34929493, 0.20026693
0.12677492, 0.56485802, 0.16947436, 1.1189461, 1.1438906, 2.2509546, 8.6244373, 9.7976789, 9.8642807, 19.855124, 19.857895, 19.858709, 19.858955, 0.26118240, 0.26143458, 0.27250528, 0.33624110, 0.34797496, 0.34864217, 0.34927562, 0.34928948, 0.34929353, 0.34929478, 0.16947436
0.12054229, 0.48959219, 0.14689235, 0.82971454, 0.96984208, 2.0988793, 8.4092407, 9.7924061, 9.8620539, 19.854845, 19.857847, 19.858662, 19.858940, 0.25829488, 0.25969684, 0.27098706, 0.33409104, 0.34792325, 0.34862027, 0.34927422, 0.34928924, 0.34929329, 0.34929469, 0.14689235
0.19627258, 1.0000000, 0.42127740, 2.3651123, 4.2731786, 8.5218706, 9.1235638, 9.8144445, 9.8701077, 19.855324, 19.858000, 19.858662, 19.858929, 0.27364820, 0.29272863, 0.33521554, 0.34123495, 0.34814408, 0.34870094, 0.34927660, 0.34929001, 0.34929329, 0.34929463, 0.42127740
0.24935679, 1.0000000, 0.61361152, 3.5205164, 8.2399969, 9.4498081, 9.6583834, 9.8184824, 9.8716269, 19.855200, 19.857952, 19.858614, 19.858923, 0.28520516, 0.33239996, 0.34449810, 0.34658384, 0.34818482, 0.34871626, 0.34927601, 0.34928977, 0.34929305, 0.34929460, 0.61361152
0.23538527, 1.0000000, 0.56299007, 2.7228355, 7.8043637, 9.5890417, 9.7428026, 9.8295727, 9.8757248, 19.855370, 19.858000, 19.858614, 19.858923, 0.27722591, 0.32803941, 0.34588781, 0.34742749, 0.34829545, 0.34875715, 0.34927684, 0.34929001, 0.34929305, 0.34929460, 0.56299007
0.25796646, 1.0000000, 0.64480591, 3.7266312, 8.8155251, 9.6634817, 9.7834463, 9.8436508, 9.8810291, 19.855871, 19.858088, 19.858614, 19.858923, 0.28726631, 0.33815524, 0.34663481, 0.34783447, 0.34843650, 0.34881029, 0.34927934, 0.34929043, 0.34929305, 0.34929460, 0.64480591
0.24023041, 1.0000000, 0.58054495, 2.6232421, 8.5436316, 9.6056108, 9.7705212, 9.8348837, 9.8777161, 19.855404, 19.857965, 19.858566, 19.858923, 0.27623138, 0.33543429, 0.34605497, 0.34770498, 0.34834871, 0.34877715, 0.34927702, 0.34928983, 0.34929281, 0.34929460, 0.58054495
0.22960736, 1.0000000, 0.54205567, 2.3557305, 7.6997681, 9.6188850, 9.7743511, 9.8359890, 9.8782921, 19.855581, 19.858000, 19.858566, 19.858923, 0.27355549, 0.32699409, 0.34618661, 0.34774306, 0.34835964, 0.34878284, 0.34927791, 0.34929001, 0.34929281, 0.34929460, 0.54205567
0.22199684, 1.0000000, 0.51448131, 2.1752357, 7.0646920, 9.6502829, 9.7867651, 9.8424034, 9.8807364, 19.855902, 19.858051, 19.858566, 19.858923, 0.27174929, 0.32064092, 0.34649873, 0.34786683, 0.34842360, 0.34880722, 0.34927952, 0.34929025, 0.34929281, 0.34929460, 0.51448131
0.21105371, 1.0000000, 0.47483230, 1.9019902, 6.2207212, 9.6065617, 9.7738600, 9.8357763, 9.8785114, 19.855902, 19.858028, 19.858566, 19.858923, 0.26901975, 0.31220695, 0.34606540, 0.34773856, 0.34835774, 0.34878510, 0.34927952, 0.34929013, 0.34929281, 0.34929460, 0.47483230
0.20069104, 1.0000000, 0.43728638, 1.6619444, 5.3767681, 9.5939093, 9.7669697, 9.8320084, 9.8773479, 19.856030, 19.858046, 19.858566, 19.858923, 0.26661870, 0.30376622, 0.34593779, 0.34766942, 0.34831995, 0.34877345, 0.34928015, 0.34929022, 0.34929281, 0.34929460, 0.43728638
0.18989515, 1.0000000, 0.39817086, 1.4217228, 4.4806385, 9.5812645, 9.7581215, 9.8270483, 9.8757067, 19.856117, 19.858059, 19.858566, 19.858923, 0.26421678, 0.29480553, 0.34581172, 0.34758103, 0.34827039, 0.34875703, 0.34928060, 0.34929031, 0.34929281, 0.34929460, 0.39817086
0.18101659, 1.0000000, 0.36600214, 1.2254030, 3.7273724, 9.5972223, 9.7611723, 9.8284006, 9.8760538, 19.856030, 19.858034, 19.858566, 19.858923, 0.26225320, 0.28727221, 0.34597030, 0.34761134, 0.34828380, 0.34876049, 0.34928015, 0.34929016, 0.34929281, 0.34929460, 0.36600214
0.17265359, 1.0000000, 0.33570141, 1.0562778, 3.0096042, 9.5769262, 9.7574635, 9.8265629, 9.8756094, 19.856241, 19.858076, 19.858566, 19.858923, 0.26056245, 0.28009552, 0.34576839, 0.34757447, 0.34826553, 0.34875607, 0.34928119, 0.34929037, 0.34929281, 0.34929460, 0.33570141
0.16996646, 1.0000000, 0.32596543, 0.98384917, 2.9104829, 9.3614216, 9.7898169, 9.8436413, 9.8815165, 19.856394, 19.858112, 19.858566, 19.858923, 0.25983590, 0.27910021, 0.34360680, 0.34789664, 0.34843564, 0.34881490, 0.34928197, 0.34929055, 0.34929281, 0.34929460, 0.32596543
0.16661397, 1.0000000, 0.31381869, 0.87577701, 2.8024764, 9.1237106, 9.8006725, 9.8498545, 9.8834028, 19.856165, 19.858040, 19.858566, 19.858923, 0.25875658, 0.27802250, 0.34123337, 0.34800592, 0.34849817, 0.34883392, 0.34928083, 0.34929019, 0.34929281, 0.34929460, 0.31381869
0.16468018, 1.0000000, 0.30681223, 0.80755353, 2.7496190, 8.9835129, 9.8203773, 9.8603954, 9.8868437, 19.856117, 19.858040, 19.858566, 19.858923, 0.25807542, 0.27749595, 0.33983475, 0.34820369, 0.34860393, 0.34886843, 0.34928060, 0.34929019, 0.34929281, 0.34929460, 0.30681223
0.16149306, 0.98411721, 0.29526469, 0.69676340, 2.6482165, 8.7863321, 9.8195095, 9.8601837, 9.8864012, 19.855776, 19.857952, 19.858566, 19.858923, 0.25696725, 0.27648127, 0.33786184, 0.34819478, 0.34860167, 0.34886396, 0.34927887, 0.34928977, 0.34929281, 0.34929460, 0.29526469
0.15675589, 0.92691082, 0.27810106, 0.53362846, 2.4898081, 8.5078621, 9.8035755, 9.8518314, 9.8829956, 19.855040, 19.857786, 19.858551, 19.858923, 0.25533521, 0.27489507, 0.33507350, 0.34803456, 0.34851772, 0.34882975, 0.34927520, 0.34928894, 0.34929276, 0.34929460, 0.27810106
0.15361983, 0.88903940, 0.26673850, 0.41816831, 2.3963094, 8.3202066, 9.8114662, 9.8555679, 9.8840551, 19.854767, 19.857742, 19.858566, 19.858923, 0.25418079, 0.27396002, 0.33319676, 0.34811342, 0.34855506, 0.34884033, 0.34927383, 0.34928870, 0.34929281, 0.34929460, 0.26673850
0.14912280, 0.83473283, 0.25044489, 0.26218593, 2.2479177, 8.0530968, 9.8001480, 9.8494730, 9.8815393, 19.854177, 19.857574, 19.858540, 19.858923, 0.25262147, 0.27247715, 0.33052734, 0.34800059, 0.34849429, 0.34881523, 0.34927088, 0.34928787, 0.34929270, 0.34929460, 0.25044489
0.14541602, 0.78996950, 0.23701456, 0.14788806, 2.1213949, 7.7930760, 9.7967329, 9.8474283, 9.8808784, 19.854084, 19.857540, 19.858566, 19.858923, 0.25147852, 0.27121094, 0.32792524, 0.34796596, 0.34847361, 0.34880856, 0.34927040, 0.34928769, 0.34929281, 0.34929460, 0.23701456
0.14027053, 0.72783226, 0.21837151, 0.14781952E-1, 1.9245327, 7.3945475, 9.7699108, 9.8331375, 9.8758755, 19.853765, 19.857492, 19.858545, 19.858923, 0.25014779, 0.26924220, 0.32393944, 0.34769753, 0.34833059, 0.34875849, 0.34926882, 0.34928745, 0.34929273, 0.34929460, 0.21837151
0.13723511, 0.69117612, 0.20737357, 0.0000000, 1.7649412, 7.0308828, 9.7644453, 9.8296833, 9.8747120, 19.853685, 19.857494, 19.858561, 19.858923, 0.24999917, 0.26764730, 0.32030460, 0.34764329, 0.34829623, 0.34874693, 0.34926844, 0.34928748, 0.34929281, 0.34929460, 0.20737357
0.13323817, 0.64290881, 0.19289194, 0.0000000, 1.5301883, 6.5426416, 9.7367878, 9.8142595, 9.8686361, 19.852728, 19.857256, 19.858492, 19.858887, 0.24999917, 0.26529887, 0.31541997, 0.34736598, 0.34814164, 0.34868604, 0.34926364, 0.34928629, 0.34929246, 0.34929442, 0.19289194
0.12886590, 0.59010875, 0.17705034, 0.0000000, 1.2904942, 5.9734068, 9.7112465, 9.7993059, 9.8629179, 19.852140, 19.857122, 19.858492, 19.858850, 0.24999917, 0.26290053, 0.30972388, 0.34710917, 0.34799141, 0.34862861, 0.34926069, 0.34928560, 0.34929246, 0.34929425, 0.17705034
0.12597483, 0.55519605, 0.16657548, 0.0000000, 1.1540085, 5.5426369, 9.7282200, 9.8075981, 9.8661366, 19.852671, 19.857256, 19.858551, 19.858833, 0.24999917, 0.26153815, 0.30542168, 0.34728056, 0.34807515, 0.34866109, 0.34926337, 0.34928629, 0.34929276, 0.34929416, 0.16657548
0.12353642, 0.52574962, 0.15774067, 0.0000000, 1.0467887, 5.1644139, 9.7388105, 9.8138094, 9.8689594, 19.853466, 19.857494, 19.858566, 19.858828, 0.24999917, 0.26046777, 0.30164385, 0.34738797, 0.34813803, 0.34868956, 0.34926733, 0.34928748, 0.34929281, 0.34929413, 0.15774067
0.12042189, 0.48813826, 0.14645612, 0.0000000, 0.90915561, 4.6927433, 9.7182274, 9.8032789, 9.8657780, 19.854074, 19.857647, 19.858566, 19.858828, 0.24999917, 0.25909126, 0.29692665, 0.34718195, 0.34803262, 0.34865773, 0.34927037, 0.34928823, 0.34929281, 0.34929413, 0.14645612
0.11691074, 0.44573727, 0.13373455, 0.0000000, 0.75542629, 4.1580091, 9.6960211, 9.7906437, 9.8612099, 19.854225, 19.857658, 19.858561, 19.858828, 0.24999917, 0.25755388, 0.29157898, 0.34695971, 0.34790617, 0.34861201, 0.34927112, 0.34928828, 0.34929281, 0.34929413, 0.13373455
0.11509755, 0.42384100, 0.12716502, 0.0000000, 0.69101751, 3.8392589, 9.7348976, 9.8113832, 9.8687592, 19.854769, 19.857788, 19.858566, 19.858828, 0.24999917, 0.25690880, 0.28838879, 0.34734705, 0.34811285, 0.34868726, 0.34927386, 0.34928894, 0.34929281, 0.34929413, 0.12716502
0.11422826, 0.41334343, 0.12401543, 0.0000000, 0.66644549, 3.6659963, 9.7817163, 9.8373604, 9.8783617, 19.855392, 19.857965, 19.858566, 19.858828, 0.24999917, 0.25666338, 0.28665701, 0.34781557, 0.34837279, 0.34878334, 0.34927696, 0.34928983, 0.34929281, 0.34929413, 0.12401543
0.11304953, 0.39910898, 0.11974467, 0.0000000, 0.61867535, 3.4747744, 9.7884226, 9.8423529, 9.8804331, 19.855665, 19.858028, 19.858566, 19.858828, 0.24999917, 0.25618595, 0.28474551, 0.34788299, 0.34842291, 0.34880412, 0.34927833, 0.34929013, 0.34929281, 0.34929413, 0.11974467
0.11089002, 0.37303057, 0.11192036, 0.0000000, 0.52052736, 3.1592762, 9.7493467, 9.8222761, 9.8734627, 19.855440, 19.857929, 19.858566, 19.858828, 0.24999917, 0.25520495, 0.28159171, 0.34749284, 0.34822243, 0.34873450, 0.34927720, 0.34928966, 0.34929281, 0.34929413, 0.11192036
0.10908023, 0.35117537, 0.10536315, 0.0000000, 0.42580068, 2.9325366, 9.6523609, 9.8156013, 9.8707409, 19.854992, 19.857822, 19.858555, 19.858828, 0.24999917, 0.25425637, 0.27931973, 0.34651992, 0.34815413, 0.34870678, 0.34927496, 0.34928912, 0.34929278, 0.34929413, 0.10536315
0.10755651, 0.33277482, 0.99842429E-1, 0.0000000, 0.33024549, 2.7906923, 9.4788637, 9.8131866, 9.8693857, 19.854414, 19.857681, 19.858540, 19.858828, 0.24999917, 0.25330088, 0.27790031, 0.34478414, 0.34812954, 0.34869307, 0.34927207, 0.34928840, 0.34929270, 0.34929413, 0.99842429E-1
0.10629253, 0.31751087, 0.95262788E-1, 0.0000000, 0.24345517, 2.6871533, 9.3329496, 9.8206301, 9.8714762, 19.853830, 19.857527, 19.858534, 19.858828, 0.24999917, 0.25243348, 0.27686560, 0.34332538, 0.34820414, 0.34871405, 0.34926915, 0.34928763, 0.34929267, 0.34929413, 0.95262788E-1
0.10501984, 0.30214170, 0.90651572E-1, 0.0000000, 0.15280843, 2.5879741, 9.1952496, 9.8249941, 9.8725319, 19.853167, 19.857363, 19.858526, 19.858828, 0.24999917, 0.25152743, 0.27587420, 0.34194857, 0.34824783, 0.34872460, 0.34926584, 0.34928682, 0.34929264, 0.34929413, 0.90651572E-1
0.10423777, 0.29269734, 0.87817989E-1, 0.0000000, 0.93662739E-1, 2.5351434, 9.0952787, 9.8388243, 9.8773823, 19.853235, 19.857412, 19.858566, 19.858828, 0.24999917, 0.25093657, 0.27535051, 0.34095213, 0.34838790, 0.34877372, 0.34926617, 0.34928706, 0.34929281, 0.34929413, 0.87817989E-1
0.10298059, 0.27751562, 0.83263010E-1, 0.0000000, 0.40546060E-1, 2.3773015, 8.9116364, 9.8138180, 9.8691702, 19.853514, 19.857494, 19.858561, 19.858828, 0.24999917, 0.25040540, 0.27377138, 0.33911514, 0.34813750, 0.34869146, 0.34926757, 0.34928748, 0.34929281, 0.34929413, 0.83263010E-1
0.10151081, 0.25976634, 0.77937700E-1, 0.0000000, 0.0000000, 2.1586835, 8.6540613, 9.7842960, 9.8578672, 19.852600, 19.857269, 19.858471, 19.858805, 0.24999917, 0.24999957, 0.27158126, 0.33653614, 0.34784043, 0.34857783, 0.34926301, 0.34928635, 0.34929234, 0.34929401, 0.77937700E-1
0.10030851, 0.24524726, 0.73581539E-1, 0.0000000, 0.0000000, 1.9325137, 8.3451633, 9.7611427, 9.8491697, 19.852829, 19.857311, 19.858423, 19.858805, 0.24999917, 0.24999957, 0.26932082, 0.33344790, 0.34760925, 0.34849095, 0.34926414, 0.34928656, 0.34929210, 0.34929401, 0.73581539E-1
0.99248379E-1, 0.23244512, 0.69740511E-1, 0.0000000, 0.0000000, 1.7385513, 8.0367193, 9.7550230, 9.8464479, 19.853106, 19.857361, 19.858414, 19.858805, 0.24999917, 0.24999957, 0.26738355, 0.33036539, 0.34754911, 0.34846410, 0.34926552, 0.34928679, 0.34929207, 0.34929401, 0.69740511E-1
0.98014265E-1, 0.21754184, 0.65269083E-1, 0.0000000, 0.0000000, 1.5147924, 7.6755323, 9.7373505, 9.8390560, 19.852770, 19.857243, 19.858377, 19.858805, 0.24999917, 0.24999957, 0.26514533, 0.32675269, 0.34737185, 0.34838998, 0.34926385, 0.34928620, 0.34929189, 0.34929401, 0.65269083E-1
0.97035833E-1, 0.20572621, 0.61724033E-1, 0.0000000, 0.0000000, 1.3416588, 7.3550210, 9.7436075, 9.8403502, 19.852055, 19.857044, 19.858343, 19.858805, 0.24999917, 0.24999957, 0.26341581, 0.32354939, 0.34743550, 0.34840333, 0.34926027, 0.34928522, 0.34929171, 0.34929401, 0.61724033E-1
0.96071064E-1, 0.19407555, 0.58228489E-1, 0.0000000, 0.0000000, 1.1728883, 7.0341792, 9.7432280, 9.8396196, 19.851212, 19.856810, 19.858301, 19.858805, 0.24999917, 0.24999957, 0.26172787, 0.32034057, 0.34743145, 0.34839588, 0.34925607, 0.34928405, 0.34929150, 0.34929401, 0.58228489E-1
0.95024943E-1, 0.18144257, 0.54438218E-1, 0.0000000, 0.0000000, 0.99308491, 6.6787448, 9.7296753, 9.8339815, 19.850365, 19.856583, 19.858250, 19.858805, 0.24999917, 0.24999957, 0.25992805, 0.31678367, 0.34729397, 0.34833890, 0.34925181, 0.34928292, 0.34929127, 0.34929401, 0.54438218E-1
0.94416000E-1, 0.17408884, 0.52231874E-1, 0.0000000, 0.0000000, 0.89465380, 6.4188442, 9.7567339, 9.8441162, 19.850576, 19.856636, 19.858273, 19.858805, 0.24999917, 0.24999957, 0.25894576, 0.31418735, 0.34756652, 0.34844086, 0.34925288, 0.34928319, 0.34929135, 0.34929401, 0.52231874E-1
0.93964353E-1, 0.16863474, 0.50595485E-1, 0.0000000, 0.0000000, 0.82487464, 6.2120709, 9.7763309, 9.8525476, 19.851307, 19.856850, 19.858330, 19.858805, 0.24999917, 0.24999957, 0.25824660, 0.31211746, 0.34776074, 0.34852460, 0.34925655, 0.34928423, 0.34929165, 0.34929401, 0.50595485E-1
0.99284470E-1, 0.23288091, 0.69871262E-1, 0.43575764, 0.0000000, 0.70537925, 5.9747472, 9.7702599, 9.8497658, 19.849934, 19.856489, 19.858242, 19.858805, 0.25435728, 0.24999957, 0.25705364, 0.30974722, 0.34770238, 0.34849760, 0.34924966, 0.34928244, 0.34929121, 0.34929401, 0.69871262E-1
0.95764935E-1, 0.19037873, 0.57119332E-1, 0.21416247, 0.0000000, 0.63143373, 5.7819815, 9.7850676, 9.8554077, 19.850027, 19.856501, 19.858242, 19.858805, 0.25213999, 0.24999957, 0.25631288, 0.30781716, 0.34784845, 0.34855333, 0.34925014, 0.34928250, 0.34929121, 0.34929401, 0.57119332E-1
0.92263460E-1, 0.14809461, 0.44432826E-1, 0.0000000, 0.0000000, 0.54271519, 5.5679717, 9.7778645, 9.8529730, 19.849817, 19.856441, 19.858231, 19.858805, 0.24999908, 0.24999957, 0.25542504, 0.30567539, 0.34777486, 0.34852844, 0.34924909, 0.34928221, 0.34929115, 0.34929401, 0.44432826E-1
0.91956608E-1, 0.14438900, 0.43321036E-1, 0.0000000, 0.0000000, 0.50110817, 5.3979478, 9.7922287, 9.8591957, 19.851078, 19.856779, 19.858313, 19.858805, 0.24999908, 0.24999957, 0.25500810, 0.30397305, 0.34791645, 0.34858999, 0.34925538, 0.34928390, 0.34929156, 0.34929401, 0.43321036E-1
0.91582298E-1, 0.13986889, 0.41964862E-1, 0.0000000, 0.0000000, 0.44954717, 5.2082686, 9.7825594, 9.8566589, 19.851992, 19.857033, 19.858389, 19.858805, 0.24999908, 0.24999957, 0.25449339, 0.30207789, 0.34782109, 0.34856507, 0.34925997, 0.34928516, 0.34929195, 0.34929401, 0.41964862E-1
0.91125891E-1, 0.13435721, 0.40311195E-1, 0.0000000, 0.0000000, 0.38596988, 4.9815664, 9.7686710, 9.8515739, 19.852339, 19.857101, 19.858414, 19.858805, 0.24999908, 0.24999957, 0.25385901, 0.29981390, 0.34768498, 0.34851518, 0.34926170, 0.34928551, 0.34929207, 0.34929401, 0.40311195E-1
0.90760976E-1, 0.12995052, 0.38989056E-1, 0.0000000, 0.0000000, 0.33383667, 4.7939382, 9.7831860, 9.8564672, 19.852364, 19.857096, 19.858397, 19.858805, 0.24999908, 0.24999957, 0.25333720, 0.29793602, 0.34782842, 0.34856352, 0.34926182, 0.34928548, 0.34929198, 0.34929401, 0.38989056E-1
0.90452828E-1, 0.12622927, 0.37872571E-1, 0.0000000, 0.0000000, 0.28951466, 4.6361542, 9.7958889, 9.8612671, 19.852444, 19.857107, 19.858408, 19.858805, 0.24999908, 0.24999957, 0.25289413, 0.29635826, 0.34795544, 0.34861150, 0.34926221, 0.34928554, 0.34929204, 0.34929401, 0.37872571E-1
0.89788750E-1, 0.11820984, 0.35466500E-1, 0.0000000, 0.0000000, 0.18619597, 4.3748059, 9.7530165, 9.8443928, 19.850513, 19.856607, 19.858261, 19.858805, 0.24999908, 0.24999957, 0.25186127, 0.29374486, 0.34752661, 0.34844273, 0.34925258, 0.34928304, 0.34929129, 0.34929401, 0.35466500E-1
0.89073092E-1, 0.10956741, 0.32873511E-1, 0.0000000, 0.0000000, 0.86700916E-1, 4.0310016, 9.7121582, 9.8270712, 19.848986, 19.856232, 19.858183, 19.858805, 0.24999908, 0.24999957, 0.25086671, 0.29030734, 0.34711838, 0.34826961, 0.34924492, 0.34928116, 0.34929091, 0.34929401, 0.32873511E-1
0.88409640E-1, 0.10155553, 0.30469704E-1, 0.0000000, 0.0000000, 0.14692545E-1, 3.6086967, 9.6784286, 9.8118410, 19.848608, 19.856113, 19.858171, 19.858805, 0.24999908, 0.24999957, 0.25014693, 0.28608632, 0.34678343, 0.34811813, 0.34924304, 0.34928057, 0.34929085, 0.34929401, 0.30469704E-1
0.88096999E-1, 0.97780041E-1, 0.29336946E-1, 0.0000000, 0.0000000, 0.0000000, 3.2867858, 9.7104197, 9.8242636, 19.850086, 19.856514, 19.858250, 19.858805, 0.24999908, 0.24999957, 0.24999990, 0.28286570, 0.34710103, 0.34824157, 0.34925044, 0.34928256, 0.34929127, 0.34929401, 0.29336946E-1
0.10449550, 0.29580981, 0.88751815E-1, 1.1987895, 0.0000000, 0.0000000, 3.0836124, 9.7624731, 9.8455830, 19.851362, 19.856861, 19.858330, 19.858805, 0.26198691, 0.24999957, 0.24999990, 0.28083599, 0.34762448, 0.34845576, 0.34925681, 0.34928429, 0.34929165, 0.34929401, 0.88751815E-1
0.13289860, 0.63880801, 0.19166158, 2.7027309, 0.93335807, 0.0000000, 2.9890866, 9.7518778, 9.8603544, 19.852055, 19.857027, 19.858389, 19.858805, 0.27702713, 0.25933355, 0.24999990, 0.27989087, 0.34751874, 0.34860355, 0.34926027, 0.34928513, 0.34929195, 0.34929401, 0.19166158
0.12829214, 0.58318019, 0.17497155, 2.4255812, 0.84500909, 0.0000000, 2.9633582, 9.6809988, 9.8679733, 19.852457, 19.857121, 19.858408, 19.858805, 0.27425522, 0.25844997, 0.24999990, 0.27963355, 0.34680992, 0.34867969, 0.34926230, 0.34928560, 0.34929204, 0.34929401, 0.17497155
0.12361306, 0.52667511, 0.15801834, 2.1431537, 0.75704753, 0.0000000, 2.9362650, 9.6100235, 9.8714733, 19.852846, 19.857239, 19.858423, 19.858805, 0.27142972, 0.25757009, 0.24999990, 0.27936250, 0.34610000, 0.34871465, 0.34926423, 0.34928620, 0.34929210, 0.34929401, 0.15801834
0.11895120, 0.47037810, 0.14112754, 1.8869102, 0.63030720, 0.0000000, 2.8927832, 9.5152483, 9.8670454, 19.852900, 19.857267, 19.858402, 19.858805, 0.26886699, 0.25630265, 0.24999990, 0.27892762, 0.34515217, 0.34867033, 0.34926450, 0.34928635, 0.34929201, 0.34929401, 0.14112754
0.11445215, 0.41604710, 0.12482661, 1.6176760, 0.54228604, 0.0000000, 2.8625579, 9.4403191, 9.8700972, 19.853041, 19.857304, 19.858419, 19.858805, 0.26617518, 0.25542253, 0.24999990, 0.27862540, 0.34440294, 0.34870088, 0.34926522, 0.34928653, 0.34929210, 0.34929401, 0.12482661
0.10860275, 0.34540927, 0.10363314, 1.2767971, 0.41304529, 0.0000000, 2.8196573, 9.3580141, 9.8688908, 19.852167, 19.857067, 19.858355, 19.858805, 0.26276293, 0.25412947, 0.24999990, 0.27819592, 0.34357902, 0.34868851, 0.34926084, 0.34928533, 0.34929177, 0.34929401, 0.10363314
0.10019038, 0.24382080, 0.73153555E-1, 0.79367161, 0.21436512, 0.0000000, 2.7514248, 9.2517405, 9.8611021, 19.849934, 19.856466, 19.858208, 19.858805, 0.25793254, 0.25214297, 0.24999990, 0.27751338, 0.34251595, 0.34861052, 0.34924966, 0.34928232, 0.34929103, 0.34929401, 0.73153555E-1
0.96698403E-1, 0.20165138, 0.60501464E-1, 0.59625208, 0.12812614, 0.0000000, 2.7211785, 9.1809492, 9.8674202, 19.850241, 19.856525, 19.858231, 19.858805, 0.25595826, 0.25128073, 0.24999990, 0.27721062, 0.34180751, 0.34867349, 0.34925121, 0.34928262, 0.34929115, 0.34929401, 0.60501464E-1
0.14981630, 0.84310758, 0.25295758, 2.3644388, 2.3087115, 2.1404922, 4.6886153, 9.5793381, 9.8747616, 19.850965, 19.856724, 19.858284, 19.858805, 0.27364364, 0.27308670, 0.27140471, 0.29688606, 0.34579328, 0.34874758, 0.34925482, 0.34928364, 0.34929141, 0.34929401, 0.25295758
0.20963863, 1.0000000, 0.46970513, 2.6800513, 4.9307027, 9.3052034, 9.5374413, 9.7691269, 9.8807030, 19.851868, 19.856997, 19.858360, 19.858805, 0.27680022, 0.29930669, 0.34305173, 0.34537435, 0.34769124, 0.34880704, 0.34925935, 0.34928498, 0.34929180, 0.34929401, 0.46970513
0.29205033, 1.0000000, 0.76829827, 6.1336336, 8.9577456, 9.6027298, 9.7229567, 9.8225222, 9.8830156, 19.852221, 19.857061, 19.858408, 19.858805, 0.31133622, 0.33957735, 0.34602726, 0.34722957, 0.34822524, 0.34883016, 0.34926111, 0.34928530, 0.34929204, 0.34929401, 0.76829827
0.27279684, 1.0000000, 0.69853926, 4.4373384, 9.4457607, 9.6245289, 9.7552385, 9.8306961, 9.8782215, 19.851028, 19.856756, 19.858301, 19.858805, 0.29437143, 0.34445509, 0.34624401, 0.34755212, 0.34830683, 0.34878218, 0.34925514, 0.34928378, 0.34929150, 0.34929401, 0.69853926
0.25676072, 1.0000000, 0.64043736, 3.2554908, 9.4724760, 9.6356230, 9.7655096, 9.8320446, 9.8749304, 19.850010, 19.856514, 19.858231, 19.858805, 0.28255251, 0.34472057, 0.34635407, 0.34765464, 0.34832025, 0.34874925, 0.34925005, 0.34928256, 0.34929115, 0.34929401, 0.64043736
0.24337083, 1.0000000, 0.59192330, 2.6332288, 8.8964882, 9.6280155, 9.7645140, 9.8292894, 9.8720808, 19.849167, 19.856297, 19.858189, 19.858805, 0.27633020, 0.33896068, 0.34627786, 0.34764466, 0.34829265, 0.34872073, 0.34924585, 0.34928149, 0.34929094, 0.34929401, 0.59192330
0.27151078, 1.0000000, 0.69387960, 4.2751894, 9.5012674, 9.7308950, 9.8044729, 9.8495102, 9.8798409, 19.850866, 19.856714, 19.858288, 19.858805, 0.29275101, 0.34501147, 0.34730831, 0.34804460, 0.34849504, 0.34879836, 0.34925434, 0.34928358, 0.34929144, 0.34929401, 0.69387960
0.26194197, 1.0000000, 0.65921003, 3.5323110, 9.5890541, 9.7197971, 9.8073215, 9.8513308, 9.8801689, 19.851002, 19.856768, 19.858301, 19.858805, 0.28532192, 0.34588861, 0.34719700, 0.34807301, 0.34851322, 0.34880164, 0.34925503, 0.34928384, 0.34929150, 0.34929401, 0.65921003
0.25670999, 1.0000000, 0.64025348, 3.0928912, 9.6683550, 9.7579451, 9.8231039, 9.8597040, 9.8833818, 19.851768, 19.856979, 19.858355, 19.858805, 0.28092796, 0.34668177, 0.34757856, 0.34823087, 0.34859696, 0.34883380, 0.34925884, 0.34928489, 0.34929177, 0.34929401, 0.64025348
0.25132364, 1.0000000, 0.62073779, 2.8337984, 9.4523268, 9.7519512, 9.8249712, 9.8609295, 9.8837757, 19.852022, 19.857033, 19.858389, 19.858805, 0.27833724, 0.34452176, 0.34751874, 0.34824955, 0.34860921, 0.34883773, 0.34926012, 0.34928516, 0.34929195, 0.34929401, 0.62073779
0.24129701, 1.0000000, 0.58440942, 2.6103258, 8.6710081, 9.6461582, 9.7897205, 9.8425713, 9.8767643, 19.851042, 19.856773, 19.858313, 19.858805, 0.27610317, 0.33670995, 0.34646150, 0.34789717, 0.34842572, 0.34876764, 0.34925520, 0.34928387, 0.34929156, 0.34929401, 0.58440942
0.22586994, 1.0000000, 0.52851427, 2.0971985, 7.6910868, 9.5988531, 9.7593718, 9.8255787, 9.8697901, 19.849358, 19.856361, 19.858194, 19.858805, 0.27097109, 0.32690886, 0.34598729, 0.34759349, 0.34825566, 0.34869787, 0.34924680, 0.34928182, 0.34929097, 0.34929401, 0.52851427
0.23504096, 1.0000000, 0.56174260, 2.5405943, 7.9982028, 9.7125483, 9.7969103, 9.8447866, 9.8776083, 19.850712, 19.856699, 19.858301, 19.858805, 0.27540448, 0.32997927, 0.34712380, 0.34796879, 0.34844768, 0.34877601, 0.34925357, 0.34928349, 0.34929150, 0.34929401, 0.56174260
0.21966526, 1.0000000, 0.50603354, 2.2039950, 6.7926254, 9.5473309, 9.7335854, 9.8109217, 9.8632774, 19.847378, 19.855829, 19.858095, 19.858757, 0.27203965, 0.31792569, 0.34547293, 0.34733576, 0.34810919, 0.34863278, 0.34923691, 0.34927914, 0.34929049, 0.34929377, 0.50603354
0.20004457, 1.0000000, 0.43494406, 1.5780091, 5.4892406, 9.5090818, 9.7070322, 9.7946787, 9.8565912, 19.845833, 19.855417, 19.858021, 19.858757, 0.26577929, 0.30489075, 0.34508935, 0.34707004, 0.34794664, 0.34856585, 0.34922916, 0.34927708, 0.34929010, 0.34929377, 0.43494406
0.19037563, 1.0000000, 0.39991164, 1.3266474, 4.6955690, 9.5906429, 9.7385168, 9.8108063, 9.8634329, 19.847187, 19.855780, 19.858154, 19.858757, 0.26326573, 0.29695413, 0.34590483, 0.34738484, 0.34810787, 0.34863427, 0.34923595, 0.34927890, 0.34929079, 0.34929377, 0.39991164
0.22115275, 1.0000000, 0.51142299, 2.5245607, 6.3460293, 9.7169638, 9.7906322, 9.8394690, 9.8751221, 19.849463, 19.856390, 19.858284, 19.858757, 0.27524480, 0.31345907, 0.34716871, 0.34790614, 0.34839460, 0.34875119, 0.34924731, 0.34928197, 0.34929141, 0.34929377, 0.51142299
0.22091359, 1.0000000, 0.51055646, 2.6416302, 6.1026492, 9.7489500, 9.8140078, 9.8533440, 9.8809233, 19.851042, 19.856798, 19.858377, 19.858757, 0.27641618, 0.31102630, 0.34748939, 0.34814003, 0.34853345, 0.34880924, 0.34925520, 0.34928399, 0.34929189, 0.34929377, 0.51055646
0.35599875, 1.0000000, 0.99999547, 9.9999542, 9.9999752, 9.9999876, 9.9999990, 9.9999990, 9.9999990, 19.999998, 19.999998, 19.999998, 19.996996, 0.34999937, 0.34999964, 0.34999982, 0.34999999, 0.34999999, 0.34999999, 0.34999999, 0.34999999, 0.34999999, 0.34998497, 0.99999547
0.35599971, 1.0000000, 0.99999893, 9.9999990, 9.9999990, 9.9999990, 9.9999990, 9.9999990, 9.9999990, 19.999998, 19.999998, 19.999998, 19.998999, 0.34999985, 0.34999990, 0.34999996, 0.34999999, 0.34999999, 0.34999999, 0.34999999, 0.34999999, 0.34999999, 0.34999499, 0.99999893
0.35600001, 1.0000000, 1.0000000, 9.9999990, 9.9999990, 9.9999990, 9.9999990, 9.9999990, 9.9999990, 19.999998, 19.999998, 19.999998, 19.998999, 0.34999999, 0.34999999, 0.34999999, 0.34999999, 0.34999999, 0.34999999, 0.34999999, 0.34999999, 0.34999999, 0.34999499, 1.0000000
0.35599971, 1.0000000, 0.99999893, 9.9999990, 9.9999990, 9.9999990, 9.9999990, 9.9999990, 9.9999990, 19.999998, 19.999998, 19.999998, 19.998999, 0.34999985, 0.34999990, 0.34999996, 0.34999999, 0.34999999, 0.34999999, 0.34999999, 0.34999999, 0.34999999, 0.34999499, 0.99999893
0.34750116, 1.0000000, 0.96920711, 9.5852242, 9.7397919, 9.8597813, 9.9627838, 9.9810724, 9.9927511, 19.999050, 19.999748, 19.999815, 19.980127, 0.34585211, 0.34739783, 0.34859779, 0.34962785, 0.34981072, 0.34992751, 0.34999526, 0.34999874, 0.34999907, 0.34990063, 0.96920711
0.32941043, 1.0000000, 0.90366101, 8.4305105, 9.5499840, 9.7355261, 9.9064884, 9.9509144, 9.9797354, 19.996298, 19.999033, 19.998432, 19.957331, 0.33430079, 0.34549692, 0.34735376, 0.34906459, 0.34950900, 0.34979731, 0.34998149, 0.34999517, 0.34999216, 0.34978664, 0.90366101
0.29560202, 1.0000000, 0.78116673, 6.1423502, 9.3612185, 9.5976868, 9.8138933, 9.8969669, 9.9538250, 19.989491, 19.997236, 19.994577, 19.936649, 0.31142151, 0.34361038, 0.34597594, 0.34813875, 0.34896958, 0.34953824, 0.34994745, 0.34998620, 0.34997290, 0.34968325, 0.78116673
0.25557807, 1.0000000, 0.63615239, 3.3278046, 9.2675066, 9.5184574, 9.7441654, 9.8496971, 9.9286356, 19.982374, 19.995291, 19.987911, 19.918892, 0.28327706, 0.34267339, 0.34518370, 0.34744146, 0.34849688, 0.34928632, 0.34991187, 0.34997645, 0.34993955, 0.34959447, 0.63615239
0.22536074, 1.0000000, 0.52666932, 2.0514429, 7.7680898, 9.4840593, 9.7063942, 9.8196945, 9.9099693, 19.975868, 19.993189, 19.978374, 19.904278, 0.27051371, 0.32767925, 0.34483957, 0.34706375, 0.34819683, 0.34909967, 0.34987932, 0.34996593, 0.34989187, 0.34952140, 0.52666932
0.19868135, 1.0000000, 0.43000492, 1.2464315, 5.9034424, 9.4592619, 9.6834059, 9.8003731, 9.8969421, 19.970303, 19.990702, 19.966467, 19.892651, 0.26246384, 0.30903307, 0.34459156, 0.34683385, 0.34800363, 0.34896940, 0.34985152, 0.34995350, 0.34983233, 0.34946325, 0.43000492
0.18018261, 1.0000000, 0.36298043, 0.77175796, 4.4485116, 9.4813786, 9.6936455, 9.8027925, 9.8954563, 19.967400, 19.987888, 19.953127, 19.883751, 0.25771680, 0.29448244, 0.34481096, 0.34693587, 0.34802762, 0.34895447, 0.34983701, 0.34993944, 0.34976563, 0.34941876, 0.36298043
0.15849279, 0.94788575, 0.28439417, 0.13567209, 2.9904814, 9.2850943, 9.6673937, 9.7861462, 9.8856478, 19.961754, 19.982868, 19.938942, 19.876980, 0.25135666, 0.27990404, 0.34284973, 0.34667370, 0.34786135, 0.34885645, 0.34980875, 0.34991434, 0.34969470, 0.34938490, 0.28439417
0.14777485, 0.81845480, 0.24556100, 0.0000000, 2.4197876, 8.2933369, 9.6554890, 9.7775421, 9.8809128, 19.958271, 19.976559, 19.925211, 19.871954, 0.24997859, 0.27419683, 0.33293161, 0.34655446, 0.34777522, 0.34880906, 0.34979135, 0.34988278, 0.34962606, 0.34935978, 0.24556100
0.13820195, 0.70285189, 0.21087666, 0.0000000, 1.8263727, 7.1743336, 9.6310654, 9.7615776, 9.8727474, 19.954134, 19.968143, 19.912483, 19.868269, 0.24997859, 0.26826349, 0.32174286, 0.34631053, 0.34761572, 0.34872743, 0.34977067, 0.34984070, 0.34956241, 0.34934133, 0.21087666
0.13047782, 0.60957444, 0.18289062, 0.0000000, 1.3820440, 6.1979237, 9.6304836, 9.7599945, 9.8709946, 19.950689, 19.958195, 19.901302, 19.865601, 0.24997859, 0.26381946, 0.31197703, 0.34630415, 0.34759960, 0.34870982, 0.34975344, 0.34979099, 0.34950650, 0.34932801, 0.18289062
0.12536103, 0.54778361, 0.16435152, 0.0000000, 1.1123329, 5.4933977, 9.6619787, 9.7779055, 9.8781939, 19.948004, 19.947218, 19.891909, 19.863684, 0.24997859, 0.26112172, 0.30493000, 0.34661838, 0.34777835, 0.34878170, 0.34974003, 0.34973609, 0.34945953, 0.34931841, 0.16435152
0.14565825, 0.79289484, 0.23789224, 1.4064640, 1.6082913, 4.7214460, 9.6442299, 9.7681074, 9.8721552, 19.940269, 19.934435, 19.883944, 19.862261, 0.26406208, 0.26608115, 0.29721189, 0.34644124, 0.34768054, 0.34872139, 0.34970134, 0.34967217, 0.34941971, 0.34931129, 0.23789224
0.12462899, 0.53894359, 0.16169925, 0.49619377, 1.0492116, 3.8059328, 9.6067400, 9.7447252, 9.8602667, 19.931099, 19.921516, 19.877541, 19.861214, 0.25495854, 0.26048779, 0.28805149, 0.34606344, 0.34744525, 0.34860197, 0.34965551, 0.34960759, 0.34938771, 0.34930608, 0.16169925
0.11057080, 0.36917573, 0.11076380, 0.0000000, 0.59725642, 2.9921384, 9.4855137, 9.7299967, 9.8517942, 19.921999, 19.909491, 19.872562, 19.860474, 0.24999090, 0.25597075, 0.27991682, 0.34485224, 0.34729847, 0.34851745, 0.34961000, 0.34954745, 0.34936282, 0.34930235, 0.11076380
0.10591159, 0.31291062, 0.93882576E-1, 0.0000000, 0.29690266, 2.5606422, 9.0235701, 9.7235203, 9.8475771, 19.914291, 19.899147, 19.868855, 19.859985, 0.24999090, 0.25296772, 0.27560079, 0.34023175, 0.34723306, 0.34847504, 0.34957147, 0.34949574, 0.34934428, 0.34929994, 0.93882576E-1
0.10126067, 0.25674570, 0.77031411E-1, 0.0000000, 0.31033158E-1, 2.0819604, 8.4734097, 9.6966105, 9.8343077, 19.905376, 19.890001, 19.866014, 19.859627, 0.24999090, 0.25031015, 0.27081370, 0.33472928, 0.34696335, 0.34834215, 0.34952688, 0.34944999, 0.34933007, 0.34929812, 0.77031411E-1
0.98724693E-1, 0.22612105, 0.67843102E-1, 0.0000000, 0.0000000, 1.6513497, 7.8825803, 9.6775236, 9.8236094, 19.896933, 19.882442, 19.863901, 19.859392, 0.24999090, 0.24999911, 0.26651192, 0.32882428, 0.34677431, 0.34823576, 0.34948465, 0.34941220, 0.34931952, 0.34929696, 0.67843102E-1
0.96915670E-1, 0.20427509, 0.61288655E-1, 0.0000000, 0.0000000, 1.3240963, 7.3338089, 9.6811619, 9.8223877, 19.889145, 19.876345, 19.862370, 19.859251, 0.24999090, 0.24999911, 0.26323730, 0.32333404, 0.34680894, 0.34822297, 0.34944573, 0.34938172, 0.34931186, 0.34929627, 0.61288655E-1
0.94732143E-1, 0.17790662, 0.53377323E-1, 0.0000000, 0.0000000, 0.94310343, 6.6253633, 9.6373682, 9.8013496, 19.881163, 19.871300, 19.861210, 19.859163, 0.24999090, 0.24999911, 0.25943005, 0.31625226, 0.34637269, 0.34801316, 0.34940583, 0.34935650, 0.34930605, 0.34929582, 0.53377323E-1
0.93013443E-1, 0.15715148, 0.47150157E-1, 0.0000000, 0.0000000, 0.66662133, 5.9360414, 9.6337500, 9.7961264, 19.874517, 19.867466, 19.860388, 19.859098, 0.24999090, 0.24999911, 0.25666359, 0.30935574, 0.34633368, 0.34795997, 0.34937260, 0.34933734, 0.34930193, 0.34929550, 0.47150157E-1
0.92322178E-1, 0.14880367, 0.44645566E-1, 0.0000000, 0.0000000, 0.57324469, 5.5281787, 9.7011347, 9.8240099, 19.871298, 19.865143, 19.859938, 19.859076, 0.24999090, 0.24999911, 0.25573188, 0.30528066, 0.34701037, 0.34823978, 0.34935647, 0.34932572, 0.34929970, 0.34929538, 0.44645566E-1
0.91293864E-1, 0.13638571, 0.40919807E-1, 0.0000000, 0.0000000, 0.42260289, 5.0515394, 9.6796446, 9.8163424, 19.866907, 19.862974, 19.859533, 19.859022, 0.24999090, 0.24999911, 0.25422546, 0.30051398, 0.34679511, 0.34816298, 0.34933454, 0.34931487, 0.34929767, 0.34929511, 0.40919807E-1
0.90340503E-1, 0.12487280, 0.37465587E-1, 0.0000000, 0.0000000, 0.28699934, 4.5818467, 9.6730251, 9.8122721, 19.862427, 19.861139, 19.859205, 19.858955, 0.24999090, 0.24999911, 0.25286978, 0.29581782, 0.34672958, 0.34812248, 0.34931213, 0.34930569, 0.34929603, 0.34929478, 0.37465587E-1
0.89154564E-1, 0.11055135, 0.33168722E-1, 0.0000000, 0.0000000, 0.14222264, 3.9098084, 9.6107798, 9.7832336, 19.858744, 19.859732, 19.858950, 19.858892, 0.24999090, 0.24999911, 0.25142181, 0.28909570, 0.34610486, 0.34783134, 0.34929371, 0.34929866, 0.34929475, 0.34929445, 0.33168722E-1
0.13530645, 0.66788542, 0.20038567, 2.1588683, 1.9966483, 0.13611317, 3.6637735, 9.7498102, 9.8388720, 19.858799, 19.859438, 19.858938, 19.858887, 0.27158359, 0.26996365, 0.25136104, 0.28663722, 0.34749743, 0.34838849, 0.34929401, 0.34929720, 0.34929469, 0.34929442, 0.20038567
0.13029742, 0.60739613, 0.18223706, 1.8960714, 1.8500119, 0.12003183, 3.5078056, 9.7877216, 9.8576107, 19.858442, 19.859192, 19.858902, 19.858881, 0.26896054, 0.26850003, 0.25120032, 0.28507802, 0.34787717, 0.34857610, 0.34929222, 0.34929597, 0.34929451, 0.34929439, 0.18223706
0.15132979, 0.86138475, 0.25844127, 2.6841104, 2.3572116, 1.5926898, 3.3432856, 9.7891998, 9.8598976, 19.857231, 19.858765, 19.858786, 19.858850, 0.27683899, 0.27357101, 0.26592651, 0.28343269, 0.34789175, 0.34859890, 0.34928614, 0.34929383, 0.34929392, 0.34929425, 0.25844127
0.18098933, 1.0000000, 0.36590332, 2.1091676, 3.2068658, 7.7479310, 9.4490366, 9.8273029, 9.8744545, 19.857079, 19.858589, 19.858780, 19.858850, 0.27109110, 0.28206816, 0.32747868, 0.34449020, 0.34827295, 0.34874451, 0.34928539, 0.34929293, 0.34929389, 0.34929425, 0.36590332
0.24319130, 1.0000000, 0.59127277, 2.7956395, 8.6431684, 9.5523357, 9.7317190, 9.8502541, 9.8832674, 19.857122, 19.858519, 19.858780, 19.858850, 0.27795628, 0.33643144, 0.34552324, 0.34731716, 0.34850255, 0.34883267, 0.34928560, 0.34929258, 0.34929389, 0.34929425, 0.59127277
0.35600001, 1.0000000, 1.0000000, 9.9999990, 9.9999990, 9.9999990, 9.9999990, 9.9999990, 9.9999990, 19.999998, 19.999998, 19.999998, 19.997997, 0.34999999, 0.34999999, 0.34999999, 0.34999999, 0.34999999, 0.34999999, 0.34999999, 0.34999999, 0.34999999, 0.34998998, 1.0000000
0.33310884, 1.0000000, 0.91706091, 8.6755877, 9.5735159, 9.7574034, 9.9290657, 9.9634781, 9.9860029, 19.998295, 19.999552, 19.999611, 19.974239, 0.33675447, 0.34573424, 0.34757355, 0.34929058, 0.34963471, 0.34985998, 0.34999147, 0.34999776, 0.34999806, 0.34987119, 0.91706091
0.32906502, 1.0000000, 0.90240949, 8.4270086, 9.5283499, 9.7121840, 9.8888445, 9.9402561, 9.9758606, 19.996584, 19.999105, 19.997837, 19.951935, 0.33426493, 0.34527999, 0.34712005, 0.34888810, 0.34940237, 0.34975854, 0.34998292, 0.34999552, 0.34998918, 0.34975967, 0.90240949
0.35600001, 1.0000000, 1.0000000, 9.9999990, 9.9999990, 9.9999990, 9.9999990, 9.9999990, 9.9999990, 19.999998, 19.999998, 19.999998, 19.998999, 0.34999999, 0.34999999, 0.34999999, 0.34999999, 0.34999999, 0.34999999, 0.34999999, 0.34999999, 0.34999999, 0.34999499, 1.0000000
0.35212165, 1.0000000, 0.98594803, 9.7985516, 9.8959923, 9.9463034, 9.9874973, 9.9936876, 9.9977055, 19.999802, 19.999950, 19.999750, 19.975233, 0.34798470, 0.34895945, 0.34946281, 0.34987491, 0.34993684, 0.34997705, 0.34999901, 0.34999976, 0.34999874, 0.34987617, 0.98594803
0.33783937, 1.0000000, 0.93420058, 8.9579468, 9.6493368, 9.8027306, 9.9458380, 9.9722309, 9.9897432, 19.999100, 19.999767, 19.998127, 19.952848, 0.33957833, 0.34649262, 0.34802690, 0.34945831, 0.34972230, 0.34989744, 0.34999549, 0.34999883, 0.34999064, 0.34976423, 0.93420058
0.32454973, 1.0000000, 0.88604975, 8.1444979, 9.4693708, 9.6796188, 9.8851290, 9.9389677, 9.9761639, 19.997252, 19.999289, 19.994076, 19.932806, 0.33144465, 0.34469348, 0.34679607, 0.34885126, 0.34938967, 0.34976164, 0.34998626, 0.34999645, 0.34997037, 0.34966403, 0.88604975
0.31332475, 1.0000000, 0.84537953, 7.2507911, 9.5776949, 9.7335100, 9.8794041, 9.9325275, 9.9720955, 19.996494, 19.998997, 19.987253, 19.915787, 0.32250583, 0.34577531, 0.34733427, 0.34879386, 0.34932518, 0.34972093, 0.34998247, 0.34999499, 0.34993628, 0.34957892, 0.84537953
0.31628990, 1.0000000, 0.85612285, 7.4555879, 9.5932856, 9.7407703, 9.8714743, 9.9256010, 9.9674540, 19.995256, 19.998312, 19.977552, 19.901842, 0.32454917, 0.34592766, 0.34740508, 0.34871420, 0.34925574, 0.34967443, 0.34997627, 0.34999156, 0.34988776, 0.34950921, 0.85612285
0.27634892, 1.0000000, 0.71140909, 4.8045359, 9.2968807, 9.5490522, 9.7809772, 9.8729248, 9.9427242, 19.990074, 19.995975, 19.965290, 19.890795, 0.29803649, 0.34295851, 0.34548524, 0.34780869, 0.34872872, 0.34942707, 0.34995037, 0.34997988, 0.34982646, 0.34945399, 0.71140909
0.24119738, 1.0000000, 0.58404845, 2.7956100, 8.4340677, 9.4932432, 9.7301588, 9.8375893, 9.9233675, 19.985552, 19.992739, 19.951586, 19.882315, 0.27795100, 0.33433145, 0.34492722, 0.34730053, 0.34837535, 0.34923351, 0.34992775, 0.34996369, 0.34975794, 0.34941158, 0.58404845
0.21188444, 1.0000000, 0.47784218, 1.9092590, 6.3981204, 9.4494247, 9.6922569, 9.8096323, 9.9066286, 19.980976, 19.987947, 19.937407, 19.875931, 0.26908883, 0.31397364, 0.34448865, 0.34692141, 0.34809574, 0.34906608, 0.34990489, 0.34993973, 0.34968704, 0.34937966, 0.47784218
0.18687433, 1.0000000, 0.38722578, 1.2238324, 4.5298128, 9.4350920, 9.6756678, 9.7952623, 9.8963728, 19.976995, 19.981379, 19.923687, 19.871195, 0.26223475, 0.29529020, 0.34434268, 0.34675497, 0.34795177, 0.34896344, 0.34988499, 0.34990689, 0.34961843, 0.34935597, 0.38722578
0.16642885, 1.0000000, 0.31314799, 0.71156323, 2.9766111, 9.3102846, 9.6681013, 9.7879705, 9.8905849, 19.973490, 19.972876, 19.911152, 19.867754, 0.25711486, 0.27976421, 0.34309983, 0.34668037, 0.34787938, 0.34890574, 0.34986746, 0.34986436, 0.34955576, 0.34933877, 0.31314799
0.14889878, 0.83202767, 0.24963327, 0.21293163, 2.3040919, 8.0921440, 9.6354094, 9.7669926, 9.8795834, 19.968746, 19.962267, 19.900122, 19.865225, 0.25212896, 0.27303869, 0.33091751, 0.34635314, 0.34766945, 0.34879568, 0.34984374, 0.34981135, 0.34950060, 0.34932613, 0.24963327
0.13490796, 0.66307336, 0.19894190, 0.0000000, 1.6542554, 6.7334166, 9.5974531, 9.7422800, 9.8669596, 19.963346, 19.950264, 19.890821, 19.863390, 0.24996857, 0.26653835, 0.31732565, 0.34597209, 0.34742159, 0.34866917, 0.34981674, 0.34975132, 0.34945410, 0.34931695, 0.19894190
0.12409987, 0.53255379, 0.15978213, 0.0000000, 1.0698974, 5.3012505, 9.5614109, 9.7178812, 9.8537359, 19.956596, 19.937447, 19.883207, 19.862066, 0.24996857, 0.26069593, 0.30300495, 0.34561139, 0.34717745, 0.34853688, 0.34978297, 0.34968722, 0.34941605, 0.34931034, 0.15978213
0.11463277, 0.41822830, 0.12548104, 0.0000000, 0.63904822, 3.8822803, 9.5357571, 9.6995153, 9.8435469, 19.950098, 19.924953, 19.877222, 19.861143, 0.24996857, 0.25639012, 0.28882170, 0.34535703, 0.34699488, 0.34843537, 0.34975049, 0.34962475, 0.34938610, 0.34930572, 0.12548104
0.10784087, 0.33620879, 0.10087273, 0.0000000, 0.33734143, 2.9009402, 9.2613754, 9.6941252, 9.8385258, 19.942503, 19.913177, 19.872551, 19.860491, 0.24996857, 0.25337282, 0.27900687, 0.34261215, 0.34694043, 0.34838498, 0.34971252, 0.34956589, 0.34936276, 0.34930247, 0.10087273
0.10468659, 0.29811743, 0.89444175E-1, 0.0000000, 0.19830763, 2.5092812, 8.7885132, 9.7151079, 9.8468361, 19.935074, 19.902838, 19.869038, 19.860039, 0.24996857, 0.25198266, 0.27509019, 0.33788332, 0.34715006, 0.34846804, 0.34967536, 0.34951419, 0.34934518, 0.34930021, 0.89444175E-1
0.10030024, 0.24514747, 0.73551595E-1, 0.0000000, 0.0000000, 1.9744456, 8.1743259, 9.6808615, 9.8300228, 19.922626, 19.892775, 19.866102, 19.859663, 0.24996857, 0.24998409, 0.26973113, 0.33173224, 0.34680209, 0.34829801, 0.34961313, 0.34946388, 0.34933051, 0.34929830, 0.73551595E-1
0.98175317E-1, 0.21948668, 0.65852590E-1, 0.0000000, 0.0000000, 1.5778691, 7.5856161, 9.6791153, 9.8265219, 19.912369, 19.884842, 19.864035, 19.859434, 0.24996857, 0.24998409, 0.26577646, 0.32585400, 0.34678978, 0.34826475, 0.34956184, 0.34942421, 0.34932017, 0.34929717, 0.65852590E-1
0.10031831, 0.24536572, 0.73617078E-1, 0.19600689, 0.0000000, 1.4891446, 7.3123837, 9.7558842, 9.8577452, 19.905296, 19.879080, 19.862694, 19.859346, 0.25195789, 0.24998409, 0.26488650, 0.32311898, 0.34755564, 0.34857634, 0.34952646, 0.34939539, 0.34931347, 0.34929675, 0.73617078E-1
0.10678374, 0.32344276, 0.97042531E-1, 0.68584681, 0.0000000, 1.4425039, 7.1586509, 9.8044224, 9.8785086, 19.897896, 19.874321, 19.861664, 19.859346, 0.25685698, 0.24998409, 0.26442412, 0.32158560, 0.34804359, 0.34878489, 0.34948948, 0.34937161, 0.34930831, 0.34929675, 0.97042531E-1
0.13382435, 0.64998746, 0.19501574, 2.6520729, 0.0000000, 1.4324546, 7.0776205, 9.8432655, 9.8942728, 19.891418, 19.870676, 19.860975, 19.859346, 0.27651703, 0.24998409, 0.26432395, 0.32077560, 0.34843224, 0.34894258, 0.34945709, 0.34935337, 0.34930488, 0.34929675, 0.19501574
0.15109843, 0.85859084, 0.25760302, 2.1493673, 2.9412925, 1.4089286, 7.0079393, 9.8599052, 9.9003210, 19.885233, 19.867767, 19.860464, 19.859346, 0.27149343, 0.27941272, 0.26408923, 0.32007933, 0.34859902, 0.34900320, 0.34942615, 0.34933883, 0.34930232, 0.34929675, 0.25760302
0.14656030, 0.80378789, 0.24116048, 1.9992054, 2.6917906, 1.3369709, 6.8924212, 9.8461838, 9.8943939, 19.879454, 19.865427, 19.860077, 19.859299, 0.26999182, 0.27691773, 0.26336965, 0.31892416, 0.34846181, 0.34894395, 0.34939727, 0.34932715, 0.34930038, 0.34929651, 0.24116048
0.12828459, 0.58308882, 0.17494415, 1.1440903, 2.0451694, 1.1280209, 6.6204519, 9.7819576, 9.8671846, 19.871843, 19.862944, 19.859594, 19.859205, 0.26144049, 0.27045125, 0.26128009, 0.31620437, 0.34781945, 0.34867182, 0.34935921, 0.34931472, 0.34929797, 0.34929603, 0.17494415
0.11895727, 0.47045135, 0.14114952, 0.74233115, 1.6750842, 1.0046899, 6.3762803, 9.7732468, 9.8609591, 19.867506, 19.861488, 19.859354, 19.859163, 0.25742239, 0.26674959, 0.26004654, 0.31376234, 0.34773213, 0.34860948, 0.34933752, 0.34930745, 0.34929678, 0.34929582, 0.14114952
0.11935154, 0.47521254, 0.14257802, 1.0234863, 1.3403088, 0.88486671, 6.1160779, 9.7650051, 9.8555670, 19.864021, 19.860439, 19.859224, 19.859121, 0.26023459, 0.26340288, 0.25884861, 0.31116068, 0.34764996, 0.34855565, 0.34932011, 0.34930220, 0.34929612, 0.34929562, 0.14257802
0.11325671, 0.40161088, 0.12049532, 0.74636936, 1.1274487, 0.80729723, 5.8891129, 9.7697353, 9.8565540, 19.862310, 19.859911, 19.859177, 19.859110, 0.25746295, 0.26127380, 0.25807273, 0.30889076, 0.34769705, 0.34856546, 0.34931156, 0.34929955, 0.34929588, 0.34929556, 0.12049532
0.10227542, 0.26899984, 0.80708027E-1, 0.25843978, 0.73686540, 0.63887835, 5.5312743, 9.7265711, 9.8376417, 19.858614, 19.858902, 19.858952, 19.859051, 0.25258392, 0.25736785, 0.25638843, 0.30531213, 0.34726518, 0.34837624, 0.34929305, 0.34929451, 0.34929475, 0.34929526, 0.80708027E-1
0.96951179E-1, 0.20470394, 0.61417326E-1, 0.53414702E-1, 0.52012503, 0.53476393, 5.2069912, 9.7278824, 9.8363733, 19.857046, 19.858492, 19.858833, 19.859022, 0.25053382, 0.25519937, 0.25534666, 0.30206802, 0.34727708, 0.34836313, 0.34928524, 0.34929246, 0.34929416, 0.34929511, 0.61417326E-1
0.92318766E-1, 0.14876248, 0.44633210E-1, 0.0000000, 0.20272732, 0.35066307, 4.6403866, 9.6480303, 9.8018398, 19.854509, 19.857832, 19.858692, 19.858963, 0.24998595, 0.25202677, 0.25350621, 0.29640272, 0.34647912, 0.34801802, 0.34927255, 0.34928915, 0.34929347, 0.34929481, 0.44633210E-1
0.94036683E-1, 0.16950822, 0.50857551E-1, 0.32143593, 0.95754862E-2, 0.20785034, 4.0180202, 9.6277714, 9.7887983, 19.852682, 19.857353, 19.858566, 19.858912, 0.25321272, 0.25009573, 0.25207818, 0.29017898, 0.34627625, 0.34788749, 0.34926340, 0.34928676, 0.34929281, 0.34929454, 0.50857551E-1
0.18343104, 1.0000000, 0.37475014, 2.6747644, 2.7380347, 7.5999017, 8.5163145, 9.6230278, 9.7849360, 19.851988, 19.857176, 19.858484, 19.858875, 0.27674720, 0.27738008, 0.32599863, 0.33516306, 0.34623021, 0.34784934, 0.34925994, 0.34928587, 0.34929243, 0.34929436, 0.37475014
0.33225608, 1.0000000, 0.91397130, 9.3308430, 8.7955160, 9.0274620, 9.5548496, 9.7170496, 9.8229256, 19.851173, 19.856941, 19.858438, 19.858839, 0.34330842, 0.33795518, 0.34027463, 0.34554851, 0.34717050, 0.34822926, 0.34925586, 0.34928471, 0.34929219, 0.34929419, 0.91397130
0.35600001, 1.0000000, 1.0000000, 9.9999990, 9.9999990, 9.9999990, 9.9999990, 9.9999990, 9.9999990, 19.999998, 19.999998, 19.999998, 19.994993, 0.34999999, 0.34999999, 0.34999999, 0.34999999, 0.34999999, 0.34999999, 0.34999999, 0.34999999, 0.34999999, 0.34997496, 1.0000000
0.35599941, 1.0000000, 0.99999779, 9.9999990, 9.9999990, 9.9999990, 9.9999990, 9.9999990, 9.9999990, 19.999998, 19.999998, 19.999998, 19.998999, 0.34999970, 0.34999982, 0.34999990, 0.34999996, 0.34999999, 0.34999999, 0.34999999, 0.34999999, 0.34999999, 0.34999499, 0.99999779
0.32151824, 1.0000000, 0.87506598, 7.9447222, 9.4399977, 9.6710167, 9.8920431, 9.9436922, 9.9775839, 19.996632, 19.999128, 19.999535, 19.975185, 0.32944515, 0.34439853, 0.34670943, 0.34892029, 0.34943685, 0.34977582, 0.34998316, 0.34999564, 0.34999767, 0.34987593, 0.87506598
0.28008571, 1.0000000, 0.72494823, 5.0773702, 9.2895117, 9.5490818, 9.7979174, 9.8877516, 9.9523392, 19.992081, 19.997936, 19.997633, 19.952742, 0.30076897, 0.34288990, 0.34548813, 0.34797865, 0.34887725, 0.34952331, 0.34996039, 0.34998968, 0.34998816, 0.34976369, 0.72494823
0.24168764, 1.0000000, 0.58582479, 2.8551400, 8.3953705, 9.4873562, 9.7344360, 9.8436098, 9.9293766, 19.987751, 19.996773, 19.993408, 19.932680, 0.27854827, 0.33394819, 0.34487042, 0.34734374, 0.34843576, 0.34929365, 0.34993875, 0.34998387, 0.34996703, 0.34966341, 0.58582479
0.20930558, 1.0000000, 0.46849850, 1.8843204, 6.1363053, 9.4334002, 9.6853399, 9.8073616, 9.9081564, 19.983135, 19.995449, 19.986277, 19.915627, 0.26884103, 0.31135878, 0.34433073, 0.34685272, 0.34807327, 0.34908146, 0.34991568, 0.34997725, 0.34993139, 0.34957814, 0.46849850
0.27697229, 1.0000000, 0.71366769, 4.8659530, 9.2381859, 9.6162167, 9.7596350, 9.8439426, 9.9194012, 19.983292, 19.995070, 19.976685, 19.901747, 0.29865703, 0.34237900, 0.34616068, 0.34759605, 0.34843928, 0.34919396, 0.34991646, 0.34997535, 0.34988344, 0.34950873, 0.71366769
0.32389891, 1.0000000, 0.88369167, 8.0240498, 9.5860119, 9.7137394, 9.8096657, 9.8722935, 9.9304495, 19.983530, 19.994093, 19.964790, 19.890795, 0.33024049, 0.34586012, 0.34713739, 0.34809667, 0.34872293, 0.34930450, 0.34991765, 0.34997046, 0.34982395, 0.34945399, 0.88369167
0.30786765, 1.0000000, 0.82560730, 6.9422126, 9.4816322, 9.6571341, 9.8057804, 9.8725672, 9.9313736, 19.982767, 19.991779, 19.951366, 19.882374, 0.31942198, 0.34481621, 0.34657127, 0.34805781, 0.34872568, 0.34931374, 0.34991384, 0.34995890, 0.34975684, 0.34941188, 0.82560730
0.35594952, 1.0000000, 0.99981713, 9.9984407, 9.9990625, 9.9976625, 9.9935713, 9.9967756, 9.9989204, 19.999998, 19.999998, 19.999975, 19.989016, 0.34998205, 0.34998921, 0.34997591, 0.34993556, 0.34996769, 0.34998918, 0.34999999, 0.34999999, 0.34999987, 0.34994507, 0.99981713
0.35599798, 1.0000000, 0.99999255, 9.9999371, 9.9999638, 9.9999819, 9.9999962, 9.9999990, 9.9999990, 19.999998, 19.999998, 19.999998, 19.996996, 0.34999895, 0.34999940, 0.34999970, 0.34999993, 0.34999999, 0.34999999, 0.34999999, 0.34999999, 0.34999999, 0.34998497, 0.99999255
0.35600001, 1.0000000, 1.0000000, 9.9999990, 9.9999990, 9.9999990, 9.9999990, 9.9999990, 9.9999990, 19.999998, 19.999998, 19.999998, 19.998999, 0.34999999, 0.34999999, 0.34999999, 0.34999999, 0.34999999, 0.34999999, 0.34999999, 0.34999999, 0.34999999, 0.34999499, 1.0000000
0.35553753, 1.0000000, 0.99832433, 9.9996672, 9.9665680, 9.9585171, 9.9911776, 9.9955635, 9.9984884, 19.999975, 19.999992, 19.999750, 19.975233, 0.34999669, 0.34966567, 0.34958518, 0.34991178, 0.34995562, 0.34998488, 0.34999987, 0.34999996, 0.34999874, 0.34987617, 0.99832433
0.35150564, 1.0000000, 0.98371601, 9.8219318, 9.8169603, 9.8812561, 9.9718399, 9.9857178, 9.9950342, 19.999832, 19.999958, 19.998169, 19.952848, 0.34821934, 0.34816960, 0.34881255, 0.34971839, 0.34985718, 0.34995034, 0.34999916, 0.34999979, 0.34999084, 0.34976423, 0.98371601
0.34716994, 1.0000000, 0.96800691, 9.5377884, 9.7762728, 9.8649673, 9.9623737, 9.9805956, 9.9931402, 19.999743, 19.999943, 19.994247, 19.932835, 0.34537789, 0.34776273, 0.34864968, 0.34962374, 0.34980595, 0.34993142, 0.34999871, 0.34999973, 0.34997123, 0.34966418, 0.96800691
0.33586276, 1.0000000, 0.92703897, 8.8267851, 9.6381292, 9.7877874, 9.9327545, 9.9647827, 9.9869337, 19.999063, 19.999681, 19.987421, 19.915815, 0.33826786, 0.34638131, 0.34787786, 0.34932753, 0.34964782, 0.34986934, 0.34999532, 0.34999841, 0.34993711, 0.34957907, 0.92703897
0.28933915, 1.0000000, 0.75847518, 5.7531357, 9.2793083, 9.5472536, 9.8056259, 9.8935089, 9.9555130, 19.992962, 19.997726, 19.977386, 19.901800, 0.30753082, 0.34279257, 0.34547228, 0.34805620, 0.34893507, 0.34955513, 0.34996480, 0.34998864, 0.34988692, 0.34950900, 0.75847518
0.24560067, 1.0000000, 0.60000241, 2.9949932, 8.6392012, 9.4788122, 9.7314243, 9.8428469, 9.9295273, 19.987906, 19.995419, 19.965084, 19.890736, 0.27994746, 0.33638775, 0.34478578, 0.34731376, 0.34842822, 0.34929517, 0.34993953, 0.34997708, 0.34982541, 0.34945369, 0.60000241
0.21068503, 1.0000000, 0.47349644, 1.9462854, 6.2099314, 9.4180470, 9.6773281, 9.8029089, 9.9065390, 19.983200, 19.992107, 19.951349, 19.882267, 0.26945701, 0.31208813, 0.34417200, 0.34677154, 0.34802818, 0.34906510, 0.34991601, 0.34996054, 0.34975675, 0.34941134, 0.47349644
0.18434319, 1.0000000, 0.37805501, 1.2503177, 4.1878242, 9.4208736, 9.6657743, 9.7897015, 9.8954782, 19.979866, 19.987589, 19.937263, 19.875925, 0.26250055, 0.29187295, 0.34420279, 0.34665653, 0.34789640, 0.34895459, 0.34989932, 0.34993795, 0.34968632, 0.34937963, 0.37805501
0.16968673, 1.0000000, 0.32495189, 0.94017982, 2.9951036, 9.2916613, 9.6921139, 9.8018827, 9.8981524, 19.979008, 19.981812, 19.923784, 19.871246, 0.25940093, 0.27994937, 0.34291402, 0.34692061, 0.34801856, 0.34898144, 0.34989503, 0.34990907, 0.34961891, 0.34935623, 0.32495189
0.16428570, 1.0000000, 0.30538297, 0.81529915, 2.7918010, 8.7971210, 9.7372274, 9.8275375, 9.9083147, 19.978645, 19.974169, 19.911461, 19.867834, 0.25815299, 0.27791801, 0.33797121, 0.34737226, 0.34827536, 0.34908316, 0.34989321, 0.34987086, 0.34955731, 0.34933919, 0.30538297
0.16266611, 0.99828309, 0.29951489, 0.78970790, 2.7389379, 8.5824509, 9.7918634, 9.8593359, 9.9218760, 19.978094, 19.964708, 19.900679, 19.865347, 0.25789702, 0.27738926, 0.33582434, 0.34791860, 0.34859332, 0.34921876, 0.34989047, 0.34982353, 0.34950340, 0.34932673, 0.29951489
0.15621611, 0.92039239, 0.27614534, 0.62807202, 2.4811149, 8.0858116, 9.7660189, 9.8485632, 9.9197416, 19.976027, 19.953547, 19.891529, 19.863531, 0.25628018, 0.27480990, 0.33085608, 0.34765968, 0.34848541, 0.34919733, 0.34988013, 0.34976774, 0.34945765, 0.34931767, 0.27614534
0.14955831, 0.83999211, 0.25202283, 0.47330260, 2.2139878, 7.5320544, 9.7477322, 9.8389158, 9.9165230, 19.972729, 19.941507, 19.884022, 19.862236, 0.25473291, 0.27213952, 0.32531995, 0.34747717, 0.34838906, 0.34916520, 0.34986365, 0.34970754, 0.34942010, 0.34931117, 0.25202283
0.14242262, 0.75382084, 0.22616887, 0.32756031, 1.9224584, 6.8831296, 9.7263336, 9.8260918, 9.9110832, 19.968027, 19.929312, 19.878019, 19.861273, 0.25327545, 0.26922411, 0.31883043, 0.34726310, 0.34826079, 0.34911081, 0.34984013, 0.34964657, 0.34939009, 0.34930637, 0.22616887
0.17350079, 1.0000000, 0.33877096, 2.6970177, 1.8549889, 6.6130486, 9.7787371, 9.8538780, 9.9209146, 19.962463, 19.917763, 19.873346, 19.860638, 0.27696979, 0.26854974, 0.31613019, 0.34778729, 0.34853876, 0.34920913, 0.34981233, 0.34958881, 0.34936672, 0.34930319, 0.33877096
0.15877536, 0.95129818, 0.28541800, 1.6158700, 1.7729223, 6.8423185, 9.7085657, 9.8158474, 9.9051142, 19.952950, 19.906559, 19.869616, 19.860134, 0.26615870, 0.26772922, 0.31842318, 0.34708565, 0.34815848, 0.34905115, 0.34976476, 0.34953278, 0.34934807, 0.34930068, 0.28541800
0.15386736, 0.89202857, 0.26763535, 1.7556906, 1.3819128, 5.9843321, 9.6696835, 9.7906227, 9.8914280, 19.941555, 19.896503, 19.866730, 19.859768, 0.26755539, 0.26381841, 0.30984178, 0.34669632, 0.34790596, 0.34891418, 0.34970778, 0.34948251, 0.34933364, 0.34929883, 0.26763535
0.17236304, 1.0000000, 0.33464870, 1.4358789, 2.8276534, 8.6261311, 9.6723280, 9.7889805, 9.8871679, 19.930468, 19.888203, 19.864601, 19.859509, 0.26435784, 0.27827540, 0.33625957, 0.34672290, 0.34788960, 0.34887162, 0.34965235, 0.34944102, 0.34932300, 0.34929755, 0.33464870
0.16557640, 1.0000000, 0.31005937, 1.5837014, 2.2869170, 7.5804796, 9.6559629, 9.7775230, 9.8792019, 19.918936, 19.881275, 19.863005, 19.859346, 0.26583558, 0.27286792, 0.32580274, 0.34655911, 0.34777495, 0.34879193, 0.34959468, 0.34940636, 0.34931502, 0.34929675, 0.31005937
0.17339130, 1.0000000, 0.33837426, 1.9231170, 2.6748896, 7.5537391, 9.6814413, 9.7903204, 9.8811121, 19.908468, 19.875818, 19.861853, 19.859299, 0.26923066, 0.27674848, 0.32553679, 0.34681427, 0.34790310, 0.34881109, 0.34954235, 0.34937909, 0.34930927, 0.34929651, 0.33837426
0.22484794, 1.0000000, 0.52481139, 2.5706320, 6.8672376, 9.4291410, 9.7249556, 9.8145514, 9.8885546, 19.899637, 19.871710, 19.861090, 19.859251, 0.27570498, 0.31867021, 0.34428993, 0.34724927, 0.34814537, 0.34888548, 0.34949818, 0.34935856, 0.34930545, 0.34929627, 0.52481139
0.35513395, 1.0000000, 0.99686205, 9.9569130, 9.9747686, 9.9873066, 9.9974375, 9.9987240, 9.9995728, 19.999998, 19.999998, 19.999975, 19.989016, 0.34956551, 0.34974548, 0.34987196, 0.34997416, 0.34998712, 0.34999570, 0.34999999, 0.34999999, 0.34999987, 0.34994507, 0.99686205
0.32890427, 1.0000000, 0.90182698, 8.4164057, 9.5182533, 9.7206507, 9.9095783, 9.9531145, 9.9817791, 19.997608, 19.999378, 19.999674, 19.978123, 0.33416405, 0.34518254, 0.34720650, 0.34909579, 0.34953114, 0.34981778, 0.34998804, 0.34999689, 0.34999835, 0.34989062, 0.90182698
0.30161744, 1.0000000, 0.80296165, 6.5276446, 9.4195023, 9.6399813, 9.8535004, 9.9200907, 9.9677706, 19.995928, 19.998943, 19.998205, 19.955484, 0.31527284, 0.34419188, 0.34639823, 0.34853467, 0.34920073, 0.34967765, 0.34997964, 0.34999472, 0.34999102, 0.34977743, 0.80296165
0.35595971, 1.0000000, 0.99985409, 9.9984112, 9.9990454, 9.9995222, 9.9999037, 9.9999542, 9.9999847, 19.999998, 19.999998, 19.999998, 19.994993, 0.34997994, 0.34998795, 0.34999397, 0.34999880, 0.34999943, 0.34999982, 0.34999999, 0.34999999, 0.34999999, 0.34997496, 0.99985409
0.35600001, 1.0000000, 1.0000000, 9.9999990, 9.9999990, 9.9999990, 9.9999990, 9.9999990, 9.9999990, 19.999998, 19.999998, 19.999998, 19.995995, 0.34999999, 0.34999999, 0.34999999, 0.34999999, 0.34999999, 0.34999999, 0.34999999, 0.34999999, 0.34999999, 0.34997997, 1.0000000
0.35567331, 1.0000000, 0.99881625, 9.9836788, 9.9902973, 9.9951344, 9.9990253, 9.9995136, 9.9998388, 19.999998, 19.999998, 19.999990, 19.991999, 0.34983680, 0.34990299, 0.34995133, 0.34999025, 0.34999514, 0.34999838, 0.34999999, 0.34999999, 0.34999996, 0.34996000, 0.99881625
0.35287863, 1.0000000, 0.98869061, 9.8401747, 9.9128408, 9.9555197, 9.9905291, 9.9952536, 9.9983692, 19.999950, 19.999987, 19.999983, 19.990009, 0.34840176, 0.34912843, 0.34955519, 0.34990528, 0.34995252, 0.34998369, 0.34999976, 0.34999993, 0.34999990, 0.34995005, 0.98869061
0.35597765, 1.0000000, 0.99991894, 9.9991112, 9.9994659, 9.9997311, 9.9999485, 9.9999695, 9.9999905, 19.999998, 19.999998, 19.999996, 19.993994, 0.34998885, 0.34999332, 0.34999663, 0.34999934, 0.34999964, 0.34999987, 0.34999999, 0.34999999, 0.34999996, 0.34996998, 0.99991894
0.35600001, 1.0000000, 0.99999988, 9.9999990, 9.9999962, 9.9999990, 9.9999990, 9.9999962, 9.9999990, 19.999998, 19.999998, 19.999998, 19.995995, 0.34999999, 0.34999996, 0.34999999, 0.34999999, 0.34999996, 0.34999999, 0.34999999, 0.34999999, 0.34999999, 0.34997997, 0.99999988
0.35600001, 1.0000000, 1.0000000, 9.9999990, 9.9999990, 9.9999990, 9.9999990, 9.9999990, 9.9999990, 19.999998, 19.999998, 19.999996, 19.993994, 0.34999999, 0.34999999, 0.34999999, 0.34999999, 0.34999999, 0.34999999, 0.34999999, 0.34999999, 0.34999996, 0.34996998, 1.0000000
0.35599154, 1.0000000, 0.99996936, 9.9995794, 9.9997463, 9.9998713, 9.9999752, 9.9999819, 9.9999962, 19.999998, 19.999998, 19.999990, 19.992998, 0.34999579, 0.34999746, 0.34999871, 0.34999976, 0.34999982, 0.34999996, 0.34999999, 0.34999999, 0.34999996, 0.34996498, 0.99996936
0.35599214, 1.0000000, 0.99997145, 9.9997282, 9.9998388, 9.9999218, 9.9999847, 9.9999905, 9.9999990, 19.999998, 19.999998, 19.999998, 19.994993, 0.34999606, 0.34999764, 0.34999886, 0.34999979, 0.34999987, 0.34999999, 0.34999999, 0.34999999, 0.34999999, 0.34997496, 0.99997145
0.35600001, 1.0000000, 1.0000000, 9.9999990, 9.9999990, 9.9999990, 9.9999990, 9.9999990, 9.9999990, 19.999998, 19.999998, 19.999998, 19.996996, 0.34999999, 0.34999999, 0.34999999, 0.34999999, 0.34999999, 0.34999999, 0.34999999, 0.34999999, 0.34999999, 0.34998497, 1.0000000
0.35600001, 1.0000000, 1.0000000, 9.9999990, 9.9999990, 9.9999990, 9.9999990, 9.9999990, 9.9999990, 19.999998, 19.999998, 19.999998, 19.996996, 0.34999999, 0.34999999, 0.34999999, 0.34999999, 0.34999999, 0.34999999, 0.34999999, 0.34999999, 0.34999999, 0.34998497, 1.0000000
0.34563148, 1.0000000, 0.96243280, 9.4392300, 9.7527103, 9.8677874, 9.9693232, 9.9844904, 9.9945993, 19.999796, 19.999950, 19.999935, 19.985044, 0.34439111, 0.34752634, 0.34867749, 0.34969315, 0.34984487, 0.34994599, 0.34999898, 0.34999976, 0.34999967, 0.34992522, 0.96243280
0.34578788, 1.0000000, 0.96299964, 9.5386734, 9.6462078, 9.7944317, 9.9454508, 9.9721365, 9.9897728, 19.999153, 19.999784, 19.999887, 19.985031, 0.34538314, 0.34645990, 0.34794322, 0.34945428, 0.34972125, 0.34989771, 0.34999576, 0.34999892, 0.34999943, 0.34992516, 0.96299964
0.33600241, 1.0000000, 0.92754495, 8.9540014, 9.4934950, 9.6968899, 9.8979950, 9.9461708, 9.9796295, 19.998259, 19.999552, 19.998964, 19.961931, 0.33953780, 0.34493354, 0.34696817, 0.34897980, 0.34946164, 0.34979627, 0.34999129, 0.34999776, 0.34999484, 0.34980965, 0.92754495
0.34405607, 1.0000000, 0.95672482, 9.3476667, 9.7241650, 9.8512459, 9.9649286, 9.9822407, 9.9938164, 19.999773, 19.999933, 19.999941, 19.985044, 0.34347433, 0.34724018, 0.34851173, 0.34964913, 0.34982234, 0.34993812, 0.34999886, 0.34999967, 0.34999970, 0.34992522, 0.95672482
0.32899490, 1.0000000, 0.90215540, 8.3756809, 9.5784416, 9.7546091, 9.9290457, 9.9632139, 9.9870586, 19.999689, 19.999916, 19.999071, 19.961931, 0.33375332, 0.34578201, 0.34754488, 0.34929022, 0.34963202, 0.34987056, 0.34999844, 0.34999958, 0.34999534, 0.34980965, 0.90215540
0.29757816, 1.0000000, 0.78832668, 6.2611604, 9.3854561, 9.6208286, 9.8525038, 9.9203196, 9.9691544, 19.997400, 19.999319, 19.996069, 19.940811, 0.31260803, 0.34385133, 0.34620664, 0.34852472, 0.34920302, 0.34969148, 0.34998700, 0.34999660, 0.34998035, 0.34970406, 0.78832668
0.26777309, 1.0000000, 0.68033725, 4.1551814, 9.3257618, 9.5721188, 9.8053722, 9.8895645, 9.9546232, 19.995869, 19.998917, 19.990391, 19.922487, 0.29155141, 0.34325704, 0.34572089, 0.34805366, 0.34889561, 0.34954622, 0.34997934, 0.34999460, 0.34995195, 0.34961244, 0.68033725
0.23469640, 1.0000000, 0.56049418, 2.5946319, 7.9843702, 9.4860229, 9.7402401, 9.8469133, 9.9328117, 19.992598, 19.997856, 19.981707, 19.907232, 0.27594498, 0.32984126, 0.34485877, 0.34740210, 0.34846899, 0.34932804, 0.34996298, 0.34998930, 0.34990853, 0.34953615, 0.56049418
0.22706421, 1.0000000, 0.53284132, 2.4931669, 7.2257104, 9.5034561, 9.7279434, 9.8331804, 9.9216394, 19.990099, 19.996511, 19.970449, 19.895031, 0.27492878, 0.32225209, 0.34503129, 0.34727874, 0.34833148, 0.34921628, 0.34995049, 0.34998256, 0.34985226, 0.34947515, 0.53284132
0.23199104, 1.0000000, 0.55069214, 2.5404544, 7.7641430, 9.4651976, 9.7021303, 9.8144732, 9.9094782, 19.987040, 19.994162, 19.957325, 19.885572, 0.27540326, 0.32763907, 0.34465054, 0.34702101, 0.34814459, 0.34909472, 0.34993520, 0.34997082, 0.34978664, 0.34942788, 0.55069214
0.20716308, 1.0000000, 0.46073580, 1.8666387, 5.8956766, 9.4539051, 9.6927872, 9.8059111, 9.9027538, 19.984676, 19.990656, 19.943390, 19.878410, 0.26866534, 0.30895478, 0.34453747, 0.34692755, 0.34805894, 0.34902748, 0.34992337, 0.34995329, 0.34971696, 0.34939206, 0.46073580
0.18245488, 1.0000000, 0.37121332, 1.2358963, 3.9834220, 9.4191189, 9.6708860, 9.7911654, 9.8943214, 19.981939, 19.985270, 19.929470, 19.873047, 0.26235774, 0.28983188, 0.34418839, 0.34670830, 0.34791136, 0.34894311, 0.34990969, 0.34992635, 0.34964734, 0.34936523, 0.37121332
0.15903053, 0.95437956, 0.28634250, 0.60821176, 2.6676297, 8.4976578, 9.6266289, 9.7628765, 9.8800173, 19.978289, 19.977583, 19.916389, 19.869070, 0.25608078, 0.27667278, 0.33497101, 0.34626505, 0.34762812, 0.34879997, 0.34989145, 0.34988791, 0.34958196, 0.34934536, 0.28634250
0.24336194, 1.0000000, 0.59189105, 2.8896065, 8.5684853, 9.4347458, 9.7302570, 9.8194532, 9.9016752, 19.977951, 19.968866, 19.904938, 19.866247, 0.27889305, 0.33567947, 0.34434450, 0.34730196, 0.34819424, 0.34901667, 0.34988976, 0.34984434, 0.34952468, 0.34933123, 0.59189105
0.23774712, 1.0000000, 0.57154751, 2.8061776, 7.9607558, 9.5642977, 9.7521448, 9.8353205, 9.9101267, 19.976391, 19.958305, 19.895094, 19.864201, 0.27806067, 0.32960564, 0.34564185, 0.34752122, 0.34835309, 0.34910125, 0.34988195, 0.34979153, 0.34947547, 0.34932101, 0.57154751
0.35598570, 1.0000000, 0.99994826, 9.9999990, 9.9999990, 9.9999990, 9.9999962, 9.9999990, 9.9999990, 19.999998, 19.999998, 19.999998, 19.998999, 0.34999287, 0.34999573, 0.34999785, 0.34999955, 0.34999979, 0.34999993, 0.34999999, 0.34999999, 0.34999999, 0.34999499, 0.99994826
0.35599512, 1.0000000, 0.99998236, 9.9999399, 9.9999609, 9.9999819, 9.9999962, 9.9999962, 9.9999990, 19.999998, 19.999998, 19.999998, 19.997997, 0.34999758, 0.34999850, 0.34999928, 0.34999985, 0.34999990, 0.34999996, 0.34999999, 0.34999999, 0.34999999, 0.34998998, 0.99998236
0.35575789, 1.0000000, 0.99912268, 9.9881067, 9.9929047, 9.9964418, 9.9992838, 9.9996414, 9.9998770, 19.999998, 19.999998, 19.999990, 19.992998, 0.34987918, 0.34992790, 0.34996384, 0.34999272, 0.34999636, 0.34999874, 0.34999999, 0.34999999, 0.34999996, 0.34996498, 0.99912268
0.34392077, 1.0000000, 0.95623469, 9.3359604, 9.7268114, 9.8519287, 9.9654732, 9.9825201, 9.9940186, 19.999903, 19.999975, 19.999525, 19.969461, 0.34335771, 0.34726694, 0.34851870, 0.34965461, 0.34982514, 0.34994015, 0.34999952, 0.34999987, 0.34999764, 0.34984732, 0.95623469
0.35586709, 1.0000000, 0.99951828, 9.9997406, 9.9996309, 9.9734745, 9.9866076, 9.9932680, 9.9977503, 19.999998, 19.999998, 19.999969, 19.988020, 0.34999624, 0.34999561, 0.34973440, 0.34986603, 0.34993264, 0.34997749, 0.34999999, 0.34999999, 0.34999985, 0.34994009, 0.99951828
0.35595125, 1.0000000, 0.99982339, 9.9977407, 9.9986439, 9.9993258, 9.9998655, 9.9999313, 9.9999723, 19.999998, 19.999998, 19.999989, 19.991005, 0.34997571, 0.34998542, 0.34999275, 0.34999856, 0.34999925, 0.34999970, 0.34999999, 0.34999999, 0.34999993, 0.34995502, 0.99982339
0.32646424, 1.0000000, 0.89298636, 8.2680750, 9.4808178, 9.7004204, 9.9111004, 9.9540834, 9.9826050, 19.998133, 19.999510, 19.999840, 19.985020, 0.33268023, 0.34480780, 0.34700403, 0.34911099, 0.34954080, 0.34982604, 0.34999067, 0.34999755, 0.34999919, 0.34992510, 0.89298636
0.29261550, 1.0000000, 0.77034599, 5.9279604, 9.3544760, 9.5975409, 9.8364563, 9.9108725, 9.9643841, 19.995903, 19.998926, 19.998821, 19.961901, 0.30927876, 0.34354395, 0.34597498, 0.34836447, 0.34910870, 0.34964383, 0.34997952, 0.34999463, 0.34999412, 0.34980950, 0.77034599
0.25596312, 1.0000000, 0.63754749, 3.3481987, 9.2695456, 9.5307722, 9.7782364, 9.8726606, 9.9463129, 19.993963, 19.998419, 19.995842, 19.940794, 0.28347957, 0.34269145, 0.34530565, 0.34778196, 0.34872639, 0.34946308, 0.34996980, 0.34999210, 0.34997922, 0.34970397, 0.63754749
0.22361818, 1.0000000, 0.52035570, 2.1033704, 7.4811435, 9.4607735, 9.7173176, 9.8311596, 9.9238691, 19.990164, 19.997391, 19.990004, 19.922438, 0.27103227, 0.32480836, 0.34460580, 0.34717280, 0.34831139, 0.34923863, 0.34995082, 0.34998697, 0.34995002, 0.34961218, 0.52035570
0.20308895, 1.0000000, 0.44597444, 1.6013831, 5.8320303, 9.4758673, 9.7129889, 9.8224478, 9.9153881, 19.988506, 19.996685, 19.981400, 19.907227, 0.26601216, 0.30831665, 0.34475571, 0.34712926, 0.34822416, 0.34915379, 0.34994254, 0.34998342, 0.34990698, 0.34953612, 0.44597444
0.17970729, 1.0000000, 0.36125827, 1.0564089, 3.9518046, 9.4143534, 9.6788511, 9.7996311, 9.9024601, 19.986286, 19.995398, 19.970171, 19.895025, 0.26056290, 0.28951541, 0.34414038, 0.34678787, 0.34799597, 0.34902447, 0.34993142, 0.34997699, 0.34985086, 0.34947512, 0.36125827
0.15960836, 0.96135753, 0.28843611, 0.54244101, 2.7429402, 8.6998329, 9.6476336, 9.7779093, 9.8894730, 19.983036, 19.992968, 19.957054, 19.885584, 0.25542322, 0.27742574, 0.33699253, 0.34647506, 0.34777844, 0.34889451, 0.34991518, 0.34996483, 0.34978527, 0.34942791, 0.28843611
0.16909139, 1.0000000, 0.32279488, 1.5949011, 2.4660885, 8.0218058, 9.7026834, 9.8063431, 9.8989296, 19.982718, 19.989941, 19.943274, 19.878439, 0.26594636, 0.27465844, 0.33021405, 0.34702587, 0.34806296, 0.34898913, 0.34991360, 0.34994972, 0.34971637, 0.34939221, 0.32279488
0.15355632, 0.88827258, 0.26650843, 1.0190576, 2.0000219, 7.1279750, 9.6709995, 9.7896671, 9.8916693, 19.979975, 19.984493, 19.929388, 19.873070, 0.26018989, 0.26999941, 0.32127833, 0.34670961, 0.34789646, 0.34891665, 0.34989989, 0.34992248, 0.34964693, 0.34936535, 0.26650843
0.14056087, 0.73133820, 0.21942340, 0.58379471, 1.5983582, 6.2481122, 9.6586552, 9.7813044, 9.8871021, 19.977297, 19.977089, 19.916376, 19.869104, 0.25583595, 0.26598030, 0.31247467, 0.34658456, 0.34781203, 0.34887069, 0.34988648, 0.34988543, 0.34958190, 0.34934551, 0.21942340
0.13118693, 0.61813772, 0.18545987, 0.40298700, 1.2298346, 5.3285527, 9.6397934, 9.7692871, 9.8813381, 19.974695, 19.967779, 19.904783, 19.866222, 0.25402829, 0.26229545, 0.30327928, 0.34639567, 0.34769171, 0.34881300, 0.34987348, 0.34983891, 0.34952390, 0.34933111, 0.18545987
0.12079838, 0.49268478, 0.14782022, 0.13064742, 0.90289414, 4.3867431, 9.6147642, 9.7537994, 9.8741684, 19.971712, 19.956858, 19.894854, 19.864153, 0.25130612, 0.25902745, 0.29386386, 0.34614608, 0.34753719, 0.34874141, 0.34985855, 0.34978428, 0.34947425, 0.34932077, 0.14782022
0.19055173, 1.0000000, 0.40054974, 2.8720260, 2.9363604, 8.0343895, 9.6066999, 9.7469931, 9.8690653, 19.966698, 19.944561, 19.886578, 19.862648, 0.27871618, 0.27936110, 0.33034047, 0.34606621, 0.34746951, 0.34869051, 0.34983349, 0.34972280, 0.34943289, 0.34931323, 0.40054974
0.16611262, 1.0000000, 0.31200221, 1.8368542, 2.2917390, 6.8683534, 9.6135902, 9.7497473, 9.8683138, 19.960085, 19.931786, 19.879860, 19.861567, 0.26836661, 0.27291593, 0.31868136, 0.34613529, 0.34749717, 0.34868303, 0.34980041, 0.34965894, 0.34939930, 0.34930784, 0.31200221
0.14595649, 0.79649615, 0.23897275, 1.0674953, 1.7228812, 5.7064099, 9.5989790, 9.7412338, 9.8644266, 19.952946, 19.919569, 19.874626, 19.860804, 0.26067251, 0.26722646, 0.30706021, 0.34598848, 0.34741169, 0.34864402, 0.34976473, 0.34959784, 0.34937313, 0.34930402, 0.23897275
0.12890598, 0.59059298, 0.17719561, 0.49480498, 1.2138456, 4.5224576, 9.5755682, 9.7264404, 9.8570032, 19.944338, 19.908224, 19.870575, 19.860250, 0.25494507, 0.26213405, 0.29521638, 0.34575224, 0.34726265, 0.34856945, 0.34972170, 0.34954113, 0.34935287, 0.34930125, 0.17719561
0.11440852, 0.41552031, 0.12466856, 0.10862052, 0.75495839, 3.2358942, 9.5333529, 9.6989717, 9.8431807, 19.934727, 19.898142, 19.867483, 19.859875, 0.25108561, 0.25754708, 0.28235358, 0.34533036, 0.34698811, 0.34843126, 0.34967363, 0.34949070, 0.34933740, 0.34929937, 0.12466856
0.10615171, 0.31581026, 0.94752558E-1, 0.0000000, 0.40734112, 2.4053545, 9.0196733, 9.6663351, 9.8263521, 19.924719, 19.889595, 19.865154, 19.859587, 0.24999358, 0.25407103, 0.27404654, 0.34019148, 0.34666055, 0.34826258, 0.34962359, 0.34944797, 0.34932578, 0.34929794, 0.94752558E-1
0.10162444, 0.26113859, 0.78349411E-1, 0.0000000, 0.17940402, 1.9024998, 8.3453293, 9.6621132, 9.8202829, 19.914125, 19.882370, 19.863382, 19.859404, 0.24999358, 0.25179330, 0.26902106, 0.33344984, 0.34661913, 0.34820214, 0.34957063, 0.34941185, 0.34931690, 0.34929702, 0.78349411E-1
0.97409636E-1, 0.21024032, 0.63078403E-1, 0.0000000, 0.10707974E-1, 1.3865441, 7.5428166, 9.6259441, 9.8014383, 19.903610, 19.876434, 19.862076, 19.859251, 0.24999358, 0.25010702, 0.26386085, 0.32542318, 0.34625626, 0.34801331, 0.34951806, 0.34938216, 0.34931037, 0.34929627, 0.63078403E-1
0.94272017E-1, 0.17235012, 0.51710207E-1, 0.0000000, 0.0000000, 0.86926520, 6.4837289, 9.5613537, 9.7677183, 19.894064, 19.871735, 19.861094, 19.859194, 0.24999358, 0.24999093, 0.25868991, 0.31483316, 0.34561053, 0.34767613, 0.34947032, 0.34935868, 0.34930545, 0.34929597, 0.51710207E-1
0.91922939E-1, 0.14398244, 0.43199055E-1, 0.0000000, 0.0000000, 0.51973462, 5.4069281, 9.5417662, 9.7530842, 19.885536, 19.868055, 19.860394, 19.859133, 0.24999358, 0.24999093, 0.25519449, 0.30406335, 0.34541243, 0.34752905, 0.34942767, 0.34934026, 0.34930196, 0.34929568, 0.43199055E-1
0.90727448E-1, 0.12954561, 0.38867570E-1, 0.0000000, 0.0000000, 0.36807060, 4.6806178, 9.6136265, 9.7827587, 19.878954, 19.865419, 19.859928, 19.859098, 0.24999358, 0.24999093, 0.25367805, 0.29679942, 0.34612933, 0.34782523, 0.34939477, 0.34932709, 0.34929964, 0.34929550, 0.38867570E-1
0.89025453E-1, 0.10899218, 0.32700926E-1, 0.0000000, 0.0000000, 0.17264783, 3.6533675, 9.5214100, 9.7407942, 19.872553, 19.863161, 19.859528, 19.859045, 0.24999358, 0.24999093, 0.25172609, 0.28653207, 0.34521201, 0.34740722, 0.34936276, 0.34931582, 0.34929764, 0.34929523, 0.32700926E-1
0.87880969E-1, 0.95171303E-1, 0.28554248E-1, 0.0000000, 0.0000000, 0.73346496E-1, 2.9377847, 9.1889210, 9.7235298, 19.868296, 19.861712, 19.859299, 19.859016, 0.24999358, 0.24999093, 0.25073272, 0.27937192, 0.34187993, 0.34723201, 0.34934148, 0.34930855, 0.34929651, 0.34929508, 0.28554248E-1
0.86897209E-1, 0.83291344E-1, 0.24989903E-1, 0.0000000, 0.0000000, 0.0000000, 2.5355668, 8.3591509, 9.6955118, 19.863726, 19.860338, 19.859087, 19.858963, 0.24999358, 0.24999093, 0.24998587, 0.27535000, 0.33358216, 0.34695151, 0.34931862, 0.34930170, 0.34929544, 0.34929481, 0.24989903E-1
0.19188626, 1.0000000, 0.40538499, 2.8405876, 2.8560996, 8.7179937, 9.2590103, 9.5238199, 9.7996788, 19.862295, 19.859863, 19.859051, 19.858955, 0.27839863, 0.27855662, 0.33717325, 0.34258866, 0.34523749, 0.34799653, 0.34931147, 0.34929931, 0.34929526, 0.34929478, 0.40538499
0.35599905, 1.0000000, 0.99999648, 9.9999990, 9.9999990, 9.9999990, 9.9999990, 9.9999990, 9.9999990, 19.999998, 19.999998, 19.999998, 19.998999, 0.34999952, 0.34999970, 0.34999985, 0.34999996, 0.34999999, 0.34999999, 0.34999999, 0.34999999, 0.34999999, 0.34999499, 0.99999648
0.35599852, 1.0000000, 0.99999458, 9.9999456, 9.9999666, 9.9999847, 9.9999962, 9.9999962, 9.9999990, 19.999998, 19.999998, 19.999998, 19.997997, 0.34999925, 0.34999955, 0.34999979, 0.34999996, 0.34999996, 0.34999999, 0.34999999, 0.34999999, 0.34999999, 0.34998998, 0.99999458
0.35479510, 1.0000000, 0.99563426, 9.9993105, 9.9165430, 9.8850212, 9.9740419, 9.9869080, 9.9954681, 19.999844, 19.999958, 19.999969, 19.989016, 0.34999266, 0.34916517, 0.34885010, 0.34974039, 0.34986907, 0.34995466, 0.34999922, 0.34999979, 0.34999985, 0.34994507, 0.99563426
0.33254319, 1.0000000, 0.91501141, 8.6759415, 9.5286894, 9.7123823, 9.9146109, 9.9557266, 9.9839048, 19.999039, 19.999748, 19.999275, 19.965666, 0.33675921, 0.34528676, 0.34712377, 0.34914607, 0.34955728, 0.34983903, 0.34999520, 0.34999874, 0.34999639, 0.34982833, 0.91501141
0.33677363, 1.0000000, 0.93033922, 9.0609674, 9.4384365, 9.6522493, 9.8621788, 9.9252148, 9.9708252, 19.997417, 19.999331, 19.996695, 19.944155, 0.34059533, 0.34437540, 0.34651792, 0.34862086, 0.34925169, 0.34970811, 0.34998709, 0.34999666, 0.34998348, 0.34972078, 0.93033922
0.35599202, 1.0000000, 0.99997109, 9.9997196, 9.9998293, 9.9999161, 9.9999847, 9.9999905, 9.9999962, 19.999998, 19.999998, 19.999998, 19.996996, 0.34999603, 0.34999761, 0.34999880, 0.34999979, 0.34999987, 0.34999996, 0.34999999, 0.34999999, 0.34999999, 0.34998497, 0.99997109
0.35599774, 1.0000000, 0.99999177, 9.9999990, 9.9999990, 9.9999990, 9.9999990, 9.9999990, 9.9999990, 19.999998, 19.999998, 19.999998, 19.998999, 0.34999886, 0.34999931, 0.34999964, 0.34999993, 0.34999996, 0.34999999, 0.34999999, 0.34999999, 0.34999999, 0.34999499, 0.99999177
0.35599166, 1.0000000, 0.99996978, 9.9997635, 9.9998560, 9.9999247, 9.9999876, 9.9999933, 9.9999990, 19.999998, 19.999998, 19.999998, 19.996996, 0.34999585, 0.34999749, 0.34999871, 0.34999976, 0.34999987, 0.34999996, 0.34999999, 0.34999999, 0.34999999, 0.34998497, 0.99996978
0.34930849, 1.0000000, 0.97575527, 9.6756287, 9.7962914, 9.8796959, 9.9721355, 9.9859257, 9.9950552, 19.999760, 19.999939, 19.999950, 19.987026, 0.34675583, 0.34796265, 0.34879681, 0.34972134, 0.34985927, 0.34995055, 0.34999880, 0.34999970, 0.34999976, 0.34993511, 0.97575527
0.35599613, 1.0000000, 0.99998593, 9.9999104, 9.9999456, 9.9999723, 9.9999933, 9.9999962, 9.9999990, 19.999998, 19.999998, 19.999998, 19.997997, 0.34999806, 0.34999883, 0.34999943, 0.34999987, 0.34999993, 0.34999999, 0.34999999, 0.34999999, 0.34999999, 0.34998998, 0.99998593
0.31635487, 1.0000000, 0.85635817, 7.6042690, 9.3985863, 9.6425171, 9.8843155, 9.9395752, 9.9768457, 19.997459, 19.999331, 19.999552, 19.974222, 0.32604250, 0.34398571, 0.34642512, 0.34884313, 0.34939575, 0.34976846, 0.34998730, 0.34999666, 0.34999776, 0.34987110, 0.85635817
0.27450186, 1.0000000, 0.70471692, 4.6854486, 9.2729883, 9.5382643, 9.7953873, 9.8862658, 9.9531851, 19.994017, 19.998432, 19.997665, 19.951876, 0.29685330, 0.34272847, 0.34538192, 0.34795371, 0.34886256, 0.34953183, 0.34997007, 0.34999216, 0.34998834, 0.34975937, 0.70471692
0.25051898, 1.0000000, 0.61782235, 2.9846370, 9.1952295, 9.5755348, 9.7861900, 9.8739834, 9.9448662, 19.993164, 19.998203, 19.993568, 19.931971, 0.27984294, 0.34194595, 0.34575203, 0.34786120, 0.34873950, 0.34944853, 0.34996581, 0.34999102, 0.34996784, 0.34965986, 0.61782235
0.34620875, 1.0000000, 0.96452451, 9.6101809, 9.5908604, 9.7699995, 9.9355431, 9.9669390, 9.9874973, 19.998623, 19.999641, 19.999853, 19.985031, 0.34610027, 0.34590769, 0.34769952, 0.34935534, 0.34966934, 0.34987494, 0.34999311, 0.34999821, 0.34999925, 0.34992516, 0.96452451
0.34158522, 1.0000000, 0.94777256, 9.2017097, 9.6818829, 9.8263884, 9.9579048, 9.9786501, 9.9925184, 19.999689, 19.999928, 19.999943, 19.986019, 0.34201667, 0.34681854, 0.34826374, 0.34957901, 0.34978649, 0.34992519, 0.34999844, 0.34999964, 0.34999973, 0.34993011, 0.94777256
0.32701170, 1.0000000, 0.89496994, 8.3295441, 9.4598045, 9.6760616, 9.8901520, 9.9421740, 9.9780245, 19.997948, 19.999474, 19.999010, 19.962851, 0.33329344, 0.34459668, 0.34675995, 0.34890136, 0.34942168, 0.34978023, 0.34998974, 0.34999737, 0.34999505, 0.34981424, 0.89496994
0.35599804, 1.0000000, 0.99999291, 9.9999514, 9.9999666, 9.9999847, 9.9999962, 9.9999990, 9.9999990, 19.999998, 19.999998, 19.999998, 19.997997, 0.34999904, 0.34999937, 0.34999970, 0.34999993, 0.34999999, 0.34999999, 0.34999999, 0.34999999, 0.34999999, 0.34998998, 0.99999291
0.35599899, 1.0000000, 0.99999624, 9.9999990, 9.9999962, 9.9999990, 9.9999990, 9.9999990, 9.9999990, 19.999998, 19.999998, 19.999998, 19.998999, 0.34999949, 0.34999967, 0.34999985, 0.34999996, 0.34999996, 0.34999999, 0.34999999, 0.34999999, 0.34999999, 0.34999499, 0.99999624
0.33400261, 1.0000000, 0.92029929, 8.7638178, 9.5431423, 9.7396336, 9.9283438, 9.9632072, 9.9866571, 19.999105, 19.999760, 19.999702, 19.975233, 0.33763769, 0.34543109, 0.34739619, 0.34928340, 0.34963205, 0.34986657, 0.34999552, 0.34999880, 0.34999850, 0.34987617, 0.92029929
0.29799718, 1.0000000, 0.78984475, 6.3235788, 9.3460436, 9.5950956, 9.8415165, 9.9144392, 9.9663467, 19.996429, 19.999063, 19.997950, 19.952820, 0.31323323, 0.34345818, 0.34594980, 0.34841493, 0.34914428, 0.34966344, 0.34998214, 0.34999532, 0.34998974, 0.34976411, 0.78984475
0.33856928, 1.0000000, 0.93684518, 9.0215054, 9.6347122, 9.7978525, 9.9449930, 9.9718828, 9.9893713, 19.998795, 19.999683, 19.999884, 19.987009, 0.34021145, 0.34634480, 0.34797737, 0.34944969, 0.34971872, 0.34989369, 0.34999397, 0.34999841, 0.34999943, 0.34993505, 0.93684518
0.35233140, 1.0000000, 0.98670799, 9.8143530, 9.8994141, 9.9485798, 9.9890480, 9.9945011, 9.9981098, 19.999945, 19.999987, 19.999983, 19.990009, 0.34811902, 0.34897929, 0.34947836, 0.34988898, 0.34994426, 0.34998086, 0.34999973, 0.34999993, 0.34999990, 0.34995005, 0.98670799
0.35599792, 1.0000000, 0.99999237, 9.9999990, 9.9999990, 9.9999990, 9.9999990, 9.9999990, 9.9999990, 19.999998, 19.999998, 19.999998, 19.998999, 0.34999895, 0.34999937, 0.34999967, 0.34999993, 0.34999996, 0.34999999, 0.34999999, 0.34999999, 0.34999999, 0.34999499, 0.99999237
0.32530463, 1.0000000, 0.88878489, 8.1881943, 9.4762154, 9.6960869, 9.9097586, 9.9533539, 9.9825268, 19.998343, 19.999569, 19.999643, 19.975222, 0.33188152, 0.34476185, 0.34696072, 0.34909755, 0.34953350, 0.34982526, 0.34999171, 0.34999785, 0.34999821, 0.34987611, 0.88878489
0.28815851, 1.0000000, 0.75419748, 5.6210790, 9.3361244, 9.5836983, 9.8273325, 9.9055576, 9.9622364, 19.995790, 19.998901, 19.997883, 19.952801, 0.30620882, 0.34335932, 0.34583598, 0.34827313, 0.34905550, 0.34962234, 0.34997895, 0.34999451, 0.34998941, 0.34976399, 0.75419748
0.26661575, 1.0000000, 0.67614394, 4.0148139, 9.3983231, 9.6145611, 9.8165627, 9.8938341, 9.9554090, 19.995653, 19.998871, 19.993956, 19.932787, 0.29014495, 0.34397873, 0.34614331, 0.34816515, 0.34893811, 0.34955400, 0.34997827, 0.34999436, 0.34996977, 0.34966394, 0.67614394
0.25345299, 1.0000000, 0.62845284, 3.0766747, 9.3834944, 9.5975170, 9.7937403, 9.8768768, 9.9453878, 19.994255, 19.998436, 19.987093, 19.915756, 0.28076527, 0.34383222, 0.34597376, 0.34793714, 0.34876862, 0.34945381, 0.34997126, 0.34999219, 0.34993547, 0.34957880, 0.62845284
0.24068086, 1.0000000, 0.58217698, 2.7966886, 8.3374796, 9.5462542, 9.7598486, 9.8541269, 9.9323692, 19.991795, 19.997404, 19.977291, 19.901812, 0.27796668, 0.33337441, 0.34546229, 0.34759843, 0.34854123, 0.34932369, 0.34995896, 0.34998703, 0.34988645, 0.34950906, 0.58217698
0.22336480, 1.0000000, 0.51943767, 2.3209214, 7.0407033, 9.5456028, 9.7541504, 9.8473825, 9.9264870, 19.990412, 19.996059, 19.965248, 19.890818, 0.27320838, 0.32040551, 0.34545499, 0.34754130, 0.34847370, 0.34926483, 0.34995204, 0.34998029, 0.34982625, 0.34945410, 0.51943767
0.20369324, 1.0000000, 0.44816387, 1.7760217, 5.5970068, 9.5063334, 9.7313900, 9.8322220, 9.9175358, 19.988161, 19.993431, 19.951687, 19.882374, 0.26775691, 0.30596381, 0.34505799, 0.34731281, 0.34832168, 0.34917518, 0.34994081, 0.34996715, 0.34975845, 0.34941188, 0.44816387
0.18318200, 1.0000000, 0.37384778, 1.2391031, 4.0397639, 9.4674377, 9.7051277, 9.8147621, 9.9077291, 19.985584, 19.989151, 19.937630, 19.876003, 0.26238391, 0.29038370, 0.34465802, 0.34704792, 0.34814593, 0.34907672, 0.34992793, 0.34994575, 0.34968814, 0.34938002, 0.37384778
0.16614388, 1.0000000, 0.31211549, 0.79157054, 2.9255033, 9.0765753, 9.6886816, 9.8027411, 9.9002771, 19.982924, 19.982931, 19.923998, 19.871269, 0.25791001, 0.27924246, 0.34074622, 0.34688264, 0.34802529, 0.34900206, 0.34991461, 0.34991467, 0.34961998, 0.34935635, 0.31211549
0.15225957, 0.87261283, 0.26181003, 0.41324794, 2.3876846, 8.0647564, 9.6672726, 9.7884169, 9.8924313, 19.980049, 19.974661, 19.911484, 19.867792, 0.25412905, 0.27386492, 0.33062744, 0.34666789, 0.34788173, 0.34892347, 0.34990025, 0.34987330, 0.34955743, 0.34933895, 0.26181003
0.14043532, 0.72982216, 0.21896856, 0.13120770, 1.9211471, 7.0828547, 9.6560602, 9.7799873, 9.8871536, 19.976891, 19.964499, 19.900515, 19.865271, 0.25131118, 0.26920369, 0.32081419, 0.34655669, 0.34779787, 0.34887087, 0.34988445, 0.34982249, 0.34950256, 0.34932634, 0.21896856
0.18208337, 1.0000000, 0.36986727, 2.7855337, 2.8031886, 6.5197396, 9.7104349, 9.8096428, 9.8985462, 19.975086, 19.953398, 19.891371, 19.863483, 0.27784321, 0.27802458, 0.31518891, 0.34710181, 0.34809515, 0.34898505, 0.34987542, 0.34976700, 0.34945685, 0.34931743, 0.36986727
0.17474097, 1.0000000, 0.34326437, 2.2961199, 2.3375897, 7.3031693, 9.7069244, 9.8099318, 9.8999386, 19.971695, 19.941317, 19.883875, 19.862213, 0.27296090, 0.27337572, 0.32303140, 0.34706914, 0.34809929, 0.34899938, 0.34985846, 0.34970659, 0.34941939, 0.34931105, 0.34326437
0.22622989, 1.0000000, 0.52981842, 2.9922664, 6.8025284, 8.5048666, 9.6495867, 9.7770872, 9.8862467, 19.965469, 19.928736, 19.877811, 19.861273, 0.27992254, 0.31802511, 0.33504856, 0.34649584, 0.34777087, 0.34886247, 0.34982735, 0.34964368, 0.34938905, 0.34930637, 0.52981842
0.19938800, 1.0000000, 0.43256518, 2.2888005, 4.2591500, 9.4476166, 9.6796293, 9.7917995, 9.8896694, 19.957870, 19.916700, 19.873081, 19.860596, 0.27288461, 0.29258770, 0.34447193, 0.34679544, 0.34791756, 0.34889653, 0.34978935, 0.34958351, 0.34936541, 0.34930298, 0.43256518
0.17930347, 1.0000000, 0.35979512, 1.6761512, 2.9489994, 9.2578850, 9.6810093, 9.7928381, 9.8892393, 19.948912, 19.905706, 19.869413, 19.860121, 0.26675895, 0.27948728, 0.34257463, 0.34680921, 0.34792793, 0.34889224, 0.34974456, 0.34952852, 0.34934705, 0.34930059, 0.35979512
0.16359246, 1.0000000, 0.30287123, 1.1335611, 2.4459958, 8.2809267, 9.6691647, 9.7859774, 9.8852253, 19.938499, 19.895948, 19.866623, 19.859762, 0.26133320, 0.27445686, 0.33280402, 0.34669042, 0.34785914, 0.34885204, 0.34969249, 0.34947973, 0.34933311, 0.34929880, 0.30287123
0.14943182, 0.83846480, 0.25156459, 0.69534183, 1.9742936, 7.2692780, 9.6538572, 9.7761650, 9.8793755, 19.927605, 19.887724, 19.864527, 19.859509, 0.25695103, 0.26973888, 0.32268533, 0.34653661, 0.34776065, 0.34879342, 0.34963802, 0.34943861, 0.34932262, 0.34929755, 0.25156459
0.13698030, 0.68809891, 0.20645033, 0.34918189, 1.5505791, 6.2673354, 9.6398602, 9.7664671, 9.8727570, 19.916471, 19.880898, 19.862946, 19.859346, 0.25348988, 0.26550066, 0.31266299, 0.34639540, 0.34766304, 0.34872705, 0.34958237, 0.34940448, 0.34931472, 0.34929675, 0.20645033
0.12589623, 0.55424678, 0.16629067, 0.95424056E-1, 1.1603266, 5.2226481, 9.6165962, 9.7510967, 9.8635864, 19.905922, 19.875404, 19.861782, 19.859251, 0.25095353, 0.26159808, 0.30221480, 0.34616166, 0.34750879, 0.34863511, 0.34952962, 0.34937704, 0.34930891, 0.34929627, 0.16629067
0.11638157, 0.43934694, 0.13181727, 0.0000000, 0.77829063, 4.0187654, 9.5696383, 9.7208529, 9.8478642, 19.896250, 19.871050, 19.860922, 19.859194, 0.24998654, 0.25777921, 0.29017815, 0.34569186, 0.34720623, 0.34847787, 0.34948125, 0.34935525, 0.34930462, 0.34929597, 0.13181727
0.10942478, 0.35533619, 0.10661152, 0.0000000, 0.48829615, 2.9612958, 9.3696079, 9.6947937, 9.8333378, 19.888334, 19.867830, 19.860340, 19.859163, 0.24998654, 0.25488001, 0.27960399, 0.34369040, 0.34694499, 0.34833241, 0.34944168, 0.34933916, 0.34930170, 0.34929582, 0.10661152
0.10471094, 0.29841149, 0.89532398E-1, 0.0000000, 0.26534200, 2.3960114, 8.7399254, 9.6773500, 9.8220892, 19.881046, 19.865236, 19.859882, 19.859121, 0.24998654, 0.25265208, 0.27395403, 0.33739480, 0.34677106, 0.34822005, 0.34940523, 0.34932619, 0.34929940, 0.34929562, 0.89532398E-1
0.13936588, 0.71690762, 0.21509379, 1.7023206, 1.7721474, 2.1536379, 8.3519878, 9.7255182, 9.8388634, 19.875145, 19.863314, 19.859564, 19.859098, 0.26701593, 0.26771694, 0.27153364, 0.33351773, 0.34725392, 0.34838822, 0.34937572, 0.34931657, 0.34929782, 0.34929550, 0.21509379
0.16096206, 0.97770488, 0.29334080, 2.8532922, 2.2106557, 2.6478977, 8.3826904, 9.7436581, 9.8460455, 19.870630, 19.861958, 19.859346, 19.859070, 0.27852586, 0.27210328, 0.27647701, 0.33382565, 0.34743586, 0.34846023, 0.34935313, 0.34930980, 0.34929675, 0.34929535, 0.29334080
0.14359289, 0.76795316, 0.23040900, 1.9606322, 1.7667919, 2.3784101, 8.0528193, 9.7480440, 9.8473339, 19.866289, 19.860722, 19.859194, 19.859034, 0.26960540, 0.26766741, 0.27378377, 0.33052796, 0.34748030, 0.34847328, 0.34933144, 0.34930360, 0.34929597, 0.34929517, 0.23040900
0.13166833, 0.62395126, 0.18720411, 1.3787866, 1.4383614, 2.1561742, 7.7499418, 9.7541685, 9.8494663, 19.863602, 19.860018, 19.859110, 19.859011, 0.26378340, 0.26438081, 0.27155966, 0.32749793, 0.34754074, 0.34849432, 0.34931800, 0.34930009, 0.34929556, 0.34929505, 0.18720411
0.13194332, 0.62727207, 0.18820044, 1.6069561, 1.2036502, 1.9830436, 7.4841003, 9.7661476, 9.8537073, 19.861727, 19.859556, 19.859039, 19.858992, 0.26606515, 0.26203454, 0.26982880, 0.32483977, 0.34766066, 0.34853682, 0.34930864, 0.34929779, 0.34929520, 0.34929496, 0.18820044
0.12085760, 0.49339983, 0.14803475, 1.0503322, 0.93253851, 1.7655402, 7.1763144, 9.7517977, 9.8480167, 19.859928, 19.859108, 19.858952, 19.858974, 0.26050043, 0.25932384, 0.26765394, 0.32176197, 0.34751716, 0.34847990, 0.34929964, 0.34929556, 0.34929475, 0.34929487, 0.14803475
0.11206906, 0.38726878, 0.11619225, 0.63843131, 0.69902241, 1.5513897, 6.8402834, 9.7386627, 9.8422909, 19.858665, 19.858809, 19.858881, 19.858955, 0.25638181, 0.25698858, 0.26551208, 0.31840122, 0.34738550, 0.34842253, 0.34929332, 0.34929404, 0.34929439, 0.34929478, 0.11619225
0.10416538, 0.29182318, 0.87555707E-1, 0.29996634, 0.47010481, 1.3115793, 6.4401917, 9.7138014, 9.8315516, 19.857445, 19.858471, 19.858791, 19.858934, 0.25299710, 0.25469863, 0.26311243, 0.31439862, 0.34713554, 0.34831467, 0.34928721, 0.34929234, 0.34929395, 0.34929466, 0.87555707E-1
0.99259332E-1, 0.23257732, 0.69780178E-1, 0.11463165, 0.31705797, 1.1257619, 6.0598636, 9.7137671, 9.8302736, 19.856661, 19.858231, 19.858702, 19.858923, 0.25114536, 0.25316900, 0.26125485, 0.31059566, 0.34713528, 0.34830192, 0.34928331, 0.34929115, 0.34929350, 0.34929460, 0.69780178E-1
0.95324285E-1, 0.18505737, 0.55522766E-1, 0.40650368E-2, 0.18241405, 0.91013014, 5.5905647, 9.6824512, 9.8172503, 19.856277, 19.858124, 19.858662, 19.858923, 0.25004062, 0.25182307, 0.25909862, 0.30590233, 0.34682167, 0.34817153, 0.34928137, 0.34929061, 0.34929329, 0.34929460, 0.55522766E-1
0.14342037, 0.76586980, 0.22978392, 1.8372953, 2.2797852, 2.0736365, 6.3025894, 9.7490845, 9.8424273, 19.856571, 19.858192, 19.858662, 19.858923, 0.26836893, 0.27279484, 0.27073500, 0.31302506, 0.34749019, 0.34842405, 0.34928286, 0.34929097, 0.34929329, 0.34929460, 0.22978392
0.31909499, 1.0000000, 0.86628616, 8.0711117, 9.1254635, 9.3733902, 9.5901365, 9.8046417, 9.8649559, 19.857067, 19.858292, 19.858662, 19.858923, 0.33070531, 0.34125069, 0.34373188, 0.34590095, 0.34804621, 0.34864950, 0.34928533, 0.34929144, 0.34929329, 0.34929460, 0.86628616
0.35599536, 1.0000000, 0.99998313, 9.9998589, 9.9999161, 9.9999580, 9.9999905, 9.9999962, 9.9999990, 19.999998, 19.999998, 19.999998, 19.996996, 0.34999767, 0.34999859, 0.34999931, 0.34999985, 0.34999993, 0.34999999, 0.34999999, 0.34999999, 0.34999999, 0.34998497, 0.99998313
0.35599780, 1.0000000, 0.99999201, 9.9999990, 9.9999990, 9.9999990, 9.9999990, 9.9999990, 9.9999990, 19.999998, 19.999998, 19.999998, 19.998999, 0.34999889, 0.34999934, 0.34999967, 0.34999993, 0.34999996, 0.34999999, 0.34999999, 0.34999999, 0.34999999, 0.34999499, 0.99999201
0.33424324, 1.0000000, 0.92117107, 8.7470007, 9.5861883, 9.7660408, 9.9380140, 9.9682894, 9.9887104, 19.999439, 19.999855, 19.999725, 19.975233, 0.33746785, 0.34586048, 0.34765971, 0.34937999, 0.34968284, 0.34988707, 0.34999719, 0.34999928, 0.34999862, 0.34987617, 0.92117107
0.29950655, 1.0000000, 0.79531360, 6.4134436, 9.3688965, 9.6112185, 9.8548622, 9.9222031, 9.9703751, 19.997728, 19.999420, 19.998032, 19.952820, 0.31413120, 0.34368613, 0.34611073, 0.34854832, 0.34922189, 0.34970370, 0.34998864, 0.34999710, 0.34999016, 0.34976411, 0.79531360
0.26696938, 1.0000000, 0.67742527, 4.1038389, 9.3182850, 9.5655336, 9.8026676, 9.8884239, 9.9547682, 19.996340, 19.999056, 19.994017, 19.932806, 0.29103678, 0.34318069, 0.34565419, 0.34802645, 0.34888411, 0.34954765, 0.34998170, 0.34999529, 0.34997007, 0.34966403, 0.67742527
0.24165688, 1.0000000, 0.58571333, 2.7957320, 8.4569588, 9.5437899, 9.7700796, 9.8642626, 9.9410667, 19.994600, 19.998501, 19.987123, 19.915756, 0.27795598, 0.33456716, 0.34543651, 0.34770054, 0.34864247, 0.34941059, 0.34997299, 0.34999251, 0.34993562, 0.34957880, 0.58571333
0.27318406, 1.0000000, 0.69994223, 4.5544848, 9.3142118, 9.5820808, 9.7754221, 9.8625278, 9.9362297, 19.993343, 19.997786, 19.977409, 19.901823, 0.29554197, 0.34313861, 0.34581900, 0.34775385, 0.34862509, 0.34936225, 0.34996670, 0.34998894, 0.34988704, 0.34950912, 0.69994223
0.24471934, 1.0000000, 0.59680915, 2.9059739, 8.6531057, 9.5334616, 9.7504101, 9.8458567, 9.9263439, 19.991365, 19.996309, 19.965319, 19.890818, 0.27905405, 0.33652085, 0.34532902, 0.34750295, 0.34845799, 0.34926322, 0.34995681, 0.34998155, 0.34982660, 0.34945410, 0.59680915
0.22405499, 1.0000000, 0.52193832, 2.3203313, 7.1414633, 9.5210218, 9.7373323, 9.8357162, 9.9192572, 19.989363, 19.993765, 19.951782, 19.882374, 0.27319828, 0.32140538, 0.34520403, 0.34737206, 0.34835654, 0.34919235, 0.34994680, 0.34996882, 0.34975892, 0.34941188, 0.52193832
0.20355164, 1.0000000, 0.44765085, 1.7588615, 5.6164594, 9.4964170, 9.7208996, 9.8241940, 9.9120502, 19.986977, 19.989580, 19.937738, 19.876003, 0.26758206, 0.30615202, 0.34495354, 0.34720683, 0.34824082, 0.34912014, 0.34993488, 0.34994790, 0.34968871, 0.34938002, 0.44765085
0.18247379, 1.0000000, 0.37128183, 1.2185276, 3.9948134, 9.4580545, 9.6973801, 9.8087263, 9.9036112, 19.984350, 19.983419, 19.924105, 19.871269, 0.26217726, 0.28993237, 0.34456187, 0.34696999, 0.34808531, 0.34903544, 0.34992176, 0.34991711, 0.34962052, 0.34935635, 0.37128183
0.16617718, 1.0000000, 0.31223613, 0.80007613, 2.9097886, 9.0863209, 9.6886101, 9.8015938, 9.8987331, 19.981716, 19.975199, 19.911598, 19.867792, 0.25799641, 0.27908838, 0.34084836, 0.34688294, 0.34801432, 0.34898680, 0.34990859, 0.34987599, 0.34955800, 0.34933895, 0.31223613
0.15390220, 0.89244944, 0.26776162, 0.46735406, 2.4382977, 8.1757460, 9.6804104, 9.7955170, 9.8948669, 19.978809, 19.965086, 19.900633, 19.865271, 0.25467032, 0.27437291, 0.33174059, 0.34680012, 0.34795314, 0.34894797, 0.34989405, 0.34982544, 0.34950316, 0.34932634, 0.26776162
0.14312625, 0.76231796, 0.22871827, 0.21063983, 2.0138950, 7.2797208, 9.6718035, 9.7896004, 9.8914413, 19.975313, 19.953539, 19.891352, 19.863447, 0.25210455, 0.27012831, 0.32277799, 0.34671295, 0.34789342, 0.34891355, 0.34987658, 0.34976768, 0.34945676, 0.34931725, 0.22871827
0.13356113, 0.64680886, 0.19406207, 0.12093782E-1, 1.6318232, 6.3972721, 9.6627483, 9.7834826, 9.8879881, 19.970749, 19.941126, 19.883783, 19.862143, 0.25012082, 0.26630798, 0.31395259, 0.34662139, 0.34783176, 0.34887883, 0.34985375, 0.34970564, 0.34941891, 0.34931070, 0.19406207
0.12688038, 0.56613153, 0.16985644, 0.0000000, 1.2871772, 5.5179224, 9.6511736, 9.7759018, 9.8838692, 19.964849, 19.928612, 19.877729, 19.861202, 0.24999636, 0.26285839, 0.30515054, 0.34650168, 0.34775391, 0.34883699, 0.34982425, 0.34964305, 0.34938866, 0.34930602, 0.16985644
0.12179111, 0.50467300, 0.15141705, 0.0000000, 1.0533988, 4.7569752, 9.6567583, 9.7785139, 9.8845072, 19.958632, 19.916901, 19.873081, 19.860567, 0.24999636, 0.26051620, 0.29752961, 0.34655127, 0.34777689, 0.34884229, 0.34979317, 0.34958452, 0.34936541, 0.34930283, 0.15141705
0.13626878, 0.67950666, 0.20387238, 1.3071954, 0.90451241, 4.1942878, 9.6862879, 9.7951822, 9.8905716, 19.951048, 19.906204, 19.869507, 19.860121, 0.26304218, 0.25903276, 0.29191422, 0.34684965, 0.34794512, 0.34890345, 0.34975523, 0.34953102, 0.34934753, 0.34930059, 0.20387238
0.12802827, 0.57999355, 0.17401546, 0.96245408, 0.74805021, 3.6508384, 9.6873808, 9.7966700, 9.8907862, 19.941790, 19.896723, 19.866764, 19.859785, 0.25962287, 0.25747973, 0.28650650, 0.34687281, 0.34796619, 0.34890768, 0.34970894, 0.34948361, 0.34933382, 0.34929892, 0.17401546
0.11827358, 0.46219504, 0.13867238, 0.57582855, 0.55112839, 2.9917536, 9.6477003, 9.7740021, 9.8804703, 19.931147, 19.888496, 19.864656, 19.859545, 0.25575051, 0.25550681, 0.27990538, 0.34646916, 0.34773606, 0.34880337, 0.34965575, 0.34944248, 0.34932327, 0.34929773, 0.13867238
0.11062384, 0.36981621, 0.11095596, 0.26686490, 0.36854148, 2.6172490, 9.2581711, 9.7524519, 9.8685961, 19.920162, 19.881647, 19.863077, 19.859367, 0.25266552, 0.25368282, 0.27616328, 0.34257519, 0.34752110, 0.34868479, 0.34960082, 0.34940824, 0.34931538, 0.34929684, 0.11095596
0.10430677, 0.29353070, 0.88068023E-1, 0.50124526E-1, 0.21034479, 2.2234945, 8.8011913, 9.7259283, 9.8540621, 19.909405, 19.876089, 19.861900, 19.859287, 0.25050068, 0.25210205, 0.27222753, 0.33800605, 0.34725603, 0.34853950, 0.34954703, 0.34938043, 0.34930950, 0.34929645, 0.88068023E-1
0.10055584, 0.24823418, 0.74477702E-1, 0.0000000, 0.89955330E-1, 1.8343121, 8.2756338, 9.7009859, 9.8395233, 19.899525, 19.871700, 19.861027, 19.859222, 0.24998148, 0.25089800, 0.26832744, 0.33274221, 0.34700158, 0.34839243, 0.34949762, 0.34935850, 0.34930512, 0.34929612, 0.74477702E-1
0.98500296E-1, 0.22341120, 0.67030065E-1, 0.0000000, 0.28961897E-1, 1.5532166, 7.7979527, 9.7054367, 9.8375463, 19.891294, 19.868389, 19.860424, 19.859205, 0.24998148, 0.25028947, 0.26552829, 0.32797563, 0.34705195, 0.34837466, 0.34945649, 0.34934193, 0.34930211, 0.34929603, 0.67030065E-1
0.96675210E-1, 0.20137127, 0.60417425E-1, 0.0000000, 0.0000000, 1.2750626, 7.2811933, 9.6914158, 9.8293133, 19.884142, 19.865849, 19.859993, 19.859180, 0.24998148, 0.24998967, 0.26274866, 0.32280967, 0.34691268, 0.34829262, 0.34942073, 0.34932923, 0.34929997, 0.34929591, 0.60417425E-1
0.95070705E-1, 0.18199512, 0.54603998E-1, 0.0000000, 0.0000000, 1.0055900, 6.7031064, 9.6698132, 9.8174829, 19.877935, 19.863869, 19.859688, 19.859163, 0.24998148, 0.24998967, 0.26005462, 0.31702936, 0.34669691, 0.34817442, 0.34938967, 0.34931934, 0.34929845, 0.34929582, 0.54603998E-1
0.93567207E-1, 0.16383874, 0.49156539E-1, 0.0000000, 0.0000000, 0.76889694, 6.0822139, 9.6529503, 9.8072939, 19.872835, 19.862347, 19.859489, 19.859144, 0.24998148, 0.24998967, 0.25768593, 0.31081733, 0.34652570, 0.34807166, 0.34936416, 0.34931174, 0.34929746, 0.34929574, 0.49156539E-1
0.92543326E-1, 0.15147428, 0.45446832E-1, 0.0000000, 0.0000000, 0.61996281, 5.5789394, 9.6721878, 9.8136139, 19.868702, 19.861254, 19.859394, 19.859121, 0.24998148, 0.24998967, 0.25619766, 0.30578586, 0.34671882, 0.34813508, 0.34934351, 0.34930629, 0.34929699, 0.34929562, 0.45446832E-1
0.91605559E-1, 0.14014971, 0.42049117E-1, 0.0000000, 0.0000000, 0.49009025, 5.0983958, 9.6743889, 9.8141384, 19.865326, 19.860407, 19.859295, 19.859104, 0.24998148, 0.24998967, 0.25489435, 0.30097035, 0.34673095, 0.34813699, 0.34932664, 0.34930202, 0.34929648, 0.34929553, 0.42049117E-1
0.90814315E-1, 0.13059458, 0.39182294E-1, 0.0000000, 0.0000000, 0.38794875, 4.6507378, 9.6783876, 9.8154154, 19.862801, 19.859781, 19.859217, 19.859081, 0.24998148, 0.24998967, 0.25387400, 0.29649425, 0.34677023, 0.34814954, 0.34931400, 0.34929889, 0.34929609, 0.34929541, 0.39182294E-1
0.90114385E-1, 0.12214219, 0.36646321E-1, 0.0000000, 0.0000000, 0.30528307, 4.2183552, 9.6783152, 9.8151484, 19.861055, 19.859394, 19.859144, 19.859064, 0.24998148, 0.24998967, 0.25304827, 0.29217094, 0.34676868, 0.34814659, 0.34930527, 0.34929699, 0.34929574, 0.34929532, 0.36646321E-1
0.89386985E-1, 0.11335802, 0.34010809E-1, 0.0000000, 0.0000000, 0.22224486, 3.7631044, 9.6657515, 9.8093147, 19.859346, 19.859022, 19.859045, 19.859034, 0.24998148, 0.24998967, 0.25221768, 0.28761488, 0.34663677, 0.34808615, 0.34929675, 0.34929511, 0.34929523, 0.34929517, 0.34010809E-1
0.15026420, 0.84851646, 0.25458041, 2.4981589, 2.1540403, 2.3324461, 3.5414815, 9.7624645, 9.8466940, 19.858860, 19.858892, 19.859016, 19.859022, 0.27496350, 0.27153105, 0.27331939, 0.28541327, 0.34762254, 0.34846622, 0.34929430, 0.34929445, 0.34929508, 0.34929511, 0.25458041
0.17507982, 1.0000000, 0.34449214, 2.9273570, 2.3094654, 5.4202814, 9.3006935, 9.8163939, 9.8695545, 19.858831, 19.858887, 19.859016, 19.859022, 0.27927011, 0.27309301, 0.30420089, 0.34300628, 0.34816357, 0.34869543, 0.34929416, 0.34929442, 0.34929508, 0.34929511, 0.34449214
0.28302789, 1.0000000, 0.73560822, 5.3448763, 9.2255363, 9.5173082, 9.7108440, 9.8452053, 9.8817062, 19.858786, 19.858881, 19.859016, 19.859022, 0.30344847, 0.34225506, 0.34517294, 0.34710839, 0.34845203, 0.34881705, 0.34929392, 0.34929439, 0.34929508, 0.34929511, 0.73560822
0.31859156, 1.0000000, 0.86446214, 7.6962872, 9.5206032, 9.6636543, 9.7843952, 9.8558979, 9.8861856, 19.858519, 19.858805, 19.858997, 19.859022, 0.32696220, 0.34520552, 0.34663630, 0.34784389, 0.34855893, 0.34886187, 0.34929258, 0.34929401, 0.34929499, 0.34929511, 0.86446214
0.35599858, 1.0000000, 0.99999475, 9.9999990, 9.9999990, 9.9999962, 9.9999990, 9.9999990, 9.9999990, 19.999998, 19.999998, 19.999998, 19.998999, 0.34999928, 0.34999958, 0.34999976, 0.34999996, 0.34999996, 0.34999999, 0.34999999, 0.34999999, 0.34999999, 0.34999499, 0.99999475
0.35599864, 1.0000000, 0.99999505, 9.9999962, 9.9999990, 9.9999990, 9.9999990, 9.9999990, 9.9999990, 19.999998, 19.999998, 19.999998, 19.998999, 0.34999931, 0.34999961, 0.34999979, 0.34999996, 0.34999996, 0.34999999, 0.34999999, 0.34999999, 0.34999999, 0.34999499, 0.99999505
0.35599113, 1.0000000, 0.99996775, 9.9996357, 9.9997816, 9.9998922, 9.9999752, 9.9999876, 9.9999990, 19.999998, 19.999998, 19.999998, 19.994993, 0.34999555, 0.34999734, 0.34999868, 0.34999970, 0.34999985, 0.34999999, 0.34999999, 0.34999999, 0.34999999, 0.34997496, 0.99996775
0.34672832, 1.0000000, 0.96640694, 9.5390663, 9.7270012, 9.8521719, 9.9646606, 9.9821014, 9.9937267, 19.999743, 19.999933, 19.999846, 19.980116, 0.34539026, 0.34726974, 0.34852159, 0.34964657, 0.34982103, 0.34993726, 0.34999871, 0.34999967, 0.34999922, 0.34990057, 0.96640694
0.33313435, 1.0000000, 0.91715330, 8.6581755, 9.5999651, 9.7674885, 9.9322882, 9.9649029, 9.9874973, 19.999546, 19.999886, 19.998623, 19.957342, 0.33658111, 0.34599924, 0.34767467, 0.34932286, 0.34964898, 0.34987497, 0.34999773, 0.34999943, 0.34999311, 0.34978670, 0.91715330
0.31228742, 1.0000000, 0.84162104, 7.2377148, 9.4935608, 9.6916142, 9.8880777, 9.9399948, 9.9776411, 19.998909, 19.999716, 19.995205, 19.936766, 0.32237604, 0.34493473, 0.34691569, 0.34888068, 0.34939989, 0.34977639, 0.34999454, 0.34999859, 0.34997603, 0.34968382, 0.84162104
0.28994220, 1.0000000, 0.76066017, 5.6717362, 9.4325151, 9.6460495, 9.8518410, 9.9175062, 9.9678717, 19.998438, 19.999563, 19.989000, 19.919092, 0.30671638, 0.34432417, 0.34645998, 0.34851831, 0.34917501, 0.34967870, 0.34999219, 0.34999782, 0.34994501, 0.34959546, 0.76066017
0.26905185, 1.0000000, 0.68497050, 4.1643295, 9.4299250, 9.6362801, 9.8294163, 9.9014368, 9.9594345, 19.997835, 19.999121, 19.979916, 19.904522, 0.29164249, 0.34429818, 0.34636223, 0.34829405, 0.34901431, 0.34959432, 0.34998918, 0.34999561, 0.34989959, 0.34952262, 0.68497050
0.25399819, 1.0000000, 0.63042819, 3.0348482, 9.4816875, 9.6633816, 9.8283081, 9.8973503, 9.9552507, 19.997406, 19.998205, 19.968388, 19.892933, 0.28034648, 0.34481314, 0.34663191, 0.34828269, 0.34897330, 0.34955245, 0.34998703, 0.34999102, 0.34984195, 0.34946465, 0.63042819
0.24190350, 1.0000000, 0.58660686, 2.6675940, 8.6459570, 9.6412802, 9.8169317, 9.8889036, 9.9497738, 19.996840, 19.996319, 19.955147, 19.884018, 0.27667356, 0.33645493, 0.34641021, 0.34816879, 0.34888878, 0.34949765, 0.34998420, 0.34998161, 0.34977573, 0.34942010, 0.58660686
0.23360987, 1.0000000, 0.55655748, 2.4618773, 7.9749680, 9.6640615, 9.8220253, 9.8898420, 9.9481792, 19.996498, 19.993053, 19.941216, 19.877268, 0.27461711, 0.32974640, 0.34663865, 0.34821984, 0.34889820, 0.34948173, 0.34998250, 0.34996527, 0.34970608, 0.34938633, 0.55655748
0.22747631, 1.0000000, 0.53433448, 2.3247898, 7.4494286, 9.6886120, 9.8323355, 9.8945112, 9.9488506, 19.996403, 19.988022, 19.927542, 19.872236, 0.27324551, 0.32448971, 0.34688315, 0.34832275, 0.34894481, 0.34948841, 0.34998202, 0.34994012, 0.34963772, 0.34936118, 0.53433448
0.21566129, 1.0000000, 0.49152637, 2.0188272, 6.5711050, 9.6162834, 9.8072243, 9.8805838, 9.9426460, 19.995472, 19.980698, 19.914780, 19.868534, 0.27018780, 0.31571010, 0.34616214, 0.34807208, 0.34880579, 0.34942642, 0.34997737, 0.34990349, 0.34957391, 0.34934267, 0.49152637
0.20646429, 1.0000000, 0.45820391, 1.8092543, 5.8063941, 9.6237240, 9.8040361, 9.8775511, 9.9404249, 19.994566, 19.971415, 19.903498, 19.865858, 0.26809216, 0.30806318, 0.34623662, 0.34804025, 0.34877545, 0.34940422, 0.34997284, 0.34985706, 0.34951749, 0.34932929, 0.45820391
0.19385523, 1.0000000, 0.41251895, 1.5045851, 4.8209667, 9.5723848, 9.7793455, 9.8629408, 9.9335794, 19.992409, 19.960260, 19.893841, 19.863907, 0.26504409, 0.29820627, 0.34572044, 0.34779277, 0.34862906, 0.34933567, 0.34996206, 0.34980130, 0.34946921, 0.34931952, 0.41251895
0.18701881, 1.0000000, 0.38774931, 1.3696462, 4.1881018, 9.6319256, 9.7962275, 9.8705788, 9.9352503, 19.989788, 19.948158, 19.885921, 19.862507, 0.26369521, 0.29187876, 0.34631664, 0.34796172, 0.34870553, 0.34935242, 0.34994894, 0.34974080, 0.34942961, 0.34931254, 0.38774931
0.35593462, 1.0000000, 0.99976319, 9.9975471, 9.9985209, 9.9992638, 9.9998503, 9.9999247, 9.9999752, 19.999998, 19.999998, 19.999998, 19.994993, 0.34996745, 0.34998041, 0.34999022, 0.34999803, 0.34999901, 0.34999967, 0.34999999, 0.34999999, 0.34999999, 0.34997496, 0.99976319
0.35599816, 1.0000000, 0.99999326, 9.9999962, 9.9999962, 9.9999990, 9.9999990, 9.9999990, 9.9999990, 19.999998, 19.999998, 19.999998, 19.998999, 0.34999907, 0.34999943, 0.34999973, 0.34999993, 0.34999996, 0.34999999, 0.34999999, 0.34999999, 0.34999999, 0.34999499, 0.99999326
0.35599917, 1.0000000, 0.99999690, 9.9999990, 9.9999990, 9.9999990, 9.9999990, 9.9999990, 9.9999990, 19.999998, 19.999998, 19.999998, 19.998999, 0.34999958, 0.34999973, 0.34999987, 0.34999996, 0.34999999, 0.34999999, 0.34999999, 0.34999999, 0.34999999, 0.34999499, 0.99999690
0.35599917, 1.0000000, 0.99999702, 9.9999990, 9.9999990, 9.9999990, 9.9999990, 9.9999990, 9.9999990, 19.999998, 19.999998, 19.999998, 19.998999, 0.34999958, 0.34999976, 0.34999987, 0.34999996, 0.34999999, 0.34999999, 0.34999999, 0.34999999, 0.34999999, 0.34999499, 0.99999702
0.35599685, 1.0000000, 0.99998856, 9.9998770, 9.9999275, 9.9999609, 9.9999905, 9.9999990, 9.9999990, 19.999998, 19.999998, 19.999998, 19.995995, 0.34999841, 0.34999907, 0.34999949, 0.34999987, 0.34999999, 0.34999999, 0.34999999, 0.34999999, 0.34999999, 0.34997997, 0.99998856
0.35567683, 1.0000000, 0.99882901, 9.9986296, 9.9839058, 9.9608412, 9.9919252, 9.9959450, 9.9986401, 19.999998, 19.999998, 19.999893, 19.981098, 0.34998611, 0.34983894, 0.34960836, 0.34991926, 0.34995943, 0.34998640, 0.34999999, 0.34999999, 0.34999946, 0.34990549, 0.99882901
0.34405100, 1.0000000, 0.95670652, 9.3567877, 9.7183323, 9.8316107, 9.9599791, 9.9796810, 9.9931402, 19.999992, 19.999998, 19.998758, 19.958250, 0.34356746, 0.34718305, 0.34831595, 0.34959975, 0.34979680, 0.34993142, 0.34999996, 0.34999999, 0.34999380, 0.34979126, 0.95670652
0.33311760, 1.0000000, 0.91709268, 8.6292715, 9.6371794, 9.7847433, 9.9361391, 9.9667988, 9.9884529, 19.999916, 19.999981, 19.995481, 19.937578, 0.33629134, 0.34637088, 0.34784696, 0.34936130, 0.34966794, 0.34988451, 0.34999958, 0.34999990, 0.34997740, 0.34968787, 0.91709268
0.32588351, 1.0000000, 0.89088231, 8.0839844, 9.6670618, 9.7974710, 9.9268484, 9.9607706, 9.9858370, 19.999832, 19.999945, 19.989424, 19.919777, 0.33083913, 0.34667012, 0.34797445, 0.34926844, 0.34960768, 0.34985837, 0.34999916, 0.34999973, 0.34994712, 0.34959888, 0.89088231
0.31819740, 1.0000000, 0.86303401, 7.5315418, 9.6640873, 9.7934246, 9.9144773, 9.9529419, 9.9819031, 19.999159, 19.999508, 19.980446, 19.905094, 0.32531151, 0.34663787, 0.34793273, 0.34914446, 0.34952927, 0.34981897, 0.34999579, 0.34999755, 0.34990221, 0.34952548, 0.86303401
0.30961895, 1.0000000, 0.83195263, 6.9270430, 9.6445303, 9.7793169, 9.9007301, 9.9441233, 9.9772234, 19.998169, 19.998493, 19.968958, 19.893404, 0.31926650, 0.34644198, 0.34779149, 0.34900698, 0.34944105, 0.34977219, 0.34999084, 0.34999245, 0.34984478, 0.34946701, 0.83195263
0.29781109, 1.0000000, 0.78917062, 6.1204958, 9.5845423, 9.7411442, 9.8830757, 9.9329967, 9.9718828, 19.997513, 19.996643, 19.955774, 19.884365, 0.31120002, 0.34584078, 0.34740910, 0.34883028, 0.34932974, 0.34971875, 0.34998757, 0.34998322, 0.34977886, 0.34942183, 0.78917062
0.28753728, 1.0000000, 0.75194663, 5.3791761, 9.5828886, 9.7367525, 9.8757973, 9.9272060, 9.9685345, 19.997190, 19.993464, 19.941845, 19.877522, 0.30378595, 0.34582266, 0.34736437, 0.34875736, 0.34927174, 0.34968522, 0.34998596, 0.34996730, 0.34970921, 0.34938762, 0.75194663
0.27665758, 1.0000000, 0.71252739, 4.5998073, 9.5733643, 9.7282457, 9.8660192, 9.9202394, 9.9642754, 19.996250, 19.988276, 19.928074, 19.872440, 0.29599312, 0.34572747, 0.34727934, 0.34865957, 0.34920207, 0.34964263, 0.34998125, 0.34994137, 0.34964037, 0.34936219, 0.71252739
0.26752418, 1.0000000, 0.67943543, 3.9264357, 9.5889902, 9.7353363, 9.8636703, 9.9173679, 9.9616680, 19.995270, 19.981010, 19.915272, 19.868687, 0.28926113, 0.34588519, 0.34735098, 0.34863621, 0.34917343, 0.34961659, 0.34997636, 0.34990504, 0.34957635, 0.34934342, 0.67943543
0.25261003, 1.0000000, 0.62539858, 2.9896557, 9.3855829, 9.6685438, 9.8390102, 9.9028196, 9.9548235, 19.993650, 19.971624, 19.903877, 19.865940, 0.27989420, 0.34385142, 0.34668317, 0.34838963, 0.34902796, 0.34954813, 0.34996825, 0.34985811, 0.34951937, 0.34932971, 0.62539858
0.24044883, 1.0000000, 0.58133632, 2.6499243, 8.5010796, 9.6373863, 9.8197660, 9.8904343, 9.9485331, 19.991468, 19.960518, 19.894148, 19.863972, 0.27649745, 0.33500737, 0.34637192, 0.34819728, 0.34890413, 0.34948528, 0.34995735, 0.34980258, 0.34947073, 0.34931988, 0.58133632
0.22919202, 1.0000000, 0.54055077, 2.3506761, 7.6464386, 9.6286316, 9.8093691, 9.8827009, 9.9438925, 19.988312, 19.948292, 19.886135, 19.862555, 0.27350444, 0.32645983, 0.34628347, 0.34809309, 0.34882671, 0.34943885, 0.34994155, 0.34974146, 0.34943068, 0.34931278, 0.54055077
0.21866360, 1.0000000, 0.50240433, 2.0796208, 6.8302546, 9.6235552, 9.8030338, 9.8775415, 9.9402885, 19.983732, 19.935658, 19.879713, 19.861544, 0.27079368, 0.31829754, 0.34623203, 0.34802961, 0.34877506, 0.34940276, 0.34991866, 0.34967828, 0.34939855, 0.34930772, 0.50240433
0.21103531, 1.0000000, 0.47476557, 1.8942773, 6.2022700, 9.6547842, 9.8113041, 9.8806953, 9.9399986, 19.977608, 19.923342, 19.874643, 19.860826, 0.26893803, 0.31201336, 0.34654060, 0.34811157, 0.34880620, 0.34939975, 0.34988803, 0.34961671, 0.34937322, 0.34930414, 0.47476557
0.20189232, 1.0000000, 0.44163883, 1.6564518, 5.5055695, 9.6337061, 9.8040390, 9.8761177, 9.9368305, 19.969278, 19.911758, 19.870701, 19.860302, 0.26656079, 0.30504826, 0.34633055, 0.34803909, 0.34876052, 0.34936810, 0.34984639, 0.34955880, 0.34935349, 0.34930152, 0.44163883
0.19535190, 1.0000000, 0.41794163, 1.4986187, 4.9629369, 9.6628370, 9.8127232, 9.8799801, 9.9367132, 19.959591, 19.901478, 19.867706, 19.859938, 0.26498288, 0.29962277, 0.34662193, 0.34812593, 0.34879914, 0.34936693, 0.34979796, 0.34950739, 0.34933853, 0.34929970, 0.41794163
0.18781014, 1.0000000, 0.39061642, 1.3046831, 4.3837986, 9.6481781, 9.8084421, 9.8772049, 9.9337273, 19.948303, 19.892559, 19.865410, 19.859650, 0.26304254, 0.29382935, 0.34647223, 0.34808248, 0.34877107, 0.34933695, 0.34974152, 0.34946281, 0.34932706, 0.34929824, 0.39061642
0.20663317, 1.0000000, 0.45881575, 2.1907897, 5.1351557, 9.7302046, 9.8353510, 9.8908777, 9.9366341, 19.937023, 19.885246, 19.863741, 19.859482, 0.27190417, 0.30134630, 0.34729707, 0.34835249, 0.34890828, 0.34936616, 0.34968513, 0.34942624, 0.34931871, 0.34929740, 0.45881575
0.30561769, 1.0000000, 0.81745541, 6.7052827, 9.5369625, 9.7793741, 9.8573008, 9.9025469, 9.9385824, 19.925819, 19.879335, 19.862499, 19.859346, 0.31705242, 0.34536928, 0.34779358, 0.34857297, 0.34902543, 0.34938583, 0.34962910, 0.34939668, 0.34931248, 0.34929675, 0.81745541
0.29949111, 1.0000000, 0.79525757, 6.2503905, 9.5788927, 9.7347765, 9.8490019, 9.8981276, 9.9334764, 19.914188, 19.874395, 19.861528, 19.859299, 0.31250256, 0.34578770, 0.34734714, 0.34848991, 0.34898120, 0.34933475, 0.34957093, 0.34937197, 0.34930766, 0.34929651, 0.79525757
0.28025550, 1.0000000, 0.72556341, 4.9482388, 9.4706831, 9.6586657, 9.8184624, 9.8803759, 9.9219694, 19.902327, 19.870201, 19.860733, 19.859222, 0.29947323, 0.34469628, 0.34658125, 0.34818351, 0.34880322, 0.34921950, 0.34951162, 0.34935099, 0.34930366, 0.34929612, 0.72556341
0.26015010, 1.0000000, 0.65271771, 3.5280502, 9.4285259, 9.6264114, 9.7982254, 9.8663797, 9.9118595, 19.892233, 19.867016, 19.860147, 19.859194, 0.28527266, 0.34427270, 0.34625772, 0.34798095, 0.34866315, 0.34911838, 0.34946117, 0.34933507, 0.34930074, 0.34929597, 0.65271771
0.24669082, 1.0000000, 0.60395223, 2.8389752, 8.9463091, 9.6347284, 9.7962675, 9.8620176, 9.9060707, 19.884504, 19.864777, 19.859793, 19.859169, 0.27838635, 0.33945668, 0.34634382, 0.34796196, 0.34861982, 0.34906060, 0.34942251, 0.34932387, 0.34929895, 0.34929585, 0.60395223
0.23300788, 1.0000000, 0.55437630, 2.4548531, 7.9539914, 9.6009703, 9.7810287, 9.8510561, 9.8982573, 19.877878, 19.863026, 19.859535, 19.859152, 0.27454305, 0.32952929, 0.34600326, 0.34780899, 0.34850991, 0.34898236, 0.34938937, 0.34931514, 0.34929767, 0.34929577, 0.55437630
0.21917750, 1.0000000, 0.50426632, 2.0806789, 6.9204254, 9.5794420, 9.7670288, 9.8406992, 9.8911028, 19.872427, 19.861687, 19.859348, 19.859121, 0.27080074, 0.31919217, 0.34578604, 0.34766859, 0.34840614, 0.34891072, 0.34936213, 0.34930843, 0.34929675, 0.34929562, 0.50426632
0.20553115, 1.0000000, 0.45482302, 1.7335951, 5.8608446, 9.5612440, 9.7546835, 9.8315020, 9.8850660, 19.868187, 19.860689, 19.859259, 19.859098, 0.26733196, 0.30860037, 0.34560585, 0.34754550, 0.34831434, 0.34885043, 0.34934095, 0.34930345, 0.34929630, 0.34929550, 0.45482302
0.19247741, 1.0000000, 0.40752679, 1.4125735, 4.8264298, 9.5500059, 9.7449970, 9.8240938, 9.8800936, 19.864748, 19.859953, 19.859158, 19.859070, 0.26412183, 0.29825628, 0.34549212, 0.34744835, 0.34824014, 0.34880066, 0.34932375, 0.34929976, 0.34929579, 0.34929535, 0.40752679
0.18023671, 1.0000000, 0.36317647, 1.1230975, 3.8356736, 9.5418272, 9.7376804, 9.8183718, 9.8761864, 19.862032, 19.859367, 19.859051, 19.859045, 0.26122737, 0.28834933, 0.34540910, 0.34737492, 0.34818277, 0.34876153, 0.34931016, 0.34929684, 0.34929526, 0.34929523, 0.36317647
0.16986087, 1.0000000, 0.32558283, 0.90143681, 2.9896646, 9.4642696, 9.7346535, 9.8154993, 9.8740854, 19.860355, 19.859070, 19.858997, 19.859028, 0.25901392, 0.27989572, 0.34464124, 0.34734625, 0.34815484, 0.34874079, 0.34930179, 0.34929535, 0.34929499, 0.34929514, 0.32558283
0.16198336, 0.99003804, 0.29704112, 0.68155527, 2.6977568, 8.8806581, 9.7313042, 9.8127670, 9.8719740, 19.858753, 19.858702, 19.858904, 19.859011, 0.25681400, 0.27697390, 0.33880055, 0.34731174, 0.34812701, 0.34871954, 0.34929377, 0.34929350, 0.34929451, 0.34929505, 0.29704112
0.15490159, 0.90451807, 0.27138257, 0.48631430, 2.4378924, 8.3394756, 9.7321453, 9.8124542, 9.8709183, 19.857409, 19.858404, 19.858828, 19.858992, 0.25486258, 0.27437720, 0.33339185, 0.34732077, 0.34812418, 0.34870905, 0.34928703, 0.34929201, 0.34929413, 0.34929496, 0.27138257
0.14879018, 0.83071619, 0.24923979, 0.31835139, 2.2182763, 7.8633003, 9.7378960, 9.8150988, 9.8711271, 19.856348, 19.858177, 19.858757, 19.858974, 0.25318190, 0.27217600, 0.32862100, 0.34737599, 0.34814951, 0.34871078, 0.34928173, 0.34929088, 0.34929377, 0.34929487, 0.24923979
0.14301366, 0.76095825, 0.22831032, 0.15144646, 2.0156801, 7.4273601, 9.7425871, 9.8173313, 9.8712225, 19.855310, 19.857925, 19.858690, 19.858946, 0.25151384, 0.27015191, 0.32426459, 0.34742352, 0.34817213, 0.34871185, 0.34927654, 0.34928963, 0.34929344, 0.34929472, 0.22831032
0.13731918, 0.69219136, 0.20767818, 0.0000000, 1.8077910, 6.9729223, 9.7386818, 9.8150187, 9.8699179, 19.854490, 19.857723, 19.858614, 19.858923, 0.24999925, 0.26807415, 0.31972197, 0.34738478, 0.34814918, 0.34869885, 0.34927246, 0.34928861, 0.34929305, 0.34929460, 0.20767818
0.13452563, 0.65845621, 0.19755661, 0.0000000, 1.6669780, 6.5776873, 9.7488012, 9.8203821, 9.8722143, 19.854885, 19.857822, 19.858614, 19.858923, 0.24999925, 0.26666474, 0.31576693, 0.34748507, 0.34820235, 0.34872165, 0.34927443, 0.34928912, 0.34929305, 0.34929460, 0.19755661
0.13337445, 0.64455456, 0.19338571, 0.0000000, 1.6226321, 6.3766003, 9.7857141, 9.8404608, 9.8797245, 19.855558, 19.858028, 19.858614, 19.858923, 0.24999925, 0.26622632, 0.31376600, 0.34785715, 0.34840462, 0.34879726, 0.34927779, 0.34929013, 0.34929305, 0.34929460, 0.19338571
0.13044363, 0.60916167, 0.18276678, 0.0000000, 1.4676183, 5.9851618, 9.7603331, 9.8280020, 9.8756065, 19.855619, 19.858028, 19.858578, 19.858923, 0.24999925, 0.26467618, 0.30985162, 0.34760332, 0.34828001, 0.34875607, 0.34927809, 0.34929013, 0.34929287, 0.34929460, 0.18276678
0.12687415, 0.56605619, 0.16983384, 0.0000000, 1.2855381, 5.4952607, 9.7293434, 9.8112011, 9.8697929, 19.855629, 19.858000, 19.858566, 19.858923, 0.24999925, 0.26285523, 0.30495229, 0.34729332, 0.34811196, 0.34869790, 0.34927815, 0.34929001, 0.34929281, 0.34929460, 0.16983384
0.12417937, 0.53351390, 0.16007018, 0.0000000, 1.1605680, 5.0928135, 9.7358875, 9.8138714, 9.8706770, 19.855782, 19.858028, 19.858566, 19.858923, 0.24999925, 0.26160523, 0.30092719, 0.34735852, 0.34813854, 0.34870672, 0.34927890, 0.34929013, 0.34929281, 0.34929460, 0.16007018
0.12214540, 0.50895143, 0.15270071, 0.0000000, 1.0761648, 4.7672510, 9.7493563, 9.8212471, 9.8735819, 19.856205, 19.858105, 19.858566, 19.858923, 0.24999925, 0.26076019, 0.29766926, 0.34749225, 0.34821182, 0.34873557, 0.34928101, 0.34929052, 0.34929281, 0.34929460, 0.15270071
0.12877370, 0.58899546, 0.17671631, 0.55735409, 1.0401309, 4.5740824, 9.7838249, 9.8399868, 9.8803205, 19.856550, 19.858187, 19.858566, 19.858923, 0.25557208, 0.26039967, 0.29573724, 0.34783670, 0.34839910, 0.34880295, 0.34928274, 0.34929094, 0.34929281, 0.34929460, 0.17671631
0.12385811, 0.52963430, 0.15890618, 0.40334463, 0.90256035, 4.1858010, 9.7421045, 9.8186312, 9.8728399, 19.856277, 19.858099, 19.858566, 19.858923, 0.25403234, 0.25902414, 0.29185462, 0.34741947, 0.34818551, 0.34872812, 0.34928137, 0.34929049, 0.34929281, 0.34929460, 0.15890618
0.12142389, 0.50023854, 0.15008657, 0.34865141, 0.84029138, 3.9015863, 9.7566586, 9.8258400, 9.8755894, 19.856649, 19.858192, 19.858566, 19.858923, 0.25348485, 0.25840050, 0.28901026, 0.34756377, 0.34825701, 0.34875542, 0.34928325, 0.34929097, 0.34929281, 0.34929460, 0.15008657
0.11757976, 0.45381641, 0.13615854, 0.24711490, 0.73279142, 3.5314918, 9.7318964, 9.8126974, 9.8709593, 19.856556, 19.858170, 19.858566, 19.858923, 0.25247094, 0.25732756, 0.28531408, 0.34731847, 0.34812674, 0.34870949, 0.34928277, 0.34929085, 0.34929281, 0.34929460, 0.13615854
0.11411988, 0.41203460, 0.12362275, 0.15333593, 0.64050257, 3.1929834, 9.7311525, 9.8116550, 9.8702822, 19.856323, 19.858105, 19.858566, 19.858923, 0.25153336, 0.25640503, 0.28192985, 0.34731153, 0.34811655, 0.34870282, 0.34928161, 0.34929052, 0.34929281, 0.34929460, 0.12362275
0.11031959, 0.36614203, 0.10985360, 0.20843744E-1, 0.53298771, 2.9496222, 9.6478472, 9.8109465, 9.8693151, 19.855499, 19.857904, 19.858555, 19.858923, 0.25020829, 0.25532779, 0.27949041, 0.34647468, 0.34810752, 0.34869251, 0.34927750, 0.34928954, 0.34929278, 0.34929460, 0.10985360
0.10812901, 0.33968842, 0.10191672, 0.0000000, 0.41933656, 2.7615905, 9.4339933, 9.7995882, 9.8648453, 19.854910, 19.857786, 19.858551, 19.858923, 0.24999946, 0.25419098, 0.27760804, 0.34433457, 0.34799308, 0.34864753, 0.34927455, 0.34928894, 0.34929276, 0.34929460, 0.10191672
0.10721168, 0.32861060, 0.98593041E-1, 0.0000000, 0.37360489, 2.6611447, 9.2753477, 9.8130035, 9.8698645, 19.855370, 19.857941, 19.858566, 19.858923, 0.24999946, 0.25373468, 0.27660656, 0.34275007, 0.34812826, 0.34869805, 0.34927684, 0.34928972, 0.34929281, 0.34929460, 0.98593041E-1
0.10536896, 0.30635783, 0.91916546E-1, 0.0000000, 0.28118491, 2.4521260, 9.0328979, 9.7899971, 9.8616524, 19.855200, 19.857904, 19.858566, 19.858923, 0.24999946, 0.25281042, 0.27451503, 0.34032440, 0.34789750, 0.34861571, 0.34927601, 0.34928954, 0.34929281, 0.34929460, 0.91916546E-1
0.10442506, 0.29495916, 0.88496596E-1, 0.0000000, 0.23897588, 2.3422627, 8.8538532, 9.8020601, 9.8660145, 19.855572, 19.858023, 19.858566, 19.858923, 0.24999946, 0.25238940, 0.27342084, 0.33853716, 0.34801987, 0.34865990, 0.34927785, 0.34929010, 0.34929281, 0.34929460, 0.88496596E-1
0.12687559, 0.56607378, 0.16983911, 1.7114252, 0.16399324, 2.2413790, 8.6952305, 9.8117657, 9.8689442, 19.854952, 19.857836, 19.858555, 19.858923, 0.26711246, 0.25163984, 0.27241310, 0.33695176, 0.34811735, 0.34868935, 0.34927475, 0.34928918, 0.34929278, 0.34929460, 0.16983911
0.12044977, 0.48847499, 0.14655715, 1.3461351, 0.83419681E-1, 2.1080911, 8.5107222, 9.8053513, 9.8663673, 19.854345, 19.857681, 19.858540, 19.858923, 0.26345348, 0.25083390, 0.27107722, 0.33510423, 0.34805179, 0.34866312, 0.34927171, 0.34928840, 0.34929270, 0.34929460, 0.14655715
0.11797670, 0.45860982, 0.13759671, 1.2098283, 0.48992038E-1, 2.0559311, 8.3918161, 9.8253012, 9.8736315, 19.854675, 19.857758, 19.858566, 19.858923, 0.26208934, 0.25048971, 0.27055475, 0.33391443, 0.34825084, 0.34873560, 0.34927338, 0.34928879, 0.34929281, 0.34929460, 0.13759671
0.11362010, 0.40599924, 0.12181196, 0.96481144, 0.0000000, 1.9492149, 8.2331676, 9.8176756, 9.8710651, 19.854532, 19.857718, 19.858566, 19.858923, 0.25964347, 0.25000000, 0.26948935, 0.33232930, 0.34817532, 0.34871018, 0.34927267, 0.34928858, 0.34929281, 0.34929460, 0.12181196
0.10979666, 0.35982704, 0.10795891, 0.73618293, 0.0000000, 1.8260211, 8.0459871, 9.8046122, 9.8667107, 19.854734, 19.857763, 19.858566, 19.858923, 0.25735888, 0.25000000, 0.26825804, 0.33045793, 0.34804496, 0.34866673, 0.34927368, 0.34928882, 0.34929281, 0.34929460, 0.10795891
0.10706550, 0.32684532, 0.98063402E-1, 0.57656467, 0.0000000, 1.7311871, 7.8760753, 9.8061581, 9.8673201, 19.854992, 19.857836, 19.858566, 19.858923, 0.25576508, 0.25000000, 0.26731136, 0.32876030, 0.34806132, 0.34867311, 0.34927496, 0.34928918, 0.34929281, 0.34929460, 0.98063402E-1
0.10399505, 0.28976640, 0.86938620E-1, 0.40680468, 0.0000000, 1.6007453, 7.6612244, 9.7898378, 9.8616972, 19.855247, 19.857929, 19.858566, 19.858923, 0.25406638, 0.25000000, 0.26600549, 0.32661033, 0.34789714, 0.34861654, 0.34927624, 0.34928966, 0.34929281, 0.34929460, 0.86938620E-1
0.10246997, 0.27134931, 0.81412934E-1, 0.32822788, 0.0000000, 1.5260637, 7.4919519, 9.8011780, 9.8659019, 19.855782, 19.858070, 19.858566, 19.858923, 0.25328228, 0.25000000, 0.26526064, 0.32491952, 0.34801179, 0.34865901, 0.34927890, 0.34929034, 0.34929281, 0.34929460, 0.81412934E-1
0.10082357, 0.25146732, 0.75447738E-1, 0.23601949, 0.0000000, 1.4630944, 7.3481803, 9.8137617, 9.8703175, 19.855772, 19.858034, 19.858566, 19.858923, 0.25236019, 0.25000000, 0.26463094, 0.32348180, 0.34813762, 0.34870318, 0.34927887, 0.34929016, 0.34929281, 0.34929460, 0.75447738E-1
0.21903694, 1.0000000, 0.50375700, 2.8070898, 5.9405675, 9.1306648, 9.5115509, 9.8347130, 9.8774385, 19.855488, 19.857941, 19.858566, 19.858923, 0.27807090, 0.30940568, 0.34130666, 0.34511551, 0.34834713, 0.34877437, 0.34927744, 0.34928972, 0.34929281, 0.34929460, 0.50375700
0.20430988, 1.0000000, 0.45039806, 2.4049430, 4.6174560, 9.5233059, 9.7065706, 9.8300819, 9.8747072, 19.853914, 19.857527, 19.858473, 19.858887, 0.27404705, 0.29617181, 0.34523022, 0.34706515, 0.34830052, 0.34874699, 0.34926957, 0.34928763, 0.34929237, 0.34929442, 0.45039806
0.19067371, 1.0000000, 0.40099165, 1.9527823, 3.7058983, 9.5561132, 9.7329206, 9.8206940, 9.8702822, 19.852255, 19.857067, 19.858410, 19.858833, 0.26952493, 0.28705567, 0.34555689, 0.34732834, 0.34820649, 0.34870267, 0.34926128, 0.34928533, 0.34929204, 0.34929416, 0.40099165
0.17761484, 1.0000000, 0.35367692, 1.5050411, 2.9644370, 9.3802242, 9.7282352, 9.8109035, 9.8659868, 19.850954, 19.856731, 19.858345, 19.858828, 0.26504645, 0.27963966, 0.34379479, 0.34728080, 0.34810826, 0.34865960, 0.34925479, 0.34928367, 0.34929174, 0.34929413, 0.35367692
0.16460855, 1.0000000, 0.30655271, 1.0072649, 2.5630176, 8.7062845, 9.7065849, 9.7961407, 9.8595266, 19.849262, 19.856312, 19.858225, 19.858805, 0.26006979, 0.27562582, 0.33705541, 0.34706423, 0.34796056, 0.34859499, 0.34924632, 0.34928155, 0.34929112, 0.34929401, 0.30655271
0.15204629, 0.87003720, 0.26103726, 0.56227446, 2.1607308, 7.9651127, 9.6874256, 9.7837267, 9.8541765, 19.848024, 19.855986, 19.858166, 19.858805, 0.25562060, 0.27160236, 0.32964203, 0.34687206, 0.34783617, 0.34854138, 0.34924012, 0.34927994, 0.34929082, 0.34929401, 0.26103726
0.14347316, 0.76650739, 0.22997522, 0.30135810, 1.8761158, 7.3305111, 9.6951866, 9.7870445, 9.8556061, 19.848356, 19.856060, 19.858189, 19.858805, 0.25301260, 0.26875743, 0.32329783, 0.34694993, 0.34786946, 0.34855574, 0.34924179, 0.34928030, 0.34929094, 0.34929401, 0.22997522
0.13878180, 0.70985407, 0.21297751, 0.18118918, 1.7217636, 6.8976202, 9.7265120, 9.8044786, 9.8628654, 19.849691, 19.856421, 19.858261, 19.858805, 0.25181147, 0.26721525, 0.31897146, 0.34726378, 0.34804410, 0.34862840, 0.34924847, 0.34928209, 0.34929129, 0.34929401, 0.21297751
0.13823013, 0.70319211, 0.21097873, 0.29595792, 1.6170472, 6.5831990, 9.7554626, 9.8212528, 9.8697815, 19.850935, 19.856750, 19.858335, 19.858805, 0.25295913, 0.26616895, 0.31582892, 0.34755370, 0.34821209, 0.34869766, 0.34925467, 0.34928375, 0.34929168, 0.34929401, 0.21097873
0.20829265, 1.0000000, 0.46482840, 2.9193163, 4.2849030, 9.4148903, 9.7956848, 9.8438339, 9.8785534, 19.852251, 19.857103, 19.858423, 19.858805, 0.27919316, 0.29284903, 0.34414890, 0.34795684, 0.34843832, 0.34878552, 0.34926125, 0.34928551, 0.34929210, 0.34929401, 0.46482840
0.20675600, 1.0000000, 0.45926082, 2.4473608, 4.7493577, 9.6830111, 9.8143349, 9.8549318, 9.8829393, 19.853165, 19.857351, 19.858423, 19.858805, 0.27447361, 0.29749358, 0.34683010, 0.34814334, 0.34854931, 0.34882939, 0.34926581, 0.34928676, 0.34929210, 0.34929401, 0.45926082
0.20443247, 1.0000000, 0.45084226, 2.3951559, 4.5184393, 9.7529383, 9.8320293, 9.8650169, 9.8869886, 19.854177, 19.857594, 19.858423, 19.858805, 0.27395156, 0.29518440, 0.34752938, 0.34832031, 0.34865016, 0.34886989, 0.34927088, 0.34928796, 0.34929210, 0.34929401, 0.45084226
0.20180455, 1.0000000, 0.44132081, 2.3206055, 4.3178678, 9.7658129, 9.8395042, 9.8695536, 9.8888178, 19.854853, 19.857756, 19.858423, 19.858805, 0.27320606, 0.29317868, 0.34765813, 0.34839505, 0.34869555, 0.34888819, 0.34927428, 0.34928876, 0.34929210, 0.34929401, 0.44132081
0.19239521, 1.0000000, 0.40722901, 1.9961894, 3.7859132, 9.6494579, 9.8023100, 9.8506756, 9.8818989, 19.854214, 19.857567, 19.858389, 19.858805, 0.26995969, 0.28785661, 0.34649137, 0.34802246, 0.34850642, 0.34881887, 0.34927106, 0.34928784, 0.34929195, 0.34929401, 0.40722901
0.18304461, 1.0000000, 0.37335002, 1.6932338, 3.1800041, 9.6187210, 9.7815428, 9.8394127, 9.8777332, 19.853588, 19.857384, 19.858377, 19.858805, 0.26692915, 0.28179646, 0.34618178, 0.34781432, 0.34839356, 0.34877715, 0.34926793, 0.34928691, 0.34929189, 0.34929401, 0.37335002
0.17599992, 1.0000000, 0.34782580, 1.4528126, 2.8487921, 9.3815689, 9.7760715, 9.8360195, 9.8766041, 19.853416, 19.857321, 19.858419, 19.858805, 0.26452616, 0.27848563, 0.34381190, 0.34775990, 0.34835979, 0.34876591, 0.34926707, 0.34928662, 0.34929210, 0.34929401, 0.34782580
0.18266222, 1.0000000, 0.37196457, 2.1013677, 2.7168572, 9.0895491, 9.7863798, 9.8412657, 9.8787823, 19.853788, 19.857433, 19.858423, 19.858805, 0.27101228, 0.27716747, 0.34089366, 0.34786341, 0.34841245, 0.34878775, 0.34926894, 0.34928715, 0.34929210, 0.34929401, 0.37196457
0.18037523, 1.0000000, 0.36367837, 2.1089554, 2.5802226, 8.7837391, 9.7880917, 9.8424740, 9.8796129, 19.854271, 19.857552, 19.858423, 19.858805, 0.27108955, 0.27580222, 0.33783740, 0.34788090, 0.34842473, 0.34879613, 0.34927136, 0.34928775, 0.34929210, 0.34929401, 0.36367837
0.34629649, 1.0000000, 0.96484232, 9.5713015, 9.7188721, 9.7052135, 9.8046865, 9.8514729, 9.8831043, 19.854889, 19.857716, 19.858423, 19.858805, 0.34571302, 0.34718871, 0.34705213, 0.34804687, 0.34851474, 0.34883106, 0.34927446, 0.34928858, 0.34929210, 0.34929401, 0.96484232
0.35600001, 1.0000000, 1.0000000, 9.9999990, 9.9999990, 9.9999990, 9.9999990, 9.9999990, 9.9999990, 19.999998, 19.999998, 19.999998, 19.994993, 0.34999999, 0.34999999, 0.34999999, 0.34999999, 0.34999999, 0.34999999, 0.34999999, 0.34999999, 0.34999999, 0.34997496, 1.0000000
0.35600001, 1.0000000, 1.0000000, 9.9999990, 9.9999990, 9.9999990, 9.9999990, 9.9999990, 9.9999990, 19.999998, 19.999998, 19.999998, 19.998999, 0.34999999, 0.34999999, 0.34999999, 0.34999999, 0.34999999, 0.34999999, 0.34999999, 0.34999999, 0.34999999, 0.34999499, 1.0000000
0.35600001, 1.0000000, 1.0000000, 9.9999990, 9.9999990, 9.9999990, 9.9999990, 9.9999990, 9.9999990, 19.999998, 19.999998, 19.999998, 19.998999, 0.34999999, 0.34999999, 0.34999999, 0.34999999, 0.34999999, 0.34999999, 0.34999999, 0.34999999, 0.34999999, 0.34999499, 1.0000000
0.34006369, 1.0000000, 0.94225979, 9.1078663, 9.6631546, 9.8140841, 9.9478216, 9.9733191, 9.9896593, 19.998581, 19.999630, 19.999655, 19.975222, 0.34107357, 0.34662831, 0.34813920, 0.34947789, 0.34973300, 0.34989655, 0.34999290, 0.34999815, 0.34999827, 0.34987611, 0.94225979
0.31211224, 1.0000000, 0.84098637, 7.2738838, 9.4340096, 9.6561594, 9.8681231, 9.9295568, 9.9707584, 19.994886, 19.998663, 19.997812, 19.952789, 0.32273197, 0.34433475, 0.34655887, 0.34868068, 0.34929529, 0.34970748, 0.34997442, 0.34999332, 0.34998906, 0.34976393, 0.84098637
0.28461313, 1.0000000, 0.74135190, 5.3296413, 9.3834076, 9.6089001, 9.8194151, 9.8981133, 9.9556971, 19.992033, 19.997911, 19.993706, 19.932739, 0.30329096, 0.34382832, 0.34608606, 0.34819356, 0.34898084, 0.34955689, 0.34996015, 0.34998956, 0.34996852, 0.34966370, 0.74135190
0.25865382, 1.0000000, 0.64729637, 3.4781978, 9.3506231, 9.5808287, 9.7912035, 9.8770247, 9.9443340, 19.990068, 19.997267, 19.986771, 19.915733, 0.28478146, 0.34350532, 0.34580785, 0.34791195, 0.34877020, 0.34944332, 0.34995034, 0.34998634, 0.34993386, 0.34957868, 0.64729637
0.23411432, 1.0000000, 0.55838519, 2.4440913, 8.1436348, 9.5274258, 9.7534189, 9.8510351, 9.9301701, 19.987322, 19.996124, 19.976969, 19.901794, 0.27443767, 0.33142984, 0.34527048, 0.34753340, 0.34850997, 0.34930158, 0.34993660, 0.34998062, 0.34988484, 0.34950897, 0.55838519
0.21551488, 1.0000000, 0.49099591, 1.9259512, 6.7631750, 9.5245829, 9.7411919, 9.8397217, 9.9218760, 19.985006, 19.994476, 19.964878, 19.890781, 0.26925880, 0.31763023, 0.34524477, 0.34741172, 0.34839711, 0.34921873, 0.34992504, 0.34997237, 0.34982440, 0.34945390, 0.49099591
0.19620924, 1.0000000, 0.42104796, 1.4150679, 5.3032656, 9.4913130, 9.7209911, 9.8253822, 9.9131117, 19.982546, 19.991732, 19.951332, 19.882326, 0.26414862, 0.30302802, 0.34490898, 0.34720904, 0.34825340, 0.34913096, 0.34991273, 0.34995866, 0.34975666, 0.34941164, 0.42104796
0.18308102, 1.0000000, 0.37348193, 1.1252224, 4.1805921, 9.5286655, 9.7336149, 9.8300371, 9.9131250, 19.981466, 19.987803, 19.937407, 19.875984, 0.26125035, 0.29180175, 0.34528190, 0.34733516, 0.34829986, 0.34913108, 0.34990734, 0.34993902, 0.34968704, 0.34937993, 0.37348193
0.16973540, 1.0000000, 0.32512826, 0.83539188, 3.0665781, 9.4997063, 9.7245770, 9.8245764, 9.9102182, 19.980137, 19.981955, 19.923887, 19.871294, 0.25835392, 0.28066579, 0.34499705, 0.34724575, 0.34824577, 0.34910220, 0.34990069, 0.34990978, 0.34961945, 0.34935647, 0.32512826
0.15694746, 0.92922425, 0.27879515, 0.49848557, 2.5104761, 8.6543646, 9.6937275, 9.8060541, 9.9016190, 19.977842, 19.973835, 19.911413, 19.867817, 0.25498486, 0.27510476, 0.33654365, 0.34693727, 0.34806055, 0.34901619, 0.34988922, 0.34986919, 0.34955707, 0.34933907, 0.27879515
0.15166652, 0.86545128, 0.25966135, 0.39419234, 2.3045778, 8.1303473, 9.7302103, 9.8251648, 9.9084482, 19.976698, 19.964231, 19.900597, 19.865335, 0.25394100, 0.27304253, 0.33129776, 0.34730074, 0.34825096, 0.34908426, 0.34988350, 0.34982115, 0.34950298, 0.34932667, 0.25966135
0.14645542, 0.80252141, 0.24078050, 0.29088259, 2.0964086, 7.6276598, 9.7415686, 9.8324156, 9.9117165, 19.974646, 19.953112, 19.891466, 19.863531, 0.25290883, 0.27096409, 0.32627660, 0.34741569, 0.34832415, 0.34911716, 0.34987324, 0.34976557, 0.34945732, 0.34931767, 0.24078050
0.13713011, 0.68990815, 0.20699315, 0.77426434E-1, 1.7254204, 6.8399682, 9.6986036, 9.8085985, 9.9019461, 19.970093, 19.940771, 19.883898, 19.862213, 0.25077426, 0.26725420, 0.31839967, 0.34698603, 0.34808600, 0.34901947, 0.34985048, 0.34970385, 0.34941947, 0.34931105, 0.20699315
0.14543006, 0.79013908, 0.23706543, 0.96322000, 1.5293092, 6.2797813, 9.7167206, 9.8173208, 9.9045439, 19.965492, 19.928638, 19.877924, 19.861296, 0.25963220, 0.26529309, 0.31279781, 0.34716719, 0.34817320, 0.34904546, 0.34982747, 0.34964320, 0.34938961, 0.34930646, 0.23706543
0.14138725, 0.74131769, 0.22241755, 0.84292889, 1.4236808, 5.9093380, 9.7527523, 9.8373833, 9.9121141, 19.959740, 19.917086, 19.873289, 19.860662, 0.25842494, 0.26423240, 0.30908427, 0.34752452, 0.34837231, 0.34912065, 0.34979871, 0.34958541, 0.34936646, 0.34930331, 0.22241755
0.13742147, 0.69342673, 0.20804882, 0.71701109, 1.3157845, 5.5803761, 9.7662754, 9.8463774, 9.9157915, 19.952154, 19.906425, 19.869686, 19.860172, 0.25716951, 0.26315719, 0.30580238, 0.34766227, 0.34846354, 0.34915784, 0.34976077, 0.34953213, 0.34934843, 0.34930086, 0.20804882
0.21619146, 1.0000000, 0.49344727, 2.6592433, 5.7313948, 9.2872877, 9.8195868, 9.8761406, 9.9268227, 19.943716, 19.897156, 19.866982, 19.859858, 0.27659220, 0.30731365, 0.34287265, 0.34819579, 0.34876138, 0.34926823, 0.34971857, 0.34948578, 0.34933490, 0.34929928, 0.49344727
0.23712532, 1.0000000, 0.56929463, 2.7970076, 7.8780055, 9.5949879, 9.8041401, 9.8699169, 9.9237442, 19.933140, 19.888914, 19.864855, 19.859587, 0.27797008, 0.32878006, 0.34594989, 0.34804142, 0.34869915, 0.34923744, 0.34966570, 0.34944457, 0.34932429, 0.34929794, 0.56929463
0.23072915, 1.0000000, 0.54612011, 2.6335688, 7.3327851, 9.6817455, 9.8194504, 9.8782864, 9.9253559, 19.923134, 19.882324, 19.863312, 19.859434, 0.27633512, 0.32332692, 0.34681684, 0.34819439, 0.34878281, 0.34925354, 0.34961566, 0.34941161, 0.34931657, 0.34929717, 0.54612011
0.22785884, 1.0000000, 0.53572041, 2.1329324, 7.8143530, 9.6917171, 9.8270454, 9.8825302, 9.9250002, 19.913553, 19.877029, 19.862165, 19.859346, 0.27132931, 0.32814354, 0.34691718, 0.34827045, 0.34882531, 0.34925002, 0.34956777, 0.34938514, 0.34931082, 0.34929675, 0.53572041
0.23285820, 1.0000000, 0.55383402, 2.6634784, 7.5058689, 9.7430878, 9.8455563, 9.8920193, 9.9258528, 19.904686, 19.872869, 19.861341, 19.859346, 0.27663478, 0.32505870, 0.34743088, 0.34845555, 0.34892020, 0.34925854, 0.34952343, 0.34936434, 0.34930670, 0.34929675, 0.55383402
0.22215059, 1.0000000, 0.51503837, 2.3559630, 6.7798319, 9.6422071, 9.8169870, 9.8764076, 9.9169445, 19.895914, 19.869434, 19.860689, 19.859299, 0.27355865, 0.31779662, 0.34642085, 0.34816962, 0.34876394, 0.34916940, 0.34947956, 0.34934717, 0.34930345, 0.34929651, 0.51503837
0.21130556, 1.0000000, 0.47574472, 1.7204046, 6.5775728, 9.5571346, 9.7715454, 9.8494902, 9.9027472, 19.887136, 19.866482, 19.860180, 19.859222, 0.26720405, 0.31577572, 0.34557134, 0.34771544, 0.34849489, 0.34902745, 0.34943569, 0.34933239, 0.34930089, 0.34929612, 0.47574472
0.20273884, 1.0000000, 0.44470590, 1.5443295, 5.8072119, 9.6184387, 9.7837172, 9.8525190, 9.9003601, 19.881073, 19.864546, 19.859854, 19.859222, 0.26543760, 0.30805930, 0.34617376, 0.34783503, 0.34852412, 0.34900326, 0.34940535, 0.34932274, 0.34929925, 0.34929612, 0.44470590
0.20672962, 1.0000000, 0.45916528, 1.9366354, 5.5629621, 9.7467995, 9.8266811, 9.8734283, 9.9049501, 19.876455, 19.863186, 19.859657, 19.859222, 0.26936635, 0.30562961, 0.34746799, 0.34826681, 0.34873429, 0.34904951, 0.34938228, 0.34931594, 0.34929830, 0.34929612, 0.45916528
0.19704209, 1.0000000, 0.42406553, 1.6841292, 4.8752141, 9.6313868, 9.7987719, 9.8579855, 9.8970814, 19.872137, 19.862007, 19.859489, 19.859217, 0.26684129, 0.29875213, 0.34631386, 0.34798771, 0.34857985, 0.34897083, 0.34936067, 0.34931004, 0.34929746, 0.34929609, 0.42406553
0.20076786, 1.0000000, 0.43756470, 2.6436865, 3.7852380, 9.5262880, 9.7480040, 9.8286924, 9.8837061, 19.867496, 19.860796, 19.859335, 19.859180, 0.27643687, 0.28785238, 0.34526289, 0.34748003, 0.34828693, 0.34883708, 0.34933749, 0.34930399, 0.34929669, 0.34929591, 0.43756470
0.18551002, 1.0000000, 0.38228267, 2.1249652, 2.9423356, 9.2683220, 9.7265558, 9.8140163, 9.8763771, 19.864481, 19.860107, 19.859259, 19.859163, 0.27123925, 0.27941471, 0.34266964, 0.34726268, 0.34813875, 0.34876329, 0.34932241, 0.34930053, 0.34929630, 0.34929582, 0.38228267
0.17620251, 1.0000000, 0.34855977, 1.7829031, 2.6722312, 8.6960297, 9.7320385, 9.8148441, 9.8751421, 19.862434, 19.859657, 19.859196, 19.859144, 0.26782417, 0.27671793, 0.33695316, 0.34731880, 0.34814763, 0.34875116, 0.34931219, 0.34929830, 0.34929597, 0.34929574, 0.34855977
0.17173891, 1.0000000, 0.33238733, 1.6386628, 2.5449812, 8.3431082, 9.7622566, 9.8304157, 9.8800659, 19.861515, 19.859489, 19.859182, 19.859144, 0.26638523, 0.27544850, 0.33342892, 0.34762207, 0.34830388, 0.34880057, 0.34930757, 0.34929746, 0.34929591, 0.34929574, 0.33238733
0.22613227, 1.0000000, 0.52946472, 2.9064445, 6.4313059, 9.4741859, 9.7925196, 9.8467970, 9.8853779, 19.860762, 19.859394, 19.859177, 19.859144, 0.27906445, 0.31431305, 0.34474185, 0.34792519, 0.34846798, 0.34885377, 0.34930381, 0.34929699, 0.34929588, 0.34929574, 0.52946472
0.32715458, 1.0000000, 0.89548761, 8.3596506, 9.4134464, 9.7249022, 9.8278866, 9.8657799, 9.8916082, 19.860373, 19.859394, 19.859177, 19.859144, 0.33359650, 0.34413445, 0.34724903, 0.34827888, 0.34865779, 0.34891608, 0.34930187, 0.34929699, 0.34929588, 0.34929574, 0.89548761
0.33328450, 1.0000000, 0.91769731, 8.6321392, 9.6695852, 9.7802353, 9.8461390, 9.8757191, 9.8946400, 19.860079, 19.859394, 19.859177, 19.859144, 0.33632138, 0.34669584, 0.34780234, 0.34846139, 0.34875721, 0.34894639, 0.34930038, 0.34929699, 0.34929588, 0.34929574, 0.91769731
0.34481722, 1.0000000, 0.95948255, 9.5453062, 9.5726538, 9.7189426, 9.8341475, 9.8698997, 9.8923407, 19.859726, 19.859335, 19.859165, 19.859144, 0.34545305, 0.34572655, 0.34718943, 0.34834146, 0.34869900, 0.34892341, 0.34929863, 0.34929669, 0.34929582, 0.34929574, 0.95948255
0.31550667, 1.0000000, 0.85328496, 7.5605512, 9.4004297, 9.6105623, 9.7910891, 9.8472424, 9.8836746, 19.858320, 19.858952, 19.859072, 19.859116, 0.32560551, 0.34400430, 0.34610564, 0.34791088, 0.34847242, 0.34883675, 0.34929159, 0.34929475, 0.34929535, 0.34929559, 0.85328496
0.28833407, 1.0000000, 0.75483358, 5.6123648, 9.3790674, 9.5893087, 9.7703800, 9.8352966, 9.8790703, 19.857389, 19.858698, 19.858992, 19.859087, 0.30612364, 0.34379068, 0.34589309, 0.34770381, 0.34835297, 0.34879071, 0.34928694, 0.34929350, 0.34929496, 0.34929544, 0.75483358
0.26893002, 1.0000000, 0.68452895, 4.1816845, 9.4106894, 9.6072388, 9.7737169, 9.8363791, 9.8795710, 19.857359, 19.858664, 19.858963, 19.859081, 0.29181683, 0.34410688, 0.34607238, 0.34773716, 0.34836379, 0.34879571, 0.34928679, 0.34929332, 0.34929481, 0.34929541, 0.68452895
0.25064027, 1.0000000, 0.61826187, 2.9894919, 9.1970539, 9.5916557, 9.7699165, 9.8342981, 9.8791046, 19.857553, 19.858662, 19.858946, 19.859081, 0.27989492, 0.34197053, 0.34591657, 0.34769917, 0.34834298, 0.34879106, 0.34928778, 0.34929329, 0.34929472, 0.34929541, 0.61826187
0.25545090, 1.0000000, 0.63569170, 3.1852770, 9.4254570, 9.6401834, 9.7855167, 9.8424683, 9.8820391, 19.857683, 19.858662, 19.858934, 19.859081, 0.28185278, 0.34425455, 0.34640184, 0.34785515, 0.34842467, 0.34882039, 0.34928840, 0.34929329, 0.34929466, 0.34929541, 0.63569170
0.24031840, 1.0000000, 0.58086371, 2.6190848, 8.5658474, 9.5953989, 9.7704926, 9.8346415, 9.8790369, 19.857244, 19.858534, 19.858887, 19.859070, 0.27619085, 0.33565849, 0.34595400, 0.34770492, 0.34834641, 0.34879038, 0.34928623, 0.34929267, 0.34929442, 0.34929535, 0.58086371
0.35600001, 1.0000000, 1.0000000, 9.9999990, 9.9999990, 9.9999990, 9.9999990, 9.9999990, 9.9999990, 19.999998, 19.999998, 19.999998, 19.998999, 0.34999999, 0.34999999, 0.34999999, 0.34999999, 0.34999999, 0.34999999, 0.34999999, 0.34999999, 0.34999999, 0.34999499, 1.0000000
0.35600001, 1.0000000, 1.0000000, 9.9999990, 9.9999990, 9.9999990, 9.9999990, 9.9999990, 9.9999990, 19.999998, 19.999998, 19.999992, 19.997307, 0.34999999, 0.34999999, 0.34999999, 0.34999999, 0.34999999, 0.34999999, 0.34999999, 0.34999999, 0.34999996, 0.34998652, 1.0000000
0.35600001, 1.0000000, 1.0000000, 9.9999990, 9.9999990, 9.9999990, 9.9999990, 9.9999990, 9.9999990, 19.999998, 19.999998, 19.999996, 19.993994, 0.34999999, 0.34999999, 0.34999999, 0.34999999, 0.34999999, 0.34999999, 0.34999999, 0.34999999, 0.34999996, 0.34996998, 1.0000000
0.35600001, 1.0000000, 1.0000000, 9.9999990, 9.9999990, 9.9999990, 9.9999990, 9.9999990, 9.9999990, 19.999998, 19.999998, 19.999998, 19.996996, 0.34999999, 0.34999999, 0.34999999, 0.34999999, 0.34999999, 0.34999999, 0.34999999, 0.34999999, 0.34999999, 0.34998497, 1.0000000
0.35133725, 1.0000000, 0.98310590, 9.7553005, 9.8782835, 9.9366598, 9.9850054, 9.9924374, 9.9972200, 19.999743, 19.999939, 19.999857, 19.980116, 0.34755301, 0.34878284, 0.34936661, 0.34985006, 0.34992439, 0.34997219, 0.34999871, 0.34999970, 0.34999928, 0.34990057, 0.98310590
0.35600001, 1.0000000, 1.0000000, 9.9999990, 9.9999990, 9.9999990, 9.9999990, 9.9999990, 9.9999990, 19.999998, 19.999998, 19.999624, 19.961384, 0.34999999, 0.34999999, 0.34999999, 0.34999999, 0.34999999, 0.34999999, 0.34999999, 0.34999999, 0.34999812, 0.34980690, 1.0000000
0.35600001, 1.0000000, 1.0000000, 9.9999990, 9.9999990, 9.9999990, 9.9999990, 9.9999990, 9.9999990, 19.999998, 19.999998, 19.999998, 19.998999, 0.34999999, 0.34999999, 0.34999999, 0.34999999, 0.34999999, 0.34999999, 0.34999999, 0.34999999, 0.34999999, 0.34999499, 1.0000000
0.35600001, 1.0000000, 1.0000000, 9.9999990, 9.9999990, 9.9999990, 9.9999990, 9.9999990, 9.9999990, 19.999998, 19.999998, 19.999998, 19.998993, 0.34999999, 0.34999999, 0.34999999, 0.34999999, 0.34999999, 0.34999999, 0.34999999, 0.34999999, 0.34999999, 0.34999496, 1.0000000
0.35600001, 1.0000000, 0.99999994, 9.9999990, 9.9999990, 9.9999962, 9.9999990, 9.9999990, 9.9999990, 19.999998, 19.999998, 19.999998, 19.997997, 0.34999999, 0.34999999, 0.34999996, 0.34999999, 0.34999999, 0.34999999, 0.34999999, 0.34999999, 0.34999999, 0.34998998, 0.99999994
0.35600001, 1.0000000, 1.0000000, 9.9999990, 9.9999990, 9.9999990, 9.9999990, 9.9999990, 9.9999990, 19.999998, 19.999998, 19.999998, 19.998999, 0.34999999, 0.34999999, 0.34999999, 0.34999999, 0.34999999, 0.34999999, 0.34999999, 0.34999999, 0.34999999, 0.34999499, 1.0000000
0.35600001, 1.0000000, 0.99999994, 9.9999990, 9.9999990, 9.9999962, 9.9999990, 9.9999990, 9.9999962, 19.999992, 19.999998, 19.999992, 19.997992, 0.34999999, 0.34999999, 0.34999996, 0.34999999, 0.34999999, 0.34999996, 0.34999996, 0.34999999, 0.34999996, 0.34998995, 0.99999994
0.34410495, 1.0000000, 0.95690191, 9.3425922, 9.7359419, 9.8563118, 9.9651051, 9.9822884, 9.9937506, 19.999695, 19.999922, 19.999706, 19.974264, 0.34342372, 0.34735802, 0.34856242, 0.34965089, 0.34982282, 0.34993747, 0.34999847, 0.34999961, 0.34999853, 0.34987134, 0.95690191
0.31273580, 1.0000000, 0.84324563, 7.3267560, 9.4203548, 9.6506605, 9.8810720, 9.9373312, 9.9761848, 19.997818, 19.999432, 19.997921, 19.951935, 0.32326755, 0.34420353, 0.34650660, 0.34881073, 0.34937331, 0.34976184, 0.34998909, 0.34999716, 0.34998959, 0.34975967, 0.84324563
0.28204942, 1.0000000, 0.73206311, 5.1664920, 9.3522577, 9.5923853, 9.8248777, 9.9027348, 9.9609737, 19.996279, 19.999031, 19.993773, 19.932016, 0.30166227, 0.34351969, 0.34592235, 0.34824848, 0.34902719, 0.34960967, 0.34998140, 0.34999517, 0.34996885, 0.34966010, 0.73206311
0.29342091, 1.0000000, 0.77326411, 5.9272418, 9.4365196, 9.6356955, 9.8190889, 9.8941488, 9.9547176, 19.995584, 19.998745, 19.986818, 19.915142, 0.30927184, 0.34436464, 0.34635669, 0.34819084, 0.34894148, 0.34954718, 0.34997791, 0.34999374, 0.34993410, 0.34957570, 0.77326411
0.26544875, 1.0000000, 0.67191571, 4.0119982, 9.3020859, 9.5471182, 9.7713461, 9.8638906, 9.9388514, 19.992735, 19.997608, 19.976891, 19.901312, 0.29011679, 0.34301642, 0.34546891, 0.34771299, 0.34863865, 0.34938842, 0.34996367, 0.34998804, 0.34988445, 0.34950656, 0.67191571
0.23915242, 1.0000000, 0.57663918, 2.7165561, 8.3008986, 9.5280447, 9.7478342, 9.8458967, 9.9275265, 19.990459, 19.995987, 19.964725, 19.890400, 0.27715632, 0.33299202, 0.34527072, 0.34747633, 0.34845796, 0.34927493, 0.34995228, 0.34997994, 0.34982362, 0.34945199, 0.57663918
0.22554052, 1.0000000, 0.52732068, 2.3583679, 7.2331219, 9.5649834, 9.7614994, 9.8503447, 9.9265041, 19.989506, 19.993662, 19.951233, 19.882074, 0.27357650, 0.32231799, 0.34564108, 0.34761322, 0.34850255, 0.34926474, 0.34994751, 0.34996831, 0.34975618, 0.34941036, 0.52732068
0.20133740, 1.0000000, 0.43962818, 1.7036974, 5.4550204, 9.4661751, 9.7136679, 9.8218927, 9.9130135, 19.987226, 19.989441, 19.937214, 19.875790, 0.26703471, 0.30454585, 0.34465799, 0.34713590, 0.34821853, 0.34913000, 0.34993613, 0.34994721, 0.34968609, 0.34937894, 0.43962818
0.18107517, 1.0000000, 0.36621436, 1.2163907, 3.8260043, 9.4573622, 9.6972055, 9.8093147, 9.9052563, 19.985340, 19.983356, 19.923660, 19.871128, 0.26216364, 0.28825951, 0.34457296, 0.34697193, 0.34809309, 0.34905252, 0.34992671, 0.34991679, 0.34961832, 0.34935564, 0.36621436
0.16818422, 1.0000000, 0.31950805, 0.92454553, 2.9145062, 9.1376057, 9.7045240, 9.8115416, 9.9045200, 19.984123, 19.975445, 19.911282, 19.867718, 0.25924534, 0.27914485, 0.34137577, 0.34704518, 0.34811538, 0.34904522, 0.34992063, 0.34987724, 0.34955642, 0.34933859, 0.31950805
0.16199356, 0.99016118, 0.29707807, 0.78118443, 2.6768804, 8.5874786, 9.7357779, 9.8285227, 9.9106951, 19.983051, 19.965746, 19.900478, 19.865257, 0.25781152, 0.27676815, 0.33587375, 0.34735754, 0.34828511, 0.34910694, 0.34991527, 0.34982872, 0.34950238, 0.34932628, 0.29707807
0.15193102, 0.86864525, 0.26061964, 0.53142011, 2.2801816, 7.7901945, 9.7061644, 9.8129005, 9.9047365, 19.980347, 19.954315, 19.891323, 19.863470, 0.25531420, 0.27280182, 0.32790196, 0.34706163, 0.34812900, 0.34904736, 0.34990174, 0.34977156, 0.34945661, 0.34931734, 0.26061964
0.14130671, 0.74034512, 0.22212575, 0.26658475, 1.8719345, 6.9305992, 9.6788635, 9.7963209, 9.8968163, 19.975674, 19.941826, 19.883766, 19.862167, 0.25266585, 0.26871935, 0.31930599, 0.34678864, 0.34796321, 0.34896815, 0.34987837, 0.34970912, 0.34941882, 0.34931085, 0.22212575
0.13543047, 0.66938317, 0.20083503, 0.18377006, 1.6317457, 6.2635555, 9.6950722, 9.8040419, 9.8990698, 19.971127, 19.929600, 19.877842, 19.861261, 0.25183770, 0.26631746, 0.31263554, 0.34695071, 0.34804040, 0.34899071, 0.34985563, 0.34964800, 0.34938920, 0.34930632, 0.20083503
0.35599554, 1.0000000, 0.99998385, 9.9998264, 9.9998951, 9.9999456, 9.9999876, 9.9999905, 9.9999962, 19.999998, 19.999998, 19.999998, 19.994993, 0.34999779, 0.34999865, 0.34999931, 0.34999985, 0.34999990, 0.34999996, 0.34999999, 0.34999999, 0.34999999, 0.34997496, 0.99998385
0.35600001, 1.0000000, 1.0000000, 9.9999990, 9.9999990, 9.9999990, 9.9999990, 9.9999990, 9.9999990, 19.999998, 19.999998, 19.999998, 19.997997, 0.34999999, 0.34999999, 0.34999999, 0.34999999, 0.34999999, 0.34999999, 0.34999999, 0.34999999, 0.34999999, 0.34998998, 1.0000000
0.35578465, 1.0000000, 0.99921966, 9.9896812, 9.9938393, 9.9969158, 9.9993820, 9.9996891, 9.9998951, 19.999998, 19.999998, 19.999989, 19.991005, 0.34989256, 0.34993583, 0.34996787, 0.34999356, 0.34999678, 0.34999892, 0.34999999, 0.34999999, 0.34999993, 0.34995502, 0.99921966
0.33854800, 1.0000000, 0.93676805, 9.0108681, 9.6462984, 9.8029032, 9.9475412, 9.9732018, 9.9901562, 19.999182, 19.999784, 19.999371, 19.967562, 0.34010795, 0.34646252, 0.34802878, 0.34947535, 0.34973198, 0.34990156, 0.34999591, 0.34999892, 0.34999686, 0.34983781, 0.93676805
0.31466720, 1.0000000, 0.85024345, 7.4530330, 9.4381695, 9.6605558, 9.8815193, 9.9371796, 9.9760342, 19.997835, 19.999439, 19.997009, 19.945856, 0.32453033, 0.34438169, 0.34660557, 0.34881520, 0.34937179, 0.34976035, 0.34998918, 0.34999719, 0.34998506, 0.34972927, 0.85024345
0.27854341, 1.0000000, 0.71936017, 4.9519358, 9.3038588, 9.5609236, 9.8102903, 9.8943596, 9.9574528, 19.995916, 19.998928, 19.992033, 19.926781, 0.29951748, 0.34303647, 0.34560817, 0.34810269, 0.34894347, 0.34957451, 0.34997958, 0.34999463, 0.34996015, 0.34963390, 0.71936017
0.24417369, 1.0000000, 0.59483218, 2.8997183, 8.6084805, 9.5065479, 9.7555952, 9.8572226, 9.9385462, 19.993521, 19.998158, 19.984108, 19.910776, 0.27899480, 0.33608055, 0.34506312, 0.34755546, 0.34857199, 0.34938538, 0.34996760, 0.34999079, 0.34992054, 0.34955388, 0.59483218
0.22168240, 1.0000000, 0.51334202, 2.2730589, 6.9467082, 9.4912500, 9.7328806, 9.8382349, 9.9261532, 19.991747, 19.997169, 19.973511, 19.897852, 0.27273059, 0.31946707, 0.34491250, 0.34732881, 0.34838235, 0.34926152, 0.34995872, 0.34998584, 0.34986755, 0.34948927, 0.51334202
0.20105118, 1.0000000, 0.43859124, 1.7321587, 5.3628912, 9.4832039, 9.7182302, 9.8254204, 9.9166470, 19.989960, 19.995403, 19.960859, 19.887753, 0.26732138, 0.30362853, 0.34483171, 0.34718224, 0.34825417, 0.34916645, 0.34994981, 0.34997702, 0.34980428, 0.34943876, 0.43859124
0.18381917, 1.0000000, 0.37615645, 1.3217390, 3.9692528, 9.4795628, 9.7130642, 9.8196125, 9.9112978, 19.988647, 19.992561, 19.947111, 19.880064, 0.26321551, 0.28968915, 0.34479162, 0.34712982, 0.34819570, 0.34911284, 0.34994322, 0.34996280, 0.34973556, 0.34940031, 0.37615645
0.16996720, 1.0000000, 0.32596815, 0.99869072, 2.9854445, 9.1789026, 9.7071848, 9.8146868, 9.9075727, 19.987642, 19.988152, 19.933222, 19.874294, 0.25998619, 0.27985314, 0.34178704, 0.34707144, 0.34814665, 0.34907568, 0.34993821, 0.34994075, 0.34966612, 0.34937146, 0.32596815
0.15676048, 0.92696625, 0.27811769, 0.64761341, 2.4731159, 8.1917114, 9.6803818, 9.7978439, 9.8990936, 19.985966, 19.981544, 19.919941, 19.870047, 0.25647503, 0.27472866, 0.33191296, 0.34680283, 0.34797794, 0.34899077, 0.34992984, 0.34990773, 0.34959972, 0.34935024, 0.27811769
0.14455384, 0.77955770, 0.23389071, 0.35920441, 1.9939184, 7.1679387, 9.6586046, 9.7832355, 9.8912058, 19.983936, 19.972830, 19.907942, 19.866928, 0.25359195, 0.26993886, 0.32167876, 0.34658587, 0.34783226, 0.34891203, 0.34991968, 0.34986416, 0.34953970, 0.34933466, 0.23389071
0.13388726, 0.65074712, 0.19524367, 0.13606548, 1.5764594, 6.1753154, 9.6442862, 9.7730379, 9.8850956, 19.981207, 19.962257, 19.897543, 19.864666, 0.25136027, 0.26576197, 0.31174803, 0.34644127, 0.34772956, 0.34885070, 0.34990603, 0.34981129, 0.34948772, 0.34932333, 0.19524367
0.12796143, 0.57918644, 0.17377330, 0.78183413E-1, 1.3324618, 5.4184074, 9.6646852, 9.7837877, 9.8888035, 19.979034, 19.950731, 19.888947, 19.863060, 0.25078183, 0.26332462, 0.30418408, 0.34664685, 0.34783787, 0.34888804, 0.34989518, 0.34975365, 0.34944475, 0.34931529, 0.17377330
0.12343742, 0.52455401, 0.15738195, 0.53524971E-1, 1.1457413, 4.7782164, 9.6769705, 9.7915897, 9.8924284, 19.975882, 19.938629, 19.881989, 19.861921, 0.25053519, 0.26145679, 0.29778087, 0.34676915, 0.34791562, 0.34892419, 0.34987941, 0.34969315, 0.34940994, 0.34930962, 0.15738195
0.11954640, 0.47756574, 0.14328405, 0.32979250E-1, 0.99052787, 4.2146864, 9.6852188, 9.7971439, 9.8951511, 19.971155, 19.926519, 19.876455, 19.861097, 0.25032979, 0.25990528, 0.29214686, 0.34685218, 0.34797144, 0.34895152, 0.34985578, 0.34963259, 0.34938228, 0.34930548, 0.14328405
0.11599296, 0.43465409, 0.13040927, 0.23353100E-1, 0.85034370, 3.6694732, 9.6858444, 9.7978783, 9.8956270, 19.964828, 19.915058, 19.872156, 19.860497, 0.25023344, 0.25850156, 0.28669068, 0.34685630, 0.34797770, 0.34895593, 0.34982413, 0.34957528, 0.34936076, 0.34930247, 0.13040927
0.35592580, 1.0000000, 0.99973118, 9.9970427, 9.9982262, 9.9991140, 9.9998236, 9.9999104, 9.9999695, 19.999998, 19.999998, 19.999990, 19.992998, 0.34996304, 0.34997782, 0.34998891, 0.34999779, 0.34999889, 0.34999964, 0.34999999, 0.34999999, 0.34999996, 0.34996498, 0.99973118
0.35600001, 1.0000000, 1.0000000, 9.9999990, 9.9999990, 9.9999990, 9.9999990, 9.9999990, 9.9999990, 19.999998, 19.999998, 19.999998, 19.996996, 0.34999999, 0.34999999, 0.34999999, 0.34999999, 0.34999999, 0.34999999, 0.34999999, 0.34999999, 0.34999999, 0.34998497, 1.0000000
0.35600001, 1.0000000, 1.0000000, 9.9999990, 9.9999990, 9.9999990, 9.9999990, 9.9999990, 9.9999990, 19.999998, 19.999998, 19.999998, 19.997997, 0.34999999, 0.34999999, 0.34999999, 0.34999999, 0.34999999, 0.34999999, 0.34999999, 0.34999999, 0.34999999, 0.34998998, 1.0000000
0.35381120, 1.0000000, 0.99206954, 9.8892117, 9.9377594, 9.9684725, 9.9935617, 9.9967699, 9.9989233, 19.999998, 19.999998, 19.999989, 19.991005, 0.34888852, 0.34937543, 0.34968361, 0.34993541, 0.34996757, 0.34998921, 0.34999999, 0.34999999, 0.34999993, 0.34995502, 0.99206954
0.33685791, 1.0000000, 0.93064451, 8.9128370, 9.6149893, 9.7849607, 9.9437160, 9.9712620, 9.9896355, 19.999325, 19.999826, 19.999847, 19.982075, 0.33912778, 0.34614950, 0.34784943, 0.34943715, 0.34971258, 0.34989637, 0.34999663, 0.34999913, 0.34999925, 0.34991038, 0.93064451
0.30771378, 1.0000000, 0.82504988, 6.9656296, 9.4189997, 9.6461563, 9.8733063, 9.9325371, 9.9743729, 19.997906, 19.999462, 19.998709, 19.959152, 0.31965631, 0.34419000, 0.34646156, 0.34873307, 0.34932536, 0.34974372, 0.34998953, 0.34999731, 0.34999353, 0.34979576, 0.82504988
0.34544730, 1.0000000, 0.96176553, 9.7398262, 9.3785334, 9.6070585, 9.8281012, 9.9037189, 9.9616547, 19.997137, 19.999260, 19.995481, 19.938360, 0.34739709, 0.34378466, 0.34607023, 0.34828097, 0.34903717, 0.34961656, 0.34998569, 0.34999630, 0.34997740, 0.34969181, 0.96176553
0.35600001, 1.0000000, 1.0000000, 9.9999990, 9.9999990, 9.9999990, 9.9999990, 9.9999990, 9.9999990, 19.999998, 19.999998, 19.999998, 19.998999, 0.34999999, 0.34999999, 0.34999999, 0.34999999, 0.34999999, 0.34999999, 0.34999999, 0.34999999, 0.34999999, 0.34999499, 1.0000000
0.35377610, 1.0000000, 0.99194235, 9.9917402, 9.8509531, 9.8016729, 9.9485283, 9.9737482, 9.9905844, 19.999432, 19.999849, 19.999895, 19.983057, 0.34991741, 0.34850952, 0.34801674, 0.34948528, 0.34973747, 0.34990585, 0.34999716, 0.34999925, 0.34999949, 0.34991530, 0.99194235
0.33539212, 1.0000000, 0.92533380, 8.9698048, 9.4259901, 9.6372023, 9.8731289, 9.9326944, 9.9746513, 19.998091, 19.999504, 19.998819, 19.960085, 0.33969805, 0.34425992, 0.34637201, 0.34873128, 0.34932694, 0.34974653, 0.34999046, 0.34999752, 0.34999409, 0.34980041, 0.92533380
0.35596937, 1.0000000, 0.99988902, 9.9991407, 9.9994812, 9.9981213, 9.9936428, 9.9968147, 9.9989357, 19.999998, 19.999998, 19.998676, 19.941475, 0.34999141, 0.34999481, 0.34998122, 0.34993643, 0.34996814, 0.34998935, 0.34999999, 0.34999999, 0.34999338, 0.34970737, 0.99988902
0.35600001, 1.0000000, 1.0000000, 9.9999990, 9.9999990, 9.9999990, 9.9999990, 9.9999990, 9.9999990, 19.999998, 19.999998, 19.999998, 19.998999, 0.34999999, 0.34999999, 0.34999999, 0.34999999, 0.34999999, 0.34999999, 0.34999999, 0.34999999, 0.34999999, 0.34999499, 1.0000000
0.35600001, 1.0000000, 1.0000000, 9.9999990, 9.9999990, 9.9999990, 9.9999990, 9.9999990, 9.9999990, 19.999998, 19.999998, 19.999998, 19.997997, 0.34999999, 0.34999999, 0.34999999, 0.34999999, 0.34999999, 0.34999999, 0.34999999, 0.34999999, 0.34999999, 0.34998998, 1.0000000
0.33885664, 1.0000000, 0.93788630, 9.0372190, 9.6403713, 9.8011703, 9.9497118, 9.9744148, 9.9908915, 19.999504, 19.999874, 19.999695, 19.974264, 0.34037089, 0.34640288, 0.34801129, 0.34949702, 0.34974411, 0.34990892, 0.34999752, 0.34999937, 0.34999847, 0.34987134, 0.93788630
0.32563728, 1.0000000, 0.88999009, 8.1613102, 9.5434780, 9.7298326, 9.9156284, 9.9557877, 9.9841785, 19.999498, 19.999874, 19.998035, 19.951960, 0.33161309, 0.34543478, 0.34729832, 0.34915629, 0.34955788, 0.34984177, 0.34999749, 0.34999937, 0.34999019, 0.34975979, 0.88999009
0.30774820, 1.0000000, 0.82517463, 6.9482045, 9.4462624, 9.6596107, 9.8679085, 9.9282379, 9.9726114, 19.998365, 19.999575, 19.993935, 19.932047, 0.31948203, 0.34446263, 0.34659612, 0.34867910, 0.34928238, 0.34972611, 0.34999183, 0.34999788, 0.34996969, 0.34966022, 0.82517463
0.29199821, 1.0000000, 0.76810932, 5.8588495, 9.3886938, 9.6130419, 9.8259716, 9.9015236, 9.9600906, 19.997072, 19.999168, 19.986944, 19.915142, 0.30858850, 0.34388694, 0.34613043, 0.34825972, 0.34901524, 0.34960091, 0.34998536, 0.34999585, 0.34993473, 0.34957570, 0.76810932
0.30628976, 1.0000000, 0.81989044, 6.8686118, 9.4236898, 9.6311398, 9.8209028, 9.8945065, 9.9549274, 19.996834, 19.998728, 19.977198, 19.901344, 0.31868613, 0.34423691, 0.34631139, 0.34820902, 0.34894508, 0.34954926, 0.34998417, 0.34999365, 0.34988600, 0.34950674, 0.81989044
0.28160411, 1.0000000, 0.73044956, 5.1086864, 9.3919573, 9.6080065, 9.8054094, 9.8830328, 9.9480925, 19.996399, 19.997644, 19.965149, 19.890476, 0.30107835, 0.34391016, 0.34607524, 0.34805313, 0.34882984, 0.34948075, 0.34998199, 0.34998822, 0.34982574, 0.34945238, 0.73044956
0.35530698, 1.0000000, 0.99748909, 9.9653034, 9.9795294, 9.9897308, 9.9979315, 9.9989653, 9.9996538, 19.999998, 19.999998, 19.999990, 19.991999, 0.34965304, 0.34979528, 0.34989733, 0.34997931, 0.34998965, 0.34999654, 0.34999999, 0.34999999, 0.34999996, 0.34996000, 0.99748909
0.35580337, 1.0000000, 0.99928743, 9.9953671, 9.9970531, 9.9844007, 9.9588909, 9.9790630, 9.9923487, 19.999378, 19.999838, 19.999910, 19.984043, 0.34995368, 0.34997052, 0.34984401, 0.34958890, 0.34979063, 0.34992349, 0.34999689, 0.34999919, 0.34999955, 0.34992021, 0.99928743
0.35600001, 1.0000000, 0.99999988, 9.9999990, 9.9999962, 9.9999990, 9.9999990, 9.9999990, 9.9999990, 19.999998, 19.999998, 19.999998, 19.996996, 0.34999999, 0.34999996, 0.34999999, 0.34999999, 0.34999999, 0.34999999, 0.34999999, 0.34999999, 0.34999999, 0.34998497, 0.99999988
0.34953845, 1.0000000, 0.97658849, 9.6574183, 9.8360415, 9.9139643, 9.9809380, 9.9904089, 9.9966984, 19.999922, 19.999975, 19.999962, 19.987026, 0.34657419, 0.34836042, 0.34913963, 0.34980938, 0.34990409, 0.34996697, 0.34999961, 0.34999987, 0.34999982, 0.34993511, 0.97658849
0.35560662, 1.0000000, 0.99857467, 9.9803371, 9.9883327, 9.9941530, 9.9988251, 9.9994125, 9.9998026, 19.999998, 19.999998, 19.999989, 19.991005, 0.34980339, 0.34988332, 0.34994152, 0.34998825, 0.34999412, 0.34999803, 0.34999999, 0.34999999, 0.34999993, 0.34995502, 0.99857467
0.33745837, 1.0000000, 0.93282020, 8.9466782, 9.6274204, 9.7919264, 9.9442415, 9.9714985, 9.9895201, 19.999105, 19.999760, 19.999823, 19.981079, 0.33946678, 0.34627420, 0.34791926, 0.34944242, 0.34971499, 0.34989521, 0.34999552, 0.34999880, 0.34999913, 0.34990540, 0.93282020
0.33656782, 1.0000000, 0.92959350, 9.0194750, 9.4809017, 9.6450348, 9.8760433, 9.9341784, 9.9751978, 19.998121, 19.999504, 19.998621, 19.958233, 0.34019476, 0.34480903, 0.34645036, 0.34876043, 0.34934178, 0.34975198, 0.34999061, 0.34999752, 0.34999311, 0.34979117, 0.92959350
0.35598946, 1.0000000, 0.99996185, 9.9994745, 9.9996834, 9.9998417, 9.9999666, 9.9999847, 9.9999933, 19.999998, 19.999998, 19.999998, 19.994993, 0.34999475, 0.34999683, 0.34999841, 0.34999967, 0.34999985, 0.34999993, 0.34999999, 0.34999999, 0.34999999, 0.34997496, 0.99996185
0.35600001, 1.0000000, 1.0000000, 9.9999990, 9.9999990, 9.9999990, 9.9999990, 9.9999990, 9.9999990, 19.999998, 19.999998, 19.999998, 19.996996, 0.34999999, 0.34999999, 0.34999999, 0.34999999, 0.34999999, 0.34999999, 0.34999999, 0.34999999, 0.34999999, 0.34998497, 1.0000000
0.35600001, 1.0000000, 0.99999988, 9.9999990, 9.9999962, 9.9999990, 9.9999962, 9.9999990, 9.9999990, 19.999998, 19.999998, 19.999987, 19.988569, 0.34999999, 0.34999996, 0.34999999, 0.34999996, 0.34999999, 0.34999999, 0.34999999, 0.34999999, 0.34999993, 0.34994286, 0.99999988
0.35037833, 1.0000000, 0.97963148, 9.7506847, 9.7941170, 9.8910332, 9.9761143, 9.9879599, 9.9959507, 19.999998, 19.999998, 19.999855, 19.979134, 0.34750685, 0.34794116, 0.34891033, 0.34976113, 0.34987959, 0.34995949, 0.34999999, 0.34999999, 0.34999928, 0.34989566, 0.97963148
0.35600001, 1.0000000, 0.99999988, 9.9999990, 9.9999962, 9.9999990, 9.9999990, 9.9999990, 9.9999990, 19.999998, 19.999998, 19.999998, 19.994993, 0.34999999, 0.34999996, 0.34999999, 0.34999999, 0.34999999, 0.34999999, 0.34999999, 0.34999999, 0.34999999, 0.34997496, 0.99999988
0.32571286, 1.0000000, 0.89026397, 8.2351618, 9.4551096, 9.6816950, 9.9037533, 9.9501295, 9.9813013, 19.998264, 19.999546, 19.999489, 19.971352, 0.33235162, 0.34455109, 0.34681696, 0.34903753, 0.34950131, 0.34981301, 0.34999132, 0.34999773, 0.34999746, 0.34985676, 0.89026397
0.28411794, 1.0000000, 0.73955768, 5.3728013, 9.2808084, 9.5486031, 9.8128805, 9.8973961, 9.9592476, 19.995892, 19.998926, 19.997414, 19.949278, 0.30372801, 0.34280807, 0.34548604, 0.34812880, 0.34897396, 0.34959248, 0.34997946, 0.34999463, 0.34998706, 0.34974641, 0.73955768
0.24160516, 1.0000000, 0.58552593, 2.8406620, 8.4168663, 9.4689045, 9.7379007, 9.8478374, 9.9354029, 19.993402, 19.998274, 19.992874, 19.929699, 0.27840662, 0.33416867, 0.34468904, 0.34737900, 0.34847838, 0.34935403, 0.34996700, 0.34999138, 0.34996438, 0.34964851, 0.58552593
0.22611243, 1.0000000, 0.52939284, 2.4655075, 7.1350641, 9.5372944, 9.7548838, 9.8503323, 9.9319315, 19.993397, 19.998148, 19.985594, 19.913229, 0.27465507, 0.32135063, 0.34537295, 0.34754884, 0.34850332, 0.34931931, 0.34996697, 0.34999073, 0.34992796, 0.34956616, 0.52939284
0.33521903, 1.0000000, 0.92470652, 8.9204931, 9.4792862, 9.6742477, 9.8030605, 9.8740921, 9.9381371, 19.993397, 19.997705, 19.975534, 19.899817, 0.33920494, 0.34479287, 0.34674248, 0.34803060, 0.34874094, 0.34938139, 0.34996697, 0.34998852, 0.34987766, 0.34949908, 0.92470652
0.30690134, 1.0000000, 0.82210630, 6.9596214, 9.3720160, 9.5903091, 9.7828226, 9.8633928, 9.9327240, 19.992271, 19.996304, 19.963192, 19.889278, 0.31959623, 0.34372017, 0.34590310, 0.34782821, 0.34863394, 0.34932724, 0.34996134, 0.34998152, 0.34981596, 0.34944639, 0.82210630
0.34769410, 1.0000000, 0.96990621, 9.5580826, 9.7916222, 9.8901663, 9.9742460, 9.9869909, 9.9953308, 19.999678, 19.999914, 19.993757, 19.895163, 0.34558082, 0.34791622, 0.34890166, 0.34974247, 0.34986991, 0.34995329, 0.34999838, 0.34999958, 0.34996879, 0.34947580, 0.96990621
0.35595220, 1.0000000, 0.99982685, 9.9976177, 9.9985714, 9.9992838, 9.9998589, 9.9999275, 9.9999790, 19.999998, 19.999998, 19.999990, 19.992998, 0.34997618, 0.34998572, 0.34999284, 0.34999859, 0.34999928, 0.34999979, 0.34999999, 0.34999999, 0.34999996, 0.34996498, 0.99982685
0.33045059, 1.0000000, 0.90742958, 8.5094795, 9.5399475, 9.7364540, 9.9250708, 9.9614191, 9.9857445, 19.998800, 19.999689, 19.999454, 19.969439, 0.33509481, 0.34539947, 0.34736454, 0.34925070, 0.34961420, 0.34985745, 0.34999400, 0.34999844, 0.34999728, 0.34984720, 0.90742958
0.29981944, 1.0000000, 0.79644722, 6.4339094, 9.3702240, 9.6138124, 9.8561649, 9.9226656, 9.9704218, 19.997644, 19.999392, 19.997284, 19.947559, 0.31433910, 0.34370226, 0.34613812, 0.34856164, 0.34922665, 0.34970421, 0.34998822, 0.34999695, 0.34998643, 0.34973779, 0.79644722
0.26829872, 1.0000000, 0.68224168, 4.2024918, 9.3133354, 9.5652914, 9.8075256, 9.8912439, 9.9564056, 19.996994, 19.999216, 19.992643, 19.928261, 0.29202491, 0.34313336, 0.34565291, 0.34807527, 0.34891245, 0.34956405, 0.34998497, 0.34999609, 0.34996322, 0.34964129, 0.68224168
0.24433728, 1.0000000, 0.59542489, 2.8912902, 8.6164351, 9.5530872, 9.7790728, 9.8699398, 9.9442396, 19.995678, 19.998753, 19.985043, 19.911999, 0.27890927, 0.33615789, 0.34552729, 0.34778997, 0.34869903, 0.34944227, 0.34997839, 0.34999377, 0.34992522, 0.34955999, 0.59542489
0.22273809, 1.0000000, 0.51716697, 2.2932382, 7.0283823, 9.5115213, 9.7478151, 9.8477392, 9.9313431, 19.994165, 19.997900, 19.974667, 19.898821, 0.27293238, 0.32028383, 0.34511521, 0.34747815, 0.34847739, 0.34931344, 0.34997082, 0.34998950, 0.34987333, 0.34949410, 0.51716697
0.20289320, 1.0000000, 0.44526514, 1.7926216, 5.4773216, 9.4943428, 9.7295208, 9.8332100, 9.9216824, 19.992998, 19.996431, 19.962185, 19.888496, 0.26792622, 0.30477321, 0.34494343, 0.34729522, 0.34833211, 0.34921682, 0.34996498, 0.34998214, 0.34981093, 0.34944248, 0.44526514
0.18526974, 1.0000000, 0.38141212, 1.3796568, 4.0476589, 9.4783840, 9.7168760, 9.8231697, 9.9145947, 19.991978, 19.993822, 19.948486, 19.880625, 0.26379517, 0.29047412, 0.34478095, 0.34716815, 0.34823141, 0.34914586, 0.34995988, 0.34996912, 0.34974244, 0.34940311, 0.38141212
0.17249572, 1.0000000, 0.33512938, 1.1017144, 2.9769361, 9.4574080, 9.7261524, 9.8261690, 9.9134045, 19.991152, 19.989609, 19.934565, 19.874712, 0.26101714, 0.27976936, 0.34457409, 0.34726152, 0.34826168, 0.34913403, 0.34995577, 0.34994805, 0.34967282, 0.34937355, 0.33512938
0.16416335, 1.0000000, 0.30493969, 0.96863806, 2.5839000, 8.6797199, 9.7118340, 9.8175573, 9.9087009, 19.989817, 19.983284, 19.921188, 19.870354, 0.25968486, 0.27583659, 0.33679315, 0.34711745, 0.34817514, 0.34908685, 0.34994909, 0.34991643, 0.34960595, 0.34935176, 0.30493969
0.15399612, 0.89358354, 0.26810187, 0.70410967, 2.2099614, 7.8581710, 9.6983948, 9.8088160, 9.9042397, 19.988596, 19.974934, 19.909088, 19.867159, 0.25703886, 0.27209544, 0.32857427, 0.34698209, 0.34808722, 0.34904209, 0.34994298, 0.34987468, 0.34954545, 0.34933579, 0.26810187
0.14284249, 0.75889122, 0.22769015, 0.42919219, 1.7971307, 6.9115782, 9.6695738, 9.7909145, 9.8956614, 19.986364, 19.964596, 19.898539, 19.864822, 0.25429192, 0.26797131, 0.31911579, 0.34669572, 0.34790915, 0.34895661, 0.34993184, 0.34982297, 0.34949270, 0.34932411, 0.22769015
0.13370380, 0.64853162, 0.19457895, 0.25758445, 1.4499038, 5.9771662, 9.6510487, 9.7786274, 9.8894129, 19.983864, 19.952969, 19.889715, 19.863159, 0.25257507, 0.26449639, 0.30976620, 0.34650871, 0.34778538, 0.34889382, 0.34991932, 0.34976485, 0.34944856, 0.34931579, 0.19457895
0.12499087, 0.54331350, 0.16301036, 0.12494028, 1.1185050, 4.9840169, 9.6223049, 9.7604818, 9.8806419, 19.980097, 19.940596, 19.882540, 19.861965, 0.25124940, 0.26118505, 0.29984015, 0.34622306, 0.34760481, 0.34880641, 0.34990048, 0.34970298, 0.34941271, 0.34930983, 0.16301036
0.20500633, 1.0000000, 0.45292148, 2.1968007, 5.2225671, 9.1909971, 9.6558161, 9.7772884, 9.8852997, 19.975100, 19.928251, 19.876862, 19.861113, 0.27196476, 0.30222103, 0.34190589, 0.34655729, 0.34777245, 0.34885284, 0.34987551, 0.34964126, 0.34938431, 0.34930557, 0.45292148
0.26215059, 1.0000000, 0.65996581, 4.1749220, 8.6858530, 9.4631739, 9.6860466, 9.7950335, 9.8915510, 19.967344, 19.916237, 19.872379, 19.860497, 0.29174921, 0.33685854, 0.34463173, 0.34686047, 0.34795034, 0.34891552, 0.34983671, 0.34958118, 0.34936190, 0.34930247, 0.65996581
0.31356597, 1.0000000, 0.84625351, 7.4313197, 9.3961391, 9.5923157, 9.7442703, 9.8288193, 9.9053516, 19.959024, 19.905565, 19.868998, 19.860067, 0.32431191, 0.34396040, 0.34592265, 0.34744260, 0.34828812, 0.34905347, 0.34979513, 0.34952784, 0.34934500, 0.34930032, 0.84625351
0.35405719, 1.0000000, 0.99296081, 9.9016962, 9.9440784, 9.9717140, 9.9942341, 9.9971123, 9.9990368, 19.999998, 19.999998, 19.999989, 19.991005, 0.34901696, 0.34944078, 0.34971714, 0.34994233, 0.34997112, 0.34999037, 0.34999999, 0.34999999, 0.34999993, 0.34995502, 0.99296081
0.33864653, 1.0000000, 0.93712515, 9.0942125, 9.5524406, 9.7422876, 9.9243183, 9.9609470, 9.9853201, 19.998539, 19.999617, 19.999336, 19.967539, 0.34094211, 0.34552440, 0.34742287, 0.34924319, 0.34960946, 0.34985322, 0.34999269, 0.34999809, 0.34999669, 0.34983769, 0.93712515
0.30648687, 1.0000000, 0.82060456, 6.9154768, 9.3729544, 9.6143703, 9.8534660, 9.9209681, 9.9692822, 19.997089, 19.999235, 19.996973, 19.945837, 0.31915477, 0.34372956, 0.34614369, 0.34853464, 0.34920967, 0.34969282, 0.34998545, 0.34999618, 0.34998485, 0.34972918, 0.82060456
0.27619195, 1.0000000, 0.71084034, 4.7571731, 9.3353271, 9.5783434, 9.8100672, 9.8923025, 9.9559975, 19.996065, 19.998951, 19.992062, 19.926781, 0.29757172, 0.34335327, 0.34578344, 0.34810066, 0.34892303, 0.34955996, 0.34998032, 0.34999475, 0.34996030, 0.34963390, 0.71084034
0.25144011, 1.0000000, 0.62115973, 2.9570813, 9.3485870, 9.5796509, 9.7934275, 9.8779478, 9.9474506, 19.995642, 19.998657, 19.984287, 19.910818, 0.27956936, 0.34348312, 0.34579512, 0.34793398, 0.34877932, 0.34947443, 0.34997821, 0.34999329, 0.34992144, 0.34955409, 0.62115973
0.23529589, 1.0000000, 0.56266624, 2.5338621, 8.1141691, 9.5633135, 9.7791080, 9.8664083, 9.9398918, 19.995018, 19.997982, 19.973795, 19.897888, 0.27533793, 0.33114037, 0.34563237, 0.34779093, 0.34866399, 0.34939888, 0.34997508, 0.34998992, 0.34986898, 0.34948945, 0.56266624
0.21758485, 1.0000000, 0.49849585, 2.0799546, 6.7497668, 9.5362225, 9.7588711, 9.8521271, 9.9312258, 19.994059, 19.996487, 19.961197, 19.887800, 0.27079505, 0.31748888, 0.34535602, 0.34758744, 0.34852061, 0.34931204, 0.34997028, 0.34998244, 0.34980598, 0.34943900, 0.49849585
0.20142978, 1.0000000, 0.43996298, 1.6940653, 5.4517207, 9.5188255, 9.7458286, 9.8422575, 9.9247055, 19.993252, 19.993828, 19.947468, 19.880106, 0.26693785, 0.30451182, 0.34518355, 0.34745735, 0.34842211, 0.34924689, 0.34996626, 0.34996915, 0.34973735, 0.34940052, 0.43996298
0.17965961, 1.0000000, 0.36108553, 1.1782289, 3.7289786, 9.4368887, 9.6990385, 9.8134232, 9.9105072, 19.991550, 19.989237, 19.933500, 19.874325, 0.26178083, 0.28728703, 0.34436536, 0.34698966, 0.34813386, 0.34910494, 0.34995776, 0.34994620, 0.34966749, 0.34937161, 0.36108553
0.16219260, 0.99256492, 0.29779926, 0.75109303, 2.7187467, 8.6704254, 9.6648102, 9.7903633, 9.8980265, 19.989790, 19.982647, 19.920185, 19.870047, 0.25751075, 0.27718705, 0.33670360, 0.34664795, 0.34790358, 0.34898022, 0.34994894, 0.34991324, 0.34960091, 0.34935024, 0.29779926
0.14761914, 0.81657457, 0.24499688, 0.41771829, 2.1305828, 7.4483385, 9.6364555, 9.7704649, 9.8867378, 19.987808, 19.973959, 19.908131, 19.866934, 0.25417542, 0.27130044, 0.32447395, 0.34636211, 0.34770340, 0.34886697, 0.34993905, 0.34986979, 0.34954065, 0.34933466, 0.24499688
0.13780427, 0.69804943, 0.20943578, 0.23857057, 1.7345518, 6.4659886, 9.6440639, 9.7724905, 9.8851881, 19.985842, 19.963537, 19.897734, 19.864676, 0.25238401, 0.26733816, 0.31464618, 0.34643656, 0.34772286, 0.34885120, 0.34992921, 0.34981769, 0.34948868, 0.34932339, 0.20943578
0.12918837, 0.59400302, 0.17821874, 0.10692477, 1.3846636, 5.5245376, 9.6363688, 9.7675200, 9.8822527, 19.983047, 19.951799, 19.889042, 19.863049, 0.25106856, 0.26384127, 0.30523467, 0.34635997, 0.34767330, 0.34882191, 0.34991524, 0.34975898, 0.34944522, 0.34931523, 0.17821874
0.12113868, 0.49679416, 0.14905316, 0.0000000, 1.0635704, 4.5806971, 9.6203146, 9.7573719, 9.8771305, 19.978819, 19.939316, 19.882000, 19.861885, 0.24998787, 0.26063570, 0.29580697, 0.34620315, 0.34757373, 0.34877130, 0.34989411, 0.34969658, 0.34941000, 0.34930941, 0.14905316
0.11446835, 0.41624284, 0.12488534, 0.0000000, 0.76008737, 3.5850987, 9.5918751, 9.7391262, 9.8680782, 19.972811, 19.926804, 19.876394, 19.861038, 0.24998787, 0.25759915, 0.28584692, 0.34591657, 0.34739015, 0.34868041, 0.34986407, 0.34963402, 0.34938198, 0.34930518, 0.12488534
0.10929979, 0.35382682, 0.10615867, 0.0000000, 0.51603317, 2.8774261, 9.3368855, 9.7262287, 9.8606024, 19.964993, 19.914915, 19.872019, 19.860428, 0.24998787, 0.25515854, 0.27876931, 0.34336564, 0.34726062, 0.34860545, 0.34982497, 0.34957457, 0.34936011, 0.34930214, 0.10615867
0.10558224, 0.30893335, 0.92689276E-1, 0.0000000, 0.34016669, 2.4325550, 8.8401318, 9.7133560, 9.8535490, 19.956070, 19.904291, 19.868677, 19.860010, 0.24998787, 0.25339940, 0.27431744, 0.33839542, 0.34713033, 0.34853438, 0.34978035, 0.34952146, 0.34934339, 0.34930006, 0.92689276E-1
0.10066918, 0.24960274, 0.74888311E-1, 0.0000000, 0.13396144, 1.8148124, 8.0871429, 9.6496210, 9.8228168, 19.944809, 19.894743, 19.866062, 19.859697, 0.24998787, 0.25133961, 0.26814812, 0.33087143, 0.34649622, 0.34822816, 0.34972405, 0.34947371, 0.34933031, 0.34929848, 0.74888311E-1
0.97465903E-1, 0.21091974, 0.63282251E-1, 0.0000000, 0.38060546E-1, 1.3807565, 7.3569055, 9.6420650, 9.8140354, 19.933620, 19.886871, 19.864164, 19.859482, 0.24998787, 0.25038031, 0.26380196, 0.32356307, 0.34641671, 0.34813902, 0.34966809, 0.34943435, 0.34932083, 0.34929740, 0.63282251E-1
0.94497621E-1, 0.17507450, 0.52527603E-1, 0.0000000, 0.0000000, 0.92895925, 6.4386096, 9.5902853, 9.7870045, 19.921799, 19.880274, 19.862694, 19.859346, 0.24998787, 0.24999148, 0.25928885, 0.31438509, 0.34590209, 0.34786978, 0.34960899, 0.34940135, 0.34931347, 0.34929675, 0.52527603E-1
0.92078805E-1, 0.14586473, 0.43763794E-1, 0.0000000, 0.0000000, 0.56105852, 5.3863363, 9.5447607, 9.7605543, 19.910158, 19.874872, 19.861593, 19.859287, 0.24998787, 0.24999148, 0.25560698, 0.30385643, 0.34544149, 0.34760344, 0.34955078, 0.34937435, 0.34930795, 0.34929645, 0.43763794E-1
0.90195976E-1, 0.12312754, 0.36941957E-1, 0.0000000, 0.0000000, 0.32207668, 4.3198075, 9.5253325, 9.7466173, 19.899990, 19.870743, 19.860851, 19.859222, 0.24998787, 0.24999148, 0.25321722, 0.29318857, 0.34524283, 0.34746259, 0.34949994, 0.34935373, 0.34930426, 0.34929612, 0.36941957E-1
0.88753320E-1, 0.10570585, 0.31714927E-1, 0.0000000, 0.0000000, 0.17438233, 3.3207397, 9.5155115, 9.7394571, 19.891060, 19.867563, 19.860275, 19.859200, 0.24998787, 0.24999148, 0.25174212, 0.28320095, 0.34514588, 0.34739143, 0.34945530, 0.34933782, 0.34930137, 0.34929600, 0.31714927E-1
0.87751292E-1, 0.93605317E-1, 0.28084405E-1, 0.0000000, 0.0000000, 0.84424019E-1, 2.7820408, 9.0764227, 9.7303381, 19.883642, 19.865194, 19.859877, 19.859169, 0.24998787, 0.24999148, 0.25084275, 0.27781057, 0.34074816, 0.34729764, 0.34941822, 0.34932595, 0.34929937, 0.34929585, 0.28084405E-1
0.86840376E-1, 0.82605004E-1, 0.24783980E-1, 0.0000000, 0.0000000, 0.15038252E-1, 2.4229856, 8.2943153, 9.7061653, 19.876743, 19.863178, 19.859541, 19.859121, 0.24998787, 0.24999148, 0.25015014, 0.27422181, 0.33292937, 0.34705630, 0.34938371, 0.34931588, 0.34929770, 0.34929562, 0.24783980E-1
0.86264901E-1, 0.75655490E-1, 0.22698918E-1, 0.0000000, 0.0000000, 0.78678131E-3, 2.1447420, 7.6007142, 9.7109346, 19.872442, 19.862007, 19.859442, 19.859110, 0.24998787, 0.24999148, 0.25000787, 0.27144137, 0.32599643, 0.34710479, 0.34936219, 0.34931004, 0.34929723, 0.34929556, 0.22698918E-1
0.15026000, 0.84846580, 0.25456521, 2.3282170, 2.4968834, 2.4723501, 2.7755766, 8.6681757, 9.7914543, 19.868237, 19.860949, 19.859299, 19.859081, 0.27327383, 0.27496347, 0.27472085, 0.27775517, 0.33668083, 0.34791419, 0.34934118, 0.34930474, 0.34929651, 0.34929541, 0.25456521
0.15245128, 0.87492776, 0.26250458, 2.7445912, 2.1620631, 2.3014517, 2.7294517, 8.5248814, 9.8313055, 19.865076, 19.860163, 19.859205, 19.859058, 0.27744591, 0.27162063, 0.27301452, 0.27729452, 0.33524883, 0.34831306, 0.34932539, 0.34930080, 0.34929603, 0.34929529, 0.26250458
0.15477669, 0.90300983, 0.27093005, 2.5614352, 2.2958665, 2.2528143, 6.9425364, 9.6236486, 9.8539553, 19.863129, 19.859741, 19.859163, 19.859045, 0.27561435, 0.27295867, 0.27252814, 0.31942537, 0.34623650, 0.34853956, 0.34931564, 0.34929872, 0.34929582, 0.34929523, 0.27093005
0.14995830, 0.84482247, 0.25347209, 2.3214250, 2.1646976, 2.1876125, 6.6893563, 9.7624178, 9.8680258, 19.862103, 19.859583, 19.859163, 19.859045, 0.27321425, 0.27164698, 0.27187613, 0.31689358, 0.34762418, 0.34868026, 0.34931052, 0.34929791, 0.34929582, 0.34929523, 0.25347209
0.13447404, 0.65783334, 0.19736974, 1.5553057, 1.7184377, 1.9524336, 6.4000111, 9.7578773, 9.8559208, 19.859863, 19.859064, 19.859051, 19.859022, 0.26555306, 0.26718438, 0.26952434, 0.31400010, 0.34757876, 0.34855920, 0.34929931, 0.34929532, 0.34929526, 0.34929511, 0.19736974
0.15907300, 0.95489240, 0.28649637, 2.4878473, 2.3527026, 2.9820511, 9.0876770, 9.7382174, 9.8436041, 19.858118, 19.858662, 19.858934, 19.858992, 0.27487847, 0.27352703, 0.27982050, 0.34087676, 0.34738219, 0.34843606, 0.34929058, 0.34929329, 0.34929466, 0.34929496, 0.28649637
0.35600001, 1.0000000, 1.0000000, 9.9999990, 9.9999990, 9.9999990, 9.9999990, 9.9999990, 9.9999990, 19.999998, 19.999998, 19.999998, 19.997997, 0.34999999, 0.34999999, 0.34999999, 0.34999999, 0.34999999, 0.34999999, 0.34999999, 0.34999999, 0.34999999, 0.34998998, 1.0000000
0.33586687, 1.0000000, 0.92705381, 8.8810940, 9.5647373, 9.7536907, 9.9355726, 9.9670525, 9.9884195, 19.999594, 19.999891, 19.999695, 19.974264, 0.33881095, 0.34564736, 0.34753692, 0.34935573, 0.34967053, 0.34988421, 0.34999797, 0.34999946, 0.34999847, 0.34987134, 0.92705381
0.30891007, 1.0000000, 0.82938433, 7.0489588, 9.4230862, 9.6486912, 9.8751678, 9.9335003, 9.9753122, 19.998699, 19.999659, 19.997980, 19.951946, 0.32048959, 0.34423086, 0.34648693, 0.34875166, 0.34933501, 0.34975311, 0.34999350, 0.34999830, 0.34998989, 0.34975973, 0.82938433
0.26871774, 1.0000000, 0.68375987, 4.2700830, 9.2679977, 9.5350456, 9.7949743, 9.8853149, 9.9543133, 19.996691, 19.999132, 19.993803, 19.932034, 0.29270083, 0.34267998, 0.34535044, 0.34794974, 0.34885314, 0.34954312, 0.34998345, 0.34999567, 0.34996903, 0.34966016, 0.68375987
0.23615219, 1.0000000, 0.56576878, 2.6585965, 8.0525455, 9.4864502, 9.7419081, 9.8484182, 9.9349394, 19.994511, 19.998447, 19.986759, 19.915108, 0.27658597, 0.33052546, 0.34486449, 0.34741908, 0.34848419, 0.34934938, 0.34997255, 0.34999225, 0.34993380, 0.34957555, 0.56576878
0.21439518, 1.0000000, 0.48693901, 2.0741820, 6.4008660, 9.4889774, 9.7269783, 9.8335476, 9.9236336, 19.992807, 19.997620, 19.976891, 19.901287, 0.27073994, 0.31400520, 0.34488720, 0.34726924, 0.34833521, 0.34923625, 0.34996402, 0.34998810, 0.34988445, 0.34950644, 0.48693901
0.19445507, 1.0000000, 0.41469228, 1.5616745, 4.8497953, 9.4851341, 9.7153730, 9.8227711, 9.9148312, 19.990948, 19.996117, 19.964743, 19.890400, 0.26561674, 0.29849795, 0.34485134, 0.34715372, 0.34822771, 0.34914830, 0.34995472, 0.34998059, 0.34982371, 0.34945199, 0.41469228
0.23352166, 1.0000000, 0.55623788, 2.5072126, 7.9666557, 9.5328217, 9.7290239, 9.8275080, 9.9137726, 19.989935, 19.993786, 19.951244, 19.882074, 0.27507213, 0.32966655, 0.34532821, 0.34729025, 0.34827507, 0.34913772, 0.34994966, 0.34996894, 0.34975621, 0.34941036, 0.55623788
0.35600001, 1.0000000, 1.0000000, 9.9999990, 9.9999990, 9.9999990, 9.9999990, 9.9999990, 9.9999990, 19.999998, 19.999998, 19.999998, 19.995995, 0.34999999, 0.34999999, 0.34999999, 0.34999999, 0.34999999, 0.34999999, 0.34999999, 0.34999999, 0.34999999, 0.34997997, 1.0000000
0.35600001, 1.0000000, 1.0000000, 9.9999990, 9.9999990, 9.9999990, 9.9999990, 9.9999962, 9.9999990, 19.999998, 19.999992, 19.999998, 19.997992, 0.34999999, 0.34999999, 0.34999999, 0.34999999, 0.34999996, 0.34999999, 0.34999999, 0.34999996, 0.34999999, 0.34998995, 1.0000000
0.33283657, 1.0000000, 0.91607434, 8.6570864, 9.5713978, 9.7560244, 9.9321165, 9.9651384, 9.9871912, 19.998985, 19.999737, 19.999823, 19.981091, 0.33657086, 0.34571397, 0.34756023, 0.34932116, 0.34965140, 0.34987190, 0.34999493, 0.34999868, 0.34999913, 0.34990546, 0.91607434
0.31062827, 1.0000000, 0.83560961, 7.2310796, 9.3542099, 9.6011209, 9.8497105, 9.9191351, 9.9691658, 19.997704, 19.999403, 19.998610, 19.958239, 0.32231081, 0.34354210, 0.34601122, 0.34849709, 0.34919137, 0.34969166, 0.34998852, 0.34999701, 0.34999305, 0.34979120, 0.83560961
0.35192901, 1.0000000, 0.98525006, 9.8700104, 9.8633871, 9.7632036, 9.8490067, 9.9136600, 9.9645090, 19.997030, 19.999222, 19.995304, 19.937567, 0.34870011, 0.34863389, 0.34763205, 0.34849006, 0.34913659, 0.34964508, 0.34998515, 0.34999612, 0.34997651, 0.34968784, 0.98525006
0.33824021, 1.0000000, 0.93565285, 9.0772562, 9.5641489, 9.6995258, 9.8436499, 9.9076509, 9.9602823, 19.996756, 19.999094, 19.989233, 19.919765, 0.34077257, 0.34564149, 0.34699526, 0.34843650, 0.34907651, 0.34960282, 0.34998378, 0.34999546, 0.34994617, 0.34959882, 0.93565285
0.35467339, 1.0000000, 0.99519330, 9.9331083, 9.9614830, 9.9805603, 9.9960737, 9.9980268, 9.9993439, 19.999998, 19.999998, 19.999983, 19.990009, 0.34933108, 0.34961483, 0.34980559, 0.34996074, 0.34998026, 0.34999344, 0.34999999, 0.34999999, 0.34999990, 0.34995005, 0.99519330
0.33180028, 1.0000000, 0.91231984, 8.6170235, 9.5282154, 9.7284040, 9.9214792, 9.9595118, 9.9849720, 19.998682, 19.999659, 19.999296, 19.966606, 0.33617023, 0.34528214, 0.34728405, 0.34921479, 0.34959513, 0.34984973, 0.34999341, 0.34999830, 0.34999648, 0.34983304, 0.91231984
0.29847348, 1.0000000, 0.79157054, 6.3429050, 9.3639679, 9.6065884, 9.8486338, 9.9181776, 9.9684439, 19.997370, 19.999325, 19.996847, 19.945004, 0.31342906, 0.34363967, 0.34606588, 0.34848633, 0.34918177, 0.34968445, 0.34998685, 0.34999663, 0.34998423, 0.34972501, 0.79157054
0.26024628, 1.0000000, 0.65306622, 3.6555319, 9.2714415, 9.5332289, 9.7853022, 9.8778610, 9.9502611, 19.996088, 19.998976, 19.991795, 19.926060, 0.28655532, 0.34271443, 0.34533229, 0.34785300, 0.34877861, 0.34950262, 0.34998044, 0.34999487, 0.34995896, 0.34963030, 0.65306622
0.23172487, 1.0000000, 0.54972774, 2.4646907, 7.8366504, 9.4963350, 9.7425785, 9.8471909, 9.9334126, 19.994333, 19.998358, 19.983795, 19.910192, 0.27464560, 0.32836398, 0.34496182, 0.34742546, 0.34847176, 0.34933406, 0.34997165, 0.34999180, 0.34991896, 0.34955096, 0.54972774
0.21279097, 1.0000000, 0.48112670, 2.0043969, 6.3158250, 9.5016127, 9.7359753, 9.8381939, 9.9255447, 19.993742, 19.997669, 19.973179, 19.897390, 0.27004242, 0.31315529, 0.34501392, 0.34735930, 0.34838170, 0.34925535, 0.34996870, 0.34998834, 0.34986588, 0.34948695, 0.48112670
0.19462952, 1.0000000, 0.41532436, 1.5837520, 4.8351645, 9.4809027, 9.7225332, 9.8276882, 9.9181910, 19.993153, 19.996222, 19.960529, 19.887417, 0.26583752, 0.29835165, 0.34480903, 0.34722534, 0.34827688, 0.34918192, 0.34996575, 0.34998110, 0.34980264, 0.34943709, 0.41532436
0.19162224, 1.0000000, 0.40442839, 2.0793855, 3.6333709, 9.5060921, 9.7275152, 9.8281507, 9.9157171, 19.992531, 19.993549, 19.946770, 19.879799, 0.27079231, 0.28633207, 0.34505877, 0.34727469, 0.34828129, 0.34915707, 0.34996265, 0.34996775, 0.34973386, 0.34939900, 0.40442839
0.17526573, 1.0000000, 0.34516570, 1.5483916, 2.8331697, 8.9309387, 9.7041397, 9.8136625, 9.9079800, 19.991140, 19.988930, 19.932840, 19.874088, 0.26548392, 0.27833170, 0.33930939, 0.34704140, 0.34813663, 0.34907979, 0.34995571, 0.34994465, 0.34966421, 0.34937045, 0.34516570
0.15972972, 0.96282309, 0.28887582, 1.0374814, 2.3182929, 7.9195352, 9.6732817, 9.7940493, 9.8979473, 19.989231, 19.982203, 19.919542, 19.869888, 0.26037481, 0.27318293, 0.32919535, 0.34673283, 0.34794050, 0.34897947, 0.34994614, 0.34991100, 0.34959772, 0.34934944, 0.28887582
0.14728662, 0.81255913, 0.24379212, 0.69056153, 1.8901646, 6.9324069, 9.6600580, 9.7840624, 9.8920059, 19.987736, 19.973547, 19.907619, 19.866823, 0.25690362, 0.26889840, 0.31931812, 0.34659892, 0.34783977, 0.34891975, 0.34993869, 0.34986773, 0.34953809, 0.34933412, 0.24379212
0.13951346, 0.71868980, 0.21562850, 0.49853325, 1.6267836, 6.2135773, 9.6855783, 9.7970152, 9.8956785, 19.985994, 19.963131, 19.897331, 19.864599, 0.25498500, 0.26626721, 0.31213456, 0.34685543, 0.34796998, 0.34895673, 0.34992999, 0.34981567, 0.34948665, 0.34932300, 0.21562850
0.15737900, 0.93443567, 0.28035873, 2.1165042, 1.3969570, 5.5935597, 9.6925507, 9.8019142, 9.8976755, 19.983051, 19.951309, 19.888723, 19.862989, 0.27116397, 0.26396915, 0.30593476, 0.34692520, 0.34801900, 0.34897670, 0.34991527, 0.34975654, 0.34944361, 0.34931496, 0.28035873
0.16008219, 0.96707940, 0.29015285, 2.6995034, 1.1324257, 4.8385978, 9.6675568, 9.7878218, 9.8922138, 19.978987, 19.938862, 19.881748, 19.861843, 0.27699435, 0.26132408, 0.29838559, 0.34667543, 0.34787813, 0.34892210, 0.34989494, 0.34969431, 0.34940875, 0.34930921, 0.29015285
0.14440092, 0.77771115, 0.23333669, 1.9162357, 0.91311634, 4.1032834, 9.6559763, 9.7800198, 9.8882875, 19.973640, 19.926552, 19.876242, 19.861025, 0.26916236, 0.25913116, 0.29103285, 0.34655976, 0.34780020, 0.34888288, 0.34986821, 0.34963277, 0.34938121, 0.34930512, 0.23333669
0.12997392, 0.60348934, 0.18106490, 1.2383133, 0.68439245, 3.3438222, 9.6302309, 9.7642679, 9.8804750, 19.965792, 19.914719, 19.871901, 19.860428, 0.26238081, 0.25684315, 0.28343633, 0.34630120, 0.34764212, 0.34880456, 0.34982896, 0.34957358, 0.34935951, 0.34930214, 0.18106490
0.11904900, 0.47155908, 0.14148188, 0.73902905, 0.49080253, 2.8092265, 9.3785982, 9.7509794, 9.8728552, 19.956490, 19.904011, 19.868559, 19.860010, 0.25738654, 0.25490654, 0.27808800, 0.34378311, 0.34750831, 0.34872803, 0.34978244, 0.34952006, 0.34934279, 0.34930006, 0.14148188
0.18760669, 1.0000000, 0.38987929, 2.0412536, 3.3155549, 9.3260841, 9.6077995, 9.7940531, 9.8883152, 19.946608, 19.894869, 19.866096, 19.859722, 0.27041253, 0.28315556, 0.34326082, 0.34607798, 0.34794053, 0.34888315, 0.34973305, 0.34947434, 0.34933048, 0.34929860, 0.38987929
0.32905656, 1.0000000, 0.90237886, 8.7900372, 9.1107445, 9.3910379, 9.6809874, 9.8003893, 9.8908682, 19.935698, 19.887100, 19.864208, 19.859503, 0.33790037, 0.34110743, 0.34391040, 0.34680986, 0.34800389, 0.34890869, 0.34967849, 0.34943551, 0.34932104, 0.34929752, 0.90237886
0.32491910, 1.0000000, 0.88738793, 8.2646427, 9.3878031, 9.5747795, 9.7371273, 9.8259048, 9.8993874, 19.924215, 19.880630, 19.862782, 19.859346, 0.33264643, 0.34387803, 0.34574780, 0.34737128, 0.34825903, 0.34899387, 0.34962109, 0.34940314, 0.34931391, 0.34929675, 0.88738793
0.30688030, 1.0000000, 0.82203007, 6.8742323, 9.4879408, 9.6426420, 9.7730427, 9.8456526, 9.9055786, 19.913071, 19.875418, 19.861723, 19.859299, 0.31874233, 0.34487942, 0.34642643, 0.34773043, 0.34845653, 0.34905580, 0.34956536, 0.34937710, 0.34930861, 0.34929651, 0.82203007
0.28401226, 1.0000000, 0.73917484, 5.2767115, 9.4072971, 9.6047049, 9.7750959, 9.8478737, 9.9053688, 19.903437, 19.871439, 19.861000, 19.859287, 0.30276710, 0.34407297, 0.34604704, 0.34775096, 0.34847873, 0.34905368, 0.34951717, 0.34935719, 0.34930500, 0.34929645, 0.73917484
0.25654280, 1.0000000, 0.63964778, 3.3451030, 9.3337574, 9.5596733, 9.7588549, 9.8389549, 9.8997059, 19.894354, 19.868231, 19.860453, 19.859251, 0.28345102, 0.34333757, 0.34559673, 0.34758854, 0.34838957, 0.34899706, 0.34947178, 0.34934115, 0.34930226, 0.34929627, 0.63964778
0.23089819, 1.0000000, 0.54673254, 2.3534179, 7.9220300, 9.5032148, 9.7263784, 9.8192921, 9.8887625, 19.885628, 19.865524, 19.859993, 19.859205, 0.27353418, 0.32922029, 0.34503216, 0.34726378, 0.34819293, 0.34888762, 0.34942815, 0.34932762, 0.34929997, 0.34929603, 0.54673254
0.35598123, 1.0000000, 0.99993199, 9.9991741, 9.9995050, 9.9997520, 9.9999485, 9.9999723, 9.9999905, 19.999998, 19.999998, 19.999998, 19.994993, 0.34999064, 0.34999439, 0.34999719, 0.34999943, 0.34999970, 0.34999990, 0.34999999, 0.34999999, 0.34999999, 0.34997496, 0.99993199
0.35600001, 1.0000000, 1.0000000, 9.9999990, 9.9999990, 9.9999990, 9.9999990, 9.9999990, 9.9999990, 19.999998, 19.999998, 19.999998, 19.997997, 0.34999999, 0.34999999, 0.34999999, 0.34999999, 0.34999999, 0.34999999, 0.34999999, 0.34999999, 0.34999999, 0.34998998, 1.0000000
0.34115469, 1.0000000, 0.94621265, 9.1662273, 9.6885595, 9.8280516, 9.9543219, 9.9766903, 9.9913378, 19.999159, 19.999784, 19.999670, 19.974253, 0.34166229, 0.34688559, 0.34828052, 0.34954321, 0.34976691, 0.34991339, 0.34999579, 0.34999892, 0.34999835, 0.34987128, 0.94621265
0.35046113, 1.0000000, 0.97993147, 9.7059155, 9.8599892, 9.9264755, 9.9840832, 9.9919968, 9.9973097, 19.999998, 19.999998, 19.999933, 19.984056, 0.34705916, 0.34859988, 0.34926474, 0.34984082, 0.34991997, 0.34997308, 0.34999999, 0.34999999, 0.34999967, 0.34992027, 0.97993147
0.34760475, 1.0000000, 0.96958250, 9.5479250, 9.7967501, 9.8918972, 9.9753361, 9.9875402, 9.9957037, 19.999874, 19.999969, 19.999933, 19.984056, 0.34547925, 0.34796751, 0.34891897, 0.34975335, 0.34987539, 0.34995705, 0.34999937, 0.34999985, 0.34999967, 0.34992027, 0.96958250
0.33423543, 1.0000000, 0.92114288, 8.7767506, 9.5500069, 9.7393847, 9.9261160, 9.9618406, 9.9864817, 19.999521, 19.999880, 19.998966, 19.961004, 0.33776751, 0.34550005, 0.34739384, 0.34926116, 0.34961841, 0.34986481, 0.34999761, 0.34999940, 0.34999484, 0.34980503, 0.92114288
0.35596842, 1.0000000, 0.99988550, 9.9996176, 9.9997730, 9.9998865, 9.9987335, 9.9507780, 9.9812946, 19.999075, 19.999767, 19.995991, 19.940014, 0.34999618, 0.34999773, 0.34999886, 0.34998733, 0.34950778, 0.34981295, 0.34999537, 0.34999883, 0.34997994, 0.34970006, 0.99988550
0.35600001, 1.0000000, 1.0000000, 9.9999990, 9.9999990, 9.9999990, 9.9999990, 9.9999990, 9.9999990, 19.999998, 19.999998, 19.999998, 19.996996, 0.34999999, 0.34999999, 0.34999999, 0.34999999, 0.34999999, 0.34999999, 0.34999999, 0.34999999, 0.34999999, 0.34998497, 1.0000000
0.33256215, 1.0000000, 0.91508019, 8.6429663, 9.5634003, 9.7519579, 9.9352655, 9.9669027, 9.9884939, 19.999737, 19.999933, 19.999817, 19.978153, 0.33642966, 0.34563401, 0.34751958, 0.34935266, 0.34966904, 0.34988493, 0.34999868, 0.34999967, 0.34999907, 0.34989077, 0.91508019
0.32483608, 1.0000000, 0.88708717, 8.1906519, 9.4389267, 9.6571894, 9.8790321, 9.9355612, 9.9765882, 19.999361, 19.999838, 19.998449, 19.955532, 0.33190653, 0.34438926, 0.34657189, 0.34879032, 0.34935561, 0.34976590, 0.34999681, 0.34999919, 0.34999225, 0.34977767, 0.88708717
0.30910331, 1.0000000, 0.83008444, 7.0575242, 9.4374008, 9.6459999, 9.8469601, 9.9146013, 9.9668627, 19.998705, 19.999657, 19.994808, 19.935173, 0.32057524, 0.34437400, 0.34645998, 0.34846961, 0.34914601, 0.34966862, 0.34999353, 0.34999830, 0.34997404, 0.34967586, 0.83008444
0.30041471, 1.0000000, 0.79860395, 6.3582010, 9.5290785, 9.6955137, 9.8471308, 9.9107513, 9.9626780, 19.997990, 19.999409, 19.988337, 19.917761, 0.31358200, 0.34529078, 0.34695512, 0.34847131, 0.34910750, 0.34962678, 0.34998995, 0.34999704, 0.34994167, 0.34958881, 0.79860395
0.28010717, 1.0000000, 0.72502595, 4.9848943, 9.4060383, 9.6215420, 9.8198290, 9.8934813, 9.9541664, 19.997513, 19.998983, 19.979031, 19.903448, 0.29984894, 0.34406039, 0.34621543, 0.34819829, 0.34893483, 0.34954166, 0.34998757, 0.34999493, 0.34989515, 0.34951723, 0.72502595
0.25478649, 1.0000000, 0.63328433, 3.1872663, 9.3645687, 9.5887594, 9.7946157, 9.8766184, 9.9448824, 19.996511, 19.997868, 19.967274, 19.892097, 0.28187105, 0.34364286, 0.34588617, 0.34794587, 0.34876603, 0.34944877, 0.34998256, 0.34998935, 0.34983638, 0.34946048, 0.63328433
0.27109322, 1.0000000, 0.69236666, 4.2533836, 9.5079994, 9.6802835, 9.8199825, 9.8875732, 9.9466276, 19.996374, 19.995985, 19.953976, 19.883381, 0.29253271, 0.34507847, 0.34680206, 0.34819967, 0.34887564, 0.34946623, 0.34998187, 0.34997994, 0.34976989, 0.34941691, 0.69236666
0.28593725, 1.0000000, 0.74614942, 5.2489100, 9.6101227, 9.7362766, 9.8437710, 9.8998117, 9.9501019, 19.996290, 19.992661, 19.940060, 19.876791, 0.30248910, 0.34610122, 0.34736276, 0.34843773, 0.34899813, 0.34950101, 0.34998146, 0.34996331, 0.34970030, 0.34938395, 0.74614942
0.27353144, 1.0000000, 0.70120084, 4.4069195, 9.5347795, 9.6979246, 9.8401136, 9.8983383, 9.9493141, 19.996004, 19.987413, 19.926426, 19.871881, 0.29406920, 0.34534779, 0.34697926, 0.34840113, 0.34898338, 0.34949315, 0.34998003, 0.34993708, 0.34963214, 0.34935939, 0.70120084
0.27754062, 1.0000000, 0.71572679, 4.7565265, 9.4614754, 9.6520844, 9.8228741, 9.8890038, 9.9453096, 19.995165, 19.979939, 19.913771, 19.868277, 0.29756528, 0.34461474, 0.34652084, 0.34822875, 0.34889004, 0.34945309, 0.34997582, 0.34989971, 0.34956884, 0.34934139, 0.71572679
0.25679347, 1.0000000, 0.64055604, 3.3510323, 9.3432312, 9.5724735, 9.7840166, 9.8668165, 9.9359655, 19.993658, 19.970333, 19.902569, 19.865658, 0.28351033, 0.34343231, 0.34572473, 0.34784016, 0.34866816, 0.34935966, 0.34996828, 0.34985167, 0.34951285, 0.34932828, 0.64055604
0.25800300, 1.0000000, 0.64493835, 3.3223858, 9.4898615, 9.6603060, 9.8100252, 9.8791504, 9.9394579, 19.992168, 19.959253, 19.893108, 19.863777, 0.28322387, 0.34489861, 0.34660307, 0.34810024, 0.34879151, 0.34939459, 0.34996083, 0.34979627, 0.34946555, 0.34931889, 0.64493835
0.23633292, 1.0000000, 0.56642359, 2.5516748, 8.2198410, 9.5480051, 9.7701130, 9.8571243, 9.9304638, 19.988918, 19.946953, 19.885284, 19.862413, 0.27551383, 0.33219275, 0.34547678, 0.34770045, 0.34857091, 0.34930453, 0.34994459, 0.34973475, 0.34942642, 0.34931207, 0.56642359
0.21788746, 1.0000000, 0.49959224, 2.1005182, 6.7601023, 9.5196838, 9.7498732, 9.8441544, 9.9241915, 19.984474, 19.934393, 19.879045, 19.861425, 0.27100441, 0.31759953, 0.34519580, 0.34749851, 0.34844142, 0.34924188, 0.34992236, 0.34967196, 0.34939522, 0.34930712, 0.49959224
0.19845763, 1.0000000, 0.42919430, 1.6514510, 5.1811295, 9.4871798, 9.7262144, 9.8288612, 9.9164877, 19.978235, 19.922136, 19.874130, 19.860731, 0.26651451, 0.30181128, 0.34487179, 0.34726214, 0.34828860, 0.34916487, 0.34989119, 0.34961069, 0.34937066, 0.34930366, 0.42919430
0.18572548, 1.0000000, 0.38306335, 1.3739616, 4.0783391, 9.5391140, 9.7405052, 9.8346357, 9.9163237, 19.969988, 19.910727, 19.870312, 19.860228, 0.26373938, 0.29078296, 0.34539065, 0.34740496, 0.34834629, 0.34916320, 0.34984994, 0.34955364, 0.34935156, 0.34930113, 0.38306335
0.17354015, 1.0000000, 0.33891359, 1.1062086, 3.0612528, 9.5283928, 9.7390852, 9.8332596, 9.9141331, 19.959927, 19.900518, 19.867388, 19.859875, 0.26105607, 0.28060254, 0.34526840, 0.34738767, 0.34833097, 0.34914079, 0.34979963, 0.34950259, 0.34933692, 0.34929937, 0.33891359
0.16695717, 1.0000000, 0.31506220, 0.94508231, 2.7621567, 9.0696611, 9.7537889, 9.8408480, 9.9155455, 19.949089, 19.891890, 19.865202, 19.859598, 0.25944528, 0.27761188, 0.34068069, 0.34753445, 0.34840676, 0.34915489, 0.34974545, 0.34945944, 0.34932601, 0.34929800, 0.31506220
0.16112927, 0.97972411, 0.29394662, 0.80549121, 2.5402575, 8.5693235, 9.7589149, 9.8436995, 9.9151449, 19.937639, 19.884706, 19.863569, 19.859451, 0.25805011, 0.27539352, 0.33567795, 0.34758565, 0.34843525, 0.34915084, 0.34968820, 0.34942353, 0.34931785, 0.34929726, 0.29394662
0.15503606, 0.90614206, 0.27186981, 0.66442788, 2.3056149, 8.0390720, 9.7529688, 9.8401642, 9.9117165, 19.926046, 19.878834, 19.862333, 19.859346, 0.25663951, 0.27304623, 0.33037344, 0.34752548, 0.34839952, 0.34911644, 0.34963024, 0.34939417, 0.34931165, 0.34929675, 0.27186981
0.14812653, 0.82270181, 0.24683523, 0.50852299, 2.0376384, 7.4289074, 9.7338438, 9.8285637, 9.9044046, 19.914747, 19.874100, 19.861429, 19.859299, 0.25508261, 0.27037010, 0.32427764, 0.34733543, 0.34828413, 0.34904355, 0.34957373, 0.34937051, 0.34930715, 0.34929651, 0.24683523
0.14045705, 0.73008460, 0.21904729, 0.34393072, 1.7416269, 6.7232594, 9.7082052, 9.8119612, 9.8942089, 19.904135, 19.870331, 19.860760, 19.859251, 0.25343776, 0.26741153, 0.31722349, 0.34707943, 0.34811828, 0.34894165, 0.34952068, 0.34935164, 0.34930378, 0.34929627, 0.21904729
0.13307534, 0.64094239, 0.19230194, 0.20984113, 1.4557242, 5.9668388, 9.6851692, 9.7959995, 9.8839140, 19.894844, 19.867422, 19.860264, 19.859222, 0.25209662, 0.26454982, 0.30965319, 0.34684676, 0.34795749, 0.34883830, 0.34947422, 0.34933710, 0.34930131, 0.34929612, 0.19230194
0.19735377, 1.0000000, 0.42519480, 2.1589220, 4.5198631, 8.8594208, 9.7407885, 9.8239765, 9.8906412, 19.887615, 19.865355, 19.859947, 19.859222, 0.27157596, 0.29518196, 0.33857787, 0.34740430, 0.34823796, 0.34890580, 0.34943807, 0.34932679, 0.34929973, 0.34929612, 0.42519480
0.25468695, 1.0000000, 0.63292366, 3.5588500, 8.7207355, 9.6181231, 9.7879238, 9.8497591, 9.8977346, 19.881569, 19.863781, 19.859711, 19.859222, 0.28558850, 0.33720735, 0.34618121, 0.34787923, 0.34849760, 0.34897736, 0.34940785, 0.34931892, 0.34929854, 0.34929612, 0.63292366
0.24028260, 1.0000000, 0.58073401, 2.7187018, 8.4142904, 9.5591402, 9.7612123, 9.8361168, 9.8905830, 19.875849, 19.862410, 19.859505, 19.859205, 0.27718702, 0.33414289, 0.34559140, 0.34761211, 0.34836116, 0.34890583, 0.34937924, 0.34931204, 0.34929752, 0.34929603, 0.58073401
0.22519404, 1.0000000, 0.52606529, 2.3472905, 7.2102475, 9.5625124, 9.7557878, 9.8319807, 9.8871222, 19.871794, 19.861509, 19.859442, 19.859200, 0.27347264, 0.32210198, 0.34562480, 0.34755781, 0.34831977, 0.34887123, 0.34935898, 0.34930754, 0.34929723, 0.34929600, 0.52606529
0.21336494, 1.0000000, 0.48320630, 2.0643115, 6.2414894, 9.5897112, 9.7621489, 9.8341160, 9.8859282, 19.868448, 19.860798, 19.859394, 19.859194, 0.27063677, 0.31240338, 0.34588826, 0.34761971, 0.34834027, 0.34885898, 0.34934223, 0.34930399, 0.34929699, 0.34929597, 0.48320630
0.21119522, 1.0000000, 0.47534499, 2.0450234, 5.9373226, 9.7233725, 9.8093843, 9.8584976, 9.8930845, 19.866253, 19.860397, 19.859394, 19.859194, 0.27044711, 0.30936781, 0.34722927, 0.34809294, 0.34858453, 0.34893069, 0.34933126, 0.34930199, 0.34929699, 0.34929597, 0.47534499
0.20959623, 1.0000000, 0.46955156, 2.0249338, 5.7501159, 9.7717314, 9.8356686, 9.8724766, 9.8968229, 19.864569, 19.860115, 19.859394, 19.859194, 0.27024621, 0.30749583, 0.34771279, 0.34835577, 0.34872434, 0.34896809, 0.34932286, 0.34930056, 0.34929699, 0.34929597, 0.46955156
0.20665742, 1.0000000, 0.45890367, 1.9625574, 5.5065727, 9.7558289, 9.8416529, 9.8757191, 9.8969984, 19.863274, 19.859921, 19.859394, 19.859194, 0.26962188, 0.30505949, 0.34755278, 0.34841543, 0.34875664, 0.34896982, 0.34931636, 0.34929961, 0.34929699, 0.34929597, 0.45890367
0.19524446, 1.0000000, 0.41755235, 1.6741157, 4.6954217, 9.5955772, 9.7920609, 9.8497772, 9.8874369, 19.862005, 19.859720, 19.859354, 19.859180, 0.26673767, 0.29694837, 0.34594983, 0.34791937, 0.34849715, 0.34887415, 0.34931004, 0.34929860, 0.34929678, 0.34929591, 0.41755235
0.18273243, 1.0000000, 0.37221894, 1.3874441, 3.6952651, 9.5414658, 9.7562656, 9.8295736, 9.8798752, 19.860975, 19.859537, 19.859324, 19.859175, 0.26386783, 0.28694206, 0.34540102, 0.34755987, 0.34829435, 0.34879827, 0.34930488, 0.34929770, 0.34929663, 0.34929588, 0.37221894
0.17218032, 1.0000000, 0.33398664, 1.1445791, 2.9653430, 9.2727194, 9.7378521, 9.8181581, 9.8753366, 19.860279, 19.859444, 19.859301, 19.859169, 0.26143306, 0.27963364, 0.34269625, 0.34737203, 0.34817830, 0.34875226, 0.34930140, 0.34929723, 0.34929651, 0.34929585, 0.33398664
0.16450208, 1.0000000, 0.30616701, 0.95323920, 2.6737750, 8.6411295, 9.7312870, 9.8134384, 9.8732738, 19.859875, 19.859396, 19.859289, 19.859163, 0.25952014, 0.27671716, 0.33637801, 0.34730536, 0.34813061, 0.34873146, 0.34929937, 0.34929699, 0.34929645, 0.34929582, 0.30616701
0.15737557, 0.93439412, 0.28034627, 0.79400837, 2.3969769, 8.0020027, 9.7230482, 9.8083925, 9.8713236, 19.859764, 19.859396, 19.859289, 19.859163, 0.25793281, 0.27395660, 0.32999802, 0.34722516, 0.34808123, 0.34871233, 0.34929883, 0.34929699, 0.34929645, 0.34929582, 0.28034627
0.15002514, 0.84562975, 0.25371429, 0.64120591, 2.1097393, 7.3115754, 9.7081633, 9.7997417, 9.8680849, 19.859764, 19.859396, 19.859289, 19.859163, 0.25640780, 0.27108896, 0.32310116, 0.34707776, 0.34799546, 0.34868020, 0.34929883, 0.34929699, 0.34929645, 0.34929582, 0.25371429
0.14344850, 0.76620948, 0.22988583, 0.51684082, 1.8549263, 6.6458006, 9.7011633, 9.7952461, 9.8662605, 19.859764, 19.859396, 19.859289, 19.859163, 0.25516725, 0.26854676, 0.31645355, 0.34701031, 0.34795180, 0.34866241, 0.34929883, 0.34929699, 0.34929645, 0.34929582, 0.22988583
0.17678043, 1.0000000, 0.35065368, 2.5242476, 2.7056456, 6.2928228, 9.7466240, 9.8194904, 9.8746719, 19.859764, 19.859396, 19.859289, 19.859163, 0.27523917, 0.27705434, 0.31292576, 0.34746546, 0.34819451, 0.34874660, 0.34929883, 0.34929699, 0.34929645, 0.34929582, 0.35065368
0.20614330, 1.0000000, 0.45704094, 2.6718736, 4.4413390, 9.4066944, 9.7976093, 9.8476553, 9.8846235, 19.859764, 19.859396, 19.859289, 19.859163, 0.27671874, 0.29441339, 0.34406695, 0.34797609, 0.34847656, 0.34884623, 0.34929883, 0.34929699, 0.34929645, 0.34929582, 0.45704094
0.19681807, 1.0000000, 0.42325383, 2.4232001, 3.6374903, 9.5934019, 9.7876740, 9.8440313, 9.8836899, 19.859764, 19.859396, 19.859289, 19.859163, 0.27423170, 0.28637463, 0.34593368, 0.34787664, 0.34844029, 0.34883690, 0.34929883, 0.34929699, 0.34929645, 0.34929582, 0.42325383
0.18668671, 1.0000000, 0.38654605, 2.1164119, 2.9953957, 9.4606457, 9.7678871, 9.8340445, 9.8804283, 19.859764, 19.859396, 19.859289, 19.859163, 0.27115986, 0.27995035, 0.34460077, 0.34767771, 0.34833986, 0.34880409, 0.34929883, 0.34929699, 0.34929645, 0.34929582, 0.38654605
0.17782575, 1.0000000, 0.35444114, 1.8084884, 2.7268262, 8.8857756, 9.7501011, 9.8242760, 9.8770895, 19.859764, 19.859396, 19.859289, 19.859163, 0.26808488, 0.27726826, 0.33885777, 0.34750101, 0.34824276, 0.34877089, 0.34929883, 0.34929699, 0.34929645, 0.34929582, 0.35444114
0.17063907, 1.0000000, 0.32840240, 1.5730441, 2.5085778, 8.3717575, 9.7480526, 9.8226995, 9.8764887, 19.859764, 19.859396, 19.859289, 19.859163, 0.26573044, 0.27508578, 0.33371758, 0.34748054, 0.34822699, 0.34876490, 0.34929883, 0.34929699, 0.34929645, 0.34929582, 0.32840240
0.16384628, 1.0000000, 0.30379087, 1.3607115, 2.3001761, 7.8608589, 9.7455120, 9.8210573, 9.8758545, 19.859764, 19.859396, 19.859289, 19.859163, 0.26360074, 0.27299529, 0.32859752, 0.34745237, 0.34820920, 0.34875807, 0.34929883, 0.34929699, 0.34929645, 0.34929582, 0.30379087
0.15810370, 0.94318700, 0.28298441, 1.1899859, 2.1228552, 7.3979225, 9.7476578, 9.8221121, 9.8761892, 19.859764, 19.859396, 19.859289, 19.859163, 0.26189238, 0.27122056, 0.32396531, 0.34747291, 0.34821928, 0.34876126, 0.34929883, 0.34929699, 0.34929645, 0.34929582, 0.28298441
0.15219265, 0.87180477, 0.26156759, 1.0199606, 1.9359648, 6.9080353, 9.7407684, 9.8183994, 9.8748960, 19.859764, 19.859396, 19.859289, 19.859163, 0.26019812, 0.26935798, 0.31907734, 0.34740686, 0.34818357, 0.34874880, 0.34929883, 0.34929699, 0.34929645, 0.34929582, 0.26156759
0.14593583, 0.79624683, 0.23889795, 0.84952414, 1.7356277, 6.3705254, 9.7267094, 9.8105841, 9.8721104, 19.859764, 19.859396, 19.859289, 19.859163, 0.25849223, 0.26735258, 0.31369850, 0.34726503, 0.34810480, 0.34872073, 0.34929883, 0.34929699, 0.34929645, 0.34929582, 0.23889795
0.13986638, 0.72295147, 0.21690714, 0.69583952, 1.5405357, 5.8130817, 9.7148285, 9.8035927, 9.8695011, 19.859764, 19.859396, 19.859289, 19.859163, 0.25695214, 0.26539704, 0.30811512, 0.34714305, 0.34803328, 0.34869412, 0.34929883, 0.34929699, 0.34929645, 0.34929582, 0.21690714
0.13384956, 0.65029186, 0.19510707, 0.55467486, 1.3453931, 5.2248960, 9.6997776, 9.7947874, 9.8661852, 19.859764, 19.859396, 19.859289, 19.859163, 0.25554058, 0.26344493, 0.30223149, 0.34699130, 0.34794459, 0.34866074, 0.34929883, 0.34929699, 0.34929645, 0.34929582, 0.19510707
0.12795436, 0.57910115, 0.17374772, 0.42925775, 1.1544317, 4.6081405, 9.6837358, 9.7851896, 9.8624716, 19.859764, 19.859396, 19.859289, 19.859163, 0.25428399, 0.26153046, 0.29605374, 0.34682572, 0.34784603, 0.34862274, 0.34929883, 0.34929699, 0.34929645, 0.34929582, 0.17374772
0.12325441, 0.52234399, 0.15671887, 0.34022033, 1.0060191, 4.0627785, 9.6865530, 9.7859840, 9.8624449, 19.859728, 19.859390, 19.859289, 19.859163, 0.25339705, 0.26005104, 0.29060933, 0.34685674, 0.34785539, 0.34862295, 0.34929866, 0.34929696, 0.34929645, 0.34929582, 0.15671887
0.11883691, 0.46899790, 0.14071344, 0.26371777, 0.86638629, 3.5297432, 9.6800280, 9.7822142, 9.8609619, 19.859680, 19.859385, 19.859289, 19.859163, 0.25263414, 0.25865787, 0.28528520, 0.34679356, 0.34781873, 0.34860849, 0.34929842, 0.34929693, 0.34929645, 0.34929582, 0.14071344
0.11478227, 0.42003375, 0.12602273, 0.20212829, 0.73994696, 3.0104127, 9.6719027, 9.7774544, 9.8591223, 19.859669, 19.859385, 19.859289, 19.859163, 0.25201872, 0.25739384, 0.28009266, 0.34671164, 0.34777081, 0.34858996, 0.34929836, 0.34929693, 0.34929645, 0.34929582, 0.12602273
0.11200880, 0.38654098, 0.11597389, 0.15337467, 0.63138604, 2.7734847, 9.4103470, 9.7758379, 9.8583193, 19.859632, 19.859371, 19.859289, 19.859163, 0.25153089, 0.25630683, 0.27771938, 0.34409297, 0.34775293, 0.34858137, 0.34929818, 0.34929687, 0.34929645, 0.34929582, 0.11597389
0.11011619, 0.36368576, 0.10911664, 0.12458861, 0.55758059, 2.6067762, 9.1769781, 9.7861013, 9.8619452, 19.859632, 19.859371, 19.859289, 19.859163, 0.25124246, 0.25556660, 0.27604625, 0.34175465, 0.34785295, 0.34861675, 0.34929818, 0.34929687, 0.34929645, 0.34929582, 0.10911664
0.12026758, 0.48627484, 0.14589705, 0.91114938, 0.52427053, 2.5278358, 9.0235653, 9.8107557, 9.8709936, 19.859632, 19.859371, 19.859289, 19.859163, 0.25910771, 0.25524139, 0.27527523, 0.34023342, 0.34810632, 0.34870952, 0.34929818, 0.34929687, 0.34929645, 0.34929582, 0.14589705
0.12401307, 0.53150558, 0.15946762, 1.2961775, 0.45030713, 2.3436456, 8.7911224, 9.7926331, 9.8650293, 19.859632, 19.859371, 19.859289, 19.859163, 0.26296178, 0.25450307, 0.27343646, 0.33791122, 0.34792632, 0.34865028, 0.34929818, 0.34929687, 0.34929645, 0.34929582, 0.15946762
0.12190379, 0.50603378, 0.15182532, 1.1839539, 0.42654872, 2.2811234, 8.6522741, 9.8168755, 9.8735695, 19.859632, 19.859371, 19.859289, 19.859163, 0.26183885, 0.25426534, 0.27281082, 0.33652246, 0.34816858, 0.34873563, 0.34929818, 0.34929687, 0.34929645, 0.34929582, 0.15182532
0.11705944, 0.44753301, 0.13427334, 0.92885196, 0.36907196, 2.1225572, 8.4369116, 9.7981672, 9.8672791, 19.859632, 19.859371, 19.859289, 19.859163, 0.25928545, 0.25368997, 0.27122346, 0.33436745, 0.34798068, 0.34867248, 0.34929818, 0.34929687, 0.34929645, 0.34929582, 0.13427334
0.11231650, 0.39025691, 0.11708878, 0.69045424, 0.30937791, 1.9444257, 8.1807547, 9.7788792, 9.8601398, 19.859632, 19.859371, 19.859289, 19.859163, 0.25690150, 0.25309297, 0.26944169, 0.33180541, 0.34778750, 0.34860095, 0.34929818, 0.34929687, 0.34929645, 0.34929582, 0.11708878
0.10679949, 0.32363299, 0.97099610E-1, 0.43294132, 0.23470819, 1.6959488, 7.8134985, 9.7427845, 9.8458986, 19.859632, 19.859371, 19.859289, 19.859163, 0.25432873, 0.25234687, 0.26695868, 0.32813424, 0.34742737, 0.34845883, 0.34929818, 0.34929687, 0.34929645, 0.34929582, 0.97099610E-1
0.10533724, 0.30597472, 0.91801599E-1, 0.37234128, 0.21449029, 1.6214699, 7.6091886, 9.7822609, 9.8596048, 19.859632, 19.859371, 19.859289, 19.859163, 0.25372306, 0.25214478, 0.26621425, 0.32609147, 0.34782234, 0.34859595, 0.34929818, 0.34929687, 0.34929645, 0.34929582, 0.91801599E-1
0.11065894, 0.37023997, 0.11108311, 0.84436834, 0.17593801, 1.4694691, 7.3327012, 9.7662115, 9.8542614, 19.859632, 19.859371, 19.859289, 19.859163, 0.25843897, 0.25175878, 0.26469222, 0.32332456, 0.34766048, 0.34854209, 0.34929818, 0.34929687, 0.34929645, 0.34929582, 0.11108311
0.15022773, 0.84807616, 0.25444829, 2.3493886, 2.4966717, 1.4060706, 7.1514440, 9.7935686, 9.8641615, 19.859587, 19.859360, 19.859276, 19.859163, 0.27348161, 0.27495888, 0.26405850, 0.32151219, 0.34793416, 0.34864110, 0.34929794, 0.34929681, 0.34929639, 0.34929582, 0.25444829
0.14105339, 0.73728597, 0.22120792, 1.8992484, 2.2000642, 1.3193578, 6.9581528, 9.7926416, 9.8643923, 19.859480, 19.859331, 19.859270, 19.859163, 0.26898682, 0.27199671, 0.26319239, 0.31958029, 0.34792554, 0.34864363, 0.34929740, 0.34929666, 0.34929636, 0.34929582, 0.22120792
0.14119069, 0.73894405, 0.22170539, 2.1252303, 1.9068301, 1.2279958, 6.7518468, 9.7873745, 9.8626671, 19.859396, 19.859308, 19.859264, 19.859163, 0.27124527, 0.26906452, 0.26227874, 0.31751713, 0.34787276, 0.34862635, 0.34929699, 0.34929654, 0.34929633, 0.34929582, 0.22170539
0.13274327, 0.63693219, 0.19109878, 1.6936988, 1.6652822, 1.1478961, 6.5512404, 9.7870235, 9.8625650, 19.859396, 19.859308, 19.859264, 19.859163, 0.26693299, 0.26665047, 0.26147816, 0.31551149, 0.34786955, 0.34862542, 0.34929699, 0.34929654, 0.34929633, 0.34929582, 0.19109878
0.12553890, 0.54993165, 0.16499600, 1.3377398, 1.4490366, 1.0689467, 6.3528886, 9.7872925, 9.8624220, 19.859066, 19.859226, 19.859240, 19.859163, 0.26336837, 0.26448449, 0.26068729, 0.31352633, 0.34787092, 0.34862357, 0.34929532, 0.34929612, 0.34929621, 0.34929582, 0.16499600
0.12023477, 0.48587868, 0.14577818, 1.0844469, 1.2806684, 1.0041088, 6.1698666, 9.7915411, 9.8639317, 19.858900, 19.859179, 19.859228, 19.859163, 0.26083735, 0.26280165, 0.26003912, 0.31169623, 0.34791347, 0.34863865, 0.34929448, 0.34929588, 0.34929615, 0.34929582, 0.14577818
0.11488345, 0.42125562, 0.12638932, 0.83473921, 1.1068881, 0.93097091, 5.9808869, 9.7903786, 9.8631763, 19.858370, 19.859018, 19.859188, 19.859158, 0.25833765, 0.26106113, 0.25930646, 0.30980471, 0.34790036, 0.34863061, 0.34929186, 0.34929508, 0.34929594, 0.34929579, 0.12638932
0.11022516, 0.36500162, 0.10951144, 0.62581599, 0.94711483, 0.85949302, 5.7878761, 9.7870884, 9.8617668, 19.858004, 19.858900, 19.859146, 19.859152, 0.25625113, 0.25946477, 0.25859204, 0.30787486, 0.34786758, 0.34861657, 0.34929001, 0.34929448, 0.34929574, 0.34929577, 0.10951144
0.10616172, 0.31593120, 0.94788842E-1, 0.45352578, 0.79887211, 0.78875721, 5.5853348, 9.7810526, 9.8594255, 19.857815, 19.858847, 19.859112, 19.859152, 0.25453070, 0.25798392, 0.25788519, 0.30584997, 0.34780759, 0.34859326, 0.34928906, 0.34929425, 0.34929556, 0.34929577, 0.94788842E-1
0.10287273, 0.27621308, 0.82872212E-1, 0.32212734, 0.67336857, 0.72438717, 5.3833528, 9.7789192, 9.8584595, 19.857685, 19.858757, 19.859077, 19.859152, 0.25321651, 0.25672773, 0.25724065, 0.30382878, 0.34778488, 0.34858313, 0.34928843, 0.34929377, 0.34929538, 0.34929577, 0.82872212E-1
0.10031108, 0.24527833, 0.73590860E-1, 0.22475421, 0.57273209, 0.66912770, 5.1924448, 9.7821531, 9.8595057, 19.857578, 19.858709, 19.859047, 19.859152, 0.25224355, 0.25572124, 0.25668773, 0.30191892, 0.34781632, 0.34859329, 0.34928790, 0.34929353, 0.34929523, 0.34929577, 0.73590860E-1
0.97709060E-1, 0.21385612, 0.64163253E-1, 0.12570024, 0.47168434, 0.61039627, 4.9992542, 9.7812366, 9.8589582, 19.857265, 19.858604, 19.858999, 19.859144, 0.25125518, 0.25471276, 0.25610131, 0.29998818, 0.34780809, 0.34858817, 0.34928632, 0.34929302, 0.34929499, 0.34929574, 0.64163253E-1
0.95114917E-1, 0.18252903, 0.54764185E-1, 0.31578541E-1, 0.36841929, 0.54606199, 4.7916341, 9.7734690, 9.8558159, 19.856823, 19.858498, 19.858948, 19.859121, 0.25031522, 0.25368029, 0.25545773, 0.29791126, 0.34772950, 0.34855643, 0.34928411, 0.34929249, 0.34929472, 0.34929562, 0.54764185E-1
0.93452245E-1, 0.16245049, 0.48740022E-1, 0.0000000, 0.27645826, 0.48137009, 4.5594153, 9.7592459, 9.8503132, 19.856634, 19.858438, 19.858948, 19.859110, 0.24999535, 0.25276133, 0.25481087, 0.29558879, 0.34758675, 0.34850121, 0.34928316, 0.34929219, 0.34929472, 0.34929556, 0.48740022E-1
0.92448607E-1, 0.15033042, 0.45103639E-1, 0.0000000, 0.20786226, 0.42542815, 4.3161278, 9.7509537, 9.8468962, 19.856728, 19.858450, 19.858948, 19.859110, 0.24999535, 0.25207648, 0.25425208, 0.29315683, 0.34750453, 0.34846726, 0.34928364, 0.34929225, 0.34929472, 0.34929556, 0.45103639E-1
0.91321953E-1, 0.13672487, 0.41021563E-1, 0.0000000, 0.13514161, 0.35920441, 4.0281506, 9.7283754, 9.8378057, 19.856632, 19.858416, 19.858948, 19.859098, 0.24999535, 0.25134885, 0.25358862, 0.29027385, 0.34727451, 0.34837493, 0.34928316, 0.34929207, 0.34929472, 0.34929550, 0.41021563E-1
0.90734959E-1, 0.12963627, 0.38894773E-1, 0.0000000, 0.10494590, 0.32382011, 3.7868831, 9.7458820, 9.8439722, 19.856987, 19.858503, 19.858948, 19.859098, 0.24999535, 0.25104773, 0.25323555, 0.28786260, 0.34745082, 0.34843704, 0.34928495, 0.34929252, 0.34929472, 0.34929550, 0.38894773E-1
0.90216763E-1, 0.12337854, 0.37017263E-1, 0.0000000, 0.83965063E-1, 0.28980970, 3.5425258, 9.7419081, 9.8429918, 19.857460, 19.858566, 19.858948, 19.859098, 0.24999535, 0.25083828, 0.25289571, 0.28541943, 0.34741107, 0.34842724, 0.34928730, 0.34929281, 0.34929472, 0.34929550, 0.37017263E-1
0.89642219E-1, 0.11644030, 0.34935582E-1, 0.0000000, 0.61535835E-1, 0.25188625, 3.2710752, 9.7273273, 9.8373842, 19.857729, 19.858566, 19.858948, 19.859098, 0.24999535, 0.25061405, 0.25251621, 0.28270385, 0.34726301, 0.34837037, 0.34928864, 0.34929281, 0.34929472, 0.34929550, 0.34935582E-1
0.89217827E-1, 0.11131527, 0.33397920E-1, 0.0000000, 0.48771501E-1, 0.22440851, 3.0189214, 9.7319956, 9.8389473, 19.858011, 19.858566, 19.858948, 19.859098, 0.24999535, 0.25048715, 0.25224280, 0.28018576, 0.34731439, 0.34838760, 0.34929007, 0.34929281, 0.34929472, 0.34929550, 0.33397920E-1
0.10820143, 0.34056291, 0.10217910, 1.3801008, 0.47606230E-1, 0.22173524, 2.9907823, 9.6884508, 9.8636885, 19.858164, 19.858566, 19.858948, 19.859098, 0.26379773, 0.25047600, 0.25221720, 0.27990741, 0.34688383, 0.34863666, 0.34929082, 0.34929281, 0.34929472, 0.34929550, 0.10217910
0.11078595, 0.37177372, 0.11154327, 1.5687048, 0.47397614E-1, 0.22123754, 2.9894233, 9.6465912, 9.8785019, 19.858292, 19.858566, 19.858948, 19.859098, 0.26568514, 0.25047395, 0.25221229, 0.27989402, 0.34646556, 0.34878489, 0.34929144, 0.34929281, 0.34929472, 0.34929550, 0.11154327
0.11586504, 0.43310928, 0.12994578, 1.9384623, 0.46959519E-1, 0.22020340, 2.9866486, 9.6089563, 9.8860159, 19.858292, 19.858566, 19.858948, 19.859098, 0.26938355, 0.25046957, 0.25220200, 0.27986640, 0.34608942, 0.34886009, 0.34929144, 0.34929281, 0.34929472, 0.34929550, 0.12994578
0.11506924, 0.42349917, 0.12706245, 1.8839329, 0.46160817E-1, 0.21832585, 2.9815555, 9.5705109, 9.8893452, 19.858292, 19.858566, 19.858948, 19.859098, 0.26883176, 0.25046149, 0.25218299, 0.27981484, 0.34570393, 0.34889308, 0.34929144, 0.34929281, 0.34929472, 0.34929550, 0.12706245
0.11438605, 0.41524899, 0.12458716, 1.8368155, 0.45460463E-1, 0.21667182, 2.9770255, 9.5344553, 9.8915453, 19.858292, 19.858566, 19.858948, 19.859098, 0.26835921, 0.25045449, 0.25216639, 0.27976939, 0.34534314, 0.34891498, 0.34929144, 0.34929281, 0.34929472, 0.34929550, 0.12458716
0.11340992, 0.40346116, 0.12105045, 1.7688483, 0.44444203E-1, 0.21424592, 2.9703081, 9.4955635, 9.8918724, 19.858292, 19.858566, 19.858948, 19.859098, 0.26768088, 0.25044432, 0.25214219, 0.27970231, 0.34495440, 0.34891832, 0.34929144, 0.34929281, 0.34929472, 0.34929550, 0.12105045
0.11236088, 0.39079285, 0.11724958, 1.6961753, 0.43350458E-1, 0.21156371, 2.9628487, 9.4555387, 9.8917475, 19.858292, 19.858566, 19.858948, 19.859098, 0.26695189, 0.25043336, 0.25211528, 0.27962744, 0.34455374, 0.34891692, 0.34929144, 0.34929281, 0.34929472, 0.34929550, 0.11724958
0.11085235, 0.37257570, 0.11178389, 1.5918344, 0.41732192E-1, 0.20758510, 2.9516129, 9.4089823, 9.8900118, 19.858292, 19.858566, 19.858948, 19.859098, 0.26590154, 0.25041705, 0.25207520, 0.27951425, 0.34408683, 0.34889907, 0.34929144, 0.34929281, 0.34929472, 0.34929550, 0.11178389
0.10702097, 0.32630759, 0.97902074E-1, 1.3383806, 0.18706918E-1, 0.18852055, 2.9207289, 9.3340397, 9.8815622, 19.857897, 19.858503, 19.858923, 19.859087, 0.26336250, 0.25018689, 0.25188431, 0.27920449, 0.34333593, 0.34881404, 0.34928948, 0.34929252, 0.34929460, 0.34929544, 0.97902074E-1
0.10529356, 0.30544731, 0.91643356E-1, 1.2195975, 0.15515089E-1, 0.18239319, 2.9045372, 9.2751684, 9.8820381, 19.858040, 19.858566, 19.858923, 19.859087, 0.26217562, 0.25015500, 0.25182301, 0.27904245, 0.34274703, 0.34881875, 0.34929019, 0.34929281, 0.34929460, 0.34929544, 0.91643356E-1
0.10335536, 0.28204131, 0.84620856E-1, 1.0849327, 0.12421608E-1, 0.17524362, 2.8843999, 9.2095661, 9.8806486, 19.858141, 19.858566, 19.858923, 19.859087, 0.26084259, 0.25012416, 0.25175211, 0.27884293, 0.34209394, 0.34880587, 0.34929070, 0.34929281, 0.34929460, 0.34929544, 0.84620856E-1
0.10458647, 0.29690826, 0.89081392E-1, 1.1795372, 0.11786819E-1, 0.17075539, 2.8694808, 9.1518602, 9.8818817, 19.858282, 19.858566, 19.858923, 19.859087, 0.26177841, 0.25011778, 0.25170681, 0.27869233, 0.34151465, 0.34881738, 0.34929141, 0.34929281, 0.34929460, 0.34929544, 0.89081392E-1
0.10353100, 0.28416231, 0.85257225E-1, 1.1060268, 0.11342764E-1, 0.16749203, 2.8584480, 9.1013880, 9.8843155, 19.858292, 19.858566, 19.858923, 19.859087, 0.26104745, 0.25011334, 0.25167432, 0.27858248, 0.34101072, 0.34884202, 0.34929144, 0.34929281, 0.34929460, 0.34929544, 0.85257225E-1
0.10268828, 0.27398565, 0.82203917E-1, 1.0470361, 0.10967255E-1, 0.16475916, 2.8490901, 9.0549164, 9.8864031, 19.858292, 19.858566, 19.858923, 19.859087, 0.26046628, 0.25010964, 0.25164741, 0.27849025, 0.34054813, 0.34886363, 0.34929144, 0.34929281, 0.34929460, 0.34929544, 0.82203917E-1
0.99843219E-1, 0.23962845, 0.71895726E-1, 0.84944367, 0.96797943E-2, 0.15484989, 2.8140903, 8.9652376, 9.8760023, 19.858292, 19.858566, 19.858923, 19.859087, 0.25849104, 0.25009677, 0.25154832, 0.27814022, 0.33965129, 0.34875962, 0.34929144, 0.34929281, 0.34929460, 0.34929544, 0.71895726E-1
0.95223397E-1, 0.18383910, 0.55157244E-1, 0.53396225, 0.43421984E-2, 0.13378561, 2.7394652, 8.8019133, 9.8531637, 19.858276, 19.858566, 19.858923, 19.859087, 0.25533476, 0.25004339, 0.25133750, 0.27739316, 0.33801672, 0.34853074, 0.34929138, 0.34929281, 0.34929460, 0.34929544, 0.55157244E-1
0.91313787E-1, 0.13662627, 0.40991981E-1, 0.27372539, 0.0000000, 0.10712445, 2.6408195, 8.5840645, 9.8314228, 19.858118, 19.858566, 19.858923, 19.859087, 0.25273445, 0.24999849, 0.25107092, 0.27640659, 0.33583802, 0.34831321, 0.34929058, 0.34929281, 0.34929460, 0.34929544, 0.40991981E-1
0.88275336E-1, 0.99933706E-1, 0.29983111E-1, 0.76106191E-1, 0.0000000, 0.61553717E-1, 2.5726347, 8.4284687, 9.8372374, 19.856644, 19.858215, 19.858828, 19.859058, 0.25075728, 0.24999849, 0.25061461, 0.27571869, 0.33427215, 0.34836748, 0.34928322, 0.34929109, 0.34929413, 0.34929529, 0.29983111E-1
0.86859062E-1, 0.82830653E-1, 0.24851682E-1, 0.0000000, 0.0000000, 0.85204840E-2, 2.4830699, 8.2418289, 9.8310461, 19.855068, 19.857866, 19.858751, 19.859016, 0.24998845, 0.24999849, 0.25008512, 0.27482474, 0.33240840, 0.34830654, 0.34927535, 0.34928933, 0.34929377, 0.34929508, 0.24851682E-1
0.86684741E-1, 0.80725528E-1, 0.24220081E-1, 0.0000000, 0.0000000, 0.0000000, 2.4088173, 8.0536060, 9.8279352, 19.855547, 19.858036, 19.858757, 19.859011, 0.24998845, 0.24999849, 0.24999946, 0.27408689, 0.33053392, 0.34827849, 0.34927773, 0.34929019, 0.34929377, 0.34929505, 0.24220081E-1
0.86510234E-1, 0.78618191E-1, 0.23587817E-1, 0.0000000, 0.0000000, 0.0000000, 2.3131223, 7.8278694, 9.8185930, 19.855442, 19.858061, 19.858757, 19.858997, 0.24998845, 0.24999849, 0.24999946, 0.27312672, 0.32827109, 0.34818274, 0.34927720, 0.34929031, 0.34929377, 0.34929499, 0.23587817E-1
0.86298771E-1, 0.76064490E-1, 0.22821629E-1, 0.0000000, 0.0000000, 0.0000000, 2.1988897, 7.5502081, 9.8035679, 19.855762, 19.858171, 19.858757, 19.858992, 0.24998845, 0.24999849, 0.24999946, 0.27198529, 0.32549593, 0.34803301, 0.34927881, 0.34929085, 0.34929377, 0.34929496, 0.22821629E-1
0.86102292E-1, 0.73691800E-1, 0.22109751E-1, 0.0000000, 0.0000000, 0.0000000, 2.0963283, 7.2810464, 9.8003979, 19.856138, 19.858219, 19.858757, 19.858986, 0.24998845, 0.24999849, 0.24999946, 0.27096161, 0.32280755, 0.34800267, 0.34928069, 0.34929109, 0.34929377, 0.34929493, 0.22109751E-1
0.85864633E-1, 0.70821822E-1, 0.21248672E-1, 0.0000000, 0.0000000, 0.0000000, 1.9700646, 6.9641538, 9.7873440, 19.855986, 19.858183, 19.858709, 19.858974, 0.24998845, 0.24999849, 0.24999946, 0.26969829, 0.31963739, 0.34787151, 0.34927994, 0.34929091, 0.34929353, 0.34929487, 0.21248672E-1
0.85683122E-1, 0.68629853E-1, 0.20591015E-1, 0.0000000, 0.0000000, 0.0000000, 1.8767536, 6.7086358, 9.7964735, 19.855595, 19.858061, 19.858704, 19.858955, 0.24998845, 0.24999849, 0.24999946, 0.26876682, 0.31708509, 0.34796411, 0.34927797, 0.34929031, 0.34929353, 0.34929478, 0.20591015E-1
0.85502222E-1, 0.66445366E-1, 0.19935604E-1, 0.0000000, 0.0000000, 0.0000000, 1.7832220, 6.4581575, 9.7986565, 19.855135, 19.857965, 19.858662, 19.858940, 0.24998845, 0.24999849, 0.24999946, 0.26783121, 0.31457973, 0.34798566, 0.34927568, 0.34928983, 0.34929329, 0.34929469, 0.19935604E-1
0.85296661E-1, 0.63962996E-1, 0.19190818E-1, 0.0000000, 0.0000000, 0.0000000, 1.6759962, 6.1798954, 9.7897587, 19.854551, 19.857777, 19.858578, 19.858923, 0.24998845, 0.24999849, 0.24999946, 0.26675692, 0.31179339, 0.34789464, 0.34927276, 0.34928888, 0.34929287, 0.34929460, 0.19190818E-1
0.85177302E-1, 0.62521614E-1, 0.18758360E-1, 0.0000000, 0.0000000, 0.0000000, 1.6197771, 5.9956541, 9.8121777, 19.854614, 19.857788, 19.858566, 19.858923, 0.24998845, 0.24999849, 0.24999946, 0.26619691, 0.30995494, 0.34812090, 0.34927309, 0.34928894, 0.34929281, 0.34929460, 0.18758360E-1
0.85082889E-1, 0.61381403E-1, 0.18416263E-1, 0.0000000, 0.0000000, 0.0000000, 1.5771419, 5.8487549, 9.8266106, 19.854992, 19.857883, 19.858566, 19.858923, 0.24998845, 0.24999849, 0.24999946, 0.26576889, 0.30848283, 0.34826347, 0.34927496, 0.34928942, 0.34929281, 0.34929460, 0.18416263E-1
0.91986433E-1, 0.14474921, 0.43429106E-1, 0.50699115, 0.0000000, 0.0000000, 1.5285343, 5.7193661, 9.8358917, 19.854038, 19.857620, 19.858509, 19.858892, 0.25506932, 0.24999849, 0.24999946, 0.26528522, 0.30719346, 0.34835881, 0.34927019, 0.34928811, 0.34929255, 0.34929445, 0.43429106E-1
0.89392357E-1, 0.11342292, 0.34030277E-1, 0.32418370, 0.0000000, 0.0000000, 1.4973432, 5.6194363, 9.8479366, 19.854008, 19.857590, 19.858566, 19.858875, 0.25323719, 0.24999849, 0.24999946, 0.26497215, 0.30619195, 0.34847796, 0.34927005, 0.34928796, 0.34929281, 0.34929436, 0.34030277E-1
0.86865649E-1, 0.82910202E-1, 0.24875548E-1, 0.14694035, 0.0000000, 0.0000000, 1.4563829, 5.5045476, 9.8458529, 19.853937, 19.857553, 19.858561, 19.858875, 0.25146562, 0.24999849, 0.24999946, 0.26456156, 0.30504122, 0.34845600, 0.34926969, 0.34928778, 0.34929281, 0.34929436, 0.24875548E-1
0.85930891E-1, 0.71622007E-1, 0.21488752E-1, 0.83747506E-1, 0.0000000, 0.0000000, 1.4299840, 5.4050431, 9.8501825, 19.854649, 19.857748, 19.858566, 19.858875, 0.25083372, 0.24999849, 0.24999946, 0.26429600, 0.30404320, 0.34849742, 0.34927323, 0.34928873, 0.34929281, 0.34929436, 0.21488752E-1
0.84983207E-1, 0.60177661E-1, 0.18055104E-1, 0.21412969E-1, 0.0000000, 0.0000000, 1.3871342, 5.2735009, 9.8385067, 19.855118, 19.857893, 19.858566, 19.858875, 0.25021327, 0.24999849, 0.24999946, 0.26386803, 0.30272871, 0.34838116, 0.34927559, 0.34928948, 0.34929281, 0.34929436, 0.18055104E-1
0.84573209E-1, 0.55226486E-1, 0.16569603E-1, 0.0000000, 0.0000000, 0.0000000, 1.3325304, 5.1069641, 9.8247604, 19.855452, 19.858000, 19.858566, 19.858875, 0.24998866, 0.24999849, 0.24999946, 0.26332405, 0.30106723, 0.34824604, 0.34927726, 0.34929001, 0.34929281, 0.34929436, 0.16569603E-1
0.84491052E-1, 0.54234356E-1, 0.16271934E-1, 0.0000000, 0.0000000, 0.0000000, 1.2958527, 4.9792829, 9.8340511, 19.855452, 19.857977, 19.858566, 19.858875, 0.24998866, 0.24999849, 0.24999946, 0.26295611, 0.29978818, 0.34833744, 0.34927726, 0.34928989, 0.34929281, 0.34929436, 0.16271934E-1
0.84422603E-1, 0.53407732E-1, 0.16023923E-1, 0.0000000, 0.0000000, 0.0000000, 1.2650877, 4.8726182, 9.8425398, 19.855347, 19.857929, 19.858566, 19.858875, 0.24998866, 0.24999849, 0.24999946, 0.26264852, 0.29872164, 0.34842235, 0.34927672, 0.34928966, 0.34929281, 0.34929436, 0.16023923E-1
0.84264830E-1, 0.51502507E-1, 0.15452297E-1, 0.0000000, 0.0000000, 0.0000000, 1.1798024, 4.6726432, 9.8107538, 19.853691, 19.857504, 19.858467, 19.858839, 0.24998866, 0.24999849, 0.24999946, 0.26179585, 0.29672211, 0.34810451, 0.34926847, 0.34928751, 0.34929234, 0.34929419, 0.15452297E-1
0.84067143E-1, 0.49115207E-1, 0.14736036E-1, 0.0000000, 0.0000000, 0.0000000, 1.0782808, 4.4080329, 9.7806959, 19.852316, 19.857121, 19.858410, 19.858828, 0.24998866, 0.24999849, 0.24999946, 0.26078105, 0.29407671, 0.34780428, 0.34926158, 0.34928560, 0.34929204, 0.34929413, 0.14736036E-1
0.83835892E-1, 0.46322607E-1, 0.13898171E-1, 0.0000000, 0.0000000, 0.0000000, 0.96819997, 4.0775957, 9.7549314, 19.851715, 19.856960, 19.858398, 19.858828, 0.24998866, 0.24999849, 0.24999946, 0.25968158, 0.29077509, 0.34754863, 0.34925857, 0.34928480, 0.34929198, 0.34929413, 0.13898171E-1
0.83688945E-1, 0.44548076E-1, 0.13365760E-1, 0.0000000, 0.0000000, 0.0000000, 0.90979934, 3.8328321, 9.7762537, 19.852640, 19.857193, 19.858484, 19.858828, 0.24998866, 0.24999849, 0.24999946, 0.25909656, 0.28832528, 0.34775996, 0.34926319, 0.34928596, 0.34929243, 0.34929413, 0.13365760E-1
0.99748276E-1, 0.23848192, 0.71551733E-1, 1.1680812, 0.0000000, 0.0000000, 0.89169741, 3.7116480, 9.8234091, 19.853447, 19.857441, 19.858566, 19.858828, 0.26167950, 0.24999849, 0.24999946, 0.25891691, 0.28711635, 0.34823397, 0.34926724, 0.34928721, 0.34929281, 0.34929413, 0.71551733E-1
0.12837490, 0.58417946, 0.17527136, 2.6932299, 0.92000365, 0.0000000, 0.87792873, 3.6346121, 9.8503561, 19.853914, 19.857607, 19.858566, 19.858828, 0.27693209, 0.25920001, 0.24999946, 0.25877929, 0.28634614, 0.34850356, 0.34926957, 0.34928805, 0.34929281, 0.34929413, 0.17527136
0.12380134, 0.52894878, 0.15870051, 2.4145126, 0.83672106, 0.0000000, 0.86265206, 3.5718045, 9.8632269, 19.854090, 19.857634, 19.858566, 19.858828, 0.27414441, 0.25836706, 0.24999946, 0.25862649, 0.28571802, 0.34863225, 0.34927046, 0.34928817, 0.34929281, 0.34929413, 0.15870051
0.11920070, 0.47339106, 0.14203152, 2.1326036, 0.75545311, 0.0000000, 0.84818006, 3.5140586, 9.8692398, 19.854361, 19.857683, 19.858566, 19.858828, 0.27132383, 0.25755405, 0.24999946, 0.25848174, 0.28514045, 0.34869230, 0.34927180, 0.34928840, 0.34929281, 0.34929413, 0.14203152
0.11449769, 0.41659707, 0.12499163, 1.8672287, 0.63531995, 0.0000000, 0.82730651, 3.4469838, 9.8655939, 19.854366, 19.857670, 19.858566, 19.858828, 0.26866969, 0.25635266, 0.24999946, 0.25827301, 0.28446969, 0.34865579, 0.34927183, 0.34928834, 0.34929281, 0.34929413, 0.12499163
0.11019793, 0.36467287, 0.10941280, 1.6054928, 0.55658817, 0.0000000, 0.81137419, 3.3885114, 9.8695030, 19.854462, 19.857683, 19.858566, 19.858828, 0.26605296, 0.25556546, 0.24999946, 0.25811368, 0.28388500, 0.34869492, 0.34927231, 0.34928840, 0.34929281, 0.34929413, 0.10941280
0.10488177, 0.30047441, 0.90151340E-1, 1.2906581, 0.44579208, 0.0000000, 0.78606308, 3.3255351, 9.8691206, 19.853796, 19.857515, 19.858534, 19.858828, 0.26290014, 0.25445658, 0.24999946, 0.25786039, 0.28325483, 0.34869069, 0.34926897, 0.34928757, 0.34929267, 0.34929413, 0.90151340E-1
0.97233370E-1, 0.20811170, 0.62439755E-1, 0.84517598, 0.27278960, 0.0000000, 0.74270070, 3.2469833, 9.8616428, 19.851955, 19.857052, 19.858431, 19.858828, 0.25844604, 0.25272679, 0.24999946, 0.25742671, 0.28246918, 0.34861577, 0.34925979, 0.34928524, 0.34929216, 0.34929413, 0.62439755E-1
0.94018705E-1, 0.16929111, 0.50792411E-1, 0.66116750, 0.19623339, 0.0000000, 0.72229505, 3.1872950, 9.8679180, 19.852104, 19.857103, 19.858467, 19.858828, 0.25660545, 0.25196123, 0.24999946, 0.25722253, 0.28187206, 0.34867826, 0.34926051, 0.34928551, 0.34929234, 0.34929413, 0.50792411E-1
0.14566487, 0.79297453, 0.23791616, 2.3717821, 2.3076086, 2.1501184, 2.1981239, 4.2140193, 9.8756514, 19.852528, 19.857218, 19.858521, 19.858828, 0.27371696, 0.27307558, 0.27150095, 0.27198118, 0.29214013, 0.34875649, 0.34926265, 0.34928608, 0.34929261, 0.34929413, 0.23791616
0.16144545, 0.98354226, 0.29509220, 2.0640998, 2.1922259, 5.2587328, 9.3154097, 9.5703592, 9.8815279, 19.853167, 19.857407, 19.858566, 19.858828, 0.27064061, 0.27192202, 0.30258703, 0.34315401, 0.34570354, 0.34881523, 0.34926584, 0.34928703, 0.34929281, 0.34929413, 0.29509220
0.21276535, 1.0000000, 0.48103386, 2.4869490, 5.9822946, 8.5795326, 9.6445856, 9.7664766, 9.8838301, 19.853395, 19.857466, 19.858561, 19.858828, 0.27486941, 0.30982283, 0.33579525, 0.34644583, 0.34766477, 0.34883830, 0.34926698, 0.34928733, 0.34929281, 0.34929413, 0.48103386
0.19840539, 1.0000000, 0.42900494, 2.1587133, 4.3097892, 9.5324039, 9.7184200, 9.8085117, 9.8792467, 19.852507, 19.857233, 19.858498, 19.858828, 0.27158543, 0.29309586, 0.34532177, 0.34718376, 0.34808487, 0.34879237, 0.34926254, 0.34928617, 0.34929249, 0.34929413, 0.42900494
0.18843397, 1.0000000, 0.39287668, 1.8388659, 3.6017773, 9.5995855, 9.7470284, 9.8225889, 9.8762007, 19.851768, 19.857058, 19.858467, 19.858828, 0.26838621, 0.28601491, 0.34599203, 0.34746951, 0.34822550, 0.34876189, 0.34925884, 0.34928530, 0.34929234, 0.34929413, 0.39287668
0.17892209, 1.0000000, 0.35841337, 1.5266567, 2.9862375, 9.5717716, 9.7555285, 9.8255882, 9.8737822, 19.851278, 19.856922, 19.858456, 19.858828, 0.26526439, 0.27985981, 0.34571362, 0.34755445, 0.34825546, 0.34873769, 0.34925640, 0.34928462, 0.34929228, 0.34929413, 0.35841337
0.20639285, 1.0000000, 0.45794511, 2.9812515, 3.8343701, 9.6495075, 9.8012581, 9.8489637, 9.8815899, 19.852671, 19.857277, 19.858561, 19.858828, 0.27981147, 0.28834289, 0.34649408, 0.34801236, 0.34848955, 0.34881586, 0.34926337, 0.34928638, 0.34929281, 0.34929413, 0.45794511
0.20056649, 1.0000000, 0.43683505, 2.7765870, 3.4475961, 9.6967640, 9.8069181, 9.8522301, 9.8821135, 19.852829, 19.857325, 19.858555, 19.858828, 0.27776432, 0.28447479, 0.34696600, 0.34806886, 0.34852213, 0.34882107, 0.34926414, 0.34928662, 0.34929278, 0.34929413, 0.43683505
0.19748163, 1.0000000, 0.42565805, 2.6771247, 3.2114110, 9.7509680, 9.8241625, 9.8612747, 9.8852158, 19.853367, 19.857500, 19.858566, 19.858828, 0.27676988, 0.28211313, 0.34750819, 0.34824133, 0.34861261, 0.34885210, 0.34926683, 0.34928751, 0.34929281, 0.34929413, 0.42565805
0.19340149, 1.0000000, 0.41087496, 2.5211990, 2.9986529, 9.7100363, 9.8260918, 9.8624477, 9.8854618, 19.853514, 19.857529, 19.858561, 19.858828, 0.27521089, 0.27998576, 0.34709910, 0.34826064, 0.34862435, 0.34885457, 0.34926757, 0.34928763, 0.34929281, 0.34929413, 0.41087496
0.18700632, 1.0000000, 0.38770407, 2.3348064, 2.7488410, 9.2956409, 9.7874041, 9.8423548, 9.8782740, 19.853006, 19.857386, 19.858521, 19.858828, 0.27334794, 0.27748832, 0.34295630, 0.34787402, 0.34842354, 0.34878275, 0.34926504, 0.34928691, 0.34929261, 0.34929413, 0.38770407
0.17649573, 1.0000000, 0.34962222, 1.8869162, 2.4687648, 8.8184118, 9.7583342, 9.8261099, 9.8719702, 19.851921, 19.857103, 19.858467, 19.858828, 0.26886782, 0.27468657, 0.33818224, 0.34758294, 0.34826088, 0.34871966, 0.34925961, 0.34928551, 0.34929234, 0.34929413, 0.34962222
0.18439895, 1.0000000, 0.37825704, 2.1055460, 2.9309483, 9.0642948, 9.7984972, 9.8467093, 9.8799286, 19.852978, 19.857370, 19.858566, 19.858828, 0.27105349, 0.27930784, 0.34064043, 0.34798443, 0.34846681, 0.34879920, 0.34926489, 0.34928685, 0.34929281, 0.34929413, 0.37825704
0.17534629, 1.0000000, 0.34545758, 1.8843800, 2.5174618, 8.4572134, 9.7357302, 9.8133507, 9.8664217, 19.850407, 19.856703, 19.858343, 19.858805, 0.26884338, 0.27517429, 0.33457157, 0.34735718, 0.34813344, 0.34866419, 0.34925205, 0.34928352, 0.34929171, 0.34929401, 0.34545758
0.16258602, 0.99731594, 0.29922470, 1.3639838, 2.1641464, 7.8238268, 9.7096367, 9.7975607, 9.8601513, 19.849310, 19.856421, 19.858250, 19.858805, 0.26363873, 0.27164042, 0.32823640, 0.34709591, 0.34797537, 0.34860143, 0.34924656, 0.34928209, 0.34929127, 0.34929401, 0.29922470
0.15695697, 0.92933905, 0.27882960, 1.1648148, 2.0116329, 7.4251947, 9.7400827, 9.8131418, 9.8665686, 19.850483, 19.856680, 19.858324, 19.858805, 0.26164714, 0.27011529, 0.32425001, 0.34740034, 0.34813115, 0.34866560, 0.34925240, 0.34928340, 0.34929162, 0.34929401, 0.27882960
0.18453872, 1.0000000, 0.37876344, 2.3484468, 2.8925180, 8.3662033, 9.7933044, 9.8422222, 9.8779268, 19.852175, 19.857122, 19.858423, 19.858805, 0.27348337, 0.27892438, 0.33366087, 0.34793279, 0.34842208, 0.34877920, 0.34926087, 0.34928560, 0.34929210, 0.34929401, 0.37876344
0.18576020, 1.0000000, 0.38318914, 2.4944692, 2.8577805, 8.2367182, 9.8185005, 9.8569241, 9.8838463, 19.853453, 19.857458, 19.858423, 19.858805, 0.27494454, 0.27857769, 0.33236703, 0.34818497, 0.34856921, 0.34883845, 0.34926727, 0.34928730, 0.34929210, 0.34929401, 0.38318914
0.35599875, 1.0000000, 0.99999547, 9.9999580, 9.9999752, 9.9999876, 9.9999990, 9.9999990, 9.9999990, 19.999998, 19.999998, 19.999998, 19.996996, 0.34999937, 0.34999964, 0.34999982, 0.34999999, 0.34999999, 0.34999999, 0.34999999, 0.34999999, 0.34999999, 0.34998497, 0.99999547
0.35599971, 1.0000000, 0.99999887, 9.9999990, 9.9999990, 9.9999990, 9.9999990, 9.9999990, 9.9999990, 19.999998, 19.999998, 19.999998, 19.998999, 0.34999985, 0.34999990, 0.34999993, 0.34999999, 0.34999999, 0.34999999, 0.34999999, 0.34999999, 0.34999999, 0.34999499, 0.99999887
0.35600001, 1.0000000, 1.0000000, 9.9999990, 9.9999990, 9.9999990, 9.9999990, 9.9999990, 9.9999990, 19.999998, 19.999998, 19.999998, 19.998999, 0.34999999, 0.34999999, 0.34999999, 0.34999999, 0.34999999, 0.34999999, 0.34999999, 0.34999999, 0.34999999, 0.34999499, 1.0000000
0.35599971, 1.0000000, 0.99999887, 9.9999990, 9.9999990, 9.9999990, 9.9999990, 9.9999990, 9.9999990, 19.999998, 19.999998, 19.999998, 19.998999, 0.34999985, 0.34999990, 0.34999993, 0.34999999, 0.34999999, 0.34999999, 0.34999999, 0.34999999, 0.34999999, 0.34999499, 0.99999887
0.34743619, 1.0000000, 0.96897161, 9.5815334, 9.7385111, 9.8590527, 9.9624081, 9.9808731, 9.9926500, 19.999022, 19.999737, 19.999813, 19.979116, 0.34581518, 0.34738502, 0.34859046, 0.34962410, 0.34980872, 0.34992650, 0.34999511, 0.34999868, 0.34999907, 0.34989560, 0.96897161
0.32971245, 1.0000000, 0.90475529, 8.4490061, 9.5541716, 9.7381239, 9.9084816, 9.9519787, 9.9803085, 19.996542, 19.999100, 19.998381, 19.956398, 0.33448535, 0.34553853, 0.34737960, 0.34908450, 0.34951961, 0.34980303, 0.34998271, 0.34999549, 0.34999192, 0.34978199, 0.90475529
0.29851347, 1.0000000, 0.79171544, 6.3361955, 9.3807573, 9.6124067, 9.8265991, 9.9043751, 9.9579620, 19.991138, 19.997690, 19.994537, 19.935865, 0.31335974, 0.34380561, 0.34612304, 0.34826580, 0.34904367, 0.34957960, 0.34995568, 0.34998846, 0.34997270, 0.34967932, 0.79171544
0.26180860, 1.0000000, 0.65872681, 3.7580738, 9.2904320, 9.5380907, 9.7633400, 9.8620882, 9.9360952, 19.985708, 19.996159, 19.987829, 19.918257, 0.28757957, 0.34290260, 0.34538001, 0.34763321, 0.34862080, 0.34936091, 0.34992856, 0.34998080, 0.34993914, 0.34959128, 0.65872681
0.23315358, 1.0000000, 0.55490428, 2.4364769, 8.0543385, 9.5045757, 9.7273321, 9.8341675, 9.9193563, 19.980888, 19.994507, 19.978291, 19.903790, 0.27436388, 0.33054164, 0.34504470, 0.34727311, 0.34834155, 0.34919354, 0.34990445, 0.34997255, 0.34989145, 0.34951895, 0.55490428
0.20841296, 1.0000000, 0.46526435, 1.6967207, 6.3147702, 9.4802828, 9.7044678, 9.8154068, 9.9070721, 19.976688, 19.992430, 19.966410, 19.892311, 0.26696658, 0.31314626, 0.34480175, 0.34704447, 0.34815395, 0.34907070, 0.34988344, 0.34996215, 0.34983206, 0.34946156, 0.46526435
0.19130278, 1.0000000, 0.40327090, 1.2572259, 4.9684324, 9.5037107, 9.7138758, 9.8173122, 9.9053135, 19.974617, 19.989883, 19.953064, 19.883505, 0.26257104, 0.29968140, 0.34503430, 0.34713820, 0.34817281, 0.34905306, 0.34987310, 0.34994942, 0.34976533, 0.34941751, 0.40327090
0.17055111, 1.0000000, 0.32808369, 0.68010688, 3.4487894, 9.4602995, 9.6885662, 9.8013382, 9.8961782, 19.970413, 19.985302, 19.938982, 19.876814, 0.25680080, 0.28448707, 0.34460184, 0.34688541, 0.34801325, 0.34896174, 0.34985206, 0.34992650, 0.34969491, 0.34938407, 0.32808369
0.15595087, 0.91718936, 0.27518433, 0.29719770, 2.6536016, 8.8038969, 9.6767416, 9.7928066, 9.8913898, 19.967705, 19.979254, 19.925301, 19.871870, 0.25297177, 0.27653491, 0.33803716, 0.34676704, 0.34792787, 0.34891385, 0.34983853, 0.34989625, 0.34962651, 0.34935933, 0.27518433
0.14286780, 0.75919712, 0.22778192, 0.0000000, 2.0998926, 7.7480717, 9.6527109, 9.7771940, 9.8834362, 19.964354, 19.971075, 19.912619, 19.868223, 0.24996537, 0.27099866, 0.32748023, 0.34652698, 0.34777188, 0.34883434, 0.34982178, 0.34985536, 0.34956309, 0.34934112, 0.22778192
0.13559660, 0.67138934, 0.20143695, 0.0000000, 1.6834915, 6.8253193, 9.6519556, 9.7754288, 9.8816051, 19.961536, 19.961267, 19.901505, 19.865601, 0.24996537, 0.26683372, 0.31825081, 0.34651887, 0.34775397, 0.34881592, 0.34980768, 0.34980634, 0.34950751, 0.34932801, 0.20143695
0.13084623, 0.61402351, 0.18422547, 0.0000000, 1.4349759, 6.1673007, 9.6822767, 9.7924309, 9.8882618, 19.959131, 19.950304, 19.892153, 19.863707, 0.24996537, 0.26434776, 0.31166872, 0.34682143, 0.34792361, 0.34888238, 0.34979564, 0.34975153, 0.34946078, 0.34931853, 0.18422547
0.15411144, 0.89497632, 0.26851976, 1.5732974, 1.9833803, 5.4502482, 9.6683359, 9.7849731, 9.8837662, 19.952559, 19.937708, 19.884298, 19.862284, 0.26573023, 0.26983172, 0.30449963, 0.34668234, 0.34784922, 0.34883749, 0.34976280, 0.34968853, 0.34942150, 0.34931141, 0.26851976
0.13503112, 0.66456056, 0.19938812, 0.77318251, 1.4518350, 4.5833373, 9.6319723, 9.7628441, 9.8728571, 19.944139, 19.924845, 19.877918, 19.861242, 0.25772718, 0.26451311, 0.29582509, 0.34631625, 0.34762669, 0.34872797, 0.34972069, 0.34962422, 0.34938958, 0.34930623, 0.19938812
0.12006907, 0.48387760, 0.14517780, 0.21105111, 1.0120243, 3.7254272, 9.6148186, 9.7505770, 9.8655691, 19.935343, 19.912758, 19.872963, 19.860521, 0.25210962, 0.26011771, 0.28724959, 0.34614578, 0.34750456, 0.34865528, 0.34967673, 0.34956378, 0.34936482, 0.34930259, 0.14517780
0.11124773, 0.37735033, 0.11321642, 0.0000000, 0.67602098, 2.9957147, 9.4916649, 9.7420826, 9.8603773, 19.927023, 19.902102, 19.869232, 19.860025, 0.24993996, 0.25675756, 0.27995124, 0.34491292, 0.34741890, 0.34860313, 0.34963512, 0.34951049, 0.34934616, 0.34930012, 0.11321642
0.10616570, 0.31597924, 0.94803251E-1, 0.0000000, 0.35661161, 2.5099099, 8.9918289, 9.7156715, 9.8472261, 19.917440, 19.892658, 19.866352, 19.859674, 0.24993996, 0.25356436, 0.27509287, 0.33991382, 0.34715429, 0.34847146, 0.34958720, 0.34946328, 0.34933177, 0.34929836, 0.94803251E-1
0.10204174, 0.26617786, 0.79861350E-1, 0.0000000, 0.13445616, 2.0665674, 8.4560776, 9.6976633, 9.8368979, 19.908165, 19.884813, 19.864212, 19.859440, 0.24993996, 0.25134432, 0.27066386, 0.33455929, 0.34697577, 0.34836867, 0.34954083, 0.34942406, 0.34932107, 0.34929720, 0.79861350E-1
0.99068426E-1, 0.23027195, 0.69088496E-1, 0.0000000, 0.0000000, 1.7187536, 7.9502010, 9.6986179, 9.8343916, 19.899452, 19.878468, 19.862652, 19.859299, 0.24993996, 0.24999990, 0.26718298, 0.32949778, 0.34698361, 0.34834304, 0.34949726, 0.34939235, 0.34931326, 0.34929651, 0.69088496E-1
0.96732184E-1, 0.20205928, 0.60623847E-1, 0.0000000, 0.0000000, 1.2930870, 7.2804050, 9.6547890, 9.8132095, 19.890604, 19.873228, 19.861464, 19.859211, 0.24993996, 0.24999990, 0.26292962, 0.32280260, 0.34654695, 0.34813178, 0.34945303, 0.34936613, 0.34930733, 0.34929606, 0.60623847E-1
0.94899207E-1, 0.17992416, 0.53982645E-1, 0.0000000, 0.0000000, 0.98104477, 6.6313391, 9.6511374, 9.8076630, 19.883060, 19.869188, 19.860617, 19.859158, 0.24993996, 0.24999990, 0.25980678, 0.31630844, 0.34650776, 0.34807542, 0.34941530, 0.34934595, 0.34930307, 0.34929579, 0.53982645E-1
0.94157152E-1, 0.17096302, 0.51294036E-1, 0.0000000, 0.0000000, 0.87112188, 6.2472858, 9.7138090, 9.8327656, 19.878510, 19.866579, 19.860147, 19.859152, 0.24993996, 0.24999990, 0.25871038, 0.31247169, 0.34713718, 0.34832737, 0.34939253, 0.34933290, 0.34930074, 0.34929577, 0.51294036E-1
0.93050636E-1, 0.15760060, 0.47284909E-1, 0.0000000, 0.0000000, 0.69646835, 5.7948503, 9.6949091, 9.8259134, 19.873287, 19.864267, 19.859747, 19.859127, 0.24993996, 0.24999990, 0.25696379, 0.30794701, 0.34694788, 0.34825873, 0.34936643, 0.34932134, 0.34929875, 0.34929565, 0.47284909E-1
0.92056602E-1, 0.14559661, 0.43683350E-1, 0.0000000, 0.0000000, 0.54470301, 5.3556242, 9.6903105, 9.8226337, 19.868258, 19.862335, 19.859415, 19.859076, 0.24993996, 0.24999990, 0.25544667, 0.30355552, 0.34690249, 0.34822613, 0.34934127, 0.34931168, 0.34929708, 0.34929538, 0.43683350E-1
0.90728223E-1, 0.12955497, 0.38870379E-1, 0.0000000, 0.0000000, 0.35856962, 4.7167239, 9.6311646, 9.7953377, 19.864069, 19.860874, 19.859158, 19.859034, 0.24993996, 0.24999990, 0.25358468, 0.29716462, 0.34630895, 0.34795246, 0.34932035, 0.34930438, 0.34929579, 0.34929517, 0.38870379E-1
0.13700701, 0.68842161, 0.20654714, 2.1603584, 2.0069809, 0.35461187, 4.4919033, 9.7590132, 9.8453865, 19.863096, 19.860369, 19.859158, 19.859034, 0.27159825, 0.27006683, 0.25354585, 0.29491839, 0.34758943, 0.34845364, 0.34931546, 0.34930184, 0.34929579, 0.34929517, 0.20654714
0.13244475, 0.63332742, 0.19001724, 1.9221783, 1.8724859, 0.33900440, 4.3425384, 9.7940416, 9.8623447, 19.862085, 19.859970, 19.859133, 19.859034, 0.26922160, 0.26872477, 0.25339004, 0.29342535, 0.34794039, 0.34862345, 0.34931043, 0.34929985, 0.34929568, 0.34929517, 0.19001724
0.15331599, 0.88537031, 0.26563767, 2.6896060, 2.3710341, 1.8591255, 4.1774120, 9.7937946, 9.8635664, 19.860279, 19.859415, 19.859045, 19.859011, 0.27689385, 0.27370918, 0.26859081, 0.29177392, 0.34793770, 0.34863558, 0.34930140, 0.34929708, 0.34929523, 0.34929505, 0.26563767
0.18826470, 1.0000000, 0.39226335, 2.1095011, 3.8542006, 8.1954470, 9.5166998, 9.8315678, 9.8776608, 19.859617, 19.859211, 19.859016, 19.859011, 0.27109444, 0.28854138, 0.33195382, 0.34516683, 0.34831560, 0.34877658, 0.34929809, 0.34929606, 0.34929508, 0.34929505, 0.39226335
0.25513208, 1.0000000, 0.63453656, 3.2256958, 9.3497095, 9.5868101, 9.7453098, 9.8539801, 9.8859797, 19.859213, 19.859116, 19.858992, 19.859011, 0.28225681, 0.34349686, 0.34586799, 0.34745306, 0.34853980, 0.34885979, 0.34929606, 0.34929559, 0.34929496, 0.34929505, 0.63453656
0.35600001, 1.0000000, 1.0000000, 9.9999990, 9.9999990, 9.9999990, 9.9999990, 9.9999990, 9.9999990, 19.999998, 19.999998, 19.999998, 19.997997, 0.34999999, 0.34999999, 0.34999999, 0.34999999, 0.34999999, 0.34999999, 0.34999999, 0.34999999, 0.34999999, 0.34998998, 1.0000000
0.33352762, 1.0000000, 0.91857827, 8.7016468, 9.5787334, 9.7607517, 9.9312372, 9.9646368, 9.9866037, 19.998514, 19.999611, 19.999622, 19.974253, 0.33701494, 0.34578633, 0.34760702, 0.34931228, 0.34964630, 0.34986600, 0.34999257, 0.34999806, 0.34999812, 0.34987128, 0.91857827
0.33049291, 1.0000000, 0.90758288, 8.5211544, 9.5393286, 9.7198534, 9.8950071, 9.9437466, 9.9777422, 19.997299, 19.999296, 19.997885, 19.951946, 0.33520597, 0.34538954, 0.34719664, 0.34894970, 0.34943727, 0.34977737, 0.34998649, 0.34999648, 0.34998941, 0.34975973, 0.90758288
0.35600001, 1.0000000, 1.0000000, 9.9999990, 9.9999990, 9.9999990, 9.9999990, 9.9999990, 9.9999990, 19.999998, 19.999998, 19.999998, 19.998999, 0.34999999, 0.34999999, 0.34999999, 0.34999999, 0.34999999, 0.34999999, 0.34999999, 0.34999999, 0.34999999, 0.34999499, 1.0000000
0.35219568, 1.0000000, 0.98621619, 9.8026161, 9.8976593, 9.9472094, 9.9879732, 9.9939470, 9.9978294, 19.999849, 19.999958, 19.999750, 19.975233, 0.34802529, 0.34897605, 0.34947184, 0.34987968, 0.34993944, 0.34997830, 0.34999925, 0.34999979, 0.34999874, 0.34987617, 0.98621619
0.33835864, 1.0000000, 0.93608201, 8.9899530, 9.6562223, 9.8070736, 9.9483204, 9.9735575, 9.9904003, 19.999331, 19.999821, 19.998146, 19.952848, 0.33989832, 0.34656143, 0.34807035, 0.34948310, 0.34973553, 0.34990400, 0.34999666, 0.34999910, 0.34999073, 0.34976423, 0.93608201
0.32572228, 1.0000000, 0.89029807, 8.2227345, 9.4770899, 9.6852694, 9.8901415, 9.9418077, 9.9776735, 19.997824, 19.999418, 19.994129, 19.932806, 0.33222702, 0.34477067, 0.34685257, 0.34890139, 0.34941807, 0.34977674, 0.34998912, 0.34999710, 0.34997064, 0.34966403, 0.89029807
0.31510463, 1.0000000, 0.85182828, 7.3717608, 9.5869217, 9.7402201, 9.8853111, 9.9361143, 9.9741335, 19.997311, 19.999205, 19.987314, 19.915798, 0.32371536, 0.34586746, 0.34740132, 0.34885293, 0.34936106, 0.34974131, 0.34998655, 0.34999603, 0.34993657, 0.34957898, 0.85182828
0.31875795, 1.0000000, 0.86506504, 7.6247058, 9.6044922, 9.7490444, 9.8786983, 9.9301481, 9.9701786, 19.996422, 19.998610, 19.977636, 19.901871, 0.32623979, 0.34603944, 0.34748763, 0.34878641, 0.34930119, 0.34970170, 0.34998211, 0.34999305, 0.34988818, 0.34950936, 0.86506504
0.28144249, 1.0000000, 0.72986406, 5.1543989, 9.3185263, 9.5661793, 9.7961435, 9.8824558, 9.9483595, 19.992460, 19.996639, 19.965401, 19.890823, 0.30153406, 0.34317449, 0.34565628, 0.34796029, 0.34882399, 0.34948343, 0.34996229, 0.34998319, 0.34982699, 0.34945410, 0.72986406
0.24623968, 1.0000000, 0.60231763, 2.9619694, 8.7563734, 9.5080223, 9.7455673, 9.8481331, 9.9301844, 19.988886, 19.993687, 19.951746, 19.882326, 0.27961409, 0.33755377, 0.34507483, 0.34745458, 0.34848076, 0.34930167, 0.34994441, 0.34996843, 0.34975874, 0.34941164, 0.60231763
0.21846332, 1.0000000, 0.50167865, 2.1377265, 6.8013949, 9.4660940, 9.7084551, 9.8210468, 9.9142857, 19.985323, 19.989174, 19.937613, 19.875944, 0.27137297, 0.31800577, 0.34465522, 0.34708339, 0.34820986, 0.34914264, 0.34992662, 0.34994587, 0.34968805, 0.34937972, 0.50167865
0.19471960, 1.0000000, 0.41565070, 1.4950663, 5.0139322, 9.4534168, 9.6921968, 9.8069983, 9.9042711, 19.982206, 19.982815, 19.923948, 19.871237, 0.26494631, 0.30013055, 0.34452590, 0.34692028, 0.34806910, 0.34904242, 0.34991103, 0.34991407, 0.34961975, 0.34935617, 0.41565070
0.17444423, 1.0000000, 0.34218925, 1.0025561, 3.3913014, 9.4428043, 9.6831255, 9.7988529, 9.8980913, 19.979456, 19.974560, 19.911449, 19.867786, 0.26002452, 0.28391087, 0.34442505, 0.34683067, 0.34798825, 0.34898081, 0.34989727, 0.34987280, 0.34955725, 0.34933895, 0.34218925
0.15641308, 0.92277086, 0.27685896, 0.51269233, 2.4855316, 8.5404663, 9.6522160, 9.7788801, 9.8874969, 19.975594, 19.964182, 19.900444, 19.865252, 0.25512612, 0.27485299, 0.33540067, 0.34652126, 0.34778836, 0.34887484, 0.34987795, 0.34982091, 0.34950221, 0.34932625, 0.27685896
0.14049581, 0.73055255, 0.21918769, 0.12844205, 1.8616050, 7.2352839, 9.6160154, 9.7553320, 9.8754158, 19.970974, 19.952349, 19.891142, 19.863441, 0.25128388, 0.26861149, 0.32234395, 0.34615779, 0.34755212, 0.34875375, 0.34985489, 0.34976175, 0.34945571, 0.34931719, 0.21918769
0.12826763, 0.58288413, 0.17488272, 0.0000000, 1.2927532, 5.8565292, 9.5820246, 9.7323494, 9.8629856, 19.965042, 19.939648, 19.883512, 19.862125, 0.24999723, 0.26292396, 0.30855718, 0.34581760, 0.34732214, 0.34862942, 0.34982520, 0.34969825, 0.34941757, 0.34931064, 0.17488272
0.11874302, 0.46786398, 0.14037323, 0.0000000, 0.84272325, 4.4624162, 9.5543356, 9.7129574, 9.8523579, 19.958855, 19.927134, 19.877499, 19.861202, 0.24999723, 0.25842679, 0.29462296, 0.34554285, 0.34712932, 0.34852350, 0.34979427, 0.34963566, 0.34938750, 0.34930602, 0.14037323
0.11095209, 0.37378022, 0.11214528, 0.0000000, 0.52209198, 3.2236838, 9.5498924, 9.7074375, 9.8472729, 19.951475, 19.915255, 19.872822, 19.860556, 0.24999723, 0.25522006, 0.28223416, 0.34549734, 0.34707358, 0.34847245, 0.34975737, 0.34957626, 0.34936410, 0.34930277, 0.11214528
0.10703263, 0.32644832, 0.97944297E-1, 0.0000000, 0.35411417, 2.6729167, 9.2409210, 9.7231865, 9.8530369, 19.943647, 19.904640, 19.869261, 19.860104, 0.24999723, 0.25354043, 0.27672645, 0.34240732, 0.34723088, 0.34853002, 0.34971824, 0.34952319, 0.34934631, 0.34930050, 0.97944297E-1
0.10200699, 0.26575828, 0.79735458E-1, 0.0000000, 0.77125430E-1, 2.1382003, 8.6417065, 9.6894751, 9.8364811, 19.931211, 19.894457, 19.866352, 19.859709, 0.24999723, 0.25077024, 0.27136779, 0.33640558, 0.34688830, 0.34836262, 0.34965605, 0.34947228, 0.34933177, 0.34929854, 0.79735458E-1
0.99201873E-1, 0.23188348, 0.69572002E-1, 0.0000000, 0.0000000, 1.7303348, 8.0589685, 9.6858063, 9.8319902, 19.920420, 19.886316, 19.864254, 19.859463, 0.24999723, 0.24998064, 0.26730087, 0.33058739, 0.34685668, 0.34831941, 0.34960210, 0.34943157, 0.34932128, 0.34929731, 0.69572002E-1
0.10136192, 0.25796846, 0.77398278E-1, 0.19885302, 0.0000000, 1.6360521, 7.7886825, 9.7596912, 9.8616600, 19.912281, 19.880276, 19.862877, 19.859346, 0.25198629, 0.24998064, 0.26635501, 0.32788157, 0.34759364, 0.34861550, 0.34956139, 0.34940138, 0.34931439, 0.34929675, 0.77398278E-1
0.10793147, 0.33730292, 0.10120100, 0.69643557, 0.0000000, 1.5883088, 7.6373906, 9.8074532, 9.8819084, 19.903845, 19.875305, 19.861816, 19.859346, 0.25696281, 0.24998064, 0.26588205, 0.32637289, 0.34807387, 0.34881887, 0.34951922, 0.34937653, 0.34930909, 0.34929675, 0.10120100
0.13498980, 0.66406149, 0.19923837, 2.6638656, 0.0000000, 1.5781879, 7.5585246, 9.8457928, 9.8973150, 19.896290, 19.871433, 19.861090, 19.859346, 0.27663478, 0.24998064, 0.26578119, 0.32558459, 0.34845752, 0.34897301, 0.34948146, 0.34935716, 0.34930545, 0.34929675, 0.19923837
0.15225962, 0.87261343, 0.26181021, 2.1512718, 2.9571028, 1.5546113, 7.4904218, 9.8623838, 9.9032145, 19.889200, 19.868345, 19.860537, 19.859346, 0.27151245, 0.27957082, 0.26554605, 0.32490414, 0.34862381, 0.34903213, 0.34944600, 0.34934172, 0.34930268, 0.34929675, 0.26181021
0.14788443, 0.81977826, 0.24595807, 2.0114124, 2.7112751, 1.4803886, 7.3744693, 9.8488293, 9.8972406, 19.882740, 19.865898, 19.860130, 19.859299, 0.27011389, 0.27711254, 0.26480383, 0.32374462, 0.34848827, 0.34897241, 0.34941369, 0.34932950, 0.34930065, 0.34929651, 0.24595807
0.13041097, 0.60876727, 0.18264845, 1.2000561, 2.0882697, 1.2714505, 7.1045284, 9.7870226, 9.8710289, 19.874983, 19.863445, 19.859676, 19.859217, 0.26200011, 0.27088225, 0.26271436, 0.32104513, 0.34787011, 0.34871027, 0.34937492, 0.34931722, 0.34929839, 0.34929609, 0.18264845
0.12141129, 0.50008631, 0.15004089, 0.81571043, 1.7294377, 1.1461675, 6.8632879, 9.7782021, 9.8646069, 19.870306, 19.862007, 19.859478, 19.859175, 0.25815609, 0.26729310, 0.26146126, 0.31863236, 0.34778166, 0.34864596, 0.34935153, 0.34931004, 0.34929740, 0.34929588, 0.15004089
0.12210057, 0.50841010, 0.15253828, 1.1108696, 1.4071077, 1.0250002, 6.6078067, 9.7705183, 9.8592978, 19.866549, 19.860924, 19.859354, 19.859144, 0.26110840, 0.26407087, 0.26024991, 0.31607795, 0.34770510, 0.34859294, 0.34933275, 0.34930462, 0.34929678, 0.34929574, 0.15253828
0.11613272, 0.43634191, 0.13091567, 0.83951056, 1.2007803, 0.94487667, 6.3857026, 9.7754335, 9.8601217, 19.864479, 19.860336, 19.859318, 19.859144, 0.25839430, 0.26200709, 0.25944850, 0.31385663, 0.34775403, 0.34860113, 0.34932238, 0.34930170, 0.34929660, 0.34929574, 0.13091567
0.10548183, 0.30772087, 0.92325494E-1, 0.36481023, 0.82666278, 0.77634156, 6.0404005, 9.7359848, 9.8427391, 19.860798, 19.859442, 19.859129, 19.859098, 0.25364748, 0.25826576, 0.25776303, 0.31040338, 0.34735933, 0.34842721, 0.34930399, 0.34929723, 0.34929565, 0.34929550, 0.92325494E-1
0.10026810, 0.24475931, 0.73435135E-1, 0.16229451, 0.61797202, 0.67161918, 5.7308564, 9.7375374, 9.8416443, 19.859205, 19.859070, 19.859039, 19.859076, 0.25162208, 0.25617772, 0.25671512, 0.30730671, 0.34737378, 0.34841591, 0.34929603, 0.34929535, 0.34929520, 0.34929538, 0.73435135E-1
0.94067514E-1, 0.16988054, 0.50969258E-1, 0.0000000, 0.29447973, 0.47801733, 5.1898017, 9.6625423, 9.8095865, 19.856787, 19.858425, 19.858856, 19.859028, 0.24998291, 0.25294411, 0.25477964, 0.30189681, 0.34662431, 0.34809548, 0.34928393, 0.34929213, 0.34929428, 0.34929514, 0.50969258E-1
0.96148290E-1, 0.19500813, 0.58508292E-1, 0.34746230, 0.10120273, 0.33031702, 4.5975304, 9.6423931, 9.7971506, 19.855295, 19.858047, 19.858757, 19.858992, 0.25347298, 0.25101173, 0.25330269, 0.29597402, 0.34642255, 0.34797105, 0.34927648, 0.34929025, 0.34929377, 0.34929496, 0.58508292E-1
0.18706402, 1.0000000, 0.38791308, 2.6144714, 3.0861573, 7.9444699, 8.6934881, 9.6422672, 9.7953100, 19.854700, 19.857906, 19.858709, 19.858963, 0.27614427, 0.28086126, 0.32944429, 0.33693478, 0.34642261, 0.34795308, 0.34927350, 0.34928954, 0.34929353, 0.34929481, 0.38791308
0.34258193, 1.0000000, 0.95138365, 9.8418674, 9.1731577, 9.0589609, 9.5685701, 9.7271481, 9.8291979, 19.853886, 19.857683, 19.858614, 19.858929, 0.34841868, 0.34173158, 0.34058961, 0.34568569, 0.34727147, 0.34829199, 0.34926942, 0.34928840, 0.34929305, 0.34929463, 0.95138365
0.35600001, 1.0000000, 1.0000000, 9.9999990, 9.9999990, 9.9999990, 9.9999990, 9.9999990, 9.9999990, 19.999998, 19.999998, 19.999998, 19.994993, 0.34999999, 0.34999999, 0.34999999, 0.34999999, 0.34999999, 0.34999999, 0.34999999, 0.34999999, 0.34999999, 0.34997496, 1.0000000
0.35599935, 1.0000000, 0.99999762, 9.9999990, 9.9999990, 9.9999990, 9.9999990, 9.9999990, 9.9999990, 19.999998, 19.999998, 19.999998, 19.998999, 0.34999967, 0.34999982, 0.34999990, 0.34999996, 0.34999999, 0.34999999, 0.34999999, 0.34999999, 0.34999999, 0.34999499, 0.99999762
0.32109779, 1.0000000, 0.87354267, 7.9179182, 9.4353771, 9.6681147, 9.8920298, 9.9437075, 9.9777622, 19.996834, 19.999176, 19.999548, 19.975185, 0.32917699, 0.34435222, 0.34668034, 0.34892014, 0.34943697, 0.34977761, 0.34998417, 0.34999588, 0.34999773, 0.34987593, 0.87354267
0.28029576, 1.0000000, 0.72570920, 5.0910459, 9.2907324, 9.5508633, 9.8020048, 9.8902178, 9.9540606, 19.993032, 19.998192, 19.997711, 19.952753, 0.30090541, 0.34290174, 0.34550577, 0.34801945, 0.34890187, 0.34954050, 0.34996516, 0.34999096, 0.34998855, 0.34976375, 0.72570920
0.24246807, 1.0000000, 0.58865243, 2.9091537, 8.3978796, 9.4895563, 9.7394180, 9.8470430, 9.9319649, 19.989437, 19.997236, 19.993515, 19.932697, 0.27908814, 0.33397293, 0.34489226, 0.34739348, 0.34847006, 0.34931952, 0.34994718, 0.34998620, 0.34996757, 0.34966350, 0.58865243
0.21060441, 1.0000000, 0.47320440, 1.9686043, 6.1509471, 9.4355946, 9.6902609, 9.8110619, 9.9111795, 19.985579, 19.996061, 19.986437, 19.915646, 0.26968363, 0.31150493, 0.34435248, 0.34690189, 0.34811026, 0.34911168, 0.34992790, 0.34998029, 0.34993219, 0.34957823, 0.47320440
0.27827331, 1.0000000, 0.71838152, 4.9588127, 9.2398338, 9.6169901, 9.7620440, 9.8461399, 9.9214954, 19.985792, 19.995651, 19.976822, 19.901764, 0.29958543, 0.34239531, 0.34616831, 0.34762010, 0.34846124, 0.34921491, 0.34992898, 0.34997827, 0.34988409, 0.34950882, 0.71838152
0.32512069, 1.0000000, 0.88811845, 8.1128654, 9.5851641, 9.7139997, 9.8111572, 9.8738012, 9.9319878, 19.985933, 19.994701, 19.964914, 19.890795, 0.33112866, 0.34585163, 0.34714001, 0.34811157, 0.34873801, 0.34931988, 0.34992966, 0.34997350, 0.34982458, 0.34945399, 0.88811845
0.30914325, 1.0000000, 0.83022910, 7.0334945, 9.4825439, 9.6584492, 9.8080988, 9.8744040, 9.9330015, 19.985340, 19.992472, 19.951460, 19.882374, 0.32033479, 0.34482533, 0.34658444, 0.34808099, 0.34874403, 0.34933001, 0.34992671, 0.34996235, 0.34975731, 0.34941188, 0.83022910
0.35592765, 1.0000000, 0.99973780, 9.9983397, 9.9989758, 9.9930019, 9.9934292, 9.9967041, 9.9988966, 19.999998, 19.999998, 19.999975, 19.989016, 0.34998086, 0.34998825, 0.34992927, 0.34993413, 0.34996694, 0.34998894, 0.34999999, 0.34999999, 0.34999987, 0.34994507, 0.99973780
0.35599780, 1.0000000, 0.99999207, 9.9999342, 9.9999609, 9.9999819, 9.9999962, 9.9999990, 9.9999990, 19.999998, 19.999998, 19.999998, 19.996996, 0.34999889, 0.34999934, 0.34999970, 0.34999993, 0.34999999, 0.34999999, 0.34999999, 0.34999999, 0.34999999, 0.34998497, 0.99999207
0.35600001, 1.0000000, 1.0000000, 9.9999990, 9.9999990, 9.9999990, 9.9999990, 9.9999990, 9.9999990, 19.999998, 19.999998, 19.999998, 19.998999, 0.34999999, 0.34999999, 0.34999999, 0.34999999, 0.34999999, 0.34999999, 0.34999999, 0.34999999, 0.34999999, 0.34999499, 1.0000000
0.35550237, 1.0000000, 0.99819696, 9.9995871, 9.9627981, 9.9578428, 9.9911060, 9.9955397, 9.9984913, 19.999987, 19.999992, 19.999750, 19.975233, 0.34999588, 0.34962797, 0.34957844, 0.34991106, 0.34995538, 0.34998491, 0.34999993, 0.34999996, 0.34999874, 0.34987617, 0.99819696
0.35136223, 1.0000000, 0.98319638, 9.8159266, 9.8105326, 9.8795567, 9.9716282, 9.9856234, 9.9950399, 19.999868, 19.999969, 19.998169, 19.952848, 0.34815925, 0.34810531, 0.34879556, 0.34971628, 0.34985623, 0.34995040, 0.34999934, 0.34999985, 0.34999084, 0.34976423, 0.98319638
0.34695411, 1.0000000, 0.96722496, 9.5248270, 9.7725544, 9.8635254, 9.9621820, 9.9805031, 9.9931650, 19.999807, 19.999956, 19.994247, 19.932835, 0.34524828, 0.34772554, 0.34863526, 0.34962183, 0.34980503, 0.34993166, 0.34999904, 0.34999979, 0.34997123, 0.34966418, 0.96722496
0.33547747, 1.0000000, 0.92564291, 8.8018980, 9.6341906, 9.7856131, 9.9324999, 9.9646759, 9.9870081, 19.999182, 19.999693, 19.987421, 19.915815, 0.33801898, 0.34634191, 0.34785613, 0.34932500, 0.34964675, 0.34987009, 0.34999591, 0.34999847, 0.34993711, 0.34957907, 0.92564291
0.28969771, 1.0000000, 0.75977427, 5.7769027, 9.2812366, 9.5495605, 9.8101616, 9.8962154, 9.9573231, 19.993921, 19.997959, 19.977434, 19.901812, 0.30776846, 0.34281182, 0.34549531, 0.34810156, 0.34896213, 0.34957322, 0.34996960, 0.34998980, 0.34988716, 0.34950906, 0.75977427
0.24594457, 1.0000000, 0.60124844, 2.9407115, 8.7690430, 9.4816122, 9.7371874, 9.8468218, 9.9324532, 19.989698, 19.995857, 19.965195, 19.890770, 0.27940455, 0.33768579, 0.34481362, 0.34737137, 0.34846795, 0.34932443, 0.34994850, 0.34997928, 0.34982598, 0.34945387, 0.60124844
0.21181916, 1.0000000, 0.47760564, 1.9506633, 6.3374705, 9.4209719, 9.6829348, 9.8071280, 9.9099264, 19.985743, 19.992775, 19.951538, 19.882315, 0.26950049, 0.31336272, 0.34420082, 0.34682754, 0.34807035, 0.34909898, 0.34992871, 0.34996387, 0.34975770, 0.34941158, 0.47760564
0.18607523, 1.0000000, 0.38433051, 1.2962252, 4.3184052, 9.4237413, 9.6708097, 9.7936392, 9.8987904, 19.983015, 19.988457, 19.937490, 19.875956, 0.26295939, 0.29317832, 0.34423116, 0.34670681, 0.34793574, 0.34898770, 0.34991509, 0.34994227, 0.34968746, 0.34937978, 0.38433051
0.17090356, 1.0000000, 0.32936069, 0.99149942, 2.9974520, 9.4090424, 9.6947184, 9.8042965, 9.9004993, 19.982254, 19.982731, 19.923998, 19.871269, 0.25991404, 0.27997276, 0.34408769, 0.34694663, 0.34804267, 0.34900489, 0.34991127, 0.34991366, 0.34961998, 0.34935635, 0.32936069
0.16539992, 1.0000000, 0.30941999, 0.86329281, 2.7915299, 8.9064703, 9.7381086, 9.8287392, 9.9098101, 19.981825, 19.975086, 19.911631, 19.867834, 0.25863293, 0.27791530, 0.33906472, 0.34738109, 0.34828740, 0.34909809, 0.34990913, 0.34987542, 0.34955814, 0.34933919, 0.30941999
0.16372707, 1.0000000, 0.30335891, 0.83548725, 2.7372866, 8.6892338, 9.7922649, 9.8600864, 9.9229317, 19.981195, 19.965563, 19.900816, 19.865347, 0.25835481, 0.27737275, 0.33689216, 0.34792262, 0.34860083, 0.34922931, 0.34990597, 0.34982783, 0.34950408, 0.34932673, 0.30335891
0.15730953, 0.93359661, 0.28010699, 0.67752898, 2.4814010, 8.1843624, 9.7664156, 9.8491907, 9.9207363, 19.979189, 19.954407, 19.891655, 19.863543, 0.25677469, 0.27481270, 0.33184147, 0.34766364, 0.34849164, 0.34920728, 0.34989595, 0.34977204, 0.34945828, 0.34931773, 0.28010699
0.15062444, 0.85286677, 0.25588563, 0.52507222, 2.2139640, 7.6171217, 9.7472887, 9.8390379, 9.9173117, 19.976004, 19.942364, 19.884138, 19.862261, 0.25525057, 0.27213928, 0.32617059, 0.34747273, 0.34839028, 0.34917310, 0.34988001, 0.34971184, 0.34942070, 0.34931129, 0.25588563
0.14361784, 0.76825452, 0.23049942, 0.38886964, 1.9275218, 6.9573030, 9.7263155, 9.8263979, 9.9119987, 19.971498, 19.930138, 19.878130, 19.861338, 0.25388852, 0.26927471, 0.31957215, 0.34726292, 0.34826386, 0.34911996, 0.34985751, 0.34965068, 0.34939066, 0.34930670, 0.23049942
0.17460006, 1.0000000, 0.34275386, 2.7538748, 1.8582433, 6.6826062, 9.7783489, 9.8539562, 9.9216337, 19.965813, 19.918465, 19.873459, 19.860685, 0.27753833, 0.26858225, 0.31682575, 0.34778342, 0.34853950, 0.34921631, 0.34982908, 0.34959233, 0.34936729, 0.34930342, 0.34275386
0.15989435, 0.96481103, 0.28947225, 1.6532153, 1.7997354, 6.9340782, 9.7098541, 9.8169384, 9.9065399, 19.956615, 19.907261, 19.869722, 19.860167, 0.26653215, 0.26799735, 0.31934077, 0.34709853, 0.34816939, 0.34906539, 0.34978306, 0.34953630, 0.34934860, 0.34930083, 0.28947225
0.15536131, 0.91006970, 0.27304822, 1.8134773, 1.4212996, 6.0731506, 9.6719398, 9.7924652, 9.8934555, 19.945488, 19.897249, 19.866858, 19.859797, 0.26813313, 0.26421222, 0.31072986, 0.34671885, 0.34792438, 0.34893447, 0.34972745, 0.34948623, 0.34933430, 0.34929898, 0.27304822
0.17326522, 1.0000000, 0.33791742, 1.4306784, 2.8622718, 8.7914667, 9.6745987, 9.7909441, 9.8893213, 19.934361, 19.888901, 19.864714, 19.859550, 0.26430577, 0.27862152, 0.33791283, 0.34674558, 0.34790924, 0.34889317, 0.34967181, 0.34944451, 0.34932357, 0.34929776, 0.33791742
0.16684547, 1.0000000, 0.31465748, 1.6044140, 2.3270698, 7.7369318, 9.6584635, 9.7796917, 9.8815498, 19.922747, 19.881912, 19.863100, 19.859373, 0.26604262, 0.27326939, 0.32736713, 0.34658408, 0.34779665, 0.34881541, 0.34961373, 0.34940955, 0.34931549, 0.34929687, 0.31465748
0.17361277, 1.0000000, 0.33917665, 1.9446969, 2.4377732, 8.0087767, 9.6838217, 9.7924471, 9.8834686, 19.912045, 19.876421, 19.861935, 19.859299, 0.26944643, 0.27437732, 0.33008713, 0.34683806, 0.34792438, 0.34883466, 0.34956023, 0.34938210, 0.34930968, 0.34929651, 0.33917665
0.22781427, 1.0000000, 0.53555894, 2.7586489, 6.9074855, 9.4378681, 9.7268715, 9.8163853, 9.8906546, 19.902731, 19.872213, 19.861135, 19.859251, 0.27758500, 0.31907260, 0.34437713, 0.34726837, 0.34816369, 0.34890649, 0.34951365, 0.34936106, 0.34930569, 0.34929627, 0.53555894
0.35509664, 1.0000000, 0.99672687, 9.9550533, 9.9736977, 9.9867687, 9.9973326, 9.9986610, 9.9995499, 19.999998, 19.999998, 19.999975, 19.989016, 0.34954667, 0.34973466, 0.34986654, 0.34997308, 0.34998649, 0.34999546, 0.34999999, 0.34999999, 0.34999987, 0.34994507, 0.99672687
0.32872051, 1.0000000, 0.90116125, 8.4062815, 9.5145950, 9.7171650, 9.9101896, 9.9534788, 9.9821091, 19.997841, 19.999439, 19.999680, 19.978123, 0.33406281, 0.34514594, 0.34717166, 0.34910190, 0.34953478, 0.34982109, 0.34998921, 0.34999719, 0.34999841, 0.34989062, 0.90116125
0.30158156, 1.0000000, 0.80283165, 6.5255055, 9.4185352, 9.6398582, 9.8558226, 9.9214840, 9.9688129, 19.996548, 19.999105, 19.998247, 19.955496, 0.31525123, 0.34418204, 0.34639689, 0.34855786, 0.34921467, 0.34968805, 0.34998274, 0.34999552, 0.34999123, 0.34977749, 0.80283165
0.35595721, 1.0000000, 0.99984491, 9.9983101, 9.9989862, 9.9994926, 9.9998951, 9.9999485, 9.9999819, 19.999998, 19.999998, 19.999998, 19.994993, 0.34997866, 0.34998721, 0.34999359, 0.34999868, 0.34999937, 0.34999979, 0.34999999, 0.34999999, 0.34999999, 0.34997496, 0.99984491
0.35600001, 1.0000000, 1.0000000, 9.9999990, 9.9999990, 9.9999990, 9.9999990, 9.9999990, 9.9999990, 19.999998, 19.999998, 19.999998, 19.995995, 0.34999999, 0.34999999, 0.34999999, 0.34999999, 0.34999999, 0.34999999, 0.34999999, 0.34999999, 0.34999999, 0.34997997, 1.0000000
0.35566288, 1.0000000, 0.99877858, 9.9831533, 9.9899960, 9.9949894, 9.9989948, 9.9994984, 9.9998322, 19.999998, 19.999998, 19.999990, 19.991999, 0.34983152, 0.34989995, 0.34994990, 0.34998995, 0.34999499, 0.34999833, 0.34999999, 0.34999999, 0.34999996, 0.34996000, 0.99877858
0.35282540, 1.0000000, 0.98849779, 9.8374357, 9.9113674, 9.9547596, 9.9904699, 9.9952240, 9.9983664, 19.999964, 19.999992, 19.999983, 19.990009, 0.34837437, 0.34911367, 0.34954759, 0.34990472, 0.34995225, 0.34998366, 0.34999982, 0.34999996, 0.34999990, 0.34995005, 0.98849779
0.35597640, 1.0000000, 0.99991441, 9.9990606, 9.9994364, 9.9997196, 9.9999456, 9.9999695, 9.9999905, 19.999998, 19.999998, 19.999996, 19.993994, 0.34998822, 0.34999293, 0.34999648, 0.34999931, 0.34999964, 0.34999987, 0.34999999, 0.34999999, 0.34999996, 0.34996998, 0.99991441
0.35600001, 1.0000000, 0.99999988, 9.9999990, 9.9999962, 9.9999990, 9.9999990, 9.9999990, 9.9999990, 19.999998, 19.999998, 19.999998, 19.995995, 0.34999999, 0.34999996, 0.34999999, 0.34999999, 0.34999999, 0.34999999, 0.34999999, 0.34999999, 0.34999999, 0.34997997, 0.99999988
0.35600001, 1.0000000, 1.0000000, 9.9999990, 9.9999990, 9.9999990, 9.9999990, 9.9999990, 9.9999990, 19.999998, 19.999998, 19.999996, 19.993994, 0.34999999, 0.34999999, 0.34999999, 0.34999999, 0.34999999, 0.34999999, 0.34999999, 0.34999999, 0.34999996, 0.34996998, 1.0000000
0.35599107, 1.0000000, 0.99996752, 9.9995527, 9.9997282, 9.9998684, 9.9999752, 9.9999819, 9.9999962, 19.999998, 19.999998, 19.999990, 19.992998, 0.34999552, 0.34999728, 0.34999868, 0.34999976, 0.34999982, 0.34999996, 0.34999999, 0.34999999, 0.34999996, 0.34996498, 0.99996752
0.35599178, 1.0000000, 0.99997008, 9.9997158, 9.9998293, 9.9999132, 9.9999819, 9.9999905, 9.9999990, 19.999998, 19.999998, 19.999998, 19.994993, 0.34999588, 0.34999752, 0.34999874, 0.34999973, 0.34999987, 0.34999999, 0.34999999, 0.34999999, 0.34999999, 0.34997496, 0.99997008
0.35600001, 1.0000000, 1.0000000, 9.9999990, 9.9999990, 9.9999990, 9.9999990, 9.9999990, 9.9999990, 19.999998, 19.999998, 19.999998, 19.996996, 0.34999999, 0.34999999, 0.34999999, 0.34999999, 0.34999999, 0.34999999, 0.34999999, 0.34999999, 0.34999999, 0.34998497, 1.0000000
0.35600001, 1.0000000, 1.0000000, 9.9999990, 9.9999990, 9.9999990, 9.9999990, 9.9999990, 9.9999990, 19.999998, 19.999998, 19.999998, 19.996996, 0.34999999, 0.34999999, 0.34999999, 0.34999999, 0.34999999, 0.34999999, 0.34999999, 0.34999999, 0.34999999, 0.34998497, 1.0000000
0.34543574, 1.0000000, 0.96172363, 9.4282351, 9.7485762, 9.8654871, 9.9691591, 9.9844227, 9.9946442, 19.999868, 19.999969, 19.999949, 19.985044, 0.34428111, 0.34748498, 0.34865448, 0.34969151, 0.34984419, 0.34994644, 0.34999934, 0.34999985, 0.34999973, 0.34992522, 0.96172363
0.34558636, 1.0000000, 0.96226943, 9.5281134, 9.6405392, 9.7924309, 9.9453297, 9.9720793, 9.9898176, 19.999229, 19.999790, 19.999887, 19.985031, 0.34527731, 0.34640306, 0.34792310, 0.34945306, 0.34972066, 0.34989813, 0.34999615, 0.34999895, 0.34999943, 0.34992516, 0.96226943
0.33564568, 1.0000000, 0.92625237, 8.9304037, 9.4905252, 9.6952744, 9.8983803, 9.9463940, 9.9799137, 19.998497, 19.999599, 19.998981, 19.961931, 0.33930168, 0.34490377, 0.34695196, 0.34898365, 0.34946385, 0.34979910, 0.34999248, 0.34999800, 0.34999490, 0.34980965, 0.92625237
0.34393895, 1.0000000, 0.95630050, 9.3411598, 9.7215700, 9.8498259, 9.9651442, 9.9823723, 9.9939384, 19.999868, 19.999958, 19.999949, 19.985044, 0.34340915, 0.34721419, 0.34849748, 0.34965131, 0.34982362, 0.34993935, 0.34999934, 0.34999979, 0.34999973, 0.34992522, 0.95630050
0.32860607, 1.0000000, 0.90074658, 8.3510685, 9.5739202, 9.7518873, 9.9289427, 9.9632063, 9.9871855, 19.999863, 19.999958, 19.999071, 19.961931, 0.33350700, 0.34573665, 0.34751755, 0.34928915, 0.34963194, 0.34987181, 0.34999931, 0.34999979, 0.34999534, 0.34980965, 0.90074658
0.29739457, 1.0000000, 0.78766143, 6.2483592, 9.3844395, 9.6206884, 9.8547611, 9.9216566, 9.9701643, 19.998037, 19.999487, 19.996080, 19.940811, 0.31247982, 0.34384096, 0.34620512, 0.34854725, 0.34921640, 0.34970158, 0.34999019, 0.34999743, 0.34998041, 0.34970406, 0.78766143
0.26756459, 1.0000000, 0.67958176, 4.1415167, 9.3234119, 9.5713921, 9.8075533, 9.8910637, 9.9559345, 19.996834, 19.999155, 19.990438, 19.922504, 0.29141471, 0.34323353, 0.34571362, 0.34807548, 0.34891060, 0.34955934, 0.34998417, 0.34999579, 0.34995219, 0.34961253, 0.67958176
0.23497772, 1.0000000, 0.56151348, 2.6142983, 7.9846315, 9.4869223, 9.7437830, 9.8494120, 9.9348888, 19.994202, 19.998238, 19.981791, 19.907274, 0.27614158, 0.32984373, 0.34486768, 0.34743750, 0.34849396, 0.34934884, 0.34997100, 0.34999120, 0.34990895, 0.34953636, 0.56151348
0.22765175, 1.0000000, 0.53497010, 2.5351703, 7.2258134, 9.5043516, 9.7310934, 9.8356247, 9.9238119, 19.992081, 19.997025, 19.970581, 19.895073, 0.27534860, 0.32225287, 0.34504002, 0.34731022, 0.34835589, 0.34923801, 0.34996039, 0.34998512, 0.34985292, 0.34947535, 0.53497010
0.23292631, 1.0000000, 0.55408078, 2.6061356, 7.7663612, 9.4667387, 9.7056904, 9.8171959, 9.9118309, 19.989458, 19.994818, 19.957493, 19.885590, 0.27605999, 0.32766113, 0.34466588, 0.34705660, 0.34817180, 0.34911823, 0.34994727, 0.34997410, 0.34978747, 0.34942794, 0.55408078
0.20831168, 1.0000000, 0.46489733, 1.9467711, 5.9000187, 9.4546452, 9.6959982, 9.8084641, 9.9050493, 19.987551, 19.991442, 19.943581, 19.878422, 0.26946655, 0.30899811, 0.34454477, 0.34695962, 0.34808445, 0.34905043, 0.34993774, 0.34995720, 0.34971792, 0.34939212, 0.46489733
0.18373615, 1.0000000, 0.37585559, 1.3249069, 3.9894595, 9.4191198, 9.6734505, 9.7933512, 9.8964281, 19.985212, 19.986156, 19.929697, 19.873070, 0.26324770, 0.28989211, 0.34418827, 0.34673390, 0.34793320, 0.34896418, 0.34992605, 0.34993079, 0.34964848, 0.34936535, 0.37585559
0.16058138, 0.97310764, 0.29196149, 0.71063042, 2.6844354, 8.4965706, 9.6292744, 9.7651176, 9.8822041, 19.982157, 19.978680, 19.916618, 19.869104, 0.25710469, 0.27684069, 0.33495989, 0.34629142, 0.34765053, 0.34882182, 0.34991080, 0.34989339, 0.34958309, 0.34934551, 0.29196149
0.24482125, 1.0000000, 0.59717840, 2.9927254, 8.5727749, 9.4347010, 9.7312613, 9.8206148, 9.9030437, 19.981728, 19.969950, 19.905121, 19.866270, 0.27992401, 0.33572215, 0.34434393, 0.34731200, 0.34820583, 0.34903032, 0.34990865, 0.34984976, 0.34952560, 0.34933135, 0.59717840
0.23913714, 1.0000000, 0.57658380, 2.9091806, 7.9572306, 9.5634050, 9.7533998, 9.8364964, 9.9114609, 19.980364, 19.959402, 19.895250, 19.864212, 0.27909058, 0.32957032, 0.34563285, 0.34753376, 0.34836483, 0.34911457, 0.34990183, 0.34979701, 0.34947625, 0.34932107, 0.57658380
0.35598487, 1.0000000, 0.99994504, 9.9999990, 9.9999962, 9.9999990, 9.9999990, 9.9999990, 9.9999990, 19.999998, 19.999998, 19.999998, 19.998999, 0.34999245, 0.34999543, 0.34999773, 0.34999955, 0.34999976, 0.34999990, 0.34999999, 0.34999999, 0.34999999, 0.34999499, 0.99994504
0.35599488, 1.0000000, 0.99998128, 9.9999342, 9.9999609, 9.9999819, 9.9999962, 9.9999962, 9.9999990, 19.999998, 19.999998, 19.999998, 19.997997, 0.34999740, 0.34999844, 0.34999925, 0.34999985, 0.34999990, 0.34999996, 0.34999999, 0.34999999, 0.34999999, 0.34998998, 0.99998128
0.35575318, 1.0000000, 0.99910569, 9.9878855, 9.9927645, 9.9963827, 9.9992752, 9.9996357, 9.9998770, 19.999998, 19.999998, 19.999990, 19.992998, 0.34987685, 0.34992644, 0.34996325, 0.34999263, 0.34999630, 0.34999874, 0.34999999, 0.34999999, 0.34999996, 0.34996498, 0.99910569
0.34369516, 1.0000000, 0.95541722, 9.3228312, 9.7227020, 9.8495646, 9.9650822, 9.9823246, 9.9939919, 19.999939, 19.999987, 19.999525, 19.969461, 0.34322631, 0.34722579, 0.34849504, 0.34965071, 0.34982318, 0.34993988, 0.34999970, 0.34999993, 0.34999764, 0.34984732, 0.95541722
0.35582799, 1.0000000, 0.99937665, 9.9997253, 9.9994526, 9.9645443, 9.9863110, 9.9931250, 9.9976969, 19.999998, 19.999998, 19.999969, 19.988020, 0.34999603, 0.34999380, 0.34964508, 0.34986305, 0.34993121, 0.34997696, 0.34999999, 0.34999999, 0.34999985, 0.34994009, 0.99937665
0.35594869, 1.0000000, 0.99981415, 9.9976244, 9.9985714, 9.9992933, 9.9998589, 9.9999247, 9.9999723, 19.999998, 19.999998, 19.999989, 19.991005, 0.34997442, 0.34998465, 0.34999239, 0.34999847, 0.34999919, 0.34999970, 0.34999999, 0.34999999, 0.34999993, 0.34995502, 0.99981415
0.32627022, 1.0000000, 0.89228338, 8.2560883, 9.4781189, 9.6988115, 9.9114799, 9.9543180, 9.9828453, 19.998312, 19.999552, 19.999840, 19.985031, 0.33256033, 0.34478080, 0.34698790, 0.34911478, 0.34954315, 0.34982845, 0.34999156, 0.34999776, 0.34999919, 0.34992516, 0.89228338
0.29267395, 1.0000000, 0.77055770, 5.9316840, 9.3546524, 9.5982065, 9.8390083, 9.9124079, 9.9654913, 19.996525, 19.999100, 19.998846, 19.961918, 0.30931595, 0.34354568, 0.34598163, 0.34838998, 0.34912401, 0.34965488, 0.34998262, 0.34999549, 0.34999424, 0.34980959, 0.77055770
0.25592026, 1.0000000, 0.63739222, 3.3468173, 9.2668943, 9.5298662, 9.7801199, 9.8740473, 9.9476032, 19.994886, 19.998676, 19.995878, 19.940794, 0.28346565, 0.34266472, 0.34529647, 0.34780076, 0.34874022, 0.34947595, 0.34997442, 0.34999338, 0.34997940, 0.34970397, 0.63739222
0.22409223, 1.0000000, 0.52207327, 2.1367402, 7.4818888, 9.4616556, 9.7206974, 9.8335981, 9.9259367, 19.991711, 19.997820, 19.990110, 19.922438, 0.27136585, 0.32481563, 0.34461451, 0.34720656, 0.34833577, 0.34925932, 0.34995854, 0.34998912, 0.34995055, 0.34961218, 0.52207327
0.20358136, 1.0000000, 0.44775856, 1.6433179, 5.8219032, 9.4748096, 9.7147970, 9.8240957, 9.9171209, 19.990269, 19.997204, 19.981518, 19.907232, 0.26643136, 0.30821514, 0.34474495, 0.34714732, 0.34824064, 0.34917110, 0.34995133, 0.34998602, 0.34990758, 0.34953615, 0.44775856
0.18038614, 1.0000000, 0.36371788, 1.1144340, 3.9374380, 9.4131918, 9.6804790, 9.8011484, 9.9041462, 19.988464, 19.996035, 19.970312, 19.895050, 0.26114303, 0.28937161, 0.34412861, 0.34680411, 0.34801114, 0.34904134, 0.34994233, 0.34998018, 0.34985155, 0.34947526, 0.36371788
0.16068649, 0.97437716, 0.29234239, 0.62191486, 2.7416735, 8.6973391, 9.6497622, 9.7797184, 9.8913002, 19.985743, 19.993773, 19.957232, 19.885590, 0.25621772, 0.27741292, 0.33696735, 0.34649628, 0.34779650, 0.34891278, 0.34992871, 0.34996885, 0.34978616, 0.34942794, 0.29234239
0.17011704, 1.0000000, 0.32651097, 1.6722500, 2.4649529, 8.0138493, 9.7033291, 9.8072233, 9.9001226, 19.985481, 19.990799, 19.943443, 19.878439, 0.26671961, 0.27464697, 0.33013433, 0.34703228, 0.34807172, 0.34900105, 0.34992740, 0.34995401, 0.34971720, 0.34939221, 0.32651097
0.15480262, 0.90332282, 0.27102396, 1.1062384, 2.0098686, 7.1183167, 9.6723480, 9.7908812, 9.8930483, 19.983105, 19.985500, 19.929565, 19.873070, 0.26106161, 0.27009785, 0.32118171, 0.34672311, 0.34790859, 0.34893042, 0.34991553, 0.34992748, 0.34964782, 0.34936535, 0.27102396
0.14198405, 0.74852455, 0.22457983, 0.67831278, 1.6177028, 6.2379141, 9.6598635, 9.7824640, 9.8884926, 19.980785, 19.978191, 19.916536, 19.869129, 0.25678071, 0.26617357, 0.31237251, 0.34659657, 0.34782359, 0.34888458, 0.34990394, 0.34989095, 0.34958267, 0.34934565, 0.22457983
0.13278204, 0.63740063, 0.19123931, 0.50269365, 1.2596548, 5.3215556, 9.6413298, 9.7706451, 9.8828545, 19.978558, 19.968945, 19.904949, 19.866270, 0.25502491, 0.26259351, 0.30320916, 0.34641099, 0.34770525, 0.34882817, 0.34989280, 0.34984472, 0.34952474, 0.34933135, 0.19123931
0.12242877, 0.51237345, 0.15372741, 0.22702813, 0.93979836, 4.3850627, 9.6164103, 9.7552357, 9.8757162, 19.975885, 19.958082, 19.895012, 19.864189, 0.25226966, 0.25939643, 0.29384699, 0.34616250, 0.34755155, 0.34875688, 0.34987944, 0.34979039, 0.34947506, 0.34932095, 0.15372741
0.19247872, 1.0000000, 0.40753159, 2.9881268, 2.9747815, 8.0353994, 9.6091604, 9.7489424, 9.8709106, 19.971266, 19.945818, 19.886726, 19.862673, 0.27987686, 0.27974519, 0.33035046, 0.34609073, 0.34748900, 0.34870896, 0.34985632, 0.34972909, 0.34943363, 0.34931338, 0.40753159
0.16812637, 1.0000000, 0.31929848, 1.9520223, 2.3386626, 6.8762641, 9.6164398, 9.7520075, 9.8704214, 19.965054, 19.933067, 19.880018, 19.861578, 0.26951808, 0.27338508, 0.31876037, 0.34616378, 0.34751976, 0.34870410, 0.34982526, 0.34966534, 0.34940010, 0.34930789, 0.31929848
0.14860559, 0.82848698, 0.24857095, 1.2031287, 1.7938972, 5.7502375, 9.6062765, 9.7461720, 9.8678427, 19.958326, 19.920866, 19.874779, 19.860826, 0.26202849, 0.26793647, 0.30749840, 0.34606144, 0.34746104, 0.34867817, 0.34979165, 0.34960434, 0.34937388, 0.34930414, 0.24857095
0.13202022, 0.62820065, 0.18847905, 0.63762367, 1.3049573, 4.6137896, 9.5860767, 9.7335701, 9.8616371, 19.950071, 19.909504, 19.870716, 19.860292, 0.25637239, 0.26304486, 0.29612958, 0.34585732, 0.34733394, 0.34861577, 0.34975034, 0.34954751, 0.34935358, 0.34930146, 0.18847905
0.11768793, 0.45512277, 0.13655049, 0.23761690, 0.85820556, 3.3877084, 9.5479259, 9.7089090, 9.8492994, 19.940592, 19.899382, 19.867638, 19.859896, 0.25237489, 0.25857931, 0.28387165, 0.34547618, 0.34708753, 0.34849244, 0.34970295, 0.34949690, 0.34933817, 0.34929949, 0.13655049
0.10799775, 0.33810315, 0.10144109, 0.21404028E-1, 0.50667822, 2.5657387, 9.0908804, 9.6785698, 9.8337774, 19.930521, 19.890711, 19.865295, 19.859598, 0.25021383, 0.25506386, 0.27564999, 0.34090355, 0.34678292, 0.34833682, 0.34965259, 0.34945357, 0.34932649, 0.34929800, 0.10144109
0.10300401, 0.27779838, 0.83347850E-1, 0.0000000, 0.26197731, 2.0503311, 8.4423857, 9.6696320, 9.8258038, 19.919622, 19.883368, 19.863525, 19.859415, 0.24998577, 0.25261870, 0.27049908, 0.33442035, 0.34669432, 0.34825736, 0.34959811, 0.34941685, 0.34931761, 0.34929708, 0.83347850E-1
0.98592341E-1, 0.22452267, 0.67363538E-1, 0.0000000, 0.76398253E-1, 1.5164584, 7.6612973, 9.6324472, 9.8063192, 19.908800, 19.877352, 19.862188, 19.859287, 0.24998577, 0.25076348, 0.26515961, 0.32660797, 0.34632131, 0.34806213, 0.34954399, 0.34938675, 0.34931093, 0.34929645, 0.67363538E-1
0.94782263E-1, 0.17851186, 0.53558916E-1, 0.0000000, 0.0000000, 0.96633434, 6.6123505, 9.5651560, 9.7712011, 19.898874, 19.872585, 19.861210, 19.859217, 0.24998577, 0.24998172, 0.25966021, 0.31611925, 0.34564847, 0.34771097, 0.34949437, 0.34936291, 0.34930605, 0.34929609, 0.53558916E-1
0.92319109E-1, 0.14876665, 0.44634461E-1, 0.0000000, 0.0000000, 0.58984756, 5.5339842, 9.5433264, 9.7551508, 19.889904, 19.868809, 19.860493, 19.859169, 0.24998577, 0.24998172, 0.25589514, 0.30533361, 0.34542787, 0.34754968, 0.34944952, 0.34934404, 0.34930247, 0.34929585, 0.44634461E-1
0.91074452E-1, 0.13373606, 0.40124830E-1, 0.0000000, 0.0000000, 0.42731464, 4.8034096, 9.6139593, 9.7839975, 19.882742, 19.866051, 19.860027, 19.859133, 0.24998577, 0.24998172, 0.25426999, 0.29802698, 0.34613249, 0.34783757, 0.34941369, 0.34933025, 0.34930015, 0.34929568, 0.40124830E-1
0.89295961E-1, 0.11225884, 0.33681020E-1, 0.0000000, 0.0000000, 0.21546483, 3.7659104, 9.5213537, 9.7417078, 19.876034, 19.863779, 19.859604, 19.859087, 0.24998577, 0.24998172, 0.25215417, 0.28765744, 0.34521142, 0.34741637, 0.34938017, 0.34931889, 0.34929803, 0.34929544, 0.33681020E-1
0.88060528E-1, 0.97339623E-1, 0.29204808E-1, 0.0000000, 0.0000000, 0.10219812, 2.9891043, 9.2319517, 9.7233973, 19.871298, 19.862253, 19.859367, 19.859058, 0.24998577, 0.24998172, 0.25102091, 0.27988479, 0.34230986, 0.34723058, 0.34935647, 0.34931126, 0.34929684, 0.34929529, 0.29204808E-1
0.87008595E-1, 0.84636398E-1, 0.25393460E-1, 0.0000000, 0.0000000, 0.15360117E-1, 2.5784969, 8.3893623, 9.6945000, 19.866497, 19.860851, 19.859169, 19.859022, 0.24998577, 0.24998172, 0.25015342, 0.27577895, 0.33388385, 0.34694123, 0.34933248, 0.34930426, 0.34929585, 0.34929511, 0.25393460E-1
0.19246283, 1.0000000, 0.40747404, 2.8437734, 2.9186935, 8.7211466, 9.2610664, 9.5251017, 9.7998104, 19.864511, 19.860258, 19.859152, 19.859016, 0.27843010, 0.27918223, 0.33720443, 0.34260917, 0.34525025, 0.34799784, 0.34932256, 0.34930128, 0.34929577, 0.34929508, 0.40747404
0.35599899, 1.0000000, 0.99999636, 9.9999990, 9.9999990, 9.9999990, 9.9999990, 9.9999990, 9.9999990, 19.999998, 19.999998, 19.999998, 19.998999, 0.34999949, 0.34999970, 0.34999985, 0.34999996, 0.34999996, 0.34999999, 0.34999999, 0.34999999, 0.34999999, 0.34999499, 0.99999636
0.35599840, 1.0000000, 0.99999416, 9.9999428, 9.9999666, 9.9999790, 9.9999962, 9.9999962, 9.9999990, 19.999998, 19.999998, 19.999998, 19.997997, 0.34999919, 0.34999952, 0.34999973, 0.34999996, 0.34999996, 0.34999999, 0.34999999, 0.34999999, 0.34999999, 0.34998998, 0.99999416
0.35471481, 1.0000000, 0.99534345, 9.9991589, 9.9078188, 9.8836384, 9.9738998, 9.9868364, 9.9954681, 19.999868, 19.999964, 19.999969, 19.989016, 0.34999111, 0.34907791, 0.34883624, 0.34973899, 0.34986836, 0.34995466, 0.34999934, 0.34999982, 0.34999985, 0.34994507, 0.99534345
0.33271062, 1.0000000, 0.91561812, 8.6853037, 9.5319395, 9.7148676, 9.9156446, 9.9562807, 9.9841814, 19.999134, 19.999773, 19.999275, 19.965666, 0.33685279, 0.34531924, 0.34714860, 0.34915641, 0.34956282, 0.34984180, 0.34999567, 0.34999886, 0.34999639, 0.34982833, 0.91561812
0.33737463, 1.0000000, 0.93251681, 9.1007681, 9.4428988, 9.6554718, 9.8650370, 9.9268551, 9.9717464, 19.997782, 19.999420, 19.996719, 19.944166, 0.34099248, 0.34441954, 0.34654990, 0.34864938, 0.34926805, 0.34971729, 0.34998891, 0.34999710, 0.34998360, 0.34972084, 0.93251681
0.35599160, 1.0000000, 0.99996960, 9.9997044, 9.9998207, 9.9999104, 9.9999819, 9.9999905, 9.9999962, 19.999998, 19.999998, 19.999998, 19.996996, 0.34999582, 0.34999746, 0.34999874, 0.34999976, 0.34999987, 0.34999996, 0.34999999, 0.34999999, 0.34999999, 0.34998497, 0.99996960
0.35599756, 1.0000000, 0.99999112, 9.9999990, 9.9999990, 9.9999962, 9.9999990, 9.9999990, 9.9999990, 19.999998, 19.999998, 19.999998, 19.998999, 0.34999877, 0.34999928, 0.34999961, 0.34999993, 0.34999996, 0.34999999, 0.34999999, 0.34999999, 0.34999999, 0.34999499, 0.99999112
0.35599124, 1.0000000, 0.99996817, 9.9997492, 9.9998503, 9.9999218, 9.9999819, 9.9999933, 9.9999990, 19.999998, 19.999998, 19.999998, 19.996996, 0.34999561, 0.34999737, 0.34999865, 0.34999970, 0.34999987, 0.34999996, 0.34999999, 0.34999999, 0.34999999, 0.34998497, 0.99996817
0.34976184, 1.0000000, 0.97739792, 9.7017975, 9.8046064, 9.8849955, 9.9734983, 9.9866161, 9.9953012, 19.999784, 19.999945, 19.999950, 19.987026, 0.34701753, 0.34804580, 0.34884980, 0.34973496, 0.34986615, 0.34995300, 0.34999892, 0.34999973, 0.34999976, 0.34993511, 0.97739792
0.35599589, 1.0000000, 0.99998510, 9.9999037, 9.9999428, 9.9999695, 9.9999933, 9.9999962, 9.9999990, 19.999998, 19.999998, 19.999998, 19.997997, 0.34999794, 0.34999877, 0.34999937, 0.34999987, 0.34999993, 0.34999999, 0.34999999, 0.34999999, 0.34999999, 0.34998998, 0.99998510
0.31805879, 1.0000000, 0.86253172, 7.7139540, 9.4151478, 9.6536560, 9.8907766, 9.9430895, 9.9785347, 19.997931, 19.999456, 19.999586, 19.974239, 0.32713935, 0.34415132, 0.34653649, 0.34890774, 0.34943089, 0.34978536, 0.34998965, 0.34999728, 0.34999794, 0.34987119, 0.86253172
0.27810147, 1.0000000, 0.71775895, 4.9296398, 9.2923059, 9.5523195, 9.8059101, 9.8926449, 9.9565020, 19.995012, 19.998693, 19.997742, 19.951899, 0.29929513, 0.34292158, 0.34552243, 0.34805897, 0.34892637, 0.34956500, 0.34997505, 0.34999347, 0.34998870, 0.34975949, 0.71775895
0.25374264, 1.0000000, 0.62950230, 3.1185794, 9.3562908, 9.5835600, 9.7940035, 9.8793764, 9.9480915, 19.994333, 19.998512, 19.993660, 19.932005, 0.28118208, 0.34355623, 0.34583217, 0.34793934, 0.34879342, 0.34948081, 0.34997165, 0.34999257, 0.34996831, 0.34966004, 0.62950230
0.34683973, 1.0000000, 0.96681041, 9.6490574, 9.5991688, 9.7752666, 9.9392014, 9.9688835, 9.9885273, 19.999004, 19.999737, 19.999882, 19.985031, 0.34648895, 0.34599072, 0.34775215, 0.34939191, 0.34968877, 0.34988526, 0.34999502, 0.34999868, 0.34999940, 0.34992516, 0.96681041
0.34173113, 1.0000000, 0.94830108, 9.2103806, 9.6842604, 9.8278122, 9.9585953, 9.9789848, 9.9926853, 19.999743, 19.999928, 19.999943, 19.986019, 0.34210333, 0.34684229, 0.34827796, 0.34958592, 0.34978983, 0.34992686, 0.34999871, 0.34999964, 0.34999973, 0.34993011, 0.94830108
0.32840067, 1.0000000, 0.90000236, 8.4197140, 9.4722834, 9.6845102, 9.8961258, 9.9454374, 9.9796886, 19.998508, 19.999611, 19.999046, 19.962851, 0.33419502, 0.34472141, 0.34684438, 0.34896111, 0.34945428, 0.34979686, 0.34999254, 0.34999806, 0.34999523, 0.34981424, 0.90000236
0.35599798, 1.0000000, 0.99999267, 9.9999485, 9.9999695, 9.9999847, 9.9999933, 9.9999990, 9.9999962, 19.999998, 19.999998, 19.999998, 19.997997, 0.34999898, 0.34999940, 0.34999970, 0.34999990, 0.34999999, 0.34999996, 0.34999999, 0.34999999, 0.34999999, 0.34998998, 0.99999267
0.35599893, 1.0000000, 0.99999613, 9.9999990, 9.9999990, 9.9999990, 9.9999990, 9.9999990, 9.9999990, 19.999998, 19.999998, 19.999998, 19.998999, 0.34999946, 0.34999967, 0.34999985, 0.34999996, 0.34999996, 0.34999999, 0.34999999, 0.34999999, 0.34999999, 0.34999499, 0.99999613
0.33444297, 1.0000000, 0.92189485, 8.7915163, 9.5482540, 9.7429819, 9.9302168, 9.9642124, 9.9871292, 19.999249, 19.999802, 19.999714, 19.975233, 0.33791465, 0.34548220, 0.34742963, 0.34930214, 0.34964210, 0.34987128, 0.34999624, 0.34999901, 0.34999856, 0.34987617, 0.92189485
0.29970700, 1.0000000, 0.79603970, 6.4387331, 9.3560638, 9.6025743, 9.8479404, 9.9181623, 9.9682922, 19.997114, 19.999241, 19.997997, 19.952820, 0.31438461, 0.34355825, 0.34602451, 0.34847915, 0.34918150, 0.34968290, 0.34998557, 0.34999621, 0.34998998, 0.34976411, 0.79603970
0.33890855, 1.0000000, 0.93807435, 9.0421448, 9.6396036, 9.8009138, 9.9465113, 9.9726820, 9.9897432, 19.998909, 19.999712, 19.999901, 19.987009, 0.34041765, 0.34639362, 0.34800792, 0.34946486, 0.34972671, 0.34989741, 0.34999454, 0.34999856, 0.34999949, 0.34993505, 0.93807435
0.35259134, 1.0000000, 0.98764974, 9.8282890, 9.9060287, 9.9520493, 9.9901085, 9.9950523, 9.9983454, 19.999998, 19.999998, 19.999983, 19.990009, 0.34825704, 0.34904468, 0.34951267, 0.34989950, 0.34994975, 0.34998319, 0.34999999, 0.34999999, 0.34999990, 0.34995005, 0.98764974
0.35599780, 1.0000000, 0.99999201, 9.9999990, 9.9999990, 9.9999990, 9.9999990, 9.9999990, 9.9999990, 19.999998, 19.999998, 19.999998, 19.998999, 0.34999889, 0.34999934, 0.34999967, 0.34999993, 0.34999996, 0.34999999, 0.34999999, 0.34999999, 0.34999999, 0.34999499, 0.99999201
0.32609636, 1.0000000, 0.89165336, 8.2386112, 9.4845333, 9.7016640, 9.9134588, 9.9553356, 9.9835377, 19.998688, 19.999653, 19.999655, 19.975233, 0.33238566, 0.34484503, 0.34701648, 0.34913456, 0.34955332, 0.34983537, 0.34999344, 0.34999827, 0.34999827, 0.34987617, 0.89165336
0.28913668, 1.0000000, 0.75774157, 5.6901889, 9.3375292, 9.5856962, 9.8315334, 9.9081669, 9.9638634, 19.996511, 19.999086, 19.997936, 19.952820, 0.30689982, 0.34337327, 0.34585592, 0.34831512, 0.34908155, 0.34963861, 0.34998256, 0.34999543, 0.34998968, 0.34976411, 0.75774157
0.26735920, 1.0000000, 0.67883760, 4.0697107, 9.3964872, 9.6142998, 9.8187132, 9.8955202, 9.9567442, 19.996441, 19.999067, 19.993998, 19.932829, 0.29069370, 0.34396020, 0.34614059, 0.34818667, 0.34895498, 0.34956735, 0.34998220, 0.34999534, 0.34996998, 0.34966415, 0.67883760
0.25412408, 1.0000000, 0.63088429, 3.1260455, 9.3820972, 9.5973434, 9.7955341, 9.8783588, 9.9467249, 19.995256, 19.998674, 19.987141, 19.915798, 0.28125888, 0.34381816, 0.34597197, 0.34795505, 0.34878343, 0.34946719, 0.34997627, 0.34999338, 0.34993571, 0.34957898, 0.63088429
0.24149895, 1.0000000, 0.58514106, 2.8443396, 8.3560162, 9.5471916, 9.7624302, 9.8560762, 9.9340353, 19.993170, 19.997751, 19.977386, 19.901848, 0.27844316, 0.33355975, 0.34547168, 0.34762424, 0.34856072, 0.34934035, 0.34996584, 0.34998876, 0.34988692, 0.34950924, 0.58514106
0.22422470, 1.0000000, 0.52255327, 2.3742409, 7.0553579, 9.5456820, 9.7561846, 9.8490524, 9.9280577, 19.992033, 19.996479, 19.965359, 19.890842, 0.27374151, 0.32055199, 0.34545574, 0.34756163, 0.34849042, 0.34928054, 0.34996015, 0.34998238, 0.34982678, 0.34945422, 0.52255327
0.20467728, 1.0000000, 0.45172921, 1.8402755, 5.6086168, 9.5061493, 9.7334671, 9.8339291, 9.9191608, 19.990126, 19.993946, 19.951822, 19.882410, 0.26839918, 0.30607963, 0.34505594, 0.34733355, 0.34833872, 0.34919143, 0.34995061, 0.34996974, 0.34975910, 0.34941205, 0.45172921
0.18430722, 1.0000000, 0.37792468, 1.3146073, 4.0499544, 9.4669924, 9.7071056, 9.8164396, 9.9093885, 19.987883, 19.989794, 19.937788, 19.876024, 0.26313820, 0.29048496, 0.34465292, 0.34706756, 0.34816262, 0.34909329, 0.34993941, 0.34994897, 0.34968895, 0.34938014, 0.37792468
0.16742328, 1.0000000, 0.31675100, 0.87757111, 2.9381216, 9.0736217, 9.6903915, 9.8042555, 9.9018726, 19.985600, 19.983711, 19.924171, 19.871300, 0.25876918, 0.27936810, 0.34071594, 0.34689960, 0.34804037, 0.34901798, 0.34992799, 0.34991854, 0.34962085, 0.34935650, 0.31675100
0.15368107, 0.88977903, 0.26696041, 0.50715208, 2.4061589, 8.0581322, 9.6687727, 9.7898111, 9.8939734, 19.983109, 19.975538, 19.911661, 19.867834, 0.25506717, 0.27404919, 0.33056056, 0.34668276, 0.34789559, 0.34893888, 0.34991553, 0.34987769, 0.34955829, 0.34933919, 0.26696041
0.14203528, 0.74914330, 0.22476548, 0.23269355, 1.9477904, 7.0775170, 9.6578770, 9.7815371, 9.8887329, 19.980345, 19.965467, 19.900715, 19.865335, 0.25232533, 0.26946980, 0.32076046, 0.34657475, 0.34781334, 0.34888664, 0.34990174, 0.34982735, 0.34950358, 0.34932667, 0.22476548
0.18327016, 1.0000000, 0.37416720, 2.8180509, 2.8954387, 6.5135579, 9.7113190, 9.8106012, 9.8997221, 19.978594, 19.954348, 19.891560, 19.863531, 0.27816775, 0.27894652, 0.31512675, 0.34711057, 0.34810469, 0.34899679, 0.34989297, 0.34977174, 0.34945780, 0.34931767, 0.37416720
0.18078877, 1.0000000, 0.36517668, 2.8648615, 2.2273779, 7.0884337, 9.7073956, 9.8106155, 9.9009876, 19.975327, 19.942249, 19.884045, 19.862230, 0.27864823, 0.27227360, 0.32088408, 0.34707388, 0.34810612, 0.34900987, 0.34987664, 0.34971124, 0.34942022, 0.34931114, 0.36517668
0.22413416, 1.0000000, 0.52222520, 2.3576927, 7.6139007, 8.4904909, 9.6518459, 9.7787952, 9.8877802, 19.969355, 19.929638, 19.877947, 19.861273, 0.27357680, 0.32613879, 0.33490479, 0.34651843, 0.34778795, 0.34887779, 0.34984678, 0.34964818, 0.34938973, 0.34930637, 0.52222520
0.19872367, 1.0000000, 0.43015820, 1.7970592, 4.9966149, 9.4503803, 9.6830254, 9.7942514, 9.8916330, 19.961914, 19.917559, 19.873211, 19.860609, 0.26796776, 0.29996145, 0.34449938, 0.34682932, 0.34794208, 0.34891617, 0.34980959, 0.34958780, 0.34936607, 0.34930304, 0.43015820
0.17869346, 1.0000000, 0.35758498, 1.3033718, 3.3992214, 9.4520769, 9.6829472, 9.7945652, 9.8910828, 19.953087, 19.906523, 19.869556, 19.860121, 0.26303160, 0.28398892, 0.34451619, 0.34682855, 0.34794518, 0.34891069, 0.34976542, 0.34953260, 0.34934777, 0.34930059, 0.35758498
0.16308022, 1.0000000, 0.30101529, 0.87030232, 2.6077330, 8.7106237, 9.6710424, 9.7877092, 9.8872395, 19.942774, 19.896753, 19.866758, 19.859774, 0.25870109, 0.27607381, 0.33710039, 0.34670910, 0.34787643, 0.34887218, 0.34971386, 0.34948376, 0.34933379, 0.34929886, 0.30101529
0.14992875, 0.84446567, 0.25336504, 0.52548051, 2.1198602, 7.6637378, 9.6557331, 9.7779398, 9.8815336, 19.931850, 19.888462, 19.864656, 19.859533, 0.25525296, 0.27119410, 0.32662925, 0.34655526, 0.34777835, 0.34881496, 0.34965926, 0.34944230, 0.34932327, 0.34929767, 0.25336504
0.13829161, 0.70393461, 0.21120150, 0.25456846, 1.6839266, 6.6320424, 9.6422319, 9.7685957, 9.8751516, 19.920614, 19.881594, 19.863064, 19.859352, 0.25254425, 0.26683354, 0.31630912, 0.34641904, 0.34768429, 0.34875095, 0.34960306, 0.34940797, 0.34931532, 0.34929675, 0.21120150
0.12780827, 0.57733679, 0.17321835, 0.58555603E-1, 1.2821525, 5.5628033, 9.6200123, 9.7538881, 9.8662863, 19.909813, 19.876043, 19.861876, 19.859287, 0.25058511, 0.26281574, 0.30561548, 0.34619576, 0.34753668, 0.34866211, 0.34954906, 0.34938022, 0.34930938, 0.34929645, 0.17321835
0.11857513, 0.46583661, 0.13976496, 0.0000000, 0.88377893, 4.3363347, 9.5745525, 9.7246065, 9.8509254, 19.899813, 19.871664, 19.861015, 19.859222, 0.24998027, 0.25883365, 0.29335314, 0.34574103, 0.34724376, 0.34850848, 0.34949905, 0.34935832, 0.34930509, 0.34929612, 0.13976496
0.11079480, 0.37188062, 0.11157534, 0.0000000, 0.57304502, 3.0889030, 9.5370111, 9.6986933, 9.8363609, 19.891483, 19.868382, 19.860424, 19.859205, 0.24998027, 0.25572696, 0.28087962, 0.34536430, 0.34698400, 0.34836259, 0.34945741, 0.34934190, 0.34930211, 0.34929603, 0.11157534
0.10563804, 0.30960727, 0.92891470E-1, 0.0000000, 0.33521950, 2.4273424, 9.0029268, 9.6800098, 9.8245401, 19.883934, 19.865755, 19.859964, 19.859169, 0.24998027, 0.25335047, 0.27426720, 0.34002465, 0.34679762, 0.34824458, 0.34941965, 0.34932879, 0.34929982, 0.34929585, 0.92891470E-1
0.14041023, 0.72951919, 0.21887764, 1.7145008, 1.8358827, 2.1852880, 8.6143599, 9.7272224, 9.8407354, 19.877676, 19.863775, 19.859657, 19.859152, 0.26713747, 0.26835397, 0.27184999, 0.33614135, 0.34727094, 0.34840691, 0.34938839, 0.34931886, 0.34929830, 0.34929577, 0.21887764
0.16207907, 0.99119395, 0.29738793, 2.8559299, 2.2361815, 2.8246551, 8.5486431, 9.7448902, 9.8475952, 19.872849, 19.862347, 19.859489, 19.859133, 0.27855194, 0.27235836, 0.27824438, 0.33548513, 0.34744814, 0.34847569, 0.34936425, 0.34931174, 0.34929746, 0.34929568, 0.29738793
0.14488061, 0.78350377, 0.23507464, 1.9769877, 1.7959237, 2.5432885, 8.2189112, 9.7493458, 9.8488798, 19.868313, 19.861135, 19.859354, 19.859110, 0.26976892, 0.26795870, 0.27543253, 0.33218887, 0.34749332, 0.34848875, 0.34934157, 0.34930569, 0.34929678, 0.34929556, 0.23507464
0.13303941, 0.64050859, 0.19217180, 1.4036179, 1.4691740, 2.3097754, 7.9155688, 9.7553110, 9.8508892, 19.865406, 19.860407, 19.859295, 19.859098, 0.26403153, 0.26468882, 0.27309546, 0.32915410, 0.34755212, 0.34850857, 0.34932703, 0.34930202, 0.34929648, 0.34929550, 0.19217180
0.13336313, 0.64441776, 0.19334467, 1.6374290, 1.2355238, 2.1276207, 7.6491528, 9.7671051, 9.8549500, 19.863308, 19.859911, 19.859222, 19.859076, 0.26636970, 0.26235315, 0.27127442, 0.32649025, 0.34767023, 0.34854922, 0.34931654, 0.34929955, 0.34929612, 0.34929538, 0.19334467
0.12235764, 0.51151448, 0.15346970, 1.0879099, 0.96732974, 1.9000143, 7.3409715, 9.7529449, 9.8492966, 19.861389, 19.859489, 19.859158, 19.859058, 0.26087606, 0.25967169, 0.26899856, 0.32340848, 0.34752864, 0.34849271, 0.34930694, 0.34929746, 0.34929579, 0.34929529, 0.15346970
0.11361494, 0.40593693, 0.12179326, 0.68095922, 0.73598623, 1.6759872, 7.0053558, 9.7401571, 9.8436441, 19.860088, 19.859259, 19.859098, 19.859045, 0.25680691, 0.25735813, 0.26675791, 0.32005191, 0.34740043, 0.34843606, 0.34930044, 0.34929630, 0.34929550, 0.34929523, 0.12179326
0.10575497, 0.31101924, 0.93315110E-1, 0.34663379, 0.50977468, 1.4268577, 6.6084037, 9.7163591, 9.8333406, 19.858862, 19.858980, 19.859034, 19.859022, 0.25346342, 0.25509518, 0.26426497, 0.31608069, 0.34716114, 0.34833258, 0.34929430, 0.34929490, 0.34929517, 0.34929511, 0.93315110E-1
0.10090344, 0.25243175, 0.75737104E-1, 0.16446710, 0.35979748, 1.2359530, 6.2351313, 9.7175274, 9.8325577, 19.858061, 19.858757, 19.858969, 19.859005, 0.25164336, 0.25359625, 0.26235658, 0.31234834, 0.34717295, 0.34832481, 0.34929031, 0.34929377, 0.34929484, 0.34929502, 0.75737104E-1
0.96848249E-1, 0.20346092, 0.61044380E-1, 0.47013164E-1, 0.22398829, 1.0136783, 5.7790971, 9.6886511, 9.8205805, 19.857670, 19.858614, 19.858929, 19.858992, 0.25046968, 0.25223863, 0.26013395, 0.30778772, 0.34688380, 0.34820488, 0.34928834, 0.34929305, 0.34929463, 0.34929496, 0.61044380E-1
0.14379737, 0.77042264, 0.23114991, 1.8246323, 2.2820830, 2.1391451, 6.6173720, 9.7513971, 9.8441448, 19.857769, 19.858578, 19.858923, 19.858992, 0.26824218, 0.27281770, 0.27138999, 0.31617284, 0.34751332, 0.34844121, 0.34928885, 0.34929287, 0.34929460, 0.34929496, 0.23114991
0.32387125, 1.0000000, 0.88359147, 8.4036407, 9.1464729, 9.3762341, 9.5921707, 9.8059750, 9.8660555, 19.858034, 19.858578, 19.858923, 19.858992, 0.33403015, 0.34146065, 0.34376025, 0.34592128, 0.34805954, 0.34866050, 0.34929016, 0.34929287, 0.34929460, 0.34929496, 0.88359147
0.35599512, 1.0000000, 0.99998224, 9.9998531, 9.9999104, 9.9999580, 9.9999905, 9.9999962, 9.9999990, 19.999998, 19.999998, 19.999998, 19.996996, 0.34999755, 0.34999850, 0.34999928, 0.34999985, 0.34999993, 0.34999999, 0.34999999, 0.34999999, 0.34999999, 0.34998497, 0.99998224
0.35599768, 1.0000000, 0.99999154, 9.9999990, 9.9999990, 9.9999990, 9.9999990, 9.9999990, 9.9999962, 19.999998, 19.999998, 19.999998, 19.998999, 0.34999883, 0.34999931, 0.34999964, 0.34999993, 0.34999996, 0.34999996, 0.34999999, 0.34999999, 0.34999999, 0.34999499, 0.99999154
0.33397204, 1.0000000, 0.92018837, 8.7303371, 9.5824022, 9.7637367, 9.9378557, 9.9682264, 9.9887705, 19.999540, 19.999880, 19.999725, 19.975233, 0.33730111, 0.34582254, 0.34763661, 0.34937841, 0.34968218, 0.34988767, 0.34999770, 0.34999940, 0.34999862, 0.34987617, 0.92018837
0.29922205, 1.0000000, 0.79428273, 6.3940964, 9.3670921, 9.6103401, 9.8560658, 9.9229374, 9.9710093, 19.998163, 19.999516, 19.998062, 19.952837, 0.31393760, 0.34366792, 0.34610188, 0.34856036, 0.34922922, 0.34971005, 0.34999081, 0.34999758, 0.34999031, 0.34976417, 0.79428273
0.26668197, 1.0000000, 0.67638391, 4.0841904, 9.3164587, 9.5648775, 9.8041410, 9.8894377, 9.9557228, 19.997061, 19.999228, 19.994070, 19.932823, 0.29084024, 0.34316230, 0.34564760, 0.34804118, 0.34889427, 0.34955719, 0.34998530, 0.34999615, 0.34997034, 0.34966412, 0.67638391
0.24148951, 1.0000000, 0.58510691, 2.7884364, 8.4490223, 9.5431538, 9.7715578, 9.8654013, 9.9422159, 19.995607, 19.998756, 19.987188, 19.915798, 0.27788296, 0.33448771, 0.34543011, 0.34771529, 0.34865385, 0.34942210, 0.34997803, 0.34999377, 0.34993595, 0.34957898, 0.58510691
0.27304971, 1.0000000, 0.69945544, 4.5451603, 9.3133087, 9.5821323, 9.7769823, 9.8637724, 9.9374475, 19.994547, 19.998108, 19.977505, 19.901859, 0.29544860, 0.34312937, 0.34581941, 0.34776944, 0.34863752, 0.34937441, 0.34997272, 0.34999055, 0.34988752, 0.34950930, 0.69945544
0.24474210, 1.0000000, 0.59689164, 2.9098988, 8.6491213, 9.5335102, 9.7522764, 9.8473110, 9.9277201, 19.992884, 19.996717, 19.965454, 19.890842, 0.27909300, 0.33648053, 0.34532920, 0.34752154, 0.34847251, 0.34927699, 0.34996441, 0.34998357, 0.34982726, 0.34945422, 0.59689164
0.22427623, 1.0000000, 0.52273995, 2.3404450, 7.1344852, 9.5210066, 9.7392979, 9.8372679, 9.9207392, 19.991215, 19.994267, 19.951935, 19.882410, 0.27339911, 0.32133511, 0.34520358, 0.34739164, 0.34837198, 0.34920716, 0.34995607, 0.34997132, 0.34975967, 0.34941205, 0.52273995
0.20534149, 1.0000000, 0.45413584, 1.8463224, 5.6812162, 9.5058527, 9.7288551, 9.8292723, 9.9153013, 19.989706, 19.990332, 19.937946, 19.876030, 0.26845607, 0.30679896, 0.34504750, 0.34728628, 0.34829158, 0.34915262, 0.34994853, 0.34995165, 0.34968972, 0.34938014, 0.45413584
0.18580738, 1.0000000, 0.38336003, 1.3644636, 4.1467528, 9.4703779, 9.7086678, 9.8161516, 9.9082470, 19.988003, 19.984434, 19.924347, 19.871317, 0.26363549, 0.29145086, 0.34468475, 0.34708276, 0.34815955, 0.34908181, 0.34994000, 0.34992218, 0.34962174, 0.34935659, 0.38336003
0.17004776, 1.0000000, 0.32625997, 0.99082589, 2.9602528, 9.2813396, 9.7013359, 9.8102188, 9.9042139, 19.986237, 19.976461, 19.911861, 19.867870, 0.25990283, 0.27959278, 0.34279814, 0.34701017, 0.34810057, 0.34904161, 0.34993118, 0.34988230, 0.34955931, 0.34933937, 0.32625997
0.15875304, 0.95102853, 0.28533709, 0.68860054, 2.5306911, 8.4217110, 9.6946163, 9.8052177, 9.9010086, 19.984125, 19.966530, 19.900928, 19.865347, 0.25688133, 0.27529660, 0.33419997, 0.34694225, 0.34805018, 0.34900939, 0.34992063, 0.34983265, 0.34950465, 0.34932673, 0.28533709
0.14877588, 0.83054358, 0.24918799, 0.45018792, 2.1439462, 7.5819869, 9.6877365, 9.8004599, 9.8982391, 19.981375, 19.955130, 19.891699, 19.863531, 0.25449806, 0.27142856, 0.32580057, 0.34687242, 0.34800211, 0.34898156, 0.34990686, 0.34977564, 0.34945849, 0.34931767, 0.24918799
0.13986693, 0.72295833, 0.21690920, 0.26083887, 1.7951399, 6.7604399, 9.6806755, 9.7956657, 9.8955116, 19.977507, 19.942814, 19.884127, 19.862225, 0.25260583, 0.26794079, 0.31758440, 0.34680104, 0.34795377, 0.34895414, 0.34988755, 0.34971407, 0.34942064, 0.34931111, 0.21690920
0.13182689, 0.62586612, 0.18777861, 0.11409819, 1.4780819, 5.9458613, 9.6713085, 9.7895622, 9.8922348, 19.972256, 19.930344, 19.878077, 19.861273, 0.25113910, 0.26476619, 0.30942920, 0.34670353, 0.34789079, 0.34892070, 0.34986126, 0.34965172, 0.34939039, 0.34930637, 0.18777861
0.12622306, 0.55819362, 0.16747484, 0.58543682E-1, 1.2493908, 5.2360058, 9.6762543, 9.7918663, 9.8926687, 19.966124, 19.918537, 19.873394, 19.860638, 0.25058386, 0.26247385, 0.30231804, 0.34674701, 0.34791079, 0.34892404, 0.34983063, 0.34959269, 0.34936696, 0.34930319, 0.16747484
0.14095350, 0.73607969, 0.22084600, 1.3794690, 1.0974795, 4.6957273, 9.7009668, 9.8056736, 9.8975525, 19.958447, 19.907694, 19.869768, 19.860157, 0.26376417, 0.26096022, 0.29692614, 0.34699678, 0.34805024, 0.34897336, 0.34979224, 0.34953848, 0.34934884, 0.34930080, 0.22084600
0.13325109, 0.64306474, 0.19293872, 1.0687590, 0.94198585, 4.1662583, 9.7012205, 9.8065395, 9.8975954, 19.949162, 19.898069, 19.866993, 19.859833, 0.26068583, 0.25941893, 0.29166055, 0.34701127, 0.34806493, 0.34897581, 0.34974581, 0.34949034, 0.34933496, 0.34929916, 0.19293872
0.12416902, 0.53338885, 0.16003266, 0.72103143, 0.74873269, 3.5317593, 9.6669893, 9.7871218, 9.8888159, 19.938517, 19.889774, 19.864878, 19.859575, 0.25720143, 0.25748178, 0.28530455, 0.34666273, 0.34786758, 0.34888694, 0.34969258, 0.34944886, 0.34932441, 0.34929788, 0.16003266
0.11620980, 0.43727267, 0.13119492, 0.43009520, 0.56446195, 2.9783368, 9.5124683, 9.7692490, 9.8787718, 19.927319, 19.882832, 19.863289, 19.859409, 0.25429645, 0.25564107, 0.27977404, 0.34511873, 0.34768942, 0.34878668, 0.34963658, 0.34941417, 0.34931645, 0.34929705, 0.13119492
0.11006901, 0.36311606, 0.10894571, 0.21577179, 0.40256381, 2.6114793, 9.1266918, 9.7496758, 9.8674650, 19.916309, 19.877224, 19.862082, 19.859299, 0.25215566, 0.25402334, 0.27610737, 0.34126174, 0.34749398, 0.34867373, 0.34958154, 0.34938613, 0.34931040, 0.34929651, 0.10894571
0.10498303, 0.30169722, 0.90518221E-1, 0.68661571E-1, 0.26485324, 2.2403181, 8.6878710, 9.7291145, 9.8552074, 19.905973, 19.872747, 19.861225, 19.859251, 0.25068492, 0.25264463, 0.27238661, 0.33686587, 0.34728393, 0.34854963, 0.34952986, 0.34936374, 0.34930614, 0.34929627, 0.90518221E-1
0.10163049, 0.26121175, 0.78371368E-1, 0.0000000, 0.17001629, 1.9332319, 8.2569857, 9.7246771, 9.8494043, 19.896814, 19.869274, 19.860592, 19.859222, 0.24999341, 0.25169939, 0.26932800, 0.33256617, 0.34724459, 0.34849331, 0.34948409, 0.34934637, 0.34930295, 0.34929612, 0.78371368E-1
0.99268191E-1, 0.23268433, 0.69812283E-1, 0.0000000, 0.90327859E-1, 1.6199648, 7.7758551, 9.7072334, 9.8390884, 19.888760, 19.866579, 19.860123, 19.859205, 0.24999341, 0.25090304, 0.26619738, 0.32775638, 0.34707096, 0.34839043, 0.34944379, 0.34933290, 0.34930062, 0.34929603, 0.69812283E-1
0.96990272E-1, 0.20517606, 0.61558973E-1, 0.0000000, 0.26977062E-1, 1.3088167, 7.2272835, 9.6838322, 9.8260212, 19.881813, 19.864477, 19.859781, 19.859180, 0.24999341, 0.25026971, 0.26308662, 0.32227114, 0.34683719, 0.34825984, 0.34940907, 0.34932238, 0.34929889, 0.34929591, 0.61558973E-1
0.95092602E-1, 0.18225956, 0.54683335E-1, 0.0000000, 0.0000000, 1.0269731, 6.6273351, 9.6648350, 9.8145704, 19.876057, 19.862881, 19.859552, 19.859163, 0.24999341, 0.24999431, 0.26026592, 0.31626841, 0.34664473, 0.34814447, 0.34938028, 0.34931439, 0.34929776, 0.34929582, 0.54683335E-1
0.93954705E-1, 0.16851820, 0.50560519E-1, 0.0000000, 0.0000000, 0.84820688, 6.1368599, 9.6816807, 9.8193989, 19.871414, 19.861689, 19.859394, 19.859144, 0.24999341, 0.24999431, 0.25847954, 0.31136492, 0.34681392, 0.34819302, 0.34935707, 0.34930843, 0.34929699, 0.34929574, 0.50560519E-1
0.92912823E-1, 0.15593636, 0.46785586E-1, 0.0000000, 0.0000000, 0.69157183, 5.6655874, 9.6833639, 9.8193893, 19.867649, 19.860777, 19.859312, 19.859121, 0.24999341, 0.24999431, 0.25690696, 0.30664152, 0.34682137, 0.34818974, 0.34933823, 0.34930390, 0.34929657, 0.34929562, 0.46785586E-1
0.92033111E-1, 0.14531292, 0.43598235E-1, 0.0000000, 0.0000000, 0.56674182, 5.2248216, 9.6868439, 9.8202553, 19.864817, 19.860149, 19.859253, 19.859104, 0.24999341, 0.24999431, 0.25565982, 0.30223423, 0.34685549, 0.34819818, 0.34932408, 0.34930074, 0.34929627, 0.34929553, 0.43598235E-1
0.91248110E-1, 0.13583317, 0.40754028E-1, 0.0000000, 0.0000000, 0.46291053, 4.7958961, 9.6861019, 9.8195705, 19.862799, 19.859724, 19.859200, 19.859081, 0.24999341, 0.24999431, 0.25462252, 0.29794535, 0.34684727, 0.34819105, 0.34931400, 0.34929863, 0.34929600, 0.34929541, 0.40754028E-1
0.90438351E-1, 0.12605445, 0.37820116E-1, 0.0000000, 0.0000000, 0.35967529, 4.3424244, 9.6736345, 9.8137074, 19.860907, 19.859343, 19.859121, 19.859064, 0.24999341, 0.24999431, 0.25358942, 0.29340655, 0.34671664, 0.34813040, 0.34930453, 0.34929672, 0.34929562, 0.34929532, 0.37820116E-1
0.15133694, 0.86147118, 0.25846720, 2.4996758, 2.1546335, 2.4682760, 4.1263428, 9.7660933, 9.8490667, 19.860058, 19.859222, 19.859087, 19.859064, 0.27497795, 0.27153662, 0.27467719, 0.29126155, 0.34765872, 0.34848991, 0.34930030, 0.34929612, 0.34929544, 0.34929532, 0.25846720
0.17786816, 1.0000000, 0.35459480, 2.9273124, 2.3094356, 6.0812392, 9.3635416, 9.8184462, 9.8710136, 19.859760, 19.859217, 19.859087, 19.859064, 0.27926958, 0.27309269, 0.31081018, 0.34363472, 0.34818411, 0.34871000, 0.34929880, 0.34929609, 0.34929544, 0.34929532, 0.35459480
0.29250455, 1.0000000, 0.76994395, 5.9970455, 9.2768126, 9.5281067, 9.7190514, 9.8466520, 9.8827496, 19.859583, 19.859211, 19.859087, 19.859064, 0.30997011, 0.34276783, 0.34528092, 0.34719047, 0.34846649, 0.34882748, 0.34929791, 0.34929606, 0.34929544, 0.34929532, 0.76994395
0.32836872, 1.0000000, 0.89988667, 8.3978691, 9.5290756, 9.6688881, 9.7879543, 9.8572798, 9.8871088, 19.859228, 19.859133, 19.859070, 19.859064, 0.33397794, 0.34529024, 0.34668860, 0.34787947, 0.34857276, 0.34887108, 0.34929615, 0.34929568, 0.34929535, 0.34929532, 0.89988667
0.35599852, 1.0000000, 0.99999452, 9.9999990, 9.9999990, 9.9999990, 9.9999990, 9.9999990, 9.9999990, 19.999998, 19.999998, 19.999998, 19.998999, 0.34999925, 0.34999955, 0.34999976, 0.34999993, 0.34999996, 0.34999999, 0.34999999, 0.34999999, 0.34999999, 0.34999499, 0.99999452
0.35599864, 1.0000000, 0.99999493, 9.9999990, 9.9999990, 9.9999990, 9.9999990, 9.9999990, 9.9999990, 19.999998, 19.999998, 19.999998, 19.998999, 0.34999931, 0.34999958, 0.34999979, 0.34999996, 0.34999996, 0.34999999, 0.34999999, 0.34999999, 0.34999999, 0.34999499, 0.99999493
0.35599059, 1.0000000, 0.99996585, 9.9996147, 9.9997702, 9.9998837, 9.9999723, 9.9999876, 9.9999990, 19.999998, 19.999998, 19.999998, 19.994993, 0.34999529, 0.34999719, 0.34999856, 0.34999967, 0.34999985, 0.34999999, 0.34999999, 0.34999999, 0.34999999, 0.34997496, 0.99996585
0.34710634, 1.0000000, 0.96777648, 9.5606222, 9.7344666, 9.8563833, 9.9659042, 9.9827366, 9.9939804, 19.999773, 19.999939, 19.999857, 19.980116, 0.34560576, 0.34734440, 0.34856370, 0.34965900, 0.34982735, 0.34993979, 0.34999886, 0.34999970, 0.34999928, 0.34990057, 0.96777648
0.33398110, 1.0000000, 0.92022139, 8.7118177, 9.6095381, 9.7734423, 9.9347849, 9.9662409, 9.9880543, 19.999630, 19.999903, 19.998653, 19.957342, 0.33711749, 0.34609494, 0.34773418, 0.34934780, 0.34966239, 0.34988055, 0.34999815, 0.34999952, 0.34999326, 0.34978670, 0.92022139
0.31331062, 1.0000000, 0.84532821, 7.3085394, 9.4972754, 9.6945171, 9.8908710, 9.9416428, 9.9784784, 19.999123, 19.999771, 19.995247, 19.936766, 0.32308424, 0.34497187, 0.34694469, 0.34890863, 0.34941638, 0.34978476, 0.34999561, 0.34999886, 0.34997624, 0.34968382, 0.84532821
0.29162067, 1.0000000, 0.76674157, 5.7848783, 9.4426947, 9.6528530, 9.8561125, 9.9200916, 9.9692049, 19.998772, 19.999666, 19.989061, 19.919092, 0.30784774, 0.34442592, 0.34652802, 0.34856099, 0.34920084, 0.34969202, 0.34999385, 0.34999833, 0.34994531, 0.34959546, 0.76674157
0.27072763, 1.0000000, 0.69104218, 4.2841859, 9.4312239, 9.6380854, 9.8325500, 9.9035902, 9.9607878, 19.998318, 19.999264, 19.979988, 19.904545, 0.29284099, 0.34431112, 0.34638029, 0.34832537, 0.34903586, 0.34960786, 0.34999159, 0.34999633, 0.34989995, 0.34952271, 0.69104218
0.25649238, 1.0000000, 0.63946515, 3.2068806, 9.4918814, 9.6706638, 9.8335361, 9.9007149, 9.9572620, 19.998158, 19.998444, 19.968424, 19.892969, 0.28206661, 0.34491494, 0.34670466, 0.34833497, 0.34900695, 0.34957257, 0.34999079, 0.34999222, 0.34984213, 0.34946483, 0.63946515
0.24452089, 1.0000000, 0.59609014, 2.7366133, 8.8409042, 9.6516047, 9.8243780, 9.8936558, 9.9525843, 19.997948, 19.996653, 19.955217, 19.884041, 0.27736360, 0.33840412, 0.34651336, 0.34824324, 0.34893629, 0.34952575, 0.34998974, 0.34998327, 0.34977609, 0.34942019, 0.59609014
0.23686235, 1.0000000, 0.56834179, 2.5535970, 8.2084713, 9.6748257, 9.8298702, 9.8949699, 9.9513149, 19.997845, 19.993465, 19.941286, 19.877279, 0.27553418, 0.33208129, 0.34674624, 0.34829828, 0.34894949, 0.34951308, 0.34998924, 0.34996733, 0.34970644, 0.34938639, 0.56834179
0.23090383, 1.0000000, 0.54675299, 2.4182141, 7.7028427, 9.6966600, 9.8384304, 9.8987494, 9.9515743, 19.997782, 19.988422, 19.927589, 19.872265, 0.27417961, 0.32702357, 0.34696352, 0.34838369, 0.34898719, 0.34951562, 0.34998891, 0.34994212, 0.34963796, 0.34936133, 0.54675299
0.21986993, 1.0000000, 0.50677508, 2.1419644, 6.8671207, 9.6279678, 9.8159981, 9.8863182, 9.9461184, 19.997252, 19.981192, 19.914864, 19.868565, 0.27141911, 0.31867018, 0.34627897, 0.34815982, 0.34886312, 0.34946117, 0.34998626, 0.34990597, 0.34957433, 0.34934282, 0.50677508
0.21128766, 1.0000000, 0.47567990, 1.9516289, 6.1440935, 9.6362066, 9.8134012, 9.8837500, 9.9441719, 19.996599, 19.971975, 19.903580, 19.865883, 0.26951587, 0.31144017, 0.34636143, 0.34813389, 0.34883744, 0.34944168, 0.34998301, 0.34985989, 0.34951788, 0.34932941, 0.47567990
0.19963267, 1.0000000, 0.43345168, 1.6814977, 5.2146378, 9.5876036, 9.7914772, 9.8708563, 9.9383059, 19.995033, 19.960957, 19.893936, 19.863930, 0.26681301, 0.30214268, 0.34587264, 0.34791407, 0.34870821, 0.34938294, 0.34997517, 0.34980479, 0.34946969, 0.34931964, 0.43345168
0.19305220, 1.0000000, 0.40960938, 1.5503615, 4.6084132, 9.6436310, 9.8058167, 9.8772144, 9.9394426, 19.992565, 19.948839, 19.885994, 19.862543, 0.26550221, 0.29608163, 0.34643373, 0.34805763, 0.34877187, 0.34939435, 0.34996283, 0.34974420, 0.34942997, 0.34931272, 0.40960938
0.35593134, 1.0000000, 0.99975121, 9.9974184, 9.9984493, 9.9992247, 9.9998417, 9.9999218, 9.9999752, 19.999998, 19.999998, 19.999998, 19.994993, 0.34996578, 0.34997946, 0.34998971, 0.34999791, 0.34999898, 0.34999967, 0.34999999, 0.34999999, 0.34999999, 0.34997496, 0.99975121
0.35599816, 1.0000000, 0.99999321, 9.9999990, 9.9999962, 9.9999990, 9.9999990, 9.9999990, 9.9999990, 19.999998, 19.999998, 19.999998, 19.998999, 0.34999907, 0.34999940, 0.34999973, 0.34999993, 0.34999996, 0.34999999, 0.34999999, 0.34999999, 0.34999999, 0.34999499, 0.99999321
0.35599911, 1.0000000, 0.99999672, 9.9999990, 9.9999990, 9.9999990, 9.9999990, 9.9999990, 9.9999990, 19.999998, 19.999998, 19.999998, 19.998999, 0.34999955, 0.34999973, 0.34999985, 0.34999996, 0.34999999, 0.34999999, 0.34999999, 0.34999999, 0.34999999, 0.34999499, 0.99999672
0.35599911, 1.0000000, 0.99999678, 9.9999990, 9.9999990, 9.9999990, 9.9999990, 9.9999990, 9.9999990, 19.999998, 19.999998, 19.999998, 19.998999, 0.34999955, 0.34999973, 0.34999987, 0.34999996, 0.34999999, 0.34999999, 0.34999999, 0.34999999, 0.34999999, 0.34999499, 0.99999678
0.35599667, 1.0000000, 0.99998796, 9.9998741, 9.9999218, 9.9999638, 9.9999876, 9.9999990, 9.9999990, 19.999998, 19.999998, 19.999998, 19.995995, 0.34999835, 0.34999898, 0.34999952, 0.34999985, 0.34999999, 0.34999999, 0.34999999, 0.34999999, 0.34999999, 0.34997997, 0.99998796
0.35568219, 1.0000000, 0.99884856, 9.9985991, 9.9845572, 9.9609356, 9.9919310, 9.9959688, 9.9986496, 19.999998, 19.999998, 19.999893, 19.981098, 0.34998581, 0.34984547, 0.34960929, 0.34991932, 0.34995967, 0.34998649, 0.34999999, 0.34999999, 0.34999946, 0.34990549, 0.99884856
0.34412324, 1.0000000, 0.95696825, 9.3610878, 9.7195768, 9.8321848, 9.9601917, 9.9798002, 9.9931946, 19.999998, 19.999998, 19.998758, 19.958250, 0.34361044, 0.34719551, 0.34832171, 0.34960189, 0.34979799, 0.34993196, 0.34999999, 0.34999999, 0.34999380, 0.34979126, 0.95696825
0.33343887, 1.0000000, 0.91825670, 8.6498737, 9.6404734, 9.7867928, 9.9373350, 9.9674397, 9.9887648, 19.999998, 19.999998, 19.995481, 19.937578, 0.33649731, 0.34640378, 0.34786746, 0.34937325, 0.34967434, 0.34988761, 0.34999999, 0.34999999, 0.34997740, 0.34968787, 0.91825670
0.32639119, 1.0000000, 0.89272165, 8.1179399, 9.6704159, 9.7997351, 9.9286270, 9.9617720, 9.9863482, 19.999998, 19.999958, 19.989424, 19.919777, 0.33117867, 0.34670362, 0.34799710, 0.34928620, 0.34961769, 0.34986347, 0.34999999, 0.34999979, 0.34994712, 0.34959888, 0.89272165
0.31912011, 1.0000000, 0.86637712, 7.5928812, 9.6706972, 9.7978268, 9.9178238, 9.9548607, 9.9829378, 19.999527, 19.999569, 19.980446, 19.905106, 0.32592469, 0.34670383, 0.34797665, 0.34917793, 0.34954846, 0.34982932, 0.34999764, 0.34999785, 0.34990221, 0.34952551, 0.86637712
0.31095612, 1.0000000, 0.83679742, 7.0175996, 9.6519079, 9.7845964, 9.9051561, 9.9467506, 9.9787245, 19.998741, 19.998623, 19.968969, 19.893404, 0.32017183, 0.34651566, 0.34784421, 0.34905121, 0.34946734, 0.34978718, 0.34999371, 0.34999311, 0.34984484, 0.34946701, 0.83679742
0.29974097, 1.0000000, 0.79616296, 6.2523584, 9.5937319, 9.7479525, 9.8889437, 9.9365873, 9.9739866, 19.998365, 19.996834, 19.955830, 19.884369, 0.31251830, 0.34593245, 0.34747705, 0.34888893, 0.34936565, 0.34973976, 0.34999183, 0.34998417, 0.34977916, 0.34942186, 0.79616296
0.28997827, 1.0000000, 0.76079071, 5.5481648, 9.5917997, 9.7436705, 9.8822165, 9.9312906, 9.9710407, 19.998299, 19.993725, 19.941916, 19.877533, 0.30547541, 0.34591153, 0.34743342, 0.34882152, 0.34931257, 0.34971029, 0.34999150, 0.34996861, 0.34970957, 0.34938768, 0.76079071
0.27969202, 1.0000000, 0.72352177, 4.8105884, 9.5836744, 9.7361879, 9.8730841, 9.9248457, 9.9671822, 19.997644, 19.988605, 19.928148, 19.872452, 0.29810056, 0.34583038, 0.34735861, 0.34873018, 0.34924814, 0.34967169, 0.34998822, 0.34994304, 0.34964073, 0.34936225, 0.72352177
0.27096289, 1.0000000, 0.69189453, 4.1680746, 9.5972385, 9.7421894, 9.8704510, 9.9219685, 9.9647274, 19.996889, 19.981428, 19.915325, 19.868694, 0.29167724, 0.34596753, 0.34741944, 0.34870401, 0.34921944, 0.34964719, 0.34998444, 0.34990713, 0.34957662, 0.34934348, 0.69189453
0.25603470, 1.0000000, 0.63780689, 3.1740251, 9.4872952, 9.6757612, 9.8465137, 9.9079275, 9.9582691, 19.995604, 19.972101, 19.903942, 19.865965, 0.28173769, 0.34486836, 0.34675527, 0.34846467, 0.34907904, 0.34958261, 0.34997803, 0.34986049, 0.34951970, 0.34932983, 0.63780689
0.24360520, 1.0000000, 0.59277242, 2.6935191, 8.8039818, 9.6463499, 9.8282557, 9.8962202, 9.9524269, 19.993835, 19.961090, 19.894243, 19.863989, 0.27693331, 0.33803615, 0.34646150, 0.34828213, 0.34896198, 0.34952420, 0.34996918, 0.34980544, 0.34947121, 0.34931993, 0.59277242
0.23297641, 1.0000000, 0.55426234, 2.4234712, 7.9762726, 9.6380253, 9.8181667, 9.8887920, 9.9480343, 19.991072, 19.948931, 19.886217, 19.862572, 0.27423224, 0.32975787, 0.34637731, 0.34818107, 0.34888762, 0.34948024, 0.34995535, 0.34974465, 0.34943110, 0.34931284, 0.55426234
0.22300608, 1.0000000, 0.51813799, 2.1777987, 7.1851320, 9.6330509, 9.8118677, 9.8837385, 9.9445591, 19.986855, 19.936293, 19.879782, 19.861544, 0.27177528, 0.32184598, 0.34632695, 0.34811792, 0.34883702, 0.34944546, 0.34993428, 0.34968147, 0.34939891, 0.34930772, 0.51813799
0.21584500, 1.0000000, 0.49219206, 2.0123510, 6.5805082, 9.6643381, 9.8197060, 9.8866587, 9.9442091, 19.981020, 19.923965, 19.874695, 19.860826, 0.27011842, 0.31579506, 0.34663606, 0.34819555, 0.34886584, 0.34944186, 0.34990510, 0.34961984, 0.34937346, 0.34930414, 0.49219206
0.20725271, 1.0000000, 0.46106055, 1.7982990, 5.9099770, 9.6444683, 9.8131399, 9.8824854, 9.9412766, 19.972977, 19.912373, 19.870760, 19.860302, 0.26797894, 0.30909178, 0.34643814, 0.34813005, 0.34882420, 0.34941253, 0.34986490, 0.34956187, 0.34935379, 0.34930152, 0.46106055
0.20112655, 1.0000000, 0.43886429, 1.6570568, 5.3900113, 9.6731453, 9.8213520, 9.8861189, 9.9411201, 19.963413, 19.902040, 19.867767, 19.859938, 0.26656690, 0.30389297, 0.34672502, 0.34821221, 0.34886053, 0.34941098, 0.34981707, 0.34951019, 0.34933883, 0.34929970, 0.43886429
0.19398026, 1.0000000, 0.41297194, 1.4806211, 4.8297625, 9.6579895, 9.8171415, 9.8834038, 9.9382858, 19.952211, 19.893061, 19.865469, 19.859650, 0.26480138, 0.29828814, 0.34657043, 0.34816948, 0.34883308, 0.34938252, 0.34976107, 0.34946531, 0.34932736, 0.34929824, 0.41297194
0.21234700, 1.0000000, 0.47951812, 2.2520571, 5.7183356, 9.7378683, 9.8423929, 9.8961792, 9.9408245, 19.940722, 19.885681, 19.863794, 19.859482, 0.27251673, 0.30717748, 0.34737366, 0.34842291, 0.34896129, 0.34940806, 0.34970361, 0.34942842, 0.34931898, 0.34929740, 0.47951812
0.31478357, 1.0000000, 0.85066515, 7.3618155, 9.5452242, 9.7865438, 9.8635931, 9.9074059, 9.9425650, 19.929216, 19.879713, 19.862547, 19.859346, 0.32361767, 0.34545189, 0.34786525, 0.34863591, 0.34907404, 0.34942564, 0.34964609, 0.34939855, 0.34931272, 0.34929675, 0.85066515
0.30928624, 1.0000000, 0.83074725, 6.9471474, 9.5937338, 9.7462530, 9.8570690, 9.9039383, 9.9378519, 19.917366, 19.874743, 19.861576, 19.859299, 0.31946999, 0.34593612, 0.34746191, 0.34857059, 0.34903932, 0.34937850, 0.34958684, 0.34937370, 0.34930789, 0.34929651, 0.83074725
0.29131299, 1.0000000, 0.76562679, 5.7293935, 9.4941883, 9.6757393, 9.8305550, 9.8885479, 9.9274178, 19.905519, 19.870602, 19.860817, 19.859222, 0.30728337, 0.34493136, 0.34675202, 0.34830445, 0.34888494, 0.34927401, 0.34952760, 0.34935302, 0.34930408, 0.34929612, 0.76562679
0.27179867, 1.0000000, 0.69492275, 4.3572912, 9.4450817, 9.6399193, 9.8102617, 9.8748465, 9.9174376, 19.895294, 19.867439, 19.860258, 19.859200, 0.29356337, 0.34443843, 0.34639287, 0.34810135, 0.34874782, 0.34917417, 0.34947646, 0.34933719, 0.34930128, 0.34929600, 0.69492275
0.25581902, 1.0000000, 0.63702536, 3.1879542, 9.4601336, 9.6457109, 9.8072519, 9.8700027, 9.9113493, 19.887325, 19.865196, 19.859892, 19.859200, 0.28187576, 0.34459460, 0.34645370, 0.34807184, 0.34869966, 0.34911337, 0.34943664, 0.34932598, 0.34929946, 0.34929600, 0.63702536
0.24197130, 1.0000000, 0.58685249, 2.6475697, 8.7048483, 9.6185246, 9.7941523, 9.8601379, 9.9037781, 19.880558, 19.863451, 19.859640, 19.859180, 0.27646986, 0.33703694, 0.34617886, 0.34794021, 0.34860072, 0.34903756, 0.34940279, 0.34931725, 0.34929821, 0.34929591, 0.58685249
0.22909877, 1.0000000, 0.54021293, 2.3112953, 7.7224545, 9.5993500, 9.7817926, 9.8506756, 9.8968287, 19.874987, 19.862137, 19.859489, 19.859169, 0.27310637, 0.32721135, 0.34598526, 0.34781626, 0.34850591, 0.34896803, 0.34937495, 0.34931070, 0.34929746, 0.34929585, 0.54021293
0.21633254, 1.0000000, 0.49395847, 1.9959569, 6.7151346, 9.5830145, 9.7706194, 9.8420935, 9.8908968, 19.870667, 19.861185, 19.859394, 19.859158, 0.26995513, 0.31714240, 0.34582376, 0.34770489, 0.34842026, 0.34890875, 0.34935334, 0.34930593, 0.34929699, 0.34929579, 0.49395847
0.20391302, 1.0000000, 0.44896019, 1.6981184, 5.7199111, 9.5694494, 9.7606077, 9.8345022, 9.8857861, 19.867186, 19.860477, 19.859318, 19.859144, 0.26697671, 0.30719009, 0.34568694, 0.34760451, 0.34834424, 0.34885758, 0.34933594, 0.34930238, 0.34929660, 0.34929574, 0.44896019
0.19185790, 1.0000000, 0.40528223, 1.4186829, 4.7376189, 9.5563135, 9.7511854, 9.8275757, 9.8813686, 19.864412, 19.859913, 19.859247, 19.859127, 0.26418254, 0.29736760, 0.34555450, 0.34751010, 0.34827486, 0.34881338, 0.34932205, 0.34929955, 0.34929624, 0.34929565, 0.40528223
0.18100050, 1.0000000, 0.36594379, 1.1925131, 3.8057537, 9.5494490, 9.7459068, 9.8233013, 9.8786030, 19.862574, 19.859606, 19.859213, 19.859127, 0.26192456, 0.28805646, 0.34549311, 0.34745881, 0.34823287, 0.34878597, 0.34931287, 0.34929803, 0.34929606, 0.34929565, 0.36594379
0.17164639, 1.0000000, 0.33205214, 1.0072976, 2.9816766, 9.5569916, 9.7469034, 9.8228483, 9.8774595, 19.861183, 19.859354, 19.859177, 19.859127, 0.26007083, 0.27981299, 0.34556383, 0.34746778, 0.34822786, 0.34877440, 0.34930593, 0.34929678, 0.34929588, 0.34929565, 0.33205214
0.16535938, 1.0000000, 0.30927306, 0.83978176, 2.7496009, 9.0591440, 9.7497339, 9.8237219, 9.8769112, 19.860012, 19.859159, 19.859123, 19.859121, 0.25839692, 0.27749422, 0.34058851, 0.34749672, 0.34823689, 0.34876901, 0.34930006, 0.34929579, 0.34929562, 0.34929562, 0.30927306
0.15952778, 0.96038443, 0.28814414, 0.67755878, 2.5411308, 8.6100988, 9.7534151, 9.8252554, 9.8765974, 19.858826, 19.858892, 19.859066, 19.859104, 0.25677246, 0.27540427, 0.33608907, 0.34753144, 0.34825119, 0.34876552, 0.34929413, 0.34929445, 0.34929532, 0.34929553, 0.28814414
0.15399855, 0.89361292, 0.26811069, 0.51529408, 2.3485065, 8.1986694, 9.7570238, 9.8267813, 9.8763018, 19.857670, 19.858629, 19.858992, 19.859081, 0.25515109, 0.27347997, 0.33197781, 0.34756812, 0.34826675, 0.34876266, 0.34928834, 0.34929314, 0.34929496, 0.34929541, 0.26811069
0.14848086, 0.82698077, 0.24811904, 0.36300123, 2.1506369, 7.7695417, 9.7536249, 9.8246536, 9.8749752, 19.856762, 19.858416, 19.858898, 19.859064, 0.25362891, 0.27150244, 0.32768834, 0.34753448, 0.34824565, 0.34874946, 0.34928381, 0.34929207, 0.34929448, 0.34929532, 0.24811904
0.14218532, 0.75095516, 0.22530909, 0.16754568, 1.9355595, 7.3330975, 9.7467861, 9.8204060, 9.8724709, 19.855406, 19.858072, 19.858757, 19.859034, 0.25167462, 0.26934987, 0.32332015, 0.34746498, 0.34820262, 0.34872425, 0.34927702, 0.34929037, 0.34929377, 0.34929517, 0.22530909
0.13686699, 0.68673074, 0.20603983, 0.34478307E-1, 1.7404705, 6.8830771, 9.7414370, 9.8169975, 9.8709602, 19.854876, 19.857937, 19.858709, 19.859011, 0.25034463, 0.26740003, 0.31882152, 0.34741175, 0.34816867, 0.34870917, 0.34927437, 0.34928969, 0.34929353, 0.34929505, 0.20603983
0.13384630, 0.65025252, 0.19509527, 0.0000000, 1.6140252, 6.5171070, 9.7540092, 9.8235283, 9.8735609, 19.855213, 19.858025, 19.858709, 19.858992, 0.24999647, 0.26613766, 0.31516585, 0.34753853, 0.34823450, 0.34873533, 0.34927607, 0.34929013, 0.34929353, 0.34929496, 0.19509527
0.13127312, 0.61917871, 0.18577220, 0.0000000, 1.4917701, 6.1423621, 9.7544107, 9.8242178, 9.8743391, 19.855762, 19.858189, 19.858709, 19.858992, 0.24999647, 0.26490933, 0.31140637, 0.34753862, 0.34823939, 0.34874246, 0.34927881, 0.34929094, 0.34929353, 0.34929496, 0.18577220
0.13402648, 0.65242845, 0.19574811, 0.39253235, 1.3639748, 5.7557311, 9.7514744, 9.8228264, 9.8740845, 19.856060, 19.858213, 19.858709, 19.858986, 0.25392210, 0.26363301, 0.30754310, 0.34750992, 0.34822586, 0.34874004, 0.34928030, 0.34929106, 0.34929353, 0.34929493, 0.19574811
0.13016281, 0.60577029, 0.18174927, 0.29365718, 1.2428284, 5.3941979, 9.7510519, 9.8226843, 9.8740082, 19.856049, 19.858194, 19.858709, 19.858980, 0.25293401, 0.26242176, 0.30392781, 0.34750539, 0.34822428, 0.34873921, 0.34928024, 0.34929097, 0.34929353, 0.34929490, 0.18174927
0.12807697, 0.58058178, 0.17419195, 0.24647415, 1.1839658, 5.1575541, 9.7773304, 9.8367004, 9.8790474, 19.856361, 19.858242, 19.858709, 19.858974, 0.25246304, 0.26183477, 0.30156493, 0.34776929, 0.34836498, 0.34878978, 0.34928182, 0.34929121, 0.34929353, 0.34929487, 0.17419195
0.12558115, 0.55044180, 0.16514906, 0.16381741, 1.1163861, 4.9600868, 9.7932587, 9.8455715, 9.8818626, 19.856102, 19.858171, 19.858709, 19.858963, 0.25163743, 0.26116085, 0.29959419, 0.34792995, 0.34845442, 0.34881818, 0.34928051, 0.34929085, 0.34929353, 0.34929481, 0.16514906
0.12152054, 0.50140566, 0.15043674, 0.31173229E-1, 0.99273920, 4.6733751, 9.7746468, 9.8360729, 9.8780651, 19.855370, 19.857977, 19.858662, 19.858934, 0.25031158, 0.25992435, 0.29672655, 0.34774345, 0.34835920, 0.34878016, 0.34927684, 0.34928989, 0.34929329, 0.34929466, 0.15043674
0.11873847, 0.46780920, 0.14035679, 0.0000000, 0.87149739, 4.3529344, 9.7584543, 9.8271122, 9.8747072, 19.854927, 19.857847, 19.858614, 19.858923, 0.24999847, 0.25871003, 0.29351696, 0.34757900, 0.34826833, 0.34874615, 0.34927464, 0.34928924, 0.34929305, 0.34929460, 0.14035679
0.11727276, 0.45010906, 0.13504623, 0.0000000, 0.80572069, 4.1261382, 9.7761927, 9.8360920, 9.8779030, 19.855076, 19.857899, 19.858614, 19.858923, 0.24999847, 0.25805184, 0.29124767, 0.34775543, 0.34835765, 0.34877792, 0.34927538, 0.34928948, 0.34929305, 0.34929460, 0.13504623
0.11413801, 0.41225347, 0.12368841, 0.0000000, 0.63237250, 3.7258480, 9.7320471, 9.8122787, 9.8686066, 19.853706, 19.857538, 19.858526, 19.858923, 0.24999847, 0.25632131, 0.28725135, 0.34731674, 0.34812090, 0.34868544, 0.34926853, 0.34928769, 0.34929264, 0.34929460, 0.12368841
0.11080521, 0.37200639, 0.11161308, 0.0000000, 0.47099590, 3.2526829, 9.6974363, 9.7919559, 9.8607340, 19.852871, 19.857311, 19.858503, 19.858892, 0.24999847, 0.25470799, 0.28252003, 0.34697032, 0.34791750, 0.34860665, 0.34926435, 0.34928656, 0.34929252, 0.34929445, 0.11161308
0.10849103, 0.34406024, 0.10322840, 0.0000000, 0.36233068, 2.9367118, 9.5711813, 9.7889261, 9.8594990, 19.852940, 19.857340, 19.858545, 19.858875, 0.24999847, 0.25362143, 0.27935955, 0.34570688, 0.34788671, 0.34859416, 0.34926468, 0.34928671, 0.34929273, 0.34929436, 0.10322840
0.10667769, 0.32216206, 0.96658282E-1, 0.0000000, 0.27591288, 2.7221708, 9.3178663, 9.7821255, 9.8572559, 19.853365, 19.857483, 19.858566, 19.858875, 0.24999847, 0.25275853, 0.27721870, 0.34317660, 0.34782019, 0.34857219, 0.34926683, 0.34928742, 0.34929281, 0.34929436, 0.96658282E-1
0.10506633, 0.30270320, 0.90820044E-1, 0.0000000, 0.20159781, 2.5309772, 9.0718527, 9.7809935, 9.8569040, 19.853685, 19.857553, 19.858566, 19.858875, 0.24999847, 0.25201541, 0.27530620, 0.34071597, 0.34780857, 0.34856856, 0.34926844, 0.34928778, 0.34929281, 0.34929436, 0.90820044E-1
0.10338265, 0.28237092, 0.84719747E-1, 0.0000000, 0.10700524, 2.3593903, 8.8393583, 9.7844410, 9.8575983, 19.853188, 19.857433, 19.858526, 19.858875, 0.24999847, 0.25106984, 0.27359158, 0.33839181, 0.34784347, 0.34857565, 0.34926593, 0.34928715, 0.34929264, 0.34929436, 0.84719747E-1
0.10138232, 0.25821477, 0.77472180E-1, 0.0000000, 0.0000000, 2.1480620, 8.5701027, 9.7730370, 9.8526354, 19.852062, 19.857140, 19.858479, 19.858839, 0.24999847, 0.24999928, 0.27145493, 0.33568472, 0.34772152, 0.34852272, 0.34925994, 0.34928560, 0.34929237, 0.34929419, 0.77472180E-1
0.10019936, 0.24392922, 0.73186085E-1, 0.0000000, 0.0000000, 1.9229114, 8.2627983, 9.7575703, 9.8465080, 19.851562, 19.857010, 19.858456, 19.858828, 0.24999847, 0.24999928, 0.26922607, 0.33262539, 0.34757414, 0.34846458, 0.34925783, 0.34928507, 0.34929228, 0.34929413, 0.73186085E-1
0.99533193E-1, 0.23588453, 0.70772439E-1, 0.0000000, 0.0000000, 1.8055856, 8.0360022, 9.7782707, 9.8544674, 19.852459, 19.857227, 19.858534, 19.858828, 0.24999847, 0.24999928, 0.26804832, 0.33035332, 0.34777862, 0.34854329, 0.34926230, 0.34928614, 0.34929267, 0.34929413, 0.70772439E-1
0.10069557, 0.24992147, 0.74983940E-1, 0.12326539, 0.0000000, 1.7119169, 7.8462420, 9.7923422, 9.8605051, 19.853354, 19.857483, 19.858566, 19.858828, 0.25123143, 0.24999928, 0.26711410, 0.32845777, 0.34792054, 0.34860405, 0.34926677, 0.34928742, 0.34929281, 0.34929413, 0.74983940E-1
0.10899972, 0.35020316, 0.10507146, 0.75932741, 0.0000000, 1.6303897, 7.6781459, 9.8023300, 9.8648615, 19.854044, 19.857647, 19.858566, 19.858828, 0.25758988, 0.24999928, 0.26630169, 0.32677940, 0.34802198, 0.34864816, 0.34927022, 0.34928823, 0.34929281, 0.34929413, 0.10507146
0.10455234, 0.29649618, 0.88957749E-1, 0.49261153, 0.0000000, 1.4908582, 7.4530296, 9.7854805, 9.8587933, 19.853760, 19.857538, 19.858540, 19.858828, 0.25492576, 0.24999928, 0.26490825, 0.32452998, 0.34785458, 0.34858787, 0.34926879, 0.34928769, 0.34929270, 0.34929413, 0.88957749E-1
0.10159208, 0.26074776, 0.78232154E-1, 0.32572448, 0.0000000, 1.3776004, 7.2328734, 9.7831621, 9.8580074, 19.854084, 19.857607, 19.858566, 19.858828, 0.25325450, 0.24999928, 0.26377252, 0.32232508, 0.34782913, 0.34857923, 0.34927040, 0.34928805, 0.34929281, 0.34929413, 0.78232154E-1
0.98376088E-1, 0.22191125, 0.66580035E-1, 0.15802383, 0.0000000, 1.2205213, 6.9419489, 9.7568560, 9.8483171, 19.854179, 19.857622, 19.858566, 19.858828, 0.25157875, 0.24999928, 0.26220176, 0.31941557, 0.34756580, 0.34848225, 0.34927088, 0.34928811, 0.34929281, 0.34929413, 0.66580035E-1
0.95343657E-1, 0.18529131, 0.55592950E-1, 0.0000000, 0.0000000, 1.0749161, 6.6434622, 9.7479658, 9.8439875, 19.853706, 19.857492, 19.858526, 19.858828, 0.24998498, 0.24999928, 0.26074663, 0.31643149, 0.34747735, 0.34843910, 0.34926853, 0.34928745, 0.34929264, 0.34929413, 0.55592950E-1
0.94332650E-1, 0.17308238, 0.51929910E-1, 0.0000000, 0.0000000, 0.90582073, 6.2823215, 9.7263584, 9.8346748, 19.852999, 19.857334, 19.858503, 19.858828, 0.24998498, 0.24999928, 0.25905284, 0.31281576, 0.34725782, 0.34834480, 0.34926498, 0.34928668, 0.34929252, 0.34929413, 0.51929910E-1
0.93927652E-1, 0.16819155, 0.50462514E-1, 0.0000000, 0.0000000, 0.84899068, 6.0535970, 9.7645617, 9.8492832, 19.854038, 19.857622, 19.858566, 19.858828, 0.24998498, 0.24999928, 0.25848773, 0.31053284, 0.34764308, 0.34849200, 0.34927019, 0.34928811, 0.34929281, 0.34929413, 0.50462514E-1
0.93430117E-1, 0.16218331, 0.48659861E-1, 0.0000000, 0.0000000, 0.77513456, 5.8228178, 9.7660131, 9.8510637, 19.854650, 19.857769, 19.858566, 19.858828, 0.24998498, 0.24999928, 0.25774664, 0.30822113, 0.34765419, 0.34850863, 0.34927326, 0.34928885, 0.34929281, 0.34929413, 0.48659861E-1
0.92980884E-1, 0.15675826, 0.47032181E-1, 0.0000000, 0.0000000, 0.70989132, 5.6027331, 9.7689457, 9.8527899, 19.855175, 19.857916, 19.858566, 19.858828, 0.24998498, 0.24999928, 0.25709701, 0.30602431, 0.34768683, 0.34852701, 0.34927589, 0.34928960, 0.34929281, 0.34929413, 0.47032181E-1
0.91957182E-1, 0.14439593, 0.43323115E-1, 0.0000000, 0.0000000, 0.54782927, 5.2126060, 9.7058249, 9.8275652, 19.853638, 19.857504, 19.858423, 19.858805, 0.24998498, 0.24999928, 0.25547633, 0.30212229, 0.34705475, 0.34827447, 0.34926820, 0.34928751, 0.34929210, 0.34929401, 0.43323115E-1
0.91029860E-1, 0.13319753, 0.39963257E-1, 0.0000000, 0.0000000, 0.41630268, 4.7662992, 9.6779709, 9.8142815, 19.852993, 19.857304, 19.858360, 19.858805, 0.24998498, 0.24999928, 0.25416136, 0.29765922, 0.34677586, 0.34814149, 0.34926498, 0.34928653, 0.34929180, 0.34929401, 0.39963257E-1
0.90197518E-1, 0.12314615, 0.36947541E-1, 0.0000000, 0.0000000, 0.30505359, 4.3196831, 9.6733103, 9.8103943, 19.852255, 19.857067, 19.858335, 19.858805, 0.24998498, 0.24999928, 0.25304967, 0.29319441, 0.34673038, 0.34810302, 0.34926128, 0.34928533, 0.34929168, 0.34929401, 0.36947541E-1
0.89728311E-1, 0.11747993, 0.35247505E-1, 0.0000000, 0.0000000, 0.25485754, 3.9841826, 9.7086039, 9.8245602, 19.852993, 19.857254, 19.858419, 19.858805, 0.24998498, 0.24999928, 0.25254756, 0.28983870, 0.34708223, 0.34824431, 0.34926498, 0.34928626, 0.34929210, 0.34929401, 0.35247505E-1
0.88849589E-1, 0.10686840, 0.32063726E-1, 0.0000000, 0.0000000, 0.14931560, 3.4854796, 9.6467972, 9.7992783, 19.851980, 19.856997, 19.858324, 19.858805, 0.24998498, 0.24999928, 0.25149259, 0.28485209, 0.34646425, 0.34799153, 0.34925991, 0.34928498, 0.34929162, 0.34929401, 0.32063726E-1
0.88026844E-1, 0.96932866E-1, 0.29082768E-1, 0.0000000, 0.0000000, 0.62522292E-1, 2.9807389, 9.5432606, 9.7821789, 19.851059, 19.856760, 19.858284, 19.858805, 0.24998498, 0.24999928, 0.25062475, 0.27980289, 0.34542543, 0.34781933, 0.34925529, 0.34928381, 0.34929141, 0.34929401, 0.29082768E-1
0.87414317E-1, 0.89535922E-1, 0.26863463E-1, 0.0000000, 0.0000000, 0.0000000, 2.7693272, 9.1151972, 9.7711439, 19.849897, 19.856466, 19.858208, 19.858805, 0.24998498, 0.24999928, 0.24999960, 0.27768826, 0.34114373, 0.34770849, 0.34924948, 0.34928232, 0.34929103, 0.34929401, 0.26863463E-1
0.87020516E-1, 0.84780417E-1, 0.25436670E-1, 0.0000000, 0.0000000, 0.0000000, 2.5383143, 8.6305332, 9.7566013, 19.848909, 19.856207, 19.858171, 19.858805, 0.24998498, 0.24999928, 0.24999960, 0.27537909, 0.33629847, 0.34756342, 0.34924453, 0.34928104, 0.34929085, 0.34929401, 0.25436670E-1
0.86737663E-1, 0.81364609E-1, 0.24411824E-1, 0.0000000, 0.0000000, 0.0000000, 2.3810804, 8.2569761, 9.7727718, 19.848955, 19.856218, 19.858183, 19.858805, 0.24998498, 0.24999928, 0.24999960, 0.27380529, 0.33256024, 0.34772396, 0.34924477, 0.34928110, 0.34929091, 0.34929401, 0.24411824E-1
0.10310940, 0.27907115, 0.83729722E-1, 1.1932760, 0.0000000, 0.0000000, 2.3516119, 8.1158524, 9.8248053, 19.850786, 19.856686, 19.858301, 19.858805, 0.26191795, 0.24999928, 0.24999960, 0.27351436, 0.33115551, 0.34824684, 0.34925392, 0.34928343, 0.34929150, 0.34929401, 0.83729722E-1
0.34159136, 1.0000000, 0.94779474, 9.8854074, 8.9646425, 9.1444407, 9.3660641, 9.5957155, 9.8574858, 19.852457, 19.857128, 19.858423, 19.858805, 0.34885377, 0.33964628, 0.34144431, 0.34366062, 0.34595716, 0.34857485, 0.34926230, 0.34928563, 0.34929210, 0.34929401, 0.94779474
0.30630702, 1.0000000, 0.81995296, 7.0370398, 9.2626963, 9.4538488, 9.6210403, 9.7478189, 9.8616238, 19.851078, 19.856773, 19.858288, 19.858768, 0.32036999, 0.34262663, 0.34453830, 0.34621039, 0.34747815, 0.34861624, 0.34925538, 0.34928387, 0.34929144, 0.34929383, 0.81995296
0.27854574, 1.0000000, 0.71936852, 4.9484034, 9.3422260, 9.5336142, 9.6942921, 9.7892952, 9.8640881, 19.850430, 19.856602, 19.858250, 19.858757, 0.29948172, 0.34341964, 0.34533480, 0.34694266, 0.34789279, 0.34864083, 0.34925216, 0.34928301, 0.34929127, 0.34929377, 0.71936852
0.24837600, 1.0000000, 0.61005795, 2.9339552, 9.0626316, 9.5194454, 9.7023201, 9.7931604, 9.8605976, 19.849121, 19.856274, 19.858177, 19.858757, 0.27933645, 0.34062055, 0.34519145, 0.34702256, 0.34793130, 0.34860587, 0.34924561, 0.34928137, 0.34929088, 0.34929377, 0.61005795
0.22299081, 1.0000000, 0.51808262, 2.1654546, 7.3000331, 9.4774599, 9.6855612, 9.7827234, 9.8543196, 19.847630, 19.855871, 19.858095, 19.858757, 0.27165371, 0.32299864, 0.34477350, 0.34685537, 0.34782711, 0.34854317, 0.34923816, 0.34927934, 0.34929049, 0.34929377, 0.51808262
0.20139381, 1.0000000, 0.43983263, 1.5620917, 5.6984706, 9.4761105, 9.6825886, 9.7797365, 9.8522329, 19.847012, 19.855707, 19.858095, 19.858757, 0.26562014, 0.30698299, 0.34475967, 0.34682560, 0.34779721, 0.34852228, 0.34923506, 0.34927854, 0.34929049, 0.34929377, 0.43983263
0.18314758, 1.0000000, 0.37372306, 1.0906994, 4.2836800, 9.4719172, 9.6824989, 9.7792816, 9.8518820, 19.846975, 19.855713, 19.858131, 19.858757, 0.26090431, 0.29283047, 0.34471217, 0.34682357, 0.34779209, 0.34851858, 0.34923488, 0.34927857, 0.34929067, 0.34929377, 0.37372306
0.16429526, 1.0000000, 0.30541760, 0.55301785, 2.9606938, 9.3591967, 9.6705885, 9.7719107, 9.8478546, 19.845387, 19.855326, 19.858036, 19.858709, 0.25552860, 0.27960190, 0.34358397, 0.34670424, 0.34771827, 0.34847829, 0.34922692, 0.34927663, 0.34929019, 0.34929353, 0.30541760
0.14822102, 0.82384300, 0.24717762, 0.27051568E-1, 2.3873389, 8.3834276, 9.6482143, 9.7582188, 9.8413315, 19.843418, 19.854805, 19.857906, 19.858692, 0.25027037, 0.27386501, 0.33381960, 0.34647876, 0.34758049, 0.34841275, 0.34921709, 0.34927404, 0.34928954, 0.34929347, 0.24717762
0.13899796, 0.71246439, 0.21376070, 0.0000000, 1.8597543, 7.3046594, 9.6284781, 9.7459488, 9.8366642, 19.843294, 19.854771, 19.857895, 19.858709, 0.24999483, 0.26859355, 0.32303876, 0.34628272, 0.34745845, 0.34836629, 0.34921646, 0.34927386, 0.34928948, 0.34929353, 0.21376070
0.13023208, 0.60660690, 0.18200028, 0.0000000, 1.3741344, 6.1639829, 9.6065550, 9.7325306, 9.8315201, 19.843500, 19.854841, 19.857918, 19.858709, 0.24999483, 0.26373866, 0.31163386, 0.34606367, 0.34732434, 0.34831488, 0.34921750, 0.34927422, 0.34928960, 0.34929353, 0.18200028
0.12331329, 0.52305502, 0.15693220, 0.0000000, 1.0131538, 5.2126789, 9.6120014, 9.7350588, 9.8322916, 19.843737, 19.854906, 19.857943, 19.858709, 0.24999483, 0.26013052, 0.30212417, 0.34611905, 0.34735012, 0.34832275, 0.34921867, 0.34927452, 0.34928972, 0.34929353, 0.15693220
0.11560729, 0.42999676, 0.12901193, 0.0000000, 0.64780414, 4.0919175, 9.5746984, 9.7132215, 9.8239946, 19.844019, 19.854971, 19.857967, 19.858709, 0.24999483, 0.25647721, 0.29091656, 0.34574577, 0.34713158, 0.34823975, 0.34922010, 0.34927484, 0.34928983, 0.34929353, 0.12901193
0.10981449, 0.36004248, 0.10802355, 0.0000000, 0.40607750, 3.1742876, 9.5829706, 9.7171688, 9.8254776, 19.844774, 19.855171, 19.858036, 19.858709, 0.24999483, 0.25405970, 0.28173867, 0.34582716, 0.34717041, 0.34825432, 0.34922388, 0.34927586, 0.34929019, 0.34929353, 0.10802355
0.10682995, 0.32400081, 0.97209968E-1, 0.0000000, 0.28093159, 2.7449310, 9.3669548, 9.7358122, 9.8339033, 19.846624, 19.855667, 19.858177, 19.858709, 0.24999483, 0.25280815, 0.27744365, 0.34366566, 0.34735608, 0.34833834, 0.34923312, 0.34927833, 0.34929088, 0.34929353, 0.97209968E-1
0.15749675, 0.93585753, 0.28078535, 2.1909146, 2.2215695, 3.7455177, 9.6099520, 9.7817144, 9.8523293, 19.848389, 19.856150, 19.858236, 19.858709, 0.27190670, 0.27221420, 0.28745392, 0.34609887, 0.34781682, 0.34852317, 0.34924194, 0.34928074, 0.34929118, 0.34929353, 0.28078535
0.15623048, 0.92056584, 0.27619737, 2.1702199, 2.2089572, 3.5007873, 9.7472820, 9.8247471, 9.8701191, 19.850807, 19.856773, 19.858383, 19.858709, 0.27170113, 0.27208892, 0.28500736, 0.34747252, 0.34824732, 0.34870112, 0.34925404, 0.34928387, 0.34929192, 0.34929353, 0.27619737
0.15058444, 0.85238385, 0.25574073, 1.9196987, 2.0643353, 3.2578549, 9.7635307, 9.8291464, 9.8726635, 19.851503, 19.856960, 19.858414, 19.858709, 0.26919535, 0.27064231, 0.28257772, 0.34763479, 0.34829122, 0.34872654, 0.34925753, 0.34928480, 0.34929207, 0.34929353, 0.25574073
0.14459234, 0.78002274, 0.23403023, 1.7230362, 1.8164009, 2.9855132, 9.6682882, 9.8118515, 9.8672009, 19.851826, 19.857033, 19.858402, 19.858709, 0.26722363, 0.26815975, 0.27985165, 0.34668061, 0.34811735, 0.34867162, 0.34925914, 0.34928516, 0.34929201, 0.34929353, 0.23403023
0.13426949, 0.65536302, 0.19662857, 1.2406826, 1.5153706, 2.7525246, 9.4192877, 9.7898655, 9.8594255, 19.851879, 19.857033, 19.858377, 19.858709, 0.26240361, 0.26515135, 0.27752310, 0.34419140, 0.34789789, 0.34859398, 0.34925941, 0.34928516, 0.34929189, 0.34929353, 0.19662857
0.16146657, 0.98379725, 0.29516870, 2.4349432, 2.9564431, 2.5135012, 9.1484566, 9.7764482, 9.8529844, 19.850243, 19.856583, 19.858273, 19.858709, 0.27434802, 0.27956343, 0.27513456, 0.34148425, 0.34776431, 0.34852979, 0.34925121, 0.34928292, 0.34929135, 0.34929353, 0.29516870
0.15291263, 0.88049924, 0.26417619, 2.0318031, 2.6787071, 2.3886144, 8.9508286, 9.7928524, 9.8593397, 19.851007, 19.856798, 19.858318, 19.858709, 0.27030855, 0.27677956, 0.27388281, 0.33950579, 0.34792715, 0.34859297, 0.34925503, 0.34928399, 0.34929159, 0.34929353, 0.26417619
0.18028840, 1.0000000, 0.36336374, 2.3121297, 2.7889073, 7.7118793, 9.5900841, 9.8286066, 9.8730612, 19.852411, 19.857145, 19.858423, 19.858709, 0.27311698, 0.27788594, 0.32711446, 0.34589976, 0.34828550, 0.34873044, 0.34926206, 0.34928572, 0.34929210, 0.34929353, 0.36336374
0.18190973, 1.0000000, 0.36923811, 2.2595258, 2.7452259, 8.3299980, 9.7494450, 9.8453732, 9.8799696, 19.853611, 19.857475, 19.858423, 19.858709, 0.27259511, 0.27745214, 0.33329982, 0.34749442, 0.34845370, 0.34879971, 0.34926805, 0.34928739, 0.34929210, 0.34929353, 0.36923811
0.35599214, 1.0000000, 0.99997139, 9.9996891, 9.9998112, 9.9999104, 9.9999819, 9.9999905, 9.9999990, 19.999998, 19.999998, 19.999998, 19.995995, 0.34999606, 0.34999761, 0.34999886, 0.34999976, 0.34999987, 0.34999999, 0.34999999, 0.34999999, 0.34999999, 0.34997997, 0.99997139
0.34262812, 1.0000000, 0.95155108, 9.2607632, 9.7051382, 9.8391523, 9.9593554, 9.9793386, 9.9924984, 19.999420, 19.999844, 19.999617, 19.972338, 0.34259790, 0.34704527, 0.34838843, 0.34959292, 0.34979305, 0.34992486, 0.34999710, 0.34999922, 0.34999809, 0.34986168, 0.95155108
0.33280653, 1.0000000, 0.91596568, 8.5983076, 9.6502371, 9.7957850, 9.9364681, 9.9668770, 9.9876471, 19.998991, 19.999725, 19.997774, 19.950197, 0.33596361, 0.34648925, 0.34795120, 0.34936336, 0.34966809, 0.34987622, 0.34999496, 0.34999862, 0.34998888, 0.34975100, 0.91596568
0.30696720, 1.0000000, 0.82234496, 6.8970561, 9.4394541, 9.6584034, 9.8708115, 9.9305019, 9.9725761, 19.996929, 19.999180, 19.993380, 19.930498, 0.31896293, 0.34438828, 0.34658080, 0.34870747, 0.34930471, 0.34972563, 0.34998465, 0.34999591, 0.34996688, 0.34965250, 0.82234496
0.28487790, 1.0000000, 0.74231124, 5.3131170, 9.4263754, 9.6389637, 9.8396416, 9.9095888, 9.9627066, 19.995903, 19.998804, 19.986155, 19.913879, 0.30312178, 0.34425375, 0.34638453, 0.34839538, 0.34909534, 0.34962690, 0.34997952, 0.34999400, 0.34993076, 0.34956938, 0.74231124
0.26554847, 1.0000000, 0.67227697, 3.9145224, 9.4279757, 9.6343060, 9.8237772, 9.8968353, 9.9554625, 19.995155, 19.998190, 19.976156, 19.900337, 0.28913596, 0.34426636, 0.34633622, 0.34823638, 0.34896764, 0.34955439, 0.34997576, 0.34999096, 0.34988078, 0.34950167, 0.67227697
0.23761414, 1.0000000, 0.57106566, 2.6547999, 8.2141514, 9.5243769, 9.7626076, 9.8591337, 9.9369860, 19.992367, 19.996389, 19.963766, 19.889645, 0.27654722, 0.33214006, 0.34524292, 0.34762591, 0.34859124, 0.34936982, 0.34996182, 0.34998196, 0.34981883, 0.34944823, 0.57106566
0.34343243, 1.0000000, 0.95446527, 9.3132658, 9.7110310, 9.8440104, 9.9616137, 9.9805298, 9.9929743, 19.999493, 19.999868, 19.999922, 19.984056, 0.34312707, 0.34710678, 0.34843832, 0.34961578, 0.34980512, 0.34992969, 0.34999746, 0.34999934, 0.34999961, 0.34992027, 0.95446527
0.32063937, 1.0000000, 0.87188178, 7.8431869, 9.4887609, 9.6967134, 9.9023619, 9.9488792, 9.9808435, 19.998407, 19.999582, 19.998907, 19.961004, 0.32843032, 0.34488648, 0.34696656, 0.34902349, 0.34948874, 0.34980839, 0.34999204, 0.34999791, 0.34999454, 0.34980503, 0.87188178
0.28202462, 1.0000000, 0.73197317, 5.1981273, 9.3109446, 9.5659962, 9.8148279, 9.8979692, 9.9588213, 19.995375, 19.998800, 19.995758, 19.939972, 0.30197883, 0.34310678, 0.34565863, 0.34814802, 0.34897953, 0.34958816, 0.34997687, 0.34999400, 0.34997880, 0.34969985, 0.73197317
0.24916229, 1.0000000, 0.61290681, 2.9569416, 9.0985136, 9.5357075, 9.7708435, 9.8666639, 9.9425955, 19.993235, 19.998199, 19.989927, 19.921759, 0.27956817, 0.34098282, 0.34535584, 0.34770820, 0.34866652, 0.34942594, 0.34996617, 0.34999099, 0.34994963, 0.34960878, 0.61290681
0.22773710, 1.0000000, 0.53527933, 2.3536503, 7.5247283, 9.5265093, 9.7487783, 9.8480692, 9.9305391, 19.991270, 19.997431, 19.981197, 19.906666, 0.27353442, 0.32524329, 0.34526256, 0.34748727, 0.34848043, 0.34930530, 0.34995633, 0.34998715, 0.34990600, 0.34953332, 0.53527933
0.20569526, 1.0000000, 0.45541757, 1.7689914, 5.8586516, 9.4901390, 9.7231369, 9.8291559, 9.9187851, 19.989233, 19.996170, 19.969898, 19.894609, 0.26768872, 0.30858412, 0.34489945, 0.34723097, 0.34829137, 0.34918779, 0.34994617, 0.34998086, 0.34984949, 0.34947306, 0.45541757
0.19261429, 1.0000000, 0.40802279, 1.4931023, 4.7122641, 9.5386715, 9.7412758, 9.8361444, 9.9189177, 19.988886, 19.994493, 19.956930, 19.885290, 0.26492971, 0.29712018, 0.34538421, 0.34741226, 0.34836116, 0.34918907, 0.34994441, 0.34997246, 0.34978464, 0.34942645, 0.40802279
0.17006835, 1.0000000, 0.32633460, 0.93384385, 2.9852986, 9.4254198, 9.6849298, 9.8030529, 9.9032288, 19.986181, 19.990837, 19.942951, 19.878191, 0.25933787, 0.27985188, 0.34425247, 0.34684893, 0.34803036, 0.34903222, 0.34993091, 0.34995419, 0.34971476, 0.34939095, 0.32633460
0.16668059, 1.0000000, 0.31406009, 0.85199475, 2.8746605, 9.0851955, 9.7582960, 9.8412514, 9.9161959, 19.985807, 19.985994, 19.929214, 19.872931, 0.25851670, 0.27874005, 0.34084159, 0.34758073, 0.34841138, 0.34916157, 0.34992903, 0.34992999, 0.34964606, 0.34936464, 0.31406009
0.15862782, 0.94951642, 0.28488341, 0.61666071, 2.5758476, 8.5244484, 9.7470732, 9.8368540, 9.9147081, 19.984053, 19.978769, 19.916252, 19.869030, 0.25616422, 0.27575248, 0.33523455, 0.34746847, 0.34836739, 0.34914669, 0.34992027, 0.34989384, 0.34958127, 0.34934515, 0.28488341
0.15340507, 0.88644588, 0.26596037, 0.49775243, 2.3722529, 8.0648079, 9.7582846, 9.8434381, 9.9177570, 19.982941, 19.969786, 19.904781, 19.866199, 0.25497442, 0.27371371, 0.33063307, 0.34757921, 0.34843257, 0.34917694, 0.34991470, 0.34984893, 0.34952390, 0.34933099, 0.26596037
0.15141001, 0.86235338, 0.25873190, 0.69731772, 2.0894380, 7.4868889, 9.7383928, 9.8330908, 9.9139080, 19.980415, 19.958899, 19.894890, 19.864141, 0.25697047, 0.27088949, 0.32486013, 0.34738162, 0.34832975, 0.34913871, 0.34990209, 0.34979451, 0.34947446, 0.34932071, 0.25873190
0.14208435, 0.74973595, 0.22494328, 0.43542981, 1.7602861, 6.7718883, 9.7093430, 9.8158178, 9.9063864, 19.976646, 19.946802, 19.886690, 19.862637, 0.25435328, 0.26760039, 0.31771415, 0.34709206, 0.34815750, 0.34906363, 0.34988323, 0.34973401, 0.34943345, 0.34931320, 0.22494328
0.13083018, 0.61382967, 0.18416733, 0.13479888, 1.3611317, 5.8673654, 9.6618719, 9.7866955, 9.8926935, 19.970568, 19.934019, 19.880007, 19.861578, 0.25134733, 0.26360735, 0.30866510, 0.34661588, 0.34786552, 0.34892645, 0.34985283, 0.34967011, 0.34940004, 0.34930789, 0.18416733
0.12691599, 0.56656152, 0.16998546, 0.95564127E-1, 1.2175739, 5.3281054, 9.7044048, 9.8083353, 9.8998060, 19.965355, 19.922127, 19.874899, 19.860849, 0.25095534, 0.26217335, 0.30327585, 0.34704214, 0.34808239, 0.34899774, 0.34982678, 0.34961063, 0.34937450, 0.34930426, 0.16998546
0.11985829, 0.48133218, 0.14441410, 0.0000000, 0.92810988, 4.5321755, 9.6575413, 9.7819338, 9.8882828, 19.956863, 19.910614, 19.870817, 19.860302, 0.24996737, 0.25928089, 0.29532123, 0.34657517, 0.34781921, 0.34888279, 0.34978431, 0.34955308, 0.34935409, 0.34930152, 0.14441410
0.11661217, 0.44213170, 0.13265277, 0.0000000, 0.80448389, 3.9881482, 9.6881332, 9.7975168, 9.8928833, 19.948534, 19.900698, 19.867811, 19.859938, 0.24996737, 0.25804329, 0.28987765, 0.34687948, 0.34797424, 0.34892851, 0.34974268, 0.34950349, 0.34933907, 0.34929970, 0.13265277
0.11251755, 0.39268479, 0.11781722, 0.0000000, 0.63356757, 3.3478677, 9.6635046, 9.7835255, 9.8861609, 19.938553, 19.891993, 19.865505, 19.859638, 0.24996737, 0.25633347, 0.28347281, 0.34663165, 0.34783354, 0.34886104, 0.34969276, 0.34945995, 0.34932753, 0.34929818, 0.11781722
0.10983364, 0.36027357, 0.10809288, 0.0000000, 0.51579177, 2.9570966, 9.5497856, 9.7902002, 9.8864460, 19.928072, 19.884726, 19.863758, 19.859463, 0.24996737, 0.25515601, 0.27956554, 0.34549433, 0.34790021, 0.34886387, 0.34964037, 0.34942362, 0.34931880, 0.34929731, 0.10809288
0.10663695, 0.32167009, 0.96510679E-1, 0.0000000, 0.34516454, 2.6011319, 9.1881962, 9.7614393, 9.8725233, 19.916710, 19.878569, 19.862394, 19.859299, 0.24996737, 0.25345120, 0.27600968, 0.34188080, 0.34761378, 0.34872502, 0.34958357, 0.34939283, 0.34931198, 0.34929651, 0.96510679E-1
0.10290059, 0.27654943, 0.82973130E-1, 0.0000000, 0.16105473, 2.1686018, 8.7034512, 9.7205515, 9.8513632, 19.905178, 19.873463, 19.861359, 19.859222, 0.24996737, 0.25161025, 0.27168408, 0.33703297, 0.34720466, 0.34851333, 0.34952590, 0.34936732, 0.34930679, 0.34929612, 0.82973130E-1
0.10043956, 0.24682991, 0.74056379E-1, 0.0000000, 0.68113208E-1, 1.8516630, 8.2459393, 9.7195892, 9.8459568, 19.895760, 19.869680, 19.860640, 19.859200, 0.24996737, 0.25068104, 0.26851562, 0.33245850, 0.34719536, 0.34845939, 0.34947878, 0.34934840, 0.34930319, 0.34929600, 0.74056379E-1
0.98704465E-1, 0.22587672, 0.67769796E-1, 0.0000000, 0.0000000, 1.6395330, 7.8833818, 9.7381620, 9.8502750, 19.887289, 19.866673, 19.860100, 19.859163, 0.24996737, 0.24999917, 0.26639229, 0.32883090, 0.34737983, 0.34850216, 0.34943646, 0.34933335, 0.34930050, 0.34929582, 0.67769796E-1
0.97713612E-1, 0.21391112, 0.64179756E-1, 0.0000000, 0.0000000, 1.4634728, 7.5623379, 9.7478676, 9.8526907, 19.880272, 19.864414, 19.859735, 19.859121, 0.24996737, 0.24999917, 0.26463082, 0.32561934, 0.34747607, 0.34852600, 0.34940135, 0.34932208, 0.34929869, 0.34929562, 0.64179756E-1
0.95739074E-1, 0.19006644, 0.57025637E-1, 0.0000000, 0.0000000, 1.1119783, 6.9763079, 9.6773443, 9.8214455, 19.873100, 19.862347, 19.859386, 19.859070, 0.24996737, 0.24999917, 0.26111498, 0.31975704, 0.34676927, 0.34821305, 0.34936550, 0.34931174, 0.34929693, 0.34929535, 0.57025637E-1
0.94645806E-1, 0.17686403, 0.53064518E-1, 0.0000000, 0.0000000, 0.93624592, 6.5232058, 9.6959114, 9.8257561, 19.868958, 19.861229, 19.859222, 19.859051, 0.24996737, 0.24999917, 0.25935981, 0.31522837, 0.34695637, 0.34825665, 0.34934479, 0.34930614, 0.34929612, 0.34929526, 0.53064518E-1
0.11622220, 0.43742239, 0.13123985, 1.5807271, 0.0000000, 0.91180503, 6.3229203, 9.7761278, 9.8565912, 19.866722, 19.860617, 19.859222, 19.859051, 0.26580077, 0.24999917, 0.25911692, 0.31322765, 0.34776008, 0.34856549, 0.34933361, 0.34930307, 0.34929612, 0.34929526, 0.13123985
0.13156968, 0.62275988, 0.18684664, 2.1361380, 0.95653534, 0.87773800, 6.1814599, 9.8065500, 9.8695812, 19.864475, 19.860075, 19.859180, 19.859051, 0.27135950, 0.25956485, 0.25877714, 0.31181428, 0.34806523, 0.34869573, 0.34932238, 0.34930038, 0.34929591, 0.34929526, 0.18684664
0.11976516, 0.48020756, 0.14407668, 1.4614791, 0.73591769, 0.76900721, 5.9450974, 9.7748480, 9.8582439, 19.861689, 19.859426, 19.859070, 19.859028, 0.26460892, 0.25735742, 0.25768915, 0.30944955, 0.34774733, 0.34858206, 0.34930843, 0.34929714, 0.34929535, 0.34929514, 0.14407668
0.10673316, 0.32283190, 0.96859261E-1, 0.74696541, 0.46561360, 0.61973035, 5.5935225, 9.7302494, 9.8394804, 19.858847, 19.858713, 19.858923, 19.858986, 0.25746232, 0.25465339, 0.25619549, 0.30593196, 0.34729964, 0.34839386, 0.34929425, 0.34929356, 0.34929460, 0.34929493, 0.96859261E-1
0.94549581E-1, 0.17570198, 0.52715864E-1, 0.13677180, 0.17212331, 0.41870773, 5.0223808, 9.6516476, 9.8044710, 19.855864, 19.857985, 19.858702, 19.858929, 0.25136629, 0.25172013, 0.25418577, 0.30022061, 0.34651342, 0.34804365, 0.34927931, 0.34928992, 0.34929350, 0.34929463, 0.52715864E-1
0.89624748E-1, 0.11622934, 0.34872290E-1, 0.0000000, 0.0000000, 0.21175742, 4.1574645, 9.5629196, 9.7601604, 19.853058, 19.857311, 19.858521, 19.858862, 0.24988815, 0.24997549, 0.25211731, 0.29157358, 0.34562796, 0.34760118, 0.34926528, 0.34928656, 0.34929261, 0.34929430, 0.34872290E-1
0.88571742E-1, 0.10351310, 0.31057036E-1, 0.0000000, 0.0000000, 0.10965168, 3.3842957, 9.5862789, 9.7654037, 19.852316, 19.857157, 19.858492, 19.858828, 0.24988815, 0.24997549, 0.25109595, 0.28383940, 0.34585780, 0.34765235, 0.34926158, 0.34928578, 0.34929246, 0.34929413, 0.31057036E-1
0.88173807E-1, 0.98707639E-1, 0.29615253E-1, 0.0000000, 0.0000000, 0.83881617E-1, 2.9982595, 9.6418447, 9.8056259, 19.853260, 19.857424, 19.858566, 19.858828, 0.24988815, 0.24997549, 0.25083822, 0.27997831, 0.34641156, 0.34805393, 0.34926629, 0.34928712, 0.34929281, 0.34929413, 0.29615253E-1
0.14859475, 0.82835621, 0.24853171, 2.1197498, 2.9157190, 1.7893106, 2.9925852, 9.5618563, 9.8478050, 19.854546, 19.857763, 19.858566, 19.858828, 0.27119604, 0.27915600, 0.26789275, 0.27992573, 0.34561834, 0.34847799, 0.34927273, 0.34928882, 0.34929281, 0.34929413, 0.24853171
0.18328339, 1.0000000, 0.37421516, 2.1604867, 2.9977424, 8.5574980, 9.4621563, 9.7201376, 9.8637075, 19.855404, 19.858000, 19.858566, 19.858828, 0.27160460, 0.27997720, 0.33557469, 0.34462151, 0.34720135, 0.34863707, 0.34927702, 0.34929001, 0.34929281, 0.34929413, 0.37421516
0.16934019, 1.0000000, 0.32369632, 1.7303437, 2.5404601, 7.5024281, 9.6282358, 9.7602978, 9.8582420, 19.854273, 19.857662, 19.858503, 19.858828, 0.26730081, 0.27540231, 0.32502088, 0.34628150, 0.34760252, 0.34858227, 0.34927136, 0.34928831, 0.34929252, 0.34929413, 0.32369632
0.16814640, 1.0000000, 0.31937104, 1.9060969, 2.3536444, 6.9811344, 9.7052755, 9.7965803, 9.8661585, 19.854864, 19.857805, 19.858566, 19.858828, 0.26906052, 0.27353612, 0.31981087, 0.34705260, 0.34796575, 0.34866157, 0.34927434, 0.34928903, 0.34929281, 0.34929413, 0.31937104
0.15708695, 0.93090868, 0.27930054, 1.4817953, 2.0475864, 6.3415008, 9.6976337, 9.7921038, 9.8629332, 19.854816, 19.857788, 19.858561, 19.858828, 0.26481253, 0.27047136, 0.31340805, 0.34697422, 0.34791997, 0.34862897, 0.34927410, 0.34928894, 0.34929281, 0.34929413, 0.27930054
0.14462243, 0.78038603, 0.23413923, 1.0251939, 1.6882747, 5.5768223, 9.6717463, 9.7765350, 9.8561411, 19.854361, 19.857662, 19.858540, 19.858828, 0.26024920, 0.26688004, 0.30576372, 0.34671593, 0.34776458, 0.34856114, 0.34927180, 0.34928831, 0.34929270, 0.34929413, 0.23413923
0.13187326, 0.62642598, 0.18794659, 0.60291290, 1.3041019, 4.6830192, 9.6308174, 9.7521296, 9.8461771, 19.853848, 19.857527, 19.858534, 19.858828, 0.25602826, 0.26303989, 0.29682812, 0.34630734, 0.34752089, 0.34846163, 0.34926924, 0.34928763, 0.34929267, 0.34929413, 0.18794659
0.11993977, 0.48231617, 0.14470932, 0.27650595, 0.92878342, 3.6514041, 9.5852604, 9.7236605, 9.8342628, 19.853575, 19.857458, 19.858534, 19.858828, 0.25276455, 0.25928682, 0.28651205, 0.34585157, 0.34723607, 0.34834245, 0.34926787, 0.34928730, 0.34929267, 0.34929413, 0.14470932
0.11033405, 0.36631653, 0.10990595, 0.0000000, 0.61031878, 2.9355793, 9.3632097, 9.7148094, 9.8286619, 19.852066, 19.857088, 19.858450, 19.858828, 0.24999577, 0.25610131, 0.27935129, 0.34362924, 0.34714660, 0.34828612, 0.34926033, 0.34928542, 0.34929225, 0.34929413, 0.10990595
0.10798701, 0.33797356, 0.10140221, 0.0000000, 0.48677921, 2.6811509, 9.0185661, 9.7423925, 9.8395138, 19.852970, 19.857323, 19.858540, 19.858828, 0.24999577, 0.25486684, 0.27680889, 0.34018391, 0.34742296, 0.34839481, 0.34926486, 0.34928662, 0.34929270, 0.34929413, 0.10140221
0.14628059, 0.80041009, 0.24014704, 2.1717997, 1.5026003, 2.6768982, 8.8967714, 9.8079958, 9.8651094, 19.854315, 19.857695, 19.858566, 19.858828, 0.27171665, 0.26502544, 0.27676848, 0.33896738, 0.34807977, 0.34865105, 0.34927157, 0.34928846, 0.34929281, 0.34929413, 0.24014704
0.16079828, 0.97572702, 0.29274738, 2.5100768, 2.2896795, 3.3823628, 9.3741693, 9.8411465, 9.8786926, 19.855358, 19.857977, 19.858566, 19.858828, 0.27509996, 0.27289635, 0.28382331, 0.34374151, 0.34841138, 0.34878689, 0.34927678, 0.34928989, 0.34929281, 0.34929413, 0.29274738
0.22092785, 1.0000000, 0.51060814, 2.8029859, 6.0381393, 9.3614407, 9.7220173, 9.8563366, 9.8849955, 19.856041, 19.858124, 19.858566, 19.858828, 0.27802986, 0.31038138, 0.34361440, 0.34722018, 0.34856337, 0.34884995, 0.34928021, 0.34929061, 0.34929281, 0.34929413, 0.51060814
0.20339084, 1.0000000, 0.44706824, 1.9861937, 5.2263322, 9.4805088, 9.7116661, 9.8153114, 9.8691101, 19.853424, 19.857384, 19.858402, 19.858805, 0.26985931, 0.30225915, 0.34480131, 0.34711587, 0.34815273, 0.34869099, 0.34926713, 0.34928691, 0.34929201, 0.34929401, 0.44706824
0.17192824, 1.0000000, 0.33307332, 1.0959983, 2.9738185, 9.3735933, 9.6385574, 9.7606745, 9.8473377, 19.850441, 19.856583, 19.858200, 19.858757, 0.26095816, 0.27973521, 0.34373125, 0.34638461, 0.34760627, 0.34847322, 0.34925219, 0.34928292, 0.34929100, 0.34929377, 0.33307332
0.15294200, 0.88085401, 0.26428264, 0.53977668, 2.2854238, 8.0258331, 9.6125240, 9.7396212, 9.8380346, 19.849308, 19.856297, 19.858166, 19.858757, 0.25539663, 0.27285135, 0.33025324, 0.34612402, 0.34739557, 0.34838015, 0.34924653, 0.34928149, 0.34929082, 0.34929377, 0.26428264
0.18091629, 1.0000000, 0.36563873, 2.3800521, 2.6505618, 7.9094400, 9.6513844, 9.7593918, 9.8454247, 19.850199, 19.856514, 19.858219, 19.858757, 0.27379605, 0.27650264, 0.32908997, 0.34651276, 0.34759337, 0.34845406, 0.34925100, 0.34928256, 0.34929109, 0.34929377, 0.36563873
0.35600001, 1.0000000, 1.0000000, 9.9999990, 9.9999990, 9.9999990, 9.9999990, 9.9999990, 9.9999990, 19.999998, 19.999998, 19.999998, 19.998999, 0.34999999, 0.34999999, 0.34999999, 0.34999999, 0.34999999, 0.34999999, 0.34999999, 0.34999999, 0.34999999, 0.34999499, 1.0000000
0.33223534, 1.0000000, 0.91389608, 8.6368904, 9.5442867, 9.7362499, 9.9188385, 9.9579716, 9.9836979, 19.997906, 19.999451, 19.999619, 19.975210, 0.33636808, 0.34544232, 0.34736222, 0.34918833, 0.34957969, 0.34983698, 0.34998953, 0.34999725, 0.34999809, 0.34987605, 0.91389608
0.29804853, 1.0000000, 0.79003084, 6.3193550, 9.3569174, 9.6008034, 9.8386545, 9.9122419, 9.9643936, 19.995184, 19.998741, 19.997854, 19.952801, 0.31319082, 0.34356672, 0.34600678, 0.34838629, 0.34912229, 0.34964392, 0.34997591, 0.34999371, 0.34998927, 0.34976399, 0.79003084
0.26025331, 1.0000000, 0.65309167, 3.6565979, 9.2749529, 9.5307188, 9.7716045, 9.8685493, 9.9433594, 19.992033, 19.997911, 19.993706, 19.932728, 0.28656256, 0.34274432, 0.34530449, 0.34771550, 0.34868523, 0.34943351, 0.34996015, 0.34998956, 0.34996852, 0.34966365, 0.65309167
0.22554123, 1.0000000, 0.52732325, 2.2291212, 7.5096030, 9.4504900, 9.7101173, 9.8263683, 9.9208746, 19.988300, 19.996815, 19.986658, 19.915691, 0.27229056, 0.32509470, 0.34450406, 0.34710100, 0.34826359, 0.34920871, 0.34994149, 0.34998408, 0.34993330, 0.34957844, 0.52732325
0.19971436, 1.0000000, 0.43374768, 1.5266538, 5.5666194, 9.4471130, 9.6896944, 9.8077974, 9.9072371, 19.984922, 19.995497, 19.976810, 19.901728, 0.26526484, 0.30566245, 0.34446794, 0.34689629, 0.34807765, 0.34907225, 0.34992462, 0.34997749, 0.34988406, 0.34950864, 0.43374768
0.17638397, 1.0000000, 0.34921727, 0.95199049, 3.7139113, 9.4376583, 9.6752987, 9.7948341, 9.8973351, 19.981871, 19.993664, 19.964645, 19.890718, 0.25951803, 0.28713474, 0.34437102, 0.34675187, 0.34794778, 0.34897313, 0.34990937, 0.34996831, 0.34982324, 0.34945360, 0.34921727
0.16100462, 0.97821873, 0.29349497, 0.58417916, 2.7732670, 8.8297119, 9.6722641, 9.7907915, 9.8933487, 19.980011, 19.991041, 19.951117, 19.882290, 0.25584143, 0.27773166, 0.33829552, 0.34672228, 0.34790772, 0.34893343, 0.34990007, 0.34995520, 0.34975559, 0.34941146, 0.29349497
0.14421070, 0.77541387, 0.23264743, 0.11874139, 2.1235914, 7.6352057, 9.6324987, 9.7662029, 9.8805885, 19.975967, 19.986277, 19.937016, 19.875895, 0.25118724, 0.27123392, 0.32634848, 0.34632409, 0.34766158, 0.34880573, 0.34987983, 0.34993139, 0.34968507, 0.34937948, 0.23264743
0.13402587, 0.65242112, 0.19574592, 0.0000000, 1.6410172, 6.5390625, 9.6254826, 9.7597961, 9.8761749, 19.973520, 19.980055, 19.923439, 19.871195, 0.24998328, 0.26640618, 0.31538269, 0.34625250, 0.34759676, 0.34876135, 0.34986761, 0.34990028, 0.34961718, 0.34935597, 0.19574592
0.12644815, 0.56091183, 0.16829038, 0.0000000, 1.2472361, 5.4968243, 9.6225576, 9.7564793, 9.8736687, 19.971415, 19.971935, 19.911039, 19.867754, 0.24998328, 0.26246959, 0.30496213, 0.34622341, 0.34756371, 0.34873635, 0.34985706, 0.34985968, 0.34955519, 0.34933877, 0.16829038
0.16663906, 1.0000000, 0.31390962, 2.2280126, 2.8656869, 4.5431232, 9.6179733, 9.7532396, 9.8715448, 19.968775, 19.961924, 19.900179, 19.865246, 0.27227676, 0.27865428, 0.29542917, 0.34617886, 0.34753194, 0.34871531, 0.34984386, 0.34980962, 0.34950089, 0.34932622, 0.31390962
0.14834478, 0.82533753, 0.24762602, 1.4782816, 2.2974820, 3.7560287, 9.6281357, 9.7589350, 9.8734035, 19.965551, 19.950546, 19.891005, 19.863441, 0.26478145, 0.27297354, 0.28755924, 0.34628081, 0.34758908, 0.34873393, 0.34982777, 0.34975272, 0.34945503, 0.34931719, 0.24762602
0.13422288, 0.65480018, 0.19645970, 0.92994571, 1.8445253, 3.0769398, 9.6404676, 9.7660513, 9.8758173, 19.960865, 19.938303, 19.883476, 19.862143, 0.25929597, 0.26844111, 0.28076595, 0.34640253, 0.34765941, 0.34875780, 0.34980434, 0.34969151, 0.34941739, 0.34931070, 0.19645970
0.12356367, 0.52607864, 0.15783937, 0.54171979, 1.4359772, 2.6684940, 9.3641825, 9.7604332, 9.8739662, 19.955803, 19.926237, 19.877552, 19.861214, 0.25541529, 0.26435676, 0.27668214, 0.34363985, 0.34760332, 0.34873930, 0.34977901, 0.34963119, 0.34938776, 0.34930608, 0.15783937
0.16383323, 1.0000000, 0.30374357, 2.6876240, 2.0324230, 4.0128951, 9.5410891, 9.7757654, 9.8796701, 19.949209, 19.914682, 19.872902, 19.860563, 0.27687195, 0.27032229, 0.29012701, 0.34540996, 0.34775716, 0.34879655, 0.34974605, 0.34957340, 0.34936452, 0.34930283, 0.30374357
0.14868322, 0.82942462, 0.24885227, 1.9911736, 1.6970128, 3.3248394, 9.6449862, 9.7804689, 9.8819065, 19.941734, 19.904251, 19.869339, 19.860104, 0.26990688, 0.26696762, 0.28324595, 0.34644842, 0.34780398, 0.34881884, 0.34970868, 0.34952125, 0.34934670, 0.34930050, 0.24885227
0.13334861, 0.64424241, 0.19329205, 1.2708873, 1.3068974, 2.8448462, 9.4426165, 9.7675791, 9.8753357, 19.931879, 19.894773, 19.866552, 19.859762, 0.26270279, 0.26306522, 0.27844438, 0.34442344, 0.34767440, 0.34875289, 0.34965938, 0.34947386, 0.34933275, 0.34929880, 0.19329205
0.11840621, 0.46379671, 0.13915293, 0.59329867, 0.88141263, 2.4335682, 9.0120745, 9.7386284, 9.8605480, 19.920399, 19.886436, 19.864374, 19.859497, 0.25592971, 0.25881121, 0.27433166, 0.34011775, 0.34738469, 0.34860495, 0.34960198, 0.34943217, 0.34932187, 0.34929749, 0.13915293
0.10545016, 0.30733833, 0.92210725E-1, 0.73561072E-1, 0.47453344, 1.9644082, 8.4610023, 9.6975756, 9.8392239, 19.908417, 19.879404, 19.862700, 19.859299, 0.25073501, 0.25474307, 0.26963937, 0.33460596, 0.34697342, 0.34839147, 0.34954208, 0.34939700, 0.34931350, 0.34929651, 0.92210725E-1
0.99422701E-1, 0.23455019, 0.70372097E-1, 0.0000000, 0.19110143, 1.4704794, 7.7357831, 9.6506147, 9.8143282, 19.898458, 19.874067, 19.861532, 19.859217, 0.24999149, 0.25191018, 0.26470163, 0.32735452, 0.34650409, 0.34814256, 0.34949228, 0.34937033, 0.34930766, 0.34929609, 0.70372097E-1
0.99370703E-1, 0.23392224, 0.70183694E-1, 0.18909276, 0.50091743E-1, 1.2127638, 7.1995602, 9.6918573, 9.8261642, 19.889818, 19.869949, 19.860710, 19.859169, 0.25188935, 0.25050068, 0.26212457, 0.32199198, 0.34691614, 0.34826082, 0.34944910, 0.34934974, 0.34930354, 0.34929585, 0.70183694E-1
0.94386995E-1, 0.17373860, 0.52126795E-1, 0.0000000, 0.0000000, 0.87882578, 6.5238204, 9.6466389, 9.8059654, 19.881168, 19.866480, 19.860058, 19.859104, 0.24992016, 0.24997027, 0.25878826, 0.31523821, 0.34646639, 0.34805965, 0.34940583, 0.34933239, 0.34930030, 0.34929553, 0.52126795E-1
0.16141582, 0.98318440, 0.29498482, 2.0956664, 2.8669596, 3.7867093, 9.3056660, 9.7096376, 9.8296289, 19.874907, 19.864092, 19.859615, 19.859058, 0.27095616, 0.27866918, 0.28786683, 0.34305650, 0.34709632, 0.34829625, 0.34937453, 0.34932047, 0.34929806, 0.34929529, 0.29498482
0.15899864, 0.95399421, 0.28622690, 2.1501064, 2.2554576, 4.1846218, 9.5972223, 9.7426062, 9.8433161, 19.869463, 19.862206, 19.859346, 19.859011, 0.27149615, 0.27255148, 0.29184332, 0.34597093, 0.34742540, 0.34843293, 0.34934732, 0.34931102, 0.34929675, 0.34929505, 0.28622690
0.13256547, 0.63478506, 0.19045457, 1.0074049, 1.5189737, 3.0920882, 9.5597248, 9.7092552, 9.8289738, 19.862545, 19.860146, 19.858961, 19.858923, 0.26007149, 0.26518744, 0.28091854, 0.34559578, 0.34709182, 0.34828949, 0.34931272, 0.34930074, 0.34929481, 0.34929460, 0.19045457
0.13358060, 0.64704388, 0.19413258, 1.5532047, 1.0349095, 2.5643826, 9.1738358, 9.7139254, 9.8284340, 19.858133, 19.858870, 19.858673, 19.858856, 0.26552537, 0.26034641, 0.27564052, 0.34173599, 0.34713799, 0.34828392, 0.34929067, 0.34929436, 0.34929335, 0.34929428, 0.19413258
0.11719850, 0.44921225, 0.13477716, 0.74270964, 0.65333843, 2.1700442, 8.6802225, 9.7065668, 9.8246012, 19.854918, 19.857933, 19.858471, 19.858805, 0.25742441, 0.25653195, 0.27169809, 0.33680034, 0.34706461, 0.34824565, 0.34927458, 0.34928966, 0.34929234, 0.34929401, 0.13477716
0.10900854, 0.35030964, 0.10510340, 0.37902594, 0.45007765, 1.8941492, 8.2549334, 9.7181997, 9.8294287, 19.854256, 19.857681, 19.858423, 19.858805, 0.25378832, 0.25449938, 0.26893857, 0.33254680, 0.34718052, 0.34829378, 0.34927127, 0.34928840, 0.34929210, 0.34929401, 0.10510340
0.14985853, 0.84361756, 0.25311059, 2.4106174, 2.1473765, 1.6671330, 7.8790722, 9.7313328, 9.8343782, 19.853188, 19.857361, 19.858330, 19.858805, 0.27410617, 0.27147377, 0.26667133, 0.32879072, 0.34731334, 0.34834379, 0.34926593, 0.34928679, 0.34929165, 0.34929401, 0.25311059
0.11417412, 0.41268966, 0.12381928, 0.69425106, 1.0924339, 1.1835843, 7.1793523, 9.6235390, 9.7909107, 19.849382, 19.856323, 19.858120, 19.858751, 0.25664085, 0.26072767, 0.26173258, 0.32170540, 0.34618065, 0.34788817, 0.34924564, 0.34928128, 0.34929052, 0.34929374, 0.12381928
0.90983003E-1, 0.13263175, 0.39793506E-1, 0.0000000, 0.16590953E-1, 0.36394298, 5.1555624, 9.3781548, 9.6671438, 19.843590, 19.854811, 19.857765, 19.858692, 0.24994652, 0.25005782, 0.25354445, 0.30141005, 0.34365997, 0.34662735, 0.34921667, 0.34927371, 0.34928873, 0.34929344, 0.39793506E-1
0.87058738E-1, 0.85241929E-1, 0.25575137E-1, 0.0000000, 0.0000000, 0.0000000, 2.7645736, 8.3776035, 9.5579119, 19.839130, 19.853601, 19.857512, 19.858652, 0.24994652, 0.24999866, 0.24999997, 0.27752241, 0.33361712, 0.34551686, 0.34919435, 0.34926766, 0.34928748, 0.34929323, 0.25575137E-1
0.85129172E-1, 0.61940342E-1, 0.18583961E-1, 0.0000000, 0.0000000, 0.0000000, 1.6571879, 5.9491162, 9.4953699, 19.835674, 19.852671, 19.857307, 19.858616, 0.24994652, 0.24999866, 0.24999997, 0.26646575, 0.30933747, 0.34487227, 0.34917700, 0.34926301, 0.34928644, 0.34929305, 0.18583961E-1
0.83261669E-1, 0.39388187E-1, 0.11817638E-1, 0.0000000, 0.0000000, 0.0000000, 0.77015162, 3.1788368, 9.4812469, 19.836304, 19.852797, 19.857365, 19.858658, 0.24994652, 0.24999866, 0.24999997, 0.25769913, 0.28178346, 0.34480757, 0.34918153, 0.34926397, 0.34928682, 0.34929329, 0.11817638E-1
0.82370944E-1, 0.28631765E-1, 0.85903890E-2, 0.0000000, 0.0000000, 0.0000000, 0.35876930, 2.1422119, 8.6043997, 19.838165, 19.853262, 19.857519, 19.858709, 0.24994652, 0.24999866, 0.24999997, 0.25358617, 0.27141759, 0.33603796, 0.34919083, 0.34926632, 0.34928760, 0.34929353, 0.85903890E-2
0.81959799E-1, 0.23666732E-1, 0.71007297E-2, 0.0000000, 0.0000000, 0.0000000, 0.19182563, 1.6979039, 7.9597816, 19.839094, 19.853533, 19.857615, 19.858709, 0.24994652, 0.24999866, 0.24999997, 0.25191712, 0.26697397, 0.32958993, 0.34919548, 0.34926766, 0.34928808, 0.34929353, 0.71007297E-2
0.12926295, 0.59490371, 0.17848897, 1.9894302, 1.9332707, 0.94606876, 0.16645491, 1.6392797, 7.8447027, 19.842587, 19.854486, 19.857849, 19.858709, 0.26988679, 0.26932833, 0.25945961, 0.25166452, 0.26639262, 0.32844675, 0.34921294, 0.34927243, 0.34928924, 0.34929353, 0.17848897
0.10102065, 0.25384715, 0.76161765E-1, 0.58813095, 1.0191977, 0.64475834, 0.10176897, 1.5717864, 7.7385607, 19.841597, 19.854269, 19.857765, 19.858698, 0.25587848, 0.26018906, 0.25644666, 0.25101766, 0.26571763, 0.32738525, 0.34920800, 0.34927136, 0.34928882, 0.34929350, 0.76161765E-1
0.10543308, 0.30713207, 0.92148840E-1, 1.3359666, 0.43607950, 0.40506423, 0.49245358E-1, 1.5048325, 7.6255450, 19.841675, 19.854273, 19.857744, 19.858709, 0.26335520, 0.25435993, 0.25405023, 0.25049245, 0.26504818, 0.32625517, 0.34920838, 0.34927136, 0.34928873, 0.34929353, 0.92148840E-1
0.14790878, 0.82007229, 0.24604629, 2.6356757, 2.1990628, 2.3939519, 2.1294951, 1.4893293, 7.5754662, 19.844927, 19.855127, 19.857973, 19.858709, 0.27635258, 0.27198854, 0.27393839, 0.27129474, 0.26489323, 0.32575455, 0.34922463, 0.34927565, 0.34928986, 0.34929353, 0.24604629
0.25077242, 1.0000000, 0.61874056, 8.0618811, 2.5432491, 8.2709751, 2.2485704, 2.7889311, 8.7106781, 19.848141, 19.856020, 19.858208, 19.858709, 0.33061880, 0.27543250, 0.33270976, 0.27248570, 0.27788931, 0.33710676, 0.34924072, 0.34928009, 0.34929103, 0.34929353, 0.61874056
0.17813379, 1.0000000, 0.35555717, 2.4862826, 2.6667089, 6.9654026, 9.2450409, 9.4629889, 9.6621914, 19.849981, 19.856503, 19.858307, 19.858709, 0.27486283, 0.27666709, 0.31965402, 0.34245041, 0.34462988, 0.34662193, 0.34924990, 0.34928250, 0.34929153, 0.34929353, 0.35555717
0.15685722, 0.92813438, 0.27846816, 1.6866058, 2.1453142, 5.4606409, 9.5040827, 9.6467943, 9.7786922, 19.850075, 19.856516, 19.858301, 19.858709, 0.26686573, 0.27145287, 0.30460608, 0.34504071, 0.34646788, 0.34778690, 0.34925038, 0.34928256, 0.34929150, 0.34929353, 0.27846816
0.14122264, 0.73932993, 0.22182116, 1.0958433, 1.7193466, 4.4840384, 9.5790358, 9.7059050, 9.8152351, 19.849882, 19.856466, 19.858278, 19.858709, 0.26095685, 0.26719198, 0.29483846, 0.34578952, 0.34705862, 0.34815219, 0.34924942, 0.34928232, 0.34929138, 0.34929353, 0.22182116
0.16766886, 1.0000000, 0.31764081, 1.9864202, 2.0489244, 7.2399879, 9.5929832, 9.7202520, 9.8253193, 19.848816, 19.856184, 19.858189, 19.858709, 0.26986191, 0.27048782, 0.32239738, 0.34592918, 0.34720218, 0.34825307, 0.34924409, 0.34928092, 0.34929094, 0.34929353, 0.31764081
0.14209007, 0.74980503, 0.22496401, 0.95326602, 1.3983309, 5.8143296, 9.5621262, 9.7042503, 9.8197432, 19.846617, 19.855600, 19.858025, 19.858704, 0.25953108, 0.26398191, 0.30814040, 0.34562030, 0.34704202, 0.34819728, 0.34923309, 0.34927800, 0.34929013, 0.34929353, 0.22496401
0.12075388, 0.49214742, 0.14765899, 0.21361411, 0.81613958, 4.3024006, 9.5192833, 9.6782970, 9.8086176, 19.844574, 19.855076, 19.857906, 19.858692, 0.25213516, 0.25815916, 0.29301807, 0.34519023, 0.34678164, 0.34808573, 0.34922287, 0.34927538, 0.34928954, 0.34929347, 0.14765899
0.12543379, 0.54866242, 0.16461518, 1.1888027, 0.42348802, 2.9803185, 9.4660215, 9.6740723, 9.8056803, 19.844112, 19.854954, 19.857895, 19.858709, 0.26188135, 0.25423345, 0.27979818, 0.34465703, 0.34673908, 0.34805626, 0.34922057, 0.34927475, 0.34928948, 0.34929353, 0.16461518
0.11190552, 0.38529381, 0.11559971, 0.51786602, 0.20210445, 2.5031865, 8.8947554, 9.6841908, 9.8102627, 19.844786, 19.855127, 19.857954, 19.858709, 0.25517622, 0.25202048, 0.27502832, 0.33894503, 0.34684053, 0.34810215, 0.34922391, 0.34927565, 0.34928977, 0.34929353, 0.11559971
0.11691638, 0.44580540, 0.13375500, 0.98711848, 0.15998781, 2.2994308, 8.5436773, 9.7311449, 9.8311853, 19.847765, 19.855925, 19.858189, 19.858709, 0.25986579, 0.25159934, 0.27299052, 0.33543396, 0.34730983, 0.34831131, 0.34923881, 0.34927961, 0.34929094, 0.34929353, 0.13375500
0.35599440, 1.0000000, 0.99997962, 9.9998503, 9.9999104, 9.9999542, 9.9999905, 9.9999962, 9.9999990, 19.999998, 19.999998, 19.999998, 19.995995, 0.34999719, 0.34999830, 0.34999916, 0.34999982, 0.34999993, 0.34999999, 0.34999999, 0.34999999, 0.34999999, 0.34997997, 0.99997962
0.34503865, 1.0000000, 0.96028495, 9.4730949, 9.6558266, 9.8095989, 9.9520254, 9.9755840, 9.9913464, 19.999577, 19.999886, 19.999622, 19.972338, 0.34473044, 0.34655795, 0.34809583, 0.34952024, 0.34975579, 0.34991348, 0.34999788, 0.34999943, 0.34999812, 0.34986168, 0.96028495
0.35496956, 1.0000000, 0.99626648, 9.9997454, 9.9832668, 9.8215122, 9.8624239, 9.9264479, 9.9709101, 19.996458, 19.999075, 19.997583, 19.950150, 0.34999692, 0.34983233, 0.34821498, 0.34862420, 0.34926444, 0.34970909, 0.34998229, 0.34999537, 0.34998792, 0.34975076, 0.99626648
0.32770330, 1.0000000, 0.89747566, 8.4136887, 9.4387226, 9.6254730, 9.8103638, 9.8925714, 9.9545279, 19.993761, 19.998363, 19.993130, 19.930450, 0.33413690, 0.34438723, 0.34625474, 0.34810364, 0.34892571, 0.34954527, 0.34996879, 0.34999183, 0.34996563, 0.34965226, 0.89747566
0.34761536, 1.0000000, 0.96962076, 9.7156134, 9.6882439, 9.6091433, 9.7685251, 9.8626652, 9.9379520, 19.990459, 19.997396, 19.985731, 19.913801, 0.34715435, 0.34688136, 0.34609091, 0.34768513, 0.34862658, 0.34937948, 0.34995228, 0.34998697, 0.34992865, 0.34956902, 0.96962076
0.31788218, 1.0000000, 0.86189193, 7.7470393, 9.3890257, 9.5877523, 9.7726955, 9.8600140, 9.9334536, 19.989401, 19.996674, 19.975698, 19.900272, 0.32746756, 0.34388819, 0.34587649, 0.34772673, 0.34860003, 0.34933451, 0.34994701, 0.34998336, 0.34987849, 0.34950137, 0.86189193
0.29591936, 1.0000000, 0.78231645, 6.2021914, 9.3279886, 9.5569143, 9.7597780, 9.8504887, 9.9266930, 19.987345, 19.995024, 19.963392, 19.889597, 0.31202132, 0.34327936, 0.34556887, 0.34759772, 0.34850487, 0.34926695, 0.34993672, 0.34997511, 0.34981698, 0.34944800, 0.78231645
0.26891074, 1.0000000, 0.68445915, 4.2315760, 9.3455667, 9.5675831, 9.7643843, 9.8511152, 9.9254885, 19.986786, 19.992643, 19.949850, 19.881477, 0.29231247, 0.34345132, 0.34567359, 0.34764341, 0.34851092, 0.34925479, 0.34993392, 0.34996322, 0.34974927, 0.34940737, 0.68445915
0.23618072, 1.0000000, 0.56587219, 2.6325881, 8.1070824, 9.4801540, 9.7184439, 9.8241358, 9.9121828, 19.983334, 19.987913, 19.935787, 19.875313, 0.27632427, 0.33106786, 0.34479979, 0.34718409, 0.34824118, 0.34912178, 0.34991667, 0.34993955, 0.34967893, 0.34937656, 0.56587219
0.31971413, 1.0000000, 0.86852938, 7.8196540, 9.4341450, 9.6653013, 9.8894234, 9.9422226, 9.9771957, 19.996828, 19.999176, 19.999702, 19.982033, 0.32819298, 0.34433889, 0.34665170, 0.34889397, 0.34942207, 0.34977189, 0.34998414, 0.34999588, 0.34999850, 0.34991017, 0.86852938
0.34561592, 1.0000000, 0.96237642, 9.4433813, 9.7464390, 9.8653374, 9.9698009, 9.9847755, 9.9948072, 19.999908, 19.999975, 19.999969, 19.988020, 0.34442702, 0.34746018, 0.34865126, 0.34969759, 0.34984756, 0.34994802, 0.34999955, 0.34999987, 0.34999985, 0.34994009, 0.96237642
0.30051458, 1.0000000, 0.79896581, 6.5497794, 9.2893562, 9.5626421, 9.8371210, 9.9131861, 9.9658375, 19.995880, 19.998920, 19.999004, 19.964668, 0.31549686, 0.34289280, 0.34562600, 0.34837112, 0.34913182, 0.34965837, 0.34997940, 0.34999460, 0.34999502, 0.34982336, 0.79896581
0.25843912, 1.0000000, 0.64651847, 3.5457680, 9.2484503, 9.5153627, 9.7698050, 9.8687096, 9.9448900, 19.993380, 19.998264, 19.996284, 19.943237, 0.28545412, 0.34247896, 0.34515077, 0.34769744, 0.34868681, 0.34944880, 0.34996688, 0.34999132, 0.34998143, 0.34971619, 0.64651847
0.22272676, 1.0000000, 0.51712590, 2.1362276, 7.3289227, 9.4468374, 9.7056179, 9.8239670, 9.9204712, 19.989204, 19.997152, 19.990793, 19.924480, 0.27135709, 0.32327855, 0.34446150, 0.34705478, 0.34823895, 0.34920448, 0.34994602, 0.34998578, 0.34995395, 0.34962240, 0.51712590
0.25979048, 1.0000000, 0.65141475, 3.6607709, 9.2203312, 9.5262194, 9.7307682, 9.8314610, 9.9185238, 19.988384, 19.996700, 19.982563, 19.908915, 0.28660530, 0.34219968, 0.34526032, 0.34730729, 0.34831440, 0.34918517, 0.34994191, 0.34998351, 0.34991282, 0.34954458, 0.65141475
0.30679736, 1.0000000, 0.82172954, 7.0331674, 9.2806120, 9.5189438, 9.7278309, 9.8278227, 9.9134283, 19.985619, 19.995337, 19.971575, 19.896353, 0.32032999, 0.34280482, 0.34518877, 0.34727815, 0.34827816, 0.34913424, 0.34992808, 0.34997669, 0.34985787, 0.34948176, 0.82172954
0.24818793, 1.0000000, 0.60937649, 2.9828191, 9.0021524, 9.4345961, 9.6774883, 9.7967186, 9.8974800, 19.981232, 19.992723, 19.958549, 19.886562, 0.27982616, 0.34001783, 0.34434402, 0.34677449, 0.34796697, 0.34897473, 0.34990615, 0.34996361, 0.34979275, 0.34943283, 0.60937649
0.20300175, 1.0000000, 0.44565850, 1.6908824, 5.7527647, 9.3419609, 9.6170578, 9.7578955, 9.8776197, 19.976139, 19.988583, 19.944504, 19.879116, 0.26690701, 0.30752397, 0.34341663, 0.34616995, 0.34757864, 0.34877607, 0.34988070, 0.34994292, 0.34972250, 0.34939557, 0.44565850
0.16801214, 1.0000000, 0.31888455, 0.84595680, 2.9787242, 9.2619944, 9.5926151, 9.7393646, 9.8664722, 19.972408, 19.983038, 19.930523, 19.873554, 0.25845805, 0.27978402, 0.34261498, 0.34592512, 0.34739310, 0.34866455, 0.34986204, 0.34991521, 0.34965262, 0.34936777, 0.31888455
0.15862451, 0.94947648, 0.28487143, 1.0558337, 2.2330701, 7.7858353, 9.5923185, 9.7367725, 9.8630781, 19.969322, 19.975670, 19.917379, 19.869459, 0.26055723, 0.27232930, 0.32785594, 0.34592259, 0.34736744, 0.34863070, 0.34984660, 0.34987834, 0.34958690, 0.34934729, 0.28487143
0.13344094, 0.64535731, 0.19362657, 0.24344623, 1.4160395, 6.0593281, 9.5411568, 9.7044325, 9.8467245, 19.963465, 19.965662, 19.905447, 19.866423, 0.25243372, 0.26415783, 0.31058776, 0.34540984, 0.34704342, 0.34846693, 0.34981734, 0.34982830, 0.34952724, 0.34933212, 0.19362657
0.11556162, 0.42944527, 0.12884647, 0.0000000, 0.68181157, 4.0398068, 9.4719086, 9.6580133, 9.8229322, 19.957144, 19.954012, 19.895184, 19.864223, 0.24998756, 0.25681570, 0.29039094, 0.34471574, 0.34657845, 0.34822875, 0.34978572, 0.34977007, 0.34947592, 0.34932113, 0.12884647
0.10690237, 0.32487530, 0.97472340E-1, 0.0000000, 0.29951632, 2.7938366, 9.0716591, 9.6443758, 9.8146648, 19.952530, 19.941998, 19.886803, 19.862684, 0.24998756, 0.25299430, 0.27793437, 0.34071401, 0.34644240, 0.34814617, 0.34976265, 0.34970999, 0.34943402, 0.34931344, 0.97472340E-1
0.12507115, 0.54428321, 0.16330129, 1.7956257, 0.34883618E-1, 1.9321710, 8.0746727, 9.6006145, 9.7923136, 19.946598, 19.929539, 19.880032, 19.861578, 0.26795089, 0.25034878, 0.26931998, 0.33074528, 0.34600529, 0.34792283, 0.34973300, 0.34964770, 0.34940016, 0.34930789, 0.16330129
0.20398471, 1.0000000, 0.44921994, 2.1281538, 6.0076122, 7.8291125, 8.6160831, 9.6028671, 9.7892799, 19.938023, 19.917080, 19.874590, 19.860779, 0.27128154, 0.31007612, 0.32829112, 0.33616084, 0.34602869, 0.34789279, 0.34969011, 0.34958541, 0.34937295, 0.34930390, 0.44921994
0.17844690, 1.0000000, 0.35669166, 2.2054732, 2.5826783, 8.0628767, 9.5176105, 9.6942244, 9.8281298, 19.929609, 19.905853, 19.870464, 19.860220, 0.27205318, 0.27582568, 0.33062705, 0.34517571, 0.34694204, 0.34828123, 0.34964806, 0.34952927, 0.34935233, 0.34930110, 0.35669166
0.20534836, 1.0000000, 0.45416072, 2.5056272, 4.6924753, 9.2985783, 9.6783133, 9.7784967, 9.8679714, 19.924248, 19.896900, 19.867552, 19.859880, 0.27505526, 0.29692361, 0.34298465, 0.34678289, 0.34778485, 0.34867969, 0.34962124, 0.34948450, 0.34933776, 0.34929940, 0.45416072
0.34967315, 1.0000000, 0.97707659, 9.6681519, 9.8360243, 9.9145050, 9.9801149, 9.9899712, 9.9963789, 19.999725, 19.999933, 19.999958, 19.988003, 0.34667429, 0.34835583, 0.34914282, 0.34980071, 0.34989947, 0.34996369, 0.34999862, 0.34999967, 0.34999979, 0.34994000, 0.97707659
0.35594600, 1.0000000, 0.99980438, 9.9979639, 9.9987803, 9.9993858, 9.9998741, 9.9999371, 9.9999723, 19.999998, 19.999998, 19.999996, 19.993994, 0.34997311, 0.34998387, 0.34999189, 0.34999835, 0.34999916, 0.34999967, 0.34999999, 0.34999999, 0.34999996, 0.34996998, 0.99980438
0.34707409, 1.0000000, 0.96765959, 9.5153055, 9.7899780, 9.8874912, 9.9731245, 9.9863930, 9.9951496, 19.999718, 19.999928, 19.999559, 19.970417, 0.34515116, 0.34789860, 0.34887433, 0.34973112, 0.34986389, 0.34995148, 0.34999859, 0.34999964, 0.34999779, 0.34985209, 0.96765959
0.29658893, 1.0000000, 0.78474247, 6.2692070, 9.2860785, 9.5583849, 9.8290977, 9.9084330, 9.9629841, 19.994631, 19.998604, 19.997223, 19.948372, 0.31269118, 0.34285998, 0.34558344, 0.34829089, 0.34908429, 0.34962985, 0.34997314, 0.34999302, 0.34998611, 0.34974188, 0.78474247
0.24686536, 1.0000000, 0.60458457, 2.9176502, 8.9269295, 9.4652081, 9.7361450, 9.8482370, 9.9343214, 19.990187, 19.997427, 19.992414, 19.928905, 0.27917385, 0.33926442, 0.34464949, 0.34736091, 0.34848210, 0.34934312, 0.34995094, 0.34998715, 0.34996206, 0.34964454, 0.60458457
0.21084034, 1.0000000, 0.47405919, 1.8664807, 6.3663564, 9.4061003, 9.6751051, 9.8033705, 9.9088621, 19.985601, 19.996012, 19.984684, 19.912489, 0.26866245, 0.31365874, 0.34405744, 0.34675029, 0.34803334, 0.34908849, 0.34992802, 0.34998006, 0.34992343, 0.34956244, 0.47405919
0.17820483, 1.0000000, 0.35581458, 1.0603577, 3.8001702, 9.3553066, 9.6331015, 9.7714081, 9.8892813, 19.982166, 19.994593, 19.974297, 19.899185, 0.26060107, 0.28799632, 0.34354645, 0.34632963, 0.34771338, 0.34889257, 0.34991083, 0.34997296, 0.34987149, 0.34949592, 0.35581458
0.15291665, 0.88054782, 0.26419076, 0.38656592, 2.4461598, 8.2116709, 9.5938034, 9.7427816, 9.8713064, 19.977674, 19.992167, 19.961660, 19.888731, 0.25386459, 0.27445748, 0.33210981, 0.34593642, 0.34742698, 0.34871280, 0.34988838, 0.34996083, 0.34980831, 0.34944364, 0.26419076
0.17430353, 1.0000000, 0.34167942, 2.1101146, 2.7807741, 6.9561796, 9.6155329, 9.7507095, 9.8702431, 19.974747, 19.988903, 19.947903, 19.880760, 0.27110115, 0.27780774, 0.31956178, 0.34615535, 0.34750709, 0.34870243, 0.34987372, 0.34994453, 0.34973952, 0.34940380, 0.34167942
0.16536646, 1.0000000, 0.30929875, 2.1312535, 2.1901517, 5.9053488, 9.6274767, 9.7572193, 9.8719931, 19.972530, 19.984217, 19.933987, 19.874805, 0.27131218, 0.27190128, 0.30905318, 0.34627467, 0.34757215, 0.34871989, 0.34986264, 0.34992108, 0.34966993, 0.34937403, 0.30929875
0.21180500, 1.0000000, 0.47755435, 2.4225445, 5.7124662, 9.1108055, 9.6115570, 9.7481117, 9.8682842, 19.970543, 19.977659, 19.920645, 19.870399, 0.27422544, 0.30712467, 0.34110805, 0.34611556, 0.34748113, 0.34868285, 0.34985271, 0.34988829, 0.34960324, 0.34935200, 0.47755435
0.20307890, 1.0000000, 0.44593799, 2.3999095, 4.5480466, 9.4041023, 9.6424484, 9.7659845, 9.8753262, 19.968508, 19.969168, 19.908550, 19.867182, 0.27399185, 0.29547220, 0.34403250, 0.34642273, 0.34765896, 0.34875298, 0.34984255, 0.34984583, 0.34954274, 0.34933591, 0.44593799
0.18208623, 1.0000000, 0.36987761, 1.8769205, 2.9902191, 9.1854830, 9.6516838, 9.7727604, 9.8788614, 19.965887, 19.958874, 19.898060, 19.864841, 0.26876813, 0.27990118, 0.34185326, 0.34651652, 0.34772742, 0.34878856, 0.34982944, 0.34979436, 0.34949028, 0.34932420, 0.36987761
0.20429477, 1.0000000, 0.45034334, 2.6058316, 4.5834675, 8.9531059, 9.5808201, 9.7311230, 9.8608646, 19.960270, 19.946730, 19.889130, 19.863113, 0.27605644, 0.29583266, 0.33952913, 0.34580779, 0.34731102, 0.34860858, 0.34980136, 0.34973365, 0.34944564, 0.34931558, 0.45034334
0.19261524, 1.0000000, 0.40802619, 2.3058920, 3.5889621, 9.1069708, 9.6303091, 9.7578754, 9.8698778, 19.955017, 19.934368, 19.881954, 19.861921, 0.27305844, 0.28588918, 0.34106916, 0.34630299, 0.34757870, 0.34869877, 0.34977508, 0.34967184, 0.34940976, 0.34930962, 0.40802619
0.18467896, 1.0000000, 0.37927157, 2.4298131, 2.6367755, 8.6727209, 9.6610088, 9.7770691, 9.8785400, 19.949610, 19.922476, 19.876320, 19.861067, 0.27429801, 0.27636766, 0.33672705, 0.34661007, 0.34777066, 0.34878540, 0.34974805, 0.34961239, 0.34938160, 0.34930533, 0.37927157
0.35260779, 1.0000000, 0.98770922, 9.9690304, 9.7331905, 9.8285093, 9.9570017, 9.9781446, 9.9920816, 19.999420, 19.996717, 19.925697, 19.860474, 0.34969032, 0.34733191, 0.34828508, 0.34957001, 0.34978145, 0.34992081, 0.34999710, 0.34998357, 0.34962848, 0.34930235, 0.98770922
0.32944009, 1.0000000, 0.90376836, 8.4982548, 9.4693794, 9.6799202, 9.8944025, 9.9444771, 9.9792852, 19.998419, 19.988438, 19.910267, 19.860039, 0.33498067, 0.34469253, 0.34679857, 0.34894389, 0.34944472, 0.34979281, 0.34999210, 0.34994218, 0.34955132, 0.34930021, 0.90376836
0.27341205, 1.0000000, 0.70076823, 4.6784563, 9.1869144, 9.4782810, 9.7634020, 9.8680553, 9.9460773, 19.993507, 19.976526, 19.897486, 19.859686, 0.29678440, 0.34186894, 0.34478268, 0.34763399, 0.34868056, 0.34946078, 0.34996754, 0.34988263, 0.34948742, 0.34929842, 0.70076823
0.23900054, 1.0000000, 0.57608891, 2.7866154, 8.1793842, 9.4976702, 9.7310829, 9.8397789, 9.9284277, 19.989452, 19.962952, 19.887482, 19.859451, 0.27786568, 0.33179301, 0.34497622, 0.34731075, 0.34839773, 0.34928426, 0.34994727, 0.34981477, 0.34943742, 0.34929726, 0.57608891
0.35453016, 1.0000000, 0.99467450, 9.9987173, 9.9699955, 9.7746086, 9.7646818, 9.8526382, 9.9289389, 19.986534, 19.948835, 19.879927, 19.859346, 0.34998471, 0.34969845, 0.34774536, 0.34764668, 0.34852633, 0.34928936, 0.34993267, 0.34974417, 0.34939963, 0.34929675, 0.99467450
0.35570449, 1.0000000, 0.99892932, 9.9854507, 9.9913359, 9.9956684, 9.9991264, 9.9995670, 9.9998503, 19.999998, 19.999998, 19.999990, 19.991999, 0.34985244, 0.34991211, 0.34995607, 0.34999114, 0.34999561, 0.34999847, 0.34999999, 0.34999999, 0.34999996, 0.34996000, 0.99892932
0.34018534, 1.0000000, 0.94270039, 9.2439966, 9.5050583, 9.7118187, 9.9151487, 9.9561634, 9.9836378, 19.998508, 19.999611, 19.999853, 19.985031, 0.34243995, 0.34505057, 0.34711820, 0.34915149, 0.34956163, 0.34983638, 0.34999254, 0.34999806, 0.34999925, 0.34992516, 0.94270039
0.31137776, 1.0000000, 0.83832514, 7.2234411, 9.4336004, 9.6476555, 9.8590479, 9.9233685, 9.9698896, 19.997055, 19.999235, 19.998880, 19.961918, 0.32223231, 0.34433433, 0.34647569, 0.34859031, 0.34923360, 0.34969887, 0.34998527, 0.34999618, 0.34999439, 0.34980959, 0.83832514
0.29096931, 1.0000000, 0.76438153, 5.7947721, 9.3784781, 9.6020164, 9.8141375, 9.8939590, 9.9560375, 19.995667, 19.998873, 19.995924, 19.940811, 0.30794737, 0.34378442, 0.34601998, 0.34814134, 0.34893957, 0.34956038, 0.34997833, 0.34999436, 0.34997961, 0.34970406, 0.76438153
0.31663269, 1.0000000, 0.85736471, 7.6412430, 9.3985481, 9.6101303, 9.8013201, 9.8820715, 9.9477262, 19.994017, 19.998428, 19.990259, 19.922487, 0.32641155, 0.34398484, 0.34610099, 0.34801313, 0.34882069, 0.34947726, 0.34997007, 0.34999216, 0.34995130, 0.34961244, 0.85736471
0.31520796, 1.0000000, 0.85220259, 7.5088911, 9.4368973, 9.6304646, 9.8034782, 9.8797665, 9.9441481, 19.993402, 19.998035, 19.981737, 19.907274, 0.32508788, 0.34436819, 0.34630427, 0.34803471, 0.34879765, 0.34944147, 0.34996700, 0.34999019, 0.34990868, 0.34953636, 0.85220259
0.28008491, 1.0000000, 0.72494525, 5.0856514, 9.2886715, 9.5330868, 9.7560644, 9.8510275, 9.9296722, 19.990793, 19.996674, 19.970497, 19.895073, 0.30085614, 0.34288630, 0.34533066, 0.34756061, 0.34851024, 0.34929672, 0.34995395, 0.34998336, 0.34985250, 0.34947535, 0.72494525
0.24214272, 1.0000000, 0.58747357, 2.9545128, 8.2979870, 9.4656286, 9.7121429, 9.8224030, 9.9147902, 19.988340, 19.994495, 19.957439, 19.885609, 0.27954483, 0.33297932, 0.34465599, 0.34712136, 0.34822401, 0.34914792, 0.34994170, 0.34997249, 0.34978721, 0.34942806, 0.58747357
0.20797409, 1.0000000, 0.46367422, 1.9655943, 5.8475747, 9.4226084, 9.6710596, 9.7941380, 9.8987350, 19.984819, 19.990667, 19.943398, 19.878393, 0.26965392, 0.30847210, 0.34422317, 0.34671000, 0.34794107, 0.34898725, 0.34992409, 0.34995335, 0.34971699, 0.34939197, 0.46367422
0.17606537, 1.0000000, 0.34806293, 1.1501074, 3.3827400, 9.3721333, 9.6341658, 9.7686110, 9.8843851, 19.981712, 19.985174, 19.929445, 19.873024, 0.26150078, 0.28382686, 0.34372059, 0.34634152, 0.34768602, 0.34884381, 0.34990856, 0.34992588, 0.34964722, 0.34936512, 0.34806293
0.15404031, 0.89411712, 0.26826197, 0.53210557, 2.3264349, 8.2310495, 9.6117229, 9.7518988, 9.8736668, 19.977867, 19.977440, 19.916348, 19.869070, 0.25532097, 0.27326408, 0.33231005, 0.34611711, 0.34751892, 0.34873664, 0.34988934, 0.34988719, 0.34958175, 0.34934536, 0.26826197
0.13986570, 0.72294343, 0.21690471, 0.19027293, 1.7937690, 7.0125580, 9.6177444, 9.7531309, 9.8720350, 19.974871, 19.968008, 19.904724, 19.866199, 0.25190198, 0.26793352, 0.32011741, 0.34617522, 0.34753019, 0.34871995, 0.34987435, 0.34984004, 0.34952360, 0.34933099, 0.21690471
0.12748186, 0.57339513, 0.17203574, 0.0000000, 1.2669116, 5.7163038, 9.5888367, 9.7354813, 9.8634930, 19.970608, 19.956738, 19.894716, 19.864113, 0.24995856, 0.26266646, 0.30715707, 0.34588638, 0.34735382, 0.34863457, 0.34985304, 0.34978369, 0.34947360, 0.34932056, 0.17203574
0.11793028, 0.45804936, 0.13742855, 0.0000000, 0.79721212, 4.3575439, 9.5559464, 9.7137365, 9.8522577, 19.965153, 19.944298, 19.886436, 19.862606, 0.24995856, 0.25797006, 0.29356980, 0.34555700, 0.34713611, 0.34852216, 0.34982577, 0.34972149, 0.34943217, 0.34931302, 0.13742855
0.12049323, 0.48899984, 0.14671463, 0.63726008, 0.53687096, 3.3668141, 9.5820503, 9.7276602, 9.8565731, 19.959778, 19.931828, 19.879824, 19.861555, 0.25637016, 0.25536746, 0.28366426, 0.34581828, 0.34727547, 0.34856534, 0.34979889, 0.34965914, 0.34939912, 0.34930778, 0.14671463
0.12833825, 0.58373690, 0.17513859, 1.5207499, 0.35034120, 2.7520685, 9.2705002, 9.7253685, 9.8558197, 19.953915, 19.919918, 19.874668, 19.860804, 0.26520473, 0.25350302, 0.27751920, 0.34270400, 0.34725314, 0.34855801, 0.34976956, 0.34959960, 0.34937334, 0.34930402, 0.17513859
0.11873031, 0.46771061, 0.14032722, 1.1237144, 0.14844835, 2.2695661, 8.7266779, 9.7044611, 9.8457088, 19.945230, 19.908501, 19.870594, 19.860245, 0.26123476, 0.25148430, 0.27269423, 0.33726567, 0.34704399, 0.34845689, 0.34972614, 0.34954250, 0.34935296, 0.34930122, 0.14032722
0.13592172, 0.67531556, 0.20261493, 1.9585103, 1.0702074, 1.8968016, 8.2209673, 9.7063589, 9.8441296, 19.935396, 19.898336, 19.867483, 19.859858, 0.26958305, 0.26070142, 0.26896742, 0.33220917, 0.34706330, 0.34844121, 0.34967697, 0.34949169, 0.34933740, 0.34929928, 0.20261493
0.11575271, 0.43175283, 0.12953880, 0.89382529, 0.64362288, 1.5364647, 7.6835885, 9.6955366, 9.8373804, 19.924391, 19.889498, 19.865097, 19.859570, 0.25893539, 0.25643498, 0.26536316, 0.32683438, 0.34695444, 0.34837347, 0.34962195, 0.34944749, 0.34932548, 0.34929785, 0.12953880
0.10672432, 0.32272527, 0.96827269E-1, 0.46210289, 0.43347776, 1.3034672, 7.2295151, 9.7105217, 9.8423147, 19.915186, 19.882612, 19.863432, 19.859404, 0.25461987, 0.25433412, 0.26303369, 0.32229406, 0.34710446, 0.34842291, 0.34957594, 0.34941307, 0.34931716, 0.34929702, 0.96827269E-1
0.96606568E-1, 0.20054235, 0.60168721E-1, 0.41759014E-1, 0.16681254, 0.94051063, 6.5333328, 9.6452608, 9.8126678, 19.905079, 19.876764, 19.862146, 19.859287, 0.25041738, 0.25166762, 0.25940371, 0.31533137, 0.34645113, 0.34812620, 0.34952539, 0.34938383, 0.34931073, 0.34929645, 0.60168721E-1
0.94380349E-1, 0.17365831, 0.52102704E-1, 0.0000000, 0.91001391E-1, 0.78603327, 6.0475569, 9.6875582, 9.8268118, 19.897076, 19.872456, 19.861282, 19.859251, 0.24998870, 0.25090960, 0.25785848, 0.31047273, 0.34687331, 0.34826735, 0.34948537, 0.34936228, 0.34930640, 0.34929627, 0.52102704E-1
0.14578289, 0.79439980, 0.23834378, 1.9820571, 1.3020694, 3.4691262, 9.5315247, 9.7538233, 9.8538179, 19.890066, 19.869139, 19.860664, 19.859222, 0.26981911, 0.26302013, 0.28469050, 0.34531483, 0.34753802, 0.34853813, 0.34945032, 0.34934568, 0.34930331, 0.34929612, 0.23834378
0.13044049, 0.60912365, 0.18275538, 1.2510866, 0.97997189, 2.8777659, 9.3741465, 9.7447186, 9.8512478, 19.882664, 19.866249, 19.860111, 19.859194, 0.26250696, 0.25979787, 0.27877498, 0.34373972, 0.34744626, 0.34851217, 0.34941334, 0.34933126, 0.34930056, 0.34929597, 0.18275538
0.11347432, 0.40423873, 0.12128375, 0.47213733, 0.56525469, 2.3266463, 8.7924166, 9.6943216, 9.8288946, 19.875351, 19.863775, 19.859671, 19.859152, 0.25471997, 0.25565156, 0.27326441, 0.33792263, 0.34694234, 0.34828866, 0.34937674, 0.34931886, 0.34929836, 0.34929577, 0.12128375
0.10419688, 0.29220366, 0.87669864E-1, 0.13045371, 0.31217635, 1.8586129, 8.1667252, 9.6692982, 9.8156490, 19.870398, 19.862148, 19.859442, 19.859121, 0.25130400, 0.25312099, 0.26858383, 0.33166522, 0.34669179, 0.34815606, 0.34935200, 0.34931076, 0.34929723, 0.34929562, 0.87669864E-1
0.10012511, 0.24303263, 0.72917081E-1, 0.32413006E-1, 0.19561946, 1.5442342, 7.6140823, 9.6818409, 9.8184814, 19.867407, 19.861233, 19.859383, 19.859116, 0.25032389, 0.25195536, 0.26543906, 0.32613760, 0.34681636, 0.34818414, 0.34933704, 0.34930617, 0.34929693, 0.34929559, 0.72917081E-1
0.97679220E-1, 0.21349582, 0.64055152E-1, 0.19526780, 0.66697598E-2, 0.99413991, 6.6390061, 9.5855265, 9.7738981, 19.862850, 19.859982, 19.859163, 19.859058, 0.25195235, 0.25006670, 0.25994089, 0.31638938, 0.34585476, 0.34773880, 0.34931424, 0.34929991, 0.34929582, 0.34929529, 0.64055152E-1
0.93217880E-1, 0.15962024, 0.47890861E-1, 0.0000000, 0.0000000, 0.72688460, 5.8919721, 9.6145210, 9.7825365, 19.859947, 19.859222, 19.859011, 19.859016, 0.24996381, 0.24999689, 0.25726822, 0.30891871, 0.34614438, 0.34782505, 0.34929973, 0.34929612, 0.34929505, 0.34929508, 0.47890861E-1
0.91134481E-1, 0.13446099, 0.40342331E-1, 0.0000000, 0.0000000, 0.42578280, 4.9161668, 9.5546227, 9.7542868, 19.857157, 19.858534, 19.858828, 19.858969, 0.24996381, 0.24999689, 0.25425705, 0.29915988, 0.34554446, 0.34754229, 0.34928578, 0.34929267, 0.34929413, 0.34929484, 0.40342331E-1
0.99982455E-1, 0.24130988, 0.72400205E-1, 0.79395175, 0.0000000, 0.17298460, 3.6769557, 9.4893293, 9.7181787, 19.853991, 19.857683, 19.858578, 19.858892, 0.25793645, 0.24999689, 0.25172964, 0.28676870, 0.34489217, 0.34718141, 0.34926996, 0.34928840, 0.34929287, 0.34929445, 0.72400205E-1
0.12106185, 0.49586645, 0.14877482, 2.4128914, 0.0000000, 0.46044588E-1, 2.9578657, 9.1411762, 9.7180252, 19.851906, 19.857096, 19.858410, 19.858833, 0.27412796, 0.24999689, 0.25046045, 0.27957860, 0.34141165, 0.34718022, 0.34925953, 0.34928548, 0.34929204, 0.34929416, 0.14877482
0.99441208E-1, 0.23477374, 0.70439167E-1, 0.88276565, 0.0000000, 0.0000000, 2.7873397, 8.7527752, 9.7655096, 19.850620, 19.856739, 19.858324, 19.858805, 0.25881335, 0.24999689, 0.24999896, 0.27787068, 0.33752349, 0.34765351, 0.34925312, 0.34928370, 0.34929162, 0.34929401, 0.70439167E-1
0.87829754E-1, 0.94552815E-1, 0.28368682E-1, 0.73787570E-1, 0.0000000, 0.0000000, 2.5101037, 8.1906881, 9.7380924, 19.849606, 19.856466, 19.858242, 19.858757, 0.25073689, 0.24999689, 0.24999896, 0.27509901, 0.33190358, 0.34737962, 0.34924802, 0.34928232, 0.34929121, 0.34929377, 0.28368682E-1
0.86081743E-1, 0.73443629E-1, 0.22035293E-1, 0.0000000, 0.0000000, 0.0000000, 2.0933211, 7.2791600, 9.6797867, 19.849253, 19.856361, 19.858208, 19.858757, 0.24999948, 0.24999689, 0.24999896, 0.27092770, 0.32278201, 0.34679362, 0.34924626, 0.34928182, 0.34929103, 0.34929377, 0.22035293E-1
0.93947142E-1, 0.16842690, 0.50533123E-1, 0.59182048, 0.0000000, 0.0000000, 1.9477397, 6.8336797, 9.7501249, 19.850477, 19.856655, 19.858284, 19.858757, 0.25591299, 0.24999689, 0.24999896, 0.26947635, 0.31833497, 0.34750038, 0.34925240, 0.34928328, 0.34929141, 0.34929377, 0.50533123E-1
0.85070029E-1, 0.61226089E-1, 0.18369664E-1, 0.0000000, 0.0000000, 0.0000000, 1.5546590, 5.9197426, 9.6521416, 19.848425, 19.856133, 19.858171, 19.858709, 0.24966164, 0.24999689, 0.24999896, 0.26554659, 0.30919743, 0.34652141, 0.34924212, 0.34928066, 0.34929085, 0.34929353, 0.18369664E-1
0.86732350E-1, 0.81300460E-1, 0.24392577E-1, 0.16403794, 0.0000000, 0.0000000, 1.2633264, 5.0625210, 9.6549635, 19.848284, 19.856071, 19.858166, 19.858709, 0.25163651, 0.24999689, 0.24999896, 0.26263148, 0.30062160, 0.34654734, 0.34924144, 0.34928036, 0.34929082, 0.34929353, 0.24392577E-1
0.93632661E-1, 0.16462918, 0.49393695E-1, 0.68894327, 0.0000000, 0.0000000, 1.1044443, 4.5238228, 9.7078981, 19.848284, 19.856071, 19.858171, 19.858709, 0.25688815, 0.24999689, 0.24999896, 0.26104432, 0.29523799, 0.34707880, 0.34924144, 0.34928036, 0.34929085, 0.34929353, 0.49393695E-1
0.83606027E-1, 0.43546684E-1, 0.13065312E-1, 0.0000000, 0.0000000, 0.0000000, 0.86379349, 3.7695868, 9.6400414, 19.847765, 19.855934, 19.858131, 19.858709, 0.24976203, 0.24999689, 0.24999896, 0.25863728, 0.28769445, 0.34639919, 0.34923881, 0.34927967, 0.34929067, 0.34929353, 0.13065312E-1
0.83049200E-1, 0.36822449E-1, 0.11047840E-1, 0.0000000, 0.0000000, 0.0000000, 0.61738491, 2.9818833, 9.4493408, 19.847366, 19.855829, 19.858095, 19.858709, 0.24976203, 0.24999689, 0.24999896, 0.25617155, 0.27981329, 0.34448758, 0.34923685, 0.34927914, 0.34929049, 0.34929353, 0.11047840E-1
0.86913481E-1, 0.83487801E-1, 0.25048846E-1, 0.30080974, 0.0000000, 0.0000000, 0.48799217, 2.6838422, 9.1036005, 19.848875, 19.856226, 19.858208, 19.858709, 0.25300157, 0.24999689, 0.24999896, 0.25487930, 0.27683666, 0.34103405, 0.34924439, 0.34928113, 0.34929103, 0.34929353, 0.25048846E-1
0.82611926E-1, 0.31541828E-1, 0.94634946E-2, 0.0000000, 0.0000000, 0.0000000, 0.41518509, 2.5158405, 8.8888197, 19.849741, 19.856441, 19.858250, 19.858709, 0.24964783, 0.24999689, 0.24999896, 0.25415161, 0.27515763, 0.33888730, 0.34924871, 0.34928221, 0.34929127, 0.34929353, 0.94634946E-2
0.82188532E-1, 0.26428962E-1, 0.79294816E-2, 0.0000000, 0.0000000, 0.0000000, 0.24721622, 2.0341635, 8.2733765, 19.849136, 19.856274, 19.858200, 19.858709, 0.24964783, 0.24999689, 0.24999896, 0.25247207, 0.27034131, 0.33273327, 0.34924567, 0.34928137, 0.34929100, 0.34929353, 0.79294816E-2
0.83900355E-1, 0.47101073E-1, 0.14131735E-1, 0.13518631, 0.0000000, 0.0000000, 0.19644797, 1.8642664, 8.0169611, 19.850304, 19.856562, 19.858273, 19.858709, 0.25134760, 0.24999689, 0.24999896, 0.25196412, 0.26864091, 0.33016708, 0.34925151, 0.34928280, 0.34929135, 0.34929353, 0.14131735E-1
0.12636027, 0.55985051, 0.16797195, 1.5595198, 1.4519930, 2.1544070, 2.0262389, 2.7223439, 7.9501686, 19.849964, 19.856489, 19.858236, 19.858709, 0.26559284, 0.26451862, 0.27154309, 0.27026221, 0.27722332, 0.32950157, 0.34924981, 0.34928244, 0.34929118, 0.34929353, 0.16797195
0.10544237, 0.30724424, 0.92182495E-1, 0.59365332, 0.79811811, 1.6653359, 1.8958449, 2.6421130, 7.8562279, 19.847778, 19.855923, 19.858072, 19.858704, 0.25593624, 0.25798094, 0.26665312, 0.26895839, 0.27642110, 0.32856226, 0.34923890, 0.34927961, 0.34929037, 0.34929353, 0.92182495E-1
0.93562387E-1, 0.16378058, 0.49139090E-1, 0.11584163, 0.39260685, 1.2358725, 1.7758548, 2.5620043, 7.7545271, 19.848331, 19.856060, 19.858171, 19.858709, 0.25115737, 0.25392392, 0.26235536, 0.26775759, 0.27561936, 0.32754457, 0.34924167, 0.34928030, 0.34929085, 0.34929353, 0.49139090E-1
0.85963815E-1, 0.72019584E-1, 0.21608036E-1, 0.0000000, 0.25847554E-1, 0.59227347, 1.5299767, 2.3879230, 7.5583420, 19.847389, 19.855812, 19.858084, 19.858709, 0.24978399, 0.25025836, 0.25592151, 0.26529914, 0.27387872, 0.32558289, 0.34923694, 0.34927905, 0.34929043, 0.34929353, 0.21608036E-1
0.83682120E-1, 0.44465572E-1, 0.13341006E-1, 0.0000000, 0.0000000, 0.18367171, 1.2365580, 2.1563709, 7.2874842, 19.847647, 19.855890, 19.858131, 19.858709, 0.24978399, 0.24996878, 0.25183576, 0.26236430, 0.27156261, 0.32287359, 0.34923822, 0.34927946, 0.34929067, 0.34929353, 0.13341006E-1
0.83054520E-1, 0.36886662E-1, 0.11067105E-1, 0.0000000, 0.0000000, 0.86396933E-1, 1.0719806, 2.0086467, 7.0908017, 19.850216, 19.856564, 19.858294, 19.858709, 0.24978399, 0.24996878, 0.25086281, 0.26071694, 0.27008379, 0.32090485, 0.34925109, 0.34928280, 0.34929147, 0.34929353, 0.11067105E-1
0.82307838E-1, 0.27869655E-1, 0.83617326E-2, 0.0000000, 0.0000000, 0.0000000, 0.79330206, 1.7408580, 6.7444363, 19.850275, 19.856585, 19.858294, 19.858709, 0.24978399, 0.24996878, 0.24997702, 0.25792989, 0.26740512, 0.31743991, 0.34925139, 0.34928292, 0.34929147, 0.34929353, 0.83617326E-2
0.10608404, 0.31499314, 0.94507396E-1, 1.7431319, 0.0000000, 0.0000000, 0.61961412, 1.5479445, 6.4658418, 19.851278, 19.856867, 19.858366, 19.858709, 0.26741877, 0.24996878, 0.24997702, 0.25619587, 0.26547912, 0.31465793, 0.34925640, 0.34928435, 0.34929183, 0.34929353, 0.94507396E-1
0.83734974E-1, 0.45103937E-1, 0.13532534E-1, 0.13354123, 0.0000000, 0.0000000, 0.51150620, 1.4432520, 6.3121529, 19.849014, 19.856279, 19.858194, 19.858704, 0.25133541, 0.24996878, 0.24997702, 0.25511506, 0.26443252, 0.31312153, 0.34924507, 0.34928140, 0.34929097, 0.34929353, 0.13532534E-1
0.81602335E-1, 0.19349976E-1, 0.58055734E-2, 0.0000000, 0.0000000, 0.0000000, 0.33723712, 1.2124181, 5.9529128, 19.848053, 19.856024, 19.858131, 19.858709, 0.24971312, 0.24996878, 0.24997702, 0.25337067, 0.26212111, 0.30952409, 0.34924027, 0.34928012, 0.34929067, 0.34929353, 0.58055734E-2
0.81257492E-1, 0.15185602E-1, 0.45561362E-2, 0.0000000, 0.0000000, 0.0000000, 0.16298294, 0.90795755, 5.4118643, 19.846952, 19.855736, 19.858072, 19.858709, 0.24971312, 0.24996878, 0.24997702, 0.25162914, 0.25907767, 0.30411485, 0.34923476, 0.34927869, 0.34929037, 0.34929353, 0.45561362E-2
0.80930978E-1, 0.11242557E-1, 0.33731046E-2, 0.0000000, 0.0000000, 0.0000000, 0.44715405E-1, 0.59041679, 4.7075868, 19.846329, 19.855547, 19.858072, 19.858709, 0.24971312, 0.24996878, 0.24997702, 0.25044695, 0.25590277, 0.29707211, 0.34923166, 0.34927773, 0.34929037, 0.34929353, 0.33731046E-2
0.80692224E-1, 0.83593475E-2, 0.25080550E-2, 0.0000000, 0.0000000, 0.0000000, 0.0000000, 0.34424365, 3.9855475, 19.844763, 19.855146, 19.857990, 19.858698, 0.24971312, 0.24996878, 0.24997702, 0.24999414, 0.25343928, 0.28984326, 0.34922382, 0.34927574, 0.34928995, 0.34929350, 0.25080550E-2
0.80544814E-1, 0.65792180E-2, 0.19739629E-2, 0.0000000, 0.0000000, 0.0000000, 0.0000000, 0.19664466, 3.3617771, 19.845020, 19.855213, 19.858036, 19.858709, 0.24971312, 0.24996878, 0.24997702, 0.24999414, 0.25196210, 0.28359297, 0.34922510, 0.34927607, 0.34929019, 0.34929353, 0.19739629E-2
0.16517709, 1.0000000, 0.30861264, 2.4960160, 2.3534389, 4.7169943, 8.2648897, 8.7505836, 9.2349205, 19.848244, 19.856079, 19.858242, 19.858709, 0.27494910, 0.27352813, 0.29716370, 0.33264670, 0.33750468, 0.34234878, 0.34924123, 0.34928039, 0.34929121, 0.34929353, 0.30861264
0.35600001, 1.0000000, 1.0000000, 9.9999990, 9.9999990, 9.9999990, 9.9999990, 9.9999990, 9.9999990, 19.999998, 19.999998, 19.999998, 19.998999, 0.34999999, 0.34999999, 0.34999999, 0.34999999, 0.34999999, 0.34999999, 0.34999999, 0.34999999, 0.34999999, 0.34999499, 1.0000000
0.35599893, 1.0000000, 0.99999607, 9.9999990, 9.9999990, 9.9999962, 9.9999990, 9.9999990, 9.9999990, 19.999998, 19.999998, 19.999998, 19.998999, 0.34999946, 0.34999967, 0.34999982, 0.34999996, 0.34999996, 0.34999999, 0.34999999, 0.34999999, 0.34999999, 0.34999499, 0.99999607
0.33006424, 1.0000000, 0.90602970, 8.5060825, 9.5109596, 9.7161064, 9.9111042, 9.9538774, 9.9819593, 19.997538, 19.999361, 19.999582, 19.975210, 0.33506083, 0.34510958, 0.34716105, 0.34911105, 0.34953877, 0.34981960, 0.34998769, 0.34999681, 0.34999791, 0.34987605, 0.90602970
0.29988730, 1.0000000, 0.79669309, 6.4185367, 9.4023018, 9.6269474, 9.8427248, 9.9138956, 9.9642029, 19.994410, 19.998545, 19.997776, 19.952789, 0.31417480, 0.34401372, 0.34626472, 0.34842625, 0.34913847, 0.34964186, 0.34997204, 0.34999272, 0.34998888, 0.34976393, 0.79669309
0.35580438, 1.0000000, 0.99929106, 9.9914494, 9.9948721, 9.9974375, 9.9994869, 9.9997435, 9.9999132, 19.999998, 19.999998, 19.999998, 19.994993, 0.34990251, 0.34994152, 0.34997076, 0.34999415, 0.34999707, 0.34999901, 0.34999999, 0.34999999, 0.34999999, 0.34997496, 0.99929106
0.35442597, 1.0000000, 0.99429691, 9.9980078, 9.9268904, 9.7876663, 9.9424744, 9.9705677, 9.9891567, 19.999075, 19.999754, 19.999840, 19.982075, 0.34997964, 0.34926865, 0.34787655, 0.34942472, 0.34970567, 0.34989157, 0.34999537, 0.34999877, 0.34999919, 0.34991038, 0.99429691
0.33799940, 1.0000000, 0.93478042, 9.0220337, 9.6022511, 9.7329817, 9.9069357, 9.9506130, 9.9813070, 19.998491, 19.999605, 19.998739, 19.959164, 0.34021750, 0.34602073, 0.34732890, 0.34906918, 0.34950605, 0.34981304, 0.34999245, 0.34999803, 0.34999371, 0.34979582, 0.93478042
0.34151077, 1.0000000, 0.94750267, 9.2594709, 9.6035070, 9.7776060, 9.9386196, 9.9685650, 9.9882298, 19.998795, 19.999689, 19.999834, 19.982075, 0.34259430, 0.34603482, 0.34777594, 0.34938616, 0.34968564, 0.34988230, 0.34999397, 0.34999844, 0.34999916, 0.34991038, 0.94750267
0.31954235, 1.0000000, 0.86790693, 7.7942224, 9.4565020, 9.6704578, 9.8788538, 9.9353838, 9.9744606, 19.996845, 19.999176, 19.998631, 19.959146, 0.32793152, 0.34455726, 0.34670058, 0.34878772, 0.34935343, 0.34974447, 0.34998423, 0.34999588, 0.34999317, 0.34979573, 0.86790693
0.28080338, 1.0000000, 0.72754842, 5.1146789, 9.3091154, 9.5600767, 9.7989340, 9.8870878, 9.9523487, 19.993139, 19.998203, 19.995209, 19.938313, 0.30113983, 0.34308353, 0.34559688, 0.34798855, 0.34887046, 0.34952334, 0.34996569, 0.34999102, 0.34997603, 0.34969157, 0.72754842
0.24024479, 1.0000000, 0.58059704, 2.9078693, 8.1397915, 9.4758921, 9.7279444, 9.8393507, 9.9281359, 19.989252, 19.997131, 19.988998, 19.920334, 0.27907562, 0.33139277, 0.34475592, 0.34727880, 0.34839320, 0.34928125, 0.34994626, 0.34998566, 0.34994501, 0.34960169, 0.58059704
0.21721137, 1.0000000, 0.49714261, 2.2462158, 6.4462628, 9.5065727, 9.7224798, 9.8286438, 9.9182873, 19.987036, 19.996248, 19.979998, 19.905500, 0.27246016, 0.31445920, 0.34506318, 0.34722430, 0.34828618, 0.34918278, 0.34993517, 0.34998125, 0.34989998, 0.34952751, 0.49714261
0.21022511, 1.0000000, 0.47183004, 2.0825326, 5.8015151, 9.6392412, 9.7766037, 9.8556004, 9.9258718, 19.986477, 19.995293, 19.968611, 19.893700, 0.27082476, 0.30801421, 0.34639165, 0.34776589, 0.34855592, 0.34925869, 0.34993237, 0.34997648, 0.34984306, 0.34946850, 0.47183004
0.21196243, 1.0000000, 0.47812477, 2.1685183, 5.8880234, 9.6015711, 9.7732706, 9.8543072, 9.9243031, 19.984779, 19.993126, 19.955421, 19.884577, 0.27168277, 0.30887631, 0.34601253, 0.34773207, 0.34854275, 0.34924293, 0.34992391, 0.34996563, 0.34977710, 0.34942287, 0.47812477
0.20107478, 1.0000000, 0.43867674, 1.8656343, 5.0783830, 9.6026449, 9.7763300, 9.8559780, 9.9245853, 19.983681, 19.989710, 19.941538, 19.877668, 0.26865056, 0.30077437, 0.34601751, 0.34776148, 0.34855887, 0.34924555, 0.34991840, 0.34994856, 0.34970769, 0.34938833, 0.43867674
0.17935553, 1.0000000, 0.35998380, 1.2194693, 3.6011140, 9.4785233, 9.7157183, 9.8215590, 9.9093733, 19.979939, 19.983768, 19.927658, 19.872482, 0.26219219, 0.28600669, 0.34477937, 0.34715599, 0.34821498, 0.34909353, 0.34989971, 0.34991884, 0.34963828, 0.34936240, 0.35998380
0.16146547, 0.98378402, 0.29516473, 0.66790879, 2.7080536, 8.7921762, 9.6818237, 9.7988958, 9.8974037, 19.975912, 19.975729, 19.914694, 19.868658, 0.25667652, 0.27707431, 0.33791167, 0.34681600, 0.34798783, 0.34897366, 0.34987956, 0.34987864, 0.34957346, 0.34934330, 0.29516473
0.14719898, 0.81150061, 0.24347454, 0.24863183, 2.1803169, 7.8028002, 9.6633530, 9.7852554, 9.8892517, 19.971903, 19.965803, 19.903219, 19.865883, 0.25248572, 0.27180007, 0.32802245, 0.34663215, 0.34785187, 0.34889227, 0.34985951, 0.34982902, 0.34951609, 0.34932941, 0.24347454
0.13980214, 0.72217584, 0.21667442, 0.10136962, 1.8878520, 7.0850096, 9.6907291, 9.7991667, 9.8940325, 19.969637, 19.954922, 19.893606, 19.863907, 0.25101337, 0.26887500, 0.32084352, 0.34690547, 0.34799075, 0.34894001, 0.34984818, 0.34977460, 0.34946802, 0.34931952, 0.21667442
0.17266181, 1.0000000, 0.33573121, 2.1681786, 2.6791363, 6.5445943, 9.7156000, 9.8140354, 9.9003496, 19.966578, 19.943104, 19.885675, 19.862495, 0.27167732, 0.27678806, 0.31544191, 0.34715480, 0.34813976, 0.34900329, 0.34983289, 0.34971553, 0.34942839, 0.34931248, 0.33573121
0.15598974, 0.91765851, 0.27532509, 1.4842421, 2.1946669, 5.7751541, 9.6812153, 9.7953224, 9.8926687, 19.960712, 19.930584, 19.879215, 19.861462, 0.26483852, 0.27194321, 0.30774698, 0.34681064, 0.34795246, 0.34892642, 0.34980357, 0.34965292, 0.34939608, 0.34930730, 0.27532509
0.15674052, 0.92672497, 0.27804530, 1.6287684, 2.1505685, 5.5427547, 9.7651167, 9.8413095, 9.9104967, 19.955854, 19.919064, 19.874285, 19.860779, 0.26628059, 0.27150008, 0.30542031, 0.34764865, 0.34841183, 0.34910455, 0.34977928, 0.34959531, 0.34937143, 0.34930390, 0.27804530
0.15448478, 0.89948469, 0.26987240, 1.7889678, 1.8577725, 5.0531440, 9.7341108, 9.8269796, 9.9056435, 19.947828, 19.907986, 19.870377, 19.860256, 0.26788944, 0.26857758, 0.30053124, 0.34734103, 0.34826976, 0.34905642, 0.34973913, 0.34953994, 0.34935188, 0.34930128, 0.26987240
0.14351463, 0.76700819, 0.23012547, 1.3298988, 1.5732735, 4.5098424, 9.7106152, 9.8135872, 9.8996563, 19.938913, 19.898212, 19.867405, 19.859880, 0.26329702, 0.26573133, 0.29509640, 0.34710529, 0.34813544, 0.34899643, 0.34969455, 0.34949106, 0.34933704, 0.34929940, 0.23012547
0.13483816, 0.66223049, 0.19868901, 0.99262893, 1.3427734, 4.0005164, 9.7062855, 9.8097525, 9.8963032, 19.929457, 19.889919, 19.865185, 19.859592, 0.25992471, 0.26342645, 0.29000321, 0.34706193, 0.34809706, 0.34896287, 0.34964728, 0.34944960, 0.34932593, 0.34929797, 0.19868901
0.12578729, 0.55293113, 0.16589594, 0.64979494, 1.0944217, 3.4586477, 9.6905155, 9.7993851, 9.8894758, 19.919001, 19.882843, 19.863453, 19.859409, 0.25649595, 0.26094219, 0.28458327, 0.34690338, 0.34799293, 0.34889448, 0.34959501, 0.34941423, 0.34931725, 0.34929705, 0.16589594
0.11662231, 0.44225416, 0.13268952, 0.33091307, 0.81155598, 2.9162288, 9.4928999, 9.7683411, 9.8742037, 19.908873, 19.877089, 19.862188, 19.859299, 0.25330809, 0.25811404, 0.27915955, 0.34492722, 0.34768248, 0.34874174, 0.34954435, 0.34938544, 0.34931093, 0.34929651, 0.13268952
0.10694016, 0.32533169, 0.97609267E-1, 0.50961971E-2, 0.48190951, 2.4272978, 8.9936409, 9.7234907, 9.8507843, 19.898146, 19.872194, 19.861162, 19.859222, 0.25005096, 0.25481859, 0.27427167, 0.33993545, 0.34723437, 0.34850767, 0.34949073, 0.34936097, 0.34930581, 0.34929612, 0.97609267E-1
0.10290651, 0.27662095, 0.82994588E-1, 0.0000000, 0.26116669, 2.0171733, 8.4744263, 9.7068615, 9.8385630, 19.889156, 19.868492, 19.860456, 19.859180, 0.24999811, 0.25261158, 0.27017140, 0.33474401, 0.34706846, 0.34838557, 0.34944579, 0.34934247, 0.34930229, 0.34929591, 0.82994588E-1
0.98741055E-1, 0.22631860, 0.67902371E-1, 0.0000000, 0.74574351E-1, 1.5300810, 7.7726288, 9.6613722, 9.8147545, 19.881229, 19.865602, 19.859940, 19.859144, 0.24999811, 0.25074559, 0.26529926, 0.32772473, 0.34661272, 0.34814721, 0.34940615, 0.34932801, 0.34929970, 0.34929574, 0.67902371E-1
0.12483178, 0.54139245, 0.16243398, 2.0049958, 0.0000000, 1.3620794, 7.4195776, 9.7297688, 9.8381634, 19.873363, 19.863071, 19.859476, 19.859070, 0.27004635, 0.24999687, 0.26362005, 0.32419497, 0.34729716, 0.34838146, 0.34936681, 0.34931535, 0.34929737, 0.34929535, 0.16243398
0.11148433, 0.38020760, 0.11407369, 1.1270344, 0.0000000, 1.1433929, 7.0451107, 9.7295837, 9.8376026, 19.866226, 19.860956, 19.859064, 19.858986, 0.26125655, 0.24999687, 0.26142973, 0.32044592, 0.34729224, 0.34837484, 0.34933114, 0.34930480, 0.34929532, 0.34929493, 0.11407369
0.10160080, 0.26085311, 0.78263760E-1, 0.49564838, 0.0000000, 0.93902051, 6.6541362, 9.7207212, 9.8331280, 19.860996, 19.859459, 19.858786, 19.858923, 0.25494614, 0.24999687, 0.25938433, 0.31653303, 0.34720114, 0.34832922, 0.34930497, 0.34929729, 0.34929392, 0.34929460, 0.78263760E-1
0.94301961E-1, 0.17271173, 0.51818702E-1, 0.59437752E-1, 0.0000000, 0.72484910, 6.1812334, 9.6914825, 9.8201475, 19.857126, 19.858376, 19.858566, 19.858875, 0.25059310, 0.24999687, 0.25724378, 0.31180432, 0.34690854, 0.34819937, 0.34928563, 0.34929186, 0.34929281, 0.34929436, 0.51818702E-1
0.92180841E-1, 0.14709693, 0.44133492E-1, 0.0000000, 0.0000000, 0.52210987, 5.6372371, 9.6658192, 9.8074017, 19.854067, 19.857519, 19.858398, 19.858828, 0.24998793, 0.24999687, 0.25521609, 0.30636156, 0.34664893, 0.34807089, 0.34927034, 0.34928760, 0.34929198, 0.34929413, 0.44133492E-1
0.91036364E-1, 0.13327610, 0.39986830E-1, 0.0000000, 0.0000000, 0.35587847, 5.0912685, 9.6581688, 9.8021374, 19.851683, 19.856876, 19.858278, 19.858805, 0.24998793, 0.24999687, 0.25355399, 0.30089897, 0.34656870, 0.34801698, 0.34925842, 0.34928438, 0.34929138, 0.34929401, 0.39986830E-1
0.89858398E-1, 0.11905088, 0.35718836E-1, 0.0000000, 0.0000000, 0.20355880, 4.4476657, 9.6236105, 9.7860422, 19.849958, 19.856441, 19.858189, 19.858768, 0.24998793, 0.24999687, 0.25203392, 0.29446942, 0.34622827, 0.34785777, 0.34924978, 0.34928221, 0.34929094, 0.34929383, 0.35718836E-1
0.89025952E-1, 0.10899823, 0.32702740E-1, 0.0000000, 0.0000000, 0.11772215, 3.8662622, 9.6324625, 9.7886524, 19.849976, 19.856466, 19.858200, 19.858757, 0.24998793, 0.24999687, 0.25117621, 0.28865597, 0.34631634, 0.34788373, 0.34924987, 0.34928232, 0.34929100, 0.34929377, 0.32702740E-1
0.88249192E-1, 0.99617988E-1, 0.29888386E-1, 0.0000000, 0.0000000, 0.41979551E-1, 3.3091669, 9.6274395, 9.7866392, 19.849598, 19.856373, 19.858194, 19.858757, 0.24998793, 0.24999687, 0.25041947, 0.28308651, 0.34626693, 0.34786385, 0.34924799, 0.34928185, 0.34929097, 0.34929377, 0.29888386E-1
0.87728590E-1, 0.93331084E-1, 0.28002126E-1, 0.0000000, 0.0000000, 0.0000000, 2.9672384, 9.4721479, 9.7918682, 19.849415, 19.856331, 19.858189, 19.858757, 0.24998793, 0.24999687, 0.24999855, 0.27966577, 0.34471095, 0.34791505, 0.34924707, 0.34928167, 0.34929094, 0.34929377, 0.28002126E-1
0.87447144E-1, 0.89932404E-1, 0.26982419E-1, 0.0000000, 0.0000000, 0.0000000, 2.8002591, 9.1261959, 9.7897530, 19.849062, 19.856243, 19.858183, 19.858757, 0.24998793, 0.24999687, 0.24999855, 0.27799818, 0.34125477, 0.34789497, 0.34924531, 0.34928122, 0.34929091, 0.34929377, 0.26982419E-1
0.87167509E-1, 0.86555488E-1, 0.25969245E-1, 0.0000000, 0.0000000, 0.0000000, 2.6374638, 8.7763453, 9.7877445, 19.849014, 19.856243, 19.858189, 19.858757, 0.24998793, 0.24999687, 0.24999855, 0.27637199, 0.33775905, 0.34787580, 0.34924507, 0.34928122, 0.34929094, 0.34929377, 0.25969245E-1
0.86869679E-1, 0.82958832E-1, 0.24890140E-1, 0.0000000, 0.0000000, 0.0000000, 2.4700284, 8.3955965, 9.7785082, 19.849928, 19.856489, 19.858231, 19.858757, 0.24998793, 0.24999687, 0.24999855, 0.27469587, 0.33394846, 0.34778216, 0.34924963, 0.34928244, 0.34929115, 0.34929377, 0.24890140E-1
0.86611606E-1, 0.79842329E-1, 0.23955096E-1, 0.0000000, 0.0000000, 0.0000000, 2.3300557, 8.0500832, 9.7818336, 19.851007, 19.856773, 19.858307, 19.858757, 0.24998793, 0.24999687, 0.24999855, 0.27329868, 0.33049759, 0.34781703, 0.34925503, 0.34928387, 0.34929153, 0.34929377, 0.23955096E-1
0.11025374, 0.36534670, 0.10961498, 1.7184883, 0.0000000, 0.0000000, 2.3025484, 7.9315939, 9.8306141, 19.851604, 19.856960, 19.858360, 19.858757, 0.26717898, 0.24999687, 0.24999855, 0.27302501, 0.32931513, 0.34830582, 0.34925801, 0.34928480, 0.34929180, 0.34929377, 0.10961498
0.10318415, 0.27997386, 0.84000558E-1, 1.2139767, 0.0000000, 0.0000000, 2.2474408, 7.8049660, 9.8418856, 19.850965, 19.856779, 19.858324, 19.858757, 0.26212615, 0.24999687, 0.24999855, 0.27247289, 0.32804704, 0.34841776, 0.34925482, 0.34928390, 0.34929162, 0.34929377, 0.84000558E-1
0.93298867E-1, 0.16059829, 0.48184309E-1, 0.50902665, 0.0000000, 0.0000000, 2.1454453, 7.6176519, 9.8287764, 19.848850, 19.856243, 19.858194, 19.858757, 0.25508168, 0.24999687, 0.24999855, 0.27145228, 0.32617268, 0.34828609, 0.34924424, 0.34928122, 0.34929097, 0.34929377, 0.48184309E-1
0.86022273E-1, 0.72725542E-1, 0.21819845E-1, 0.0000000, 0.0000000, 0.0000000, 1.9892663, 7.3056283, 9.7932310, 19.847271, 19.855829, 19.858107, 19.858757, 0.24998859, 0.24999687, 0.24999855, 0.26988778, 0.32304731, 0.34792829, 0.34923637, 0.34927914, 0.34929055, 0.34929377, 0.21819845E-1
0.85666865E-1, 0.68433583E-1, 0.20532129E-1, 0.0000000, 0.0000000, 0.0000000, 1.7873287, 6.8637118, 9.7561779, 19.845655, 19.855385, 19.858025, 19.858709, 0.24998859, 0.24999687, 0.24999855, 0.26786774, 0.31862646, 0.34755671, 0.34922826, 0.34927693, 0.34929013, 0.34929353, 0.20532129E-1
0.85338183E-1, 0.64464413E-1, 0.19341258E-1, 0.0000000, 0.0000000, 0.0000000, 1.6101032, 6.4279766, 9.7481918, 19.844862, 19.855175, 19.857990, 19.858709, 0.24998859, 0.24999687, 0.24999855, 0.26609316, 0.31426406, 0.34747398, 0.34922430, 0.34927589, 0.34928995, 0.34929353, 0.19341258E-1
0.85008770E-1, 0.60486376E-1, 0.18147727E-1, 0.0000000, 0.0000000, 0.0000000, 1.4362007, 5.9811110, 9.7409763, 19.844090, 19.854971, 19.857954, 19.858704, 0.24998859, 0.24999687, 0.24999855, 0.26435748, 0.30980167, 0.34740463, 0.34922045, 0.34927484, 0.34928977, 0.34929353, 0.18147727E-1
0.84680162E-1, 0.56518041E-1, 0.16957108E-1, 0.0000000, 0.0000000, 0.0000000, 1.2689292, 5.5243697, 9.7336683, 19.843622, 19.854855, 19.857906, 19.858709, 0.24998859, 0.24999687, 0.24999855, 0.26268485, 0.30523401, 0.34733099, 0.34921810, 0.34927428, 0.34928954, 0.34929353, 0.16957108E-1
0.84422901E-1, 0.53411361E-1, 0.16025010E-1, 0.0000000, 0.0000000, 0.0000000, 1.1406958, 5.1543808, 9.7495499, 19.843307, 19.854771, 19.857889, 19.858709, 0.24998859, 0.24999687, 0.24999855, 0.26140213, 0.30153292, 0.34748864, 0.34921652, 0.34927386, 0.34928945, 0.34929353, 0.16025010E-1
0.84143192E-1, 0.50033554E-1, 0.15011568E-1, 0.0000000, 0.0000000, 0.0000000, 0.99739432, 4.7681489, 9.7428312, 19.841923, 19.854416, 19.857784, 19.858698, 0.24998859, 0.24999687, 0.24999855, 0.25996819, 0.29766774, 0.34741896, 0.34920961, 0.34927207, 0.34928891, 0.34929350, 0.15011568E-1
0.83844900E-1, 0.46431351E-1, 0.13930799E-1, 0.0000000, 0.0000000, 0.0000000, 0.84931850, 4.3478513, 9.7295752, 19.840603, 19.854050, 19.857685, 19.858698, 0.24998859, 0.24999687, 0.24999855, 0.25848842, 0.29346627, 0.34728664, 0.34920302, 0.34927025, 0.34928843, 0.34929350, 0.13930799E-1
0.83549134E-1, 0.42859700E-1, 0.12859196E-1, 0.0000000, 0.0000000, 0.0000000, 0.70790052, 3.9186182, 9.7205791, 19.839485, 19.853731, 19.857609, 19.858698, 0.24998859, 0.24999687, 0.24999855, 0.25707573, 0.28917709, 0.34719828, 0.34919742, 0.34926865, 0.34928805, 0.34929350, 0.12859196E-1
0.83232224E-1, 0.39032593E-1, 0.11710949E-1, 0.0000000, 0.0000000, 0.0000000, 0.56555867, 3.4443481, 9.7010679, 19.838577, 19.853472, 19.857561, 19.858698, 0.24998859, 0.24999687, 0.24999855, 0.25565249, 0.28443408, 0.34700182, 0.34919289, 0.34926736, 0.34928781, 0.34929350, 0.11710949E-1
0.82937963E-1, 0.35479158E-1, 0.10644812E-1, 0.0000000, 0.0000000, 0.0000000, 0.43948591, 2.9945791, 9.6748352, 19.838095, 19.853344, 19.857561, 19.858698, 0.24998859, 0.24999687, 0.24999855, 0.25439191, 0.27993575, 0.34673753, 0.34919047, 0.34926671, 0.34928781, 0.34929350, 0.10644812E-1
0.82718775E-1, 0.32832149E-1, 0.98506305E-2, 0.0000000, 0.0000000, 0.0000000, 0.32572150, 2.7763934, 9.4225225, 19.837708, 19.853243, 19.857573, 19.858698, 0.24998859, 0.24999687, 0.24999855, 0.25325519, 0.27775532, 0.34421551, 0.34918854, 0.34926623, 0.34928787, 0.34929350, 0.98506305E-2
0.82529485E-1, 0.30546291E-1, 0.91648037E-2, 0.0000000, 0.0000000, 0.0000000, 0.23554265, 2.5798142, 9.1818533, 19.838247, 19.853405, 19.857624, 19.858709, 0.24998859, 0.24999687, 0.24999855, 0.25235373, 0.27578875, 0.34180743, 0.34919125, 0.34926704, 0.34928811, 0.34929353, 0.91648037E-2
0.82326286E-1, 0.28092466E-1, 0.84285829E-2, 0.0000000, 0.0000000, 0.0000000, 0.15330017, 2.3506017, 8.8894329, 19.838985, 19.853592, 19.857649, 19.858709, 0.24998859, 0.24999687, 0.24999855, 0.25153199, 0.27349836, 0.33888465, 0.34919494, 0.34926796, 0.34928825, 0.34929353, 0.84285829E-2
0.82186967E-1, 0.26410032E-1, 0.79238024E-2, 0.0000000, 0.0000000, 0.0000000, 0.10172725, 2.1907897, 8.6672735, 19.840738, 19.854065, 19.857771, 19.858709, 0.24998859, 0.24999687, 0.24999855, 0.25101683, 0.27190295, 0.33666623, 0.34920371, 0.34927031, 0.34928885, 0.34929353, 0.79238024E-2
0.82012042E-1, 0.24297636E-1, 0.72900197E-2, 0.0000000, 0.0000000, 0.0000000, 0.41714311E-1, 1.9845277, 8.3775625, 19.841087, 19.854153, 19.857759, 19.858709, 0.24998859, 0.24999687, 0.24999855, 0.25041702, 0.26984227, 0.33377144, 0.34920543, 0.34927076, 0.34928879, 0.34929353, 0.72900197E-2
0.81863210E-1, 0.22500331E-1, 0.67507746E-2, 0.0000000, 0.0000000, 0.0000000, 0.12993813E-2, 1.7992884, 8.0971193, 19.842234, 19.854464, 19.857819, 19.858709, 0.24998859, 0.24999687, 0.24999855, 0.25001299, 0.26799014, 0.33096710, 0.34921116, 0.34927231, 0.34928909, 0.34929353, 0.67507746E-2
0.81757851E-1, 0.21227989E-1, 0.63690338E-2, 0.0000000, 0.0000000, 0.0000000, 0.0000000, 1.6339064, 7.8376346, 19.842110, 19.854416, 19.857796, 19.858709, 0.24998859, 0.24999687, 0.24999855, 0.24999987, 0.26633626, 0.32837188, 0.34921056, 0.34927207, 0.34928897, 0.34929353, 0.63690338E-2
0.81668265E-1, 0.20146158E-1, 0.60444521E-2, 0.0000000, 0.0000000, 0.0000000, 0.0000000, 1.4940798, 7.6096487, 19.841492, 19.854244, 19.857719, 19.858698, 0.24998859, 0.24999687, 0.24999855, 0.24999987, 0.26493445, 0.32608569, 0.34920746, 0.34927124, 0.34928858, 0.34929350, 0.60444521E-2
0.81563801E-1, 0.18884601E-1, 0.56659468E-2, 0.0000000, 0.0000000, 0.0000000, 0.0000000, 1.3338417, 7.3313451, 19.841249, 19.854162, 19.857702, 19.858698, 0.24998859, 0.24999687, 0.24999855, 0.24999987, 0.26333639, 0.32330975, 0.34920624, 0.34927082, 0.34928852, 0.34929350, 0.56659468E-2
0.85086763E-1, 0.61428182E-1, 0.18430298E-1, 0.25844574, 0.0000000, 0.0000000, 0.0000000, 1.2897938, 7.2354951, 19.843529, 19.854757, 19.857855, 19.858709, 0.25257564, 0.24999687, 0.24999855, 0.24999987, 0.26289663, 0.32235247, 0.34921765, 0.34927380, 0.34928927, 0.34929353, 0.18430298E-1
0.82752943E-1, 0.33244833E-1, 0.99744480E-2, 0.90768933E-1, 0.0000000, 0.0000000, 0.0000000, 1.2481689, 7.1442223, 19.845179, 19.855200, 19.857985, 19.858709, 0.25090605, 0.24999687, 0.24999855, 0.24999987, 0.26248100, 0.32144091, 0.34922588, 0.34927601, 0.34928992, 0.34929353, 0.99744480E-2
0.81435621E-1, 0.17336667E-1, 0.52015204E-2, 0.0000000, 0.0000000, 0.0000000, 0.0000000, 1.1486650, 6.9582090, 19.844112, 19.854959, 19.857931, 19.858704, 0.24991021, 0.24999687, 0.24999855, 0.24999987, 0.26148432, 0.31957743, 0.34922057, 0.34927481, 0.34928966, 0.34929353, 0.52015204E-2
0.81353158E-1, 0.16340857E-1, 0.49027475E-2, 0.0000000, 0.0000000, 0.0000000, 0.0000000, 1.0268271, 6.7277498, 19.842010, 19.854416, 19.857794, 19.858688, 0.24991021, 0.24999687, 0.24999855, 0.24999987, 0.26026300, 0.31726596, 0.34921005, 0.34927207, 0.34928897, 0.34929344, 0.49027475E-2
0.81274919E-1, 0.15396015E-1, 0.46192664E-2, 0.0000000, 0.0000000, 0.0000000, 0.0000000, 0.91376305, 6.5012240, 19.840462, 19.853979, 19.857685, 19.858709, 0.24991021, 0.24999687, 0.24999855, 0.24999987, 0.25913012, 0.31499496, 0.34920228, 0.34926990, 0.34928843, 0.34929353, 0.46192664E-2
0.12233499, 0.51124102, 0.15338765, 2.9797792, 0.0000000, 0.0000000, 0.0000000, 0.87758005, 6.4052186, 19.843040, 19.854645, 19.857861, 19.858709, 0.27977374, 0.24999687, 0.24999855, 0.24999987, 0.25877559, 0.31405169, 0.34921521, 0.34927323, 0.34928930, 0.34929353, 0.15338765
0.20952837, 1.0000000, 0.46930569, 2.4952431, 5.8717599, 8.1589508, 9.0798378, 9.3204737, 9.5742865, 19.845266, 19.855244, 19.858025, 19.858709, 0.27495235, 0.30871746, 0.33158943, 0.34079835, 0.34320474, 0.34574288, 0.34922633, 0.34927621, 0.34929013, 0.34929353, 0.46930569
0.18139221, 1.0000000, 0.36736307, 1.9068927, 2.9651165, 9.0178499, 9.4936123, 9.6304560, 9.7635384, 19.845314, 19.855276, 19.858047, 19.858709, 0.26906782, 0.27965012, 0.34017691, 0.34493580, 0.34630439, 0.34763533, 0.34922656, 0.34927636, 0.34929025, 0.34929353, 0.36736307
0.17519513, 1.0000000, 0.34490985, 1.7097622, 2.8212726, 8.4233389, 9.6483908, 9.7404299, 9.8252573, 19.847366, 19.855814, 19.858189, 19.858709, 0.26709422, 0.27820936, 0.33422840, 0.34648275, 0.34740373, 0.34825236, 0.34923685, 0.34927908, 0.34929094, 0.34929353, 0.34490985
0.15978093, 0.96344155, 0.28906137, 1.1278361, 2.3602843, 7.5579977, 9.6489439, 9.7521095, 9.8365526, 19.846743, 19.855652, 19.858131, 19.858709, 0.26127818, 0.27360260, 0.32557958, 0.34648934, 0.34752104, 0.34836549, 0.34923372, 0.34927827, 0.34929067, 0.34929353, 0.28906137
0.14783999, 0.81924170, 0.24579710, 0.68142414, 2.0059407, 6.8645048, 9.6695127, 9.7673635, 9.8444595, 19.846157, 19.855515, 19.858072, 19.858709, 0.25681412, 0.27005920, 0.31864473, 0.34669504, 0.34767357, 0.34844455, 0.34923080, 0.34927756, 0.34929037, 0.34929353, 0.24579710
0.15280628, 0.87921506, 0.26379091, 1.2532204, 1.8412054, 6.4759493, 9.7213049, 9.7979527, 9.8573523, 19.846975, 19.855732, 19.858166, 19.858709, 0.26252875, 0.26840901, 0.31475413, 0.34721145, 0.34797871, 0.34857324, 0.34923488, 0.34927866, 0.34929082, 0.34929353, 0.26379091
0.18197078, 1.0000000, 0.36945933, 2.4513464, 3.5229731, 6.1547346, 9.7445259, 9.8127623, 9.8634081, 19.847107, 19.855783, 19.858154, 19.858709, 0.27451316, 0.28522947, 0.31154713, 0.34744519, 0.34812760, 0.34863406, 0.34923553, 0.34927893, 0.34929079, 0.34929353, 0.36945933
0.16753028, 1.0000000, 0.31713870, 2.0304413, 2.0553498, 7.0066628, 9.7434483, 9.8135605, 9.8640614, 19.847069, 19.855778, 19.858143, 19.858709, 0.27030128, 0.27055159, 0.32006341, 0.34743360, 0.34813514, 0.34864047, 0.34923536, 0.34927890, 0.34929073, 0.34929353, 0.31713870
0.15682936, 0.92779791, 0.27836722, 1.5610605, 1.7880827, 6.5248275, 9.7262545, 9.8048468, 9.8611813, 19.846994, 19.855761, 19.858143, 19.858709, 0.26560870, 0.26787952, 0.31524587, 0.34726185, 0.34804812, 0.34861168, 0.34923497, 0.34927881, 0.34929073, 0.34929353, 0.27836722
0.14213517, 0.75034964, 0.22512741, 0.92552602, 1.4069885, 5.8671126, 9.6848373, 9.7814598, 9.8514900, 19.845169, 19.855293, 19.858002, 19.858709, 0.25925362, 0.26406839, 0.30866802, 0.34684736, 0.34781408, 0.34851474, 0.34922585, 0.34927648, 0.34929001, 0.34929353, 0.22512741
0.12794641, 0.57900488, 0.17371884, 0.35008490, 1.0278970, 5.1250939, 9.6548376, 9.7629099, 9.8434391, 19.843523, 19.854836, 19.857901, 19.858698, 0.25349918, 0.26027602, 0.30124354, 0.34654561, 0.34762770, 0.34843391, 0.34921762, 0.34927419, 0.34928951, 0.34929350, 0.17371884
0.11958709, 0.47805712, 0.14343148, 0.43427944E-1, 0.80563724, 4.5657492, 9.6778021, 9.7744694, 9.8479128, 19.844078, 19.854971, 19.857948, 19.858709, 0.25043413, 0.25805461, 0.29565248, 0.34677592, 0.34774363, 0.34847876, 0.34922040, 0.34927484, 0.34928975, 0.34929353, 0.14343148
0.11538748, 0.42734227, 0.12821551, 0.0000000, 0.62427819, 4.0562663, 9.6882114, 9.7808170, 9.8510571, 19.845083, 19.855232, 19.858030, 19.858709, 0.24999447, 0.25624064, 0.29055566, 0.34687877, 0.34780648, 0.34851000, 0.34922540, 0.34927616, 0.34929016, 0.34929353, 0.12821551
0.11146635, 0.37999040, 0.11400852, 0.0000000, 0.43011010, 3.5012639, 9.6721601, 9.7726326, 9.8485041, 19.845497, 19.855343, 19.858072, 19.858709, 0.24999447, 0.25429976, 0.28500715, 0.34671855, 0.34772480, 0.34848455, 0.34922749, 0.34927672, 0.34929037, 0.34929353, 0.11400852
0.10810596, 0.33941004, 0.10183319, 0.0000000, 0.27737319, 2.9936895, 9.6761246, 9.7746201, 9.8495779, 19.846188, 19.855536, 19.858131, 19.858709, 0.24999447, 0.25277305, 0.27993324, 0.34675887, 0.34774500, 0.34849536, 0.34923095, 0.34927768, 0.34929067, 0.34929353, 0.10183319
0.10920233, 0.35264984, 0.10580553, 0.12319684, 0.23629367, 2.9508681, 9.5504942, 9.8137569, 9.8650303, 19.848331, 19.856119, 19.858231, 19.858709, 0.25123146, 0.25236234, 0.27950498, 0.34550256, 0.34813634, 0.34864989, 0.34924167, 0.34928060, 0.34929115, 0.34929353, 0.10580553
0.33966500, 1.0000000, 0.94081503, 9.6994581, 9.0341492, 9.0810471, 9.6382523, 9.8396626, 9.8755579, 19.850195, 19.856609, 19.858335, 19.858709, 0.34699315, 0.34034070, 0.34081009, 0.34638244, 0.34839660, 0.34875557, 0.34925097, 0.34928304, 0.34929168, 0.34929353, 0.94081503
0.35600001, 1.0000000, 1.0000000, 9.9999990, 9.9999990, 9.9999990, 9.9999990, 9.9999990, 9.9999990, 19.999998, 19.999998, 19.999998, 19.998999, 0.34999999, 0.34999999, 0.34999999, 0.34999999, 0.34999999, 0.34999999, 0.34999999, 0.34999999, 0.34999999, 0.34999499, 1.0000000
0.35600001, 1.0000000, 1.0000000, 9.9999990, 9.9999990, 9.9999990, 9.9999990, 9.9999990, 9.9999990, 19.999998, 19.999998, 19.999998, 19.995995, 0.34999999, 0.34999999, 0.34999999, 0.34999999, 0.34999999, 0.34999999, 0.34999999, 0.34999999, 0.34999999, 0.34997997, 1.0000000
0.35599947, 1.0000000, 0.99999803, 9.9999990, 9.9999990, 9.9999990, 9.9999990, 9.9999990, 9.9999990, 19.999998, 19.999998, 19.999998, 19.998999, 0.34999973, 0.34999985, 0.34999990, 0.34999996, 0.34999999, 0.34999999, 0.34999999, 0.34999999, 0.34999999, 0.34999499, 0.99999803
0.34479296, 1.0000000, 0.95939475, 9.3859301, 9.7449589, 9.8620920, 9.9626360, 9.9809713, 9.9926291, 19.998985, 19.999737, 19.999689, 19.975233, 0.34385419, 0.34744641, 0.34861931, 0.34962603, 0.34980953, 0.34992623, 0.34999493, 0.34999868, 0.34999844, 0.34987617, 0.95939475
0.31865188, 1.0000000, 0.86468071, 7.7329464, 9.4628496, 9.6787882, 9.8735008, 9.9329081, 9.9708357, 19.993475, 19.998301, 19.997746, 19.952765, 0.32725331, 0.34458739, 0.34676686, 0.34872547, 0.34932423, 0.34970596, 0.34996694, 0.34999138, 0.34998870, 0.34976381, 0.86468071
0.28461549, 1.0000000, 0.74136043, 5.3710051, 9.3540401, 9.5854435, 9.7896194, 9.8807831, 9.9439144, 19.985205, 19.996092, 19.993235, 19.932650, 0.30360419, 0.34348199, 0.34582460, 0.34788233, 0.34880078, 0.34943563, 0.34992540, 0.34998032, 0.34996614, 0.34966326, 0.74136043
0.25186184, 1.0000000, 0.62268782, 3.0247805, 9.3138924, 9.5458097, 9.7487822, 9.8493385, 9.9255610, 19.979027, 19.994310, 19.985985, 19.915562, 0.28022984, 0.34312633, 0.34545162, 0.34748524, 0.34849212, 0.34925500, 0.34989503, 0.34997153, 0.34992993, 0.34957781, 0.62268782
0.23113610, 1.0000000, 0.54759455, 2.2829175, 8.0469522, 9.5434589, 9.7364540, 9.8359518, 9.9155083, 19.974268, 19.992527, 19.975992, 19.901617, 0.27282670, 0.33046430, 0.34543151, 0.34736392, 0.34835920, 0.34915495, 0.34987134, 0.34996265, 0.34987995, 0.34950808, 0.54759455
0.21125101, 1.0000000, 0.47554711, 1.6592652, 6.6953001, 9.5252361, 9.7249498, 9.8256016, 9.9082174, 19.970303, 19.990301, 19.963747, 19.890598, 0.26659125, 0.31694958, 0.34524992, 0.34724900, 0.34825578, 0.34908208, 0.34985152, 0.34995151, 0.34981874, 0.34945300, 0.47554711
0.19222540, 1.0000000, 0.40661371, 1.1106491, 5.3232603, 9.5052185, 9.7135668, 9.8167973, 9.9026022, 19.966930, 19.987123, 19.950155, 19.882179, 0.26110581, 0.30323064, 0.34505042, 0.34713531, 0.34816778, 0.34902596, 0.34983465, 0.34993562, 0.34975079, 0.34941089, 0.40661371
0.17299718, 1.0000000, 0.33694631, 0.54329634, 3.9561696, 9.4905272, 9.6994638, 9.8068628, 9.8961430, 19.962593, 19.982094, 19.936071, 19.875801, 0.25543228, 0.28955865, 0.34490162, 0.34699389, 0.34806824, 0.34896129, 0.34981295, 0.34991047, 0.34968036, 0.34937900, 0.33694631
0.15858057, 0.94894576, 0.28471220, 0.16707182, 2.9727788, 9.2297115, 9.6986294, 9.8048372, 9.8943644, 19.959835, 19.975597, 19.922571, 19.871105, 0.25167039, 0.27972427, 0.34229165, 0.34698516, 0.34804782, 0.34894344, 0.34979919, 0.34987798, 0.34961286, 0.34935552, 0.28471220
0.15132126, 0.86128163, 0.25841033, 0.0000000, 2.6570706, 8.6577120, 9.7219944, 9.8171740, 9.8988266, 19.957760, 19.967377, 19.910242, 19.867670, 0.24999772, 0.27656916, 0.33657458, 0.34721938, 0.34817144, 0.34898818, 0.34978878, 0.34983689, 0.34955120, 0.34933835, 0.25841033
0.14858589, 0.82824904, 0.24849956, 0.0000000, 2.4996548, 8.3020477, 9.7594709, 9.8390188, 9.9085894, 19.956881, 19.957829, 19.899580, 19.865206, 0.24999772, 0.27499440, 0.33301693, 0.34759387, 0.34838977, 0.34908575, 0.34978440, 0.34978914, 0.34949791, 0.34932601, 0.24849956
0.14422257, 0.77555728, 0.23269045, 0.0000000, 2.2254229, 7.7993670, 9.7467651, 9.8340511, 9.9076681, 19.954170, 19.946703, 19.890537, 19.863407, 0.24999772, 0.27225286, 0.32799125, 0.34746706, 0.34834021, 0.34907660, 0.34977084, 0.34973353, 0.34945267, 0.34931704, 0.23269045
0.13915843, 0.71440220, 0.21434210, 0.0000000, 1.8983364, 7.2353997, 9.7274637, 9.8233576, 9.9025736, 19.948900, 19.934519, 19.883047, 19.862095, 0.24999772, 0.26898208, 0.32235157, 0.34727398, 0.34823325, 0.34902561, 0.34974450, 0.34967259, 0.34941524, 0.34931046, 0.21434210
0.13660991, 0.68362617, 0.20510836, 0.0000000, 1.7536551, 6.9013991, 9.7595797, 9.8405218, 9.9089766, 19.944448, 19.922859, 19.877186, 19.861185, 0.24999772, 0.26753390, 0.31900880, 0.34759435, 0.34840447, 0.34908953, 0.34972224, 0.34961429, 0.34938592, 0.34930593, 0.20510836
0.13264255, 0.63571608, 0.19073389, 0.0000000, 1.5135169, 6.4272680, 9.7429771, 9.8320971, 9.9052544, 19.937654, 19.911581, 19.872551, 19.860521, 0.24999772, 0.26513356, 0.31426924, 0.34742874, 0.34832042, 0.34905237, 0.34968826, 0.34955791, 0.34936276, 0.34930259, 0.19073389
0.13005783, 0.60450262, 0.18136892, 0.0000000, 1.3711393, 6.0828476, 9.7608824, 9.8414946, 9.9080315, 19.930670, 19.901567, 19.869038, 19.860050, 0.24999772, 0.26371035, 0.31082615, 0.34760809, 0.34841457, 0.34908020, 0.34965336, 0.34950784, 0.34934518, 0.34930027, 0.18136892
0.12791437, 0.57861799, 0.17360276, 0.0000000, 1.2414455, 5.8198299, 9.7796412, 9.8518209, 9.9103565, 19.922213, 19.892658, 19.866339, 19.859722, 0.24999772, 0.26241300, 0.30819491, 0.34779528, 0.34851763, 0.34910339, 0.34961107, 0.34946328, 0.34933168, 0.34929860, 0.17360276
0.12504426, 0.54395825, 0.16320381, 0.0000000, 1.0569155, 5.4980083, 9.7702847, 9.8467693, 9.9060316, 19.912323, 19.884880, 19.864243, 19.859463, 0.24999772, 0.26056808, 0.30497727, 0.34770185, 0.34846720, 0.34906015, 0.34956163, 0.34942439, 0.34932122, 0.34929731, 0.16320381
0.12364320, 0.52703905, 0.15812753, 0.0000000, 0.97727478, 5.3118486, 9.7984209, 9.8611898, 9.9094095, 19.904078, 19.878857, 19.862757, 19.859346, 0.24999772, 0.25977138, 0.30311477, 0.34798282, 0.34861121, 0.34909385, 0.34952039, 0.34939429, 0.34931380, 0.34929675, 0.15812753
0.17344061, 1.0000000, 0.33855289, 2.5229216, 2.2498159, 6.3795743, 9.8220263, 9.8736315, 9.9116898, 19.896198, 19.874004, 19.861664, 19.859299, 0.27522746, 0.27249724, 0.31379443, 0.34821984, 0.34873611, 0.34911683, 0.34948099, 0.34937003, 0.34930831, 0.34929651, 0.33855289
0.18323633, 1.0000000, 0.37404463, 2.3359716, 2.8952332, 8.0728931, 9.8409634, 9.8834944, 9.9128714, 19.889233, 19.870255, 19.860929, 19.859299, 0.27335870, 0.27895159, 0.33072791, 0.34840935, 0.34883481, 0.34912869, 0.34944618, 0.34935129, 0.34930465, 0.34929651, 0.37404463
0.21226777, 1.0000000, 0.47923100, 2.1691055, 5.9340024, 9.5666485, 9.8295078, 9.8768702, 9.9068279, 19.881565, 19.866951, 19.860289, 19.859211, 0.27169093, 0.30933985, 0.34566632, 0.34829506, 0.34876868, 0.34906828, 0.34940782, 0.34933475, 0.34930146, 0.34929606, 0.47923100
0.19637358, 1.0000000, 0.42164341, 1.5622735, 5.0223794, 9.5973196, 9.7777243, 9.8468552, 9.8904257, 19.871952, 19.863634, 19.859629, 19.859110, 0.26560229, 0.30021176, 0.34596607, 0.34777427, 0.34846702, 0.34890354, 0.34935963, 0.34931815, 0.34929815, 0.34929556, 0.42164341
0.18672545, 1.0000000, 0.38668641, 1.2108505, 4.4149036, 9.6448870, 9.7782478, 9.8435545, 9.8859644, 19.866129, 19.861593, 19.859251, 19.859045, 0.26210722, 0.29414624, 0.34644580, 0.34778187, 0.34843522, 0.34885952, 0.34933063, 0.34930795, 0.34929627, 0.34929523, 0.38668641
0.16278732, 0.99974686, 0.29995406, 0.28716922, 3.1717360, 9.5025311, 9.7007360, 9.7973738, 9.8620987, 19.855360, 19.858469, 19.858578, 19.858870, 0.25275669, 0.28165472, 0.34498903, 0.34699088, 0.34796533, 0.34861678, 0.34927610, 0.34929216, 0.34929281, 0.34929436, 0.29995406
0.15063521, 0.85299695, 0.25592467, 0.0000000, 2.4608672, 8.9173813, 9.6726789, 9.7760935, 9.8489361, 19.847147, 19.856142, 19.858047, 19.858768, 0.24999861, 0.27454135, 0.33913398, 0.34670871, 0.34775174, 0.34848478, 0.34923497, 0.34928051, 0.34929019, 0.34929383, 0.25592467
0.14235592, 0.75301540, 0.22592722, 0.0000000, 1.8622071, 8.1382189, 9.6479797, 9.7582684, 9.8376532, 19.839777, 19.854084, 19.857590, 19.858669, 0.24999861, 0.26849261, 0.33130851, 0.34644493, 0.34756491, 0.34836769, 0.34919733, 0.34927002, 0.34928784, 0.34929332, 0.22592722
0.13382702, 0.65001971, 0.19502541, 0.0000000, 1.2706459, 7.2540712, 9.6292439, 9.7440538, 9.8292646, 19.834448, 19.852558, 19.857246, 19.858593, 0.24999861, 0.26262569, 0.32249242, 0.34626991, 0.34742907, 0.34828699, 0.34917128, 0.34926254, 0.34928617, 0.34929293, 0.19502541
0.12821168, 0.58220834, 0.17467998, 0.0000000, 0.91180205, 6.5955763, 9.6564198, 9.7581644, 9.8346996, 19.834005, 19.852335, 19.857235, 19.858604, 0.24999861, 0.25908649, 0.31593361, 0.34655446, 0.34757668, 0.34834465, 0.34916967, 0.34926158, 0.34928614, 0.34929302, 0.17467998
0.11994228, 0.48234636, 0.14471838, 0.0000000, 0.39726794, 5.6594110, 9.6145086, 9.7340574, 9.8239298, 19.830702, 19.851376, 19.857006, 19.858557, 0.24999861, 0.25386170, 0.30652624, 0.34611255, 0.34732398, 0.34823123, 0.34915218, 0.34925652, 0.34928495, 0.34929276, 0.14471838
0.11706586, 0.44761050, 0.13429658, 0.0000000, 0.25976896, 5.1911163, 9.6877384, 9.7746220, 9.8419971, 19.834923, 19.852434, 19.857319, 19.858646, 0.24999861, 0.25259721, 0.30190632, 0.34687558, 0.34774530, 0.34841967, 0.34917462, 0.34926218, 0.34928659, 0.34929323, 0.13429658
0.11289766, 0.39727503, 0.11919443, 0.0000000, 0.37771463E-1, 4.6300926, 9.6787252, 9.7721767, 9.8422632, 19.836157, 19.852766, 19.857395, 19.858698, 0.24999861, 0.25037766, 0.29629761, 0.34678587, 0.34772107, 0.34842241, 0.34918079, 0.34926385, 0.34928697, 0.34929350, 0.11919443
0.11022206, 0.36496428, 0.10950024, 0.0000000, 0.0000000, 4.0618420, 9.6701069, 9.7679720, 9.8406010, 19.836075, 19.852743, 19.857389, 19.858698, 0.24999861, 0.24999917, 0.29061249, 0.34669825, 0.34767830, 0.34840554, 0.34918037, 0.34926373, 0.34928694, 0.34929350, 0.10950024
0.10665062, 0.32183522, 0.96560225E-1, 0.0000000, 0.0000000, 3.2190866, 9.6045685, 9.7296438, 9.8229170, 19.831314, 19.851471, 19.857100, 19.858604, 0.24999861, 0.24999917, 0.28216413, 0.34603122, 0.34728909, 0.34822592, 0.34915614, 0.34925723, 0.34928545, 0.34929302, 0.96560225E-1
0.10364717, 0.28556520, 0.85678130E-1, 0.0000000, 0.0000000, 2.5729716, 9.2311411, 9.6993170, 9.8095026, 19.828699, 19.850758, 19.856901, 19.858568, 0.24999861, 0.24999917, 0.27569270, 0.34229064, 0.34698248, 0.34809017, 0.34914282, 0.34925359, 0.34928444, 0.34929284, 0.85678130E-1
0.10160612, 0.26091731, 0.78283019E-1, 0.0000000, 0.0000000, 2.1734505, 8.7442627, 9.7001410, 9.8096018, 19.828983, 19.850779, 19.856918, 19.858580, 0.24999861, 0.24999917, 0.27173090, 0.33743972, 0.34699979, 0.34809548, 0.34914491, 0.34925389, 0.34928459, 0.34929290, 0.78283019E-1
0.10017419, 0.24362531, 0.73094904E-1, 0.0000000, 0.0000000, 1.9047111, 8.3465309, 9.7181606, 9.8185472, 19.831902, 19.851534, 19.857130, 19.858641, 0.24999861, 0.24999917, 0.26904610, 0.33346441, 0.34718111, 0.34818530, 0.34915951, 0.34925768, 0.34928566, 0.34929320, 0.73094904E-1
0.98252036E-1, 0.22041316, 0.66130564E-1, 0.0000000, 0.0000000, 1.5435457, 7.8442473, 9.6950321, 9.8101854, 19.832741, 19.851770, 19.857201, 19.858669, 0.24999861, 0.24999917, 0.26543388, 0.32844087, 0.34694934, 0.34810153, 0.34916371, 0.34925884, 0.34928602, 0.34929335, 0.66130564E-1
0.97711980E-1, 0.21389148, 0.64173862E-1, 0.0000000, 0.0000000, 1.4551908, 7.5977044, 9.7581491, 9.8366003, 19.837223, 19.852980, 19.857519, 19.858709, 0.24999861, 0.24999917, 0.26455054, 0.32597560, 0.34758058, 0.34836569, 0.34918612, 0.34926489, 0.34928760, 0.34929353, 0.64173862E-1
0.96884839E-1, 0.20390281, 0.61176963E-1, 0.0000000, 0.0000000, 1.3068408, 7.3383846, 9.7622232, 9.8403654, 19.839331, 19.853586, 19.857666, 19.858709, 0.24999861, 0.24999917, 0.26306620, 0.32338136, 0.34762058, 0.34840313, 0.34919664, 0.34926793, 0.34928834, 0.34929353, 0.61176963E-1
0.95130950E-1, 0.18272269, 0.54822288E-1, 0.0000000, 0.0000000, 0.98817945, 6.8505244, 9.6961861, 9.8145761, 19.838104, 19.853285, 19.857571, 19.858669, 0.24999861, 0.24999917, 0.25988010, 0.31850284, 0.34696019, 0.34814519, 0.34919053, 0.34926641, 0.34928787, 0.34929335, 0.54822288E-1
0.93764089E-1, 0.16621633, 0.49869888E-1, 0.0000000, 0.0000000, 0.75380206, 6.3754582, 9.6881504, 9.8101091, 19.838116, 19.853296, 19.857573, 19.858698, 0.24999861, 0.24999917, 0.25753766, 0.31375396, 0.34688103, 0.34810093, 0.34919059, 0.34926647, 0.34928787, 0.34929350, 0.49869888E-1
0.93282409E-1, 0.16039957, 0.48124686E-1, 0.0000000, 0.0000000, 0.67811012, 6.1341705, 9.7550812, 9.8367558, 19.840572, 19.853958, 19.857759, 19.858709, 0.24999861, 0.24999917, 0.25678089, 0.31134132, 0.34755051, 0.34836748, 0.34920287, 0.34926981, 0.34928879, 0.34929353, 0.48124686E-1
0.14803460, 0.82159173, 0.24650218, 2.6011884, 2.2992492, 0.65408647, 6.0061059, 9.8060942, 9.8585443, 19.843918, 19.854841, 19.857967, 19.858709, 0.27601147, 0.27299228, 0.25654083, 0.31006101, 0.34806088, 0.34858540, 0.34921959, 0.34927422, 0.34928983, 0.34929353, 0.24650218
0.14359531, 0.76798236, 0.23041776, 2.4829597, 2.0268738, 0.55396259, 5.8408990, 9.8046169, 9.8585424, 19.843800, 19.854860, 19.857948, 19.858709, 0.27482888, 0.27026838, 0.25553957, 0.30840889, 0.34804609, 0.34858540, 0.34921899, 0.34927431, 0.34928975, 0.34929353, 0.23041776
0.13600865, 0.67636520, 0.20292985, 2.1385221, 1.7488092, 0.46105981, 5.6665463, 9.7986326, 9.8570013, 19.844112, 19.854971, 19.857967, 19.858709, 0.27138484, 0.26748791, 0.25461057, 0.30666542, 0.34798628, 0.34856999, 0.34922057, 0.34927484, 0.34928983, 0.34929353, 0.20292985
0.12615675, 0.55739284, 0.16723458, 1.6228795, 1.4850110, 0.36421120, 5.4905157, 9.7966509, 9.8562117, 19.843973, 19.854940, 19.857967, 19.858709, 0.26622623, 0.26484871, 0.25364193, 0.30490464, 0.34796602, 0.34856197, 0.34921986, 0.34927469, 0.34928983, 0.34929353, 0.16723458
0.11132299, 0.37825918, 0.11348911, 0.86002946, 1.0682464, 0.21241009, 5.2374654, 9.7676172, 9.8441801, 19.841793, 19.854368, 19.857807, 19.858692, 0.25859606, 0.26067930, 0.25212377, 0.30237311, 0.34767473, 0.34844133, 0.34920895, 0.34927183, 0.34928903, 0.34929347, 0.11348911
0.98038048E-1, 0.21782903, 0.65355249E-1, 0.20319521, 0.66115260, 0.70744753E-1, 4.9281907, 9.7388783, 9.8324022, 19.840393, 19.853991, 19.857695, 19.858683, 0.25203115, 0.25660998, 0.25070736, 0.29928073, 0.34738761, 0.34832364, 0.34920198, 0.34926996, 0.34928846, 0.34929341, 0.65355249E-1
0.91605008E-1, 0.14014307, 0.42047124E-1, 0.0000000, 0.29871166, 0.0000000, 4.5425439, 9.7033634, 9.8179827, 19.839685, 19.853792, 19.857634, 19.858688, 0.24996962, 0.25298554, 0.24999724, 0.29542303, 0.34703103, 0.34817895, 0.34919843, 0.34926897, 0.34928817, 0.34929344, 0.42047124E-1
0.88679664E-1, 0.10481636, 0.31448055E-1, 0.0000000, 0.0000000, 0.0000000, 4.0219975, 9.6560984, 9.7967539, 19.838083, 19.853344, 19.857540, 19.858664, 0.24996962, 0.24998701, 0.24999724, 0.29021904, 0.34655988, 0.34796718, 0.34919041, 0.34926671, 0.34928769, 0.34929332, 0.31448055E-1
0.88079348E-1, 0.97566940E-1, 0.29273009E-1, 0.0000000, 0.0000000, 0.0000000, 3.3289814, 9.6008158, 9.7709723, 19.838520, 19.853449, 19.857592, 19.858698, 0.24996962, 0.24998701, 0.24999724, 0.28328863, 0.34600642, 0.34770912, 0.34919259, 0.34926724, 0.34928796, 0.34929350, 0.29273009E-1
0.87792456E-1, 0.94102420E-1, 0.28233550E-1, 0.0000000, 0.0000000, 0.0000000, 2.9873042, 9.5814047, 9.8006029, 19.840597, 19.854004, 19.857744, 19.858709, 0.24996962, 0.24998701, 0.24999724, 0.27987167, 0.34581187, 0.34800529, 0.34920299, 0.34927002, 0.34928873, 0.34929353, 0.28233550E-1
0.87574147E-1, 0.91466062E-1, 0.27442563E-1, 0.0000000, 0.0000000, 0.0000000, 2.8522909, 9.3222589, 9.8053503, 19.840803, 19.854063, 19.857731, 19.858709, 0.24996962, 0.24998701, 0.24999724, 0.27852225, 0.34322152, 0.34805316, 0.34920400, 0.34927031, 0.34928864, 0.34929353, 0.27442563E-1
0.87439030E-1, 0.89834400E-1, 0.26953015E-1, 0.0000000, 0.0000000, 0.0000000, 2.7794540, 9.1363268, 9.8213587, 19.843819, 19.854841, 19.857925, 19.858709, 0.24996962, 0.24998701, 0.24999724, 0.27779365, 0.34136179, 0.34821305, 0.34921908, 0.34927422, 0.34928963, 0.34929353, 0.26953015E-1
0.92774488E-1, 0.15426582, 0.46284374E-1, 0.39657950, 0.0000000, 0.0000000, 2.6998253, 8.9626770, 9.8294268, 19.844950, 19.855160, 19.858025, 19.858709, 0.25396526, 0.24998701, 0.24999724, 0.27699804, 0.33962640, 0.34829411, 0.34922475, 0.34927580, 0.34929013, 0.34929353, 0.46284374E-1
0.91294028E-1, 0.13638771, 0.40920403E-1, 0.29817224, 0.0000000, 0.0000000, 2.6270418, 8.8094931, 9.8350468, 19.845596, 19.855354, 19.858095, 19.858709, 0.25298151, 0.24998701, 0.24999724, 0.27627033, 0.33809474, 0.34835041, 0.34922796, 0.34927678, 0.34929049, 0.34929353, 0.40920403E-1
0.17636259, 1.0000000, 0.34913981, 2.3991904, 3.2770286, 5.7125444, 8.6129093, 9.6114998, 9.8555508, 19.846930, 19.855690, 19.858183, 19.858709, 0.27399161, 0.28277004, 0.30712524, 0.33612904, 0.34611496, 0.34855551, 0.34923464, 0.34927845, 0.34929091, 0.34929353, 0.34913981
0.14347935, 0.76658195, 0.22999759, 1.2369990, 1.5713513, 4.8646483, 9.5272675, 9.7091913, 9.8374672, 19.840740, 19.854090, 19.857712, 19.858616, 0.26236707, 0.26571128, 0.29864305, 0.34527132, 0.34709123, 0.34837443, 0.34920371, 0.34927046, 0.34928855, 0.34929308, 0.22999759
0.12230780, 0.51091272, 0.15328914, 0.34165382, 1.0136038, 3.8390090, 9.5772848, 9.7176628, 9.8261147, 19.837530, 19.853218, 19.857489, 19.858610, 0.25341603, 0.26013511, 0.28838837, 0.34577200, 0.34717616, 0.34826100, 0.34918764, 0.34926608, 0.34928745, 0.34929305, 0.15328914
0.10990319, 0.36111355, 0.10834491, 0.0000000, 0.52280724, 2.9871404, 9.4631119, 9.7090578, 9.8178501, 19.835186, 19.852575, 19.857325, 19.858610, 0.24995407, 0.25522703, 0.27986845, 0.34462926, 0.34708962, 0.34817818, 0.34917593, 0.34926289, 0.34928662, 0.34929305, 0.10834491
0.10487223, 0.30035919, 0.90116769E-1, 0.0000000, 0.18464625, 2.5468767, 8.9735861, 9.7018747, 9.8142910, 19.835304, 19.852575, 19.857342, 19.858646, 0.24995407, 0.25184605, 0.27546582, 0.33973378, 0.34701762, 0.34814253, 0.34917653, 0.34926289, 0.34928671, 0.34929323, 0.90116769E-1
0.10139912, 0.25841767, 0.77533051E-1, 0.0000000, 0.0000000, 2.1712689, 8.5017042, 9.7048798, 9.8152475, 19.835829, 19.852718, 19.857376, 19.858683, 0.24995407, 0.24999677, 0.27170935, 0.33501440, 0.34704730, 0.34815195, 0.34917915, 0.34926361, 0.34928688, 0.34929341, 0.77533051E-1
0.10061233, 0.24891631, 0.74682362E-1, 0.0000000, 0.0000000, 2.0309806, 8.2247801, 9.7525845, 9.8359280, 19.839607, 19.853708, 19.857666, 19.858709, 0.24995407, 0.24999677, 0.27030787, 0.33224621, 0.34752491, 0.34835899, 0.34919804, 0.34926856, 0.34928834, 0.34929353, 0.74682362E-1
0.99634208E-1, 0.23710437, 0.71138427E-1, 0.0000000, 0.0000000, 1.8501848, 7.9442387, 9.7558727, 9.8397799, 19.842180, 19.854404, 19.857832, 19.858709, 0.24995407, 0.24999677, 0.26850143, 0.32944202, 0.34755853, 0.34839773, 0.34921092, 0.34927201, 0.34928915, 0.34929353, 0.71138427E-1
0.98260656E-1, 0.22051731, 0.66161811E-1, 0.0000000, 0.0000000, 1.5933424, 7.5827279, 9.7324390, 9.8314457, 19.842648, 19.854557, 19.857843, 19.858709, 0.24995407, 0.24999677, 0.26593295, 0.32582682, 0.34732410, 0.34831437, 0.34921324, 0.34927279, 0.34928921, 0.34929353, 0.66161811E-1
0.97706042E-1, 0.21381968, 0.64152323E-1, 0.0000000, 0.0000000, 1.4993429, 7.3612933, 9.7713852, 9.8469696, 19.844961, 19.855169, 19.858007, 19.858709, 0.24995407, 0.24999677, 0.26499224, 0.32361177, 0.34771308, 0.34846944, 0.34922481, 0.34927586, 0.34929004, 0.34929353, 0.64152323E-1
0.96598513E-1, 0.20044510, 0.60139544E-1, 0.0000000, 0.0000000, 1.2955755, 7.0537982, 9.7520065, 9.8397617, 19.844456, 19.855053, 19.857990, 19.858709, 0.24995407, 0.24999677, 0.26295403, 0.32053611, 0.34751874, 0.34839717, 0.34922227, 0.34927526, 0.34928995, 0.34929353, 0.60139544E-1
0.24257760, 1.0000000, 0.58904922, 2.9957232, 8.5941534, 8.9281883, 9.3067532, 9.7873573, 9.8541365, 19.846724, 19.855679, 19.858171, 19.858709, 0.27995613, 0.33593962, 0.33928090, 0.34306732, 0.34787345, 0.34854135, 0.34923363, 0.34927839, 0.34929085, 0.34929353, 0.58904922
0.22330754, 1.0000000, 0.51923019, 2.6432633, 6.5835886, 9.4070320, 9.6247711, 9.7744894, 9.8470860, 19.843325, 19.854788, 19.857893, 19.858669, 0.27643213, 0.31583512, 0.34406975, 0.34624758, 0.34774482, 0.34847084, 0.34921664, 0.34927395, 0.34928948, 0.34929335, 0.51923019
0.19543180, 1.0000000, 0.41823119, 1.7003089, 4.7742724, 9.4348803, 9.6469240, 9.7615662, 9.8404150, 19.840420, 19.854021, 19.857683, 19.858669, 0.26700002, 0.29773754, 0.34434366, 0.34646818, 0.34761512, 0.34840396, 0.34920210, 0.34927011, 0.34928840, 0.34929335, 0.41823119
0.16844696, 1.0000000, 0.32045996, 0.84834099, 2.9925852, 9.3249760, 9.6306314, 9.7466660, 9.8336582, 19.838467, 19.853460, 19.857540, 19.858669, 0.25848112, 0.27992100, 0.34324217, 0.34630474, 0.34746584, 0.34833631, 0.34919232, 0.34926730, 0.34928769, 0.34929335, 0.32045996
0.14988104, 0.84388953, 0.25319219, 0.22523999, 2.3524940, 8.1993494, 9.6211720, 9.7394781, 9.8306580, 19.837963, 19.853315, 19.857529, 19.858688, 0.25225183, 0.27352145, 0.33198741, 0.34621030, 0.34739405, 0.34830636, 0.34918982, 0.34926659, 0.34928763, 0.34929344, 0.25319219
0.13987556, 0.72306234, 0.21694040, 0.0000000, 1.9434065, 7.3454294, 9.6467495, 9.7536840, 9.8368740, 19.839325, 19.853674, 19.857635, 19.858709, 0.24999996, 0.26942867, 0.32344413, 0.34646481, 0.34753549, 0.34836829, 0.34919661, 0.34926838, 0.34928817, 0.34929353, 0.21694040
0.13631406, 0.68005341, 0.20403643, 0.0000000, 1.7602921, 6.8360114, 9.6983452, 9.7839108, 9.8503456, 19.842445, 19.854504, 19.857849, 19.858709, 0.24999996, 0.26760152, 0.31835738, 0.34698269, 0.34783873, 0.34850335, 0.34921223, 0.34927252, 0.34928924, 0.34929353, 0.20403643
0.12969717, 0.60014743, 0.18006223, 0.0000000, 1.3740331, 6.0200520, 9.6602097, 9.7646246, 9.8438883, 19.842878, 19.854633, 19.857866, 19.858709, 0.24999996, 0.26373896, 0.31019747, 0.34660110, 0.34764573, 0.34843871, 0.34921438, 0.34927318, 0.34928933, 0.34929353, 0.18006223
0.12338103, 0.52387303, 0.15717763, 0.0000000, 1.0297507, 5.1886506, 9.6386309, 9.7522888, 9.8394394, 19.843231, 19.854740, 19.857889, 19.858709, 0.24999996, 0.26029629, 0.30188343, 0.34638518, 0.34752232, 0.34839419, 0.34921616, 0.34927371, 0.34928945, 0.34929353, 0.15717763
0.11853072, 0.46530029, 0.13960405, 0.0000000, 0.79496801, 4.4835501, 9.6498852, 9.7581139, 9.8421850, 19.844532, 19.855087, 19.857990, 19.858709, 0.24999996, 0.25794888, 0.29483324, 0.34649786, 0.34758067, 0.34842166, 0.34922266, 0.34927544, 0.34928995, 0.34929353, 0.13960405
0.11395185, 0.41000542, 0.12301393, 0.0000000, 0.57168603, 3.8234725, 9.6514511, 9.7592487, 9.8428488, 19.845089, 19.855244, 19.858036, 19.858709, 0.24999996, 0.25571647, 0.28823340, 0.34651387, 0.34759215, 0.34842837, 0.34922546, 0.34927621, 0.34929019, 0.34929353, 0.12301393
0.10819097, 0.34043661, 0.10214119, 0.0000000, 0.29853582, 2.9992967, 9.5642815, 9.7290258, 9.8310385, 19.844561, 19.855106, 19.858013, 19.858709, 0.24999996, 0.25298482, 0.27999032, 0.34564111, 0.34728938, 0.34831008, 0.34922281, 0.34927553, 0.34929007, 0.34929353, 0.10214119
0.10277437, 0.27502531, 0.82515843E-1, 0.0000000, 0.0000000, 2.4143190, 8.9590225, 9.6827431, 9.8104057, 19.842073, 19.854458, 19.857836, 19.858688, 0.24999996, 0.24999908, 0.27414021, 0.33958802, 0.34682626, 0.34810364, 0.34921038, 0.34927228, 0.34928918, 0.34929344, 0.82515843E-1
0.10031848, 0.24536766, 0.73617660E-1, 0.0000000, 0.0000000, 1.9441426, 8.3508015, 9.6729803, 9.8045101, 19.841099, 19.854193, 19.857738, 19.858692, 0.24999996, 0.24999908, 0.26943675, 0.33350399, 0.34672749, 0.34804434, 0.34920549, 0.34927097, 0.34928870, 0.34929347, 0.73617660E-1
0.98251723E-1, 0.22040939, 0.66129431E-1, 0.0000000, 0.0000000, 1.5609294, 7.7705960, 9.6715450, 9.8032942, 19.840761, 19.854086, 19.857702, 19.858698, 0.24999996, 0.24999908, 0.26560652, 0.32770321, 0.34671375, 0.34803239, 0.34920380, 0.34927043, 0.34928852, 0.34929350, 0.66129431E-1
0.96498244E-1, 0.19923425, 0.59776254E-1, 0.0000000, 0.0000000, 1.2460589, 7.2244439, 9.6748276, 9.8044329, 19.840603, 19.854033, 19.857685, 19.858698, 0.24999996, 0.24999908, 0.26245937, 0.32224301, 0.34674734, 0.34804401, 0.34920302, 0.34927016, 0.34928843, 0.34929350, 0.59776254E-1
0.94423369E-1, 0.17417789, 0.52258592E-1, 0.0000000, 0.0000000, 0.88492334, 6.5464830, 9.6376991, 9.7886219, 19.839550, 19.853756, 19.857622, 19.858688, 0.24999996, 0.24999908, 0.25884661, 0.31546095, 0.34637415, 0.34788525, 0.34919775, 0.34926879, 0.34928811, 0.34929344, 0.52258592E-1
0.92633590E-1, 0.15256433, 0.45773879E-1, 0.0000000, 0.0000000, 0.59231520, 5.8520403, 9.6286392, 9.7829685, 19.838749, 19.853533, 19.857590, 19.858683, 0.24999996, 0.24999908, 0.25592256, 0.30851921, 0.34628540, 0.34782937, 0.34919375, 0.34926766, 0.34928796, 0.34929341, 0.45773879E-1
0.92157900E-1, 0.14681986, 0.44050366E-1, 0.0000000, 0.0000000, 0.53166449, 5.5264673, 9.7236586, 9.8230524, 19.842262, 19.854464, 19.857849, 19.858709, 0.24999996, 0.24999908, 0.25531623, 0.30526379, 0.34723580, 0.34823027, 0.34921131, 0.34927231, 0.34928924, 0.34929353, 0.44050366E-1
0.15268731, 0.87777817, 0.26335979, 2.1673875, 3.7663891, 0.44071376, 5.2832913, 9.7560091, 9.8382626, 19.843193, 19.854731, 19.857901, 19.858709, 0.27167207, 0.28766200, 0.25440702, 0.30283263, 0.34755987, 0.34838253, 0.34921595, 0.34927365, 0.34928951, 0.34929353, 0.26335979
0.12282890, 0.51720560, 0.15517719, 0.99470019, 1.6155303, 1.5190184, 4.9161792, 9.7194672, 9.8233986, 19.839798, 19.853849, 19.857658, 19.858658, 0.25994146, 0.26614991, 0.26518765, 0.29916015, 0.34719306, 0.34823346, 0.34919900, 0.34926924, 0.34928828, 0.34929329, 0.15517719
0.10860029, 0.34537962, 0.10362425, 0.35631657, 1.1217237, 1.2675583, 4.5606318, 9.7157564, 9.8220491, 19.839891, 19.853849, 19.857666, 19.858709, 0.25356132, 0.26121378, 0.26267362, 0.29560491, 0.34715608, 0.34821999, 0.34919947, 0.34926924, 0.34928834, 0.34929353, 0.10362425
0.98749682E-1, 0.22642282, 0.67933641E-1, 0.0000000, 0.68951249, 1.0176271, 4.1773930, 9.6984444, 9.8155890, 19.840239, 19.853939, 19.857702, 19.858709, 0.24999848, 0.25689426, 0.26017565, 0.29177341, 0.34698385, 0.34815568, 0.34920120, 0.34926969, 0.34928852, 0.34929353, 0.67933641E-1
0.95814936E-1, 0.19098252, 0.57300489E-1, 0.0000000, 0.44981241, 0.85444450, 3.8391716, 9.7098665, 9.8209572, 19.842327, 19.854464, 19.857824, 19.858709, 0.24999848, 0.25449744, 0.25854379, 0.28839111, 0.34709790, 0.34820932, 0.34921163, 0.34927231, 0.34928912, 0.34929353, 0.57300489E-1
0.93001746E-1, 0.15701023, 0.47107778E-1, 0.0000000, 0.22814274, 0.68721771, 3.4982507, 9.7036591, 9.8192444, 19.843241, 19.854723, 19.857885, 19.858709, 0.24999848, 0.25228065, 0.25687104, 0.28498134, 0.34703499, 0.34819192, 0.34921619, 0.34927362, 0.34928942, 0.34929353, 0.47107778E-1
0.90422779E-1, 0.12586640, 0.37763696E-1, 0.0000000, 0.40987134E-1, 0.51671863, 3.1182055, 9.6839533, 9.8114872, 19.843708, 19.854876, 19.857918, 19.858709, 0.24999848, 0.25040969, 0.25516605, 0.28118071, 0.34683743, 0.34811416, 0.34921855, 0.34927437, 0.34928960, 0.34929353, 0.37763696E-1
0.94806410E-1, 0.17880352, 0.53646423E-1, 0.39884746, 0.0000000, 0.38802326, 2.9006243, 9.5251179, 9.8109541, 19.844849, 19.855169, 19.858013, 19.858709, 0.25398648, 0.24999192, 0.25387967, 0.27900538, 0.34524974, 0.34810907, 0.34922424, 0.34927586, 0.34929007, 0.34929353, 0.53646423E-1
0.15556756, 0.91256046, 0.27379552, 2.9073744, 2.1239371, 2.4706066, 2.8693347, 9.4225874, 9.8417845, 19.846605, 19.855633, 19.858166, 19.858709, 0.27907178, 0.27123851, 0.27470556, 0.27869323, 0.34422570, 0.34841779, 0.34923303, 0.34927815, 0.34929082, 0.34929353, 0.27379552
0.20969929, 1.0000000, 0.46992493, 2.7509570, 4.8338122, 9.2937832, 9.5024652, 9.7017899, 9.8622437, 19.848610, 19.856178, 19.858242, 19.858709, 0.27750596, 0.29833430, 0.34293416, 0.34502390, 0.34701750, 0.34862232, 0.34924304, 0.34928089, 0.34929121, 0.34929353, 0.46992493
0.18094078, 1.0000000, 0.36572739, 1.7808110, 2.9837847, 9.2544136, 9.6081858, 9.7424374, 9.8482428, 19.845245, 19.855310, 19.858000, 19.858675, 0.26780760, 0.27983734, 0.34254336, 0.34608170, 0.34742430, 0.34848240, 0.34922624, 0.34927654, 0.34929001, 0.34929338, 0.36572739
0.16359618, 1.0000000, 0.30288473, 1.1232078, 2.4689436, 8.2793713, 9.6420336, 9.7564697, 9.8448792, 19.844444, 19.855087, 19.857943, 19.858709, 0.26123065, 0.27468756, 0.33279055, 0.34641960, 0.34756434, 0.34844866, 0.34922221, 0.34927544, 0.34928972, 0.34929353, 0.30288473
0.16430891, 1.0000000, 0.30546707, 1.5686095, 2.1541386, 7.5864644, 9.6789703, 9.7759180, 9.8504286, 19.845480, 19.855366, 19.858047, 19.858709, 0.26568502, 0.27154049, 0.32586306, 0.34678933, 0.34775898, 0.34850422, 0.34922740, 0.34927684, 0.34929025, 0.34929353, 0.30546707
0.15994285, 0.96539676, 0.28964800, 1.5062064, 1.9673854, 7.1030407, 9.7157488, 9.7970028, 9.8588905, 19.847393, 19.855862, 19.858194, 19.858709, 0.26506189, 0.26967371, 0.32103017, 0.34715742, 0.34797001, 0.34858891, 0.34923697, 0.34927931, 0.34929097, 0.34929353, 0.28964800
0.15272912, 0.87828314, 0.26351130, 1.2251437, 1.7805785, 6.6673017, 9.7305260, 9.8064728, 9.8629808, 19.848503, 19.856167, 19.858225, 19.858709, 0.26225090, 0.26780531, 0.31667212, 0.34730500, 0.34806460, 0.34862977, 0.34924251, 0.34928083, 0.34929112, 0.34929353, 0.26351130
0.14402090, 0.77312195, 0.23195979, 0.89504719, 1.5434563, 6.1424870, 9.7161865, 9.7997189, 9.8610039, 19.849026, 19.856291, 19.858225, 19.858709, 0.25894940, 0.26543346, 0.31142268, 0.34716117, 0.34799683, 0.34860992, 0.34924513, 0.34928146, 0.34929112, 0.34929353, 0.23195979
0.13681224, 0.68606949, 0.20584144, 0.64100027, 1.3449103, 5.6443977, 9.7168312, 9.8000469, 9.8615513, 19.849760, 19.856466, 19.858250, 19.858709, 0.25640976, 0.26344877, 0.30644333, 0.34716809, 0.34800035, 0.34861550, 0.34924880, 0.34928232, 0.34929127, 0.34929353, 0.20584144
0.34551078, 1.0000000, 0.96199554, 9.4284334, 9.7561588, 9.8688164, 9.9661045, 9.9827843, 9.9935007, 19.999266, 19.999807, 19.999910, 19.984043, 0.34428263, 0.34756055, 0.34868762, 0.34966093, 0.34982777, 0.34993497, 0.34999633, 0.34999904, 0.34999955, 0.34992021, 0.96199554
0.32921708, 1.0000000, 0.90296036, 8.3835535, 9.5916777, 9.7599535, 9.9198008, 9.9580173, 9.9833555, 19.997650, 19.999386, 19.998865, 19.960974, 0.33382830, 0.34591180, 0.34759700, 0.34919751, 0.34957990, 0.34983346, 0.34998825, 0.34999692, 0.34999433, 0.34980488, 0.90296036
0.35599458, 1.0000000, 0.99998033, 9.9998293, 9.9998980, 9.9999485, 9.9999905, 9.9999933, 9.9999990, 19.999998, 19.999998, 19.999998, 19.995995, 0.34999728, 0.34999838, 0.34999919, 0.34999985, 0.34999990, 0.34999999, 0.34999999, 0.34999999, 0.34999999, 0.34997997, 0.99998033
0.35187840, 1.0000000, 0.98506653, 9.7850466, 9.8905668, 9.9433498, 9.9861879, 9.9930210, 9.9973869, 19.999689, 19.999916, 19.999876, 19.981098, 0.34785047, 0.34890568, 0.34943348, 0.34986189, 0.34993023, 0.34997386, 0.34999844, 0.34999958, 0.34999937, 0.34990549, 0.98506653
0.34854013, 1.0000000, 0.97297138, 9.6646919, 9.7364359, 9.8539677, 9.9593992, 9.9791927, 9.9920664, 19.999027, 19.999743, 19.998693, 19.958250, 0.34664568, 0.34736362, 0.34853929, 0.34959391, 0.34979191, 0.34992066, 0.34999514, 0.34999871, 0.34999347, 0.34979126, 0.97297138
0.35571718, 1.0000000, 0.99897534, 9.9859533, 9.9916391, 9.9958143, 9.9991589, 9.9995852, 9.9998589, 19.999998, 19.999998, 19.999989, 19.991005, 0.34985876, 0.34991592, 0.34995791, 0.34999153, 0.34999582, 0.34999859, 0.34999999, 0.34999999, 0.34999993, 0.34995502, 0.99897534
0.35598934, 1.0000000, 0.99996138, 9.9995909, 9.9997578, 9.9998770, 9.9999723, 9.9999847, 9.9999990, 19.999998, 19.999998, 19.999990, 19.992998, 0.34999466, 0.34999683, 0.34999841, 0.34999967, 0.34999982, 0.34999999, 0.34999999, 0.34999999, 0.34999996, 0.34996498, 0.99996138
0.35164493, 1.0000000, 0.98422062, 9.8746080, 9.8090401, 9.7664404, 9.9283457, 9.9629927, 9.9853439, 19.997782, 19.999420, 19.999737, 19.980080, 0.34874609, 0.34809041, 0.34766442, 0.34928346, 0.34962994, 0.34985346, 0.34998891, 0.34999710, 0.34999868, 0.34990039, 0.98422062
0.35087866, 1.0000000, 0.98144424, 9.9114723, 9.7220240, 9.6511202, 9.8581038, 9.9230938, 9.9681139, 19.994822, 19.998652, 19.998337, 19.957277, 0.34911472, 0.34722024, 0.34651119, 0.34858105, 0.34923095, 0.34968114, 0.34997410, 0.34999326, 0.34999168, 0.34978640, 0.98144424
0.31540382, 1.0000000, 0.85291237, 7.5823483, 9.3620281, 9.5838995, 9.7979469, 9.8846245, 9.9489412, 19.990566, 19.997530, 19.994659, 19.936661, 0.32582095, 0.34361839, 0.34583804, 0.34797928, 0.34884617, 0.34948939, 0.34995282, 0.34998766, 0.34997329, 0.34968331, 0.85291237
0.35600001, 1.0000000, 1.0000000, 9.9999990, 9.9999990, 9.9999990, 9.9999990, 9.9999990, 9.9999990, 19.999998, 19.999998, 19.999998, 19.998999, 0.34999999, 0.34999999, 0.34999999, 0.34999999, 0.34999999, 0.34999999, 0.34999999, 0.34999999, 0.34999999, 0.34999499, 1.0000000
0.33041924, 1.0000000, 0.90731609, 8.5057602, 9.5430603, 9.7375517, 9.9204655, 9.9588909, 9.9840393, 19.997900, 19.999456, 19.999607, 19.975222, 0.33505511, 0.34542891, 0.34737465, 0.34920448, 0.34958881, 0.34984037, 0.34998950, 0.34999728, 0.34999803, 0.34987611, 0.90731609
0.35580587, 1.0000000, 0.99929667, 9.9906569, 9.9944105, 9.9972105, 9.9994421, 9.9997158, 9.9999037, 19.999998, 19.999998, 19.999990, 19.991999, 0.34990320, 0.34994209, 0.34997109, 0.34999421, 0.34999707, 0.34999901, 0.34999999, 0.34999999, 0.34999996, 0.34996000, 0.99929667
0.34166634, 1.0000000, 0.94806635, 9.2477074, 9.6409302, 9.7814846, 9.9322338, 9.9651337, 9.9865942, 19.998343, 19.999569, 19.999826, 19.984032, 0.34247613, 0.34640869, 0.34781456, 0.34932229, 0.34965131, 0.34986594, 0.34999171, 0.34999785, 0.34999913, 0.34992015, 0.94806635
0.35600001, 1.0000000, 1.0000000, 9.9999990, 9.9999990, 9.9999990, 9.9999990, 9.9999990, 9.9999990, 19.999998, 19.999998, 19.999998, 19.998999, 0.34999999, 0.34999999, 0.34999999, 0.34999999, 0.34999999, 0.34999999, 0.34999999, 0.34999999, 0.34999999, 0.34999499, 1.0000000
0.35599113, 1.0000000, 0.99996775, 9.9996481, 9.9997883, 9.9998951, 9.9999790, 9.9999905, 9.9999990, 19.999998, 19.999998, 19.999990, 19.992998, 0.34999555, 0.34999734, 0.34999868, 0.34999973, 0.34999987, 0.34999999, 0.34999999, 0.34999999, 0.34999996, 0.34996498, 0.99996775
0.35599929, 1.0000000, 0.99999738, 9.9999990, 9.9999990, 9.9999990, 9.9999990, 9.9999990, 9.9999990, 19.999998, 19.999998, 19.999998, 19.998999, 0.34999964, 0.34999979, 0.34999990, 0.34999996, 0.34999999, 0.34999999, 0.34999999, 0.34999999, 0.34999999, 0.34999499, 0.99999738
0.34989142, 1.0000000, 0.97786754, 9.6777077, 9.8430462, 9.9179058, 9.9797764, 9.9897861, 9.9961596, 19.999563, 19.999891, 19.999908, 19.983068, 0.34677708, 0.34843045, 0.34917906, 0.34979776, 0.34989786, 0.34996158, 0.34999782, 0.34999946, 0.34999955, 0.34991533, 0.97786754
0.32665551, 1.0000000, 0.89367932, 8.2492495, 9.5247469, 9.7219992, 9.9100876, 9.9531584, 9.9815416, 19.997412, 19.999325, 19.998760, 19.960054, 0.33249167, 0.34524688, 0.34721971, 0.34910083, 0.34953156, 0.34981543, 0.34998706, 0.34999663, 0.34999380, 0.34980029, 0.89367932
0.35456592, 1.0000000, 0.99480408, 9.9277210, 9.9584064, 9.9790125, 9.9957542, 9.9978628, 9.9992867, 19.999998, 19.999998, 19.999983, 19.990009, 0.34927678, 0.34958380, 0.34979001, 0.34995750, 0.34997863, 0.34999287, 0.34999999, 0.34999999, 0.34999990, 0.34995005, 0.99480408
0.32398653, 1.0000000, 0.88400906, 8.0862904, 9.4872646, 9.6982851, 9.8977709, 9.9465284, 9.9782639, 19.996315, 19.999044, 19.999142, 19.966547, 0.33086291, 0.34487265, 0.34698284, 0.34897771, 0.34946528, 0.34978265, 0.34998158, 0.34999523, 0.34999570, 0.34983274, 0.88400906
0.28200024, 1.0000000, 0.73188496, 5.2101684, 9.2969131, 9.5532808, 9.7962236, 9.8866701, 9.9508209, 19.990650, 19.997561, 19.996384, 19.944878, 0.30209902, 0.34296626, 0.34553134, 0.34796193, 0.34886655, 0.34950817, 0.34995323, 0.34998780, 0.34998190, 0.34972438, 0.73188496
0.24741937, 1.0000000, 0.60659194, 2.9411495, 8.9224920, 9.5244226, 9.7503386, 9.8524837, 9.9319210, 19.986330, 19.996389, 19.991085, 19.925886, 0.27941129, 0.33922455, 0.34524402, 0.34750336, 0.34852481, 0.34931922, 0.34993166, 0.34998196, 0.34995544, 0.34962943, 0.60659194
0.23989192, 1.0000000, 0.57931852, 2.9704452, 7.9592528, 9.5395956, 9.7382689, 9.8386364, 9.9208517, 19.982435, 19.995142, 19.982899, 19.909996, 0.27970371, 0.32959133, 0.34539524, 0.34738255, 0.34838629, 0.34920850, 0.34991217, 0.34997571, 0.34991449, 0.34954998, 0.57931852
0.21305791, 1.0000000, 0.48209384, 2.1694989, 6.0933747, 9.4715681, 9.6962757, 9.8100233, 9.9038448, 19.976488, 19.992935, 19.971891, 19.897158, 0.27169403, 0.31093210, 0.34471443, 0.34696248, 0.34810013, 0.34903842, 0.34988242, 0.34996468, 0.34985945, 0.34948578, 0.48209384
0.17966908, 1.0000000, 0.36111987, 1.1327565, 3.8365002, 9.3907986, 9.6437321, 9.7748346, 9.8843184, 19.969849, 19.989664, 19.958839, 19.887129, 0.26132685, 0.28836358, 0.34390625, 0.34643698, 0.34774816, 0.34884313, 0.34984925, 0.34994832, 0.34979421, 0.34943563, 0.36111987
0.15601048, 0.91790903, 0.27540025, 0.42852759, 2.6270776, 8.4500475, 9.6198978, 9.7563410, 9.8729916, 19.965092, 19.985554, 19.944862, 19.879517, 0.25428450, 0.27626789, 0.33449584, 0.34619790, 0.34756288, 0.34872973, 0.34982544, 0.34992778, 0.34972432, 0.34939760, 0.27540025
0.13906629, 0.71328968, 0.21400832, 0.0000000, 1.9346088, 7.1746182, 9.6049156, 9.7447815, 9.8651609, 19.960154, 19.979681, 19.930817, 19.873823, 0.24998115, 0.26934379, 0.32174191, 0.34604803, 0.34744725, 0.34865141, 0.34980077, 0.34989840, 0.34965408, 0.34936911, 0.21400832
0.12559554, 0.55061567, 0.16520123, 0.0000000, 1.1501431, 5.5078588, 9.5396175, 9.7032375, 9.8447847, 19.954132, 19.971546, 19.917440, 19.869600, 0.24998115, 0.26149896, 0.30507270, 0.34539410, 0.34703133, 0.34844750, 0.34977067, 0.34985775, 0.34958720, 0.34934801, 0.16520123
0.11613413, 0.43635887, 0.13092075, 0.0000000, 0.68690479, 4.1487494, 9.5415850, 9.7016068, 9.8419962, 19.950644, 19.962179, 19.905584, 19.866564, 0.24998115, 0.25686708, 0.29148158, 0.34541315, 0.34701470, 0.34841949, 0.34975320, 0.34981090, 0.34952793, 0.34933281, 0.13092075
0.10717963, 0.32822362, 0.98476931E-1, 0.0000000, 0.22903681, 2.9569774, 9.2792826, 9.6766567, 9.8286819, 19.944427, 19.950668, 19.895252, 19.864305, 0.24998115, 0.25228924, 0.27956253, 0.34278828, 0.34676421, 0.34828600, 0.34972215, 0.34975335, 0.34947628, 0.34932154, 0.98476931E-1
0.10174055, 0.26254082, 0.78770123E-1, 0.0000000, 0.0000000, 2.2540092, 8.5259190, 9.6545029, 9.8160419, 19.937515, 19.938150, 19.886631, 19.862684, 0.24998115, 0.24999477, 0.27253589, 0.33525601, 0.34654325, 0.34815982, 0.34968758, 0.34969074, 0.34943315, 0.34931344, 0.78770123E-1
0.99367432E-1, 0.23388277, 0.70171848E-1, 0.0000000, 0.0000000, 1.8042624, 7.9005704, 9.6672535, 9.8213291, 19.933004, 19.926252, 19.879902, 19.861589, 0.24998115, 0.24999477, 0.26803973, 0.32900319, 0.34667099, 0.34821275, 0.34966502, 0.34963125, 0.34939951, 0.34930795, 0.70171848E-1
0.35538447, 1.0000000, 0.99776977, 9.9695921, 9.9820433, 9.9909840, 9.9981842, 9.9990931, 9.9996986, 19.999998, 19.999998, 19.999983, 19.990009, 0.34969193, 0.34981802, 0.34990865, 0.34998161, 0.34999081, 0.34999695, 0.34999999, 0.34999999, 0.34999990, 0.34995005, 0.99776977
0.32857078, 1.0000000, 0.90061873, 8.3961554, 9.5151730, 9.7150936, 9.9046803, 9.9502306, 9.9799099, 19.996733, 19.999153, 19.999685, 19.981050, 0.33396155, 0.34515172, 0.34715092, 0.34904680, 0.34950230, 0.34979910, 0.34998366, 0.34999576, 0.34999841, 0.34990525, 0.90061873
0.28203583, 1.0000000, 0.73201382, 5.2276440, 9.2780161, 9.5410652, 9.7935944, 9.8854389, 9.9510899, 19.991508, 19.997782, 19.998180, 19.958132, 0.30227539, 0.34277907, 0.34541008, 0.34793583, 0.34885433, 0.34951088, 0.34995753, 0.34998891, 0.34999090, 0.34979066, 0.73201382
0.23650105, 1.0000000, 0.56703275, 2.6917129, 8.0616951, 9.4556093, 9.7068291, 9.8264980, 9.9198017, 19.984098, 19.995819, 19.994404, 19.937353, 0.27691230, 0.33060831, 0.34455103, 0.34706724, 0.34826446, 0.34919783, 0.34992048, 0.34997910, 0.34997201, 0.34968677, 0.56703275
0.20510837, 1.0000000, 0.45329115, 1.7509818, 5.8589687, 9.4230423, 9.6742277, 9.7985945, 9.9016037, 19.979198, 19.994432, 19.987993, 19.919504, 0.26750657, 0.30858317, 0.34422517, 0.34674120, 0.34798542, 0.34901586, 0.34989598, 0.34997216, 0.34993997, 0.34959751, 0.45329115
0.20437695, 1.0000000, 0.45064110, 2.1472006, 5.0951352, 9.4540339, 9.6783504, 9.7953072, 9.8952589, 19.975607, 19.993084, 19.978741, 19.904818, 0.27146679, 0.30094394, 0.34453344, 0.34678212, 0.34795237, 0.34895235, 0.34987804, 0.34996542, 0.34989369, 0.34952408, 0.45064110
0.35600001, 1.0000000, 1.0000000, 9.9999990, 9.9999990, 9.9999990, 9.9999990, 9.9999990, 9.9999962, 19.999992, 19.999998, 19.999992, 19.998999, 0.34999999, 0.34999999, 0.34999999, 0.34999999, 0.34999999, 0.34999996, 0.34999996, 0.34999999, 0.34999996, 0.34999499, 1.0000000
0.32596618, 1.0000000, 0.89118183, 8.2475357, 9.4646444, 9.6860065, 9.8963566, 9.9459343, 9.9783144, 19.996578, 19.999117, 19.999523, 19.975185, 0.33247253, 0.34464449, 0.34685904, 0.34896335, 0.34945926, 0.34978312, 0.34998289, 0.34999558, 0.34999761, 0.34987593, 0.89118183
0.33309460, 1.0000000, 0.91700923, 8.7841034, 9.4533482, 9.6552172, 9.8473263, 9.9155178, 9.9641819, 19.993938, 19.998425, 19.997776, 19.952765, 0.33783808, 0.34453157, 0.34655118, 0.34847304, 0.34915510, 0.34964180, 0.34996969, 0.34999213, 0.34998888, 0.34976381, 0.91700923
0.35599679, 1.0000000, 0.99998838, 9.9998922, 9.9999371, 9.9999695, 9.9999933, 9.9999933, 9.9999990, 19.999998, 19.999998, 19.999998, 19.996996, 0.34999838, 0.34999904, 0.34999955, 0.34999990, 0.34999990, 0.34999999, 0.34999999, 0.34999999, 0.34999999, 0.34998497, 0.99998838
0.35597694, 1.0000000, 0.99991632, 9.9989023, 9.9993410, 9.9996719, 9.9999342, 9.9999666, 9.9999905, 19.999998, 19.999998, 19.999990, 19.991999, 0.34998849, 0.34999308, 0.34999657, 0.34999931, 0.34999964, 0.34999990, 0.34999999, 0.34999999, 0.34999996, 0.34996000, 0.99991632
0.35599571, 1.0000000, 0.99998444, 9.9998951, 9.9999371, 9.9999695, 9.9999933, 9.9999933, 9.9999990, 19.999998, 19.999998, 19.999998, 19.996996, 0.34999785, 0.34999871, 0.34999937, 0.34999987, 0.34999990, 0.34999999, 0.34999999, 0.34999999, 0.34999999, 0.34998497, 0.99998444
0.35600001, 1.0000000, 1.0000000, 9.9999990, 9.9999990, 9.9999990, 9.9999990, 9.9999990, 9.9999990, 19.999998, 19.999998, 19.999998, 19.998999, 0.34999999, 0.34999999, 0.34999999, 0.34999999, 0.34999999, 0.34999999, 0.34999999, 0.34999999, 0.34999999, 0.34999499, 1.0000000
0.35600001, 1.0000000, 1.0000000, 9.9999990, 9.9999990, 9.9999990, 9.9999990, 9.9999990, 9.9999990, 19.999998, 19.999998, 19.999998, 19.996996, 0.34999999, 0.34999999, 0.34999999, 0.34999999, 0.34999999, 0.34999999, 0.34999999, 0.34999999, 0.34999999, 0.34998497, 1.0000000
0.31833684, 1.0000000, 0.86353922, 7.7328682, 9.4188166, 9.6546001, 9.8781300, 9.9359589, 9.9735632, 19.995192, 19.998747, 19.999376, 19.973228, 0.32732704, 0.34418696, 0.34654537, 0.34878117, 0.34935951, 0.34973559, 0.34997594, 0.34999374, 0.34999686, 0.34986615, 0.86353922
0.26693523, 1.0000000, 0.67730147, 4.1773853, 9.2293625, 9.5023956, 9.7609921, 9.8650780, 9.9406166, 19.988453, 19.996971, 19.997158, 19.950928, 0.29177031, 0.34228894, 0.34502155, 0.34760943, 0.34865054, 0.34940609, 0.34994227, 0.34998485, 0.34998578, 0.34975463, 0.67730147
0.35593206, 1.0000000, 0.99975371, 9.9975700, 9.9985447, 9.9992723, 9.9998531, 9.9999247, 9.9999752, 19.999998, 19.999998, 19.999998, 19.994993, 0.34996611, 0.34997970, 0.34998983, 0.34999797, 0.34999895, 0.34999967, 0.34999999, 0.34999999, 0.34999999, 0.34997496, 0.99975371
0.35600001, 1.0000000, 1.0000000, 9.9999990, 9.9999990, 9.9999990, 9.9999990, 9.9999990, 9.9999990, 19.999998, 19.999998, 19.999998, 19.998999, 0.34999999, 0.34999999, 0.34999999, 0.34999999, 0.34999999, 0.34999999, 0.34999999, 0.34999999, 0.34999999, 0.34999499, 1.0000000
0.32584691, 1.0000000, 0.89074963, 8.2174282, 9.4903908, 9.7033033, 9.9038477, 9.9499626, 9.9799633, 19.996857, 19.999176, 19.999535, 19.975185, 0.33217302, 0.34490305, 0.34703258, 0.34903839, 0.34949958, 0.34979960, 0.34998429, 0.34999588, 0.34999767, 0.34987593, 0.89074963
0.29728478, 1.0000000, 0.78726363, 6.2389836, 9.3899870, 9.6210566, 9.8423166, 9.9135866, 9.9640512, 19.994398, 19.998533, 19.997787, 19.952772, 0.31238031, 0.34389126, 0.34620616, 0.34842229, 0.34913543, 0.34964037, 0.34997198, 0.34999266, 0.34998894, 0.34976387, 0.78726363
0.26755321, 1.0000000, 0.67954057, 4.1079102, 9.3698654, 9.5921679, 9.7968702, 9.8826027, 9.9478807, 19.990936, 19.997625, 19.993616, 19.932728, 0.29107696, 0.34369570, 0.34592018, 0.34796840, 0.34882587, 0.34947875, 0.34995466, 0.34998813, 0.34996808, 0.34966365, 0.67954057
0.23325962, 1.0000000, 0.55528843, 2.5297909, 7.9247632, 9.4782705, 9.7255316, 9.8361540, 9.9237404, 19.985601, 19.996084, 19.986437, 19.915646, 0.27529705, 0.32924598, 0.34478173, 0.34725511, 0.34836146, 0.34923738, 0.34992802, 0.34998041, 0.34993219, 0.34957823, 0.55528843
0.20482078, 1.0000000, 0.45224917, 1.6784787, 5.9277630, 9.4519606, 9.6914511, 9.8091736, 9.9065962, 19.980841, 19.994366, 19.976461, 19.901701, 0.26678276, 0.30927330, 0.34451619, 0.34691378, 0.34809136, 0.34906584, 0.34990421, 0.34997183, 0.34988230, 0.34950849, 0.45224917
0.18349671, 1.0000000, 0.37498808, 1.0919064, 4.3234229, 9.4660530, 9.6897364, 9.8033056, 9.8996201, 19.977200, 19.992300, 19.964275, 19.890688, 0.26091754, 0.29323059, 0.34465656, 0.34689656, 0.34803265, 0.34899604, 0.34988600, 0.34996149, 0.34982139, 0.34945345, 0.37498808
0.16415185, 1.0000000, 0.30489799, 0.57977438, 2.9912324, 9.1685410, 9.6735096, 9.7916422, 9.8922119, 19.973795, 19.989193, 19.950665, 19.882244, 0.25579730, 0.27991089, 0.34168324, 0.34673464, 0.34791619, 0.34892204, 0.34986898, 0.34994596, 0.34975332, 0.34941122, 0.30489799
0.15151906, 0.86367035, 0.25912702, 0.22762716, 2.5015831, 8.2706785, 9.6737843, 9.7900352, 9.8899145, 19.971163, 19.984728, 19.936682, 19.875895, 0.25227594, 0.27501374, 0.33270332, 0.34673703, 0.34789994, 0.34889901, 0.34985581, 0.34992364, 0.34968340, 0.34937948, 0.25912702
0.22567149, 1.0000000, 0.52779526, 2.6525230, 6.8205724, 9.4447880, 9.7369804, 9.8249226, 9.9039326, 19.970915, 19.979006, 19.923292, 19.871237, 0.27652344, 0.31820297, 0.34444597, 0.34736940, 0.34824902, 0.34903926, 0.34985459, 0.34989503, 0.34961647, 0.34935617, 0.52779526
0.34698159, 1.0000000, 0.96732455, 9.5157652, 9.7800341, 9.8831787, 9.9708185, 9.9852095, 9.9944735, 19.999403, 19.999844, 19.999937, 19.987009, 0.34515765, 0.34780034, 0.34883177, 0.34970820, 0.34985209, 0.34994474, 0.34999701, 0.34999922, 0.34999970, 0.34993505, 0.96732455
0.32740307, 1.0000000, 0.89638793, 8.3182926, 9.5044012, 9.7130051, 9.9088335, 9.9526825, 9.9811792, 19.997126, 19.999249, 19.999710, 19.982033, 0.33318293, 0.34504402, 0.34713006, 0.34908834, 0.34952682, 0.34981179, 0.34998563, 0.34999624, 0.34999853, 0.34991017, 0.89638793
0.35495234, 1.0000000, 0.99620408, 9.9474764, 9.9693708, 9.9845877, 9.9968891, 9.9984407, 9.9994774, 19.999998, 19.999998, 19.999949, 19.984650, 0.34947369, 0.34969306, 0.34984556, 0.34996882, 0.34998438, 0.34999478, 0.34999999, 0.34999999, 0.34999973, 0.34992325, 0.99620408
0.34860975, 1.0000000, 0.97322375, 9.6509180, 9.7578878, 9.8708620, 9.9683847, 9.9839849, 9.9941530, 19.999504, 19.999868, 19.999952, 19.988997, 0.34650919, 0.34757888, 0.34870863, 0.34968385, 0.34983987, 0.34994152, 0.34999752, 0.34999934, 0.34999976, 0.34994498, 0.97322375
0.31893966, 1.0000000, 0.86572331, 7.7543750, 9.4474125, 9.6686821, 9.8857508, 9.9398079, 9.9763899, 19.997002, 19.999224, 19.999146, 19.965637, 0.32754332, 0.34447384, 0.34668666, 0.34885749, 0.34939805, 0.34976390, 0.34998500, 0.34999612, 0.34999573, 0.34982818, 0.86572331
0.27802452, 1.0000000, 0.71748012, 4.9270844, 9.2900829, 9.5492249, 9.7976332, 9.8869982, 9.9526320, 19.993134, 19.998217, 19.996403, 19.944101, 0.29926926, 0.34289905, 0.34549132, 0.34797615, 0.34886989, 0.34952629, 0.34996566, 0.34999108, 0.34998202, 0.34972051, 0.71748012
0.33109939, 1.0000000, 0.90978038, 9.0104418, 8.9368324, 9.4832821, 9.7274027, 9.8389282, 9.9269924, 19.987740, 19.996771, 19.990925, 19.925224, 0.34010440, 0.33936831, 0.34483284, 0.34727404, 0.34838927, 0.34926993, 0.34993869, 0.34998387, 0.34995463, 0.34962612, 0.90978038
0.30044952, 1.0000000, 0.79873013, 6.5767393, 9.2759666, 9.5171404, 9.7276974, 9.8316422, 9.9180803, 19.984304, 19.995626, 19.982664, 19.909475, 0.31576344, 0.34275630, 0.34516966, 0.34727663, 0.34831625, 0.34918076, 0.34992152, 0.34997815, 0.34991333, 0.34954739, 0.79873013
0.24906072, 1.0000000, 0.61253881, 2.9306023, 9.1850319, 9.4504604, 9.6867933, 9.8040352, 9.9015865, 19.978867, 19.993544, 19.971626, 19.896767, 0.27930468, 0.34184778, 0.34450328, 0.34686765, 0.34804019, 0.34901580, 0.34989434, 0.34996772, 0.34985813, 0.34948385, 0.61253881
0.23892024, 1.0000000, 0.57579792, 2.8091848, 8.0899239, 9.5815601, 9.7435341, 9.8325291, 9.9112434, 19.978525, 19.991970, 19.958956, 19.886940, 0.27809036, 0.33089668, 0.34581408, 0.34743506, 0.34832513, 0.34911239, 0.34989262, 0.34995985, 0.34979478, 0.34943470, 0.57579792
0.23012285, 1.0000000, 0.54392338, 2.7079046, 7.1850286, 9.5970602, 9.7664223, 9.8465548, 9.9176865, 19.978546, 19.989248, 19.945309, 19.879457, 0.27707845, 0.32184938, 0.34596997, 0.34766412, 0.34846550, 0.34917682, 0.34989274, 0.34994623, 0.34972656, 0.34939730, 0.54392338
0.20969243, 1.0000000, 0.46990010, 2.0984678, 5.7818756, 9.5086889, 9.7332850, 9.8295927, 9.9111767, 19.976625, 19.984312, 19.931427, 19.873837, 0.27098387, 0.30781743, 0.34508577, 0.34733263, 0.34829581, 0.34911174, 0.34988314, 0.34992155, 0.34965712, 0.34936917, 0.46990010
0.23199405, 1.0000000, 0.55070305, 2.5278151, 7.7368102, 9.5524244, 9.7438097, 9.8344183, 9.9126654, 19.975494, 19.977623, 19.918348, 19.869694, 0.27527669, 0.32736546, 0.34552261, 0.34743777, 0.34834400, 0.34912658, 0.34987748, 0.34988812, 0.34959173, 0.34934849, 0.55070305
0.35535437, 1.0000000, 0.99766070, 9.9676933, 9.9810181, 9.9904718, 9.9980774, 9.9990368, 9.9996777, 19.999998, 19.999998, 19.999983, 19.990009, 0.34967634, 0.34980983, 0.34990454, 0.34998074, 0.34999034, 0.34999678, 0.34999999, 0.34999999, 0.34999990, 0.34995005, 0.99766070
0.35600001, 1.0000000, 0.99999994, 9.9999990, 9.9999990, 9.9999962, 9.9999990, 9.9999990, 9.9999990, 19.999998, 19.999998, 19.999990, 19.992998, 0.34999999, 0.34999999, 0.34999996, 0.34999999, 0.34999999, 0.34999999, 0.34999999, 0.34999999, 0.34999996, 0.34996498, 0.99999994
0.34972513, 1.0000000, 0.97726488, 9.6728296, 9.8340054, 9.9138365, 9.9807577, 9.9732733, 9.9867878, 19.998884, 19.999706, 19.999788, 19.979099, 0.34672830, 0.34834006, 0.34913838, 0.34980756, 0.34973273, 0.34986788, 0.34999442, 0.34999853, 0.34999895, 0.34989551, 0.97726488
0.32274434, 1.0000000, 0.87950844, 8.0156994, 9.4655008, 9.6818237, 9.8886690, 9.9284315, 9.9682798, 19.995678, 19.998867, 19.998291, 19.956373, 0.33015546, 0.34465393, 0.34681767, 0.34888658, 0.34928426, 0.34968278, 0.34997839, 0.34999433, 0.34999144, 0.34978187, 0.87950844
0.28819758, 1.0000000, 0.75433898, 5.6327562, 9.3274317, 9.5771751, 9.8145208, 9.8893433, 9.9510288, 19.993086, 19.998178, 19.994627, 19.935877, 0.30632386, 0.34327063, 0.34576988, 0.34814483, 0.34889323, 0.34951022, 0.34996542, 0.34999090, 0.34997314, 0.34967938, 0.75433898
0.26246184, 1.0000000, 0.66109359, 3.7574763, 9.3465471, 9.5790234, 9.7911568, 9.8737679, 9.9420776, 19.991604, 19.997698, 19.988226, 19.918335, 0.28757316, 0.34346306, 0.34578899, 0.34791130, 0.34873757, 0.34942076, 0.34995800, 0.34998849, 0.34994113, 0.34959167, 0.66109359
0.23261721, 1.0000000, 0.55296093, 2.4477422, 7.9741511, 9.4971066, 9.7376051, 9.8404074, 9.9249554, 19.988483, 19.996550, 19.978846, 19.903877, 0.27447402, 0.32973483, 0.34496710, 0.34737524, 0.34840366, 0.34924939, 0.34994242, 0.34998274, 0.34989423, 0.34951937, 0.55296093
0.21866760, 1.0000000, 0.50241882, 2.2892833, 6.5405068, 9.5230045, 9.7322989, 9.8328104, 9.9175262, 19.985689, 19.994947, 19.967035, 19.892380, 0.27289197, 0.31540358, 0.34522894, 0.34732276, 0.34832799, 0.34917524, 0.34992844, 0.34997475, 0.34983519, 0.34946191, 0.50241882
0.35600001, 1.0000000, 1.0000000, 9.9999990, 9.9999990, 9.9999990, 9.9999990, 9.9999990, 9.9999990, 19.999998, 19.999998, 19.999998, 19.997997, 0.34999999, 0.34999999, 0.34999999, 0.34999999, 0.34999999, 0.34999999, 0.34999999, 0.34999999, 0.34999999, 0.34998998, 1.0000000
0.35599893, 1.0000000, 0.99999613, 9.9999990, 9.9999990, 9.9999990, 9.9999990, 9.9999990, 9.9999990, 19.999998, 19.999998, 19.999998, 19.996996, 0.34999946, 0.34999967, 0.34999985, 0.34999996, 0.34999996, 0.34999999, 0.34999999, 0.34999999, 0.34999999, 0.34998497, 0.99999613
0.34789896, 1.0000000, 0.97064841, 9.5686073, 9.7983370, 9.8935947, 9.9753151, 9.9875345, 9.9955845, 19.999748, 19.999933, 19.999922, 19.983948, 0.34568048, 0.34797990, 0.34893423, 0.34975278, 0.34987515, 0.34995580, 0.34999874, 0.34999967, 0.34999961, 0.34991974, 0.97064841
0.30936295, 1.0000000, 0.83102518, 7.1236463, 9.3708839, 9.6188068, 9.8623781, 9.9271441, 9.9708633, 19.995815, 19.998901, 19.998711, 19.960855, 0.32123283, 0.34370598, 0.34618658, 0.34862348, 0.34927130, 0.34970856, 0.34997907, 0.34999451, 0.34999356, 0.34980428, 0.83102518
0.35600001, 1.0000000, 1.0000000, 9.9999990, 9.9999990, 9.9999990, 9.9999990, 9.9999962, 9.9999990, 19.999998, 19.999998, 19.999998, 19.997992, 0.34999999, 0.34999999, 0.34999999, 0.34999999, 0.34999996, 0.34999999, 0.34999999, 0.34999999, 0.34999999, 0.34998995, 1.0000000
0.33424652, 1.0000000, 0.92118293, 8.7726460, 9.5552874, 9.7459173, 9.9276171, 9.9627390, 9.9861183, 19.998730, 19.999664, 19.999622, 19.974239, 0.33772421, 0.34555140, 0.34745842, 0.34927604, 0.34962729, 0.34986115, 0.34999365, 0.34999833, 0.34999812, 0.34987119, 0.92118293
0.33260953, 1.0000000, 0.91525185, 8.6490660, 9.5616665, 9.7508945, 9.9269905, 9.9623852, 9.9855213, 19.998180, 19.999527, 19.999750, 19.980080, 0.33648637, 0.34561384, 0.34750748, 0.34926960, 0.34962371, 0.34985515, 0.34999090, 0.34999764, 0.34999874, 0.34990039, 0.91525185
0.29104728, 1.0000000, 0.76466393, 5.8582401, 9.3005133, 9.5641317, 9.8230820, 9.9038563, 9.9609222, 19.994589, 19.998592, 19.998320, 19.957277, 0.30857882, 0.34300172, 0.34563956, 0.34823045, 0.34903839, 0.34960917, 0.34997293, 0.34999296, 0.34999159, 0.34978640, 0.76466393
0.26411182, 1.0000000, 0.66707176, 3.8860373, 9.3357067, 9.5712395, 9.7907572, 9.8790417, 9.9477549, 19.992752, 19.998102, 19.994823, 19.936689, 0.28885707, 0.34335229, 0.34570995, 0.34790707, 0.34879017, 0.34947747, 0.34996375, 0.34999052, 0.34997413, 0.34968346, 0.66707176
0.35599232, 1.0000000, 0.99997205, 9.9996681, 9.9998026, 9.9998980, 9.9999819, 9.9999876, 9.9999933, 19.999998, 19.999998, 19.999996, 19.993994, 0.34999615, 0.34999770, 0.34999883, 0.34999979, 0.34999985, 0.34999993, 0.34999999, 0.34999999, 0.34999996, 0.34996998, 0.99997205
0.35599995, 1.0000000, 0.99999976, 9.9999962, 9.9999990, 9.9999990, 9.9999990, 9.9999990, 9.9999962, 19.999998, 19.999998, 19.999998, 19.998999, 0.34999996, 0.34999999, 0.34999999, 0.34999999, 0.34999999, 0.34999996, 0.34999999, 0.34999999, 0.34999999, 0.34999499, 0.99999976
0.35600001, 1.0000000, 1.0000000, 9.9999990, 9.9999990, 9.9999990, 9.9999990, 9.9999990, 9.9999990, 19.999998, 19.999998, 19.999998, 19.996996, 0.34999999, 0.34999999, 0.34999999, 0.34999999, 0.34999999, 0.34999999, 0.34999999, 0.34999999, 0.34999999, 0.34998497, 1.0000000
0.34652603, 1.0000000, 0.96567386, 9.5292826, 9.7205830, 9.8488770, 9.9633770, 9.9814348, 9.9934034, 19.999630, 19.999908, 19.999662, 19.973301, 0.34529284, 0.34720582, 0.34848878, 0.34963375, 0.34981436, 0.34993404, 0.34999815, 0.34999955, 0.34999830, 0.34986651, 0.96567386
0.34114116, 1.0000000, 0.94616371, 9.2381430, 9.5961161, 9.7740927, 9.9383221, 9.9684296, 9.9882212, 19.998837, 19.999695, 19.999889, 19.986019, 0.34238142, 0.34596115, 0.34774092, 0.34938323, 0.34968430, 0.34988222, 0.34999418, 0.34999847, 0.34999946, 0.34993011, 0.94616371
0.33548868, 1.0000000, 0.92568368, 8.9658270, 9.4352322, 9.6558409, 9.8734303, 9.9323807, 9.9736109, 19.997126, 19.999249, 19.998957, 19.962851, 0.33965719, 0.34435165, 0.34655803, 0.34873426, 0.34932378, 0.34973609, 0.34998563, 0.34999624, 0.34999478, 0.34981424, 0.92568368
0.31593096, 1.0000000, 0.85482234, 7.5622635, 9.4274940, 9.6361370, 9.8343248, 9.9067125, 9.9613762, 19.995441, 19.998806, 19.996096, 19.941620, 0.32562244, 0.34427479, 0.34636131, 0.34834322, 0.34906712, 0.34961376, 0.34997720, 0.34999403, 0.34998047, 0.34970811, 0.85482234
0.31525081, 1.0000000, 0.85235804, 7.5228977, 9.4189253, 9.6257162, 9.8152285, 9.8916168, 9.9527388, 19.994272, 19.998487, 19.990587, 19.923172, 0.32522899, 0.34418926, 0.34625715, 0.34815228, 0.34891617, 0.34952739, 0.34997135, 0.34999245, 0.34995294, 0.34961587, 0.85235804
0.29306680, 1.0000000, 0.77198118, 5.9528346, 9.3744488, 9.5953779, 9.7957153, 9.8772392, 9.9443150, 19.993044, 19.997957, 19.982147, 19.907841, 0.30952835, 0.34374449, 0.34595376, 0.34795716, 0.34877241, 0.34944314, 0.34996521, 0.34998977, 0.34991074, 0.34953922, 0.77198118
0.26146507, 1.0000000, 0.65748215, 3.7158377, 9.3118305, 9.5515232, 9.7697363, 9.8596268, 9.9346371, 19.991795, 19.996973, 19.971096, 19.895540, 0.28715804, 0.34311780, 0.34551495, 0.34769732, 0.34859625, 0.34934637, 0.34995896, 0.34998485, 0.34985548, 0.34947771, 0.65748215
0.26461291, 1.0000000, 0.66888732, 3.9444783, 9.3070316, 9.5636778, 9.7589798, 9.8501778, 9.9271088, 19.989363, 19.994854, 19.958103, 19.885973, 0.28944299, 0.34306780, 0.34563547, 0.34758952, 0.34850165, 0.34927103, 0.34994680, 0.34997427, 0.34979051, 0.34942988, 0.66888732
0.25047642, 1.0000000, 0.61766821, 2.9724717, 9.2056646, 9.5894833, 9.7663088, 9.8519258, 9.9254303, 19.987896, 19.991667, 19.944225, 19.878710, 0.27972412, 0.34205553, 0.34589428, 0.34766299, 0.34851921, 0.34925428, 0.34993947, 0.34995833, 0.34972113, 0.34939355, 0.61766821
0.22523707, 1.0000000, 0.52622122, 2.2217183, 7.4626589, 9.4922972, 9.7243681, 9.8274660, 9.9135323, 19.984640, 19.986246, 19.930254, 19.873259, 0.27221718, 0.32462659, 0.34492296, 0.34724367, 0.34827465, 0.34913534, 0.34992319, 0.34993124, 0.34965128, 0.34936631, 0.52622122
0.20246160, 1.0000000, 0.44370142, 1.6313046, 5.7089467, 9.4729605, 9.7058039, 9.8142052, 9.9061899, 19.982260, 19.979040, 19.917154, 19.869270, 0.26631173, 0.30708671, 0.34472731, 0.34705755, 0.34814182, 0.34906182, 0.34991130, 0.34989521, 0.34958577, 0.34934634, 0.44370142
0.19397303, 1.0000000, 0.41294578, 1.7067760, 4.5290112, 9.5246048, 9.7281313, 9.8250122, 9.9095278, 19.981131, 19.970173, 19.905548, 19.866394, 0.26706702, 0.29528895, 0.34524482, 0.34728107, 0.34825000, 0.34909526, 0.34990567, 0.34985086, 0.34952775, 0.34933197, 0.41294578
0.18170945, 1.0000000, 0.36851251, 1.6108900, 3.2212489, 9.5004768, 9.7149010, 9.8172646, 9.9054823, 19.978006, 19.959234, 19.895504, 19.864271, 0.26610890, 0.28221250, 0.34500477, 0.34714901, 0.34817263, 0.34905481, 0.34989002, 0.34979618, 0.34947753, 0.34932137, 0.36851251
0.16384137, 1.0000000, 0.30377305, 1.0054827, 2.4861455, 8.6851540, 9.6767654, 9.7948837, 9.8948689, 19.972551, 19.946772, 19.887079, 19.862713, 0.26005241, 0.27485785, 0.33684525, 0.34676626, 0.34794813, 0.34894845, 0.34986275, 0.34973386, 0.34943539, 0.34931356, 0.30377305
0.15183672, 0.86750644, 0.26027796, 0.62914789, 2.0864487, 7.8387299, 9.6781216, 9.7936916, 9.8927259, 19.966919, 19.934132, 19.880331, 19.861614, 0.25628999, 0.27086154, 0.32838175, 0.34677985, 0.34793624, 0.34892702, 0.34983459, 0.34967065, 0.34940165, 0.34930807, 0.26027796
0.35561228, 1.0000000, 0.99859518, 9.9959927, 9.9975672, 9.9845800, 9.8299589, 9.8255196, 9.9051390, 19.961943, 19.922291, 19.875156, 19.860872, 0.34994879, 0.34996900, 0.34984246, 0.34829894, 0.34825486, 0.34905127, 0.34980971, 0.34961146, 0.34937578, 0.34930438, 0.99859518
0.35600001, 1.0000000, 1.0000000, 9.9999990, 9.9999990, 9.9999990, 9.9999990, 9.9999990, 9.9999990, 19.999998, 19.999998, 19.999998, 19.998999, 0.34999999, 0.34999999, 0.34999999, 0.34999999, 0.34999999, 0.34999999, 0.34999999, 0.34999999, 0.34999999, 0.34999499, 1.0000000
0.35599762, 1.0000000, 0.99999130, 9.9999990, 9.9999990, 9.9999990, 9.9999990, 9.9999990, 9.9999990, 19.999998, 19.999998, 19.999998, 19.998999, 0.34999880, 0.34999928, 0.34999964, 0.34999993, 0.34999996, 0.34999999, 0.34999999, 0.34999999, 0.34999999, 0.34999499, 0.99999130
0.34916097, 1.0000000, 0.97522086, 9.8480024, 9.5610008, 9.7506571, 9.9303284, 9.9642172, 9.9867430, 19.998831, 19.999695, 19.999788, 19.979122, 0.34848002, 0.34561002, 0.34750658, 0.34930328, 0.34964216, 0.34986743, 0.34999415, 0.34999847, 0.34999895, 0.34989560, 0.97522086
0.34778512, 1.0000000, 0.97023594, 9.7439823, 9.5960636, 9.7048416, 9.8930092, 9.9427872, 9.9780989, 19.998110, 19.999504, 19.998476, 19.956423, 0.34743983, 0.34596065, 0.34704840, 0.34893009, 0.34942788, 0.34978098, 0.34999055, 0.34999752, 0.34999239, 0.34978211, 0.97023594
0.33724737, 1.0000000, 0.93205553, 9.0180416, 9.5360107, 9.7061615, 9.8721209, 9.9287062, 9.9710207, 19.996960, 19.999205, 19.994913, 19.935955, 0.34017849, 0.34535888, 0.34706098, 0.34872109, 0.34928700, 0.34971017, 0.34998479, 0.34999603, 0.34997457, 0.34967977, 0.93205553
0.35553318, 1.0000000, 0.99830860, 9.9996624, 9.9978561, 9.9026937, 9.9620228, 9.9806929, 9.9928637, 19.999319, 19.999821, 19.999931, 19.986019, 0.34999606, 0.34997821, 0.34902677, 0.34962019, 0.34980690, 0.34992865, 0.34999660, 0.34999910, 0.34999967, 0.34993011, 0.99830860
0.35238206, 1.0000000, 0.98689151, 9.9710150, 9.7023239, 9.8290300, 9.9572906, 9.9782915, 9.9922800, 19.999577, 19.999886, 19.999922, 19.984043, 0.34971017, 0.34702325, 0.34829029, 0.34957290, 0.34978291, 0.34992281, 0.34999788, 0.34999943, 0.34999961, 0.34992021, 0.98689151
0.34139687, 1.0000000, 0.94708997, 9.3011608, 9.5560112, 9.7157316, 9.9010172, 9.9480562, 9.9807997, 19.998747, 19.999672, 19.998932, 19.961004, 0.34301162, 0.34556010, 0.34715730, 0.34901017, 0.34948057, 0.34980801, 0.34999374, 0.34999835, 0.34999466, 0.34980503, 0.94708997
0.32977566, 1.0000000, 0.90498424, 8.4763107, 9.5342712, 9.7088718, 9.8767500, 9.9322929, 9.9733381, 19.997770, 19.999414, 19.995907, 19.940001, 0.33476207, 0.34534198, 0.34708837, 0.34876743, 0.34932289, 0.34973338, 0.34998885, 0.34999707, 0.34997952, 0.34970000, 0.90498424
0.32822049, 1.0000000, 0.89934963, 8.5104952, 9.3576002, 9.5903492, 9.8090172, 9.8915796, 9.9543505, 19.994631, 19.998583, 19.989998, 19.921776, 0.33510494, 0.34357601, 0.34590349, 0.34809017, 0.34891579, 0.34954351, 0.34997314, 0.34999293, 0.34994999, 0.34960887, 0.89934963
0.35600001, 1.0000000, 1.0000000, 9.9999990, 9.9999990, 9.9999990, 9.9999990, 9.9999990, 9.9999990, 19.999998, 19.999998, 19.999998, 19.996996, 0.34999999, 0.34999999, 0.34999999, 0.34999999, 0.34999999, 0.34999999, 0.34999999, 0.34999999, 0.34999999, 0.34998497, 1.0000000
0.34606099, 1.0000000, 0.96398902, 9.6719141, 9.5048170, 9.7077703, 9.9099665, 9.9533892, 9.9822922, 19.998104, 19.999510, 19.999567, 19.973270, 0.34671652, 0.34504661, 0.34707692, 0.34909952, 0.34953380, 0.34982291, 0.34999052, 0.34999755, 0.34999782, 0.34986636, 0.96398902
0.32653165, 1.0000000, 0.89323050, 8.2929029, 9.4685221, 9.6722860, 9.8687735, 9.9286985, 9.9714193, 19.996553, 19.999105, 19.997707, 19.951052, 0.33292380, 0.34468165, 0.34672105, 0.34868738, 0.34928679, 0.34971413, 0.34998277, 0.34999552, 0.34998852, 0.34975526, 0.89323050
0.29816380, 1.0000000, 0.79044849, 6.3380957, 9.3506517, 9.5875053, 9.8103619, 9.8924866, 9.9545403, 19.993975, 19.998436, 19.993374, 19.931229, 0.31337669, 0.34350276, 0.34587312, 0.34810323, 0.34892467, 0.34954536, 0.34996986, 0.34999219, 0.34996688, 0.34965613, 0.79044849
0.26544750, 1.0000000, 0.67191118, 4.0163865, 9.2972097, 9.5424385, 9.7677431, 9.8628387, 9.9386091, 19.991127, 19.997576, 19.986153, 19.914446, 0.29016116, 0.34296831, 0.34542245, 0.34767705, 0.34862819, 0.34938604, 0.34995562, 0.34998786, 0.34993076, 0.34957224, 0.67191118
0.24084422, 1.0000000, 0.58276892, 2.7737796, 8.4065371, 9.5287571, 9.7460756, 9.8450699, 9.9270287, 19.988661, 19.996473, 19.976114, 19.900772, 0.27773640, 0.33406281, 0.34528613, 0.34746045, 0.34845054, 0.34927022, 0.34994331, 0.34998238, 0.34988058, 0.34950387, 0.58276892
0.28520462, 1.0000000, 0.74349493, 5.4029021, 9.3326588, 9.6180363, 9.7812223, 9.8611145, 9.9309263, 19.988647, 19.995378, 19.964039, 19.890034, 0.30402887, 0.34332642, 0.34618029, 0.34781221, 0.34861115, 0.34930927, 0.34994322, 0.34997690, 0.34982020, 0.34945017, 0.74349493
0.35600001, 1.0000000, 1.0000000, 9.9999990, 9.9999990, 9.9999990, 9.9999990, 9.9999990, 9.9999990, 19.999998, 19.999998, 19.999998, 19.998999, 0.34999999, 0.34999999, 0.34999999, 0.34999999, 0.34999999, 0.34999999, 0.34999999, 0.34999999, 0.34999999, 0.34999499, 1.0000000
0.35600001, 1.0000000, 1.0000000, 9.9999990, 9.9999990, 9.9999990, 9.9999990, 9.9999990, 9.9999990, 19.999998, 19.999998, 19.999998, 19.998999, 0.34999999, 0.34999999, 0.34999999, 0.34999999, 0.34999999, 0.34999999, 0.34999999, 0.34999999, 0.34999999, 0.34999499, 1.0000000
0.35600001, 1.0000000, 1.0000000, 9.9999990, 9.9999990, 9.9999990, 9.9999990, 9.9999990, 9.9999990, 19.999998, 19.999998, 19.999998, 19.996996, 0.34999999, 0.34999999, 0.34999999, 0.34999999, 0.34999999, 0.34999999, 0.34999999, 0.34999999, 0.34999999, 0.34998497, 1.0000000
0.35570902, 1.0000000, 0.99894571, 9.9854603, 9.9913712, 9.9956589, 9.9991322, 9.9995670, 9.9998560, 19.999998, 19.999998, 19.999975, 19.989016, 0.34985459, 0.34991372, 0.34995657, 0.34999132, 0.34999567, 0.34999856, 0.34999999, 0.34999999, 0.34999987, 0.34994507, 0.99894571
0.34869820, 1.0000000, 0.97354406, 9.6098671, 9.8190393, 9.9043646, 9.9780531, 9.9889202, 9.9961329, 19.999821, 19.999950, 19.999323, 19.965672, 0.34609845, 0.34819025, 0.34904358, 0.34978053, 0.34988922, 0.34996134, 0.34999910, 0.34999976, 0.34999663, 0.34982836, 0.97354406
0.34884089, 1.0000000, 0.97406125, 9.6199312, 9.8191233, 9.9049540, 9.9783173, 9.9890757, 9.9961596, 19.999807, 19.999950, 19.999964, 19.988020, 0.34619930, 0.34819123, 0.34904954, 0.34978318, 0.34989077, 0.34996158, 0.34999904, 0.34999976, 0.34999982, 0.34994009, 0.97406125
0.33559728, 1.0000000, 0.92607707, 8.8073635, 9.6347561, 9.7920017, 9.9445543, 9.9715471, 9.9900608, 19.999760, 19.999939, 19.999254, 19.964733, 0.33807364, 0.34634757, 0.34792000, 0.34944555, 0.34971547, 0.34990060, 0.34999880, 0.34999970, 0.34999627, 0.34982365, 0.92607707
0.29807425, 1.0000000, 0.79012412, 6.3170676, 9.3600025, 9.6044388, 9.8485870, 9.9186611, 9.9684372, 19.997025, 19.999235, 19.996529, 19.943285, 0.31317019, 0.34359962, 0.34604418, 0.34848586, 0.34918657, 0.34968436, 0.34998512, 0.34999618, 0.34998265, 0.34971642, 0.79012412
0.26015267, 1.0000000, 0.65272701, 3.6298742, 9.2966833, 9.5464697, 9.7843218, 9.8771563, 9.9487848, 19.994516, 19.998541, 19.991146, 19.924574, 0.28629807, 0.34296575, 0.34546417, 0.34784311, 0.34877151, 0.34948781, 0.34997258, 0.34999269, 0.34995574, 0.34962288, 0.65272701
0.23732436, 1.0000000, 0.57001573, 2.6299000, 8.2122355, 9.5415506, 9.7641191, 9.8592472, 9.9377012, 19.993420, 19.998083, 19.982933, 19.908985, 0.27629739, 0.33211938, 0.34541377, 0.34764084, 0.34859228, 0.34937695, 0.34996709, 0.34999043, 0.34991467, 0.34954494, 0.57001573
0.24023944, 1.0000000, 0.58057767, 2.9653370, 8.0264120, 9.5082846, 9.7327604, 9.8366003, 9.9238701, 19.991043, 19.996868, 19.971991, 19.896425, 0.27965152, 0.33026114, 0.34508109, 0.34732723, 0.34836581, 0.34923863, 0.34995520, 0.34998435, 0.34985995, 0.34948212, 0.58057767
0.28200772, 1.0000000, 0.73191202, 5.1992278, 9.2749987, 9.6404266, 9.7829742, 9.8609018, 9.9304447, 19.990982, 19.995443, 19.959284, 19.886675, 0.30199102, 0.34274864, 0.34640357, 0.34782961, 0.34860897, 0.34930441, 0.34995490, 0.34997723, 0.34979641, 0.34943336, 0.73191202
0.29687241, 1.0000000, 0.78576952, 6.2488532, 9.3551188, 9.5776873, 9.7694836, 9.8537865, 9.9264250, 19.989553, 19.992422, 19.945454, 19.879263, 0.31248325, 0.34354645, 0.34577444, 0.34769434, 0.34853762, 0.34926417, 0.34994775, 0.34996212, 0.34972727, 0.34939632, 0.78576952
0.27408987, 1.0000000, 0.70322418, 4.5689993, 9.3922462, 9.5975637, 9.7778139, 9.8578682, 9.9273338, 19.988857, 19.987843, 19.931622, 19.873707, 0.29568580, 0.34391731, 0.34597299, 0.34777761, 0.34857842, 0.34927323, 0.34994429, 0.34993923, 0.34965810, 0.34936854, 0.70322418
0.24404290, 1.0000000, 0.59435833, 2.8842688, 8.6124582, 9.5234184, 9.7414789, 9.8372602, 9.9176378, 19.985857, 19.980635, 19.918386, 19.869600, 0.27884108, 0.33612168, 0.34523258, 0.34741446, 0.34837243, 0.34917632, 0.34992927, 0.34990317, 0.34959194, 0.34934801, 0.59435833
0.22429611, 1.0000000, 0.52281195, 2.3118675, 7.1797938, 9.5316772, 9.7359200, 9.8320827, 9.9137602, 19.982992, 19.971497, 19.906519, 19.866600, 0.27311364, 0.32178855, 0.34531054, 0.34735793, 0.34832019, 0.34913740, 0.34991497, 0.34985748, 0.34953260, 0.34933299, 0.52281195
0.20915644, 1.0000000, 0.46795806, 1.9241929, 5.9852643, 9.5499887, 9.7443314, 9.8356266, 9.9145451, 19.980793, 19.960888, 19.896366, 19.864435, 0.26924169, 0.30985221, 0.34549952, 0.34744325, 0.34835625, 0.34914544, 0.34990397, 0.34980443, 0.34948182, 0.34932217, 0.46795806
0.19229503, 1.0000000, 0.40686604, 1.4857680, 4.6982508, 9.5177813, 9.7307739, 9.8278379, 9.9108715, 19.977034, 19.948874, 19.887890, 19.862862, 0.26485577, 0.29697889, 0.34517416, 0.34730700, 0.34827799, 0.34910861, 0.34988517, 0.34974438, 0.34943944, 0.34931430, 0.40686604
0.17508583, 1.0000000, 0.34451386, 1.0500222, 3.3679545, 9.4804573, 9.7112150, 9.8160706, 9.9050608, 19.971460, 19.936163, 19.880987, 19.861719, 0.26049736, 0.28367403, 0.34479684, 0.34711057, 0.34815991, 0.34905034, 0.34985730, 0.34968081, 0.34940493, 0.34930861, 0.34451386
0.35396183, 1.0000000, 0.99261528, 9.9005461, 9.9431763, 9.9712801, 9.9941521, 9.9970741, 9.9990253, 19.999998, 19.999998, 19.999983, 19.990009, 0.34897056, 0.34941074, 0.34970224, 0.34993941, 0.34996971, 0.34998989, 0.34999999, 0.34999999, 0.34999990, 0.34995005, 0.99261528
0.35082078, 1.0000000, 0.98123455, 9.7216654, 9.8749504, 9.9337826, 9.9772072, 9.9883423, 9.9947872, 19.998629, 19.999647, 19.999296, 19.966606, 0.34721452, 0.34874821, 0.34933716, 0.34977195, 0.34988338, 0.34994784, 0.34999314, 0.34999824, 0.34999648, 0.34983304, 0.98123455
0.32901835, 1.0000000, 0.90224034, 8.4101562, 9.5367937, 9.7317638, 9.9154520, 9.9560022, 9.9825773, 19.997442, 19.999336, 19.996847, 19.945004, 0.33409899, 0.34536621, 0.34731674, 0.34915435, 0.34955993, 0.34982574, 0.34998721, 0.34999669, 0.34998423, 0.34972501, 0.90224034
0.29634583, 1.0000000, 0.78386164, 6.1819205, 9.3744822, 9.6115398, 9.8453369, 9.9156694, 9.9662542, 19.995987, 19.998951, 19.991795, 19.926060, 0.31181511, 0.34374109, 0.34611350, 0.34845299, 0.34915647, 0.34966248, 0.34997994, 0.34999475, 0.34995896, 0.34963030, 0.78386164
0.26054215, 1.0000000, 0.65413815, 3.6488080, 9.3079691, 9.5543194, 9.7883568, 9.8785734, 9.9488201, 19.994076, 19.998262, 19.983795, 19.910192, 0.28648683, 0.34307778, 0.34554222, 0.34788337, 0.34878564, 0.34948817, 0.34997037, 0.34999132, 0.34991896, 0.34955096, 0.65413815
0.23702925, 1.0000000, 0.56894654, 2.6243238, 8.1874819, 9.5382881, 9.7614031, 9.8574095, 9.9361496, 19.992224, 19.997217, 19.973082, 19.897369, 0.27624267, 0.33187377, 0.34538227, 0.34761390, 0.34857404, 0.34936145, 0.34996110, 0.34998608, 0.34986541, 0.34948686, 0.56894654
0.21459463, 1.0000000, 0.48766169, 2.0166426, 6.5154247, 9.4987316, 9.7324352, 9.8363590, 9.9236164, 19.990362, 19.995413, 19.960350, 19.887375, 0.27016428, 0.31515011, 0.34498432, 0.34732372, 0.34836328, 0.34923604, 0.34995180, 0.34997708, 0.34980175, 0.34943688, 0.48766169
0.20170012, 1.0000000, 0.44094247, 1.7291874, 5.4086080, 9.5506601, 9.7503824, 9.8428755, 9.9232235, 19.989983, 19.992786, 19.946621, 19.879799, 0.26729095, 0.30408436, 0.34550509, 0.34750354, 0.34842861, 0.34923217, 0.34994990, 0.34996393, 0.34973311, 0.34939900, 0.44094247
0.35251057, 1.0000000, 0.98735708, 9.8207502, 9.9034595, 9.9506054, 9.9897785, 9.9948730, 9.9982824, 19.999992, 19.999998, 19.999983, 19.990009, 0.34820694, 0.34903425, 0.34950587, 0.34989777, 0.34994870, 0.34998283, 0.34999996, 0.34999999, 0.34999990, 0.34995005, 0.98735708
0.34629363, 1.0000000, 0.96483201, 9.4734135, 9.7706137, 9.8772020, 9.9701004, 9.9848623, 9.9945183, 19.999588, 19.999891, 19.999935, 19.985031, 0.34473413, 0.34770614, 0.34877202, 0.34970099, 0.34984863, 0.34994519, 0.34999794, 0.34999946, 0.34999967, 0.34992516, 0.96483201
0.31661984, 1.0000000, 0.85731816, 7.5856171, 9.4478302, 9.6690884, 9.8883848, 9.9413462, 9.9774218, 19.997549, 19.999361, 19.998917, 19.961901, 0.32585618, 0.34447831, 0.34669089, 0.34888384, 0.34941345, 0.34977421, 0.34998775, 0.34999681, 0.34999460, 0.34980950, 0.85731816
0.30462945, 1.0000000, 0.81387472, 6.6364212, 9.5563431, 9.7224121, 9.8818827, 9.9345598, 9.9738150, 19.997417, 19.999325, 19.996069, 19.940825, 0.31636333, 0.34556267, 0.34722373, 0.34881875, 0.34934556, 0.34973815, 0.34998709, 0.34999663, 0.34998035, 0.34970412, 0.81387472
0.28360480, 1.0000000, 0.73769844, 5.1992211, 9.4515505, 9.6557350, 9.8474045, 9.9131489, 9.9642096, 19.996655, 19.999107, 19.990477, 19.922531, 0.30198792, 0.34451082, 0.34655496, 0.34847358, 0.34913126, 0.34964201, 0.34998327, 0.34999555, 0.34995240, 0.34961265, 0.73769844
0.25235772, 1.0000000, 0.62448442, 3.0442307, 9.3230362, 9.5650368, 9.7904987, 9.8779602, 9.9471693, 19.994106, 19.998226, 19.981844, 19.907274, 0.28043765, 0.34322181, 0.34564599, 0.34790409, 0.34877917, 0.34947154, 0.34997052, 0.34999114, 0.34990922, 0.34953636, 0.62448442
0.23036054, 1.0000000, 0.54478455, 2.3697524, 7.8138294, 9.5302610, 9.7563429, 9.8535843, 9.9332542, 19.991747, 19.996941, 19.970612, 19.895073, 0.27369067, 0.32812476, 0.34529436, 0.34756175, 0.34853497, 0.34933224, 0.34995872, 0.34998471, 0.34985307, 0.34947535, 0.54478455
0.20927872, 1.0000000, 0.46840113, 1.7997652, 6.2352638, 9.5024605, 9.7317114, 9.8350277, 9.9216127, 19.989410, 19.994804, 19.957541, 19.885590, 0.26799107, 0.31233895, 0.34501418, 0.34731495, 0.34834921, 0.34921578, 0.34994704, 0.34997404, 0.34978771, 0.34942794, 0.46840113
0.18885350, 1.0000000, 0.39439675, 1.2867808, 4.6414309, 9.4731588, 9.7098742, 9.8189459, 9.9114714, 19.987026, 19.991323, 19.943581, 19.878422, 0.26286137, 0.29640037, 0.34471738, 0.34709582, 0.34818801, 0.34911421, 0.34993511, 0.34995663, 0.34971792, 0.34939212, 0.39439675
0.17046970, 1.0000000, 0.32778877, 0.85950494, 3.1417515, 9.4564257, 9.6953650, 9.8077374, 9.9039021, 19.984640, 19.986036, 19.929686, 19.873053, 0.25859296, 0.28141293, 0.34455734, 0.34695223, 0.34807664, 0.34903878, 0.34992319, 0.34993017, 0.34964842, 0.34936526, 0.32778877
0.15736711, 0.93429202, 0.28031564, 0.51231086, 2.5197268, 8.6975870, 9.6869364, 9.8007202, 9.8987074, 19.982162, 19.978691, 19.916660, 19.869093, 0.25512007, 0.27518827, 0.33696035, 0.34686589, 0.34800544, 0.34898648, 0.34991080, 0.34989345, 0.34958330, 0.34934548, 0.28031564
0.14642859, 0.80219734, 0.24068327, 0.23577809, 2.1005273, 7.8177319, 9.6802931, 9.7954597, 9.8949232, 19.979404, 19.969337, 19.905003, 19.866222, 0.25235590, 0.27099529, 0.32815874, 0.34679830, 0.34795228, 0.34894845, 0.34989703, 0.34984669, 0.34952500, 0.34933111, 0.24068327
0.13594711, 0.67562222, 0.20270693, 0.58501959E-1, 1.6601652, 6.7634029, 9.6501732, 9.7770500, 9.8867836, 19.976822, 19.958473, 19.895067, 19.864153, 0.25058472, 0.26659653, 0.31762359, 0.34649876, 0.34776899, 0.34886733, 0.34988409, 0.34979236, 0.34947532, 0.34932077, 0.20270693
0.12862562, 0.58720708, 0.17617975, 0.0000000, 1.3216138, 5.8683496, 9.6502094, 9.7753801, 9.8843632, 19.972839, 19.946354, 19.886784, 19.862659, 0.24999072, 0.26320860, 0.30866677, 0.34649661, 0.34775102, 0.34884271, 0.34986418, 0.34973177, 0.34943393, 0.34931329, 0.17617975
0.12263945, 0.51491773, 0.15449077, 0.0000000, 1.0358751, 4.9944487, 9.6429434, 9.7703915, 9.8815441, 19.968130, 19.933958, 19.880165, 19.861603, 0.24999072, 0.26035482, 0.29993501, 0.34642577, 0.34770206, 0.34881482, 0.34984064, 0.34966978, 0.34940082, 0.34930801, 0.15449077
0.11734366, 0.45096526, 0.13530311, 0.0000000, 0.80201626, 4.1829414, 9.6385107, 9.7671013, 9.8793745, 19.962063, 19.921862, 19.874947, 19.860849, 0.24999072, 0.25801915, 0.29182681, 0.34638393, 0.34767041, 0.34879354, 0.34981030, 0.34960932, 0.34937474, 0.34930426, 0.13530311
0.35305053, 1.0000000, 0.98931336, 9.9893503, 9.8699608, 9.6532660, 9.7540331, 9.8316870, 9.9044218, 19.955690, 19.910875, 19.870989, 19.860321, 0.34989160, 0.34869847, 0.34653208, 0.34754020, 0.34831682, 0.34904417, 0.34977844, 0.34955436, 0.34935495, 0.34930161, 0.98931336
0.33961046, 1.0000000, 0.94061750, 9.1895199, 9.5685644, 9.6684217, 9.7882919, 9.8547449, 9.9153004, 19.947596, 19.900965, 19.867941, 19.859951, 0.34188887, 0.34568173, 0.34668222, 0.34788251, 0.34854725, 0.34915295, 0.34973797, 0.34950483, 0.34933969, 0.34929976, 0.94061750
0.31728563, 1.0000000, 0.85973054, 7.6502542, 9.4557457, 9.6345634, 9.7891054, 9.8582411, 9.9174099, 19.937784, 19.892237, 19.865604, 19.859663, 0.32649148, 0.34454927, 0.34634146, 0.34789023, 0.34858200, 0.34917393, 0.34968892, 0.34946120, 0.34932801, 0.34929830, 0.85973054
0.29898995, 1.0000000, 0.79344183, 6.3135715, 9.4669199, 9.6449080, 9.7973680, 9.8640528, 9.9191504, 19.927670, 19.884998, 19.863876, 19.859488, 0.31312791, 0.34466216, 0.34644550, 0.34797296, 0.34864017, 0.34919137, 0.34963834, 0.34942499, 0.34931940, 0.34929743, 0.79344183
0.27511826, 1.0000000, 0.70695019, 4.6375718, 9.3975163, 9.6038284, 9.7849569, 9.8578310, 9.9153395, 19.917347, 19.879042, 19.862558, 19.859346, 0.29637462, 0.34397382, 0.34603760, 0.34784943, 0.34857824, 0.34915337, 0.34958673, 0.34939522, 0.34931278, 0.34929675, 0.70695019
0.35597277, 1.0000000, 0.99990124, 9.9989023, 9.9993439, 9.9996719, 9.9999342, 9.9999666, 9.9999876, 19.999998, 19.999992, 19.999998, 19.994993, 0.34998640, 0.34999186, 0.34999591, 0.34999919, 0.34999958, 0.34999985, 0.34999999, 0.34999996, 0.34999999, 0.34997496, 0.99990124
0.35175985, 1.0000000, 0.98463714, 9.9251995, 9.7001276, 9.8355207, 9.9586010, 9.9789448, 9.9924469, 19.999516, 19.999874, 19.999846, 19.980116, 0.34925199, 0.34700128, 0.34835520, 0.34958601, 0.34978944, 0.34992447, 0.34999758, 0.34999937, 0.34999922, 0.34990057, 0.98463714
0.35400230, 1.0000000, 0.99276179, 9.8984776, 9.9437199, 9.9713955, 9.9935532, 9.9967642, 9.9988251, 19.999903, 19.999964, 19.999962, 19.987026, 0.34898204, 0.34943557, 0.34971312, 0.34993535, 0.34996757, 0.34998822, 0.34999952, 0.34999982, 0.34999982, 0.34993511, 0.99276179
0.34502506, 1.0000000, 0.96023577, 9.3939447, 9.7557507, 9.8672571, 9.9676619, 9.9835987, 9.9941978, 19.999712, 19.999908, 19.999203, 19.963797, 0.34393695, 0.34755597, 0.34867179, 0.34967646, 0.34983590, 0.34994194, 0.34999856, 0.34999955, 0.34999603, 0.34981897, 0.96023577
0.33003950, 1.0000000, 0.90594018, 8.4320049, 9.6035681, 9.7681179, 9.9306116, 9.9639482, 9.9869986, 19.999367, 19.999826, 19.996525, 19.942495, 0.33431739, 0.34603387, 0.34768024, 0.34930593, 0.34963939, 0.34986997, 0.34999683, 0.34999913, 0.34998262, 0.34971249, 0.90594018
0.31954074, 1.0000000, 0.86790121, 7.6672511, 9.6135931, 9.7651548, 9.9139233, 9.9537354, 9.9827347, 19.999146, 19.999763, 19.991190, 19.923941, 0.32667121, 0.34613493, 0.34765103, 0.34913915, 0.34953728, 0.34982732, 0.34999573, 0.34999883, 0.34995595, 0.34961969, 0.86790121
0.29125595, 1.0000000, 0.76542002, 5.7921019, 9.4002361, 9.6284084, 9.8502884, 9.9176025, 9.9678841, 19.997852, 19.999252, 19.982861, 19.908442, 0.30791762, 0.34399906, 0.34628239, 0.34850252, 0.34917584, 0.34967878, 0.34998927, 0.34999627, 0.34991431, 0.34954220, 0.76542002
0.27181107, 1.0000000, 0.69496757, 4.3459435, 9.4527483, 9.6501923, 9.8360910, 9.9055195, 9.9613028, 19.997746, 19.998608, 19.971975, 19.896017, 0.29345822, 0.34452587, 0.34650111, 0.34836072, 0.34905511, 0.34961298, 0.34998873, 0.34999305, 0.34985989, 0.34948009, 0.69496757
0.25664157, 1.0000000, 0.64000565, 3.2300804, 9.4760790, 9.6621628, 9.8311949, 9.8995876, 9.9565945, 19.997316, 19.997086, 19.959154, 19.886368, 0.28229785, 0.34475559, 0.34661898, 0.34831142, 0.34899560, 0.34956586, 0.34998658, 0.34998542, 0.34979576, 0.34943184, 0.64000565
0.24729411, 1.0000000, 0.60613805, 2.8051257, 9.0481863, 9.6754827, 9.8338652, 9.8988876, 9.9543848, 19.997154, 19.994347, 19.945326, 19.879040, 0.27804938, 0.34047827, 0.34675288, 0.34833828, 0.34898868, 0.34954378, 0.34998578, 0.34997174, 0.34972662, 0.34939522, 0.60613805
0.23021060, 1.0000000, 0.54424131, 2.3418994, 7.8082762, 9.5823574, 9.7939587, 9.8754826, 9.9434118, 19.996130, 19.989635, 19.931417, 19.873549, 0.27341866, 0.32808211, 0.34582320, 0.34793949, 0.34875479, 0.34943411, 0.34998065, 0.34994817, 0.34965709, 0.34936774, 0.54424131
0.22438505, 1.0000000, 0.52313423, 2.2240996, 7.2522130, 9.6740294, 9.8193674, 9.8868027, 9.9456787, 19.995890, 19.983082, 19.918352, 19.869505, 0.27224031, 0.32252082, 0.34673941, 0.34819350, 0.34886792, 0.34945676, 0.34997946, 0.34991542, 0.34959176, 0.34934753, 0.52313423
0.20799795, 1.0000000, 0.46376067, 1.7940015, 6.0570021, 9.5553741, 9.7760305, 9.8624010, 9.9347477, 19.994110, 19.974112, 19.906548, 19.866541, 0.26793492, 0.31055972, 0.34554562, 0.34775865, 0.34862319, 0.34934720, 0.34997055, 0.34987056, 0.34953272, 0.34933269, 0.46376067
0.19052266, 1.0000000, 0.40044439, 1.3725787, 4.6787639, 9.5052919, 9.7415371, 9.8405924, 9.9238491, 19.991611, 19.963280, 19.896364, 19.864384, 0.26372063, 0.29677710, 0.34504220, 0.34741318, 0.34840482, 0.34923810, 0.34995806, 0.34981638, 0.34948182, 0.34932190, 0.40044439
0.17498043, 1.0000000, 0.34413201, 1.0307550, 3.3813982, 9.4911060, 9.7246790, 9.8280821, 9.9162550, 19.988255, 19.951151, 19.887901, 19.862837, 0.26030174, 0.28380257, 0.34489504, 0.34724352, 0.34827915, 0.34916198, 0.34994128, 0.34975576, 0.34943950, 0.34931418, 0.34413201
0.16356149, 1.0000000, 0.30275902, 0.75052083, 2.7377963, 8.9574461, 9.7167377, 9.8212843, 9.9111853, 19.983553, 19.938429, 19.881069, 19.861750, 0.25749940, 0.27736521, 0.33955359, 0.34716284, 0.34821054, 0.34911108, 0.34991777, 0.34969214, 0.34940535, 0.34930876, 0.30275902
0.15389678, 0.89238399, 0.26774198, 0.50929785, 2.3622096, 8.1821823, 9.7082644, 9.8148432, 9.9066763, 19.977121, 19.925835, 19.875664, 19.860950, 0.25508717, 0.27360588, 0.33179376, 0.34707597, 0.34814507, 0.34906563, 0.34988561, 0.34962916, 0.34937832, 0.34930474, 0.26774198
0.14688270, 0.80768120, 0.24232860, 0.36928654, 2.0815463, 7.5156651, 9.7154131, 9.8177261, 9.9065256, 19.969599, 19.914108, 19.871489, 19.860392, 0.25368711, 0.27079603, 0.32512155, 0.34714505, 0.34817266, 0.34906369, 0.34984800, 0.34957054, 0.34935743, 0.34930196, 0.24232860
0.15652472, 0.92411911, 0.27726346, 1.2855828, 1.9278467, 7.0847554, 9.7502880, 9.8365822, 9.9127703, 19.960587, 19.903612, 19.868296, 19.859985, 0.26284766, 0.26927111, 0.32083407, 0.34749916, 0.34836394, 0.34912708, 0.34980294, 0.34951806, 0.34934148, 0.34929994, 0.27726346
0.15052354, 0.85164839, 0.25552008, 1.0800809, 1.7577797, 6.6541734, 9.7540970, 9.8400002, 9.9138079, 19.950090, 19.894468, 19.865881, 19.859686, 0.26079997, 0.26757696, 0.31654018, 0.34754053, 0.34839976, 0.34913799, 0.34975046, 0.34947234, 0.34932941, 0.34929842, 0.25552008
0.14658394, 0.80407351, 0.24124618, 0.95856190, 1.6474009, 6.3247781, 9.7725401, 9.8505411, 9.9169788, 19.939106, 19.886852, 19.864079, 19.859497, 0.25958318, 0.26647151, 0.31324294, 0.34772390, 0.34850466, 0.34916955, 0.34969553, 0.34943426, 0.34932038, 0.34929749, 0.24124618
0.14064023, 0.73229659, 0.21971095, 0.77202320, 1.4704257, 5.8680935, 9.7531071, 9.8402700, 9.9116716, 19.927668, 19.880558, 19.862711, 19.859352, 0.25772023, 0.26470426, 0.30868095, 0.34753108, 0.34840271, 0.34911671, 0.34963834, 0.34940279, 0.34931356, 0.34929675, 0.21971095
0.13274314, 0.63693070, 0.19109832, 0.53195655, 1.2309611, 5.2512312, 9.7122774, 9.8160734, 9.8994493, 19.916098, 19.875368, 19.861652, 19.859299, 0.25531903, 0.26230887, 0.30251074, 0.34712219, 0.34816045, 0.34899440, 0.34958050, 0.34937686, 0.34930825, 0.34929651, 0.19109832
0.12713528, 0.56920964, 0.17077997, 0.38420856, 1.0637939, 4.7247119, 9.7118368, 9.8128090, 9.8941526, 19.905676, 19.871357, 19.860929, 19.859251, 0.25384104, 0.26063621, 0.29724327, 0.34711680, 0.34812728, 0.34894127, 0.34952837, 0.34935677, 0.34930465, 0.34929627, 0.17077997
0.12237144, 0.51168108, 0.15351968, 0.26106238, 0.92367828, 4.2637630, 9.7163143, 9.8133726, 9.8905458, 19.896257, 19.868208, 19.860405, 19.859222, 0.25260988, 0.25923520, 0.29263401, 0.34716147, 0.34813291, 0.34890518, 0.34948128, 0.34934103, 0.34930202, 0.34929612, 0.15351968
0.11762863, 0.45440653, 0.13633560, 0.15274882, 0.77958703, 3.7721643, 9.7026148, 9.8041954, 9.8837738, 19.888145, 19.865791, 19.860001, 19.859205, 0.25152645, 0.25779268, 0.28771389, 0.34702215, 0.34803993, 0.34883705, 0.34944072, 0.34932896, 0.34930000, 0.34929603, 0.13633560
0.11574422, 0.43165031, 0.12950805, 0.13085008, 0.72993040, 3.4784529, 9.7432117, 9.8249197, 9.8886185, 19.882013, 19.864094, 19.859741, 19.859205, 0.25130779, 0.25729692, 0.28477883, 0.34742892, 0.34824759, 0.34888566, 0.34941006, 0.34932047, 0.34929872, 0.34929603, 0.12950805
0.11356013, 0.40527502, 0.12159467, 0.10780990, 0.66330731, 3.1599243, 9.7421379, 9.8242636, 9.8864927, 19.876984, 19.862820, 19.859594, 19.859205, 0.25107810, 0.25663307, 0.28159925, 0.34742138, 0.34824264, 0.34886491, 0.34938490, 0.34931409, 0.34929797, 0.34929603, 0.12159467
0.11015612, 0.36416796, 0.10926131, 0.32800436E-1, 0.54616928, 2.8567672, 9.5818071, 9.8026714, 9.8763294, 19.872332, 19.861708, 19.859442, 19.859180, 0.25032797, 0.25546134, 0.27856672, 0.34581745, 0.34802639, 0.34876317, 0.34936166, 0.34930855, 0.34929723, 0.34929591, 0.10926131
0.10744054, 0.33137432, 0.99422239E-1, 0.0000000, 0.42470098, 2.6110916, 9.3090286, 9.7839918, 9.8668261, 19.868366, 19.860807, 19.859354, 19.859163, 0.24998359, 0.25424445, 0.27610305, 0.34308469, 0.34783697, 0.34866729, 0.34934184, 0.34930402, 0.34929678, 0.34929582, 0.99422239E-1
0.10540213, 0.30675834, 0.92036709E-1, 0.0000000, 0.32864809, 2.3710399, 9.0115366, 9.7709599, 9.8598700, 19.865599, 19.860224, 19.859306, 19.859144, 0.24998359, 0.25328550, 0.27370685, 0.34011266, 0.34770814, 0.34859818, 0.34932798, 0.34930113, 0.34929654, 0.34929574, 0.92036709E-1
0.10447616, 0.29557627, 0.88681750E-1, 0.0000000, 0.29037595, 2.2610366, 8.8140059, 9.7949142, 9.8673115, 19.863813, 19.859884, 19.859289, 19.859144, 0.24998359, 0.25290245, 0.27260527, 0.33813611, 0.34794694, 0.34867236, 0.34931907, 0.34929943, 0.34929645, 0.34929574, 0.88681750E-1
0.15717989, 0.93203092, 0.27963725, 2.5547922, 2.4193316, 2.2340894, 8.7084436, 9.8295250, 9.8794298, 19.862633, 19.859732, 19.859289, 19.859144, 0.27554750, 0.27419308, 0.27234077, 0.33708435, 0.34829518, 0.34879425, 0.34931317, 0.34929866, 0.34929645, 0.34929574, 0.27963725
0.16050437, 0.97217768, 0.29168248, 2.2983074, 2.1565795, 4.2516208, 9.5228434, 9.8551340, 9.8883696, 19.861774, 19.859585, 19.859289, 19.859144, 0.27298307, 0.27156579, 0.29251620, 0.34522843, 0.34855133, 0.34888369, 0.34930888, 0.34929794, 0.34929645, 0.34929574, 0.29168248
0.15565199, 0.91357988, 0.27410138, 2.1153510, 2.0533741, 3.8546653, 9.7295952, 9.8533554, 9.8875847, 19.860903, 19.859491, 19.859264, 19.859144, 0.27115351, 0.27053374, 0.28854665, 0.34729594, 0.34853357, 0.34887585, 0.34930450, 0.34929746, 0.34929633, 0.34929574, 0.27410138
0.14821354, 0.82375246, 0.24715047, 1.7883897, 1.8632740, 3.5275126, 9.7485428, 9.8365240, 9.8811665, 19.859720, 19.859259, 19.859207, 19.859121, 0.26788124, 0.26863107, 0.28527355, 0.34748456, 0.34836480, 0.34881151, 0.34929860, 0.34929630, 0.34929603, 0.34929562, 0.24715047
0.14476208, 0.78207254, 0.23464523, 1.6522914, 1.7777085, 3.3128409, 9.7768993, 9.8427439, 9.8832941, 19.859573, 19.859240, 19.859201, 19.859121, 0.26651919, 0.26777467, 0.28312618, 0.34776768, 0.34842679, 0.34883273, 0.34929788, 0.34929621, 0.34929600, 0.34929562, 0.23464523
0.14873837, 0.83009052, 0.24905206, 2.0766139, 1.6637385, 3.0868640, 9.7747583, 9.8391037, 9.8820267, 19.859442, 19.859213, 19.859196, 19.859121, 0.27076370, 0.26663619, 0.28086755, 0.34774691, 0.34839067, 0.34882015, 0.34929723, 0.34929606, 0.34929597, 0.34929562, 0.24905206
0.14133869, 0.74073136, 0.22224164, 1.7175823, 1.4844120, 2.8812380, 9.6586637, 9.8241720, 9.8762894, 19.858646, 19.858988, 19.859140, 19.859110, 0.26717061, 0.26484141, 0.27880976, 0.34658489, 0.34824082, 0.34876260, 0.34929323, 0.34929493, 0.34929571, 0.34929556, 0.22224164
0.13422967, 0.65488219, 0.19648431, 1.3749063, 1.3014048, 2.7142704, 9.4651203, 9.8109989, 9.8711796, 19.858027, 19.858852, 19.859093, 19.859104, 0.26374072, 0.26300931, 0.27713776, 0.34464774, 0.34810820, 0.34871119, 0.34929013, 0.34929425, 0.34929547, 0.34929553, 0.19648431
0.12880476, 0.58937055, 0.17682885, 1.1239320, 1.1560589, 2.5673480, 9.2728806, 9.8065147, 9.8694220, 19.857918, 19.858757, 19.859072, 19.859098, 0.26123649, 0.26155883, 0.27567154, 0.34272739, 0.34806439, 0.34869397, 0.34928960, 0.34929377, 0.34929535, 0.34929550, 0.17682885
0.20766434, 1.0000000, 0.46255195, 2.2916050, 5.5732384, 8.8601274, 9.4096603, 9.8251448, 9.8759642, 19.858061, 19.858757, 19.859066, 19.859098, 0.27291319, 0.30572820, 0.33859798, 0.34409589, 0.34825110, 0.34875953, 0.34929031, 0.34929377, 0.34929532, 0.34929550, 0.46255195
0.27306849, 1.0000000, 0.69952351, 4.9469123, 8.6966352, 9.5004244, 9.6960850, 9.8302145, 9.8778152, 19.858002, 19.858709, 19.859045, 19.859087, 0.29946911, 0.33696634, 0.34500426, 0.34696084, 0.34830216, 0.34877816, 0.34929001, 0.34929353, 0.34929523, 0.34929544, 0.69952351
0.25355256, 1.0000000, 0.62881362, 3.0563433, 9.4283371, 9.6129551, 9.7615499, 9.8398495, 9.8813248, 19.858131, 19.858709, 19.859034, 19.859087, 0.28056070, 0.34427828, 0.34612694, 0.34761497, 0.34839824, 0.34881315, 0.34929067, 0.34929353, 0.34929517, 0.34929544, 0.62881362
0.28329259, 1.0000000, 0.73656738, 5.2753229, 9.2813730, 9.6830740, 9.7974176, 9.8524666, 9.8858004, 19.858261, 19.858709, 19.859034, 19.859087, 0.30275324, 0.34281373, 0.34683073, 0.34797418, 0.34852466, 0.34885800, 0.34929129, 0.34929353, 0.34929517, 0.34929544, 0.73656738
0.26273322, 1.0000000, 0.66207683, 3.7225850, 9.4189892, 9.6219587, 9.7853270, 9.8443727, 9.8829346, 19.858046, 19.858688, 19.859011, 19.859081, 0.28722441, 0.34418771, 0.34621850, 0.34785303, 0.34844360, 0.34882930, 0.34929022, 0.34929344, 0.34929505, 0.34929541, 0.66207683
0.24969520, 1.0000000, 0.61483765, 2.9797256, 9.0747242, 9.6373453, 9.7889624, 9.8454046, 9.8833637, 19.858131, 19.858709, 19.858997, 19.859081, 0.27979499, 0.34074309, 0.34637123, 0.34788918, 0.34845382, 0.34883353, 0.34929067, 0.34929353, 0.34929499, 0.34929541, 0.61483765
0.24243946, 1.0000000, 0.58854878, 2.8077574, 8.4682274, 9.6692572, 9.8007030, 9.8513231, 9.8854637, 19.858225, 19.858709, 19.858992, 19.859081, 0.27807370, 0.33467528, 0.34668857, 0.34800622, 0.34851283, 0.34885448, 0.34929112, 0.34929353, 0.34929496, 0.34929541, 0.58854878
0.23170085, 1.0000000, 0.54964072, 2.5330186, 7.6494632, 9.6286230, 9.7895002, 9.8455639, 9.8834772, 19.858166, 19.858709, 19.858974, 19.859076, 0.27533001, 0.32649431, 0.34628603, 0.34789497, 0.34845561, 0.34883478, 0.34929082, 0.34929353, 0.34929487, 0.34929538, 0.54964072
0.22152925, 1.0000000, 0.51278710, 2.2882283, 6.8354607, 9.6178894, 9.7836246, 9.8423405, 9.8824568, 19.858208, 19.858709, 19.858969, 19.859076, 0.27288130, 0.31835285, 0.34617767, 0.34783602, 0.34842330, 0.34882453, 0.34929103, 0.34929353, 0.34929484, 0.34929538, 0.51278710
0.21103020, 1.0000000, 0.47474709, 2.0461619, 5.9767094, 9.6077852, 9.7767324, 9.8385057, 9.8812695, 19.858335, 19.858709, 19.858969, 19.859076, 0.27046099, 0.30976602, 0.34607700, 0.34776714, 0.34838498, 0.34881267, 0.34929168, 0.34929353, 0.34929484, 0.34929538, 0.47474709
0.20263617, 1.0000000, 0.44433394, 1.8641204, 5.2583737, 9.6232233, 9.7804127, 9.8403149, 9.8819532, 19.858423, 19.858709, 19.858969, 19.859076, 0.26864004, 0.30258182, 0.34623045, 0.34780377, 0.34840298, 0.34881946, 0.34929210, 0.34929353, 0.34929484, 0.34929538, 0.44433394
0.19397794, 1.0000000, 0.41296351, 1.6747475, 4.5403914, 9.5998716, 9.7750292, 9.8375969, 9.8810892, 19.858423, 19.858709, 19.858969, 19.859076, 0.26674703, 0.29540315, 0.34599793, 0.34775016, 0.34837589, 0.34881085, 0.34929210, 0.34929353, 0.34929484, 0.34929538, 0.41296351
0.19039488, 1.0000000, 0.39998141, 1.6179591, 4.1530538, 9.6937351, 9.8039446, 9.8526726, 9.8861809, 19.858423, 19.858709, 19.858969, 19.859076, 0.26617572, 0.29152459, 0.34693041, 0.34803805, 0.34852600, 0.34886158, 0.34929210, 0.34929353, 0.34929484, 0.34929538, 0.39998141
0.18652496, 1.0000000, 0.38596001, 1.5317678, 3.8199370, 9.7080107, 9.8148832, 9.8587446, 9.8879871, 19.858225, 19.858709, 19.858955, 19.859076, 0.26531580, 0.28819656, 0.34707654, 0.34814811, 0.34858710, 0.34887975, 0.34929112, 0.34929353, 0.34929478, 0.34929538, 0.38596001
0.18426944, 1.0000000, 0.37778783, 1.4814675, 3.6042624, 9.7562561, 9.8325863, 9.8680449, 9.8907986, 19.858034, 19.858662, 19.858923, 19.859076, 0.26481447, 0.28604233, 0.34756216, 0.34832576, 0.34868041, 0.34890798, 0.34929016, 0.34929329, 0.34929460, 0.34929538, 0.37778783
0.18087050, 1.0000000, 0.36547282, 1.3912946, 3.3522837, 9.7401066, 9.8330040, 9.8683825, 9.8905449, 19.857729, 19.858566, 19.858923, 19.859076, 0.26391223, 0.28352183, 0.34739959, 0.34832975, 0.34868369, 0.34890538, 0.34928864, 0.34929281, 0.34929460, 0.34929538, 0.36547282
0.17584024, 1.0000000, 0.34724724, 1.2526542, 3.0006087, 9.6951952, 9.8202686, 9.8617449, 9.8879175, 19.857286, 19.858450, 19.858887, 19.859064, 0.26252431, 0.28000286, 0.34694675, 0.34820163, 0.34861690, 0.34887898, 0.34928644, 0.34929225, 0.34929442, 0.34929532, 0.34724724
0.17301698, 1.0000000, 0.33701804, 1.1512518, 2.9086769, 9.5337276, 9.8258562, 9.8643160, 9.8884535, 19.856892, 19.858362, 19.858845, 19.859064, 0.26151037, 0.27908349, 0.34533191, 0.34825745, 0.34864259, 0.34888434, 0.34928447, 0.34929180, 0.34929422, 0.34929532, 0.33701804
0.16894022, 1.0000000, 0.32224715, 1.0104030, 2.7763009, 9.2851324, 9.8160057, 9.8590231, 9.8863201, 19.856421, 19.858236, 19.858805, 19.859051, 0.26010272, 0.27776083, 0.34284773, 0.34815928, 0.34858984, 0.34886307, 0.34928209, 0.34929118, 0.34929401, 0.34929526, 0.32224715
0.16550128, 1.0000000, 0.30978724, 0.90336204, 2.6615739, 9.0422039, 9.8125782, 9.8570442, 9.8856821, 19.856337, 19.858208, 19.858805, 19.859045, 0.25903180, 0.27661255, 0.34041658, 0.34812459, 0.34856984, 0.34885660, 0.34928167, 0.34929103, 0.34929401, 0.34929523, 0.30978724
0.16027886, 0.96945435, 0.29086539, 0.75581074, 2.4723144, 8.6574707, 9.7881088, 9.8441763, 9.8813648, 19.856195, 19.858183, 19.858805, 19.859034, 0.25755641, 0.27471977, 0.33656883, 0.34787974, 0.34844112, 0.34881341, 0.34928098, 0.34929091, 0.34929401, 0.34929517, 0.29086539
0.15614237, 0.91950178, 0.27587813, 0.64935982, 2.3235500, 8.3114347, 9.7830524, 9.8411760, 9.8805466, 19.856312, 19.858200, 19.858805, 19.859028, 0.25649250, 0.27323318, 0.33311018, 0.34782955, 0.34841126, 0.34880528, 0.34928155, 0.34929100, 0.34929401, 0.34929514, 0.27587813
0.15004283, 0.84584332, 0.25377837, 0.47943890, 2.1049471, 7.8484778, 9.7594061, 9.8282700, 9.8757601, 19.855795, 19.858084, 19.858757, 19.859011, 0.25479305, 0.27104595, 0.32847825, 0.34759241, 0.34828189, 0.34875733, 0.34927899, 0.34929043, 0.34929377, 0.34929505, 0.25377837
0.14389271, 0.77157378, 0.23149529, 0.33369362, 1.8759727, 7.3133588, 9.7376337, 9.8158474, 9.8713074, 19.855558, 19.858072, 19.858757, 19.858992, 0.25333533, 0.26875430, 0.32312298, 0.34737352, 0.34815705, 0.34871259, 0.34927779, 0.34929037, 0.34929377, 0.34929496, 0.23149529
0.14024565, 0.72753149, 0.21828128, 0.26541352, 1.7433733, 6.9199352, 9.7524462, 9.8230715, 9.8740168, 19.855944, 19.858189, 19.858757, 19.858986, 0.25265351, 0.26743123, 0.31919441, 0.34752306, 0.34823000, 0.34873992, 0.34927970, 0.34929094, 0.34929377, 0.34929493, 0.21828128
0.13746962, 0.69400817, 0.20822328, 0.23227036, 1.6365528, 6.5697618, 9.7622461, 9.8286629, 9.8764534, 19.856527, 19.858318, 19.858757, 19.858986, 0.25232267, 0.26636535, 0.31569728, 0.34762236, 0.34828657, 0.34876451, 0.34928262, 0.34929159, 0.34929377, 0.34929493, 0.20822328
0.13355757, 0.64676589, 0.19404918, 0.17893016, 1.4806390, 6.1191840, 9.7442379, 9.8195000, 9.8735523, 19.856833, 19.858389, 19.858757, 19.858980, 0.25178921, 0.26480597, 0.31119102, 0.34744212, 0.34819490, 0.34873545, 0.34928417, 0.34929195, 0.34929377, 0.34929490, 0.19404918
0.12916808, 0.59375805, 0.17814523, 0.12407899, 1.3068050, 5.5950923, 9.7229061, 9.8076105, 9.8694439, 19.857033, 19.858414, 19.858757, 19.858974, 0.25124070, 0.26306748, 0.30594972, 0.34722865, 0.34807590, 0.34869438, 0.34928516, 0.34929207, 0.34929377, 0.34929487, 0.17814523
0.12698677, 0.56741619, 0.17024189, 0.10123849, 1.2334108, 5.2839665, 9.7533197, 9.8235531, 9.8750753, 19.857298, 19.858423, 19.858757, 19.858974, 0.25101212, 0.26233205, 0.30283529, 0.34753159, 0.34823474, 0.34875050, 0.34928650, 0.34929210, 0.34929377, 0.34929487, 0.17024189
0.12603924, 0.55597389, 0.16680884, 0.89696050E-1, 1.2119979, 5.1253510, 9.7948370, 9.8461742, 9.8830614, 19.857527, 19.858423, 19.858757, 19.858974, 0.25089675, 0.26211837, 0.30125010, 0.34794706, 0.34846109, 0.34883040, 0.34928763, 0.34929210, 0.34929377, 0.34929487, 0.16680884
0.12467583, 0.53950906, 0.16186891, 0.76067448E-1, 1.1646390, 4.9341822, 9.8013096, 9.8506708, 9.8848219, 19.857698, 19.858423, 19.858757, 19.858974, 0.25076053, 0.26164517, 0.29933921, 0.34801206, 0.34850618, 0.34884804, 0.34928849, 0.34929210, 0.34929377, 0.34929487, 0.16186891
0.12189123, 0.50588214, 0.15177983, 0.45031309E-1, 1.0532588, 4.5965619, 9.7658892, 9.8325930, 9.8787498, 19.857691, 19.858419, 19.858757, 19.858969, 0.25045028, 0.26053202, 0.29596439, 0.34765837, 0.34832567, 0.34878740, 0.34928846, 0.34929210, 0.34929377, 0.34929484, 0.15177983
0.11911424, 0.47234693, 0.14171825, 0.0000000, 0.95489323, 4.2764144, 9.7558050, 9.8267183, 9.8765249, 19.857443, 19.858355, 19.858757, 19.858963, 0.24999949, 0.25954589, 0.29275733, 0.34755495, 0.34826565, 0.34876472, 0.34928721, 0.34929177, 0.34929377, 0.34929481, 0.14171825
0.11703505, 0.44723842, 0.13418494, 0.0000000, 0.85909665, 3.9667122, 9.7532301, 9.8247929, 9.8754902, 19.857021, 19.858301, 19.858757, 19.858955, 0.24999949, 0.25858760, 0.28965932, 0.34752846, 0.34824601, 0.34875426, 0.34928510, 0.34929150, 0.34929377, 0.34929478, 0.13418494
0.11536610, 0.42708412, 0.12813805, 0.0000000, 0.77908039, 3.7197702, 9.7675200, 9.8319788, 9.8774519, 19.856455, 19.858183, 19.858707, 19.858952, 0.24999949, 0.25778794, 0.28719088, 0.34767163, 0.34831798, 0.34877393, 0.34928226, 0.34929091, 0.34929353, 0.34929475, 0.12813805
0.11375020, 0.40757039, 0.12228335, 0.0000000, 0.69530606, 3.4947569, 9.7757378, 9.8362894, 9.8784018, 19.855782, 19.858028, 19.858662, 19.858946, 0.24999949, 0.25695059, 0.28494138, 0.34775391, 0.34836113, 0.34878343, 0.34927890, 0.34929013, 0.34929329, 0.34929472, 0.12228335
0.11266153, 0.39442348, 0.11833888, 0.0000000, 0.64055324, 3.3345382, 9.7980099, 9.8480034, 9.8821936, 19.855513, 19.857952, 19.858662, 19.858940, 0.24999949, 0.25640514, 0.28334436, 0.34797949, 0.34847975, 0.34882185, 0.34927756, 0.34928977, 0.34929329, 0.34929469, 0.11833888
0.11235705, 0.39074656, 0.11723569, 0.0000000, 0.64051449, 3.2522914, 9.8310375, 9.8655996, 9.8886948, 19.856253, 19.858135, 19.858662, 19.858940, 0.24999949, 0.25640514, 0.28252292, 0.34831038, 0.34865600, 0.34888694, 0.34928125, 0.34929067, 0.34929329, 0.34929469, 0.11723569
0.11212961, 0.38799992, 0.11641162, 0.0000000, 0.64051449, 3.1920040, 9.8515692, 9.8767128, 9.8926468, 19.856819, 19.858276, 19.858662, 19.858940, 0.24999949, 0.25640514, 0.28192005, 0.34851569, 0.34876713, 0.34892648, 0.34928411, 0.34929138, 0.34929329, 0.34929469, 0.11641162
0.11194545, 0.38577598, 0.11574437, 0.0000000, 0.64051449, 3.1439626, 9.8652945, 9.8840084, 9.8951292, 19.857254, 19.858292, 19.858662, 19.858940, 0.24999949, 0.25640514, 0.28143963, 0.34865296, 0.34884009, 0.34895128, 0.34928626, 0.34929144, 0.34929329, 0.34929469, 0.11574437
0.11178806, 0.38387543, 0.11517415, 0.0000000, 0.64051449, 3.1034880, 9.8748693, 9.8889427, 9.8967161, 19.857561, 19.858292, 19.858662, 19.858940, 0.24999949, 0.25640514, 0.28103489, 0.34874868, 0.34888941, 0.34896716, 0.34928781, 0.34929144, 0.34929329, 0.34929469, 0.11517415
0.11164816, 0.38218588, 0.11466723, 0.0000000, 0.64051449, 3.0679541, 9.8817091, 9.8922997, 9.8977499, 19.857807, 19.858292, 19.858662, 19.858940, 0.24999949, 0.25640514, 0.28067955, 0.34881708, 0.34892300, 0.34897751, 0.34928903, 0.34929144, 0.34929329, 0.34929469, 0.11466723
0.11152007, 0.38063914, 0.11420316, 0.0000000, 0.64051449, 3.0357735, 9.8866529, 9.8946123, 9.8984289, 19.857954, 19.858292, 19.858662, 19.858940, 0.24999949, 0.25640514, 0.28035775, 0.34886652, 0.34894612, 0.34898430, 0.34928977, 0.34929144, 0.34929329, 0.34929469, 0.11420316
0.11140020, 0.37919158, 0.11376885, 0.0000000, 0.64051449, 3.0059247, 9.8902617, 9.8962088, 9.8988771, 19.858042, 19.858292, 19.858662, 19.858940, 0.24999949, 0.25640514, 0.28005925, 0.34890261, 0.34896210, 0.34898877, 0.34929019, 0.34929144, 0.34929329, 0.34929469, 0.11376885
0.11135970, 0.37870246, 0.11362210, 0.0000000, 0.64051449, 2.9999347, 9.8706903, 9.8973179, 9.8991632, 19.858042, 19.858292, 19.858662, 19.858940, 0.24999949, 0.25640514, 0.27999935, 0.34870690, 0.34897318, 0.34899163, 0.34929019, 0.34929144, 0.34929329, 0.34929469, 0.11362210
0.11133924, 0.37845540, 0.11354797, 0.0000000, 0.64051449, 2.9999347, 9.8455763, 9.8980799, 9.8993301, 19.858042, 19.858292, 19.858662, 19.858940, 0.24999949, 0.25640514, 0.27999935, 0.34845576, 0.34898078, 0.34899330, 0.34929019, 0.34929144, 0.34929329, 0.34929469, 0.11354797
0.11131893, 0.37821013, 0.11347438, 0.0000000, 0.64051449, 2.9999347, 9.8207703, 9.8985844, 9.8994350, 19.858042, 19.858292, 19.858662, 19.858940, 0.24999949, 0.25640514, 0.27999935, 0.34820771, 0.34898585, 0.34899434, 0.34929019, 0.34929144, 0.34929329, 0.34929469, 0.11347438
0.11129870, 0.37796584, 0.11340109, 0.0000000, 0.64051449, 2.9999347, 9.7961645, 9.8989305, 9.8994865, 19.858042, 19.858292, 19.858662, 19.858940, 0.24999949, 0.25640514, 0.27999935, 0.34796163, 0.34898931, 0.34899485, 0.34929019, 0.34929144, 0.34929329, 0.34929469, 0.11340109
0.11127855, 0.37772244, 0.11332807, 0.0000000, 0.64051449, 2.9999347, 9.7717075, 9.8991575, 9.8994865, 19.858042, 19.858292, 19.858662, 19.858940, 0.24999949, 0.25640514, 0.27999935, 0.34771708, 0.34899157, 0.34899485, 0.34929019, 0.34929144, 0.34929329, 0.34929469, 0.11332807
0.11125843, 0.37747952, 0.11325519, 0.0000000, 0.64051449, 2.9999347, 9.7473440, 9.8992977, 9.8994865, 19.858042, 19.858292, 19.858662, 19.858940, 0.24999949, 0.25640514, 0.27999935, 0.34747344, 0.34899297, 0.34899485, 0.34929019, 0.34929144, 0.34929329, 0.34929469, 0.11325519
0.11123833, 0.37723675, 0.11318234, 0.0000000, 0.64051449, 2.9999347, 9.7230263, 9.8993721, 9.8994865, 19.858042, 19.858292, 19.858662, 19.858940, 0.24999949, 0.25640514, 0.27999935, 0.34723026, 0.34899372, 0.34899485, 0.34929019, 0.34929144, 0.34929329, 0.34929469, 0.11318234
0.11121820, 0.37699369, 0.11310942, 0.0000000, 0.64051449, 2.9999347, 9.6987085, 9.8993912, 9.8994865, 19.858042, 19.858292, 19.858662, 19.858940, 0.24999949, 0.25640514, 0.27999935, 0.34698707, 0.34899390, 0.34899485, 0.34929019, 0.34929144, 0.34929329, 0.34929469, 0.11310942
0.11119807, 0.37675053, 0.11303646, 0.0000000, 0.64051449, 2.9999347, 9.6743898, 9.8993912, 9.8994865, 19.858042, 19.858292, 19.858662, 19.858940, 0.24999949, 0.25640514, 0.27999935, 0.34674388, 0.34899390, 0.34899485, 0.34929019, 0.34929144, 0.34929329, 0.34929469, 0.11303646
0.11117793, 0.37650734, 0.11296351, 0.0000000, 0.64051449, 2.9999347, 9.6500711, 9.8993912, 9.8994865, 19.858042, 19.858292, 19.858662, 19.858940, 0.24999949, 0.25640514, 0.27999935, 0.34650069, 0.34899390, 0.34899485, 0.34929019, 0.34929144, 0.34929329, 0.34929469, 0.11296351
0.11115779, 0.37626418, 0.11289055, 0.0000000, 0.64051449, 2.9999347, 9.6257524, 9.8993912, 9.8994865, 19.858042, 19.858292, 19.858662, 19.858940, 0.24999949, 0.25640514, 0.27999935, 0.34625751, 0.34899390, 0.34899485, 0.34929019, 0.34929144, 0.34929329, 0.34929469, 0.11289055
0.11113766, 0.37602103, 0.11281759, 0.0000000, 0.64051449, 2.9999347, 9.6014338, 9.8993912, 9.8994865, 19.858042, 19.858292, 19.858662, 19.858940, 0.24999949, 0.25640514, 0.27999935, 0.34601432, 0.34899390, 0.34899485, 0.34929019, 0.34929144, 0.34929329, 0.34929469, 0.11281759
0.11111752, 0.37577787, 0.11274464, 0.0000000, 0.64051449, 2.9999347, 9.5771151, 9.8993912, 9.8994865, 19.858042, 19.858292, 19.858662, 19.858940, 0.24999949, 0.25640514, 0.27999935, 0.34577113, 0.34899390, 0.34899485, 0.34929019, 0.34929144, 0.34929329, 0.34929469, 0.11274464
0.11109739, 0.37553471, 0.11267168, 0.0000000, 0.64051449, 2.9999347, 9.5527964, 9.8993912, 9.8994865, 19.858042, 19.858292, 19.858662, 19.858940, 0.24999949, 0.25640514, 0.27999935, 0.34552795, 0.34899390, 0.34899485, 0.34929019, 0.34929144, 0.34929329, 0.34929469, 0.11267168
0.11107725, 0.37529156, 0.11259872, 0.0000000, 0.64051449, 2.9999347, 9.5284777, 9.8993912, 9.8994865, 19.858042, 19.858292, 19.858662, 19.858940, 0.24999949, 0.25640514, 0.27999935, 0.34528476, 0.34899390, 0.34899485, 0.34929019, 0.34929144, 0.34929329, 0.34929469, 0.11259872
0.11105711, 0.37504837, 0.11252577, 0.0000000, 0.64051449, 2.9999347, 9.5041590, 9.8993912, 9.8994865, 19.858042, 19.858292, 19.858662, 19.858940, 0.24999949, 0.25640514, 0.27999935, 0.34504157, 0.34899390, 0.34899485, 0.34929019, 0.34929144, 0.34929329, 0.34929469, 0.11252577
0.11103698, 0.37480521, 0.11245281, 0.0000000, 0.64051449, 2.9999347, 9.4798403, 9.8993912, 9.8994865, 19.858042, 19.858292, 19.858662, 19.858940, 0.24999949, 0.25640514, 0.27999935, 0.34479839, 0.34899390, 0.34899485, 0.34929019, 0.34929144, 0.34929329, 0.34929469, 0.11245281
0.11101684, 0.37456205, 0.11237986, 0.0000000, 0.64051449, 2.9999347, 9.4555216, 9.8993912, 9.8994865, 19.858042, 19.858292, 19.858662, 19.858940, 0.24999949, 0.25640514, 0.27999935, 0.34455520, 0.34899390, 0.34899485, 0.34929019, 0.34929144, 0.34929329, 0.34929469, 0.11237986
0.11099671, 0.37431890, 0.11230690, 0.0000000, 0.64051449, 2.9999347, 9.4312029, 9.8993912, 9.8994865, 19.858042, 19.858292, 19.858662, 19.858940, 0.24999949, 0.25640514, 0.27999935, 0.34431201, 0.34899390, 0.34899485, 0.34929019, 0.34929144, 0.34929329, 0.34929469, 0.11230690
0.11097657, 0.37407574, 0.11223394, 0.0000000, 0.64051449, 2.9999347, 9.4068842, 9.8993912, 9.8994865, 19.858042, 19.858292, 19.858662, 19.858940, 0.24999949, 0.25640514, 0.27999935, 0.34406883, 0.34899390, 0.34899485, 0.34929019, 0.34929144, 0.34929329, 0.34929469, 0.11223394
0.11095643, 0.37383255, 0.11216099, 0.0000000, 0.64051449, 2.9999347, 9.3825655, 9.8993912, 9.8994865, 19.858042, 19.858292, 19.858662, 19.858940, 0.24999949, 0.25640514, 0.27999935, 0.34382564, 0.34899390, 0.34899485, 0.34929019, 0.34929144, 0.34929329, 0.34929469, 0.11216099
0.11093630, 0.37358940, 0.11208803, 0.0000000, 0.64051449, 2.9999347, 9.3582468, 9.8993912, 9.8994865, 19.858042, 19.858292, 19.858662, 19.858940, 0.24999949, 0.25640514, 0.27999935, 0.34358245, 0.34899390, 0.34899485, 0.34929019, 0.34929144, 0.34929329, 0.34929469, 0.11208803
0.11091616, 0.37334624, 0.11201508, 0.0000000, 0.64051449, 2.9999347, 9.3339281, 9.8993912, 9.8994865, 19.858042, 19.858292, 19.858662, 19.858940, 0.24999949, 0.25640514, 0.27999935, 0.34333926, 0.34899390, 0.34899485, 0.34929019, 0.34929144, 0.34929329, 0.34929469, 0.11201508
0.11089603, 0.37310308, 0.11194212, 0.0000000, 0.64051449, 2.9999347, 9.3096094, 9.8993912, 9.8994865, 19.858042, 19.858292, 19.858662, 19.858940, 0.24999949, 0.25640514, 0.27999935, 0.34309608, 0.34899390, 0.34899485, 0.34929019, 0.34929144, 0.34929329, 0.34929469, 0.11194212
0.11087589, 0.37285993, 0.11186916, 0.0000000, 0.64051449, 2.9999347, 9.2852907, 9.8993912, 9.8994865, 19.858042, 19.858292, 19.858662, 19.858940, 0.24999949, 0.25640514, 0.27999935, 0.34285289, 0.34899390, 0.34899485, 0.34929019, 0.34929144, 0.34929329, 0.34929469, 0.11186916
0.11085575, 0.37261677, 0.11179621, 0.0000000, 0.64051449, 2.9999347, 9.2609720, 9.8993912, 9.8994865, 19.858042, 19.858292, 19.858662, 19.858940, 0.24999949, 0.25640514, 0.27999935, 0.34260970, 0.34899390, 0.34899485, 0.34929019, 0.34929144, 0.34929329, 0.34929469, 0.11179621
0.11083562, 0.37237358, 0.11172325, 0.0000000, 0.64051449, 2.9999347, 9.2366533, 9.8993912, 9.8994865, 19.858042, 19.858292, 19.858662, 19.858940, 0.24999949, 0.25640514, 0.27999935, 0.34236652, 0.34899390, 0.34899485, 0.34929019, 0.34929144, 0.34929329, 0.34929469, 0.11172325
0.11081548, 0.37213042, 0.11165030, 0.0000000, 0.64051449, 2.9999347, 9.2123346, 9.8993912, 9.8994865, 19.858042, 19.858292, 19.858662, 19.858940, 0.24999949, 0.25640514, 0.27999935, 0.34212333, 0.34899390, 0.34899485, 0.34929019, 0.34929144, 0.34929329, 0.34929469, 0.11165030
0.11079535, 0.37188727, 0.11157734, 0.0000000, 0.64051449, 2.9999347, 9.1880159, 9.8993912, 9.8994865, 19.858042, 19.858292, 19.858662, 19.858940, 0.24999949, 0.25640514, 0.27999935, 0.34188014, 0.34899390, 0.34899485, 0.34929019, 0.34929144, 0.34929329, 0.34929469, 0.11157734
0.11077521, 0.37164411, 0.11150438, 0.0000000, 0.64051449, 2.9999347, 9.1636972, 9.8993912, 9.8994865, 19.858042, 19.858292, 19.858662, 19.858940, 0.24999949, 0.25640514, 0.27999935, 0.34163696, 0.34899390, 0.34899485, 0.34929019, 0.34929144, 0.34929329, 0.34929469, 0.11150438
0.11075507, 0.37140095, 0.11143143, 0.0000000, 0.64051449, 2.9999347, 9.1393785, 9.8993912, 9.8994865, 19.858042, 19.858292, 19.858662, 19.858940, 0.24999949, 0.25640514, 0.27999935, 0.34139377, 0.34899390, 0.34899485, 0.34929019, 0.34929144, 0.34929329, 0.34929469, 0.11143143
0.11073494, 0.37115777, 0.11135847, 0.0000000, 0.64051449, 2.9999347, 9.1150599, 9.8993912, 9.8994865, 19.858042, 19.858292, 19.858662, 19.858940, 0.24999949, 0.25640514, 0.27999935, 0.34115058, 0.34899390, 0.34899485, 0.34929019, 0.34929144, 0.34929329, 0.34929469, 0.11135847
0.11071480, 0.37091461, 0.11128552, 0.0000000, 0.64051449, 2.9999347, 9.0907412, 9.8993912, 9.8994865, 19.858042, 19.858292, 19.858662, 19.858940, 0.24999949, 0.25640514, 0.27999935, 0.34090739, 0.34899390, 0.34899485, 0.34929019, 0.34929144, 0.34929329, 0.34929469, 0.11128552
0.11069467, 0.37067145, 0.11121256, 0.0000000, 0.64051449, 2.9999347, 9.0664225, 9.8993912, 9.8994865, 19.858042, 19.858292, 19.858662, 19.858940, 0.24999949, 0.25640514, 0.27999935, 0.34066421, 0.34899390, 0.34899485, 0.34929019, 0.34929144, 0.34929329, 0.34929469, 0.11121256
0.11067453, 0.37042829, 0.11113960, 0.0000000, 0.64051449, 2.9999347, 9.0421038, 9.8993912, 9.8994865, 19.858042, 19.858292, 19.858662, 19.858940, 0.24999949, 0.25640514, 0.27999935, 0.34042102, 0.34899390, 0.34899485, 0.34929019, 0.34929144, 0.34929329, 0.34929469, 0.11113960
0.11065439, 0.37018514, 0.11106665, 0.0000000, 0.64051449, 2.9999347, 9.0177851, 9.8993912, 9.8994865, 19.858042, 19.858292, 19.858662, 19.858940, 0.24999949, 0.25640514, 0.27999935, 0.34017783, 0.34899390, 0.34899485, 0.34929019, 0.34929144, 0.34929329, 0.34929469, 0.11106665
0.11063426, 0.36994198, 0.11099369, 0.0000000, 0.64051449, 2.9999347, 8.9934664, 9.8993912, 9.8994865, 19.858042, 19.858292, 19.858662, 19.858940, 0.24999949, 0.25640514, 0.27999935, 0.33993465, 0.34899390, 0.34899485, 0.34929019, 0.34929144, 0.34929329, 0.34929469, 0.11099369
0.11061412, 0.36969879, 0.11092073, 0.0000000, 0.64051449, 2.9999347, 8.9691477, 9.8993912, 9.8994865, 19.858042, 19.858292, 19.858662, 19.858940, 0.24999949, 0.25640514, 0.27999935, 0.33969146, 0.34899390, 0.34899485, 0.34929019, 0.34929144, 0.34929329, 0.34929469, 0.11092073
0.11059399, 0.36945564, 0.11084778, 0.0000000, 0.64051449, 2.9999347, 8.9448290, 9.8993912, 9.8994865, 19.858042, 19.858292, 19.858662, 19.858940, 0.24999949, 0.25640514, 0.27999935, 0.33944827, 0.34899390, 0.34899485, 0.34929019, 0.34929144, 0.34929329, 0.34929469, 0.11084778
0.11057385, 0.36921248, 0.11077482, 0.0000000, 0.64051449, 2.9999347, 8.9205103, 9.8993912, 9.8994865, 19.858042, 19.858292, 19.858662, 19.858940, 0.24999949, 0.25640514, 0.27999935, 0.33920509, 0.34899390, 0.34899485, 0.34929019, 0.34929144, 0.34929329, 0.34929469, 0.11077482
0.11055371, 0.36896932, 0.11070187, 0.0000000, 0.64051449, 2.9999347, 8.8961916, 9.8993912, 9.8994865, 19.858042, 19.858292, 19.858662, 19.858940, 0.24999949, 0.25640514, 0.27999935, 0.33896190, 0.34899390, 0.34899485, 0.34929019, 0.34929144, 0.34929329, 0.34929469, 0.11070187
0.11053358, 0.36872616, 0.11062891, 0.0000000, 0.64051449, 2.9999347, 8.8718729, 9.8993912, 9.8994865, 19.858042, 19.858292, 19.858662, 19.858940, 0.24999949, 0.25640514, 0.27999935, 0.33871871, 0.34899390, 0.34899485, 0.34929019, 0.34929144, 0.34929329, 0.34929469, 0.11062891
0.11051345, 0.36848298, 0.11055595, 0.0000000, 0.64051449, 2.9999347, 8.8475542, 9.8993912, 9.8994865, 19.858042, 19.858292, 19.858662, 19.858940, 0.24999949, 0.25640514, 0.27999935, 0.33847553, 0.34899390, 0.34899485, 0.34929019, 0.34929144, 0.34929329, 0.34929469, 0.11055595
0.11049331, 0.36823982, 0.11048300, 0.0000000, 0.64051449, 2.9999347, 8.8232355, 9.8993912, 9.8994865, 19.858042, 19.858292, 19.858662, 19.858940, 0.24999949, 0.25640514, 0.27999935, 0.33823234, 0.34899390, 0.34899485, 0.34929019, 0.34929144, 0.34929329, 0.34929469, 0.11048300
0.11047317, 0.36799666, 0.11041004, 0.0000000, 0.64051449, 2.9999347, 8.7989168, 9.8993912, 9.8994865, 19.858042, 19.858292, 19.858662, 19.858940, 0.24999949, 0.25640514, 0.27999935, 0.33798915, 0.34899390, 0.34899485, 0.34929019, 0.34929144, 0.34929329, 0.34929469, 0.11041004
0.11045304, 0.36775351, 0.11033709, 0.0000000, 0.64051449, 2.9999347, 8.7745981, 9.8993912, 9.8994865, 19.858042, 19.858292, 19.858662, 19.858940, 0.24999949, 0.25640514, 0.27999935, 0.33774596, 0.34899390, 0.34899485, 0.34929019, 0.34929144, 0.34929329, 0.34929469, 0.11033709
0.11043290, 0.36751035, 0.11026413, 0.0000000, 0.64051449, 2.9999347, 8.7502794, 9.8993912, 9.8994865, 19.858042, 19.858292, 19.858662, 19.858940, 0.24999949, 0.25640514, 0.27999935, 0.33750278, 0.34899390, 0.34899485, 0.34929019, 0.34929144, 0.34929329, 0.34929469, 0.11026413
0.11041276, 0.36726716, 0.11019117, 0.0000000, 0.64051449, 2.9999347, 8.7259607, 9.8993912, 9.8994865, 19.858042, 19.858292, 19.858662, 19.858940, 0.24999949, 0.25640514, 0.27999935, 0.33725959, 0.34899390, 0.34899485, 0.34929019, 0.34929144, 0.34929329, 0.34929469, 0.11019117
0.11039263, 0.36702400, 0.11011822, 0.0000000, 0.64051449, 2.9999347, 8.7016420, 9.8993912, 9.8994865, 19.858042, 19.858292, 19.858662, 19.858940, 0.24999949, 0.25640514, 0.27999935, 0.33701640, 0.34899390, 0.34899485, 0.34929019, 0.34929144, 0.34929329, 0.34929469, 0.11011822
0.11037249, 0.36678085, 0.11004526, 0.0000000, 0.64051449, 2.9999347, 8.6773233, 9.8993912, 9.8994865, 19.858042, 19.858292, 19.858662, 19.858940, 0.24999949, 0.25640514, 0.27999935, 0.33677322, 0.34899390, 0.34899485, 0.34929019, 0.34929144, 0.34929329, 0.34929469, 0.11004526
0.11035235, 0.36653769, 0.10997231, 0.0000000, 0.64051449, 2.9999347, 8.6530046, 9.8993912, 9.8994865, 19.858042, 19.858292, 19.858662, 19.858940, 0.24999949, 0.25640514, 0.27999935, 0.33653003, 0.34899390, 0.34899485, 0.34929019, 0.34929144, 0.34929329, 0.34929469, 0.10997231
0.11033222, 0.36629453, 0.10989935, 0.0000000, 0.64051449, 2.9999347, 8.6286860, 9.8993912, 9.8994865, 19.858042, 19.858292, 19.858662, 19.858940, 0.24999949, 0.25640514, 0.27999935, 0.33628684, 0.34899390, 0.34899485, 0.34929019, 0.34929144, 0.34929329, 0.34929469, 0.10989935
0.11031209, 0.36605138, 0.10982639, 0.0000000, 0.64051449, 2.9999347, 8.6043673, 9.8993912, 9.8994865, 19.858042, 19.858292, 19.858662, 19.858940, 0.24999949, 0.25640514, 0.27999935, 0.33604366, 0.34899390, 0.34899485, 0.34929019, 0.34929144, 0.34929329, 0.34929469, 0.10982639
0.11029195, 0.36580819, 0.10975344, 0.0000000, 0.64051449, 2.9999347, 8.5800486, 9.8993912, 9.8994865, 19.858042, 19.858292, 19.858662, 19.858940, 0.24999949, 0.25640514, 0.27999935, 0.33580047, 0.34899390, 0.34899485, 0.34929019, 0.34929144, 0.34929329, 0.34929469, 0.10975344
0.11027181, 0.36556503, 0.10968048, 0.0000000, 0.64051449, 2.9999347, 8.5557299, 9.8993912, 9.8994865, 19.858042, 19.858292, 19.858662, 19.858940, 0.24999949, 0.25640514, 0.27999935, 0.33555728, 0.34899390, 0.34899485, 0.34929019, 0.34929144, 0.34929329, 0.34929469, 0.10968048
0.11025168, 0.36532187, 0.10960753, 0.0000000, 0.64051449, 2.9999347, 8.5314112, 9.8993912, 9.8994865, 19.858042, 19.858292, 19.858662, 19.858940, 0.24999949, 0.25640514, 0.27999935, 0.33531410, 0.34899390, 0.34899485, 0.34929019, 0.34929144, 0.34929329, 0.34929469, 0.10960753
0.11023154, 0.36507872, 0.10953457, 0.0000000, 0.64051449, 2.9999347, 8.5070925, 9.8993912, 9.8994865, 19.858042, 19.858292, 19.858662, 19.858940, 0.24999949, 0.25640514, 0.27999935, 0.33507091, 0.34899390, 0.34899485, 0.34929019, 0.34929144, 0.34929329, 0.34929469, 0.10953457
0.11021140, 0.36483556, 0.10946161, 0.0000000, 0.64051449, 2.9999347, 8.4827738, 9.8993912, 9.8994865, 19.858042, 19.858292, 19.858662, 19.858940, 0.24999949, 0.25640514, 0.27999935, 0.33482772, 0.34899390, 0.34899485, 0.34929019, 0.34929144, 0.34929329, 0.34929469, 0.10946161
0.11019127, 0.36459237, 0.10938866, 0.0000000, 0.64051449, 2.9999347, 8.4584551, 9.8993912, 9.8994865, 19.858042, 19.858292, 19.858662, 19.858940, 0.24999949, 0.25640514, 0.27999935, 0.33458453, 0.34899390, 0.34899485, 0.34929019, 0.34929144, 0.34929329, 0.34929469, 0.10938866
0.11017113, 0.36434922, 0.10931570, 0.0000000, 0.64051449, 2.9999347, 8.4341364, 9.8993912, 9.8994865, 19.858042, 19.858292, 19.858662, 19.858940, 0.24999949, 0.25640514, 0.27999935, 0.33434135, 0.34899390, 0.34899485, 0.34929019, 0.34929144, 0.34929329, 0.34929469, 0.10931570
0.11015099, 0.36410606, 0.10924274, 0.0000000, 0.64051449, 2.9999347, 8.4098177, 9.8993912, 9.8994865, 19.858042, 19.858292, 19.858662, 19.858940, 0.24999949, 0.25640514, 0.27999935, 0.33409816, 0.34899390, 0.34899485, 0.34929019, 0.34929144, 0.34929329, 0.34929469, 0.10924274
0.11013086, 0.36386290, 0.10916979, 0.0000000, 0.64051449, 2.9999347, 8.3854990, 9.8993912, 9.8994865, 19.858042, 19.858292, 19.858662, 19.858940, 0.24999949, 0.25640514, 0.27999935, 0.33385497, 0.34899390, 0.34899485, 0.34929019, 0.34929144, 0.34929329, 0.34929469, 0.10916979
0.11011073, 0.36361974, 0.10909683, 0.0000000, 0.64051449, 2.9999347, 8.3611803, 9.8993912, 9.8994865, 19.858042, 19.858292, 19.858662, 19.858940, 0.24999949, 0.25640514, 0.27999935, 0.33361179, 0.34899390, 0.34899485, 0.34929019, 0.34929144, 0.34929329, 0.34929469, 0.10909683
0.11009059, 0.36337659, 0.10902388, 0.0000000, 0.64051449, 2.9999347, 8.3368616, 9.8993912, 9.8994865, 19.858042, 19.858292, 19.858662, 19.858940, 0.24999949, 0.25640514, 0.27999935, 0.33336860, 0.34899390, 0.34899485, 0.34929019, 0.34929144, 0.34929329, 0.34929469, 0.10902388
0.11007045, 0.36313340, 0.10895092, 0.0000000, 0.64051449, 2.9999347, 8.3125429, 9.8993912, 9.8994865, 19.858042, 19.858292, 19.858662, 19.858940, 0.24999949, 0.25640514, 0.27999935, 0.33312541, 0.34899390, 0.34899485, 0.34929019, 0.34929144, 0.34929329, 0.34929469, 0.10895092
0.11005032, 0.36289024, 0.10887796, 0.0000000, 0.64051449, 2.9999347, 8.2882242, 9.8993912, 9.8994865, 19.858042, 19.858292, 19.858662, 19.858940, 0.24999949, 0.25640514, 0.27999935, 0.33288223, 0.34899390, 0.34899485, 0.34929019, 0.34929144, 0.34929329, 0.34929469, 0.10887796
0.11003018, 0.36264709, 0.10880501, 0.0000000, 0.64051449, 2.9999347, 8.2639055, 9.8993912, 9.8994865, 19.858042, 19.858292, 19.858662, 19.858940, 0.24999949, 0.25640514, 0.27999935, 0.33263904, 0.34899390, 0.34899485, 0.34929019, 0.34929144, 0.34929329, 0.34929469, 0.10880501
0.11001004, 0.36240393, 0.10873205, 0.0000000, 0.64051449, 2.9999347, 8.2395868, 9.8993912, 9.8994865, 19.858042, 19.858292, 19.858662, 19.858940, 0.24999949, 0.25640514, 0.27999935, 0.33239585, 0.34899390, 0.34899485, 0.34929019, 0.34929144, 0.34929329, 0.34929469, 0.10873205
0.10998991, 0.36216077, 0.10865910, 0.0000000, 0.64051449, 2.9999347, 8.2152681, 9.8993912, 9.8994865, 19.858042, 19.858292, 19.858662, 19.858940, 0.24999949, 0.25640514, 0.27999935, 0.33215266, 0.34899390, 0.34899485, 0.34929019, 0.34929144, 0.34929329, 0.34929469, 0.10865910
0.10996977, 0.36191759, 0.10858614, 0.0000000, 0.64051449, 2.9999347, 8.1909494, 9.8993912, 9.8994865, 19.858042, 19.858292, 19.858662, 19.858940, 0.24999949, 0.25640514, 0.27999935, 0.33190948, 0.34899390, 0.34899485, 0.34929019, 0.34929144, 0.34929329, 0.34929469, 0.10858614
0.10994964, 0.36167443, 0.10851318, 0.0000000, 0.64051449, 2.9999347, 8.1666307, 9.8993912, 9.8994865, 19.858042, 19.858292, 19.858662, 19.858940, 0.24999949, 0.25640514, 0.27999935, 0.33166629, 0.34899390, 0.34899485, 0.34929019, 0.34929144, 0.34929329, 0.34929469, 0.10851318
0.10992950, 0.36143127, 0.10844023, 0.0000000, 0.64051449, 2.9999347, 8.1423120, 9.8993912, 9.8994865, 19.858042, 19.858292, 19.858662, 19.858940, 0.24999949, 0.25640514, 0.27999935, 0.33142310, 0.34899390, 0.34899485, 0.34929019, 0.34929144, 0.34929329, 0.34929469, 0.10844023
0.10990937, 0.36118811, 0.10836727, 0.0000000, 0.64051449, 2.9999347, 8.1179934, 9.8993912, 9.8994865, 19.858042, 19.858292, 19.858662, 19.858940, 0.24999949, 0.25640514, 0.27999935, 0.33117992, 0.34899390, 0.34899485, 0.34929019, 0.34929144, 0.34929329, 0.34929469, 0.10836727
0.10988923, 0.36094496, 0.10829432, 0.0000000, 0.64051449, 2.9999347, 8.0936747, 9.8993912, 9.8994865, 19.858042, 19.858292, 19.858662, 19.858940, 0.24999949, 0.25640514, 0.27999935, 0.33093673, 0.34899390, 0.34899485, 0.34929019, 0.34929144, 0.34929329, 0.34929469, 0.10829432
0.10986909, 0.36070180, 0.10822136, 0.0000000, 0.64051449, 2.9999347, 8.0693560, 9.8993912, 9.8994865, 19.858042, 19.858292, 19.858662, 19.858940, 0.24999949, 0.25640514, 0.27999935, 0.33069354, 0.34899390, 0.34899485, 0.34929019, 0.34929144, 0.34929329, 0.34929469, 0.10822136
0.10984896, 0.36045861, 0.10814840, 0.0000000, 0.64051449, 2.9999347, 8.0450373, 9.8993912, 9.8994865, 19.858042, 19.858292, 19.858662, 19.858940, 0.24999949, 0.25640514, 0.27999935, 0.33045036, 0.34899390, 0.34899485, 0.34929019, 0.34929144, 0.34929329, 0.34929469, 0.10814840
0.10982882, 0.36021546, 0.10807545, 0.0000000, 0.64051449, 2.9999347, 8.0207186, 9.8993912, 9.8994865, 19.858042, 19.858292, 19.858662, 19.858940, 0.24999949, 0.25640514, 0.27999935, 0.33020717, 0.34899390, 0.34899485, 0.34929019, 0.34929144, 0.34929329, 0.34929469, 0.10807545
0.10980869, 0.35997230, 0.10800249, 0.0000000, 0.64051449, 2.9999347, 7.9963994, 9.8993912, 9.8994865, 19.858042, 19.858292, 19.858662, 19.858940, 0.24999949, 0.25640514, 0.27999935, 0.32996398, 0.34899390, 0.34899485, 0.34929019, 0.34929144, 0.34929329, 0.34929469, 0.10800249
0.10978855, 0.35972914, 0.10792954, 0.0000000, 0.64051449, 2.9999347, 7.9720807, 9.8993912, 9.8994865, 19.858042, 19.858292, 19.858662, 19.858940, 0.24999949, 0.25640514, 0.27999935, 0.32972080, 0.34899390, 0.34899485, 0.34929019, 0.34929144, 0.34929329, 0.34929469, 0.10792954
0.10976841, 0.35948598, 0.10785658, 0.0000000, 0.64051449, 2.9999347, 7.9477620, 9.8993912, 9.8994865, 19.858042, 19.858292, 19.858662, 19.858940, 0.24999949, 0.25640514, 0.27999935, 0.32947761, 0.34899390, 0.34899485, 0.34929019, 0.34929144, 0.34929329, 0.34929469, 0.10785658
0.10974828, 0.35924280, 0.10778362, 0.0000000, 0.64051449, 2.9999347, 7.9234433, 9.8993912, 9.8994865, 19.858042, 19.858292, 19.858662, 19.858940, 0.24999949, 0.25640514, 0.27999935, 0.32923442, 0.34899390, 0.34899485, 0.34929019, 0.34929144, 0.34929329, 0.34929469, 0.10778362
0.10972814, 0.35899964, 0.10771067, 0.0000000, 0.64051449, 2.9999347, 7.8991246, 9.8993912, 9.8994865, 19.858042, 19.858292, 19.858662, 19.858940, 0.24999949, 0.25640514, 0.27999935, 0.32899123, 0.34899390, 0.34899485, 0.34929019, 0.34929144, 0.34929329, 0.34929469, 0.10771067
0.10970801, 0.35875648, 0.10763771, 0.0000000, 0.64051449, 2.9999347, 7.8748059, 9.8993912, 9.8994865, 19.858042, 19.858292, 19.858662, 19.858940, 0.24999949, 0.25640514, 0.27999935, 0.32874805, 0.34899390, 0.34899485, 0.34929019, 0.34929144, 0.34929329, 0.34929469, 0.10763771
0.10968787, 0.35851333, 0.10756475, 0.0000000, 0.64051449, 2.9999347, 7.8504872, 9.8993912, 9.8994865, 19.858042, 19.858292, 19.858662, 19.858940, 0.24999949, 0.25640514, 0.27999935, 0.32850486, 0.34899390, 0.34899485, 0.34929019, 0.34929144, 0.34929329, 0.34929469, 0.10756475
0.10966773, 0.35827017, 0.10749180, 0.0000000, 0.64051449, 2.9999347, 7.8261685, 9.8993912, 9.8994865, 19.858042, 19.858292, 19.858662, 19.858940, 0.24999949, 0.25640514, 0.27999935, 0.32826167, 0.34899390, 0.34899485, 0.34929019, 0.34929144, 0.34929329, 0.34929469, 0.10749180
0.10964760, 0.35802701, 0.10741884, 0.0000000, 0.64051449, 2.9999347, 7.8018498, 9.8993912, 9.8994865, 19.858042, 19.858292, 19.858662, 19.858940, 0.24999949, 0.25640514, 0.27999935, 0.32801849, 0.34899390, 0.34899485, 0.34929019, 0.34929144, 0.34929329, 0.34929469, 0.10741884
0.10962746, 0.35778382, 0.10734589, 0.0000000, 0.64051449, 2.9999347, 7.7775311, 9.8993912, 9.8994865, 19.858042, 19.858292, 19.858662, 19.858940, 0.24999949, 0.25640514, 0.27999935, 0.32777530, 0.34899390, 0.34899485, 0.34929019, 0.34929144, 0.34929329, 0.34929469, 0.10734589
0.10960733, 0.35754067, 0.10727293, 0.0000000, 0.64051449, 2.9999347, 7.7532125, 9.8993912, 9.8994865, 19.858042, 19.858292, 19.858662, 19.858940, 0.24999949, 0.25640514, 0.27999935, 0.32753211, 0.34899390, 0.34899485, 0.34929019, 0.34929144, 0.34929329, 0.34929469, 0.10727293
0.10958719, 0.35729751, 0.10719997, 0.0000000, 0.64051449, 2.9999347, 7.7288938, 9.8993912, 9.8994865, 19.858042, 19.858292, 19.858662, 19.858940, 0.24999949, 0.25640514, 0.27999935, 0.32728893, 0.34899390, 0.34899485, 0.34929019, 0.34929144, 0.34929329, 0.34929469, 0.10719997
0.10956705, 0.35705435, 0.10712702, 0.0000000, 0.64051449, 2.9999347, 7.7045751, 9.8993912, 9.8994865, 19.858042, 19.858292, 19.858662, 19.858940, 0.24999949, 0.25640514, 0.27999935, 0.32704574, 0.34899390, 0.34899485, 0.34929019, 0.34929144, 0.34929329, 0.34929469, 0.10712702
0.10954692, 0.35681120, 0.10705406, 0.0000000, 0.64051449, 2.9999347, 7.6802564, 9.8993912, 9.8994865, 19.858042, 19.858292, 19.858662, 19.858940, 0.24999949, 0.25640514, 0.27999935, 0.32680255, 0.34899390, 0.34899485, 0.34929019, 0.34929144, 0.34929329, 0.34929469, 0.10705406
0.10952678, 0.35656801, 0.10698111, 0.0000000, 0.64051449, 2.9999347, 7.6559377, 9.8993912, 9.8994865, 19.858042, 19.858292, 19.858662, 19.858940, 0.24999949, 0.25640514, 0.27999935, 0.32655936, 0.34899390, 0.34899485, 0.34929019, 0.34929144, 0.34929329, 0.34929469, 0.10698111
0.10950665, 0.35632485, 0.10690815, 0.0000000, 0.64051449, 2.9999347, 7.6316190, 9.8993912, 9.8994865, 19.858042, 19.858292, 19.858662, 19.858940, 0.24999949, 0.25640514, 0.27999935, 0.32631618, 0.34899390, 0.34899485, 0.34929019, 0.34929144, 0.34929329, 0.34929469, 0.10690815
0.10948651, 0.35608169, 0.10683519, 0.0000000, 0.64051449, 2.9999347, 7.6073003, 9.8993912, 9.8994865, 19.858042, 19.858292, 19.858662, 19.858940, 0.24999949, 0.25640514, 0.27999935, 0.32607299, 0.34899390, 0.34899485, 0.34929019, 0.34929144, 0.34929329, 0.34929469, 0.10683519
0.10946637, 0.35583854, 0.10676224, 0.0000000, 0.64051449, 2.9999347, 7.5829816, 9.8993912, 9.8994865, 19.858042, 19.858292, 19.858662, 19.858940, 0.24999949, 0.25640514, 0.27999935, 0.32582980, 0.34899390, 0.34899485, 0.34929019, 0.34929144, 0.34929329, 0.34929469, 0.10676224
0.10944624, 0.35559538, 0.10668928, 0.0000000, 0.64051449, 2.9999347, 7.5586629, 9.8993912, 9.8994865, 19.858042, 19.858292, 19.858662, 19.858940, 0.24999949, 0.25640514, 0.27999935, 0.32558662, 0.34899390, 0.34899485, 0.34929019, 0.34929144, 0.34929329, 0.34929469, 0.10668928
0.10942610, 0.35535219, 0.10661633, 0.0000000, 0.64051449, 2.9999347, 7.5343442, 9.8993912, 9.8994865, 19.858042, 19.858292, 19.858662, 19.858940, 0.24999949, 0.25640514, 0.27999935, 0.32534343, 0.34899390, 0.34899485, 0.34929019, 0.34929144, 0.34929329, 0.34929469, 0.10661633
0.10940597, 0.35510904, 0.10654337, 0.0000000, 0.64051449, 2.9999347, 7.5100255, 9.8993912, 9.8994865, 19.858042, 19.858292, 19.858662, 19.858940, 0.24999949, 0.25640514, 0.27999935, 0.32510024, 0.34899390, 0.34899485, 0.34929019, 0.34929144, 0.34929329, 0.34929469, 0.10654337
0.10938583, 0.35486588, 0.10647041, 0.0000000, 0.64051449, 2.9999347, 7.4857068, 9.8993912, 9.8994865, 19.858042, 19.858292, 19.858662, 19.858940, 0.24999949, 0.25640514, 0.27999935, 0.32485706, 0.34899390, 0.34899485, 0.34929019, 0.34929144, 0.34929329, 0.34929469, 0.10647041
0.10936569, 0.35462272, 0.10639746, 0.0000000, 0.64051449, 2.9999347, 7.4613881, 9.8993912, 9.8994865, 19.858042, 19.858292, 19.858662, 19.858940, 0.24999949, 0.25640514, 0.27999935, 0.32461387, 0.34899390, 0.34899485, 0.34929019, 0.34929144, 0.34929329, 0.34929469, 0.10639746
0.10934556, 0.35437956, 0.10632450, 0.0000000, 0.64051449, 2.9999347, 7.4370694, 9.8993912, 9.8994865, 19.858042, 19.858292, 19.858662, 19.858940, 0.24999949, 0.25640514, 0.27999935, 0.32437068, 0.34899390, 0.34899485, 0.34929019, 0.34929144, 0.34929329, 0.34929469, 0.10632450
0.10932542, 0.35413641, 0.10625155, 0.0000000, 0.64051449, 2.9999347, 7.4127507, 9.8993912, 9.8994865, 19.858042, 19.858292, 19.858662, 19.858940, 0.24999949, 0.25640514, 0.27999935, 0.32412750, 0.34899390, 0.34899485, 0.34929019, 0.34929144, 0.34929329, 0.34929469, 0.10625155
0.10930529, 0.35389322, 0.10617859, 0.0000000, 0.64051449, 2.9999347, 7.3884320, 9.8993912, 9.8994865, 19.858042, 19.858292, 19.858662, 19.858940, 0.24999949, 0.25640514, 0.27999935, 0.32388431, 0.34899390, 0.34899485, 0.34929019, 0.34929144, 0.34929329, 0.34929469, 0.10617859
0.10928515, 0.35365006, 0.10610563, 0.0000000, 0.64051449, 2.9999347, 7.3641133, 9.8993912, 9.8994865, 19.858042, 19.858292, 19.858662, 19.858940, 0.24999949, 0.25640514, 0.27999935, 0.32364112, 0.34899390, 0.34899485, 0.34929019, 0.34929144, 0.34929329, 0.34929469, 0.10610563
0.10926501, 0.35340691, 0.10603268, 0.0000000, 0.64051449, 2.9999347, 7.3397946, 9.8993912, 9.8994865, 19.858042, 19.858292, 19.858662, 19.858940, 0.24999949, 0.25640514, 0.27999935, 0.32339793, 0.34899390, 0.34899485, 0.34929019, 0.34929144, 0.34929329, 0.34929469, 0.10603268
0.10924488, 0.35316375, 0.10595972, 0.0000000, 0.64051449, 2.9999347, 7.3154759, 9.8993912, 9.8994865, 19.858042, 19.858292, 19.858662, 19.858940, 0.24999949, 0.25640514, 0.27999935, 0.32315475, 0.34899390, 0.34899485, 0.34929019, 0.34929144, 0.34929329, 0.34929469, 0.10595972
0.10922475, 0.35292059, 0.10588676, 0.0000000, 0.64051449, 2.9999347, 7.2911572, 9.8993912, 9.8994865, 19.858042, 19.858292, 19.858662, 19.858940, 0.24999949, 0.25640514, 0.27999935, 0.32291156, 0.34899390, 0.34899485, 0.34929019, 0.34929144, 0.34929329, 0.34929469, 0.10588676
0.10920461, 0.35267740, 0.10581381, 0.0000000, 0.64051449, 2.9999347, 7.2668386, 9.8993912, 9.8994865, 19.858042, 19.858292, 19.858662, 19.858940, 0.24999949, 0.25640514, 0.27999935, 0.32266837, 0.34899390, 0.34899485, 0.34929019, 0.34929144, 0.34929329, 0.34929469, 0.10581381
0.10918447, 0.35243425, 0.10574085, 0.0000000, 0.64051449, 2.9999347, 7.2425199, 9.8993912, 9.8994865, 19.858042, 19.858292, 19.858662, 19.858940, 0.24999949, 0.25640514, 0.27999935, 0.32242519, 0.34899390, 0.34899485, 0.34929019, 0.34929144, 0.34929329, 0.34929469, 0.10574085
0.10916434, 0.35219109, 0.10566790, 0.0000000, 0.64051449, 2.9999347, 7.2182012, 9.8993912, 9.8994865, 19.858042, 19.858292, 19.858662, 19.858940, 0.24999949, 0.25640514, 0.27999935, 0.32218200, 0.34899390, 0.34899485, 0.34929019, 0.34929144, 0.34929329, 0.34929469, 0.10566790
0.10914420, 0.35194793, 0.10559494, 0.0000000, 0.64051449, 2.9999347, 7.1938825, 9.8993912, 9.8994865, 19.858042, 19.858292, 19.858662, 19.858940, 0.24999949, 0.25640514, 0.27999935, 0.32193881, 0.34899390, 0.34899485, 0.34929019, 0.34929144, 0.34929329, 0.34929469, 0.10559494
0.10912406, 0.35170478, 0.10552198, 0.0000000, 0.64051449, 2.9999347, 7.1695638, 9.8993912, 9.8994865, 19.858042, 19.858292, 19.858662, 19.858940, 0.24999949, 0.25640514, 0.27999935, 0.32169563, 0.34899390, 0.34899485, 0.34929019, 0.34929144, 0.34929329, 0.34929469, 0.10552198
0.10910393, 0.35146162, 0.10544903, 0.0000000, 0.64051449, 2.9999347, 7.1452451, 9.8993912, 9.8994865, 19.858042, 19.858292, 19.858662, 19.858940, 0.24999949, 0.25640514, 0.27999935, 0.32145244, 0.34899390, 0.34899485, 0.34929019, 0.34929144, 0.34929329, 0.34929469, 0.10544903
0.10908380, 0.35121843, 0.10537607, 0.0000000, 0.64051449, 2.9999347, 7.1209264, 9.8993912, 9.8994865, 19.858042, 19.858292, 19.858662, 19.858940, 0.24999949, 0.25640514, 0.27999935, 0.32120925, 0.34899390, 0.34899485, 0.34929019, 0.34929144, 0.34929329, 0.34929469, 0.10537607
0.10906366, 0.35097528, 0.10530312, 0.0000000, 0.64051449, 2.9999347, 7.0966077, 9.8993912, 9.8994865, 19.858042, 19.858292, 19.858662, 19.858940, 0.24999949, 0.25640514, 0.27999935, 0.32096606, 0.34899390, 0.34899485, 0.34929019, 0.34929144, 0.34929329, 0.34929469, 0.10530312
0.10904352, 0.35073212, 0.10523016, 0.0000000, 0.64051449, 2.9999347, 7.0722890, 9.8993912, 9.8994865, 19.858042, 19.858292, 19.858662, 19.858940, 0.24999949, 0.25640514, 0.27999935, 0.32072288, 0.34899390, 0.34899485, 0.34929019, 0.34929144, 0.34929329, 0.34929469, 0.10523016
0.10902339, 0.35048896, 0.10515720, 0.0000000, 0.64051449, 2.9999347, 7.0479703, 9.8993912, 9.8994865, 19.858042, 19.858292, 19.858662, 19.858940, 0.24999949, 0.25640514, 0.27999935, 0.32047969, 0.34899390, 0.34899485, 0.34929019, 0.34929144, 0.34929329, 0.34929469, 0.10515720
0.10900325, 0.35024580, 0.10508425, 0.0000000, 0.64051449, 2.9999347, 7.0236516, 9.8993912, 9.8994865, 19.858042, 19.858292, 19.858662, 19.858940, 0.24999949, 0.25640514, 0.27999935, 0.32023650, 0.34899390, 0.34899485, 0.34929019, 0.34929144, 0.34929329, 0.34929469, 0.10508425
0.10898311, 0.35000262, 0.10501129, 0.0000000, 0.64051449, 2.9999347, 6.9993329, 9.8993912, 9.8994865, 19.858042, 19.858292, 19.858662, 19.858940, 0.24999949, 0.25640514, 0.27999935, 0.31999332, 0.34899390, 0.34899485, 0.34929019, 0.34929144, 0.34929329, 0.34929469, 0.10501129
0.10896298, 0.34975946, 0.10493834, 0.0000000, 0.64051449, 2.9999347, 6.9750142, 9.8993912, 9.8994865, 19.858042, 19.858292, 19.858662, 19.858940, 0.24999949, 0.25640514, 0.27999935, 0.31975013, 0.34899390, 0.34899485, 0.34929019, 0.34929144, 0.34929329, 0.34929469, 0.10493834
0.10894284, 0.34951630, 0.10486538, 0.0000000, 0.64051449, 2.9999347, 6.9506955, 9.8993912, 9.8994865, 19.858042, 19.858292, 19.858662, 19.858940, 0.24999949, 0.25640514, 0.27999935, 0.31950694, 0.34899390, 0.34899485, 0.34929019, 0.34929144, 0.34929329, 0.34929469, 0.10486538
0.10892271, 0.34927315, 0.10479242, 0.0000000, 0.64051449, 2.9999347, 6.9263768, 9.8993912, 9.8994865, 19.858042, 19.858292, 19.858662, 19.858940, 0.24999949, 0.25640514, 0.27999935, 0.31926376, 0.34899390, 0.34899485, 0.34929019, 0.34929144, 0.34929329, 0.34929469, 0.10479242
0.10890257, 0.34902999, 0.10471947, 0.0000000, 0.64051449, 2.9999347, 6.9020581, 9.8993912, 9.8994865, 19.858042, 19.858292, 19.858662, 19.858940, 0.24999949, 0.25640514, 0.27999935, 0.31902057, 0.34899390, 0.34899485, 0.34929019, 0.34929144, 0.34929329, 0.34929469, 0.10471947
0.10888244, 0.34878683, 0.10464651, 0.0000000, 0.64051449, 2.9999347, 6.8777394, 9.8993912, 9.8994865, 19.858042, 19.858292, 19.858662, 19.858940, 0.24999949, 0.25640514, 0.27999935, 0.31877738, 0.34899390, 0.34899485, 0.34929019, 0.34929144, 0.34929329, 0.34929469, 0.10464651
0.10886230, 0.34854364, 0.10457356, 0.0000000, 0.64051449, 2.9999347, 6.8534207, 9.8993912, 9.8994865, 19.858042, 19.858292, 19.858662, 19.858940, 0.24999949, 0.25640514, 0.27999935, 0.31853420, 0.34899390, 0.34899485, 0.34929019, 0.34929144, 0.34929329, 0.34929469, 0.10457356
0.10884216, 0.34830049, 0.10450060, 0.0000000, 0.64051449, 2.9999347, 6.8291020, 9.8993912, 9.8994865, 19.858042, 19.858292, 19.858662, 19.858940, 0.24999949, 0.25640514, 0.27999935, 0.31829101, 0.34899390, 0.34899485, 0.34929019, 0.34929144, 0.34929329, 0.34929469, 0.10450060
0.10882203, 0.34805733, 0.10442764, 0.0000000, 0.64051449, 2.9999347, 6.8047833, 9.8993912, 9.8994865, 19.858042, 19.858292, 19.858662, 19.858940, 0.24999949, 0.25640514, 0.27999935, 0.31804782, 0.34899390, 0.34899485, 0.34929019, 0.34929144, 0.34929329, 0.34929469, 0.10442764
0.10880189, 0.34781417, 0.10435469, 0.0000000, 0.64051449, 2.9999347, 6.7804646, 9.8993912, 9.8994865, 19.858042, 19.858292, 19.858662, 19.858940, 0.24999949, 0.25640514, 0.27999935, 0.31780463, 0.34899390, 0.34899485, 0.34929019, 0.34929144, 0.34929329, 0.34929469, 0.10435469
0.10878175, 0.34757102, 0.10428173, 0.0000000, 0.64051449, 2.9999347, 6.7561460, 9.8993912, 9.8994865, 19.858042, 19.858292, 19.858662, 19.858940, 0.24999949, 0.25640514, 0.27999935, 0.31756145, 0.34899390, 0.34899485, 0.34929019, 0.34929144, 0.34929329, 0.34929469, 0.10428173
0.10876162, 0.34732783, 0.10420877, 0.0000000, 0.64051449, 2.9999347, 6.7318273, 9.8993912, 9.8994865, 19.858042, 19.858292, 19.858662, 19.858940, 0.24999949, 0.25640514, 0.27999935, 0.31731826, 0.34899390, 0.34899485, 0.34929019, 0.34929144, 0.34929329, 0.34929469, 0.10420877
0.10874148, 0.34708467, 0.10413582, 0.0000000, 0.64051449, 2.9999347, 6.7075086, 9.8993912, 9.8994865, 19.858042, 19.858292, 19.858662, 19.858940, 0.24999949, 0.25640514, 0.27999935, 0.31707507, 0.34899390, 0.34899485, 0.34929019, 0.34929144, 0.34929329, 0.34929469, 0.10413582
0.10872135, 0.34684151, 0.10406286, 0.0000000, 0.64051449, 2.9999347, 6.6831899, 9.8993912, 9.8994865, 19.858042, 19.858292, 19.858662, 19.858940, 0.24999949, 0.25640514, 0.27999935, 0.31683189, 0.34899390, 0.34899485, 0.34929019, 0.34929144, 0.34929329, 0.34929469, 0.10406286
0.10870121, 0.34659836, 0.10398991, 0.0000000, 0.64051449, 2.9999347, 6.6588712, 9.8993912, 9.8994865, 19.858042, 19.858292, 19.858662, 19.858940, 0.24999949, 0.25640514, 0.27999935, 0.31658870, 0.34899390, 0.34899485, 0.34929019, 0.34929144, 0.34929329, 0.34929469, 0.10398991
0.10868108, 0.34635520, 0.10391695, 0.0000000, 0.64051449, 2.9999347, 6.6345525, 9.8993912, 9.8994865, 19.858042, 19.858292, 19.858662, 19.858940, 0.24999949, 0.25640514, 0.27999935, 0.31634551, 0.34899390, 0.34899485, 0.34929019, 0.34929144, 0.34929329, 0.34929469, 0.10391695
0.10866094, 0.34611201, 0.10384399, 0.0000000, 0.64051449, 2.9999347, 6.6102338, 9.8993912, 9.8994865, 19.858042, 19.858292, 19.858662, 19.858940, 0.24999949, 0.25640514, 0.27999935, 0.31610233, 0.34899390, 0.34899485, 0.34929019, 0.34929144, 0.34929329, 0.34929469, 0.10384399
0.10864080, 0.34586886, 0.10377104, 0.0000000, 0.64051449, 2.9999347, 6.5859151, 9.8993912, 9.8994865, 19.858042, 19.858292, 19.858662, 19.858940, 0.24999949, 0.25640514, 0.27999935, 0.31585914, 0.34899390, 0.34899485, 0.34929019, 0.34929144, 0.34929329, 0.34929469, 0.10377104
0.10862067, 0.34562570, 0.10369808, 0.0000000, 0.64051449, 2.9999347, 6.5615964, 9.8993912, 9.8994865, 19.858042, 19.858292, 19.858662, 19.858940, 0.24999949, 0.25640514, 0.27999935, 0.31561595, 0.34899390, 0.34899485, 0.34929019, 0.34929144, 0.34929329, 0.34929469, 0.10369808
0.10860053, 0.34538254, 0.10362513, 0.0000000, 0.64051449, 2.9999347, 6.5372777, 9.8993912, 9.8994865, 19.858042, 19.858292, 19.858662, 19.858940, 0.24999949, 0.25640514, 0.27999935, 0.31537277, 0.34899390, 0.34899485, 0.34929019, 0.34929144, 0.34929329, 0.34929469, 0.10362513
0.10858040, 0.34513938, 0.10355217, 0.0000000, 0.64051449, 2.9999347, 6.5129590, 9.8993912, 9.8994865, 19.858042, 19.858292, 19.858662, 19.858940, 0.24999949, 0.25640514, 0.27999935, 0.31512958, 0.34899390, 0.34899485, 0.34929019, 0.34929144, 0.34929329, 0.34929469, 0.10355217
0.10856026, 0.34489623, 0.10347921, 0.0000000, 0.64051449, 2.9999347, 6.4886403, 9.8993912, 9.8994865, 19.858042, 19.858292, 19.858662, 19.858940, 0.24999949, 0.25640514, 0.27999935, 0.31488639, 0.34899390, 0.34899485, 0.34929019, 0.34929144, 0.34929329, 0.34929469, 0.10347921
0.10854013, 0.34465304, 0.10340626, 0.0000000, 0.64051449, 2.9999347, 6.4643216, 9.8993912, 9.8994865, 19.858042, 19.858292, 19.858662, 19.858940, 0.24999949, 0.25640514, 0.27999935, 0.31464320, 0.34899390, 0.34899485, 0.34929019, 0.34929144, 0.34929329, 0.34929469, 0.10340626
0.10851999, 0.34440988, 0.10333330, 0.0000000, 0.64051449, 2.9999347, 6.4400029, 9.8993912, 9.8994865, 19.858042, 19.858292, 19.858662, 19.858940, 0.24999949, 0.25640514, 0.27999935, 0.31440002, 0.34899390, 0.34899485, 0.34929019, 0.34929144, 0.34929329, 0.34929469, 0.10333330
0.10849985, 0.34416673, 0.10326035, 0.0000000, 0.64051449, 2.9999347, 6.4156842, 9.8993912, 9.8994865, 19.858042, 19.858292, 19.858662, 19.858940, 0.24999949, 0.25640514, 0.27999935, 0.31415683, 0.34899390, 0.34899485, 0.34929019, 0.34929144, 0.34929329, 0.34929469, 0.10326035
0.10847972, 0.34392357, 0.10318739, 0.0000000, 0.64051449, 2.9999347, 6.3913655, 9.8993912, 9.8994865, 19.858042, 19.858292, 19.858662, 19.858940, 0.24999949, 0.25640514, 0.27999935, 0.31391364, 0.34899390, 0.34899485, 0.34929019, 0.34929144, 0.34929329, 0.34929469, 0.10318739
0.10845958, 0.34368041, 0.10311443, 0.0000000, 0.64051449, 2.9999347, 6.3670468, 9.8993912, 9.8994865, 19.858042, 19.858292, 19.858662, 19.858940, 0.24999949, 0.25640514, 0.27999935, 0.31367046, 0.34899390, 0.34899485, 0.34929019, 0.34929144, 0.34929329, 0.34929469, 0.10311443
0.10843945, 0.34343722, 0.10304148, 0.0000000, 0.64051449, 2.9999347, 6.3427281, 9.8993912, 9.8994865, 19.858042, 19.858292, 19.858662, 19.858940, 0.24999949, 0.25640514, 0.27999935, 0.31342727, 0.34899390, 0.34899485, 0.34929019, 0.34929144, 0.34929329, 0.34929469, 0.10304148
0.10841931, 0.34319407, 0.10296852, 0.0000000, 0.64051449, 2.9999347, 6.3184094, 9.8993912, 9.8994865, 19.858042, 19.858292, 19.858662, 19.858940, 0.24999949, 0.25640514, 0.27999935, 0.31318408, 0.34899390, 0.34899485, 0.34929019, 0.34929144, 0.34929329, 0.34929469, 0.10296852
0.10839918, 0.34295091, 0.10289557, 0.0000000, 0.64051449, 2.9999347, 6.2940907, 9.8993912, 9.8994865, 19.858042, 19.858292, 19.858662, 19.858940, 0.24999949, 0.25640514, 0.27999935, 0.31294090, 0.34899390, 0.34899485, 0.34929019, 0.34929144, 0.34929329, 0.34929469, 0.10289557
0.10837904, 0.34270775, 0.10282261, 0.0000000, 0.64051449, 2.9999347, 6.2697721, 9.8993912, 9.8994865, 19.858042, 19.858292, 19.858662, 19.858940, 0.24999949, 0.25640514, 0.27999935, 0.31269771, 0.34899390, 0.34899485, 0.34929019, 0.34929144, 0.34929329, 0.34929469, 0.10282261
0.10835890, 0.34246460, 0.10274965, 0.0000000, 0.64051449, 2.9999347, 6.2454534, 9.8993912, 9.8994865, 19.858042, 19.858292, 19.858662, 19.858940, 0.24999949, 0.25640514, 0.27999935, 0.31245452, 0.34899390, 0.34899485, 0.34929019, 0.34929144, 0.34929329, 0.34929469, 0.10274965
0.10833877, 0.34222144, 0.10267670, 0.0000000, 0.64051449, 2.9999347, 6.2211347, 9.8993912, 9.8994865, 19.858042, 19.858292, 19.858662, 19.858940, 0.24999949, 0.25640514, 0.27999935, 0.31221133, 0.34899390, 0.34899485, 0.34929019, 0.34929144, 0.34929329, 0.34929469, 0.10267670
0.10831863, 0.34197825, 0.10260374, 0.0000000, 0.64051449, 2.9999347, 6.1968160, 9.8993912, 9.8994865, 19.858042, 19.858292, 19.858662, 19.858940, 0.24999949, 0.25640514, 0.27999935, 0.31196815, 0.34899390, 0.34899485, 0.34929019, 0.34929144, 0.34929329, 0.34929469, 0.10260374
0.10829850, 0.34173509, 0.10253078, 0.0000000, 0.64051449, 2.9999347, 6.1724973, 9.8993912, 9.8994865, 19.858042, 19.858292, 19.858662, 19.858940, 0.24999949, 0.25640514, 0.27999935, 0.31172496, 0.34899390, 0.34899485, 0.34929019, 0.34929144, 0.34929329, 0.34929469, 0.10253078
0.10827836, 0.34149194, 0.10245783, 0.0000000, 0.64051449, 2.9999347, 6.1481786, 9.8993912, 9.8994865, 19.858042, 19.858292, 19.858662, 19.858940, 0.24999949, 0.25640514, 0.27999935, 0.31148177, 0.34899390, 0.34899485, 0.34929019, 0.34929144, 0.34929329, 0.34929469, 0.10245783
0.10825823, 0.34124878, 0.10238487, 0.0000000, 0.64051449, 2.9999347, 6.1238599, 9.8993912, 9.8994865, 19.858042, 19.858292, 19.858662, 19.858940, 0.24999949, 0.25640514, 0.27999935, 0.31123859, 0.34899390, 0.34899485, 0.34929019, 0.34929144, 0.34929329, 0.34929469, 0.10238487
0.10823809, 0.34100562, 0.10231192, 0.0000000, 0.64051449, 2.9999347, 6.0995412, 9.8993912, 9.8994865, 19.858042, 19.858292, 19.858662, 19.858940, 0.24999949, 0.25640514, 0.27999935, 0.31099540, 0.34899390, 0.34899485, 0.34929019, 0.34929144, 0.34929329, 0.34929469, 0.10231192
0.10821795, 0.34076244, 0.10223896, 0.0000000, 0.64051449, 2.9999347, 6.0752225, 9.8993912, 9.8994865, 19.858042, 19.858292, 19.858662, 19.858940, 0.24999949, 0.25640514, 0.27999935, 0.31075221, 0.34899390, 0.34899485, 0.34929019, 0.34929144, 0.34929329, 0.34929469, 0.10223896
0.10819782, 0.34051928, 0.10216600, 0.0000000, 0.64051449, 2.9999347, 6.0509038, 9.8993912, 9.8994865, 19.858042, 19.858292, 19.858662, 19.858940, 0.24999949, 0.25640514, 0.27999935, 0.31050903, 0.34899390, 0.34899485, 0.34929019, 0.34929144, 0.34929329, 0.34929469, 0.10216600
0.10817768, 0.34027612, 0.10209305, 0.0000000, 0.64051449, 2.9999347, 6.0265851, 9.8993912, 9.8994865, 19.858042, 19.858292, 19.858662, 19.858940, 0.24999949, 0.25640514, 0.27999935, 0.31026584, 0.34899390, 0.34899485, 0.34929019, 0.34929144, 0.34929329, 0.34929469, 0.10209305
0.10815755, 0.34003296, 0.10202009, 0.0000000, 0.64051449, 2.9999347, 6.0022664, 9.8993912, 9.8994865, 19.858042, 19.858292, 19.858662, 19.858940, 0.24999949, 0.25640514, 0.27999935, 0.31002265, 0.34899390, 0.34899485, 0.34929019, 0.34929144, 0.34929329, 0.34929469, 0.10202009
0.10813741, 0.33978981, 0.10194714, 0.0000000, 0.64051449, 2.9999347, 5.9779477, 9.8993912, 9.8994865, 19.858042, 19.858292, 19.858662, 19.858940, 0.24999949, 0.25640514, 0.27999935, 0.30977947, 0.34899390, 0.34899485, 0.34929019, 0.34929144, 0.34929329, 0.34929469, 0.10194714
0.10811727, 0.33954665, 0.10187418, 0.0000000, 0.64051449, 2.9999347, 5.9536290, 9.8993912, 9.8994865, 19.858042, 19.858292, 19.858662, 19.858940, 0.24999949, 0.25640514, 0.27999935, 0.30953628, 0.34899390, 0.34899485, 0.34929019, 0.34929144, 0.34929329, 0.34929469, 0.10187418
0.10809714, 0.33930346, 0.10180122, 0.0000000, 0.64051449, 2.9999347, 5.9293103, 9.8993912, 9.8994865, 19.858042, 19.858292, 19.858662, 19.858940, 0.24999949, 0.25640514, 0.27999935, 0.30929309, 0.34899390, 0.34899485, 0.34929019, 0.34929144, 0.34929329, 0.34929469, 0.10180122
0.10807700, 0.33906031, 0.10172827, 0.0000000, 0.64051449, 2.9999347, 5.9049916, 9.8993912, 9.8994865, 19.858042, 19.858292, 19.858662, 19.858940, 0.24999949, 0.25640514, 0.27999935, 0.30904990, 0.34899390, 0.34899485, 0.34929019, 0.34929144, 0.34929329, 0.34929469, 0.10172827
0.10805687, 0.33881715, 0.10165531, 0.0000000, 0.64051449, 2.9999347, 5.8806729, 9.8993912, 9.8994865, 19.858042, 19.858292, 19.858662, 19.858940, 0.24999949, 0.25640514, 0.27999935, 0.30880672, 0.34899390, 0.34899485, 0.34929019, 0.34929144, 0.34929329, 0.34929469, 0.10165531
0.10803673, 0.33857399, 0.10158236, 0.0000000, 0.64051449, 2.9999347, 5.8563542, 9.8993912, 9.8994865, 19.858042, 19.858292, 19.858662, 19.858940, 0.24999949, 0.25640514, 0.27999935, 0.30856353, 0.34899390, 0.34899485, 0.34929019, 0.34929144, 0.34929329, 0.34929469, 0.10158236
0.10801660, 0.33833084, 0.10150940, 0.0000000, 0.64051449, 2.9999347, 5.8320355, 9.8993912, 9.8994865, 19.858042, 19.858292, 19.858662, 19.858940, 0.24999949, 0.25640514, 0.27999935, 0.30832034, 0.34899390, 0.34899485, 0.34929019, 0.34929144, 0.34929329, 0.34929469, 0.10150940
0.10799646, 0.33808765, 0.10143644, 0.0000000, 0.64051449, 2.9999347, 5.8077168, 9.8993912, 9.8994865, 19.858042, 19.858292, 19.858662, 19.858940, 0.24999949, 0.25640514, 0.27999935, 0.30807716, 0.34899390, 0.34899485, 0.34929019, 0.34929144, 0.34929329, 0.34929469, 0.10143644
0.10797632, 0.33784449, 0.10136349, 0.0000000, 0.64051449, 2.9999347, 5.7833982, 9.8993912, 9.8994865, 19.858042, 19.858292, 19.858662, 19.858940, 0.24999949, 0.25640514, 0.27999935, 0.30783397, 0.34899390, 0.34899485, 0.34929019, 0.34929144, 0.34929329, 0.34929469, 0.10136349
0.10795619, 0.33760133, 0.10129053, 0.0000000, 0.64051449, 2.9999347, 5.7590795, 9.8993912, 9.8994865, 19.858042, 19.858292, 19.858662, 19.858940, 0.24999949, 0.25640514, 0.27999935, 0.30759078, 0.34899390, 0.34899485, 0.34929019, 0.34929144, 0.34929329, 0.34929469, 0.10129053
0.10793605, 0.33735818, 0.10121758, 0.0000000, 0.64051449, 2.9999347, 5.7347608, 9.8993912, 9.8994865, 19.858042, 19.858292, 19.858662, 19.858940, 0.24999949, 0.25640514, 0.27999935, 0.30734760, 0.34899390, 0.34899485, 0.34929019, 0.34929144, 0.34929329, 0.34929469, 0.10121758
0.10791592, 0.33711502, 0.10114462, 0.0000000, 0.64051449, 2.9999347, 5.7104421, 9.8993912, 9.8994865, 19.858042, 19.858292, 19.858662, 19.858940, 0.24999949, 0.25640514, 0.27999935, 0.30710441, 0.34899390, 0.34899485, 0.34929019, 0.34929144, 0.34929329, 0.34929469, 0.10114462
0.10789578, 0.33687186, 0.10107166, 0.0000000, 0.64051449, 2.9999347, 5.6861234, 9.8993912, 9.8994865, 19.858042, 19.858292, 19.858662, 19.858940, 0.24999949, 0.25640514, 0.27999935, 0.30686122, 0.34899390, 0.34899485, 0.34929019, 0.34929144, 0.34929329, 0.34929469, 0.10107166
0.10787565, 0.33662868, 0.10099871, 0.0000000, 0.64051449, 2.9999347, 5.6618047, 9.8993912, 9.8994865, 19.858042, 19.858292, 19.858662, 19.858940, 0.24999949, 0.25640514, 0.27999935, 0.30661803, 0.34899390, 0.34899485, 0.34929019, 0.34929144, 0.34929329, 0.34929469, 0.10099871
0.10785551, 0.33638552, 0.10092575, 0.0000000, 0.64051449, 2.9999347, 5.6374860, 9.8993912, 9.8994865, 19.858042, 19.858292, 19.858662, 19.858940, 0.24999949, 0.25640514, 0.27999935, 0.30637485, 0.34899390, 0.34899485, 0.34929019, 0.34929144, 0.34929329, 0.34929469, 0.10092575
0.10783537, 0.33614236, 0.10085279, 0.0000000, 0.64051449, 2.9999347, 5.6131673, 9.8993912, 9.8994865, 19.858042, 19.858292, 19.858662, 19.858940, 0.24999949, 0.25640514, 0.27999935, 0.30613166, 0.34899390, 0.34899485, 0.34929019, 0.34929144, 0.34929329, 0.34929469, 0.10085279
0.10781524, 0.33589920, 0.10077984, 0.0000000, 0.64051449, 2.9999347, 5.5888486, 9.8993912, 9.8994865, 19.858042, 19.858292, 19.858662, 19.858940, 0.24999949, 0.25640514, 0.27999935, 0.30588847, 0.34899390, 0.34899485, 0.34929019, 0.34929144, 0.34929329, 0.34929469, 0.10077984
0.10779510, 0.33565605, 0.10070688, 0.0000000, 0.64051449, 2.9999347, 5.5645299, 9.8993912, 9.8994865, 19.858042, 19.858292, 19.858662, 19.858940, 0.24999949, 0.25640514, 0.27999935, 0.30564529, 0.34899390, 0.34899485, 0.34929019, 0.34929144, 0.34929329, 0.34929469, 0.10070688
0.10777497, 0.33541286, 0.10063393, 0.0000000, 0.64051449, 2.9999347, 5.5402112, 9.8993912, 9.8994865, 19.858042, 19.858292, 19.858662, 19.858940, 0.24999949, 0.25640514, 0.27999935, 0.30540210, 0.34899390, 0.34899485, 0.34929019, 0.34929144, 0.34929329, 0.34929469, 0.10063393
0.10775483, 0.33516970, 0.10056097, 0.0000000, 0.64051449, 2.9999347, 5.5158925, 9.8993912, 9.8994865, 19.858042, 19.858292, 19.858662, 19.858940, 0.24999949, 0.25640514, 0.27999935, 0.30515891, 0.34899390, 0.34899485, 0.34929019, 0.34929144, 0.34929329, 0.34929469, 0.10056097
0.10773470, 0.33492655, 0.10048801, 0.0000000, 0.64051449, 2.9999347, 5.4915738, 9.8993912, 9.8994865, 19.858042, 19.858292, 19.858662, 19.858940, 0.24999949, 0.25640514, 0.27999935, 0.30491573, 0.34899390, 0.34899485, 0.34929019, 0.34929144, 0.34929329, 0.34929469, 0.10048801
0.10771456, 0.33468339, 0.10041506, 0.0000000, 0.64051449, 2.9999347, 5.4672551, 9.8993912, 9.8994865, 19.858042, 19.858292, 19.858662, 19.858940, 0.24999949, 0.25640514, 0.27999935, 0.30467254, 0.34899390, 0.34899485, 0.34929019, 0.34929144, 0.34929329, 0.34929469, 0.10041506
0.10769442, 0.33444023, 0.10034210, 0.0000000, 0.64051449, 2.9999347, 5.4429364, 9.8993912, 9.8994865, 19.858042, 19.858292, 19.858662, 19.858940, 0.24999949, 0.25640514, 0.27999935, 0.30442935, 0.34899390, 0.34899485, 0.34929019, 0.34929144, 0.34929329, 0.34929469, 0.10034210
0.10767429, 0.33419704, 0.10026915, 0.0000000, 0.64051449, 2.9999347, 5.4186177, 9.8993912, 9.8994865, 19.858042, 19.858292, 19.858662, 19.858940, 0.24999949, 0.25640514, 0.27999935, 0.30418617, 0.34899390, 0.34899485, 0.34929019, 0.34929144, 0.34929329, 0.34929469, 0.10026915
0.10765415, 0.33395389, 0.10019619, 0.0000000, 0.64051449, 2.9999347, 5.3942990, 9.8993912, 9.8994865, 19.858042, 19.858292, 19.858662, 19.858940, 0.24999949, 0.25640514, 0.27999935, 0.30394298, 0.34899390, 0.34899485, 0.34929019, 0.34929144, 0.34929329, 0.34929469, 0.10019619
0.10763401, 0.33371073, 0.10012323, 0.0000000, 0.64051449, 2.9999347, 5.3699803, 9.8993912, 9.8994865, 19.858042, 19.858292, 19.858662, 19.858940, 0.24999949, 0.25640514, 0.27999935, 0.30369979, 0.34899390, 0.34899485, 0.34929019, 0.34929144, 0.34929329, 0.34929469, 0.10012323
0.10761388, 0.33346757, 0.10005028, 0.0000000, 0.64051449, 2.9999347, 5.3456616, 9.8993912, 9.8994865, 19.858042, 19.858292, 19.858662, 19.858940, 0.24999949, 0.25640514, 0.27999935, 0.30345660, 0.34899390, 0.34899485, 0.34929019, 0.34929144, 0.34929329, 0.34929469, 0.10005028
0.10759374, 0.33322442, 0.99977322E-1, 0.0000000, 0.64051449, 2.9999347, 5.3213429, 9.8993912, 9.8994865, 19.858042, 19.858292, 19.858662, 19.858940, 0.24999949, 0.25640514, 0.27999935, 0.30321342, 0.34899390, 0.34899485, 0.34929019, 0.34929144, 0.34929329, 0.34929469, 0.99977322E-1
0.10757361, 0.33298126, 0.99904366E-1, 0.0000000, 0.64051449, 2.9999347, 5.2970243, 9.8993912, 9.8994865, 19.858042, 19.858292, 19.858662, 19.858940, 0.24999949, 0.25640514, 0.27999935, 0.30297023, 0.34899390, 0.34899485, 0.34929019, 0.34929144, 0.34929329, 0.34929469, 0.99904366E-1
0.10755347, 0.33273807, 0.99831410E-1, 0.0000000, 0.64051449, 2.9999347, 5.2727056, 9.8993912, 9.8994865, 19.858042, 19.858292, 19.858662, 19.858940, 0.24999949, 0.25640514, 0.27999935, 0.30272704, 0.34899390, 0.34899485, 0.34929019, 0.34929144, 0.34929329, 0.34929469, 0.99831410E-1
0.10753334, 0.33249491, 0.99758454E-1, 0.0000000, 0.64051449, 2.9999347, 5.2483869, 9.8993912, 9.8994865, 19.858042, 19.858292, 19.858662, 19.858940, 0.24999949, 0.25640514, 0.27999935, 0.30248386, 0.34899390, 0.34899485, 0.34929019, 0.34929144, 0.34929329, 0.34929469, 0.99758454E-1
0.10751320, 0.33225176, 0.99685498E-1, 0.0000000, 0.64051449, 2.9999347, 5.2240682, 9.8993912, 9.8994865, 19.858042, 19.858292, 19.858662, 19.858940, 0.24999949, 0.25640514, 0.27999935, 0.30224067, 0.34899390, 0.34899485, 0.34929019, 0.34929144, 0.34929329, 0.34929469, 0.99685498E-1
0.10749306, 0.33200860, 0.99612541E-1, 0.0000000, 0.64051449, 2.9999347, 5.1997495, 9.8993912, 9.8994865, 19.858042, 19.858292, 19.858662, 19.858940, 0.24999949, 0.25640514, 0.27999935, 0.30199748, 0.34899390, 0.34899485, 0.34929019, 0.34929144, 0.34929329, 0.34929469, 0.99612541E-1
0.10747293, 0.33176544, 0.99539585E-1, 0.0000000, 0.64051449, 2.9999347, 5.1754308, 9.8993912, 9.8994865, 19.858042, 19.858292, 19.858662, 19.858940, 0.24999949, 0.25640514, 0.27999935, 0.30175430, 0.34899390, 0.34899485, 0.34929019, 0.34929144, 0.34929329, 0.34929469, 0.99539585E-1
0.10745279, 0.33152226, 0.99466629E-1, 0.0000000, 0.64051449, 2.9999347, 5.1511121, 9.8993912, 9.8994865, 19.858042, 19.858292, 19.858662, 19.858940, 0.24999949, 0.25640514, 0.27999935, 0.30151111, 0.34899390, 0.34899485, 0.34929019, 0.34929144, 0.34929329, 0.34929469, 0.99466629E-1
0.10743266, 0.33127910, 0.99393673E-1, 0.0000000, 0.64051449, 2.9999347, 5.1267934, 9.8993912, 9.8994865, 19.858042, 19.858292, 19.858662, 19.858940, 0.24999949, 0.25640514, 0.27999935, 0.30126792, 0.34899390, 0.34899485, 0.34929019, 0.34929144, 0.34929329, 0.34929469, 0.99393673E-1
0.10741252, 0.33103594, 0.99320717E-1, 0.0000000, 0.64051449, 2.9999347, 5.1024747, 9.8993912, 9.8994865, 19.858042, 19.858292, 19.858662, 19.858940, 0.24999949, 0.25640514, 0.27999935, 0.30102473, 0.34899390, 0.34899485, 0.34929019, 0.34929144, 0.34929329, 0.34929469, 0.99320717E-1
0.10739239, 0.33079278, 0.99247761E-1, 0.0000000, 0.64051449, 2.9999347, 5.0781560, 9.8993912, 9.8994865, 19.858042, 19.858292, 19.858662, 19.858940, 0.24999949, 0.25640514, 0.27999935, 0.30078155, 0.34899390, 0.34899485, 0.34929019, 0.34929144, 0.34929329, 0.34929469, 0.99247761E-1
0.10737225, 0.33054963, 0.99174805E-1, 0.0000000, 0.64051449, 2.9999347, 5.0538373, 9.8993912, 9.8994865, 19.858042, 19.858292, 19.858662, 19.858940, 0.24999949, 0.25640514, 0.27999935, 0.30053836, 0.34899390, 0.34899485, 0.34929019, 0.34929144, 0.34929329, 0.34929469, 0.99174805E-1
0.10735211, 0.33030647, 0.99101849E-1, 0.0000000, 0.64051449, 2.9999347, 5.0295186, 9.8993912, 9.8994865, 19.858042, 19.858292, 19.858662, 19.858940, 0.24999949, 0.25640514, 0.27999935, 0.30029517, 0.34899390, 0.34899485, 0.34929019, 0.34929144, 0.34929329, 0.34929469, 0.99101849E-1
0.10733198, 0.33006328, 0.99028893E-1, 0.0000000, 0.64051449, 2.9999347, 5.0051999, 9.8993912, 9.8994865, 19.858042, 19.858292, 19.858662, 19.858940, 0.24999949, 0.25640514, 0.27999935, 0.30005199, 0.34899390, 0.34899485, 0.34929019, 0.34929144, 0.34929329, 0.34929469, 0.99028893E-1
0.10731184, 0.32982013, 0.98955937E-1, 0.0000000, 0.64051449, 2.9999347, 4.9808812, 9.8993912, 9.8994865, 19.858042, 19.858292, 19.858662, 19.858940, 0.24999949, 0.25640514, 0.27999935, 0.29980880, 0.34899390, 0.34899485, 0.34929019, 0.34929144, 0.34929329, 0.34929469, 0.98955937E-1
0.10729170, 0.32957697, 0.98882981E-1, 0.0000000, 0.64051449, 2.9999347, 4.9565625, 9.8993912, 9.8994865, 19.858042, 19.858292, 19.858662, 19.858940, 0.24999949, 0.25640514, 0.27999935, 0.29956561, 0.34899390, 0.34899485, 0.34929019, 0.34929144, 0.34929329, 0.34929469, 0.98882981E-1
0.10727157, 0.32933381, 0.98810025E-1, 0.0000000, 0.64051449, 2.9999347, 4.9322438, 9.8993912, 9.8994865, 19.858042, 19.858292, 19.858662, 19.858940, 0.24999949, 0.25640514, 0.27999935, 0.29932243, 0.34899390, 0.34899485, 0.34929019, 0.34929144, 0.34929329, 0.34929469, 0.98810025E-1
0.10725144, 0.32909065, 0.98737068E-1, 0.0000000, 0.64051449, 2.9999347, 4.9079251, 9.8993912, 9.8994865, 19.858042, 19.858292, 19.858662, 19.858940, 0.24999949, 0.25640514, 0.27999935, 0.29907924, 0.34899390, 0.34899485, 0.34929019, 0.34929144, 0.34929329, 0.34929469, 0.98737068E-1
0.10723130, 0.32884747, 0.98664112E-1, 0.0000000, 0.64051449, 2.9999347, 4.8836064, 9.8993912, 9.8994865, 19.858042, 19.858292, 19.858662, 19.858940, 0.24999949, 0.25640514, 0.27999935, 0.29883605, 0.34899390, 0.34899485, 0.34929019, 0.34929144, 0.34929329, 0.34929469, 0.98664112E-1
0.10721116, 0.32860431, 0.98591156E-1, 0.0000000, 0.64051449, 2.9999347, 4.8592877, 9.8993912, 9.8994865, 19.858042, 19.858292, 19.858662, 19.858940, 0.24999949, 0.25640514, 0.27999935, 0.29859287, 0.34899390, 0.34899485, 0.34929019, 0.34929144, 0.34929329, 0.34929469, 0.98591156E-1
0.10719103, 0.32836115, 0.98518200E-1, 0.0000000, 0.64051449, 2.9999347, 4.8349690, 9.8993912, 9.8994865, 19.858042, 19.858292, 19.858662, 19.858940, 0.24999949, 0.25640514, 0.27999935, 0.29834968, 0.34899390, 0.34899485, 0.34929019, 0.34929144, 0.34929329, 0.34929469, 0.98518200E-1
0.10717089, 0.32811800, 0.98445244E-1, 0.0000000, 0.64051449, 2.9999347, 4.8106503, 9.8993912, 9.8994865, 19.858042, 19.858292, 19.858662, 19.858940, 0.24999949, 0.25640514, 0.27999935, 0.29810649, 0.34899390, 0.34899485, 0.34929019, 0.34929144, 0.34929329, 0.34929469, 0.98445244E-1
0.10715075, 0.32787484, 0.98372288E-1, 0.0000000, 0.64051449, 2.9999347, 4.7863317, 9.8993912, 9.8994865, 19.858042, 19.858292, 19.858662, 19.858940, 0.24999949, 0.25640514, 0.27999935, 0.29786330, 0.34899390, 0.34899485, 0.34929019, 0.34929144, 0.34929329, 0.34929469, 0.98372288E-1
0.10713062, 0.32763168, 0.98299332E-1, 0.0000000, 0.64051449, 2.9999347, 4.7620130, 9.8993912, 9.8994865, 19.858042, 19.858292, 19.858662, 19.858940, 0.24999949, 0.25640514, 0.27999935, 0.29762012, 0.34899390, 0.34899485, 0.34929019, 0.34929144, 0.34929329, 0.34929469, 0.98299332E-1
0.10711048, 0.32738850, 0.98226376E-1, 0.0000000, 0.64051449, 2.9999347, 4.7376943, 9.8993912, 9.8994865, 19.858042, 19.858292, 19.858662, 19.858940, 0.24999949, 0.25640514, 0.27999935, 0.29737693, 0.34899390, 0.34899485, 0.34929019, 0.34929144, 0.34929329, 0.34929469, 0.98226376E-1
0.10709034, 0.32714534, 0.98153420E-1, 0.0000000, 0.64051449, 2.9999347, 4.7133756, 9.8993912, 9.8994865, 19.858042, 19.858292, 19.858662, 19.858940, 0.24999949, 0.25640514, 0.27999935, 0.29713374, 0.34899390, 0.34899485, 0.34929019, 0.34929144, 0.34929329, 0.34929469, 0.98153420E-1
0.10707021, 0.32690218, 0.98080464E-1, 0.0000000, 0.64051449, 2.9999347, 4.6890569, 9.8993912, 9.8994865, 19.858042, 19.858292, 19.858662, 19.858940, 0.24999949, 0.25640514, 0.27999935, 0.29689056, 0.34899390, 0.34899485, 0.34929019, 0.34929144, 0.34929329, 0.34929469, 0.98080464E-1
0.10705008, 0.32665902, 0.98007508E-1, 0.0000000, 0.64051449, 2.9999347, 4.6647382, 9.8993912, 9.8994865, 19.858042, 19.858292, 19.858662, 19.858940, 0.24999949, 0.25640514, 0.27999935, 0.29664737, 0.34899390, 0.34899485, 0.34929019, 0.34929144, 0.34929329, 0.34929469, 0.98007508E-1
0.10702994, 0.32641587, 0.97934552E-1, 0.0000000, 0.64051449, 2.9999347, 4.6404195, 9.8993912, 9.8994865, 19.858042, 19.858292, 19.858662, 19.858940, 0.24999949, 0.25640514, 0.27999935, 0.29640418, 0.34899390, 0.34899485, 0.34929019, 0.34929144, 0.34929329, 0.34929469, 0.97934552E-1
0.10700980, 0.32617268, 0.97861595E-1, 0.0000000, 0.64051449, 2.9999347, 4.6161008, 9.8993912, 9.8994865, 19.858042, 19.858292, 19.858662, 19.858940, 0.24999949, 0.25640514, 0.27999935, 0.29616100, 0.34899390, 0.34899485, 0.34929019, 0.34929144, 0.34929329, 0.34929469, 0.97861595E-1
0.10698967, 0.32592952, 0.97788639E-1, 0.0000000, 0.64051449, 2.9999347, 4.5917821, 9.8993912, 9.8994865, 19.858042, 19.858292, 19.858662, 19.858940, 0.24999949, 0.25640514, 0.27999935, 0.29591781, 0.34899390, 0.34899485, 0.34929019, 0.34929144, 0.34929329, 0.34929469, 0.97788639E-1
0.10696953, 0.32568637, 0.97715683E-1, 0.0000000, 0.64051449, 2.9999347, 4.5674634, 9.8993912, 9.8994865, 19.858042, 19.858292, 19.858662, 19.858940, 0.24999949, 0.25640514, 0.27999935, 0.29567462, 0.34899390, 0.34899485, 0.34929019, 0.34929144, 0.34929329, 0.34929469, 0.97715683E-1
0.10694939, 0.32544321, 0.97642727E-1, 0.0000000, 0.64051449, 2.9999347, 4.5431447, 9.8993912, 9.8994865, 19.858042, 19.858292, 19.858662, 19.858940, 0.24999949, 0.25640514, 0.27999935, 0.29543144, 0.34899390, 0.34899485, 0.34929019, 0.34929144, 0.34929329, 0.34929469, 0.97642727E-1
0.10692926, 0.32520005, 0.97569771E-1, 0.0000000, 0.64051449, 2.9999347, 4.5188260, 9.8993912, 9.8994865, 19.858042, 19.858292, 19.858662, 19.858940, 0.24999949, 0.25640514, 0.27999935, 0.29518825, 0.34899390, 0.34899485, 0.34929019, 0.34929144, 0.34929329, 0.34929469, 0.97569771E-1
0.10690912, 0.32495689, 0.97496815E-1, 0.0000000, 0.64051449, 2.9999347, 4.4945073, 9.8993912, 9.8994865, 19.858042, 19.858292, 19.858662, 19.858940, 0.24999949, 0.25640514, 0.27999935, 0.29494506, 0.34899390, 0.34899485, 0.34929019, 0.34929144, 0.34929329, 0.34929469, 0.97496815E-1
0.10688898, 0.32471371, 0.97423859E-1, 0.0000000, 0.64051449, 2.9999347, 4.4701886, 9.8993912, 9.8994865, 19.858042, 19.858292, 19.858662, 19.858940, 0.24999949, 0.25640514, 0.27999935, 0.29470187, 0.34899390, 0.34899485, 0.34929019, 0.34929144, 0.34929329, 0.34929469, 0.97423859E-1
0.10686885, 0.32447055, 0.97350903E-1, 0.0000000, 0.64051449, 2.9999347, 4.4458699, 9.8993912, 9.8994865, 19.858042, 19.858292, 19.858662, 19.858940, 0.24999949, 0.25640514, 0.27999935, 0.29445869, 0.34899390, 0.34899485, 0.34929019, 0.34929144, 0.34929329, 0.34929469, 0.97350903E-1
0.10684872, 0.32422739, 0.97277947E-1, 0.0000000, 0.64051449, 2.9999347, 4.4215512, 9.8993912, 9.8994865, 19.858042, 19.858292, 19.858662, 19.858940, 0.24999949, 0.25640514, 0.27999935, 0.29421550, 0.34899390, 0.34899485, 0.34929019, 0.34929144, 0.34929329, 0.34929469, 0.97277947E-1
0.10682858, 0.32398424, 0.97204991E-1, 0.0000000, 0.64051449, 2.9999347, 4.3972325, 9.8993912, 9.8994865, 19.858042, 19.858292, 19.858662, 19.858940, 0.24999949, 0.25640514, 0.27999935, 0.29397231, 0.34899390, 0.34899485, 0.34929019, 0.34929144, 0.34929329, 0.34929469, 0.97204991E-1
0.10680844, 0.32374108, 0.97132035E-1, 0.0000000, 0.64051449, 2.9999347, 4.3729138, 9.8993912, 9.8994865, 19.858042, 19.858292, 19.858662, 19.858940, 0.24999949, 0.25640514, 0.27999935, 0.29372913, 0.34899390, 0.34899485, 0.34929019, 0.34929144, 0.34929329, 0.34929469, 0.97132035E-1
0.10678831, 0.32349789, 0.97059079E-1, 0.0000000, 0.64051449, 2.9999347, 4.3485951, 9.8993912, 9.8994865, 19.858042, 19.858292, 19.858662, 19.858940, 0.24999949, 0.25640514, 0.27999935, 0.29348594, 0.34899390, 0.34899485, 0.34929019, 0.34929144, 0.34929329, 0.34929469, 0.97059079E-1
0.10676817, 0.32325473, 0.96986122E-1, 0.0000000, 0.64051449, 2.9999347, 4.3242764, 9.8993912, 9.8994865, 19.858042, 19.858292, 19.858662, 19.858940, 0.24999949, 0.25640514, 0.27999935, 0.29324275, 0.34899390, 0.34899485, 0.34929019, 0.34929144, 0.34929329, 0.34929469, 0.96986122E-1
0.10674804, 0.32301158, 0.96913166E-1, 0.0000000, 0.64051449, 2.9999347, 4.2999578, 9.8993912, 9.8994865, 19.858042, 19.858292, 19.858662, 19.858940, 0.24999949, 0.25640514, 0.27999935, 0.29299957, 0.34899390, 0.34899485, 0.34929019, 0.34929144, 0.34929329, 0.34929469, 0.96913166E-1
0.10672790, 0.32276842, 0.96840210E-1, 0.0000000, 0.64051449, 2.9999347, 4.2756391, 9.8993912, 9.8994865, 19.858042, 19.858292, 19.858662, 19.858940, 0.24999949, 0.25640514, 0.27999935, 0.29275638, 0.34899390, 0.34899485, 0.34929019, 0.34929144, 0.34929329, 0.34929469, 0.96840210E-1
0.10670777, 0.32252526, 0.96767254E-1, 0.0000000, 0.64051449, 2.9999347, 4.2513204, 9.8993912, 9.8994865, 19.858042, 19.858292, 19.858662, 19.858940, 0.24999949, 0.25640514, 0.27999935, 0.29251319, 0.34899390, 0.34899485, 0.34929019, 0.34929144, 0.34929329, 0.34929469, 0.96767254E-1
0.10668763, 0.32228208, 0.96694298E-1, 0.0000000, 0.64051449, 2.9999347, 4.2270017, 9.8993912, 9.8994865, 19.858042, 19.858292, 19.858662, 19.858940, 0.24999949, 0.25640514, 0.27999935, 0.29227000, 0.34899390, 0.34899485, 0.34929019, 0.34929144, 0.34929329, 0.34929469, 0.96694298E-1
0.10666749, 0.32203892, 0.96621342E-1, 0.0000000, 0.64051449, 2.9999347, 4.2026830, 9.8993912, 9.8994865, 19.858042, 19.858292, 19.858662, 19.858940, 0.24999949, 0.25640514, 0.27999935, 0.29202682, 0.34899390, 0.34899485, 0.34929019, 0.34929144, 0.34929329, 0.34929469, 0.96621342E-1
0.10664736, 0.32179576, 0.96548386E-1, 0.0000000, 0.64051449, 2.9999347, 4.1783643, 9.8993912, 9.8994865, 19.858042, 19.858292, 19.858662, 19.858940, 0.24999949, 0.25640514, 0.27999935, 0.29178363, 0.34899390, 0.34899485, 0.34929019, 0.34929144, 0.34929329, 0.34929469, 0.96548386E-1
0.10662722, 0.32155260, 0.96475430E-1, 0.0000000, 0.64051449, 2.9999347, 4.1540456, 9.8993912, 9.8994865, 19.858042, 19.858292, 19.858662, 19.858940, 0.24999949, 0.25640514, 0.27999935, 0.29154044, 0.34899390, 0.34899485, 0.34929019, 0.34929144, 0.34929329, 0.34929469, 0.96475430E-1
0.10660708, 0.32130945, 0.96402474E-1, 0.0000000, 0.64051449, 2.9999347, 4.1297269, 9.8993912, 9.8994865, 19.858042, 19.858292, 19.858662, 19.858940, 0.24999949, 0.25640514, 0.27999935, 0.29129726, 0.34899390, 0.34899485, 0.34929019, 0.34929144, 0.34929329, 0.34929469, 0.96402474E-1
0.10658695, 0.32106629, 0.96329518E-1, 0.0000000, 0.64051449, 2.9999347, 4.1054082, 9.8993912, 9.8994865, 19.858042, 19.858292, 19.858662, 19.858940, 0.24999949, 0.25640514, 0.27999935, 0.29105407, 0.34899390, 0.34899485, 0.34929019, 0.34929144, 0.34929329, 0.34929469, 0.96329518E-1
0.10656681, 0.32082310, 0.96256562E-1, 0.0000000, 0.64051449, 2.9999347, 4.0810895, 9.8993912, 9.8994865, 19.858042, 19.858292, 19.858662, 19.858940, 0.24999949, 0.25640514, 0.27999935, 0.29081088, 0.34899390, 0.34899485, 0.34929019, 0.34929144, 0.34929329, 0.34929469, 0.96256562E-1
0.10654668, 0.32057995, 0.96183605E-1, 0.0000000, 0.64051449, 2.9999347, 4.0567708, 9.8993912, 9.8994865, 19.858042, 19.858292, 19.858662, 19.858940, 0.24999949, 0.25640514, 0.27999935, 0.29056770, 0.34899390, 0.34899485, 0.34929019, 0.34929144, 0.34929329, 0.34929469, 0.96183605E-1
0.10652654, 0.32033679, 0.96110649E-1, 0.0000000, 0.64051449, 2.9999347, 4.0324521, 9.8993912, 9.8994865, 19.858042, 19.858292, 19.858662, 19.858940, 0.24999949, 0.25640514, 0.27999935, 0.29032451, 0.34899390, 0.34899485, 0.34929019, 0.34929144, 0.34929329, 0.34929469, 0.96110649E-1
0.10650641, 0.32009363, 0.96037693E-1, 0.0000000, 0.64051449, 2.9999347, 4.0081334, 9.8993912, 9.8994865, 19.858042, 19.858292, 19.858662, 19.858940, 0.24999949, 0.25640514, 0.27999935, 0.29008132, 0.34899390, 0.34899485, 0.34929019, 0.34929144, 0.34929329, 0.34929469, 0.96037693E-1
0.10648627, 0.31985047, 0.95964737E-1, 0.0000000, 0.64051449, 2.9999347, 3.9838145, 9.8993912, 9.8994865, 19.858042, 19.858292, 19.858662, 19.858940, 0.24999949, 0.25640514, 0.27999935, 0.28983814, 0.34899390, 0.34899485, 0.34929019, 0.34929144, 0.34929329, 0.34929469, 0.95964737E-1
0.10646613, 0.31960729, 0.95891781E-1, 0.0000000, 0.64051449, 2.9999347, 3.9594958, 9.8993912, 9.8994865, 19.858042, 19.858292, 19.858662, 19.858940, 0.24999949, 0.25640514, 0.27999935, 0.28959495, 0.34899390, 0.34899485, 0.34929019, 0.34929144, 0.34929329, 0.34929469, 0.95891781E-1
0.10644600, 0.31936413, 0.95818825E-1, 0.0000000, 0.64051449, 2.9999347, 3.9351771, 9.8993912, 9.8994865, 19.858042, 19.858292, 19.858662, 19.858940, 0.24999949, 0.25640514, 0.27999935, 0.28935176, 0.34899390, 0.34899485, 0.34929019, 0.34929144, 0.34929329, 0.34929469, 0.95818825E-1
0.10642586, 0.31912097, 0.95745869E-1, 0.0000000, 0.64051449, 2.9999347, 3.9108584, 9.8993912, 9.8994865, 19.858042, 19.858292, 19.858662, 19.858940, 0.24999949, 0.25640514, 0.27999935, 0.28910857, 0.34899390, 0.34899485, 0.34929019, 0.34929144, 0.34929329, 0.34929469, 0.95745869E-1
0.10640572, 0.31887782, 0.95672913E-1, 0.0000000, 0.64051449, 2.9999347, 3.8865397, 9.8993912, 9.8994865, 19.858042, 19.858292, 19.858662, 19.858940, 0.24999949, 0.25640514, 0.27999935, 0.28886539, 0.34899390, 0.34899485, 0.34929019, 0.34929144, 0.34929329, 0.34929469, 0.95672913E-1
0.10638559, 0.31863466, 0.95599957E-1, 0.0000000, 0.64051449, 2.9999347, 3.8622210, 9.8993912, 9.8994865, 19.858042, 19.858292, 19.858662, 19.858940, 0.24999949, 0.25640514, 0.27999935, 0.28862220, 0.34899390, 0.34899485, 0.34929019, 0.34929144, 0.34929329, 0.34929469, 0.95599957E-1
0.10636545, 0.31839150, 0.95527001E-1, 0.0000000, 0.64051449, 2.9999347, 3.8379023, 9.8993912, 9.8994865, 19.858042, 19.858292, 19.858662, 19.858940, 0.24999949, 0.25640514, 0.27999935, 0.28837901, 0.34899390, 0.34899485, 0.34929019, 0.34929144, 0.34929329, 0.34929469, 0.95527001E-1
0.10634532, 0.31814831, 0.95454045E-1, 0.0000000, 0.64051449, 2.9999347, 3.8135836, 9.8993912, 9.8994865, 19.858042, 19.858292, 19.858662, 19.858940, 0.24999949, 0.25640514, 0.27999935, 0.28813583, 0.34899390, 0.34899485, 0.34929019, 0.34929144, 0.34929329, 0.34929469, 0.95454045E-1
0.10632518, 0.31790516, 0.95381089E-1, 0.0000000, 0.64051449, 2.9999347, 3.7892649, 9.8993912, 9.8994865, 19.858042, 19.858292, 19.858662, 19.858940, 0.24999949, 0.25640514, 0.27999935, 0.28789264, 0.34899390, 0.34899485, 0.34929019, 0.34929144, 0.34929329, 0.34929469, 0.95381089E-1
0.10630505, 0.31766200, 0.95308132E-1, 0.0000000, 0.64051449, 2.9999347, 3.7649462, 9.8993912, 9.8994865, 19.858042, 19.858292, 19.858662, 19.858940, 0.24999949, 0.25640514, 0.27999935, 0.28764945, 0.34899390, 0.34899485, 0.34929019, 0.34929144, 0.34929329, 0.34929469, 0.95308132E-1
0.10628491, 0.31741884, 0.95235176E-1, 0.0000000, 0.64051449, 2.9999347, 3.7406275, 9.8993912, 9.8994865, 19.858042, 19.858292, 19.858662, 19.858940, 0.24999949, 0.25640514, 0.27999935, 0.28740627, 0.34899390, 0.34899485, 0.34929019, 0.34929144, 0.34929329, 0.34929469, 0.95235176E-1
0.10626477, 0.31717569, 0.95162220E-1, 0.0000000, 0.64051449, 2.9999347, 3.7163088, 9.8993912, 9.8994865, 19.858042, 19.858292, 19.858662, 19.858940, 0.24999949, 0.25640514, 0.27999935, 0.28716308, 0.34899390, 0.34899485, 0.34929019, 0.34929144, 0.34929329, 0.34929469, 0.95162220E-1
0.10624464, 0.31693250, 0.95089264E-1, 0.0000000, 0.64051449, 2.9999347, 3.6919901, 9.8993912, 9.8994865, 19.858042, 19.858292, 19.858662, 19.858940, 0.24999949, 0.25640514, 0.27999935, 0.28691989, 0.34899390, 0.34899485, 0.34929019, 0.34929144, 0.34929329, 0.34929469, 0.95089264E-1
0.10622450, 0.31668934, 0.95016308E-1, 0.0000000, 0.64051449, 2.9999347, 3.6676714, 9.8993912, 9.8994865, 19.858042, 19.858292, 19.858662, 19.858940, 0.24999949, 0.25640514, 0.27999935, 0.28667670, 0.34899390, 0.34899485, 0.34929019, 0.34929144, 0.34929329, 0.34929469, 0.95016308E-1
0.10620436, 0.31644619, 0.94943352E-1, 0.0000000, 0.64051449, 2.9999347, 3.6433527, 9.8993912, 9.8994865, 19.858042, 19.858292, 19.858662, 19.858940, 0.24999949, 0.25640514, 0.27999935, 0.28643352, 0.34899390, 0.34899485, 0.34929019, 0.34929144, 0.34929329, 0.34929469, 0.94943352E-1
0.10618423, 0.31620303, 0.94870396E-1, 0.0000000, 0.64051449, 2.9999347, 3.6190341, 9.8993912, 9.8994865, 19.858042, 19.858292, 19.858662, 19.858940, 0.24999949, 0.25640514, 0.27999935, 0.28619033, 0.34899390, 0.34899485, 0.34929019, 0.34929144, 0.34929329, 0.34929469, 0.94870396E-1
0.10616409, 0.31595987, 0.94797440E-1, 0.0000000, 0.64051449, 2.9999347, 3.5947154, 9.8993912, 9.8994865, 19.858042, 19.858292, 19.858662, 19.858940, 0.24999949, 0.25640514, 0.27999935, 0.28594714, 0.34899390, 0.34899485, 0.34929019, 0.34929144, 0.34929329, 0.34929469, 0.94797440E-1
0.10614396, 0.31571671, 0.94724484E-1, 0.0000000, 0.64051449, 2.9999347, 3.5703967, 9.8993912, 9.8994865, 19.858042, 19.858292, 19.858662, 19.858940, 0.24999949, 0.25640514, 0.27999935, 0.28570396, 0.34899390, 0.34899485, 0.34929019, 0.34929144, 0.34929329, 0.34929469, 0.94724484E-1
0.10612382, 0.31547353, 0.94651528E-1, 0.0000000, 0.64051449, 2.9999347, 3.5460780, 9.8993912, 9.8994865, 19.858042, 19.858292, 19.858662, 19.858940, 0.24999949, 0.25640514, 0.27999935, 0.28546077, 0.34899390, 0.34899485, 0.34929019, 0.34929144, 0.34929329, 0.34929469, 0.94651528E-1
0.10610369, 0.31523037, 0.94578572E-1, 0.0000000, 0.64051449, 2.9999347, 3.5217593, 9.8993912, 9.8994865, 19.858042, 19.858292, 19.858662, 19.858940, 0.24999949, 0.25640514, 0.27999935, 0.28521758, 0.34899390, 0.34899485, 0.34929019, 0.34929144, 0.34929329, 0.34929469, 0.94578572E-1
0.10608355, 0.31498721, 0.94505616E-1, 0.0000000, 0.64051449, 2.9999347, 3.4974406, 9.8993912, 9.8994865, 19.858042, 19.858292, 19.858662, 19.858940, 0.24999949, 0.25640514, 0.27999935, 0.28497440, 0.34899390, 0.34899485, 0.34929019, 0.34929144, 0.34929329, 0.34929469, 0.94505616E-1
0.10606341, 0.31474406, 0.94432659E-1, 0.0000000, 0.64051449, 2.9999347, 3.4731219, 9.8993912, 9.8994865, 19.858042, 19.858292, 19.858662, 19.858940, 0.24999949, 0.25640514, 0.27999935, 0.28473121, 0.34899390, 0.34899485, 0.34929019, 0.34929144, 0.34929329, 0.34929469, 0.94432659E-1
0.10604328, 0.31450090, 0.94359703E-1, 0.0000000, 0.64051449, 2.9999347, 3.4488032, 9.8993912, 9.8994865, 19.858042, 19.858292, 19.858662, 19.858940, 0.24999949, 0.25640514, 0.27999935, 0.28448802, 0.34899390, 0.34899485, 0.34929019, 0.34929144, 0.34929329, 0.34929469, 0.94359703E-1
0.10602314, 0.31425771, 0.94286747E-1, 0.0000000, 0.64051449, 2.9999347, 3.4244845, 9.8993912, 9.8994865, 19.858042, 19.858292, 19.858662, 19.858940, 0.24999949, 0.25640514, 0.27999935, 0.28424484, 0.34899390, 0.34899485, 0.34929019, 0.34929144, 0.34929329, 0.34929469, 0.94286747E-1
0.10600301, 0.31401455, 0.94213791E-1, 0.0000000, 0.64051449, 2.9999347, 3.4001658, 9.8993912, 9.8994865, 19.858042, 19.858292, 19.858662, 19.858940, 0.24999949, 0.25640514, 0.27999935, 0.28400165, 0.34899390, 0.34899485, 0.34929019, 0.34929144, 0.34929329, 0.34929469, 0.94213791E-1
0.10598287, 0.31377140, 0.94140835E-1, 0.0000000, 0.64051449, 2.9999347, 3.3758471, 9.8993912, 9.8994865, 19.858042, 19.858292, 19.858662, 19.858940, 0.24999949, 0.25640514, 0.27999935, 0.28375846, 0.34899390, 0.34899485, 0.34929019, 0.34929144, 0.34929329, 0.34929469, 0.94140835E-1
0.10596274, 0.31352824, 0.94067879E-1, 0.0000000, 0.64051449, 2.9999347, 3.3515284, 9.8993912, 9.8994865, 19.858042, 19.858292, 19.858662, 19.858940, 0.24999949, 0.25640514, 0.27999935, 0.28351527, 0.34899390, 0.34899485, 0.34929019, 0.34929144, 0.34929329, 0.34929469, 0.94067879E-1
0.10594260, 0.31328508, 0.93994923E-1, 0.0000000, 0.64051449, 2.9999347, 3.3272097, 9.8993912, 9.8994865, 19.858042, 19.858292, 19.858662, 19.858940, 0.24999949, 0.25640514, 0.27999935, 0.28327209, 0.34899390, 0.34899485, 0.34929019, 0.34929144, 0.34929329, 0.34929469, 0.93994923E-1
0.10592246, 0.31304190, 0.93921967E-1, 0.0000000, 0.64051449, 2.9999347, 3.3028910, 9.8993912, 9.8994865, 19.858042, 19.858292, 19.858662, 19.858940, 0.24999949, 0.25640514, 0.27999935, 0.28302890, 0.34899390, 0.34899485, 0.34929019, 0.34929144, 0.34929329, 0.34929469, 0.93921967E-1
0.10590233, 0.31279874, 0.93849011E-1, 0.0000000, 0.64051449, 2.9999347, 3.2785723, 9.8993912, 9.8994865, 19.858042, 19.858292, 19.858662, 19.858940, 0.24999949, 0.25640514, 0.27999935, 0.28278571, 0.34899390, 0.34899485, 0.34929019, 0.34929144, 0.34929329, 0.34929469, 0.93849011E-1
0.10588219, 0.31255558, 0.93776055E-1, 0.0000000, 0.64051449, 2.9999347, 3.2542536, 9.8993912, 9.8994865, 19.858042, 19.858292, 19.858662, 19.858940, 0.24999949, 0.25640514, 0.27999935, 0.28254253, 0.34899390, 0.34899485, 0.34929019, 0.34929144, 0.34929329, 0.34929469, 0.93776055E-1
0.10586205, 0.31231242, 0.93703099E-1, 0.0000000, 0.64051449, 2.9999347, 3.2299349, 9.8993912, 9.8994865, 19.858042, 19.858292, 19.858662, 19.858940, 0.24999949, 0.25640514, 0.27999935, 0.28229934, 0.34899390, 0.34899485, 0.34929019, 0.34929144, 0.34929329, 0.34929469, 0.93703099E-1
0.10584192, 0.31206927, 0.93630143E-1, 0.0000000, 0.64051449, 2.9999347, 3.2056162, 9.8993912, 9.8994865, 19.858042, 19.858292, 19.858662, 19.858940, 0.24999949, 0.25640514, 0.27999935, 0.28205615, 0.34899390, 0.34899485, 0.34929019, 0.34929144, 0.34929329, 0.34929469, 0.93630143E-1
0.10582178, 0.31182611, 0.93557186E-1, 0.0000000, 0.64051449, 2.9999347, 3.1812975, 9.8993912, 9.8994865, 19.858042, 19.858292, 19.858662, 19.858940, 0.24999949, 0.25640514, 0.27999935, 0.28181297, 0.34899390, 0.34899485, 0.34929019, 0.34929144, 0.34929329, 0.34929469, 0.93557186E-1
0.10580165, 0.31158292, 0.93484230E-1, 0.0000000, 0.64051449, 2.9999347, 3.1569788, 9.8993912, 9.8994865, 19.858042, 19.858292, 19.858662, 19.858940, 0.24999949, 0.25640514, 0.27999935, 0.28156978, 0.34899390, 0.34899485, 0.34929019, 0.34929144, 0.34929329, 0.34929469, 0.93484230E-1
0.10578151, 0.31133977, 0.93411274E-1, 0.0000000, 0.64051449, 2.9999347, 3.1326602, 9.8993912, 9.8994865, 19.858042, 19.858292, 19.858662, 19.858940, 0.24999949, 0.25640514, 0.27999935, 0.28132659, 0.34899390, 0.34899485, 0.34929019, 0.34929144, 0.34929329, 0.34929469, 0.93411274E-1
0.10576138, 0.31109661, 0.93338318E-1, 0.0000000, 0.64051449, 2.9999347, 3.1083415, 9.8993912, 9.8994865, 19.858042, 19.858292, 19.858662, 19.858940, 0.24999949, 0.25640514, 0.27999935, 0.28108341, 0.34899390, 0.34899485, 0.34929019, 0.34929144, 0.34929329, 0.34929469, 0.93338318E-1
0.10574124, 0.31085345, 0.93265362E-1, 0.0000000, 0.64051449, 2.9999347, 3.0840228, 9.8993912, 9.8994865, 19.858042, 19.858292, 19.858662, 19.858940, 0.24999949, 0.25640514, 0.27999935, 0.28084022, 0.34899390, 0.34899485, 0.34929019, 0.34929144, 0.34929329, 0.34929469, 0.93265362E-1
0.10572110, 0.31061029, 0.93192406E-1, 0.0000000, 0.64051449, 2.9999347, 3.0597041, 9.8993912, 9.8994865, 19.858042, 19.858292, 19.858662, 19.858940, 0.24999949, 0.25640514, 0.27999935, 0.28059703, 0.34899390, 0.34899485, 0.34929019, 0.34929144, 0.34929329, 0.34929469, 0.93192406E-1
0.10570097, 0.31036711, 0.93119450E-1, 0.0000000, 0.64051449, 2.9999347, 3.0353854, 9.8993912, 9.8994865, 19.858042, 19.858292, 19.858662, 19.858940, 0.24999949, 0.25640514, 0.27999935, 0.28035384, 0.34899390, 0.34899485, 0.34929019, 0.34929144, 0.34929329, 0.34929469, 0.93119450E-1
0.10568083, 0.31012395, 0.93046494E-1, 0.0000000, 0.64051449, 2.9999347, 3.0110667, 9.8993912, 9.8994865, 19.858042, 19.858292, 19.858662, 19.858940, 0.24999949, 0.25640514, 0.27999935, 0.28011066, 0.34899390, 0.34899485, 0.34929019, 0.34929144, 0.34929329, 0.34929469, 0.93046494E-1
0.10566616, 0.30994684, 0.92993349E-1, 0.0000000, 0.64051449, 2.9999347, 2.9999197, 9.8862562, 9.8994865, 19.858042, 19.858292, 19.858662, 19.858940, 0.24999949, 0.25640514, 0.27999935, 0.27999920, 0.34886256, 0.34899485, 0.34929019, 0.34929144, 0.34929329, 0.34929469, 0.92993349E-1
0.10565613, 0.30982563, 0.92956983E-1, 0.0000000, 0.64051449, 2.9999347, 2.9999197, 9.8620090, 9.8994865, 19.858042, 19.858292, 19.858662, 19.858940, 0.24999949, 0.25640514, 0.27999935, 0.27999920, 0.34862009, 0.34899485, 0.34929019, 0.34929144, 0.34929329, 0.34929469, 0.92956983E-1
0.10564609, 0.30970439, 0.92920609E-1, 0.0000000, 0.64051449, 2.9999347, 2.9999197, 9.8377619, 9.8994865, 19.858042, 19.858292, 19.858662, 19.858940, 0.24999949, 0.25640514, 0.27999935, 0.27999920, 0.34837762, 0.34899485, 0.34929019, 0.34929144, 0.34929329, 0.34929469, 0.92920609E-1
0.10563605, 0.30958316, 0.92884235E-1, 0.0000000, 0.64051449, 2.9999347, 2.9999197, 9.8135147, 9.8994865, 19.858042, 19.858292, 19.858662, 19.858940, 0.24999949, 0.25640514, 0.27999935, 0.27999920, 0.34813514, 0.34899485, 0.34929019, 0.34929144, 0.34929329, 0.34929469, 0.92884235E-1
0.10562601, 0.30946195, 0.92847869E-1, 0.0000000, 0.64051449, 2.9999347, 2.9999197, 9.7892675, 9.8994865, 19.858042, 19.858292, 19.858662, 19.858940, 0.24999949, 0.25640514, 0.27999935, 0.27999920, 0.34789267, 0.34899485, 0.34929019, 0.34929144, 0.34929329, 0.34929469, 0.92847869E-1
0.10561597, 0.30934072, 0.92811495E-1, 0.0000000, 0.64051449, 2.9999347, 2.9999197, 9.7650204, 9.8994865, 19.858042, 19.858292, 19.858662, 19.858940, 0.24999949, 0.25640514, 0.27999935, 0.27999920, 0.34765020, 0.34899485, 0.34929019, 0.34929144, 0.34929329, 0.34929469, 0.92811495E-1
0.10560594, 0.30921951, 0.92775129E-1, 0.0000000, 0.64051449, 2.9999347, 2.9999197, 9.7407732, 9.8994865, 19.858042, 19.858292, 19.858662, 19.858940, 0.24999949, 0.25640514, 0.27999935, 0.27999920, 0.34740773, 0.34899485, 0.34929019, 0.34929144, 0.34929329, 0.34929469, 0.92775129E-1
0.10559589, 0.30909827, 0.92738755E-1, 0.0000000, 0.64051449, 2.9999347, 2.9999197, 9.7165260, 9.8994865, 19.858042, 19.858292, 19.858662, 19.858940, 0.24999949, 0.25640514, 0.27999935, 0.27999920, 0.34716526, 0.34899485, 0.34929019, 0.34929144, 0.34929329, 0.34929469, 0.92738755E-1
0.10558586, 0.30897704, 0.92702381E-1, 0.0000000, 0.64051449, 2.9999347, 2.9999197, 9.6922789, 9.8994865, 19.858042, 19.858292, 19.858662, 19.858940, 0.24999949, 0.25640514, 0.27999935, 0.27999920, 0.34692279, 0.34899485, 0.34929019, 0.34929144, 0.34929329, 0.34929469, 0.92702381E-1
0.10557582, 0.30885583, 0.92666015E-1, 0.0000000, 0.64051449, 2.9999347, 2.9999197, 9.6680317, 9.8994865, 19.858042, 19.858292, 19.858662, 19.858940, 0.24999949, 0.25640514, 0.27999935, 0.27999920, 0.34668031, 0.34899485, 0.34929019, 0.34929144, 0.34929329, 0.34929469, 0.92666015E-1
0.10556578, 0.30873460, 0.92629641E-1, 0.0000000, 0.64051449, 2.9999347, 2.9999197, 9.6437845, 9.8994865, 19.858042, 19.858292, 19.858662, 19.858940, 0.24999949, 0.25640514, 0.27999935, 0.27999920, 0.34643784, 0.34899485, 0.34929019, 0.34929144, 0.34929329, 0.34929469, 0.92629641E-1
0.10555574, 0.30861339, 0.92593275E-1, 0.0000000, 0.64051449, 2.9999347, 2.9999197, 9.6195374, 9.8994865, 19.858042, 19.858292, 19.858662, 19.858940, 0.24999949, 0.25640514, 0.27999935, 0.27999920, 0.34619537, 0.34899485, 0.34929019, 0.34929144, 0.34929329, 0.34929469, 0.92593275E-1
0.10554571, 0.30849215, 0.92556901E-1, 0.0000000, 0.64051449, 2.9999347, 2.9999197, 9.5952902, 9.8994865, 19.858042, 19.858292, 19.858662, 19.858940, 0.24999949, 0.25640514, 0.27999935, 0.27999920, 0.34595290, 0.34899485, 0.34929019, 0.34929144, 0.34929329, 0.34929469, 0.92556901E-1
0.10553566, 0.30837092, 0.92520528E-1, 0.0000000, 0.64051449, 2.9999347, 2.9999197, 9.5710430, 9.8994865, 19.858042, 19.858292, 19.858662, 19.858940, 0.24999949, 0.25640514, 0.27999935, 0.27999920, 0.34571043, 0.34899485, 0.34929019, 0.34929144, 0.34929329, 0.34929469, 0.92520528E-1
0.10552563, 0.30824971, 0.92484161E-1, 0.0000000, 0.64051449, 2.9999347, 2.9999197, 9.5467958, 9.8994865, 19.858042, 19.858292, 19.858662, 19.858940, 0.24999949, 0.25640514, 0.27999935, 0.27999920, 0.34546795, 0.34899485, 0.34929019, 0.34929144, 0.34929329, 0.34929469, 0.92484161E-1
0.10551559, 0.30812848, 0.92447788E-1, 0.0000000, 0.64051449, 2.9999347, 2.9999197, 9.5225487, 9.8994865, 19.858042, 19.858292, 19.858662, 19.858940, 0.24999949, 0.25640514, 0.27999935, 0.27999920, 0.34522548, 0.34899485, 0.34929019, 0.34929144, 0.34929329, 0.34929469, 0.92447788E-1
0.10550556, 0.30800727, 0.92411421E-1, 0.0000000, 0.64051449, 2.9999347, 2.9999197, 9.4983015, 9.8994865, 19.858042, 19.858292, 19.858662, 19.858940, 0.24999949, 0.25640514, 0.27999935, 0.27999920, 0.34498301, 0.34899485, 0.34929019, 0.34929144, 0.34929329, 0.34929469, 0.92411421E-1
0.10549551, 0.30788603, 0.92375048E-1, 0.0000000, 0.64051449, 2.9999347, 2.9999197, 9.4740543, 9.8994865, 19.858042, 19.858292, 19.858662, 19.858940, 0.24999949, 0.25640514, 0.27999935, 0.27999920, 0.34474054, 0.34899485, 0.34929019, 0.34929144, 0.34929329, 0.34929469, 0.92375048E-1
0.10548547, 0.30776480, 0.92338674E-1, 0.0000000, 0.64051449, 2.9999347, 2.9999197, 9.4498072, 9.8994865, 19.858042, 19.858292, 19.858662, 19.858940, 0.24999949, 0.25640514, 0.27999935, 0.27999920, 0.34449807, 0.34899485, 0.34929019, 0.34929144, 0.34929329, 0.34929469, 0.92338674E-1
0.10547544, 0.30764359, 0.92302307E-1, 0.0000000, 0.64051449, 2.9999347, 2.9999197, 9.4255600, 9.8994865, 19.858042, 19.858292, 19.858662, 19.858940, 0.24999949, 0.25640514, 0.27999935, 0.27999920, 0.34425560, 0.34899485, 0.34929019, 0.34929144, 0.34929329, 0.34929469, 0.92302307E-1
0.10546540, 0.30752236, 0.92265934E-1, 0.0000000, 0.64051449, 2.9999347, 2.9999197, 9.4013128, 9.8994865, 19.858042, 19.858292, 19.858662, 19.858940, 0.24999949, 0.25640514, 0.27999935, 0.27999920, 0.34401312, 0.34899485, 0.34929019, 0.34929144, 0.34929329, 0.34929469, 0.92265934E-1
0.10545536, 0.30740115, 0.92229567E-1, 0.0000000, 0.64051449, 2.9999347, 2.9999197, 9.3770657, 9.8994865, 19.858042, 19.858292, 19.858662, 19.858940, 0.24999949, 0.25640514, 0.27999935, 0.27999920, 0.34377065, 0.34899485, 0.34929019, 0.34929144, 0.34929329, 0.34929469, 0.92229567E-1
0.10544533, 0.30727991, 0.92193194E-1, 0.0000000, 0.64051449, 2.9999347, 2.9999197, 9.3528185, 9.8994865, 19.858042, 19.858292, 19.858662, 19.858940, 0.24999949, 0.25640514, 0.27999935, 0.27999920, 0.34352818, 0.34899485, 0.34929019, 0.34929144, 0.34929329, 0.34929469, 0.92193194E-1
0.10543528, 0.30715868, 0.92156820E-1, 0.0000000, 0.64051449, 2.9999347, 2.9999197, 9.3285713, 9.8994865, 19.858042, 19.858292, 19.858662, 19.858940, 0.24999949, 0.25640514, 0.27999935, 0.27999920, 0.34328571, 0.34899485, 0.34929019, 0.34929144, 0.34929329, 0.34929469, 0.92156820E-1
0.10542525, 0.30703747, 0.92120454E-1, 0.0000000, 0.64051449, 2.9999347, 2.9999197, 9.3043242, 9.8994865, 19.858042, 19.858292, 19.858662, 19.858940, 0.24999949, 0.25640514, 0.27999935, 0.27999920, 0.34304324, 0.34899485, 0.34929019, 0.34929144, 0.34929329, 0.34929469, 0.92120454E-1
0.10541521, 0.30691624, 0.92084080E-1, 0.0000000, 0.64051449, 2.9999347, 2.9999197, 9.2800770, 9.8994865, 19.858042, 19.858292, 19.858662, 19.858940, 0.24999949, 0.25640514, 0.27999935, 0.27999920, 0.34280077, 0.34899485, 0.34929019, 0.34929144, 0.34929329, 0.34929469, 0.92084080E-1
0.10540517, 0.30679503, 0.92047714E-1, 0.0000000, 0.64051449, 2.9999347, 2.9999197, 9.2558298, 9.8994865, 19.858042, 19.858292, 19.858662, 19.858940, 0.24999949, 0.25640514, 0.27999935, 0.27999920, 0.34255829, 0.34899485, 0.34929019, 0.34929144, 0.34929329, 0.34929469, 0.92047714E-1
0.10539513, 0.30667379, 0.92011340E-1, 0.0000000, 0.64051449, 2.9999347, 2.9999197, 9.2315826, 9.8994865, 19.858042, 19.858292, 19.858662, 19.858940, 0.24999949, 0.25640514, 0.27999935, 0.27999920, 0.34231582, 0.34899485, 0.34929019, 0.34929144, 0.34929329, 0.34929469, 0.92011340E-1
0.10538509, 0.30655256, 0.91974966E-1, 0.0000000, 0.64051449, 2.9999347, 2.9999197, 9.2073355, 9.8994865, 19.858042, 19.858292, 19.858662, 19.858940, 0.24999949, 0.25640514, 0.27999935, 0.27999920, 0.34207335, 0.34899485, 0.34929019, 0.34929144, 0.34929329, 0.34929469, 0.91974966E-1
0.10537505, 0.30643135, 0.91938600E-1, 0.0000000, 0.64051449, 2.9999347, 2.9999197, 9.1830883, 9.8994865, 19.858042, 19.858292, 19.858662, 19.858940, 0.24999949, 0.25640514, 0.27999935, 0.27999920, 0.34183088, 0.34899485, 0.34929019, 0.34929144, 0.34929329, 0.34929469, 0.91938600E-1
0.10536502, 0.30631012, 0.91902226E-1, 0.0000000, 0.64051449, 2.9999347, 2.9999197, 9.1588411, 9.8994865, 19.858042, 19.858292, 19.858662, 19.858940, 0.24999949, 0.25640514, 0.27999935, 0.27999920, 0.34158841, 0.34899485, 0.34929019, 0.34929144, 0.34929329, 0.34929469, 0.91902226E-1
0.10535498, 0.30618891, 0.91865860E-1, 0.0000000, 0.64051449, 2.9999347, 2.9999197, 9.1345940, 9.8994865, 19.858042, 19.858292, 19.858662, 19.858940, 0.24999949, 0.25640514, 0.27999935, 0.27999920, 0.34134594, 0.34899485, 0.34929019, 0.34929144, 0.34929329, 0.34929469, 0.91865860E-1
0.10534494, 0.30606768, 0.91829486E-1, 0.0000000, 0.64051449, 2.9999347, 2.9999197, 9.1103468, 9.8994865, 19.858042, 19.858292, 19.858662, 19.858940, 0.24999949, 0.25640514, 0.27999935, 0.27999920, 0.34110346, 0.34899485, 0.34929019, 0.34929144, 0.34929329, 0.34929469, 0.91829486E-1
0.10533490, 0.30594644, 0.91793112E-1, 0.0000000, 0.64051449, 2.9999347, 2.9999197, 9.0860996, 9.8994865, 19.858042, 19.858292, 19.858662, 19.858940, 0.24999949, 0.25640514, 0.27999935, 0.27999920, 0.34086099, 0.34899485, 0.34929019, 0.34929144, 0.34929329, 0.34929469, 0.91793112E-1
0.10532486, 0.30582523, 0.91756746E-1, 0.0000000, 0.64051449, 2.9999347, 2.9999197, 9.0618525, 9.8994865, 19.858042, 19.858292, 19.858662, 19.858940, 0.24999949, 0.25640514, 0.27999935, 0.27999920, 0.34061852, 0.34899485, 0.34929019, 0.34929144, 0.34929329, 0.34929469, 0.91756746E-1
0.10531482, 0.30570400, 0.91720372E-1, 0.0000000, 0.64051449, 2.9999347, 2.9999197, 9.0376053, 9.8994865, 19.858042, 19.858292, 19.858662, 19.858940, 0.24999949, 0.25640514, 0.27999935, 0.27999920, 0.34037605, 0.34899485, 0.34929019, 0.34929144, 0.34929329, 0.34929469, 0.91720372E-1
0.10530479, 0.30558279, 0.91684006E-1, 0.0000000, 0.64051449, 2.9999347, 2.9999197, 9.0133581, 9.8994865, 19.858042, 19.858292, 19.858662, 19.858940, 0.24999949, 0.25640514, 0.27999935, 0.27999920, 0.34013358, 0.34899485, 0.34929019, 0.34929144, 0.34929329, 0.34929469, 0.91684006E-1
0.10529475, 0.30546156, 0.91647632E-1, 0.0000000, 0.64051449, 2.9999347, 2.9999197, 8.9891109, 9.8994865, 19.858042, 19.858292, 19.858662, 19.858940, 0.24999949, 0.25640514, 0.27999935, 0.27999920, 0.33989111, 0.34899485, 0.34929019, 0.34929144, 0.34929329, 0.34929469, 0.91647632E-1
0.10528471, 0.30534032, 0.91611259E-1, 0.0000000, 0.64051449, 2.9999347, 2.9999197, 8.9648638, 9.8994865, 19.858042, 19.858292, 19.858662, 19.858940, 0.24999949, 0.25640514, 0.27999935, 0.27999920, 0.33964863, 0.34899485, 0.34929019, 0.34929144, 0.34929329, 0.34929469, 0.91611259E-1
0.10527467, 0.30521911, 0.91574892E-1, 0.0000000, 0.64051449, 2.9999347, 2.9999197, 8.9406166, 9.8994865, 19.858042, 19.858292, 19.858662, 19.858940, 0.24999949, 0.25640514, 0.27999935, 0.27999920, 0.33940616, 0.34899485, 0.34929019, 0.34929144, 0.34929329, 0.34929469, 0.91574892E-1
0.10526463, 0.30509788, 0.91538519E-1, 0.0000000, 0.64051449, 2.9999347, 2.9999197, 8.9163694, 9.8994865, 19.858042, 19.858292, 19.858662, 19.858940, 0.24999949, 0.25640514, 0.27999935, 0.27999920, 0.33916369, 0.34899485, 0.34929019, 0.34929144, 0.34929329, 0.34929469, 0.91538519E-1
0.10525459, 0.30497667, 0.91502152E-1, 0.0000000, 0.64051449, 2.9999347, 2.9999197, 8.8921223, 9.8994865, 19.858042, 19.858292, 19.858662, 19.858940, 0.24999949, 0.25640514, 0.27999935, 0.27999920, 0.33892122, 0.34899485, 0.34929019, 0.34929144, 0.34929329, 0.34929469, 0.91502152E-1
0.10524455, 0.30485544, 0.91465779E-1, 0.0000000, 0.64051449, 2.9999347, 2.9999197, 8.8678751, 9.8994865, 19.858042, 19.858292, 19.858662, 19.858940, 0.24999949, 0.25640514, 0.27999935, 0.27999920, 0.33867875, 0.34899485, 0.34929019, 0.34929144, 0.34929329, 0.34929469, 0.91465779E-1
0.10523452, 0.30473420, 0.91429405E-1, 0.0000000, 0.64051449, 2.9999347, 2.9999197, 8.8436279, 9.8994865, 19.858042, 19.858292, 19.858662, 19.858940, 0.24999949, 0.25640514, 0.27999935, 0.27999920, 0.33843628, 0.34899485, 0.34929019, 0.34929144, 0.34929329, 0.34929469, 0.91429405E-1
0.10522448, 0.30461299, 0.91393039E-1, 0.0000000, 0.64051449, 2.9999347, 2.9999197, 8.8193808, 9.8994865, 19.858042, 19.858292, 19.858662, 19.858940, 0.24999949, 0.25640514, 0.27999935, 0.27999920, 0.33819380, 0.34899485, 0.34929019, 0.34929144, 0.34929329, 0.34929469, 0.91393039E-1
0.10521444, 0.30449176, 0.91356665E-1, 0.0000000, 0.64051449, 2.9999347, 2.9999197, 8.7951336, 9.8994865, 19.858042, 19.858292, 19.858662, 19.858940, 0.24999949, 0.25640514, 0.27999935, 0.27999920, 0.33795133, 0.34899485, 0.34929019, 0.34929144, 0.34929329, 0.34929469, 0.91356665E-1
0.10520440, 0.30437055, 0.91320299E-1, 0.0000000, 0.64051449, 2.9999347, 2.9999197, 8.7708864, 9.8994865, 19.858042, 19.858292, 19.858662, 19.858940, 0.24999949, 0.25640514, 0.27999935, 0.27999920, 0.33770886, 0.34899485, 0.34929019, 0.34929144, 0.34929329, 0.34929469, 0.91320299E-1
0.10519436, 0.30424932, 0.91283925E-1, 0.0000000, 0.64051449, 2.9999347, 2.9999197, 8.7466393, 9.8994865, 19.858042, 19.858292, 19.858662, 19.858940, 0.24999949, 0.25640514, 0.27999935, 0.27999920, 0.33746639, 0.34899485, 0.34929019, 0.34929144, 0.34929329, 0.34929469, 0.91283925E-1
0.10518432, 0.30412808, 0.91247551E-1, 0.0000000, 0.64051449, 2.9999347, 2.9999197, 8.7223921, 9.8994865, 19.858042, 19.858292, 19.858662, 19.858940, 0.24999949, 0.25640514, 0.27999935, 0.27999920, 0.33722392, 0.34899485, 0.34929019, 0.34929144, 0.34929329, 0.34929469, 0.91247551E-1
0.10517429, 0.30400687, 0.91211185E-1, 0.0000000, 0.64051449, 2.9999347, 2.9999197, 8.6981449, 9.8994865, 19.858042, 19.858292, 19.858662, 19.858940, 0.24999949, 0.25640514, 0.27999935, 0.27999920, 0.33698145, 0.34899485, 0.34929019, 0.34929144, 0.34929329, 0.34929469, 0.91211185E-1
0.10516424, 0.30388564, 0.91174811E-1, 0.0000000, 0.64051449, 2.9999347, 2.9999197, 8.6738977, 9.8994865, 19.858042, 19.858292, 19.858662, 19.858940, 0.24999949, 0.25640514, 0.27999935, 0.27999920, 0.33673897, 0.34899485, 0.34929019, 0.34929144, 0.34929329, 0.34929469, 0.91174811E-1
0.10515421, 0.30376443, 0.91138445E-1, 0.0000000, 0.64051449, 2.9999347, 2.9999197, 8.6496506, 9.8994865, 19.858042, 19.858292, 19.858662, 19.858940, 0.24999949, 0.25640514, 0.27999935, 0.27999920, 0.33649650, 0.34899485, 0.34929019, 0.34929144, 0.34929329, 0.34929469, 0.91138445E-1
0.10514417, 0.30364320, 0.91102071E-1, 0.0000000, 0.64051449, 2.9999347, 2.9999197, 8.6254034, 9.8994865, 19.858042, 19.858292, 19.858662, 19.858940, 0.24999949, 0.25640514, 0.27999935, 0.27999920, 0.33625403, 0.34899485, 0.34929019, 0.34929144, 0.34929329, 0.34929469, 0.91102071E-1
0.10513413, 0.30352196, 0.91065697E-1, 0.0000000, 0.64051449, 2.9999347, 2.9999197, 8.6011562, 9.8994865, 19.858042, 19.858292, 19.858662, 19.858940, 0.24999949, 0.25640514, 0.27999935, 0.27999920, 0.33601156, 0.34899485, 0.34929019, 0.34929144, 0.34929329, 0.34929469, 0.91065697E-1
0.10512409, 0.30340075, 0.91029331E-1, 0.0000000, 0.64051449, 2.9999347, 2.9999197, 8.5769091, 9.8994865, 19.858042, 19.858292, 19.858662, 19.858940, 0.24999949, 0.25640514, 0.27999935, 0.27999920, 0.33576909, 0.34899485, 0.34929019, 0.34929144, 0.34929329, 0.34929469, 0.91029331E-1
0.10511406, 0.30327952, 0.90992957E-1, 0.0000000, 0.64051449, 2.9999347, 2.9999197, 8.5526619, 9.8994865, 19.858042, 19.858292, 19.858662, 19.858940, 0.24999949, 0.25640514, 0.27999935, 0.27999920, 0.33552662, 0.34899485, 0.34929019, 0.34929144, 0.34929329, 0.34929469, 0.90992957E-1
0.10510401, 0.30315831, 0.90956591E-1, 0.0000000, 0.64051449, 2.9999347, 2.9999197, 8.5284147, 9.8994865, 19.858042, 19.858292, 19.858662, 19.858940, 0.24999949, 0.25640514, 0.27999935, 0.27999920, 0.33528414, 0.34899485, 0.34929019, 0.34929144, 0.34929329, 0.34929469, 0.90956591E-1
0.10509398, 0.30303708, 0.90920217E-1, 0.0000000, 0.64051449, 2.9999347, 2.9999197, 8.5041676, 9.8994865, 19.858042, 19.858292, 19.858662, 19.858940, 0.24999949, 0.25640514, 0.27999935, 0.27999920, 0.33504167, 0.34899485, 0.34929019, 0.34929144, 0.34929329, 0.34929469, 0.90920217E-1
0.10508394, 0.30291584, 0.90883844E-1, 0.0000000, 0.64051449, 2.9999347, 2.9999197, 8.4799204, 9.8994865, 19.858042, 19.858292, 19.858662, 19.858940, 0.24999949, 0.25640514, 0.27999935, 0.27999920, 0.33479920, 0.34899485, 0.34929019, 0.34929144, 0.34929329, 0.34929469, 0.90883844E-1
0.10507390, 0.30279464, 0.90847477E-1, 0.0000000, 0.64051449, 2.9999347, 2.9999197, 8.4556732, 9.8994865, 19.858042, 19.858292, 19.858662, 19.858940, 0.24999949, 0.25640514, 0.27999935, 0.27999920, 0.33455673, 0.34899485, 0.34929019, 0.34929144, 0.34929329, 0.34929469, 0.90847477E-1
0.10506386, 0.30267340, 0.90811104E-1, 0.0000000, 0.64051449, 2.9999347, 2.9999197, 8.4314260, 9.8994865, 19.858042, 19.858292, 19.858662, 19.858940, 0.24999949, 0.25640514, 0.27999935, 0.27999920, 0.33431426, 0.34899485, 0.34929019, 0.34929144, 0.34929329, 0.34929469, 0.90811104E-1
0.10505383, 0.30255219, 0.90774737E-1, 0.0000000, 0.64051449, 2.9999347, 2.9999197, 8.4071789, 9.8994865, 19.858042, 19.858292, 19.858662, 19.858940, 0.24999949, 0.25640514, 0.27999935, 0.27999920, 0.33407179, 0.34899485, 0.34929019, 0.34929144, 0.34929329, 0.34929469, 0.90774737E-1
0.10504378, 0.30243096, 0.90738364E-1, 0.0000000, 0.64051449, 2.9999347, 2.9999197, 8.3829317, 9.8994865, 19.858042, 19.858292, 19.858662, 19.858940, 0.24999949, 0.25640514, 0.27999935, 0.27999920, 0.33382931, 0.34899485, 0.34929019, 0.34929144, 0.34929329, 0.34929469, 0.90738364E-1
0.10503375, 0.30230972, 0.90701990E-1, 0.0000000, 0.64051449, 2.9999347, 2.9999197, 8.3586845, 9.8994865, 19.858042, 19.858292, 19.858662, 19.858940, 0.24999949, 0.25640514, 0.27999935, 0.27999920, 0.33358684, 0.34899485, 0.34929019, 0.34929144, 0.34929329, 0.34929469, 0.90701990E-1
0.10502371, 0.30218852, 0.90665624E-1, 0.0000000, 0.64051449, 2.9999347, 2.9999197, 8.3344374, 9.8994865, 19.858042, 19.858292, 19.858662, 19.858940, 0.24999949, 0.25640514, 0.27999935, 0.27999920, 0.33334437, 0.34899485, 0.34929019, 0.34929144, 0.34929329, 0.34929469, 0.90665624E-1
0.10501367, 0.30206728, 0.90629250E-1, 0.0000000, 0.64051449, 2.9999347, 2.9999197, 8.3101902, 9.8994865, 19.858042, 19.858292, 19.858662, 19.858940, 0.24999949, 0.25640514, 0.27999935, 0.27999920, 0.33310190, 0.34899485, 0.34929019, 0.34929144, 0.34929329, 0.34929469, 0.90629250E-1
0.10500364, 0.30194607, 0.90592884E-1, 0.0000000, 0.64051449, 2.9999347, 2.9999197, 8.2859430, 9.8994865, 19.858042, 19.858292, 19.858662, 19.858940, 0.24999949, 0.25640514, 0.27999935, 0.27999920, 0.33285943, 0.34899485, 0.34929019, 0.34929144, 0.34929329, 0.34929469, 0.90592884E-1
0.10499360, 0.30182484, 0.90556510E-1, 0.0000000, 0.64051449, 2.9999347, 2.9999197, 8.2616959, 9.8994865, 19.858042, 19.858292, 19.858662, 19.858940, 0.24999949, 0.25640514, 0.27999935, 0.27999920, 0.33261696, 0.34899485, 0.34929019, 0.34929144, 0.34929329, 0.34929469, 0.90556510E-1
0.10498355, 0.30170360, 0.90520136E-1, 0.0000000, 0.64051449, 2.9999347, 2.9999197, 8.2374487, 9.8994865, 19.858042, 19.858292, 19.858662, 19.858940, 0.24999949, 0.25640514, 0.27999935, 0.27999920, 0.33237448, 0.34899485, 0.34929019, 0.34929144, 0.34929329, 0.34929469, 0.90520136E-1
0.10497352, 0.30158240, 0.90483770E-1, 0.0000000, 0.64051449, 2.9999347, 2.9999197, 8.2132015, 9.8994865, 19.858042, 19.858292, 19.858662, 19.858940, 0.24999949, 0.25640514, 0.27999935, 0.27999920, 0.33213201, 0.34899485, 0.34929019, 0.34929144, 0.34929329, 0.34929469, 0.90483770E-1
0.10496348, 0.30146116, 0.90447396E-1, 0.0000000, 0.64051449, 2.9999347, 2.9999197, 8.1889544, 9.8994865, 19.858042, 19.858292, 19.858662, 19.858940, 0.24999949, 0.25640514, 0.27999935, 0.27999920, 0.33188954, 0.34899485, 0.34929019, 0.34929144, 0.34929329, 0.34929469, 0.90447396E-1
0.10495345, 0.30133995, 0.90411030E-1, 0.0000000, 0.64051449, 2.9999347, 2.9999197, 8.1647072, 9.8994865, 19.858042, 19.858292, 19.858662, 19.858940, 0.24999949, 0.25640514, 0.27999935, 0.27999920, 0.33164707, 0.34899485, 0.34929019, 0.34929144, 0.34929329, 0.34929469, 0.90411030E-1
0.10494341, 0.30121872, 0.90374656E-1, 0.0000000, 0.64051449, 2.9999347, 2.9999197, 8.1404600, 9.8994865, 19.858042, 19.858292, 19.858662, 19.858940, 0.24999949, 0.25640514, 0.27999935, 0.27999920, 0.33140460, 0.34899485, 0.34929019, 0.34929144, 0.34929329, 0.34929469, 0.90374656E-1
0.10493337, 0.30109748, 0.90338282E-1, 0.0000000, 0.64051449, 2.9999347, 2.9999197, 8.1162128, 9.8994865, 19.858042, 19.858292, 19.858662, 19.858940, 0.24999949, 0.25640514, 0.27999935, 0.27999920, 0.33116212, 0.34899485, 0.34929019, 0.34929144, 0.34929329, 0.34929469, 0.90338282E-1
0.10492333, 0.30097628, 0.90301916E-1, 0.0000000, 0.64051449, 2.9999347, 2.9999197, 8.0919657, 9.8994865, 19.858042, 19.858292, 19.858662, 19.858940, 0.24999949, 0.25640514, 0.27999935, 0.27999920, 0.33091965, 0.34899485, 0.34929019, 0.34929144, 0.34929329, 0.34929469, 0.90301916E-1
0.10491329, 0.30085504, 0.90265542E-1, 0.0000000, 0.64051449, 2.9999347, 2.9999197, 8.0677185, 9.8994865, 19.858042, 19.858292, 19.858662, 19.858940, 0.24999949, 0.25640514, 0.27999935, 0.27999920, 0.33067718, 0.34899485, 0.34929019, 0.34929144, 0.34929329, 0.34929469, 0.90265542E-1
